<tab:top_inst_15jrnls_if_wt_all_0>
           5430.2569
           5056.9430
           3118.2787
           2797.4584
           2335.8554
           2183.5212
           1787.5264
           1781.9926
           1751.9645
           1749.0958
           1740.1259
           1545.5603
           1512.0561
           1489.2444
           1430.5355
           1416.0212
           1346.7293
           1239.4440
           1173.8956
           1167.7113
           1121.1199
           1042.9516
            931.5040
            897.5178
            841.6483
            803.9221
            793.3128
            766.9248
            705.0805
            692.9648
            607.6924
            578.2189
            569.9281
            512.9104
            499.3892
            493.2380
            489.8793
            481.4167
            477.1797
            444.7610
            427.5268
            421.7809
            414.6285
            389.8509
            374.0294
            365.5390
            360.9631
            334.2033
            332.9593
            331.8326
