<tab:top_inst_15jrnls_if_wt_all_1>
           3242.4744
           1846.0649
           1789.3239
           1783.5737
           1059.5521
           1017.3313
           1003.9221
            909.0581
            859.9282
            810.5822
            760.8557
            750.1871
            687.7692
            683.5585
            629.6153
            614.3637
            602.2070
            586.7965
            528.4106
            504.5759
            488.6340
            481.3587
            474.9993
            472.6575
            453.9246
            433.9144
            432.1993
            389.3240
            382.9749
            380.9004
            367.8537
            355.3548
            352.5459
            351.5323
            347.4122
            347.2634
            344.4388
            344.3643
            341.3115
            337.5789
            332.0559
            327.5172
            326.6845
            304.1480
            302.2543
            297.5320
            288.9785
            286.9804
            286.4421
            285.9659
