<tab:stat_year_firstlast>
         189832.0000
              1.7266
              1.9786
              1.9728
              0.1460
           7169.7701
           7317.1787
              0.6948
              3.8710
              0.2830
              3.8710
              1.5349
              3.8710
              1.3098
              8.1540
              0.1231
              0.3285
         166472.0000
              1.4280
              1.4597
              1.9740
              0.1485
           7177.5421
           7485.9883
              0.6715
              3.9681
              0.2202
              3.9681
              1.4248
              3.9681
              0.9859
              5.8780
          23360.0000
              3.8546
              3.3862
              1.9642
              0.1270
           7114.3846
           5977.5448
              0.8608
              3.0864
              0.6715
              3.0864
              2.1890
              3.0864
              3.6181
             16.9711
          10321.0000
              4.2699
              3.7594
              1.9702
              0.1103
           7389.6271
           6116.5749
              0.9877
              3.6624
              0.8079
              3.6624
              2.5287
              3.6624
              4.4753
             19.8328
            131.5649
            135.4537
              0.7263
              4.5549
              0.2836
              4.5549
              1.0122
              4.5549
             64.3658
            584.4550
