<tab:stat_year_second>
         296757.0000
              1.7927
              2.0296
              3.6234
              0.6597
           7386.6724
           7404.9373
              0.3999
              2.0861
              0.1933
              2.0861
              1.0000
              2.0861
              0.8036
              4.5960
              0.1274
              0.3334
         258948.0000
              1.4844
              1.5053
              3.6322
              0.6721
           7369.7448
           7570.5391
              0.3866
              2.1652
              0.1500
              2.1652
              0.9514
              2.1652
              0.6074
              3.5780
          37809.0000
              3.9046
              3.4207
              3.5635
              0.5643
           7502.6066
           6150.9235
              0.4907
              1.4283
              0.4469
              1.4283
              1.2659
              1.4283
              2.1472
              8.7204
          16246.0000
              4.3590
              3.8117
              3.6114
              0.5188
           7696.2710
           6258.2503
              0.5589
              1.4846
              0.5154
              1.4846
              1.4509
              1.4846
              2.6827
              9.6141
            169.4637
            173.1472
              0.3967
              2.0442
              0.2055
              2.0442
              0.7744
              2.0442
             48.0101
            483.7969
