<tab:stat_year>
         452574.0000
              1.8902
              2.0595
             11.2325
             13.0194
           8160.5029
           7727.9516
              0.2316
              0.9456
              0.1892
              0.9456
              0.6090
              0.9456
              0.5138
              2.4847
              0.1334
              0.3400
         392183.0000
              1.5749
              1.5747
             11.3000
             13.3883
           8121.3265
           7894.7933
              0.2216
              0.9659
              0.1633
              0.9659
              0.5810
              0.9659
              0.3868
              1.9007
          60391.0000
              3.9377
              3.2931
             10.7941
             10.2971
           8414.9175
           6536.0808
              0.2971
              0.7982
              0.3292
              0.7982
              0.7393
              0.7982
              1.3385
              4.6928
          25217.0000
              4.4520
              3.7201
             11.1632
             10.1660
           8448.8296
           6605.1544
              0.3210
              0.8877
              0.3488
              0.8877
              0.7784
              0.8877
              1.6517
              5.6740
            209.8731
            211.6795
              0.1897
              0.7544
              0.1656
              0.7544
              0.4455
              0.7544
             37.4087
            399.1371
