<tab:stat_year_firstlast>
         189832.0000
              1.7266
              1.9786
              1.9728
              0.1460
           7169.7701
           7317.1787
              0.6925
              3.8260
              0.2879
              3.8260
              1.5323
              3.8260
              1.3110
              8.1084
              0.1231
              0.3285
         166472.0000
              1.4280
              1.4597
              1.9740
              0.1485
           7177.5421
           7485.9883
              0.6683
              3.9208
              0.2239
              3.9208
              1.4262
              3.9208
              0.9839
              5.8191
          23360.0000
              3.8546
              3.3862
              1.9642
              0.1270
           7114.3846
           5977.5448
              0.8643
              3.0614
              0.6812
              3.0614
              2.2126
              3.0614
              3.6417
             16.9345
          15871.0000
              4.0567
              3.5380
              1.9657
              0.1228
           7164.3905
           5990.3365
              0.8574
              3.1035
              0.7127
              3.1035
              2.2240
              3.1035
              3.7961
             18.3901
            131.5649
            135.4537
              0.7124
              4.3725
              0.2880
              4.3725
              1.0277
              4.3725
             64.4236
            584.8422
