<tab:stat_year>
         452574.0000
              1.8902
              2.0595
             11.2325
             13.0194
           8160.5029
           7727.9516
              0.2311
              0.9371
              0.1868
              0.9371
              0.6050
              0.9371
              0.5141
              2.4780
              0.1334
              0.3400
         392183.0000
              1.5749
              1.5747
             11.3000
             13.3883
           8121.3265
           7894.7933
              0.2208
              0.9560
              0.1609
              0.9560
              0.5781
              0.9560
              0.3859
              1.8791
          60391.0000
              3.9377
              3.2931
             10.7941
             10.2971
           8414.9175
           6536.0808
              0.2981
              0.8004
              0.3296
              0.8004
              0.7409
              0.8004
              1.3464
              4.7211
          40948.0000
              4.1683
              3.4582
             10.5577
              9.8290
           8368.5692
           6497.9043
              0.3023
              0.7744
              0.3376
              0.7744
              0.7505
              0.7744
              1.4473
              5.0085
            209.8731
            211.6795
              0.1875
              0.7298
              0.1662
              0.7298
              0.4410
              0.7298
             37.4296
            399.3312
