<tab:stat_year_second>
         296757.0000
              1.7927
              2.0296
              3.6234
              0.6597
           7386.6724
           7404.9373
              0.3987
              2.0597
              0.1954
              2.0597
              1.0000
              2.0597
              0.8042
              4.5715
              0.1274
              0.3334
         258948.0000
              1.4844
              1.5053
              3.6322
              0.6721
           7369.7448
           7570.5391
              0.3850
              2.1361
              0.1520
              2.1361
              0.9493
              2.1361
              0.6061
              3.5357
          37809.0000
              3.9046
              3.4207
              3.5635
              0.5643
           7502.6066
           6150.9235
              0.4928
              1.4264
              0.4532
              1.4264
              1.2740
              1.4264
              2.1605
              8.7353
          25845.0000
              4.1203
              3.5833
              3.5610
              0.5555
           7504.5733
           6127.1325
              0.4935
              1.3247
              0.4758
              1.3247
              1.2863
              1.3247
              2.2763
              9.2552
            169.4637
            173.1472
              0.3907
              1.9539
              0.2060
              1.9539
              0.7865
              1.9539
             48.0459
            483.8414
