<tab:mvr_stats_year_cns>
              1.4010	              1.2133
             16.8865	             20.6407
           8845.5627	           7880.3805
              0.1943	              0.3478
              0.2948	              0.7494
              7.2512	              5.3785
             13.5800	             14.3267
           9124.9140	           6095.8046
              0.2856	              0.2489
              2.5761	              4.4527
              6.8119	              4.6949
             12.8973	             13.3912
           9515.6560	           6223.4518
              0.3109	              0.3123
              2.3940	              3.4472
