pmid,pt
14794672,"<PublicationTypeList>  <PublicationType UI=""D016428"">Journal Article</PublicationType></PublicationTypeList>"
14794673,"<PublicationTypeList>  <PublicationType UI=""D016428"">Journal Article</PublicationType></PublicationTypeList>"
14794674,"<PublicationTypeList>  <PublicationType UI=""D016428"">Journal Article</PublicationType></PublicationTypeList>"
14794675,"<PublicationTypeList>  <PublicationType UI=""D016428"">Journal Article</PublicationType></PublicationTypeList>"
14794676,"<PublicationTypeList>  <PublicationType UI=""D016428"">Journal Article</PublicationType></PublicationTypeList>"
14794677,"<PublicationTypeList>  <PublicationType UI=""D016428"">Journal Article</PublicationType></PublicationTypeList>"
14794678,"<PublicationTypeList>  <PublicationType UI=""D016428"">Journal Article</PublicationType></PublicationTypeList>"
14794679,"<PublicationTypeList>  <PublicationType UI=""D016428"">Journal Article</PublicationType></PublicationTypeList>"
14794680,"<PublicationTypeList>  <PublicationType UI=""D016428"">Journal Article</PublicationType></PublicationTypeList>"
14794681,"<PublicationTypeList>  <PublicationType UI=""D016428"">Journal Article</PublicationType></PublicationTypeList>"
14794682,"<PublicationTypeList>  <PublicationType UI=""D016428"">Journal Article</PublicationType></PublicationTypeList>"
14794683,"<PublicationTypeList>  <PublicationType UI=""D016428"">Journal Article</PublicationType></PublicationTypeList>"
14794684,"<PublicationTypeList>  <PublicationType UI=""D016428"">Journal Article</PublicationType></PublicationTypeList>"
14794685,"<PublicationTypeList>  <PublicationType UI=""D016428"">Journal Article</PublicationType></PublicationTypeList>"
14794686,"<PublicationTypeList>  <PublicationType UI=""D016428"">Journal Article</PublicationType></PublicationTypeList>"
14794687,"<PublicationTypeList>  <PublicationType UI=""D016428"">Journal Article</PublicationType></PublicationTypeList>"
14794688,"<PublicationTypeList>  <PublicationType UI=""D016428"">Journal Article</PublicationType></PublicationTypeList>"
14794689,"<PublicationTypeList>  <PublicationType UI=""D016428"">Journal Article</PublicationType></PublicationTypeList>"
14794690,"<PublicationTypeList>  <PublicationType UI=""D016428"">Journal Article</PublicationType></PublicationTypeList>"
14794691,"<PublicationTypeList>  <PublicationType UI=""D016428"">Journal Article</PublicationType></PublicationTypeList>"
14794692,"<PublicationTypeList>  <PublicationType UI=""D016428"">Journal Article</PublicationType></PublicationTypeList>"
14794693,"<PublicationTypeList>  <PublicationType UI=""D016428"">Journal Article</PublicationType></PublicationTypeList>"
14794694,"<PublicationTypeList>  <PublicationType UI=""D016428"">Journal Article</PublicationType></PublicationTypeList>"
14794695,"<PublicationTypeList>  <PublicationType UI=""D016428"">Journal Article</PublicationType></PublicationTypeList>"
14794696,"<PublicationTypeList>  <PublicationType UI=""D016428"">Journal Article</PublicationType></PublicationTypeList>"
14794697,"<PublicationTypeList>  <PublicationType UI=""D016428"">Journal Article</PublicationType></PublicationTypeList>"
14794698,"<PublicationTypeList>  <PublicationType UI=""D016428"">Journal Article</PublicationType></PublicationTypeList>"
14794699,"<PublicationTypeList>  <PublicationType UI=""D016428"">Journal Article</PublicationType></PublicationTypeList>"
14794700,"<PublicationTypeList>  <PublicationType UI=""D016428"">Journal Article</PublicationType></PublicationTypeList>"
14794701,"<PublicationTypeList>  <PublicationType UI=""D016428"">Journal Article</PublicationType></PublicationTypeList>"
14794702,"<PublicationTypeList>  <PublicationType UI=""D016428"">Journal Article</PublicationType></PublicationTypeList>"
14794703,"<PublicationTypeList>  <PublicationType UI=""D016428"">Journal Article</PublicationType></PublicationTypeList>"
14794704,"<PublicationTypeList>  <PublicationType UI=""D016428"">Journal Article</PublicationType></PublicationTypeList>"
14794705,"<PublicationTypeList>  <PublicationType UI=""D016428"">Journal Article</PublicationType></PublicationTypeList>"
14794706,"<PublicationTypeList>  <PublicationType UI=""D016428"">Journal Article</PublicationType></PublicationTypeList>"
14794707,"<PublicationTypeList>  <PublicationType UI=""D016428"">Journal Article</PublicationType></PublicationTypeList>"
14794708,"<PublicationTypeList>  <PublicationType UI=""D016428"">Journal Article</PublicationType></PublicationTypeList>"
14794709,"<PublicationTypeList>  <PublicationType UI=""D016428"">Journal Article</PublicationType></PublicationTypeList>"
14794710,"<PublicationTypeList>  <PublicationType UI=""D016428"">Journal Article</PublicationType></PublicationTypeList>"
14794711,"<PublicationTypeList>  <PublicationType UI=""D016428"">Journal Article</PublicationType></PublicationTypeList>"
14794712,"<PublicationTypeList>  <PublicationType UI=""D016428"">Journal Article</PublicationType></PublicationTypeList>"
14794713,"<PublicationTypeList>  <PublicationType UI=""D016428"">Journal Article</PublicationType></PublicationTypeList>"
14794714,"<PublicationTypeList>  <PublicationType UI=""D016428"">Journal Article</PublicationType></PublicationTypeList>"
14794715,"<PublicationTypeList>  <PublicationType UI=""D016428"">Journal Article</PublicationType></PublicationTypeList>"
14794716,"<PublicationTypeList>  <PublicationType UI=""D016428"">Journal Article</PublicationType></PublicationTypeList>"
14794717,"<PublicationTypeList>  <PublicationType UI=""D016428"">Journal Article</PublicationType></PublicationTypeList>"
14794718,"<PublicationTypeList>  <PublicationType UI=""D016428"">Journal Article</PublicationType></PublicationTypeList>"
14794719,"<PublicationTypeList>  <PublicationType UI=""D016428"">Journal Article</PublicationType></PublicationTypeList>"
14794720,"<PublicationTypeList>  <PublicationType UI=""D016428"">Journal Article</PublicationType></PublicationTypeList>"
14794721,"<PublicationTypeList>  <PublicationType UI=""D016428"">Journal Article</PublicationType></PublicationTypeList>"
14794722,"<PublicationTypeList>  <PublicationType UI=""D016428"">Journal Article</PublicationType></PublicationTypeList>"
14794723,"<PublicationTypeList>  <PublicationType UI=""D016428"">Journal Article</PublicationType></PublicationTypeList>"
14794724,"<PublicationTypeList>  <PublicationType UI=""D016428"">Journal Article</PublicationType></PublicationTypeList>"
14794725,"<PublicationTypeList>  <PublicationType UI=""D016428"">Journal Article</PublicationType></PublicationTypeList>"
14794726,"<PublicationTypeList>  <PublicationType UI=""D016428"">Journal Article</PublicationType></PublicationTypeList>"
14794727,"<PublicationTypeList>  <PublicationType UI=""D016428"">Journal Article</PublicationType></PublicationTypeList>"
14794728,"<PublicationTypeList>  <PublicationType UI=""D016428"">Journal Article</PublicationType></PublicationTypeList>"
14794729,"<PublicationTypeList>  <PublicationType UI=""D016428"">Journal Article</PublicationType></PublicationTypeList>"
14803427,"<PublicationTypeList>  <PublicationType UI=""D016428"">Journal Article</PublicationType></PublicationTypeList>"
14803428,"<PublicationTypeList>  <PublicationType UI=""D016428"">Journal Article</PublicationType></PublicationTypeList>"
14803429,"<PublicationTypeList>  <PublicationType UI=""D016428"">Journal Article</PublicationType></PublicationTypeList>"
14803430,"<PublicationTypeList>  <PublicationType UI=""D016428"">Journal Article</PublicationType></PublicationTypeList>"
14803431,"<PublicationTypeList>  <PublicationType UI=""D016428"">Journal Article</PublicationType></PublicationTypeList>"
14803432,"<PublicationTypeList>  <PublicationType UI=""D016428"">Journal Article</PublicationType></PublicationTypeList>"
14803433,"<PublicationTypeList>  <PublicationType UI=""D016428"">Journal Article</PublicationType></PublicationTypeList>"
14803434,"<PublicationTypeList>  <PublicationType UI=""D016428"">Journal Article</PublicationType></PublicationTypeList>"
14803435,"<PublicationTypeList>  <PublicationType UI=""D016428"">Journal Article</PublicationType></PublicationTypeList>"
14803436,"<PublicationTypeList>  <PublicationType UI=""D016428"">Journal Article</PublicationType></PublicationTypeList>"
14803437,"<PublicationTypeList>  <PublicationType UI=""D016428"">Journal Article</PublicationType></PublicationTypeList>"
14803438,"<PublicationTypeList>  <PublicationType UI=""D016428"">Journal Article</PublicationType></PublicationTypeList>"
14803439,"<PublicationTypeList>  <PublicationType UI=""D016428"">Journal Article</PublicationType></PublicationTypeList>"
14803440,"<PublicationTypeList>  <PublicationType UI=""D016428"">Journal Article</PublicationType></PublicationTypeList>"
14803441,"<PublicationTypeList>  <PublicationType UI=""D016428"">Journal Article</PublicationType></PublicationTypeList>"
14803442,"<PublicationTypeList>  <PublicationType UI=""D016428"">Journal Article</PublicationType></PublicationTypeList>"
14803443,"<PublicationTypeList>  <PublicationType UI=""D016428"">Journal Article</PublicationType></PublicationTypeList>"
14803444,"<PublicationTypeList>  <PublicationType UI=""D016428"">Journal Article</PublicationType></PublicationTypeList>"
14803445,"<PublicationTypeList>  <PublicationType UI=""D016428"">Journal Article</PublicationType></PublicationTypeList>"
14803446,"<PublicationTypeList>  <PublicationType UI=""D016428"">Journal Article</PublicationType></PublicationTypeList>"
14803447,"<PublicationTypeList>  <PublicationType UI=""D016428"">Journal Article</PublicationType></PublicationTypeList>"
14803448,"<PublicationTypeList>  <PublicationType UI=""D016428"">Journal Article</PublicationType></PublicationTypeList>"
14803449,"<PublicationTypeList>  <PublicationType UI=""D016428"">Journal Article</PublicationType></PublicationTypeList>"
14803450,"<PublicationTypeList>  <PublicationType UI=""D016428"">Journal Article</PublicationType></PublicationTypeList>"
14803451,"<PublicationTypeList>  <PublicationType UI=""D016428"">Journal Article</PublicationType></PublicationTypeList>"
14803452,"<PublicationTypeList>  <PublicationType UI=""D016428"">Journal Article</PublicationType></PublicationTypeList>"
14803453,"<PublicationTypeList>  <PublicationType UI=""D016428"">Journal Article</PublicationType></PublicationTypeList>"
14803454,"<PublicationTypeList>  <PublicationType UI=""D016428"">Journal Article</PublicationType></PublicationTypeList>"
14803455,"<PublicationTypeList>  <PublicationType UI=""D016428"">Journal Article</PublicationType></PublicationTypeList>"
14803456,"<PublicationTypeList>  <PublicationType UI=""D016428"">Journal Article</PublicationType></PublicationTypeList>"
14803457,"<PublicationTypeList>  <PublicationType UI=""D016428"">Journal Article</PublicationType></PublicationTypeList>"
14803458,"<PublicationTypeList>  <PublicationType UI=""D016428"">Journal Article</PublicationType></PublicationTypeList>"
14803459,"<PublicationTypeList>  <PublicationType UI=""D016428"">Journal Article</PublicationType></PublicationTypeList>"
14803460,"<PublicationTypeList>  <PublicationType UI=""D016428"">Journal Article</PublicationType></PublicationTypeList>"
14803461,"<PublicationTypeList>  <PublicationType UI=""D016428"">Journal Article</PublicationType></PublicationTypeList>"
14803462,"<PublicationTypeList>  <PublicationType UI=""D016428"">Journal Article</PublicationType></PublicationTypeList>"
14803463,"<PublicationTypeList>  <PublicationType UI=""D016428"">Journal Article</PublicationType></PublicationTypeList>"
14803464,"<PublicationTypeList>  <PublicationType UI=""D016428"">Journal Article</PublicationType></PublicationTypeList>"
14803465,"<PublicationTypeList>  <PublicationType UI=""D016428"">Journal Article</PublicationType></PublicationTypeList>"
14803466,"<PublicationTypeList>  <PublicationType UI=""D016428"">Journal Article</PublicationType></PublicationTypeList>"
14803467,"<PublicationTypeList>  <PublicationType UI=""D016428"">Journal Article</PublicationType></PublicationTypeList>"
14803468,"<PublicationTypeList>  <PublicationType UI=""D016428"">Journal Article</PublicationType></PublicationTypeList>"
14803469,"<PublicationTypeList>  <PublicationType UI=""D016428"">Journal Article</PublicationType></PublicationTypeList>"
14803470,"<PublicationTypeList>  <PublicationType UI=""D016428"">Journal Article</PublicationType></PublicationTypeList>"
14803471,"<PublicationTypeList>  <PublicationType UI=""D016428"">Journal Article</PublicationType></PublicationTypeList>"
14803472,"<PublicationTypeList>  <PublicationType UI=""D016428"">Journal Article</PublicationType></PublicationTypeList>"
14814108,"<PublicationTypeList>  <PublicationType UI=""D016428"">Journal Article</PublicationType></PublicationTypeList>"
14814109,"<PublicationTypeList>  <PublicationType UI=""D016428"">Journal Article</PublicationType></PublicationTypeList>"
14814110,"<PublicationTypeList>  <PublicationType UI=""D016428"">Journal Article</PublicationType></PublicationTypeList>"
14814111,"<PublicationTypeList>  <PublicationType UI=""D016428"">Journal Article</PublicationType></PublicationTypeList>"
14814112,"<PublicationTypeList>  <PublicationType UI=""D016428"">Journal Article</PublicationType></PublicationTypeList>"
14814113,"<PublicationTypeList>  <PublicationType UI=""D016428"">Journal Article</PublicationType></PublicationTypeList>"
14814114,"<PublicationTypeList>  <PublicationType UI=""D016428"">Journal Article</PublicationType></PublicationTypeList>"
14814115,"<PublicationTypeList>  <PublicationType UI=""D016428"">Journal Article</PublicationType></PublicationTypeList>"
14814116,"<PublicationTypeList>  <PublicationType UI=""D016428"">Journal Article</PublicationType></PublicationTypeList>"
14814117,"<PublicationTypeList>  <PublicationType UI=""D016428"">Journal Article</PublicationType></PublicationTypeList>"
14814118,"<PublicationTypeList>  <PublicationType UI=""D016428"">Journal Article</PublicationType></PublicationTypeList>"
14814119,"<PublicationTypeList>  <PublicationType UI=""D016428"">Journal Article</PublicationType></PublicationTypeList>"
14814120,"<PublicationTypeList>  <PublicationType UI=""D016428"">Journal Article</PublicationType></PublicationTypeList>"
14814121,"<PublicationTypeList>  <PublicationType UI=""D016428"">Journal Article</PublicationType></PublicationTypeList>"
14814122,"<PublicationTypeList>  <PublicationType UI=""D016428"">Journal Article</PublicationType></PublicationTypeList>"
14814123,"<PublicationTypeList>  <PublicationType UI=""D016428"">Journal Article</PublicationType></PublicationTypeList>"
14814124,"<PublicationTypeList>  <PublicationType UI=""D016428"">Journal Article</PublicationType></PublicationTypeList>"
14814125,"<PublicationTypeList>  <PublicationType UI=""D016428"">Journal Article</PublicationType></PublicationTypeList>"
14814126,"<PublicationTypeList>  <PublicationType UI=""D016428"">Journal Article</PublicationType></PublicationTypeList>"
14814127,"<PublicationTypeList>  <PublicationType UI=""D016428"">Journal Article</PublicationType></PublicationTypeList>"
14814128,"<PublicationTypeList>  <PublicationType UI=""D016428"">Journal Article</PublicationType></PublicationTypeList>"
14814129,"<PublicationTypeList>  <PublicationType UI=""D016428"">Journal Article</PublicationType></PublicationTypeList>"
14814130,"<PublicationTypeList>  <PublicationType UI=""D016428"">Journal Article</PublicationType></PublicationTypeList>"
14814131,"<PublicationTypeList>  <PublicationType UI=""D016428"">Journal Article</PublicationType></PublicationTypeList>"
14814132,"<PublicationTypeList>  <PublicationType UI=""D016428"">Journal Article</PublicationType></PublicationTypeList>"
14814133,"<PublicationTypeList>  <PublicationType UI=""D016428"">Journal Article</PublicationType></PublicationTypeList>"
14814134,"<PublicationTypeList>  <PublicationType UI=""D016428"">Journal Article</PublicationType></PublicationTypeList>"
14814135,"<PublicationTypeList>  <PublicationType UI=""D016428"">Journal Article</PublicationType></PublicationTypeList>"
14814136,"<PublicationTypeList>  <PublicationType UI=""D016428"">Journal Article</PublicationType></PublicationTypeList>"
14814137,"<PublicationTypeList>  <PublicationType UI=""D016428"">Journal Article</PublicationType></PublicationTypeList>"
14814138,"<PublicationTypeList>  <PublicationType UI=""D016428"">Journal Article</PublicationType></PublicationTypeList>"
14814139,"<PublicationTypeList>  <PublicationType UI=""D016428"">Journal Article</PublicationType></PublicationTypeList>"
14814140,"<PublicationTypeList>  <PublicationType UI=""D016428"">Journal Article</PublicationType></PublicationTypeList>"
14814141,"<PublicationTypeList>  <PublicationType UI=""D016428"">Journal Article</PublicationType></PublicationTypeList>"
14814142,"<PublicationTypeList>  <PublicationType UI=""D016428"">Journal Article</PublicationType></PublicationTypeList>"
14814143,"<PublicationTypeList>  <PublicationType UI=""D016428"">Journal Article</PublicationType></PublicationTypeList>"
14814144,"<PublicationTypeList>  <PublicationType UI=""D016428"">Journal Article</PublicationType></PublicationTypeList>"
14814145,"<PublicationTypeList>  <PublicationType UI=""D016428"">Journal Article</PublicationType></PublicationTypeList>"
14814146,"<PublicationTypeList>  <PublicationType UI=""D016428"">Journal Article</PublicationType></PublicationTypeList>"
14814147,"<PublicationTypeList>  <PublicationType UI=""D016428"">Journal Article</PublicationType></PublicationTypeList>"
14814148,"<PublicationTypeList>  <PublicationType UI=""D016428"">Journal Article</PublicationType></PublicationTypeList>"
14814149,"<PublicationTypeList>  <PublicationType UI=""D016428"">Journal Article</PublicationType></PublicationTypeList>"
14814150,"<PublicationTypeList>  <PublicationType UI=""D016428"">Journal Article</PublicationType></PublicationTypeList>"
14814151,"<PublicationTypeList>  <PublicationType UI=""D016428"">Journal Article</PublicationType></PublicationTypeList>"
14814152,"<PublicationTypeList>  <PublicationType UI=""D016428"">Journal Article</PublicationType></PublicationTypeList>"
14814153,"<PublicationTypeList>  <PublicationType UI=""D016428"">Journal Article</PublicationType></PublicationTypeList>"
14814154,"<PublicationTypeList>  <PublicationType UI=""D016428"">Journal Article</PublicationType></PublicationTypeList>"
14814155,"<PublicationTypeList>  <PublicationType UI=""D016428"">Journal Article</PublicationType></PublicationTypeList>"
14824130,"<PublicationTypeList>  <PublicationType UI=""D016428"">Journal Article</PublicationType></PublicationTypeList>"
14824131,"<PublicationTypeList>  <PublicationType UI=""D016428"">Journal Article</PublicationType></PublicationTypeList>"
14824132,"<PublicationTypeList>  <PublicationType UI=""D016428"">Journal Article</PublicationType></PublicationTypeList>"
14824133,"<PublicationTypeList>  <PublicationType UI=""D016428"">Journal Article</PublicationType></PublicationTypeList>"
14824134,"<PublicationTypeList>  <PublicationType UI=""D016428"">Journal Article</PublicationType></PublicationTypeList>"
14824135,"<PublicationTypeList>  <PublicationType UI=""D016428"">Journal Article</PublicationType></PublicationTypeList>"
14824136,"<PublicationTypeList>  <PublicationType UI=""D016428"">Journal Article</PublicationType></PublicationTypeList>"
14824137,"<PublicationTypeList>  <PublicationType UI=""D016428"">Journal Article</PublicationType></PublicationTypeList>"
14824138,"<PublicationTypeList>  <PublicationType UI=""D016428"">Journal Article</PublicationType></PublicationTypeList>"
14824139,"<PublicationTypeList>  <PublicationType UI=""D016428"">Journal Article</PublicationType></PublicationTypeList>"
14824140,"<PublicationTypeList>  <PublicationType UI=""D016428"">Journal Article</PublicationType></PublicationTypeList>"
14824141,"<PublicationTypeList>  <PublicationType UI=""D016428"">Journal Article</PublicationType></PublicationTypeList>"
14824142,"<PublicationTypeList>  <PublicationType UI=""D016428"">Journal Article</PublicationType></PublicationTypeList>"
14824143,"<PublicationTypeList>  <PublicationType UI=""D016428"">Journal Article</PublicationType></PublicationTypeList>"
14824144,"<PublicationTypeList>  <PublicationType UI=""D016428"">Journal Article</PublicationType></PublicationTypeList>"
14824145,"<PublicationTypeList>  <PublicationType UI=""D016428"">Journal Article</PublicationType></PublicationTypeList>"
14824146,"<PublicationTypeList>  <PublicationType UI=""D016428"">Journal Article</PublicationType></PublicationTypeList>"
14824147,"<PublicationTypeList>  <PublicationType UI=""D016428"">Journal Article</PublicationType></PublicationTypeList>"
14824148,"<PublicationTypeList>  <PublicationType UI=""D016428"">Journal Article</PublicationType></PublicationTypeList>"
14824149,"<PublicationTypeList>  <PublicationType UI=""D016428"">Journal Article</PublicationType></PublicationTypeList>"
14824150,"<PublicationTypeList>  <PublicationType UI=""D016428"">Journal Article</PublicationType></PublicationTypeList>"
14824151,"<PublicationTypeList>  <PublicationType UI=""D016428"">Journal Article</PublicationType></PublicationTypeList>"
14824152,"<PublicationTypeList>  <PublicationType UI=""D016428"">Journal Article</PublicationType></PublicationTypeList>"
14824153,"<PublicationTypeList>  <PublicationType UI=""D016428"">Journal Article</PublicationType></PublicationTypeList>"
14824154,"<PublicationTypeList>  <PublicationType UI=""D016428"">Journal Article</PublicationType></PublicationTypeList>"
14824155,"<PublicationTypeList>  <PublicationType UI=""D016428"">Journal Article</PublicationType></PublicationTypeList>"
14824156,"<PublicationTypeList>  <PublicationType UI=""D016428"">Journal Article</PublicationType></PublicationTypeList>"
14824157,"<PublicationTypeList>  <PublicationType UI=""D016428"">Journal Article</PublicationType></PublicationTypeList>"
14824158,"<PublicationTypeList>  <PublicationType UI=""D016428"">Journal Article</PublicationType></PublicationTypeList>"
14824159,"<PublicationTypeList>  <PublicationType UI=""D016428"">Journal Article</PublicationType></PublicationTypeList>"
14824160,"<PublicationTypeList>  <PublicationType UI=""D016428"">Journal Article</PublicationType></PublicationTypeList>"
14824161,"<PublicationTypeList>  <PublicationType UI=""D016428"">Journal Article</PublicationType></PublicationTypeList>"
14824162,"<PublicationTypeList>  <PublicationType UI=""D016428"">Journal Article</PublicationType></PublicationTypeList>"
14824163,"<PublicationTypeList>  <PublicationType UI=""D016428"">Journal Article</PublicationType></PublicationTypeList>"
14824164,"<PublicationTypeList>  <PublicationType UI=""D016428"">Journal Article</PublicationType></PublicationTypeList>"
14824165,"<PublicationTypeList>  <PublicationType UI=""D016428"">Journal Article</PublicationType></PublicationTypeList>"
14824166,"<PublicationTypeList>  <PublicationType UI=""D016428"">Journal Article</PublicationType></PublicationTypeList>"
14824167,"<PublicationTypeList>  <PublicationType UI=""D016428"">Journal Article</PublicationType></PublicationTypeList>"
14824168,"<PublicationTypeList>  <PublicationType UI=""D016428"">Journal Article</PublicationType></PublicationTypeList>"
14824169,"<PublicationTypeList>  <PublicationType UI=""D016428"">Journal Article</PublicationType></PublicationTypeList>"
14824170,"<PublicationTypeList>  <PublicationType UI=""D016428"">Journal Article</PublicationType></PublicationTypeList>"
14824171,"<PublicationTypeList>  <PublicationType UI=""D016428"">Journal Article</PublicationType></PublicationTypeList>"
14824172,"<PublicationTypeList>  <PublicationType UI=""D016428"">Journal Article</PublicationType></PublicationTypeList>"
14824173,"<PublicationTypeList>  <PublicationType UI=""D016428"">Journal Article</PublicationType></PublicationTypeList>"
14824174,"<PublicationTypeList>  <PublicationType UI=""D016428"">Journal Article</PublicationType></PublicationTypeList>"
14824175,"<PublicationTypeList>  <PublicationType UI=""D016428"">Journal Article</PublicationType></PublicationTypeList>"
14832210,"<PublicationTypeList>  <PublicationType UI=""D016428"">Journal Article</PublicationType></PublicationTypeList>"
14832211,"<PublicationTypeList>  <PublicationType UI=""D016428"">Journal Article</PublicationType></PublicationTypeList>"
14832212,"<PublicationTypeList>  <PublicationType UI=""D016428"">Journal Article</PublicationType></PublicationTypeList>"
14832213,"<PublicationTypeList>  <PublicationType UI=""D016428"">Journal Article</PublicationType></PublicationTypeList>"
14832214,"<PublicationTypeList>  <PublicationType UI=""D016428"">Journal Article</PublicationType></PublicationTypeList>"
14832215,"<PublicationTypeList>  <PublicationType UI=""D016428"">Journal Article</PublicationType></PublicationTypeList>"
14832216,"<PublicationTypeList>  <PublicationType UI=""D016428"">Journal Article</PublicationType></PublicationTypeList>"
14832217,"<PublicationTypeList>  <PublicationType UI=""D016428"">Journal Article</PublicationType></PublicationTypeList>"
14832218,"<PublicationTypeList>  <PublicationType UI=""D016428"">Journal Article</PublicationType></PublicationTypeList>"
14832219,"<PublicationTypeList>  <PublicationType UI=""D016428"">Journal Article</PublicationType></PublicationTypeList>"
14832220,"<PublicationTypeList>  <PublicationType UI=""D016428"">Journal Article</PublicationType></PublicationTypeList>"
14832221,"<PublicationTypeList>  <PublicationType UI=""D016428"">Journal Article</PublicationType></PublicationTypeList>"
14832222,"<PublicationTypeList>  <PublicationType UI=""D016428"">Journal Article</PublicationType></PublicationTypeList>"
14832223,"<PublicationTypeList>  <PublicationType UI=""D016428"">Journal Article</PublicationType></PublicationTypeList>"
14832224,"<PublicationTypeList>  <PublicationType UI=""D016428"">Journal Article</PublicationType></PublicationTypeList>"
14832225,"<PublicationTypeList>  <PublicationType UI=""D016428"">Journal Article</PublicationType></PublicationTypeList>"
14832226,"<PublicationTypeList>  <PublicationType UI=""D016428"">Journal Article</PublicationType></PublicationTypeList>"
14832227,"<PublicationTypeList>  <PublicationType UI=""D016428"">Journal Article</PublicationType></PublicationTypeList>"
14832228,"<PublicationTypeList>  <PublicationType UI=""D016428"">Journal Article</PublicationType></PublicationTypeList>"
14832229,"<PublicationTypeList>  <PublicationType UI=""D016428"">Journal Article</PublicationType></PublicationTypeList>"
14832230,"<PublicationTypeList>  <PublicationType UI=""D016428"">Journal Article</PublicationType></PublicationTypeList>"
14832231,"<PublicationTypeList>  <PublicationType UI=""D016428"">Journal Article</PublicationType></PublicationTypeList>"
14832232,"<PublicationTypeList>  <PublicationType UI=""D016428"">Journal Article</PublicationType></PublicationTypeList>"
14832233,"<PublicationTypeList>  <PublicationType UI=""D016428"">Journal Article</PublicationType></PublicationTypeList>"
14832234,"<PublicationTypeList>  <PublicationType UI=""D016428"">Journal Article</PublicationType></PublicationTypeList>"
14832235,"<PublicationTypeList>  <PublicationType UI=""D016428"">Journal Article</PublicationType></PublicationTypeList>"
14832236,"<PublicationTypeList>  <PublicationType UI=""D016428"">Journal Article</PublicationType></PublicationTypeList>"
14832237,"<PublicationTypeList>  <PublicationType UI=""D016428"">Journal Article</PublicationType></PublicationTypeList>"
14832238,"<PublicationTypeList>  <PublicationType UI=""D016428"">Journal Article</PublicationType></PublicationTypeList>"
14832239,"<PublicationTypeList>  <PublicationType UI=""D016428"">Journal Article</PublicationType></PublicationTypeList>"
14832240,"<PublicationTypeList>  <PublicationType UI=""D016428"">Journal Article</PublicationType></PublicationTypeList>"
14832241,"<PublicationTypeList>  <PublicationType UI=""D016428"">Journal Article</PublicationType></PublicationTypeList>"
14832242,"<PublicationTypeList>  <PublicationType UI=""D016428"">Journal Article</PublicationType></PublicationTypeList>"
14832243,"<PublicationTypeList>  <PublicationType UI=""D016428"">Journal Article</PublicationType></PublicationTypeList>"
14832244,"<PublicationTypeList>  <PublicationType UI=""D016428"">Journal Article</PublicationType></PublicationTypeList>"
14832245,"<PublicationTypeList>  <PublicationType UI=""D016428"">Journal Article</PublicationType></PublicationTypeList>"
14832246,"<PublicationTypeList>  <PublicationType UI=""D016428"">Journal Article</PublicationType></PublicationTypeList>"
14832247,"<PublicationTypeList>  <PublicationType UI=""D016428"">Journal Article</PublicationType></PublicationTypeList>"
14832248,"<PublicationTypeList>  <PublicationType UI=""D016428"">Journal Article</PublicationType></PublicationTypeList>"
14832249,"<PublicationTypeList>  <PublicationType UI=""D016428"">Journal Article</PublicationType></PublicationTypeList>"
14832250,"<PublicationTypeList>  <PublicationType UI=""D016428"">Journal Article</PublicationType></PublicationTypeList>"
14832251,"<PublicationTypeList>  <PublicationType UI=""D016428"">Journal Article</PublicationType></PublicationTypeList>"
14832252,"<PublicationTypeList>  <PublicationType UI=""D016428"">Journal Article</PublicationType></PublicationTypeList>"
14832253,"<PublicationTypeList>  <PublicationType UI=""D016428"">Journal Article</PublicationType></PublicationTypeList>"
14832254,"<PublicationTypeList>  <PublicationType UI=""D016428"">Journal Article</PublicationType></PublicationTypeList>"
14832255,"<PublicationTypeList>  <PublicationType UI=""D016428"">Journal Article</PublicationType></PublicationTypeList>"
14832256,"<PublicationTypeList>  <PublicationType UI=""D016428"">Journal Article</PublicationType></PublicationTypeList>"
14832257,"<PublicationTypeList>  <PublicationType UI=""D016428"">Journal Article</PublicationType></PublicationTypeList>"
14832258,"<PublicationTypeList>  <PublicationType UI=""D016428"">Journal Article</PublicationType></PublicationTypeList>"
14832259,"<PublicationTypeList>  <PublicationType UI=""D016428"">Journal Article</PublicationType></PublicationTypeList>"
14832260,"<PublicationTypeList>  <PublicationType UI=""D016428"">Journal Article</PublicationType></PublicationTypeList>"
14832261,"<PublicationTypeList>  <PublicationType UI=""D016428"">Journal Article</PublicationType></PublicationTypeList>"
14832262,"<PublicationTypeList>  <PublicationType UI=""D016428"">Journal Article</PublicationType></PublicationTypeList>"
14832263,"<PublicationTypeList>  <PublicationType UI=""D016428"">Journal Article</PublicationType></PublicationTypeList>"
14832264,"<PublicationTypeList>  <PublicationType UI=""D016428"">Journal Article</PublicationType></PublicationTypeList>"
14832265,"<PublicationTypeList>  <PublicationType UI=""D016428"">Journal Article</PublicationType></PublicationTypeList>"
14832266,"<PublicationTypeList>  <PublicationType UI=""D016428"">Journal Article</PublicationType></PublicationTypeList>"
14832267,"<PublicationTypeList>  <PublicationType UI=""D016428"">Journal Article</PublicationType></PublicationTypeList>"
14832268,"<PublicationTypeList>  <PublicationType UI=""D016428"">Journal Article</PublicationType></PublicationTypeList>"
14832269,"<PublicationTypeList>  <PublicationType UI=""D016428"">Journal Article</PublicationType></PublicationTypeList>"
14832270,"<PublicationTypeList>  <PublicationType UI=""D016428"">Journal Article</PublicationType></PublicationTypeList>"
14832271,"<PublicationTypeList>  <PublicationType UI=""D016428"">Journal Article</PublicationType></PublicationTypeList>"
14832272,"<PublicationTypeList>  <PublicationType UI=""D016428"">Journal Article</PublicationType></PublicationTypeList>"
14832273,"<PublicationTypeList>  <PublicationType UI=""D016428"">Journal Article</PublicationType></PublicationTypeList>"
14832274,"<PublicationTypeList>  <PublicationType UI=""D016428"">Journal Article</PublicationType></PublicationTypeList>"
14832275,"<PublicationTypeList>  <PublicationType UI=""D016428"">Journal Article</PublicationType></PublicationTypeList>"
14832276,"<PublicationTypeList>  <PublicationType UI=""D016428"">Journal Article</PublicationType></PublicationTypeList>"
14832277,"<PublicationTypeList>  <PublicationType UI=""D016428"">Journal Article</PublicationType></PublicationTypeList>"
14832278,"<PublicationTypeList>  <PublicationType UI=""D016428"">Journal Article</PublicationType></PublicationTypeList>"
14832279,"<PublicationTypeList>  <PublicationType UI=""D016428"">Journal Article</PublicationType></PublicationTypeList>"
14832280,"<PublicationTypeList>  <PublicationType UI=""D016428"">Journal Article</PublicationType></PublicationTypeList>"
14832281,"<PublicationTypeList>  <PublicationType UI=""D016428"">Journal Article</PublicationType></PublicationTypeList>"
14832282,"<PublicationTypeList>  <PublicationType UI=""D016428"">Journal Article</PublicationType></PublicationTypeList>"
14832283,"<PublicationTypeList>  <PublicationType UI=""D016428"">Journal Article</PublicationType></PublicationTypeList>"
14832284,"<PublicationTypeList>  <PublicationType UI=""D016428"">Journal Article</PublicationType></PublicationTypeList>"
14832285,"<PublicationTypeList>  <PublicationType UI=""D016428"">Journal Article</PublicationType></PublicationTypeList>"
14832286,"<PublicationTypeList>  <PublicationType UI=""D016428"">Journal Article</PublicationType></PublicationTypeList>"
14832287,"<PublicationTypeList>  <PublicationType UI=""D016428"">Journal Article</PublicationType></PublicationTypeList>"
14832288,"<PublicationTypeList>  <PublicationType UI=""D016428"">Journal Article</PublicationType></PublicationTypeList>"
14832289,"<PublicationTypeList>  <PublicationType UI=""D016428"">Journal Article</PublicationType></PublicationTypeList>"
14832290,"<PublicationTypeList>  <PublicationType UI=""D016428"">Journal Article</PublicationType></PublicationTypeList>"
14832291,"<PublicationTypeList>  <PublicationType UI=""D016428"">Journal Article</PublicationType></PublicationTypeList>"
14832292,"<PublicationTypeList>  <PublicationType UI=""D016428"">Journal Article</PublicationType></PublicationTypeList>"
14832293,"<PublicationTypeList>  <PublicationType UI=""D016428"">Journal Article</PublicationType></PublicationTypeList>"
14832294,"<PublicationTypeList>  <PublicationType UI=""D016428"">Journal Article</PublicationType></PublicationTypeList>"
14832295,"<PublicationTypeList>  <PublicationType UI=""D016428"">Journal Article</PublicationType></PublicationTypeList>"
14832296,"<PublicationTypeList>  <PublicationType UI=""D016428"">Journal Article</PublicationType></PublicationTypeList>"
14832297,"<PublicationTypeList>  <PublicationType UI=""D016428"">Journal Article</PublicationType></PublicationTypeList>"
14832298,"<PublicationTypeList>  <PublicationType UI=""D016428"">Journal Article</PublicationType></PublicationTypeList>"
14832299,"<PublicationTypeList>  <PublicationType UI=""D016428"">Journal Article</PublicationType></PublicationTypeList>"
14832300,"<PublicationTypeList>  <PublicationType UI=""D016428"">Journal Article</PublicationType></PublicationTypeList>"
14832301,"<PublicationTypeList>  <PublicationType UI=""D016428"">Journal Article</PublicationType></PublicationTypeList>"
14832302,"<PublicationTypeList>  <PublicationType UI=""D016428"">Journal Article</PublicationType></PublicationTypeList>"
14832303,"<PublicationTypeList>  <PublicationType UI=""D016428"">Journal Article</PublicationType></PublicationTypeList>"
14832304,"<PublicationTypeList>  <PublicationType UI=""D016428"">Journal Article</PublicationType></PublicationTypeList>"
14832305,"<PublicationTypeList>  <PublicationType UI=""D016428"">Journal Article</PublicationType></PublicationTypeList>"
14841144,"<PublicationTypeList>  <PublicationType UI=""D016428"">Journal Article</PublicationType></PublicationTypeList>"
14841145,"<PublicationTypeList>  <PublicationType UI=""D016428"">Journal Article</PublicationType></PublicationTypeList>"
14841146,"<PublicationTypeList>  <PublicationType UI=""D016428"">Journal Article</PublicationType></PublicationTypeList>"
14841147,"<PublicationTypeList>  <PublicationType UI=""D016428"">Journal Article</PublicationType></PublicationTypeList>"
14841148,"<PublicationTypeList>  <PublicationType UI=""D016428"">Journal Article</PublicationType></PublicationTypeList>"
14841149,"<PublicationTypeList>  <PublicationType UI=""D016428"">Journal Article</PublicationType></PublicationTypeList>"
14841150,"<PublicationTypeList>  <PublicationType UI=""D016428"">Journal Article</PublicationType></PublicationTypeList>"
14841151,"<PublicationTypeList>  <PublicationType UI=""D016428"">Journal Article</PublicationType></PublicationTypeList>"
14841152,"<PublicationTypeList>  <PublicationType UI=""D016428"">Journal Article</PublicationType></PublicationTypeList>"
14841153,"<PublicationTypeList>  <PublicationType UI=""D016428"">Journal Article</PublicationType></PublicationTypeList>"
14841154,"<PublicationTypeList>  <PublicationType UI=""D016428"">Journal Article</PublicationType></PublicationTypeList>"
14841155,"<PublicationTypeList>  <PublicationType UI=""D016428"">Journal Article</PublicationType></PublicationTypeList>"
14841156,"<PublicationTypeList>  <PublicationType UI=""D016428"">Journal Article</PublicationType></PublicationTypeList>"
14841157,"<PublicationTypeList>  <PublicationType UI=""D016428"">Journal Article</PublicationType></PublicationTypeList>"
14841158,"<PublicationTypeList>  <PublicationType UI=""D016428"">Journal Article</PublicationType></PublicationTypeList>"
14841159,"<PublicationTypeList>  <PublicationType UI=""D016428"">Journal Article</PublicationType></PublicationTypeList>"
14841160,"<PublicationTypeList>  <PublicationType UI=""D016428"">Journal Article</PublicationType></PublicationTypeList>"
14841161,"<PublicationTypeList>  <PublicationType UI=""D016428"">Journal Article</PublicationType></PublicationTypeList>"
14841162,"<PublicationTypeList>  <PublicationType UI=""D016428"">Journal Article</PublicationType></PublicationTypeList>"
14841163,"<PublicationTypeList>  <PublicationType UI=""D016428"">Journal Article</PublicationType></PublicationTypeList>"
14841164,"<PublicationTypeList>  <PublicationType UI=""D016428"">Journal Article</PublicationType></PublicationTypeList>"
14841165,"<PublicationTypeList>  <PublicationType UI=""D016428"">Journal Article</PublicationType></PublicationTypeList>"
14841166,"<PublicationTypeList>  <PublicationType UI=""D016428"">Journal Article</PublicationType></PublicationTypeList>"
14841167,"<PublicationTypeList>  <PublicationType UI=""D016428"">Journal Article</PublicationType></PublicationTypeList>"
14841168,"<PublicationTypeList>  <PublicationType UI=""D016428"">Journal Article</PublicationType></PublicationTypeList>"
14841169,"<PublicationTypeList>  <PublicationType UI=""D016428"">Journal Article</PublicationType></PublicationTypeList>"
14841170,"<PublicationTypeList>  <PublicationType UI=""D016428"">Journal Article</PublicationType></PublicationTypeList>"
14841171,"<PublicationTypeList>  <PublicationType UI=""D016428"">Journal Article</PublicationType></PublicationTypeList>"
14841172,"<PublicationTypeList>  <PublicationType UI=""D016428"">Journal Article</PublicationType></PublicationTypeList>"
14841173,"<PublicationTypeList>  <PublicationType UI=""D016428"">Journal Article</PublicationType></PublicationTypeList>"
14841174,"<PublicationTypeList>  <PublicationType UI=""D016428"">Journal Article</PublicationType></PublicationTypeList>"
14841175,"<PublicationTypeList>  <PublicationType UI=""D016428"">Journal Article</PublicationType></PublicationTypeList>"
14841176,"<PublicationTypeList>  <PublicationType UI=""D016428"">Journal Article</PublicationType></PublicationTypeList>"
14841177,"<PublicationTypeList>  <PublicationType UI=""D016428"">Journal Article</PublicationType></PublicationTypeList>"
14841178,"<PublicationTypeList>  <PublicationType UI=""D016428"">Journal Article</PublicationType></PublicationTypeList>"
14841179,"<PublicationTypeList>  <PublicationType UI=""D016428"">Journal Article</PublicationType></PublicationTypeList>"
14841180,"<PublicationTypeList>  <PublicationType UI=""D016428"">Journal Article</PublicationType></PublicationTypeList>"
14841181,"<PublicationTypeList>  <PublicationType UI=""D016428"">Journal Article</PublicationType></PublicationTypeList>"
14841182,"<PublicationTypeList>  <PublicationType UI=""D016428"">Journal Article</PublicationType></PublicationTypeList>"
14841183,"<PublicationTypeList>  <PublicationType UI=""D016428"">Journal Article</PublicationType></PublicationTypeList>"
14841184,"<PublicationTypeList>  <PublicationType UI=""D016428"">Journal Article</PublicationType></PublicationTypeList>"
14841185,"<PublicationTypeList>  <PublicationType UI=""D016428"">Journal Article</PublicationType></PublicationTypeList>"
14841186,"<PublicationTypeList>  <PublicationType UI=""D016428"">Journal Article</PublicationType></PublicationTypeList>"
14841187,"<PublicationTypeList>  <PublicationType UI=""D016428"">Journal Article</PublicationType></PublicationTypeList>"
14841188,"<PublicationTypeList>  <PublicationType UI=""D016428"">Journal Article</PublicationType></PublicationTypeList>"
14841189,"<PublicationTypeList>  <PublicationType UI=""D016428"">Journal Article</PublicationType></PublicationTypeList>"
14841190,"<PublicationTypeList>  <PublicationType UI=""D016428"">Journal Article</PublicationType></PublicationTypeList>"
14841191,"<PublicationTypeList>  <PublicationType UI=""D016428"">Journal Article</PublicationType></PublicationTypeList>"
14841192,"<PublicationTypeList>  <PublicationType UI=""D016428"">Journal Article</PublicationType></PublicationTypeList>"
14841193,"<PublicationTypeList>  <PublicationType UI=""D016428"">Journal Article</PublicationType></PublicationTypeList>"
14841194,"<PublicationTypeList>  <PublicationType UI=""D016428"">Journal Article</PublicationType></PublicationTypeList>"
14841195,"<PublicationTypeList>  <PublicationType UI=""D016428"">Journal Article</PublicationType></PublicationTypeList>"
14841196,"<PublicationTypeList>  <PublicationType UI=""D016428"">Journal Article</PublicationType></PublicationTypeList>"
14841197,"<PublicationTypeList>  <PublicationType UI=""D016428"">Journal Article</PublicationType></PublicationTypeList>"
14841198,"<PublicationTypeList>  <PublicationType UI=""D016428"">Journal Article</PublicationType></PublicationTypeList>"
14841199,"<PublicationTypeList>  <PublicationType UI=""D016428"">Journal Article</PublicationType></PublicationTypeList>"
14841200,"<PublicationTypeList>  <PublicationType UI=""D016428"">Journal Article</PublicationType></PublicationTypeList>"
14841201,"<PublicationTypeList>  <PublicationType UI=""D016428"">Journal Article</PublicationType></PublicationTypeList>"
14841202,"<PublicationTypeList>  <PublicationType UI=""D016428"">Journal Article</PublicationType></PublicationTypeList>"
14841203,"<PublicationTypeList>  <PublicationType UI=""D016428"">Journal Article</PublicationType></PublicationTypeList>"
14841204,"<PublicationTypeList>  <PublicationType UI=""D016428"">Journal Article</PublicationType></PublicationTypeList>"
14841205,"<PublicationTypeList>  <PublicationType UI=""D016428"">Journal Article</PublicationType></PublicationTypeList>"
14841206,"<PublicationTypeList>  <PublicationType UI=""D016428"">Journal Article</PublicationType></PublicationTypeList>"
14841207,"<PublicationTypeList>  <PublicationType UI=""D016428"">Journal Article</PublicationType></PublicationTypeList>"
14841208,"<PublicationTypeList>  <PublicationType UI=""D016428"">Journal Article</PublicationType></PublicationTypeList>"
14841209,"<PublicationTypeList>  <PublicationType UI=""D016428"">Journal Article</PublicationType></PublicationTypeList>"
14841210,"<PublicationTypeList>  <PublicationType UI=""D016428"">Journal Article</PublicationType></PublicationTypeList>"
14841211,"<PublicationTypeList>  <PublicationType UI=""D016428"">Journal Article</PublicationType></PublicationTypeList>"
14841212,"<PublicationTypeList>  <PublicationType UI=""D016428"">Journal Article</PublicationType></PublicationTypeList>"
14841213,"<PublicationTypeList>  <PublicationType UI=""D016428"">Journal Article</PublicationType></PublicationTypeList>"
14841214,"<PublicationTypeList>  <PublicationType UI=""D016428"">Journal Article</PublicationType></PublicationTypeList>"
14841215,"<PublicationTypeList>  <PublicationType UI=""D016428"">Journal Article</PublicationType></PublicationTypeList>"
14841216,"<PublicationTypeList>  <PublicationType UI=""D016428"">Journal Article</PublicationType></PublicationTypeList>"
14841217,"<PublicationTypeList>  <PublicationType UI=""D016428"">Journal Article</PublicationType></PublicationTypeList>"
14841218,"<PublicationTypeList>  <PublicationType UI=""D016428"">Journal Article</PublicationType></PublicationTypeList>"
14841219,"<PublicationTypeList>  <PublicationType UI=""D016428"">Journal Article</PublicationType></PublicationTypeList>"
14841220,"<PublicationTypeList>  <PublicationType UI=""D016428"">Journal Article</PublicationType></PublicationTypeList>"
14841221,"<PublicationTypeList>  <PublicationType UI=""D016428"">Journal Article</PublicationType></PublicationTypeList>"
14841222,"<PublicationTypeList>  <PublicationType UI=""D016428"">Journal Article</PublicationType></PublicationTypeList>"
14841223,"<PublicationTypeList>  <PublicationType UI=""D016428"">Journal Article</PublicationType></PublicationTypeList>"
14841224,"<PublicationTypeList>  <PublicationType UI=""D016428"">Journal Article</PublicationType></PublicationTypeList>"
14841225,"<PublicationTypeList>  <PublicationType UI=""D016428"">Journal Article</PublicationType></PublicationTypeList>"
14841226,"<PublicationTypeList>  <PublicationType UI=""D016428"">Journal Article</PublicationType></PublicationTypeList>"
14841227,"<PublicationTypeList>  <PublicationType UI=""D016428"">Journal Article</PublicationType></PublicationTypeList>"
14841228,"<PublicationTypeList>  <PublicationType UI=""D016428"">Journal Article</PublicationType></PublicationTypeList>"
14841229,"<PublicationTypeList>  <PublicationType UI=""D016428"">Journal Article</PublicationType></PublicationTypeList>"
14841230,"<PublicationTypeList>  <PublicationType UI=""D016428"">Journal Article</PublicationType></PublicationTypeList>"
14841231,"<PublicationTypeList>  <PublicationType UI=""D016428"">Journal Article</PublicationType></PublicationTypeList>"
14841232,"<PublicationTypeList>  <PublicationType UI=""D016428"">Journal Article</PublicationType></PublicationTypeList>"
14841233,"<PublicationTypeList>  <PublicationType UI=""D016428"">Journal Article</PublicationType></PublicationTypeList>"
14841234,"<PublicationTypeList>  <PublicationType UI=""D016428"">Journal Article</PublicationType></PublicationTypeList>"
14841235,"<PublicationTypeList>  <PublicationType UI=""D016428"">Journal Article</PublicationType></PublicationTypeList>"
14841236,"<PublicationTypeList>  <PublicationType UI=""D016428"">Journal Article</PublicationType></PublicationTypeList>"
14841237,"<PublicationTypeList>  <PublicationType UI=""D016428"">Journal Article</PublicationType></PublicationTypeList>"
14841238,"<PublicationTypeList>  <PublicationType UI=""D016428"">Journal Article</PublicationType></PublicationTypeList>"
14850438,"<PublicationTypeList>  <PublicationType UI=""D016428"">Journal Article</PublicationType></PublicationTypeList>"
14850439,"<PublicationTypeList>  <PublicationType UI=""D016428"">Journal Article</PublicationType></PublicationTypeList>"
14850440,"<PublicationTypeList>  <PublicationType UI=""D016428"">Journal Article</PublicationType></PublicationTypeList>"
14850441,"<PublicationTypeList>  <PublicationType UI=""D016428"">Journal Article</PublicationType></PublicationTypeList>"
14850442,"<PublicationTypeList>  <PublicationType UI=""D016428"">Journal Article</PublicationType></PublicationTypeList>"
14850443,"<PublicationTypeList>  <PublicationType UI=""D016428"">Journal Article</PublicationType></PublicationTypeList>"
14850444,"<PublicationTypeList>  <PublicationType UI=""D016428"">Journal Article</PublicationType></PublicationTypeList>"
14850445,"<PublicationTypeList>  <PublicationType UI=""D016428"">Journal Article</PublicationType></PublicationTypeList>"
14850446,"<PublicationTypeList>  <PublicationType UI=""D016428"">Journal Article</PublicationType></PublicationTypeList>"
14850447,"<PublicationTypeList>  <PublicationType UI=""D016428"">Journal Article</PublicationType></PublicationTypeList>"
14850448,"<PublicationTypeList>  <PublicationType UI=""D016428"">Journal Article</PublicationType></PublicationTypeList>"
14850449,"<PublicationTypeList>  <PublicationType UI=""D016428"">Journal Article</PublicationType></PublicationTypeList>"
14850450,"<PublicationTypeList>  <PublicationType UI=""D016428"">Journal Article</PublicationType></PublicationTypeList>"
14850451,"<PublicationTypeList>  <PublicationType UI=""D016428"">Journal Article</PublicationType></PublicationTypeList>"
14850452,"<PublicationTypeList>  <PublicationType UI=""D016428"">Journal Article</PublicationType></PublicationTypeList>"
14850453,"<PublicationTypeList>  <PublicationType UI=""D016428"">Journal Article</PublicationType></PublicationTypeList>"
14850454,"<PublicationTypeList>  <PublicationType UI=""D016428"">Journal Article</PublicationType></PublicationTypeList>"
14850455,"<PublicationTypeList>  <PublicationType UI=""D016428"">Journal Article</PublicationType></PublicationTypeList>"
14850456,"<PublicationTypeList>  <PublicationType UI=""D016428"">Journal Article</PublicationType></PublicationTypeList>"
14850457,"<PublicationTypeList>  <PublicationType UI=""D016428"">Journal Article</PublicationType></PublicationTypeList>"
14850458,"<PublicationTypeList>  <PublicationType UI=""D016428"">Journal Article</PublicationType></PublicationTypeList>"
14850459,"<PublicationTypeList>  <PublicationType UI=""D016428"">Journal Article</PublicationType></PublicationTypeList>"
14850460,"<PublicationTypeList>  <PublicationType UI=""D016428"">Journal Article</PublicationType></PublicationTypeList>"
14850461,"<PublicationTypeList>  <PublicationType UI=""D016428"">Journal Article</PublicationType></PublicationTypeList>"
14850462,"<PublicationTypeList>  <PublicationType UI=""D016428"">Journal Article</PublicationType></PublicationTypeList>"
14850463,"<PublicationTypeList>  <PublicationType UI=""D016428"">Journal Article</PublicationType></PublicationTypeList>"
14850464,"<PublicationTypeList>  <PublicationType UI=""D016428"">Journal Article</PublicationType></PublicationTypeList>"
14850465,"<PublicationTypeList>  <PublicationType UI=""D016428"">Journal Article</PublicationType></PublicationTypeList>"
14850466,"<PublicationTypeList>  <PublicationType UI=""D016428"">Journal Article</PublicationType></PublicationTypeList>"
14850467,"<PublicationTypeList>  <PublicationType UI=""D016428"">Journal Article</PublicationType></PublicationTypeList>"
14850468,"<PublicationTypeList>  <PublicationType UI=""D016428"">Journal Article</PublicationType></PublicationTypeList>"
14850469,"<PublicationTypeList>  <PublicationType UI=""D016428"">Journal Article</PublicationType></PublicationTypeList>"
14850470,"<PublicationTypeList>  <PublicationType UI=""D016428"">Journal Article</PublicationType></PublicationTypeList>"
14850471,"<PublicationTypeList>  <PublicationType UI=""D016428"">Journal Article</PublicationType></PublicationTypeList>"
14850472,"<PublicationTypeList>  <PublicationType UI=""D016428"">Journal Article</PublicationType></PublicationTypeList>"
14850473,"<PublicationTypeList>  <PublicationType UI=""D016428"">Journal Article</PublicationType></PublicationTypeList>"
14850474,"<PublicationTypeList>  <PublicationType UI=""D016428"">Journal Article</PublicationType></PublicationTypeList>"
14850475,"<PublicationTypeList>  <PublicationType UI=""D016428"">Journal Article</PublicationType></PublicationTypeList>"
14850476,"<PublicationTypeList>  <PublicationType UI=""D016428"">Journal Article</PublicationType></PublicationTypeList>"
14850477,"<PublicationTypeList>  <PublicationType UI=""D016428"">Journal Article</PublicationType></PublicationTypeList>"
14850478,"<PublicationTypeList>  <PublicationType UI=""D016428"">Journal Article</PublicationType></PublicationTypeList>"
14850479,"<PublicationTypeList>  <PublicationType UI=""D016428"">Journal Article</PublicationType></PublicationTypeList>"
14850480,"<PublicationTypeList>  <PublicationType UI=""D016428"">Journal Article</PublicationType></PublicationTypeList>"
14850481,"<PublicationTypeList>  <PublicationType UI=""D016428"">Journal Article</PublicationType></PublicationTypeList>"
14850482,"<PublicationTypeList>  <PublicationType UI=""D016428"">Journal Article</PublicationType></PublicationTypeList>"
14850483,"<PublicationTypeList>  <PublicationType UI=""D016428"">Journal Article</PublicationType></PublicationTypeList>"
14850484,"<PublicationTypeList>  <PublicationType UI=""D016428"">Journal Article</PublicationType></PublicationTypeList>"
14850485,"<PublicationTypeList>  <PublicationType UI=""D016428"">Journal Article</PublicationType></PublicationTypeList>"
14850486,"<PublicationTypeList>  <PublicationType UI=""D016428"">Journal Article</PublicationType></PublicationTypeList>"
14861191,"<PublicationTypeList>  <PublicationType UI=""D016428"">Journal Article</PublicationType></PublicationTypeList>"
14861192,"<PublicationTypeList>  <PublicationType UI=""D016428"">Journal Article</PublicationType></PublicationTypeList>"
14861193,"<PublicationTypeList>  <PublicationType UI=""D016428"">Journal Article</PublicationType></PublicationTypeList>"
14861194,"<PublicationTypeList>  <PublicationType UI=""D016428"">Journal Article</PublicationType></PublicationTypeList>"
14861195,"<PublicationTypeList>  <PublicationType UI=""D016428"">Journal Article</PublicationType></PublicationTypeList>"
14861196,"<PublicationTypeList>  <PublicationType UI=""D016428"">Journal Article</PublicationType></PublicationTypeList>"
14861197,"<PublicationTypeList>  <PublicationType UI=""D016428"">Journal Article</PublicationType></PublicationTypeList>"
14861198,"<PublicationTypeList>  <PublicationType UI=""D016428"">Journal Article</PublicationType></PublicationTypeList>"
14861199,"<PublicationTypeList>  <PublicationType UI=""D016428"">Journal Article</PublicationType></PublicationTypeList>"
14861200,"<PublicationTypeList>  <PublicationType UI=""D016428"">Journal Article</PublicationType></PublicationTypeList>"
14861201,"<PublicationTypeList>  <PublicationType UI=""D016428"">Journal Article</PublicationType></PublicationTypeList>"
14861202,"<PublicationTypeList>  <PublicationType UI=""D016428"">Journal Article</PublicationType></PublicationTypeList>"
14861203,"<PublicationTypeList>  <PublicationType UI=""D016428"">Journal Article</PublicationType></PublicationTypeList>"
14861204,"<PublicationTypeList>  <PublicationType UI=""D016428"">Journal Article</PublicationType></PublicationTypeList>"
14861205,"<PublicationTypeList>  <PublicationType UI=""D016428"">Journal Article</PublicationType></PublicationTypeList>"
14861206,"<PublicationTypeList>  <PublicationType UI=""D016428"">Journal Article</PublicationType></PublicationTypeList>"
14861207,"<PublicationTypeList>  <PublicationType UI=""D016428"">Journal Article</PublicationType></PublicationTypeList>"
14861208,"<PublicationTypeList>  <PublicationType UI=""D016428"">Journal Article</PublicationType></PublicationTypeList>"
14861209,"<PublicationTypeList>  <PublicationType UI=""D016428"">Journal Article</PublicationType></PublicationTypeList>"
14861210,"<PublicationTypeList>  <PublicationType UI=""D016428"">Journal Article</PublicationType></PublicationTypeList>"
14861211,"<PublicationTypeList>  <PublicationType UI=""D016428"">Journal Article</PublicationType></PublicationTypeList>"
14861212,"<PublicationTypeList>  <PublicationType UI=""D016428"">Journal Article</PublicationType></PublicationTypeList>"
14861213,"<PublicationTypeList>  <PublicationType UI=""D016428"">Journal Article</PublicationType></PublicationTypeList>"
14861214,"<PublicationTypeList>  <PublicationType UI=""D016428"">Journal Article</PublicationType></PublicationTypeList>"
14861215,"<PublicationTypeList>  <PublicationType UI=""D016428"">Journal Article</PublicationType></PublicationTypeList>"
14861216,"<PublicationTypeList>  <PublicationType UI=""D016428"">Journal Article</PublicationType></PublicationTypeList>"
14861217,"<PublicationTypeList>  <PublicationType UI=""D016428"">Journal Article</PublicationType></PublicationTypeList>"
14861218,"<PublicationTypeList>  <PublicationType UI=""D016428"">Journal Article</PublicationType></PublicationTypeList>"
14861219,"<PublicationTypeList>  <PublicationType UI=""D016428"">Journal Article</PublicationType></PublicationTypeList>"
14861220,"<PublicationTypeList>  <PublicationType UI=""D016428"">Journal Article</PublicationType></PublicationTypeList>"
14861221,"<PublicationTypeList>  <PublicationType UI=""D016428"">Journal Article</PublicationType></PublicationTypeList>"
14861222,"<PublicationTypeList>  <PublicationType UI=""D016428"">Journal Article</PublicationType></PublicationTypeList>"
14861223,"<PublicationTypeList>  <PublicationType UI=""D016428"">Journal Article</PublicationType></PublicationTypeList>"
14861224,"<PublicationTypeList>  <PublicationType UI=""D016428"">Journal Article</PublicationType></PublicationTypeList>"
14861225,"<PublicationTypeList>  <PublicationType UI=""D016428"">Journal Article</PublicationType></PublicationTypeList>"
14861226,"<PublicationTypeList>  <PublicationType UI=""D016428"">Journal Article</PublicationType></PublicationTypeList>"
14861227,"<PublicationTypeList>  <PublicationType UI=""D016428"">Journal Article</PublicationType></PublicationTypeList>"
14861228,"<PublicationTypeList>  <PublicationType UI=""D016428"">Journal Article</PublicationType></PublicationTypeList>"
14861229,"<PublicationTypeList>  <PublicationType UI=""D016428"">Journal Article</PublicationType></PublicationTypeList>"
14871887,"<PublicationTypeList>  <PublicationType UI=""D016428"">Journal Article</PublicationType></PublicationTypeList>"
14871888,"<PublicationTypeList>  <PublicationType UI=""D016428"">Journal Article</PublicationType></PublicationTypeList>"
14871889,"<PublicationTypeList>  <PublicationType UI=""D016428"">Journal Article</PublicationType></PublicationTypeList>"
14871890,"<PublicationTypeList>  <PublicationType UI=""D016428"">Journal Article</PublicationType></PublicationTypeList>"
14871891,"<PublicationTypeList>  <PublicationType UI=""D016428"">Journal Article</PublicationType></PublicationTypeList>"
14871892,"<PublicationTypeList>  <PublicationType UI=""D016428"">Journal Article</PublicationType></PublicationTypeList>"
14871893,"<PublicationTypeList>  <PublicationType UI=""D016428"">Journal Article</PublicationType></PublicationTypeList>"
14871894,"<PublicationTypeList>  <PublicationType UI=""D016428"">Journal Article</PublicationType></PublicationTypeList>"
14871895,"<PublicationTypeList>  <PublicationType UI=""D016428"">Journal Article</PublicationType></PublicationTypeList>"
14871896,"<PublicationTypeList>  <PublicationType UI=""D016428"">Journal Article</PublicationType></PublicationTypeList>"
14871897,"<PublicationTypeList>  <PublicationType UI=""D016428"">Journal Article</PublicationType></PublicationTypeList>"
14871898,"<PublicationTypeList>  <PublicationType UI=""D016428"">Journal Article</PublicationType></PublicationTypeList>"
14871899,"<PublicationTypeList>  <PublicationType UI=""D016428"">Journal Article</PublicationType></PublicationTypeList>"
14907635,"<PublicationTypeList>  <PublicationType UI=""D016428"">Journal Article</PublicationType></PublicationTypeList>"
14907636,"<PublicationTypeList>  <PublicationType UI=""D016428"">Journal Article</PublicationType></PublicationTypeList>"
14907637,"<PublicationTypeList>  <PublicationType UI=""D016428"">Journal Article</PublicationType></PublicationTypeList>"
14907638,"<PublicationTypeList>  <PublicationType UI=""D016428"">Journal Article</PublicationType></PublicationTypeList>"
14907639,"<PublicationTypeList>  <PublicationType UI=""D016428"">Journal Article</PublicationType></PublicationTypeList>"
14907640,"<PublicationTypeList>  <PublicationType UI=""D016428"">Journal Article</PublicationType></PublicationTypeList>"
14907641,"<PublicationTypeList>  <PublicationType UI=""D016428"">Journal Article</PublicationType></PublicationTypeList>"
14907642,"<PublicationTypeList>  <PublicationType UI=""D016428"">Journal Article</PublicationType></PublicationTypeList>"
14907643,"<PublicationTypeList>  <PublicationType UI=""D016428"">Journal Article</PublicationType></PublicationTypeList>"
14907644,"<PublicationTypeList>  <PublicationType UI=""D016428"">Journal Article</PublicationType></PublicationTypeList>"
14907645,"<PublicationTypeList>  <PublicationType UI=""D016428"">Journal Article</PublicationType></PublicationTypeList>"
14907646,"<PublicationTypeList>  <PublicationType UI=""D016428"">Journal Article</PublicationType></PublicationTypeList>"
14907647,"<PublicationTypeList>  <PublicationType UI=""D016428"">Journal Article</PublicationType></PublicationTypeList>"
14907648,"<PublicationTypeList>  <PublicationType UI=""D016428"">Journal Article</PublicationType></PublicationTypeList>"
14907649,"<PublicationTypeList>  <PublicationType UI=""D016428"">Journal Article</PublicationType></PublicationTypeList>"
14907650,"<PublicationTypeList>  <PublicationType UI=""D016428"">Journal Article</PublicationType></PublicationTypeList>"
14907651,"<PublicationTypeList>  <PublicationType UI=""D016428"">Journal Article</PublicationType></PublicationTypeList>"
14907652,"<PublicationTypeList>  <PublicationType UI=""D016428"">Journal Article</PublicationType></PublicationTypeList>"
14907653,"<PublicationTypeList>  <PublicationType UI=""D016428"">Journal Article</PublicationType></PublicationTypeList>"
14907654,"<PublicationTypeList>  <PublicationType UI=""D016428"">Journal Article</PublicationType></PublicationTypeList>"
14907655,"<PublicationTypeList>  <PublicationType UI=""D016428"">Journal Article</PublicationType></PublicationTypeList>"
14907656,"<PublicationTypeList>  <PublicationType UI=""D016428"">Journal Article</PublicationType></PublicationTypeList>"
14907657,"<PublicationTypeList>  <PublicationType UI=""D016428"">Journal Article</PublicationType></PublicationTypeList>"
14907658,"<PublicationTypeList>  <PublicationType UI=""D016428"">Journal Article</PublicationType></PublicationTypeList>"
14907659,"<PublicationTypeList>  <PublicationType UI=""D016428"">Journal Article</PublicationType></PublicationTypeList>"
14907660,"<PublicationTypeList>  <PublicationType UI=""D016428"">Journal Article</PublicationType></PublicationTypeList>"
14907661,"<PublicationTypeList>  <PublicationType UI=""D016428"">Journal Article</PublicationType></PublicationTypeList>"
14907662,"<PublicationTypeList>  <PublicationType UI=""D016428"">Journal Article</PublicationType></PublicationTypeList>"
14907663,"<PublicationTypeList>  <PublicationType UI=""D016428"">Journal Article</PublicationType></PublicationTypeList>"
14907664,"<PublicationTypeList>  <PublicationType UI=""D016428"">Journal Article</PublicationType></PublicationTypeList>"
14907665,"<PublicationTypeList>  <PublicationType UI=""D016428"">Journal Article</PublicationType></PublicationTypeList>"
14907666,"<PublicationTypeList>  <PublicationType UI=""D016428"">Journal Article</PublicationType></PublicationTypeList>"
14907667,"<PublicationTypeList>  <PublicationType UI=""D016428"">Journal Article</PublicationType></PublicationTypeList>"
14907668,"<PublicationTypeList>  <PublicationType UI=""D016428"">Journal Article</PublicationType></PublicationTypeList>"
14907669,"<PublicationTypeList>  <PublicationType UI=""D016428"">Journal Article</PublicationType></PublicationTypeList>"
14907670,"<PublicationTypeList>  <PublicationType UI=""D016428"">Journal Article</PublicationType></PublicationTypeList>"
14907671,"<PublicationTypeList>  <PublicationType UI=""D016428"">Journal Article</PublicationType></PublicationTypeList>"
14907672,"<PublicationTypeList>  <PublicationType UI=""D016428"">Journal Article</PublicationType></PublicationTypeList>"
14907673,"<PublicationTypeList>  <PublicationType UI=""D016428"">Journal Article</PublicationType></PublicationTypeList>"
14907674,"<PublicationTypeList>  <PublicationType UI=""D016428"">Journal Article</PublicationType></PublicationTypeList>"
14907675,"<PublicationTypeList>  <PublicationType UI=""D016428"">Journal Article</PublicationType></PublicationTypeList>"
14907676,"<PublicationTypeList>  <PublicationType UI=""D016428"">Journal Article</PublicationType></PublicationTypeList>"
14907677,"<PublicationTypeList>  <PublicationType UI=""D016428"">Journal Article</PublicationType></PublicationTypeList>"
14907678,"<PublicationTypeList>  <PublicationType UI=""D016428"">Journal Article</PublicationType></PublicationTypeList>"
14907679,"<PublicationTypeList>  <PublicationType UI=""D016428"">Journal Article</PublicationType></PublicationTypeList>"
14907680,"<PublicationTypeList>  <PublicationType UI=""D016428"">Journal Article</PublicationType></PublicationTypeList>"
14907681,"<PublicationTypeList>  <PublicationType UI=""D016428"">Journal Article</PublicationType></PublicationTypeList>"
14907682,"<PublicationTypeList>  <PublicationType UI=""D016428"">Journal Article</PublicationType></PublicationTypeList>"
14907683,"<PublicationTypeList>  <PublicationType UI=""D016428"">Journal Article</PublicationType></PublicationTypeList>"
14907684,"<PublicationTypeList>  <PublicationType UI=""D016428"">Journal Article</PublicationType></PublicationTypeList>"
14907685,"<PublicationTypeList>  <PublicationType UI=""D016428"">Journal Article</PublicationType></PublicationTypeList>"
14907686,"<PublicationTypeList>  <PublicationType UI=""D016428"">Journal Article</PublicationType></PublicationTypeList>"
14907687,"<PublicationTypeList>  <PublicationType UI=""D016428"">Journal Article</PublicationType></PublicationTypeList>"
14907688,"<PublicationTypeList>  <PublicationType UI=""D016428"">Journal Article</PublicationType></PublicationTypeList>"
14907689,"<PublicationTypeList>  <PublicationType UI=""D016428"">Journal Article</PublicationType></PublicationTypeList>"
14907690,"<PublicationTypeList>  <PublicationType UI=""D016428"">Journal Article</PublicationType></PublicationTypeList>"
14907691,"<PublicationTypeList>  <PublicationType UI=""D016428"">Journal Article</PublicationType></PublicationTypeList>"
14907692,"<PublicationTypeList>  <PublicationType UI=""D016428"">Journal Article</PublicationType></PublicationTypeList>"
14907693,"<PublicationTypeList>  <PublicationType UI=""D016428"">Journal Article</PublicationType></PublicationTypeList>"
14907694,"<PublicationTypeList>  <PublicationType UI=""D016428"">Journal Article</PublicationType></PublicationTypeList>"
14907695,"<PublicationTypeList>  <PublicationType UI=""D016428"">Journal Article</PublicationType></PublicationTypeList>"
14907696,"<PublicationTypeList>  <PublicationType UI=""D016428"">Journal Article</PublicationType></PublicationTypeList>"
14907697,"<PublicationTypeList>  <PublicationType UI=""D016428"">Journal Article</PublicationType></PublicationTypeList>"
14907698,"<PublicationTypeList>  <PublicationType UI=""D016428"">Journal Article</PublicationType></PublicationTypeList>"
14907699,"<PublicationTypeList>  <PublicationType UI=""D016428"">Journal Article</PublicationType></PublicationTypeList>"
14907700,"<PublicationTypeList>  <PublicationType UI=""D016428"">Journal Article</PublicationType></PublicationTypeList>"
14907701,"<PublicationTypeList>  <PublicationType UI=""D016428"">Journal Article</PublicationType></PublicationTypeList>"
14907702,"<PublicationTypeList>  <PublicationType UI=""D016428"">Journal Article</PublicationType></PublicationTypeList>"
14907703,"<PublicationTypeList>  <PublicationType UI=""D016428"">Journal Article</PublicationType></PublicationTypeList>"
14907704,"<PublicationTypeList>  <PublicationType UI=""D016428"">Journal Article</PublicationType></PublicationTypeList>"
14907705,"<PublicationTypeList>  <PublicationType UI=""D016428"">Journal Article</PublicationType></PublicationTypeList>"
14907706,"<PublicationTypeList>  <PublicationType UI=""D016428"">Journal Article</PublicationType></PublicationTypeList>"
14907707,"<PublicationTypeList>  <PublicationType UI=""D016428"">Journal Article</PublicationType></PublicationTypeList>"
14907708,"<PublicationTypeList>  <PublicationType UI=""D016428"">Journal Article</PublicationType></PublicationTypeList>"
14907709,"<PublicationTypeList>  <PublicationType UI=""D016428"">Journal Article</PublicationType></PublicationTypeList>"
14907710,"<PublicationTypeList>  <PublicationType UI=""D016428"">Journal Article</PublicationType></PublicationTypeList>"
14907711,"<PublicationTypeList>  <PublicationType UI=""D016428"">Journal Article</PublicationType></PublicationTypeList>"
14907712,"<PublicationTypeList>  <PublicationType UI=""D016428"">Journal Article</PublicationType></PublicationTypeList>"
14907713,"<PublicationTypeList>  <PublicationType UI=""D016428"">Journal Article</PublicationType></PublicationTypeList>"
14907714,"<PublicationTypeList>  <PublicationType UI=""D016428"">Journal Article</PublicationType></PublicationTypeList>"
14907715,"<PublicationTypeList>  <PublicationType UI=""D016428"">Journal Article</PublicationType></PublicationTypeList>"
14907716,"<PublicationTypeList>  <PublicationType UI=""D016428"">Journal Article</PublicationType></PublicationTypeList>"
14907717,"<PublicationTypeList>  <PublicationType UI=""D016428"">Journal Article</PublicationType></PublicationTypeList>"
14907718,"<PublicationTypeList>  <PublicationType UI=""D016428"">Journal Article</PublicationType></PublicationTypeList>"
14907719,"<PublicationTypeList>  <PublicationType UI=""D016428"">Journal Article</PublicationType></PublicationTypeList>"
14907720,"<PublicationTypeList>  <PublicationType UI=""D016428"">Journal Article</PublicationType></PublicationTypeList>"
14907721,"<PublicationTypeList>  <PublicationType UI=""D016428"">Journal Article</PublicationType></PublicationTypeList>"
14907722,"<PublicationTypeList>  <PublicationType UI=""D016428"">Journal Article</PublicationType></PublicationTypeList>"
14907723,"<PublicationTypeList>  <PublicationType UI=""D016428"">Journal Article</PublicationType></PublicationTypeList>"
14907724,"<PublicationTypeList>  <PublicationType UI=""D016428"">Journal Article</PublicationType></PublicationTypeList>"
14907725,"<PublicationTypeList>  <PublicationType UI=""D016428"">Journal Article</PublicationType></PublicationTypeList>"
14907726,"<PublicationTypeList>  <PublicationType UI=""D016428"">Journal Article</PublicationType></PublicationTypeList>"
14907727,"<PublicationTypeList>  <PublicationType UI=""D016428"">Journal Article</PublicationType></PublicationTypeList>"
14907728,"<PublicationTypeList>  <PublicationType UI=""D016428"">Journal Article</PublicationType></PublicationTypeList>"
14907729,"<PublicationTypeList>  <PublicationType UI=""D016428"">Journal Article</PublicationType></PublicationTypeList>"
14907730,"<PublicationTypeList>  <PublicationType UI=""D016428"">Journal Article</PublicationType></PublicationTypeList>"
14907731,"<PublicationTypeList>  <PublicationType UI=""D016428"">Journal Article</PublicationType></PublicationTypeList>"
14907732,"<PublicationTypeList>  <PublicationType UI=""D016428"">Journal Article</PublicationType></PublicationTypeList>"
14907733,"<PublicationTypeList>  <PublicationType UI=""D016428"">Journal Article</PublicationType></PublicationTypeList>"
14907734,"<PublicationTypeList>  <PublicationType UI=""D016428"">Journal Article</PublicationType></PublicationTypeList>"
14907735,"<PublicationTypeList>  <PublicationType UI=""D016428"">Journal Article</PublicationType></PublicationTypeList>"
14907736,"<PublicationTypeList>  <PublicationType UI=""D016428"">Journal Article</PublicationType></PublicationTypeList>"
14907737,"<PublicationTypeList>  <PublicationType UI=""D016428"">Journal Article</PublicationType></PublicationTypeList>"
14907738,"<PublicationTypeList>  <PublicationType UI=""D016428"">Journal Article</PublicationType></PublicationTypeList>"
14907739,"<PublicationTypeList>  <PublicationType UI=""D016428"">Journal Article</PublicationType></PublicationTypeList>"
14907740,"<PublicationTypeList>  <PublicationType UI=""D016428"">Journal Article</PublicationType></PublicationTypeList>"
14907741,"<PublicationTypeList>  <PublicationType UI=""D016428"">Journal Article</PublicationType></PublicationTypeList>"
14907742,"<PublicationTypeList>  <PublicationType UI=""D016428"">Journal Article</PublicationType></PublicationTypeList>"
14907743,"<PublicationTypeList>  <PublicationType UI=""D016428"">Journal Article</PublicationType></PublicationTypeList>"
14907744,"<PublicationTypeList>  <PublicationType UI=""D016428"">Journal Article</PublicationType></PublicationTypeList>"
14907745,"<PublicationTypeList>  <PublicationType UI=""D016428"">Journal Article</PublicationType></PublicationTypeList>"
14907746,"<PublicationTypeList>  <PublicationType UI=""D016428"">Journal Article</PublicationType></PublicationTypeList>"
14907747,"<PublicationTypeList>  <PublicationType UI=""D016428"">Journal Article</PublicationType></PublicationTypeList>"
14907748,"<PublicationTypeList>  <PublicationType UI=""D016428"">Journal Article</PublicationType></PublicationTypeList>"
14907749,"<PublicationTypeList>  <PublicationType UI=""D016428"">Journal Article</PublicationType></PublicationTypeList>"
14907750,"<PublicationTypeList>  <PublicationType UI=""D016428"">Journal Article</PublicationType></PublicationTypeList>"
14907751,"<PublicationTypeList>  <PublicationType UI=""D016428"">Journal Article</PublicationType></PublicationTypeList>"
14907752,"<PublicationTypeList>  <PublicationType UI=""D016428"">Journal Article</PublicationType></PublicationTypeList>"
14907753,"<PublicationTypeList>  <PublicationType UI=""D016428"">Journal Article</PublicationType></PublicationTypeList>"
14907754,"<PublicationTypeList>  <PublicationType UI=""D016428"">Journal Article</PublicationType></PublicationTypeList>"
14907755,"<PublicationTypeList>  <PublicationType UI=""D016428"">Journal Article</PublicationType></PublicationTypeList>"
14907756,"<PublicationTypeList>  <PublicationType UI=""D016428"">Journal Article</PublicationType></PublicationTypeList>"
14907757,"<PublicationTypeList>  <PublicationType UI=""D016428"">Journal Article</PublicationType></PublicationTypeList>"
14907758,"<PublicationTypeList>  <PublicationType UI=""D016428"">Journal Article</PublicationType></PublicationTypeList>"
14907759,"<PublicationTypeList>  <PublicationType UI=""D016428"">Journal Article</PublicationType></PublicationTypeList>"
14907760,"<PublicationTypeList>  <PublicationType UI=""D016428"">Journal Article</PublicationType></PublicationTypeList>"
14907761,"<PublicationTypeList>  <PublicationType UI=""D016428"">Journal Article</PublicationType></PublicationTypeList>"
14907762,"<PublicationTypeList>  <PublicationType UI=""D016428"">Journal Article</PublicationType></PublicationTypeList>"
14907763,"<PublicationTypeList>  <PublicationType UI=""D016428"">Journal Article</PublicationType></PublicationTypeList>"
14907764,"<PublicationTypeList>  <PublicationType UI=""D016428"">Journal Article</PublicationType></PublicationTypeList>"
14907765,"<PublicationTypeList>  <PublicationType UI=""D016428"">Journal Article</PublicationType></PublicationTypeList>"
14907766,"<PublicationTypeList>  <PublicationType UI=""D016428"">Journal Article</PublicationType></PublicationTypeList>"
14907767,"<PublicationTypeList>  <PublicationType UI=""D016428"">Journal Article</PublicationType></PublicationTypeList>"
14907768,"<PublicationTypeList>  <PublicationType UI=""D016428"">Journal Article</PublicationType></PublicationTypeList>"
14907769,"<PublicationTypeList>  <PublicationType UI=""D016428"">Journal Article</PublicationType></PublicationTypeList>"
14907770,"<PublicationTypeList>  <PublicationType UI=""D016428"">Journal Article</PublicationType></PublicationTypeList>"
14907771,"<PublicationTypeList>  <PublicationType UI=""D016428"">Journal Article</PublicationType></PublicationTypeList>"
14907772,"<PublicationTypeList>  <PublicationType UI=""D016428"">Journal Article</PublicationType></PublicationTypeList>"
14907773,"<PublicationTypeList>  <PublicationType UI=""D016428"">Journal Article</PublicationType></PublicationTypeList>"
14907774,"<PublicationTypeList>  <PublicationType UI=""D016428"">Journal Article</PublicationType></PublicationTypeList>"
14907775,"<PublicationTypeList>  <PublicationType UI=""D016428"">Journal Article</PublicationType></PublicationTypeList>"
14907776,"<PublicationTypeList>  <PublicationType UI=""D016428"">Journal Article</PublicationType></PublicationTypeList>"
14917644,"<PublicationTypeList>  <PublicationType UI=""D016428"">Journal Article</PublicationType></PublicationTypeList>"
14917645,"<PublicationTypeList>  <PublicationType UI=""D016428"">Journal Article</PublicationType></PublicationTypeList>"
14917646,"<PublicationTypeList>  <PublicationType UI=""D016428"">Journal Article</PublicationType></PublicationTypeList>"
14917647,"<PublicationTypeList>  <PublicationType UI=""D016428"">Journal Article</PublicationType></PublicationTypeList>"
14917648,"<PublicationTypeList>  <PublicationType UI=""D016428"">Journal Article</PublicationType></PublicationTypeList>"
14917649,"<PublicationTypeList>  <PublicationType UI=""D016428"">Journal Article</PublicationType></PublicationTypeList>"
14917650,"<PublicationTypeList>  <PublicationType UI=""D016428"">Journal Article</PublicationType></PublicationTypeList>"
14917651,"<PublicationTypeList>  <PublicationType UI=""D016428"">Journal Article</PublicationType></PublicationTypeList>"
14917652,"<PublicationTypeList>  <PublicationType UI=""D016428"">Journal Article</PublicationType></PublicationTypeList>"
14917653,"<PublicationTypeList>  <PublicationType UI=""D016428"">Journal Article</PublicationType></PublicationTypeList>"
14917654,"<PublicationTypeList>  <PublicationType UI=""D016428"">Journal Article</PublicationType></PublicationTypeList>"
14917655,"<PublicationTypeList>  <PublicationType UI=""D016428"">Journal Article</PublicationType></PublicationTypeList>"
14917656,"<PublicationTypeList>  <PublicationType UI=""D016428"">Journal Article</PublicationType></PublicationTypeList>"
14917657,"<PublicationTypeList>  <PublicationType UI=""D016428"">Journal Article</PublicationType></PublicationTypeList>"
14917658,"<PublicationTypeList>  <PublicationType UI=""D016428"">Journal Article</PublicationType></PublicationTypeList>"
14917659,"<PublicationTypeList>  <PublicationType UI=""D016428"">Journal Article</PublicationType></PublicationTypeList>"
14917660,"<PublicationTypeList>  <PublicationType UI=""D016428"">Journal Article</PublicationType></PublicationTypeList>"
14917661,"<PublicationTypeList>  <PublicationType UI=""D016428"">Journal Article</PublicationType></PublicationTypeList>"
14917662,"<PublicationTypeList>  <PublicationType UI=""D016428"">Journal Article</PublicationType></PublicationTypeList>"
14917663,"<PublicationTypeList>  <PublicationType UI=""D016428"">Journal Article</PublicationType></PublicationTypeList>"
14917664,"<PublicationTypeList>  <PublicationType UI=""D016428"">Journal Article</PublicationType></PublicationTypeList>"
14917665,"<PublicationTypeList>  <PublicationType UI=""D016428"">Journal Article</PublicationType></PublicationTypeList>"
14917666,"<PublicationTypeList>  <PublicationType UI=""D016428"">Journal Article</PublicationType></PublicationTypeList>"
14917667,"<PublicationTypeList>  <PublicationType UI=""D016428"">Journal Article</PublicationType></PublicationTypeList>"
14917668,"<PublicationTypeList>  <PublicationType UI=""D016428"">Journal Article</PublicationType></PublicationTypeList>"
14917669,"<PublicationTypeList>  <PublicationType UI=""D016428"">Journal Article</PublicationType></PublicationTypeList>"
14917670,"<PublicationTypeList>  <PublicationType UI=""D016428"">Journal Article</PublicationType></PublicationTypeList>"
14917671,"<PublicationTypeList>  <PublicationType UI=""D016428"">Journal Article</PublicationType></PublicationTypeList>"
14917672,"<PublicationTypeList>  <PublicationType UI=""D016428"">Journal Article</PublicationType></PublicationTypeList>"
14917673,"<PublicationTypeList>  <PublicationType UI=""D016428"">Journal Article</PublicationType></PublicationTypeList>"
14917674,"<PublicationTypeList>  <PublicationType UI=""D016428"">Journal Article</PublicationType></PublicationTypeList>"
14917675,"<PublicationTypeList>  <PublicationType UI=""D016428"">Journal Article</PublicationType></PublicationTypeList>"
14917676,"<PublicationTypeList>  <PublicationType UI=""D016428"">Journal Article</PublicationType></PublicationTypeList>"
14917677,"<PublicationTypeList>  <PublicationType UI=""D016428"">Journal Article</PublicationType></PublicationTypeList>"
14917678,"<PublicationTypeList>  <PublicationType UI=""D016428"">Journal Article</PublicationType></PublicationTypeList>"
14917679,"<PublicationTypeList>  <PublicationType UI=""D016428"">Journal Article</PublicationType></PublicationTypeList>"
14917680,"<PublicationTypeList>  <PublicationType UI=""D016428"">Journal Article</PublicationType></PublicationTypeList>"
14917681,"<PublicationTypeList>  <PublicationType UI=""D016428"">Journal Article</PublicationType></PublicationTypeList>"
14917682,"<PublicationTypeList>  <PublicationType UI=""D016428"">Journal Article</PublicationType></PublicationTypeList>"
14917683,"<PublicationTypeList>  <PublicationType UI=""D016428"">Journal Article</PublicationType></PublicationTypeList>"
14917684,"<PublicationTypeList>  <PublicationType UI=""D016428"">Journal Article</PublicationType></PublicationTypeList>"
14917685,"<PublicationTypeList>  <PublicationType UI=""D016428"">Journal Article</PublicationType></PublicationTypeList>"
14917686,"<PublicationTypeList>  <PublicationType UI=""D016428"">Journal Article</PublicationType></PublicationTypeList>"
14917687,"<PublicationTypeList>  <PublicationType UI=""D016428"">Journal Article</PublicationType></PublicationTypeList>"
14917688,"<PublicationTypeList>  <PublicationType UI=""D016428"">Journal Article</PublicationType></PublicationTypeList>"
14917689,"<PublicationTypeList>  <PublicationType UI=""D016428"">Journal Article</PublicationType></PublicationTypeList>"
14917690,"<PublicationTypeList>  <PublicationType UI=""D016428"">Journal Article</PublicationType></PublicationTypeList>"
14917691,"<PublicationTypeList>  <PublicationType UI=""D016428"">Journal Article</PublicationType></PublicationTypeList>"
14917692,"<PublicationTypeList>  <PublicationType UI=""D016428"">Journal Article</PublicationType></PublicationTypeList>"
14927587,"<PublicationTypeList>  <PublicationType UI=""D016428"">Journal Article</PublicationType></PublicationTypeList>"
14927588,"<PublicationTypeList>  <PublicationType UI=""D016428"">Journal Article</PublicationType></PublicationTypeList>"
14927589,"<PublicationTypeList>  <PublicationType UI=""D016428"">Journal Article</PublicationType></PublicationTypeList>"
14927590,"<PublicationTypeList>  <PublicationType UI=""D016428"">Journal Article</PublicationType></PublicationTypeList>"
14927591,"<PublicationTypeList>  <PublicationType UI=""D016428"">Journal Article</PublicationType></PublicationTypeList>"
14927592,"<PublicationTypeList>  <PublicationType UI=""D016428"">Journal Article</PublicationType></PublicationTypeList>"
14927593,"<PublicationTypeList>  <PublicationType UI=""D016428"">Journal Article</PublicationType></PublicationTypeList>"
14927594,"<PublicationTypeList>  <PublicationType UI=""D016428"">Journal Article</PublicationType></PublicationTypeList>"
14927595,"<PublicationTypeList>  <PublicationType UI=""D016428"">Journal Article</PublicationType></PublicationTypeList>"
14927596,"<PublicationTypeList>  <PublicationType UI=""D016428"">Journal Article</PublicationType></PublicationTypeList>"
14927597,"<PublicationTypeList>  <PublicationType UI=""D016428"">Journal Article</PublicationType></PublicationTypeList>"
14927598,"<PublicationTypeList>  <PublicationType UI=""D016428"">Journal Article</PublicationType></PublicationTypeList>"
14927599,"<PublicationTypeList>  <PublicationType UI=""D016428"">Journal Article</PublicationType></PublicationTypeList>"
14927600,"<PublicationTypeList>  <PublicationType UI=""D016428"">Journal Article</PublicationType></PublicationTypeList>"
14927601,"<PublicationTypeList>  <PublicationType UI=""D016428"">Journal Article</PublicationType></PublicationTypeList>"
14927602,"<PublicationTypeList>  <PublicationType UI=""D016428"">Journal Article</PublicationType></PublicationTypeList>"
14927603,"<PublicationTypeList>  <PublicationType UI=""D016428"">Journal Article</PublicationType></PublicationTypeList>"
14927604,"<PublicationTypeList>  <PublicationType UI=""D016428"">Journal Article</PublicationType></PublicationTypeList>"
14927605,"<PublicationTypeList>  <PublicationType UI=""D016428"">Journal Article</PublicationType></PublicationTypeList>"
14927606,"<PublicationTypeList>  <PublicationType UI=""D016428"">Journal Article</PublicationType></PublicationTypeList>"
14927607,"<PublicationTypeList>  <PublicationType UI=""D016428"">Journal Article</PublicationType></PublicationTypeList>"
14927608,"<PublicationTypeList>  <PublicationType UI=""D016428"">Journal Article</PublicationType></PublicationTypeList>"
14927609,"<PublicationTypeList>  <PublicationType UI=""D016428"">Journal Article</PublicationType></PublicationTypeList>"
14927610,"<PublicationTypeList>  <PublicationType UI=""D016428"">Journal Article</PublicationType></PublicationTypeList>"
14927611,"<PublicationTypeList>  <PublicationType UI=""D016428"">Journal Article</PublicationType></PublicationTypeList>"
14927612,"<PublicationTypeList>  <PublicationType UI=""D016428"">Journal Article</PublicationType></PublicationTypeList>"
14927613,"<PublicationTypeList>  <PublicationType UI=""D016428"">Journal Article</PublicationType></PublicationTypeList>"
14927614,"<PublicationTypeList>  <PublicationType UI=""D016428"">Journal Article</PublicationType></PublicationTypeList>"
14927615,"<PublicationTypeList>  <PublicationType UI=""D016428"">Journal Article</PublicationType></PublicationTypeList>"
14927616,"<PublicationTypeList>  <PublicationType UI=""D016428"">Journal Article</PublicationType></PublicationTypeList>"
14927617,"<PublicationTypeList>  <PublicationType UI=""D016428"">Journal Article</PublicationType></PublicationTypeList>"
14927618,"<PublicationTypeList>  <PublicationType UI=""D016428"">Journal Article</PublicationType></PublicationTypeList>"
14927619,"<PublicationTypeList>  <PublicationType UI=""D016428"">Journal Article</PublicationType></PublicationTypeList>"
14927620,"<PublicationTypeList>  <PublicationType UI=""D016428"">Journal Article</PublicationType></PublicationTypeList>"
14927621,"<PublicationTypeList>  <PublicationType UI=""D016428"">Journal Article</PublicationType></PublicationTypeList>"
14927622,"<PublicationTypeList>  <PublicationType UI=""D016428"">Journal Article</PublicationType></PublicationTypeList>"
14927623,"<PublicationTypeList>  <PublicationType UI=""D016428"">Journal Article</PublicationType></PublicationTypeList>"
14927624,"<PublicationTypeList>  <PublicationType UI=""D016428"">Journal Article</PublicationType></PublicationTypeList>"
14927625,"<PublicationTypeList>  <PublicationType UI=""D016428"">Journal Article</PublicationType></PublicationTypeList>"
14927626,"<PublicationTypeList>  <PublicationType UI=""D016428"">Journal Article</PublicationType></PublicationTypeList>"
14927627,"<PublicationTypeList>  <PublicationType UI=""D016428"">Journal Article</PublicationType></PublicationTypeList>"
14927628,"<PublicationTypeList>  <PublicationType UI=""D016428"">Journal Article</PublicationType></PublicationTypeList>"
14927629,"<PublicationTypeList>  <PublicationType UI=""D016428"">Journal Article</PublicationType></PublicationTypeList>"
14927630,"<PublicationTypeList>  <PublicationType UI=""D016428"">Journal Article</PublicationType></PublicationTypeList>"
14927631,"<PublicationTypeList>  <PublicationType UI=""D016428"">Journal Article</PublicationType></PublicationTypeList>"
14927632,"<PublicationTypeList>  <PublicationType UI=""D016428"">Journal Article</PublicationType></PublicationTypeList>"
14927633,"<PublicationTypeList>  <PublicationType UI=""D016428"">Journal Article</PublicationType></PublicationTypeList>"
14927634,"<PublicationTypeList>  <PublicationType UI=""D016428"">Journal Article</PublicationType></PublicationTypeList>"
14927635,"<PublicationTypeList>  <PublicationType UI=""D016428"">Journal Article</PublicationType></PublicationTypeList>"
14927636,"<PublicationTypeList>  <PublicationType UI=""D016428"">Journal Article</PublicationType></PublicationTypeList>"
14927637,"<PublicationTypeList>  <PublicationType UI=""D016428"">Journal Article</PublicationType></PublicationTypeList>"
14927638,"<PublicationTypeList>  <PublicationType UI=""D016428"">Journal Article</PublicationType></PublicationTypeList>"
14927639,"<PublicationTypeList>  <PublicationType UI=""D016428"">Journal Article</PublicationType></PublicationTypeList>"
14927640,"<PublicationTypeList>  <PublicationType UI=""D016428"">Journal Article</PublicationType></PublicationTypeList>"
14927641,"<PublicationTypeList>  <PublicationType UI=""D016428"">Journal Article</PublicationType></PublicationTypeList>"
14927642,"<PublicationTypeList>  <PublicationType UI=""D016428"">Journal Article</PublicationType></PublicationTypeList>"
14927643,"<PublicationTypeList>  <PublicationType UI=""D016428"">Journal Article</PublicationType></PublicationTypeList>"
14927644,"<PublicationTypeList>  <PublicationType UI=""D016428"">Journal Article</PublicationType></PublicationTypeList>"
14927645,"<PublicationTypeList>  <PublicationType UI=""D016428"">Journal Article</PublicationType></PublicationTypeList>"
14927646,"<PublicationTypeList>  <PublicationType UI=""D016428"">Journal Article</PublicationType></PublicationTypeList>"
14927647,"<PublicationTypeList>  <PublicationType UI=""D016428"">Journal Article</PublicationType></PublicationTypeList>"
14927648,"<PublicationTypeList>  <PublicationType UI=""D016428"">Journal Article</PublicationType></PublicationTypeList>"
14927649,"<PublicationTypeList>  <PublicationType UI=""D016428"">Journal Article</PublicationType></PublicationTypeList>"
14927650,"<PublicationTypeList>  <PublicationType UI=""D016428"">Journal Article</PublicationType></PublicationTypeList>"
14927651,"<PublicationTypeList>  <PublicationType UI=""D016428"">Journal Article</PublicationType></PublicationTypeList>"
14927652,"<PublicationTypeList>  <PublicationType UI=""D016428"">Journal Article</PublicationType></PublicationTypeList>"
14927653,"<PublicationTypeList>  <PublicationType UI=""D016428"">Journal Article</PublicationType></PublicationTypeList>"
14927654,"<PublicationTypeList>  <PublicationType UI=""D016428"">Journal Article</PublicationType></PublicationTypeList>"
14927655,"<PublicationTypeList>  <PublicationType UI=""D016428"">Journal Article</PublicationType></PublicationTypeList>"
14927656,"<PublicationTypeList>  <PublicationType UI=""D016428"">Journal Article</PublicationType></PublicationTypeList>"
14927657,"<PublicationTypeList>  <PublicationType UI=""D016428"">Journal Article</PublicationType></PublicationTypeList>"
14927658,"<PublicationTypeList>  <PublicationType UI=""D016428"">Journal Article</PublicationType></PublicationTypeList>"
14927659,"<PublicationTypeList>  <PublicationType UI=""D016428"">Journal Article</PublicationType></PublicationTypeList>"
14927660,"<PublicationTypeList>  <PublicationType UI=""D016428"">Journal Article</PublicationType></PublicationTypeList>"
14927661,"<PublicationTypeList>  <PublicationType UI=""D016428"">Journal Article</PublicationType></PublicationTypeList>"
14927662,"<PublicationTypeList>  <PublicationType UI=""D016428"">Journal Article</PublicationType></PublicationTypeList>"
14927663,"<PublicationTypeList>  <PublicationType UI=""D016428"">Journal Article</PublicationType></PublicationTypeList>"
14927664,"<PublicationTypeList>  <PublicationType UI=""D016428"">Journal Article</PublicationType></PublicationTypeList>"
14927665,"<PublicationTypeList>  <PublicationType UI=""D016428"">Journal Article</PublicationType></PublicationTypeList>"
14927666,"<PublicationTypeList>  <PublicationType UI=""D016428"">Journal Article</PublicationType></PublicationTypeList>"
14927667,"<PublicationTypeList>  <PublicationType UI=""D016428"">Journal Article</PublicationType></PublicationTypeList>"
14927668,"<PublicationTypeList>  <PublicationType UI=""D016428"">Journal Article</PublicationType></PublicationTypeList>"
14927669,"<PublicationTypeList>  <PublicationType UI=""D016428"">Journal Article</PublicationType></PublicationTypeList>"
14927670,"<PublicationTypeList>  <PublicationType UI=""D016428"">Journal Article</PublicationType></PublicationTypeList>"
14927671,"<PublicationTypeList>  <PublicationType UI=""D016428"">Journal Article</PublicationType></PublicationTypeList>"
14927672,"<PublicationTypeList>  <PublicationType UI=""D016428"">Journal Article</PublicationType></PublicationTypeList>"
14927673,"<PublicationTypeList>  <PublicationType UI=""D016428"">Journal Article</PublicationType></PublicationTypeList>"
14927674,"<PublicationTypeList>  <PublicationType UI=""D016428"">Journal Article</PublicationType></PublicationTypeList>"
14927675,"<PublicationTypeList>  <PublicationType UI=""D016428"">Journal Article</PublicationType></PublicationTypeList>"
14927676,"<PublicationTypeList>  <PublicationType UI=""D016428"">Journal Article</PublicationType></PublicationTypeList>"
14927677,"<PublicationTypeList>  <PublicationType UI=""D016428"">Journal Article</PublicationType></PublicationTypeList>"
14927678,"<PublicationTypeList>  <PublicationType UI=""D016428"">Journal Article</PublicationType></PublicationTypeList>"
14927679,"<PublicationTypeList>  <PublicationType UI=""D016428"">Journal Article</PublicationType></PublicationTypeList>"
14927680,"<PublicationTypeList>  <PublicationType UI=""D016428"">Journal Article</PublicationType></PublicationTypeList>"
14927681,"<PublicationTypeList>  <PublicationType UI=""D016428"">Journal Article</PublicationType></PublicationTypeList>"
14927682,"<PublicationTypeList>  <PublicationType UI=""D016428"">Journal Article</PublicationType></PublicationTypeList>"
14927683,"<PublicationTypeList>  <PublicationType UI=""D016428"">Journal Article</PublicationType></PublicationTypeList>"
14927684,"<PublicationTypeList>  <PublicationType UI=""D016428"">Journal Article</PublicationType></PublicationTypeList>"
14927685,"<PublicationTypeList>  <PublicationType UI=""D016428"">Journal Article</PublicationType></PublicationTypeList>"
14938348,"<PublicationTypeList>  <PublicationType UI=""D016428"">Journal Article</PublicationType></PublicationTypeList>"
14938349,"<PublicationTypeList>  <PublicationType UI=""D016428"">Journal Article</PublicationType></PublicationTypeList>"
14938350,"<PublicationTypeList>  <PublicationType UI=""D016428"">Journal Article</PublicationType></PublicationTypeList>"
14938351,"<PublicationTypeList>  <PublicationType UI=""D016428"">Journal Article</PublicationType></PublicationTypeList>"
14938352,"<PublicationTypeList>  <PublicationType UI=""D016428"">Journal Article</PublicationType></PublicationTypeList>"
14938353,"<PublicationTypeList>  <PublicationType UI=""D016428"">Journal Article</PublicationType></PublicationTypeList>"
14938354,"<PublicationTypeList>  <PublicationType UI=""D016428"">Journal Article</PublicationType></PublicationTypeList>"
14938355,"<PublicationTypeList>  <PublicationType UI=""D016428"">Journal Article</PublicationType></PublicationTypeList>"
14938356,"<PublicationTypeList>  <PublicationType UI=""D016428"">Journal Article</PublicationType></PublicationTypeList>"
14938357,"<PublicationTypeList>  <PublicationType UI=""D016428"">Journal Article</PublicationType></PublicationTypeList>"
14938358,"<PublicationTypeList>  <PublicationType UI=""D016428"">Journal Article</PublicationType></PublicationTypeList>"
14938359,"<PublicationTypeList>  <PublicationType UI=""D016428"">Journal Article</PublicationType></PublicationTypeList>"
14938360,"<PublicationTypeList>  <PublicationType UI=""D016428"">Journal Article</PublicationType></PublicationTypeList>"
14938361,"<PublicationTypeList>  <PublicationType UI=""D016428"">Journal Article</PublicationType></PublicationTypeList>"
14938362,"<PublicationTypeList>  <PublicationType UI=""D016428"">Journal Article</PublicationType></PublicationTypeList>"
14938363,"<PublicationTypeList>  <PublicationType UI=""D016428"">Journal Article</PublicationType></PublicationTypeList>"
14938364,"<PublicationTypeList>  <PublicationType UI=""D016428"">Journal Article</PublicationType></PublicationTypeList>"
14938365,"<PublicationTypeList>  <PublicationType UI=""D016428"">Journal Article</PublicationType></PublicationTypeList>"
14938366,"<PublicationTypeList>  <PublicationType UI=""D016428"">Journal Article</PublicationType></PublicationTypeList>"
14938367,"<PublicationTypeList>  <PublicationType UI=""D016428"">Journal Article</PublicationType></PublicationTypeList>"
14938368,"<PublicationTypeList>  <PublicationType UI=""D016428"">Journal Article</PublicationType></PublicationTypeList>"
14938369,"<PublicationTypeList>  <PublicationType UI=""D016428"">Journal Article</PublicationType></PublicationTypeList>"
14938370,"<PublicationTypeList>  <PublicationType UI=""D016428"">Journal Article</PublicationType></PublicationTypeList>"
14938371,"<PublicationTypeList>  <PublicationType UI=""D016428"">Journal Article</PublicationType></PublicationTypeList>"
14938372,"<PublicationTypeList>  <PublicationType UI=""D016428"">Journal Article</PublicationType></PublicationTypeList>"
14938373,"<PublicationTypeList>  <PublicationType UI=""D016428"">Journal Article</PublicationType></PublicationTypeList>"
14938374,"<PublicationTypeList>  <PublicationType UI=""D016428"">Journal Article</PublicationType></PublicationTypeList>"
14938375,"<PublicationTypeList>  <PublicationType UI=""D016428"">Journal Article</PublicationType></PublicationTypeList>"
14938376,"<PublicationTypeList>  <PublicationType UI=""D016428"">Journal Article</PublicationType></PublicationTypeList>"
14938377,"<PublicationTypeList>  <PublicationType UI=""D016428"">Journal Article</PublicationType></PublicationTypeList>"
14938378,"<PublicationTypeList>  <PublicationType UI=""D016428"">Journal Article</PublicationType></PublicationTypeList>"
14938379,"<PublicationTypeList>  <PublicationType UI=""D016428"">Journal Article</PublicationType></PublicationTypeList>"
14938380,"<PublicationTypeList>  <PublicationType UI=""D016428"">Journal Article</PublicationType></PublicationTypeList>"
14938381,"<PublicationTypeList>  <PublicationType UI=""D016428"">Journal Article</PublicationType></PublicationTypeList>"
14938382,"<PublicationTypeList>  <PublicationType UI=""D016428"">Journal Article</PublicationType></PublicationTypeList>"
14938383,"<PublicationTypeList>  <PublicationType UI=""D016428"">Journal Article</PublicationType></PublicationTypeList>"
14938384,"<PublicationTypeList>  <PublicationType UI=""D016428"">Journal Article</PublicationType></PublicationTypeList>"
14938385,"<PublicationTypeList>  <PublicationType UI=""D016428"">Journal Article</PublicationType></PublicationTypeList>"
14938386,"<PublicationTypeList>  <PublicationType UI=""D016428"">Journal Article</PublicationType></PublicationTypeList>"
14938387,"<PublicationTypeList>  <PublicationType UI=""D016428"">Journal Article</PublicationType></PublicationTypeList>"
14938388,"<PublicationTypeList>  <PublicationType UI=""D016428"">Journal Article</PublicationType></PublicationTypeList>"
14938389,"<PublicationTypeList>  <PublicationType UI=""D016428"">Journal Article</PublicationType></PublicationTypeList>"
14938390,"<PublicationTypeList>  <PublicationType UI=""D016428"">Journal Article</PublicationType></PublicationTypeList>"
14938391,"<PublicationTypeList>  <PublicationType UI=""D016428"">Journal Article</PublicationType></PublicationTypeList>"
14938392,"<PublicationTypeList>  <PublicationType UI=""D016428"">Journal Article</PublicationType></PublicationTypeList>"
14938393,"<PublicationTypeList>  <PublicationType UI=""D016428"">Journal Article</PublicationType></PublicationTypeList>"
14938394,"<PublicationTypeList>  <PublicationType UI=""D016428"">Journal Article</PublicationType></PublicationTypeList>"
14938395,"<PublicationTypeList>  <PublicationType UI=""D016428"">Journal Article</PublicationType></PublicationTypeList>"
14938396,"<PublicationTypeList>  <PublicationType UI=""D016428"">Journal Article</PublicationType></PublicationTypeList>"
14938397,"<PublicationTypeList>  <PublicationType UI=""D016428"">Journal Article</PublicationType></PublicationTypeList>"
14938398,"<PublicationTypeList>  <PublicationType UI=""D016428"">Journal Article</PublicationType></PublicationTypeList>"
14938399,"<PublicationTypeList>  <PublicationType UI=""D016428"">Journal Article</PublicationType></PublicationTypeList>"
14938400,"<PublicationTypeList>  <PublicationType UI=""D016428"">Journal Article</PublicationType></PublicationTypeList>"
14946155,"<PublicationTypeList>  <PublicationType UI=""D016428"">Journal Article</PublicationType></PublicationTypeList>"
14946156,"<PublicationTypeList>  <PublicationType UI=""D016428"">Journal Article</PublicationType></PublicationTypeList>"
14946157,"<PublicationTypeList>  <PublicationType UI=""D016428"">Journal Article</PublicationType></PublicationTypeList>"
14946158,"<PublicationTypeList>  <PublicationType UI=""D016428"">Journal Article</PublicationType></PublicationTypeList>"
14946159,"<PublicationTypeList>  <PublicationType UI=""D016428"">Journal Article</PublicationType></PublicationTypeList>"
14946160,"<PublicationTypeList>  <PublicationType UI=""D016428"">Journal Article</PublicationType></PublicationTypeList>"
14946161,"<PublicationTypeList>  <PublicationType UI=""D016428"">Journal Article</PublicationType></PublicationTypeList>"
14946162,"<PublicationTypeList>  <PublicationType UI=""D016428"">Journal Article</PublicationType></PublicationTypeList>"
14946163,"<PublicationTypeList>  <PublicationType UI=""D016428"">Journal Article</PublicationType></PublicationTypeList>"
14946164,"<PublicationTypeList>  <PublicationType UI=""D016428"">Journal Article</PublicationType></PublicationTypeList>"
14946165,"<PublicationTypeList>  <PublicationType UI=""D016428"">Journal Article</PublicationType></PublicationTypeList>"
14946166,"<PublicationTypeList>  <PublicationType UI=""D016428"">Journal Article</PublicationType></PublicationTypeList>"
14946167,"<PublicationTypeList>  <PublicationType UI=""D016428"">Journal Article</PublicationType></PublicationTypeList>"
14946168,"<PublicationTypeList>  <PublicationType UI=""D016428"">Journal Article</PublicationType></PublicationTypeList>"
14946169,"<PublicationTypeList>  <PublicationType UI=""D016428"">Journal Article</PublicationType></PublicationTypeList>"
14946170,"<PublicationTypeList>  <PublicationType UI=""D016428"">Journal Article</PublicationType></PublicationTypeList>"
14946171,"<PublicationTypeList>  <PublicationType UI=""D016428"">Journal Article</PublicationType></PublicationTypeList>"
14946172,"<PublicationTypeList>  <PublicationType UI=""D016428"">Journal Article</PublicationType></PublicationTypeList>"
14946173,"<PublicationTypeList>  <PublicationType UI=""D016428"">Journal Article</PublicationType></PublicationTypeList>"
14946174,"<PublicationTypeList>  <PublicationType UI=""D016428"">Journal Article</PublicationType></PublicationTypeList>"
14946175,"<PublicationTypeList>  <PublicationType UI=""D016428"">Journal Article</PublicationType></PublicationTypeList>"
14946176,"<PublicationTypeList>  <PublicationType UI=""D016428"">Journal Article</PublicationType></PublicationTypeList>"
14946177,"<PublicationTypeList>  <PublicationType UI=""D016428"">Journal Article</PublicationType></PublicationTypeList>"
14946178,"<PublicationTypeList>  <PublicationType UI=""D016428"">Journal Article</PublicationType></PublicationTypeList>"
14946179,"<PublicationTypeList>  <PublicationType UI=""D016428"">Journal Article</PublicationType></PublicationTypeList>"
14946180,"<PublicationTypeList>  <PublicationType UI=""D016428"">Journal Article</PublicationType></PublicationTypeList>"
14946181,"<PublicationTypeList>  <PublicationType UI=""D016428"">Journal Article</PublicationType></PublicationTypeList>"
14946182,"<PublicationTypeList>  <PublicationType UI=""D016428"">Journal Article</PublicationType></PublicationTypeList>"
14946183,"<PublicationTypeList>  <PublicationType UI=""D016428"">Journal Article</PublicationType></PublicationTypeList>"
14946184,"<PublicationTypeList>  <PublicationType UI=""D016428"">Journal Article</PublicationType></PublicationTypeList>"
14946185,"<PublicationTypeList>  <PublicationType UI=""D016428"">Journal Article</PublicationType></PublicationTypeList>"
14946186,"<PublicationTypeList>  <PublicationType UI=""D016428"">Journal Article</PublicationType></PublicationTypeList>"
14946187,"<PublicationTypeList>  <PublicationType UI=""D016428"">Journal Article</PublicationType></PublicationTypeList>"
14946188,"<PublicationTypeList>  <PublicationType UI=""D016428"">Journal Article</PublicationType></PublicationTypeList>"
14946189,"<PublicationTypeList>  <PublicationType UI=""D016428"">Journal Article</PublicationType></PublicationTypeList>"
14946190,"<PublicationTypeList>  <PublicationType UI=""D016428"">Journal Article</PublicationType></PublicationTypeList>"
14946191,"<PublicationTypeList>  <PublicationType UI=""D016428"">Journal Article</PublicationType></PublicationTypeList>"
14946192,"<PublicationTypeList>  <PublicationType UI=""D016428"">Journal Article</PublicationType></PublicationTypeList>"
14946193,"<PublicationTypeList>  <PublicationType UI=""D016428"">Journal Article</PublicationType></PublicationTypeList>"
14946194,"<PublicationTypeList>  <PublicationType UI=""D016428"">Journal Article</PublicationType></PublicationTypeList>"
14946195,"<PublicationTypeList>  <PublicationType UI=""D016428"">Journal Article</PublicationType></PublicationTypeList>"
14946196,"<PublicationTypeList>  <PublicationType UI=""D016428"">Journal Article</PublicationType></PublicationTypeList>"
14946197,"<PublicationTypeList>  <PublicationType UI=""D016428"">Journal Article</PublicationType></PublicationTypeList>"
14946198,"<PublicationTypeList>  <PublicationType UI=""D016428"">Journal Article</PublicationType></PublicationTypeList>"
14960564,"<PublicationTypeList>  <PublicationType UI=""D016428"">Journal Article</PublicationType></PublicationTypeList>"
14960565,"<PublicationTypeList>  <PublicationType UI=""D016428"">Journal Article</PublicationType></PublicationTypeList>"
14960566,"<PublicationTypeList>  <PublicationType UI=""D016428"">Journal Article</PublicationType></PublicationTypeList>"
14960567,"<PublicationTypeList>  <PublicationType UI=""D016428"">Journal Article</PublicationType></PublicationTypeList>"
14960568,"<PublicationTypeList>  <PublicationType UI=""D016428"">Journal Article</PublicationType></PublicationTypeList>"
14960569,"<PublicationTypeList>  <PublicationType UI=""D016428"">Journal Article</PublicationType></PublicationTypeList>"
14960570,"<PublicationTypeList>  <PublicationType UI=""D016428"">Journal Article</PublicationType></PublicationTypeList>"
14960571,"<PublicationTypeList>  <PublicationType UI=""D016428"">Journal Article</PublicationType></PublicationTypeList>"
14960572,"<PublicationTypeList>  <PublicationType UI=""D016428"">Journal Article</PublicationType></PublicationTypeList>"
14960573,"<PublicationTypeList>  <PublicationType UI=""D016428"">Journal Article</PublicationType></PublicationTypeList>"
14960574,"<PublicationTypeList>  <PublicationType UI=""D016428"">Journal Article</PublicationType></PublicationTypeList>"
14960575,"<PublicationTypeList>  <PublicationType UI=""D016428"">Journal Article</PublicationType></PublicationTypeList>"
14960576,"<PublicationTypeList>  <PublicationType UI=""D016428"">Journal Article</PublicationType></PublicationTypeList>"
14960577,"<PublicationTypeList>  <PublicationType UI=""D016428"">Journal Article</PublicationType></PublicationTypeList>"
14960578,"<PublicationTypeList>  <PublicationType UI=""D016428"">Journal Article</PublicationType></PublicationTypeList>"
14960579,"<PublicationTypeList>  <PublicationType UI=""D016428"">Journal Article</PublicationType></PublicationTypeList>"
14960580,"<PublicationTypeList>  <PublicationType UI=""D016428"">Journal Article</PublicationType></PublicationTypeList>"
14960581,"<PublicationTypeList>  <PublicationType UI=""D016428"">Journal Article</PublicationType></PublicationTypeList>"
14960582,"<PublicationTypeList>  <PublicationType UI=""D016428"">Journal Article</PublicationType></PublicationTypeList>"
14960583,"<PublicationTypeList>  <PublicationType UI=""D016428"">Journal Article</PublicationType></PublicationTypeList>"
14960584,"<PublicationTypeList>  <PublicationType UI=""D016428"">Journal Article</PublicationType></PublicationTypeList>"
14960585,"<PublicationTypeList>  <PublicationType UI=""D016428"">Journal Article</PublicationType></PublicationTypeList>"
14960586,"<PublicationTypeList>  <PublicationType UI=""D016428"">Journal Article</PublicationType></PublicationTypeList>"
14960587,"<PublicationTypeList>  <PublicationType UI=""D016428"">Journal Article</PublicationType></PublicationTypeList>"
14960588,"<PublicationTypeList>  <PublicationType UI=""D016428"">Journal Article</PublicationType></PublicationTypeList>"
14960589,"<PublicationTypeList>  <PublicationType UI=""D016428"">Journal Article</PublicationType></PublicationTypeList>"
14960590,"<PublicationTypeList>  <PublicationType UI=""D016428"">Journal Article</PublicationType></PublicationTypeList>"
14960591,"<PublicationTypeList>  <PublicationType UI=""D016428"">Journal Article</PublicationType></PublicationTypeList>"
14960592,"<PublicationTypeList>  <PublicationType UI=""D016428"">Journal Article</PublicationType></PublicationTypeList>"
14960593,"<PublicationTypeList>  <PublicationType UI=""D016428"">Journal Article</PublicationType></PublicationTypeList>"
14960594,"<PublicationTypeList>  <PublicationType UI=""D016428"">Journal Article</PublicationType></PublicationTypeList>"
14960595,"<PublicationTypeList>  <PublicationType UI=""D016428"">Journal Article</PublicationType></PublicationTypeList>"
14961074,"<PublicationTypeList>  <PublicationType UI=""D016428"">Journal Article</PublicationType></PublicationTypeList>"
14961075,"<PublicationTypeList>  <PublicationType UI=""D016428"">Journal Article</PublicationType></PublicationTypeList>"
14961076,"<PublicationTypeList>  <PublicationType UI=""D016428"">Journal Article</PublicationType></PublicationTypeList>"
14961077,"<PublicationTypeList>  <PublicationType UI=""D016428"">Journal Article</PublicationType></PublicationTypeList>"
14961078,"<PublicationTypeList>  <PublicationType UI=""D016428"">Journal Article</PublicationType></PublicationTypeList>"
14963024,"<PublicationTypeList>  <PublicationType UI=""D016428"">Journal Article</PublicationType></PublicationTypeList>"
14963025,"<PublicationTypeList>  <PublicationType UI=""D016428"">Journal Article</PublicationType></PublicationTypeList>"
14963026,"<PublicationTypeList>  <PublicationType UI=""D016428"">Journal Article</PublicationType></PublicationTypeList>"
14963027,"<PublicationTypeList>  <PublicationType UI=""D016428"">Journal Article</PublicationType></PublicationTypeList>"
14963028,"<PublicationTypeList>  <PublicationType UI=""D016428"">Journal Article</PublicationType></PublicationTypeList>"
14963029,"<PublicationTypeList>  <PublicationType UI=""D016428"">Journal Article</PublicationType></PublicationTypeList>"
14963030,"<PublicationTypeList>  <PublicationType UI=""D016428"">Journal Article</PublicationType></PublicationTypeList>"
14963031,"<PublicationTypeList>  <PublicationType UI=""D016428"">Journal Article</PublicationType></PublicationTypeList>"
14963032,"<PublicationTypeList>  <PublicationType UI=""D016428"">Journal Article</PublicationType></PublicationTypeList>"
14963033,"<PublicationTypeList>  <PublicationType UI=""D016428"">Journal Article</PublicationType></PublicationTypeList>"
14963034,"<PublicationTypeList>  <PublicationType UI=""D016428"">Journal Article</PublicationType></PublicationTypeList>"
14963035,"<PublicationTypeList>  <PublicationType UI=""D016428"">Journal Article</PublicationType></PublicationTypeList>"
14963036,"<PublicationTypeList>  <PublicationType UI=""D016428"">Journal Article</PublicationType></PublicationTypeList>"
14963037,"<PublicationTypeList>  <PublicationType UI=""D016428"">Journal Article</PublicationType></PublicationTypeList>"
14963038,"<PublicationTypeList>  <PublicationType UI=""D016428"">Journal Article</PublicationType></PublicationTypeList>"
14963039,"<PublicationTypeList>  <PublicationType UI=""D016428"">Journal Article</PublicationType></PublicationTypeList>"
14963040,"<PublicationTypeList>  <PublicationType UI=""D016428"">Journal Article</PublicationType></PublicationTypeList>"
14963041,"<PublicationTypeList>  <PublicationType UI=""D016428"">Journal Article</PublicationType></PublicationTypeList>"
14963042,"<PublicationTypeList>  <PublicationType UI=""D016428"">Journal Article</PublicationType></PublicationTypeList>"
14963043,"<PublicationTypeList>  <PublicationType UI=""D016428"">Journal Article</PublicationType></PublicationTypeList>"
14963044,"<PublicationTypeList>  <PublicationType UI=""D016428"">Journal Article</PublicationType></PublicationTypeList>"
14963045,"<PublicationTypeList>  <PublicationType UI=""D016428"">Journal Article</PublicationType></PublicationTypeList>"
14963046,"<PublicationTypeList>  <PublicationType UI=""D016428"">Journal Article</PublicationType></PublicationTypeList>"
14963047,"<PublicationTypeList>  <PublicationType UI=""D016428"">Journal Article</PublicationType></PublicationTypeList>"
14966110,"<PublicationTypeList>  <PublicationType UI=""D016428"">Journal Article</PublicationType></PublicationTypeList>"
14966111,"<PublicationTypeList>  <PublicationType UI=""D016428"">Journal Article</PublicationType></PublicationTypeList>"
14966112,"<PublicationTypeList>  <PublicationType UI=""D016428"">Journal Article</PublicationType></PublicationTypeList>"
14966113,"<PublicationTypeList>  <PublicationType UI=""D016428"">Journal Article</PublicationType></PublicationTypeList>"
14966114,"<PublicationTypeList>  <PublicationType UI=""D016428"">Journal Article</PublicationType></PublicationTypeList>"
14966115,"<PublicationTypeList>  <PublicationType UI=""D016428"">Journal Article</PublicationType></PublicationTypeList>"
14966116,"<PublicationTypeList>  <PublicationType UI=""D016428"">Journal Article</PublicationType></PublicationTypeList>"
14966117,"<PublicationTypeList>  <PublicationType UI=""D016428"">Journal Article</PublicationType></PublicationTypeList>"
14966118,"<PublicationTypeList>  <PublicationType UI=""D016428"">Journal Article</PublicationType></PublicationTypeList>"
14966119,"<PublicationTypeList>  <PublicationType UI=""D016428"">Journal Article</PublicationType></PublicationTypeList>"
14966120,"<PublicationTypeList>  <PublicationType UI=""D016428"">Journal Article</PublicationType></PublicationTypeList>"
14966121,"<PublicationTypeList>  <PublicationType UI=""D016428"">Journal Article</PublicationType></PublicationTypeList>"
14966122,"<PublicationTypeList>  <PublicationType UI=""D016428"">Journal Article</PublicationType></PublicationTypeList>"
14966123,"<PublicationTypeList>  <PublicationType UI=""D016428"">Journal Article</PublicationType></PublicationTypeList>"
14966124,"<PublicationTypeList>  <PublicationType UI=""D016428"">Journal Article</PublicationType></PublicationTypeList>"
14966125,"<PublicationTypeList>  <PublicationType UI=""D016428"">Journal Article</PublicationType></PublicationTypeList>"
14966126,"<PublicationTypeList>  <PublicationType UI=""D016428"">Journal Article</PublicationType></PublicationTypeList>"
14966127,"<PublicationTypeList>  <PublicationType UI=""D016428"">Journal Article</PublicationType></PublicationTypeList>"
14966128,"<PublicationTypeList>  <PublicationType UI=""D016428"">Journal Article</PublicationType></PublicationTypeList>"
14966129,"<PublicationTypeList>  <PublicationType UI=""D016428"">Journal Article</PublicationType></PublicationTypeList>"
14966130,"<PublicationTypeList>  <PublicationType UI=""D016428"">Journal Article</PublicationType></PublicationTypeList>"
14966131,"<PublicationTypeList>  <PublicationType UI=""D016428"">Journal Article</PublicationType></PublicationTypeList>"
14966132,"<PublicationTypeList>  <PublicationType UI=""D016428"">Journal Article</PublicationType></PublicationTypeList>"
14966133,"<PublicationTypeList>  <PublicationType UI=""D016428"">Journal Article</PublicationType></PublicationTypeList>"
14966134,"<PublicationTypeList>  <PublicationType UI=""D016428"">Journal Article</PublicationType></PublicationTypeList>"
14966135,"<PublicationTypeList>  <PublicationType UI=""D016428"">Journal Article</PublicationType></PublicationTypeList>"
14966136,"<PublicationTypeList>  <PublicationType UI=""D016428"">Journal Article</PublicationType></PublicationTypeList>"
14966137,"<PublicationTypeList>  <PublicationType UI=""D016428"">Journal Article</PublicationType></PublicationTypeList>"
14966138,"<PublicationTypeList>  <PublicationType UI=""D016428"">Journal Article</PublicationType></PublicationTypeList>"
14966139,"<PublicationTypeList>  <PublicationType UI=""D016428"">Journal Article</PublicationType></PublicationTypeList>"
14966140,"<PublicationTypeList>  <PublicationType UI=""D016428"">Journal Article</PublicationType></PublicationTypeList>"
14966141,"<PublicationTypeList>  <PublicationType UI=""D016428"">Journal Article</PublicationType></PublicationTypeList>"
14967825,"<PublicationTypeList>  <PublicationType UI=""D016428"">Journal Article</PublicationType></PublicationTypeList>"
14968109,"<PublicationTypeList>  <PublicationType UI=""D016428"">Journal Article</PublicationType></PublicationTypeList>"
14968110,"<PublicationTypeList>  <PublicationType UI=""D016428"">Journal Article</PublicationType></PublicationTypeList>"
14968111,"<PublicationTypeList>  <PublicationType UI=""D016428"">Journal Article</PublicationType></PublicationTypeList>"
14968112,"<PublicationTypeList>  <PublicationType UI=""D016428"">Journal Article</PublicationType></PublicationTypeList>"
14968113,"<PublicationTypeList>  <PublicationType UI=""D016428"">Journal Article</PublicationType></PublicationTypeList>"
14968114,"<PublicationTypeList>  <PublicationType UI=""D016428"">Journal Article</PublicationType></PublicationTypeList>"
14968115,"<PublicationTypeList>  <PublicationType UI=""D016428"">Journal Article</PublicationType></PublicationTypeList>"
14968116,"<PublicationTypeList>  <PublicationType UI=""D016428"">Journal Article</PublicationType></PublicationTypeList>"
14970195,"<PublicationTypeList>  <PublicationType UI=""D016428"">Journal Article</PublicationType></PublicationTypeList>"
14970196,"<PublicationTypeList>  <PublicationType UI=""D016428"">Journal Article</PublicationType></PublicationTypeList>"
14970197,"<PublicationTypeList>  <PublicationType UI=""D016428"">Journal Article</PublicationType></PublicationTypeList>"
14970198,"<PublicationTypeList>  <PublicationType UI=""D016428"">Journal Article</PublicationType></PublicationTypeList>"
14970199,"<PublicationTypeList>  <PublicationType UI=""D016428"">Journal Article</PublicationType></PublicationTypeList>"
14970200,"<PublicationTypeList>  <PublicationType UI=""D016428"">Journal Article</PublicationType></PublicationTypeList>"
14970201,"<PublicationTypeList>  <PublicationType UI=""D016428"">Journal Article</PublicationType></PublicationTypeList>"
14970202,"<PublicationTypeList>  <PublicationType UI=""D016428"">Journal Article</PublicationType></PublicationTypeList>"
14970203,"<PublicationTypeList>  <PublicationType UI=""D016428"">Journal Article</PublicationType></PublicationTypeList>"
14970204,"<PublicationTypeList>  <PublicationType UI=""D016428"">Journal Article</PublicationType></PublicationTypeList>"
14970205,"<PublicationTypeList>  <PublicationType UI=""D016428"">Journal Article</PublicationType></PublicationTypeList>"
14970206,"<PublicationTypeList>  <PublicationType UI=""D016428"">Journal Article</PublicationType></PublicationTypeList>"
14970207,"<PublicationTypeList>  <PublicationType UI=""D016428"">Journal Article</PublicationType></PublicationTypeList>"
14970208,"<PublicationTypeList>  <PublicationType UI=""D016428"">Journal Article</PublicationType></PublicationTypeList>"
14970209,"<PublicationTypeList>  <PublicationType UI=""D016428"">Journal Article</PublicationType></PublicationTypeList>"
14970210,"<PublicationTypeList>  <PublicationType UI=""D016428"">Journal Article</PublicationType></PublicationTypeList>"
14970211,"<PublicationTypeList>  <PublicationType UI=""D016428"">Journal Article</PublicationType></PublicationTypeList>"
14970212,"<PublicationTypeList>  <PublicationType UI=""D016428"">Journal Article</PublicationType></PublicationTypeList>"
14970213,"<PublicationTypeList>  <PublicationType UI=""D016428"">Journal Article</PublicationType></PublicationTypeList>"
14970214,"<PublicationTypeList>  <PublicationType UI=""D016428"">Journal Article</PublicationType></PublicationTypeList>"
14970215,"<PublicationTypeList>  <PublicationType UI=""D016428"">Journal Article</PublicationType></PublicationTypeList>"
