.
https://openalex.org/W2160174559
https://openalex.org/W2004117352
https://openalex.org/W2055034225
https://openalex.org/W2000399151
https://openalex.org/W2281227512
https://openalex.org/W2126049819
https://openalex.org/W2145048774
https://openalex.org/W2143547371
https://openalex.org/W2091902645
https://openalex.org/W2519343095
https://openalex.org/W2122438668
https://openalex.org/W2102548112
https://openalex.org/W1963623233
https://openalex.org/W1968189763
https://openalex.org/W2039672885
https://openalex.org/W1964126053
https://openalex.org/W2155682217
https://openalex.org/W1998383538
https://openalex.org/W2152561884
https://openalex.org/W2083451944
https://openalex.org/W2091538386
https://openalex.org/W2067026128
https://openalex.org/W2163337258
https://openalex.org/W2128965737
https://openalex.org/W2096309023
https://openalex.org/W1998405496
https://openalex.org/W2104577284
https://openalex.org/W1970660129
https://openalex.org/W1913092726
https://openalex.org/W2050238191
https://openalex.org/W2125587232
https://openalex.org/W1580842974
https://openalex.org/W1991334987
https://openalex.org/W2138689634
https://openalex.org/W2134389003
https://openalex.org/W2061737721
https://openalex.org/W2139466474
https://openalex.org/W2077355527
https://openalex.org/W2103788710
https://openalex.org/W2150110104
https://openalex.org/W2151889253
https://openalex.org/W2140170699
https://openalex.org/W2017472434
https://openalex.org/W1983059581
https://openalex.org/W1972331668
https://openalex.org/W2043739084
https://openalex.org/W2412963709
https://openalex.org/W2128542405
https://openalex.org/W2078358665
https://openalex.org/W1997490422
https://openalex.org/W2156750195
https://openalex.org/W2088237277
https://openalex.org/W2028283509
https://openalex.org/W2946304404
https://openalex.org/W2157099671
https://openalex.org/W2768468300
https://openalex.org/W2127157242
https://openalex.org/W2582553065
https://openalex.org/W2089143816
https://openalex.org/W2102323998
https://openalex.org/W2171538469
https://openalex.org/W2625161454
https://openalex.org/W2088481120
https://openalex.org/W1968870654
https://openalex.org/W2053841729
https://openalex.org/W2034749295
https://openalex.org/W889245261
https://openalex.org/W2960653047
https://openalex.org/W2167131581
https://openalex.org/W1977034049
https://openalex.org/W2128721648
https://openalex.org/W2044836636
https://openalex.org/W2115595638
https://openalex.org/W2170139161
https://openalex.org/W1998577416
https://openalex.org/W2154596732
https://openalex.org/W2027827512
https://openalex.org/W2021661276
https://openalex.org/W2070537560
https://openalex.org/W1995256200
https://openalex.org/W2029553187
https://openalex.org/W2333129081
https://openalex.org/W2612222797
https://openalex.org/W2020784047
https://openalex.org/W2116978654
https://openalex.org/W2129096575
https://openalex.org/W2341905429
https://openalex.org/W2032778685
https://openalex.org/W2003932179
https://openalex.org/W2289182162
https://openalex.org/W1977918131
https://openalex.org/W1858175782
https://openalex.org/W1997791967
https://openalex.org/W2027947833
https://openalex.org/W2135810124
https://openalex.org/W2009018272
https://openalex.org/W2075144107
https://openalex.org/W2075609974
https://openalex.org/W2598118151
https://openalex.org/W2103839900
https://openalex.org/W2049456205
https://openalex.org/W2064543684
https://openalex.org/W2085757352
https://openalex.org/W2001112725
https://openalex.org/W2089196890
https://openalex.org/W2078731201
https://openalex.org/W1492105728
https://openalex.org/W3017817496
https://openalex.org/W1987362773
https://openalex.org/W2011016848
https://openalex.org/W3025675811
https://openalex.org/W1975866949
https://openalex.org/W1992746109
https://openalex.org/W2054904222
https://openalex.org/W2092373027
https://openalex.org/W2134345937
https://openalex.org/W2161038338
https://openalex.org/W2052481600
https://openalex.org/W2158480664
https://openalex.org/W121129899
https://openalex.org/W2049442129
https://openalex.org/W1970490864
https://openalex.org/W2016129444
https://openalex.org/W2159149210
https://openalex.org/W2137904098
https://openalex.org/W2141894378
https://openalex.org/W2099891752
https://openalex.org/W2081997079
https://openalex.org/W2950512766
https://openalex.org/W2023358602
https://openalex.org/W2041511666
https://openalex.org/W2071384302
https://openalex.org/W2162522352
https://openalex.org/W2013997031
https://openalex.org/W2019814860
https://openalex.org/W2105884064
https://openalex.org/W2153929608
https://openalex.org/W2166700562
https://openalex.org/W1974535269
https://openalex.org/W2109648850
https://openalex.org/W2510350523
https://openalex.org/W2144282591
https://openalex.org/W2138610380
https://openalex.org/W2061823932
https://openalex.org/W2133402095
https://openalex.org/W2096379962
https://openalex.org/W2096779835
https://openalex.org/W2131446968
https://openalex.org/W2131748549
https://openalex.org/W2058766785
https://openalex.org/W1969837542
https://openalex.org/W2003603935
https://openalex.org/W2159567933
https://openalex.org/W2755559969
https://openalex.org/W3047897956
https://openalex.org/W2050423574
https://openalex.org/W2061775535
https://openalex.org/W2396892581
https://openalex.org/W2080813856
https://openalex.org/W2132581688
https://openalex.org/W3037639267
https://openalex.org/W2499069400
https://openalex.org/W2073543023
https://openalex.org/W2099050525
https://openalex.org/W2123628070
https://openalex.org/W2003032367
https://openalex.org/W2734890623
https://openalex.org/W2789634983
https://openalex.org/W3012169111
https://openalex.org/W1992708993
https://openalex.org/W2016096642
https://openalex.org/W2126506555
https://openalex.org/W2130998538
https://openalex.org/W2141020515
https://openalex.org/W2117596334
https://openalex.org/W1998588652
https://openalex.org/W2061163935
https://openalex.org/W2084456745
https://openalex.org/W2091009427
https://openalex.org/W2067881783
https://openalex.org/W2104238967
https://openalex.org/W2109083028
https://openalex.org/W2138609751
https://openalex.org/W2038570418
https://openalex.org/W1880125236
https://openalex.org/W2047848268
https://openalex.org/W2051539551
https://openalex.org/W2147239532
https://openalex.org/W2230621156
https://openalex.org/W2945358180
https://openalex.org/W3049373864
https://openalex.org/W1956953806
https://openalex.org/W2017519440
https://openalex.org/W2061430646
https://openalex.org/W3080887713
https://openalex.org/W1985036198
https://openalex.org/W2157828778
https://openalex.org/W1608105537
https://openalex.org/W2071898169
https://openalex.org/W2608082925
https://openalex.org/W1995022882
https://openalex.org/W2025666564
https://openalex.org/W2056734203
https://openalex.org/W2144373954
https://openalex.org/W2150420445
https://openalex.org/W2275582730
https://openalex.org/W1998496077
https://openalex.org/W2010166151
https://openalex.org/W2030539509
https://openalex.org/W2046740401
https://openalex.org/W2118575037
https://openalex.org/W1977181227
https://openalex.org/W2120061817
https://openalex.org/W2124161425
https://openalex.org/W2141608626
https://openalex.org/W2105324254
https://openalex.org/W3049744989
https://openalex.org/W1977764800
https://openalex.org/W2003437863
https://openalex.org/W2005458067
https://openalex.org/W2088227226
https://openalex.org/W2143065449
https://openalex.org/W2003615595
https://openalex.org/W2015043293
https://openalex.org/W2067595428
https://openalex.org/W2073790322
https://openalex.org/W2147930463
https://openalex.org/W2003573018
https://openalex.org/W2038060385
https://openalex.org/W3142772534
https://openalex.org/W1992625470
https://openalex.org/W2001281718
https://openalex.org/W2015241504
https://openalex.org/W2032242117
https://openalex.org/W2040982744
https://openalex.org/W1946355969
https://openalex.org/W2055149800
https://openalex.org/W2102944675
https://openalex.org/W2025522522
https://openalex.org/W2104318715
https://openalex.org/W1985728451
https://openalex.org/W2072659525
https://openalex.org/W2087786156
https://openalex.org/W2101930901
https://openalex.org/W1978140562
https://openalex.org/W2147327763
https://openalex.org/W2978000171
https://openalex.org/W2033758123
https://openalex.org/W2081807145
https://openalex.org/W2165926160
https://openalex.org/W2011043774
https://openalex.org/W2217258572
https://openalex.org/W2088628973
https://openalex.org/W1984611468
https://openalex.org/W1987979860
https://openalex.org/W2086473109
https://openalex.org/W2133100054
https://openalex.org/W2152352107
https://openalex.org/W2155200626
https://openalex.org/W2790048761
https://openalex.org/W2073332428
https://openalex.org/W2134855344
https://openalex.org/W2142694254
https://openalex.org/W2132269754
https://openalex.org/W2148928379
https://openalex.org/W2162250867
https://openalex.org/W2046743509
https://openalex.org/W2147385774
https://openalex.org/W2153172623
https://openalex.org/W3023641488
https://openalex.org/W1986428879
https://openalex.org/W2111861241
https://openalex.org/W2346873848
https://openalex.org/W2560352846
https://openalex.org/W2004220217
https://openalex.org/W2069438669
https://openalex.org/W2157100733
https://openalex.org/W1865180206
https://openalex.org/W2071010113
https://openalex.org/W2969873245
https://openalex.org/W2065135850
https://openalex.org/W2116532759
https://openalex.org/W1970383854
https://openalex.org/W2045155919
https://openalex.org/W1997072775
https://openalex.org/W2062337515
https://openalex.org/W2087683554
https://openalex.org/W2592042721
https://openalex.org/W2054096312
https://openalex.org/W2089986190
https://openalex.org/W2091521408
https://openalex.org/W2159946497
https://openalex.org/W1991481361
https://openalex.org/W2035909926
https://openalex.org/W1955139281
https://openalex.org/W1991871214
https://openalex.org/W2154206128
https://openalex.org/W2962715466
https://openalex.org/W1967314980
https://openalex.org/W2038760977
https://openalex.org/W2052208733
https://openalex.org/W2093157915
https://openalex.org/W2188489962
https://openalex.org/W2314307545
https://openalex.org/W2031075742
https://openalex.org/W2065277986
https://openalex.org/W2105948120
https://openalex.org/W2905987151
https://openalex.org/W3044545672
https://openalex.org/W2054862716
https://openalex.org/W2114781384
https://openalex.org/W2162008966
https://openalex.org/W1973147715
https://openalex.org/W1986367921
https://openalex.org/W2043948806
https://openalex.org/W2049282944
https://openalex.org/W2060386232
https://openalex.org/W2070369202
https://openalex.org/W2546850717
https://openalex.org/W2088530350
https://openalex.org/W2103866782
https://openalex.org/W2621070976
https://openalex.org/W1964974445
https://openalex.org/W1998579754
https://openalex.org/W1984294720
https://openalex.org/W2072153945
https://openalex.org/W1797839623
https://openalex.org/W2006829029
https://openalex.org/W2083720052
https://openalex.org/W2055338703
https://openalex.org/W2139442134
https://openalex.org/W2139460087
https://openalex.org/W2345903844
https://openalex.org/W2096317822
https://openalex.org/W2142832452
https://openalex.org/W2338168020
https://openalex.org/W2801616360
https://openalex.org/W1951668749
https://openalex.org/W2054542936
https://openalex.org/W2058966436
https://openalex.org/W2081014565
https://openalex.org/W2087504933
https://openalex.org/W2166038535
https://openalex.org/W2792209051
https://openalex.org/W2913367076
https://openalex.org/W2921345398
https://openalex.org/W1987046199
https://openalex.org/W2063163828
https://openalex.org/W2165935023
https://openalex.org/W3047165924
https://openalex.org/W1966353524
https://openalex.org/W1991270701
https://openalex.org/W2105762734
https://openalex.org/W2107363375
https://openalex.org/W2026466592
https://openalex.org/W1990401148
https://openalex.org/W2003604990
https://openalex.org/W2165156191
https://openalex.org/W2030487003
https://openalex.org/W2073786039
https://openalex.org/W2125063069
https://openalex.org/W123170232
https://openalex.org/W2005447579
https://openalex.org/W2030478198
https://openalex.org/W2035893455
https://openalex.org/W2106266889
https://openalex.org/W2598624614
https://openalex.org/W3159826075
https://openalex.org/W2061313195
https://openalex.org/W2099525864
https://openalex.org/W1967611583
https://openalex.org/W1971217281
https://openalex.org/W2042469140
https://openalex.org/W2042855662
https://openalex.org/W2045893367
https://openalex.org/W2058798560
https://openalex.org/W2097961780
https://openalex.org/W2126923375
https://openalex.org/W2028153921
https://openalex.org/W2041111328
https://openalex.org/W2055773789
https://openalex.org/W2088387374
https://openalex.org/W2159681451
https://openalex.org/W2316093446
https://openalex.org/W2616860187
https://openalex.org/W1991354356
https://openalex.org/W2025953423
https://openalex.org/W2159029480
https://openalex.org/W1500096282
https://openalex.org/W2030838650
https://openalex.org/W2340461165
https://openalex.org/W2066278793
https://openalex.org/W2145353516
https://openalex.org/W2148596031
https://openalex.org/W2555936050
https://openalex.org/W2057821382
https://openalex.org/W2124141381
https://openalex.org/W2764264750
https://openalex.org/W1970085482
https://openalex.org/W1970475074
https://openalex.org/W2011156945
https://openalex.org/W2139185315
https://openalex.org/W1995276980
https://openalex.org/W2001031864
https://openalex.org/W2027014007
https://openalex.org/W2034275126
https://openalex.org/W2065887557
https://openalex.org/W2084618184
https://openalex.org/W2133266582
https://openalex.org/W2137084404
https://openalex.org/W2146884517
https://openalex.org/W428529592
https://openalex.org/W1994222030
https://openalex.org/W1995317325
https://openalex.org/W2913540618
https://openalex.org/W3003996334
https://openalex.org/W2033210838
https://openalex.org/W2038528095
https://openalex.org/W2103586266
https://openalex.org/W2117957387
https://openalex.org/W2607017992
https://openalex.org/W44170139
https://openalex.org/W1973686262
https://openalex.org/W2058708682
https://openalex.org/W2087582367
https://openalex.org/W2345691001
https://openalex.org/W2883311600
https://openalex.org/W1549638891
https://openalex.org/W2011494892
https://openalex.org/W2034714666
https://openalex.org/W2049243219
https://openalex.org/W2064396981
https://openalex.org/W2093229250
https://openalex.org/W2110502489
https://openalex.org/W2146939936
https://openalex.org/W2170951010
https://openalex.org/W2523001144
https://openalex.org/W2906406961
https://openalex.org/W1998108477
https://openalex.org/W2000554438
https://openalex.org/W2027373692
https://openalex.org/W2045083929
https://openalex.org/W2085695533
https://openalex.org/W2170844557
https://openalex.org/W2946512002
https://openalex.org/W2012587565
https://openalex.org/W2069004752
https://openalex.org/W2077466283
https://openalex.org/W2090807499
https://openalex.org/W2172062181
https://openalex.org/W24911403
https://openalex.org/W1867298201
https://openalex.org/W1968453437
https://openalex.org/W1988415349
https://openalex.org/W2046143835
https://openalex.org/W2104062741
https://openalex.org/W2988191778
https://openalex.org/W2022269853
https://openalex.org/W2068078388
https://openalex.org/W2135676962
https://openalex.org/W2136303703
https://openalex.org/W2149913718
https://openalex.org/W2150723189
https://openalex.org/W2152924923
https://openalex.org/W2158625653
https://openalex.org/W2176694530
https://openalex.org/W1859711096
https://openalex.org/W1982688900
https://openalex.org/W2109929683
https://openalex.org/W2111090514
https://openalex.org/W2140683371
https://openalex.org/W2156071102
https://openalex.org/W2888431144
https://openalex.org/W3043446683
https://openalex.org/W4313347786
https://openalex.org/W1532516694
https://openalex.org/W1986568058
https://openalex.org/W200039959
https://openalex.org/W2034602349
https://openalex.org/W2053708409
https://openalex.org/W2058907132
https://openalex.org/W2076696162
https://openalex.org/W2155115398
https://openalex.org/W2157900284
https://openalex.org/W2168843466
https://openalex.org/W3188300656
https://openalex.org/W1972104756
https://openalex.org/W1978588723
https://openalex.org/W2121366563
https://openalex.org/W2138584967
https://openalex.org/W2166625032
https://openalex.org/W2596392962
https://openalex.org/W3012992526
https://openalex.org/W2014226127
https://openalex.org/W2054234789
https://openalex.org/W2086523714
https://openalex.org/W2109925804
https://openalex.org/W2139313991
https://openalex.org/W2148349695
https://openalex.org/W2593037092
https://openalex.org/W2019362945
https://openalex.org/W2041635532
https://openalex.org/W2143864438
https://openalex.org/W2157256130
https://openalex.org/W1972248466
https://openalex.org/W1986849471
https://openalex.org/W2009157415
https://openalex.org/W2022608852
https://openalex.org/W2029806169
https://openalex.org/W2058200762
https://openalex.org/W2079643984
https://openalex.org/W2109131677
https://openalex.org/W2138630674
https://openalex.org/W2521355527
https://openalex.org/W2589002490
https://openalex.org/W2940846425
https://openalex.org/W3048753345
https://openalex.org/W1580544652
https://openalex.org/W2013145182
https://openalex.org/W2084563059
https://openalex.org/W1972597565
https://openalex.org/W1983249657
https://openalex.org/W2080200842
https://openalex.org/W2163718256
https://openalex.org/W2301243132
https://openalex.org/W2720101788
https://openalex.org/W2803152926
https://openalex.org/W2895889581
https://openalex.org/W3080828725
https://openalex.org/W84580904
https://openalex.org/W1557979114
https://openalex.org/W1968737920
https://openalex.org/W2046993936
https://openalex.org/W2116843165
https://openalex.org/W2312184466
https://openalex.org/W2333884794
https://openalex.org/W2588536239
https://openalex.org/W3216709718
https://openalex.org/W1979239561
https://openalex.org/W1999448703
https://openalex.org/W2006435763
https://openalex.org/W2016216539
https://openalex.org/W2017772788
https://openalex.org/W2035871628
https://openalex.org/W2047571971
https://openalex.org/W2075602714
https://openalex.org/W2081152203
https://openalex.org/W2128293952
https://openalex.org/W2138076272
https://openalex.org/W2139254219
https://openalex.org/W2479484746
https://openalex.org/W2885599851
https://openalex.org/W3083644726
https://openalex.org/W2003402283
https://openalex.org/W2035955154
https://openalex.org/W2319137738
https://openalex.org/W2326815287
https://openalex.org/W1850808171
https://openalex.org/W1968692943
https://openalex.org/W1971825694
https://openalex.org/W1977219228
https://openalex.org/W1984519427
https://openalex.org/W2019455566
https://openalex.org/W2048237015
https://openalex.org/W2106174403
https://openalex.org/W2114065647
https://openalex.org/W2145410850
https://openalex.org/W2156161019
https://openalex.org/W2417946244
https://openalex.org/W2768867574
https://openalex.org/W2896766995
https://openalex.org/W2962056638
https://openalex.org/W1947823487
https://openalex.org/W1964928599
https://openalex.org/W1966366296
https://openalex.org/W1987076740
https://openalex.org/W2009119069
https://openalex.org/W2012630912
https://openalex.org/W2027139066
https://openalex.org/W2047772062
https://openalex.org/W2057166477
https://openalex.org/W2082846753
https://openalex.org/W2112021557
https://openalex.org/W2143004833
https://openalex.org/W2144384897
https://openalex.org/W2519145264
https://openalex.org/W2598077960
https://openalex.org/W2761878954
https://openalex.org/W2766442157
https://openalex.org/W2774877468
https://openalex.org/W2799511442
https://openalex.org/W2909331149
https://openalex.org/W4211076682
https://openalex.org/W1652996689
https://openalex.org/W1963677834
https://openalex.org/W2047093883
https://openalex.org/W2127657153
https://openalex.org/W2157549595
https://openalex.org/W2165971332
https://openalex.org/W2254221258
https://openalex.org/W3135305660
https://openalex.org/W1488961672
https://openalex.org/W1966165097
https://openalex.org/W1981577109
https://openalex.org/W1983617574
https://openalex.org/W2009945399
https://openalex.org/W2070149670
https://openalex.org/W2072377935
https://openalex.org/W2096543412
https://openalex.org/W2146039223
https://openalex.org/W2181127586
https://openalex.org/W1014949691
https://openalex.org/W2012039464
https://openalex.org/W2025739268
https://openalex.org/W2037345997
https://openalex.org/W2041152173
https://openalex.org/W2057231286
https://openalex.org/W2108675373
https://openalex.org/W2114842362
https://openalex.org/W2144568070
https://openalex.org/W2150402027
https://openalex.org/W2153795602
https://openalex.org/W2169636096
https://openalex.org/W2509397585
https://openalex.org/W2785628750
https://openalex.org/W3010338511
https://openalex.org/W1501656629
https://openalex.org/W1505123718
https://openalex.org/W1840760434
https://openalex.org/W1968629035
https://openalex.org/W1985349379
https://openalex.org/W1987718531
https://openalex.org/W2005786372
https://openalex.org/W2008407513
https://openalex.org/W2054969559
https://openalex.org/W2084359365
https://openalex.org/W2140579955
https://openalex.org/W2152120879
https://openalex.org/W2315228257
https://openalex.org/W2436389292
https://openalex.org/W2604646569
https://openalex.org/W2760331375
https://openalex.org/W1550666548
https://openalex.org/W1983100842
https://openalex.org/W2008008754
https://openalex.org/W2042365248
https://openalex.org/W2059566756
https://openalex.org/W2086161618
https://openalex.org/W2093767748
https://openalex.org/W2409100080
https://openalex.org/W2903255406
https://openalex.org/W2945005997
https://openalex.org/W3089501322
https://openalex.org/W4308249260
https://openalex.org/W1556755700
https://openalex.org/W1964245084
https://openalex.org/W1972356004
https://openalex.org/W1994583639
https://openalex.org/W2018088720
https://openalex.org/W2025588104
https://openalex.org/W2050714537
https://openalex.org/W2062214339
https://openalex.org/W2067018936
https://openalex.org/W2161446946
https://openalex.org/W2217665569
https://openalex.org/W2300134166
https://openalex.org/W2565973611
https://openalex.org/W2594048697
https://openalex.org/W1986278358
https://openalex.org/W1994706852
https://openalex.org/W2035329280
https://openalex.org/W2047648558
https://openalex.org/W2063056703
https://openalex.org/W2099350945
https://openalex.org/W2101811804
https://openalex.org/W2943403261
https://openalex.org/W3132149187
https://openalex.org/W1548347717
https://openalex.org/W1998358366
https://openalex.org/W2045912248
https://openalex.org/W2069737305
https://openalex.org/W2112951710
https://openalex.org/W2116024110
https://openalex.org/W2287851834
https://openalex.org/W2414645227
https://openalex.org/W2618178229
https://openalex.org/W2621549167
https://openalex.org/W2795223920
https://openalex.org/W2899726216
https://openalex.org/W2989688537
https://openalex.org/W3018382400
https://openalex.org/W3034800070
https://openalex.org/W905824960
https://openalex.org/W1977967180
https://openalex.org/W1990532039
https://openalex.org/W2005760605
https://openalex.org/W2036250355
https://openalex.org/W2039516271
https://openalex.org/W2042547285
https://openalex.org/W2053706894
https://openalex.org/W2064625769
https://openalex.org/W2106672926
https://openalex.org/W2119710522
https://openalex.org/W2172240912
https://openalex.org/W2236227678
https://openalex.org/W2324142768
https://openalex.org/W2759369500
https://openalex.org/W2762544544
https://openalex.org/W2919932305
https://openalex.org/W1596462312
https://openalex.org/W1966724082
https://openalex.org/W1970823370
https://openalex.org/W1985491921
https://openalex.org/W1996590518
https://openalex.org/W1997584721
https://openalex.org/W2019210828
https://openalex.org/W2032854710
https://openalex.org/W2043270774
https://openalex.org/W2055648441
https://openalex.org/W2085556801
https://openalex.org/W2099332798
https://openalex.org/W2108401226
https://openalex.org/W2317403625
https://openalex.org/W2591885430
https://openalex.org/W2766393732
https://openalex.org/W1974037158
https://openalex.org/W2007233513
https://openalex.org/W2009645223
https://openalex.org/W2014533316
https://openalex.org/W2025289525
https://openalex.org/W2045025542
https://openalex.org/W2057515305
https://openalex.org/W2059370151
https://openalex.org/W2092182125
https://openalex.org/W2093761239
https://openalex.org/W2098034562
https://openalex.org/W2108788749
https://openalex.org/W2140533678
https://openalex.org/W2147911623
https://openalex.org/W2153216724
https://openalex.org/W2739115781
https://openalex.org/W3129732379
https://openalex.org/W3154001097
https://openalex.org/W1933984380
https://openalex.org/W1968699101
https://openalex.org/W2001440442
https://openalex.org/W2019986543
https://openalex.org/W2035265438
https://openalex.org/W2041892037
https://openalex.org/W2107576140
https://openalex.org/W2113650777
https://openalex.org/W2118821270
https://openalex.org/W2124860488
https://openalex.org/W2149578277
https://openalex.org/W2156820095
https://openalex.org/W2165984884
https://openalex.org/W2179205948
https://openalex.org/W2612597276
https://openalex.org/W2966186283
https://openalex.org/W2034711398
https://openalex.org/W2044648061
https://openalex.org/W2058689702
https://openalex.org/W2060400439
https://openalex.org/W2085436751
https://openalex.org/W2087085310
https://openalex.org/W2099387190
https://openalex.org/W2152664181
https://openalex.org/W2172334773
https://openalex.org/W2317139552
https://openalex.org/W2470203880
https://openalex.org/W2787590310
https://openalex.org/W2802463990
https://openalex.org/W2887132075
https://openalex.org/W2898457465
https://openalex.org/W2946092267
https://openalex.org/W3106938170
https://openalex.org/W182232477
https://openalex.org/W1827257077
https://openalex.org/W1978075776
https://openalex.org/W1982220721
https://openalex.org/W2007742708
https://openalex.org/W2008508989
https://openalex.org/W2020154252
https://openalex.org/W2052383026
https://openalex.org/W2054491688
https://openalex.org/W2067323363
https://openalex.org/W2081562071
https://openalex.org/W2135371624
https://openalex.org/W2140716763
https://openalex.org/W2163593442
https://openalex.org/W2801561443
https://openalex.org/W2945329522
https://openalex.org/W2952954558
https://openalex.org/W1970407354
https://openalex.org/W1993982567
https://openalex.org/W2006026103
https://openalex.org/W2009521608
https://openalex.org/W2016703187
https://openalex.org/W2017739247
https://openalex.org/W2018500134
https://openalex.org/W2030610895
https://openalex.org/W2038943692
https://openalex.org/W2072286825
https://openalex.org/W2085720832
https://openalex.org/W2097620971
https://openalex.org/W2115470148
https://openalex.org/W2126676615
https://openalex.org/W2412755459
https://openalex.org/W2568671587
https://openalex.org/W2621359636
https://openalex.org/W2749915319
https://openalex.org/W2823845828
https://openalex.org/W3005003280
https://openalex.org/W3082050274
https://openalex.org/W1972930110
https://openalex.org/W1990784181
https://openalex.org/W2004800595
https://openalex.org/W2006265307
https://openalex.org/W2021482886
https://openalex.org/W2023623463
https://openalex.org/W2046256691
https://openalex.org/W2126553084
https://openalex.org/W2152616957
https://openalex.org/W2155446484
https://openalex.org/W2179069293
https://openalex.org/W2561683707
https://openalex.org/W2755739966
https://openalex.org/W3099425593
https://openalex.org/W3204895347
https://openalex.org/W1971544278
https://openalex.org/W1993738481
https://openalex.org/W2010934572
https://openalex.org/W2031450475
https://openalex.org/W2031656696
https://openalex.org/W2055678625
https://openalex.org/W2061238490
https://openalex.org/W2063656324
https://openalex.org/W2070873247
https://openalex.org/W2090968370
https://openalex.org/W2091912936
https://openalex.org/W2092999892
https://openalex.org/W2120280110
https://openalex.org/W2125387847
https://openalex.org/W2134668954
https://openalex.org/W2160084919
https://openalex.org/W2312937146
https://openalex.org/W3109236251
https://openalex.org/W1569056654
https://openalex.org/W1972616930
https://openalex.org/W1974024509
https://openalex.org/W1996874978
https://openalex.org/W1998090164
https://openalex.org/W2009875212
https://openalex.org/W2035167899
https://openalex.org/W2085161801
https://openalex.org/W2093191978
https://openalex.org/W2093638960
https://openalex.org/W2097138026
https://openalex.org/W2103788969
https://openalex.org/W2121440732
https://openalex.org/W2129734857
https://openalex.org/W2136723008
https://openalex.org/W2166292152
https://openalex.org/W2202917061
https://openalex.org/W2477756010
https://openalex.org/W2490810878
https://openalex.org/W2622649087
https://openalex.org/W2783513741
https://openalex.org/W3104432798
https://openalex.org/W192668081
https://openalex.org/W1972526382
https://openalex.org/W1978305176
https://openalex.org/W1987007126
https://openalex.org/W1990967995
https://openalex.org/W2016403646
https://openalex.org/W2019975197
https://openalex.org/W2024315099
https://openalex.org/W2025550347
https://openalex.org/W2052782692
https://openalex.org/W2078050094
https://openalex.org/W2085955227
https://openalex.org/W2102533306
https://openalex.org/W2137544801
https://openalex.org/W2151524629
https://openalex.org/W2162216853
https://openalex.org/W2313267630
https://openalex.org/W2584895748
https://openalex.org/W2605439884
https://openalex.org/W2949350928
https://openalex.org/W4223977854
https://openalex.org/W583225645
https://openalex.org/W1593260561
https://openalex.org/W1984516076
https://openalex.org/W1989002170
https://openalex.org/W1992198720
https://openalex.org/W1992821819
https://openalex.org/W2002968784
https://openalex.org/W2015583733
https://openalex.org/W2024593171
https://openalex.org/W2039869218
https://openalex.org/W2043080080
https://openalex.org/W2055520231
https://openalex.org/W2060642954
https://openalex.org/W2062397182
https://openalex.org/W2090560074
https://openalex.org/W2153720188
https://openalex.org/W2340078952
https://openalex.org/W2518658274
https://openalex.org/W2560991060
https://openalex.org/W286605755
https://openalex.org/W2883107946
https://openalex.org/W2888502000
https://openalex.org/W2911874329
https://openalex.org/W2946058549
https://openalex.org/W2998527165
https://openalex.org/W3157330972
https://openalex.org/W78778186
https://openalex.org/W1572602729
https://openalex.org/W1966319901
https://openalex.org/W1971995447
https://openalex.org/W1999109601
https://openalex.org/W2014141892
https://openalex.org/W2023121391
https://openalex.org/W2066922712
https://openalex.org/W2073967184
https://openalex.org/W2080260912
https://openalex.org/W2088801895
https://openalex.org/W2190555788
https://openalex.org/W2291070458
https://openalex.org/W2538528204
https://openalex.org/W2756608003
https://openalex.org/W2792761497
https://openalex.org/W2913708873
https://openalex.org/W2972508098
https://openalex.org/W3004151248
https://openalex.org/W1603892170
https://openalex.org/W1890512450
https://openalex.org/W1991809787
https://openalex.org/W2006997204
https://openalex.org/W2011555820
https://openalex.org/W2014884119
https://openalex.org/W2045173923
https://openalex.org/W2056327426
https://openalex.org/W2061859547
https://openalex.org/W2074233612
https://openalex.org/W2138895300
https://openalex.org/W2160217057
https://openalex.org/W2167077143
https://openalex.org/W2267935823
https://openalex.org/W2782859092
https://openalex.org/W28940187
https://openalex.org/W2948371047
https://openalex.org/W2979840360
https://openalex.org/W2991240488
https://openalex.org/W3044489363
https://openalex.org/W1920446343
https://openalex.org/W1970023596
https://openalex.org/W1982303480
https://openalex.org/W1990117400
https://openalex.org/W1995268249
https://openalex.org/W2017905717
https://openalex.org/W2018285395
https://openalex.org/W2026439974
https://openalex.org/W2049858438
https://openalex.org/W2056602522
https://openalex.org/W2060451469
https://openalex.org/W2071205331
https://openalex.org/W2073642667
https://openalex.org/W2077844165
https://openalex.org/W2092416055
https://openalex.org/W2125415454
https://openalex.org/W2134234021
https://openalex.org/W2330262084
https://openalex.org/W2343055039
https://openalex.org/W2536901227
https://openalex.org/W2789727032
https://openalex.org/W2902457561
https://openalex.org/W2978848037
https://openalex.org/W3029562242
https://openalex.org/W3082834912
https://openalex.org/W3174121036
https://openalex.org/W1973535821
https://openalex.org/W1984848925
https://openalex.org/W1987044373
https://openalex.org/W2010371043
https://openalex.org/W2022242064
https://openalex.org/W2032023387
https://openalex.org/W2076764699
https://openalex.org/W2079689597
https://openalex.org/W2081039454
https://openalex.org/W2103699088
https://openalex.org/W2108102343
https://openalex.org/W2115156171
https://openalex.org/W2130193679
https://openalex.org/W2132966931
https://openalex.org/W2133159051
https://openalex.org/W2144124971
https://openalex.org/W2168754612
https://openalex.org/W2325466835
https://openalex.org/W2338755413
https://openalex.org/W2809726945
https://openalex.org/W3008058471
https://openalex.org/W3137860624
https://openalex.org/W3153681733
https://openalex.org/W4240259803
https://openalex.org/W1561185534
https://openalex.org/W1567063601
https://openalex.org/W165863149
https://openalex.org/W1949415074
https://openalex.org/W1970552954
https://openalex.org/W1976992619
https://openalex.org/W1989251721
https://openalex.org/W2009093646
https://openalex.org/W2010852928
https://openalex.org/W2034712108
https://openalex.org/W2047383141
https://openalex.org/W2052170332
https://openalex.org/W2059682780
https://openalex.org/W2074321107
https://openalex.org/W2080056695
https://openalex.org/W2085979143
https://openalex.org/W2104441924
https://openalex.org/W2115690354
https://openalex.org/W2139070964
https://openalex.org/W2315399767
https://openalex.org/W2340423070
https://openalex.org/W2485973616
https://openalex.org/W2586257492
https://openalex.org/W2792163197
https://openalex.org/W2942206348
https://openalex.org/W2949943287
https://openalex.org/W3044420082
https://openalex.org/W3193431409
https://openalex.org/W981109825
https://openalex.org/W2023279935
https://openalex.org/W2031349773
https://openalex.org/W2035291402
https://openalex.org/W2035718695
https://openalex.org/W2042428983
https://openalex.org/W2051427284
https://openalex.org/W2057370025
https://openalex.org/W2090385339
https://openalex.org/W2097317488
https://openalex.org/W2100836015
https://openalex.org/W2152771995
https://openalex.org/W2160188363
https://openalex.org/W2574826742
https://openalex.org/W2615825899
https://openalex.org/W2779500317
https://openalex.org/W2796674467
https://openalex.org/W2910402062
https://openalex.org/W2937197958
https://openalex.org/W3014753302
https://openalex.org/W3022262487
https://openalex.org/W3170586678
https://openalex.org/W4254902595
https://openalex.org/W4289940329
https://openalex.org/W1971294696
https://openalex.org/W1995258991
https://openalex.org/W2008171369
https://openalex.org/W2012613815
https://openalex.org/W2034299095
https://openalex.org/W2037711914
https://openalex.org/W2043819685
https://openalex.org/W2046032999
https://openalex.org/W2051977134
https://openalex.org/W2057448687
https://openalex.org/W2062809532
https://openalex.org/W2074680118
https://openalex.org/W2075172345
https://openalex.org/W2112037046
https://openalex.org/W2144800866
https://openalex.org/W2159761703
https://openalex.org/W2164135080
https://openalex.org/W2474236552
https://openalex.org/W2532275065
https://openalex.org/W2562036165
https://openalex.org/W2758440798
https://openalex.org/W2938236228
https://openalex.org/W2940454151
https://openalex.org/W2997085878
https://openalex.org/W3037913529
https://openalex.org/W3164986721
https://openalex.org/W4210969001
https://openalex.org/W1532549004
https://openalex.org/W1807157041
https://openalex.org/W1971548467
https://openalex.org/W1973080079
https://openalex.org/W1974239273
https://openalex.org/W1979507285
https://openalex.org/W1992914384
https://openalex.org/W1997917564
https://openalex.org/W1999778530
https://openalex.org/W2010439369
https://openalex.org/W2022649782
https://openalex.org/W2035537021
https://openalex.org/W2058936332
https://openalex.org/W2071382637
https://openalex.org/W2071441502
https://openalex.org/W2077457223
https://openalex.org/W2083192766
https://openalex.org/W2096568480
https://openalex.org/W2149882918
https://openalex.org/W2169341104
https://openalex.org/W2183729259
https://openalex.org/W2280877577
https://openalex.org/W2301236513
https://openalex.org/W2474931230
https://openalex.org/W2735629111
https://openalex.org/W2896212671
https://openalex.org/W2900683204
https://openalex.org/W2904196213
https://openalex.org/W2957245481
https://openalex.org/W3013177660
https://openalex.org/W3210628792
https://openalex.org/W1801220633
https://openalex.org/W1974031490
https://openalex.org/W1975228643
https://openalex.org/W2012266279
https://openalex.org/W2015457192
https://openalex.org/W2019564158
https://openalex.org/W2026188758
https://openalex.org/W2035338103
https://openalex.org/W2058208135
https://openalex.org/W2060102057
https://openalex.org/W2062246103
https://openalex.org/W2083333314
https://openalex.org/W2086417431
https://openalex.org/W2087200454
https://openalex.org/W2126728685
https://openalex.org/W2128500154
https://openalex.org/W2151188302
https://openalex.org/W2153795095
https://openalex.org/W2156667790
https://openalex.org/W2172117793
https://openalex.org/W2254564403
https://openalex.org/W2260496718
https://openalex.org/W2342773682
https://openalex.org/W2403329072
https://openalex.org/W2466192218
https://openalex.org/W2495671496
https://openalex.org/W2734543642
https://openalex.org/W2745086470
https://openalex.org/W2774821505
https://openalex.org/W2783050182
https://openalex.org/W2801675787
https://openalex.org/W2887029110
https://openalex.org/W2888876589
https://openalex.org/W2921206149
https://openalex.org/W2950793684
https://openalex.org/W2951767568
https://openalex.org/W2991066109
https://openalex.org/W2999377402
https://openalex.org/W3028842373
https://openalex.org/W3041927140
https://openalex.org/W3128236632
https://openalex.org/W3200155323
https://openalex.org/W4284884444
https://openalex.org/W1856327271
https://openalex.org/W1975598487
https://openalex.org/W1997985115
https://openalex.org/W2015742518
https://openalex.org/W2023512817
https://openalex.org/W2023739123
https://openalex.org/W2027322958
https://openalex.org/W2033405722
https://openalex.org/W2036773576
https://openalex.org/W2037776522
https://openalex.org/W2077265814
https://openalex.org/W2082083615
https://openalex.org/W2094306271
https://openalex.org/W2123061186
https://openalex.org/W2128548033
https://openalex.org/W2129767391
https://openalex.org/W2136287176
https://openalex.org/W2139663157
https://openalex.org/W2142583104
https://openalex.org/W2152492106
https://openalex.org/W2159619608
https://openalex.org/W2289158654
https://openalex.org/W2769275919
https://openalex.org/W2945390073
https://openalex.org/W2953469433
https://openalex.org/W2963464972
https://openalex.org/W2969960961
https://openalex.org/W3038567581
https://openalex.org/W3099306116
https://openalex.org/W72617075
https://openalex.org/W1522510671
https://openalex.org/W1622646160
https://openalex.org/W1902269141
https://openalex.org/W1971286099
https://openalex.org/W1989614235
https://openalex.org/W1998943427
https://openalex.org/W2000259260
https://openalex.org/W2005070170
https://openalex.org/W2006322864
https://openalex.org/W2009148359
https://openalex.org/W2023571340
https://openalex.org/W2023882802
https://openalex.org/W2026798364
https://openalex.org/W2026824266
https://openalex.org/W2033997904
https://openalex.org/W2035450211
https://openalex.org/W2035824143
https://openalex.org/W2044385639
https://openalex.org/W2048969967
https://openalex.org/W2056500049
https://openalex.org/W2078581078
https://openalex.org/W2083050197
https://openalex.org/W2085976990
https://openalex.org/W2086615800
https://openalex.org/W2092852367
https://openalex.org/W2093165601
https://openalex.org/W2094645153
https://openalex.org/W2099301919
https://openalex.org/W2109135136
https://openalex.org/W2121709157
https://openalex.org/W2141068295
https://openalex.org/W2154507954
https://openalex.org/W2160197573
https://openalex.org/W2221128412
https://openalex.org/W2345054428
https://openalex.org/W2505894836
https://openalex.org/W2509119494
https://openalex.org/W2610593280
https://openalex.org/W2732067128
https://openalex.org/W2969219720
https://openalex.org/W3090055299
https://openalex.org/W3103457184
https://openalex.org/W3109461933
https://openalex.org/W3110459597
https://openalex.org/W4200462472
https://openalex.org/W948496184
https://openalex.org/W1483095966
https://openalex.org/W1890753781
https://openalex.org/W1938559619
https://openalex.org/W1964753486
https://openalex.org/W1967985380
https://openalex.org/W1982278073
https://openalex.org/W1985533385
https://openalex.org/W1988635733
https://openalex.org/W2007454557
https://openalex.org/W2012594518
https://openalex.org/W2013832238
https://openalex.org/W2033693571
https://openalex.org/W2034550588
https://openalex.org/W2037576612
https://openalex.org/W2046255145
https://openalex.org/W2066317791
https://openalex.org/W2080191132
https://openalex.org/W2081732195
https://openalex.org/W2082780312
https://openalex.org/W2092544067
https://openalex.org/W2095211647
https://openalex.org/W2095370543
https://openalex.org/W2111178429
https://openalex.org/W2122601448
https://openalex.org/W2126274580
https://openalex.org/W2127532993
https://openalex.org/W2127914237
https://openalex.org/W2314919359
https://openalex.org/W2315945056
https://openalex.org/W2602293296
https://openalex.org/W2800810257
https://openalex.org/W2884234375
https://openalex.org/W2886418198
https://openalex.org/W2894510732
https://openalex.org/W2897691400
https://openalex.org/W3108141335
https://openalex.org/W3109518285
https://openalex.org/W3112926613
https://openalex.org/W3163984104
https://openalex.org/W3165416862
https://openalex.org/W3169060181
https://openalex.org/W4207085797
https://openalex.org/W4254520270
https://openalex.org/W4313018984
https://openalex.org/W181922276
https://openalex.org/W1963090175
https://openalex.org/W1965130972
https://openalex.org/W1969715892
https://openalex.org/W1971473315
https://openalex.org/W1972114462
https://openalex.org/W1976432277
https://openalex.org/W1982817385
https://openalex.org/W1983121890
https://openalex.org/W2005568213
https://openalex.org/W2012348717
https://openalex.org/W2024021723
https://openalex.org/W2025404541
https://openalex.org/W2037767530
https://openalex.org/W2042854759
https://openalex.org/W2049460570
https://openalex.org/W2049601543
https://openalex.org/W2052010154
https://openalex.org/W2063425267
https://openalex.org/W2078127668
https://openalex.org/W2079900141
https://openalex.org/W2085218809
https://openalex.org/W2087283988
https://openalex.org/W2094341361
https://openalex.org/W2118883026
https://openalex.org/W2131630828
https://openalex.org/W2151394703
https://openalex.org/W2152237458
https://openalex.org/W2169802631
https://openalex.org/W2170514247
https://openalex.org/W2338852758
https://openalex.org/W2810549935
https://openalex.org/W2912313519
https://openalex.org/W2921203566
https://openalex.org/W2968247134
https://openalex.org/W2969804619
https://openalex.org/W2994978301
https://openalex.org/W3008260414
https://openalex.org/W3161991668
https://openalex.org/W4253960412
https://openalex.org/W173850821
https://openalex.org/W1846774412
https://openalex.org/W1970765476
https://openalex.org/W1986718459
https://openalex.org/W1988357514
https://openalex.org/W1995537398
https://openalex.org/W1998593109
https://openalex.org/W1998737361
https://openalex.org/W1999842521
https://openalex.org/W2011667781
https://openalex.org/W2015504950
https://openalex.org/W2016950305
https://openalex.org/W2024461582
https://openalex.org/W2026604595
https://openalex.org/W2031420163
https://openalex.org/W2035623949
https://openalex.org/W2073804831
https://openalex.org/W2075135949
https://openalex.org/W2085746185
https://openalex.org/W2104055241
https://openalex.org/W2127314604
https://openalex.org/W2135940527
https://openalex.org/W2142903518
https://openalex.org/W2146429424
https://openalex.org/W2255885651
https://openalex.org/W2563809466
https://openalex.org/W2585321833
https://openalex.org/W2755724475
https://openalex.org/W2756212195
https://openalex.org/W2890320912
https://openalex.org/W2903046377
https://openalex.org/W2952195205
https://openalex.org/W3091086879
https://openalex.org/W585639872
https://openalex.org/W1767475947
https://openalex.org/W1770641067
https://openalex.org/W179041473
https://openalex.org/W1964467456
https://openalex.org/W1966409689
https://openalex.org/W1977101581
https://openalex.org/W1986546935
https://openalex.org/W1997759378
https://openalex.org/W2018520418
https://openalex.org/W2023972658
https://openalex.org/W2043208237
https://openalex.org/W2045561203
https://openalex.org/W2052065548
https://openalex.org/W2057446725
https://openalex.org/W2061745432
https://openalex.org/W2070279414
https://openalex.org/W2074278959
https://openalex.org/W2078073969
https://openalex.org/W2089644617
https://openalex.org/W2093263574
https://openalex.org/W2098431336
https://openalex.org/W2116350626
https://openalex.org/W2134344551
https://openalex.org/W2160660768
https://openalex.org/W2165978910
https://openalex.org/W2188531173
https://openalex.org/W2222692732
https://openalex.org/W2222708873
https://openalex.org/W2274049571
https://openalex.org/W2344036489
https://openalex.org/W2347011813
https://openalex.org/W2418447407
https://openalex.org/W2462582496
https://openalex.org/W2465734780
https://openalex.org/W2551969021
https://openalex.org/W2559371777
https://openalex.org/W2729105065
https://openalex.org/W2740100035
https://openalex.org/W2770879058
https://openalex.org/W2792987250
https://openalex.org/W2793891375
https://openalex.org/W2807259072
https://openalex.org/W281330656
https://openalex.org/W2900060208
https://openalex.org/W2904666557
https://openalex.org/W2911426771
https://openalex.org/W2975099729
https://openalex.org/W2994697502
https://openalex.org/W3033756232
https://openalex.org/W3111024286
https://openalex.org/W3163954599
https://openalex.org/W4214498400
https://openalex.org/W4285726404
https://openalex.org/W62592189
https://openalex.org/W1262547123
https://openalex.org/W1501294841
https://openalex.org/W1935026116
https://openalex.org/W1983203890
https://openalex.org/W1986532926
https://openalex.org/W1990766479
https://openalex.org/W1994491047
https://openalex.org/W2003574523
https://openalex.org/W2005873783
https://openalex.org/W2007929332
https://openalex.org/W2009173140
https://openalex.org/W2009533682
https://openalex.org/W2014184501
https://openalex.org/W2018928423
https://openalex.org/W2028221011
https://openalex.org/W2031537966
https://openalex.org/W2042824019
https://openalex.org/W2051470178
https://openalex.org/W2062018654
https://openalex.org/W2079532267
https://openalex.org/W2089167596
https://openalex.org/W2158783529
https://openalex.org/W2165891422
https://openalex.org/W2284132824
https://openalex.org/W2320713307
https://openalex.org/W2414015381
https://openalex.org/W2508150341
https://openalex.org/W2584302959
https://openalex.org/W2742177200
https://openalex.org/W2748261752
https://openalex.org/W2808635687
https://openalex.org/W2809918218
https://openalex.org/W3041364153
https://openalex.org/W3154354258
https://openalex.org/W4200220124
https://openalex.org/W69521350
https://openalex.org/W1605456685
https://openalex.org/W1812080287
https://openalex.org/W1964775285
https://openalex.org/W1967500218
https://openalex.org/W1988161079
https://openalex.org/W1988907719
https://openalex.org/W2009804037
https://openalex.org/W2009897581
https://openalex.org/W2022256923
https://openalex.org/W2029045962
https://openalex.org/W2036892838
https://openalex.org/W2037794793
https://openalex.org/W2042682247
https://openalex.org/W2047865526
https://openalex.org/W2057935595
https://openalex.org/W2058791021
https://openalex.org/W2091191728
https://openalex.org/W2099716952
https://openalex.org/W2108895066
https://openalex.org/W2117137272
https://openalex.org/W2120658454
https://openalex.org/W2133512732
https://openalex.org/W2138113629
https://openalex.org/W2144201231
https://openalex.org/W2161232309
https://openalex.org/W2402855920
https://openalex.org/W2495510040
https://openalex.org/W2497284168
https://openalex.org/W2509900411
https://openalex.org/W2655812541
https://openalex.org/W2754378368
https://openalex.org/W2777847668
https://openalex.org/W2803526224
https://openalex.org/W2808500918
https://openalex.org/W2893743371
https://openalex.org/W2898517435
https://openalex.org/W2902350019
https://openalex.org/W2924524501
https://openalex.org/W2941187448
https://openalex.org/W2949594781
https://openalex.org/W2950040388
https://openalex.org/W2954802554
https://openalex.org/W2965034411
https://openalex.org/W3000120132
https://openalex.org/W3010584173
https://openalex.org/W3035890664
https://openalex.org/W3038221027
https://openalex.org/W3087220431
https://openalex.org/W3118613332
https://openalex.org/W3118882567
https://openalex.org/W3129945957
https://openalex.org/W3135081070
https://openalex.org/W3210481434
https://openalex.org/W60945948
https://openalex.org/W1936348762
https://openalex.org/W1964680229
https://openalex.org/W1974841194
https://openalex.org/W1986668938
https://openalex.org/W1991952644
https://openalex.org/W1994562776
https://openalex.org/W1995719582
https://openalex.org/W1995830964
https://openalex.org/W2003125069
https://openalex.org/W2012726620
https://openalex.org/W2016689909
https://openalex.org/W2024335513
https://openalex.org/W2024639361
https://openalex.org/W2027678821
https://openalex.org/W2043802335
https://openalex.org/W2045779021
https://openalex.org/W2046200483
https://openalex.org/W2049136078
https://openalex.org/W2053590502
https://openalex.org/W2063995107
https://openalex.org/W2079353043
https://openalex.org/W2091977650
https://openalex.org/W2092480731
https://openalex.org/W2101435839
https://openalex.org/W2109115619
https://openalex.org/W2115918112
https://openalex.org/W2128946947
https://openalex.org/W2130259439
https://openalex.org/W2155967177
https://openalex.org/W2159318602
https://openalex.org/W2166101457
https://openalex.org/W2266219027
https://openalex.org/W2732383262
https://openalex.org/W2790408764
https://openalex.org/W2902369589
https://openalex.org/W2910338564
https://openalex.org/W2924377074
https://openalex.org/W2952613408
https://openalex.org/W2981600806
https://openalex.org/W2990262302
https://openalex.org/W3089062989
https://openalex.org/W3089507919
https://openalex.org/W3119704328
https://openalex.org/W4252899915
https://openalex.org/W1532512592
https://openalex.org/W170263578
https://openalex.org/W1892274864
https://openalex.org/W1928242794
https://openalex.org/W1928800129
https://openalex.org/W1966632674
https://openalex.org/W1967992313
https://openalex.org/W1970181631
https://openalex.org/W1983642964
https://openalex.org/W1990040968
https://openalex.org/W1992781436
https://openalex.org/W2009213731
https://openalex.org/W2012321301
https://openalex.org/W2013336754
https://openalex.org/W2018783633
https://openalex.org/W2022816153
https://openalex.org/W2029635590
https://openalex.org/W2033443954
https://openalex.org/W2036570086
https://openalex.org/W2057030213
https://openalex.org/W2060395182
https://openalex.org/W2063744345
https://openalex.org/W2064726594
https://openalex.org/W2064796203
https://openalex.org/W2074950075
https://openalex.org/W2082550827
https://openalex.org/W2121522472
https://openalex.org/W2122045944
https://openalex.org/W2128440995
https://openalex.org/W2132188858
https://openalex.org/W2140648495
https://openalex.org/W2162156991
https://openalex.org/W2164543459
https://openalex.org/W2167590123
https://openalex.org/W2242000780
https://openalex.org/W2512137876
https://openalex.org/W2595161469
https://openalex.org/W2693492378
https://openalex.org/W2752563317
https://openalex.org/W2888646577
https://openalex.org/W2890078794
https://openalex.org/W2893940979
https://openalex.org/W2928847905
https://openalex.org/W2931765946
https://openalex.org/W2948869135
https://openalex.org/W2951424961
https://openalex.org/W2964887739
https://openalex.org/W3033062687
https://openalex.org/W3033155331
https://openalex.org/W3038361694
https://openalex.org/W3040113332
https://openalex.org/W3093273105
https://openalex.org/W3121090083
https://openalex.org/W3130814365
https://openalex.org/W3133737650
https://openalex.org/W3138272923
https://openalex.org/W3174658410
https://openalex.org/W4229057565
https://openalex.org/W1500560849
https://openalex.org/W192025775
https://openalex.org/W1963705584
https://openalex.org/W1967592970
https://openalex.org/W1972928413
https://openalex.org/W1977246796
https://openalex.org/W1981810658
https://openalex.org/W1991075042
https://openalex.org/W1993255252
https://openalex.org/W1997282477
https://openalex.org/W2005587315
https://openalex.org/W2014165980
https://openalex.org/W2016722203
https://openalex.org/W2018728968
https://openalex.org/W2019259046
https://openalex.org/W2026982530
https://openalex.org/W2040616817
https://openalex.org/W2045047237
https://openalex.org/W2047836926
https://openalex.org/W2047957186
https://openalex.org/W2053674387
https://openalex.org/W2057207585
https://openalex.org/W2060213856
https://openalex.org/W2060521647
https://openalex.org/W2075777118
https://openalex.org/W2100147082
https://openalex.org/W2110202671
https://openalex.org/W2126015429
https://openalex.org/W2127061934
https://openalex.org/W2147868958
https://openalex.org/W2178292520
https://openalex.org/W2264638282
https://openalex.org/W2320972791
https://openalex.org/W2346136483
https://openalex.org/W2407218803
https://openalex.org/W2569730217
https://openalex.org/W2613935092
https://openalex.org/W2730529523
https://openalex.org/W2744513022
https://openalex.org/W2770089666
https://openalex.org/W2773450082
https://openalex.org/W2792419801
https://openalex.org/W2898745097
https://openalex.org/W2902948974
https://openalex.org/W2903251848
https://openalex.org/W2913619020
https://openalex.org/W2938918719
https://openalex.org/W2943835564
https://openalex.org/W2949928222
https://openalex.org/W2969991085
https://openalex.org/W2980098050
https://openalex.org/W2997434336
https://openalex.org/W2999710914
https://openalex.org/W3018936295
https://openalex.org/W3083953126
https://openalex.org/W3121330865
https://openalex.org/W3131212828
https://openalex.org/W3153077591
https://openalex.org/W4290671898
https://openalex.org/W1254988029
https://openalex.org/W1965412406
https://openalex.org/W1989025592
https://openalex.org/W1989312761
https://openalex.org/W2010630501
https://openalex.org/W2028757051
https://openalex.org/W2031506063
https://openalex.org/W2032387536
https://openalex.org/W2038913106
https://openalex.org/W2041744256
https://openalex.org/W2048777571
https://openalex.org/W2048979061
https://openalex.org/W2055329207
https://openalex.org/W2069273649
https://openalex.org/W2074588487
https://openalex.org/W2087393188
https://openalex.org/W2099253626
https://openalex.org/W2107018588
https://openalex.org/W2119388856
https://openalex.org/W2119571573
https://openalex.org/W2145737863
https://openalex.org/W2164969523
https://openalex.org/W2393500673
https://openalex.org/W250513750
https://openalex.org/W2605888557
https://openalex.org/W2749861307
https://openalex.org/W2751838801
https://openalex.org/W2768122596
https://openalex.org/W2779439463
https://openalex.org/W2791622952
https://openalex.org/W2810459389
https://openalex.org/W2891605315
https://openalex.org/W2901100841
https://openalex.org/W2995420118
https://openalex.org/W3003574510
https://openalex.org/W3005629604
https://openalex.org/W3005675695
https://openalex.org/W3016381689
https://openalex.org/W3030998935
https://openalex.org/W3089400342
https://openalex.org/W3124523043
https://openalex.org/W4251488688
https://openalex.org/W1166989824
https://openalex.org/W1529884955
https://openalex.org/W1630397856
https://openalex.org/W1817138041
https://openalex.org/W1972479374
https://openalex.org/W1973608617
https://openalex.org/W1976724371
https://openalex.org/W1976815262
https://openalex.org/W1991847581
https://openalex.org/W1993240381
https://openalex.org/W2003065891
https://openalex.org/W2005151301
https://openalex.org/W2005868554
https://openalex.org/W2016577201
https://openalex.org/W2033349134
https://openalex.org/W2033397991
https://openalex.org/W2040468619
https://openalex.org/W2046607686
https://openalex.org/W2046646513
https://openalex.org/W2052468348
https://openalex.org/W2064816808
https://openalex.org/W2066307484
https://openalex.org/W2066701836
https://openalex.org/W2072713546
https://openalex.org/W2087835836
https://openalex.org/W2089891012
https://openalex.org/W2094897979
https://openalex.org/W2112473967
https://openalex.org/W2114525498
https://openalex.org/W2125866455
https://openalex.org/W2130441225
https://openalex.org/W2132763543
https://openalex.org/W2133758734
https://openalex.org/W2147109110
https://openalex.org/W2157848212
https://openalex.org/W2171246904
https://openalex.org/W2233687328
https://openalex.org/W2319053950
https://openalex.org/W2515841995
https://openalex.org/W2520613944
https://openalex.org/W2593924300
https://openalex.org/W2607206423
https://openalex.org/W2776831317
https://openalex.org/W2805672318
https://openalex.org/W2805917065
https://openalex.org/W2891047527
https://openalex.org/W2901418049
https://openalex.org/W2902196742
https://openalex.org/W2931572455
https://openalex.org/W2937098459
https://openalex.org/W2942938633
https://openalex.org/W2953722872
https://openalex.org/W2971411759
https://openalex.org/W2972156753
https://openalex.org/W2972517820
https://openalex.org/W2986520705
https://openalex.org/W2998167174
https://openalex.org/W3006743282
https://openalex.org/W3014756025
https://openalex.org/W3033481405
https://openalex.org/W3034974779
https://openalex.org/W3037257540
https://openalex.org/W3037668003
https://openalex.org/W3041386530
https://openalex.org/W3097576650
https://openalex.org/W3119851876
https://openalex.org/W3124943021
https://openalex.org/W3134474988
https://openalex.org/W3165619042
https://openalex.org/W3198101459
https://openalex.org/W4220835975
https://openalex.org/W65225240
https://openalex.org/W139215279
https://openalex.org/W1525998115
https://openalex.org/W1753682409
https://openalex.org/W1754841186
https://openalex.org/W1966479271
https://openalex.org/W1975974211
https://openalex.org/W1977216225
https://openalex.org/W1980976583
https://openalex.org/W1984293865
https://openalex.org/W1996841491
https://openalex.org/W2004362264
https://openalex.org/W2006319064
https://openalex.org/W2024045492
https://openalex.org/W2026859794
https://openalex.org/W2036766086
https://openalex.org/W2057509499
https://openalex.org/W2066140253
https://openalex.org/W2067814713
https://openalex.org/W2068684373
https://openalex.org/W2069022256
https://openalex.org/W2075698811
https://openalex.org/W2076487846
https://openalex.org/W2080301412
https://openalex.org/W2085876459
https://openalex.org/W2093568454
https://openalex.org/W2094217737
https://openalex.org/W2094557092
https://openalex.org/W2099637325
https://openalex.org/W2100321512
https://openalex.org/W2113273882
https://openalex.org/W2113822969
https://openalex.org/W2139188056
https://openalex.org/W2150053749
https://openalex.org/W2155426584
https://openalex.org/W2161731726
https://openalex.org/W2162627664
https://openalex.org/W2165489484
https://openalex.org/W2168523646
https://openalex.org/W2396865927
https://openalex.org/W2405526742
https://openalex.org/W2551085743
https://openalex.org/W2558928405
https://openalex.org/W2588677703
https://openalex.org/W2619543968
https://openalex.org/W2760946560
https://openalex.org/W2765737793
https://openalex.org/W2783438805
https://openalex.org/W2810699737
https://openalex.org/W2902045553
https://openalex.org/W2905254834
https://openalex.org/W2909127726
https://openalex.org/W2940702829
https://openalex.org/W2945155510
https://openalex.org/W2949439069
https://openalex.org/W2950336320
https://openalex.org/W2965206174
https://openalex.org/W2990332048
https://openalex.org/W3027385418
https://openalex.org/W3048976421
https://openalex.org/W3108321273
https://openalex.org/W3128413883
https://openalex.org/W3134684851
https://openalex.org/W3136070778
https://openalex.org/W3138122860
https://openalex.org/W3143809537
https://openalex.org/W3153058131
https://openalex.org/W4224280077
https://openalex.org/W4238414525
https://openalex.org/W4310718486
https://openalex.org/W1593730162
https://openalex.org/W1970105112
https://openalex.org/W1978746255
https://openalex.org/W1980766480
https://openalex.org/W1996382292
https://openalex.org/W1996920350
https://openalex.org/W2006730500
https://openalex.org/W2015080479
https://openalex.org/W2025298132
https://openalex.org/W2026272797
https://openalex.org/W2027140663
https://openalex.org/W2035185298
https://openalex.org/W2037783864
https://openalex.org/W2041436445
https://openalex.org/W2045269104
https://openalex.org/W2054770484
https://openalex.org/W2067859851
https://openalex.org/W2071340230
https://openalex.org/W2075824111
https://openalex.org/W2079119749
https://openalex.org/W2094084750
https://openalex.org/W2099040847
https://openalex.org/W2101805724
https://openalex.org/W2111757319
https://openalex.org/W2112254133
https://openalex.org/W2152964282
https://openalex.org/W2293065864
https://openalex.org/W2330792516
https://openalex.org/W2332955777
https://openalex.org/W2522030862
https://openalex.org/W2551606221
https://openalex.org/W2573510419
https://openalex.org/W2761308585
https://openalex.org/W2763045939
https://openalex.org/W2790526792
https://openalex.org/W2901686009
https://openalex.org/W2908903090
https://openalex.org/W2945303644
https://openalex.org/W2949308537
https://openalex.org/W2972172136
https://openalex.org/W2978887202
https://openalex.org/W3000306887
https://openalex.org/W3014129418
https://openalex.org/W3014329252
https://openalex.org/W3083134120
https://openalex.org/W3117400651
https://openalex.org/W3125946240
https://openalex.org/W3129062002
https://openalex.org/W3134578468
https://openalex.org/W3160266623
https://openalex.org/W3184757627
https://openalex.org/W3197875123
https://openalex.org/W4230906879
https://openalex.org/W782549468
https://openalex.org/W1898323141
https://openalex.org/W1968285908
https://openalex.org/W1970252104
https://openalex.org/W1974319191
https://openalex.org/W1975479498
https://openalex.org/W1979331959
https://openalex.org/W1981199168
https://openalex.org/W1984211751
https://openalex.org/W1994231103
https://openalex.org/W1996863401
https://openalex.org/W1998338420
https://openalex.org/W2005558762
https://openalex.org/W2006071579
https://openalex.org/W2006534658
https://openalex.org/W2017455120
https://openalex.org/W2033427427
https://openalex.org/W2034974358
https://openalex.org/W2044612493
https://openalex.org/W2051363091
https://openalex.org/W2060850874
https://openalex.org/W2064265277
https://openalex.org/W2070091475
https://openalex.org/W2071522623
https://openalex.org/W2073215769
https://openalex.org/W2076285410
https://openalex.org/W2079090252
https://openalex.org/W2083007186
https://openalex.org/W2083177698
https://openalex.org/W2128070554
https://openalex.org/W2131282257
https://openalex.org/W2134705372
https://openalex.org/W2207216017
https://openalex.org/W2263818121
https://openalex.org/W2292363168
https://openalex.org/W2410191512
https://openalex.org/W2418302524
https://openalex.org/W2426137916
https://openalex.org/W2497583443
https://openalex.org/W2520575083
https://openalex.org/W2604590600
https://openalex.org/W2735073700
https://openalex.org/W2759312749
https://openalex.org/W2767964066
https://openalex.org/W2776871667
https://openalex.org/W2792063525
https://openalex.org/W2805974469
https://openalex.org/W2896213049
https://openalex.org/W2900410595
https://openalex.org/W2912179603
https://openalex.org/W2912656890
https://openalex.org/W2927657052
https://openalex.org/W2944691958
https://openalex.org/W2948325837
https://openalex.org/W2965409766
https://openalex.org/W2987045945
https://openalex.org/W3021308257
https://openalex.org/W3093026732
https://openalex.org/W3112813377
https://openalex.org/W3184875369
https://openalex.org/W3207261372
https://openalex.org/W4210389752
https://openalex.org/W4214737340
https://openalex.org/W4221090298
https://openalex.org/W4283687760
https://openalex.org/W52080556
https://openalex.org/W1507301726
https://openalex.org/W1526964215
https://openalex.org/W1590598546
https://openalex.org/W1624209161
https://openalex.org/W1664148164
https://openalex.org/W1947606025
https://openalex.org/W1956750280
https://openalex.org/W1969428451
https://openalex.org/W1974394804
https://openalex.org/W1974474039
https://openalex.org/W1987839648
https://openalex.org/W1997817723
https://openalex.org/W2012688709
https://openalex.org/W2012975933
https://openalex.org/W2014273820
https://openalex.org/W2018322926
https://openalex.org/W2020953851
https://openalex.org/W2025870891
https://openalex.org/W2030813989
https://openalex.org/W2041433650
https://openalex.org/W2045289740
https://openalex.org/W2050773612
https://openalex.org/W2052232342
https://openalex.org/W2066956343
https://openalex.org/W2070605729
https://openalex.org/W2079950061
https://openalex.org/W2087666645
https://openalex.org/W2091967862
https://openalex.org/W2093793423
https://openalex.org/W2113031595
https://openalex.org/W2125221738
https://openalex.org/W2128933193
https://openalex.org/W2133279921
https://openalex.org/W2133744341
https://openalex.org/W2133770895
https://openalex.org/W2139312227
https://openalex.org/W2140532133
https://openalex.org/W2160040922
https://openalex.org/W2187196499
https://openalex.org/W2326211548
https://openalex.org/W2331766240
https://openalex.org/W2395599755
https://openalex.org/W2496913237
https://openalex.org/W2518272631
https://openalex.org/W2560754280
https://openalex.org/W2582995408
https://openalex.org/W2603865809
https://openalex.org/W2607137129
https://openalex.org/W2739619460
https://openalex.org/W2750602348
https://openalex.org/W2755656194
https://openalex.org/W2769619954
https://openalex.org/W2770541052
https://openalex.org/W2771292251
https://openalex.org/W2789359948
https://openalex.org/W2790945562
https://openalex.org/W2897474928
https://openalex.org/W2903655205
https://openalex.org/W2912027101
https://openalex.org/W2913608381
https://openalex.org/W2915035317
https://openalex.org/W2923093163
https://openalex.org/W2936154911
https://openalex.org/W2937771325
https://openalex.org/W2948463241
https://openalex.org/W2953274880
https://openalex.org/W2969365297
https://openalex.org/W2969453130
https://openalex.org/W3000027210
https://openalex.org/W3006157675
https://openalex.org/W3024815048
https://openalex.org/W3029926074
https://openalex.org/W3100201187
https://openalex.org/W3130917699
https://openalex.org/W3151788379
https://openalex.org/W3200548405
https://openalex.org/W3207049764
https://openalex.org/W3209905886
https://openalex.org/W4206003162
https://openalex.org/W4221024299
https://openalex.org/W4253920777
https://openalex.org/W4284692190
https://openalex.org/W605142074
https://openalex.org/W125166756
https://openalex.org/W1517669209
https://openalex.org/W1655317268
https://openalex.org/W1697199078
https://openalex.org/W1768805845
https://openalex.org/W1890307256
https://openalex.org/W1980651645
https://openalex.org/W1983176148
https://openalex.org/W1984514253
https://openalex.org/W1985926157
https://openalex.org/W1989260117
https://openalex.org/W1991931757
https://openalex.org/W1995289566
https://openalex.org/W2000498388
https://openalex.org/W2005008780
https://openalex.org/W2011926799
https://openalex.org/W2021263183
https://openalex.org/W2039899061
https://openalex.org/W2057056391
https://openalex.org/W2064175525
https://openalex.org/W2064249740
https://openalex.org/W2065072549
https://openalex.org/W2070099840
https://openalex.org/W2071350564
https://openalex.org/W2074899670
https://openalex.org/W2078859808
https://openalex.org/W2083859270
https://openalex.org/W2087422917
https://openalex.org/W2088031769
https://openalex.org/W2088119914
https://openalex.org/W2091117505
https://openalex.org/W2091292572
https://openalex.org/W2110148834
https://openalex.org/W2112540288
https://openalex.org/W2114480938
https://openalex.org/W2120647382
https://openalex.org/W2126045298
https://openalex.org/W2137621458
https://openalex.org/W2160507541
https://openalex.org/W2204992800
https://openalex.org/W2221492626
https://openalex.org/W2253933703
https://openalex.org/W2322276580
https://openalex.org/W2327573760
https://openalex.org/W2330849285
https://openalex.org/W2338918956
https://openalex.org/W2345854078
https://openalex.org/W2405206882
https://openalex.org/W2415759316
https://openalex.org/W2418864220
https://openalex.org/W2427101677
https://openalex.org/W2560051110
https://openalex.org/W2561127334
https://openalex.org/W2568735481
https://openalex.org/W2765510484
https://openalex.org/W2781386735
https://openalex.org/W2794264027
https://openalex.org/W2845861639
https://openalex.org/W2900155165
https://openalex.org/W2913758322
https://openalex.org/W2914495254
https://openalex.org/W2934108276
https://openalex.org/W2945527579
https://openalex.org/W2954227390
https://openalex.org/W2979772367
https://openalex.org/W3006454146
https://openalex.org/W3010118814
https://openalex.org/W3013371212
https://openalex.org/W3033913286
https://openalex.org/W3081543061
https://openalex.org/W3094848280
https://openalex.org/W3101956437
https://openalex.org/W3113291505
https://openalex.org/W3125024890
https://openalex.org/W3132291575
https://openalex.org/W3153476586
https://openalex.org/W3157377117
https://openalex.org/W3168714799
https://openalex.org/W3194860800
https://openalex.org/W3207910652
https://openalex.org/W3213611550
https://openalex.org/W4214926418
https://openalex.org/W4295459372
https://openalex.org/W1149139695
https://openalex.org/W14957449
https://openalex.org/W1968280924
https://openalex.org/W1978817489
https://openalex.org/W1988891371
https://openalex.org/W1989010227
https://openalex.org/W2000331322
https://openalex.org/W2006094123
https://openalex.org/W2007588113
https://openalex.org/W2009123764
https://openalex.org/W2009187774
https://openalex.org/W2009394339
https://openalex.org/W2011503412
https://openalex.org/W2012411618
https://openalex.org/W2016164680
https://openalex.org/W2022594400
https://openalex.org/W2031525811
https://openalex.org/W2034055343
https://openalex.org/W2034488009
https://openalex.org/W2040765387
https://openalex.org/W2045972162
https://openalex.org/W2046561192
https://openalex.org/W2051593183
https://openalex.org/W2053613183
https://openalex.org/W2057378939
https://openalex.org/W2058882391
https://openalex.org/W2059086368
https://openalex.org/W2072231003
https://openalex.org/W2075044860
https://openalex.org/W2077504707
https://openalex.org/W2083134364
https://openalex.org/W2099201924
https://openalex.org/W2099548004
https://openalex.org/W2121158310
https://openalex.org/W2127613766
https://openalex.org/W2151372173
https://openalex.org/W2167426272
https://openalex.org/W2225914140
https://openalex.org/W2275057423
https://openalex.org/W2315099788
https://openalex.org/W2325328233
https://openalex.org/W2331018325
https://openalex.org/W2331240258
https://openalex.org/W2412423335
https://openalex.org/W2416144246
https://openalex.org/W2466672841
https://openalex.org/W2467030821
https://openalex.org/W2494363138
https://openalex.org/W2520873441
https://openalex.org/W2538234910
https://openalex.org/W2560685552
https://openalex.org/W2621527366
https://openalex.org/W2737922152
https://openalex.org/W2765367732
https://openalex.org/W2795328858
https://openalex.org/W2800695942
https://openalex.org/W2900616348
https://openalex.org/W2914296889
https://openalex.org/W2925952837
https://openalex.org/W2927678074
https://openalex.org/W2938148978
https://openalex.org/W2938466291
https://openalex.org/W2950591436
https://openalex.org/W2950677227
https://openalex.org/W2951436053
https://openalex.org/W2970837715
https://openalex.org/W2991663394
https://openalex.org/W2993447071
https://openalex.org/W3009540493
https://openalex.org/W3019672777
https://openalex.org/W3034789387
https://openalex.org/W3035363275
https://openalex.org/W3036380645
https://openalex.org/W3036701812
https://openalex.org/W3042092072
https://openalex.org/W3047256063
https://openalex.org/W3081420293
https://openalex.org/W3119865601
https://openalex.org/W3128783731
https://openalex.org/W3155213057
https://openalex.org/W3157023937
https://openalex.org/W3177210386
https://openalex.org/W3179281022
https://openalex.org/W3182480478
https://openalex.org/W3200554221
https://openalex.org/W3210197973
https://openalex.org/W4200406453
https://openalex.org/W4214586470
https://openalex.org/W4282972028
https://openalex.org/W4283835737
https://openalex.org/W4284967107
https://openalex.org/W4292739008
https://openalex.org/W4293425707
https://openalex.org/W4312293368
https://openalex.org/W767035902
https://openalex.org/W92646953
https://openalex.org/W1513754966
https://openalex.org/W1853468573
https://openalex.org/W1874493808
https://openalex.org/W1967689630
https://openalex.org/W1967807672
https://openalex.org/W1971729908
https://openalex.org/W1975356680
https://openalex.org/W1975787711
https://openalex.org/W1976585469
https://openalex.org/W1980421221
https://openalex.org/W1982215773
https://openalex.org/W1991739614
https://openalex.org/W1998161762
https://openalex.org/W2004102044
https://openalex.org/W2005881719
https://openalex.org/W2006924202
https://openalex.org/W2008346381
https://openalex.org/W2009477786
https://openalex.org/W2013910054
https://openalex.org/W2014582289
https://openalex.org/W2018344281
https://openalex.org/W2029049477
https://openalex.org/W2045823218
https://openalex.org/W2049397100
https://openalex.org/W2050242461
https://openalex.org/W2057131900
https://openalex.org/W2058112825
https://openalex.org/W2061248650
https://openalex.org/W2064717366
https://openalex.org/W2071928307
https://openalex.org/W2073136524
https://openalex.org/W2077532965
https://openalex.org/W2079017844
https://openalex.org/W2085665971
https://openalex.org/W2086611922
https://openalex.org/W2106311278
https://openalex.org/W2108851810
https://openalex.org/W2117478199
https://openalex.org/W2122873351
https://openalex.org/W2127589869
https://openalex.org/W2127861489
https://openalex.org/W2129726444
https://openalex.org/W2137662231
https://openalex.org/W2143370391
https://openalex.org/W2152481492
https://openalex.org/W2190363204
https://openalex.org/W2192609855
https://openalex.org/W2224203705
https://openalex.org/W2337248829
https://openalex.org/W2424211839
https://openalex.org/W2473702076
https://openalex.org/W2542869238
https://openalex.org/W2585921521
https://openalex.org/W2592819433
https://openalex.org/W2609559786
https://openalex.org/W2614499987
https://openalex.org/W2746800729
https://openalex.org/W2763065852
https://openalex.org/W2783807647
https://openalex.org/W2793303263
https://openalex.org/W2799940720
https://openalex.org/W2805353993
https://openalex.org/W2806038621
https://openalex.org/W2806039467
https://openalex.org/W2807237083
https://openalex.org/W2893308917
https://openalex.org/W2906932889
https://openalex.org/W2910875971
https://openalex.org/W2923774238
https://openalex.org/W2947381748
https://openalex.org/W2950551459
https://openalex.org/W2952355728
https://openalex.org/W2953502518
https://openalex.org/W2954522684
https://openalex.org/W2955662032
https://openalex.org/W2962068935
https://openalex.org/W2964495423
https://openalex.org/W2969855285
https://openalex.org/W2972333852
https://openalex.org/W2987209391
https://openalex.org/W2999688780
https://openalex.org/W3017086979
https://openalex.org/W3025808709
https://openalex.org/W3082861560
https://openalex.org/W3083771399
https://openalex.org/W3086797326
https://openalex.org/W3094002987
https://openalex.org/W3094504885
https://openalex.org/W3097510590
https://openalex.org/W3112208657
https://openalex.org/W3125682221
https://openalex.org/W3146889454
https://openalex.org/W3171386378
https://openalex.org/W3174710022
https://openalex.org/W3209233761
https://openalex.org/W3212501561
https://openalex.org/W330264315
https://openalex.org/W4220836893
https://openalex.org/W4220984034
https://openalex.org/W4235357159
https://openalex.org/W4283325237
https://openalex.org/W4295549162
https://openalex.org/W1529838288
https://openalex.org/W1717896105
https://openalex.org/W1910040992
https://openalex.org/W1969911846
https://openalex.org/W1972010805
https://openalex.org/W1978957140
https://openalex.org/W1982522834
https://openalex.org/W1983703078
https://openalex.org/W1985269645
https://openalex.org/W1988388419
https://openalex.org/W1989655243
https://openalex.org/W1990150368
https://openalex.org/W1999729779
https://openalex.org/W2001656779
https://openalex.org/W2004028775
https://openalex.org/W2014738394
https://openalex.org/W2015700768
https://openalex.org/W2018486948
https://openalex.org/W2039669764
https://openalex.org/W2041191417
https://openalex.org/W2043949481
https://openalex.org/W2055672593
https://openalex.org/W2055689943
https://openalex.org/W2081824054
https://openalex.org/W2085645784
https://openalex.org/W2085654223
https://openalex.org/W2086307536
https://openalex.org/W2088442523
https://openalex.org/W2116904595
https://openalex.org/W2117768687
https://openalex.org/W2135766250
https://openalex.org/W2145791725
https://openalex.org/W2151145699
https://openalex.org/W2159135588
https://openalex.org/W2159477154
https://openalex.org/W2169967270
https://openalex.org/W2219359089
https://openalex.org/W2317551904
https://openalex.org/W2320199346
https://openalex.org/W2320575419
https://openalex.org/W2336585960
https://openalex.org/W2401768453
https://openalex.org/W2401808348
https://openalex.org/W2404937294
https://openalex.org/W2411443976
https://openalex.org/W2414676129
https://openalex.org/W2418491155
https://openalex.org/W2431966286
https://openalex.org/W2462592128
https://openalex.org/W2468873835
https://openalex.org/W2468936942
https://openalex.org/W2551483307
https://openalex.org/W2596851673
https://openalex.org/W2599754541
https://openalex.org/W2604083766
https://openalex.org/W2801667288
https://openalex.org/W2807182114
https://openalex.org/W2884667441
https://openalex.org/W2897134093
https://openalex.org/W2902424783
https://openalex.org/W2908407396
https://openalex.org/W2920953979
https://openalex.org/W2924530446
https://openalex.org/W2949534686
https://openalex.org/W2969890426
https://openalex.org/W2971391798
https://openalex.org/W2974679995
https://openalex.org/W2982031253
https://openalex.org/W2994345182
https://openalex.org/W3003212503
https://openalex.org/W3004365104
https://openalex.org/W3021302678
https://openalex.org/W3038167261
https://openalex.org/W3096820366
https://openalex.org/W3117530904
https://openalex.org/W3122806396
https://openalex.org/W3124326366
https://openalex.org/W3145123387
https://openalex.org/W3157634996
https://openalex.org/W3158124457
https://openalex.org/W3158743243
https://openalex.org/W3170922529
https://openalex.org/W3175763316
https://openalex.org/W3187304532
https://openalex.org/W3193664861
https://openalex.org/W3194418066
https://openalex.org/W3194991424
https://openalex.org/W3200188994
https://openalex.org/W3204094021
https://openalex.org/W3209615308
https://openalex.org/W4206665447
https://openalex.org/W4223468629
https://openalex.org/W4225861571
https://openalex.org/W4232080158
https://openalex.org/W4253477577
https://openalex.org/W4283033895
https://openalex.org/W4291227622
https://openalex.org/W4309288088
https://openalex.org/W4316664871
https://openalex.org/W1583043354
https://openalex.org/W1604238434
https://openalex.org/W1684617308
https://openalex.org/W171006778
https://openalex.org/W1959928147
https://openalex.org/W1964758273
https://openalex.org/W1971912867
https://openalex.org/W1972859917
https://openalex.org/W1976778976
https://openalex.org/W1981238791
https://openalex.org/W1982562655
https://openalex.org/W1988793062
https://openalex.org/W1988999322
https://openalex.org/W1991085310
https://openalex.org/W1991224406
https://openalex.org/W1994209626
https://openalex.org/W1996862171
https://openalex.org/W1999816223
https://openalex.org/W2001282196
https://openalex.org/W2006111516
https://openalex.org/W2009899568
https://openalex.org/W2011944660
https://openalex.org/W2012509992
https://openalex.org/W2017601869
https://openalex.org/W2020347244
https://openalex.org/W2028858666
https://openalex.org/W2032153186
https://openalex.org/W2041063334
https://openalex.org/W2041410410
https://openalex.org/W2045259333
https://openalex.org/W2049167646
https://openalex.org/W2053152021
https://openalex.org/W2054894977
https://openalex.org/W2055488969
https://openalex.org/W2057931460
https://openalex.org/W2058762074
https://openalex.org/W2061930026
https://openalex.org/W2063927551
https://openalex.org/W2068754964
https://openalex.org/W2069402255
https://openalex.org/W2084674151
https://openalex.org/W2109688173
https://openalex.org/W2120719173
https://openalex.org/W2121416564
https://openalex.org/W2129358612
https://openalex.org/W2137660960
https://openalex.org/W2153532284
https://openalex.org/W2159205146
https://openalex.org/W2165056216
https://openalex.org/W2170009831
https://openalex.org/W2171774927
https://openalex.org/W2194188764
https://openalex.org/W2226848484
https://openalex.org/W2284460030
https://openalex.org/W2316284989
https://openalex.org/W2324041712
https://openalex.org/W2335597899
https://openalex.org/W2343252682
https://openalex.org/W2403175264
https://openalex.org/W2428087578
https://openalex.org/W2537657632
https://openalex.org/W2549756051
https://openalex.org/W2557040227
https://openalex.org/W2561658955
https://openalex.org/W2590403341
https://openalex.org/W2617446421
https://openalex.org/W2620714715
https://openalex.org/W2686963941
https://openalex.org/W2734775801
https://openalex.org/W2747449161
https://openalex.org/W2750041912
https://openalex.org/W2765786650
https://openalex.org/W2766990905
https://openalex.org/W2769709839
https://openalex.org/W2771550405
https://openalex.org/W2783104562
https://openalex.org/W2801309396
https://openalex.org/W2802514947
https://openalex.org/W2895603740
https://openalex.org/W2901430171
https://openalex.org/W2907129110
https://openalex.org/W2913159233
https://openalex.org/W2944218594
https://openalex.org/W2946497979
https://openalex.org/W2952749607
https://openalex.org/W2952903765
https://openalex.org/W2953197646
https://openalex.org/W2990590981
https://openalex.org/W2991516079
https://openalex.org/W2997668058
https://openalex.org/W3009684611
https://openalex.org/W3011312737
https://openalex.org/W3014566389
https://openalex.org/W3021977882
https://openalex.org/W3023644866
https://openalex.org/W3034225543
https://openalex.org/W3034290339
https://openalex.org/W3035777294
https://openalex.org/W3041210238
https://openalex.org/W3041457799
https://openalex.org/W3083927088
https://openalex.org/W3092786624
https://openalex.org/W3092849163
https://openalex.org/W3112009057
https://openalex.org/W3113098996
https://openalex.org/W3115053771
https://openalex.org/W3121305779
https://openalex.org/W3131060588
https://openalex.org/W3141701712
https://openalex.org/W3143403219
https://openalex.org/W3153073316
https://openalex.org/W3160565207
https://openalex.org/W3165556583
https://openalex.org/W3168265407
https://openalex.org/W3174667496
https://openalex.org/W3193731384
https://openalex.org/W3198768237
https://openalex.org/W3204185757
https://openalex.org/W3207012665
https://openalex.org/W3207911836
https://openalex.org/W3209363623
https://openalex.org/W3210825982
https://openalex.org/W3211909853
https://openalex.org/W3212056282
https://openalex.org/W3212269721
https://openalex.org/W4206379867
https://openalex.org/W4206421492
https://openalex.org/W4220783397
https://openalex.org/W4221028281
https://openalex.org/W4221109229
https://openalex.org/W4223607723
https://openalex.org/W4237815314
https://openalex.org/W4242706639
https://openalex.org/W4281491977
https://openalex.org/W4283464206
https://openalex.org/W4286696789
https://openalex.org/W4295048112
https://openalex.org/W4303962097
https://openalex.org/W4311974385
https://openalex.org/W4312221730
https://openalex.org/W4313379403
https://openalex.org/W4380365829
https://openalex.org/W4380550644
https://openalex.org/W1201774181
https://openalex.org/W157424931
https://openalex.org/W1594106200
https://openalex.org/W177879243
https://openalex.org/W1906015177
https://openalex.org/W1913036802
https://openalex.org/W194982377
https://openalex.org/W1973611589
https://openalex.org/W1974238882
https://openalex.org/W1975843579
https://openalex.org/W1976306736
https://openalex.org/W1980127283
https://openalex.org/W1982511712
https://openalex.org/W1986269136
https://openalex.org/W1988211731
https://openalex.org/W1989676336
https://openalex.org/W1990734846
https://openalex.org/W1994478202
https://openalex.org/W2005545323
https://openalex.org/W2005901298
https://openalex.org/W2014433384
https://openalex.org/W2019073232
https://openalex.org/W2022210612
https://openalex.org/W2023990072
https://openalex.org/W2032593421
https://openalex.org/W2042620129
https://openalex.org/W2050815224
https://openalex.org/W2058792344
https://openalex.org/W2063396366
https://openalex.org/W2063785080
https://openalex.org/W2073523217
https://openalex.org/W2074955991
https://openalex.org/W2093076595
https://openalex.org/W2101721726
https://openalex.org/W2115422769
https://openalex.org/W2121252993
https://openalex.org/W2157134886
https://openalex.org/W2246284104
https://openalex.org/W2271273597
https://openalex.org/W2290504064
https://openalex.org/W2315503057
https://openalex.org/W2320446096
https://openalex.org/W2322308040
https://openalex.org/W2325194848
https://openalex.org/W2405897540
https://openalex.org/W2406879380
https://openalex.org/W2412115440
https://openalex.org/W2412296113
https://openalex.org/W2412669434
https://openalex.org/W2414095039
https://openalex.org/W2493651413
https://openalex.org/W2512498086
https://openalex.org/W2547610707
https://openalex.org/W2564034423
https://openalex.org/W2568501598
https://openalex.org/W2584169848
https://openalex.org/W2586799043
https://openalex.org/W2602268534
https://openalex.org/W2605325183
https://openalex.org/W2607329545
https://openalex.org/W2617523192
https://openalex.org/W2621382012
https://openalex.org/W2625229422
https://openalex.org/W2745376916
https://openalex.org/W2791368652
https://openalex.org/W2808331361
https://openalex.org/W2883271939
https://openalex.org/W2891365630
https://openalex.org/W2892177663
https://openalex.org/W2898947900
https://openalex.org/W2899665404
https://openalex.org/W2907740187
https://openalex.org/W2912756973
https://openalex.org/W2915669052
https://openalex.org/W2942997911
https://openalex.org/W2944908143
https://openalex.org/W2968862842
https://openalex.org/W2970327472
https://openalex.org/W2970994340
https://openalex.org/W2993060927
https://openalex.org/W2997541048
https://openalex.org/W3005580838
https://openalex.org/W3005774991
https://openalex.org/W3006234630
https://openalex.org/W3012817972
https://openalex.org/W3017407923
https://openalex.org/W3028268896
https://openalex.org/W3034065275
https://openalex.org/W3046078397
https://openalex.org/W3047361889
https://openalex.org/W3048198635
https://openalex.org/W3089074439
https://openalex.org/W3090389033
https://openalex.org/W3091263047
https://openalex.org/W3095315224
https://openalex.org/W3096977202
https://openalex.org/W3098380289
https://openalex.org/W3100249075
https://openalex.org/W3109544619
https://openalex.org/W3114130055
https://openalex.org/W3120642772
https://openalex.org/W3124544824
https://openalex.org/W3133511502
https://openalex.org/W3134518324
https://openalex.org/W3140670454
https://openalex.org/W3147282774
https://openalex.org/W3148347235
https://openalex.org/W3164509666
https://openalex.org/W3187027736
https://openalex.org/W3211424974
https://openalex.org/W388643898
https://openalex.org/W4220921408
https://openalex.org/W4223491559
https://openalex.org/W4231931962
https://openalex.org/W4240089337
https://openalex.org/W4248757883
https://openalex.org/W4283277901
https://openalex.org/W4283767194
https://openalex.org/W4288351500
https://openalex.org/W4288874146
https://openalex.org/W4292847058
https://openalex.org/W4296614618
https://openalex.org/W4296711799
https://openalex.org/W4309617323
https://openalex.org/W4323927880
https://openalex.org/W4324320372
https://openalex.org/W4364856413
https://openalex.org/W962362495
https://openalex.org/W1171637626
https://openalex.org/W1523525701
https://openalex.org/W1526723420
https://openalex.org/W1584749426
https://openalex.org/W1854214190
https://openalex.org/W1897109948
https://openalex.org/W1930101833
https://openalex.org/W1965975646
https://openalex.org/W1967034741
https://openalex.org/W1972441874
https://openalex.org/W1979678161
https://openalex.org/W1984738000
https://openalex.org/W1989086753
https://openalex.org/W1992623367
https://openalex.org/W1996136389
https://openalex.org/W1996683211
https://openalex.org/W2002313135
https://openalex.org/W2002427055
https://openalex.org/W2006491512
https://openalex.org/W2009329589
https://openalex.org/W2013123681
https://openalex.org/W2018248990
https://openalex.org/W2019893975
https://openalex.org/W2021874346
https://openalex.org/W2029524711
https://openalex.org/W2031657961
https://openalex.org/W2032074943
https://openalex.org/W2033626445
https://openalex.org/W2036712547
https://openalex.org/W2037085290
https://openalex.org/W2038844326
https://openalex.org/W2043024382
https://openalex.org/W2043782660
https://openalex.org/W2045660149
https://openalex.org/W2047670723
https://openalex.org/W2048015181
https://openalex.org/W2052395432
https://openalex.org/W2056909730
https://openalex.org/W2059649205
https://openalex.org/W2065652792
https://openalex.org/W2067014932
https://openalex.org/W2072203035
https://openalex.org/W2077266607
https://openalex.org/W2077588056
https://openalex.org/W2078245984
https://openalex.org/W2079360948
https://openalex.org/W2079542622
https://openalex.org/W2080984218
https://openalex.org/W2083287247
https://openalex.org/W2083981014
https://openalex.org/W2085426472
https://openalex.org/W2088364406
https://openalex.org/W2089959604
https://openalex.org/W2096393524
https://openalex.org/W2102263053
https://openalex.org/W2103801553
https://openalex.org/W2118707782
https://openalex.org/W2120351679
https://openalex.org/W2136869738
https://openalex.org/W2144822767
https://openalex.org/W2148869154
https://openalex.org/W2170711801
https://openalex.org/W2189816682
https://openalex.org/W2195997738
https://openalex.org/W2260630015
https://openalex.org/W2301420118
https://openalex.org/W2314518069
https://openalex.org/W2316102972
https://openalex.org/W2321651278
https://openalex.org/W2324223228
https://openalex.org/W2325174891
https://openalex.org/W2326131836
https://openalex.org/W2328374017
https://openalex.org/W2331099907
https://openalex.org/W2333934697
https://openalex.org/W2334176589
https://openalex.org/W2340062478
https://openalex.org/W2343831721
https://openalex.org/W2365237318
https://openalex.org/W2394589890
https://openalex.org/W2405616436
https://openalex.org/W2407569329
https://openalex.org/W2419663960
https://openalex.org/W2486498317
https://openalex.org/W2501586208
https://openalex.org/W2513011044
https://openalex.org/W2516259244
https://openalex.org/W2518115106
https://openalex.org/W2519279771
https://openalex.org/W2520451575
https://openalex.org/W2587860474
https://openalex.org/W2592740701
https://openalex.org/W2605801185
https://openalex.org/W2605980509
https://openalex.org/W2616023446
https://openalex.org/W2691109320
https://openalex.org/W2745031427
https://openalex.org/W2769657727
https://openalex.org/W2782636424
https://openalex.org/W2795617919
https://openalex.org/W2887323716
https://openalex.org/W2917750625
https://openalex.org/W2933112916
https://openalex.org/W2942188624
https://openalex.org/W2946901484
https://openalex.org/W2949709561
https://openalex.org/W2955369121
https://openalex.org/W2963884087
https://openalex.org/W2971640358
https://openalex.org/W2977463320
https://openalex.org/W2980544456
https://openalex.org/W2989280707
https://openalex.org/W2989712144
https://openalex.org/W2993826179
https://openalex.org/W3000169702
https://openalex.org/W3005848847
https://openalex.org/W3010431994
https://openalex.org/W3011305574
https://openalex.org/W3015036523
https://openalex.org/W3021062203
https://openalex.org/W3022716035
https://openalex.org/W3023289150
https://openalex.org/W3024953167
https://openalex.org/W3025011317
https://openalex.org/W3034686732
https://openalex.org/W3080956550
https://openalex.org/W3092572993
https://openalex.org/W3094019099
https://openalex.org/W3094414612
https://openalex.org/W3114903690
https://openalex.org/W3118781475
https://openalex.org/W3132266304
https://openalex.org/W3132282379
https://openalex.org/W3132913110
https://openalex.org/W3136856554
https://openalex.org/W3149986216
https://openalex.org/W3157416962
https://openalex.org/W3159053754
https://openalex.org/W3162471252
https://openalex.org/W3177441282
https://openalex.org/W3181089553
https://openalex.org/W3181108598
https://openalex.org/W318443590
https://openalex.org/W3190309634
https://openalex.org/W3197113661
https://openalex.org/W3197615463
https://openalex.org/W3202197007
https://openalex.org/W3205103340
https://openalex.org/W3215684986
https://openalex.org/W3217548700
https://openalex.org/W4200485193
https://openalex.org/W4200622992
https://openalex.org/W4210672688
https://openalex.org/W4214807236
https://openalex.org/W4220663291
https://openalex.org/W4224212640
https://openalex.org/W4224255565
https://openalex.org/W4225145841
https://openalex.org/W4225725133
https://openalex.org/W4225799916
https://openalex.org/W4230579380
https://openalex.org/W4239011201
https://openalex.org/W4242419201
https://openalex.org/W4250738575
https://openalex.org/W4254195770
https://openalex.org/W4281295727
https://openalex.org/W4283273230
https://openalex.org/W4286374922
https://openalex.org/W4289766522
https://openalex.org/W4290973399
https://openalex.org/W4292261465
https://openalex.org/W4308398692
https://openalex.org/W4313188687
https://openalex.org/W4317734906
https://openalex.org/W4324130211
https://openalex.org/W4362459625
https://openalex.org/W4367016987
https://openalex.org/W4368377146
https://openalex.org/W626232654
https://openalex.org/W859803396
https://openalex.org/W105946460
https://openalex.org/W1145998473
https://openalex.org/W1194983056
https://openalex.org/W1196123987
https://openalex.org/W128905973
https://openalex.org/W1422526822
https://openalex.org/W153434324
https://openalex.org/W1712518720
https://openalex.org/W1829246415
https://openalex.org/W1893804377
https://openalex.org/W1925415213
https://openalex.org/W1934541318
https://openalex.org/W1965074634
https://openalex.org/W1971348380
https://openalex.org/W1976229754
https://openalex.org/W1984800039
https://openalex.org/W1985508571
https://openalex.org/W1988337268
https://openalex.org/W1994010517
https://openalex.org/W1994589483
https://openalex.org/W1996505925
https://openalex.org/W1996767844
https://openalex.org/W1996941262
https://openalex.org/W1998416351
https://openalex.org/W2003141741
https://openalex.org/W2003823485
https://openalex.org/W2005597918
https://openalex.org/W2006109012
https://openalex.org/W2007110304
https://openalex.org/W2008629523
https://openalex.org/W2011882082
https://openalex.org/W2012730033
https://openalex.org/W2014103783
https://openalex.org/W2014385722
https://openalex.org/W2016527116
https://openalex.org/W2019794991
https://openalex.org/W2020781123
https://openalex.org/W2031389645
https://openalex.org/W2044786505
https://openalex.org/W2045579329
https://openalex.org/W2045738237
https://openalex.org/W2046786177
https://openalex.org/W2048404092
https://openalex.org/W2049710511
https://openalex.org/W2050674557
https://openalex.org/W2052234178
https://openalex.org/W2055248391
https://openalex.org/W2056408001
https://openalex.org/W2058673501
https://openalex.org/W2084539143
https://openalex.org/W2092867320
https://openalex.org/W2093870629
https://openalex.org/W2111731881
https://openalex.org/W2113306396
https://openalex.org/W2116052169
https://openalex.org/W2120807368
https://openalex.org/W2136049700
https://openalex.org/W2144268673
https://openalex.org/W2149919589
https://openalex.org/W2153014478
https://openalex.org/W2161530895
https://openalex.org/W2198657187
https://openalex.org/W2235720177
https://openalex.org/W2260136317
https://openalex.org/W2292143520
https://openalex.org/W2297335645
https://openalex.org/W2299315825
https://openalex.org/W2300662454
https://openalex.org/W2311967835
https://openalex.org/W2316659548
https://openalex.org/W2318716877
https://openalex.org/W2318772863
https://openalex.org/W2324555799
https://openalex.org/W2327316935
https://openalex.org/W2328112855
https://openalex.org/W2332270962
https://openalex.org/W2333229162
https://openalex.org/W2334672082
https://openalex.org/W2349100554
https://openalex.org/W2386622336
https://openalex.org/W2395679670
https://openalex.org/W2397372039
https://openalex.org/W2397756065
https://openalex.org/W2406960038
https://openalex.org/W2411518249
https://openalex.org/W2418162024
https://openalex.org/W2419593209
https://openalex.org/W2438135696
https://openalex.org/W2463625060
https://openalex.org/W2474120076
https://openalex.org/W2487418708
https://openalex.org/W2493770243
https://openalex.org/W2506778528
https://openalex.org/W2507233998
https://openalex.org/W2511657015
https://openalex.org/W2562770271
https://openalex.org/W2567791488
https://openalex.org/W2569871932
https://openalex.org/W2583322177
https://openalex.org/W2602053627
https://openalex.org/W2605839877
https://openalex.org/W2606537937
https://openalex.org/W2612595333
https://openalex.org/W2615405247
https://openalex.org/W2736233274
https://openalex.org/W2740367140
https://openalex.org/W2752270229
https://openalex.org/W2762493228
https://openalex.org/W2768208706
https://openalex.org/W2783752501
https://openalex.org/W2788966369
https://openalex.org/W2791961360
https://openalex.org/W2801594973
https://openalex.org/W2803585500
https://openalex.org/W2888931030
https://openalex.org/W2889012337
https://openalex.org/W2890675607
https://openalex.org/W2897580778
https://openalex.org/W2898977069
https://openalex.org/W2900162480
https://openalex.org/W2909234541
https://openalex.org/W2915117247
https://openalex.org/W29213363
https://openalex.org/W2936595637
https://openalex.org/W2947857483
https://openalex.org/W2948929489
https://openalex.org/W2949115287
https://openalex.org/W2952006754
https://openalex.org/W2952457319
https://openalex.org/W2963331339
https://openalex.org/W2966267073
https://openalex.org/W2978191840
https://openalex.org/W2991885624
https://openalex.org/W3002950957
https://openalex.org/W3004667777
https://openalex.org/W3004916741
https://openalex.org/W3018687280
https://openalex.org/W3021187601
https://openalex.org/W3023241214
https://openalex.org/W3027348806
https://openalex.org/W3033275542
https://openalex.org/W3036091899
https://openalex.org/W3042923010
https://openalex.org/W3047751713
https://openalex.org/W3049622481
https://openalex.org/W3082003186
https://openalex.org/W3094304629
https://openalex.org/W3095514856
https://openalex.org/W3096061953
https://openalex.org/W3105446089
https://openalex.org/W3109366521
https://openalex.org/W3110319128
https://openalex.org/W3113130599
https://openalex.org/W3118237829
https://openalex.org/W3125968489
https://openalex.org/W3127212756
https://openalex.org/W3129356778
https://openalex.org/W3133006178
https://openalex.org/W3133514731
https://openalex.org/W3133941106
https://openalex.org/W3134343204
https://openalex.org/W3136344600
https://openalex.org/W3136569672
https://openalex.org/W3139367674
https://openalex.org/W3140540908
https://openalex.org/W3156535096
https://openalex.org/W3162381933
https://openalex.org/W3173812614
https://openalex.org/W3174768715
https://openalex.org/W3179752938
https://openalex.org/W3199639116
https://openalex.org/W3199845296
https://openalex.org/W3199866785
https://openalex.org/W3200858465
https://openalex.org/W3203040508
https://openalex.org/W3203900268
https://openalex.org/W3204958265
https://openalex.org/W3205507343
https://openalex.org/W333860680
https://openalex.org/W4206673034
https://openalex.org/W4210910405
https://openalex.org/W4211150278
https://openalex.org/W4213079169
https://openalex.org/W4213326978
https://openalex.org/W4214608940
https://openalex.org/W4223470415
https://openalex.org/W4229032393
https://openalex.org/W4229079076
https://openalex.org/W4229334344
https://openalex.org/W4230165031
https://openalex.org/W4230973958
https://openalex.org/W4235213687
https://openalex.org/W4245997340
https://openalex.org/W4251099826
https://openalex.org/W4252052356
https://openalex.org/W4252249507
https://openalex.org/W4254366380
https://openalex.org/W4280621771
https://openalex.org/W4281392789
https://openalex.org/W4281693597
https://openalex.org/W4283274665
https://openalex.org/W4285007746
https://openalex.org/W4285676555
https://openalex.org/W4291019187
https://openalex.org/W4292313507
https://openalex.org/W4296935062
https://openalex.org/W4298088340
https://openalex.org/W4307815271
https://openalex.org/W4308679231
https://openalex.org/W4310330289
https://openalex.org/W4311330054
https://openalex.org/W4312201098
https://openalex.org/W4312229033
https://openalex.org/W4312741783
https://openalex.org/W4315700237
https://openalex.org/W4316467080
https://openalex.org/W4319015128
https://openalex.org/W4319216366
https://openalex.org/W4322730976
https://openalex.org/W4360930507
https://openalex.org/W4361011452
https://openalex.org/W4362673365
https://openalex.org/W4366088374
https://openalex.org/W4366526472
https://openalex.org/W4367597719
https://openalex.org/W4378220138
https://openalex.org/W4386100167
https://openalex.org/W645554438
https://openalex.org/W66492451
https://openalex.org/W1003229965
https://openalex.org/W1026480615
https://openalex.org/W1121924435
https://openalex.org/W1139184419
https://openalex.org/W1151398095
https://openalex.org/W1159339858
https://openalex.org/W1163897216
https://openalex.org/W1264321235
https://openalex.org/W1452111846
https://openalex.org/W1455186022
https://openalex.org/W1482771920
https://openalex.org/W1521243049
https://openalex.org/W1578191474
https://openalex.org/W1586722245
https://openalex.org/W1606092085
https://openalex.org/W1608511959
https://openalex.org/W1784002601
https://openalex.org/W1825176157
https://openalex.org/W1827770132
https://openalex.org/W1898023444
https://openalex.org/W1931557976
https://openalex.org/W1966806142
https://openalex.org/W1979700063
https://openalex.org/W1985138351
https://openalex.org/W1985256978
https://openalex.org/W1987489834
https://openalex.org/W1987517995
https://openalex.org/W1989523600
https://openalex.org/W1992361205
https://openalex.org/W1993634546
https://openalex.org/W1997795884
https://openalex.org/W1998847755
https://openalex.org/W2002040602
https://openalex.org/W2005017407
https://openalex.org/W2011044239
https://openalex.org/W2013010851
https://openalex.org/W2013332175
https://openalex.org/W202019443
https://openalex.org/W2025447993
https://openalex.org/W2028764790
https://openalex.org/W2033441346
https://openalex.org/W2034406747
https://openalex.org/W2039411767
https://openalex.org/W2041237898
https://openalex.org/W2041656879
https://openalex.org/W2041989946
https://openalex.org/W2042052126
https://openalex.org/W2042190321
https://openalex.org/W2043393590
https://openalex.org/W2045080841
https://openalex.org/W2049189789
https://openalex.org/W2049692266
https://openalex.org/W2049896948
https://openalex.org/W2050492865
https://openalex.org/W2051136876
https://openalex.org/W2051377240
https://openalex.org/W2056025868
https://openalex.org/W2057060229
https://openalex.org/W2059423379
https://openalex.org/W2062795944
https://openalex.org/W2064180379
https://openalex.org/W2065631748
https://openalex.org/W2071127475
https://openalex.org/W2071291116
https://openalex.org/W2074455968
https://openalex.org/W2077321566
https://openalex.org/W2077973711
https://openalex.org/W2081899779
https://openalex.org/W2086184569
https://openalex.org/W2087521879
https://openalex.org/W2088106134
https://openalex.org/W2091259142
https://openalex.org/W2092356517
https://openalex.org/W2094485993
https://openalex.org/W2095307322
https://openalex.org/W2108833106
https://openalex.org/W2111489470
https://openalex.org/W2114839975
https://openalex.org/W2146728422
https://openalex.org/W2156691347
https://openalex.org/W2157339946
https://openalex.org/W2167794004
https://openalex.org/W2181827319
https://openalex.org/W2232047949
https://openalex.org/W2240246798
https://openalex.org/W2248919276
https://openalex.org/W2256127396
https://openalex.org/W2261113379
https://openalex.org/W2262226585
https://openalex.org/W2262519513
https://openalex.org/W2275783209
https://openalex.org/W2276924236
https://openalex.org/W2313495218
https://openalex.org/W2313580135
https://openalex.org/W2313956650
https://openalex.org/W2316697929
https://openalex.org/W2316975625
https://openalex.org/W2319664015
https://openalex.org/W2321820519
https://openalex.org/W2322363454
https://openalex.org/W2323137829
https://openalex.org/W2323596778
https://openalex.org/W2324289646
https://openalex.org/W2324585614
https://openalex.org/W2324978000
https://openalex.org/W2327248704
https://openalex.org/W2328672499
https://openalex.org/W2332603174
https://openalex.org/W2333324164
https://openalex.org/W2333512839
https://openalex.org/W2334528504
https://openalex.org/W2335329589
https://openalex.org/W2335649076
https://openalex.org/W2337805561
https://openalex.org/W2341759091
https://openalex.org/W2359979852
https://openalex.org/W2361421770
https://openalex.org/W2363920634
https://openalex.org/W2382621702
https://openalex.org/W2396765154
https://openalex.org/W2396838462
https://openalex.org/W2401504329
https://openalex.org/W2404722716
https://openalex.org/W2404902478
https://openalex.org/W2405781052
https://openalex.org/W2408507318
https://openalex.org/W2412403782
https://openalex.org/W2413210172
https://openalex.org/W2415330859
https://openalex.org/W2416677465
https://openalex.org/W2418775839
https://openalex.org/W2436194543
https://openalex.org/W2439533128
https://openalex.org/W2444587979
https://openalex.org/W2493455204
https://openalex.org/W2493823962
https://openalex.org/W2511016698
https://openalex.org/W2513327282
https://openalex.org/W2521639815
https://openalex.org/W2523474595
https://openalex.org/W2553153238
https://openalex.org/W2555320805
https://openalex.org/W2557874981
https://openalex.org/W2558147061
https://openalex.org/W2567618466
https://openalex.org/W2585320681
https://openalex.org/W2606021270
https://openalex.org/W2606684313
https://openalex.org/W2608935269
https://openalex.org/W2616507797
https://openalex.org/W2620885359
https://openalex.org/W2743900885
https://openalex.org/W2745596091
https://openalex.org/W2746765439
https://openalex.org/W2760068162
https://openalex.org/W2768595933
https://openalex.org/W2773497338
https://openalex.org/W2786366961
https://openalex.org/W2789944860
https://openalex.org/W2791313679
https://openalex.org/W2792554321
https://openalex.org/W2793515648
https://openalex.org/W2796988532
https://openalex.org/W2799766084
https://openalex.org/W2801925705
https://openalex.org/W2801969437
https://openalex.org/W2897692690
https://openalex.org/W2899300453
https://openalex.org/W2901401236
https://openalex.org/W2906232302
https://openalex.org/W2906836087
https://openalex.org/W2907299994
https://openalex.org/W2914358710
https://openalex.org/W2917911654
https://openalex.org/W2919128381
https://openalex.org/W2921335747
https://openalex.org/W2921672267
https://openalex.org/W2923295992
https://openalex.org/W2930098883
https://openalex.org/W2936917646
https://openalex.org/W2938089066
https://openalex.org/W2944671376
https://openalex.org/W2946985121
https://openalex.org/W2949709981
https://openalex.org/W2951751274
https://openalex.org/W2952541722
https://openalex.org/W2953351905
https://openalex.org/W2962762297
https://openalex.org/W2974961334
https://openalex.org/W2978889618
https://openalex.org/W2981258014
https://openalex.org/W2981505180
https://openalex.org/W2981765545
https://openalex.org/W2987020798
https://openalex.org/W2989655441
https://openalex.org/W2992059078
https://openalex.org/W2992624185
https://openalex.org/W2993013673
https://openalex.org/W2999958198
https://openalex.org/W3001998817
https://openalex.org/W3002470101
https://openalex.org/W3007372241
https://openalex.org/W3007752950
https://openalex.org/W3011271483
https://openalex.org/W3013356990
https://openalex.org/W3015510001
https://openalex.org/W3016797157
https://openalex.org/W3021693505
https://openalex.org/W3040317173
https://openalex.org/W3041138227
https://openalex.org/W3049357732
https://openalex.org/W3080687941
https://openalex.org/W3083505113
https://openalex.org/W3086277477
https://openalex.org/W3089403739
https://openalex.org/W3093235237
https://openalex.org/W3101261516
https://openalex.org/W3115569635
https://openalex.org/W3121277074
https://openalex.org/W3122229624
https://openalex.org/W3134735589
https://openalex.org/W3135607796
https://openalex.org/W3135621290
https://openalex.org/W3136568341
https://openalex.org/W3147650474
https://openalex.org/W3149332654
https://openalex.org/W3154215742
https://openalex.org/W3156335605
https://openalex.org/W3159520508
https://openalex.org/W3164582772
https://openalex.org/W3164890881
https://openalex.org/W3167879450
https://openalex.org/W3168693449
https://openalex.org/W3175131761
https://openalex.org/W3175620701
https://openalex.org/W3177083761
https://openalex.org/W3177602394
https://openalex.org/W3190054738
https://openalex.org/W3193036753
https://openalex.org/W3193466259
https://openalex.org/W3193713773
https://openalex.org/W3196951613
https://openalex.org/W3205834902
https://openalex.org/W3210928789
https://openalex.org/W3215130818
https://openalex.org/W3215416250
https://openalex.org/W34398084
https://openalex.org/W364176758
https://openalex.org/W4200553054
https://openalex.org/W4205192389
https://openalex.org/W4205654589
https://openalex.org/W4205834263
https://openalex.org/W4206429456
https://openalex.org/W4210301688
https://openalex.org/W4210640076
https://openalex.org/W4213117331
https://openalex.org/W4214587697
https://openalex.org/W4220794757
https://openalex.org/W4220866485
https://openalex.org/W4221123882
https://openalex.org/W4223910727
https://openalex.org/W4224280069
https://openalex.org/W4224289109
https://openalex.org/W4224309718
https://openalex.org/W4225874607
https://openalex.org/W4226082287
https://openalex.org/W4226224635
https://openalex.org/W4229012889
https://openalex.org/W4229028819
https://openalex.org/W4229066989
https://openalex.org/W4230239834
https://openalex.org/W4230718400
https://openalex.org/W4234572246
https://openalex.org/W4237675601
https://openalex.org/W4238905757
https://openalex.org/W4240318570
https://openalex.org/W4242841420
https://openalex.org/W4244936104
https://openalex.org/W4245067169
https://openalex.org/W4247743294
https://openalex.org/W4248302785
https://openalex.org/W4250229314
https://openalex.org/W4252769992
https://openalex.org/W4254452874
https://openalex.org/W4254674880
https://openalex.org/W4280497496
https://openalex.org/W4281721743
https://openalex.org/W4283694801
https://openalex.org/W4285141250
https://openalex.org/W4285745113
https://openalex.org/W4296588573
https://openalex.org/W4296745553
https://openalex.org/W4297236286
https://openalex.org/W4297311399
https://openalex.org/W4297907361
https://openalex.org/W4304585253
https://openalex.org/W4306969030
https://openalex.org/W4307122756
https://openalex.org/W4309862258
https://openalex.org/W4310169021
https://openalex.org/W4312018743
https://openalex.org/W4315620076
https://openalex.org/W4317242988
https://openalex.org/W4317370222
https://openalex.org/W4318244973
https://openalex.org/W4318914594
https://openalex.org/W4320921060
https://openalex.org/W4321519364
https://openalex.org/W4321749717
https://openalex.org/W4322713917
https://openalex.org/W4322769308
https://openalex.org/W4323044227
https://openalex.org/W4323925239
https://openalex.org/W4327954419
https://openalex.org/W4362014019
https://openalex.org/W4364302682
https://openalex.org/W4365515028
https://openalex.org/W4368377742
https://openalex.org/W4376270551
https://openalex.org/W4377293191
https://openalex.org/W4379473658
https://openalex.org/W4384156231
https://openalex.org/W4385073945
https://openalex.org/W4385321423
https://openalex.org/W46417384
https://openalex.org/W46757459
https://openalex.org/W562904097
https://openalex.org/W597282402
https://openalex.org/W68047128
https://openalex.org/W823704948
https://openalex.org/W88122682
https://openalex.org/W894432251
https://openalex.org/W935036459
https://openalex.org/W944846986
https://openalex.org/W973934192
https://openalex.org/W1008478316
https://openalex.org/W1011893102
https://openalex.org/W1012005910
https://openalex.org/W1012322369
https://openalex.org/W1013953196
https://openalex.org/W1019897024
https://openalex.org/W1020536663
https://openalex.org/W1021050163
https://openalex.org/W1021355588
https://openalex.org/W1022811095
https://openalex.org/W1029114855
https://openalex.org/W1030155035
https://openalex.org/W1033910089
https://openalex.org/W1034491859
https://openalex.org/W1036771058
https://openalex.org/W1039041119
https://openalex.org/W1042393688
https://openalex.org/W107327096
https://openalex.org/W1126650207
https://openalex.org/W1126757396
https://openalex.org/W1130131196
https://openalex.org/W1131324251
https://openalex.org/W1136339166
https://openalex.org/W1139622169
https://openalex.org/W1142343052
https://openalex.org/W1142486102
https://openalex.org/W1143383979
https://openalex.org/W1145472981
https://openalex.org/W1147176249
https://openalex.org/W1148117522
https://openalex.org/W1150260534
https://openalex.org/W1151889716
https://openalex.org/W1155557866
https://openalex.org/W1157147762
https://openalex.org/W1157579621
https://openalex.org/W1159229951
https://openalex.org/W1165655217
https://openalex.org/W1175204827
https://openalex.org/W1176105763
https://openalex.org/W1177187878
https://openalex.org/W1178808888
https://openalex.org/W1179313672
https://openalex.org/W1180186885
https://openalex.org/W1180411623
https://openalex.org/W1182970965
https://openalex.org/W1187297577
https://openalex.org/W1192246609
https://openalex.org/W1204205506
https://openalex.org/W121844787
https://openalex.org/W1225902280
https://openalex.org/W1263889568
https://openalex.org/W1271535303
https://openalex.org/W1272364743
https://openalex.org/W1274712422
https://openalex.org/W1411122003
https://openalex.org/W1445168268
https://openalex.org/W1446160916
https://openalex.org/W1448895400
https://openalex.org/W1466572277
https://openalex.org/W1468323673
https://openalex.org/W1479539569
https://openalex.org/W1479540645
https://openalex.org/W1480142737
https://openalex.org/W1500783259
https://openalex.org/W1503187619
https://openalex.org/W1504435028
https://openalex.org/W1504626393
https://openalex.org/W1507676227
https://openalex.org/W1510248671
https://openalex.org/W1510968788
https://openalex.org/W1511499530
https://openalex.org/W1513886436
https://openalex.org/W1516699692
https://openalex.org/W1519246781
https://openalex.org/W1523066011
https://openalex.org/W1523145727
https://openalex.org/W1523185331
https://openalex.org/W1527580613
https://openalex.org/W1535060795
https://openalex.org/W1545187128
https://openalex.org/W1547959437
https://openalex.org/W1557925133
https://openalex.org/W1559448802
https://openalex.org/W1564392298
https://openalex.org/W1568304348
https://openalex.org/W1578188657
https://openalex.org/W1588479482
https://openalex.org/W1591018984
https://openalex.org/W1592220035
https://openalex.org/W1596054636
https://openalex.org/W1596110104
https://openalex.org/W1598575861
https://openalex.org/W1603127454
https://openalex.org/W1608752680
https://openalex.org/W1618566198
https://openalex.org/W1637159321
https://openalex.org/W1642386334
https://openalex.org/W1673294097
https://openalex.org/W168993467
https://openalex.org/W1697064828
https://openalex.org/W1710903027
https://openalex.org/W1717878667
https://openalex.org/W1743615663
https://openalex.org/W1764925514
https://openalex.org/W1818574946
https://openalex.org/W1824136024
https://openalex.org/W1824549434
https://openalex.org/W1838209476
https://openalex.org/W1850318170
https://openalex.org/W1879405364
https://openalex.org/W1900530441
https://openalex.org/W1909840237
https://openalex.org/W1919847813
https://openalex.org/W192159867
https://openalex.org/W1963626961
https://openalex.org/W1964551424
https://openalex.org/W1964966264
https://openalex.org/W1965692181
https://openalex.org/W1967378964
https://openalex.org/W1967509708
https://openalex.org/W1967820200
https://openalex.org/W1969411669
https://openalex.org/W1970007355
https://openalex.org/W1971015661
https://openalex.org/W1971338765
https://openalex.org/W1972288351
https://openalex.org/W1974040320
https://openalex.org/W1977169289
https://openalex.org/W1977621207
https://openalex.org/W1978257038
https://openalex.org/W1978899038
https://openalex.org/W1983442468
https://openalex.org/W1984409654
https://openalex.org/W1984458947
https://openalex.org/W1984936097
https://openalex.org/W1985928635
https://openalex.org/W1986591512
https://openalex.org/W1987409100
https://openalex.org/W1987760791
https://openalex.org/W1988343066
https://openalex.org/W1988660003
https://openalex.org/W1989043073
https://openalex.org/W1989436819
https://openalex.org/W1989535900
https://openalex.org/W1989665172
https://openalex.org/W1990231394
https://openalex.org/W1990742021
https://openalex.org/W1990932843
https://openalex.org/W1992380919
https://openalex.org/W1993578435
https://openalex.org/W1993891300
https://openalex.org/W1994168291
https://openalex.org/W1994356714
https://openalex.org/W1994963079
https://openalex.org/W1995617031
https://openalex.org/W1995708768
https://openalex.org/W1996933627
https://openalex.org/W1997630588
https://openalex.org/W1999557740
https://openalex.org/W1999573549
https://openalex.org/W1999822224
https://openalex.org/W2000711314
https://openalex.org/W2001008837
https://openalex.org/W2001692410
https://openalex.org/W2004408668
https://openalex.org/W2004973394
https://openalex.org/W2005591577
https://openalex.org/W2008040746
https://openalex.org/W2008213927
https://openalex.org/W2008454123
https://openalex.org/W2010150303
https://openalex.org/W2011122110
https://openalex.org/W2011265623
https://openalex.org/W2011676391
https://openalex.org/W2012357051
https://openalex.org/W2013899222
https://openalex.org/W2014035985
https://openalex.org/W2014291767
https://openalex.org/W2014949866
https://openalex.org/W2016547729
https://openalex.org/W2017186924
https://openalex.org/W2019201904
https://openalex.org/W2020193747
https://openalex.org/W2020526226
https://openalex.org/W2020913495
https://openalex.org/W2021137079
https://openalex.org/W2022000962
https://openalex.org/W2023608857
https://openalex.org/W2024203355
https://openalex.org/W2025431321
https://openalex.org/W2026049373
https://openalex.org/W2026331567
https://openalex.org/W2028309727
https://openalex.org/W2028482726
https://openalex.org/W2028523076
https://openalex.org/W2028693479
https://openalex.org/W2029623959
https://openalex.org/W2029658551
https://openalex.org/W2029779059
https://openalex.org/W2031166039
https://openalex.org/W2031351302
https://openalex.org/W2031465145
https://openalex.org/W2033341567
https://openalex.org/W2033472662
https://openalex.org/W2034347008
https://openalex.org/W2034699424
https://openalex.org/W2034774050
https://openalex.org/W2035122211
https://openalex.org/W2035179140
https://openalex.org/W2036001566
https://openalex.org/W2038127050
https://openalex.org/W2039658715
https://openalex.org/W2044795663
https://openalex.org/W2045675856
https://openalex.org/W2046342051
https://openalex.org/W2049059924
https://openalex.org/W2049273742
https://openalex.org/W2050061549
https://openalex.org/W2050230984
https://openalex.org/W2050602648
https://openalex.org/W2051016507
https://openalex.org/W2053300353
https://openalex.org/W2054428433
https://openalex.org/W2054470202
https://openalex.org/W2054873445
https://openalex.org/W2055363432
https://openalex.org/W2056902274
https://openalex.org/W2057508463
https://openalex.org/W2057525101
https://openalex.org/W2058988512
https://openalex.org/W2060451227
https://openalex.org/W2060463930
https://openalex.org/W2060478856
https://openalex.org/W2060600139
https://openalex.org/W2061643065
https://openalex.org/W2061789020
https://openalex.org/W2062217381
https://openalex.org/W2062849324
https://openalex.org/W2066781177
https://openalex.org/W2066945914
https://openalex.org/W2067315130
https://openalex.org/W2067994350
https://openalex.org/W2068683316
https://openalex.org/W2069990480
https://openalex.org/W2070413166
https://openalex.org/W2070599822
https://openalex.org/W2070690904
https://openalex.org/W2071872253
https://openalex.org/W2074966095
https://openalex.org/W2075341081
https://openalex.org/W2075660917
https://openalex.org/W2075978149
https://openalex.org/W2076097170
https://openalex.org/W2078888609
https://openalex.org/W2081009749
https://openalex.org/W2081550253
https://openalex.org/W2081715530
https://openalex.org/W2083511157
https://openalex.org/W2085870220
https://openalex.org/W2085908125
https://openalex.org/W2088040700
https://openalex.org/W2088680082
https://openalex.org/W2089233600
https://openalex.org/W2089848931
https://openalex.org/W2090796014
https://openalex.org/W2092531153
https://openalex.org/W2094338725
https://openalex.org/W2094780710
https://openalex.org/W2096157256
https://openalex.org/W2102743268
https://openalex.org/W2102950576
https://openalex.org/W2103187767
https://openalex.org/W2105598065
https://openalex.org/W2112456510
https://openalex.org/W2116892859
https://openalex.org/W2118173442
https://openalex.org/W2120530497
https://openalex.org/W2122218157
https://openalex.org/W2127312680
https://openalex.org/W2129621866
https://openalex.org/W2130124259
https://openalex.org/W2130822301
https://openalex.org/W2131116355
https://openalex.org/W2133829042
https://openalex.org/W2141276517
https://openalex.org/W2142455729
https://openalex.org/W2143617647
https://openalex.org/W2148703662
https://openalex.org/W2148872314
https://openalex.org/W2149746782
https://openalex.org/W2153602804
https://openalex.org/W2161994913
https://openalex.org/W2164047399
https://openalex.org/W2165402726
https://openalex.org/W2165839654
https://openalex.org/W2166432179
https://openalex.org/W2166592366
https://openalex.org/W2167863984
https://openalex.org/W2168012828
https://openalex.org/W2169705651
https://openalex.org/W2170402214
https://openalex.org/W2171798403
https://openalex.org/W2172138066
https://openalex.org/W2172413365
https://openalex.org/W2178639382
https://openalex.org/W2181367209
https://openalex.org/W2181757142
https://openalex.org/W2186039750
https://openalex.org/W2186138595
https://openalex.org/W2201460529
https://openalex.org/W2206198530
https://openalex.org/W2209767466
https://openalex.org/W2220387522
https://openalex.org/W2220807126
https://openalex.org/W2222952007
https://openalex.org/W2228221347
https://openalex.org/W2239224542
https://openalex.org/W2244991102
https://openalex.org/W2247275303
https://openalex.org/W2248118089
https://openalex.org/W2252875141
https://openalex.org/W2253059284
https://openalex.org/W2254550540
https://openalex.org/W2254962635
https://openalex.org/W2256513166
https://openalex.org/W2257026243
https://openalex.org/W2257056004
https://openalex.org/W2258695758
https://openalex.org/W2258829073
https://openalex.org/W2259444017
https://openalex.org/W2260454633
https://openalex.org/W2260758914
https://openalex.org/W2261636950
https://openalex.org/W2261779007
https://openalex.org/W2261885386
https://openalex.org/W2262941054
https://openalex.org/W2262995628
https://openalex.org/W22711696
https://openalex.org/W2271184974
https://openalex.org/W2273161404
https://openalex.org/W2274096634
https://openalex.org/W2275212544
https://openalex.org/W2278850511
https://openalex.org/W2282440882
https://openalex.org/W2282880221
https://openalex.org/W2284300453
https://openalex.org/W2285194254
https://openalex.org/W2285463834
https://openalex.org/W2287633605
https://openalex.org/W2290016184
https://openalex.org/W2290773716
https://openalex.org/W2291528430
https://openalex.org/W2293231882
https://openalex.org/W2293287742
https://openalex.org/W2296112090
https://openalex.org/W2300149480
https://openalex.org/W2312197943
https://openalex.org/W2312742412
https://openalex.org/W2313318927
https://openalex.org/W2313485463
https://openalex.org/W2313545706
https://openalex.org/W2313912757
https://openalex.org/W2314421696
https://openalex.org/W2314788227
https://openalex.org/W2315118785
https://openalex.org/W2315492986
https://openalex.org/W2315866970
https://openalex.org/W2316029468
https://openalex.org/W2316091564
https://openalex.org/W2317394332
https://openalex.org/W2317833188
https://openalex.org/W2317870691
https://openalex.org/W2317893145
https://openalex.org/W2317951115
https://openalex.org/W2317951902
https://openalex.org/W2318047907
https://openalex.org/W2318433435
https://openalex.org/W2318763049
https://openalex.org/W2318937064
https://openalex.org/W2319072513
https://openalex.org/W2319613272
https://openalex.org/W2320734112
https://openalex.org/W2321259177
https://openalex.org/W2321357829
https://openalex.org/W2321893704
https://openalex.org/W2321918203
https://openalex.org/W2321926699
https://openalex.org/W2322031557
https://openalex.org/W2322107254
https://openalex.org/W2322375786
https://openalex.org/W2322454677
https://openalex.org/W2322805626
https://openalex.org/W2323737172
https://openalex.org/W2325882355
https://openalex.org/W2326496499
https://openalex.org/W2326869211
https://openalex.org/W2327718813
https://openalex.org/W2327954811
https://openalex.org/W2328258825
https://openalex.org/W2328366175
https://openalex.org/W2328447714
https://openalex.org/W2328655964
https://openalex.org/W2328691515
https://openalex.org/W2328824974
https://openalex.org/W2329476368
https://openalex.org/W2329742462
https://openalex.org/W2330029281
https://openalex.org/W2330063948
https://openalex.org/W2330274036
https://openalex.org/W2330277519
https://openalex.org/W2330466755
https://openalex.org/W2330534601
https://openalex.org/W2330599766
https://openalex.org/W2330846426
https://openalex.org/W2330930783
https://openalex.org/W2331683806
https://openalex.org/W2332246248
https://openalex.org/W2332614268
https://openalex.org/W2332857195
https://openalex.org/W2333000927
https://openalex.org/W2333369711
https://openalex.org/W2333467520
https://openalex.org/W2333882416
https://openalex.org/W2334168802
https://openalex.org/W2334372130
https://openalex.org/W2334488663
https://openalex.org/W2334523942
https://openalex.org/W2334873781
https://openalex.org/W2335108211
https://openalex.org/W2335179049
https://openalex.org/W2335300389
https://openalex.org/W2335351490
https://openalex.org/W2335544887
https://openalex.org/W2336973222
https://openalex.org/W2337378580
https://openalex.org/W2341293307
https://openalex.org/W2342210477
https://openalex.org/W2342277358
https://openalex.org/W2343268384
https://openalex.org/W2346471529
https://openalex.org/W2347772832
https://openalex.org/W2349899475
https://openalex.org/W2350268226
https://openalex.org/W2350589770
https://openalex.org/W2350879645
https://openalex.org/W2351331864
https://openalex.org/W2352081584
https://openalex.org/W2352338467
https://openalex.org/W2353130959
https://openalex.org/W2355776935
https://openalex.org/W2356479698
https://openalex.org/W2356845223
https://openalex.org/W2357775057
https://openalex.org/W2358815331
https://openalex.org/W2359003614
https://openalex.org/W2359212756
https://openalex.org/W2360211276
https://openalex.org/W2364542280
https://openalex.org/W2364737864
https://openalex.org/W2365484262
https://openalex.org/W2365776543
https://openalex.org/W2366960624
https://openalex.org/W2367872442
https://openalex.org/W2368296144
https://openalex.org/W2368411273
https://openalex.org/W2368573436
https://openalex.org/W2368814051
https://openalex.org/W2369020950
https://openalex.org/W2369117620
https://openalex.org/W2369688994
https://openalex.org/W2370635196
https://openalex.org/W2371402050
https://openalex.org/W2373790292
https://openalex.org/W2374320634
https://openalex.org/W2375001191
https://openalex.org/W2375323874
https://openalex.org/W2375617547
https://openalex.org/W2377206928
https://openalex.org/W2377304963
https://openalex.org/W2378763501
https://openalex.org/W2379687806
https://openalex.org/W2379702748
https://openalex.org/W2381630311
https://openalex.org/W2384709502
https://openalex.org/W2385080068
https://openalex.org/W2385650680
https://openalex.org/W2385741588
https://openalex.org/W2385911384
https://openalex.org/W2387104302
https://openalex.org/W2389168235
https://openalex.org/W2390696789
https://openalex.org/W2392664484
https://openalex.org/W2394119878
https://openalex.org/W2394499807
https://openalex.org/W2394669017
https://openalex.org/W2395241268
https://openalex.org/W2395347013
https://openalex.org/W2399329628
https://openalex.org/W2399724738
https://openalex.org/W2399943261
https://openalex.org/W2400546609
https://openalex.org/W2401276056
https://openalex.org/W2401284472
https://openalex.org/W2402695904
https://openalex.org/W2403331845
https://openalex.org/W2405492413
https://openalex.org/W2405931256
https://openalex.org/W2406432567
https://openalex.org/W2406830446
https://openalex.org/W2407117206
https://openalex.org/W2408578820
https://openalex.org/W2408863213
https://openalex.org/W2408953446
https://openalex.org/W2409133177
https://openalex.org/W2409378140
https://openalex.org/W2410694031
https://openalex.org/W2410707249
https://openalex.org/W2410894661
https://openalex.org/W2411211441
https://openalex.org/W2411682660
https://openalex.org/W2412006130
https://openalex.org/W2412505581
https://openalex.org/W2412545695
https://openalex.org/W2412930915
https://openalex.org/W2413104353
https://openalex.org/W2413437726
https://openalex.org/W2414321190
https://openalex.org/W2414562518
https://openalex.org/W2414575885
https://openalex.org/W2414944624
https://openalex.org/W2414997406
https://openalex.org/W2415511142
https://openalex.org/W2415591614
https://openalex.org/W2415950015
https://openalex.org/W2416356909
https://openalex.org/W2416447804
https://openalex.org/W2418195902
https://openalex.org/W2418357680
https://openalex.org/W2418815764
https://openalex.org/W2420270037
https://openalex.org/W2422808095
https://openalex.org/W2424274524
https://openalex.org/W2425098464
https://openalex.org/W2427700850
https://openalex.org/W2431253885
https://openalex.org/W2432602002
https://openalex.org/W2443112936
https://openalex.org/W244726528
https://openalex.org/W2460511643
https://openalex.org/W2461175818
https://openalex.org/W2462266854
https://openalex.org/W2464671549
https://openalex.org/W2465240872
https://openalex.org/W2465919361
https://openalex.org/W2466324696
https://openalex.org/W2468723057
https://openalex.org/W2469921127
https://openalex.org/W2470069500
https://openalex.org/W2470590987
https://openalex.org/W2471092663
https://openalex.org/W2471537702
https://openalex.org/W2473241199
https://openalex.org/W2473389786
https://openalex.org/W2473912584
https://openalex.org/W2475040159
https://openalex.org/W2475055426
https://openalex.org/W2476028680
https://openalex.org/W2480025332
https://openalex.org/W2485618466
https://openalex.org/W2489027836
https://openalex.org/W2489220740
https://openalex.org/W2490696045
https://openalex.org/W2494418392
https://openalex.org/W2498898493
https://openalex.org/W2499443388
https://openalex.org/W2500818229
https://openalex.org/W2502358156
https://openalex.org/W2502826864
https://openalex.org/W2502908912
https://openalex.org/W2506879209
https://openalex.org/W2506958660
https://openalex.org/W2508480957
https://openalex.org/W2510455259
https://openalex.org/W2510837453
https://openalex.org/W2511717074
https://openalex.org/W2512007757
https://openalex.org/W2513148174
https://openalex.org/W2513363583
https://openalex.org/W2513529591
https://openalex.org/W2521550465
https://openalex.org/W2523992064
https://openalex.org/W2525677161
https://openalex.org/W2527240380
https://openalex.org/W2550590403
https://openalex.org/W2551560532
https://openalex.org/W2552749270
https://openalex.org/W2552760918
https://openalex.org/W2553564989
https://openalex.org/W2553819729
https://openalex.org/W2554902018
https://openalex.org/W2555398153
https://openalex.org/W2555639831
https://openalex.org/W2555739003
https://openalex.org/W2556313900
https://openalex.org/W2556767682
https://openalex.org/W2557336217
https://openalex.org/W2560547861
https://openalex.org/W2561538737
https://openalex.org/W2561630823
https://openalex.org/W2561834215
https://openalex.org/W2562955175
https://openalex.org/W2564216020
https://openalex.org/W2564287379
https://openalex.org/W2564442902
https://openalex.org/W2564808288
https://openalex.org/W2567670617
https://openalex.org/W2568251180
https://openalex.org/W2568329413
https://openalex.org/W2568345845
https://openalex.org/W2569114073
https://openalex.org/W2569133424
https://openalex.org/W2569340403
https://openalex.org/W2570162829
https://openalex.org/W2570374509
https://openalex.org/W2571274495
https://openalex.org/W2571285406
https://openalex.org/W2571395411
https://openalex.org/W2571527214
https://openalex.org/W2572812510
https://openalex.org/W2573243234
https://openalex.org/W2573508242
https://openalex.org/W2573770454
https://openalex.org/W2573983209
https://openalex.org/W2574179461
https://openalex.org/W2574356743
https://openalex.org/W2575208604
https://openalex.org/W2576178708
https://openalex.org/W2578592615
https://openalex.org/W2579737963
https://openalex.org/W2579883043
https://openalex.org/W2580571508
https://openalex.org/W2580920510
https://openalex.org/W2580992589
https://openalex.org/W2581144327
https://openalex.org/W2581282205
https://openalex.org/W2581450419
https://openalex.org/W2582262135
https://openalex.org/W2582795232
https://openalex.org/W2582848343
https://openalex.org/W2583255185
https://openalex.org/W2583634894
https://openalex.org/W2583831518
https://openalex.org/W2584012064
https://openalex.org/W2584590601
https://openalex.org/W2584605352
https://openalex.org/W2585445183
https://openalex.org/W2585623267
https://openalex.org/W2585849344
https://openalex.org/W2586061075
https://openalex.org/W2586099751
https://openalex.org/W2586286241
https://openalex.org/W2586664715
https://openalex.org/W2588149034
https://openalex.org/W2588838864
https://openalex.org/W2589740785
https://openalex.org/W2590002722
https://openalex.org/W2590850344
https://openalex.org/W2591162548
https://openalex.org/W2591311254
https://openalex.org/W2591342844
https://openalex.org/W2591614631
https://openalex.org/W2591812511
https://openalex.org/W2593537936
https://openalex.org/W2595079613
https://openalex.org/W2596869211
https://openalex.org/W2598121999
https://openalex.org/W2599693861
https://openalex.org/W2600188786
https://openalex.org/W2600737438
https://openalex.org/W2601712664
https://openalex.org/W2601939984
https://openalex.org/W2603059725
https://openalex.org/W2603189828
https://openalex.org/W2603620314
https://openalex.org/W2603792682
https://openalex.org/W2605549684
https://openalex.org/W2606171831
https://openalex.org/W2606189338
https://openalex.org/W2606474727
https://openalex.org/W2606554355
https://openalex.org/W2607430464
https://openalex.org/W2608953164
https://openalex.org/W2609581960
https://openalex.org/W26103904
https://openalex.org/W2612959506
https://openalex.org/W2613458155
https://openalex.org/W2614590772
https://openalex.org/W2619322867
https://openalex.org/W2620336675
https://openalex.org/W2621236477
https://openalex.org/W2622824115
https://openalex.org/W2622839705
https://openalex.org/W2624574955
https://openalex.org/W2639905195
https://openalex.org/W264734972
https://openalex.org/W2665790208
https://openalex.org/W2672248936
https://openalex.org/W2673105555
https://openalex.org/W2673389965
https://openalex.org/W2676852549
https://openalex.org/W2678023447
https://openalex.org/W2702122231
https://openalex.org/W27045455
https://openalex.org/W2718657651
https://openalex.org/W2733193199
https://openalex.org/W2733232494
https://openalex.org/W2734773707
https://openalex.org/W2735372083
https://openalex.org/W2735721190
https://openalex.org/W2736893441
https://openalex.org/W2737061321
https://openalex.org/W2737332867
https://openalex.org/W2737655790
https://openalex.org/W2738622934
https://openalex.org/W2738639399
https://openalex.org/W2738996378
https://openalex.org/W2739233714
https://openalex.org/W2739363573
https://openalex.org/W2740121590
https://openalex.org/W2742381775
https://openalex.org/W2742688403
https://openalex.org/W2742777064
https://openalex.org/W2742889841
https://openalex.org/W2743792011
https://openalex.org/W2744038277
https://openalex.org/W2744948273
https://openalex.org/W2745046980
https://openalex.org/W2745290250
https://openalex.org/W2745303276
https://openalex.org/W2745352133
https://openalex.org/W2745803910
https://openalex.org/W2746076312
https://openalex.org/W2746294399
https://openalex.org/W2747655118
https://openalex.org/W2748041630
https://openalex.org/W2748166339
https://openalex.org/W2748347048
https://openalex.org/W2748780386
https://openalex.org/W2748910032
https://openalex.org/W2749218129
https://openalex.org/W2749709739
https://openalex.org/W2749719314
https://openalex.org/W2749811261
https://openalex.org/W2749875894
https://openalex.org/W2750285766
https://openalex.org/W2751196496
https://openalex.org/W2751212641
https://openalex.org/W2751615306
https://openalex.org/W2751736016
https://openalex.org/W2751981316
https://openalex.org/W2752348428
https://openalex.org/W2752857759
https://openalex.org/W2757681936
https://openalex.org/W2757723718
https://openalex.org/W2759120387
https://openalex.org/W2760204027
https://openalex.org/W2760275423
https://openalex.org/W2761983271
https://openalex.org/W2765145206
https://openalex.org/W2766423151
https://openalex.org/W2767359870
https://openalex.org/W2767591013
https://openalex.org/W2767936080
https://openalex.org/W2768173549
https://openalex.org/W2769284782
https://openalex.org/W2769732992
https://openalex.org/W2771073568
https://openalex.org/W2772109549
https://openalex.org/W2777551719
https://openalex.org/W2777763977
https://openalex.org/W2778367407
https://openalex.org/W2780176267
https://openalex.org/W2782881623
https://openalex.org/W2783005441
https://openalex.org/W2788029874
https://openalex.org/W2789280762
https://openalex.org/W2789653167
https://openalex.org/W2790099229
https://openalex.org/W2790250471
https://openalex.org/W2790898357
https://openalex.org/W2791116537
https://openalex.org/W2791272469
https://openalex.org/W2791436438
https://openalex.org/W2791840008
https://openalex.org/W2791919653
https://openalex.org/W2792013445
https://openalex.org/W2792393714
https://openalex.org/W2792539120
https://openalex.org/W2792583137
https://openalex.org/W2793019687
https://openalex.org/W2793318243
https://openalex.org/W2794590727
https://openalex.org/W2794806827
https://openalex.org/W2794850356
https://openalex.org/W2794997815
https://openalex.org/W2795074243
https://openalex.org/W2795148172
https://openalex.org/W2795491031
https://openalex.org/W2795950457
https://openalex.org/W2803828198
https://openalex.org/W2805540402
https://openalex.org/W2806076150
https://openalex.org/W2807064144
https://openalex.org/W2807724142
https://openalex.org/W2808075095
https://openalex.org/W2808540288
https://openalex.org/W2808709223
https://openalex.org/W2808792108
https://openalex.org/W2809049117
https://openalex.org/W284474605
https://openalex.org/W2887201203
https://openalex.org/W2887355971
https://openalex.org/W2890761861
https://openalex.org/W2890774926
https://openalex.org/W2893782910
https://openalex.org/W2895059485
https://openalex.org/W2895955261
https://openalex.org/W2896087853
https://openalex.org/W2896712787
https://openalex.org/W2896868050
https://openalex.org/W2897071034
https://openalex.org/W2897361915
https://openalex.org/W2898452123
https://openalex.org/W2898633698
https://openalex.org/W2899244025
https://openalex.org/W2899368460
https://openalex.org/W2899807985
https://openalex.org/W2899829431
https://openalex.org/W2900138723
https://openalex.org/W2900757765
https://openalex.org/W2901387152
https://openalex.org/W2901575052
https://openalex.org/W2902469198
https://openalex.org/W2904013719
https://openalex.org/W2905105191
https://openalex.org/W2905480016
https://openalex.org/W2905611520
https://openalex.org/W2905835647
https://openalex.org/W2906373990
https://openalex.org/W2906511687
https://openalex.org/W2909263210
https://openalex.org/W2909548161
https://openalex.org/W2910181418
https://openalex.org/W2910428026
https://openalex.org/W2910543314
https://openalex.org/W2911452918
https://openalex.org/W2911491199
https://openalex.org/W2911747861
https://openalex.org/W2912070166
https://openalex.org/W2912296760
https://openalex.org/W2912321881
https://openalex.org/W2912415330
https://openalex.org/W2912516642
https://openalex.org/W2913182454
https://openalex.org/W2913294596
https://openalex.org/W2913492185
https://openalex.org/W2913798355
https://openalex.org/W2914259909
https://openalex.org/W2914279354
https://openalex.org/W2914557841
https://openalex.org/W2914899285
https://openalex.org/W2915418301
https://openalex.org/W2915497393
https://openalex.org/W2915855641
https://openalex.org/W2916723934
https://openalex.org/W2917385109
https://openalex.org/W2917457882
https://openalex.org/W2918960879
https://openalex.org/W2920973122
https://openalex.org/W2921272361
https://openalex.org/W2921347291
https://openalex.org/W2921382840
https://openalex.org/W2921632435
https://openalex.org/W2922219060
https://openalex.org/W2922463602
https://openalex.org/W2922468925
https://openalex.org/W2922945360
https://openalex.org/W2923978895
https://openalex.org/W2924480636
https://openalex.org/W2924856099
https://openalex.org/W2925224118
https://openalex.org/W2927581847
https://openalex.org/W2936913861
https://openalex.org/W2937717218
https://openalex.org/W2938082309
https://openalex.org/W2939202685
https://openalex.org/W2939207572
https://openalex.org/W2940665315
https://openalex.org/W2941245229
https://openalex.org/W2942092344
https://openalex.org/W2942879986
https://openalex.org/W2943202365
https://openalex.org/W2943612488
https://openalex.org/W2944357310
https://openalex.org/W2944528896
https://openalex.org/W2944609323
https://openalex.org/W2944671773
https://openalex.org/W2944905922
https://openalex.org/W294717409
https://openalex.org/W2947241504
https://openalex.org/W2947387779
https://openalex.org/W2947523259
https://openalex.org/W2947636224
https://openalex.org/W2948393496
https://openalex.org/W2949074468
https://openalex.org/W2949164135
https://openalex.org/W2949432813
https://openalex.org/W2949707641
https://openalex.org/W2949719515
https://openalex.org/W2950036372
https://openalex.org/W2950270192
https://openalex.org/W2950592476
https://openalex.org/W2950852999
https://openalex.org/W2950915612
https://openalex.org/W2951106826
https://openalex.org/W2951317789
https://openalex.org/W2951499127
https://openalex.org/W2951834245
https://openalex.org/W2952276365
https://openalex.org/W2952310997
https://openalex.org/W2952375329
https://openalex.org/W2952381093
https://openalex.org/W2952473275
https://openalex.org/W2953019479
https://openalex.org/W2953080936
https://openalex.org/W2953150561
https://openalex.org/W2953163068
https://openalex.org/W2953315211
https://openalex.org/W2953698168
https://openalex.org/W2954324161
https://openalex.org/W2954782985
https://openalex.org/W2954930812
https://openalex.org/W2955877202
https://openalex.org/W296328667
https://openalex.org/W2964121161
https://openalex.org/W2966741338
https://openalex.org/W2966854128
https://openalex.org/W296714680
https://openalex.org/W2968401124
https://openalex.org/W2968498702
https://openalex.org/W2968561486
https://openalex.org/W2968832061
https://openalex.org/W2969280682
https://openalex.org/W2969469738
https://openalex.org/W2969473416
https://openalex.org/W2969789423
https://openalex.org/W2969809858
https://openalex.org/W2969854766
https://openalex.org/W2970143658
https://openalex.org/W2970409786
https://openalex.org/W2970579347
https://openalex.org/W2970602299
https://openalex.org/W2970728791
https://openalex.org/W2971123304
https://openalex.org/W2971609917
https://openalex.org/W2971840333
https://openalex.org/W2972719289
https://openalex.org/W2973117404
https://openalex.org/W2973249961
https://openalex.org/W2973622327
https://openalex.org/W2973928977
https://openalex.org/W2974951957
https://openalex.org/W2974964779
https://openalex.org/W2975021096
https://openalex.org/W2975050375
https://openalex.org/W2975061461
https://openalex.org/W2975147036
https://openalex.org/W2975175591
https://openalex.org/W2975255908
https://openalex.org/W2975260095
https://openalex.org/W2975272209
https://openalex.org/W2975284698
https://openalex.org/W2975330961
https://openalex.org/W2975470932
https://openalex.org/W2975504174
https://openalex.org/W2975524424
https://openalex.org/W2975532827
https://openalex.org/W2975571383
https://openalex.org/W2975588390
https://openalex.org/W2975596612
https://openalex.org/W2975604099
https://openalex.org/W2975682537
https://openalex.org/W2975705244
https://openalex.org/W2975720746
https://openalex.org/W2975774444
https://openalex.org/W2975862219
https://openalex.org/W2975927327
https://openalex.org/W2975950667
https://openalex.org/W2976111599
https://openalex.org/W2976136058
https://openalex.org/W2976149673
https://openalex.org/W2976171978
https://openalex.org/W2976245703
https://openalex.org/W2976273080
https://openalex.org/W2976311207
https://openalex.org/W2976321285
https://openalex.org/W2976478879
https://openalex.org/W2976480061
https://openalex.org/W2976559303
https://openalex.org/W2976676155
https://openalex.org/W2976719450
https://openalex.org/W2976751467
https://openalex.org/W2976753983
https://openalex.org/W2976857004
https://openalex.org/W2976858134
https://openalex.org/W2976881782
https://openalex.org/W2976960252
https://openalex.org/W2976976389
https://openalex.org/W2977106663
https://openalex.org/W2977110172
https://openalex.org/W2977202203
https://openalex.org/W2977454221
https://openalex.org/W2977506048
https://openalex.org/W2977571700
https://openalex.org/W2977683230
https://openalex.org/W2977708440
https://openalex.org/W2977772506
https://openalex.org/W2977799170
https://openalex.org/W2977816234
https://openalex.org/W2977825111
https://openalex.org/W2977836268
https://openalex.org/W2977894691
https://openalex.org/W2978073080
https://openalex.org/W2978102338
https://openalex.org/W2978176139
https://openalex.org/W2978228867
https://openalex.org/W2978304371
https://openalex.org/W2978509598
https://openalex.org/W2978602656
https://openalex.org/W2978693051
https://openalex.org/W2978918282
https://openalex.org/W2978943722
https://openalex.org/W2978985185
https://openalex.org/W2979012925
https://openalex.org/W2979554622
https://openalex.org/W2980026873
https://openalex.org/W2980195912
https://openalex.org/W2980270088
https://openalex.org/W2980289967
https://openalex.org/W2980492186
https://openalex.org/W2980497559
https://openalex.org/W2980870338
https://openalex.org/W2986445255
https://openalex.org/W2987910667
https://openalex.org/W2988061229
https://openalex.org/W2989036995
https://openalex.org/W2990275399
https://openalex.org/W2990753452
https://openalex.org/W2990772148
https://openalex.org/W2990992551
https://openalex.org/W2991073904
https://openalex.org/W2991369097
https://openalex.org/W2991813775
https://openalex.org/W2991913455
https://openalex.org/W2992030158
https://openalex.org/W2992114679
https://openalex.org/W2992135591
https://openalex.org/W2992139512
https://openalex.org/W2992140824
https://openalex.org/W2992222328
https://openalex.org/W2992342957
https://openalex.org/W2992359242
https://openalex.org/W2992539374
https://openalex.org/W2992580440
https://openalex.org/W2992604566
https://openalex.org/W2992703824
https://openalex.org/W2992854138
https://openalex.org/W2992941131
https://openalex.org/W2993032334
https://openalex.org/W2993114526
https://openalex.org/W2993293743
https://openalex.org/W2993325170
https://openalex.org/W2993341309
https://openalex.org/W2993382264
https://openalex.org/W2993433747
https://openalex.org/W2993435599
https://openalex.org/W2993464708
https://openalex.org/W2993515700
https://openalex.org/W2993715345
https://openalex.org/W2993787810
https://openalex.org/W2994037407
https://openalex.org/W2994070057
https://openalex.org/W2994103889
https://openalex.org/W2994186246
https://openalex.org/W2994444637
https://openalex.org/W2994539030
https://openalex.org/W2996618116
https://openalex.org/W2998386400
https://openalex.org/W2999104313
https://openalex.org/W2999253492
https://openalex.org/W2999934269
https://openalex.org/W3000693640
https://openalex.org/W3000992143
https://openalex.org/W3001652253
https://openalex.org/W3002274663
https://openalex.org/W3003714979
https://openalex.org/W3005237823
https://openalex.org/W3006549947
https://openalex.org/W3006819969
https://openalex.org/W3007200220
https://openalex.org/W3007866988
https://openalex.org/W3009451630
https://openalex.org/W3009668183
https://openalex.org/W3009850589
https://openalex.org/W3010584789
https://openalex.org/W3010604192
https://openalex.org/W3011255200
https://openalex.org/W3012035141
https://openalex.org/W3013091008
https://openalex.org/W3015025314
https://openalex.org/W3015731119
https://openalex.org/W3018289436
https://openalex.org/W3018377009
https://openalex.org/W3020890860
https://openalex.org/W3020969719
https://openalex.org/W3021355816
https://openalex.org/W3021663240
https://openalex.org/W3022311766
https://openalex.org/W3022715578
https://openalex.org/W3022905271
https://openalex.org/W3023416045
https://openalex.org/W3023464982
https://openalex.org/W3024047073
https://openalex.org/W3024706716
https://openalex.org/W3024808481
https://openalex.org/W3025081486
https://openalex.org/W30269907
https://openalex.org/W3028430732
https://openalex.org/W3028544219
https://openalex.org/W3028580244
https://openalex.org/W3029353442
https://openalex.org/W3030340305
https://openalex.org/W3030362653
https://openalex.org/W3030505490
https://openalex.org/W3030549117
https://openalex.org/W3030607350
https://openalex.org/W3030983493
https://openalex.org/W3031751751
https://openalex.org/W3031762863
https://openalex.org/W3031957296
https://openalex.org/W3032094931
https://openalex.org/W3032209518
https://openalex.org/W3032885669
https://openalex.org/W3033735855
https://openalex.org/W3034153081
https://openalex.org/W3034790083
https://openalex.org/W3034816238
https://openalex.org/W3035082707
https://openalex.org/W3036180162
https://openalex.org/W3036425281
https://openalex.org/W3036705866
https://openalex.org/W3038164157
https://openalex.org/W3039738319
https://openalex.org/W3040594422
https://openalex.org/W3040694100
https://openalex.org/W3040711248
https://openalex.org/W3040903366
https://openalex.org/W3040915953
https://openalex.org/W3042495822
https://openalex.org/W3042605674
https://openalex.org/W3042785110
https://openalex.org/W3043214781
https://openalex.org/W3043343015
https://openalex.org/W3043760766
https://openalex.org/W3043868526
https://openalex.org/W3044501130
https://openalex.org/W3044535283
https://openalex.org/W3045944914
https://openalex.org/W3046177429
https://openalex.org/W3046325948
https://openalex.org/W3046592135
https://openalex.org/W3046635409
https://openalex.org/W3048169784
https://openalex.org/W3048436335
https://openalex.org/W3049074975
https://openalex.org/W3082109095
https://openalex.org/W3082429276
https://openalex.org/W3082475933
https://openalex.org/W3082936714
https://openalex.org/W3083023435
https://openalex.org/W3083393156
https://openalex.org/W3085118728
https://openalex.org/W3085917396
https://openalex.org/W3087499706
https://openalex.org/W3087663287
https://openalex.org/W3088398954
https://openalex.org/W3088563471
https://openalex.org/W3088743086
https://openalex.org/W3091508649
https://openalex.org/W3094051676
https://openalex.org/W3094426394
https://openalex.org/W3094479667
https://openalex.org/W3095144037
https://openalex.org/W3095263205
https://openalex.org/W3095793448
https://openalex.org/W3096123293
https://openalex.org/W3096831783
https://openalex.org/W3097013312
https://openalex.org/W3097058695
https://openalex.org/W3097735029
https://openalex.org/W3097828815
https://openalex.org/W3097958467
https://openalex.org/W3099970407
https://openalex.org/W3100694878
https://openalex.org/W3100934570
https://openalex.org/W3100991712
https://openalex.org/W3102214431
https://openalex.org/W3102279366
https://openalex.org/W3104184295
https://openalex.org/W310544286
https://openalex.org/W3105544462
https://openalex.org/W3106384306
https://openalex.org/W3107456289
https://openalex.org/W3107718186
https://openalex.org/W3107739167
https://openalex.org/W3107784668
https://openalex.org/W3109008090
https://openalex.org/W3111158585
https://openalex.org/W3111698550
https://openalex.org/W3112015291
https://openalex.org/W3112252543
https://openalex.org/W3113910931
https://openalex.org/W3114460963
https://openalex.org/W3114521306
https://openalex.org/W3114586979
https://openalex.org/W3115117993
https://openalex.org/W3117439740
https://openalex.org/W3117689908
https://openalex.org/W3120433040
https://openalex.org/W3120584797
https://openalex.org/W3120943181
https://openalex.org/W3121927156
https://openalex.org/W3121976877
https://openalex.org/W3122835598
https://openalex.org/W3123169160
https://openalex.org/W312479072
https://openalex.org/W3125294803
https://openalex.org/W3125822566
https://openalex.org/W3125910485
https://openalex.org/W3126512869
https://openalex.org/W3127852128
https://openalex.org/W3128205950
https://openalex.org/W3128208944
https://openalex.org/W3129907080
https://openalex.org/W3131531956
https://openalex.org/W3133607301
https://openalex.org/W3134022797
https://openalex.org/W3134193187
https://openalex.org/W3135167897
https://openalex.org/W3135298233
https://openalex.org/W3135549895
https://openalex.org/W3136259202
https://openalex.org/W3136298178
https://openalex.org/W3136481247
https://openalex.org/W3137091641
https://openalex.org/W3138104982
https://openalex.org/W3138963008
https://openalex.org/W3139406832
https://openalex.org/W3143417320
https://openalex.org/W3143649728
https://openalex.org/W3144131043
https://openalex.org/W3144457889
https://openalex.org/W3144775410
https://openalex.org/W3147129360
https://openalex.org/W3148161984
https://openalex.org/W3149872348
https://openalex.org/W3150522444
https://openalex.org/W3150919553
https://openalex.org/W3151424249
https://openalex.org/W3151604734
https://openalex.org/W3152375071
https://openalex.org/W3152499651
https://openalex.org/W3152731827
https://openalex.org/W3152969090
https://openalex.org/W3153226319
https://openalex.org/W3153323730
https://openalex.org/W3154511309
https://openalex.org/W3154522551
https://openalex.org/W315475343
https://openalex.org/W3155050416
https://openalex.org/W3155135737
https://openalex.org/W3156065083
https://openalex.org/W3156364161
https://openalex.org/W3157293364
https://openalex.org/W3157340061
https://openalex.org/W3157344180
https://openalex.org/W3157492554
https://openalex.org/W3157527978
https://openalex.org/W3157918490
https://openalex.org/W3159044453
https://openalex.org/W3159412342
https://openalex.org/W3159734449
https://openalex.org/W3159890106
https://openalex.org/W3159943929
https://openalex.org/W3159944665
https://openalex.org/W3160028289
https://openalex.org/W3160621348
https://openalex.org/W3161247761
https://openalex.org/W3161284635
https://openalex.org/W3161388810
https://openalex.org/W3161563944
https://openalex.org/W3161925955
https://openalex.org/W3162260568
https://openalex.org/W3162299450
https://openalex.org/W3162430197
https://openalex.org/W3162463504
https://openalex.org/W3162621812
https://openalex.org/W3162742708
https://openalex.org/W3162795220
https://openalex.org/W3162800012
https://openalex.org/W3162822694
https://openalex.org/W3163200885
https://openalex.org/W3163332828
https://openalex.org/W3163689020
https://openalex.org/W3163721462
https://openalex.org/W3163867780
https://openalex.org/W3164794598
https://openalex.org/W3165661107
https://openalex.org/W3165923448
https://openalex.org/W3168046435
https://openalex.org/W3168181730
https://openalex.org/W3168884167
https://openalex.org/W3169421065
https://openalex.org/W3169532960
https://openalex.org/W3169983278
https://openalex.org/W3170365155
https://openalex.org/W3171087161
https://openalex.org/W3172076904
https://openalex.org/W3172098836
https://openalex.org/W3172122368
https://openalex.org/W3172161636
https://openalex.org/W3172314205
https://openalex.org/W3172534508
https://openalex.org/W3173603239
https://openalex.org/W3173990917
https://openalex.org/W3174584661
https://openalex.org/W3174633604
https://openalex.org/W3174647316
https://openalex.org/W3174717043
https://openalex.org/W3174781095
https://openalex.org/W3174790672
https://openalex.org/W3175171231
https://openalex.org/W3175808860
https://openalex.org/W3177468034
https://openalex.org/W3178536030
https://openalex.org/W3178747115
https://openalex.org/W3179103059
https://openalex.org/W3179193368
https://openalex.org/W3179535863
https://openalex.org/W3180306237
https://openalex.org/W3180585611
https://openalex.org/W3181109170
https://openalex.org/W3181872679
https://openalex.org/W3182706555
https://openalex.org/W3183322864
https://openalex.org/W3184308237
https://openalex.org/W3184532207
https://openalex.org/W3184963154
https://openalex.org/W3187070258
https://openalex.org/W3192771798
https://openalex.org/W3194054706
https://openalex.org/W3194458407
https://openalex.org/W3195001175
https://openalex.org/W3196223774
https://openalex.org/W3196849887
https://openalex.org/W3197010383
https://openalex.org/W3197491827
https://openalex.org/W3197625883
https://openalex.org/W3197801747
https://openalex.org/W3198199564
https://openalex.org/W3198295278
https://openalex.org/W3198789056
https://openalex.org/W3198822588
https://openalex.org/W3199482579
https://openalex.org/W3200269660
https://openalex.org/W3200394225
https://openalex.org/W3200924053
https://openalex.org/W3201348922
https://openalex.org/W3201563586
https://openalex.org/W3202159595
https://openalex.org/W3202264025
https://openalex.org/W3202483463
https://openalex.org/W3203185869
https://openalex.org/W3204300947
https://openalex.org/W3204662310
https://openalex.org/W3205182668
https://openalex.org/W3205234046
https://openalex.org/W3205968931
https://openalex.org/W3206572673
https://openalex.org/W3206994885
https://openalex.org/W3207201511
https://openalex.org/W3207626875
https://openalex.org/W3208011900
https://openalex.org/W3208104286
https://openalex.org/W3208603240
https://openalex.org/W3208639719
https://openalex.org/W3208781146
https://openalex.org/W3208856220
https://openalex.org/W3209184625
https://openalex.org/W3209245630
https://openalex.org/W3209479411
https://openalex.org/W3209558679
https://openalex.org/W3210042470
https://openalex.org/W3210215612
https://openalex.org/W3210731398
https://openalex.org/W3211708885
https://openalex.org/W3212067424
https://openalex.org/W3212068810
https://openalex.org/W3212133127
https://openalex.org/W3212919311
https://openalex.org/W3213548789
https://openalex.org/W3214101191
https://openalex.org/W3214218209
https://openalex.org/W3215764971
https://openalex.org/W3216118029
https://openalex.org/W3217436238
https://openalex.org/W351652868
https://openalex.org/W362553220
https://openalex.org/W368468046
https://openalex.org/W40458799
https://openalex.org/W4064327
https://openalex.org/W416223389
https://openalex.org/W4200056694
https://openalex.org/W4200137725
https://openalex.org/W4200183665
https://openalex.org/W4200233328
https://openalex.org/W4200279575
https://openalex.org/W4200311763
https://openalex.org/W4200378628
https://openalex.org/W4205096221
https://openalex.org/W4205163275
https://openalex.org/W4205251900
https://openalex.org/W4205380291
https://openalex.org/W4205422103
https://openalex.org/W4205476213
https://openalex.org/W4205532409
https://openalex.org/W4205592730
https://openalex.org/W4205618413
https://openalex.org/W4205660396
https://openalex.org/W4205671429
https://openalex.org/W4205789041
https://openalex.org/W4205836188
https://openalex.org/W4205902549
https://openalex.org/W4205976107
https://openalex.org/W4206075632
https://openalex.org/W4206118205
https://openalex.org/W4206270485
https://openalex.org/W4206273216
https://openalex.org/W4206867648
https://openalex.org/W4210241688
https://openalex.org/W4210250645
https://openalex.org/W4210306358
https://openalex.org/W4210373869
https://openalex.org/W4210411792
https://openalex.org/W4210496471
https://openalex.org/W4210588532
https://openalex.org/W4210605374
https://openalex.org/W4210808887
https://openalex.org/W4211019274
https://openalex.org/W4211027755
https://openalex.org/W4211081873
https://openalex.org/W4213008804
https://openalex.org/W4213271085
https://openalex.org/W4213286809
https://openalex.org/W4213305454
https://openalex.org/W4213315684
https://openalex.org/W4213318416
https://openalex.org/W4213349491
https://openalex.org/W4214692028
https://openalex.org/W4214732271
https://openalex.org/W4214900571
https://openalex.org/W4214902614
https://openalex.org/W4220673564
https://openalex.org/W4220900639
https://openalex.org/W4221000361
https://openalex.org/W4221100353
https://openalex.org/W4224216408
https://openalex.org/W4225003068
https://openalex.org/W4225552472
https://openalex.org/W4225687301
https://openalex.org/W4225834532
https://openalex.org/W4226027089
https://openalex.org/W4226106247
https://openalex.org/W4226118477
https://openalex.org/W4226249809
https://openalex.org/W4226401767
https://openalex.org/W4226483299
https://openalex.org/W4226517743
https://openalex.org/W4229370387
https://openalex.org/W4229562187
https://openalex.org/W4229652440
https://openalex.org/W4229735751
https://openalex.org/W4229739136
https://openalex.org/W4229756082
https://openalex.org/W4229787473
https://openalex.org/W4229881191
https://openalex.org/W4229903086
https://openalex.org/W4230128674
https://openalex.org/W4230162466
https://openalex.org/W4230163420
https://openalex.org/W4230773243
https://openalex.org/W4230802798
https://openalex.org/W4231127530
https://openalex.org/W4231388479
https://openalex.org/W4231500903
https://openalex.org/W4231651404
https://openalex.org/W4231698961
https://openalex.org/W423182405
https://openalex.org/W4232168520
https://openalex.org/W4232233034
https://openalex.org/W4232289335
https://openalex.org/W4232305736
https://openalex.org/W4232354184
https://openalex.org/W4232449392
https://openalex.org/W4232479829
https://openalex.org/W4232576098
https://openalex.org/W4232620393
https://openalex.org/W4232788234
https://openalex.org/W4232907101
https://openalex.org/W4232913761
https://openalex.org/W4233084231
https://openalex.org/W4233240491
https://openalex.org/W4233260538
https://openalex.org/W4233331512
https://openalex.org/W4233656750
https://openalex.org/W4233665867
https://openalex.org/W4233765461
https://openalex.org/W4234119041
https://openalex.org/W4234438481
https://openalex.org/W4234518643
https://openalex.org/W4234526647
https://openalex.org/W4234564409
https://openalex.org/W4234579218
https://openalex.org/W4234674902
https://openalex.org/W4234771228
https://openalex.org/W4234858762
https://openalex.org/W4234937201
https://openalex.org/W4234960710
https://openalex.org/W4235211506
https://openalex.org/W4235229952
https://openalex.org/W4235265298
https://openalex.org/W4235297469
https://openalex.org/W4235369296
https://openalex.org/W4235376624
https://openalex.org/W4235541854
https://openalex.org/W4235641578
https://openalex.org/W4235670875
https://openalex.org/W4235776101
https://openalex.org/W4235868178
https://openalex.org/W4235934710
https://openalex.org/W4236042437
https://openalex.org/W4236054779
https://openalex.org/W4236309839
https://openalex.org/W4236312244
https://openalex.org/W4236374434
https://openalex.org/W4236412491
https://openalex.org/W4236571261
https://openalex.org/W4236615315
https://openalex.org/W4236876002
https://openalex.org/W4237341914
https://openalex.org/W4237353114
https://openalex.org/W4237366870
https://openalex.org/W4237626888
https://openalex.org/W4237724816
https://openalex.org/W4237775217
https://openalex.org/W4237915903
https://openalex.org/W4237981600
https://openalex.org/W4238232498
https://openalex.org/W4238315417
https://openalex.org/W4238462999
https://openalex.org/W4238594761
https://openalex.org/W4238656541
https://openalex.org/W4238686191
https://openalex.org/W4238801393
https://openalex.org/W4238868005
https://openalex.org/W4238871364
https://openalex.org/W4238882541
https://openalex.org/W4239071661
https://openalex.org/W4239152742
https://openalex.org/W4239339300
https://openalex.org/W4239357945
https://openalex.org/W4239423825
https://openalex.org/W4239432068
https://openalex.org/W4239857852
https://openalex.org/W4239932966
https://openalex.org/W4239954728
https://openalex.org/W4240115714
https://openalex.org/W4240218593
https://openalex.org/W4240219585
https://openalex.org/W4240355344
https://openalex.org/W4240467054
https://openalex.org/W4240492088
https://openalex.org/W4240521307
https://openalex.org/W4240551083
https://openalex.org/W4240630503
https://openalex.org/W4240774350
https://openalex.org/W4241316957
https://openalex.org/W4241772153
https://openalex.org/W4241775168
https://openalex.org/W4241907888
https://openalex.org/W4242166892
https://openalex.org/W4242169986
https://openalex.org/W4242554093
https://openalex.org/W4242693612
https://openalex.org/W4242835284
https://openalex.org/W4242884008
https://openalex.org/W4242906684
https://openalex.org/W4242936582
https://openalex.org/W4243073951
https://openalex.org/W4243104275
https://openalex.org/W4243185923
https://openalex.org/W4243195351
https://openalex.org/W4243242189
https://openalex.org/W4243262436
https://openalex.org/W4243281261
https://openalex.org/W4243396576
https://openalex.org/W4243467531
https://openalex.org/W4243518748
https://openalex.org/W4243583510
https://openalex.org/W4243728050
https://openalex.org/W4243811470
https://openalex.org/W4243918139
https://openalex.org/W4244020143
https://openalex.org/W4244043606
https://openalex.org/W4244307884
https://openalex.org/W4244366675
https://openalex.org/W4244785318
https://openalex.org/W4244824603
https://openalex.org/W4244838386
https://openalex.org/W4245016424
https://openalex.org/W4245131564
https://openalex.org/W4245160200
https://openalex.org/W4245253586
https://openalex.org/W4245323276
https://openalex.org/W4245339639
https://openalex.org/W4245347228
https://openalex.org/W4245355952
https://openalex.org/W4245378017
https://openalex.org/W4245474376
https://openalex.org/W4245573866
https://openalex.org/W4245756548
https://openalex.org/W4245849222
https://openalex.org/W4245853174
https://openalex.org/W4246155340
https://openalex.org/W4246192957
https://openalex.org/W4246272689
https://openalex.org/W4246515309
https://openalex.org/W4246547813
https://openalex.org/W4246635332
https://openalex.org/W4246906756
https://openalex.org/W4246944928
https://openalex.org/W4246955358
https://openalex.org/W4247072916
https://openalex.org/W4247078040
https://openalex.org/W4247265760
https://openalex.org/W4247333924
https://openalex.org/W4247652709
https://openalex.org/W4247735468
https://openalex.org/W4247866854
https://openalex.org/W4247921557
https://openalex.org/W4247945294
https://openalex.org/W4248021930
https://openalex.org/W4248154611
https://openalex.org/W4248686948
https://openalex.org/W4249094411
https://openalex.org/W4249230103
https://openalex.org/W4249254230
https://openalex.org/W4249258907
https://openalex.org/W4249261751
https://openalex.org/W4249271885
https://openalex.org/W4249318308
https://openalex.org/W4249431312
https://openalex.org/W4249580484
https://openalex.org/W4249582082
https://openalex.org/W4249692424
https://openalex.org/W4249696168
https://openalex.org/W4249791819
https://openalex.org/W4249830669
https://openalex.org/W4249888347
https://openalex.org/W4249902934
https://openalex.org/W4249940557
https://openalex.org/W4250003694
https://openalex.org/W4250041720
https://openalex.org/W4250126778
https://openalex.org/W4250207478
https://openalex.org/W4250207870
https://openalex.org/W4250405089
https://openalex.org/W4250455335
https://openalex.org/W4250546230
https://openalex.org/W4251152396
https://openalex.org/W4251259176
https://openalex.org/W4251271449
https://openalex.org/W4251400160
https://openalex.org/W4251437509
https://openalex.org/W4251480201
https://openalex.org/W4251611582
https://openalex.org/W4251720865
https://openalex.org/W4251819651
https://openalex.org/W4251903267
https://openalex.org/W4251999288
https://openalex.org/W4252095538
https://openalex.org/W4252158678
https://openalex.org/W4252307867
https://openalex.org/W4252330299
https://openalex.org/W4252400223
https://openalex.org/W4252616222
https://openalex.org/W4252616508
https://openalex.org/W4252682354
https://openalex.org/W4252760630
https://openalex.org/W4252851087
https://openalex.org/W4252883239
https://openalex.org/W4252884521
https://openalex.org/W4252899172
https://openalex.org/W4253004124
https://openalex.org/W4253097083
https://openalex.org/W4253421238
https://openalex.org/W4253512644
https://openalex.org/W4253543616
https://openalex.org/W4253573191
https://openalex.org/W4253590610
https://openalex.org/W4253703719
https://openalex.org/W4253896117
https://openalex.org/W4253916044
https://openalex.org/W4254164848
https://openalex.org/W4254212597
https://openalex.org/W4254215198
https://openalex.org/W4254603556
https://openalex.org/W4254667128
https://openalex.org/W4254686721
https://openalex.org/W4254897839
https://openalex.org/W4255061316
https://openalex.org/W4255154721
https://openalex.org/W4255250659
https://openalex.org/W4255462938
https://openalex.org/W4255485325
https://openalex.org/W4255667533
https://openalex.org/W4255749335
https://openalex.org/W4255781847
https://openalex.org/W4255958201
https://openalex.org/W4255984426
https://openalex.org/W4255996039
https://openalex.org/W4256062078
https://openalex.org/W4256195655
https://openalex.org/W4256198627
https://openalex.org/W4256242140
https://openalex.org/W4256353805
https://openalex.org/W4256374727
https://openalex.org/W4256382840
https://openalex.org/W4256675235
https://openalex.org/W427764163
https://openalex.org/W4281255910
https://openalex.org/W4281624412
https://openalex.org/W4281678083
https://openalex.org/W4281702811
https://openalex.org/W4281718403
https://openalex.org/W4282822138
https://openalex.org/W4282932157
https://openalex.org/W4283021545
https://openalex.org/W4283359286
https://openalex.org/W4283722128
https://openalex.org/W4285259166
https://openalex.org/W4286716382
https://openalex.org/W4287131530
https://openalex.org/W4288034032
https://openalex.org/W4288034925
https://openalex.org/W4289637373
https://openalex.org/W4291335647
https://openalex.org/W4292242589
https://openalex.org/W4292873485
https://openalex.org/W4293036658
https://openalex.org/W4293081678
https://openalex.org/W4293089435
https://openalex.org/W4293091308
https://openalex.org/W4293108722
https://openalex.org/W4293149631
https://openalex.org/W4293410718
https://openalex.org/W4293569763
https://openalex.org/W4294025240
https://openalex.org/W4294901423
https://openalex.org/W4294959655
https://openalex.org/W4295131761
https://openalex.org/W4295816688
https://openalex.org/W4296354867
https://openalex.org/W4296696847
https://openalex.org/W4296696937
https://openalex.org/W4297897526
https://openalex.org/W4298441195
https://openalex.org/W4299348160
https://openalex.org/W4299534670
https://openalex.org/W4299919892
https://openalex.org/W4300444767
https://openalex.org/W4300816908
https://openalex.org/W4302016077
https://openalex.org/W4302223312
https://openalex.org/W4302763988
https://openalex.org/W4304014724
https://openalex.org/W4307052844
https://openalex.org/W4307381238
https://openalex.org/W4307395131
https://openalex.org/W4307395899
https://openalex.org/W4307859986
https://openalex.org/W4307984746
https://openalex.org/W4308133707
https://openalex.org/W4308801091
https://openalex.org/W4308922790
https://openalex.org/W4308960888
https://openalex.org/W4308969618
https://openalex.org/W4309236558
https://openalex.org/W4309420755
https://openalex.org/W4310087099
https://openalex.org/W4310850021
https://openalex.org/W4311021888
https://openalex.org/W4311104681
https://openalex.org/W4311106464
https://openalex.org/W4311236323
https://openalex.org/W4311243709
https://openalex.org/W4311325293
https://openalex.org/W4311606848
https://openalex.org/W4311894849
https://openalex.org/W4312080537
https://openalex.org/W4312107486
https://openalex.org/W4312113013
https://openalex.org/W4312134947
https://openalex.org/W4312141248
https://openalex.org/W4312195721
https://openalex.org/W4312259404
https://openalex.org/W4312440945
https://openalex.org/W4312510647
https://openalex.org/W4312995584
https://openalex.org/W4313006957
https://openalex.org/W4313209954
https://openalex.org/W4313328243
https://openalex.org/W4313471317
https://openalex.org/W431421462
https://openalex.org/W4315432946
https://openalex.org/W4315628859
https://openalex.org/W4315628994
https://openalex.org/W4317035458
https://openalex.org/W4317182248
https://openalex.org/W4317207676
https://openalex.org/W4317438590
https://openalex.org/W4317469263
https://openalex.org/W4317773996
https://openalex.org/W4318154286
https://openalex.org/W4318831899
https://openalex.org/W4319004364
https://openalex.org/W4319006057
https://openalex.org/W4319007896
https://openalex.org/W4319073035
https://openalex.org/W4319457588
https://openalex.org/W4320000911
https://openalex.org/W4320037831
https://openalex.org/W4320065935
https://openalex.org/W4320150427
https://openalex.org/W4320150643
https://openalex.org/W4320184850
https://openalex.org/W4320918411
https://openalex.org/W4321273536
https://openalex.org/W4321510975
https://openalex.org/W4321511011
https://openalex.org/W4321519172
https://openalex.org/W4321642742
https://openalex.org/W4321642789
https://openalex.org/W4321642805
https://openalex.org/W4321783958
https://openalex.org/W4322487687
https://openalex.org/W4322769798
https://openalex.org/W4322774770
https://openalex.org/W4323041698
https://openalex.org/W4323047409
https://openalex.org/W4323311799
https://openalex.org/W4323351221
https://openalex.org/W4323527211
https://openalex.org/W4323652928
https://openalex.org/W4323655532
https://openalex.org/W4323826638
https://openalex.org/W4323980720
https://openalex.org/W4324091871
https://openalex.org/W4324134591
https://openalex.org/W4324134614
https://openalex.org/W4324323363
https://openalex.org/W4324366864
https://openalex.org/W4327694877
https://openalex.org/W4327862144
https://openalex.org/W435689020
https://openalex.org/W4360605498
https://openalex.org/W4361029520
https://openalex.org/W4361244297
https://openalex.org/W4361262691
https://openalex.org/W4361825872
https://openalex.org/W4361826007
https://openalex.org/W4361826016
https://openalex.org/W4361888700
https://openalex.org/W4361888804
https://openalex.org/W4361888887
https://openalex.org/W4361890480
https://openalex.org/W4361890670
https://openalex.org/W4361892010
https://openalex.org/W4361892080
https://openalex.org/W4361892212
https://openalex.org/W4361902701
https://openalex.org/W4361903873
https://openalex.org/W4361931531
https://openalex.org/W4361931823
https://openalex.org/W4361931830
https://openalex.org/W4361936942
https://openalex.org/W4361936982
https://openalex.org/W4361937008
https://openalex.org/W4361939692
https://openalex.org/W4361940012
https://openalex.org/W4361944257
https://openalex.org/W4361946470
https://openalex.org/W4361947531
https://openalex.org/W4361949866
https://openalex.org/W4361952715
https://openalex.org/W4361953330
https://openalex.org/W4361953846
https://openalex.org/W4361959801
https://openalex.org/W4362393267
https://openalex.org/W4362393288
https://openalex.org/W4362404394
https://openalex.org/W4362404395
https://openalex.org/W4362404414
https://openalex.org/W4362475227
https://openalex.org/W4362617313
https://openalex.org/W4362633352
https://openalex.org/W4362664975
https://openalex.org/W4365478974
https://openalex.org/W4366251384
https://openalex.org/W4366347630
https://openalex.org/W4366503415
https://openalex.org/W4366773085
https://openalex.org/W4366815359
https://openalex.org/W4366830148
https://openalex.org/W4366979063
https://openalex.org/W4367181558
https://openalex.org/W4367316546
https://openalex.org/W4367607543
https://openalex.org/W4367841035
https://openalex.org/W4368313216
https://openalex.org/W4372298736
https://openalex.org/W4372330396
https://openalex.org/W4375859357
https://openalex.org/W4375859865
https://openalex.org/W4376465628
https://openalex.org/W4376465710
https://openalex.org/W4376604354
https://openalex.org/W4376872808
https://openalex.org/W4377029761
https://openalex.org/W4377029763
https://openalex.org/W4377029764
https://openalex.org/W4377029765
https://openalex.org/W4377029766
https://openalex.org/W4377029827
https://openalex.org/W4377043128
https://openalex.org/W4377193560
https://openalex.org/W4377834701
https://openalex.org/W4378220151
https://openalex.org/W4378446783
https://openalex.org/W4378803385
https://openalex.org/W4378953089
https://openalex.org/W4378966335
https://openalex.org/W4379012485
https://openalex.org/W4379012582
https://openalex.org/W4379012773
https://openalex.org/W4379013081
https://openalex.org/W4379054896
https://openalex.org/W4379143492
https://openalex.org/W4379332737
https://openalex.org/W4379378001
https://openalex.org/W4379536686
https://openalex.org/W4379794251
https://openalex.org/W4380030157
https://openalex.org/W4380032324
https://openalex.org/W4381149654
https://openalex.org/W4381326773
https://openalex.org/W4381487313
https://openalex.org/W4381597991
https://openalex.org/W4381598524
https://openalex.org/W4381989085
https://openalex.org/W4382119223
https://openalex.org/W4382248997
https://openalex.org/W4382463287
https://openalex.org/W4382465100
https://openalex.org/W4382657730
https://openalex.org/W4382795488
https://openalex.org/W4383222073
https://openalex.org/W4383270649
https://openalex.org/W4383818779
https://openalex.org/W4383999236
https://openalex.org/W4384080251
https://openalex.org/W4384112415
https://openalex.org/W4384160393
https://openalex.org/W4384299508
https://openalex.org/W4384343171
https://openalex.org/W4384344037
https://openalex.org/W4384567863
https://openalex.org/W4384830278
https://openalex.org/W4384946675
https://openalex.org/W4385003561
https://openalex.org/W4385154202
https://openalex.org/W4385202162
https://openalex.org/W4385263863
https://openalex.org/W4385303576
https://openalex.org/W4385351515
https://openalex.org/W4385412440
https://openalex.org/W4385412657
https://openalex.org/W4385412766
https://openalex.org/W4385488335
https://openalex.org/W4385563526
https://openalex.org/W4385622982
https://openalex.org/W4385623325
https://openalex.org/W4385636659
https://openalex.org/W4385655789
https://openalex.org/W4385760295
https://openalex.org/W4385819674
https://openalex.org/W4385825237
https://openalex.org/W4385831802
https://openalex.org/W4386082933
https://openalex.org/W4386096730
https://openalex.org/W4386128790
https://openalex.org/W4386154406
https://openalex.org/W4386178844
https://openalex.org/W4386249404
https://openalex.org/W4386258844
https://openalex.org/W4386283104
https://openalex.org/W4386369878
https://openalex.org/W4386412473
https://openalex.org/W4386456724
https://openalex.org/W4386469812
https://openalex.org/W4386493982
https://openalex.org/W4386496810
https://openalex.org/W4386501690
https://openalex.org/W4386532388
https://openalex.org/W4386537668
https://openalex.org/W4386556043
https://openalex.org/W4386582501
https://openalex.org/W4386651341
https://openalex.org/W4386690422
https://openalex.org/W4386696859
https://openalex.org/W4386739206
https://openalex.org/W4386759162
https://openalex.org/W4386760082
https://openalex.org/W4386814378
https://openalex.org/W4386847326
https://openalex.org/W4386851662
https://openalex.org/W4386910211
https://openalex.org/W4386917560
https://openalex.org/W4386977659
https://openalex.org/W4386988431
https://openalex.org/W4386989372
https://openalex.org/W4386993890
https://openalex.org/W4387002941
https://openalex.org/W4387003085
https://openalex.org/W4387020690
https://openalex.org/W4387041443
https://openalex.org/W4387047711
https://openalex.org/W52857803
https://openalex.org/W53774943
https://openalex.org/W560662216
https://openalex.org/W566345159
https://openalex.org/W571237325
https://openalex.org/W589729518
https://openalex.org/W590400813
https://openalex.org/W600349886
https://openalex.org/W600494172
https://openalex.org/W600856276
https://openalex.org/W604412899
https://openalex.org/W606956730
https://openalex.org/W608969353
https://openalex.org/W617439728
https://openalex.org/W618797318
https://openalex.org/W619016762
https://openalex.org/W634934308
https://openalex.org/W636269008
https://openalex.org/W642414918
https://openalex.org/W64622257
https://openalex.org/W651604325
https://openalex.org/W746788968
https://openalex.org/W754298632
https://openalex.org/W756667170
https://openalex.org/W757362045
https://openalex.org/W757730437
https://openalex.org/W760341177
https://openalex.org/W761827144
https://openalex.org/W763671875
https://openalex.org/W765511030
https://openalex.org/W765751717
https://openalex.org/W771943928
https://openalex.org/W77310125
https://openalex.org/W786409417
https://openalex.org/W786531151
https://openalex.org/W786855820
https://openalex.org/W787158215
https://openalex.org/W788147404
https://openalex.org/W78982013
https://openalex.org/W792384714
https://openalex.org/W794153720
https://openalex.org/W794544482
https://openalex.org/W795118364
https://openalex.org/W800641852
https://openalex.org/W803586711
https://openalex.org/W810001503
https://openalex.org/W818003588
https://openalex.org/W820194246
https://openalex.org/W822664743
https://openalex.org/W824375043
https://openalex.org/W828393317
https://openalex.org/W828646475
https://openalex.org/W831285674
https://openalex.org/W832351380
https://openalex.org/W839041640
https://openalex.org/W840138584
https://openalex.org/W843260077
https://openalex.org/W847173571
https://openalex.org/W849534900
https://openalex.org/W85229473
https://openalex.org/W856011188
https://openalex.org/W859065293
https://openalex.org/W859915549
https://openalex.org/W869193800
https://openalex.org/W870737587
https://openalex.org/W882322039
https://openalex.org/W884103867
https://openalex.org/W884388413
https://openalex.org/W886914445
https://openalex.org/W892291811
https://openalex.org/W901368982
https://openalex.org/W90584991
https://openalex.org/W908567816
https://openalex.org/W909260251
https://openalex.org/W917993233
https://openalex.org/W918027657
https://openalex.org/W918170234
https://openalex.org/W922640171
https://openalex.org/W924789836
https://openalex.org/W924933629
https://openalex.org/W926444963
https://openalex.org/W927800200
https://openalex.org/W928450196
https://openalex.org/W932161347
https://openalex.org/W933943990
https://openalex.org/W934766113
https://openalex.org/W934989424
https://openalex.org/W935864931
https://openalex.org/W937603078
https://openalex.org/W939584523
https://openalex.org/W94048871
https://openalex.org/W943373430
https://openalex.org/W943533586
https://openalex.org/W944828793
https://openalex.org/W946868187
https://openalex.org/W950392338
https://openalex.org/W953878192
https://openalex.org/W956482266
https://openalex.org/W958418635
https://openalex.org/W961358874
https://openalex.org/W961923792
https://openalex.org/W962348376
https://openalex.org/W968925359
https://openalex.org/W969138555
https://openalex.org/W974814755
https://openalex.org/W974985379
https://openalex.org/W976196137
https://openalex.org/W979506134
https://openalex.org/W981204505
https://openalex.org/W985559322
https://openalex.org/W986764029
https://openalex.org/W98901200
https://openalex.org/W989109626
https://openalex.org/W990574310
https://openalex.org/W992781376
https://openalex.org/W994026769
https://openalex.org/W996829620
https://openalex.org/W996968772
https://openalex.org/W997544909
https://openalex.org/W997799843
https://openalex.org/W999477967
https://openalex.org/W2124362779
https://openalex.org/W1988929438
https://openalex.org/W2167376541
https://openalex.org/W4230882199
https://openalex.org/W2063140011
https://openalex.org/W2141575938
https://openalex.org/W2141354154
https://openalex.org/W2006141070
https://openalex.org/W1998595310
https://openalex.org/W2150144117
https://openalex.org/W2127744901
https://openalex.org/W2566399670
https://openalex.org/W2022221238
https://openalex.org/W2142120946
https://openalex.org/W201144505
https://openalex.org/W2022040013
https://openalex.org/W1987980762
https://openalex.org/W2085039801
https://openalex.org/W2032221839
https://openalex.org/W2162232168
https://openalex.org/W2152853777
https://openalex.org/W2136511801
https://openalex.org/W2162140499
https://openalex.org/W2138603354
https://openalex.org/W2096364098
https://openalex.org/W1994799682
https://openalex.org/W1968703962
https://openalex.org/W1996875707
https://openalex.org/W2090750060
https://openalex.org/W2071702312
https://openalex.org/W1973979381
https://openalex.org/W2883291178
https://openalex.org/W2014482422
https://openalex.org/W2148823819
https://openalex.org/W2113585283
https://openalex.org/W2054158396
https://openalex.org/W2103668513
https://openalex.org/W2020579083
https://openalex.org/W2044090829
https://openalex.org/W1963684624
https://openalex.org/W2048898424
https://openalex.org/W2050382124
https://openalex.org/W2086498377
https://openalex.org/W2002446259
https://openalex.org/W2045889911
https://openalex.org/W2173846013
https://openalex.org/W2001603084
https://openalex.org/W2109373419
https://openalex.org/W2003472250
https://openalex.org/W2157225357
https://openalex.org/W2012104592
https://openalex.org/W2934107946
https://openalex.org/W2119638450
https://openalex.org/W2150923583
https://openalex.org/W2476154117
https://openalex.org/W1587997563
https://openalex.org/W2118509956
https://openalex.org/W2155349225
https://openalex.org/W2084218548
https://openalex.org/W1999109674
https://openalex.org/W2782225074
https://openalex.org/W1978131598
https://openalex.org/W2030614715
https://openalex.org/W2030764530
https://openalex.org/W2057441539
https://openalex.org/W2124851578
https://openalex.org/W2073781183
https://openalex.org/W3015059505
https://openalex.org/W2038567516
https://openalex.org/W2114940529
https://openalex.org/W2064199560
https://openalex.org/W2145561024
https://openalex.org/W2014805096
https://openalex.org/W1970654757
https://openalex.org/W2147701648
https://openalex.org/W2092962161
https://openalex.org/W2145527032
https://openalex.org/W2155281294
https://openalex.org/W2159250218
https://openalex.org/W2277860485
https://openalex.org/W1912107527
https://openalex.org/W2029389016
https://openalex.org/W2782938058
https://openalex.org/W2056320636
https://openalex.org/W2307209901
https://openalex.org/W2072143466
https://openalex.org/W2109794304
https://openalex.org/W2119250250
https://openalex.org/W1967828766
https://openalex.org/W3201474993
https://openalex.org/W1925649505
https://openalex.org/W2100522480
https://openalex.org/W1991935533
https://openalex.org/W2058519386
https://openalex.org/W2056434442
https://openalex.org/W2048522427
https://openalex.org/W2107439917
https://openalex.org/W2576706040
https://openalex.org/W1984068314
https://openalex.org/W2025367674
https://openalex.org/W2070637646
https://openalex.org/W2099733017
https://openalex.org/W2000444249
https://openalex.org/W2119226381
https://openalex.org/W1974332480
https://openalex.org/W2101255916
https://openalex.org/W2061981941
https://openalex.org/W2885744227
https://openalex.org/W2903772223
https://openalex.org/W2062768198
https://openalex.org/W2167036552
https://openalex.org/W2101414552
https://openalex.org/W2953376513
https://openalex.org/W2023695651
https://openalex.org/W2061371090
https://openalex.org/W1972262243
https://openalex.org/W2885550272
https://openalex.org/W2038890593
https://openalex.org/W2056627564
https://openalex.org/W2164929411
https://openalex.org/W2119111881
https://openalex.org/W2017986205
https://openalex.org/W1999407700
https://openalex.org/W1675513615
https://openalex.org/W2116701810
https://openalex.org/W2170750428
https://openalex.org/W3103187010
https://openalex.org/W1550578859
https://openalex.org/W2166361041
https://openalex.org/W2070563682
https://openalex.org/W2031663540
https://openalex.org/W2166628994
https://openalex.org/W1967052223
https://openalex.org/W2593608868
https://openalex.org/W2081079546
https://openalex.org/W3142288647
https://openalex.org/W1994485022
https://openalex.org/W2113915565
https://openalex.org/W2125111380
https://openalex.org/W2062618306
https://openalex.org/W2074692940
https://openalex.org/W2039931976
https://openalex.org/W2081566357
https://openalex.org/W2141370830
https://openalex.org/W2761368411
https://openalex.org/W2068607898
https://openalex.org/W1984764475
https://openalex.org/W2732947281
https://openalex.org/W2042873064
https://openalex.org/W128305080
https://openalex.org/W2324051487
https://openalex.org/W2031016078
https://openalex.org/W2060690570
https://openalex.org/W1976120430
https://openalex.org/W2172112917
https://openalex.org/W1927388153
https://openalex.org/W1975644564
https://openalex.org/W2063523175
https://openalex.org/W2118641088
https://openalex.org/W2142795591
https://openalex.org/W2170271580
https://openalex.org/W2257156795
https://openalex.org/W1547554564
https://openalex.org/W1964223116
https://openalex.org/W1973290614
https://openalex.org/W1974021925
https://openalex.org/W3161034134
https://openalex.org/W2077087490
https://openalex.org/W2148476409
https://openalex.org/W1777739215
https://openalex.org/W2090019574
https://openalex.org/W2277641745
https://openalex.org/W2156565952
https://openalex.org/W3200130214
https://openalex.org/W1969499993
https://openalex.org/W2028312503
https://openalex.org/W2081843146
https://openalex.org/W2118097355
https://openalex.org/W2018204791
https://openalex.org/W2077069863
https://openalex.org/W2138159937
https://openalex.org/W2896765559
https://openalex.org/W2996789825
https://openalex.org/W2012730900
https://openalex.org/W2024610036
https://openalex.org/W1968155207
https://openalex.org/W2101720048
https://openalex.org/W2151243153
https://openalex.org/W2011138141
https://openalex.org/W2109586979
https://openalex.org/W2883889243
https://openalex.org/W2091515229
https://openalex.org/W2164814468
https://openalex.org/W2001320633
https://openalex.org/W2122088274
https://openalex.org/W1972168294
https://openalex.org/W2888444358
https://openalex.org/W1965709240
https://openalex.org/W2056592977
https://openalex.org/W2142216114
https://openalex.org/W1968810018
https://openalex.org/W2807251817
https://openalex.org/W1978112166
https://openalex.org/W2051704317
https://openalex.org/W2306323185
https://openalex.org/W2436435546
https://openalex.org/W2161176275
https://openalex.org/W2944229994
https://openalex.org/W193446248
https://openalex.org/W2048879382
https://openalex.org/W2163428220
https://openalex.org/W2164635241
https://openalex.org/W2003656981
https://openalex.org/W2019488421
https://openalex.org/W2026892598
https://openalex.org/W2769849361
https://openalex.org/W2794248491
https://openalex.org/W1981432109
https://openalex.org/W1981755559
https://openalex.org/W2076363007
https://openalex.org/W2734511810
https://openalex.org/W2028012382
https://openalex.org/W2052234776
https://openalex.org/W2057737605
https://openalex.org/W2064467449
https://openalex.org/W2079551130
https://openalex.org/W3144414218
https://openalex.org/W1997660876
https://openalex.org/W2021376912
https://openalex.org/W2163811645
https://openalex.org/W1522395877
https://openalex.org/W2004776172
https://openalex.org/W2111804848
https://openalex.org/W2359251903
https://openalex.org/W4252589030
https://openalex.org/W2047349473
https://openalex.org/W2050863429
https://openalex.org/W2127503223
https://openalex.org/W2127523017
https://openalex.org/W2604566860
https://openalex.org/W2902054717
https://openalex.org/W1980755758
https://openalex.org/W2072769901
https://openalex.org/W827037913
https://openalex.org/W2040013095
https://openalex.org/W2151934068
https://openalex.org/W2168068820
https://openalex.org/W2045190357
https://openalex.org/W2078828432
https://openalex.org/W2146355213
https://openalex.org/W3198499417
https://openalex.org/W2056034142
https://openalex.org/W2103598247
https://openalex.org/W2697591361
https://openalex.org/W2158357903
https://openalex.org/W2164088504
https://openalex.org/W1974701445
https://openalex.org/W1984725782
https://openalex.org/W2010932100
https://openalex.org/W2014194107
https://openalex.org/W2099548385
https://openalex.org/W2141999680
https://openalex.org/W2155902090
https://openalex.org/W1970818599
https://openalex.org/W2060824909
https://openalex.org/W2094844827
https://openalex.org/W3002659854
https://openalex.org/W1964698686
https://openalex.org/W1988008904
https://openalex.org/W2017527347
https://openalex.org/W2063346847
https://openalex.org/W2126469731
https://openalex.org/W3087282011
https://openalex.org/W2170431778
https://openalex.org/W2301121564
https://openalex.org/W2024674023
https://openalex.org/W2126151149
https://openalex.org/W2149667682
https://openalex.org/W1971796682
https://openalex.org/W2081194139
https://openalex.org/W2752615765
https://openalex.org/W1986892606
https://openalex.org/W2011085253
https://openalex.org/W2164936271
https://openalex.org/W2223126999
https://openalex.org/W2321128473
https://openalex.org/W2011532922
https://openalex.org/W2111501939
https://openalex.org/W1594187474
https://openalex.org/W1997355118
https://openalex.org/W2011650177
https://openalex.org/W2072440756
https://openalex.org/W2944975624
https://openalex.org/W1985179535
https://openalex.org/W1989842618
https://openalex.org/W2621442359
https://openalex.org/W2117307067
https://openalex.org/W2153956033
https://openalex.org/W2154882260
https://openalex.org/W4213362500
https://openalex.org/W1551978657
https://openalex.org/W1979502357
https://openalex.org/W2042406423
https://openalex.org/W2139283948
https://openalex.org/W1999245956
https://openalex.org/W2000149654
https://openalex.org/W2515115744
https://openalex.org/W4249625506
https://openalex.org/W1964403443
https://openalex.org/W2014312363
https://openalex.org/W2099900171
https://openalex.org/W2101771048
https://openalex.org/W1145549253
https://openalex.org/W2024885145
https://openalex.org/W2042266570
https://openalex.org/W2044632190
https://openalex.org/W2068743009
https://openalex.org/W2073154799
https://openalex.org/W2345783170
https://openalex.org/W1986956890
https://openalex.org/W2071461710
https://openalex.org/W2088854035
https://openalex.org/W2098954869
https://openalex.org/W2117508306
https://openalex.org/W2569099186
https://openalex.org/W2943569357
https://openalex.org/W1604122370
https://openalex.org/W1967688133
https://openalex.org/W2154603547
https://openalex.org/W2159379501
https://openalex.org/W2339909266
https://openalex.org/W2606523820
https://openalex.org/W2960683525
https://openalex.org/W1964643672
https://openalex.org/W2033669708
https://openalex.org/W2034479136
https://openalex.org/W2069226218
https://openalex.org/W2023768917
https://openalex.org/W2068057782
https://openalex.org/W2073965927
https://openalex.org/W2074857724
https://openalex.org/W2613218167
https://openalex.org/W2039370868
https://openalex.org/W2104350474
https://openalex.org/W2155513127
https://openalex.org/W2067302979
https://openalex.org/W2075513888
https://openalex.org/W2102108605
https://openalex.org/W2333623410
https://openalex.org/W1981489792
https://openalex.org/W2079155589
https://openalex.org/W2139260459
https://openalex.org/W2323500383
https://openalex.org/W2765837584
https://openalex.org/W2999675465
https://openalex.org/W2011101714
https://openalex.org/W2019545393
https://openalex.org/W2069295049
https://openalex.org/W2148754072
https://openalex.org/W23937241
https://openalex.org/W2620843886
https://openalex.org/W2006241028
https://openalex.org/W2025723871
https://openalex.org/W2158640716
https://openalex.org/W2160459523
https://openalex.org/W1969609808
https://openalex.org/W2048713812
https://openalex.org/W2059002457
https://openalex.org/W2112171220
https://openalex.org/W4255759611
https://openalex.org/W2047018225
https://openalex.org/W2137586633
https://openalex.org/W2220476637
https://openalex.org/W1974283127
https://openalex.org/W1992495138
https://openalex.org/W2057305611
https://openalex.org/W2069679595
https://openalex.org/W2112092435
https://openalex.org/W2472458272
https://openalex.org/W2559769268
https://openalex.org/W3177433188
https://openalex.org/W2066976871
https://openalex.org/W2075311234
https://openalex.org/W2087886080
https://openalex.org/W2098671848
https://openalex.org/W2151818660
https://openalex.org/W1979008961
https://openalex.org/W2008291884
https://openalex.org/W2038481502
https://openalex.org/W2107133943
https://openalex.org/W2140132110
https://openalex.org/W2753122304
https://openalex.org/W2950019105
https://openalex.org/W49874639
https://openalex.org/W1480157650
https://openalex.org/W2002329168
https://openalex.org/W2043303038
https://openalex.org/W2115977485
https://openalex.org/W2139080892
https://openalex.org/W2149712538
https://openalex.org/W1975290681
https://openalex.org/W1992583194
https://openalex.org/W2012037931
https://openalex.org/W2017843044
https://openalex.org/W2097444644
https://openalex.org/W2124006543
https://openalex.org/W2793264310
https://openalex.org/W1581865425
https://openalex.org/W1971234951
https://openalex.org/W2005172068
https://openalex.org/W2021751135
https://openalex.org/W2035729386
https://openalex.org/W2049349511
https://openalex.org/W2060745599
https://openalex.org/W2104435796
https://openalex.org/W2161513275
https://openalex.org/W2570859884
https://openalex.org/W2953230081
https://openalex.org/W58971687
https://openalex.org/W1517648334
https://openalex.org/W1522363813
https://openalex.org/W1852248777
https://openalex.org/W2064584948
https://openalex.org/W2129954633
https://openalex.org/W2162433873
https://openalex.org/W2620069450
https://openalex.org/W3128821235
https://openalex.org/W4232116485
https://openalex.org/W149928453
https://openalex.org/W2023897815
https://openalex.org/W2034076237
https://openalex.org/W2047103455
https://openalex.org/W2083047727
https://openalex.org/W2100673335
https://openalex.org/W2107339935
https://openalex.org/W2110991592
https://openalex.org/W2141578227
https://openalex.org/W2157588003
https://openalex.org/W2462754021
https://openalex.org/W1924276989
https://openalex.org/W1975847080
https://openalex.org/W2035062594
https://openalex.org/W2048211624
https://openalex.org/W2120176263
https://openalex.org/W2124584375
https://openalex.org/W2612696859
https://openalex.org/W2618542869
https://openalex.org/W3013810164
https://openalex.org/W2014250852
https://openalex.org/W2015072257
https://openalex.org/W2061627113
https://openalex.org/W2073188441
https://openalex.org/W2080970454
https://openalex.org/W2322805675
https://openalex.org/W2332355745
https://openalex.org/W1991733326
https://openalex.org/W2035758416
https://openalex.org/W2067304658
https://openalex.org/W2321363913
https://openalex.org/W2011115935
https://openalex.org/W2099573032
https://openalex.org/W2105828881
https://openalex.org/W2112724572
https://openalex.org/W2617853301
https://openalex.org/W2008235109
https://openalex.org/W2051620236
https://openalex.org/W2139519201
https://openalex.org/W2966049403
https://openalex.org/W3029424699
https://openalex.org/W1992459928
https://openalex.org/W2013567571
https://openalex.org/W2076689372
https://openalex.org/W2163224837
https://openalex.org/W2605304262
https://openalex.org/W2949295459
https://openalex.org/W2963316471
https://openalex.org/W2963961725
https://openalex.org/W1469066995
https://openalex.org/W2030240306
https://openalex.org/W2050625680
https://openalex.org/W2052405932
https://openalex.org/W2057785993
https://openalex.org/W2100833275
https://openalex.org/W2971463685
https://openalex.org/W3155385905
https://openalex.org/W1012807678
https://openalex.org/W1508103243
https://openalex.org/W1993638397
https://openalex.org/W2001176766
https://openalex.org/W2007592260
https://openalex.org/W2061627562
https://openalex.org/W2073766876
https://openalex.org/W2160213712
https://openalex.org/W2610490788
https://openalex.org/W3033542474
https://openalex.org/W4367435944
https://openalex.org/W1939103212
https://openalex.org/W1949787158
https://openalex.org/W2003240711
https://openalex.org/W2011519790
https://openalex.org/W2028260636
https://openalex.org/W2052018926
https://openalex.org/W2082018273
https://openalex.org/W2787228004
https://openalex.org/W2018189834
https://openalex.org/W2068383263
https://openalex.org/W2107892916
https://openalex.org/W2755243141
https://openalex.org/W3039154461
https://openalex.org/W1999329365
https://openalex.org/W2091405345
https://openalex.org/W2137464199
https://openalex.org/W2159970958
https://openalex.org/W2467889458
https://openalex.org/W1967604559
https://openalex.org/W2099594423
https://openalex.org/W2125923939
https://openalex.org/W2129671873
https://openalex.org/W2397220038
https://openalex.org/W2537128596
https://openalex.org/W2599171597
https://openalex.org/W2941923644
https://openalex.org/W1535529555
https://openalex.org/W2002632738
https://openalex.org/W2032226763
https://openalex.org/W2036802024
https://openalex.org/W2041613155
https://openalex.org/W2066219145
https://openalex.org/W2103479702
https://openalex.org/W2108746279
https://openalex.org/W2412142794
https://openalex.org/W2528915483
https://openalex.org/W2614144798
https://openalex.org/W2942876448
https://openalex.org/W1970864277
https://openalex.org/W2001809904
https://openalex.org/W2003905860
https://openalex.org/W2007895617
https://openalex.org/W2054154376
https://openalex.org/W2191939250
https://openalex.org/W2409293519
https://openalex.org/W2618137579
https://openalex.org/W2794557398
https://openalex.org/W2808419704
https://openalex.org/W2890352646
https://openalex.org/W2950558056
https://openalex.org/W3156401343
https://openalex.org/W93304336
https://openalex.org/W1827653262
https://openalex.org/W2008053484
https://openalex.org/W2138734279
https://openalex.org/W2164648482
https://openalex.org/W2397369383
https://openalex.org/W3028636273
https://openalex.org/W1867170536
https://openalex.org/W1996605469
https://openalex.org/W2032909298
https://openalex.org/W2038302914
https://openalex.org/W2042866262
https://openalex.org/W2057848304
https://openalex.org/W2062408984
https://openalex.org/W2088064021
https://openalex.org/W2326306242
https://openalex.org/W2511755186
https://openalex.org/W2617433841
https://openalex.org/W2912620955
https://openalex.org/W2973508371
https://openalex.org/W2986252381
https://openalex.org/W3024635649
https://openalex.org/W1593769975
https://openalex.org/W1897917271
https://openalex.org/W1974661145
https://openalex.org/W1985596346
https://openalex.org/W2913074579
https://openalex.org/W2914081190
https://openalex.org/W2937702718
https://openalex.org/W3148797952
https://openalex.org/W1552595609
https://openalex.org/W1970246606
https://openalex.org/W2051138763
https://openalex.org/W2086687162
https://openalex.org/W2123187034
https://openalex.org/W2138701690
https://openalex.org/W1965791611
https://openalex.org/W1998073995
https://openalex.org/W2001811570
https://openalex.org/W2003690563
https://openalex.org/W2009790477
https://openalex.org/W2018628236
https://openalex.org/W2070184146
https://openalex.org/W2092674368
https://openalex.org/W2096348312
https://openalex.org/W2096982692
https://openalex.org/W2108719850
https://openalex.org/W2126487236
https://openalex.org/W2129107398
https://openalex.org/W2548792980
https://openalex.org/W2555724080
https://openalex.org/W2613799529
https://openalex.org/W2735571771
https://openalex.org/W2887589291
https://openalex.org/W2965070998
https://openalex.org/W3081945916
https://openalex.org/W4211195229
https://openalex.org/W1528353095
https://openalex.org/W1994918509
https://openalex.org/W1997264013
https://openalex.org/W2007824615
https://openalex.org/W2016097295
https://openalex.org/W2090116771
https://openalex.org/W2119410169
https://openalex.org/W2126491197
https://openalex.org/W2329138853
https://openalex.org/W2439734762
https://openalex.org/W2546832681
https://openalex.org/W2589770386
https://openalex.org/W2952255796
https://openalex.org/W2980984091
https://openalex.org/W3153776555
https://openalex.org/W47160530
https://openalex.org/W1964436997
https://openalex.org/W2038028875
https://openalex.org/W2072849991
https://openalex.org/W2104944003
https://openalex.org/W2114536508
https://openalex.org/W2122432315
https://openalex.org/W2136755628
https://openalex.org/W2141986987
https://openalex.org/W2148106537
https://openalex.org/W2226241015
https://openalex.org/W2415055445
https://openalex.org/W2619526667
https://openalex.org/W2808848006
https://openalex.org/W1965343343
https://openalex.org/W1977620070
https://openalex.org/W2043097275
https://openalex.org/W2119690537
https://openalex.org/W2124314316
https://openalex.org/W2487303683
https://openalex.org/W2507959744
https://openalex.org/W2766491241
https://openalex.org/W2951150319
https://openalex.org/W2972436344
https://openalex.org/W3165914342
https://openalex.org/W1451629632
https://openalex.org/W2009084497
https://openalex.org/W2025364189
https://openalex.org/W2030713884
https://openalex.org/W2035623153
https://openalex.org/W2036285100
https://openalex.org/W2085833960
https://openalex.org/W2100325212
https://openalex.org/W2167728658
https://openalex.org/W2181030843
https://openalex.org/W2735227029
https://openalex.org/W2773094433
https://openalex.org/W2902391455
https://openalex.org/W3037782904
https://openalex.org/W4220709761
https://openalex.org/W4239422351
https://openalex.org/W1602076901
https://openalex.org/W2018666343
https://openalex.org/W2025262555
https://openalex.org/W2039182694
https://openalex.org/W2094431080
https://openalex.org/W2111945853
https://openalex.org/W2121257896
https://openalex.org/W2150532106
https://openalex.org/W2207306432
https://openalex.org/W2506406345
https://openalex.org/W2547253629
https://openalex.org/W2890379822
https://openalex.org/W2969319758
https://openalex.org/W2985608009
https://openalex.org/W3020342098
https://openalex.org/W3022792575
https://openalex.org/W4238869686
https://openalex.org/W1967249799
https://openalex.org/W1972473009
https://openalex.org/W1989880169
https://openalex.org/W2026754973
https://openalex.org/W2028033351
https://openalex.org/W2082568013
https://openalex.org/W2254506451
https://openalex.org/W2507641388
https://openalex.org/W2967419318
https://openalex.org/W3154849380
https://openalex.org/W3156061482
https://openalex.org/W4225983615
https://openalex.org/W4250043797
https://openalex.org/W1506674081
https://openalex.org/W1978598276
https://openalex.org/W2003698999
https://openalex.org/W2039319743
https://openalex.org/W2083710728
https://openalex.org/W2091661366
https://openalex.org/W2129961199
https://openalex.org/W2145688324
https://openalex.org/W2150595174
https://openalex.org/W2160371873
https://openalex.org/W2171238683
https://openalex.org/W2507186327
https://openalex.org/W2790845046
https://openalex.org/W3010948617
https://openalex.org/W1971165523
https://openalex.org/W1984291671
https://openalex.org/W2000791973
https://openalex.org/W2026512691
https://openalex.org/W2037420638
https://openalex.org/W2042317487
https://openalex.org/W2057478734
https://openalex.org/W2064394184
https://openalex.org/W2120425946
https://openalex.org/W2521061485
https://openalex.org/W2534754670
https://openalex.org/W2945368441
https://openalex.org/W2972921256
https://openalex.org/W3001005539
https://openalex.org/W130295812
https://openalex.org/W1514858750
https://openalex.org/W2035535975
https://openalex.org/W2041543396
https://openalex.org/W2070715876
https://openalex.org/W2083572259
https://openalex.org/W2160426931
https://openalex.org/W2465039518
https://openalex.org/W2513540755
https://openalex.org/W2609339118
https://openalex.org/W3095038456
https://openalex.org/W1887714427
https://openalex.org/W1970900809
https://openalex.org/W2104807307
https://openalex.org/W2122369747
https://openalex.org/W2150858828
https://openalex.org/W2409247196
https://openalex.org/W2573858791
https://openalex.org/W2910037612
https://openalex.org/W2911153665
https://openalex.org/W3137324541
https://openalex.org/W4294898352
https://openalex.org/W1916784403
https://openalex.org/W1964840687
https://openalex.org/W1965250605
https://openalex.org/W1965281218
https://openalex.org/W1968472940
https://openalex.org/W1970239851
https://openalex.org/W1973622503
https://openalex.org/W2032061786
https://openalex.org/W2078585045
https://openalex.org/W2079523352
https://openalex.org/W2091556940
https://openalex.org/W2176252545
https://openalex.org/W2266398926
https://openalex.org/W2337264695
https://openalex.org/W2589108265
https://openalex.org/W2742144382
https://openalex.org/W2784921146
https://openalex.org/W286048187
https://openalex.org/W3010057283
https://openalex.org/W4246725704
https://openalex.org/W4302010997
https://openalex.org/W1968536006
https://openalex.org/W2002423689
https://openalex.org/W2004008278
https://openalex.org/W2048718744
https://openalex.org/W2055833339
https://openalex.org/W2155481414
https://openalex.org/W2755531344
https://openalex.org/W2936055589
https://openalex.org/W2980598001
https://openalex.org/W3010901342
https://openalex.org/W1440365633
https://openalex.org/W1486121923
https://openalex.org/W1546628751
https://openalex.org/W2006740044
https://openalex.org/W2037120009
https://openalex.org/W2041626513
https://openalex.org/W2068389305
https://openalex.org/W2128653842
https://openalex.org/W2144085306
https://openalex.org/W2148410227
https://openalex.org/W2154740158
https://openalex.org/W2207067191
https://openalex.org/W2434870452
https://openalex.org/W2523533721
https://openalex.org/W2791309585
https://openalex.org/W2920041715
https://openalex.org/W2950789339
https://openalex.org/W2954528946
https://openalex.org/W3012446152
https://openalex.org/W3093310373
https://openalex.org/W4281382521
https://openalex.org/W65254211
https://openalex.org/W1514142990
https://openalex.org/W1569877126
https://openalex.org/W1985048991
https://openalex.org/W1988165869
https://openalex.org/W2027291403
https://openalex.org/W2239497916
https://openalex.org/W2464575956
https://openalex.org/W2590845600
https://openalex.org/W2602214430
https://openalex.org/W2807536239
https://openalex.org/W2886164747
https://openalex.org/W2949230394
https://openalex.org/W2963003804
https://openalex.org/W3083919156
https://openalex.org/W3128595283
https://openalex.org/W2010027590
https://openalex.org/W2020607026
https://openalex.org/W2022063852
https://openalex.org/W2053023583
https://openalex.org/W2054981046
https://openalex.org/W2059592158
https://openalex.org/W2081020458
https://openalex.org/W2083644239
https://openalex.org/W2159866605
https://openalex.org/W2168794132
https://openalex.org/W2589574449
https://openalex.org/W2942134439
https://openalex.org/W1173288941
https://openalex.org/W153061852
https://openalex.org/W1978507172
https://openalex.org/W1980104780
https://openalex.org/W1996459587
https://openalex.org/W2009519067
https://openalex.org/W2026345738
https://openalex.org/W2088985461
https://openalex.org/W2117050933
https://openalex.org/W2121778389
https://openalex.org/W2126566720
https://openalex.org/W2127642990
https://openalex.org/W2128936581
https://openalex.org/W2136445799
https://openalex.org/W2144230666
https://openalex.org/W2170768865
https://openalex.org/W2340946922
https://openalex.org/W2409651499
https://openalex.org/W2758413848
https://openalex.org/W2920575301
https://openalex.org/W3197713657
https://openalex.org/W4245386700
https://openalex.org/W1971709918
https://openalex.org/W1973327351
https://openalex.org/W1999988937
https://openalex.org/W2013366689
https://openalex.org/W2048224853
https://openalex.org/W2048525628
https://openalex.org/W2139965181
https://openalex.org/W2152427441
https://openalex.org/W2168555364
https://openalex.org/W2323030383
https://openalex.org/W2512703525
https://openalex.org/W2739970735
https://openalex.org/W2749323604
https://openalex.org/W2978461629
https://openalex.org/W3025880679
https://openalex.org/W3099097710
https://openalex.org/W3099602899
https://openalex.org/W3157761467
https://openalex.org/W4299916937
https://openalex.org/W1658942327
https://openalex.org/W1789712937
https://openalex.org/W1941927146
https://openalex.org/W1992225302
https://openalex.org/W1995902730
https://openalex.org/W1999000087
https://openalex.org/W2000086947
https://openalex.org/W2028789034
https://openalex.org/W2054967677
https://openalex.org/W2060292703
https://openalex.org/W2081413998
https://openalex.org/W2123183681
https://openalex.org/W2127078675
https://openalex.org/W2136252288
https://openalex.org/W2411017330
https://openalex.org/W2411058364
https://openalex.org/W2761307316
https://openalex.org/W2885655568
https://openalex.org/W2896656693
https://openalex.org/W2913989805
https://openalex.org/W2950880131
https://openalex.org/W3018484291
https://openalex.org/W3102141522
https://openalex.org/W1538237640
https://openalex.org/W1560126620
https://openalex.org/W182105018
https://openalex.org/W1935754632
https://openalex.org/W1983406467
https://openalex.org/W1986890746
https://openalex.org/W2007642905
https://openalex.org/W2033509671
https://openalex.org/W2086779271
https://openalex.org/W2122865359
https://openalex.org/W2297832921
https://openalex.org/W2425331193
https://openalex.org/W2811285821
https://openalex.org/W2891081841
https://openalex.org/W2922281509
https://openalex.org/W2950373041
https://openalex.org/W3033954111
https://openalex.org/W3121089661
https://openalex.org/W3155194971
https://openalex.org/W3157353361
https://openalex.org/W316217634
https://openalex.org/W4223515850
https://openalex.org/W4296797531
https://openalex.org/W119606933
https://openalex.org/W168611030
https://openalex.org/W1970927963
https://openalex.org/W1980502152
https://openalex.org/W1982156521
https://openalex.org/W2030673742
https://openalex.org/W2111773529
https://openalex.org/W2128673831
https://openalex.org/W2148161327
https://openalex.org/W2277512870
https://openalex.org/W2462275976
https://openalex.org/W2798262389
https://openalex.org/W2811194467
https://openalex.org/W2899679020
https://openalex.org/W2902733889
https://openalex.org/W2944941733
https://openalex.org/W2963596633
https://openalex.org/W2974717737
https://openalex.org/W3013739803
https://openalex.org/W3112389538
https://openalex.org/W3159049141
https://openalex.org/W4237554913
https://openalex.org/W4243835678
https://openalex.org/W4251703305
https://openalex.org/W1149361588
https://openalex.org/W1967894051
https://openalex.org/W1971241595
https://openalex.org/W1992350473
https://openalex.org/W2018191336
https://openalex.org/W2074883476
https://openalex.org/W2075742395
https://openalex.org/W2105085115
https://openalex.org/W2117018131
https://openalex.org/W2153427571
https://openalex.org/W2160660342
https://openalex.org/W2195661036
https://openalex.org/W2274391346
https://openalex.org/W2625755939
https://openalex.org/W2760955578
https://openalex.org/W2770839884
https://openalex.org/W2793886165
https://openalex.org/W2890031476
https://openalex.org/W2999430231
https://openalex.org/W3047564741
https://openalex.org/W3215577544
https://openalex.org/W4367154056
https://openalex.org/W1576507449
https://openalex.org/W160535061
https://openalex.org/W1974963304
https://openalex.org/W1997773197
https://openalex.org/W2023782751
https://openalex.org/W2035188588
https://openalex.org/W2035967785
https://openalex.org/W2093729164
https://openalex.org/W2135396995
https://openalex.org/W2156457598
https://openalex.org/W2341814054
https://openalex.org/W2416680778
https://openalex.org/W2479517026
https://openalex.org/W2533035621
https://openalex.org/W2567431781
https://openalex.org/W2729557182
https://openalex.org/W2781894023
https://openalex.org/W2792666433
https://openalex.org/W2794795809
https://openalex.org/W2805274160
https://openalex.org/W2809165801
https://openalex.org/W2875968260
https://openalex.org/W2968162325
https://openalex.org/W2989903012
https://openalex.org/W3080758996
https://openalex.org/W3091840334
https://openalex.org/W3118965971
https://openalex.org/W3129922057
https://openalex.org/W3155701222
https://openalex.org/W4206726195
https://openalex.org/W4231939702
https://openalex.org/W113493678
https://openalex.org/W1899175397
https://openalex.org/W2005457927
https://openalex.org/W2022573875
https://openalex.org/W2049254700
https://openalex.org/W2052047991
https://openalex.org/W2070414569
https://openalex.org/W2079248564
https://openalex.org/W2088009327
https://openalex.org/W2109753753
https://openalex.org/W2112012084
https://openalex.org/W2122159099
https://openalex.org/W2159213621
https://openalex.org/W2170204708
https://openalex.org/W2335932645
https://openalex.org/W2587565448
https://openalex.org/W2767933340
https://openalex.org/W2810412465
https://openalex.org/W2953893780
https://openalex.org/W3011858307
https://openalex.org/W3015627776
https://openalex.org/W3018052789
https://openalex.org/W3087284940
https://openalex.org/W3131595453
https://openalex.org/W3134492671
https://openalex.org/W3165098070
https://openalex.org/W62777544
https://openalex.org/W1510589947
https://openalex.org/W1672518371
https://openalex.org/W1979961278
https://openalex.org/W2009942915
https://openalex.org/W2034226520
https://openalex.org/W2049997554
https://openalex.org/W2064935615
https://openalex.org/W2089685508
https://openalex.org/W2106974543
https://openalex.org/W2166346300
https://openalex.org/W2342716305
https://openalex.org/W2403233878
https://openalex.org/W2548471204
https://openalex.org/W2590039768
https://openalex.org/W2605522539
https://openalex.org/W2626840145
https://openalex.org/W2782698507
https://openalex.org/W2954041903
https://openalex.org/W2964065940
https://openalex.org/W2991361243
https://openalex.org/W3025282266
https://openalex.org/W3114616535
https://openalex.org/W3158148925
https://openalex.org/W3182926693
https://openalex.org/W3188233231
https://openalex.org/W4282915869
https://openalex.org/W100269696
https://openalex.org/W1971977296
https://openalex.org/W1973795750
https://openalex.org/W1993599712
https://openalex.org/W2021527488
https://openalex.org/W2045840597
https://openalex.org/W2053445298
https://openalex.org/W2054573030
https://openalex.org/W2092459616
https://openalex.org/W2093135202
https://openalex.org/W2096654685
https://openalex.org/W2120194402
https://openalex.org/W2155677656
https://openalex.org/W2163247398
https://openalex.org/W2221492810
https://openalex.org/W2262788985
https://openalex.org/W2333768579
https://openalex.org/W2946392773
https://openalex.org/W3006182053
https://openalex.org/W3008020523
https://openalex.org/W3044522922
https://openalex.org/W3139526019
https://openalex.org/W3149483243
https://openalex.org/W3153428262
https://openalex.org/W3181141264
https://openalex.org/W3182696233
https://openalex.org/W3194595305
https://openalex.org/W3206782290
https://openalex.org/W4231508763
https://openalex.org/W1972014123
https://openalex.org/W1972426823
https://openalex.org/W1976532076
https://openalex.org/W1982482504
https://openalex.org/W1985929654
https://openalex.org/W2012951589
https://openalex.org/W2032761603
https://openalex.org/W2038281408
https://openalex.org/W2128532119
https://openalex.org/W2191445273
https://openalex.org/W2288353200
https://openalex.org/W2299268608
https://openalex.org/W2410261233
https://openalex.org/W2781923664
https://openalex.org/W2903987466
https://openalex.org/W2915118490
https://openalex.org/W3008225795
https://openalex.org/W3110918753
https://openalex.org/W3119967120
https://openalex.org/W3182857613
https://openalex.org/W3196863676
https://openalex.org/W4206187145
https://openalex.org/W4212784011
https://openalex.org/W4231848363
https://openalex.org/W66295300
https://openalex.org/W1538243315
https://openalex.org/W1784450395
https://openalex.org/W1970557808
https://openalex.org/W2017896122
https://openalex.org/W2019613655
https://openalex.org/W2021197743
https://openalex.org/W2024632432
https://openalex.org/W2034870421
https://openalex.org/W2057226448
https://openalex.org/W2057329329
https://openalex.org/W2058803284
https://openalex.org/W2084003095
https://openalex.org/W2095512050
https://openalex.org/W2110789194
https://openalex.org/W2219063980
https://openalex.org/W2415320943
https://openalex.org/W2460562524
https://openalex.org/W2752442160
https://openalex.org/W2891113931
https://openalex.org/W2978690730
https://openalex.org/W2981647848
https://openalex.org/W2997339703
https://openalex.org/W3004651518
https://openalex.org/W3008955674
https://openalex.org/W3101439696
https://openalex.org/W3122387259
https://openalex.org/W3122990696
https://openalex.org/W3201322532
https://openalex.org/W4212774945
https://openalex.org/W4220974388
https://openalex.org/W4225647578
https://openalex.org/W4254247515
https://openalex.org/W4283169037
https://openalex.org/W4301397950
https://openalex.org/W825854434
https://openalex.org/W1480997871
https://openalex.org/W1534718001
https://openalex.org/W1963657765
https://openalex.org/W1976989754
https://openalex.org/W1980541723
https://openalex.org/W1990029402
https://openalex.org/W2000256486
https://openalex.org/W2008162235
https://openalex.org/W2023604600
https://openalex.org/W2037455844
https://openalex.org/W2046591675
https://openalex.org/W2068715693
https://openalex.org/W2085966749
https://openalex.org/W2089418306
https://openalex.org/W2093182463
https://openalex.org/W2118041531
https://openalex.org/W2161368792
https://openalex.org/W2164144513
https://openalex.org/W2264695724
https://openalex.org/W2294121480
https://openalex.org/W2337902478
https://openalex.org/W2548061758
https://openalex.org/W2588835387
https://openalex.org/W2597700263
https://openalex.org/W2606231358
https://openalex.org/W2773036152
https://openalex.org/W2794397711
https://openalex.org/W2898167024
https://openalex.org/W2932957748
https://openalex.org/W294004269
https://openalex.org/W2965512629
https://openalex.org/W2976326098
https://openalex.org/W3014968447
https://openalex.org/W3045720091
https://openalex.org/W3091479258
https://openalex.org/W3127194596
https://openalex.org/W3163024297
https://openalex.org/W3186765585
https://openalex.org/W3189358638
https://openalex.org/W3192189272
https://openalex.org/W3193366064
https://openalex.org/W3193460903
https://openalex.org/W4213062819
https://openalex.org/W4221088778
https://openalex.org/W4282598134
https://openalex.org/W4285240061
https://openalex.org/W149603120
https://openalex.org/W1578258669
https://openalex.org/W1578941587
https://openalex.org/W1825122802
https://openalex.org/W1931048229
https://openalex.org/W1968476625
https://openalex.org/W1969738574
https://openalex.org/W1983239178
https://openalex.org/W2033067984
https://openalex.org/W2080030818
https://openalex.org/W2080413928
https://openalex.org/W2088982894
https://openalex.org/W2089962800
https://openalex.org/W2093414625
https://openalex.org/W2111632937
https://openalex.org/W2111896855
https://openalex.org/W2115937741
https://openalex.org/W2191938470
https://openalex.org/W2261810260
https://openalex.org/W2317661249
https://openalex.org/W2345814632
https://openalex.org/W2405333006
https://openalex.org/W2523336802
https://openalex.org/W2558499738
https://openalex.org/W2587474317
https://openalex.org/W2590828386
https://openalex.org/W2591564023
https://openalex.org/W2680512308
https://openalex.org/W2744531704
https://openalex.org/W2768804088
https://openalex.org/W2883597939
https://openalex.org/W2886473504
https://openalex.org/W2887332965
https://openalex.org/W2890015588
https://openalex.org/W2947499682
https://openalex.org/W3010764518
https://openalex.org/W3130143079
https://openalex.org/W3130485807
https://openalex.org/W3145561128
https://openalex.org/W3157956298
https://openalex.org/W3166584969
https://openalex.org/W3167965644
https://openalex.org/W4200193525
https://openalex.org/W4200340912
https://openalex.org/W4220987860
https://openalex.org/W4242942203
https://openalex.org/W1897365753
https://openalex.org/W1970696136
https://openalex.org/W1977096582
https://openalex.org/W1987231509
https://openalex.org/W1987778319
https://openalex.org/W1989910736
https://openalex.org/W2011403094
https://openalex.org/W2022951163
https://openalex.org/W2033518594
https://openalex.org/W2053492042
https://openalex.org/W2107892897
https://openalex.org/W2184591571
https://openalex.org/W2187653032
https://openalex.org/W2314036188
https://openalex.org/W2316464022
https://openalex.org/W2409706631
https://openalex.org/W2410996922
https://openalex.org/W2477461585
https://openalex.org/W2590526278
https://openalex.org/W2602018646
https://openalex.org/W2620732182
https://openalex.org/W2748599217
https://openalex.org/W2767419565
https://openalex.org/W2793132752
https://openalex.org/W2946833696
https://openalex.org/W2956547704
https://openalex.org/W2988817239
https://openalex.org/W2998185082
https://openalex.org/W3003398433
https://openalex.org/W3014535499
https://openalex.org/W3015408723
https://openalex.org/W3016054694
https://openalex.org/W3019633907
https://openalex.org/W3043066708
https://openalex.org/W3043463165
https://openalex.org/W3044004704
https://openalex.org/W3088916398
https://openalex.org/W3094070410
https://openalex.org/W3131709999
https://openalex.org/W3167176783
https://openalex.org/W4220722587
https://openalex.org/W4221111295
https://openalex.org/W4226268042
https://openalex.org/W4229447313
https://openalex.org/W4281479088
https://openalex.org/W4283268928
https://openalex.org/W4283457863
https://openalex.org/W4285987594
https://openalex.org/W4297946274
https://openalex.org/W4307309186
https://openalex.org/W1938783460
https://openalex.org/W1968658875
https://openalex.org/W1985533925
https://openalex.org/W1986727508
https://openalex.org/W2020331505
https://openalex.org/W2026811975
https://openalex.org/W2028637753
https://openalex.org/W2034702767
https://openalex.org/W2042141945
https://openalex.org/W2075216013
https://openalex.org/W2078830374
https://openalex.org/W2098923829
https://openalex.org/W2115498152
https://openalex.org/W215599579
https://openalex.org/W2323392729
https://openalex.org/W2326427826
https://openalex.org/W2415940190
https://openalex.org/W2462030736
https://openalex.org/W2766032240
https://openalex.org/W2800106289
https://openalex.org/W2887197628
https://openalex.org/W2947265158
https://openalex.org/W2948319500
https://openalex.org/W2960510719
https://openalex.org/W2984803190
https://openalex.org/W3014614557
https://openalex.org/W3024063209
https://openalex.org/W3036480409
https://openalex.org/W3047307276
https://openalex.org/W3048925744
https://openalex.org/W3094328062
https://openalex.org/W3112974062
https://openalex.org/W3125645813
https://openalex.org/W3184348477
https://openalex.org/W3185210695
https://openalex.org/W3196229729
https://openalex.org/W4210654560
https://openalex.org/W4284887896
https://openalex.org/W4296458933
https://openalex.org/W4312157397
https://openalex.org/W1519799076
https://openalex.org/W1527248330
https://openalex.org/W1531551887
https://openalex.org/W1605060208
https://openalex.org/W183956529
https://openalex.org/W1972293082
https://openalex.org/W1978831510
https://openalex.org/W2010877386
https://openalex.org/W2023833566
https://openalex.org/W2026203806
https://openalex.org/W2028718524
https://openalex.org/W2045023883
https://openalex.org/W2054994042
https://openalex.org/W2075331517
https://openalex.org/W2084685498
https://openalex.org/W2088627362
https://openalex.org/W2093742989
https://openalex.org/W2104780542
https://openalex.org/W2146308804
https://openalex.org/W2156442488
https://openalex.org/W2171530576
https://openalex.org/W2183491901
https://openalex.org/W2301340231
https://openalex.org/W2317904514
https://openalex.org/W2342885407
https://openalex.org/W2345234622
https://openalex.org/W2346948970
https://openalex.org/W2373200696
https://openalex.org/W2415472506
https://openalex.org/W2418184810
https://openalex.org/W2499152765
https://openalex.org/W2503909434
https://openalex.org/W2533466254
https://openalex.org/W2715705155
https://openalex.org/W2732012213
https://openalex.org/W2742688014
https://openalex.org/W2757652878
https://openalex.org/W2760044611
https://openalex.org/W2790487617
https://openalex.org/W2906515500
https://openalex.org/W2998499965
https://openalex.org/W3014180410
https://openalex.org/W3014922929
https://openalex.org/W3015423802
https://openalex.org/W3039075677
https://openalex.org/W3047043345
https://openalex.org/W3086569542
https://openalex.org/W3105538956
https://openalex.org/W3118441144
https://openalex.org/W3162338649
https://openalex.org/W3198152056
https://openalex.org/W3200874460
https://openalex.org/W3204778487
https://openalex.org/W3207665600
https://openalex.org/W3214202810
https://openalex.org/W3217514432
https://openalex.org/W4235361413
https://openalex.org/W4235686572
https://openalex.org/W4239869908
https://openalex.org/W4288060562
https://openalex.org/W4297201441
https://openalex.org/W4300689631
https://openalex.org/W4311942622
https://openalex.org/W4315650892
https://openalex.org/W4315796052
https://openalex.org/W1580351067
https://openalex.org/W1587046248
https://openalex.org/W1833726409
https://openalex.org/W1914096835
https://openalex.org/W2003026526
https://openalex.org/W2004124590
https://openalex.org/W2013087325
https://openalex.org/W2018208400
https://openalex.org/W2034222545
https://openalex.org/W2040175916
https://openalex.org/W2048515648
https://openalex.org/W2053871700
https://openalex.org/W2060509247
https://openalex.org/W2062044412
https://openalex.org/W2064002030
https://openalex.org/W2080181214
https://openalex.org/W2099667650
https://openalex.org/W2113198929
https://openalex.org/W2118705118
https://openalex.org/W2132786458
https://openalex.org/W2147879173
https://openalex.org/W2204304690
https://openalex.org/W2209377467
https://openalex.org/W2214196460
https://openalex.org/W2214825927
https://openalex.org/W2312321808
https://openalex.org/W2418874057
https://openalex.org/W2546882317
https://openalex.org/W267255300
https://openalex.org/W2741403001
https://openalex.org/W2755424139
https://openalex.org/W2765955474
https://openalex.org/W2767532482
https://openalex.org/W279462241
https://openalex.org/W2801222437
https://openalex.org/W2805819231
https://openalex.org/W2893072430
https://openalex.org/W2897591602
https://openalex.org/W2901835629
https://openalex.org/W2938910207
https://openalex.org/W2942927654
https://openalex.org/W2945980612
https://openalex.org/W2949634656
https://openalex.org/W2965374154
https://openalex.org/W2997223702
https://openalex.org/W3004721311
https://openalex.org/W3009293682
https://openalex.org/W3014451532
https://openalex.org/W3041646075
https://openalex.org/W3045498381
https://openalex.org/W3081026413
https://openalex.org/W3087998220
https://openalex.org/W3088994197
https://openalex.org/W3095286833
https://openalex.org/W3097024743
https://openalex.org/W3112510904
https://openalex.org/W3161731272
https://openalex.org/W3174283354
https://openalex.org/W3180236503
https://openalex.org/W3196738297
https://openalex.org/W3197204477
https://openalex.org/W34796344
https://openalex.org/W4214845994
https://openalex.org/W4229032344
https://openalex.org/W4236133210
https://openalex.org/W4244454894
https://openalex.org/W4255450808
https://openalex.org/W4282917449
https://openalex.org/W4283330113
https://openalex.org/W4283797958
https://openalex.org/W4288064818
https://openalex.org/W4292560111
https://openalex.org/W4296371908
https://openalex.org/W4298617674
https://openalex.org/W4308959599
https://openalex.org/W4367186841
https://openalex.org/W1135038973
https://openalex.org/W1508911569
https://openalex.org/W1525637833
https://openalex.org/W1582396678
https://openalex.org/W1702991162
https://openalex.org/W1938457870
https://openalex.org/W197091690
https://openalex.org/W1979661155
https://openalex.org/W1999439066
https://openalex.org/W2005133896
https://openalex.org/W2010324183
https://openalex.org/W2023208095
https://openalex.org/W2035622098
https://openalex.org/W2044955945
https://openalex.org/W2075942657
https://openalex.org/W2078645704
https://openalex.org/W2093615894
https://openalex.org/W2096615185
https://openalex.org/W21002859
https://openalex.org/W2103406859
https://openalex.org/W2110536134
https://openalex.org/W2119701313
https://openalex.org/W2122913241
https://openalex.org/W2130956997
https://openalex.org/W2144990434
https://openalex.org/W2153236600
https://openalex.org/W2163912805
https://openalex.org/W2168605839
https://openalex.org/W2275748010
https://openalex.org/W2294621540
https://openalex.org/W2314970604
https://openalex.org/W2395071566
https://openalex.org/W2414290102
https://openalex.org/W2416878705
https://openalex.org/W2470364726
https://openalex.org/W2479831226
https://openalex.org/W2480152232
https://openalex.org/W2500260050
https://openalex.org/W2517112223
https://openalex.org/W2589070192
https://openalex.org/W2883057825
https://openalex.org/W2891156563
https://openalex.org/W2915870954
https://openalex.org/W2915959739
https://openalex.org/W2916195254
https://openalex.org/W2918105340
https://openalex.org/W2938575536
https://openalex.org/W2949056018
https://openalex.org/W2952998182
https://openalex.org/W2953700455
https://openalex.org/W2967887401
https://openalex.org/W2977333700
https://openalex.org/W2995640666
https://openalex.org/W2999616015
https://openalex.org/W3004477604
https://openalex.org/W3024655672
https://openalex.org/W3034186414
https://openalex.org/W3041027737
https://openalex.org/W3048147816
https://openalex.org/W3080401811
https://openalex.org/W3082299910
https://openalex.org/W3091876534
https://openalex.org/W3098389169
https://openalex.org/W3107381088
https://openalex.org/W3112255048
https://openalex.org/W3112300162
https://openalex.org/W3118426981
https://openalex.org/W3125806268
https://openalex.org/W3138478319
https://openalex.org/W3154188540
https://openalex.org/W3164852597
https://openalex.org/W3185407023
https://openalex.org/W3206880221
https://openalex.org/W3207497841
https://openalex.org/W3213742814
https://openalex.org/W3214323780
https://openalex.org/W4200292384
https://openalex.org/W4205883701
https://openalex.org/W4207051369
https://openalex.org/W4231516622
https://openalex.org/W4239467860
https://openalex.org/W4283744444
https://openalex.org/W4288040927
https://openalex.org/W4293657046
https://openalex.org/W4297146107
https://openalex.org/W4321053895
https://openalex.org/W4362505786
https://openalex.org/W1440717161
https://openalex.org/W1497454807
https://openalex.org/W1511073417
https://openalex.org/W1561472141
https://openalex.org/W1593427032
https://openalex.org/W1655765581
https://openalex.org/W1937463411
https://openalex.org/W1969793718
https://openalex.org/W1998573054
https://openalex.org/W2022401709
https://openalex.org/W2034841446
https://openalex.org/W2059612120
https://openalex.org/W2065750911
https://openalex.org/W2065905131
https://openalex.org/W2068633147
https://openalex.org/W2086023176
https://openalex.org/W2090874090
https://openalex.org/W2112509099
https://openalex.org/W2140487833
https://openalex.org/W2147663190
https://openalex.org/W2163093299
https://openalex.org/W2177785355
https://openalex.org/W2199319874
https://openalex.org/W2217586592
https://openalex.org/W2253288845
https://openalex.org/W2257525671
https://openalex.org/W2280835225
https://openalex.org/W2303858992
https://openalex.org/W2313092000
https://openalex.org/W2313586358
https://openalex.org/W2317669218
https://openalex.org/W2333234344
https://openalex.org/W2339207469
https://openalex.org/W2410862482
https://openalex.org/W2417238490
https://openalex.org/W2466436526
https://openalex.org/W2478692830
https://openalex.org/W2486210669
https://openalex.org/W2487174686
https://openalex.org/W2497530695
https://openalex.org/W2506121684
https://openalex.org/W2514816145
https://openalex.org/W2538184874
https://openalex.org/W2566265011
https://openalex.org/W257687155
https://openalex.org/W2586204195
https://openalex.org/W2586397475
https://openalex.org/W2588401657
https://openalex.org/W2591934198
https://openalex.org/W2604637694
https://openalex.org/W2617352972
https://openalex.org/W2742631238
https://openalex.org/W2744883132
https://openalex.org/W2752086992
https://openalex.org/W2758607530
https://openalex.org/W2793650081
https://openalex.org/W2801415252
https://openalex.org/W2884127167
https://openalex.org/W2887332742
https://openalex.org/W2891684314
https://openalex.org/W2899323813
https://openalex.org/W2901318940
https://openalex.org/W2903827188
https://openalex.org/W2911875528
https://openalex.org/W2914859672
https://openalex.org/W2915930847
https://openalex.org/W2938130363
https://openalex.org/W2950100350
https://openalex.org/W2953615055
https://openalex.org/W2960009808
https://openalex.org/W2964003467
https://openalex.org/W2972804443
https://openalex.org/W2974914290
https://openalex.org/W2998734817
https://openalex.org/W2999737531
https://openalex.org/W3020835642
https://openalex.org/W3044386783
https://openalex.org/W3088334920
https://openalex.org/W3091590152
https://openalex.org/W3106227673
https://openalex.org/W3109813890
https://openalex.org/W3111469651
https://openalex.org/W3149457191
https://openalex.org/W3155259303
https://openalex.org/W3155733913
https://openalex.org/W3161777578
https://openalex.org/W3164618595
https://openalex.org/W3173904262
https://openalex.org/W3179282865
https://openalex.org/W3190915697
https://openalex.org/W3194553862
https://openalex.org/W3198348675
https://openalex.org/W3200727473
https://openalex.org/W3205767645
https://openalex.org/W3206851765
https://openalex.org/W3208614557
https://openalex.org/W4205861363
https://openalex.org/W4206982034
https://openalex.org/W4211149418
https://openalex.org/W4214712737
https://openalex.org/W4214898583
https://openalex.org/W4220726917
https://openalex.org/W4223427063
https://openalex.org/W4225136253
https://openalex.org/W4226136658
https://openalex.org/W4230686638
https://openalex.org/W4281572089
https://openalex.org/W4281658150
https://openalex.org/W4283577112
https://openalex.org/W4283581217
https://openalex.org/W4283710622
https://openalex.org/W4285084067
https://openalex.org/W4288514516
https://openalex.org/W4313593133
https://openalex.org/W4317436819
https://openalex.org/W4319773709
https://openalex.org/W4327995068
https://openalex.org/W4361223937
https://openalex.org/W4362604494
https://openalex.org/W4385231114
https://openalex.org/W81199539
https://openalex.org/W1179223558
https://openalex.org/W123607413
https://openalex.org/W1488352649
https://openalex.org/W1503865537
https://openalex.org/W1505485210
https://openalex.org/W1532827881
https://openalex.org/W1543825217
https://openalex.org/W1548527997
https://openalex.org/W1575957115
https://openalex.org/W1588791780
https://openalex.org/W1860268198
https://openalex.org/W1934431484
https://openalex.org/W1967356798
https://openalex.org/W1970512390
https://openalex.org/W1970862939
https://openalex.org/W1972367857
https://openalex.org/W1972939441
https://openalex.org/W1979910626
https://openalex.org/W1998292647
https://openalex.org/W2011866167
https://openalex.org/W2012001856
https://openalex.org/W2016950265
https://openalex.org/W2027013346
https://openalex.org/W2029042180
https://openalex.org/W2037064089
https://openalex.org/W2037398782
https://openalex.org/W2042050015
https://openalex.org/W2053771227
https://openalex.org/W2062558922
https://openalex.org/W2064273602
https://openalex.org/W2074505995
https://openalex.org/W2078300118
https://openalex.org/W2087539954
https://openalex.org/W2121841302
https://openalex.org/W2144991479
https://openalex.org/W2156539659
https://openalex.org/W2167333088
https://openalex.org/W2177857423
https://openalex.org/W2221706676
https://openalex.org/W2241956342
https://openalex.org/W2243502005
https://openalex.org/W2246333639
https://openalex.org/W2259555724
https://openalex.org/W2271625922
https://openalex.org/W2319074628
https://openalex.org/W2322337842
https://openalex.org/W2325518637
https://openalex.org/W2326793074
https://openalex.org/W2397511289
https://openalex.org/W2404864392
https://openalex.org/W240727423
https://openalex.org/W2411013914
https://openalex.org/W2415601654
https://openalex.org/W2417950359
https://openalex.org/W2443203482
https://openalex.org/W2468218710
https://openalex.org/W2481707543
https://openalex.org/W2483639555
https://openalex.org/W2492369133
https://openalex.org/W2527163747
https://openalex.org/W2560470068
https://openalex.org/W2591406836
https://openalex.org/W2618490756
https://openalex.org/W2737544676
https://openalex.org/W2737854307
https://openalex.org/W2744638384
https://openalex.org/W2754398588
https://openalex.org/W2766648105
https://openalex.org/W2767126573
https://openalex.org/W2791595975
https://openalex.org/W2794579367
https://openalex.org/W2808722104
https://openalex.org/W2888381844
https://openalex.org/W2899298987
https://openalex.org/W2899538413
https://openalex.org/W2901177053
https://openalex.org/W2912849662
https://openalex.org/W2915367039
https://openalex.org/W2917090072
https://openalex.org/W2917794328
https://openalex.org/W2949933962
https://openalex.org/W2951380559
https://openalex.org/W2951499122
https://openalex.org/W2957970341
https://openalex.org/W2963599911
https://openalex.org/W2963866286
https://openalex.org/W2964112892
https://openalex.org/W2965325991
https://openalex.org/W2979093151
https://openalex.org/W2988459972
https://openalex.org/W2999393659
https://openalex.org/W3004482906
https://openalex.org/W3004997794
https://openalex.org/W3006823848
https://openalex.org/W3007054651
https://openalex.org/W3014290232
https://openalex.org/W3040674970
https://openalex.org/W3044847504
https://openalex.org/W3080301906
https://openalex.org/W3080652358
https://openalex.org/W3081421592
https://openalex.org/W3081804971
https://openalex.org/W3088760923
https://openalex.org/W3089814765
https://openalex.org/W3092517082
https://openalex.org/W3093687178
https://openalex.org/W3093850784
https://openalex.org/W3098405981
https://openalex.org/W3106000850
https://openalex.org/W3106950733
https://openalex.org/W3108168898
https://openalex.org/W3111838183
https://openalex.org/W3119522232
https://openalex.org/W3122195344
https://openalex.org/W3128521801
https://openalex.org/W3135193338
https://openalex.org/W3136667260
https://openalex.org/W3139019832
https://openalex.org/W3140333622
https://openalex.org/W3156601510
https://openalex.org/W3158584863
https://openalex.org/W3159938629
https://openalex.org/W3164618227
https://openalex.org/W3176770874
https://openalex.org/W3177363437
https://openalex.org/W3185461362
https://openalex.org/W3206175309
https://openalex.org/W3210326142
https://openalex.org/W3214793439
https://openalex.org/W3215251397
https://openalex.org/W3217390335
https://openalex.org/W370685146
https://openalex.org/W4200052451
https://openalex.org/W4206624902
https://openalex.org/W4206907291
https://openalex.org/W4206952055
https://openalex.org/W4210267395
https://openalex.org/W4213251574
https://openalex.org/W4214511264
https://openalex.org/W4220659369
https://openalex.org/W4225711427
https://openalex.org/W4225947487
https://openalex.org/W4225982960
https://openalex.org/W4226414632
https://openalex.org/W4229014499
https://openalex.org/W4229453378
https://openalex.org/W4240062997
https://openalex.org/W4244811876
https://openalex.org/W4246522586
https://openalex.org/W4246794993
https://openalex.org/W4249773010
https://openalex.org/W4252294728
https://openalex.org/W4254387021
https://openalex.org/W4281776986
https://openalex.org/W4282592361
https://openalex.org/W4283163969
https://openalex.org/W4283388565
https://openalex.org/W4285096951
https://openalex.org/W4285263320
https://openalex.org/W4287083674
https://openalex.org/W4293052113
https://openalex.org/W4298127240
https://openalex.org/W4302288017
https://openalex.org/W4304776751
https://openalex.org/W4306969902
https://openalex.org/W4309246513
https://openalex.org/W4309707992
https://openalex.org/W4309867030
https://openalex.org/W4309878763
https://openalex.org/W4310243808
https://openalex.org/W4313592991
https://openalex.org/W4315926995
https://openalex.org/W4317813380
https://openalex.org/W4317866850
https://openalex.org/W4318225069
https://openalex.org/W4321782648
https://openalex.org/W4322758528
https://openalex.org/W4323360114
https://openalex.org/W4323849783
https://openalex.org/W4362455269
https://openalex.org/W4366427586
https://openalex.org/W4384029133
https://openalex.org/W4384664978
https://openalex.org/W59392882
https://openalex.org/W606734054
https://openalex.org/W72431086
https://openalex.org/W761013444
https://openalex.org/W797329933
https://openalex.org/W822264009
https://openalex.org/W82369495
https://openalex.org/W826670133
https://openalex.org/W87290241
https://openalex.org/W1003614548
https://openalex.org/W1007956128
https://openalex.org/W1019985258
https://openalex.org/W110490951
https://openalex.org/W110885591
https://openalex.org/W113303926
https://openalex.org/W1137707489
https://openalex.org/W1141237558
https://openalex.org/W1146414658
https://openalex.org/W1146539527
https://openalex.org/W1158509055
https://openalex.org/W1160345002
https://openalex.org/W1161990193
https://openalex.org/W1169566492
https://openalex.org/W1170194249
https://openalex.org/W1181474213
https://openalex.org/W1181814069
https://openalex.org/W1184704982
https://openalex.org/W1194202900
https://openalex.org/W1196093510
https://openalex.org/W120199543
https://openalex.org/W1202631177
https://openalex.org/W126119358
https://openalex.org/W128630184
https://openalex.org/W130735937
https://openalex.org/W133592915
https://openalex.org/W14011348
https://openalex.org/W1447947914
https://openalex.org/W1475559608
https://openalex.org/W1479338698
https://openalex.org/W1484953304
https://openalex.org/W14870475
https://openalex.org/W149937818
https://openalex.org/W1522076789
https://openalex.org/W1522351532
https://openalex.org/W1523668771
https://openalex.org/W1532589177
https://openalex.org/W1533272352
https://openalex.org/W1540998118
https://openalex.org/W1541104929
https://openalex.org/W1543113636
https://openalex.org/W1544282336
https://openalex.org/W1544773773
https://openalex.org/W1549336627
https://openalex.org/W1550942165
https://openalex.org/W1556922826
https://openalex.org/W1562030238
https://openalex.org/W1564645893
https://openalex.org/W156600275
https://openalex.org/W1577011781
https://openalex.org/W1582868246
https://openalex.org/W1595241928
https://openalex.org/W1596730151
https://openalex.org/W1598786283
https://openalex.org/W1606435337
https://openalex.org/W1616496533
https://openalex.org/W161895305
https://openalex.org/W162106697
https://openalex.org/W162632773
https://openalex.org/W1633066269
https://openalex.org/W1681443868
https://openalex.org/W1714953709
https://openalex.org/W172279100
https://openalex.org/W1798465068
https://openalex.org/W180813701
https://openalex.org/W1833468509
https://openalex.org/W1836818939
https://openalex.org/W1851057367
https://openalex.org/W1853456841
https://openalex.org/W1861650379
https://openalex.org/W1875283591
https://openalex.org/W19065566
https://openalex.org/W1939303892
https://openalex.org/W1941210876
https://openalex.org/W1956277032
https://openalex.org/W1959320695
https://openalex.org/W1966038206
https://openalex.org/W1966616049
https://openalex.org/W1967125075
https://openalex.org/W1968984730
https://openalex.org/W198263261
https://openalex.org/W1983282585
https://openalex.org/W1987576969
https://openalex.org/W1988621467
https://openalex.org/W1989501721
https://openalex.org/W1990274636
https://openalex.org/W1992278206
https://openalex.org/W1993049118
https://openalex.org/W1994984823
https://openalex.org/W1995326471
https://openalex.org/W1996723698
https://openalex.org/W2003277449
https://openalex.org/W200469400
https://openalex.org/W2005509351
https://openalex.org/W2007542831
https://openalex.org/W2011477348
https://openalex.org/W2012459931
https://openalex.org/W2014422649
https://openalex.org/W2014766803
https://openalex.org/W2015805283
https://openalex.org/W2016194285
https://openalex.org/W2020555250
https://openalex.org/W2023287960
https://openalex.org/W2023551489
https://openalex.org/W2025119327
https://openalex.org/W2027589679
https://openalex.org/W2029647007
https://openalex.org/W2031137501
https://openalex.org/W2032598358
https://openalex.org/W2036169322
https://openalex.org/W2046139997
https://openalex.org/W2052189760
https://openalex.org/W2055883376
https://openalex.org/W2057026998
https://openalex.org/W2057831144
https://openalex.org/W2060616985
https://openalex.org/W2072124320
https://openalex.org/W2078371988
https://openalex.org/W2080316781
https://openalex.org/W2087767661
https://openalex.org/W2088045663
https://openalex.org/W2089755299
https://openalex.org/W2095868138
https://openalex.org/W2103076747
https://openalex.org/W2108207002
https://openalex.org/W2116592340
https://openalex.org/W2125236512
https://openalex.org/W2125956207
https://openalex.org/W2129357324
https://openalex.org/W2129691984
https://openalex.org/W2130938756
https://openalex.org/W2137431870
https://openalex.org/W2146716461
https://openalex.org/W2169607972
https://openalex.org/W2170188026
https://openalex.org/W2179490510
https://openalex.org/W2180735692
https://openalex.org/W2182884120
https://openalex.org/W2184021533
https://openalex.org/W2184558768
https://openalex.org/W2186226548
https://openalex.org/W2186388353
https://openalex.org/W2186448416
https://openalex.org/W2187648539
https://openalex.org/W2189456075
https://openalex.org/W2193324821
https://openalex.org/W2198663946
https://openalex.org/W2198918106
https://openalex.org/W2200622180
https://openalex.org/W2201574931
https://openalex.org/W2204810162
https://openalex.org/W2206899192
https://openalex.org/W2214050310
https://openalex.org/W2214343028
https://openalex.org/W2214384568
https://openalex.org/W2227035168
https://openalex.org/W2228464281
https://openalex.org/W2228527443
https://openalex.org/W2236797039
https://openalex.org/W2237942082
https://openalex.org/W2238401192
https://openalex.org/W2240885197
https://openalex.org/W2241339286
https://openalex.org/W2248005769
https://openalex.org/W2249371884
https://openalex.org/W2254555520
https://openalex.org/W2259414812
https://openalex.org/W2264000793
https://openalex.org/W2271881736
https://openalex.org/W2277878441
https://openalex.org/W2282286246
https://openalex.org/W2283327302
https://openalex.org/W2284017189
https://openalex.org/W2286655849
https://openalex.org/W2289673006
https://openalex.org/W2291005752
https://openalex.org/W2292202699
https://openalex.org/W2293550071
https://openalex.org/W229624815
https://openalex.org/W2297005828
https://openalex.org/W2304158324
https://openalex.org/W2305902318
https://openalex.org/W2311697114
https://openalex.org/W2313625873
https://openalex.org/W2316793348
https://openalex.org/W2317820306
https://openalex.org/W2319803647
https://openalex.org/W2319987519
https://openalex.org/W2320537184
https://openalex.org/W2320570863
https://openalex.org/W2320632346
https://openalex.org/W2320942135
https://openalex.org/W2321661101
https://openalex.org/W2321773762
https://openalex.org/W2322840538
https://openalex.org/W2323308731
https://openalex.org/W2323901881
https://openalex.org/W2323999239
https://openalex.org/W2324500457
https://openalex.org/W2324652290
https://openalex.org/W2325732087
https://openalex.org/W2327094603
https://openalex.org/W2330489783
https://openalex.org/W2334281961
https://openalex.org/W2342276660
https://openalex.org/W2342343940
https://openalex.org/W2344429337
https://openalex.org/W2345938671
https://openalex.org/W2348522434
https://openalex.org/W2359317835
https://openalex.org/W2360968323
https://openalex.org/W2370994484
https://openalex.org/W2371332408
https://openalex.org/W2375988298
https://openalex.org/W2386776839
https://openalex.org/W2393215991
https://openalex.org/W2394734572
https://openalex.org/W2395563972
https://openalex.org/W2397357769
https://openalex.org/W2398424914
https://openalex.org/W2398640859
https://openalex.org/W2399362293
https://openalex.org/W2402665389
https://openalex.org/W2403013324
https://openalex.org/W2404063235
https://openalex.org/W2408806743
https://openalex.org/W2410014245
https://openalex.org/W2411154247
https://openalex.org/W2412434193
https://openalex.org/W2416909753
https://openalex.org/W2417089024
https://openalex.org/W2417190254
https://openalex.org/W2421201414
https://openalex.org/W2421520217
https://openalex.org/W2423813334
https://openalex.org/W2460100695
https://openalex.org/W2461031150
https://openalex.org/W2468346166
https://openalex.org/W2470416861
https://openalex.org/W2471010530
https://openalex.org/W2474386353
https://openalex.org/W2480734451
https://openalex.org/W2484416355
https://openalex.org/W2486811421
https://openalex.org/W2488931033
https://openalex.org/W2489925305
https://openalex.org/W2491042759
https://openalex.org/W2492759362
https://openalex.org/W2493504102
https://openalex.org/W2493605822
https://openalex.org/W2497483814
https://openalex.org/W2498812502
https://openalex.org/W2503088626
https://openalex.org/W2503177233
https://openalex.org/W2504010136
https://openalex.org/W2506095552
https://openalex.org/W2506118102
https://openalex.org/W2509543551
https://openalex.org/W2509963172
https://openalex.org/W2511084220
https://openalex.org/W2515006913
https://openalex.org/W2516291269
https://openalex.org/W2517704983
https://openalex.org/W2518166620
https://openalex.org/W2519756114
https://openalex.org/W2520100857
https://openalex.org/W2520104907
https://openalex.org/W2528252482
https://openalex.org/W2531112484
https://openalex.org/W2531556178
https://openalex.org/W2538208597
https://openalex.org/W2540135689
https://openalex.org/W2542866685
https://openalex.org/W2544386133
https://openalex.org/W2547526225
https://openalex.org/W2549542753
https://openalex.org/W2555236974
https://openalex.org/W2556008105
https://openalex.org/W2562227089
https://openalex.org/W2564604456
https://openalex.org/W2568330963
https://openalex.org/W2568380610
https://openalex.org/W2570346400
https://openalex.org/W2573160345
https://openalex.org/W2574596746
https://openalex.org/W2576274652
https://openalex.org/W2580388529
https://openalex.org/W2581544167
https://openalex.org/W2583401727
https://openalex.org/W2584227132
https://openalex.org/W2584489074
https://openalex.org/W2585410017
https://openalex.org/W2587491598
https://openalex.org/W2588057688
https://openalex.org/W2588636579
https://openalex.org/W2589292175
https://openalex.org/W2590548350
https://openalex.org/W2591243317
https://openalex.org/W2591555001
https://openalex.org/W2593058749
https://openalex.org/W2598687988
https://openalex.org/W2600050767
https://openalex.org/W2601008212
https://openalex.org/W2604824927
https://openalex.org/W2605025098
https://openalex.org/W2605355926
https://openalex.org/W2606423273
https://openalex.org/W2606715087
https://openalex.org/W2606850362
https://openalex.org/W2608252513
https://openalex.org/W2611198003
https://openalex.org/W2612704950
https://openalex.org/W2613254682
https://openalex.org/W2613395387
https://openalex.org/W2624595201
https://openalex.org/W2639527829
https://openalex.org/W2641806260
https://openalex.org/W2652027867
https://openalex.org/W2652357802
https://openalex.org/W2686303529
https://openalex.org/W2691315702
https://openalex.org/W2723705865
https://openalex.org/W2728827050
https://openalex.org/W2735883595
https://openalex.org/W2736731141
https://openalex.org/W2737125867
https://openalex.org/W2737400475
https://openalex.org/W2738287036
https://openalex.org/W2738511337
https://openalex.org/W2738655706
https://openalex.org/W2741379672
https://openalex.org/W2744987107
https://openalex.org/W2746989495
https://openalex.org/W2747714707
https://openalex.org/W2748395351
https://openalex.org/W2748692893
https://openalex.org/W2748895478
https://openalex.org/W2750719703
https://openalex.org/W2751440199
https://openalex.org/W2752462074
https://openalex.org/W2753880618
https://openalex.org/W2755317164
https://openalex.org/W2756081559
https://openalex.org/W2763530245
https://openalex.org/W2765404298
https://openalex.org/W2765407740
https://openalex.org/W2768583804
https://openalex.org/W2774888544
https://openalex.org/W2779981155
https://openalex.org/W2782701770
https://openalex.org/W2783614833
https://openalex.org/W2789381866
https://openalex.org/W2791204039
https://openalex.org/W2800305381
https://openalex.org/W2802539878
https://openalex.org/W2806770739
https://openalex.org/W2808997711
https://openalex.org/W2810762297
https://openalex.org/W2811034093
https://openalex.org/W2811335039
https://openalex.org/W2848997006
https://openalex.org/W2883446987
https://openalex.org/W2883558087
https://openalex.org/W2884568819
https://openalex.org/W2885734556
https://openalex.org/W2887151132
https://openalex.org/W2887953591
https://openalex.org/W2889807413
https://openalex.org/W2891073508
https://openalex.org/W2893277935
https://openalex.org/W2893301297
https://openalex.org/W2894153506
https://openalex.org/W2895204366
https://openalex.org/W2898369845
https://openalex.org/W2898885188
https://openalex.org/W2899445076
https://openalex.org/W2901102533
https://openalex.org/W2904729787
https://openalex.org/W2905939487
https://openalex.org/W2908554919
https://openalex.org/W2909237019
https://openalex.org/W2913144373
https://openalex.org/W2913702604
https://openalex.org/W2913949972
https://openalex.org/W291403927
https://openalex.org/W2914118195
https://openalex.org/W2915094706
https://openalex.org/W2915964437
https://openalex.org/W2917882202
https://openalex.org/W2918214157
https://openalex.org/W2918555003
https://openalex.org/W2919680292
https://openalex.org/W2920242267
https://openalex.org/W2923695238
https://openalex.org/W2939828637
https://openalex.org/W2940480914
https://openalex.org/W2941345934
https://openalex.org/W2941389028
https://openalex.org/W2942170167
https://openalex.org/W2942174748
https://openalex.org/W2942469140
https://openalex.org/W2943287340
https://openalex.org/W2943914183
https://openalex.org/W2945350824
https://openalex.org/W2946480489
https://openalex.org/W2948753551
https://openalex.org/W2949565792
https://openalex.org/W2949850017
https://openalex.org/W2950560076
https://openalex.org/W2950788436
https://openalex.org/W2952272849
https://openalex.org/W2952360178
https://openalex.org/W2952372046
https://openalex.org/W2952483617
https://openalex.org/W2952736076
https://openalex.org/W2953009638
https://openalex.org/W2953375618
https://openalex.org/W2955643713
https://openalex.org/W2959487061
https://openalex.org/W2969044809
https://openalex.org/W2969622129
https://openalex.org/W2969781881
https://openalex.org/W2970625020
https://openalex.org/W2971534768
https://openalex.org/W2975038083
https://openalex.org/W2975042191
https://openalex.org/W2975098144
https://openalex.org/W2975101770
https://openalex.org/W2975257881
https://openalex.org/W2975493104
https://openalex.org/W2975935982
https://openalex.org/W2975973900
https://openalex.org/W2976048509
https://openalex.org/W2976097053
https://openalex.org/W2976371073
https://openalex.org/W2977414996
https://openalex.org/W2977444518
https://openalex.org/W2977550726
https://openalex.org/W2977728696
https://openalex.org/W2977772645
https://openalex.org/W2977831733
https://openalex.org/W2977853336
https://openalex.org/W2977928110
https://openalex.org/W2978071418
https://openalex.org/W2978177323
https://openalex.org/W2978250113
https://openalex.org/W2978438756
https://openalex.org/W2978520071
https://openalex.org/W2978572460
https://openalex.org/W2978637546
https://openalex.org/W2978671719
https://openalex.org/W2978786312
https://openalex.org/W2978898047
https://openalex.org/W2978995272
https://openalex.org/W2979011475
https://openalex.org/W2979199818
https://openalex.org/W2979230340
https://openalex.org/W2981129840
https://openalex.org/W2981143584
https://openalex.org/W2981552825
https://openalex.org/W2981604848
https://openalex.org/W2981677530
https://openalex.org/W2981745573
https://openalex.org/W2981925624
https://openalex.org/W2982090600
https://openalex.org/W2983118753
https://openalex.org/W2983213456
https://openalex.org/W2984572974
https://openalex.org/W2985762860
https://openalex.org/W2986688637
https://openalex.org/W2988263512
https://openalex.org/W2988698835
https://openalex.org/W2989067141
https://openalex.org/W2989270232
https://openalex.org/W2990466625
https://openalex.org/W2991507864
https://openalex.org/W2991688694
https://openalex.org/W2991845596
https://openalex.org/W2992784367
https://openalex.org/W2992859818
https://openalex.org/W2992958310
https://openalex.org/W2993016863
https://openalex.org/W2993229320
https://openalex.org/W2993658552
https://openalex.org/W2993778591
https://openalex.org/W2994086400
https://openalex.org/W2994977684
https://openalex.org/W2995015073
https://openalex.org/W2995046635
https://openalex.org/W2995363458
https://openalex.org/W2995531744
https://openalex.org/W2995908047
https://openalex.org/W2996035878
https://openalex.org/W2996724275
https://openalex.org/W3005536180
https://openalex.org/W3005941893
https://openalex.org/W3006036731
https://openalex.org/W3006223747
https://openalex.org/W3006321672
https://openalex.org/W3006397693
https://openalex.org/W3006408612
https://openalex.org/W3008069740
https://openalex.org/W3009397478
https://openalex.org/W3012109103
https://openalex.org/W3013179007
https://openalex.org/W3013876584
https://openalex.org/W3013894211
https://openalex.org/W3014615181
https://openalex.org/W3023796052
https://openalex.org/W3024589894
https://openalex.org/W3024864839
https://openalex.org/W3025399573
https://openalex.org/W3026923050
https://openalex.org/W3028726437
https://openalex.org/W3030620696
https://openalex.org/W3032149600
https://openalex.org/W3032226289
https://openalex.org/W3032774352
https://openalex.org/W3036014301
https://openalex.org/W3036277365
https://openalex.org/W3036901965
https://openalex.org/W3037874163
https://openalex.org/W3039119243
https://openalex.org/W3040679121
https://openalex.org/W3040734660
https://openalex.org/W3041676933
https://openalex.org/W3047064084
https://openalex.org/W3048511540
https://openalex.org/W3060225299
https://openalex.org/W3080354718
https://openalex.org/W3080425611
https://openalex.org/W3081277808
https://openalex.org/W3082533582
https://openalex.org/W3083490688
https://openalex.org/W3083837312
https://openalex.org/W3083917000
https://openalex.org/W3083975290
https://openalex.org/W3084161231
https://openalex.org/W3084458005
https://openalex.org/W3087400506
https://openalex.org/W3088002234
https://openalex.org/W3089309274
https://openalex.org/W3092210072
https://openalex.org/W3093646310
https://openalex.org/W3093686011
https://openalex.org/W3093885136
https://openalex.org/W3094002775
https://openalex.org/W3095076213
https://openalex.org/W3095289848
https://openalex.org/W3096017273
https://openalex.org/W3096137721
https://openalex.org/W3097550166
https://openalex.org/W3102718133
https://openalex.org/W3103866330
https://openalex.org/W3108022430
https://openalex.org/W3108889021
https://openalex.org/W3109860086
https://openalex.org/W3110139599
https://openalex.org/W3110522246
https://openalex.org/W3111284791
https://openalex.org/W3112223597
https://openalex.org/W3112689906
https://openalex.org/W3113535558
https://openalex.org/W3117880954
https://openalex.org/W3120277324
https://openalex.org/W3122057601
https://openalex.org/W3122065877
https://openalex.org/W3122120739
https://openalex.org/W3124672621
https://openalex.org/W3124983326
https://openalex.org/W3126007699
https://openalex.org/W3126245224
https://openalex.org/W3128724333
https://openalex.org/W3129378377
https://openalex.org/W3131014921
https://openalex.org/W3133884926
https://openalex.org/W3134719329
https://openalex.org/W3135064967
https://openalex.org/W3135090837
https://openalex.org/W3135823930
https://openalex.org/W3137494985
https://openalex.org/W3137584793
https://openalex.org/W3137707614
https://openalex.org/W3139014479
https://openalex.org/W3140077894
https://openalex.org/W3140340498
https://openalex.org/W3141927185
https://openalex.org/W3142702742
https://openalex.org/W3152538378
https://openalex.org/W3154647869
https://openalex.org/W3156129341
https://openalex.org/W3156387456
https://openalex.org/W3157777429
https://openalex.org/W3158094497
https://openalex.org/W3158184436
https://openalex.org/W3158289950
https://openalex.org/W3159666373
https://openalex.org/W3159990152
https://openalex.org/W3160388657
https://openalex.org/W3160451286
https://openalex.org/W3161472921
https://openalex.org/W3163387636
https://openalex.org/W3163800179
https://openalex.org/W3164380806
https://openalex.org/W3166238776
https://openalex.org/W3169460057
https://openalex.org/W3169633740
https://openalex.org/W3170946856
https://openalex.org/W3171229056
https://openalex.org/W3173337891
https://openalex.org/W3173721983
https://openalex.org/W3173961595
https://openalex.org/W3174727835
https://openalex.org/W3175206820
https://openalex.org/W3175718764
https://openalex.org/W3176303551
https://openalex.org/W3177102221
https://openalex.org/W3178879518
https://openalex.org/W3181539023
https://openalex.org/W3182608050
https://openalex.org/W3184131181
https://openalex.org/W3184869294
https://openalex.org/W3185392721
https://openalex.org/W3185397521
https://openalex.org/W3185442133
https://openalex.org/W3186051837
https://openalex.org/W3186308172
https://openalex.org/W3187738917
https://openalex.org/W3189383109
https://openalex.org/W3190573543
https://openalex.org/W3195979609
https://openalex.org/W3197342144
https://openalex.org/W3197931261
https://openalex.org/W3198559872
https://openalex.org/W3198571633
https://openalex.org/W3199531988
https://openalex.org/W3199968430
https://openalex.org/W3200060494
https://openalex.org/W3200762241
https://openalex.org/W3204629758
https://openalex.org/W3206781492
https://openalex.org/W3206786291
https://openalex.org/W3208143224
https://openalex.org/W3208752628
https://openalex.org/W3208862248
https://openalex.org/W3209952481
https://openalex.org/W3210114775
https://openalex.org/W3210155092
https://openalex.org/W3210715716
https://openalex.org/W3210924810
https://openalex.org/W3211191501
https://openalex.org/W3211434063
https://openalex.org/W3213350402
https://openalex.org/W3213706332
https://openalex.org/W3215350968
https://openalex.org/W3215988827
https://openalex.org/W3217550664
https://openalex.org/W3217774057
https://openalex.org/W360147384
https://openalex.org/W360344566
https://openalex.org/W4200339974
https://openalex.org/W4200408799
https://openalex.org/W4200572379
https://openalex.org/W4205432325
https://openalex.org/W4205484552
https://openalex.org/W4206938546
https://openalex.org/W4206962664
https://openalex.org/W4210350887
https://openalex.org/W4210757398
https://openalex.org/W4210888348
https://openalex.org/W4211101873
https://openalex.org/W4211218927
https://openalex.org/W4212799880
https://openalex.org/W4212898060
https://openalex.org/W4213268956
https://openalex.org/W4214526622
https://openalex.org/W4214554731
https://openalex.org/W4214643337
https://openalex.org/W4214715943
https://openalex.org/W4214720189
https://openalex.org/W4214727277
https://openalex.org/W4214770499
https://openalex.org/W4220765970
https://openalex.org/W4220851049
https://openalex.org/W4220996026
https://openalex.org/W4221111593
https://openalex.org/W4224101293
https://openalex.org/W4224870300
https://openalex.org/W4225098385
https://openalex.org/W4225399338
https://openalex.org/W4225417806
https://openalex.org/W4225552893
https://openalex.org/W4225823743
https://openalex.org/W4226018205
https://openalex.org/W4226393821
https://openalex.org/W4226526874
https://openalex.org/W4230176752
https://openalex.org/W4231445351
https://openalex.org/W4232111804
https://openalex.org/W4233497735
https://openalex.org/W4233569755
https://openalex.org/W4235186029
https://openalex.org/W4235511445
https://openalex.org/W4235894941
https://openalex.org/W4236259375
https://openalex.org/W4237529797
https://openalex.org/W4237809306
https://openalex.org/W4240451127
https://openalex.org/W4240588598
https://openalex.org/W4240810200
https://openalex.org/W4241930079
https://openalex.org/W4243542318
https://openalex.org/W4243661672
https://openalex.org/W4244156329
https://openalex.org/W4245419854
https://openalex.org/W4245727128
https://openalex.org/W4246658401
https://openalex.org/W4246754791
https://openalex.org/W4247176129
https://openalex.org/W4247737368
https://openalex.org/W4248339067
https://openalex.org/W4248709276
https://openalex.org/W4248936189
https://openalex.org/W4250818134
https://openalex.org/W4251819835
https://openalex.org/W4252713412
https://openalex.org/W4252860883
https://openalex.org/W4253062130
https://openalex.org/W4253358650
https://openalex.org/W4253530868
https://openalex.org/W4253800579
https://openalex.org/W4254008007
https://openalex.org/W4254090118
https://openalex.org/W4254138032
https://openalex.org/W4255371464
https://openalex.org/W4280490987
https://openalex.org/W4280498558
https://openalex.org/W4281704270
https://openalex.org/W4281765882
https://openalex.org/W4282580378
https://openalex.org/W4282935054
https://openalex.org/W4282973482
https://openalex.org/W4282976726
https://openalex.org/W4283026667
https://openalex.org/W4283162680
https://openalex.org/W4283207822
https://openalex.org/W4283771531
https://openalex.org/W4284682126
https://openalex.org/W4284974038
https://openalex.org/W4285180182
https://openalex.org/W4285329691
https://openalex.org/W4285412356
https://openalex.org/W4285732203
https://openalex.org/W4286235707
https://openalex.org/W4286447659
https://openalex.org/W4286825709
https://openalex.org/W4287006844
https://openalex.org/W4287023719
https://openalex.org/W4287083392
https://openalex.org/W4287083452
https://openalex.org/W4287854372
https://openalex.org/W4288054001
https://openalex.org/W4289123129
https://openalex.org/W4289125042
https://openalex.org/W4289260436
https://openalex.org/W4290376837
https://openalex.org/W4292248794
https://openalex.org/W4292663640
https://openalex.org/W4292663642
https://openalex.org/W4294618593
https://openalex.org/W4294975632
https://openalex.org/W4295093564
https://openalex.org/W4296041361
https://openalex.org/W4296444232
https://openalex.org/W4296654635
https://openalex.org/W4296932967
https://openalex.org/W4296998446
https://openalex.org/W4297183610
https://openalex.org/W4298047983
https://openalex.org/W4298324758
https://openalex.org/W4299508205
https://openalex.org/W4299945855
https://openalex.org/W4300451040
https://openalex.org/W4300551038
https://openalex.org/W4302207973
https://openalex.org/W4303453391
https://openalex.org/W4303474394
https://openalex.org/W4304187480
https://openalex.org/W4306680594
https://openalex.org/W4306827096
https://openalex.org/W4307336119
https://openalex.org/W4307711152
https://openalex.org/W4307867995
https://openalex.org/W4308407210
https://openalex.org/W4308856844
https://openalex.org/W4309163759
https://openalex.org/W4309942653
https://openalex.org/W4311315641
https://openalex.org/W4311425628
https://openalex.org/W4312040406
https://openalex.org/W4312156868
https://openalex.org/W4313373735
https://openalex.org/W4313423220
https://openalex.org/W4313437147
https://openalex.org/W4313646347
https://openalex.org/W4315619275
https://openalex.org/W4316037746
https://openalex.org/W4317381224
https://openalex.org/W4317924104
https://openalex.org/W4317941039
https://openalex.org/W4318687058
https://openalex.org/W4319334078
https://openalex.org/W4319788503
https://openalex.org/W4319825965
https://openalex.org/W4319867059
https://openalex.org/W4319989698
https://openalex.org/W4320485513
https://openalex.org/W4320712553
https://openalex.org/W4320857760
https://openalex.org/W4321091800
https://openalex.org/W4321494971
https://openalex.org/W4321642676
https://openalex.org/W4321793101
https://openalex.org/W4322502519
https://openalex.org/W4323037282
https://openalex.org/W4323295074
https://openalex.org/W4323542464
https://openalex.org/W4324020386
https://openalex.org/W4328050345
https://openalex.org/W4361813642
https://openalex.org/W4361813848
https://openalex.org/W4361813942
https://openalex.org/W4361814043
https://openalex.org/W4361814068
https://openalex.org/W4361814172
https://openalex.org/W4361832594
https://openalex.org/W4362481400
https://openalex.org/W4362481477
https://openalex.org/W4362481490
https://openalex.org/W4362481581
https://openalex.org/W4362481586
https://openalex.org/W4362481588
https://openalex.org/W4362481607
https://openalex.org/W4362481661
https://openalex.org/W4362481676
https://openalex.org/W4362481761
https://openalex.org/W4362481769
https://openalex.org/W4362481815
https://openalex.org/W4362481818
https://openalex.org/W4362481838
https://openalex.org/W4362492626
https://openalex.org/W4362506490
https://openalex.org/W4362533984
https://openalex.org/W4362533985
https://openalex.org/W4362533992
https://openalex.org/W4362550919
https://openalex.org/W4362551021
https://openalex.org/W4362611342
https://openalex.org/W4362611352
https://openalex.org/W4362611353
https://openalex.org/W4362627743
https://openalex.org/W4362627754
https://openalex.org/W4366082845
https://openalex.org/W4366291966
https://openalex.org/W4366608493
https://openalex.org/W4366963326
https://openalex.org/W4367321923
https://openalex.org/W43704419
https://openalex.org/W4372260321
https://openalex.org/W4376269568
https://openalex.org/W4376278892
https://openalex.org/W4376959277
https://openalex.org/W4377087038
https://openalex.org/W4377103246
https://openalex.org/W4378783614
https://openalex.org/W4381142300
https://openalex.org/W4381325534
https://openalex.org/W4381801064
https://openalex.org/W4381948534
https://openalex.org/W4382245015
https://openalex.org/W4382291094
https://openalex.org/W4382361617
https://openalex.org/W4382361776
https://openalex.org/W4383216982
https://openalex.org/W4383819055
https://openalex.org/W4384070234
https://openalex.org/W4384636148
https://openalex.org/W4384644059
https://openalex.org/W4384841699
https://openalex.org/W4384841937
https://openalex.org/W4384916314
https://openalex.org/W4384933130
https://openalex.org/W4384941839
https://openalex.org/W4384942143
https://openalex.org/W4384947054
https://openalex.org/W4385263979
https://openalex.org/W4385330277
https://openalex.org/W4385459583
https://openalex.org/W4385517154
https://openalex.org/W4385518119
https://openalex.org/W4385569302
https://openalex.org/W4385666500
https://openalex.org/W4385719157
https://openalex.org/W4385974731
https://openalex.org/W4385984274
https://openalex.org/W4385997207
https://openalex.org/W4386022150
https://openalex.org/W4386065272
https://openalex.org/W4386086226
https://openalex.org/W4386296777
https://openalex.org/W4386438535
https://openalex.org/W4386817817
https://openalex.org/W4386825154
https://openalex.org/W4386851784
https://openalex.org/W4386889702
https://openalex.org/W4386904268
https://openalex.org/W4386934796
https://openalex.org/W4386979753
https://openalex.org/W4386989167
https://openalex.org/W4387003251
https://openalex.org/W4387035300
https://openalex.org/W479409699
https://openalex.org/W52643900
https://openalex.org/W55038799
https://openalex.org/W61078767
https://openalex.org/W630784872
https://openalex.org/W637281677
https://openalex.org/W66451404
https://openalex.org/W744880281
https://openalex.org/W748880238
https://openalex.org/W752996142
https://openalex.org/W762983243
https://openalex.org/W765247448
https://openalex.org/W78321831
https://openalex.org/W80194694
https://openalex.org/W810574260
https://openalex.org/W840529366
https://openalex.org/W84171054
https://openalex.org/W866966885
https://openalex.org/W868382283
https://openalex.org/W879493006
https://openalex.org/W886107372
https://openalex.org/W892887411
https://openalex.org/W908899479
https://openalex.org/W936141987
https://openalex.org/W937484765
https://openalex.org/W951513344
https://openalex.org/W956589353
https://openalex.org/W958624731
https://openalex.org/W968127946
https://openalex.org/W973962611
https://openalex.org/W97635701
https://openalex.org/W978383926
https://openalex.org/W996581954
https://openalex.org/W2167279371
https://openalex.org/W2580035316
https://openalex.org/W2529052661
https://openalex.org/W1524992328
https://openalex.org/W2169656611
https://openalex.org/W1967291345
https://openalex.org/W2601810315
https://openalex.org/W1590922852
https://openalex.org/W1658991581
https://openalex.org/W2130864403
https://openalex.org/W2177180777
https://openalex.org/W2147164277
https://openalex.org/W1979963836
https://openalex.org/W3038063455
https://openalex.org/W2147762902
https://openalex.org/W2165128851
https://openalex.org/W2041734419
https://openalex.org/W2101939433
https://openalex.org/W2073582448
https://openalex.org/W2107607858
https://openalex.org/W2102461774
https://openalex.org/W2153171441
https://openalex.org/W1968306285
https://openalex.org/W2605757478
https://openalex.org/W2093478783
https://openalex.org/W2066128679
https://openalex.org/W2102054988
https://openalex.org/W2158902491
https://openalex.org/W1977632740
https://openalex.org/W2034820298
https://openalex.org/W2156755609
https://openalex.org/W2244470871
https://openalex.org/W1998085208
https://openalex.org/W2044518560
https://openalex.org/W2126682991
https://openalex.org/W2122460261
https://openalex.org/W2003307100
https://openalex.org/W2052206215
https://openalex.org/W2104891575
https://openalex.org/W2024148297
https://openalex.org/W2154747383
https://openalex.org/W1977015709
https://openalex.org/W2016029650
https://openalex.org/W2067370872
https://openalex.org/W2092289188
https://openalex.org/W2064877889
https://openalex.org/W2253167439
https://openalex.org/W2175307154
https://openalex.org/W1577832196
https://openalex.org/W2181961150
https://openalex.org/W1964110508
https://openalex.org/W2122849872
https://openalex.org/W1503648662
https://openalex.org/W2056942342
https://openalex.org/W2080373548
https://openalex.org/W2026752246
https://openalex.org/W1898703532
https://openalex.org/W2315308806
https://openalex.org/W1991313384
https://openalex.org/W2139026611
https://openalex.org/W2026832725
https://openalex.org/W2071612423
https://openalex.org/W2107175053
https://openalex.org/W1575159871
https://openalex.org/W2125676392
https://openalex.org/W2354344320
https://openalex.org/W2169428269
https://openalex.org/W1972937411
https://openalex.org/W2741734362
https://openalex.org/W2026664265
https://openalex.org/W2124424299
https://openalex.org/W2055548630
https://openalex.org/W2096880956
https://openalex.org/W2334045973
https://openalex.org/W2096672909
https://openalex.org/W2170182396
https://openalex.org/W2026611051
https://openalex.org/W2100378298
https://openalex.org/W3117759033
https://openalex.org/W2338733954
https://openalex.org/W1628373838
https://openalex.org/W1992333288
https://openalex.org/W2106629677
https://openalex.org/W2056265881
https://openalex.org/W2086676900
https://openalex.org/W2121850062
https://openalex.org/W2051355436
https://openalex.org/W2097505739
https://openalex.org/W2013826141
https://openalex.org/W2946375103
https://openalex.org/W1517096695
https://openalex.org/W2081681634
https://openalex.org/W2167967516
https://openalex.org/W2083135853
https://openalex.org/W2034826298
https://openalex.org/W2050199652
https://openalex.org/W2135073334
https://openalex.org/W2003393395
https://openalex.org/W2113674146
https://openalex.org/W2074749705
https://openalex.org/W2109107050
https://openalex.org/W2943362524
https://openalex.org/W2157939042
https://openalex.org/W2065163701
https://openalex.org/W2112623277
https://openalex.org/W1481633630
https://openalex.org/W1971273349
https://openalex.org/W2608850084
https://openalex.org/W2034413738
https://openalex.org/W2764285200
https://openalex.org/W2055384555
https://openalex.org/W1546037769
https://openalex.org/W2032388023
https://openalex.org/W1567871149
https://openalex.org/W2002186719
https://openalex.org/W2096629131
https://openalex.org/W2101168807
https://openalex.org/W2002521453
https://openalex.org/W2119457772
https://openalex.org/W2114266978
https://openalex.org/W1994473228
https://openalex.org/W2081438791
https://openalex.org/W2156329365
https://openalex.org/W2069444276
https://openalex.org/W2111141578
https://openalex.org/W2131732030
https://openalex.org/W2150944237
https://openalex.org/W2081382143
https://openalex.org/W2611690321
https://openalex.org/W474796
https://openalex.org/W1978307963
https://openalex.org/W1948212455
https://openalex.org/W2110085945
https://openalex.org/W2132877812
https://openalex.org/W2099857122
https://openalex.org/W2150518441
https://openalex.org/W2151714976
https://openalex.org/W2033334112
https://openalex.org/W1964924603
https://openalex.org/W1982984451
https://openalex.org/W2035255090
https://openalex.org/W2129135821
https://openalex.org/W2145682543
https://openalex.org/W1984210773
https://openalex.org/W3163886417
https://openalex.org/W1967564946
https://openalex.org/W2111683138
https://openalex.org/W2131447198
https://openalex.org/W2012077032
https://openalex.org/W2122449674
https://openalex.org/W2058469887
https://openalex.org/W2145761648
https://openalex.org/W1987558337
https://openalex.org/W1993376880
https://openalex.org/W2143920612
https://openalex.org/W3105751747
https://openalex.org/W2108879539
https://openalex.org/W2153600773
https://openalex.org/W2174026811
https://openalex.org/W2106630116
https://openalex.org/W2075810170
https://openalex.org/W2139348309
https://openalex.org/W288838515
https://openalex.org/W2058094904
https://openalex.org/W2149899892
https://openalex.org/W2007527502
https://openalex.org/W2111321718
https://openalex.org/W2068336834
https://openalex.org/W2127992904
https://openalex.org/W2511838996
https://openalex.org/W1998715260
https://openalex.org/W2085801059
https://openalex.org/W2142213104
https://openalex.org/W2271352965
https://openalex.org/W1976749826
https://openalex.org/W2041750631
https://openalex.org/W2918721302
https://openalex.org/W2120845345
https://openalex.org/W2074677800
https://openalex.org/W2025329130
https://openalex.org/W2045117443
https://openalex.org/W2078325825
https://openalex.org/W2151997118
https://openalex.org/W2002611908
https://openalex.org/W2025510476
https://openalex.org/W2063340056
https://openalex.org/W3188556989
https://openalex.org/W1986473514
https://openalex.org/W1972217867
https://openalex.org/W2090792868
https://openalex.org/W2123762174
https://openalex.org/W2110896674
https://openalex.org/W1971353366
https://openalex.org/W2216772862
https://openalex.org/W1467722294
https://openalex.org/W1582339002
https://openalex.org/W2017247060
https://openalex.org/W2086147988
https://openalex.org/W2114629186
https://openalex.org/W2161027665
https://openalex.org/W1639712251
https://openalex.org/W2137067675
https://openalex.org/W2131146395
https://openalex.org/W2468385423
https://openalex.org/W2111697684
https://openalex.org/W2163681914
https://openalex.org/W2090287625
https://openalex.org/W2101960519
https://openalex.org/W2164143412
https://openalex.org/W4297670645
https://openalex.org/W1974680744
https://openalex.org/W2000992437
https://openalex.org/W2005184654
https://openalex.org/W2019424112
https://openalex.org/W2087894213
https://openalex.org/W2153346995
https://openalex.org/W3092762305
https://openalex.org/W2129141528
https://openalex.org/W2280869311
https://openalex.org/W2742309698
https://openalex.org/W3092250464
https://openalex.org/W1575487317
https://openalex.org/W2096518250
https://openalex.org/W2143649531
https://openalex.org/W2150431143
https://openalex.org/W2002888277
https://openalex.org/W2021913731
https://openalex.org/W2089023997
https://openalex.org/W2591161505
https://openalex.org/W560362396
https://openalex.org/W2079754560
https://openalex.org/W2136245759
https://openalex.org/W2592135754
https://openalex.org/W2613171546
https://openalex.org/W2006538195
https://openalex.org/W2075801864
https://openalex.org/W2081532971
https://openalex.org/W2096338030
https://openalex.org/W1916983144
https://openalex.org/W2077684127
https://openalex.org/W2077786031
https://openalex.org/W2143271868
https://openalex.org/W2015095236
https://openalex.org/W2556080091
https://openalex.org/W2012063435
https://openalex.org/W2075732524
https://openalex.org/W1986319173
https://openalex.org/W1967407054
https://openalex.org/W2135611522
https://openalex.org/W2163886324
https://openalex.org/W2042310235
https://openalex.org/W2062555277
https://openalex.org/W2014253566
https://openalex.org/W2941324075
https://openalex.org/W1990776991
https://openalex.org/W2255326682
https://openalex.org/W2009035737
https://openalex.org/W2133788606
https://openalex.org/W2065623760
https://openalex.org/W2052058956
https://openalex.org/W2088371820
https://openalex.org/W2171313619
https://openalex.org/W2020163395
https://openalex.org/W2044672942
https://openalex.org/W2088302586
https://openalex.org/W2159605128
https://openalex.org/W1977137693
https://openalex.org/W1988057380
https://openalex.org/W2055555528
https://openalex.org/W2071289299
https://openalex.org/W2783985358
https://openalex.org/W2789361433
https://openalex.org/W1989512056
https://openalex.org/W1757444495
https://openalex.org/W1971938388
https://openalex.org/W2069279033
https://openalex.org/W2112760492
https://openalex.org/W2165111016
https://openalex.org/W2300592511
https://openalex.org/W1820666652
https://openalex.org/W2029793678
https://openalex.org/W2145925406
https://openalex.org/W2001762003
https://openalex.org/W2016596287
https://openalex.org/W2035667968
https://openalex.org/W2045266388
https://openalex.org/W2159885885
https://openalex.org/W3008855491
https://openalex.org/W1588988525
https://openalex.org/W2110219586
https://openalex.org/W2144802497
https://openalex.org/W2790448745
https://openalex.org/W1579724792
https://openalex.org/W1972937832
https://openalex.org/W1978029812
https://openalex.org/W1978471536
https://openalex.org/W1999535449
https://openalex.org/W2011013427
https://openalex.org/W2084986335
https://openalex.org/W3022089042
https://openalex.org/W1906304987
https://openalex.org/W2005150241
https://openalex.org/W202701716
https://openalex.org/W1963518320
https://openalex.org/W1997098864
https://openalex.org/W2008705212
https://openalex.org/W2026086662
https://openalex.org/W2299945326
https://openalex.org/W1973159288
https://openalex.org/W2083000121
https://openalex.org/W2095764447
https://openalex.org/W2113231429
https://openalex.org/W2330742316
https://openalex.org/W2010102081
https://openalex.org/W2057987522
https://openalex.org/W2105601853
https://openalex.org/W2125889316
https://openalex.org/W2386721483
https://openalex.org/W2806903112
https://openalex.org/W2948712291
https://openalex.org/W2001480650
https://openalex.org/W2053635924
https://openalex.org/W2061614344
https://openalex.org/W2768673582
https://openalex.org/W1607100760
https://openalex.org/W2028414694
https://openalex.org/W2037076884
https://openalex.org/W2062301600
https://openalex.org/W317788252
https://openalex.org/W1958612540
https://openalex.org/W1988007790
https://openalex.org/W2070521010
https://openalex.org/W2110831582
https://openalex.org/W1986527340
https://openalex.org/W2036005222
https://openalex.org/W2144083442
https://openalex.org/W2168964329
https://openalex.org/W3100810380
https://openalex.org/W1976636554
https://openalex.org/W2036448295
https://openalex.org/W2041872255
https://openalex.org/W2112966747
https://openalex.org/W2113303160
https://openalex.org/W2156494205
https://openalex.org/W1985884328
https://openalex.org/W2059307651
https://openalex.org/W2085972641
https://openalex.org/W2112629980
https://openalex.org/W2159332511
https://openalex.org/W2409538969
https://openalex.org/W3184169211
https://openalex.org/W2053783104
https://openalex.org/W2099544649
https://openalex.org/W2118135400
https://openalex.org/W2131743517
https://openalex.org/W2283921090
https://openalex.org/W1564268429
https://openalex.org/W1592149136
https://openalex.org/W2037076542
https://openalex.org/W2057008335
https://openalex.org/W2075356337
https://openalex.org/W2084604549
https://openalex.org/W2090974571
https://openalex.org/W2098029947
https://openalex.org/W2148920543
https://openalex.org/W2254386566
https://openalex.org/W4224942813
https://openalex.org/W117370420
https://openalex.org/W2037065721
https://openalex.org/W2125601441
https://openalex.org/W2269217719
https://openalex.org/W2790674042
https://openalex.org/W1977578928
https://openalex.org/W2273466720
https://openalex.org/W3132512179
https://openalex.org/W1957375239
https://openalex.org/W1987067655
https://openalex.org/W2000382463
https://openalex.org/W2056965696
https://openalex.org/W2061821717
https://openalex.org/W2095409772
https://openalex.org/W1980869398
https://openalex.org/W2008772754
https://openalex.org/W2020589546
https://openalex.org/W2087706340
https://openalex.org/W2294493477
https://openalex.org/W2903342493
https://openalex.org/W2009751681
https://openalex.org/W2027555766
https://openalex.org/W2082425581
https://openalex.org/W2117176829
https://openalex.org/W2147290479
https://openalex.org/W2149687705
https://openalex.org/W133449313
https://openalex.org/W2008697371
https://openalex.org/W2013921501
https://openalex.org/W2067688174
https://openalex.org/W2089053085
https://openalex.org/W2125389744
https://openalex.org/W2625969065
https://openalex.org/W1911708624
https://openalex.org/W1994747041
https://openalex.org/W2018414298
https://openalex.org/W204263419
https://openalex.org/W2055639948
https://openalex.org/W2059515487
https://openalex.org/W2059617927
https://openalex.org/W2068140004
https://openalex.org/W2078614437
https://openalex.org/W2104131294
https://openalex.org/W2122155256
https://openalex.org/W2131597871
https://openalex.org/W2165902247
https://openalex.org/W2169830687
https://openalex.org/W2333755772
https://openalex.org/W2408190872
https://openalex.org/W2517291540
https://openalex.org/W2610261021
https://openalex.org/W2766172571
https://openalex.org/W2808408940
https://openalex.org/W1561949950
https://openalex.org/W2079144200
https://openalex.org/W2098267166
https://openalex.org/W2144396359
https://openalex.org/W2164670162
https://openalex.org/W2412569385
https://openalex.org/W2463966278
https://openalex.org/W2923622055
https://openalex.org/W2980062057
https://openalex.org/W1985044394
https://openalex.org/W2000874693
https://openalex.org/W2045008422
https://openalex.org/W2145137278
https://openalex.org/W2171673991
https://openalex.org/W2213618112
https://openalex.org/W2409759054
https://openalex.org/W3045529483
https://openalex.org/W1150208253
https://openalex.org/W1965441887
https://openalex.org/W1969779212
https://openalex.org/W2045368868
https://openalex.org/W2104885622
https://openalex.org/W2110934492
https://openalex.org/W2120105884
https://openalex.org/W2129092523
https://openalex.org/W2131243747
https://openalex.org/W2278921713
https://openalex.org/W2343209860
https://openalex.org/W2952847594
https://openalex.org/W2004904354
https://openalex.org/W2025058501
https://openalex.org/W2073216215
https://openalex.org/W2515082055
https://openalex.org/W2565010590
https://openalex.org/W2617806029
https://openalex.org/W1971894480
https://openalex.org/W1975033372
https://openalex.org/W2004979394
https://openalex.org/W2144506623
https://openalex.org/W2565912540
https://openalex.org/W2805789418
https://openalex.org/W2887063969
https://openalex.org/W3177441967
https://openalex.org/W1536020477
https://openalex.org/W1996522507
https://openalex.org/W2036209260
https://openalex.org/W2050221685
https://openalex.org/W2088517709
https://openalex.org/W2133786708
https://openalex.org/W2169439949
https://openalex.org/W2253056939
https://openalex.org/W2322669667
https://openalex.org/W109867034
https://openalex.org/W2028849530
https://openalex.org/W2033973507
https://openalex.org/W2035454234
https://openalex.org/W2043225426
https://openalex.org/W2064417483
https://openalex.org/W2100055357
https://openalex.org/W2103753441
https://openalex.org/W2260469498
https://openalex.org/W4245294973
https://openalex.org/W1986074764
https://openalex.org/W2037067321
https://openalex.org/W2064043367
https://openalex.org/W2066241978
https://openalex.org/W2099650117
https://openalex.org/W2110455575
https://openalex.org/W2168387971
https://openalex.org/W2265091309
https://openalex.org/W2598848404
https://openalex.org/W1485805147
https://openalex.org/W1970146598
https://openalex.org/W1994372103
https://openalex.org/W1996786164
https://openalex.org/W2037284485
https://openalex.org/W2078886781
https://openalex.org/W2102017305
https://openalex.org/W2112317828
https://openalex.org/W2112467695
https://openalex.org/W2157725749
https://openalex.org/W2319447109
https://openalex.org/W2610804525
https://openalex.org/W2756881422
https://openalex.org/W2795103548
https://openalex.org/W2795330850
https://openalex.org/W2888809477
https://openalex.org/W3097431453
https://openalex.org/W1575346591
https://openalex.org/W1964511584
https://openalex.org/W1993141660
https://openalex.org/W2047401978
https://openalex.org/W2065458406
https://openalex.org/W2066823977
https://openalex.org/W2076154095
https://openalex.org/W2108523900
https://openalex.org/W2896317211
https://openalex.org/W1968815728
https://openalex.org/W1976492911
https://openalex.org/W1986843757
https://openalex.org/W2013754528
https://openalex.org/W2039901162
https://openalex.org/W2041340424
https://openalex.org/W2069461444
https://openalex.org/W2086749219
https://openalex.org/W2134642798
https://openalex.org/W2339183054
https://openalex.org/W2346789282
https://openalex.org/W2467229469
https://openalex.org/W3173389157
https://openalex.org/W1968301260
https://openalex.org/W1995457775
https://openalex.org/W2010007473
https://openalex.org/W2036320395
https://openalex.org/W2087637983
https://openalex.org/W2132396932
https://openalex.org/W2316416167
https://openalex.org/W2440066483
https://openalex.org/W2006975059
https://openalex.org/W2074481726
https://openalex.org/W1997660838
https://openalex.org/W2028443860
https://openalex.org/W2061037159
https://openalex.org/W2490634058
https://openalex.org/W2889656921
https://openalex.org/W3163854542
https://openalex.org/W1502779700
https://openalex.org/W1585102704
https://openalex.org/W2046929939
https://openalex.org/W2078484801
https://openalex.org/W2103533222
https://openalex.org/W2165461639
https://openalex.org/W2276756952
https://openalex.org/W2519393083
https://openalex.org/W1915410131
https://openalex.org/W1942204866
https://openalex.org/W1992514603
https://openalex.org/W2006701916
https://openalex.org/W2022191855
https://openalex.org/W2059975829
https://openalex.org/W2065911568
https://openalex.org/W2071941929
https://openalex.org/W2075775451
https://openalex.org/W2090222685
https://openalex.org/W2098423565
https://openalex.org/W2099857584
https://openalex.org/W2123283965
https://openalex.org/W2982773910
https://openalex.org/W2990688728
https://openalex.org/W4238725841
https://openalex.org/W1981930120
https://openalex.org/W2001685178
https://openalex.org/W2014791503
https://openalex.org/W2060574974
https://openalex.org/W2061886302
https://openalex.org/W2095451912
https://openalex.org/W2100109186
https://openalex.org/W2112484989
https://openalex.org/W2112945498
https://openalex.org/W2115996670
https://openalex.org/W2143533116
https://openalex.org/W2240881457
https://openalex.org/W2303497835
https://openalex.org/W2413587463
https://openalex.org/W2767092374
https://openalex.org/W2917101600
https://openalex.org/W3192299379
https://openalex.org/W1564480246
https://openalex.org/W2027385693
https://openalex.org/W2030061187
https://openalex.org/W2039343577
https://openalex.org/W2063144465
https://openalex.org/W2112013131
https://openalex.org/W2122197188
https://openalex.org/W2337532621
https://openalex.org/W2903435053
https://openalex.org/W1969832090
https://openalex.org/W1979779875
https://openalex.org/W1981064244
https://openalex.org/W1983475214
https://openalex.org/W1996561255
https://openalex.org/W2088534687
https://openalex.org/W2089896660
https://openalex.org/W2095713049
https://openalex.org/W2097696131
https://openalex.org/W2100612205
https://openalex.org/W2134163298
https://openalex.org/W2136503661
https://openalex.org/W2194616187
https://openalex.org/W2284572910
https://openalex.org/W2291868784
https://openalex.org/W2321181487
https://openalex.org/W2333495832
https://openalex.org/W3195743109
https://openalex.org/W1512716475
https://openalex.org/W1966214427
https://openalex.org/W1968645188
https://openalex.org/W1989045697
https://openalex.org/W1992750667
https://openalex.org/W2110134768
https://openalex.org/W2136789500
https://openalex.org/W2159332128
https://openalex.org/W2161329106
https://openalex.org/W2293671377
https://openalex.org/W2324767719
https://openalex.org/W3044387220
https://openalex.org/W4236633023
https://openalex.org/W1121313017
https://openalex.org/W1978106259
https://openalex.org/W2037042857
https://openalex.org/W2037659725
https://openalex.org/W2045137676
https://openalex.org/W2061209182
https://openalex.org/W2063330398
https://openalex.org/W2099181962
https://openalex.org/W2125252512
https://openalex.org/W2142645089
https://openalex.org/W2464750371
https://openalex.org/W2516312312
https://openalex.org/W2569496797
https://openalex.org/W2783467487
https://openalex.org/W2889787113
https://openalex.org/W1587971800
https://openalex.org/W1972431219
https://openalex.org/W1975043915
https://openalex.org/W1979519989
https://openalex.org/W1999895738
https://openalex.org/W2002426844
https://openalex.org/W2014639796
https://openalex.org/W2020956236
https://openalex.org/W2025527455
https://openalex.org/W2060909758
https://openalex.org/W2064106548
https://openalex.org/W2068770638
https://openalex.org/W2070706779
https://openalex.org/W2082207832
https://openalex.org/W2093322643
https://openalex.org/W2093873373
https://openalex.org/W2328863577
https://openalex.org/W1262539584
https://openalex.org/W1969772321
https://openalex.org/W1974621295
https://openalex.org/W1975132339
https://openalex.org/W1985626703
https://openalex.org/W1997468851
https://openalex.org/W2007946052
https://openalex.org/W2034238213
https://openalex.org/W2044210187
https://openalex.org/W2102324944
https://openalex.org/W2104671848
https://openalex.org/W2132526039
https://openalex.org/W2143942715
https://openalex.org/W2158038414
https://openalex.org/W2749574427
https://openalex.org/W2805224551
https://openalex.org/W1492247165
https://openalex.org/W1558608907
https://openalex.org/W2002680697
https://openalex.org/W2007911882
https://openalex.org/W2016518924
https://openalex.org/W2020071090
https://openalex.org/W2026669787
https://openalex.org/W2075617189
https://openalex.org/W2109430427
https://openalex.org/W2138484777
https://openalex.org/W2146209127
https://openalex.org/W2315778709
https://openalex.org/W2324626178
https://openalex.org/W2514004462
https://openalex.org/W2980964793
https://openalex.org/W3165061048
https://openalex.org/W1975982713
https://openalex.org/W1979159656
https://openalex.org/W2037844266
https://openalex.org/W2051442033
https://openalex.org/W2051589388
https://openalex.org/W2053133255
https://openalex.org/W2054082864
https://openalex.org/W2071817274
https://openalex.org/W2136011221
https://openalex.org/W2166193445
https://openalex.org/W2166835439
https://openalex.org/W2167310020
https://openalex.org/W2320351732
https://openalex.org/W2375258435
https://openalex.org/W2782013549
https://openalex.org/W2788227755
https://openalex.org/W3161839506
https://openalex.org/W4256363845
https://openalex.org/W145875014
https://openalex.org/W1622706355
https://openalex.org/W1967705818
https://openalex.org/W1975815652
https://openalex.org/W1994928630
https://openalex.org/W1998314118
https://openalex.org/W2034963333
https://openalex.org/W2085689299
https://openalex.org/W2109995050
https://openalex.org/W2133046205
https://openalex.org/W2133767420
https://openalex.org/W2140059796
https://openalex.org/W2148822895
https://openalex.org/W2556841540
https://openalex.org/W2765974257
https://openalex.org/W1970706026
https://openalex.org/W1976525846
https://openalex.org/W1976529806
https://openalex.org/W2001340188
https://openalex.org/W2029309882
https://openalex.org/W2036670480
https://openalex.org/W2074942785
https://openalex.org/W2080765716
https://openalex.org/W2088947036
https://openalex.org/W2112950275
https://openalex.org/W2116147619
https://openalex.org/W2132084963
https://openalex.org/W2134046798
https://openalex.org/W2134525279
https://openalex.org/W2151129193
https://openalex.org/W2219751183
https://openalex.org/W2912667515
https://openalex.org/W2959873724
https://openalex.org/W313978006
https://openalex.org/W3157552711
https://openalex.org/W3197125438
https://openalex.org/W1594501889
https://openalex.org/W1753908217
https://openalex.org/W1848850396
https://openalex.org/W1969495396
https://openalex.org/W1976973308
https://openalex.org/W2022244644
https://openalex.org/W2028248934
https://openalex.org/W2035622717
https://openalex.org/W2055273880
https://openalex.org/W2087857265
https://openalex.org/W2148492588
https://openalex.org/W2524290661
https://openalex.org/W2530797145
https://openalex.org/W2793319294
https://openalex.org/W2807188481
https://openalex.org/W2924151456
https://openalex.org/W2933251214
https://openalex.org/W3044057891
https://openalex.org/W3108186512
https://openalex.org/W1554638058
https://openalex.org/W178523642
https://openalex.org/W1927300831
https://openalex.org/W1962505413
https://openalex.org/W1972560542
https://openalex.org/W1985271737
https://openalex.org/W1987817349
https://openalex.org/W2004210109
https://openalex.org/W2039266443
https://openalex.org/W2044640134
https://openalex.org/W2047787627
https://openalex.org/W2061580335
https://openalex.org/W2070933000
https://openalex.org/W2081939180
https://openalex.org/W2105017262
https://openalex.org/W2125995804
https://openalex.org/W2127849227
https://openalex.org/W2145033511
https://openalex.org/W2145873531
https://openalex.org/W2150123178
https://openalex.org/W2166076134
https://openalex.org/W2299851062
https://openalex.org/W2538393912
https://openalex.org/W2773563175
https://openalex.org/W2777716239
https://openalex.org/W2796468517
https://openalex.org/W2982585716
https://openalex.org/W1496794738
https://openalex.org/W1875521842
https://openalex.org/W1977048802
https://openalex.org/W1999091261
https://openalex.org/W2013597937
https://openalex.org/W2032725923
https://openalex.org/W2037902867
https://openalex.org/W2044209579
https://openalex.org/W2050152799
https://openalex.org/W2055825345
https://openalex.org/W2070889253
https://openalex.org/W2112289306
https://openalex.org/W2112577492
https://openalex.org/W2113681251
https://openalex.org/W2159114055
https://openalex.org/W2437120591
https://openalex.org/W2478846559
https://openalex.org/W3021537670
https://openalex.org/W3047043647
https://openalex.org/W1748709546
https://openalex.org/W1912569011
https://openalex.org/W1973210354
https://openalex.org/W1987554679
https://openalex.org/W1993977959
https://openalex.org/W2011625470
https://openalex.org/W2046009952
https://openalex.org/W2053039268
https://openalex.org/W2056800308
https://openalex.org/W2083695105
https://openalex.org/W2103233384
https://openalex.org/W2107247956
https://openalex.org/W2126950565
https://openalex.org/W2275362999
https://openalex.org/W2283750618
https://openalex.org/W2472388901
https://openalex.org/W2491175549
https://openalex.org/W2797606351
https://openalex.org/W3045485528
https://openalex.org/W1589524445
https://openalex.org/W1845285195
https://openalex.org/W1963932041
https://openalex.org/W1992647248
https://openalex.org/W2009911524
https://openalex.org/W2026330000
https://openalex.org/W2031771225
https://openalex.org/W2041725399
https://openalex.org/W2077769899
https://openalex.org/W2098170865
https://openalex.org/W2106602504
https://openalex.org/W2115630027
https://openalex.org/W2145054067
https://openalex.org/W2147680695
https://openalex.org/W2164277023
https://openalex.org/W2191929286
https://openalex.org/W2260435046
https://openalex.org/W2300110679
https://openalex.org/W2411194757
https://openalex.org/W2461245110
https://openalex.org/W2748972541
https://openalex.org/W2767569514
https://openalex.org/W3000573092
https://openalex.org/W3094163814
https://openalex.org/W3162770821
https://openalex.org/W2017420162
https://openalex.org/W2018692475
https://openalex.org/W2036991031
https://openalex.org/W2040302385
https://openalex.org/W2072589978
https://openalex.org/W2091001607
https://openalex.org/W2118918959
https://openalex.org/W2146089884
https://openalex.org/W2155605396
https://openalex.org/W2162026150
https://openalex.org/W2433567781
https://openalex.org/W2742471933
https://openalex.org/W2753962236
https://openalex.org/W3004981370
https://openalex.org/W3033586927
https://openalex.org/W2002378950
https://openalex.org/W2002979350
https://openalex.org/W2044647202
https://openalex.org/W2050552292
https://openalex.org/W2054488949
https://openalex.org/W2074631085
https://openalex.org/W2080383499
https://openalex.org/W2086882492
https://openalex.org/W2100204360
https://openalex.org/W2132187229
https://openalex.org/W2139184292
https://openalex.org/W2326781889
https://openalex.org/W2342707006
https://openalex.org/W2425642209
https://openalex.org/W2464826294
https://openalex.org/W2485752716
https://openalex.org/W2613546953
https://openalex.org/W2765625472
https://openalex.org/W2770520027
https://openalex.org/W2804822570
https://openalex.org/W2896688625
https://openalex.org/W3126240380
https://openalex.org/W1550013254
https://openalex.org/W1985498033
https://openalex.org/W1995211278
https://openalex.org/W1997033199
https://openalex.org/W2011205692
https://openalex.org/W2013028838
https://openalex.org/W2017339261
https://openalex.org/W2021043171
https://openalex.org/W2038405080
https://openalex.org/W2050273235
https://openalex.org/W2075120406
https://openalex.org/W2079730995
https://openalex.org/W2090666489
https://openalex.org/W2092459409
https://openalex.org/W2117393673
https://openalex.org/W2167146272
https://openalex.org/W2224362093
https://openalex.org/W271336391
https://openalex.org/W2974472308
https://openalex.org/W2982402070
https://openalex.org/W4229450998
https://openalex.org/W434219304
https://openalex.org/W69975672
https://openalex.org/W1502030433
https://openalex.org/W1913531803
https://openalex.org/W1966562312
https://openalex.org/W1974617043
https://openalex.org/W1984821862
https://openalex.org/W2041094409
https://openalex.org/W2041939334
https://openalex.org/W2064656629
https://openalex.org/W2070689041
https://openalex.org/W2078368221
https://openalex.org/W2093532500
https://openalex.org/W2132465111
https://openalex.org/W2139822989
https://openalex.org/W2142617751
https://openalex.org/W2145035860
https://openalex.org/W2514906437
https://openalex.org/W2612074899
https://openalex.org/W2772253366
https://openalex.org/W2780288258
https://openalex.org/W2887297052
https://openalex.org/W2942673276
https://openalex.org/W1524896367
https://openalex.org/W1672244774
https://openalex.org/W1970891230
https://openalex.org/W1977845413
https://openalex.org/W1995107574
https://openalex.org/W2007470435
https://openalex.org/W2114484980
https://openalex.org/W2124108019
https://openalex.org/W2165696769
https://openalex.org/W2170266092
https://openalex.org/W2336891991
https://openalex.org/W2925936395
https://openalex.org/W1972015499
https://openalex.org/W1994662955
https://openalex.org/W2028356640
https://openalex.org/W2049813017
https://openalex.org/W2050633159
https://openalex.org/W2053652796
https://openalex.org/W2061600058
https://openalex.org/W2117412499
https://openalex.org/W2180304118
https://openalex.org/W2269227149
https://openalex.org/W2293050312
https://openalex.org/W275262341
https://openalex.org/W2753634916
https://openalex.org/W2962236287
https://openalex.org/W3018479728
https://openalex.org/W92551970
https://openalex.org/W1965755884
https://openalex.org/W1982458691
https://openalex.org/W2010071160
https://openalex.org/W2020977082
https://openalex.org/W2023123936
https://openalex.org/W2024332104
https://openalex.org/W2047874363
https://openalex.org/W2060134597
https://openalex.org/W2062339695
https://openalex.org/W2065201665
https://openalex.org/W2065974829
https://openalex.org/W2075004133
https://openalex.org/W2089420566
https://openalex.org/W2161014486
https://openalex.org/W2172621639
https://openalex.org/W2294328382
https://openalex.org/W2398060177
https://openalex.org/W2557204062
https://openalex.org/W2790420596
https://openalex.org/W2809321920
https://openalex.org/W2905469932
https://openalex.org/W2998199538
https://openalex.org/W3125879115
https://openalex.org/W102582930
https://openalex.org/W1919530160
https://openalex.org/W1924876820
https://openalex.org/W1969062126
https://openalex.org/W1977572906
https://openalex.org/W1992266762
https://openalex.org/W1992288140
https://openalex.org/W2016404176
https://openalex.org/W2020712816
https://openalex.org/W2026119437
https://openalex.org/W2026450327
https://openalex.org/W2030697143
https://openalex.org/W2032587102
https://openalex.org/W2091089230
https://openalex.org/W2091105048
https://openalex.org/W2091806191
https://openalex.org/W2106568932
https://openalex.org/W2147264352
https://openalex.org/W2152993473
https://openalex.org/W2156722900
https://openalex.org/W2276069149
https://openalex.org/W2403514433
https://openalex.org/W2412867202
https://openalex.org/W2598727203
https://openalex.org/W2922117401
https://openalex.org/W2950023551
https://openalex.org/W298191944
https://openalex.org/W3159593160
https://openalex.org/W1490400364
https://openalex.org/W1802317189
https://openalex.org/W1819294471
https://openalex.org/W1852663446
https://openalex.org/W1977395783
https://openalex.org/W1979306796
https://openalex.org/W1979548282
https://openalex.org/W1987388786
https://openalex.org/W1991648961
https://openalex.org/W2019312853
https://openalex.org/W2022058311
https://openalex.org/W2033283364
https://openalex.org/W2079575700
https://openalex.org/W2088050206
https://openalex.org/W2091170056
https://openalex.org/W2130620143
https://openalex.org/W2158558422
https://openalex.org/W2163737978
https://openalex.org/W2321363556
https://openalex.org/W2418014508
https://openalex.org/W2440414742
https://openalex.org/W2571232722
https://openalex.org/W2586723043
https://openalex.org/W2745119305
https://openalex.org/W2751247007
https://openalex.org/W2757146030
https://openalex.org/W2806409874
https://openalex.org/W2969646352
https://openalex.org/W3200718498
https://openalex.org/W144195014
https://openalex.org/W1913193083
https://openalex.org/W2009636694
https://openalex.org/W2029601278
https://openalex.org/W2031067565
https://openalex.org/W2043432383
https://openalex.org/W2056837122
https://openalex.org/W2064074935
https://openalex.org/W2065415514
https://openalex.org/W2072715830
https://openalex.org/W2101999539
https://openalex.org/W2108645499
https://openalex.org/W2143762051
https://openalex.org/W2171817152
https://openalex.org/W2234084586
https://openalex.org/W2255556454
https://openalex.org/W2322820891
https://openalex.org/W2539114594
https://openalex.org/W2743229971
https://openalex.org/W2809332269
https://openalex.org/W2809750595
https://openalex.org/W2886214775
https://openalex.org/W2908300215
https://openalex.org/W3046296732
https://openalex.org/W3087063757
https://openalex.org/W3130589515
https://openalex.org/W3191204346
https://openalex.org/W1539927167
https://openalex.org/W1601142581
https://openalex.org/W170773976
https://openalex.org/W1965948046
https://openalex.org/W1966792553
https://openalex.org/W1992625625
https://openalex.org/W1999072326
https://openalex.org/W2007636536
https://openalex.org/W2040289008
https://openalex.org/W2045584635
https://openalex.org/W2062214774
https://openalex.org/W2063014648
https://openalex.org/W2068495621
https://openalex.org/W2091874652
https://openalex.org/W2093378061
https://openalex.org/W2096115467
https://openalex.org/W2106067581
https://openalex.org/W2157912873
https://openalex.org/W2169257843
https://openalex.org/W2181086453
https://openalex.org/W2208606346
https://openalex.org/W2262081650
https://openalex.org/W2410634252
https://openalex.org/W2467687645
https://openalex.org/W2529056726
https://openalex.org/W2791884959
https://openalex.org/W2799601928
https://openalex.org/W2943552351
https://openalex.org/W2983545837
https://openalex.org/W2991676973
https://openalex.org/W2997617006
https://openalex.org/W3085685059
https://openalex.org/W1488018404
https://openalex.org/W1949733064
https://openalex.org/W1989214918
https://openalex.org/W1996888955
https://openalex.org/W2003010475
https://openalex.org/W2007253851
https://openalex.org/W2011025636
https://openalex.org/W2028399135
https://openalex.org/W2049726009
https://openalex.org/W2077331080
https://openalex.org/W2149923206
https://openalex.org/W2256841740
https://openalex.org/W2397800598
https://openalex.org/W2404760708
https://openalex.org/W2467890157
https://openalex.org/W2486128254
https://openalex.org/W2514840239
https://openalex.org/W2528578363
https://openalex.org/W2729597877
https://openalex.org/W2805039207
https://openalex.org/W2897025863
https://openalex.org/W1528226355
https://openalex.org/W1568539246
https://openalex.org/W1684595596
https://openalex.org/W1939493761
https://openalex.org/W1975443347
https://openalex.org/W1984458089
https://openalex.org/W1987030843
https://openalex.org/W2007775570
https://openalex.org/W2007919305
https://openalex.org/W2026923160
https://openalex.org/W2028298107
https://openalex.org/W2036150210
https://openalex.org/W2076059207
https://openalex.org/W2084874663
https://openalex.org/W2087396240
https://openalex.org/W2087940863
https://openalex.org/W2096590942
https://openalex.org/W2118133360
https://openalex.org/W2123645883
https://openalex.org/W2127249075
https://openalex.org/W2136464071
https://openalex.org/W2150699802
https://openalex.org/W2169609709
https://openalex.org/W2492549812
https://openalex.org/W2514334447
https://openalex.org/W2756061702
https://openalex.org/W2772007866
https://openalex.org/W2793616861
https://openalex.org/W2896372660
https://openalex.org/W2967992028
https://openalex.org/W3003486459
https://openalex.org/W3014120680
https://openalex.org/W3020197691
https://openalex.org/W3035792607
https://openalex.org/W3047454941
https://openalex.org/W3080622028
https://openalex.org/W3132437759
https://openalex.org/W3209375552
https://openalex.org/W3216932204
https://openalex.org/W4210623407
https://openalex.org/W4211055995
https://openalex.org/W4253217220
https://openalex.org/W73964433
https://openalex.org/W1512682356
https://openalex.org/W1518883343
https://openalex.org/W1965054709
https://openalex.org/W1973816768
https://openalex.org/W1975172291
https://openalex.org/W1980048143
https://openalex.org/W1988294212
https://openalex.org/W1988609423
https://openalex.org/W1998434029
https://openalex.org/W2003692488
https://openalex.org/W2006236789
https://openalex.org/W2011761945
https://openalex.org/W2012091027
https://openalex.org/W2022537620
https://openalex.org/W2024885074
https://openalex.org/W2032250159
https://openalex.org/W2032427033
https://openalex.org/W2037774554
https://openalex.org/W2037835894
https://openalex.org/W2038933021
https://openalex.org/W2041687431
https://openalex.org/W2049446688
https://openalex.org/W2058712026
https://openalex.org/W2066838338
https://openalex.org/W2067378410
https://openalex.org/W2074940601
https://openalex.org/W2078187543
https://openalex.org/W2081672220
https://openalex.org/W2082786004
https://openalex.org/W2085065812
https://openalex.org/W2085930485
https://openalex.org/W2086965567
https://openalex.org/W2089424449
https://openalex.org/W2105361297
https://openalex.org/W2111755625
https://openalex.org/W2122449746
https://openalex.org/W2128975718
https://openalex.org/W2129077270
https://openalex.org/W2167305722
https://openalex.org/W2275307117
https://openalex.org/W2317565215
https://openalex.org/W2321923603
https://openalex.org/W2406456772
https://openalex.org/W2531683351
https://openalex.org/W2612366496
https://openalex.org/W2620682544
https://openalex.org/W2748840293
https://openalex.org/W2886526701
https://openalex.org/W2943593734
https://openalex.org/W3016201069
https://openalex.org/W4206280627
https://openalex.org/W4226162365
https://openalex.org/W4229334736
https://openalex.org/W4285590263
https://openalex.org/W1534162622
https://openalex.org/W1551738436
https://openalex.org/W1840876247
https://openalex.org/W1957793625
https://openalex.org/W1970677315
https://openalex.org/W1971947525
https://openalex.org/W1977544476
https://openalex.org/W1983417396
https://openalex.org/W1984762014
https://openalex.org/W2001451013
https://openalex.org/W2005327766
https://openalex.org/W2009502870
https://openalex.org/W2019960565
https://openalex.org/W2020719534
https://openalex.org/W2025720024
https://openalex.org/W2030721567
https://openalex.org/W2039376160
https://openalex.org/W2052681641
https://openalex.org/W2059091284
https://openalex.org/W2078752995
https://openalex.org/W2092238684
https://openalex.org/W2096248584
https://openalex.org/W2125878642
https://openalex.org/W2140166745
https://openalex.org/W2144217320
https://openalex.org/W2147305567
https://openalex.org/W2186476282
https://openalex.org/W2208906706
https://openalex.org/W222858131
https://openalex.org/W2325300898
https://openalex.org/W2394995009
https://openalex.org/W2396340322
https://openalex.org/W2404597969
https://openalex.org/W2411068105
https://openalex.org/W2412677657
https://openalex.org/W2415422054
https://openalex.org/W2588521069
https://openalex.org/W2606104326
https://openalex.org/W2608498004
https://openalex.org/W2748988944
https://openalex.org/W2793159034
https://openalex.org/W2902443260
https://openalex.org/W2924733339
https://openalex.org/W2945940935
https://openalex.org/W2957346909
https://openalex.org/W3042206301
https://openalex.org/W3046900064
https://openalex.org/W3115023683
https://openalex.org/W4256286029
https://openalex.org/W1502005254
https://openalex.org/W1570778944
https://openalex.org/W1948390230
https://openalex.org/W1984047323
https://openalex.org/W1987622786
https://openalex.org/W1993910502
https://openalex.org/W2014093569
https://openalex.org/W2014849430
https://openalex.org/W2026925885
https://openalex.org/W2029345786
https://openalex.org/W2033070852
https://openalex.org/W2051771346
https://openalex.org/W2054008368
https://openalex.org/W2060545249
https://openalex.org/W2077695829
https://openalex.org/W2088053819
https://openalex.org/W2110378880
https://openalex.org/W2112138392
https://openalex.org/W2128055323
https://openalex.org/W2129443319
https://openalex.org/W2133451777
https://openalex.org/W2159291538
https://openalex.org/W2319840877
https://openalex.org/W2322535017
https://openalex.org/W2428294688
https://openalex.org/W2515506870
https://openalex.org/W2588059875
https://openalex.org/W2737797226
https://openalex.org/W2746919805
https://openalex.org/W2773599197
https://openalex.org/W2790230739
https://openalex.org/W2885542185
https://openalex.org/W294696112
https://openalex.org/W2970941662
https://openalex.org/W3000541821
https://openalex.org/W3092652092
https://openalex.org/W3102100486
https://openalex.org/W3124968557
https://openalex.org/W3136028175
https://openalex.org/W3201853605
https://openalex.org/W4214933591
https://openalex.org/W76944170
https://openalex.org/W104310875
https://openalex.org/W1490251559
https://openalex.org/W1493753189
https://openalex.org/W1501544998
https://openalex.org/W1591194191
https://openalex.org/W1964959065
https://openalex.org/W1967555109
https://openalex.org/W1972258436
https://openalex.org/W1978008404
https://openalex.org/W1990369819
https://openalex.org/W1991651726
https://openalex.org/W2001106699
https://openalex.org/W2011892676
https://openalex.org/W2020180303
https://openalex.org/W2025349694
https://openalex.org/W2026478993
https://openalex.org/W2038684806
https://openalex.org/W2041309119
https://openalex.org/W2052061168
https://openalex.org/W2057759352
https://openalex.org/W2060013152
https://openalex.org/W2070443752
https://openalex.org/W2075482662
https://openalex.org/W2082547458
https://openalex.org/W2107441494
https://openalex.org/W2118726952
https://openalex.org/W2128509575
https://openalex.org/W2134019450
https://openalex.org/W2153041807
https://openalex.org/W2170118629
https://openalex.org/W2328194693
https://openalex.org/W2396460101
https://openalex.org/W2474709778
https://openalex.org/W2517604560
https://openalex.org/W2759943049
https://openalex.org/W2804310782
https://openalex.org/W2893666234
https://openalex.org/W2904973615
https://openalex.org/W3010843852
https://openalex.org/W3033909957
https://openalex.org/W3034190030
https://openalex.org/W3037959615
https://openalex.org/W3095609420
https://openalex.org/W3196298276
https://openalex.org/W4236427249
https://openalex.org/W4250945385
https://openalex.org/W4255211222
https://openalex.org/W4280637263
https://openalex.org/W4290241575
https://openalex.org/W4301905134
https://openalex.org/W634533173
https://openalex.org/W115857969
https://openalex.org/W1566238726
https://openalex.org/W1757467456
https://openalex.org/W1774801119
https://openalex.org/W1958058901
https://openalex.org/W1969126303
https://openalex.org/W1977120748
https://openalex.org/W1979745719
https://openalex.org/W1987830070
https://openalex.org/W2003605444
https://openalex.org/W2004432845
https://openalex.org/W2015898631
https://openalex.org/W2016473539
https://openalex.org/W2018707557
https://openalex.org/W2022215486
https://openalex.org/W2030349441
https://openalex.org/W2047268053
https://openalex.org/W2049874432
https://openalex.org/W2056323561
https://openalex.org/W2063490039
https://openalex.org/W2064419459
https://openalex.org/W2073397646
https://openalex.org/W2074040158
https://openalex.org/W2080997911
https://openalex.org/W2082049257
https://openalex.org/W2083727495
https://openalex.org/W2088503384
https://openalex.org/W2113966015
https://openalex.org/W2118574571
https://openalex.org/W2144418342
https://openalex.org/W2146040798
https://openalex.org/W2156557223
https://openalex.org/W2318488092
https://openalex.org/W2331593009
https://openalex.org/W2336225290
https://openalex.org/W2472973002
https://openalex.org/W2494921624
https://openalex.org/W2508184105
https://openalex.org/W2557185850
https://openalex.org/W2639976476
https://openalex.org/W2795281349
https://openalex.org/W2889860282
https://openalex.org/W2896739208
https://openalex.org/W2944447614
https://openalex.org/W2955266833
https://openalex.org/W2980488760
https://openalex.org/W2980590270
https://openalex.org/W301339426
https://openalex.org/W3091769857
https://openalex.org/W3111302214
https://openalex.org/W3165415903
https://openalex.org/W3169361417
https://openalex.org/W3200475073
https://openalex.org/W4220849907
https://openalex.org/W4281715961
https://openalex.org/W1574144697
https://openalex.org/W1675537276
https://openalex.org/W1968229989
https://openalex.org/W1972557217
https://openalex.org/W1973607014
https://openalex.org/W1974037212
https://openalex.org/W1975369468
https://openalex.org/W1978252671
https://openalex.org/W1985072774
https://openalex.org/W1991436636
https://openalex.org/W1991780176
https://openalex.org/W2002107055
https://openalex.org/W2002868680
https://openalex.org/W2011980021
https://openalex.org/W2016465570
https://openalex.org/W2018395569
https://openalex.org/W2023860118
https://openalex.org/W2029168343
https://openalex.org/W2030092076
https://openalex.org/W2034922249
https://openalex.org/W2035426738
https://openalex.org/W2044231542
https://openalex.org/W2045828705
https://openalex.org/W2046607403
https://openalex.org/W2049256340
https://openalex.org/W2055137150
https://openalex.org/W2060537458
https://openalex.org/W2065901755
https://openalex.org/W2066179497
https://openalex.org/W2076209502
https://openalex.org/W208422597
https://openalex.org/W2089222225
https://openalex.org/W2093365842
https://openalex.org/W2093461767
https://openalex.org/W2098451349
https://openalex.org/W2102423503
https://openalex.org/W2132880845
https://openalex.org/W2133114011
https://openalex.org/W2165886365
https://openalex.org/W2170007299
https://openalex.org/W2297391981
https://openalex.org/W2326236380
https://openalex.org/W2330950310
https://openalex.org/W2334177131
https://openalex.org/W2406207961
https://openalex.org/W2510415853
https://openalex.org/W253502672
https://openalex.org/W2763892440
https://openalex.org/W2975240770
https://openalex.org/W2999089337
https://openalex.org/W3017834979
https://openalex.org/W3041146351
https://openalex.org/W3042955157
https://openalex.org/W3162287507
https://openalex.org/W3164602626
https://openalex.org/W3175906129
https://openalex.org/W3197333135
https://openalex.org/W4205908898
https://openalex.org/W4220680155
https://openalex.org/W4226067533
https://openalex.org/W4308489819
https://openalex.org/W1140672255
https://openalex.org/W1548004076
https://openalex.org/W1575756433
https://openalex.org/W1641132064
https://openalex.org/W1949571784
https://openalex.org/W1965072113
https://openalex.org/W1966659854
https://openalex.org/W1967472115
https://openalex.org/W1988854474
https://openalex.org/W2011046343
https://openalex.org/W2019531697
https://openalex.org/W2036351949
https://openalex.org/W205962732
https://openalex.org/W2061443372
https://openalex.org/W2078947447
https://openalex.org/W2092537403
https://openalex.org/W2098217760
https://openalex.org/W2109481958
https://openalex.org/W2127320339
https://openalex.org/W2134340052
https://openalex.org/W2154603053
https://openalex.org/W2166634133
https://openalex.org/W2271510518
https://openalex.org/W2314989621
https://openalex.org/W2344743320
https://openalex.org/W2410418760
https://openalex.org/W2414347692
https://openalex.org/W2560170147
https://openalex.org/W2563728193
https://openalex.org/W2572193371
https://openalex.org/W2573401785
https://openalex.org/W2608739129
https://openalex.org/W2619768326
https://openalex.org/W2735606443
https://openalex.org/W2791724167
https://openalex.org/W2811123428
https://openalex.org/W2917729279
https://openalex.org/W2921536524
https://openalex.org/W2924104027
https://openalex.org/W2944254832
https://openalex.org/W2949092261
https://openalex.org/W3014633701
https://openalex.org/W3016781943
https://openalex.org/W3027062796
https://openalex.org/W3139221800
https://openalex.org/W3144595160
https://openalex.org/W3202478165
https://openalex.org/W4210874381
https://openalex.org/W4220666569
https://openalex.org/W4242677464
https://openalex.org/W4285589540
https://openalex.org/W4292808902
https://openalex.org/W4311696297
https://openalex.org/W63086096
https://openalex.org/W99024598
https://openalex.org/W1012068175
https://openalex.org/W1535740294
https://openalex.org/W1570757389
https://openalex.org/W1747302502
https://openalex.org/W182779998
https://openalex.org/W1980236309
https://openalex.org/W1980661035
https://openalex.org/W1981928136
https://openalex.org/W1996815051
https://openalex.org/W1999904139
https://openalex.org/W2011566084
https://openalex.org/W2024638029
https://openalex.org/W2026953710
https://openalex.org/W2040583933
https://openalex.org/W2049251358
https://openalex.org/W2049472571
https://openalex.org/W2051043880
https://openalex.org/W2051348176
https://openalex.org/W2058045584
https://openalex.org/W2058962301
https://openalex.org/W2073827078
https://openalex.org/W2075026253
https://openalex.org/W2081337170
https://openalex.org/W2084528676
https://openalex.org/W2103390777
https://openalex.org/W2105902446
https://openalex.org/W2118120518
https://openalex.org/W2124393549
https://openalex.org/W2142699932
https://openalex.org/W2147656781
https://openalex.org/W2174323117
https://openalex.org/W2190650244
https://openalex.org/W2230111957
https://openalex.org/W2253657147
https://openalex.org/W2255012919
https://openalex.org/W2271618485
https://openalex.org/W2275942404
https://openalex.org/W2298662927
https://openalex.org/W235258183
https://openalex.org/W2418939184
https://openalex.org/W2534027554
https://openalex.org/W2538498046
https://openalex.org/W2591461720
https://openalex.org/W2592806593
https://openalex.org/W2789384930
https://openalex.org/W2793051659
https://openalex.org/W2904347138
https://openalex.org/W2941618472
https://openalex.org/W2944747161
https://openalex.org/W2948579296
https://openalex.org/W2981412700
https://openalex.org/W2989089619
https://openalex.org/W3032672797
https://openalex.org/W3037763002
https://openalex.org/W3087930705
https://openalex.org/W3096710589
https://openalex.org/W3102332556
https://openalex.org/W3119904348
https://openalex.org/W3120529611
https://openalex.org/W3135260770
https://openalex.org/W3183082425
https://openalex.org/W3198506918
https://openalex.org/W3203817900
https://openalex.org/W3207132074
https://openalex.org/W3213060758
https://openalex.org/W134521415
https://openalex.org/W1523744300
https://openalex.org/W1848529960
https://openalex.org/W1971780114
https://openalex.org/W1988020053
https://openalex.org/W1988768298
https://openalex.org/W1993498188
https://openalex.org/W1994978231
https://openalex.org/W1999521767
https://openalex.org/W2004317935
https://openalex.org/W2012771463
https://openalex.org/W2028777794
https://openalex.org/W2036978899
https://openalex.org/W2039931299
https://openalex.org/W2041999705
https://openalex.org/W2056969805
https://openalex.org/W2063300592
https://openalex.org/W2065236141
https://openalex.org/W2077684057
https://openalex.org/W2086392598
https://openalex.org/W2087744615
https://openalex.org/W2090728427
https://openalex.org/W2105445026
https://openalex.org/W2105820856
https://openalex.org/W2123484965
https://openalex.org/W2127306657
https://openalex.org/W2137099675
https://openalex.org/W2147399065
https://openalex.org/W2316163875
https://openalex.org/W2333688695
https://openalex.org/W2402722375
https://openalex.org/W2528733412
https://openalex.org/W2538705432
https://openalex.org/W2557346102
https://openalex.org/W2601751412
https://openalex.org/W2616583578
https://openalex.org/W2618224795
https://openalex.org/W2769218782
https://openalex.org/W2895851812
https://openalex.org/W2898071419
https://openalex.org/W2899245612
https://openalex.org/W2910334833
https://openalex.org/W2947683529
https://openalex.org/W2981353644
https://openalex.org/W2984475073
https://openalex.org/W3003687174
https://openalex.org/W3003946114
https://openalex.org/W3012330909
https://openalex.org/W3022628643
https://openalex.org/W3041365911
https://openalex.org/W3046847184
https://openalex.org/W3083000818
https://openalex.org/W3135419750
https://openalex.org/W3214211879
https://openalex.org/W3214236297
https://openalex.org/W3214463515
https://openalex.org/W4224244320
https://openalex.org/W4283746400
https://openalex.org/W45103852
https://openalex.org/W1034470177
https://openalex.org/W106030393
https://openalex.org/W133013024
https://openalex.org/W1592945063
https://openalex.org/W1777376585
https://openalex.org/W1795161323
https://openalex.org/W1935446418
https://openalex.org/W1964772395
https://openalex.org/W1971494194
https://openalex.org/W1985852723
https://openalex.org/W1985966854
https://openalex.org/W1988768909
https://openalex.org/W1994499426
https://openalex.org/W1994652432
https://openalex.org/W2002428080
https://openalex.org/W2002736176
https://openalex.org/W2014971069
https://openalex.org/W2015192049
https://openalex.org/W2017900370
https://openalex.org/W2033735207
https://openalex.org/W2038425558
https://openalex.org/W2047377117
https://openalex.org/W2063576646
https://openalex.org/W2064520475
https://openalex.org/W2066312003
https://openalex.org/W2069389208
https://openalex.org/W2073827898
https://openalex.org/W2079762333
https://openalex.org/W2087006006
https://openalex.org/W2089634224
https://openalex.org/W2111845873
https://openalex.org/W2163137563
https://openalex.org/W2176959288
https://openalex.org/W2210647048
https://openalex.org/W2236489499
https://openalex.org/W2301724738
https://openalex.org/W2323874271
https://openalex.org/W2326094811
https://openalex.org/W2344750755
https://openalex.org/W2403282163
https://openalex.org/W2415528302
https://openalex.org/W2425193678
https://openalex.org/W2466526266
https://openalex.org/W2513128206
https://openalex.org/W2533623204
https://openalex.org/W2552120061
https://openalex.org/W2576301081
https://openalex.org/W2608988660
https://openalex.org/W2765964845
https://openalex.org/W2773797478
https://openalex.org/W277544397
https://openalex.org/W2789531556
https://openalex.org/W2789881409
https://openalex.org/W2918558016
https://openalex.org/W2942565512
https://openalex.org/W2973600632
https://openalex.org/W3006585752
https://openalex.org/W3036188158
https://openalex.org/W3044010896
https://openalex.org/W3047792648
https://openalex.org/W3080468345
https://openalex.org/W3083844110
https://openalex.org/W3092780054
https://openalex.org/W3118992755
https://openalex.org/W3120316780
https://openalex.org/W3121720373
https://openalex.org/W3157913364
https://openalex.org/W3177808789
https://openalex.org/W3182681033
https://openalex.org/W4212802474
https://openalex.org/W4214527637
https://openalex.org/W4226348013
https://openalex.org/W4253333996
https://openalex.org/W4280650732
https://openalex.org/W4306927816
https://openalex.org/W1042585155
https://openalex.org/W1934664925
https://openalex.org/W1973248926
https://openalex.org/W1980816994
https://openalex.org/W1987352359
https://openalex.org/W1989790416
https://openalex.org/W1991920086
https://openalex.org/W2011985153
https://openalex.org/W2021966316
https://openalex.org/W2032861949
https://openalex.org/W2033226165
https://openalex.org/W2046880469
https://openalex.org/W2047108763
https://openalex.org/W2049160631
https://openalex.org/W2053943022
https://openalex.org/W2085695535
https://openalex.org/W2088685934
https://openalex.org/W2090112763
https://openalex.org/W2096305647
https://openalex.org/W2113246685
https://openalex.org/W2134251270
https://openalex.org/W2137458326
https://openalex.org/W2154595994
https://openalex.org/W2159056957
https://openalex.org/W2161852546
https://openalex.org/W2168584281
https://openalex.org/W2184668120
https://openalex.org/W2199011093
https://openalex.org/W2299222148
https://openalex.org/W2299784237
https://openalex.org/W2317600909
https://openalex.org/W2317778317
https://openalex.org/W2323312098
https://openalex.org/W2324031082
https://openalex.org/W2332093125
https://openalex.org/W2344900075
https://openalex.org/W2394730521
https://openalex.org/W2396357867
https://openalex.org/W2401616285
https://openalex.org/W2411533702
https://openalex.org/W2415956726
https://openalex.org/W2416238205
https://openalex.org/W2490204607
https://openalex.org/W2514859987
https://openalex.org/W2551598835
https://openalex.org/W2563345313
https://openalex.org/W2609609488
https://openalex.org/W2733342952
https://openalex.org/W2736015475
https://openalex.org/W2742859577
https://openalex.org/W286332021
https://openalex.org/W2900051961
https://openalex.org/W2943370252
https://openalex.org/W2947344342
https://openalex.org/W2954469249
https://openalex.org/W2969474156
https://openalex.org/W2970400822
https://openalex.org/W3013296941
https://openalex.org/W3045676105
https://openalex.org/W3048930724
https://openalex.org/W3096103781
https://openalex.org/W3104520567
https://openalex.org/W3112351419
https://openalex.org/W3163786363
https://openalex.org/W3182293516
https://openalex.org/W3192282135
https://openalex.org/W3202471974
https://openalex.org/W322949239
https://openalex.org/W324564051
https://openalex.org/W4206977256
https://openalex.org/W4223603802
https://openalex.org/W4225015855
https://openalex.org/W4240250065
https://openalex.org/W4280551366
https://openalex.org/W4283032018
https://openalex.org/W4294631385
https://openalex.org/W4303962145
https://openalex.org/W4306734479
https://openalex.org/W4309908967
https://openalex.org/W4318220580
https://openalex.org/W4319590146
https://openalex.org/W603614911
https://openalex.org/W157776827
https://openalex.org/W1608950814
https://openalex.org/W185285364
https://openalex.org/W1963563900
https://openalex.org/W1965999710
https://openalex.org/W1967720576
https://openalex.org/W1987080926
https://openalex.org/W1989618956
https://openalex.org/W1992524157
https://openalex.org/W2006817300
https://openalex.org/W2015146954
https://openalex.org/W2017434116
https://openalex.org/W2017848779
https://openalex.org/W2019520284
https://openalex.org/W2022984648
https://openalex.org/W2030130928
https://openalex.org/W2034295981
https://openalex.org/W2040916669
https://openalex.org/W2041881530
https://openalex.org/W2043258708
https://openalex.org/W2053981474
https://openalex.org/W2061915400
https://openalex.org/W2069527963
https://openalex.org/W2072602107
https://openalex.org/W2084269390
https://openalex.org/W2094574114
https://openalex.org/W2123343007
https://openalex.org/W2125198426
https://openalex.org/W2125495130
https://openalex.org/W2133507594
https://openalex.org/W2137229394
https://openalex.org/W2149395170
https://openalex.org/W2149825300
https://openalex.org/W2157568856
https://openalex.org/W2162092940
https://openalex.org/W2233321238
https://openalex.org/W2297247214
https://openalex.org/W2319027981
https://openalex.org/W2319383631
https://openalex.org/W2321588745
https://openalex.org/W2395289693
https://openalex.org/W2556068894
https://openalex.org/W2581979725
https://openalex.org/W2584400701
https://openalex.org/W2588252374
https://openalex.org/W2606512646
https://openalex.org/W2610509981
https://openalex.org/W2621562280
https://openalex.org/W2739495561
https://openalex.org/W2775905247
https://openalex.org/W2779029759
https://openalex.org/W2795056046
https://openalex.org/W2796873428
https://openalex.org/W2890092386
https://openalex.org/W2911665011
https://openalex.org/W2942184609
https://openalex.org/W2953423625
https://openalex.org/W2971134912
https://openalex.org/W2973195182
https://openalex.org/W3016116864
https://openalex.org/W3036923279
https://openalex.org/W3037879573
https://openalex.org/W3043352614
https://openalex.org/W3080563564
https://openalex.org/W3082353898
https://openalex.org/W3085546290
https://openalex.org/W3125634303
https://openalex.org/W313117466
https://openalex.org/W3136260583
https://openalex.org/W3190232538
https://openalex.org/W3205750318
https://openalex.org/W4200030862
https://openalex.org/W4223605525
https://openalex.org/W4237615594
https://openalex.org/W4283260217
https://openalex.org/W4283394217
https://openalex.org/W4285153632
https://openalex.org/W4312129440
https://openalex.org/W4319593293
https://openalex.org/W621052158
https://openalex.org/W651187233
https://openalex.org/W114905856
https://openalex.org/W1486045842
https://openalex.org/W1763484710
https://openalex.org/W1853649857
https://openalex.org/W1923786977
https://openalex.org/W1968690490
https://openalex.org/W1969760081
https://openalex.org/W1975639748
https://openalex.org/W1979308255
https://openalex.org/W1979943049
https://openalex.org/W1984555869
https://openalex.org/W1985724715
https://openalex.org/W1987325550
https://openalex.org/W1990638138
https://openalex.org/W1992239143
https://openalex.org/W1996546141
https://openalex.org/W1998209691
https://openalex.org/W1999364545
https://openalex.org/W2007126503
https://openalex.org/W2008234626
https://openalex.org/W2012847843
https://openalex.org/W2016554137
https://openalex.org/W2021044519
https://openalex.org/W2036497990
https://openalex.org/W2039251250
https://openalex.org/W2041416175
https://openalex.org/W2050716926
https://openalex.org/W2059268298
https://openalex.org/W2061398340
https://openalex.org/W2066233641
https://openalex.org/W2068068932
https://openalex.org/W2070395413
https://openalex.org/W2073304956
https://openalex.org/W2076511914
https://openalex.org/W2079891876
https://openalex.org/W2090946150
https://openalex.org/W2091967542
https://openalex.org/W2093613453
https://openalex.org/W2107383565
https://openalex.org/W2117186722
https://openalex.org/W2120359007
https://openalex.org/W2127765252
https://openalex.org/W2127998943
https://openalex.org/W212976087
https://openalex.org/W2142563105
https://openalex.org/W2162647833
https://openalex.org/W2255402217
https://openalex.org/W2296997579
https://openalex.org/W2318831851
https://openalex.org/W2319072269
https://openalex.org/W2321539325
https://openalex.org/W2328176858
https://openalex.org/W2332475568
https://openalex.org/W2395078819
https://openalex.org/W2408981630
https://openalex.org/W2413172489
https://openalex.org/W2415186197
https://openalex.org/W2435099957
https://openalex.org/W2467907877
https://openalex.org/W2518321899
https://openalex.org/W253490103
https://openalex.org/W2546860953
https://openalex.org/W2594437316
https://openalex.org/W2596619313
https://openalex.org/W2626878240
https://openalex.org/W2767865179
https://openalex.org/W2789467431
https://openalex.org/W2897858047
https://openalex.org/W2907909903
https://openalex.org/W2948651207
https://openalex.org/W2951745115
https://openalex.org/W2956483076
https://openalex.org/W2974709357
https://openalex.org/W2979996329
https://openalex.org/W2989932875
https://openalex.org/W3001303502
https://openalex.org/W3016445080
https://openalex.org/W3033827747
https://openalex.org/W3034859209
https://openalex.org/W3042570927
https://openalex.org/W3047602081
https://openalex.org/W3081989907
https://openalex.org/W3089715730
https://openalex.org/W3093144565
https://openalex.org/W3114321116
https://openalex.org/W3165749035
https://openalex.org/W3179971083
https://openalex.org/W3196247820
https://openalex.org/W3199851770
https://openalex.org/W3208819691
https://openalex.org/W4206728385
https://openalex.org/W4210573808
https://openalex.org/W4210675207
https://openalex.org/W4213089539
https://openalex.org/W4214775475
https://openalex.org/W4214809582
https://openalex.org/W4225286501
https://openalex.org/W4235154763
https://openalex.org/W4237424853
https://openalex.org/W4249865295
https://openalex.org/W4280506948
https://openalex.org/W4283699178
https://openalex.org/W4295127837
https://openalex.org/W4296323947
https://openalex.org/W4306168702
https://openalex.org/W4312117722
https://openalex.org/W4313480322
https://openalex.org/W4316035047
https://openalex.org/W4318269753
https://openalex.org/W70320943
https://openalex.org/W130170718
https://openalex.org/W144992872
https://openalex.org/W1963543996
https://openalex.org/W1969381182
https://openalex.org/W1977975472
https://openalex.org/W1979973571
https://openalex.org/W1980352623
https://openalex.org/W1981235849
https://openalex.org/W1986860234
https://openalex.org/W1987264992
https://openalex.org/W1992318820
https://openalex.org/W1995133687
https://openalex.org/W2004601648
https://openalex.org/W2014282948
https://openalex.org/W2027073976
https://openalex.org/W2033863875
https://openalex.org/W2040987627
https://openalex.org/W2050939034
https://openalex.org/W2053864050
https://openalex.org/W2054279448
https://openalex.org/W2057474357
https://openalex.org/W2062251358
https://openalex.org/W2073141451
https://openalex.org/W2081420346
https://openalex.org/W2087515390
https://openalex.org/W2094391004
https://openalex.org/W2150030031
https://openalex.org/W2151650562
https://openalex.org/W2153028000
https://openalex.org/W2162600443
https://openalex.org/W2176970296
https://openalex.org/W2293272425
https://openalex.org/W2312423419
https://openalex.org/W2334986114
https://openalex.org/W2339919024
https://openalex.org/W2354199286
https://openalex.org/W2395635467
https://openalex.org/W2396898042
https://openalex.org/W2399414199
https://openalex.org/W2399446352
https://openalex.org/W2404377630
https://openalex.org/W2405779078
https://openalex.org/W2405904067
https://openalex.org/W2406519210
https://openalex.org/W2407319295
https://openalex.org/W2408943030
https://openalex.org/W2411437846
https://openalex.org/W2412470427
https://openalex.org/W2413509829
https://openalex.org/W2414562245
https://openalex.org/W2414879922
https://openalex.org/W2415536512
https://openalex.org/W2466321543
https://openalex.org/W2468039248
https://openalex.org/W2476948575
https://openalex.org/W2496172216
https://openalex.org/W2507330105
https://openalex.org/W2551609827
https://openalex.org/W2569007702
https://openalex.org/W2583923984
https://openalex.org/W2590701894
https://openalex.org/W2592904865
https://openalex.org/W2742819701
https://openalex.org/W2762734999
https://openalex.org/W2796005928
https://openalex.org/W285787965
https://openalex.org/W2883124473
https://openalex.org/W2887468017
https://openalex.org/W2889195143
https://openalex.org/W2906024189
https://openalex.org/W2909919066
https://openalex.org/W2910754127
https://openalex.org/W2925067185
https://openalex.org/W2926651616
https://openalex.org/W2939307309
https://openalex.org/W2951713893
https://openalex.org/W2953560310
https://openalex.org/W2964109922
https://openalex.org/W2971351847
https://openalex.org/W2979386466
https://openalex.org/W2979904319
https://openalex.org/W3025412176
https://openalex.org/W3026267486
https://openalex.org/W3042298755
https://openalex.org/W3044849420
https://openalex.org/W3119660851
https://openalex.org/W3195755430
https://openalex.org/W4206824713
https://openalex.org/W4206960831
https://openalex.org/W4212808825
https://openalex.org/W4220670447
https://openalex.org/W4220696955
https://openalex.org/W4221019258
https://openalex.org/W4231774736
https://openalex.org/W4234792557
https://openalex.org/W4237571232
https://openalex.org/W4239300504
https://openalex.org/W4243938214
https://openalex.org/W4245183484
https://openalex.org/W4246824570
https://openalex.org/W4251382567
https://openalex.org/W4284885691
https://openalex.org/W4289224403
https://openalex.org/W4290995815
https://openalex.org/W4295093463
https://openalex.org/W4296690243
https://openalex.org/W4297359727
https://openalex.org/W4306407810
https://openalex.org/W4307967129
https://openalex.org/W4308914164
https://openalex.org/W4311174327
https://openalex.org/W4312156851
https://openalex.org/W4315619589
https://openalex.org/W4319080314
https://openalex.org/W4321436885
https://openalex.org/W4322758006
https://openalex.org/W4323928343
https://openalex.org/W4366771090
https://openalex.org/W4366825564
https://openalex.org/W4383481049
https://openalex.org/W65177702
https://openalex.org/W1168373015
https://openalex.org/W1228969761
https://openalex.org/W1553122651
https://openalex.org/W1909327361
https://openalex.org/W1964620478
https://openalex.org/W1975759743
https://openalex.org/W1977385303
https://openalex.org/W1982665768
https://openalex.org/W1985122975
https://openalex.org/W1988673623
https://openalex.org/W1990761585
https://openalex.org/W1993243491
https://openalex.org/W1994646499
https://openalex.org/W2019063260
https://openalex.org/W2024111718
https://openalex.org/W2024240569
https://openalex.org/W2030837813
https://openalex.org/W2032814280
https://openalex.org/W2034422723
https://openalex.org/W2045322540
https://openalex.org/W2046928312
https://openalex.org/W2047440014
https://openalex.org/W204746567
https://openalex.org/W2048406994
https://openalex.org/W2057735416
https://openalex.org/W2058500524
https://openalex.org/W2064001034
https://openalex.org/W2068257408
https://openalex.org/W2074125810
https://openalex.org/W2075102223
https://openalex.org/W2075442560
https://openalex.org/W2078683262
https://openalex.org/W2079818976
https://openalex.org/W2088086186
https://openalex.org/W2089122268
https://openalex.org/W2110644552
https://openalex.org/W2112353553
https://openalex.org/W2122352358
https://openalex.org/W2124921466
https://openalex.org/W2125389186
https://openalex.org/W2137105680
https://openalex.org/W2147017338
https://openalex.org/W2151217563
https://openalex.org/W2152600969
https://openalex.org/W2159183969
https://openalex.org/W21790820
https://openalex.org/W2212064875
https://openalex.org/W2228365219
https://openalex.org/W22321220
https://openalex.org/W2240485543
https://openalex.org/W2241175228
https://openalex.org/W2292225422
https://openalex.org/W2294450329
https://openalex.org/W2316922638
https://openalex.org/W2318993912
https://openalex.org/W2320059058
https://openalex.org/W2327090969
https://openalex.org/W2329167577
https://openalex.org/W2335767911
https://openalex.org/W2375404586
https://openalex.org/W2400049477
https://openalex.org/W2404324766
https://openalex.org/W2405475082
https://openalex.org/W2408954527
https://openalex.org/W2409290631
https://openalex.org/W2409611453
https://openalex.org/W2411833808
https://openalex.org/W2416688791
https://openalex.org/W2417191938
https://openalex.org/W2418934838
https://openalex.org/W2430456710
https://openalex.org/W2435102096
https://openalex.org/W2465055895
https://openalex.org/W2467535474
https://openalex.org/W2471755895
https://openalex.org/W2471950321
https://openalex.org/W2474075990
https://openalex.org/W2485186212
https://openalex.org/W2486620516
https://openalex.org/W2489241601
https://openalex.org/W2490109620
https://openalex.org/W2510030014
https://openalex.org/W2510269145
https://openalex.org/W2522592715
https://openalex.org/W2523942886
https://openalex.org/W2531802800
https://openalex.org/W2534792166
https://openalex.org/W2540672964
https://openalex.org/W2550423526
https://openalex.org/W2553573182
https://openalex.org/W2559487632
https://openalex.org/W2582091615
https://openalex.org/W2584617579
https://openalex.org/W2587843539
https://openalex.org/W2588366308
https://openalex.org/W2588427532
https://openalex.org/W2591638263
https://openalex.org/W2591776506
https://openalex.org/W2592713800
https://openalex.org/W2595260906
https://openalex.org/W2595503994
https://openalex.org/W2596496402
https://openalex.org/W2615672535
https://openalex.org/W2626981907
https://openalex.org/W2754558517
https://openalex.org/W2792681274
https://openalex.org/W2800161339
https://openalex.org/W2803214642
https://openalex.org/W2884336419
https://openalex.org/W2887529259
https://openalex.org/W2898494875
https://openalex.org/W2904123977
https://openalex.org/W2909402757
https://openalex.org/W2910586724
https://openalex.org/W2913371449
https://openalex.org/W2913763862
https://openalex.org/W292758374
https://openalex.org/W2937383618
https://openalex.org/W2943469541
https://openalex.org/W2947297273
https://openalex.org/W2949152552
https://openalex.org/W2949626241
https://openalex.org/W2955876931
https://openalex.org/W2979441372
https://openalex.org/W2979802119
https://openalex.org/W2979803182
https://openalex.org/W2980756705
https://openalex.org/W2981209804
https://openalex.org/W2986700270
https://openalex.org/W2990372463
https://openalex.org/W2995333571
https://openalex.org/W3005162708
https://openalex.org/W3011293020
https://openalex.org/W3011837439
https://openalex.org/W3012163522
https://openalex.org/W3016222789
https://openalex.org/W3027669858
https://openalex.org/W3028141882
https://openalex.org/W3042589545
https://openalex.org/W3045197202
https://openalex.org/W3092041277
https://openalex.org/W3097079629
https://openalex.org/W3113694066
https://openalex.org/W3118295901
https://openalex.org/W3120202412
https://openalex.org/W3120908052
https://openalex.org/W3123193638
https://openalex.org/W3130500812
https://openalex.org/W3134118669
https://openalex.org/W3186503393
https://openalex.org/W3190046973
https://openalex.org/W3197408811
https://openalex.org/W3205668208
https://openalex.org/W3208962507
https://openalex.org/W3214854262
https://openalex.org/W3216035538
https://openalex.org/W358574056
https://openalex.org/W4200203965
https://openalex.org/W4214694939
https://openalex.org/W4220798416
https://openalex.org/W4221092277
https://openalex.org/W4226186738
https://openalex.org/W4235056948
https://openalex.org/W4237194191
https://openalex.org/W4240893905
https://openalex.org/W4241757145
https://openalex.org/W4244552688
https://openalex.org/W4245492507
https://openalex.org/W4249242257
https://openalex.org/W4249870404
https://openalex.org/W4251865069
https://openalex.org/W4252685575
https://openalex.org/W4282924252
https://openalex.org/W4285143896
https://openalex.org/W4290694429
https://openalex.org/W4292385840
https://openalex.org/W4296328846
https://openalex.org/W4304013716
https://openalex.org/W4308875152
https://openalex.org/W4309332121
https://openalex.org/W4310389101
https://openalex.org/W4310782028
https://openalex.org/W4311002707
https://openalex.org/W4311365882
https://openalex.org/W4311581950
https://openalex.org/W4313597056
https://openalex.org/W4315701216
https://openalex.org/W4316672602
https://openalex.org/W4317851343
https://openalex.org/W4318070743
https://openalex.org/W4321376311
https://openalex.org/W4322502973
https://openalex.org/W4323832948
https://openalex.org/W4328109490
https://openalex.org/W4361296588
https://openalex.org/W4362520762
https://openalex.org/W4362584422
https://openalex.org/W4365446418
https://openalex.org/W4377010489
https://openalex.org/W4378840574
https://openalex.org/W4379093924
https://openalex.org/W4380264762
https://openalex.org/W4380318669
https://openalex.org/W4384007751
https://openalex.org/W568922383
https://openalex.org/W848547055
https://openalex.org/W111894308
https://openalex.org/W1127832288
https://openalex.org/W1147901290
https://openalex.org/W1159510974
https://openalex.org/W117495663
https://openalex.org/W1200268548
https://openalex.org/W127133719
https://openalex.org/W128797225
https://openalex.org/W1411576917
https://openalex.org/W1420884261
https://openalex.org/W143887678
https://openalex.org/W1489045295
https://openalex.org/W1489934142
https://openalex.org/W1492290015
https://openalex.org/W1513537843
https://openalex.org/W1513701228
https://openalex.org/W1527276453
https://openalex.org/W1539696764
https://openalex.org/W1540986344
https://openalex.org/W1547186168
https://openalex.org/W1565187881
https://openalex.org/W1568538366
https://openalex.org/W1585647648
https://openalex.org/W1586054415
https://openalex.org/W159210744
https://openalex.org/W1600605654
https://openalex.org/W1601058314
https://openalex.org/W1606546039
https://openalex.org/W161816966
https://openalex.org/W1700541871
https://openalex.org/W179315085
https://openalex.org/W1855849411
https://openalex.org/W1885934535
https://openalex.org/W188907105
https://openalex.org/W1890649889
https://openalex.org/W1892304261
https://openalex.org/W192513855
https://openalex.org/W1964708574
https://openalex.org/W1965621836
https://openalex.org/W1967167548
https://openalex.org/W1967895636
https://openalex.org/W1972544286
https://openalex.org/W1974820023
https://openalex.org/W1975514104
https://openalex.org/W1978419971
https://openalex.org/W1982560207
https://openalex.org/W1985904889
https://openalex.org/W1987008344
https://openalex.org/W1987748492
https://openalex.org/W1990378450
https://openalex.org/W1992421630
https://openalex.org/W1992992211
https://openalex.org/W1995167947
https://openalex.org/W1997495572
https://openalex.org/W1997688358
https://openalex.org/W1998998152
https://openalex.org/W1999201447
https://openalex.org/W2000780935
https://openalex.org/W2003578871
https://openalex.org/W2003855187
https://openalex.org/W2003862088
https://openalex.org/W2005268769
https://openalex.org/W2006851289
https://openalex.org/W2012934110
https://openalex.org/W2013403606
https://openalex.org/W2016194351
https://openalex.org/W2019781467
https://openalex.org/W2021108874
https://openalex.org/W2024656607
https://openalex.org/W2029740848
https://openalex.org/W2030516371
https://openalex.org/W2030764304
https://openalex.org/W2035098778
https://openalex.org/W2035177826
https://openalex.org/W2036406383
https://openalex.org/W2037071970
https://openalex.org/W2039179768
https://openalex.org/W2041158749
https://openalex.org/W2041812796
https://openalex.org/W2042234145
https://openalex.org/W2045638369
https://openalex.org/W2045893112
https://openalex.org/W2047288299
https://openalex.org/W2048495158
https://openalex.org/W2048772320
https://openalex.org/W2049153462
https://openalex.org/W2049469014
https://openalex.org/W2051703983
https://openalex.org/W2052227648
https://openalex.org/W2053586863
https://openalex.org/W2053878101
https://openalex.org/W2055723441
https://openalex.org/W2056038028
https://openalex.org/W2060306269
https://openalex.org/W2062511861
https://openalex.org/W2063548721
https://openalex.org/W2064781411
https://openalex.org/W2065213129
https://openalex.org/W2067097870
https://openalex.org/W2067578894
https://openalex.org/W2067959699
https://openalex.org/W2074756949
https://openalex.org/W2076326067
https://openalex.org/W2077260966
https://openalex.org/W2081700742
https://openalex.org/W2085661093
https://openalex.org/W2087262250
https://openalex.org/W2088079439
https://openalex.org/W2088268065
https://openalex.org/W2092852525
https://openalex.org/W2093445481
https://openalex.org/W2095012019
https://openalex.org/W2097208263
https://openalex.org/W2108403132
https://openalex.org/W2110766046
https://openalex.org/W2110844566
https://openalex.org/W2111317381
https://openalex.org/W2111529075
https://openalex.org/W2112420729
https://openalex.org/W2113690852
https://openalex.org/W2119058614
https://openalex.org/W2121087270
https://openalex.org/W2123115598
https://openalex.org/W2123604491
https://openalex.org/W2132489421
https://openalex.org/W2132992973
https://openalex.org/W2138452774
https://openalex.org/W2140938168
https://openalex.org/W2148570589
https://openalex.org/W2154062387
https://openalex.org/W2159137957
https://openalex.org/W2159727185
https://openalex.org/W2161599795
https://openalex.org/W2166058807
https://openalex.org/W2166610156
https://openalex.org/W2169334140
https://openalex.org/W2181902665
https://openalex.org/W2183343957
https://openalex.org/W2185053838
https://openalex.org/W2186802061
https://openalex.org/W2186889206
https://openalex.org/W2187783618
https://openalex.org/W2204952311
https://openalex.org/W222326113
https://openalex.org/W2224175959
https://openalex.org/W222474878
https://openalex.org/W2227896658
https://openalex.org/W2231262500
https://openalex.org/W2238604773
https://openalex.org/W2241114767
https://openalex.org/W2241853441
https://openalex.org/W2246091748
https://openalex.org/W2252884951
https://openalex.org/W2254808165
https://openalex.org/W2256696369
https://openalex.org/W2259062218
https://openalex.org/W2263623813
https://openalex.org/W2268951818
https://openalex.org/W2276535352
https://openalex.org/W2284435722
https://openalex.org/W2284913109
https://openalex.org/W2287431582
https://openalex.org/W2287516795
https://openalex.org/W2288202052
https://openalex.org/W2289106629
https://openalex.org/W2289687084
https://openalex.org/W2293104695
https://openalex.org/W2296304123
https://openalex.org/W2304990180
https://openalex.org/W230598883
https://openalex.org/W2312531962
https://openalex.org/W2313057459
https://openalex.org/W2313339174
https://openalex.org/W2314424152
https://openalex.org/W2314714180
https://openalex.org/W2315850725
https://openalex.org/W2315946199
https://openalex.org/W2316450174
https://openalex.org/W2317506046
https://openalex.org/W2318044480
https://openalex.org/W2319339191
https://openalex.org/W2319644507
https://openalex.org/W2320472682
https://openalex.org/W2321076582
https://openalex.org/W2321212671
https://openalex.org/W2321831576
https://openalex.org/W2321902912
https://openalex.org/W2322632861
https://openalex.org/W2322813412
https://openalex.org/W2323230160
https://openalex.org/W2323535721
https://openalex.org/W2324270514
https://openalex.org/W2324858166
https://openalex.org/W2325052749
https://openalex.org/W2325300376
https://openalex.org/W2325715003
https://openalex.org/W2326096282
https://openalex.org/W2326891706
https://openalex.org/W2326900119
https://openalex.org/W2327243653
https://openalex.org/W2327333287
https://openalex.org/W2327442345
https://openalex.org/W2327646858
https://openalex.org/W2327712522
https://openalex.org/W2328474033
https://openalex.org/W2328965606
https://openalex.org/W2329919220
https://openalex.org/W2330069372
https://openalex.org/W2330217535
https://openalex.org/W2330867982
https://openalex.org/W2331835103
https://openalex.org/W2332243746
https://openalex.org/W2332246884
https://openalex.org/W2332360878
https://openalex.org/W2333023642
https://openalex.org/W2333241592
https://openalex.org/W2333984772
https://openalex.org/W2334143774
https://openalex.org/W2334975373
https://openalex.org/W2335413809
https://openalex.org/W2335442882
https://openalex.org/W2335523131
https://openalex.org/W2335871987
https://openalex.org/W2336817237
https://openalex.org/W2341686129
https://openalex.org/W2342415914
https://openalex.org/W2346998391
https://openalex.org/W2349840347
https://openalex.org/W2352397548
https://openalex.org/W2358576991
https://openalex.org/W2365013096
https://openalex.org/W2366683798
https://openalex.org/W2368337401
https://openalex.org/W2368644219
https://openalex.org/W2368772002
https://openalex.org/W2369530946
https://openalex.org/W2371371295
https://openalex.org/W2373956213
https://openalex.org/W2376428459
https://openalex.org/W2390574959
https://openalex.org/W2391590815
https://openalex.org/W2395308778
https://openalex.org/W2395546677
https://openalex.org/W2395553850
https://openalex.org/W2396874218
https://openalex.org/W2398151000
https://openalex.org/W2400037730
https://openalex.org/W2400300699
https://openalex.org/W2400509978
https://openalex.org/W2400860887
https://openalex.org/W2402650027
https://openalex.org/W2403037598
https://openalex.org/W2403170886
https://openalex.org/W2403791532
https://openalex.org/W2403858626
https://openalex.org/W2405420488
https://openalex.org/W2405629567
https://openalex.org/W2405987721
https://openalex.org/W2406784910
https://openalex.org/W2406927676
https://openalex.org/W2409523220
https://openalex.org/W2409588731
https://openalex.org/W2409595292
https://openalex.org/W2410329488
https://openalex.org/W2410855259
https://openalex.org/W2411099655
https://openalex.org/W2411960554
https://openalex.org/W2412029583
https://openalex.org/W2412198437
https://openalex.org/W2413349489
https://openalex.org/W2413392196
https://openalex.org/W2413548332
https://openalex.org/W2414685433
https://openalex.org/W2414861153
https://openalex.org/W2414925629
https://openalex.org/W2415419335
https://openalex.org/W2416114781
https://openalex.org/W2416213036
https://openalex.org/W2416523890
https://openalex.org/W2416616083
https://openalex.org/W2416696340
https://openalex.org/W2416817703
https://openalex.org/W2417055085
https://openalex.org/W2417107440
https://openalex.org/W2417154747
https://openalex.org/W2417272688
https://openalex.org/W2417427418
https://openalex.org/W2417610736
https://openalex.org/W2417787550
https://openalex.org/W2418143887
https://openalex.org/W2418276944
https://openalex.org/W2418693675
https://openalex.org/W2418881964
https://openalex.org/W2418983472
https://openalex.org/W2419000921
https://openalex.org/W2419367489
https://openalex.org/W2419569765
https://openalex.org/W2420408160
https://openalex.org/W2420500457
https://openalex.org/W2421055858
https://openalex.org/W2421835344
https://openalex.org/W2425687658
https://openalex.org/W2430194638
https://openalex.org/W2434401058
https://openalex.org/W2437613267
https://openalex.org/W2442113656
https://openalex.org/W2442127281
https://openalex.org/W2460560821
https://openalex.org/W2461218792
https://openalex.org/W2462173088
https://openalex.org/W2462399423
https://openalex.org/W2462697417
https://openalex.org/W2464225265
https://openalex.org/W2464560868
https://openalex.org/W2464884380
https://openalex.org/W2465949098
https://openalex.org/W2466580128
https://openalex.org/W2468977702
https://openalex.org/W2469651341
https://openalex.org/W2471036608
https://openalex.org/W2471076917
https://openalex.org/W2471114210
https://openalex.org/W2475295432
https://openalex.org/W2477736067
https://openalex.org/W2486899288
https://openalex.org/W2490482966
https://openalex.org/W2491383665
https://openalex.org/W2494332742
https://openalex.org/W2496358139
https://openalex.org/W2499907200
https://openalex.org/W2500736064
https://openalex.org/W2509326464
https://openalex.org/W2512812490
https://openalex.org/W2514952823
https://openalex.org/W2515663755
https://openalex.org/W2517886685
https://openalex.org/W2518450438
https://openalex.org/W2518528661
https://openalex.org/W2521593786
https://openalex.org/W2522382996
https://openalex.org/W2523041464
https://openalex.org/W2523135293
https://openalex.org/W2526471104
https://openalex.org/W2526966418
https://openalex.org/W2528156017
https://openalex.org/W2528525317
https://openalex.org/W2528552481
https://openalex.org/W2528807085
https://openalex.org/W2530495093
https://openalex.org/W2530511620
https://openalex.org/W2530896991
https://openalex.org/W2531468551
https://openalex.org/W2532904682
https://openalex.org/W2541780914
https://openalex.org/W2542108454
https://openalex.org/W2542478022
https://openalex.org/W2544061608
https://openalex.org/W2547145312
https://openalex.org/W2547226466
https://openalex.org/W2547396029
https://openalex.org/W2547700701
https://openalex.org/W2548660688
https://openalex.org/W2550658566
https://openalex.org/W2551039650
https://openalex.org/W2551064324
https://openalex.org/W2552250709
https://openalex.org/W2552334240
https://openalex.org/W2552732137
https://openalex.org/W2554745488
https://openalex.org/W2555646503
https://openalex.org/W2556211637
https://openalex.org/W2556550054
https://openalex.org/W2558061274
https://openalex.org/W2558569655
https://openalex.org/W2559435609
https://openalex.org/W2559746157
https://openalex.org/W2561292959
https://openalex.org/W2561666481
https://openalex.org/W2562019564
https://openalex.org/W2562527760
https://openalex.org/W2562574768
https://openalex.org/W2562719374
https://openalex.org/W2563345754
https://openalex.org/W2563958277
https://openalex.org/W2565963583
https://openalex.org/W2566170581
https://openalex.org/W2567915243
https://openalex.org/W2568887076
https://openalex.org/W2569264877
https://openalex.org/W2570815608
https://openalex.org/W2572123511
https://openalex.org/W2573802242
https://openalex.org/W2573976090
https://openalex.org/W2575175887
https://openalex.org/W2576968479
https://openalex.org/W2578584174
https://openalex.org/W2578827492
https://openalex.org/W2579625347
https://openalex.org/W2581064407
https://openalex.org/W2581772757
https://openalex.org/W2582590742
https://openalex.org/W2583739752
https://openalex.org/W2585443143
https://openalex.org/W2586736903
https://openalex.org/W2586936258
https://openalex.org/W2587564001
https://openalex.org/W2587854813
https://openalex.org/W2587872624
https://openalex.org/W2587902914
https://openalex.org/W2588657252
https://openalex.org/W2589062509
https://openalex.org/W2589408541
https://openalex.org/W2590304987
https://openalex.org/W2590570160
https://openalex.org/W2594449615
https://openalex.org/W2595631418
https://openalex.org/W2595639304
https://openalex.org/W2596182766
https://openalex.org/W2599800663
https://openalex.org/W2604922088
https://openalex.org/W2609746322
https://openalex.org/W2612650182
https://openalex.org/W2613006308
https://openalex.org/W2615966719
https://openalex.org/W2616332719
https://openalex.org/W2617815743
https://openalex.org/W2724744021
https://openalex.org/W2725505117
https://openalex.org/W2730166810
https://openalex.org/W2736934192
https://openalex.org/W2739478422
https://openalex.org/W2741755206
https://openalex.org/W2742064472
https://openalex.org/W2744842241
https://openalex.org/W2747979803
https://openalex.org/W2752277168
https://openalex.org/W2752941450
https://openalex.org/W2755224919
https://openalex.org/W2755465069
https://openalex.org/W2755595098
https://openalex.org/W2755668621
https://openalex.org/W2756000596
https://openalex.org/W2756067225
https://openalex.org/W2757673552
https://openalex.org/W2759236613
https://openalex.org/W2765059692
https://openalex.org/W2765825722
https://openalex.org/W2767634015
https://openalex.org/W2768814055
https://openalex.org/W2769533516
https://openalex.org/W2771521577
https://openalex.org/W2775533489
https://openalex.org/W2775645275
https://openalex.org/W2776536216
https://openalex.org/W2779237939
https://openalex.org/W2785382607
https://openalex.org/W2787148676
https://openalex.org/W2790189878
https://openalex.org/W2790265923
https://openalex.org/W2791787886
https://openalex.org/W2792545851
https://openalex.org/W2792622419
https://openalex.org/W2793490153
https://openalex.org/W2795293190
https://openalex.org/W2797947967
https://openalex.org/W2800320227
https://openalex.org/W2801335313
https://openalex.org/W2802062816
https://openalex.org/W2803001197
https://openalex.org/W2807626099
https://openalex.org/W2807660051
https://openalex.org/W2808410410
https://openalex.org/W2808503889
https://openalex.org/W2884745491
https://openalex.org/W2885209523
https://openalex.org/W2885359541
https://openalex.org/W2885930643
https://openalex.org/W2886690251
https://openalex.org/W2887204722
https://openalex.org/W2887333270
https://openalex.org/W2887659529
https://openalex.org/W2887779937
https://openalex.org/W2888242990
https://openalex.org/W2888642724
https://openalex.org/W2889113819
https://openalex.org/W2889199598
https://openalex.org/W2890421845
https://openalex.org/W2891874191
https://openalex.org/W2896440953
https://openalex.org/W2898269413
https://openalex.org/W2898460594
https://openalex.org/W2899724827
https://openalex.org/W2899840480
https://openalex.org/W2901088751
https://openalex.org/W2901253935
https://openalex.org/W2901590347
https://openalex.org/W2901631397
https://openalex.org/W2901742648
https://openalex.org/W2901883939
https://openalex.org/W2902905078
https://openalex.org/W2903645656
https://openalex.org/W2903923475
https://openalex.org/W2904044884
https://openalex.org/W2904319605
https://openalex.org/W2906138799
https://openalex.org/W2906413147
https://openalex.org/W2909020482
https://openalex.org/W2909654481
https://openalex.org/W2910456042
https://openalex.org/W2910800565
https://openalex.org/W2913381797
https://openalex.org/W2915875176
https://openalex.org/W2916710287
https://openalex.org/W2916839913
https://openalex.org/W2917922910
https://openalex.org/W2919944829
https://openalex.org/W2922295345
https://openalex.org/W2923508887
https://openalex.org/W2923847350
https://openalex.org/W2924166641
https://openalex.org/W2935764198
https://openalex.org/W2936074497
https://openalex.org/W2936559189
https://openalex.org/W2938613389
https://openalex.org/W2938946254
https://openalex.org/W2940737664
https://openalex.org/W2940862193
https://openalex.org/W2942909249
https://openalex.org/W2944086295
https://openalex.org/W2944526515
https://openalex.org/W2944736519
https://openalex.org/W2945080066
https://openalex.org/W2946318650
https://openalex.org/W2947638141
https://openalex.org/W2949347707
https://openalex.org/W2949912383
https://openalex.org/W2950145656
https://openalex.org/W2950617003
https://openalex.org/W2951044582
https://openalex.org/W2952126315
https://openalex.org/W2952547968
https://openalex.org/W2952939169
https://openalex.org/W2954609921
https://openalex.org/W2957192071
https://openalex.org/W2957560681
https://openalex.org/W295812711
https://openalex.org/W2959231586
https://openalex.org/W2963450790
https://openalex.org/W2967650279
https://openalex.org/W2968356314
https://openalex.org/W2970953057
https://openalex.org/W2971717430
https://openalex.org/W2972925382
https://openalex.org/W2975177151
https://openalex.org/W2975202717
https://openalex.org/W2975233188
https://openalex.org/W2975422678
https://openalex.org/W2975492696
https://openalex.org/W2975700379
https://openalex.org/W2976271427
https://openalex.org/W2976470913
https://openalex.org/W2976552764
https://openalex.org/W2976891296
https://openalex.org/W2977245482
https://openalex.org/W2977325683
https://openalex.org/W2977337670
https://openalex.org/W2977355639
https://openalex.org/W2977414281
https://openalex.org/W2977430222
https://openalex.org/W2977468398
https://openalex.org/W2977484105
https://openalex.org/W2977505618
https://openalex.org/W2977539869
https://openalex.org/W2977540912
https://openalex.org/W2977561248
https://openalex.org/W2977599197
https://openalex.org/W2977664847
https://openalex.org/W2977696202
https://openalex.org/W2977719600
https://openalex.org/W2977740968
https://openalex.org/W2977835880
https://openalex.org/W2977852180
https://openalex.org/W2977862701
https://openalex.org/W2977910792
https://openalex.org/W2977935990
https://openalex.org/W2977957223
https://openalex.org/W2978058056
https://openalex.org/W2978101237
https://openalex.org/W2978179130
https://openalex.org/W2978232536
https://openalex.org/W2978241036
https://openalex.org/W2978267399
https://openalex.org/W2978276336
https://openalex.org/W2978302957
https://openalex.org/W2978316175
https://openalex.org/W2978504171
https://openalex.org/W2978515887
https://openalex.org/W2978537423
https://openalex.org/W2978559512
https://openalex.org/W2978626888
https://openalex.org/W2978750341
https://openalex.org/W2978781239
https://openalex.org/W2978841110
https://openalex.org/W2978858832
https://openalex.org/W2978884919
https://openalex.org/W2978927937
https://openalex.org/W2979053432
https://openalex.org/W2979116024
https://openalex.org/W2979125048
https://openalex.org/W2979157495
https://openalex.org/W2979265547
https://openalex.org/W2979669873
https://openalex.org/W2979788116
https://openalex.org/W2979902949
https://openalex.org/W2979911351
https://openalex.org/W2979978143
https://openalex.org/W2980064030
https://openalex.org/W2980064182
https://openalex.org/W2980188423
https://openalex.org/W2980216768
https://openalex.org/W2980230943
https://openalex.org/W2980282918
https://openalex.org/W2980793811
https://openalex.org/W2981020366
https://openalex.org/W2981137157
https://openalex.org/W2983365723
https://openalex.org/W2983622368
https://openalex.org/W2985348832
https://openalex.org/W2989572177
https://openalex.org/W2989740078
https://openalex.org/W2991164721
https://openalex.org/W2992639470
https://openalex.org/W2993016787
https://openalex.org/W2993058934
https://openalex.org/W2993325407
https://openalex.org/W2996271786
https://openalex.org/W2996644900
https://openalex.org/W2997100375
https://openalex.org/W3000945831
https://openalex.org/W3002657550
https://openalex.org/W3002952999
https://openalex.org/W3004821778
https://openalex.org/W3005522358
https://openalex.org/W3008332790
https://openalex.org/W3008946153
https://openalex.org/W3009521083
https://openalex.org/W3010579162
https://openalex.org/W3014151548
https://openalex.org/W3014415541
https://openalex.org/W3014889530
https://openalex.org/W3014921985
https://openalex.org/W3017769552
https://openalex.org/W3018056964
https://openalex.org/W3018901910
https://openalex.org/W3020125623
https://openalex.org/W3020672736
https://openalex.org/W3023365721
https://openalex.org/W3023497707
https://openalex.org/W3023919479
https://openalex.org/W3024648793
https://openalex.org/W3025113531
https://openalex.org/W3025396569
https://openalex.org/W3025425968
https://openalex.org/W3025604892
https://openalex.org/W3026254815
https://openalex.org/W3026548744
https://openalex.org/W3027179831
https://openalex.org/W3027250138
https://openalex.org/W3027293028
https://openalex.org/W3027628138
https://openalex.org/W3028109593
https://openalex.org/W3028489969
https://openalex.org/W3028847475
https://openalex.org/W3028962384
https://openalex.org/W3029100046
https://openalex.org/W3029988293
https://openalex.org/W3034509839
https://openalex.org/W3034680906
https://openalex.org/W3039227251
https://openalex.org/W3040634446
https://openalex.org/W3041748064
https://openalex.org/W3043998838
https://openalex.org/W3046575734
https://openalex.org/W3048361798
https://openalex.org/W3048637490
https://openalex.org/W3048822707
https://openalex.org/W3048964825
https://openalex.org/W306867250
https://openalex.org/W3082094295
https://openalex.org/W3082153829
https://openalex.org/W3082486228
https://openalex.org/W3083218450
https://openalex.org/W3086734921
https://openalex.org/W3087164817
https://openalex.org/W3088540779
https://openalex.org/W3093053295
https://openalex.org/W3093772917
https://openalex.org/W3096543212
https://openalex.org/W3098472621
https://openalex.org/W3098823362
https://openalex.org/W3107394198
https://openalex.org/W3108027023
https://openalex.org/W3109487595
https://openalex.org/W3110820105
https://openalex.org/W3110876906
https://openalex.org/W3115922491
https://openalex.org/W3116639706
https://openalex.org/W3118411143
https://openalex.org/W3120148126
https://openalex.org/W3120673301
https://openalex.org/W312109162
https://openalex.org/W3127829412
https://openalex.org/W3129785489
https://openalex.org/W3130471777
https://openalex.org/W3130618506
https://openalex.org/W3132604327
https://openalex.org/W3133469625
https://openalex.org/W3133980948
https://openalex.org/W3135067000
https://openalex.org/W3136305091
https://openalex.org/W3137920913
https://openalex.org/W3138504429
https://openalex.org/W3144692393
https://openalex.org/W3156070735
https://openalex.org/W3156095515
https://openalex.org/W3156924640
https://openalex.org/W3157592464
https://openalex.org/W3162437988
https://openalex.org/W3163723375
https://openalex.org/W3163800585
https://openalex.org/W3164670993
https://openalex.org/W3166827152
https://openalex.org/W3168434650
https://openalex.org/W3169478056
https://openalex.org/W3170591193
https://openalex.org/W3171312531
https://openalex.org/W3171347147
https://openalex.org/W3171683946
https://openalex.org/W3173142074
https://openalex.org/W3173619749
https://openalex.org/W3175847673
https://openalex.org/W3175885532
https://openalex.org/W3177789215
https://openalex.org/W3182483970
https://openalex.org/W3183296114
https://openalex.org/W3188416150
https://openalex.org/W3189175338
https://openalex.org/W318949720
https://openalex.org/W3190927676
https://openalex.org/W3193894381
https://openalex.org/W3195856581
https://openalex.org/W3197017298
https://openalex.org/W3197235106
https://openalex.org/W3197971772
https://openalex.org/W3202004524
https://openalex.org/W3206647510
https://openalex.org/W3208088090
https://openalex.org/W3208512088
https://openalex.org/W3210502097
https://openalex.org/W3210557433
https://openalex.org/W3210656708
https://openalex.org/W3210911986
https://openalex.org/W3210941857
https://openalex.org/W3211708797
https://openalex.org/W3211956476
https://openalex.org/W3213415955
https://openalex.org/W3213824773
https://openalex.org/W3214123103
https://openalex.org/W3214282785
https://openalex.org/W3214294561
https://openalex.org/W3214387428
https://openalex.org/W3215138742
https://openalex.org/W3215591522
https://openalex.org/W3216221026
https://openalex.org/W3216449506
https://openalex.org/W3216533554
https://openalex.org/W3217077969
https://openalex.org/W327259182
https://openalex.org/W359977246
https://openalex.org/W383338618
https://openalex.org/W392221523
https://openalex.org/W398071426
https://openalex.org/W39951583
https://openalex.org/W414550723
https://openalex.org/W4200139387
https://openalex.org/W4200170931
https://openalex.org/W4200191760
https://openalex.org/W4205146386
https://openalex.org/W4205281241
https://openalex.org/W4205998538
https://openalex.org/W4206102945
https://openalex.org/W4210644325
https://openalex.org/W4211073888
https://openalex.org/W4212888934
https://openalex.org/W4212902439
https://openalex.org/W4220698916
https://openalex.org/W4220951166
https://openalex.org/W4223983096
https://openalex.org/W4224214491
https://openalex.org/W4224214837
https://openalex.org/W4224216266
https://openalex.org/W4224216924
https://openalex.org/W4224245875
https://openalex.org/W4224246890
https://openalex.org/W4224250509
https://openalex.org/W4224277370
https://openalex.org/W4224287042
https://openalex.org/W4225263721
https://openalex.org/W4225279939
https://openalex.org/W4225638020
https://openalex.org/W4226082769
https://openalex.org/W4226091078
https://openalex.org/W4226097922
https://openalex.org/W4226226062
https://openalex.org/W4228996754
https://openalex.org/W4229007176
https://openalex.org/W4229038604
https://openalex.org/W4229053025
https://openalex.org/W4229061404
https://openalex.org/W4230031100
https://openalex.org/W4231232332
https://openalex.org/W4231269790
https://openalex.org/W4232091842
https://openalex.org/W4232263710
https://openalex.org/W4233348224
https://openalex.org/W4233431863
https://openalex.org/W4233871003
https://openalex.org/W4234063170
https://openalex.org/W4235067288
https://openalex.org/W4235184567
https://openalex.org/W4235205795
https://openalex.org/W4235965074
https://openalex.org/W4236308407
https://openalex.org/W4238416191
https://openalex.org/W4239586253
https://openalex.org/W4240090889
https://openalex.org/W4240360337
https://openalex.org/W4241118687
https://openalex.org/W4241476013
https://openalex.org/W4241521372
https://openalex.org/W4242508124
https://openalex.org/W4242511826
https://openalex.org/W4242814676
https://openalex.org/W4243358509
https://openalex.org/W4245765390
https://openalex.org/W4245793487
https://openalex.org/W4247625319
https://openalex.org/W4247939796
https://openalex.org/W4248814509
https://openalex.org/W4249686302
https://openalex.org/W4252613990
https://openalex.org/W4252802554
https://openalex.org/W4253405098
https://openalex.org/W4253425248
https://openalex.org/W4253903338
https://openalex.org/W4254524030
https://openalex.org/W4254957949
https://openalex.org/W4255155323
https://openalex.org/W4280574482
https://openalex.org/W4280597340
https://openalex.org/W4282962864
https://openalex.org/W4285386680
https://openalex.org/W4285734721
https://openalex.org/W4286482774
https://openalex.org/W4286491056
https://openalex.org/W4288331656
https://openalex.org/W4288742766
https://openalex.org/W4288982727
https://openalex.org/W4289036801
https://openalex.org/W4289594484
https://openalex.org/W4291944678
https://openalex.org/W4292952950
https://openalex.org/W4293109501
https://openalex.org/W4293295034
https://openalex.org/W4293769499
https://openalex.org/W4294350589
https://openalex.org/W4295084330
https://openalex.org/W4295784024
https://openalex.org/W4296089611
https://openalex.org/W4297612844
https://openalex.org/W4297612924
https://openalex.org/W4297786930
https://openalex.org/W4298005151
https://openalex.org/W4298129580
https://openalex.org/W4300186331
https://openalex.org/W4300691255
https://openalex.org/W4302016032
https://openalex.org/W4304092388
https://openalex.org/W4306194562
https://openalex.org/W4306658620
https://openalex.org/W4306659965
https://openalex.org/W4307115668
https://openalex.org/W4308052777
https://openalex.org/W4308648012
https://openalex.org/W4309400133
https://openalex.org/W4309481476
https://openalex.org/W4309535755
https://openalex.org/W4309734393
https://openalex.org/W4311041233
https://openalex.org/W4311197833
https://openalex.org/W4311904193
https://openalex.org/W4313335004
https://openalex.org/W4313356513
https://openalex.org/W4313392051
https://openalex.org/W4313509557
https://openalex.org/W4313595465
https://openalex.org/W4313595736
https://openalex.org/W4313887896
https://openalex.org/W4315927710
https://openalex.org/W4316464277
https://openalex.org/W4317033368
https://openalex.org/W4318167018
https://openalex.org/W4318669511
https://openalex.org/W4318698956
https://openalex.org/W4321749248
https://openalex.org/W4322154777
https://openalex.org/W4323032508
https://openalex.org/W4323650387
https://openalex.org/W4324117632
https://openalex.org/W4327739650
https://openalex.org/W4361001216
https://openalex.org/W4361236955
https://openalex.org/W4361236967
https://openalex.org/W4361236982
https://openalex.org/W4361237086
https://openalex.org/W4361237147
https://openalex.org/W4361237186
https://openalex.org/W4361241515
https://openalex.org/W4361241539
https://openalex.org/W4361241634
https://openalex.org/W4361241640
https://openalex.org/W4361241663
https://openalex.org/W4361241665
https://openalex.org/W4361241784
https://openalex.org/W4361241806
https://openalex.org/W4361242000
https://openalex.org/W4361242003
https://openalex.org/W4361243026
https://openalex.org/W4361243043
https://openalex.org/W4361243181
https://openalex.org/W4361243332
https://openalex.org/W4361261101
https://openalex.org/W4361261252
https://openalex.org/W4361261258
https://openalex.org/W4361261285
https://openalex.org/W4361821134
https://openalex.org/W4361821430
https://openalex.org/W4361821792
https://openalex.org/W4361822927
https://openalex.org/W4361824316
https://openalex.org/W4361827381
https://openalex.org/W4361834019
https://openalex.org/W4361847312
https://openalex.org/W4361847523
https://openalex.org/W4361847726
https://openalex.org/W4361847742
https://openalex.org/W4361847788
https://openalex.org/W4361848135
https://openalex.org/W4361870553
https://openalex.org/W4361870557
https://openalex.org/W4361876556
https://openalex.org/W4361876565
https://openalex.org/W4361876594
https://openalex.org/W4361877507
https://openalex.org/W4361893757
https://openalex.org/W4361893966
https://openalex.org/W4361934945
https://openalex.org/W4361934952
https://openalex.org/W4361934978
https://openalex.org/W4361935180
https://openalex.org/W4361935226
https://openalex.org/W4361935243
https://openalex.org/W4361935246
https://openalex.org/W4361935250
https://openalex.org/W4361935261
https://openalex.org/W4361953001
https://openalex.org/W4361958972
https://openalex.org/W4361959766
https://openalex.org/W4361961307
https://openalex.org/W4362284512
https://openalex.org/W4362393051
https://openalex.org/W4362407030
https://openalex.org/W4362407168
https://openalex.org/W4362407194
https://openalex.org/W4362407197
https://openalex.org/W4362407209
https://openalex.org/W4362407367
https://openalex.org/W4362407378
https://openalex.org/W4362407504
https://openalex.org/W4362407510
https://openalex.org/W4362422619
https://openalex.org/W4362422762
https://openalex.org/W4362422787
https://openalex.org/W4362422881
https://openalex.org/W4362426044
https://openalex.org/W4362490633
https://openalex.org/W4362490749
https://openalex.org/W4362490769
https://openalex.org/W4362490771
https://openalex.org/W4362531089
https://openalex.org/W4362531097
https://openalex.org/W4362531121
https://openalex.org/W4362531181
https://openalex.org/W4362531187
https://openalex.org/W4362531190
https://openalex.org/W4362531203
https://openalex.org/W4362531204
https://openalex.org/W4362531578
https://openalex.org/W4362531603
https://openalex.org/W4362531668
https://openalex.org/W4362531705
https://openalex.org/W4362531720
https://openalex.org/W4362531756
https://openalex.org/W4362531883
https://openalex.org/W4362531885
https://openalex.org/W4362535027
https://openalex.org/W4362538231
https://openalex.org/W4362538242
https://openalex.org/W4362538341
https://openalex.org/W4362538347
https://openalex.org/W4362538359
https://openalex.org/W4362546594
https://openalex.org/W4362551879
https://openalex.org/W4362551936
https://openalex.org/W4362551956
https://openalex.org/W4362551977
https://openalex.org/W4362551983
https://openalex.org/W4362552152
https://openalex.org/W4362552761
https://openalex.org/W4362603644
https://openalex.org/W4362610042
https://openalex.org/W4362616625
https://openalex.org/W4362616627
https://openalex.org/W4362616671
https://openalex.org/W4362616679
https://openalex.org/W4362616710
https://openalex.org/W4362626450
https://openalex.org/W4362626531
https://openalex.org/W4362626672
https://openalex.org/W4362626839
https://openalex.org/W4362627051
https://openalex.org/W4362627054
https://openalex.org/W4362627126
https://openalex.org/W4362627228
https://openalex.org/W4362627457
https://openalex.org/W4362627465
https://openalex.org/W4362627472
https://openalex.org/W4362627483
https://openalex.org/W4362627524
https://openalex.org/W4362627543
https://openalex.org/W4362627550
https://openalex.org/W4362627578
https://openalex.org/W4362693477
https://openalex.org/W4362694034
https://openalex.org/W4362720880
https://openalex.org/W4365142476
https://openalex.org/W4365793664
https://openalex.org/W4366984767
https://openalex.org/W4366984781
https://openalex.org/W4366985151
https://openalex.org/W4367048315
https://openalex.org/W4367059374
https://openalex.org/W4367059457
https://openalex.org/W4367842212
https://openalex.org/W4376641408
https://openalex.org/W4378231369
https://openalex.org/W4378378383
https://openalex.org/W4378516245
https://openalex.org/W4378528015
https://openalex.org/W4378907621
https://openalex.org/W4379516430
https://openalex.org/W4379800821
https://openalex.org/W4380448015
https://openalex.org/W4380626332
https://openalex.org/W4380785854
https://openalex.org/W4382137237
https://openalex.org/W4382245719
https://openalex.org/W4382344645
https://openalex.org/W4383058974
https://openalex.org/W4383186796
https://openalex.org/W4383226946
https://openalex.org/W4383227091
https://openalex.org/W4383379656
https://openalex.org/W4383384729
https://openalex.org/W4384342816
https://openalex.org/W4384662226
https://openalex.org/W4384823136
https://openalex.org/W4384823170
https://openalex.org/W4384824336
https://openalex.org/W4384825929
https://openalex.org/W4384826172
https://openalex.org/W4384826461
https://openalex.org/W4384826481
https://openalex.org/W4384826897
https://openalex.org/W4384826898
https://openalex.org/W4384826899
https://openalex.org/W4384827233
https://openalex.org/W4384827286
https://openalex.org/W4384828506
https://openalex.org/W4384828552
https://openalex.org/W4384828582
https://openalex.org/W4384828597
https://openalex.org/W4384828919
https://openalex.org/W4384828958
https://openalex.org/W4385441156
https://openalex.org/W4385456804
https://openalex.org/W4385490250
https://openalex.org/W4385563354
https://openalex.org/W4385580906
https://openalex.org/W4385580958
https://openalex.org/W4385581042
https://openalex.org/W4385581052
https://openalex.org/W4385581128
https://openalex.org/W4385581197
https://openalex.org/W4385581210
https://openalex.org/W4385581212
https://openalex.org/W4385581293
https://openalex.org/W4385581299
https://openalex.org/W4385581352
https://openalex.org/W4385581499
https://openalex.org/W4385583662
https://openalex.org/W4385583664
https://openalex.org/W4385583667
https://openalex.org/W4385583679
https://openalex.org/W4385583687
https://openalex.org/W4385583840
https://openalex.org/W4385583846
https://openalex.org/W4385610427
https://openalex.org/W4385696671
https://openalex.org/W4385696676
https://openalex.org/W4385696697
https://openalex.org/W4385696699
https://openalex.org/W4385696718
https://openalex.org/W4385696731
https://openalex.org/W4385696788
https://openalex.org/W4385813182
https://openalex.org/W4385957497
https://openalex.org/W4386054376
https://openalex.org/W4386249032
https://openalex.org/W4386447622
https://openalex.org/W4386515365
https://openalex.org/W4386573515
https://openalex.org/W4386594898
https://openalex.org/W4386719211
https://openalex.org/W4386948476
https://openalex.org/W4387007908
https://openalex.org/W4387032941
https://openalex.org/W560970470
https://openalex.org/W569051659
https://openalex.org/W571675640
https://openalex.org/W581097633
https://openalex.org/W586489713
https://openalex.org/W591735695
https://openalex.org/W594629535
https://openalex.org/W59957252
https://openalex.org/W602428198
https://openalex.org/W610433407
https://openalex.org/W618472255
https://openalex.org/W627944517
https://openalex.org/W634258673
https://openalex.org/W64043813
https://openalex.org/W644113031
https://openalex.org/W73020147
https://openalex.org/W74574814
https://openalex.org/W756253616
https://openalex.org/W76209265
https://openalex.org/W80630031
https://openalex.org/W858387436
https://openalex.org/W859168254
https://openalex.org/W956438693
https://openalex.org/W2151782652
https://openalex.org/W2081289033
https://openalex.org/W2013602603
https://openalex.org/W1976209715
https://openalex.org/W2070950612
https://openalex.org/W1985780641
https://openalex.org/W1968344288
https://openalex.org/W2113594480
https://openalex.org/W2508506323
https://openalex.org/W2011226144
https://openalex.org/W3022125993
https://openalex.org/W1567948714
https://openalex.org/W2011781064
https://openalex.org/W2089749987
https://openalex.org/W2138041013
https://openalex.org/W2148377156
https://openalex.org/W2156140337
https://openalex.org/W1984098717
https://openalex.org/W1524233086
https://openalex.org/W1968458512
https://openalex.org/W2039649808
https://openalex.org/W2005607933
https://openalex.org/W2087101282
https://openalex.org/W2108449579
https://openalex.org/W1991154713
https://openalex.org/W1752957211
https://openalex.org/W2624919703
https://openalex.org/W2052881651
https://openalex.org/W2112965812
https://openalex.org/W1742769645
https://openalex.org/W2011929406
https://openalex.org/W2069494674
https://openalex.org/W2073463200
https://openalex.org/W2034667463
https://openalex.org/W2101580769
https://openalex.org/W2110949356
https://openalex.org/W2909520779
https://openalex.org/W2102359080
https://openalex.org/W2125140731
https://openalex.org/W2028449397
https://openalex.org/W2066296745
https://openalex.org/W57300348
https://openalex.org/W1984621152
https://openalex.org/W1588026348
https://openalex.org/W2003415119
https://openalex.org/W2120820054
https://openalex.org/W2903051221
https://openalex.org/W2018726079
https://openalex.org/W2083774201
https://openalex.org/W1972775797
https://openalex.org/W2239460943
https://openalex.org/W2188217851
https://openalex.org/W1506998249
https://openalex.org/W2031469747
https://openalex.org/W2171547914
https://openalex.org/W4238092255
https://openalex.org/W2150055532
https://openalex.org/W4249398132
https://openalex.org/W1973336682
https://openalex.org/W2076511007
https://openalex.org/W2160931313
https://openalex.org/W2127838257
https://openalex.org/W198827595
https://openalex.org/W2792622846
https://openalex.org/W2074074180
https://openalex.org/W2174616186
https://openalex.org/W2128235721
https://openalex.org/W2052316443
https://openalex.org/W2131871678
https://openalex.org/W2144916775
https://openalex.org/W2224826979
https://openalex.org/W2012579732
https://openalex.org/W2034095018
https://openalex.org/W110338166
https://openalex.org/W2171064960
https://openalex.org/W4327493818
https://openalex.org/W2093257311
https://openalex.org/W2971390047
https://openalex.org/W3034696123
https://openalex.org/W2896256743
https://openalex.org/W2099458072
https://openalex.org/W3024320461
https://openalex.org/W1805101691
https://openalex.org/W2115874732
https://openalex.org/W2027882175
https://openalex.org/W2066099115
https://openalex.org/W2065650885
https://openalex.org/W2138203188
https://openalex.org/W2055463902
https://openalex.org/W2066784362
https://openalex.org/W2097027506
https://openalex.org/W1576334230
https://openalex.org/W4246409641
https://openalex.org/W1846384189
https://openalex.org/W3125321497
https://openalex.org/W2042281487
https://openalex.org/W2412261015
https://openalex.org/W3011544320
https://openalex.org/W1970572590
https://openalex.org/W2048513860
https://openalex.org/W2034804289
https://openalex.org/W2111730272
https://openalex.org/W2971879403
https://openalex.org/W2140213726
https://openalex.org/W1977073128
https://openalex.org/W2627082476
https://openalex.org/W2015242992
https://openalex.org/W2024889906
https://openalex.org/W2002599842
https://openalex.org/W2100473102
https://openalex.org/W2317658101
https://openalex.org/W1104524
https://openalex.org/W2036018543
https://openalex.org/W2071700339
https://openalex.org/W2047789082
https://openalex.org/W2125864224
https://openalex.org/W1508718723
https://openalex.org/W2955641998
https://openalex.org/W2116057372
https://openalex.org/W2405780647
https://openalex.org/W3023118371
https://openalex.org/W2132366484
https://openalex.org/W2901467308
https://openalex.org/W2022195521
https://openalex.org/W2043193112
https://openalex.org/W2076190156
https://openalex.org/W2128384607
https://openalex.org/W2766200396
https://openalex.org/W2799346053
https://openalex.org/W2948955942
https://openalex.org/W2104143047
https://openalex.org/W2039429718
https://openalex.org/W2125488249
https://openalex.org/W2097829977
https://openalex.org/W2062526133
https://openalex.org/W2805509618
https://openalex.org/W2943194904
https://openalex.org/W2017079831
https://openalex.org/W2065887670
https://openalex.org/W2254256350
https://openalex.org/W2404611539
https://openalex.org/W2806975221
https://openalex.org/W2010993903
https://openalex.org/W2029508272
https://openalex.org/W2083644416
https://openalex.org/W1591545176
https://openalex.org/W2151923407
https://openalex.org/W2981964686
https://openalex.org/W2025060855
https://openalex.org/W2014051173
https://openalex.org/W2007995269
https://openalex.org/W1987585887
https://openalex.org/W2068223658
https://openalex.org/W2289707431
https://openalex.org/W2002690820
https://openalex.org/W2101374419
https://openalex.org/W2103000007
https://openalex.org/W2137082092
https://openalex.org/W2504419527
https://openalex.org/W2238720538
https://openalex.org/W2060658299
https://openalex.org/W2100172441
https://openalex.org/W2088969471
https://openalex.org/W2136243119
https://openalex.org/W1966490808
https://openalex.org/W2075578689
https://openalex.org/W2138647525
https://openalex.org/W2757535755
https://openalex.org/W2023135052
https://openalex.org/W2073234837
https://openalex.org/W1978624185
https://openalex.org/W2038184872
https://openalex.org/W2418284952
https://openalex.org/W2008962365
https://openalex.org/W2071388966
https://openalex.org/W3025941145
https://openalex.org/W3043795706
https://openalex.org/W2195999605
https://openalex.org/W1980214881
https://openalex.org/W2120741465
https://openalex.org/W2053147377
https://openalex.org/W2150764664
https://openalex.org/W2166256081
https://openalex.org/W1881846858
https://openalex.org/W1973353549
https://openalex.org/W2027228490
https://openalex.org/W2035500411
https://openalex.org/W2017617092
https://openalex.org/W2035628161
https://openalex.org/W2109414219
https://openalex.org/W3204104449
https://openalex.org/W2002690451
https://openalex.org/W2014044128
https://openalex.org/W2019546758
https://openalex.org/W75616635
https://openalex.org/W1527496464
https://openalex.org/W1964296506
https://openalex.org/W1969436325
https://openalex.org/W1996084795
https://openalex.org/W2113862900
https://openalex.org/W2147767508
https://openalex.org/W286873133
https://openalex.org/W1939706723
https://openalex.org/W2057273489
https://openalex.org/W2107570846
https://openalex.org/W2149090322
https://openalex.org/W2047063821
https://openalex.org/W2079791141
https://openalex.org/W2092221194
https://openalex.org/W59491123
https://openalex.org/W180241256
https://openalex.org/W1970010577
https://openalex.org/W2016682415
https://openalex.org/W2055928994
https://openalex.org/W2073288227
https://openalex.org/W2115394790
https://openalex.org/W2128985549
https://openalex.org/W2129976638
https://openalex.org/W1991956951
https://openalex.org/W2014138300
https://openalex.org/W2079242957
https://openalex.org/W2081003973
https://openalex.org/W2128965991
https://openalex.org/W1978502118
https://openalex.org/W3040910369
https://openalex.org/W1965129746
https://openalex.org/W1968724800
https://openalex.org/W2076199427
https://openalex.org/W2083659467
https://openalex.org/W2322190778
https://openalex.org/W2796788697
https://openalex.org/W18147505
https://openalex.org/W1971298315
https://openalex.org/W2016886772
https://openalex.org/W2103235886
https://openalex.org/W2137336408
https://openalex.org/W2157038253
https://openalex.org/W3131270149
https://openalex.org/W2041811632
https://openalex.org/W2090048264
https://openalex.org/W2528906166
https://openalex.org/W2980997004
https://openalex.org/W2999990180
https://openalex.org/W1792196305
https://openalex.org/W1970872252
https://openalex.org/W2157202265
https://openalex.org/W2157764877
https://openalex.org/W2913752795
https://openalex.org/W2001181578
https://openalex.org/W2028000816
https://openalex.org/W2061115826
https://openalex.org/W2067578111
https://openalex.org/W2072832311
https://openalex.org/W2116331185
https://openalex.org/W2973101306
https://openalex.org/W2052860737
https://openalex.org/W2094696919
https://openalex.org/W2141972758
https://openalex.org/W2802355956
https://openalex.org/W2041107590
https://openalex.org/W2041206360
https://openalex.org/W2052960762
https://openalex.org/W2134649744
https://openalex.org/W2162070063
https://openalex.org/W2216761824
https://openalex.org/W2401966128
https://openalex.org/W316630663
https://openalex.org/W1985842524
https://openalex.org/W2008511690
https://openalex.org/W2090988201
https://openalex.org/W2140990309
https://openalex.org/W2158702355
https://openalex.org/W1990792892
https://openalex.org/W2582117171
https://openalex.org/W2737170551
https://openalex.org/W1223191134
https://openalex.org/W1545629156
https://openalex.org/W1983927922
https://openalex.org/W2080337209
https://openalex.org/W2171669238
https://openalex.org/W2782181940
https://openalex.org/W2028523697
https://openalex.org/W2068005725
https://openalex.org/W2087131446
https://openalex.org/W2128106552
https://openalex.org/W2152384213
https://openalex.org/W2558002947
https://openalex.org/W2560238409
https://openalex.org/W1501456700
https://openalex.org/W1761099207
https://openalex.org/W1995336946
https://openalex.org/W2005127807
https://openalex.org/W2016339269
https://openalex.org/W2089631479
https://openalex.org/W2138461043
https://openalex.org/W2415265363
https://openalex.org/W2755247298
https://openalex.org/W2026816019
https://openalex.org/W2982447551
https://openalex.org/W1972323930
https://openalex.org/W1996208962
https://openalex.org/W2048176039
https://openalex.org/W2126045190
https://openalex.org/W2169242300
https://openalex.org/W3165653012
https://openalex.org/W2002195240
https://openalex.org/W2057051212
https://openalex.org/W2081572002
https://openalex.org/W2155816092
https://openalex.org/W2471406508
https://openalex.org/W2975694913
https://openalex.org/W3039075658
https://openalex.org/W2010808314
https://openalex.org/W2023334359
https://openalex.org/W2098898065
https://openalex.org/W2304992398
https://openalex.org/W2331645488
https://openalex.org/W2344164538
https://openalex.org/W2413782556
https://openalex.org/W2010468298
https://openalex.org/W2142117907
https://openalex.org/W2978645347
https://openalex.org/W2061976097
https://openalex.org/W2117630953
https://openalex.org/W2157846073
https://openalex.org/W2564919225
https://openalex.org/W4254169154
https://openalex.org/W1498693831
https://openalex.org/W1893825481
https://openalex.org/W2038188707
https://openalex.org/W2051709099
https://openalex.org/W2063488727
https://openalex.org/W2069327645
https://openalex.org/W2093193945
https://openalex.org/W2133824620
https://openalex.org/W2143338198
https://openalex.org/W2741554444
https://openalex.org/W2792941608
https://openalex.org/W2035570050
https://openalex.org/W2038979224
https://openalex.org/W2133931254
https://openalex.org/W2791214549
https://openalex.org/W1772860769
https://openalex.org/W1976558362
https://openalex.org/W1981916922
https://openalex.org/W2026895950
https://openalex.org/W2058830090
https://openalex.org/W2097234426
https://openalex.org/W2170389408
https://openalex.org/W2397504002
https://openalex.org/W2437082853
https://openalex.org/W2586843258
https://openalex.org/W273570570
https://openalex.org/W1973586802
https://openalex.org/W1973699421
https://openalex.org/W2784132122
https://openalex.org/W169229158
https://openalex.org/W1920308054
https://openalex.org/W2011158853
https://openalex.org/W2077545537
https://openalex.org/W2078721008
https://openalex.org/W2082924903
https://openalex.org/W2167419379
https://openalex.org/W2167634783
https://openalex.org/W2262063400
https://openalex.org/W2566174779
https://openalex.org/W1583478679
https://openalex.org/W2055606884
https://openalex.org/W2087115662
https://openalex.org/W2092951730
https://openalex.org/W2135172447
https://openalex.org/W2416792943
https://openalex.org/W2064322206
https://openalex.org/W2080504080
https://openalex.org/W2124666583
https://openalex.org/W1139674928
https://openalex.org/W1979052902
https://openalex.org/W2026856898
https://openalex.org/W2036468797
https://openalex.org/W2158344616
https://openalex.org/W2554754082
https://openalex.org/W2969472261
https://openalex.org/W1978342553
https://openalex.org/W1994895511
https://openalex.org/W2004980934
https://openalex.org/W2006777230
https://openalex.org/W2048692401
https://openalex.org/W2071610255
https://openalex.org/W2104723120
https://openalex.org/W2115356248
https://openalex.org/W1802244642
https://openalex.org/W1984207076
https://openalex.org/W1989511471
https://openalex.org/W1993401230
https://openalex.org/W2002773412
https://openalex.org/W2026643114
https://openalex.org/W2032987814
https://openalex.org/W2070912351
https://openalex.org/W2080632614
https://openalex.org/W2111319101
https://openalex.org/W2112348133
https://openalex.org/W3025533245
https://openalex.org/W1978546282
https://openalex.org/W2017761854
https://openalex.org/W2033632994
https://openalex.org/W2047989170
https://openalex.org/W2052939994
https://openalex.org/W2103811827
https://openalex.org/W2142788311
https://openalex.org/W2163841424
https://openalex.org/W2902555145
https://openalex.org/W2952612017
https://openalex.org/W3124720854
https://openalex.org/W114868831
https://openalex.org/W151001451
https://openalex.org/W1583804197
https://openalex.org/W2036362202
https://openalex.org/W2056997511
https://openalex.org/W2143671007
https://openalex.org/W2160008754
https://openalex.org/W2167111660
https://openalex.org/W2418480254
https://openalex.org/W2918899876
https://openalex.org/W2955783686
https://openalex.org/W331077154
https://openalex.org/W1596216898
https://openalex.org/W185979864
https://openalex.org/W1971555870
https://openalex.org/W1974262233
https://openalex.org/W2007843782
https://openalex.org/W2008501742
https://openalex.org/W2037012962
https://openalex.org/W2064195523
https://openalex.org/W2064626041
https://openalex.org/W2072186869
https://openalex.org/W2109964095
https://openalex.org/W2120228657
https://openalex.org/W2120656573
https://openalex.org/W2169876702
https://openalex.org/W2338678163
https://openalex.org/W2481195135
https://openalex.org/W2556745532
https://openalex.org/W2741628124
https://openalex.org/W2747465281
https://openalex.org/W2811156570
https://openalex.org/W1517157392
https://openalex.org/W1965511334
https://openalex.org/W1977529795
https://openalex.org/W2025601573
https://openalex.org/W2081525878
https://openalex.org/W2126605172
https://openalex.org/W2143538354
https://openalex.org/W2169025331
https://openalex.org/W2953075976
https://openalex.org/W1632292307
https://openalex.org/W1963770663
https://openalex.org/W1993314306
https://openalex.org/W2011576850
https://openalex.org/W2022314430
https://openalex.org/W2052614326
https://openalex.org/W2053887177
https://openalex.org/W2063258527
https://openalex.org/W2078697383
https://openalex.org/W2083959709
https://openalex.org/W2086853035
https://openalex.org/W2117216289
https://openalex.org/W2143185655
https://openalex.org/W2150076376
https://openalex.org/W2152848510
https://openalex.org/W2755651139
https://openalex.org/W2948094712
https://openalex.org/W3009219479
https://openalex.org/W106522703
https://openalex.org/W1548184736
https://openalex.org/W1967444356
https://openalex.org/W2032892351
https://openalex.org/W2069646211
https://openalex.org/W2085391153
https://openalex.org/W2114057451
https://openalex.org/W2120687232
https://openalex.org/W2139257281
https://openalex.org/W2596911657
https://openalex.org/W2910851653
https://openalex.org/W2940068507
https://openalex.org/W1599723666
https://openalex.org/W1911396260
https://openalex.org/W1965701385
https://openalex.org/W1979586133
https://openalex.org/W1981110071
https://openalex.org/W1985105958
https://openalex.org/W1992985858
https://openalex.org/W2000040518
https://openalex.org/W2021727967
https://openalex.org/W2024372218
https://openalex.org/W2041910345
https://openalex.org/W2045674923
https://openalex.org/W2048382033
https://openalex.org/W2066775008
https://openalex.org/W2073733973
https://openalex.org/W2075740164
https://openalex.org/W2604341575
https://openalex.org/W1647480653
https://openalex.org/W1990124138
https://openalex.org/W2039273694
https://openalex.org/W2073789551
https://openalex.org/W2075263847
https://openalex.org/W2095123661
https://openalex.org/W2158950280
https://openalex.org/W2170142798
https://openalex.org/W2336629175
https://openalex.org/W2947144409
https://openalex.org/W3101374538
https://openalex.org/W4220761259
https://openalex.org/W1977391927
https://openalex.org/W1990903661
https://openalex.org/W2049685810
https://openalex.org/W2053850518
https://openalex.org/W2097656323
https://openalex.org/W2111517219
https://openalex.org/W2143574749
https://openalex.org/W2153263190
https://openalex.org/W2170935953
https://openalex.org/W2185466072
https://openalex.org/W2898463991
https://openalex.org/W2987171095
https://openalex.org/W1963938886
https://openalex.org/W1982829264
https://openalex.org/W2008058421
https://openalex.org/W2019654750
https://openalex.org/W2061121257
https://openalex.org/W2078131294
https://openalex.org/W2107805350
https://openalex.org/W2110969811
https://openalex.org/W2152189252
https://openalex.org/W2156804059
https://openalex.org/W2588527247
https://openalex.org/W2606631619
https://openalex.org/W2967666344
https://openalex.org/W3098978910
https://openalex.org/W3104951082
https://openalex.org/W1961211259
https://openalex.org/W2066299293
https://openalex.org/W2084818366
https://openalex.org/W2094263893
https://openalex.org/W2098191707
https://openalex.org/W2141435868
https://openalex.org/W2141902732
https://openalex.org/W2156403749
https://openalex.org/W2168877344
https://openalex.org/W2172827413
https://openalex.org/W2315517717
https://openalex.org/W2317598683
https://openalex.org/W2563111652
https://openalex.org/W2619684890
https://openalex.org/W2749159955
https://openalex.org/W2783653841
https://openalex.org/W2799271561
https://openalex.org/W3017490302
https://openalex.org/W3114650792
https://openalex.org/W3183739502
https://openalex.org/W1973419064
https://openalex.org/W2060502351
https://openalex.org/W2096321509
https://openalex.org/W2110669976
https://openalex.org/W2142173669
https://openalex.org/W2166298708
https://openalex.org/W2444032537
https://openalex.org/W2467225664
https://openalex.org/W2752325946
https://openalex.org/W2786997598
https://openalex.org/W2891956384
https://openalex.org/W2907866662
https://openalex.org/W2943765663
https://openalex.org/W2945926895
https://openalex.org/W2951839115
https://openalex.org/W3043463474
https://openalex.org/W1837475935
https://openalex.org/W1993128736
https://openalex.org/W1996004931
https://openalex.org/W1998859150
https://openalex.org/W2035813351
https://openalex.org/W2059241208
https://openalex.org/W2071006290
https://openalex.org/W2078513105
https://openalex.org/W2087700956
https://openalex.org/W2117202664
https://openalex.org/W2131473371
https://openalex.org/W2134058764
https://openalex.org/W214164130
https://openalex.org/W2155605975
https://openalex.org/W2315644497
https://openalex.org/W2869373966
https://openalex.org/W2916367140
https://openalex.org/W3029628060
https://openalex.org/W4205990531
https://openalex.org/W2006963877
https://openalex.org/W2021532914
https://openalex.org/W2056488087
https://openalex.org/W2061439309
https://openalex.org/W2064174460
https://openalex.org/W2083369477
https://openalex.org/W2090183117
https://openalex.org/W2410838834
https://openalex.org/W2791861611
https://openalex.org/W2800222911
https://openalex.org/W2809074545
https://openalex.org/W2950655676
https://openalex.org/W3023495604
https://openalex.org/W1985179763
https://openalex.org/W1985956904
https://openalex.org/W1986663325
https://openalex.org/W1992768654
https://openalex.org/W2010014775
https://openalex.org/W2014425635
https://openalex.org/W2041174520
https://openalex.org/W2083069865
https://openalex.org/W2112663838
https://openalex.org/W2114659006
https://openalex.org/W2154127091
https://openalex.org/W2157671689
https://openalex.org/W2179252074
https://openalex.org/W2256910679
https://openalex.org/W2323787586
https://openalex.org/W2582494696
https://openalex.org/W2623521812
https://openalex.org/W2770399943
https://openalex.org/W3128399753
https://openalex.org/W1976984731
https://openalex.org/W1983000219
https://openalex.org/W1999197286
https://openalex.org/W1999584970
https://openalex.org/W2001373747
https://openalex.org/W2018795761
https://openalex.org/W2060993117
https://openalex.org/W2072038582
https://openalex.org/W2072361320
https://openalex.org/W2073319741
https://openalex.org/W2107900526
https://openalex.org/W2143155081
https://openalex.org/W2157723703
https://openalex.org/W2170601564
https://openalex.org/W2918458728
https://openalex.org/W2938567561
https://openalex.org/W2983651968
https://openalex.org/W3121611053
https://openalex.org/W1520483237
https://openalex.org/W1846264946
https://openalex.org/W2024014135
https://openalex.org/W2028275795
https://openalex.org/W2082129626
https://openalex.org/W2100909584
https://openalex.org/W2120545936
https://openalex.org/W2141827912
https://openalex.org/W252167773
https://openalex.org/W2791416697
https://openalex.org/W2808473449
https://openalex.org/W2884866822
https://openalex.org/W2942508260
https://openalex.org/W2984412742
https://openalex.org/W3029225450
https://openalex.org/W608698783
https://openalex.org/W1838840412
https://openalex.org/W1840306201
https://openalex.org/W1896887845
https://openalex.org/W1978799871
https://openalex.org/W1998415947
https://openalex.org/W1999616443
https://openalex.org/W2008968734
https://openalex.org/W2014956675
https://openalex.org/W2016722696
https://openalex.org/W2033819175
https://openalex.org/W2037397983
https://openalex.org/W2038743226
https://openalex.org/W2077647033
https://openalex.org/W2079509453
https://openalex.org/W2094912282
https://openalex.org/W2116063938
https://openalex.org/W2118587081
https://openalex.org/W2333966876
https://openalex.org/W2619476967
https://openalex.org/W2624880158
https://openalex.org/W2741630973
https://openalex.org/W2766346344
https://openalex.org/W2910640855
https://openalex.org/W3049343914
https://openalex.org/W3098592358
https://openalex.org/W3162347383
https://openalex.org/W4242867273
https://openalex.org/W4311585488
https://openalex.org/W1522110351
https://openalex.org/W1964280642
https://openalex.org/W1983833718
https://openalex.org/W1996007979
https://openalex.org/W2013583057
https://openalex.org/W2029854837
https://openalex.org/W2030799519
https://openalex.org/W2039121341
https://openalex.org/W2044010383
https://openalex.org/W2051258702
https://openalex.org/W2069426504
https://openalex.org/W2122499666
https://openalex.org/W2128638726
https://openalex.org/W2304882948
https://openalex.org/W2433700089
https://openalex.org/W2520125286
https://openalex.org/W2593186568
https://openalex.org/W2737541970
https://openalex.org/W2767942225
https://openalex.org/W2811943604
https://openalex.org/W2898845830
https://openalex.org/W2936850632
https://openalex.org/W2947265860
https://openalex.org/W2954469810
https://openalex.org/W3104439575
https://openalex.org/W1509598005
https://openalex.org/W1994039312
https://openalex.org/W2007075975
https://openalex.org/W2008041170
https://openalex.org/W2018590219
https://openalex.org/W2023686965
https://openalex.org/W2027040780
https://openalex.org/W2093153950
https://openalex.org/W2100291110
https://openalex.org/W2101764054
https://openalex.org/W2106204497
https://openalex.org/W2110945835
https://openalex.org/W2119679445
https://openalex.org/W2139208071
https://openalex.org/W2154749718
https://openalex.org/W2160906451
https://openalex.org/W2232864684
https://openalex.org/W2586634060
https://openalex.org/W2587931113
https://openalex.org/W2617903656
https://openalex.org/W2806572986
https://openalex.org/W2811130476
https://openalex.org/W2885120517
https://openalex.org/W4206708173
https://openalex.org/W1984467897
https://openalex.org/W2013044163
https://openalex.org/W2048098404
https://openalex.org/W2056838444
https://openalex.org/W2060800363
https://openalex.org/W2060826079
https://openalex.org/W2080571722
https://openalex.org/W2086697739
https://openalex.org/W2091612311
https://openalex.org/W2106989327
https://openalex.org/W2519073022
https://openalex.org/W2564463051
https://openalex.org/W2783905564
https://openalex.org/W2890638687
https://openalex.org/W2891871257
https://openalex.org/W2901039403
https://openalex.org/W2903457466
https://openalex.org/W2943280552
https://openalex.org/W2949658957
https://openalex.org/W2954735777
https://openalex.org/W2984850714
https://openalex.org/W3021177500
https://openalex.org/W3084262776
https://openalex.org/W846765110
https://openalex.org/W1027085694
https://openalex.org/W1598944815
https://openalex.org/W1955404964
https://openalex.org/W1979910484
https://openalex.org/W1982416172
https://openalex.org/W2009709767
https://openalex.org/W2017646216
https://openalex.org/W2036769583
https://openalex.org/W2048395437
https://openalex.org/W2055084490
https://openalex.org/W2081234916
https://openalex.org/W2081679977
https://openalex.org/W2082848634
https://openalex.org/W2110933551
https://openalex.org/W2129003092
https://openalex.org/W2167143496
https://openalex.org/W2172097335
https://openalex.org/W2205447394
https://openalex.org/W2207866415
https://openalex.org/W2271158528
https://openalex.org/W2278764098
https://openalex.org/W2299230699
https://openalex.org/W2400369174
https://openalex.org/W2460459581
https://openalex.org/W2585554006
https://openalex.org/W2746092198
https://openalex.org/W2992995322
https://openalex.org/W3052470067
https://openalex.org/W3088533726
https://openalex.org/W3098442806
https://openalex.org/W1514331093
https://openalex.org/W1648054745
https://openalex.org/W1963768577
https://openalex.org/W1964832706
https://openalex.org/W1991013663
https://openalex.org/W1993156560
https://openalex.org/W2005984040
https://openalex.org/W2012780922
https://openalex.org/W2019004051
https://openalex.org/W2039288409
https://openalex.org/W2084978927
https://openalex.org/W2112816354
https://openalex.org/W2156696302
https://openalex.org/W2257403823
https://openalex.org/W2618787052
https://openalex.org/W2736063544
https://openalex.org/W2750174518
https://openalex.org/W2767574033
https://openalex.org/W2790163549
https://openalex.org/W2797597830
https://openalex.org/W3099207503
https://openalex.org/W3104621475
https://openalex.org/W1593537310
https://openalex.org/W1972161436
https://openalex.org/W1972993756
https://openalex.org/W1982576780
https://openalex.org/W1993578866
https://openalex.org/W1994508273
https://openalex.org/W2036960617
https://openalex.org/W2043112533
https://openalex.org/W2045846199
https://openalex.org/W2049823741
https://openalex.org/W2050142715
https://openalex.org/W2055999655
https://openalex.org/W2062541080
https://openalex.org/W2075706744
https://openalex.org/W2076397904
https://openalex.org/W2096436317
https://openalex.org/W2097157356
https://openalex.org/W2097874239
https://openalex.org/W2109277528
https://openalex.org/W2114472439
https://openalex.org/W2150109547
https://openalex.org/W2244220406
https://openalex.org/W2397537712
https://openalex.org/W2464957686
https://openalex.org/W2542469119
https://openalex.org/W2969295723
https://openalex.org/W32531206
https://openalex.org/W103147910
https://openalex.org/W118368307
https://openalex.org/W1539518754
https://openalex.org/W1926518908
https://openalex.org/W1968020305
https://openalex.org/W1976200639
https://openalex.org/W1983910727
https://openalex.org/W1992249854
https://openalex.org/W2000727187
https://openalex.org/W2001074727
https://openalex.org/W2005863488
https://openalex.org/W2029979337
https://openalex.org/W2033170387
https://openalex.org/W2045026101
https://openalex.org/W2048602418
https://openalex.org/W2061898519
https://openalex.org/W2077603782
https://openalex.org/W2091371642
https://openalex.org/W2093952359
https://openalex.org/W2120707862
https://openalex.org/W2122051216
https://openalex.org/W2140763602
https://openalex.org/W2394519102
https://openalex.org/W2488157187
https://openalex.org/W2525217484
https://openalex.org/W2552734764
https://openalex.org/W2572162288
https://openalex.org/W2596584325
https://openalex.org/W2768031283
https://openalex.org/W2793345438
https://openalex.org/W2978347397
https://openalex.org/W2993069397
https://openalex.org/W3034543863
https://openalex.org/W3048501752
https://openalex.org/W3091974978
https://openalex.org/W3093030584
https://openalex.org/W3095445047
https://openalex.org/W3102057504
https://openalex.org/W3103432796
https://openalex.org/W4210300884
https://openalex.org/W4240921745
https://openalex.org/W1586913653
https://openalex.org/W173132631
https://openalex.org/W1989162675
https://openalex.org/W1991856521
https://openalex.org/W2029265723
https://openalex.org/W2045001417
https://openalex.org/W2058995077
https://openalex.org/W2061594757
https://openalex.org/W2068949102
https://openalex.org/W2074373919
https://openalex.org/W2089230116
https://openalex.org/W2089300491
https://openalex.org/W2115136991
https://openalex.org/W2162298749
https://openalex.org/W2337078801
https://openalex.org/W2339585156
https://openalex.org/W2546455205
https://openalex.org/W2604203074
https://openalex.org/W2729223407
https://openalex.org/W2769248658
https://openalex.org/W2770978914
https://openalex.org/W2911468833
https://openalex.org/W2937993655
https://openalex.org/W2972067381
https://openalex.org/W2986652861
https://openalex.org/W3046838918
https://openalex.org/W3102820613
https://openalex.org/W3167655104
https://openalex.org/W3182925388
https://openalex.org/W3207463050
https://openalex.org/W1938030550
https://openalex.org/W1965788116
https://openalex.org/W1978801781
https://openalex.org/W1983248227
https://openalex.org/W1984752301
https://openalex.org/W1986431590
https://openalex.org/W1992199784
https://openalex.org/W1996477699
https://openalex.org/W2001019258
https://openalex.org/W2007163641
https://openalex.org/W2010654093
https://openalex.org/W2011424107
https://openalex.org/W2024510097
https://openalex.org/W2044912280
https://openalex.org/W2047732349
https://openalex.org/W2048106397
https://openalex.org/W2050232727
https://openalex.org/W2068773501
https://openalex.org/W2074505003
https://openalex.org/W2095872898
https://openalex.org/W2109644850
https://openalex.org/W2127565058
https://openalex.org/W2170472956
https://openalex.org/W2408899130
https://openalex.org/W2547758300
https://openalex.org/W2567624386
https://openalex.org/W2580981651
https://openalex.org/W2775680696
https://openalex.org/W2786837722
https://openalex.org/W2792281102
https://openalex.org/W2806077170
https://openalex.org/W2810769014
https://openalex.org/W2883431721
https://openalex.org/W2894672299
https://openalex.org/W2896149533
https://openalex.org/W2982138855
https://openalex.org/W3122655154
https://openalex.org/W1511414892
https://openalex.org/W1680126502
https://openalex.org/W1995843223
https://openalex.org/W2007195325
https://openalex.org/W2017979743
https://openalex.org/W2079174733
https://openalex.org/W2086844504
https://openalex.org/W2091456711
https://openalex.org/W2100959530
https://openalex.org/W2150677454
https://openalex.org/W2155185905
https://openalex.org/W2170009911
https://openalex.org/W2316773926
https://openalex.org/W2418683079
https://openalex.org/W2419294155
https://openalex.org/W2553194951
https://openalex.org/W2606726355
https://openalex.org/W2769287754
https://openalex.org/W2774463009
https://openalex.org/W2904070560
https://openalex.org/W2956329098
https://openalex.org/W2978133258
https://openalex.org/W3018046475
https://openalex.org/W3100887821
https://openalex.org/W3136711311
https://openalex.org/W3152896373
https://openalex.org/W3208891519
https://openalex.org/W3209238593
https://openalex.org/W4321015039
https://openalex.org/W1207884129
https://openalex.org/W1970788792
https://openalex.org/W1999095877
https://openalex.org/W2016635355
https://openalex.org/W2017828304
https://openalex.org/W2017848396
https://openalex.org/W2026976939
https://openalex.org/W2032164010
https://openalex.org/W2044667048
https://openalex.org/W2051354091
https://openalex.org/W2068944627
https://openalex.org/W2092065017
https://openalex.org/W2099049978
https://openalex.org/W2125154710
https://openalex.org/W2159244233
https://openalex.org/W2159346963
https://openalex.org/W2167248192
https://openalex.org/W2167328052
https://openalex.org/W2197999980
https://openalex.org/W2291256781
https://openalex.org/W2413557921
https://openalex.org/W2419238555
https://openalex.org/W2470069250
https://openalex.org/W2588714641
https://openalex.org/W2805686114
https://openalex.org/W2952366463
https://openalex.org/W2982489722
https://openalex.org/W3000121346
https://openalex.org/W3040019270
https://openalex.org/W3048481168
https://openalex.org/W3094931105
https://openalex.org/W3211574947
https://openalex.org/W4237534638
https://openalex.org/W4239040096
https://openalex.org/W4283714851
https://openalex.org/W1526728285
https://openalex.org/W157641886
https://openalex.org/W1797687483
https://openalex.org/W1969720576
https://openalex.org/W1980145018
https://openalex.org/W1994309144
https://openalex.org/W2005136745
https://openalex.org/W2008994024
https://openalex.org/W2016882474
https://openalex.org/W2018207096
https://openalex.org/W2033121519
https://openalex.org/W2055468921
https://openalex.org/W2089981240
https://openalex.org/W2094400592
https://openalex.org/W2169180075
https://openalex.org/W2290856329
https://openalex.org/W2729898491
https://openalex.org/W2759802273
https://openalex.org/W2782096013
https://openalex.org/W2803451318
https://openalex.org/W2900480660
https://openalex.org/W2918316203
https://openalex.org/W2921218152
https://openalex.org/W2940087675
https://openalex.org/W2950328532
https://openalex.org/W2965966043
https://openalex.org/W2968160188
https://openalex.org/W2970947138
https://openalex.org/W3112659104
https://openalex.org/W3156987233
https://openalex.org/W3164902771
https://openalex.org/W3186673077
https://openalex.org/W3198594925
https://openalex.org/W4212826452
https://openalex.org/W4226060525
https://openalex.org/W70250010
https://openalex.org/W1491181704
https://openalex.org/W1510389102
https://openalex.org/W1972977240
https://openalex.org/W1996111602
https://openalex.org/W2006393631
https://openalex.org/W2017734710
https://openalex.org/W2019066415
https://openalex.org/W2019273270
https://openalex.org/W2046383002
https://openalex.org/W2061454984
https://openalex.org/W2082181357
https://openalex.org/W2083303313
https://openalex.org/W2088461157
https://openalex.org/W2091794703
https://openalex.org/W2094060214
https://openalex.org/W2105201931
https://openalex.org/W2108268423
https://openalex.org/W2110018325
https://openalex.org/W2114559866
https://openalex.org/W2137975796
https://openalex.org/W2171027451
https://openalex.org/W2298257822
https://openalex.org/W2308736331
https://openalex.org/W2327049180
https://openalex.org/W2474171122
https://openalex.org/W2559739209
https://openalex.org/W2577622689
https://openalex.org/W2593915546
https://openalex.org/W2609301684
https://openalex.org/W2612501549
https://openalex.org/W2737520425
https://openalex.org/W2774353266
https://openalex.org/W2800332493
https://openalex.org/W2893671013
https://openalex.org/W2921840598
https://openalex.org/W2954835638
https://openalex.org/W2991173334
https://openalex.org/W3005912731
https://openalex.org/W3006600923
https://openalex.org/W3009335905
https://openalex.org/W3011723650
https://openalex.org/W3018452808
https://openalex.org/W3034250912
https://openalex.org/W3049060002
https://openalex.org/W3095807120
https://openalex.org/W3103105952
https://openalex.org/W3111900739
https://openalex.org/W3131299691
https://openalex.org/W3132362010
https://openalex.org/W3199323745
https://openalex.org/W4282922848
https://openalex.org/W1497465393
https://openalex.org/W1567465919
https://openalex.org/W189548156
https://openalex.org/W1964177580
https://openalex.org/W1975169373
https://openalex.org/W1994013275
https://openalex.org/W2038735456
https://openalex.org/W2056968730
https://openalex.org/W2058009032
https://openalex.org/W2066324817
https://openalex.org/W2081237941
https://openalex.org/W2092166909
https://openalex.org/W2093017573
https://openalex.org/W2130473398
https://openalex.org/W2152438572
https://openalex.org/W2157088947
https://openalex.org/W2226433126
https://openalex.org/W2275203102
https://openalex.org/W2490382704
https://openalex.org/W2746728407
https://openalex.org/W2811742502
https://openalex.org/W2916242605
https://openalex.org/W3004954184
https://openalex.org/W3013381808
https://openalex.org/W3021402695
https://openalex.org/W3034852785
https://openalex.org/W3036894622
https://openalex.org/W3040699397
https://openalex.org/W3095081198
https://openalex.org/W3120116204
https://openalex.org/W3144170738
https://openalex.org/W3205299069
https://openalex.org/W4220764491
https://openalex.org/W4239482016
https://openalex.org/W67140222
https://openalex.org/W1590744334
https://openalex.org/W1931185782
https://openalex.org/W1966674570
https://openalex.org/W1998791143
https://openalex.org/W2007632806
https://openalex.org/W2017011094
https://openalex.org/W2026584642
https://openalex.org/W2029376864
https://openalex.org/W203510854
https://openalex.org/W2053155412
https://openalex.org/W2053762446
https://openalex.org/W2056460298
https://openalex.org/W2063171304
https://openalex.org/W2097676396
https://openalex.org/W2135293196
https://openalex.org/W2169616000
https://openalex.org/W2274141346
https://openalex.org/W2316498903
https://openalex.org/W2352515381
https://openalex.org/W2398932448
https://openalex.org/W2515346540
https://openalex.org/W2523423225
https://openalex.org/W2593119905
https://openalex.org/W2786076794
https://openalex.org/W2795243227
https://openalex.org/W2890566891
https://openalex.org/W2949780618
https://openalex.org/W2953618655
https://openalex.org/W2965538190
https://openalex.org/W2972095665
https://openalex.org/W2973274802
https://openalex.org/W3039940670
https://openalex.org/W3083258818
https://openalex.org/W3104289893
https://openalex.org/W3108579335
https://openalex.org/W3120803469
https://openalex.org/W3124094184
https://openalex.org/W3133317550
https://openalex.org/W3164899358
https://openalex.org/W3174243049
https://openalex.org/W3180712342
https://openalex.org/W3201267309
https://openalex.org/W4280523133
https://openalex.org/W4283652316
https://openalex.org/W560413007
https://openalex.org/W1506935839
https://openalex.org/W1825226776
https://openalex.org/W1973386726
https://openalex.org/W1979985844
https://openalex.org/W1986529127
https://openalex.org/W1994997188
https://openalex.org/W1999698535
https://openalex.org/W2001584492
https://openalex.org/W2021762698
https://openalex.org/W2036740263
https://openalex.org/W2039647914
https://openalex.org/W205028022
https://openalex.org/W2053910920
https://openalex.org/W2055241195
https://openalex.org/W2077108160
https://openalex.org/W2079830354
https://openalex.org/W2084235757
https://openalex.org/W2084404078
https://openalex.org/W2084699582
https://openalex.org/W2084861786
https://openalex.org/W2095101196
https://openalex.org/W2102521849
https://openalex.org/W2109294602
https://openalex.org/W2124305156
https://openalex.org/W2128061834
https://openalex.org/W2131902606
https://openalex.org/W2141106139
https://openalex.org/W2160663953
https://openalex.org/W2167007219
https://openalex.org/W2201334806
https://openalex.org/W2314173732
https://openalex.org/W2579531285
https://openalex.org/W2751270742
https://openalex.org/W2763278562
https://openalex.org/W2771763003
https://openalex.org/W2794264038
https://openalex.org/W2888080758
https://openalex.org/W2903647836
https://openalex.org/W2903985848
https://openalex.org/W2912190810
https://openalex.org/W2917561871
https://openalex.org/W2970987952
https://openalex.org/W3010069098
https://openalex.org/W3013694890
https://openalex.org/W3089330655
https://openalex.org/W3096410340
https://openalex.org/W3111307278
https://openalex.org/W3120469231
https://openalex.org/W3124752356
https://openalex.org/W3133235112
https://openalex.org/W3164743684
https://openalex.org/W3175182301
https://openalex.org/W3211289760
https://openalex.org/W4211123627
https://openalex.org/W4224994379
https://openalex.org/W4280526792
https://openalex.org/W4306180137
https://openalex.org/W4309659289
https://openalex.org/W4310769239
https://openalex.org/W126231896
https://openalex.org/W1526937333
https://openalex.org/W1560019544
https://openalex.org/W1655611873
https://openalex.org/W188846552
https://openalex.org/W1898136285
https://openalex.org/W1983549829
https://openalex.org/W1986918107
https://openalex.org/W1993832322
https://openalex.org/W1995205370
https://openalex.org/W2048051801
https://openalex.org/W2070550089
https://openalex.org/W2076674374
https://openalex.org/W2077196165
https://openalex.org/W2082662717
https://openalex.org/W2090548774
https://openalex.org/W2097396716
https://openalex.org/W2141560863
https://openalex.org/W2271687724
https://openalex.org/W2332458373
https://openalex.org/W2396178598
https://openalex.org/W2416398131
https://openalex.org/W2418834697
https://openalex.org/W2438858907
https://openalex.org/W2489293701
https://openalex.org/W2551263048
https://openalex.org/W2776282424
https://openalex.org/W2806675070
https://openalex.org/W2902701726
https://openalex.org/W2922263141
https://openalex.org/W29287512
https://openalex.org/W2958882364
https://openalex.org/W2971340149
https://openalex.org/W2990574486
https://openalex.org/W2994807776
https://openalex.org/W2996124491
https://openalex.org/W3017210447
https://openalex.org/W3042317134
https://openalex.org/W3045430463
https://openalex.org/W3089493045
https://openalex.org/W3095460463
https://openalex.org/W3104910328
https://openalex.org/W3135698000
https://openalex.org/W3165719231
https://openalex.org/W3170155216
https://openalex.org/W3206972638
https://openalex.org/W4223895852
https://openalex.org/W4245597451
https://openalex.org/W4309048719
https://openalex.org/W1000474377
https://openalex.org/W1179601750
https://openalex.org/W1534657487
https://openalex.org/W1543699881
https://openalex.org/W1570623760
https://openalex.org/W1630736939
https://openalex.org/W1833884560
https://openalex.org/W1866859902
https://openalex.org/W1966410445
https://openalex.org/W1973718023
https://openalex.org/W1985050043
https://openalex.org/W1993267347
https://openalex.org/W1996950182
https://openalex.org/W2004528776
https://openalex.org/W2008142532
https://openalex.org/W2011472323
https://openalex.org/W2016927076
https://openalex.org/W2045491625
https://openalex.org/W2045673304
https://openalex.org/W2047649072
https://openalex.org/W2051227305
https://openalex.org/W2080991571
https://openalex.org/W2081317037
https://openalex.org/W2089766995
https://openalex.org/W211141326
https://openalex.org/W2156111161
https://openalex.org/W2169621690
https://openalex.org/W2232594291
https://openalex.org/W225553525
https://openalex.org/W2271160542
https://openalex.org/W2580344456
https://openalex.org/W2599341543
https://openalex.org/W2604396257
https://openalex.org/W2610756646
https://openalex.org/W2612405915
https://openalex.org/W2622530117
https://openalex.org/W2763203861
https://openalex.org/W2783171402
https://openalex.org/W2885304093
https://openalex.org/W2907267528
https://openalex.org/W2944409784
https://openalex.org/W2965200860
https://openalex.org/W2969904078
https://openalex.org/W2999580809
https://openalex.org/W2999709220
https://openalex.org/W3010107431
https://openalex.org/W3014052555
https://openalex.org/W3031729799
https://openalex.org/W3041605885
https://openalex.org/W3048966045
https://openalex.org/W3174376681
https://openalex.org/W4221000409
https://openalex.org/W4225390856
https://openalex.org/W4226182751
https://openalex.org/W4239871040
https://openalex.org/W4285007313
https://openalex.org/W4293582075
https://openalex.org/W4297091841
https://openalex.org/W1197692425
https://openalex.org/W1424952295
https://openalex.org/W142561815
https://openalex.org/W1504440295
https://openalex.org/W1544826213
https://openalex.org/W1575422521
https://openalex.org/W1667842027
https://openalex.org/W171835077
https://openalex.org/W179227171
https://openalex.org/W1985224282
https://openalex.org/W1995173266
https://openalex.org/W1998348281
https://openalex.org/W2019465010
https://openalex.org/W2021739143
https://openalex.org/W2033240084
https://openalex.org/W2045335951
https://openalex.org/W2046113169
https://openalex.org/W2070951993
https://openalex.org/W2076126049
https://openalex.org/W2078435899
https://openalex.org/W2086801954
https://openalex.org/W2092976680
https://openalex.org/W2110041604
https://openalex.org/W2145861444
https://openalex.org/W2253169483
https://openalex.org/W2266468526
https://openalex.org/W2415346345
https://openalex.org/W2437542445
https://openalex.org/W2562341224
https://openalex.org/W259782427
https://openalex.org/W2733687390
https://openalex.org/W2745801637
https://openalex.org/W2793343392
https://openalex.org/W2888730694
https://openalex.org/W2909699132
https://openalex.org/W2947832020
https://openalex.org/W2970208759
https://openalex.org/W3008588392
https://openalex.org/W3030682665
https://openalex.org/W3043615614
https://openalex.org/W3045044562
https://openalex.org/W3083568233
https://openalex.org/W3088740741
https://openalex.org/W3108248925
https://openalex.org/W3110299281
https://openalex.org/W3120034641
https://openalex.org/W3172873176
https://openalex.org/W3173395103
https://openalex.org/W3174228953
https://openalex.org/W3187131421
https://openalex.org/W3203536577
https://openalex.org/W4200540154
https://openalex.org/W4200586456
https://openalex.org/W4205439857
https://openalex.org/W4206689098
https://openalex.org/W4214775332
https://openalex.org/W4224989658
https://openalex.org/W4226429832
https://openalex.org/W4283768572
https://openalex.org/W4284884533
https://openalex.org/W4285244307
https://openalex.org/W4286698105
https://openalex.org/W4312041868
https://openalex.org/W4365446632
https://openalex.org/W1487897234
https://openalex.org/W1533983748
https://openalex.org/W1915180518
https://openalex.org/W1938945609
https://openalex.org/W1968402688
https://openalex.org/W1977851710
https://openalex.org/W1980928037
https://openalex.org/W1981355364
https://openalex.org/W1986020951
https://openalex.org/W2007045712
https://openalex.org/W2010729151
https://openalex.org/W2014935395
https://openalex.org/W2022704387
https://openalex.org/W2030645523
https://openalex.org/W2053519656
https://openalex.org/W2062042081
https://openalex.org/W2066764576
https://openalex.org/W2067767658
https://openalex.org/W2069764687
https://openalex.org/W2074491560
https://openalex.org/W2076643031
https://openalex.org/W2087700363
https://openalex.org/W2093685217
https://openalex.org/W2118622116
https://openalex.org/W2156091347
https://openalex.org/W2168281034
https://openalex.org/W2251040253
https://openalex.org/W2326436063
https://openalex.org/W2334539289
https://openalex.org/W2411630306
https://openalex.org/W2441082851
https://openalex.org/W2526837704
https://openalex.org/W2799819275
https://openalex.org/W2902579881
https://openalex.org/W2937006008
https://openalex.org/W2953014045
https://openalex.org/W2957375290
https://openalex.org/W2962706264
https://openalex.org/W2963676945
https://openalex.org/W2983382968
https://openalex.org/W2989771048
https://openalex.org/W3023082125
https://openalex.org/W3033098263
https://openalex.org/W3098769028
https://openalex.org/W3110471962
https://openalex.org/W3118397525
https://openalex.org/W3121694774
https://openalex.org/W3124114176
https://openalex.org/W3126144331
https://openalex.org/W3135207693
https://openalex.org/W3153439891
https://openalex.org/W3169238096
https://openalex.org/W3178407404
https://openalex.org/W3178687873
https://openalex.org/W3180446334
https://openalex.org/W3180499885
https://openalex.org/W3188690990
https://openalex.org/W3209665002
https://openalex.org/W3213014466
https://openalex.org/W42007999
https://openalex.org/W4205322426
https://openalex.org/W4205654192
https://openalex.org/W4248670316
https://openalex.org/W4289169872
https://openalex.org/W4300485656
https://openalex.org/W4319725621
https://openalex.org/W4361266868
https://openalex.org/W117709462
https://openalex.org/W1199232985
https://openalex.org/W126212396
https://openalex.org/W134979202
https://openalex.org/W1440804534
https://openalex.org/W146380731
https://openalex.org/W1525731166
https://openalex.org/W1613847187
https://openalex.org/W1677572976
https://openalex.org/W1703131932
https://openalex.org/W1968435275
https://openalex.org/W1969007523
https://openalex.org/W1974659008
https://openalex.org/W1989818641
https://openalex.org/W1995202820
https://openalex.org/W1996876073
https://openalex.org/W2003491861
https://openalex.org/W2006665793
https://openalex.org/W2011342510
https://openalex.org/W2013147316
https://openalex.org/W2013472876
https://openalex.org/W2021821571
https://openalex.org/W2025339045
https://openalex.org/W2032659868
https://openalex.org/W2038337308
https://openalex.org/W2038502785
https://openalex.org/W2048527730
https://openalex.org/W2063851244
https://openalex.org/W2066128771
https://openalex.org/W2085152609
https://openalex.org/W2088240753
https://openalex.org/W2096998295
https://openalex.org/W2098272884
https://openalex.org/W2170262027
https://openalex.org/W2243001382
https://openalex.org/W2282192332
https://openalex.org/W2309508290
https://openalex.org/W2315756455
https://openalex.org/W2405507826
https://openalex.org/W2416112922
https://openalex.org/W2419162172
https://openalex.org/W248390424
https://openalex.org/W2536686568
https://openalex.org/W2621973270
https://openalex.org/W2732938258
https://openalex.org/W2761045831
https://openalex.org/W2766171868
https://openalex.org/W2766910647
https://openalex.org/W2791779429
https://openalex.org/W2797587572
https://openalex.org/W2805568295
https://openalex.org/W2890849045
https://openalex.org/W2897164576
https://openalex.org/W2901560452
https://openalex.org/W2902083973
https://openalex.org/W2927223808
https://openalex.org/W2944455380
https://openalex.org/W2987930119
https://openalex.org/W3008181987
https://openalex.org/W3037900604
https://openalex.org/W3048649485
https://openalex.org/W3049027517
https://openalex.org/W3096164368
https://openalex.org/W3103946607
https://openalex.org/W3136214919
https://openalex.org/W3159905002
https://openalex.org/W3177533988
https://openalex.org/W3186083104
https://openalex.org/W3195446780
https://openalex.org/W4205507856
https://openalex.org/W4206115049
https://openalex.org/W4206650161
https://openalex.org/W4206957207
https://openalex.org/W4224942955
https://openalex.org/W4224991004
https://openalex.org/W4226003853
https://openalex.org/W4280512993
https://openalex.org/W4281876890
https://openalex.org/W4282823571
https://openalex.org/W4283158398
https://openalex.org/W4288046551
https://openalex.org/W4293101724
https://openalex.org/W4296492359
https://openalex.org/W4319294769
https://openalex.org/W4362497881
https://openalex.org/W1190290109
https://openalex.org/W1499099837
https://openalex.org/W150460500
https://openalex.org/W1540759295
https://openalex.org/W1553060859
https://openalex.org/W1579699908
https://openalex.org/W1579854006
https://openalex.org/W1585667442
https://openalex.org/W1605210225
https://openalex.org/W1605540506
https://openalex.org/W1613658842
https://openalex.org/W1632481926
https://openalex.org/W1675985091
https://openalex.org/W1816461165
https://openalex.org/W1846779321
https://openalex.org/W1939439844
https://openalex.org/W1963828542
https://openalex.org/W1972668075
https://openalex.org/W1996479206
https://openalex.org/W2001068490
https://openalex.org/W2008978543
https://openalex.org/W2013131041
https://openalex.org/W2014774392
https://openalex.org/W2021843450
https://openalex.org/W2023931232
https://openalex.org/W2028461284
https://openalex.org/W2032337949
https://openalex.org/W2041202841
https://openalex.org/W2046492285
https://openalex.org/W2048538488
https://openalex.org/W2052125775
https://openalex.org/W2055113875
https://openalex.org/W2068453115
https://openalex.org/W2122057698
https://openalex.org/W2144158464
https://openalex.org/W2161847333
https://openalex.org/W2176330284
https://openalex.org/W2281445984
https://openalex.org/W2282620462
https://openalex.org/W2317495987
https://openalex.org/W2342251866
https://openalex.org/W2345896299
https://openalex.org/W2346985187
https://openalex.org/W2415118173
https://openalex.org/W2474614631
https://openalex.org/W2530811771
https://openalex.org/W2546226174
https://openalex.org/W2552605586
https://openalex.org/W2608369245
https://openalex.org/W2755392185
https://openalex.org/W2773257954
https://openalex.org/W2798535474
https://openalex.org/W2803085871
https://openalex.org/W2810824608
https://openalex.org/W2885353172
https://openalex.org/W2896290696
https://openalex.org/W2898532837
https://openalex.org/W2906868634
https://openalex.org/W2912724501
https://openalex.org/W2920331846
https://openalex.org/W2940274194
https://openalex.org/W3005555629
https://openalex.org/W3012300677
https://openalex.org/W3012322616
https://openalex.org/W3015042494
https://openalex.org/W3016556540
https://openalex.org/W3017357425
https://openalex.org/W3024591139
https://openalex.org/W3039284560
https://openalex.org/W3084107131
https://openalex.org/W3091251157
https://openalex.org/W3124519330
https://openalex.org/W3132534949
https://openalex.org/W3150746620
https://openalex.org/W3151217871
https://openalex.org/W3164342653
https://openalex.org/W3169791430
https://openalex.org/W3171195529
https://openalex.org/W3187113961
https://openalex.org/W3198338960
https://openalex.org/W3198957405
https://openalex.org/W3200434989
https://openalex.org/W3202394476
https://openalex.org/W3210423864
https://openalex.org/W364140697
https://openalex.org/W4200082452
https://openalex.org/W4200411712
https://openalex.org/W4220899940
https://openalex.org/W4224309157
https://openalex.org/W4234838985
https://openalex.org/W4243317912
https://openalex.org/W4282569288
https://openalex.org/W4282841034
https://openalex.org/W4282928866
https://openalex.org/W4283388197
https://openalex.org/W4285042590
https://openalex.org/W4285095233
https://openalex.org/W4292004722
https://openalex.org/W4306956357
https://openalex.org/W4308514385
https://openalex.org/W4313245377
https://openalex.org/W4319460924
https://openalex.org/W4319460982
https://openalex.org/W4321002330
https://openalex.org/W44033288
https://openalex.org/W1144643749
https://openalex.org/W1176517944
https://openalex.org/W138914373
https://openalex.org/W1486946006
https://openalex.org/W1501237859
https://openalex.org/W1506088871
https://openalex.org/W1520111462
https://openalex.org/W1532030978
https://openalex.org/W1534922878
https://openalex.org/W1543874538
https://openalex.org/W1593294723
https://openalex.org/W1594557873
https://openalex.org/W1643243024
https://openalex.org/W1644485250
https://openalex.org/W1678147242
https://openalex.org/W1681496670
https://openalex.org/W174229854
https://openalex.org/W1861317346
https://openalex.org/W1945035197
https://openalex.org/W1963526887
https://openalex.org/W1971530860
https://openalex.org/W1981128471
https://openalex.org/W1985111145
https://openalex.org/W1995907330
https://openalex.org/W2000347651
https://openalex.org/W2003564415
https://openalex.org/W2009044634
https://openalex.org/W2010089903
https://openalex.org/W2011455857
https://openalex.org/W2015693831
https://openalex.org/W201859748
https://openalex.org/W2019798413
https://openalex.org/W2032904088
https://openalex.org/W2035157430
https://openalex.org/W2046053536
https://openalex.org/W2049820295
https://openalex.org/W2059021239
https://openalex.org/W2061686263
https://openalex.org/W2078229330
https://openalex.org/W2081591243
https://openalex.org/W2083080156
https://openalex.org/W2096273433
https://openalex.org/W210503629
https://openalex.org/W2129099435
https://openalex.org/W2137680763
https://openalex.org/W2140725649
https://openalex.org/W2184889634
https://openalex.org/W2196791503
https://openalex.org/W2212344962
https://openalex.org/W2265162990
https://openalex.org/W2314357491
https://openalex.org/W2326403721
https://openalex.org/W2356281786
https://openalex.org/W2366439346
https://openalex.org/W2370672834
https://openalex.org/W2386962603
https://openalex.org/W2396325856
https://openalex.org/W2398345092
https://openalex.org/W2400795628
https://openalex.org/W2401728228
https://openalex.org/W2404201274
https://openalex.org/W2405086688
https://openalex.org/W2405753422
https://openalex.org/W2479891861
https://openalex.org/W2482087118
https://openalex.org/W2501867823
https://openalex.org/W2514491965
https://openalex.org/W2531463216
https://openalex.org/W2554993246
https://openalex.org/W2586463989
https://openalex.org/W2587610350
https://openalex.org/W2613075080
https://openalex.org/W2753318643
https://openalex.org/W2763366940
https://openalex.org/W2778061433
https://openalex.org/W2786353362
https://openalex.org/W2790943253
https://openalex.org/W2803782500
https://openalex.org/W2808821891
https://openalex.org/W284234872
https://openalex.org/W2911904870
https://openalex.org/W2921616858
https://openalex.org/W2924420192
https://openalex.org/W2949358461
https://openalex.org/W2955459438
https://openalex.org/W2965223783
https://openalex.org/W2969689770
https://openalex.org/W2987589777
https://openalex.org/W2991215223
https://openalex.org/W2994943070
https://openalex.org/W2996846772
https://openalex.org/W3002823875
https://openalex.org/W3003408230
https://openalex.org/W3003800186
https://openalex.org/W3012392203
https://openalex.org/W3013924243
https://openalex.org/W3015796251
https://openalex.org/W3015801580
https://openalex.org/W3023338247
https://openalex.org/W3023424951
https://openalex.org/W3023522036
https://openalex.org/W3024335947
https://openalex.org/W3033795559
https://openalex.org/W3034269122
https://openalex.org/W3036503829
https://openalex.org/W3040022322
https://openalex.org/W3043745665
https://openalex.org/W3043920994
https://openalex.org/W3049510048
https://openalex.org/W3088206016
https://openalex.org/W3099987298
https://openalex.org/W3101409127
https://openalex.org/W3125329259
https://openalex.org/W3127412379
https://openalex.org/W3127766989
https://openalex.org/W3130034314
https://openalex.org/W3134556492
https://openalex.org/W3136141478
https://openalex.org/W3149384866
https://openalex.org/W3150293840
https://openalex.org/W3156424994
https://openalex.org/W3157519205
https://openalex.org/W3158640203
https://openalex.org/W3162013987
https://openalex.org/W3174186891
https://openalex.org/W3175805770
https://openalex.org/W3178726077
https://openalex.org/W3182394577
https://openalex.org/W3190698399
https://openalex.org/W3200064745
https://openalex.org/W3200686058
https://openalex.org/W3207874829
https://openalex.org/W3208099465
https://openalex.org/W3210259426
https://openalex.org/W4205657947
https://openalex.org/W4206438746
https://openalex.org/W4210711737
https://openalex.org/W4221089445
https://openalex.org/W4225126447
https://openalex.org/W4225751466
https://openalex.org/W4237496700
https://openalex.org/W4238335419
https://openalex.org/W4239194044
https://openalex.org/W4242512536
https://openalex.org/W4244592726
https://openalex.org/W4246437611
https://openalex.org/W4247260399
https://openalex.org/W4252500039
https://openalex.org/W4255743250
https://openalex.org/W4255926032
https://openalex.org/W4281563885
https://openalex.org/W4291124529
https://openalex.org/W4292210482
https://openalex.org/W4292689447
https://openalex.org/W4292774548
https://openalex.org/W4297359566
https://openalex.org/W4303856628
https://openalex.org/W4304890668
https://openalex.org/W4307227111
https://openalex.org/W4308032359
https://openalex.org/W4309247181
https://openalex.org/W4311987608
https://openalex.org/W4312193844
https://openalex.org/W4319601702
https://openalex.org/W4320033990
https://openalex.org/W4321004147
https://openalex.org/W4321377665
https://openalex.org/W4321996774
https://openalex.org/W4322487657
https://openalex.org/W4322501164
https://openalex.org/W4361288385
https://openalex.org/W4376128353
https://openalex.org/W4377982363
https://openalex.org/W45067694
https://openalex.org/W649592568
https://openalex.org/W65835661
https://openalex.org/W794670875
https://openalex.org/W806692401
https://openalex.org/W1000838304
https://openalex.org/W1022254211
https://openalex.org/W108877444
https://openalex.org/W112246641
https://openalex.org/W1134085686
https://openalex.org/W117232088
https://openalex.org/W118779068
https://openalex.org/W125962352
https://openalex.org/W127081317
https://openalex.org/W128337515
https://openalex.org/W1417848980
https://openalex.org/W1453875331
https://openalex.org/W148215137
https://openalex.org/W1483268931
https://openalex.org/W1484928715
https://openalex.org/W1485086635
https://openalex.org/W1486006365
https://openalex.org/W1487331853
https://openalex.org/W1490355950
https://openalex.org/W1500889586
https://openalex.org/W1504198449
https://openalex.org/W150805634
https://openalex.org/W1513132947
https://openalex.org/W1513915519
https://openalex.org/W1518406747
https://openalex.org/W1519929483
https://openalex.org/W1528831503
https://openalex.org/W1537209361
https://openalex.org/W153853463
https://openalex.org/W1538570590
https://openalex.org/W1539525029
https://openalex.org/W1548199680
https://openalex.org/W1553390594
https://openalex.org/W1554032006
https://openalex.org/W1555983198
https://openalex.org/W1558435120
https://openalex.org/W1563000723
https://openalex.org/W1563184581
https://openalex.org/W1564539296
https://openalex.org/W1564593413
https://openalex.org/W1569553176
https://openalex.org/W157763122
https://openalex.org/W1582724208
https://openalex.org/W1582886221
https://openalex.org/W1584516719
https://openalex.org/W1590422470
https://openalex.org/W159048970
https://openalex.org/W1591711498
https://openalex.org/W1599893316
https://openalex.org/W1599916120
https://openalex.org/W1600521999
https://openalex.org/W1602196130
https://openalex.org/W1604064094
https://openalex.org/W160818023
https://openalex.org/W1610586750
https://openalex.org/W1613893434
https://openalex.org/W1615283565
https://openalex.org/W1618912588
https://openalex.org/W1624120218
https://openalex.org/W1629626557
https://openalex.org/W1630539567
https://openalex.org/W1634090642
https://openalex.org/W163898705
https://openalex.org/W1643902877
https://openalex.org/W1643957885
https://openalex.org/W1644854591
https://openalex.org/W1647270035
https://openalex.org/W1648831047
https://openalex.org/W1651201251
https://openalex.org/W1656239925
https://openalex.org/W1658842475
https://openalex.org/W1662479865
https://openalex.org/W1664468575
https://openalex.org/W1665896947
https://openalex.org/W1668960174
https://openalex.org/W1671438096
https://openalex.org/W1742836061
https://openalex.org/W174298061
https://openalex.org/W17457946
https://openalex.org/W1817021789
https://openalex.org/W185268628
https://openalex.org/W1859359023
https://openalex.org/W1868499718
https://openalex.org/W1965039800
https://openalex.org/W1968003933
https://openalex.org/W1974087606
https://openalex.org/W1976803598
https://openalex.org/W1986276131
https://openalex.org/W1989156827
https://openalex.org/W1992820452
https://openalex.org/W1994474440
https://openalex.org/W1997137754
https://openalex.org/W2000895252
https://openalex.org/W2003271166
https://openalex.org/W2004516592
https://openalex.org/W2007790789
https://openalex.org/W2009977977
https://openalex.org/W2010087333
https://openalex.org/W2010949799
https://openalex.org/W2016751518
https://openalex.org/W2017146321
https://openalex.org/W2020516716
https://openalex.org/W2020603048
https://openalex.org/W2021796085
https://openalex.org/W2022204066
https://openalex.org/W2024603842
https://openalex.org/W202718930
https://openalex.org/W202918850
https://openalex.org/W2029276556
https://openalex.org/W2029501878
https://openalex.org/W2030406234
https://openalex.org/W2031658952
https://openalex.org/W2033238408
https://openalex.org/W2034253016
https://openalex.org/W2035554317
https://openalex.org/W2035812754
https://openalex.org/W2037697500
https://openalex.org/W2039842680
https://openalex.org/W2040845838
https://openalex.org/W2044352481
https://openalex.org/W2046509904
https://openalex.org/W2046617191
https://openalex.org/W2046968758
https://openalex.org/W2047364811
https://openalex.org/W2047887620
https://openalex.org/W2049716471
https://openalex.org/W2052264113
https://openalex.org/W205779162
https://openalex.org/W2059871585
https://openalex.org/W2060489612
https://openalex.org/W2063701410
https://openalex.org/W2063958128
https://openalex.org/W2063959919
https://openalex.org/W2063993828
https://openalex.org/W2066992436
https://openalex.org/W2068032503
https://openalex.org/W2070915316
https://openalex.org/W2073467214
https://openalex.org/W2074019515
https://openalex.org/W2077000205
https://openalex.org/W2077757473
https://openalex.org/W2077922347
https://openalex.org/W2080635366
https://openalex.org/W2080873839
https://openalex.org/W2081230543
https://openalex.org/W2085026584
https://openalex.org/W2085640298
https://openalex.org/W2088800346
https://openalex.org/W2088956832
https://openalex.org/W2093951706
https://openalex.org/W2094760713
https://openalex.org/W2095499943
https://openalex.org/W2095602251
https://openalex.org/W209640703
https://openalex.org/W2103043268
https://openalex.org/W2112403657
https://openalex.org/W2119405693
https://openalex.org/W2121339347
https://openalex.org/W2123437607
https://openalex.org/W2129887013
https://openalex.org/W2130825524
https://openalex.org/W2141363007
https://openalex.org/W2142376518
https://openalex.org/W2143774598
https://openalex.org/W2159844796
https://openalex.org/W2163695374
https://openalex.org/W2165334051
https://openalex.org/W2166619361
https://openalex.org/W2168988355
https://openalex.org/W2173804308
https://openalex.org/W2180388743
https://openalex.org/W2183525650
https://openalex.org/W2187124743
https://openalex.org/W2188902503
https://openalex.org/W2194790966
https://openalex.org/W2198976022
https://openalex.org/W2199876829
https://openalex.org/W2203410331
https://openalex.org/W2204278663
https://openalex.org/W2222609798
https://openalex.org/W2235643334
https://openalex.org/W2246894943
https://openalex.org/W2249214022
https://openalex.org/W2260608516
https://openalex.org/W2262483837
https://openalex.org/W2266299817
https://openalex.org/W2267515875
https://openalex.org/W2282143432
https://openalex.org/W2289936386
https://openalex.org/W2291280863
https://openalex.org/W2294572883
https://openalex.org/W2297506884
https://openalex.org/W2300553614
https://openalex.org/W2300675609
https://openalex.org/W2302702943
https://openalex.org/W2312820432
https://openalex.org/W2315419114
https://openalex.org/W2315684536
https://openalex.org/W2316282278
https://openalex.org/W2316362754
https://openalex.org/W2316662811
https://openalex.org/W2320778492
https://openalex.org/W2320864086
https://openalex.org/W2320897681
https://openalex.org/W2322600409
https://openalex.org/W2326022975
https://openalex.org/W232610610
https://openalex.org/W2331099332
https://openalex.org/W2331556404
https://openalex.org/W2332390975
https://openalex.org/W2338666080
https://openalex.org/W2342553959
https://openalex.org/W2345872038
https://openalex.org/W2346545397
https://openalex.org/W2346716835
https://openalex.org/W2347088814
https://openalex.org/W2349328079
https://openalex.org/W2350118900
https://openalex.org/W2350334432
https://openalex.org/W2351383384
https://openalex.org/W2353227646
https://openalex.org/W2356631280
https://openalex.org/W2356736937
https://openalex.org/W2356988930
https://openalex.org/W2357171343
https://openalex.org/W2357231218
https://openalex.org/W2359527570
https://openalex.org/W2361088199
https://openalex.org/W2362279563
https://openalex.org/W2368086698
https://openalex.org/W2369400168
https://openalex.org/W2370379723
https://openalex.org/W2372006587
https://openalex.org/W2372537572
https://openalex.org/W2372720191
https://openalex.org/W2374661488
https://openalex.org/W2376986665
https://openalex.org/W2377569327
https://openalex.org/W2378912227
https://openalex.org/W2379080983
https://openalex.org/W2379200499
https://openalex.org/W2379822569
https://openalex.org/W2380351120
https://openalex.org/W2382412349
https://openalex.org/W2382481147
https://openalex.org/W2388396242
https://openalex.org/W2388453271
https://openalex.org/W2388892659
https://openalex.org/W2388912390
https://openalex.org/W2390080352
https://openalex.org/W2390584243
https://openalex.org/W2390827706
https://openalex.org/W2391745033
https://openalex.org/W2393239561
https://openalex.org/W2395407110
https://openalex.org/W2401453895
https://openalex.org/W2408210205
https://openalex.org/W2410196750
https://openalex.org/W2413354389
https://openalex.org/W2414041621
https://openalex.org/W2414309213
https://openalex.org/W2414786021
https://openalex.org/W2415580633
https://openalex.org/W2417595701
https://openalex.org/W2430076797
https://openalex.org/W2431764737
https://openalex.org/W2467195398
https://openalex.org/W2474036622
https://openalex.org/W2476513138
https://openalex.org/W2479709524
https://openalex.org/W2482362628
https://openalex.org/W2482493536
https://openalex.org/W2483461624
https://openalex.org/W2488188533
https://openalex.org/W2490959133
https://openalex.org/W2492894286
https://openalex.org/W2493062269
https://openalex.org/W2493226714
https://openalex.org/W2494864205
https://openalex.org/W2496312610
https://openalex.org/W2497018497
https://openalex.org/W2497876726
https://openalex.org/W249889880
https://openalex.org/W2498995322
https://openalex.org/W2499148524
https://openalex.org/W2499385459
https://openalex.org/W2499415635
https://openalex.org/W2502892831
https://openalex.org/W2503707200
https://openalex.org/W2507059683
https://openalex.org/W2507182123
https://openalex.org/W2517663839
https://openalex.org/W2518063834
https://openalex.org/W2518681131
https://openalex.org/W2521439078
https://openalex.org/W2521933556
https://openalex.org/W2523699962
https://openalex.org/W252595500
https://openalex.org/W2526936736
https://openalex.org/W2528140803
https://openalex.org/W2530585642
https://openalex.org/W2530586651
https://openalex.org/W2532130244
https://openalex.org/W2544926945
https://openalex.org/W2547322465
https://openalex.org/W2547451655
https://openalex.org/W2559176583
https://openalex.org/W2576455224
https://openalex.org/W2580538022
https://openalex.org/W2582716228
https://openalex.org/W2584200744
https://openalex.org/W2585921574
https://openalex.org/W2588081030
https://openalex.org/W2591373995
https://openalex.org/W2591907017
https://openalex.org/W2597356392
https://openalex.org/W2599248923
https://openalex.org/W2603436207
https://openalex.org/W2604581284
https://openalex.org/W2605183453
https://openalex.org/W2607769423
https://openalex.org/W2610362023
https://openalex.org/W2613247275
https://openalex.org/W2613625965
https://openalex.org/W2614756895
https://openalex.org/W2614891937
https://openalex.org/W2615091379
https://openalex.org/W2615392663
https://openalex.org/W2615607962
https://openalex.org/W2616407775
https://openalex.org/W2616839835
https://openalex.org/W2618073559
https://openalex.org/W2619125701
https://openalex.org/W2620076446
https://openalex.org/W2621134878
https://openalex.org/W2621619168
https://openalex.org/W2622241755
https://openalex.org/W2623448902
https://openalex.org/W2623765707
https://openalex.org/W2624069641
https://openalex.org/W2625175580
https://openalex.org/W2625202529
https://openalex.org/W2652914247
https://openalex.org/W2662115088
https://openalex.org/W269589248
https://openalex.org/W2738735306
https://openalex.org/W2742852042
https://openalex.org/W2744449259
https://openalex.org/W2744767217
https://openalex.org/W2744922443
https://openalex.org/W2745421450
https://openalex.org/W2746852625
https://openalex.org/W2746994592
https://openalex.org/W2749833202
https://openalex.org/W2753592689
https://openalex.org/W2753896514
https://openalex.org/W2757636232
https://openalex.org/W2761457526
https://openalex.org/W2762249789
https://openalex.org/W2763419452
https://openalex.org/W2765661693
https://openalex.org/W2770755308
https://openalex.org/W2771667582
https://openalex.org/W2776491821
https://openalex.org/W2779658177
https://openalex.org/W2781793803
https://openalex.org/W2786277266
https://openalex.org/W2789397727
https://openalex.org/W2789789022
https://openalex.org/W2793392812
https://openalex.org/W2793851498
https://openalex.org/W2794049323
https://openalex.org/W2794187567
https://openalex.org/W2800580801
https://openalex.org/W2801789904
https://openalex.org/W2803706263
https://openalex.org/W2806887953
https://openalex.org/W2809127085
https://openalex.org/W2811238805
https://openalex.org/W2818332245
https://openalex.org/W2886966953
https://openalex.org/W2888307581
https://openalex.org/W2890569217
https://openalex.org/W289081124
https://openalex.org/W2890895805
https://openalex.org/W2891110140
https://openalex.org/W2892136862
https://openalex.org/W2897279920
https://openalex.org/W2900066886
https://openalex.org/W2901475747
https://openalex.org/W2904131787
https://openalex.org/W2905068976
https://openalex.org/W2905440239
https://openalex.org/W2905823404
https://openalex.org/W2906213601
https://openalex.org/W2910396327
https://openalex.org/W2911555262
https://openalex.org/W2913526553
https://openalex.org/W2913813483
https://openalex.org/W2914846002
https://openalex.org/W2915051621
https://openalex.org/W2917667705
https://openalex.org/W2921888887
https://openalex.org/W2936275661
https://openalex.org/W2944650099
https://openalex.org/W2945615158
https://openalex.org/W2946752640
https://openalex.org/W2946806040
https://openalex.org/W2947052199
https://openalex.org/W2947102967
https://openalex.org/W2947530971
https://openalex.org/W2949765012
https://openalex.org/W2949996200
https://openalex.org/W2951653626
https://openalex.org/W2951691187
https://openalex.org/W2952446926
https://openalex.org/W2953402177
https://openalex.org/W2954094446
https://openalex.org/W2954871137
https://openalex.org/W2954904377
https://openalex.org/W2954935082
https://openalex.org/W2955382530
https://openalex.org/W2964231790
https://openalex.org/W2974942533
https://openalex.org/W2975588891
https://openalex.org/W2976494985
https://openalex.org/W2977619682
https://openalex.org/W2977646371
https://openalex.org/W2978375306
https://openalex.org/W2978787086
https://openalex.org/W2978933291
https://openalex.org/W2981797941
https://openalex.org/W2983781362
https://openalex.org/W2984413873
https://openalex.org/W2990123264
https://openalex.org/W2990452447
https://openalex.org/W2991444648
https://openalex.org/W2991940110
https://openalex.org/W2992754378
https://openalex.org/W2994720354
https://openalex.org/W2994861348
https://openalex.org/W2995425454
https://openalex.org/W2995623726
https://openalex.org/W2996312535
https://openalex.org/W2997475008
https://openalex.org/W2998152082
https://openalex.org/W2999973666
https://openalex.org/W3000376291
https://openalex.org/W3000977948
https://openalex.org/W3006012064
https://openalex.org/W3006467719
https://openalex.org/W3006748111
https://openalex.org/W3006812865
https://openalex.org/W3006835485
https://openalex.org/W3007728610
https://openalex.org/W3009681489
https://openalex.org/W3010920548
https://openalex.org/W3011050019
https://openalex.org/W3011080053
https://openalex.org/W3011110467
https://openalex.org/W3011114561
https://openalex.org/W3011133521
https://openalex.org/W3011917911
https://openalex.org/W3011921257
https://openalex.org/W3012025999
https://openalex.org/W3012600689
https://openalex.org/W3012891555
https://openalex.org/W3013159225
https://openalex.org/W3013489407
https://openalex.org/W3013544802
https://openalex.org/W3013789461
https://openalex.org/W3013822665
https://openalex.org/W3013925109
https://openalex.org/W3014016188
https://openalex.org/W3014036814
https://openalex.org/W3014067716
https://openalex.org/W3014316648
https://openalex.org/W3014348259
https://openalex.org/W3014539712
https://openalex.org/W3015933600
https://openalex.org/W3016084257
https://openalex.org/W3016135121
https://openalex.org/W3016443614
https://openalex.org/W3016526088
https://openalex.org/W3016918564
https://openalex.org/W3017101419
https://openalex.org/W3018235488
https://openalex.org/W3018783966
https://openalex.org/W3020915076
https://openalex.org/W3020940856
https://openalex.org/W3021587827
https://openalex.org/W3021685037
https://openalex.org/W3021725971
https://openalex.org/W3021975768
https://openalex.org/W3022079994
https://openalex.org/W3022472283
https://openalex.org/W3022745962
https://openalex.org/W3022792514
https://openalex.org/W3023319164
https://openalex.org/W3023457413
https://openalex.org/W3023875272
https://openalex.org/W3023934593
https://openalex.org/W3024487975
https://openalex.org/W3025465550
https://openalex.org/W3025579174
https://openalex.org/W3026028160
https://openalex.org/W3027491256
https://openalex.org/W3027683952
https://openalex.org/W3028574784
https://openalex.org/W3029027552
https://openalex.org/W3029048901
https://openalex.org/W3029242148
https://openalex.org/W3029897171
https://openalex.org/W3030619275
https://openalex.org/W3031979658
https://openalex.org/W3032043835
https://openalex.org/W3032294359
https://openalex.org/W3032364869
https://openalex.org/W3032416557
https://openalex.org/W3032978620
https://openalex.org/W3033254179
https://openalex.org/W3033897631
https://openalex.org/W3035276861
https://openalex.org/W3035540533
https://openalex.org/W3035876567
https://openalex.org/W3036468484
https://openalex.org/W3036747789
https://openalex.org/W3036801443
https://openalex.org/W3036886363
https://openalex.org/W3036964531
https://openalex.org/W3042048111
https://openalex.org/W3042122208
https://openalex.org/W3042783951
https://openalex.org/W3044532716
https://openalex.org/W3044781055
https://openalex.org/W3047003107
https://openalex.org/W3047504952
https://openalex.org/W3047930245
https://openalex.org/W3048091448
https://openalex.org/W3048116090
https://openalex.org/W3048194263
https://openalex.org/W3048266851
https://openalex.org/W3048612790
https://openalex.org/W3049300111
https://openalex.org/W3073583352
https://openalex.org/W3081008569
https://openalex.org/W3082703636
https://openalex.org/W3082913721
https://openalex.org/W3083319554
https://openalex.org/W3084697042
https://openalex.org/W3087795474
https://openalex.org/W3089657027
https://openalex.org/W3090180882
https://openalex.org/W3092163539
https://openalex.org/W3092373322
https://openalex.org/W3092763406
https://openalex.org/W3094344939
https://openalex.org/W3095561856
https://openalex.org/W3095849472
https://openalex.org/W3097079647
https://openalex.org/W3097184524
https://openalex.org/W3100066261
https://openalex.org/W3101676790
https://openalex.org/W3103506281
https://openalex.org/W3105632420
https://openalex.org/W3107686387
https://openalex.org/W3107916711
https://openalex.org/W3108153553
https://openalex.org/W3108707074
https://openalex.org/W3109392287
https://openalex.org/W3110123503
https://openalex.org/W3111562678
https://openalex.org/W3111675601
https://openalex.org/W3112316739
https://openalex.org/W3112585292
https://openalex.org/W3112840818
https://openalex.org/W3113460011
https://openalex.org/W3113972303
https://openalex.org/W3116131071
https://openalex.org/W3116256367
https://openalex.org/W3117912142
https://openalex.org/W3118699545
https://openalex.org/W3118871027
https://openalex.org/W3119583796
https://openalex.org/W3120286760
https://openalex.org/W3120418699
https://openalex.org/W3121123359
https://openalex.org/W3121612818
https://openalex.org/W3122151252
https://openalex.org/W3122331850
https://openalex.org/W3123154851
https://openalex.org/W3123310939
https://openalex.org/W3123772630
https://openalex.org/W3123878662
https://openalex.org/W3126705959
https://openalex.org/W3127146301
https://openalex.org/W3127515713
https://openalex.org/W3128815905
https://openalex.org/W3128845608
https://openalex.org/W3129650612
https://openalex.org/W3130318028
https://openalex.org/W3132397814
https://openalex.org/W3132465039
https://openalex.org/W3132687528
https://openalex.org/W3134047959
https://openalex.org/W3134109912
https://openalex.org/W3136503808
https://openalex.org/W3137347804
https://openalex.org/W3137647821
https://openalex.org/W3137650756
https://openalex.org/W3138209978
https://openalex.org/W3138551565
https://openalex.org/W3141336898
https://openalex.org/W3141397997
https://openalex.org/W3143385290
https://openalex.org/W3148984740
https://openalex.org/W3149103129
https://openalex.org/W3151753049
https://openalex.org/W3155076052
https://openalex.org/W3155650842
https://openalex.org/W3156203644
https://openalex.org/W3157443589
https://openalex.org/W3158005298
https://openalex.org/W3158895083
https://openalex.org/W3160025442
https://openalex.org/W3160328614
https://openalex.org/W3160434879
https://openalex.org/W3161831710
https://openalex.org/W3161874419
https://openalex.org/W3162520435
https://openalex.org/W3164237614
https://openalex.org/W3165035818
https://openalex.org/W3165648429
https://openalex.org/W3165705424
https://openalex.org/W3166055103
https://openalex.org/W3166500928
https://openalex.org/W3167060268
https://openalex.org/W3167677599
https://openalex.org/W3168213568
https://openalex.org/W3169292964
https://openalex.org/W3170234756
https://openalex.org/W3171826194
https://openalex.org/W3173424911
https://openalex.org/W3173626114
https://openalex.org/W3174514746
https://openalex.org/W3175297751
https://openalex.org/W3175481652
https://openalex.org/W3176222952
https://openalex.org/W3178024233
https://openalex.org/W3178613530
https://openalex.org/W3178799377
https://openalex.org/W3179043032
https://openalex.org/W3179471101
https://openalex.org/W3180087228
https://openalex.org/W3182735237
https://openalex.org/W3182975459
https://openalex.org/W3184486274
https://openalex.org/W3185072291
https://openalex.org/W3186065752
https://openalex.org/W3187466039
https://openalex.org/W3188452466
https://openalex.org/W3190705632
https://openalex.org/W3192390017
https://openalex.org/W3192940402
https://openalex.org/W3195145024
https://openalex.org/W3195581666
https://openalex.org/W3195756200
https://openalex.org/W3197722485
https://openalex.org/W3199389329
https://openalex.org/W3199450636
https://openalex.org/W3199653548
https://openalex.org/W3199791655
https://openalex.org/W3202123594
https://openalex.org/W3204104515
https://openalex.org/W3204676321
https://openalex.org/W3204711279
https://openalex.org/W3204737607
https://openalex.org/W3205559596
https://openalex.org/W3206017709
https://openalex.org/W3206603730
https://openalex.org/W3207169754
https://openalex.org/W3207989842
https://openalex.org/W3208085636
https://openalex.org/W3209338881
https://openalex.org/W3209414404
https://openalex.org/W3212044788
https://openalex.org/W3213085714
https://openalex.org/W3213185511
https://openalex.org/W3213228939
https://openalex.org/W3213763057
https://openalex.org/W3214476897
https://openalex.org/W3215631938
https://openalex.org/W3216660941
https://openalex.org/W3217210659
https://openalex.org/W3217214820
https://openalex.org/W3217448068
https://openalex.org/W329884819
https://openalex.org/W339366168
https://openalex.org/W341167298
https://openalex.org/W36586952
https://openalex.org/W396283179
https://openalex.org/W40291016
https://openalex.org/W4200154961
https://openalex.org/W4200323181
https://openalex.org/W4205128837
https://openalex.org/W4205291442
https://openalex.org/W4205358590
https://openalex.org/W4206311703
https://openalex.org/W4206655986
https://openalex.org/W4206856164
https://openalex.org/W4206856674
https://openalex.org/W4206921303
https://openalex.org/W4207093581
https://openalex.org/W4210460625
https://openalex.org/W4210482113
https://openalex.org/W4210847327
https://openalex.org/W4210978617
https://openalex.org/W4211089793
https://openalex.org/W4212870153
https://openalex.org/W4213161835
https://openalex.org/W4213177767
https://openalex.org/W4213397632
https://openalex.org/W4220737364
https://openalex.org/W4220924084
https://openalex.org/W4224250733
https://openalex.org/W4224936395
https://openalex.org/W4225136291
https://openalex.org/W4225256688
https://openalex.org/W4226003398
https://openalex.org/W4226442594
https://openalex.org/W4228998895
https://openalex.org/W4229439667
https://openalex.org/W4229572716
https://openalex.org/W4230059804
https://openalex.org/W4230094440
https://openalex.org/W4231018997
https://openalex.org/W4233758675
https://openalex.org/W4235233173
https://openalex.org/W4235997865
https://openalex.org/W4236595601
https://openalex.org/W4237103370
https://openalex.org/W4237851221
https://openalex.org/W4238365141
https://openalex.org/W4238369014
https://openalex.org/W4238471134
https://openalex.org/W4239168829
https://openalex.org/W4241259116
https://openalex.org/W4243125446
https://openalex.org/W4243301606
https://openalex.org/W4243329571
https://openalex.org/W4244177216
https://openalex.org/W4246188317
https://openalex.org/W4246353495
https://openalex.org/W4246462205
https://openalex.org/W4246769589
https://openalex.org/W4247043996
https://openalex.org/W4248775529
https://openalex.org/W4248967650
https://openalex.org/W4249473116
https://openalex.org/W4249492851
https://openalex.org/W4249933968
https://openalex.org/W4250541865
https://openalex.org/W4250586094
https://openalex.org/W4251036665
https://openalex.org/W4252293800
https://openalex.org/W4254099140
https://openalex.org/W4254308630
https://openalex.org/W4254592200
https://openalex.org/W4254952678
https://openalex.org/W4255159775
https://openalex.org/W4255396710
https://openalex.org/W4255564340
https://openalex.org/W4256055085
https://openalex.org/W4280536636
https://openalex.org/W4281743528
https://openalex.org/W4281749767
https://openalex.org/W4281760040
https://openalex.org/W4281762575
https://openalex.org/W4281954971
https://openalex.org/W4282936128
https://openalex.org/W4283800126
https://openalex.org/W4285249148
https://openalex.org/W4285285157
https://openalex.org/W4285390989
https://openalex.org/W4286842283
https://openalex.org/W4287116733
https://openalex.org/W4287509814
https://openalex.org/W4287618433
https://openalex.org/W4287621168
https://openalex.org/W4287814929
https://openalex.org/W4289241184
https://openalex.org/W4289857591
https://openalex.org/W4291330811
https://openalex.org/W4291546748
https://openalex.org/W4292004751
https://openalex.org/W4292096195
https://openalex.org/W4292428245
https://openalex.org/W4293021138
https://openalex.org/W4293204995
https://openalex.org/W4293755175
https://openalex.org/W4294681227
https://openalex.org/W4295235142
https://openalex.org/W4295298596
https://openalex.org/W4295300125
https://openalex.org/W4295884309
https://openalex.org/W4296569489
https://openalex.org/W4296692156
https://openalex.org/W4296893575
https://openalex.org/W4297173653
https://openalex.org/W4297474052
https://openalex.org/W4297665121
https://openalex.org/W4297911771
https://openalex.org/W4297954638
https://openalex.org/W4298006379
https://openalex.org/W4298115174
https://openalex.org/W4298123927
https://openalex.org/W4298187685
https://openalex.org/W4298205290
https://openalex.org/W4299109650
https://openalex.org/W4299452050
https://openalex.org/W4299716150
https://openalex.org/W4300229318
https://openalex.org/W4301391505
https://openalex.org/W4301772894
https://openalex.org/W4301915179
https://openalex.org/W4302288198
https://openalex.org/W4302376635
https://openalex.org/W4302488766
https://openalex.org/W4303444626
https://openalex.org/W4303982735
https://openalex.org/W4304091524
https://openalex.org/W4307336325
https://openalex.org/W4307456134
https://openalex.org/W4307527722
https://openalex.org/W4307543194
https://openalex.org/W4307543274
https://openalex.org/W4308370239
https://openalex.org/W4308804673
https://openalex.org/W4309014875
https://openalex.org/W4309326571
https://openalex.org/W4309589436
https://openalex.org/W4309708212
https://openalex.org/W4310022514
https://openalex.org/W4311581251
https://openalex.org/W4312039708
https://openalex.org/W4312184475
https://openalex.org/W4312193646
https://openalex.org/W4312193705
https://openalex.org/W4312575570
https://openalex.org/W4312616741
https://openalex.org/W4313385384
https://openalex.org/W4313385683
https://openalex.org/W4316253362
https://openalex.org/W4317383770
https://openalex.org/W4317725461
https://openalex.org/W4317932988
https://openalex.org/W4318035321
https://openalex.org/W4319036649
https://openalex.org/W4320015008
https://openalex.org/W4321251568
https://openalex.org/W4322757401
https://openalex.org/W4323528320
https://openalex.org/W4324291250
https://openalex.org/W4327559527
https://openalex.org/W4327616864
https://openalex.org/W4327810007
https://openalex.org/W4328051553
https://openalex.org/W4361005049
https://openalex.org/W4361006947
https://openalex.org/W4361823117
https://openalex.org/W4361833318
https://openalex.org/W4361843797
https://openalex.org/W4361844595
https://openalex.org/W4361846240
https://openalex.org/W4361846350
https://openalex.org/W4361846934
https://openalex.org/W4361883391
https://openalex.org/W4361908692
https://openalex.org/W4361944735
https://openalex.org/W4361951201
https://openalex.org/W4362238724
https://openalex.org/W4362238806
https://openalex.org/W4362238851
https://openalex.org/W4362238924
https://openalex.org/W4362240459
https://openalex.org/W4362240903
https://openalex.org/W4362525181
https://openalex.org/W4362525403
https://openalex.org/W4362532346
https://openalex.org/W4362532541
https://openalex.org/W4362532569
https://openalex.org/W4362532574
https://openalex.org/W4362532575
https://openalex.org/W4362532704
https://openalex.org/W4362532705
https://openalex.org/W4362540400
https://openalex.org/W4362540418
https://openalex.org/W4362540436
https://openalex.org/W4362540448
https://openalex.org/W4362540490
https://openalex.org/W4362540616
https://openalex.org/W4362540622
https://openalex.org/W4362541356
https://openalex.org/W4362546817
https://openalex.org/W4362547437
https://openalex.org/W4362620667
https://openalex.org/W4362630541
https://openalex.org/W4365455010
https://openalex.org/W4365456968
https://openalex.org/W4366241615
https://openalex.org/W4366344530
https://openalex.org/W4366468180
https://openalex.org/W4366503746
https://openalex.org/W4366773943
https://openalex.org/W4366814574
https://openalex.org/W4367047546
https://openalex.org/W4367315360
https://openalex.org/W4367322681
https://openalex.org/W4367725150
https://openalex.org/W4367857366
https://openalex.org/W4376610442
https://openalex.org/W4376874606
https://openalex.org/W4376879998
https://openalex.org/W4376959701
https://openalex.org/W4378218540
https://openalex.org/W4378448497
https://openalex.org/W4378648383
https://openalex.org/W4378765262
https://openalex.org/W4378801928
https://openalex.org/W4378978755
https://openalex.org/W4379522864
https://openalex.org/W4379768767
https://openalex.org/W4380356015
https://openalex.org/W4380356931
https://openalex.org/W4380358406
https://openalex.org/W4380362285
https://openalex.org/W4380367197
https://openalex.org/W4380369864
https://openalex.org/W4380370165
https://openalex.org/W4380370203
https://openalex.org/W4380624203
https://openalex.org/W4380626524
https://openalex.org/W4380758701
https://openalex.org/W4381331814
https://openalex.org/W4382025340
https://openalex.org/W4382059175
https://openalex.org/W4382182911
https://openalex.org/W4382361369
https://openalex.org/W4382796413
https://openalex.org/W4383617254
https://openalex.org/W4383872030
https://openalex.org/W4383874770
https://openalex.org/W4383897134
https://openalex.org/W4384455647
https://openalex.org/W4385231236
https://openalex.org/W4385253180
https://openalex.org/W4385346388
https://openalex.org/W4385365393
https://openalex.org/W4385466267
https://openalex.org/W4385478683
https://openalex.org/W4385662855
https://openalex.org/W4385717062
https://openalex.org/W4385753665
https://openalex.org/W4385760149
https://openalex.org/W4385791979
https://openalex.org/W4385798341
https://openalex.org/W4385840828
https://openalex.org/W4386067616
https://openalex.org/W4386170123
https://openalex.org/W4386256491
https://openalex.org/W4386315688
https://openalex.org/W4386324093
https://openalex.org/W4386391282
https://openalex.org/W4386646643
https://openalex.org/W4386805323
https://openalex.org/W4386839008
https://openalex.org/W4386850686
https://openalex.org/W4386913403
https://openalex.org/W4387032892
https://openalex.org/W4387074558
https://openalex.org/W48255559
https://openalex.org/W53757321
https://openalex.org/W562145003
https://openalex.org/W565619402
https://openalex.org/W580230463
https://openalex.org/W580312874
https://openalex.org/W597606016
https://openalex.org/W617860484
https://openalex.org/W63267449
https://openalex.org/W658449825
https://openalex.org/W69526413
https://openalex.org/W747553531
https://openalex.org/W749568864
https://openalex.org/W759318149
https://openalex.org/W79014571
https://openalex.org/W79959378
https://openalex.org/W799974817
https://openalex.org/W801275580
https://openalex.org/W835062336
https://openalex.org/W857677848
https://openalex.org/W943707604
https://openalex.org/W964936750
https://openalex.org/W2166000498
https://openalex.org/W2060673571
https://openalex.org/W2143438291
https://openalex.org/W2171158206
https://openalex.org/W1501761217
https://openalex.org/W2038262509
https://openalex.org/W2002708977
https://openalex.org/W1976256007
https://openalex.org/W2004296840
https://openalex.org/W2143721482
https://openalex.org/W2116396726
https://openalex.org/W2105182699
https://openalex.org/W2071703951
https://openalex.org/W2470839021
https://openalex.org/W1981083415
https://openalex.org/W2042062646
https://openalex.org/W2116718309
https://openalex.org/W2071520532
https://openalex.org/W1996907187
https://openalex.org/W2129801194
https://openalex.org/W2155215362
https://openalex.org/W2091458883
https://openalex.org/W2058363618
https://openalex.org/W2138140054
https://openalex.org/W2168407867
https://openalex.org/W2019328429
https://openalex.org/W1991414324
https://openalex.org/W2031592758
https://openalex.org/W1996176602
https://openalex.org/W1975748957
https://openalex.org/W2089852518
https://openalex.org/W2023544072
https://openalex.org/W2121877182
https://openalex.org/W1967448020
https://openalex.org/W2126927216
https://openalex.org/W2600084629
https://openalex.org/W2047970728
https://openalex.org/W2102267945
https://openalex.org/W2072076620
https://openalex.org/W2090556676
https://openalex.org/W2071152788
https://openalex.org/W2078563723
https://openalex.org/W2108003717
https://openalex.org/W1986665005
https://openalex.org/W1987196385
https://openalex.org/W2059108388
https://openalex.org/W2116537033
https://openalex.org/W2735264099
https://openalex.org/W1976459737
https://openalex.org/W1990350348
https://openalex.org/W2044821232
https://openalex.org/W2104904898
https://openalex.org/W2411485578
https://openalex.org/W1987249315
https://openalex.org/W2004851477
https://openalex.org/W2115864584
https://openalex.org/W1524307850
https://openalex.org/W2042176802
https://openalex.org/W2011751977
https://openalex.org/W2058526548
https://openalex.org/W2049968481
https://openalex.org/W2094185359
https://openalex.org/W2098710062
https://openalex.org/W2129804246
https://openalex.org/W2042748962
https://openalex.org/W2102701326
https://openalex.org/W2079502798
https://openalex.org/W2089162936
https://openalex.org/W2167245757
https://openalex.org/W1573250191
https://openalex.org/W2899033585
https://openalex.org/W2485816279
https://openalex.org/W2093113119
https://openalex.org/W1772986380
https://openalex.org/W2412284581
https://openalex.org/W2020009446
https://openalex.org/W34261213
https://openalex.org/W1997025548
https://openalex.org/W2587482167
https://openalex.org/W1965226325
https://openalex.org/W2023286290
https://openalex.org/W2044239232
https://openalex.org/W2583539805
https://openalex.org/W1588801283
https://openalex.org/W2002071802
https://openalex.org/W2036394496
https://openalex.org/W1979037268
https://openalex.org/W1557950568
https://openalex.org/W2013381634
https://openalex.org/W2090311177
https://openalex.org/W2007118279
https://openalex.org/W2034091457
https://openalex.org/W1973852067
https://openalex.org/W2039466212
https://openalex.org/W1925107652
https://openalex.org/W2076087321
https://openalex.org/W2113694345
https://openalex.org/W1964264259
https://openalex.org/W4211258112
https://openalex.org/W2036507286
https://openalex.org/W1997529240
https://openalex.org/W2574527709
https://openalex.org/W2090604709
https://openalex.org/W2124254123
https://openalex.org/W2154855506
https://openalex.org/W2043226817
https://openalex.org/W2808192013
https://openalex.org/W2900806315
https://openalex.org/W1985517047
https://openalex.org/W2084558300
https://openalex.org/W2120920292
https://openalex.org/W2410732039
https://openalex.org/W2509571378
https://openalex.org/W2614048962
https://openalex.org/W2736444970
https://openalex.org/W1554784279
https://openalex.org/W2079957928
https://openalex.org/W2090941846
https://openalex.org/W2095092996
https://openalex.org/W2144236517
https://openalex.org/W2164602849
https://openalex.org/W2162666693
https://openalex.org/W2477908932
https://openalex.org/W2055723303
https://openalex.org/W2009931116
https://openalex.org/W2062330172
https://openalex.org/W2416742466
https://openalex.org/W2076709933
https://openalex.org/W2783014571
https://openalex.org/W2016216895
https://openalex.org/W2164627733
https://openalex.org/W1910768798
https://openalex.org/W2016491409
https://openalex.org/W2038069074
https://openalex.org/W2168004369
https://openalex.org/W2123266686
https://openalex.org/W2016662609
https://openalex.org/W2014261902
https://openalex.org/W2043381716
https://openalex.org/W2064257734
https://openalex.org/W2077281590
https://openalex.org/W2130553334
https://openalex.org/W2157412686
https://openalex.org/W2897077133
https://openalex.org/W1967968285
https://openalex.org/W2070401522
https://openalex.org/W2089156332
https://openalex.org/W2150523122
https://openalex.org/W2163243071
https://openalex.org/W2904561288
https://openalex.org/W3049668722
https://openalex.org/W1988379117
https://openalex.org/W1972409768
https://openalex.org/W3112969114
https://openalex.org/W2055215973
https://openalex.org/W2126712133
https://openalex.org/W2169500277
https://openalex.org/W2506275367
https://openalex.org/W1980924976
https://openalex.org/W1968903370
https://openalex.org/W2120645789
https://openalex.org/W2166929198
https://openalex.org/W2532913608
https://openalex.org/W3201934315
https://openalex.org/W2113674483
https://openalex.org/W2128491529
https://openalex.org/W1967197197
https://openalex.org/W1987834377
https://openalex.org/W2129541995
https://openalex.org/W2604508934
https://openalex.org/W1979261380
https://openalex.org/W2036093110
https://openalex.org/W2054836331
https://openalex.org/W2746030716
https://openalex.org/W1989725192
https://openalex.org/W2066692833
https://openalex.org/W2151133465
https://openalex.org/W2029770159
https://openalex.org/W2025500570
https://openalex.org/W2107894877
https://openalex.org/W2150300328
https://openalex.org/W2164577024
https://openalex.org/W1499623322
https://openalex.org/W2041655090
https://openalex.org/W1983139611
https://openalex.org/W2123438841
https://openalex.org/W2057000035
https://openalex.org/W2070204876
https://openalex.org/W2091645404
https://openalex.org/W2008554986
https://openalex.org/W2060290000
https://openalex.org/W2072292636
https://openalex.org/W2106437066
https://openalex.org/W2146776863
https://openalex.org/W3127371185
https://openalex.org/W1827058211
https://openalex.org/W2067553164
https://openalex.org/W1603427984
https://openalex.org/W1766578234
https://openalex.org/W1966405491
https://openalex.org/W1974661915
https://openalex.org/W2004347049
https://openalex.org/W2006441465
https://openalex.org/W2163447314
https://openalex.org/W2181198841
https://openalex.org/W1987746186
https://openalex.org/W2001130203
https://openalex.org/W2024023493
https://openalex.org/W2080231780
https://openalex.org/W2055266452
https://openalex.org/W2103301173
https://openalex.org/W2139002942
https://openalex.org/W1515370971
https://openalex.org/W2079540537
https://openalex.org/W2107262072
https://openalex.org/W1999614861
https://openalex.org/W2620947275
https://openalex.org/W2752585675
https://openalex.org/W1575017390
https://openalex.org/W2114468589
https://openalex.org/W2134486420
https://openalex.org/W1999099522
https://openalex.org/W2018946200
https://openalex.org/W2166894269
https://openalex.org/W1540864797
https://openalex.org/W1544310549
https://openalex.org/W2024639674
https://openalex.org/W2032936378
https://openalex.org/W2254947658
https://openalex.org/W1987759408
https://openalex.org/W2001071815
https://openalex.org/W2507320064
https://openalex.org/W2071369033
https://openalex.org/W2155523690
https://openalex.org/W2793865752
https://openalex.org/W2977926635
https://openalex.org/W2042004847
https://openalex.org/W2072486417
https://openalex.org/W2105750701
https://openalex.org/W2127189748
https://openalex.org/W2203866479
https://openalex.org/W2264179442
https://openalex.org/W1663350071
https://openalex.org/W1967742488
https://openalex.org/W1980649260
https://openalex.org/W2172109736
https://openalex.org/W2949560491
https://openalex.org/W2980806302
https://openalex.org/W1604829025
https://openalex.org/W1971129422
https://openalex.org/W2227548958
https://openalex.org/W1991932165
https://openalex.org/W1992076515
https://openalex.org/W2045915611
https://openalex.org/W1966586349
https://openalex.org/W2042809335
https://openalex.org/W2067974353
https://openalex.org/W2127967703
https://openalex.org/W2153430314
https://openalex.org/W2164933827
https://openalex.org/W2586852922
https://openalex.org/W2129358485
https://openalex.org/W2156960013
https://openalex.org/W2944689947
https://openalex.org/W2073286379
https://openalex.org/W2126334973
https://openalex.org/W2410854658
https://openalex.org/W3118083448
https://openalex.org/W2090874848
https://openalex.org/W2110055763
https://openalex.org/W2439427069
https://openalex.org/W2593911600
https://openalex.org/W2946419276
https://openalex.org/W1509690654
https://openalex.org/W2054659940
https://openalex.org/W2069468292
https://openalex.org/W2075459548
https://openalex.org/W1909578
https://openalex.org/W2035606621
https://openalex.org/W2785703025
https://openalex.org/W1650168614
https://openalex.org/W2006163385
https://openalex.org/W2053553222
https://openalex.org/W2095578788
https://openalex.org/W2102702874
https://openalex.org/W2132079480
https://openalex.org/W1990909336
https://openalex.org/W2068015587
https://openalex.org/W2139772421
https://openalex.org/W2902900721
https://openalex.org/W1601789294
https://openalex.org/W2009329190
https://openalex.org/W2042580931
https://openalex.org/W2094795028
https://openalex.org/W2121475755
https://openalex.org/W2127102211
https://openalex.org/W2159012776
https://openalex.org/W1975493815
https://openalex.org/W2105244471
https://openalex.org/W2110275044
https://openalex.org/W4247966898
https://openalex.org/W1967376788
https://openalex.org/W1976685196
https://openalex.org/W2077595743
https://openalex.org/W2109514339
https://openalex.org/W3002324245
https://openalex.org/W3161455331
https://openalex.org/W2004213225
https://openalex.org/W2006363225
https://openalex.org/W2088039103
https://openalex.org/W2092165051
https://openalex.org/W2130075876
https://openalex.org/W2297295057
https://openalex.org/W2886560848
https://openalex.org/W2952360394
https://openalex.org/W2068782054
https://openalex.org/W2094036033
https://openalex.org/W2105791106
https://openalex.org/W1499118570
https://openalex.org/W1975097455
https://openalex.org/W2025340917
https://openalex.org/W2036584656
https://openalex.org/W2062030875
https://openalex.org/W2077008502
https://openalex.org/W2121769824
https://openalex.org/W2132548534
https://openalex.org/W2264620640
https://openalex.org/W2771188163
https://openalex.org/W2975310690
https://openalex.org/W3087256791
https://openalex.org/W3139533803
https://openalex.org/W2035470307
https://openalex.org/W2060636544
https://openalex.org/W2088359773
https://openalex.org/W2808307802
https://openalex.org/W1968330852
https://openalex.org/W2094573056
https://openalex.org/W2176937549
https://openalex.org/W2578450331
https://openalex.org/W2580402140
https://openalex.org/W1981168966
https://openalex.org/W2026569578
https://openalex.org/W2029600440
https://openalex.org/W2038489862
https://openalex.org/W2098546008
https://openalex.org/W2148765295
https://openalex.org/W2153554183
https://openalex.org/W2156289764
https://openalex.org/W2156882367
https://openalex.org/W2330544401
https://openalex.org/W2505859147
https://openalex.org/W2021824973
https://openalex.org/W2027372764
https://openalex.org/W2155277241
https://openalex.org/W2317005480
https://openalex.org/W2795022537
https://openalex.org/W1968526381
https://openalex.org/W1983409047
https://openalex.org/W1990033986
https://openalex.org/W1995294870
https://openalex.org/W1998826316
https://openalex.org/W2008524521
https://openalex.org/W2049177260
https://openalex.org/W2095856537
https://openalex.org/W2137163191
https://openalex.org/W2153952183
https://openalex.org/W2752311711
https://openalex.org/W2779215143
https://openalex.org/W1574656094
https://openalex.org/W1666530056
https://openalex.org/W2033967678
https://openalex.org/W2078955274
https://openalex.org/W2109234291
https://openalex.org/W2135625287
https://openalex.org/W2156679767
https://openalex.org/W2792969537
https://openalex.org/W2807643570
https://openalex.org/W3046548390
https://openalex.org/W3212460220
https://openalex.org/W1696992097
https://openalex.org/W1968195907
https://openalex.org/W1988113241
https://openalex.org/W1996961432
https://openalex.org/W2024699328
https://openalex.org/W2028905581
https://openalex.org/W2037606194
https://openalex.org/W2052093863
https://openalex.org/W2346715948
https://openalex.org/W1955249865
https://openalex.org/W1993025945
https://openalex.org/W2000316031
https://openalex.org/W2026917620
https://openalex.org/W2082937957
https://openalex.org/W2092173381
https://openalex.org/W2136953071
https://openalex.org/W2141153549
https://openalex.org/W3019114423
https://openalex.org/W4212950697
https://openalex.org/W2021863626
https://openalex.org/W2170042605
https://openalex.org/W2196032947
https://openalex.org/W3111898055
https://openalex.org/W1987771354
https://openalex.org/W2007290227
https://openalex.org/W2009393428
https://openalex.org/W2078026630
https://openalex.org/W2092326340
https://openalex.org/W2100785434
https://openalex.org/W3005974117
https://openalex.org/W1548179915
https://openalex.org/W1969499266
https://openalex.org/W1984692508
https://openalex.org/W2063389454
https://openalex.org/W2125324057
https://openalex.org/W2252336474
https://openalex.org/W2891339072
https://openalex.org/W2987038500
https://openalex.org/W1966646960
https://openalex.org/W1971197481
https://openalex.org/W1972880976
https://openalex.org/W2006130271
https://openalex.org/W2093349101
https://openalex.org/W2169669596
https://openalex.org/W14616489
https://openalex.org/W1974937611
https://openalex.org/W1994757927
https://openalex.org/W2024793651
https://openalex.org/W2026843617
https://openalex.org/W2042299054
https://openalex.org/W2048238271
https://openalex.org/W2095475303
https://openalex.org/W2105810043
https://openalex.org/W2759084277
https://openalex.org/W2797262577
https://openalex.org/W2897237847
https://openalex.org/W3032610829
https://openalex.org/W3185130928
https://openalex.org/W1975806093
https://openalex.org/W2039098889
https://openalex.org/W2083515355
https://openalex.org/W2097868573
https://openalex.org/W2327423260
https://openalex.org/W2541101485
https://openalex.org/W2905577623
https://openalex.org/W1530822075
https://openalex.org/W1949514105
https://openalex.org/W1975493907
https://openalex.org/W1987405497
https://openalex.org/W1989454215
https://openalex.org/W2041743409
https://openalex.org/W2079270603
https://openalex.org/W2093071212
https://openalex.org/W2124035435
https://openalex.org/W2161986396
https://openalex.org/W2354336519
https://openalex.org/W2734606260
https://openalex.org/W3009233084
https://openalex.org/W3105924206
https://openalex.org/W1034765164
https://openalex.org/W1989461464
https://openalex.org/W2017930683
https://openalex.org/W2024175665
https://openalex.org/W2033728420
https://openalex.org/W2044542561
https://openalex.org/W2053704132
https://openalex.org/W2054951221
https://openalex.org/W2256962117
https://openalex.org/W2299042996
https://openalex.org/W2432109335
https://openalex.org/W2790836628
https://openalex.org/W2913448385
https://openalex.org/W1973531794
https://openalex.org/W2000137059
https://openalex.org/W2002231386
https://openalex.org/W2015033714
https://openalex.org/W2042140973
https://openalex.org/W2067071024
https://openalex.org/W2070169697
https://openalex.org/W2093206164
https://openalex.org/W2162104383
https://openalex.org/W2945822241
https://openalex.org/W2947899772
https://openalex.org/W4297673331
https://openalex.org/W1972048798
https://openalex.org/W1981260209
https://openalex.org/W1994124873
https://openalex.org/W2013054374
https://openalex.org/W2017929060
https://openalex.org/W2057259387
https://openalex.org/W2072249486
https://openalex.org/W2076905075
https://openalex.org/W2146224128
https://openalex.org/W2236127431
https://openalex.org/W2534826301
https://openalex.org/W2796617024
https://openalex.org/W3085036525
https://openalex.org/W1971807833
https://openalex.org/W1983956931
https://openalex.org/W2085475024
https://openalex.org/W2088043612
https://openalex.org/W2105381262
https://openalex.org/W2313033164
https://openalex.org/W2981477853
https://openalex.org/W3018452560
https://openalex.org/W1964037795
https://openalex.org/W1964074049
https://openalex.org/W2015514088
https://openalex.org/W2021783994
https://openalex.org/W2029573440
https://openalex.org/W2031974129
https://openalex.org/W2047033409
https://openalex.org/W2048155710
https://openalex.org/W2058736132
https://openalex.org/W2065900124
https://openalex.org/W2067857184
https://openalex.org/W2087546529
https://openalex.org/W2091340824
https://openalex.org/W2119811331
https://openalex.org/W1983920836
https://openalex.org/W2004068318
https://openalex.org/W2026265863
https://openalex.org/W2044863181
https://openalex.org/W2085975835
https://openalex.org/W2097345974
https://openalex.org/W2104879584
https://openalex.org/W2107856729
https://openalex.org/W2122779352
https://openalex.org/W2131416349
https://openalex.org/W2166252407
https://openalex.org/W2441308192
https://openalex.org/W2952491805
https://openalex.org/W1542502474
https://openalex.org/W1792229897
https://openalex.org/W1994802893
https://openalex.org/W2007136272
https://openalex.org/W2010788937
https://openalex.org/W2022083605
https://openalex.org/W2034406388
https://openalex.org/W2067101711
https://openalex.org/W2090846234
https://openalex.org/W2105501053
https://openalex.org/W2142583500
https://openalex.org/W2168238151
https://openalex.org/W2219614632
https://openalex.org/W2598830723
https://openalex.org/W2900799578
https://openalex.org/W3000444903
https://openalex.org/W4206058683
https://openalex.org/W1970245561
https://openalex.org/W2009086280
https://openalex.org/W2014097770
https://openalex.org/W2027044687
https://openalex.org/W2070291107
https://openalex.org/W2080153933
https://openalex.org/W2086373795
https://openalex.org/W2096967405
https://openalex.org/W2133207578
https://openalex.org/W1205960470
https://openalex.org/W1521629024
https://openalex.org/W1972754213
https://openalex.org/W2026148937
https://openalex.org/W2033749887
https://openalex.org/W2057330010
https://openalex.org/W2071880734
https://openalex.org/W2076744242
https://openalex.org/W2130019726
https://openalex.org/W2466970394
https://openalex.org/W2796315665
https://openalex.org/W3089646414
https://openalex.org/W3123401221
https://openalex.org/W3123619692
https://openalex.org/W1026203253
https://openalex.org/W1496512823
https://openalex.org/W1974669069
https://openalex.org/W1976880311
https://openalex.org/W2017888846
https://openalex.org/W2025564854
https://openalex.org/W2050780550
https://openalex.org/W2051920762
https://openalex.org/W2059979363
https://openalex.org/W2318762977
https://openalex.org/W2790081376
https://openalex.org/W2905535547
https://openalex.org/W2024593851
https://openalex.org/W2032217561
https://openalex.org/W2073137468
https://openalex.org/W2091256435
https://openalex.org/W2133850538
https://openalex.org/W2265414365
https://openalex.org/W2592158213
https://openalex.org/W2809050290
https://openalex.org/W2980829216
https://openalex.org/W2007164352
https://openalex.org/W2012900180
https://openalex.org/W2050003517
https://openalex.org/W2081109026
https://openalex.org/W2113161457
https://openalex.org/W2131871283
https://openalex.org/W2134295242
https://openalex.org/W2160730939
https://openalex.org/W2594395775
https://openalex.org/W2977991979
https://openalex.org/W1504695628
https://openalex.org/W1511659974
https://openalex.org/W1893019349
https://openalex.org/W1981452589
https://openalex.org/W1982233062
https://openalex.org/W1993422833
https://openalex.org/W2014893491
https://openalex.org/W2021698108
https://openalex.org/W2022709737
https://openalex.org/W2030548930
https://openalex.org/W2083405487
https://openalex.org/W2086060490
https://openalex.org/W2125985609
https://openalex.org/W2471158487
https://openalex.org/W2555161886
https://openalex.org/W2594889620
https://openalex.org/W2761408118
https://openalex.org/W2897330014
https://openalex.org/W2954124888
https://openalex.org/W1493190930
https://openalex.org/W1522821098
https://openalex.org/W1862089716
https://openalex.org/W1969712551
https://openalex.org/W1980038186
https://openalex.org/W1986220703
https://openalex.org/W2009418481
https://openalex.org/W2010736639
https://openalex.org/W2020709186
https://openalex.org/W2027779648
https://openalex.org/W2059129163
https://openalex.org/W2090441377
https://openalex.org/W2148851290
https://openalex.org/W2155298835
https://openalex.org/W2587153811
https://openalex.org/W2765629940
https://openalex.org/W2766506711
https://openalex.org/W2772063367
https://openalex.org/W3035944913
https://openalex.org/W1492082482
https://openalex.org/W1575596763
https://openalex.org/W1919516818
https://openalex.org/W1965406403
https://openalex.org/W1977231334
https://openalex.org/W1977736105
https://openalex.org/W1990472568
https://openalex.org/W2001491534
https://openalex.org/W2018593485
https://openalex.org/W2030352562
https://openalex.org/W2077842723
https://openalex.org/W2078607328
https://openalex.org/W2091425538
https://openalex.org/W2128637537
https://openalex.org/W2141480842
https://openalex.org/W215355198
https://openalex.org/W2214462493
https://openalex.org/W2255147964
https://openalex.org/W2267038514
https://openalex.org/W2800275879
https://openalex.org/W3005344678
https://openalex.org/W3047189548
https://openalex.org/W629209853
https://openalex.org/W1965742721
https://openalex.org/W1969524218
https://openalex.org/W1978496188
https://openalex.org/W1987184502
https://openalex.org/W1988383161
https://openalex.org/W2010208000
https://openalex.org/W2033080277
https://openalex.org/W2039347647
https://openalex.org/W2048667619
https://openalex.org/W2066072108
https://openalex.org/W2080689544
https://openalex.org/W2095681403
https://openalex.org/W2104789190
https://openalex.org/W2115970370
https://openalex.org/W2119478133
https://openalex.org/W2339382576
https://openalex.org/W2587915750
https://openalex.org/W2620906460
https://openalex.org/W2935596916
https://openalex.org/W2944720172
https://openalex.org/W39451281
https://openalex.org/W1775785951
https://openalex.org/W1875093370
https://openalex.org/W1973509658
https://openalex.org/W1981750424
https://openalex.org/W2001035213
https://openalex.org/W2004918623
https://openalex.org/W2022072709
https://openalex.org/W2038179393
https://openalex.org/W2039780240
https://openalex.org/W2042474187
https://openalex.org/W2060798736
https://openalex.org/W2069338345
https://openalex.org/W2089800254
https://openalex.org/W2106502289
https://openalex.org/W2116932689
https://openalex.org/W2123000351
https://openalex.org/W2162328280
https://openalex.org/W2166431553
https://openalex.org/W2218616948
https://openalex.org/W2346959611
https://openalex.org/W2505421922
https://openalex.org/W2511854438
https://openalex.org/W2549155751
https://openalex.org/W2560642009
https://openalex.org/W2765957560
https://openalex.org/W2802104402
https://openalex.org/W2946646072
https://openalex.org/W3009008281
https://openalex.org/W123051893
https://openalex.org/W1994751313
https://openalex.org/W2017741179
https://openalex.org/W2019826499
https://openalex.org/W2040660779
https://openalex.org/W2042084769
https://openalex.org/W2054121705
https://openalex.org/W2067120401
https://openalex.org/W2073749689
https://openalex.org/W2082172056
https://openalex.org/W2118166331
https://openalex.org/W2131239006
https://openalex.org/W2161772494
https://openalex.org/W2220172582
https://openalex.org/W2781633598
https://openalex.org/W2923582660
https://openalex.org/W2961867139
https://openalex.org/W1536561304
https://openalex.org/W1973175932
https://openalex.org/W1988035250
https://openalex.org/W2050412669
https://openalex.org/W2062300357
https://openalex.org/W2063819039
https://openalex.org/W2086119957
https://openalex.org/W2108093831
https://openalex.org/W2112264360
https://openalex.org/W2165113392
https://openalex.org/W2206439320
https://openalex.org/W2236698936
https://openalex.org/W266560796
https://openalex.org/W2753509006
https://openalex.org/W2781829904
https://openalex.org/W3001525407
https://openalex.org/W3080875950
https://openalex.org/W3185469917
https://openalex.org/W3186807109
https://openalex.org/W1571036433
https://openalex.org/W1727379829
https://openalex.org/W1972446437
https://openalex.org/W1981522404
https://openalex.org/W1983943515
https://openalex.org/W2029297284
https://openalex.org/W2069901935
https://openalex.org/W2078179845
https://openalex.org/W2084260327
https://openalex.org/W2091159878
https://openalex.org/W2109287757
https://openalex.org/W2124938274
https://openalex.org/W2126449243
https://openalex.org/W2139137121
https://openalex.org/W2201727897
https://openalex.org/W2397685978
https://openalex.org/W2555336764
https://openalex.org/W2562310878
https://openalex.org/W2604214871
https://openalex.org/W2613132418
https://openalex.org/W2613979310
https://openalex.org/W2619411104
https://openalex.org/W2785080755
https://openalex.org/W1561719304
https://openalex.org/W1969945224
https://openalex.org/W1970572487
https://openalex.org/W1972075764
https://openalex.org/W1974430661
https://openalex.org/W1982891566
https://openalex.org/W1998916130
https://openalex.org/W2000522120
https://openalex.org/W2007772064
https://openalex.org/W2045081287
https://openalex.org/W2050288995
https://openalex.org/W2052162631
https://openalex.org/W2054831410
https://openalex.org/W2060363283
https://openalex.org/W2068123419
https://openalex.org/W2068951573
https://openalex.org/W2071280873
https://openalex.org/W2072884258
https://openalex.org/W2078925503
https://openalex.org/W2091843652
https://openalex.org/W2093491190
https://openalex.org/W2114081268
https://openalex.org/W2141908730
https://openalex.org/W2145256412
https://openalex.org/W2152611201
https://openalex.org/W2165558324
https://openalex.org/W2182252441
https://openalex.org/W2267591398
https://openalex.org/W2520235616
https://openalex.org/W2538555683
https://openalex.org/W2905310217
https://openalex.org/W2949407587
https://openalex.org/W3120138362
https://openalex.org/W1462200121
https://openalex.org/W1968469627
https://openalex.org/W1973232313
https://openalex.org/W1986280052
https://openalex.org/W1998973733
https://openalex.org/W2005177659
https://openalex.org/W2016701744
https://openalex.org/W2021464343
https://openalex.org/W2034896852
https://openalex.org/W2066373480
https://openalex.org/W2081344352
https://openalex.org/W2107091339
https://openalex.org/W2108972961
https://openalex.org/W2113280101
https://openalex.org/W2127267393
https://openalex.org/W2143929930
https://openalex.org/W2161316257
https://openalex.org/W2189958402
https://openalex.org/W2613207527
https://openalex.org/W2807711204
https://openalex.org/W2921092418
https://openalex.org/W2952316591
https://openalex.org/W3197025106
https://openalex.org/W786184052
https://openalex.org/W1964963328
https://openalex.org/W1976774585
https://openalex.org/W1981703172
https://openalex.org/W2017123604
https://openalex.org/W2032840458
https://openalex.org/W2042358060
https://openalex.org/W2063095776
https://openalex.org/W2067296100
https://openalex.org/W2088121095
https://openalex.org/W2094669648
https://openalex.org/W2103928973
https://openalex.org/W2319505583
https://openalex.org/W2607042933
https://openalex.org/W2925257594
https://openalex.org/W2932205388
https://openalex.org/W2943515894
https://openalex.org/W2967532589
https://openalex.org/W73278132
https://openalex.org/W1552766214
https://openalex.org/W1923699142
https://openalex.org/W1977867980
https://openalex.org/W1983355828
https://openalex.org/W1984200010
https://openalex.org/W1984799200
https://openalex.org/W1997996290
https://openalex.org/W2003997605
https://openalex.org/W2012223770
https://openalex.org/W2028512104
https://openalex.org/W2051636118
https://openalex.org/W2109124194
https://openalex.org/W2111828000
https://openalex.org/W2134579510
https://openalex.org/W2154157695
https://openalex.org/W229722547
https://openalex.org/W2324571001
https://openalex.org/W2406398397
https://openalex.org/W2482270682
https://openalex.org/W2562929485
https://openalex.org/W2586626391
https://openalex.org/W2588127758
https://openalex.org/W2739399221
https://openalex.org/W2767156284
https://openalex.org/W2775348817
https://openalex.org/W2888827680
https://openalex.org/W2901977308
https://openalex.org/W2914969789
https://openalex.org/W2936249953
https://openalex.org/W2949083167
https://openalex.org/W3028288067
https://openalex.org/W3087198540
https://openalex.org/W124632038
https://openalex.org/W1512110438
https://openalex.org/W1549485048
https://openalex.org/W1575737973
https://openalex.org/W1966348522
https://openalex.org/W1975163300
https://openalex.org/W2064960213
https://openalex.org/W2066653423
https://openalex.org/W2078677365
https://openalex.org/W2122426426
https://openalex.org/W2140066908
https://openalex.org/W2165850208
https://openalex.org/W2342262170
https://openalex.org/W2467951522
https://openalex.org/W253184161
https://openalex.org/W2605550871
https://openalex.org/W2787051427
https://openalex.org/W2885006465
https://openalex.org/W1988278806
https://openalex.org/W1991380009
https://openalex.org/W1992200860
https://openalex.org/W1996255965
https://openalex.org/W2005304462
https://openalex.org/W2010046634
https://openalex.org/W2024646756
https://openalex.org/W2030682730
https://openalex.org/W2035740374
https://openalex.org/W2045337571
https://openalex.org/W2060674615
https://openalex.org/W2067260280
https://openalex.org/W2075831357
https://openalex.org/W2086921629
https://openalex.org/W2122738990
https://openalex.org/W2125478173
https://openalex.org/W2134057629
https://openalex.org/W2138597677
https://openalex.org/W2175721896
https://openalex.org/W2323247976
https://openalex.org/W2344502161
https://openalex.org/W2609285156
https://openalex.org/W2759806239
https://openalex.org/W2797177634
https://openalex.org/W2924525741
https://openalex.org/W2938266875
https://openalex.org/W2973225944
https://openalex.org/W2985791228
https://openalex.org/W3042752555
https://openalex.org/W3093283551
https://openalex.org/W1973375802
https://openalex.org/W1981339766
https://openalex.org/W1982780844
https://openalex.org/W1988760609
https://openalex.org/W2028701652
https://openalex.org/W2038251896
https://openalex.org/W2052717860
https://openalex.org/W2054205570
https://openalex.org/W2054362827
https://openalex.org/W2077838767
https://openalex.org/W2107524222
https://openalex.org/W2116939964
https://openalex.org/W2123505862
https://openalex.org/W2138437863
https://openalex.org/W2256345503
https://openalex.org/W2335752517
https://openalex.org/W2404058635
https://openalex.org/W2568029334
https://openalex.org/W2751100987
https://openalex.org/W2753071174
https://openalex.org/W2790232786
https://openalex.org/W2905042153
https://openalex.org/W2912731256
https://openalex.org/W2949589101
https://openalex.org/W3004643344
https://openalex.org/W3084032444
https://openalex.org/W3108148433
https://openalex.org/W165403348
https://openalex.org/W1969209820
https://openalex.org/W1970731243
https://openalex.org/W1978083338
https://openalex.org/W1998814490
https://openalex.org/W1998861621
https://openalex.org/W2015488014
https://openalex.org/W2033053563
https://openalex.org/W2055455242
https://openalex.org/W2069247943
https://openalex.org/W2075893513
https://openalex.org/W2090046406
https://openalex.org/W2100289463
https://openalex.org/W2112260438
https://openalex.org/W2116767107
https://openalex.org/W2126001208
https://openalex.org/W2137365435
https://openalex.org/W2139057820
https://openalex.org/W2141635203
https://openalex.org/W2169324466
https://openalex.org/W2196522928
https://openalex.org/W220433254
https://openalex.org/W2530872580
https://openalex.org/W2535602935
https://openalex.org/W2587537378
https://openalex.org/W2595826871
https://openalex.org/W268866812
https://openalex.org/W2886575705
https://openalex.org/W3217596012
https://openalex.org/W1517628406
https://openalex.org/W1969160160
https://openalex.org/W1969863405
https://openalex.org/W1976124065
https://openalex.org/W1978400384
https://openalex.org/W1990399863
https://openalex.org/W1991772105
https://openalex.org/W2005548519
https://openalex.org/W2009633377
https://openalex.org/W2015446742
https://openalex.org/W2041440621
https://openalex.org/W2051281606
https://openalex.org/W2056571255
https://openalex.org/W2063830261
https://openalex.org/W2068584989
https://openalex.org/W2074949226
https://openalex.org/W2085187862
https://openalex.org/W2089966184
https://openalex.org/W2093939832
https://openalex.org/W2106316507
https://openalex.org/W2171154327
https://openalex.org/W2216153125
https://openalex.org/W2252607102
https://openalex.org/W2342878924
https://openalex.org/W2551568421
https://openalex.org/W2594817965
https://openalex.org/W2795827730
https://openalex.org/W2800546716
https://openalex.org/W2809984928
https://openalex.org/W2940128429
https://openalex.org/W2949056588
https://openalex.org/W3127093013
https://openalex.org/W1978644779
https://openalex.org/W1991536542
https://openalex.org/W1992250289
https://openalex.org/W1996692034
https://openalex.org/W2006702577
https://openalex.org/W2014454598
https://openalex.org/W2014492623
https://openalex.org/W2029047935
https://openalex.org/W2030787386
https://openalex.org/W2033965609
https://openalex.org/W2038450171
https://openalex.org/W2055187026
https://openalex.org/W2063276372
https://openalex.org/W2067511568
https://openalex.org/W2072973204
https://openalex.org/W2122204602
https://openalex.org/W2130396787
https://openalex.org/W2132249028
https://openalex.org/W2147037067
https://openalex.org/W2165114463
https://openalex.org/W2285138535
https://openalex.org/W2424279468
https://openalex.org/W2469114162
https://openalex.org/W2530502777
https://openalex.org/W2613952941
https://openalex.org/W2761263280
https://openalex.org/W2765362120
https://openalex.org/W2766806845
https://openalex.org/W2889468864
https://openalex.org/W2895040017
https://openalex.org/W2921065293
https://openalex.org/W2937777120
https://openalex.org/W2956378877
https://openalex.org/W2975914321
https://openalex.org/W3000122014
https://openalex.org/W3000300768
https://openalex.org/W3094199387
https://openalex.org/W3157567544
https://openalex.org/W4232702709
https://openalex.org/W1576533718
https://openalex.org/W1916761635
https://openalex.org/W1934498182
https://openalex.org/W1935676631
https://openalex.org/W1943315863
https://openalex.org/W1974712685
https://openalex.org/W1974756012
https://openalex.org/W1984458030
https://openalex.org/W2043198983
https://openalex.org/W2050384636
https://openalex.org/W2058352391
https://openalex.org/W2062434803
https://openalex.org/W2117498925
https://openalex.org/W2129499565
https://openalex.org/W2133216452
https://openalex.org/W2133730021
https://openalex.org/W2138151745
https://openalex.org/W2276536372
https://openalex.org/W2356327402
https://openalex.org/W2581858951
https://openalex.org/W2614766647
https://openalex.org/W2791680055
https://openalex.org/W2799340984
https://openalex.org/W2800741444
https://openalex.org/W2892967124
https://openalex.org/W2899402919
https://openalex.org/W2944801245
https://openalex.org/W3022310508
https://openalex.org/W3185800740
https://openalex.org/W3210249234
https://openalex.org/W1964857798
https://openalex.org/W2000460797
https://openalex.org/W2000620520
https://openalex.org/W2001960488
https://openalex.org/W2002738358
https://openalex.org/W2007493283
https://openalex.org/W2009232979
https://openalex.org/W2017367439
https://openalex.org/W2028544896
https://openalex.org/W2048264541
https://openalex.org/W2056678199
https://openalex.org/W2057175419
https://openalex.org/W2064874517
https://openalex.org/W2069509404
https://openalex.org/W2070739297
https://openalex.org/W2087972719
https://openalex.org/W2112597064
https://openalex.org/W2120815030
https://openalex.org/W2130736961
https://openalex.org/W2142334469
https://openalex.org/W2162910399
https://openalex.org/W2176367085
https://openalex.org/W2215753369
https://openalex.org/W2286904530
https://openalex.org/W2293207343
https://openalex.org/W2330522692
https://openalex.org/W2476153558
https://openalex.org/W2735495738
https://openalex.org/W2809872834
https://openalex.org/W2894911387
https://openalex.org/W2897353773
https://openalex.org/W2999079989
https://openalex.org/W3009636168
https://openalex.org/W3015149935
https://openalex.org/W3034457340
https://openalex.org/W3035114957
https://openalex.org/W3118272565
https://openalex.org/W4237486839
https://openalex.org/W1495264007
https://openalex.org/W1505261152
https://openalex.org/W1966735576
https://openalex.org/W1978121236
https://openalex.org/W1981851645
https://openalex.org/W1982948442
https://openalex.org/W1988263429
https://openalex.org/W2016722318
https://openalex.org/W2038083698
https://openalex.org/W2045584351
https://openalex.org/W2053382639
https://openalex.org/W2056857145
https://openalex.org/W2057484628
https://openalex.org/W2070501025
https://openalex.org/W2083351231
https://openalex.org/W2090515467
https://openalex.org/W2091645815
https://openalex.org/W2104844300
https://openalex.org/W2125316552
https://openalex.org/W2131821739
https://openalex.org/W2142775220
https://openalex.org/W2143184243
https://openalex.org/W2156446006
https://openalex.org/W2228770899
https://openalex.org/W2409495182
https://openalex.org/W2474530857
https://openalex.org/W2515504518
https://openalex.org/W2516332350
https://openalex.org/W2887361704
https://openalex.org/W2906090978
https://openalex.org/W3003263481
https://openalex.org/W3037283471
https://openalex.org/W3092548217
https://openalex.org/W3129493936
https://openalex.org/W3138151744
https://openalex.org/W1970854002
https://openalex.org/W1975034053
https://openalex.org/W1982422646
https://openalex.org/W1983005686
https://openalex.org/W1993193905
https://openalex.org/W1993891792
https://openalex.org/W1995280058
https://openalex.org/W2009597815
https://openalex.org/W2011154797
https://openalex.org/W2044536672
https://openalex.org/W2047230629
https://openalex.org/W2048968168
https://openalex.org/W2069660749
https://openalex.org/W2112733096
https://openalex.org/W2116343899
https://openalex.org/W2140116767
https://openalex.org/W2253610245
https://openalex.org/W2465516946
https://openalex.org/W2525498392
https://openalex.org/W2601077550
https://openalex.org/W2760739205
https://openalex.org/W2782501184
https://openalex.org/W2907321135
https://openalex.org/W2920875858
https://openalex.org/W3033038839
https://openalex.org/W1493378841
https://openalex.org/W1560091885
https://openalex.org/W1979987170
https://openalex.org/W1981455076
https://openalex.org/W1997783202
https://openalex.org/W2006880344
https://openalex.org/W2010502980
https://openalex.org/W2011369719
https://openalex.org/W2020175024
https://openalex.org/W2023730480
https://openalex.org/W2027446958
https://openalex.org/W2039255053
https://openalex.org/W2044366676
https://openalex.org/W2060654441
https://openalex.org/W2060860490
https://openalex.org/W2066739245
https://openalex.org/W2071624769
https://openalex.org/W2080855469
https://openalex.org/W2099176738
https://openalex.org/W2103113241
https://openalex.org/W2117057562
https://openalex.org/W2120897562
https://openalex.org/W2127436339
https://openalex.org/W2137699348
https://openalex.org/W2149178998
https://openalex.org/W2149726942
https://openalex.org/W2156388527
https://openalex.org/W2183133882
https://openalex.org/W2184598918
https://openalex.org/W2307557843
https://openalex.org/W2437754253
https://openalex.org/W2473202608
https://openalex.org/W2514888490
https://openalex.org/W2553615387
https://openalex.org/W2588392250
https://openalex.org/W2661323878
https://openalex.org/W2788317855
https://openalex.org/W2801490561
https://openalex.org/W2936438611
https://openalex.org/W2946680671
https://openalex.org/W3138429623
https://openalex.org/W3166585010
https://openalex.org/W1912379037
https://openalex.org/W1978668657
https://openalex.org/W1995525913
https://openalex.org/W1996188268
https://openalex.org/W1996206242
https://openalex.org/W2002233229
https://openalex.org/W2002601288
https://openalex.org/W2007749487
https://openalex.org/W2010639825
https://openalex.org/W2011757852
https://openalex.org/W2013448486
https://openalex.org/W2031420860
https://openalex.org/W2052727886
https://openalex.org/W2068983065
https://openalex.org/W2072376250
https://openalex.org/W2074828730
https://openalex.org/W2075462969
https://openalex.org/W2085178299
https://openalex.org/W2085497810
https://openalex.org/W2088650098
https://openalex.org/W2098008468
https://openalex.org/W2127737620
https://openalex.org/W2132496594
https://openalex.org/W2157729500
https://openalex.org/W2158427375
https://openalex.org/W2159975124
https://openalex.org/W2180091915
https://openalex.org/W2279053417
https://openalex.org/W2284221521
https://openalex.org/W2320346499
https://openalex.org/W2320451948
https://openalex.org/W2414493501
https://openalex.org/W2438691836
https://openalex.org/W2470474093
https://openalex.org/W2519550645
https://openalex.org/W2604156870
https://openalex.org/W2604779588
https://openalex.org/W2761588219
https://openalex.org/W2806602037
https://openalex.org/W2809146085
https://openalex.org/W2840405530
https://openalex.org/W2951109612
https://openalex.org/W2966236865
https://openalex.org/W2998590862
https://openalex.org/W3030332471
https://openalex.org/W3123998177
https://openalex.org/W3154121860
https://openalex.org/W3174902162
https://openalex.org/W4200027799
https://openalex.org/W4200592949
https://openalex.org/W112486615
https://openalex.org/W1508250044
https://openalex.org/W1584812869
https://openalex.org/W1940171080
https://openalex.org/W1965292093
https://openalex.org/W1972245311
https://openalex.org/W1976565580
https://openalex.org/W1978317427
https://openalex.org/W2014607106
https://openalex.org/W2015694955
https://openalex.org/W2025511178
https://openalex.org/W2028234575
https://openalex.org/W2030214455
https://openalex.org/W2035235108
https://openalex.org/W2043639407
https://openalex.org/W2044449806
https://openalex.org/W2054342819
https://openalex.org/W2055907840
https://openalex.org/W2056610037
https://openalex.org/W2058685425
https://openalex.org/W2059438013
https://openalex.org/W2066744481
https://openalex.org/W2122653698
https://openalex.org/W2148352139
https://openalex.org/W2160175920
https://openalex.org/W2171395019
https://openalex.org/W2206898139
https://openalex.org/W2316165330
https://openalex.org/W233560767
https://openalex.org/W2401473647
https://openalex.org/W2411950586
https://openalex.org/W2414592991
https://openalex.org/W2567730569
https://openalex.org/W2582535069
https://openalex.org/W2596464731
https://openalex.org/W2894080441
https://openalex.org/W2899312928
https://openalex.org/W2923475380
https://openalex.org/W293934842
https://openalex.org/W2954923862
https://openalex.org/W2960877555
https://openalex.org/W2967838322
https://openalex.org/W3027483760
https://openalex.org/W3046645049
https://openalex.org/W3158912897
https://openalex.org/W3213108383
https://openalex.org/W3216817814
https://openalex.org/W41778482
https://openalex.org/W4225255164
https://openalex.org/W4249974848
https://openalex.org/W1484394247
https://openalex.org/W1672609586
https://openalex.org/W1904588023
https://openalex.org/W1968928806
https://openalex.org/W1970439667
https://openalex.org/W1976344073
https://openalex.org/W1976814293
https://openalex.org/W1979124988
https://openalex.org/W1983558745
https://openalex.org/W1985396090
https://openalex.org/W1986664930
https://openalex.org/W1989227964
https://openalex.org/W1997239365
https://openalex.org/W1999356104
https://openalex.org/W1999466090
https://openalex.org/W2007752598
https://openalex.org/W2014088243
https://openalex.org/W2025651559
https://openalex.org/W2034461779
https://openalex.org/W2047148336
https://openalex.org/W2049319894
https://openalex.org/W2052985728
https://openalex.org/W2060951819
https://openalex.org/W2108685088
https://openalex.org/W2117533571
https://openalex.org/W2144675464
https://openalex.org/W2156825910
https://openalex.org/W2314370034
https://openalex.org/W2563675368
https://openalex.org/W2760511647
https://openalex.org/W2788359411
https://openalex.org/W2802141346
https://openalex.org/W2903689292
https://openalex.org/W2948006341
https://openalex.org/W2958458839
https://openalex.org/W2972117501
https://openalex.org/W2998384770
https://openalex.org/W3015581267
https://openalex.org/W3017058088
https://openalex.org/W3029509038
https://openalex.org/W3092887198
https://openalex.org/W3094766454
https://openalex.org/W3111322527
https://openalex.org/W1166401204
https://openalex.org/W1723709057
https://openalex.org/W1968021042
https://openalex.org/W1973732000
https://openalex.org/W2026819869
https://openalex.org/W2040383962
https://openalex.org/W2041597202
https://openalex.org/W2041651638
https://openalex.org/W2042194087
https://openalex.org/W2044080776
https://openalex.org/W2050268824
https://openalex.org/W2051351288
https://openalex.org/W2054466553
https://openalex.org/W2056275003
https://openalex.org/W2069740931
https://openalex.org/W2077017304
https://openalex.org/W2089590831
https://openalex.org/W2113004195
https://openalex.org/W2123332342
https://openalex.org/W2156664975
https://openalex.org/W2165837922
https://openalex.org/W2408783427
https://openalex.org/W2413041246
https://openalex.org/W2462532695
https://openalex.org/W2505241264
https://openalex.org/W2509254710
https://openalex.org/W2516851149
https://openalex.org/W2744064946
https://openalex.org/W2758876917
https://openalex.org/W2781983684
https://openalex.org/W2782197596
https://openalex.org/W2782217470
https://openalex.org/W2925261929
https://openalex.org/W2954851069
https://openalex.org/W2972213350
https://openalex.org/W2979596992
https://openalex.org/W3033607234
https://openalex.org/W3180010016
https://openalex.org/W4200304370
https://openalex.org/W4313306141
https://openalex.org/W89027824
https://openalex.org/W116449112
https://openalex.org/W1511485034
https://openalex.org/W1534855010
https://openalex.org/W1570188912
https://openalex.org/W1572818770
https://openalex.org/W1758108669
https://openalex.org/W1971094532
https://openalex.org/W1993756279
https://openalex.org/W1994564460
https://openalex.org/W2009062986
https://openalex.org/W2015441885
https://openalex.org/W2019457195
https://openalex.org/W2023219956
https://openalex.org/W2038460262
https://openalex.org/W2043949474
https://openalex.org/W2057096170
https://openalex.org/W2060491448
https://openalex.org/W2060569940
https://openalex.org/W2061387471
https://openalex.org/W2066509364
https://openalex.org/W2069613544
https://openalex.org/W2071368572
https://openalex.org/W2076059173
https://openalex.org/W2079095621
https://openalex.org/W2084591107
https://openalex.org/W2086709167
https://openalex.org/W2090528460
https://openalex.org/W2092852264
https://openalex.org/W2103351596
https://openalex.org/W2114635910
https://openalex.org/W2115610591
https://openalex.org/W2128090049
https://openalex.org/W2136312967
https://openalex.org/W2141329597
https://openalex.org/W2149763726
https://openalex.org/W2151749501
https://openalex.org/W2160150079
https://openalex.org/W2192048945
https://openalex.org/W2238462345
https://openalex.org/W2238895548
https://openalex.org/W2314472418
https://openalex.org/W2339449335
https://openalex.org/W2525458813
https://openalex.org/W2529360936
https://openalex.org/W2587756867
https://openalex.org/W2620823809
https://openalex.org/W2732684239
https://openalex.org/W2766836524
https://openalex.org/W2802173845
https://openalex.org/W2888854745
https://openalex.org/W2889044189
https://openalex.org/W2943857508
https://openalex.org/W2958700209
https://openalex.org/W2986773793
https://openalex.org/W3021199018
https://openalex.org/W3024115347
https://openalex.org/W3043820522
https://openalex.org/W3048951091
https://openalex.org/W3082764663
https://openalex.org/W3122959535
https://openalex.org/W3136391866
https://openalex.org/W3136694359
https://openalex.org/W3176655677
https://openalex.org/W3197988414
https://openalex.org/W3204505375
https://openalex.org/W4286697313
https://openalex.org/W48117278
https://openalex.org/W1483260195
https://openalex.org/W1554987558
https://openalex.org/W1563001589
https://openalex.org/W1564768747
https://openalex.org/W1910333229
https://openalex.org/W1931179264
https://openalex.org/W1970401732
https://openalex.org/W1979579371
https://openalex.org/W1979947618
https://openalex.org/W1981017132
https://openalex.org/W1991994379
https://openalex.org/W1995609156
https://openalex.org/W2002019303
https://openalex.org/W2002829055
https://openalex.org/W2013626545
https://openalex.org/W2022639333
https://openalex.org/W2024822301
https://openalex.org/W2051436186
https://openalex.org/W2056252270
https://openalex.org/W2057903624
https://openalex.org/W2062404838
https://openalex.org/W2062844066
https://openalex.org/W2066791478
https://openalex.org/W2071558941
https://openalex.org/W2079052269
https://openalex.org/W2086236801
https://openalex.org/W2086804845
https://openalex.org/W2094168128
https://openalex.org/W2101759779
https://openalex.org/W2115281671
https://openalex.org/W2139264338
https://openalex.org/W2150600742
https://openalex.org/W2170910985
https://openalex.org/W2261971223
https://openalex.org/W2293159197
https://openalex.org/W2417929469
https://openalex.org/W2436810693
https://openalex.org/W2475568449
https://openalex.org/W2553047638
https://openalex.org/W2569721763
https://openalex.org/W2593190499
https://openalex.org/W2625606722
https://openalex.org/W2732638707
https://openalex.org/W2797207143
https://openalex.org/W2885873753
https://openalex.org/W2939323599
https://openalex.org/W2946334684
https://openalex.org/W2987931697
https://openalex.org/W2994931324
https://openalex.org/W3012194560
https://openalex.org/W3026404110
https://openalex.org/W3037289174
https://openalex.org/W3042649689
https://openalex.org/W3154080134
https://openalex.org/W3175844759
https://openalex.org/W4206946185
https://openalex.org/W4210686592
https://openalex.org/W4252075570
https://openalex.org/W4367041157
https://openalex.org/W638899167
https://openalex.org/W1750813574
https://openalex.org/W1766369894
https://openalex.org/W1965753137
https://openalex.org/W1976632317
https://openalex.org/W1984458329
https://openalex.org/W1989153492
https://openalex.org/W1989981848
https://openalex.org/W1999241995
https://openalex.org/W1999807061
https://openalex.org/W2001209297
https://openalex.org/W2004624298
https://openalex.org/W2006260029
https://openalex.org/W2011575419
https://openalex.org/W2013259585
https://openalex.org/W2025409355
https://openalex.org/W2030505587
https://openalex.org/W2040490176
https://openalex.org/W2044100528
https://openalex.org/W2047501205
https://openalex.org/W2052006708
https://openalex.org/W2053979825
https://openalex.org/W2062061302
https://openalex.org/W2071677561
https://openalex.org/W2082925492
https://openalex.org/W2089413009
https://openalex.org/W2092777448
https://openalex.org/W2095555529
https://openalex.org/W2098555635
https://openalex.org/W2100576813
https://openalex.org/W2137641644
https://openalex.org/W2147825559
https://openalex.org/W2164647093
https://openalex.org/W2177886442
https://openalex.org/W2363673634
https://openalex.org/W2515267756
https://openalex.org/W2608712608
https://openalex.org/W2790127360
https://openalex.org/W2803744060
https://openalex.org/W2884320626
https://openalex.org/W2905341331
https://openalex.org/W2914049140
https://openalex.org/W2971778021
https://openalex.org/W3009288222
https://openalex.org/W3015565004
https://openalex.org/W3031163975
https://openalex.org/W3037134419
https://openalex.org/W3109190821
https://openalex.org/W3127422350
https://openalex.org/W3128086668
https://openalex.org/W3132064528
https://openalex.org/W3154455514
https://openalex.org/W3155546189
https://openalex.org/W3161425588
https://openalex.org/W3163138536
https://openalex.org/W3186008659
https://openalex.org/W3197763106
https://openalex.org/W4206779094
https://openalex.org/W866823391
https://openalex.org/W1023997510
https://openalex.org/W1545908370
https://openalex.org/W1571492129
https://openalex.org/W1969306282
https://openalex.org/W1979621077
https://openalex.org/W1984641575
https://openalex.org/W2012507501
https://openalex.org/W2013607716
https://openalex.org/W2016172034
https://openalex.org/W2021737574
https://openalex.org/W2029152099
https://openalex.org/W2033538820
https://openalex.org/W2039833268
https://openalex.org/W2054631426
https://openalex.org/W2078246972
https://openalex.org/W2081534005
https://openalex.org/W2083262599
https://openalex.org/W2086132986
https://openalex.org/W2088351291
https://openalex.org/W2091346461
https://openalex.org/W2098045112
https://openalex.org/W2132791664
https://openalex.org/W2153012207
https://openalex.org/W2176325173
https://openalex.org/W2216821079
https://openalex.org/W2318180561
https://openalex.org/W2408129639
https://openalex.org/W2462590929
https://openalex.org/W2558513918
https://openalex.org/W2595757637
https://openalex.org/W2597267878
https://openalex.org/W2598766460
https://openalex.org/W2606362593
https://openalex.org/W2611450324
https://openalex.org/W2623977417
https://openalex.org/W2751592861
https://openalex.org/W2770682730
https://openalex.org/W2774208897
https://openalex.org/W2789922204
https://openalex.org/W2811333354
https://openalex.org/W2912393576
https://openalex.org/W2914714631
https://openalex.org/W2921740659
https://openalex.org/W2922491584
https://openalex.org/W2945391889
https://openalex.org/W2951328527
https://openalex.org/W2971824569
https://openalex.org/W2971994283
https://openalex.org/W2972528815
https://openalex.org/W2989035755
https://openalex.org/W2992959671
https://openalex.org/W3043025775
https://openalex.org/W3087943134
https://openalex.org/W3119532208
https://openalex.org/W3120976007
https://openalex.org/W3130546467
https://openalex.org/W3195917839
https://openalex.org/W4224253262
https://openalex.org/W1516448095
https://openalex.org/W1891958342
https://openalex.org/W1973693645
https://openalex.org/W1975888065
https://openalex.org/W1976378123
https://openalex.org/W1985808162
https://openalex.org/W1987827063
https://openalex.org/W1991492743
https://openalex.org/W1991976872
https://openalex.org/W1997662653
https://openalex.org/W2009452471
https://openalex.org/W2032197115
https://openalex.org/W2033302109
https://openalex.org/W2052367805
https://openalex.org/W2055792808
https://openalex.org/W2056059885
https://openalex.org/W2057542454
https://openalex.org/W2059075549
https://openalex.org/W2067204159
https://openalex.org/W2068113712
https://openalex.org/W2068504569
https://openalex.org/W2071199973
https://openalex.org/W2130321452
https://openalex.org/W2130831034
https://openalex.org/W2132459888
https://openalex.org/W2146919256
https://openalex.org/W2165918229
https://openalex.org/W2237472745
https://openalex.org/W2282932189
https://openalex.org/W2290645066
https://openalex.org/W2294490448
https://openalex.org/W2321574009
https://openalex.org/W2341703948
https://openalex.org/W2413879522
https://openalex.org/W2416370500
https://openalex.org/W2423820073
https://openalex.org/W2516009493
https://openalex.org/W2531170810
https://openalex.org/W2564651528
https://openalex.org/W2670442126
https://openalex.org/W2738549980
https://openalex.org/W2743706866
https://openalex.org/W2767426276
https://openalex.org/W2777320856
https://openalex.org/W2781690147
https://openalex.org/W2799647975
https://openalex.org/W2801418638
https://openalex.org/W2884999988
https://openalex.org/W2892034300
https://openalex.org/W2936094527
https://openalex.org/W2946828728
https://openalex.org/W2976972778
https://openalex.org/W3000966424
https://openalex.org/W3004820530
https://openalex.org/W3006782439
https://openalex.org/W3019121243
https://openalex.org/W3033652272
https://openalex.org/W3035286444
https://openalex.org/W3128401093
https://openalex.org/W3130161106
https://openalex.org/W3140553792
https://openalex.org/W3148215855
https://openalex.org/W3156516326
https://openalex.org/W3177509145
https://openalex.org/W3181773832
https://openalex.org/W3190181808
https://openalex.org/W3193392971
https://openalex.org/W3203954342
https://openalex.org/W4200511935
https://openalex.org/W4207008493
https://openalex.org/W4242992514
https://openalex.org/W4280596971
https://openalex.org/W4283837543
https://openalex.org/W1799033800
https://openalex.org/W181708186
https://openalex.org/W1964345999
https://openalex.org/W1985580574
https://openalex.org/W2001478096
https://openalex.org/W2011689419
https://openalex.org/W2026251086
https://openalex.org/W2032221457
https://openalex.org/W2040380276
https://openalex.org/W2043439783
https://openalex.org/W2044593416
https://openalex.org/W2048866457
https://openalex.org/W2054034541
https://openalex.org/W2058698331
https://openalex.org/W2060982662
https://openalex.org/W2063514168
https://openalex.org/W2071049168
https://openalex.org/W2083285155
https://openalex.org/W2090047656
https://openalex.org/W2095567169
https://openalex.org/W2100890961
https://openalex.org/W2105249532
https://openalex.org/W2143314397
https://openalex.org/W2160079291
https://openalex.org/W2183279437
https://openalex.org/W2300744742
https://openalex.org/W2313205376
https://openalex.org/W2315512483
https://openalex.org/W2410938047
https://openalex.org/W2412745373
https://openalex.org/W2463781017
https://openalex.org/W2474148148
https://openalex.org/W2508102573
https://openalex.org/W2750346951
https://openalex.org/W2766130623
https://openalex.org/W2767466937
https://openalex.org/W2778493522
https://openalex.org/W2784589502
https://openalex.org/W2797657626
https://openalex.org/W2884365464
https://openalex.org/W2897960406
https://openalex.org/W2928341634
https://openalex.org/W2943542565
https://openalex.org/W2953594619
https://openalex.org/W2971074705
https://openalex.org/W2988938948
https://openalex.org/W2990565042
https://openalex.org/W3004095036
https://openalex.org/W3005123143
https://openalex.org/W3041481509
https://openalex.org/W3119120600
https://openalex.org/W3124976947
https://openalex.org/W3128361307
https://openalex.org/W3133984369
https://openalex.org/W3167295915
https://openalex.org/W3171129543
https://openalex.org/W3175446602
https://openalex.org/W3205469614
https://openalex.org/W3214587512
https://openalex.org/W4237754724
https://openalex.org/W953160861
https://openalex.org/W109964286
https://openalex.org/W1490216167
https://openalex.org/W1864608468
https://openalex.org/W1915984640
https://openalex.org/W1971397422
https://openalex.org/W1975769142
https://openalex.org/W1987266066
https://openalex.org/W1999808621
https://openalex.org/W2000311158
https://openalex.org/W2024679319
https://openalex.org/W2027510621
https://openalex.org/W2029593937
https://openalex.org/W2034903895
https://openalex.org/W2035229070
https://openalex.org/W2045117882
https://openalex.org/W2062035032
https://openalex.org/W2062971428
https://openalex.org/W2070188661
https://openalex.org/W2072598401
https://openalex.org/W2074408846
https://openalex.org/W2085023667
https://openalex.org/W2090439018
https://openalex.org/W2104467283
https://openalex.org/W2126110953
https://openalex.org/W2138934553
https://openalex.org/W2150015527
https://openalex.org/W2158735578
https://openalex.org/W2174176434
https://openalex.org/W217759480
https://openalex.org/W2318313821
https://openalex.org/W2342474242
https://openalex.org/W2403477607
https://openalex.org/W2436613061
https://openalex.org/W2554214081
https://openalex.org/W2796134402
https://openalex.org/W2797175731
https://openalex.org/W2800778414
https://openalex.org/W2892511168
https://openalex.org/W2898505601
https://openalex.org/W2900814362
https://openalex.org/W2901229305
https://openalex.org/W2914791924
https://openalex.org/W2979798960
https://openalex.org/W2986291457
https://openalex.org/W2990749541
https://openalex.org/W3009665409
https://openalex.org/W3016359448
https://openalex.org/W3038832438
https://openalex.org/W3046820190
https://openalex.org/W3092975811
https://openalex.org/W3094518404
https://openalex.org/W3096425136
https://openalex.org/W3111864199
https://openalex.org/W3123470560
https://openalex.org/W3129641179
https://openalex.org/W3157108592
https://openalex.org/W3165158978
https://openalex.org/W3173445961
https://openalex.org/W3188301096
https://openalex.org/W3194643102
https://openalex.org/W3196807130
https://openalex.org/W4205562986
https://openalex.org/W4206133868
https://openalex.org/W4289860767
https://openalex.org/W4303962244
https://openalex.org/W4318586841
https://openalex.org/W948968131
https://openalex.org/W1552814679
https://openalex.org/W1968847968
https://openalex.org/W1969264800
https://openalex.org/W1972567064
https://openalex.org/W1977878863
https://openalex.org/W1984265885
https://openalex.org/W1997623542
https://openalex.org/W2000312515
https://openalex.org/W2002213145
https://openalex.org/W2015483928
https://openalex.org/W2016599336
https://openalex.org/W2018632200
https://openalex.org/W2021404468
https://openalex.org/W2031226163
https://openalex.org/W2031950031
https://openalex.org/W2032367990
https://openalex.org/W2041717302
https://openalex.org/W2055745185
https://openalex.org/W2072685800
https://openalex.org/W2075033163
https://openalex.org/W2078280262
https://openalex.org/W2078789848
https://openalex.org/W2084708565
https://openalex.org/W2088862462
https://openalex.org/W2090033457
https://openalex.org/W2108830140
https://openalex.org/W2146172509
https://openalex.org/W2152522898
https://openalex.org/W2154720888
https://openalex.org/W2161684095
https://openalex.org/W2190160293
https://openalex.org/W2308843810
https://openalex.org/W2317717957
https://openalex.org/W2396882281
https://openalex.org/W2398302967
https://openalex.org/W2428018780
https://openalex.org/W2462748363
https://openalex.org/W2498016145
https://openalex.org/W2540048027
https://openalex.org/W2754461531
https://openalex.org/W2792477864
https://openalex.org/W2795661300
https://openalex.org/W2910378719
https://openalex.org/W2937771938
https://openalex.org/W2958191253
https://openalex.org/W2960298167
https://openalex.org/W2972189026
https://openalex.org/W2981042562
https://openalex.org/W2992723765
https://openalex.org/W3005583959
https://openalex.org/W3006069394
https://openalex.org/W3033033016
https://openalex.org/W3037905971
https://openalex.org/W3080317500
https://openalex.org/W3083834266
https://openalex.org/W3086133852
https://openalex.org/W3089211279
https://openalex.org/W3094251544
https://openalex.org/W3097397491
https://openalex.org/W3099848569
https://openalex.org/W3122182576
https://openalex.org/W3124799375
https://openalex.org/W3160515411
https://openalex.org/W3165901746
https://openalex.org/W3175012527
https://openalex.org/W3196890173
https://openalex.org/W3206770307
https://openalex.org/W3208982105
https://openalex.org/W4205292462
https://openalex.org/W4214921374
https://openalex.org/W4241358461
https://openalex.org/W4293072536
https://openalex.org/W1598197796
https://openalex.org/W1891988903
https://openalex.org/W1966592982
https://openalex.org/W1975965114
https://openalex.org/W1983654529
https://openalex.org/W2004306243
https://openalex.org/W2005006392
https://openalex.org/W2022146348
https://openalex.org/W2049336555
https://openalex.org/W2057241899
https://openalex.org/W2069198344
https://openalex.org/W2079003405
https://openalex.org/W2095287004
https://openalex.org/W2112527082
https://openalex.org/W2131914350
https://openalex.org/W2136304679
https://openalex.org/W2139922086
https://openalex.org/W2142390659
https://openalex.org/W2144558402
https://openalex.org/W2150403982
https://openalex.org/W2154670158
https://openalex.org/W2155699046
https://openalex.org/W2157778958
https://openalex.org/W2169785688
https://openalex.org/W2267198702
https://openalex.org/W2312361476
https://openalex.org/W231906873
https://openalex.org/W2339778056
https://openalex.org/W2346133544
https://openalex.org/W2461274760
https://openalex.org/W259913319
https://openalex.org/W2752138285
https://openalex.org/W2767489033
https://openalex.org/W2773375455
https://openalex.org/W2789500578
https://openalex.org/W2789560712
https://openalex.org/W2798165134
https://openalex.org/W2809120703
https://openalex.org/W2890029791
https://openalex.org/W2900291568
https://openalex.org/W2921282497
https://openalex.org/W2935695119
https://openalex.org/W2965212438
https://openalex.org/W2971603164
https://openalex.org/W2976781807
https://openalex.org/W2981053196
https://openalex.org/W2983703049
https://openalex.org/W2990384468
https://openalex.org/W3000268126
https://openalex.org/W3013052955
https://openalex.org/W3036710432
https://openalex.org/W3080764696
https://openalex.org/W3087230751
https://openalex.org/W3094257133
https://openalex.org/W3117069908
https://openalex.org/W3118113226
https://openalex.org/W3128910052
https://openalex.org/W3130899098
https://openalex.org/W3138076776
https://openalex.org/W3149436349
https://openalex.org/W3175453251
https://openalex.org/W3179810487
https://openalex.org/W3180980542
https://openalex.org/W3197585456
https://openalex.org/W4246513996
https://openalex.org/W611648138
https://openalex.org/W1565550495
https://openalex.org/W1900171041
https://openalex.org/W1964540173
https://openalex.org/W1982379941
https://openalex.org/W1986350858
https://openalex.org/W1991226878
https://openalex.org/W1992180919
https://openalex.org/W1994525619
https://openalex.org/W2010076935
https://openalex.org/W2016474744
https://openalex.org/W2017601560
https://openalex.org/W2026138990
https://openalex.org/W2029339152
https://openalex.org/W2036323955
https://openalex.org/W2047089069
https://openalex.org/W2052984651
https://openalex.org/W2056526733
https://openalex.org/W2070028905
https://openalex.org/W2070919047
https://openalex.org/W2071555564
https://openalex.org/W2074014714
https://openalex.org/W2077634987
https://openalex.org/W2083528668
https://openalex.org/W2084083728
https://openalex.org/W2084524087
https://openalex.org/W2088943661
https://openalex.org/W2089843179
https://openalex.org/W2104858742
https://openalex.org/W2108756366
https://openalex.org/W2125989737
https://openalex.org/W2129149528
https://openalex.org/W2136425937
https://openalex.org/W2171601135
https://openalex.org/W2218665208
https://openalex.org/W2289994949
https://openalex.org/W2300334883
https://openalex.org/W2313920065
https://openalex.org/W2314667026
https://openalex.org/W2324078894
https://openalex.org/W2343311158
https://openalex.org/W2464320268
https://openalex.org/W2494005416
https://openalex.org/W2510188448
https://openalex.org/W2541997545
https://openalex.org/W2548796185
https://openalex.org/W2562808536
https://openalex.org/W2591159794
https://openalex.org/W2612532530
https://openalex.org/W2614001598
https://openalex.org/W2731946535
https://openalex.org/W2746495730
https://openalex.org/W2769754133
https://openalex.org/W2774825392
https://openalex.org/W2805271525
https://openalex.org/W2806768781
https://openalex.org/W2833830091
https://openalex.org/W2900733015
https://openalex.org/W2904974983
https://openalex.org/W2910571338
https://openalex.org/W2933737878
https://openalex.org/W2945380123
https://openalex.org/W2952296572
https://openalex.org/W2954185371
https://openalex.org/W2980244223
https://openalex.org/W2992295340
https://openalex.org/W2995227112
https://openalex.org/W3006616905
https://openalex.org/W3022349928
https://openalex.org/W3023617393
https://openalex.org/W3024038810
https://openalex.org/W3091532372
https://openalex.org/W3101026315
https://openalex.org/W3104537449
https://openalex.org/W3105925483
https://openalex.org/W3106924776
https://openalex.org/W3111209037
https://openalex.org/W3112041887
https://openalex.org/W3121408555
https://openalex.org/W3137183618
https://openalex.org/W3176195323
https://openalex.org/W3177708323
https://openalex.org/W3190969554
https://openalex.org/W3192018578
https://openalex.org/W3193792870
https://openalex.org/W3198090516
https://openalex.org/W3199879651
https://openalex.org/W3201347301
https://openalex.org/W3209913612
https://openalex.org/W3216370655
https://openalex.org/W4214690141
https://openalex.org/W4281753123
https://openalex.org/W4282841627
https://openalex.org/W4287459222
https://openalex.org/W4292377536
https://openalex.org/W4306393253
https://openalex.org/W56462491
https://openalex.org/W1526594062
https://openalex.org/W1592999579
https://openalex.org/W1801220923
https://openalex.org/W1933174688
https://openalex.org/W1964409117
https://openalex.org/W1968382981
https://openalex.org/W1972939270
https://openalex.org/W1973552949
https://openalex.org/W1977553797
https://openalex.org/W1982401978
https://openalex.org/W1986491992
https://openalex.org/W1996827880
https://openalex.org/W1998285599
https://openalex.org/W1999001927
https://openalex.org/W1999775136
https://openalex.org/W2000456513
https://openalex.org/W2001530309
https://openalex.org/W2005492822
https://openalex.org/W2007559157
https://openalex.org/W2016179613
https://openalex.org/W2023036963
https://openalex.org/W2031784451
https://openalex.org/W2040800298
https://openalex.org/W2043688876
https://openalex.org/W2047654101
https://openalex.org/W2054572410
https://openalex.org/W2066303766
https://openalex.org/W2068821158
https://openalex.org/W2071713605
https://openalex.org/W2071829717
https://openalex.org/W2073157826
https://openalex.org/W2075778473
https://openalex.org/W2077998012
https://openalex.org/W2089379112
https://openalex.org/W2090785829
https://openalex.org/W2093952489
https://openalex.org/W2095340177
https://openalex.org/W2103772948
https://openalex.org/W2115282988
https://openalex.org/W2126028086
https://openalex.org/W2142272491
https://openalex.org/W2151468345
https://openalex.org/W2261563769
https://openalex.org/W2262610037
https://openalex.org/W2278468318
https://openalex.org/W2310210901
https://openalex.org/W2317006137
https://openalex.org/W2344291227
https://openalex.org/W2380315379
https://openalex.org/W2407392983
https://openalex.org/W2413992500
https://openalex.org/W2425734400
https://openalex.org/W2480811157
https://openalex.org/W2524296804
https://openalex.org/W2591039357
https://openalex.org/W2619387136
https://openalex.org/W2735228455
https://openalex.org/W2759924102
https://openalex.org/W2761819375
https://openalex.org/W2769605844
https://openalex.org/W2776383587
https://openalex.org/W2795588877
https://openalex.org/W2796291741
https://openalex.org/W2802087616
https://openalex.org/W2885319240
https://openalex.org/W2897118851
https://openalex.org/W2898444954
https://openalex.org/W2900808034
https://openalex.org/W2901765190
https://openalex.org/W2903034397
https://openalex.org/W2915394076
https://openalex.org/W2933778038
https://openalex.org/W2941064543
https://openalex.org/W2944185385
https://openalex.org/W2946492224
https://openalex.org/W2957475263
https://openalex.org/W2970169407
https://openalex.org/W2978151689
https://openalex.org/W2982270084
https://openalex.org/W2995595881
https://openalex.org/W3002168430
https://openalex.org/W3011833710
https://openalex.org/W3037472628
https://openalex.org/W3048980294
https://openalex.org/W3089152060
https://openalex.org/W3105960723
https://openalex.org/W3113151273
https://openalex.org/W3117975005
https://openalex.org/W3118578651
https://openalex.org/W3119801851
https://openalex.org/W3130670008
https://openalex.org/W3149377796
https://openalex.org/W3171693802
https://openalex.org/W3172411286
https://openalex.org/W3173234711
https://openalex.org/W3186418652
https://openalex.org/W3196236319
https://openalex.org/W3198183342
https://openalex.org/W3199585965
https://openalex.org/W3199972373
https://openalex.org/W3209175273
https://openalex.org/W3216145433
https://openalex.org/W4206215319
https://openalex.org/W4206544418
https://openalex.org/W4206755562
https://openalex.org/W4210622294
https://openalex.org/W4220997904
https://openalex.org/W4221049618
https://openalex.org/W4229761395
https://openalex.org/W4240559017
https://openalex.org/W4291398279
https://openalex.org/W4294879035
https://openalex.org/W4303579102
https://openalex.org/W4319216091
https://openalex.org/W114029332
https://openalex.org/W1515170265
https://openalex.org/W1546358384
https://openalex.org/W1551577506
https://openalex.org/W1589588459
https://openalex.org/W1595362048
https://openalex.org/W1968792587
https://openalex.org/W1970808390
https://openalex.org/W1982365149
https://openalex.org/W1988853357
https://openalex.org/W1988974562
https://openalex.org/W1989252550
https://openalex.org/W1991352349
https://openalex.org/W1997914700
https://openalex.org/W2000205535
https://openalex.org/W2004145196
https://openalex.org/W2021615245
https://openalex.org/W2032847438
https://openalex.org/W2043432333
https://openalex.org/W2057212047
https://openalex.org/W2061823044
https://openalex.org/W2062702003
https://openalex.org/W2074628119
https://openalex.org/W2081479493
https://openalex.org/W2082188523
https://openalex.org/W2093327299
https://openalex.org/W2107595528
https://openalex.org/W2119043439
https://openalex.org/W2136144188
https://openalex.org/W2138637821
https://openalex.org/W2142553498
https://openalex.org/W2146806753
https://openalex.org/W2148132424
https://openalex.org/W2165704850
https://openalex.org/W2171151355
https://openalex.org/W2187885633
https://openalex.org/W2224414847
https://openalex.org/W2322743367
https://openalex.org/W2329024720
https://openalex.org/W2381847369
https://openalex.org/W2405335212
https://openalex.org/W2409268214
https://openalex.org/W2411762962
https://openalex.org/W2416355140
https://openalex.org/W2431656134
https://openalex.org/W2465198673
https://openalex.org/W2523334861
https://openalex.org/W2563116883
https://openalex.org/W2597194043
https://openalex.org/W2610834369
https://openalex.org/W2768014031
https://openalex.org/W2790037810
https://openalex.org/W2790057164
https://openalex.org/W2792292852
https://openalex.org/W2794152030
https://openalex.org/W2795077314
https://openalex.org/W2801020603
https://openalex.org/W2809100490
https://openalex.org/W2891486800
https://openalex.org/W2908140375
https://openalex.org/W2908221850
https://openalex.org/W2914555802
https://openalex.org/W2937891426
https://openalex.org/W2948249616
https://openalex.org/W2972626226
https://openalex.org/W2972909262
https://openalex.org/W2996064303
https://openalex.org/W3001095994
https://openalex.org/W3007605450
https://openalex.org/W3010693572
https://openalex.org/W3013347720
https://openalex.org/W3020844718
https://openalex.org/W3032966111
https://openalex.org/W3042826391
https://openalex.org/W3044920179
https://openalex.org/W3090023513
https://openalex.org/W3097360872
https://openalex.org/W3098622869
https://openalex.org/W3103530355
https://openalex.org/W3113240410
https://openalex.org/W3130895433
https://openalex.org/W3133311709
https://openalex.org/W3157639566
https://openalex.org/W3166051560
https://openalex.org/W3170117618
https://openalex.org/W3189994897
https://openalex.org/W3190314968
https://openalex.org/W3194244082
https://openalex.org/W3194927488
https://openalex.org/W3194954459
https://openalex.org/W3209392031
https://openalex.org/W3214227747
https://openalex.org/W4205245073
https://openalex.org/W4210404003
https://openalex.org/W4226029832
https://openalex.org/W4226042853
https://openalex.org/W4281766736
https://openalex.org/W4294878015
https://openalex.org/W4296173616
https://openalex.org/W4310496407
https://openalex.org/W4311673455
https://openalex.org/W4320493384
https://openalex.org/W4321763677
https://openalex.org/W4382933408
https://openalex.org/W644613687
https://openalex.org/W76720953
https://openalex.org/W1559771829
https://openalex.org/W159187997
https://openalex.org/W1713820003
https://openalex.org/W1823476042
https://openalex.org/W1923927145
https://openalex.org/W1977517247
https://openalex.org/W1978527563
https://openalex.org/W1988084728
https://openalex.org/W1994180912
https://openalex.org/W2002084141
https://openalex.org/W2002789621
https://openalex.org/W2006173343
https://openalex.org/W2006961331
https://openalex.org/W2010914516
https://openalex.org/W2011133379
https://openalex.org/W2017670488
https://openalex.org/W2023734680
https://openalex.org/W2024461201
https://openalex.org/W2026383662
https://openalex.org/W2028325255
https://openalex.org/W2029636919
https://openalex.org/W2035881136
https://openalex.org/W2037348278
https://openalex.org/W2039070504
https://openalex.org/W2044443654
https://openalex.org/W2046165548
https://openalex.org/W2050430299
https://openalex.org/W2050701795
https://openalex.org/W2051417050
https://openalex.org/W2057249561
https://openalex.org/W2060296159
https://openalex.org/W2075492813
https://openalex.org/W2089567186
https://openalex.org/W2093197307
https://openalex.org/W2101101038
https://openalex.org/W2105218859
https://openalex.org/W2123381841
https://openalex.org/W2141701478
https://openalex.org/W2144023693
https://openalex.org/W2144521371
https://openalex.org/W2153046250
https://openalex.org/W2158931733
https://openalex.org/W2186386638
https://openalex.org/W2213071538
https://openalex.org/W2260539824
https://openalex.org/W2269999623
https://openalex.org/W2307785730
https://openalex.org/W2312496746
https://openalex.org/W2329898595
https://openalex.org/W2332531949
https://openalex.org/W2399322132
https://openalex.org/W2408797954
https://openalex.org/W2413022678
https://openalex.org/W2415394435
https://openalex.org/W2418867933
https://openalex.org/W2419167513
https://openalex.org/W2479763767
https://openalex.org/W2587758705
https://openalex.org/W2626583970
https://openalex.org/W2754361011
https://openalex.org/W2767375293
https://openalex.org/W2788544222
https://openalex.org/W2807379016
https://openalex.org/W2810845753
https://openalex.org/W2887174456
https://openalex.org/W2890044509
https://openalex.org/W2901834831
https://openalex.org/W2953523206
https://openalex.org/W2967470603
https://openalex.org/W2998206193
https://openalex.org/W3000247529
https://openalex.org/W3004109861
https://openalex.org/W3006886202
https://openalex.org/W3008161908
https://openalex.org/W3008706500
https://openalex.org/W3026776824
https://openalex.org/W3030275207
https://openalex.org/W3033124903
https://openalex.org/W3047455204
https://openalex.org/W3081440584
https://openalex.org/W3085942008
https://openalex.org/W3087508638
https://openalex.org/W3093350946
https://openalex.org/W3095109087
https://openalex.org/W3096548744
https://openalex.org/W3105638023
https://openalex.org/W3111170813
https://openalex.org/W3115007417
https://openalex.org/W3123942945
https://openalex.org/W3125118473
https://openalex.org/W3127809872
https://openalex.org/W3138405452
https://openalex.org/W3138490602
https://openalex.org/W3141880213
https://openalex.org/W3154076911
https://openalex.org/W3164371792
https://openalex.org/W3165208835
https://openalex.org/W3166023445
https://openalex.org/W3185347641
https://openalex.org/W3188020905
https://openalex.org/W3196341117
https://openalex.org/W3202278647
https://openalex.org/W3206544211
https://openalex.org/W3208036013
https://openalex.org/W3209524888
https://openalex.org/W3215249267
https://openalex.org/W4200337391
https://openalex.org/W4205336715
https://openalex.org/W4207023362
https://openalex.org/W4224324580
https://openalex.org/W4226250352
https://openalex.org/W4239127146
https://openalex.org/W4241250493
https://openalex.org/W4246038296
https://openalex.org/W4247342953
https://openalex.org/W4285081832
https://openalex.org/W4285596388
https://openalex.org/W4286423351
https://openalex.org/W4288694053
https://openalex.org/W4289947648
https://openalex.org/W4297491644
https://openalex.org/W4308766739
https://openalex.org/W4312176370
https://openalex.org/W4316664915
https://openalex.org/W4319602511
https://openalex.org/W4320710017
https://openalex.org/W138950842
https://openalex.org/W1526875559
https://openalex.org/W1589799352
https://openalex.org/W1619868026
https://openalex.org/W1779900507
https://openalex.org/W1888625119
https://openalex.org/W1936553843
https://openalex.org/W1963733713
https://openalex.org/W1964142449
https://openalex.org/W1967679876
https://openalex.org/W1970061028
https://openalex.org/W1975236552
https://openalex.org/W1978395905
https://openalex.org/W1986034834
https://openalex.org/W1988699683
https://openalex.org/W1989283309
https://openalex.org/W1993524791
https://openalex.org/W1997022274
https://openalex.org/W1998916371
https://openalex.org/W2005109211
https://openalex.org/W2005569585
https://openalex.org/W2015295996
https://openalex.org/W2016273175
https://openalex.org/W2018454343
https://openalex.org/W2019092375
https://openalex.org/W2020710381
https://openalex.org/W2026890159
https://openalex.org/W2027645484
https://openalex.org/W2037727162
https://openalex.org/W2047821477
https://openalex.org/W2048231397
https://openalex.org/W2055282296
https://openalex.org/W2065329521
https://openalex.org/W2065884867
https://openalex.org/W2070408393
https://openalex.org/W2081678679
https://openalex.org/W2082729343
https://openalex.org/W2114759751
https://openalex.org/W2125500555
https://openalex.org/W2132454380
https://openalex.org/W2135794713
https://openalex.org/W2141148220
https://openalex.org/W2141635043
https://openalex.org/W2156090644
https://openalex.org/W2181287177
https://openalex.org/W2184536813
https://openalex.org/W2249057398
https://openalex.org/W2312561709
https://openalex.org/W2314475940
https://openalex.org/W2316000365
https://openalex.org/W2320997697
https://openalex.org/W2323199096
https://openalex.org/W2328980533
https://openalex.org/W2332386448
https://openalex.org/W2333016282
https://openalex.org/W2335897640
https://openalex.org/W2370030310
https://openalex.org/W2401084960
https://openalex.org/W2408526654
https://openalex.org/W2409344263
https://openalex.org/W2411984881
https://openalex.org/W2417280762
https://openalex.org/W2418978255
https://openalex.org/W2432974444
https://openalex.org/W2475626171
https://openalex.org/W2526786785
https://openalex.org/W2557155516
https://openalex.org/W2560620590
https://openalex.org/W2562663536
https://openalex.org/W2573584504
https://openalex.org/W2602053846
https://openalex.org/W2741227248
https://openalex.org/W2749453341
https://openalex.org/W2764285409
https://openalex.org/W2777778399
https://openalex.org/W2792923732
https://openalex.org/W2795813598
https://openalex.org/W2801839013
https://openalex.org/W2807729287
https://openalex.org/W2889880627
https://openalex.org/W2896485346
https://openalex.org/W2900149330
https://openalex.org/W2904025799
https://openalex.org/W2924828354
https://openalex.org/W2936415589
https://openalex.org/W2939399032
https://openalex.org/W2947237222
https://openalex.org/W2967531240
https://openalex.org/W2977663503
https://openalex.org/W2985376419
https://openalex.org/W2987858800
https://openalex.org/W2993260210
https://openalex.org/W2995533227
https://openalex.org/W2995605594
https://openalex.org/W3003132453
https://openalex.org/W3007431663
https://openalex.org/W3016714094
https://openalex.org/W3035430204
https://openalex.org/W3045749698
https://openalex.org/W3046480728
https://openalex.org/W3084712247
https://openalex.org/W3087025455
https://openalex.org/W3087488634
https://openalex.org/W3095148672
https://openalex.org/W3103515828
https://openalex.org/W3107891986
https://openalex.org/W3112907722
https://openalex.org/W3118700734
https://openalex.org/W3118929099
https://openalex.org/W3123033523
https://openalex.org/W3125461820
https://openalex.org/W3126112297
https://openalex.org/W3126598717
https://openalex.org/W3126789499
https://openalex.org/W3129993143
https://openalex.org/W3130134832
https://openalex.org/W3138011421
https://openalex.org/W3158404256
https://openalex.org/W3168720810
https://openalex.org/W3193891823
https://openalex.org/W3201337981
https://openalex.org/W3201452782
https://openalex.org/W3203942692
https://openalex.org/W3214704689
https://openalex.org/W3215344639
https://openalex.org/W3216089361
https://openalex.org/W3216899443
https://openalex.org/W4200006507
https://openalex.org/W4200130616
https://openalex.org/W4200414184
https://openalex.org/W4200424585
https://openalex.org/W4206649514
https://openalex.org/W4210649656
https://openalex.org/W4212887954
https://openalex.org/W4213244625
https://openalex.org/W4214548390
https://openalex.org/W4220710995
https://openalex.org/W4224810559
https://openalex.org/W4225847490
https://openalex.org/W4226026001
https://openalex.org/W4232715551
https://openalex.org/W4280643285
https://openalex.org/W4283396255
https://openalex.org/W4291144199
https://openalex.org/W4293378831
https://openalex.org/W4294147855
https://openalex.org/W4296038858
https://openalex.org/W4297394488
https://openalex.org/W4306844185
https://openalex.org/W4308889663
https://openalex.org/W4317624336
https://openalex.org/W4321352845
https://openalex.org/W4321618012
https://openalex.org/W43328962
https://openalex.org/W4366742770
https://openalex.org/W4379278549
https://openalex.org/W4384926273
https://openalex.org/W50809783
https://openalex.org/W869254970
https://openalex.org/W1041096168
https://openalex.org/W144793029
https://openalex.org/W1515941723
https://openalex.org/W1521753604
https://openalex.org/W1553798637
https://openalex.org/W1557901763
https://openalex.org/W158259672
https://openalex.org/W1592327068
https://openalex.org/W162607483
https://openalex.org/W1695514872
https://openalex.org/W1785709688
https://openalex.org/W1921674695
https://openalex.org/W1928494942
https://openalex.org/W193328644
https://openalex.org/W1969088556
https://openalex.org/W1969313816
https://openalex.org/W1969426093
https://openalex.org/W1979395312
https://openalex.org/W1980873952
https://openalex.org/W1984144252
https://openalex.org/W1984766424
https://openalex.org/W1987094674
https://openalex.org/W1991582501
https://openalex.org/W1995959039
https://openalex.org/W1998085231
https://openalex.org/W1999273369
https://openalex.org/W2003513210
https://openalex.org/W2003539578
https://openalex.org/W2009034233
https://openalex.org/W2016901362
https://openalex.org/W2019685879
https://openalex.org/W2020958367
https://openalex.org/W2025091850
https://openalex.org/W2027906084
https://openalex.org/W2032321829
https://openalex.org/W2039106566
https://openalex.org/W2039572796
https://openalex.org/W2039650475
https://openalex.org/W2040660813
https://openalex.org/W2043777656
https://openalex.org/W2045936793
https://openalex.org/W2047880227
https://openalex.org/W2051143737
https://openalex.org/W2056345471
https://openalex.org/W2059755445
https://openalex.org/W2060223331
https://openalex.org/W2062074367
https://openalex.org/W2063650633
https://openalex.org/W2078678175
https://openalex.org/W2079503142
https://openalex.org/W2085328369
https://openalex.org/W2086124236
https://openalex.org/W2088209406
https://openalex.org/W2092083178
https://openalex.org/W2094155725
https://openalex.org/W2114704161
https://openalex.org/W2124678764
https://openalex.org/W2125681634
https://openalex.org/W2135135052
https://openalex.org/W2138062998
https://openalex.org/W2147044351
https://openalex.org/W2160309154
https://openalex.org/W2169147474
https://openalex.org/W2171732884
https://openalex.org/W2176498612
https://openalex.org/W2179560862
https://openalex.org/W2179822
https://openalex.org/W2184128341
https://openalex.org/W2188572073
https://openalex.org/W2196575589
https://openalex.org/W2197607765
https://openalex.org/W2276812816
https://openalex.org/W2293172524
https://openalex.org/W2298873090
https://openalex.org/W2316476557
https://openalex.org/W2316651227
https://openalex.org/W2332910163
https://openalex.org/W2342627088
https://openalex.org/W2346296511
https://openalex.org/W2353863148
https://openalex.org/W2356974384
https://openalex.org/W2371179191
https://openalex.org/W2380878127
https://openalex.org/W2382103701
https://openalex.org/W2395681662
https://openalex.org/W2396298749
https://openalex.org/W2397342945
https://openalex.org/W2398107350
https://openalex.org/W2398865837
https://openalex.org/W2399425292
https://openalex.org/W2403699440
https://openalex.org/W2405515229
https://openalex.org/W2406166956
https://openalex.org/W2406614995
https://openalex.org/W2409294932
https://openalex.org/W2409673697
https://openalex.org/W2409745198
https://openalex.org/W2410849761
https://openalex.org/W2411565623
https://openalex.org/W2411659963
https://openalex.org/W2411913701
https://openalex.org/W2413412383
https://openalex.org/W2413437161
https://openalex.org/W2415390080
https://openalex.org/W2415686020
https://openalex.org/W2418161200
https://openalex.org/W2418489278
https://openalex.org/W2419186921
https://openalex.org/W2421693930
https://openalex.org/W2478547034
https://openalex.org/W2488480636
https://openalex.org/W2497035888
https://openalex.org/W2501788677
https://openalex.org/W2506331817
https://openalex.org/W2532563812
https://openalex.org/W2559493978
https://openalex.org/W2567647535
https://openalex.org/W2569439989
https://openalex.org/W2584084443
https://openalex.org/W2588764694
https://openalex.org/W2588954958
https://openalex.org/W2604172088
https://openalex.org/W2604226054
https://openalex.org/W2621732452
https://openalex.org/W2626439549
https://openalex.org/W2683508526
https://openalex.org/W2726639309
https://openalex.org/W2736115657
https://openalex.org/W2744648840
https://openalex.org/W2746519781
https://openalex.org/W2756021835
https://openalex.org/W2772295356
https://openalex.org/W2785272280
https://openalex.org/W2788618311
https://openalex.org/W2790246045
https://openalex.org/W2883697043
https://openalex.org/W2887022794
https://openalex.org/W2887654296
https://openalex.org/W2889429658
https://openalex.org/W2890591236
https://openalex.org/W2891185311
https://openalex.org/W2892288864
https://openalex.org/W2897311322
https://openalex.org/W2900606839
https://openalex.org/W2912095909
https://openalex.org/W2912221088
https://openalex.org/W2913868351
https://openalex.org/W2922968905
https://openalex.org/W2934888701
https://openalex.org/W2955099633
https://openalex.org/W2965982571
https://openalex.org/W2967063603
https://openalex.org/W2977609271
https://openalex.org/W2977826999
https://openalex.org/W2985360588
https://openalex.org/W2993843409
https://openalex.org/W2997234119
https://openalex.org/W3009877404
https://openalex.org/W3011418561
https://openalex.org/W3012802024
https://openalex.org/W3013707688
https://openalex.org/W3018379453
https://openalex.org/W3021239427
https://openalex.org/W3021697541
https://openalex.org/W3031799522
https://openalex.org/W3034084041
https://openalex.org/W3037219824
https://openalex.org/W3073229617
https://openalex.org/W3083111043
https://openalex.org/W3087508610
https://openalex.org/W3087586175
https://openalex.org/W3088151338
https://openalex.org/W3088452423
https://openalex.org/W3088945231
https://openalex.org/W3093526330
https://openalex.org/W3093971434
https://openalex.org/W3107730368
https://openalex.org/W3109104117
https://openalex.org/W3115087631
https://openalex.org/W3120518546
https://openalex.org/W3121308689
https://openalex.org/W3121412734
https://openalex.org/W3121550700
https://openalex.org/W3122171347
https://openalex.org/W3122377320
https://openalex.org/W3123315336
https://openalex.org/W3127149569
https://openalex.org/W3128156154
https://openalex.org/W3128282462
https://openalex.org/W3129308224
https://openalex.org/W3129318782
https://openalex.org/W3133478209
https://openalex.org/W3134364186
https://openalex.org/W3134968902
https://openalex.org/W3135151690
https://openalex.org/W3136760201
https://openalex.org/W3138450253
https://openalex.org/W3143295373
https://openalex.org/W3143381953
https://openalex.org/W3143611169
https://openalex.org/W3152044563
https://openalex.org/W3153387244
https://openalex.org/W3154711929
https://openalex.org/W3167446724
https://openalex.org/W3173306531
https://openalex.org/W3178750805
https://openalex.org/W3179002095
https://openalex.org/W3193163612
https://openalex.org/W3194708332
https://openalex.org/W3195212804
https://openalex.org/W3197347852
https://openalex.org/W3202174003
https://openalex.org/W3206260323
https://openalex.org/W3206435859
https://openalex.org/W3209062978
https://openalex.org/W333511722
https://openalex.org/W4200503682
https://openalex.org/W4200594485
https://openalex.org/W4210635626
https://openalex.org/W4210799065
https://openalex.org/W4212833490
https://openalex.org/W4212872634
https://openalex.org/W4214750271
https://openalex.org/W4224228087
https://openalex.org/W4225642197
https://openalex.org/W4229375664
https://openalex.org/W4230535029
https://openalex.org/W4230850533
https://openalex.org/W4231451146
https://openalex.org/W4248313354
https://openalex.org/W4248577073
https://openalex.org/W4248928437
https://openalex.org/W4284695165
https://openalex.org/W4287541989
https://openalex.org/W4289930825
https://openalex.org/W4292649923
https://openalex.org/W4292651738
https://openalex.org/W4293105631
https://openalex.org/W4294316685
https://openalex.org/W4295102728
https://openalex.org/W4295769960
https://openalex.org/W4296689743
https://openalex.org/W4297148097
https://openalex.org/W4304957700
https://openalex.org/W4306410798
https://openalex.org/W4308440486
https://openalex.org/W4308769569
https://openalex.org/W4308772000
https://openalex.org/W4308803092
https://openalex.org/W4309065739
https://openalex.org/W4310235277
https://openalex.org/W4310606808
https://openalex.org/W4312112838
https://openalex.org/W4313248453
https://openalex.org/W4313278421
https://openalex.org/W4313830798
https://openalex.org/W4316095739
https://openalex.org/W4316170450
https://openalex.org/W4318263831
https://openalex.org/W4321107063
https://openalex.org/W4321113292
https://openalex.org/W4322622331
https://openalex.org/W4323275878
https://openalex.org/W4323538787
https://openalex.org/W4324378490
https://openalex.org/W4366189032
https://openalex.org/W4366225284
https://openalex.org/W4366258450
https://openalex.org/W4375952471
https://openalex.org/W4378652553
https://openalex.org/W4379046118
https://openalex.org/W4379233306
https://openalex.org/W4380874498
https://openalex.org/W4381614915
https://openalex.org/W4382182859
https://openalex.org/W4383874661
https://openalex.org/W4384297135
https://openalex.org/W4384469771
https://openalex.org/W4384827502
https://openalex.org/W65672776
https://openalex.org/W939934519
https://openalex.org/W1002922237
https://openalex.org/W1038515978
https://openalex.org/W105610547
https://openalex.org/W111771333
https://openalex.org/W112580271
https://openalex.org/W1126871598
https://openalex.org/W1162728726
https://openalex.org/W118231311
https://openalex.org/W1182672150
https://openalex.org/W1204571978
https://openalex.org/W137250463
https://openalex.org/W1447168052
https://openalex.org/W1482524648
https://openalex.org/W1487155816
https://openalex.org/W149352981
https://openalex.org/W1505273787
https://openalex.org/W1509376122
https://openalex.org/W1514934550
https://openalex.org/W1524668838
https://openalex.org/W1525792018
https://openalex.org/W1527017461
https://openalex.org/W1537830433
https://openalex.org/W1542143426
https://openalex.org/W1549975671
https://openalex.org/W1552110480
https://openalex.org/W1564291102
https://openalex.org/W1566566008
https://openalex.org/W1579154907
https://openalex.org/W1580436753
https://openalex.org/W1597964446
https://openalex.org/W1603064919
https://openalex.org/W169458669
https://openalex.org/W1730822135
https://openalex.org/W1775330915
https://openalex.org/W1792093665
https://openalex.org/W1796898236
https://openalex.org/W1844740571
https://openalex.org/W1852129577
https://openalex.org/W1870955185
https://openalex.org/W1873060926
https://openalex.org/W1886005575
https://openalex.org/W1914294666
https://openalex.org/W1937460790
https://openalex.org/W194257295
https://openalex.org/W1950293473
https://openalex.org/W1952080361
https://openalex.org/W1964528706
https://openalex.org/W1964954888
https://openalex.org/W1965683780
https://openalex.org/W1966394635
https://openalex.org/W1966824594
https://openalex.org/W196746948
https://openalex.org/W1967965059
https://openalex.org/W1968680834
https://openalex.org/W1969633361
https://openalex.org/W1971939741
https://openalex.org/W1974831981
https://openalex.org/W1977081496
https://openalex.org/W1977307494
https://openalex.org/W1978346413
https://openalex.org/W197905095
https://openalex.org/W1981166679
https://openalex.org/W1982570275
https://openalex.org/W1987581702
https://openalex.org/W1990183802
https://openalex.org/W1990651488
https://openalex.org/W1993609834
https://openalex.org/W1996345391
https://openalex.org/W1996382997
https://openalex.org/W1997215393
https://openalex.org/W1997764992
https://openalex.org/W1998888872
https://openalex.org/W1999594757
https://openalex.org/W2002924020
https://openalex.org/W2004229245
https://openalex.org/W2004905474
https://openalex.org/W2008419012
https://openalex.org/W2009353067
https://openalex.org/W2009998462
https://openalex.org/W2010674508
https://openalex.org/W2011475986
https://openalex.org/W2013525794
https://openalex.org/W2014086456
https://openalex.org/W2015761354
https://openalex.org/W2016787365
https://openalex.org/W2017424028
https://openalex.org/W2017683419
https://openalex.org/W2023463487
https://openalex.org/W2024166073
https://openalex.org/W2029224666
https://openalex.org/W2032222631
https://openalex.org/W2032352674
https://openalex.org/W2033125126
https://openalex.org/W2034843514
https://openalex.org/W2035452823
https://openalex.org/W2035812015
https://openalex.org/W2037662814
https://openalex.org/W203949551
https://openalex.org/W2045552867
https://openalex.org/W2046265541
https://openalex.org/W2047152166
https://openalex.org/W2047951759
https://openalex.org/W2050870027
https://openalex.org/W2051735640
https://openalex.org/W2052614230
https://openalex.org/W2052997944
https://openalex.org/W2053303015
https://openalex.org/W2054047772
https://openalex.org/W2057791882
https://openalex.org/W2059249526
https://openalex.org/W2066515236
https://openalex.org/W2066683795
https://openalex.org/W2067018526
https://openalex.org/W2068671817
https://openalex.org/W2072147122
https://openalex.org/W2074294090
https://openalex.org/W2074980443
https://openalex.org/W2077225355
https://openalex.org/W2077408950
https://openalex.org/W2077585630
https://openalex.org/W2077875975
https://openalex.org/W2087164868
https://openalex.org/W2088844937
https://openalex.org/W2090804102
https://openalex.org/W2091049832
https://openalex.org/W2094069128
https://openalex.org/W2103618073
https://openalex.org/W2109479791
https://openalex.org/W211036324
https://openalex.org/W2113137543
https://openalex.org/W2114822355
https://openalex.org/W2119636376
https://openalex.org/W2123286685
https://openalex.org/W2129025954
https://openalex.org/W2132195562
https://openalex.org/W2133110567
https://openalex.org/W2138276420
https://openalex.org/W2138295275
https://openalex.org/W2143635640
https://openalex.org/W2144542604
https://openalex.org/W2147509064
https://openalex.org/W2148224005
https://openalex.org/W2153670555
https://openalex.org/W2155624397
https://openalex.org/W2159108157
https://openalex.org/W2160447587
https://openalex.org/W2161642575
https://openalex.org/W2168839037
https://openalex.org/W2168981897
https://openalex.org/W2169501134
https://openalex.org/W2180015532
https://openalex.org/W2180174561
https://openalex.org/W2180922031
https://openalex.org/W2183946859
https://openalex.org/W2185780292
https://openalex.org/W2185975625
https://openalex.org/W2188399144
https://openalex.org/W2188934454
https://openalex.org/W2191954169
https://openalex.org/W2193574187
https://openalex.org/W2202372034
https://openalex.org/W2205011474
https://openalex.org/W2207026835
https://openalex.org/W2208805846
https://openalex.org/W2208995970
https://openalex.org/W2219176921
https://openalex.org/W22226474
https://openalex.org/W222817147
https://openalex.org/W2230176406
https://openalex.org/W2230441333
https://openalex.org/W2231298955
https://openalex.org/W2233418197
https://openalex.org/W2235328999
https://openalex.org/W2237731725
https://openalex.org/W2240608995
https://openalex.org/W2241654328
https://openalex.org/W2243340726
https://openalex.org/W2247779299
https://openalex.org/W225123291
https://openalex.org/W2260583754
https://openalex.org/W2261778558
https://openalex.org/W2264567390
https://openalex.org/W2270077260
https://openalex.org/W22727806
https://openalex.org/W2274390548
https://openalex.org/W2275258427
https://openalex.org/W2275262173
https://openalex.org/W2275449439
https://openalex.org/W2276977863
https://openalex.org/W2277156356
https://openalex.org/W2277306983
https://openalex.org/W2277932524
https://openalex.org/W2278408781
https://openalex.org/W2279283513
https://openalex.org/W2279946764
https://openalex.org/W2283514610
https://openalex.org/W2285764959
https://openalex.org/W2286515607
https://openalex.org/W2288251654
https://openalex.org/W2294578130
https://openalex.org/W2294908146
https://openalex.org/W2296485761
https://openalex.org/W2298140081
https://openalex.org/W2304509620
https://openalex.org/W2306784092
https://openalex.org/W2313762205
https://openalex.org/W2314586084
https://openalex.org/W2314911713
https://openalex.org/W2316143628
https://openalex.org/W2317959241
https://openalex.org/W2318226400
https://openalex.org/W2319862153
https://openalex.org/W2321931192
https://openalex.org/W2326542341
https://openalex.org/W2327298081
https://openalex.org/W2328616723
https://openalex.org/W2328749088
https://openalex.org/W2328870178
https://openalex.org/W2330312703
https://openalex.org/W2330750220
https://openalex.org/W2335760201
https://openalex.org/W2336535913
https://openalex.org/W2340179347
https://openalex.org/W2341820986
https://openalex.org/W2342128135
https://openalex.org/W2343623818
https://openalex.org/W2347486140
https://openalex.org/W2349162786
https://openalex.org/W2349406187
https://openalex.org/W2349466173
https://openalex.org/W2349469442
https://openalex.org/W2350327080
https://openalex.org/W2350737064
https://openalex.org/W2350782866
https://openalex.org/W2351230417
https://openalex.org/W2351369135
https://openalex.org/W2351958779
https://openalex.org/W2352006499
https://openalex.org/W2352088014
https://openalex.org/W2352124768
https://openalex.org/W2352316480
https://openalex.org/W2353140528
https://openalex.org/W2353231288
https://openalex.org/W2353619033
https://openalex.org/W2353969656
https://openalex.org/W2354148322
https://openalex.org/W2356228400
https://openalex.org/W2357405553
https://openalex.org/W2357682300
https://openalex.org/W2357986017
https://openalex.org/W2358267902
https://openalex.org/W2358506270
https://openalex.org/W2358622399
https://openalex.org/W2359210036
https://openalex.org/W2359666134
https://openalex.org/W2359779072
https://openalex.org/W2359903162
https://openalex.org/W2360163515
https://openalex.org/W2360378442
https://openalex.org/W2360969969
https://openalex.org/W2361025747
https://openalex.org/W2361056071
https://openalex.org/W2361467623
https://openalex.org/W2362416382
https://openalex.org/W2362888041
https://openalex.org/W2363542135
https://openalex.org/W2364704435
https://openalex.org/W2365121083
https://openalex.org/W2365131153
https://openalex.org/W2365297417
https://openalex.org/W2366719408
https://openalex.org/W2367408405
https://openalex.org/W2369830907
https://openalex.org/W2369936508
https://openalex.org/W2371051728
https://openalex.org/W2371125336
https://openalex.org/W2371207329
https://openalex.org/W2371788358
https://openalex.org/W2372465174
https://openalex.org/W2372910315
https://openalex.org/W2372955477
https://openalex.org/W2373026202
https://openalex.org/W2373345189
https://openalex.org/W2373694604
https://openalex.org/W2375084406
https://openalex.org/W2375850454
https://openalex.org/W2376948828
https://openalex.org/W2377116476
https://openalex.org/W2377735409
https://openalex.org/W2377902265
https://openalex.org/W2378251673
https://openalex.org/W2378393449
https://openalex.org/W2378903681
https://openalex.org/W2379547359
https://openalex.org/W2380290170
https://openalex.org/W2380603167
https://openalex.org/W2380608176
https://openalex.org/W2380698398
https://openalex.org/W2380811124
https://openalex.org/W2381464417
https://openalex.org/W2381464438
https://openalex.org/W2381914415
https://openalex.org/W2381979797
https://openalex.org/W2382527800
https://openalex.org/W2382692757
https://openalex.org/W2383679319
https://openalex.org/W2383911780
https://openalex.org/W2384204704
https://openalex.org/W2384324918
https://openalex.org/W2385294977
https://openalex.org/W2385570969
https://openalex.org/W2386773722
https://openalex.org/W2386864428
https://openalex.org/W2386912255
https://openalex.org/W2388449382
https://openalex.org/W2388919665
https://openalex.org/W2389137728
https://openalex.org/W2389924709
https://openalex.org/W2391099474
https://openalex.org/W2391238418
https://openalex.org/W2391357201
https://openalex.org/W2391399622
https://openalex.org/W2391504431
https://openalex.org/W2392874476
https://openalex.org/W2393083818
https://openalex.org/W2393378598
https://openalex.org/W2393732705
https://openalex.org/W2393752498
https://openalex.org/W2393805124
https://openalex.org/W2395532772
https://openalex.org/W2395682707
https://openalex.org/W2395969801
https://openalex.org/W2396508787
https://openalex.org/W2396943928
https://openalex.org/W2397355150
https://openalex.org/W2397380756
https://openalex.org/W2398035038
https://openalex.org/W2400730625
https://openalex.org/W2404173562
https://openalex.org/W2404728602
https://openalex.org/W2405145178
https://openalex.org/W2406627143
https://openalex.org/W2408059899
https://openalex.org/W2409174221
https://openalex.org/W2411237131
https://openalex.org/W2411491593
https://openalex.org/W2411858486
https://openalex.org/W2412007505
https://openalex.org/W2412023098
https://openalex.org/W2412268988
https://openalex.org/W2412640254
https://openalex.org/W2412744590
https://openalex.org/W2412976348
https://openalex.org/W2413012116
https://openalex.org/W2413055466
https://openalex.org/W2413816393
https://openalex.org/W2414215416
https://openalex.org/W2415171889
https://openalex.org/W2415645357
https://openalex.org/W2416071663
https://openalex.org/W2416481723
https://openalex.org/W2416698794
https://openalex.org/W2416702703
https://openalex.org/W2417880378
https://openalex.org/W2419023294
https://openalex.org/W2426754910
https://openalex.org/W2427740565
https://openalex.org/W2429982321
https://openalex.org/W2432540295
https://openalex.org/W2432699415
https://openalex.org/W2432798515
https://openalex.org/W2434310504
https://openalex.org/W2439268332
https://openalex.org/W2441367506
https://openalex.org/W2444612320
https://openalex.org/W245220170
https://openalex.org/W2460532302
https://openalex.org/W2460773726
https://openalex.org/W2462881229
https://openalex.org/W2464559302
https://openalex.org/W2464718698
https://openalex.org/W2466344294
https://openalex.org/W2470540134
https://openalex.org/W2471908075
https://openalex.org/W2474706680
https://openalex.org/W2477817456
https://openalex.org/W2480816294
https://openalex.org/W2482267875
https://openalex.org/W2483594996
https://openalex.org/W2484690797
https://openalex.org/W2487305224
https://openalex.org/W2487553529
https://openalex.org/W2496274030
https://openalex.org/W2499917412
https://openalex.org/W2501662442
https://openalex.org/W2502711320
https://openalex.org/W2508057595
https://openalex.org/W2510781894
https://openalex.org/W2515513160
https://openalex.org/W2516022581
https://openalex.org/W2517515226
https://openalex.org/W2525598018
https://openalex.org/W2525798716
https://openalex.org/W2527123443
https://openalex.org/W2527174077
https://openalex.org/W2527543793
https://openalex.org/W2528312610
https://openalex.org/W2529480614
https://openalex.org/W2532298509
https://openalex.org/W2543640496
https://openalex.org/W2548920834
https://openalex.org/W2550804007
https://openalex.org/W2552386268
https://openalex.org/W255453429
https://openalex.org/W2559553246
https://openalex.org/W2561643684
https://openalex.org/W2562181440
https://openalex.org/W2572636120
https://openalex.org/W2573345850
https://openalex.org/W2575568447
https://openalex.org/W2578418625
https://openalex.org/W2580092555
https://openalex.org/W2580658242
https://openalex.org/W2580806939
https://openalex.org/W2581583940
https://openalex.org/W2584320629
https://openalex.org/W2587717061
https://openalex.org/W2587891763
https://openalex.org/W2588301690
https://openalex.org/W2588540257
https://openalex.org/W2590908921
https://openalex.org/W2594018471
https://openalex.org/W2596904971
https://openalex.org/W2598981094
https://openalex.org/W2604364540
https://openalex.org/W2604459487
https://openalex.org/W2604474017
https://openalex.org/W2606450841
https://openalex.org/W2606577425
https://openalex.org/W2607012987
https://openalex.org/W2613125465
https://openalex.org/W2617201193
https://openalex.org/W2618452529
https://openalex.org/W2618812859
https://openalex.org/W2619000665
https://openalex.org/W2620481942
https://openalex.org/W2620527524
https://openalex.org/W2621104262
https://openalex.org/W2621314553
https://openalex.org/W2621468853
https://openalex.org/W2625156300
https://openalex.org/W2626198371
https://openalex.org/W2627055715
https://openalex.org/W263832254
https://openalex.org/W2712687661
https://openalex.org/W2724553386
https://openalex.org/W2725317282
https://openalex.org/W2727533344
https://openalex.org/W2729965373
https://openalex.org/W2736195441
https://openalex.org/W2736385422
https://openalex.org/W2737162610
https://openalex.org/W2737252859
https://openalex.org/W2739939255
https://openalex.org/W2740292523
https://openalex.org/W2740627539
https://openalex.org/W2742488600
https://openalex.org/W2744399581
https://openalex.org/W2745479979
https://openalex.org/W2745594629
https://openalex.org/W2746549340
https://openalex.org/W2746657228
https://openalex.org/W2748116786
https://openalex.org/W2748579930
https://openalex.org/W2749791385
https://openalex.org/W2750307730
https://openalex.org/W2750355670
https://openalex.org/W2750383474
https://openalex.org/W2751124828
https://openalex.org/W2753845350
https://openalex.org/W2759603079
https://openalex.org/W2763531016
https://openalex.org/W2765136682
https://openalex.org/W2766460476
https://openalex.org/W2767048117
https://openalex.org/W2770935212
https://openalex.org/W2774905084
https://openalex.org/W2776066220
https://openalex.org/W277624360
https://openalex.org/W2777581807
https://openalex.org/W2782797214
https://openalex.org/W2785223507
https://openalex.org/W2786980040
https://openalex.org/W2790003022
https://openalex.org/W2790745773
https://openalex.org/W2791150483
https://openalex.org/W2791243466
https://openalex.org/W2792635023
https://openalex.org/W2794912710
https://openalex.org/W2795857616
https://openalex.org/W2796617487
https://openalex.org/W2799441250
https://openalex.org/W2800551558
https://openalex.org/W2802140243
https://openalex.org/W2802849076
https://openalex.org/W2803728867
https://openalex.org/W2808894915
https://openalex.org/W2810630089
https://openalex.org/W2840467522
https://openalex.org/W2840943868
https://openalex.org/W2866163544
https://openalex.org/W2883196001
https://openalex.org/W2885335871
https://openalex.org/W2885709887
https://openalex.org/W2887097695
https://openalex.org/W2887633433
https://openalex.org/W2890463298
https://openalex.org/W2893932771
https://openalex.org/W2896569564
https://openalex.org/W2897137625
https://openalex.org/W2898231669
https://openalex.org/W2900573533
https://openalex.org/W2900977055
https://openalex.org/W2901746155
https://openalex.org/W2901838745
https://openalex.org/W2901967708
https://openalex.org/W2903903336
https://openalex.org/W2904515213
https://openalex.org/W2905417219
https://openalex.org/W2905648891
https://openalex.org/W2905675432
https://openalex.org/W2908015036
https://openalex.org/W2908280381
https://openalex.org/W2908789011
https://openalex.org/W2911280074
https://openalex.org/W2912555134
https://openalex.org/W2914503344
https://openalex.org/W2914570314
https://openalex.org/W2921665373
https://openalex.org/W2921918664
https://openalex.org/W2923447803
https://openalex.org/W2924501189
https://openalex.org/W2927873044
https://openalex.org/W2934243261
https://openalex.org/W2939792853
https://openalex.org/W2940091100
https://openalex.org/W2942759879
https://openalex.org/W2943214421
https://openalex.org/W2943658694
https://openalex.org/W2943988227
https://openalex.org/W29444143
https://openalex.org/W2944541603
https://openalex.org/W2944901727
https://openalex.org/W2945594316
https://openalex.org/W2946049303
https://openalex.org/W2946209058
https://openalex.org/W2946345396
https://openalex.org/W2946948736
https://openalex.org/W2947900679
https://openalex.org/W2951071969
https://openalex.org/W2951571645
https://openalex.org/W2951724938
https://openalex.org/W2951961125
https://openalex.org/W2953178281
https://openalex.org/W2953927668
https://openalex.org/W2963377272
https://openalex.org/W2963619205
https://openalex.org/W2965355179
https://openalex.org/W2968762782
https://openalex.org/W2970911838
https://openalex.org/W2972090610
https://openalex.org/W2973665898
https://openalex.org/W2975486493
https://openalex.org/W2976100250
https://openalex.org/W2976274816
https://openalex.org/W2976323436
https://openalex.org/W2976996420
https://openalex.org/W2977458060
https://openalex.org/W2977480227
https://openalex.org/W2977551650
https://openalex.org/W2977748991
https://openalex.org/W2977900370
https://openalex.org/W2977909445
https://openalex.org/W2978093589
https://openalex.org/W2978246660
https://openalex.org/W2978730922
https://openalex.org/W2978879931
https://openalex.org/W2979028658
https://openalex.org/W2979272059
https://openalex.org/W2979333268
https://openalex.org/W2979483347
https://openalex.org/W2979987058
https://openalex.org/W2980055247
https://openalex.org/W2980266028
https://openalex.org/W2980757104
https://openalex.org/W2980833907
https://openalex.org/W2980958503
https://openalex.org/W2984437416
https://openalex.org/W2984878612
https://openalex.org/W2985129336
https://openalex.org/W2987304812
https://openalex.org/W2987608730
https://openalex.org/W2988231011
https://openalex.org/W2988541626
https://openalex.org/W2989643012
https://openalex.org/W2991714064
https://openalex.org/W2993099933
https://openalex.org/W2993609612
https://openalex.org/W2994679592
https://openalex.org/W2996784049
https://openalex.org/W2997643987
https://openalex.org/W2998978167
https://openalex.org/W3000443018
https://openalex.org/W3005667141
https://openalex.org/W3008334050
https://openalex.org/W3009404396
https://openalex.org/W3010678279
https://openalex.org/W3014810322
https://openalex.org/W3015661851
https://openalex.org/W3016544351
https://openalex.org/W3017345473
https://openalex.org/W3018681316
https://openalex.org/W3021307002
https://openalex.org/W3021995312
https://openalex.org/W3022087579
https://openalex.org/W3022136681
https://openalex.org/W3022794139
https://openalex.org/W3023077589
https://openalex.org/W3023159230
https://openalex.org/W3023287200
https://openalex.org/W3023925228
https://openalex.org/W3025450190
https://openalex.org/W3029460899
https://openalex.org/W3030705090
https://openalex.org/W3031207217
https://openalex.org/W3031318008
https://openalex.org/W3034033993
https://openalex.org/W3034398891
https://openalex.org/W3038559899
https://openalex.org/W3045005597
https://openalex.org/W3046905177
https://openalex.org/W3046973163
https://openalex.org/W3047344008
https://openalex.org/W3047672797
https://openalex.org/W3081051643
https://openalex.org/W3081845517
https://openalex.org/W3082892574
https://openalex.org/W3083108481
https://openalex.org/W3083428946
https://openalex.org/W3085353369
https://openalex.org/W3087828824
https://openalex.org/W3093096766
https://openalex.org/W3093118597
https://openalex.org/W3094634512
https://openalex.org/W3095159207
https://openalex.org/W3095845212
https://openalex.org/W3096026206
https://openalex.org/W3097549034
https://openalex.org/W3098500521
https://openalex.org/W3098942552
https://openalex.org/W3100393937
https://openalex.org/W310104195
https://openalex.org/W3102623573
https://openalex.org/W3105171855
https://openalex.org/W3106113947
https://openalex.org/W3107991554
https://openalex.org/W3108274557
https://openalex.org/W3108330467
https://openalex.org/W3108551655
https://openalex.org/W3109395126
https://openalex.org/W3110775782
https://openalex.org/W3111374059
https://openalex.org/W3112195133
https://openalex.org/W3112437501
https://openalex.org/W3112757633
https://openalex.org/W3113802197
https://openalex.org/W3116497270
https://openalex.org/W3117719033
https://openalex.org/W3118365121
https://openalex.org/W3118681283
https://openalex.org/W3119437336
https://openalex.org/W3119993493
https://openalex.org/W3120342758
https://openalex.org/W3121007905
https://openalex.org/W3121275706
https://openalex.org/W3121500325
https://openalex.org/W3121653237
https://openalex.org/W3121947461
https://openalex.org/W3122011789
https://openalex.org/W3122012334
https://openalex.org/W3122197917
https://openalex.org/W3122441747
https://openalex.org/W3122737427
https://openalex.org/W3123317470
https://openalex.org/W3124137609
https://openalex.org/W3124340901
https://openalex.org/W3124745089
https://openalex.org/W3124757016
https://openalex.org/W3124849967
https://openalex.org/W3124894326
https://openalex.org/W3125060748
https://openalex.org/W3125623575
https://openalex.org/W3126282201
https://openalex.org/W3126391179
https://openalex.org/W3126649931
https://openalex.org/W3126749071
https://openalex.org/W3127690428
https://openalex.org/W3128656543
https://openalex.org/W312946786
https://openalex.org/W3130734851
https://openalex.org/W3130788141
https://openalex.org/W3132608399
https://openalex.org/W3132688866
https://openalex.org/W3132792999
https://openalex.org/W3133518135
https://openalex.org/W3134746268
https://openalex.org/W3134890246
https://openalex.org/W3135815825
https://openalex.org/W3137304127
https://openalex.org/W3137683014
https://openalex.org/W313770253
https://openalex.org/W3140421768
https://openalex.org/W3141364604
https://openalex.org/W3142700685
https://openalex.org/W3143210817
https://openalex.org/W3143537755
https://openalex.org/W3143685519
https://openalex.org/W3144088158
https://openalex.org/W3144115141
https://openalex.org/W3145091801
https://openalex.org/W3145375904
https://openalex.org/W3145641934
https://openalex.org/W3145921203
https://openalex.org/W3148579032
https://openalex.org/W3152473448
https://openalex.org/W3153773169
https://openalex.org/W3157270338
https://openalex.org/W3158065850
https://openalex.org/W3158564051
https://openalex.org/W3160944604
https://openalex.org/W3160990118
https://openalex.org/W3162021682
https://openalex.org/W3162067894
https://openalex.org/W3162161648
https://openalex.org/W3163027357
https://openalex.org/W3163121819
https://openalex.org/W3164183441
https://openalex.org/W3164318541
https://openalex.org/W3167746955
https://openalex.org/W3169901909
https://openalex.org/W3170339274
https://openalex.org/W3172350346
https://openalex.org/W3173775351
https://openalex.org/W3174137371
https://openalex.org/W3174203141
https://openalex.org/W3174975981
https://openalex.org/W3175193338
https://openalex.org/W3175260370
https://openalex.org/W3175648527
https://openalex.org/W3176656530
https://openalex.org/W3176690041
https://openalex.org/W3177088862
https://openalex.org/W3177323692
https://openalex.org/W3178160188
https://openalex.org/W3178744066
https://openalex.org/W3178986279
https://openalex.org/W3179616950
https://openalex.org/W3179946412
https://openalex.org/W3180371525
https://openalex.org/W3180847692
https://openalex.org/W3181436378
https://openalex.org/W3183588751
https://openalex.org/W3183896639
https://openalex.org/W3184047914
https://openalex.org/W3184549022
https://openalex.org/W3184892973
https://openalex.org/W3185461718
https://openalex.org/W3186066560
https://openalex.org/W3186654615
https://openalex.org/W3189681251
https://openalex.org/W3189720505
https://openalex.org/W3190165553
https://openalex.org/W3193744890
https://openalex.org/W3194352990
https://openalex.org/W3195286249
https://openalex.org/W3196170583
https://openalex.org/W3196941516
https://openalex.org/W31969947
https://openalex.org/W3197197681
https://openalex.org/W3197725267
https://openalex.org/W3198049519
https://openalex.org/W3198617580
https://openalex.org/W3198860785
https://openalex.org/W3198979524
https://openalex.org/W3199310298
https://openalex.org/W3203928385
https://openalex.org/W3204371882
https://openalex.org/W3204769555
https://openalex.org/W3205218192
https://openalex.org/W3205427858
https://openalex.org/W3209380037
https://openalex.org/W3210080634
https://openalex.org/W3210164080
https://openalex.org/W3210906045
https://openalex.org/W3212096273
https://openalex.org/W3212308247
https://openalex.org/W3212770966
https://openalex.org/W3213191591
https://openalex.org/W3213226816
https://openalex.org/W3213989030
https://openalex.org/W3214234132
https://openalex.org/W3214872318
https://openalex.org/W3216051413
https://openalex.org/W3216604150
https://openalex.org/W3217714648
https://openalex.org/W341899640
https://openalex.org/W343113713
https://openalex.org/W358185284
https://openalex.org/W36694829
https://openalex.org/W370875485
https://openalex.org/W383748702
https://openalex.org/W39018258
https://openalex.org/W4200081362
https://openalex.org/W4200222434
https://openalex.org/W4200451828
https://openalex.org/W4200551709
https://openalex.org/W4200631752
https://openalex.org/W4200635387
https://openalex.org/W4205193698
https://openalex.org/W4205194217
https://openalex.org/W4205703338
https://openalex.org/W4205966547
https://openalex.org/W4205981567
https://openalex.org/W4206446950
https://openalex.org/W4206929815
https://openalex.org/W4206933930
https://openalex.org/W4206987539
https://openalex.org/W4207047875
https://openalex.org/W4210409995
https://openalex.org/W4210485412
https://openalex.org/W4210525414
https://openalex.org/W4210550517
https://openalex.org/W4210644350
https://openalex.org/W4210806836
https://openalex.org/W4210849362
https://openalex.org/W4210851933
https://openalex.org/W4211121605
https://openalex.org/W4212866760
https://openalex.org/W4212923848
https://openalex.org/W4213100734
https://openalex.org/W4213130318
https://openalex.org/W4213162867
https://openalex.org/W4213345415
https://openalex.org/W4214702050
https://openalex.org/W4220715202
https://openalex.org/W4220987996
https://openalex.org/W4221135105
https://openalex.org/W4221154212
https://openalex.org/W4221160937
https://openalex.org/W4223543156
https://openalex.org/W4224028710
https://openalex.org/W4224120425
https://openalex.org/W4225387522
https://openalex.org/W4225412041
https://openalex.org/W4225983054
https://openalex.org/W4226015909
https://openalex.org/W4226048014
https://openalex.org/W4226070212
https://openalex.org/W4226086739
https://openalex.org/W4226143710
https://openalex.org/W4226162737
https://openalex.org/W4226424871
https://openalex.org/W4226438216
https://openalex.org/W4226494487
https://openalex.org/W4229025693
https://openalex.org/W4229445599
https://openalex.org/W4229995777
https://openalex.org/W4230216764
https://openalex.org/W4230435241
https://openalex.org/W4231467440
https://openalex.org/W4231916980
https://openalex.org/W4232058977
https://openalex.org/W4232149026
https://openalex.org/W4232297010
https://openalex.org/W4235571726
https://openalex.org/W4236652280
https://openalex.org/W4237658291
https://openalex.org/W4238942871
https://openalex.org/W4239246048
https://openalex.org/W4239908735
https://openalex.org/W4241000459
https://openalex.org/W4242558311
https://openalex.org/W4242934909
https://openalex.org/W4243451782
https://openalex.org/W4243654162
https://openalex.org/W4244608605
https://openalex.org/W4245338564
https://openalex.org/W4245685575
https://openalex.org/W4246789016
https://openalex.org/W4247479473
https://openalex.org/W4248516932
https://openalex.org/W4248799936
https://openalex.org/W4249071967
https://openalex.org/W4249270376
https://openalex.org/W4249975198
https://openalex.org/W4251327658
https://openalex.org/W4252214344
https://openalex.org/W4252224588
https://openalex.org/W4252335543
https://openalex.org/W4253219640
https://openalex.org/W4253775857
https://openalex.org/W4254492282
https://openalex.org/W426142202
https://openalex.org/W4281256681
https://openalex.org/W4281395050
https://openalex.org/W4281617413
https://openalex.org/W4281680327
https://openalex.org/W4281871652
https://openalex.org/W4282920721
https://openalex.org/W4283156429
https://openalex.org/W4283588881
https://openalex.org/W4283706639
https://openalex.org/W4283725473
https://openalex.org/W4283736078
https://openalex.org/W4285096869
https://openalex.org/W4285269082
https://openalex.org/W4285304868
https://openalex.org/W4285522622
https://openalex.org/W4286462131
https://openalex.org/W4286462259
https://openalex.org/W4286829771
https://openalex.org/W4287328532
https://openalex.org/W4287627063
https://openalex.org/W4287767843
https://openalex.org/W4287807949
https://openalex.org/W4288299067
https://openalex.org/W4291961066
https://openalex.org/W4295772052
https://openalex.org/W4295772493
https://openalex.org/W4296056153
https://openalex.org/W4296360203
https://openalex.org/W4297225106
https://openalex.org/W4297891347
https://openalex.org/W4298001235
https://openalex.org/W4299025433
https://openalex.org/W4300861201
https://openalex.org/W4300884587
https://openalex.org/W4301844952
https://openalex.org/W4304123940
https://openalex.org/W4306393229
https://openalex.org/W4306840434
https://openalex.org/W4306969742
https://openalex.org/W4307076715
https://openalex.org/W4307198238
https://openalex.org/W4307239222
https://openalex.org/W4307397137
https://openalex.org/W4307560836
https://openalex.org/W4307608543
https://openalex.org/W4307738031
https://openalex.org/W4307944980
https://openalex.org/W4308008343
https://openalex.org/W4308500238
https://openalex.org/W4308685608
https://openalex.org/W4308820522
https://openalex.org/W4309048109
https://openalex.org/W4309087219
https://openalex.org/W4309173463
https://openalex.org/W4309303059
https://openalex.org/W4309868245
https://openalex.org/W4311015540
https://openalex.org/W4311301400
https://openalex.org/W4311367308
https://openalex.org/W4312086113
https://openalex.org/W4312086723
https://openalex.org/W4312086832
https://openalex.org/W4312086952
https://openalex.org/W4312087312
https://openalex.org/W4312087512
https://openalex.org/W4312087660
https://openalex.org/W4312186334
https://openalex.org/W4312651627
https://openalex.org/W4312683199
https://openalex.org/W4312991971
https://openalex.org/W4313164006
https://openalex.org/W4313257153
https://openalex.org/W4313886835
https://openalex.org/W4315433535
https://openalex.org/W4315619996
https://openalex.org/W4315645324
https://openalex.org/W4317380917
https://openalex.org/W4317435410
https://openalex.org/W4317463961
https://openalex.org/W4317866743
https://openalex.org/W4318244653
https://openalex.org/W4318485500
https://openalex.org/W4319295314
https://openalex.org/W4320561354
https://openalex.org/W4320879245
https://openalex.org/W4320906592
https://openalex.org/W4321061940
https://openalex.org/W4321178414
https://openalex.org/W4321368647
https://openalex.org/W4321377434
https://openalex.org/W4321433770
https://openalex.org/W4321601418
https://openalex.org/W4322724614
https://openalex.org/W4322762873
https://openalex.org/W4323025284
https://openalex.org/W4324301065
https://openalex.org/W4324349831
https://openalex.org/W4327572189
https://openalex.org/W4327857007
https://openalex.org/W4360618698
https://openalex.org/W4360838257
https://openalex.org/W4360917875
https://openalex.org/W4361246626
https://openalex.org/W4361246923
https://openalex.org/W4361255319
https://openalex.org/W4361255502
https://openalex.org/W4361255636
https://openalex.org/W4361255652
https://openalex.org/W4361255654
https://openalex.org/W4361255655
https://openalex.org/W4361255657
https://openalex.org/W4361255663
https://openalex.org/W4361255669
https://openalex.org/W4361266540
https://openalex.org/W4361266680
https://openalex.org/W4361266694
https://openalex.org/W4361266695
https://openalex.org/W4361266775
https://openalex.org/W4361266786
https://openalex.org/W4361266788
https://openalex.org/W4361826660
https://openalex.org/W4361828170
https://openalex.org/W4361828172
https://openalex.org/W4361828173
https://openalex.org/W4361828187
https://openalex.org/W4361828352
https://openalex.org/W4361828451
https://openalex.org/W4361828462
https://openalex.org/W4361828467
https://openalex.org/W4361828468
https://openalex.org/W4361828510
https://openalex.org/W4361864639
https://openalex.org/W4361884026
https://openalex.org/W4361905722
https://openalex.org/W4361905903
https://openalex.org/W4361905981
https://openalex.org/W4361906020
https://openalex.org/W4361906365
https://openalex.org/W4361906369
https://openalex.org/W4361906546
https://openalex.org/W4361911217
https://openalex.org/W4361921300
https://openalex.org/W4361921404
https://openalex.org/W4361921405
https://openalex.org/W4361921579
https://openalex.org/W4361921583
https://openalex.org/W4361921587
https://openalex.org/W4361922022
https://openalex.org/W4361922025
https://openalex.org/W4361922335
https://openalex.org/W4361945573
https://openalex.org/W4361945941
https://openalex.org/W4361950818
https://openalex.org/W4361952023
https://openalex.org/W4361957781
https://openalex.org/W4361960147
https://openalex.org/W4362394509
https://openalex.org/W4362394649
https://openalex.org/W4362394693
https://openalex.org/W4362394751
https://openalex.org/W4362394790
https://openalex.org/W4362394899
https://openalex.org/W4362395162
https://openalex.org/W4362401498
https://openalex.org/W4362401501
https://openalex.org/W4362401583
https://openalex.org/W4362401584
https://openalex.org/W4362401588
https://openalex.org/W4362401674
https://openalex.org/W4362401865
https://openalex.org/W4362401873
https://openalex.org/W4362401881
https://openalex.org/W4362462046
https://openalex.org/W4362465324
https://openalex.org/W4362550580
https://openalex.org/W4362704619
https://openalex.org/W4362716282
https://openalex.org/W4362733847
https://openalex.org/W4362733980
https://openalex.org/W4363679278
https://openalex.org/W4365444299
https://openalex.org/W4365511337
https://openalex.org/W4366167138
https://openalex.org/W4366189224
https://openalex.org/W4366201644
https://openalex.org/W4366490140
https://openalex.org/W4366976491
https://openalex.org/W4367153870
https://openalex.org/W4367178145
https://openalex.org/W4367296673
https://openalex.org/W4367309387
https://openalex.org/W4367458991
https://openalex.org/W437016871
https://openalex.org/W4372349646
https://openalex.org/W4375848701
https://openalex.org/W4375851178
https://openalex.org/W4375851932
https://openalex.org/W4375868179
https://openalex.org/W4375870868
https://openalex.org/W4376111027
https://openalex.org/W4376138732
https://openalex.org/W4376601802
https://openalex.org/W4377230304
https://openalex.org/W4377230307
https://openalex.org/W4377234692
https://openalex.org/W4378070323
https://openalex.org/W4378716787
https://openalex.org/W4378782305
https://openalex.org/W4378982611
https://openalex.org/W4379143659
https://openalex.org/W4379538099
https://openalex.org/W4379539680
https://openalex.org/W4380029653
https://openalex.org/W4380369599
https://openalex.org/W4380372694
https://openalex.org/W4380742336
https://openalex.org/W4380763309
https://openalex.org/W4380893862
https://openalex.org/W4380904138
https://openalex.org/W4380992412
https://openalex.org/W4380992946
https://openalex.org/W4380994059
https://openalex.org/W4381251963
https://openalex.org/W4381252811
https://openalex.org/W4381786590
https://openalex.org/W4382133860
https://openalex.org/W4382247744
https://openalex.org/W4382539013
https://openalex.org/W4382599527
https://openalex.org/W4382774969
https://openalex.org/W4382919151
https://openalex.org/W4383058558
https://openalex.org/W4383536099
https://openalex.org/W4383553489
https://openalex.org/W4383905022
https://openalex.org/W4384027133
https://openalex.org/W4384564660
https://openalex.org/W4384819609
https://openalex.org/W4384915362
https://openalex.org/W4384942504
https://openalex.org/W4384947296
https://openalex.org/W4385060522
https://openalex.org/W4385155444
https://openalex.org/W4385185817
https://openalex.org/W4385188997
https://openalex.org/W4385225594
https://openalex.org/W4385260284
https://openalex.org/W4385377923
https://openalex.org/W4385398073
https://openalex.org/W4385422389
https://openalex.org/W4385543492
https://openalex.org/W4385564695
https://openalex.org/W4385633678
https://openalex.org/W4385651630
https://openalex.org/W4385684325
https://openalex.org/W4385811357
https://openalex.org/W4385851672
https://openalex.org/W4385852212
https://openalex.org/W4385901202
https://openalex.org/W4386052263
https://openalex.org/W4386099010
https://openalex.org/W4386153724
https://openalex.org/W4386207372
https://openalex.org/W4386219066
https://openalex.org/W4386256429
https://openalex.org/W4386398868
https://openalex.org/W4386438808
https://openalex.org/W4386570159
https://openalex.org/W4386700372
https://openalex.org/W4386736700
https://openalex.org/W4386757548
https://openalex.org/W4386772564
https://openalex.org/W4386779147
https://openalex.org/W4386784033
https://openalex.org/W4386916419
https://openalex.org/W4386944532
https://openalex.org/W4386945517
https://openalex.org/W4386990781
https://openalex.org/W4387003958
https://openalex.org/W4387062618
https://openalex.org/W4387062949
https://openalex.org/W45412706
https://openalex.org/W50761198
https://openalex.org/W52187317
https://openalex.org/W55182553
https://openalex.org/W568006799
https://openalex.org/W586702943
https://openalex.org/W601358611
https://openalex.org/W60939295
https://openalex.org/W612811646
https://openalex.org/W630893864
https://openalex.org/W64990283
https://openalex.org/W65164650
https://openalex.org/W659591806
https://openalex.org/W75528670
https://openalex.org/W770201081
https://openalex.org/W774104444
https://openalex.org/W777341026
https://openalex.org/W792452679
https://openalex.org/W796140411
https://openalex.org/W79672279
https://openalex.org/W805789401
https://openalex.org/W808267439
https://openalex.org/W812308643
https://openalex.org/W844794291
https://openalex.org/W845479104
https://openalex.org/W853209576
https://openalex.org/W853444133
https://openalex.org/W854603813
https://openalex.org/W875153195
https://openalex.org/W886028686
https://openalex.org/W890033016
https://openalex.org/W89202218
https://openalex.org/W922953531
https://openalex.org/W935220
https://openalex.org/W939369626
https://openalex.org/W94115222
https://openalex.org/W945334524
https://openalex.org/W983248881
https://openalex.org/W989990163
https://openalex.org/W999503274
https://openalex.org/W2627871710
https://openalex.org/W2261427161
https://openalex.org/W2172122397
https://openalex.org/W2073134590
https://openalex.org/W2117649283
https://openalex.org/W2072890764
https://openalex.org/W3036398841
https://openalex.org/W2066277278
https://openalex.org/W2165413853
https://openalex.org/W2098380802
https://openalex.org/W2156247564
https://openalex.org/W2044916117
https://openalex.org/W2155533563
https://openalex.org/W3205595473
https://openalex.org/W3179857518
https://openalex.org/W1995404520
https://openalex.org/W2129115323
https://openalex.org/W2796208126
https://openalex.org/W2141279088
https://openalex.org/W2097449310
https://openalex.org/W1957395289
https://openalex.org/W2152231606
https://openalex.org/W2130407782
https://openalex.org/W2138733479
https://openalex.org/W2002715948
https://openalex.org/W2041607290
https://openalex.org/W1996075932
https://openalex.org/W2004429375
https://openalex.org/W2969931905
https://openalex.org/W2078511240
https://openalex.org/W2135456872
https://openalex.org/W2004986948
https://openalex.org/W2104532643
https://openalex.org/W2029151927
https://openalex.org/W2084899119
https://openalex.org/W2158591788
https://openalex.org/W1989951007
https://openalex.org/W3124119591
https://openalex.org/W2025470742
https://openalex.org/W2921533600
https://openalex.org/W2098315859
https://openalex.org/W2188526495
https://openalex.org/W2008712670
https://openalex.org/W2132956923
https://openalex.org/W1592395964
https://openalex.org/W2136018175
https://openalex.org/W2088566177
https://openalex.org/W2126864982
https://openalex.org/W1969577451
https://openalex.org/W2137561439
https://openalex.org/W2101816987
https://openalex.org/W1915374658
https://openalex.org/W2126393744
https://openalex.org/W2003022993
https://openalex.org/W2143730384
https://openalex.org/W2618999197
https://openalex.org/W3031292493
https://openalex.org/W1968139369
https://openalex.org/W1875913653
https://openalex.org/W2079712106
https://openalex.org/W1772988843
https://openalex.org/W2115723093
https://openalex.org/W2288464677
https://openalex.org/W2063993913
https://openalex.org/W2143940059
https://openalex.org/W2116444479
https://openalex.org/W1959439884
https://openalex.org/W1588180482
https://openalex.org/W2165604127
https://openalex.org/W1606148135
https://openalex.org/W3126609356
https://openalex.org/W1973712296
https://openalex.org/W1964632863
https://openalex.org/W1986956003
https://openalex.org/W1981126755
https://openalex.org/W2066052087
https://openalex.org/W2158740417
https://openalex.org/W2904708694
https://openalex.org/W106879566
https://openalex.org/W2015454850
https://openalex.org/W2154786353
https://openalex.org/W1993496211
https://openalex.org/W1840582915
https://openalex.org/W1972050244
https://openalex.org/W2001769052
https://openalex.org/W2073187339
https://openalex.org/W2147027645
https://openalex.org/W1590805502
https://openalex.org/W2035815331
https://openalex.org/W1973657277
https://openalex.org/W2094783645
https://openalex.org/W2119354653
https://openalex.org/W2085125246
https://openalex.org/W1589143190
https://openalex.org/W2048883388
https://openalex.org/W2560708148
https://openalex.org/W2765759949
https://openalex.org/W4280598116
https://openalex.org/W2062232444
https://openalex.org/W2052827796
https://openalex.org/W2078308307
https://openalex.org/W2017173296
https://openalex.org/W2065051848
https://openalex.org/W2106269249
https://openalex.org/W1981064211
https://openalex.org/W2161653543
https://openalex.org/W2069351794
https://openalex.org/W2047956692
https://openalex.org/W2094389119
https://openalex.org/W2165023188
https://openalex.org/W1987718203
https://openalex.org/W1969270394
https://openalex.org/W2016364319
https://openalex.org/W1870392669
https://openalex.org/W2137259838
https://openalex.org/W2257427816
https://openalex.org/W1972262414
https://openalex.org/W2011493536
https://openalex.org/W2160780272
https://openalex.org/W1999603379
https://openalex.org/W2071746976
https://openalex.org/W125784515
https://openalex.org/W2066800213
https://openalex.org/W2058873342
https://openalex.org/W2035854310
https://openalex.org/W2126148683
https://openalex.org/W2165084094
https://openalex.org/W1981393886
https://openalex.org/W2048234927
https://openalex.org/W2128475408
https://openalex.org/W2087242923
https://openalex.org/W1861743845
https://openalex.org/W2012800627
https://openalex.org/W2136700586
https://openalex.org/W1784033246
https://openalex.org/W1968665152
https://openalex.org/W2111742493
https://openalex.org/W2142515750
https://openalex.org/W1988087513
https://openalex.org/W2033793228
https://openalex.org/W2033381913
https://openalex.org/W2050305231
https://openalex.org/W2106411455
https://openalex.org/W1995480351
https://openalex.org/W1810362853
https://openalex.org/W2034104594
https://openalex.org/W2044459640
https://openalex.org/W2100860810
https://openalex.org/W1574398459
https://openalex.org/W2145657085
https://openalex.org/W2042592516
https://openalex.org/W2400927555
https://openalex.org/W1951705554
https://openalex.org/W2039966688
https://openalex.org/W3108158555
https://openalex.org/W1985886021
https://openalex.org/W2085491990
https://openalex.org/W3008931239
https://openalex.org/W2042842841
https://openalex.org/W1982641197
https://openalex.org/W2063081993
https://openalex.org/W2146915584
https://openalex.org/W2074801231
https://openalex.org/W2115796752
https://openalex.org/W2172150703
https://openalex.org/W1988958893
https://openalex.org/W1975829681
https://openalex.org/W2136190630
https://openalex.org/W2137973944
https://openalex.org/W2056265274
https://openalex.org/W2108565008
https://openalex.org/W2078918521
https://openalex.org/W3203972939
https://openalex.org/W1517438784
https://openalex.org/W2116201213
https://openalex.org/W2169001927
https://openalex.org/W2726246624
https://openalex.org/W1958603375
https://openalex.org/W2074244952
https://openalex.org/W2088874236
https://openalex.org/W2101524123
https://openalex.org/W2119074447
https://openalex.org/W2785372400
https://openalex.org/W2011038554
https://openalex.org/W2097818966
https://openalex.org/W1577297359
https://openalex.org/W2122947761
https://openalex.org/W2163446307
https://openalex.org/W1496496869
https://openalex.org/W2064433587
https://openalex.org/W2095476253
https://openalex.org/W2096103131
https://openalex.org/W2145273862
https://openalex.org/W2096110699
https://openalex.org/W2120426865
https://openalex.org/W2125500263
https://openalex.org/W2129782385
https://openalex.org/W2140381750
https://openalex.org/W2154079531
https://openalex.org/W2161765100
https://openalex.org/W2061151870
https://openalex.org/W2117667316
https://openalex.org/W2157237731
https://openalex.org/W2727463864
https://openalex.org/W2021373422
https://openalex.org/W2158113492
https://openalex.org/W2010627562
https://openalex.org/W2022629430
https://openalex.org/W2086853859
https://openalex.org/W1975361655
https://openalex.org/W2099733570
https://openalex.org/W2109141235
https://openalex.org/W2047690858
https://openalex.org/W2064648061
https://openalex.org/W2163639538
https://openalex.org/W1485110289
https://openalex.org/W2017068376
https://openalex.org/W2115596584
https://openalex.org/W2158900245
https://openalex.org/W2952822323
https://openalex.org/W1984785146
https://openalex.org/W2036676246
https://openalex.org/W2121240873
https://openalex.org/W2971691957
https://openalex.org/W1964687565
https://openalex.org/W2020023927
https://openalex.org/W2916014925
https://openalex.org/W2026566803
https://openalex.org/W2110717928
https://openalex.org/W2514982885
https://openalex.org/W2006139714
https://openalex.org/W2033449819
https://openalex.org/W2080092936
https://openalex.org/W2111410004
https://openalex.org/W1970058517
https://openalex.org/W2019419796
https://openalex.org/W2156426314
https://openalex.org/W4281628749
https://openalex.org/W2081868581
https://openalex.org/W2094123482
https://openalex.org/W2100940126
https://openalex.org/W2159495147
https://openalex.org/W2163272098
https://openalex.org/W2189596073
https://openalex.org/W2977341944
https://openalex.org/W1982231225
https://openalex.org/W2064375911
https://openalex.org/W2275653211
https://openalex.org/W2756425647
https://openalex.org/W2996706053
https://openalex.org/W2152915426
https://openalex.org/W2168783384
https://openalex.org/W2808263729
https://openalex.org/W1968661061
https://openalex.org/W2010551600
https://openalex.org/W2054527457
https://openalex.org/W1987645022
https://openalex.org/W1989398321
https://openalex.org/W2056485755
https://openalex.org/W2161337641
https://openalex.org/W2953288458
https://openalex.org/W3216628913
https://openalex.org/W1829506341
https://openalex.org/W2045940699
https://openalex.org/W2138319695
https://openalex.org/W2024516693
https://openalex.org/W2128448881
https://openalex.org/W2011628054
https://openalex.org/W2170985953
https://openalex.org/W2048733157
https://openalex.org/W2120263586
https://openalex.org/W2153513788
https://openalex.org/W2414833252
https://openalex.org/W1972089774
https://openalex.org/W1983807706
https://openalex.org/W2090085916
https://openalex.org/W2142114926
https://openalex.org/W2345522929
https://openalex.org/W2159574432
https://openalex.org/W2527955139
https://openalex.org/W2607436010
https://openalex.org/W1967157541
https://openalex.org/W1988254568
https://openalex.org/W1995511868
https://openalex.org/W2309104237
https://openalex.org/W2963414887
https://openalex.org/W2021539637
https://openalex.org/W2104874563
https://openalex.org/W2111148441
https://openalex.org/W2143505647
https://openalex.org/W1968568623
https://openalex.org/W2058376224
https://openalex.org/W2113463873
https://openalex.org/W2134940265
https://openalex.org/W2157589122
https://openalex.org/W2233700990
https://openalex.org/W2344610797
https://openalex.org/W1983186089
https://openalex.org/W1993822264
https://openalex.org/W2031567251
https://openalex.org/W2121136695
https://openalex.org/W1630743007
https://openalex.org/W2045278409
https://openalex.org/W2169151520
https://openalex.org/W2048381447
https://openalex.org/W2165975268
https://openalex.org/W1967262895
https://openalex.org/W2078837136
https://openalex.org/W2096205905
https://openalex.org/W2105535328
https://openalex.org/W2163813213
https://openalex.org/W2794340145
https://openalex.org/W4200312283
https://openalex.org/W1511660468
https://openalex.org/W2001979604
https://openalex.org/W2008077209
https://openalex.org/W2058150352
https://openalex.org/W2156213948
https://openalex.org/W2160087459
https://openalex.org/W2336961991
https://openalex.org/W3014987583
https://openalex.org/W1818203111
https://openalex.org/W2167044870
https://openalex.org/W2614024591
https://openalex.org/W2110899026
https://openalex.org/W2169664141
https://openalex.org/W2002434028
https://openalex.org/W2015345074
https://openalex.org/W2042977262
https://openalex.org/W2130520335
https://openalex.org/W2469220846
https://openalex.org/W2802631831
https://openalex.org/W1494861003
https://openalex.org/W1968032729
https://openalex.org/W2068603783
https://openalex.org/W2100622557
https://openalex.org/W2103699686
https://openalex.org/W1922824291
https://openalex.org/W2056734563
https://openalex.org/W2135951815
https://openalex.org/W2165736672
https://openalex.org/W2319099085
https://openalex.org/W1930609842
https://openalex.org/W1935082899
https://openalex.org/W2143913291
https://openalex.org/W2143943357
https://openalex.org/W1530640811
https://openalex.org/W1549698322
https://openalex.org/W2000707352
https://openalex.org/W2016728080
https://openalex.org/W2063786362
https://openalex.org/W2340166902
https://openalex.org/W2126833019
https://openalex.org/W2037844360
https://openalex.org/W2156073112
https://openalex.org/W2163206912
https://openalex.org/W3046594723
https://openalex.org/W1517813626
https://openalex.org/W2029823083
https://openalex.org/W2051502501
https://openalex.org/W2104977120
https://openalex.org/W2116492252
https://openalex.org/W2126184639
https://openalex.org/W2205355516
https://openalex.org/W46649957
https://openalex.org/W2083583944
https://openalex.org/W2168711952
https://openalex.org/W3042361004
https://openalex.org/W1998116294
https://openalex.org/W2024821862
https://openalex.org/W2052385077
https://openalex.org/W2519909269
https://openalex.org/W1999991306
https://openalex.org/W2157827650
https://openalex.org/W1985625200
https://openalex.org/W2060979319
https://openalex.org/W2153067675
https://openalex.org/W2193183011
https://openalex.org/W28588605
https://openalex.org/W2011556493
https://openalex.org/W2026574548
https://openalex.org/W2112068802
https://openalex.org/W2134001650
https://openalex.org/W2460757682
https://openalex.org/W1162373941
https://openalex.org/W2078617909
https://openalex.org/W3104945124
https://openalex.org/W1990126781
https://openalex.org/W2042147169
https://openalex.org/W2052869591
https://openalex.org/W652451007
https://openalex.org/W2003332567
https://openalex.org/W2049735575
https://openalex.org/W2093293314
https://openalex.org/W2135014000
https://openalex.org/W2137883612
https://openalex.org/W1545686983
https://openalex.org/W2037606237
https://openalex.org/W2987293506
https://openalex.org/W3048833015
https://openalex.org/W3128433086
https://openalex.org/W1995303225
https://openalex.org/W2015812615
https://openalex.org/W2027436201
https://openalex.org/W2035702525
https://openalex.org/W2082339906
https://openalex.org/W2087927080
https://openalex.org/W2105958180
https://openalex.org/W2107431534
https://openalex.org/W2155682417
https://openalex.org/W2947363345
https://openalex.org/W67266018
https://openalex.org/W1976441570
https://openalex.org/W2042533048
https://openalex.org/W2042625616
https://openalex.org/W2061911257
https://openalex.org/W2097037017
https://openalex.org/W2114931832
https://openalex.org/W2528508895
https://openalex.org/W3034444408
https://openalex.org/W1502501296
https://openalex.org/W1965824208
https://openalex.org/W2028665378
https://openalex.org/W2053323642
https://openalex.org/W2740863414
https://openalex.org/W1833432851
https://openalex.org/W2137353408
https://openalex.org/W2145497696
https://openalex.org/W2518372110
https://openalex.org/W1964489612
https://openalex.org/W1989071951
https://openalex.org/W2082669316
https://openalex.org/W2097003492
https://openalex.org/W2097714630
https://openalex.org/W2591824951
https://openalex.org/W2968347127
https://openalex.org/W4376522512
https://openalex.org/W1520192973
https://openalex.org/W1975106872
https://openalex.org/W2012304973
https://openalex.org/W2014225194
https://openalex.org/W2022095980
https://openalex.org/W2045216513
https://openalex.org/W2096178306
https://openalex.org/W2033319287
https://openalex.org/W2056144291
https://openalex.org/W2067045977
https://openalex.org/W2097758621
https://openalex.org/W2102313740
https://openalex.org/W2140679970
https://openalex.org/W2774700270
https://openalex.org/W2002477781
https://openalex.org/W2048741815
https://openalex.org/W2105123047
https://openalex.org/W2112091369
https://openalex.org/W2135188898
https://openalex.org/W2294535173
https://openalex.org/W2605619533
https://openalex.org/W1991485468
https://openalex.org/W2042305078
https://openalex.org/W2105654853
https://openalex.org/W2129997654
https://openalex.org/W2331835019
https://openalex.org/W2619186549
https://openalex.org/W1650170846
https://openalex.org/W1762761581
https://openalex.org/W1966446573
https://openalex.org/W2004193381
https://openalex.org/W2006660133
https://openalex.org/W2020150355
https://openalex.org/W2114292229
https://openalex.org/W1488546359
https://openalex.org/W2003402437
https://openalex.org/W2109863419
https://openalex.org/W2143145343
https://openalex.org/W2152762793
https://openalex.org/W2782704018
https://openalex.org/W3000316488
https://openalex.org/W1523030712
https://openalex.org/W1897447385
https://openalex.org/W1991605697
https://openalex.org/W2081330426
https://openalex.org/W2330509435
https://openalex.org/W2800894548
https://openalex.org/W2900347882
https://openalex.org/W1630588734
https://openalex.org/W1632971677
https://openalex.org/W1994636041
https://openalex.org/W2005113309
https://openalex.org/W2010313195
https://openalex.org/W2054737471
https://openalex.org/W2066971504
https://openalex.org/W2074406247
https://openalex.org/W2091910499
https://openalex.org/W2125669388
https://openalex.org/W2147073360
https://openalex.org/W2153223831
https://openalex.org/W3195800576
https://openalex.org/W2023408161
https://openalex.org/W2066772455
https://openalex.org/W2074695992
https://openalex.org/W2079157714
https://openalex.org/W2135287872
https://openalex.org/W2003730472
https://openalex.org/W2044329600
https://openalex.org/W2060503560
https://openalex.org/W2103239817
https://openalex.org/W2106700146
https://openalex.org/W2111901833
https://openalex.org/W2168833827
https://openalex.org/W2532307801
https://openalex.org/W1984621576
https://openalex.org/W2019564755
https://openalex.org/W2080600899
https://openalex.org/W2131786456
https://openalex.org/W2176114000
https://openalex.org/W2381489064
https://openalex.org/W2928325258
https://openalex.org/W3008231845
https://openalex.org/W1578377409
https://openalex.org/W1892921689
https://openalex.org/W1902652494
https://openalex.org/W1976102451
https://openalex.org/W2066256419
https://openalex.org/W2082056283
https://openalex.org/W2092044897
https://openalex.org/W2115131069
https://openalex.org/W2118779398
https://openalex.org/W2140180925
https://openalex.org/W2162230245
https://openalex.org/W2319106492
https://openalex.org/W2565784393
https://openalex.org/W2784666107
https://openalex.org/W2785258690
https://openalex.org/W596005612
https://openalex.org/W1984770465
https://openalex.org/W1986903047
https://openalex.org/W1993739942
https://openalex.org/W2012190032
https://openalex.org/W2043523342
https://openalex.org/W2051651175
https://openalex.org/W2070651249
https://openalex.org/W2086877638
https://openalex.org/W2106675348
https://openalex.org/W2163780587
https://openalex.org/W2325429517
https://openalex.org/W2884482503
https://openalex.org/W2038732326
https://openalex.org/W2094442354
https://openalex.org/W2147044926
https://openalex.org/W2162073604
https://openalex.org/W2555418354
https://openalex.org/W2898759485
https://openalex.org/W2938347055
https://openalex.org/W3000483332
https://openalex.org/W3029621157
https://openalex.org/W4321610982
https://openalex.org/W1975716167
https://openalex.org/W2033502678
https://openalex.org/W2054957722
https://openalex.org/W2155892454
https://openalex.org/W2588806697
https://openalex.org/W1847977686
https://openalex.org/W1913225835
https://openalex.org/W1971948938
https://openalex.org/W2016071270
https://openalex.org/W2019161243
https://openalex.org/W2037840450
https://openalex.org/W2084665674
https://openalex.org/W2133751396
https://openalex.org/W2136720746
https://openalex.org/W2144020537
https://openalex.org/W2316910226
https://openalex.org/W2977191607
https://openalex.org/W3038926436
https://openalex.org/W4292641742
https://openalex.org/W1776416624
https://openalex.org/W2000867924
https://openalex.org/W2032379208
https://openalex.org/W2035259600
https://openalex.org/W2046841473
https://openalex.org/W2081237166
https://openalex.org/W2087378428
https://openalex.org/W2123302794
https://openalex.org/W2134029933
https://openalex.org/W2145132321
https://openalex.org/W2536738608
https://openalex.org/W1560718385
https://openalex.org/W2038113850
https://openalex.org/W2042007652
https://openalex.org/W2065168846
https://openalex.org/W2067891940
https://openalex.org/W2136890443
https://openalex.org/W2141966740
https://openalex.org/W2168737334
https://openalex.org/W2444096380
https://openalex.org/W2883855193
https://openalex.org/W2944816116
https://openalex.org/W3015375987
https://openalex.org/W3205189074
https://openalex.org/W1996265945
https://openalex.org/W2013358855
https://openalex.org/W2032431751
https://openalex.org/W2079153642
https://openalex.org/W2096814995
https://openalex.org/W2118057680
https://openalex.org/W2143442966
https://openalex.org/W2171887893
https://openalex.org/W26321030
https://openalex.org/W2758486852
https://openalex.org/W3022788208
https://openalex.org/W1545989348
https://openalex.org/W1968451933
https://openalex.org/W1975162531
https://openalex.org/W2024323013
https://openalex.org/W2055936258
https://openalex.org/W2065290728
https://openalex.org/W2092935243
https://openalex.org/W2123882945
https://openalex.org/W2127780167
https://openalex.org/W2141349882
https://openalex.org/W2159670020
https://openalex.org/W2591390553
https://openalex.org/W2599797425
https://openalex.org/W2922799689
https://openalex.org/W8908177
https://openalex.org/W152859335
https://openalex.org/W1928032004
https://openalex.org/W1992637717
https://openalex.org/W1993292181
https://openalex.org/W1998881038
https://openalex.org/W2033437125
https://openalex.org/W2056459754
https://openalex.org/W2057325637
https://openalex.org/W2078656511
https://openalex.org/W2102471696
https://openalex.org/W2161586075
https://openalex.org/W2401764427
https://openalex.org/W2613164134
https://openalex.org/W2973537396
https://openalex.org/W3004637332
https://openalex.org/W1576610885
https://openalex.org/W1971999164
https://openalex.org/W1974471899
https://openalex.org/W2012126342
https://openalex.org/W2028896791
https://openalex.org/W2048723540
https://openalex.org/W2126904200
https://openalex.org/W2316757607
https://openalex.org/W2551114644
https://openalex.org/W2796030460
https://openalex.org/W3011943652
https://openalex.org/W4200259328
https://openalex.org/W1987200417
https://openalex.org/W2002933210
https://openalex.org/W2040446578
https://openalex.org/W2045062628
https://openalex.org/W2067369871
https://openalex.org/W2075446360
https://openalex.org/W2127372475
https://openalex.org/W2546410615
https://openalex.org/W2909286381
https://openalex.org/W3010562286
https://openalex.org/W3167631374
https://openalex.org/W1494944546
https://openalex.org/W1564436193
https://openalex.org/W1669224025
https://openalex.org/W1787026727
https://openalex.org/W1801642799
https://openalex.org/W2031412929
https://openalex.org/W2054883206
https://openalex.org/W2059193594
https://openalex.org/W2070913770
https://openalex.org/W2072263899
https://openalex.org/W2083319237
https://openalex.org/W2087176428
https://openalex.org/W2102135898
https://openalex.org/W2119794140
https://openalex.org/W2156574829
https://openalex.org/W2252677418
https://openalex.org/W2292507547
https://openalex.org/W2340655074
https://openalex.org/W2612106626
https://openalex.org/W2888528297
https://openalex.org/W3104769194
https://openalex.org/W3133438047
https://openalex.org/W1977813714
https://openalex.org/W1987849886
https://openalex.org/W2002372950
https://openalex.org/W2013902170
https://openalex.org/W2038984531
https://openalex.org/W2040680836
https://openalex.org/W2068031613
https://openalex.org/W2124293537
https://openalex.org/W2134664896
https://openalex.org/W2154896602
https://openalex.org/W2164746481
https://openalex.org/W2167825488
https://openalex.org/W2274661293
https://openalex.org/W2343097125
https://openalex.org/W2977642107
https://openalex.org/W2983875952
https://openalex.org/W4200476099
https://openalex.org/W1166382464
https://openalex.org/W1576521264
https://openalex.org/W1607422228
https://openalex.org/W1974020806
https://openalex.org/W2034493113
https://openalex.org/W2039188371
https://openalex.org/W2073210114
https://openalex.org/W2088325696
https://openalex.org/W2133349572
https://openalex.org/W243347949
https://openalex.org/W2516213001
https://openalex.org/W2891773478
https://openalex.org/W3017317657
https://openalex.org/W3081222228
https://openalex.org/W3090322582
https://openalex.org/W3124512534
https://openalex.org/W1991176239
https://openalex.org/W2009461942
https://openalex.org/W2024932142
https://openalex.org/W2035040637
https://openalex.org/W2055010197
https://openalex.org/W2062134218
https://openalex.org/W2080881682
https://openalex.org/W2088080261
https://openalex.org/W2140489437
https://openalex.org/W2154851553
https://openalex.org/W226329141
https://openalex.org/W2310225253
https://openalex.org/W2464901903
https://openalex.org/W3099780949
https://openalex.org/W3136460011
https://openalex.org/W1970541083
https://openalex.org/W1976064745
https://openalex.org/W2009614729
https://openalex.org/W2010133522
https://openalex.org/W2023599741
https://openalex.org/W2026084191
https://openalex.org/W2040517959
https://openalex.org/W2040528323
https://openalex.org/W2047260559
https://openalex.org/W2125926333
https://openalex.org/W2132894015
https://openalex.org/W2136482085
https://openalex.org/W2141807267
https://openalex.org/W2151947623
https://openalex.org/W2166967034
https://openalex.org/W2194490836
https://openalex.org/W2466633991
https://openalex.org/W2494172911
https://openalex.org/W2552959882
https://openalex.org/W2756982093
https://openalex.org/W2951320675
https://openalex.org/W2995766518
https://openalex.org/W3045170349
https://openalex.org/W3091099371
https://openalex.org/W1964743651
https://openalex.org/W1971346225
https://openalex.org/W2000801465
https://openalex.org/W2003007600
https://openalex.org/W2003317437
https://openalex.org/W2012913998
https://openalex.org/W2021886116
https://openalex.org/W2023100708
https://openalex.org/W2028027047
https://openalex.org/W2064490318
https://openalex.org/W2134345882
https://openalex.org/W2159944454
https://openalex.org/W2293200407
https://openalex.org/W2417715603
https://openalex.org/W2785104733
https://openalex.org/W2788589375
https://openalex.org/W2808634834
https://openalex.org/W2902069909
https://openalex.org/W2989512808
https://openalex.org/W4256223596
https://openalex.org/W1501237017
https://openalex.org/W1512966089
https://openalex.org/W1965930974
https://openalex.org/W1981757946
https://openalex.org/W1989509554
https://openalex.org/W1993919135
https://openalex.org/W2008646440
https://openalex.org/W2055063553
https://openalex.org/W2055991303
https://openalex.org/W2068923263
https://openalex.org/W2078493988
https://openalex.org/W2091012403
https://openalex.org/W2100412862
https://openalex.org/W2135184355
https://openalex.org/W2159492510
https://openalex.org/W2168989736
https://openalex.org/W2278666740
https://openalex.org/W2475241423
https://openalex.org/W2602754872
https://openalex.org/W2791176081
https://openalex.org/W3150795197
https://openalex.org/W1964920611
https://openalex.org/W1981251869
https://openalex.org/W1986914158
https://openalex.org/W1995640094
https://openalex.org/W2006547875
https://openalex.org/W201980371
https://openalex.org/W2030424228
https://openalex.org/W2038847201
https://openalex.org/W2058493538
https://openalex.org/W2071502810
https://openalex.org/W2090837352
https://openalex.org/W2092949245
https://openalex.org/W2115484388
https://openalex.org/W2134027399
https://openalex.org/W2171466010
https://openalex.org/W2615040016
https://openalex.org/W2742233617
https://openalex.org/W2807950784
https://openalex.org/W2943730874
https://openalex.org/W2951817335
https://openalex.org/W2999843642
https://openalex.org/W3023665721
https://openalex.org/W3201236988
https://openalex.org/W1553204850
https://openalex.org/W1674251420
https://openalex.org/W1977368668
https://openalex.org/W2000525492
https://openalex.org/W2016580981
https://openalex.org/W2020271179
https://openalex.org/W2039793136
https://openalex.org/W2040039840
https://openalex.org/W2046108731
https://openalex.org/W2047356942
https://openalex.org/W2064325095
https://openalex.org/W2081137480
https://openalex.org/W2086569121
https://openalex.org/W2111882041
https://openalex.org/W2415172411
https://openalex.org/W2618458885
https://openalex.org/W2810962524
https://openalex.org/W2910815862
https://openalex.org/W2952699331
https://openalex.org/W2999157667
https://openalex.org/W3123950029
https://openalex.org/W3164377241
https://openalex.org/W4200236650
https://openalex.org/W1795631281
https://openalex.org/W2065839732
https://openalex.org/W2101591984
https://openalex.org/W2102763727
https://openalex.org/W2106362592
https://openalex.org/W2107915911
https://openalex.org/W2125656669
https://openalex.org/W2135926312
https://openalex.org/W2142265558
https://openalex.org/W2171328988
https://openalex.org/W2522272220
https://openalex.org/W2564536201
https://openalex.org/W2604779344
https://openalex.org/W2737816050
https://openalex.org/W2950986961
https://openalex.org/W3134565408
https://openalex.org/W1965514871
https://openalex.org/W1972107270
https://openalex.org/W2005134173
https://openalex.org/W2018358062
https://openalex.org/W2044432288
https://openalex.org/W2062842019
https://openalex.org/W2068564565
https://openalex.org/W2081798143
https://openalex.org/W2112842329
https://openalex.org/W2131331615
https://openalex.org/W2170537358
https://openalex.org/W2213680011
https://openalex.org/W2411018870
https://openalex.org/W2593912239
https://openalex.org/W2609311678
https://openalex.org/W2738354779
https://openalex.org/W2754780576
https://openalex.org/W2794164289
https://openalex.org/W2807074247
https://openalex.org/W2893965452
https://openalex.org/W3017014502
https://openalex.org/W3193713721
https://openalex.org/W4280500778
https://openalex.org/W1922162651
https://openalex.org/W1965477080
https://openalex.org/W1967381924
https://openalex.org/W1982401883
https://openalex.org/W1984108530
https://openalex.org/W2004982110
https://openalex.org/W2009249746
https://openalex.org/W2010352552
https://openalex.org/W2057786780
https://openalex.org/W2061817685
https://openalex.org/W2062712171
https://openalex.org/W2083014861
https://openalex.org/W2114023115
https://openalex.org/W2115119843
https://openalex.org/W2115663648
https://openalex.org/W2158975681
https://openalex.org/W2403838837
https://openalex.org/W2547562734
https://openalex.org/W2606565056
https://openalex.org/W2617202428
https://openalex.org/W2878788161
https://openalex.org/W2894563804
https://openalex.org/W3047365219
https://openalex.org/W3140064976
https://openalex.org/W3164275644
https://openalex.org/W1766738947
https://openalex.org/W1975209567
https://openalex.org/W1980561769
https://openalex.org/W1996076348
https://openalex.org/W2002345858
https://openalex.org/W2007742038
https://openalex.org/W2010534541
https://openalex.org/W2017455520
https://openalex.org/W2031962937
https://openalex.org/W2032987831
https://openalex.org/W2033941420
https://openalex.org/W2041793020
https://openalex.org/W2044059900
https://openalex.org/W2054496491
https://openalex.org/W2073285153
https://openalex.org/W2076597447
https://openalex.org/W2088727102
https://openalex.org/W2096953003
https://openalex.org/W2103200033
https://openalex.org/W2118933610
https://openalex.org/W2131375425
https://openalex.org/W2163490558
https://openalex.org/W2192476739
https://openalex.org/W2314410888
https://openalex.org/W2560079047
https://openalex.org/W2743740886
https://openalex.org/W2888230268
https://openalex.org/W3043784418
https://openalex.org/W3087564393
https://openalex.org/W3198886445
https://openalex.org/W1566582855
https://openalex.org/W1758897532
https://openalex.org/W1918022981
https://openalex.org/W1978248992
https://openalex.org/W1995542363
https://openalex.org/W1998007100
https://openalex.org/W2009476399
https://openalex.org/W2020270514
https://openalex.org/W2024726234
https://openalex.org/W2131138850
https://openalex.org/W2147103442
https://openalex.org/W2166288209
https://openalex.org/W2168398140
https://openalex.org/W2171430909
https://openalex.org/W2344276098
https://openalex.org/W2461236618
https://openalex.org/W2522078804
https://openalex.org/W2560033180
https://openalex.org/W2604601654
https://openalex.org/W2748512887
https://openalex.org/W2753147044
https://openalex.org/W2789741084
https://openalex.org/W2796102942
https://openalex.org/W2952838666
https://openalex.org/W2990891023
https://openalex.org/W2990908755
https://openalex.org/W3087075382
https://openalex.org/W3175444772
https://openalex.org/W1512756977
https://openalex.org/W1794475131
https://openalex.org/W1825604416
https://openalex.org/W1986570448
https://openalex.org/W2025322874
https://openalex.org/W2065030776
https://openalex.org/W2067028450
https://openalex.org/W2075340771
https://openalex.org/W2102850008
https://openalex.org/W2112609557
https://openalex.org/W2113893890
https://openalex.org/W2114905847
https://openalex.org/W2115067393
https://openalex.org/W227417487
https://openalex.org/W2319552512
https://openalex.org/W2409651920
https://openalex.org/W2472710766
https://openalex.org/W2512451149
https://openalex.org/W2748464755
https://openalex.org/W2767189423
https://openalex.org/W2806753445
https://openalex.org/W2807526836
https://openalex.org/W2916552441
https://openalex.org/W1792514348
https://openalex.org/W1956138371
https://openalex.org/W1974113037
https://openalex.org/W1974773495
https://openalex.org/W1994269206
https://openalex.org/W2004540353
https://openalex.org/W2040734375
https://openalex.org/W2049279003
https://openalex.org/W2061603196
https://openalex.org/W2075553710
https://openalex.org/W2082552734
https://openalex.org/W2085502397
https://openalex.org/W2091359155
https://openalex.org/W2093762671
https://openalex.org/W2136636061
https://openalex.org/W2165994947
https://openalex.org/W2337002077
https://openalex.org/W2511621463
https://openalex.org/W2529610077
https://openalex.org/W2578020394
https://openalex.org/W2895024173
https://openalex.org/W2912282097
https://openalex.org/W3011833336
https://openalex.org/W3112435755
https://openalex.org/W3112514862
https://openalex.org/W1538987717
https://openalex.org/W1571874758
https://openalex.org/W1974233258
https://openalex.org/W1988735440
https://openalex.org/W1996813547
https://openalex.org/W1997404594
https://openalex.org/W1999744015
https://openalex.org/W2015596469
https://openalex.org/W2028066537
https://openalex.org/W2029665412
https://openalex.org/W2046892257
https://openalex.org/W2049531586
https://openalex.org/W2066739450
https://openalex.org/W2087624463
https://openalex.org/W2101068477
https://openalex.org/W2127213087
https://openalex.org/W2154704068
https://openalex.org/W2164563129
https://openalex.org/W2416939568
https://openalex.org/W2549510956
https://openalex.org/W2612717195
https://openalex.org/W2782516611
https://openalex.org/W2891426600
https://openalex.org/W2994235764
https://openalex.org/W3088175791
https://openalex.org/W3104121185
https://openalex.org/W4210286649
https://openalex.org/W1941361792
https://openalex.org/W1968273517
https://openalex.org/W1980033591
https://openalex.org/W1990173863
https://openalex.org/W1994108720
https://openalex.org/W2036987851
https://openalex.org/W2039961381
https://openalex.org/W2048834035
https://openalex.org/W2055080519
https://openalex.org/W2055548320
https://openalex.org/W2058284305
https://openalex.org/W2075972960
https://openalex.org/W2085777319
https://openalex.org/W2088889430
https://openalex.org/W2149858995
https://openalex.org/W2217740145
https://openalex.org/W2324759246
https://openalex.org/W2430138481
https://openalex.org/W2508655644
https://openalex.org/W2544044666
https://openalex.org/W2623940194
https://openalex.org/W2743717695
https://openalex.org/W2796897198
https://openalex.org/W2953155429
https://openalex.org/W3010137436
https://openalex.org/W3024656288
https://openalex.org/W3045134544
https://openalex.org/W3083717533
https://openalex.org/W4282969905
https://openalex.org/W1505513015
https://openalex.org/W1799692251
https://openalex.org/W1889435747
https://openalex.org/W191363855
https://openalex.org/W1985935425
https://openalex.org/W2009548081
https://openalex.org/W2010788886
https://openalex.org/W2017293244
https://openalex.org/W2018946827
https://openalex.org/W2028299532
https://openalex.org/W2038109827
https://openalex.org/W2073555963
https://openalex.org/W2078840188
https://openalex.org/W2081096824
https://openalex.org/W2084749121
https://openalex.org/W2087036829
https://openalex.org/W2091677754
https://openalex.org/W2115962087
https://openalex.org/W2147639204
https://openalex.org/W2164082216
https://openalex.org/W2176902721
https://openalex.org/W2199080995
https://openalex.org/W2277726624
https://openalex.org/W2337886688
https://openalex.org/W2550372791
https://openalex.org/W2598829942
https://openalex.org/W2896050619
https://openalex.org/W2919150219
https://openalex.org/W2989970347
https://openalex.org/W3047301046
https://openalex.org/W3158759663
https://openalex.org/W4309233013
https://openalex.org/W1492533314
https://openalex.org/W1937174477
https://openalex.org/W1973128739
https://openalex.org/W1974343294
https://openalex.org/W1980501350
https://openalex.org/W1998555813
https://openalex.org/W2010093917
https://openalex.org/W2021663179
https://openalex.org/W2045463517
https://openalex.org/W2058664318
https://openalex.org/W2078202423
https://openalex.org/W2078892072
https://openalex.org/W2102541985
https://openalex.org/W2104287247
https://openalex.org/W2123817759
https://openalex.org/W2140990867
https://openalex.org/W2166601230
https://openalex.org/W2270071843
https://openalex.org/W2533725140
https://openalex.org/W2559784486
https://openalex.org/W2625247725
https://openalex.org/W2766058718
https://openalex.org/W2773694341
https://openalex.org/W2781581967
https://openalex.org/W2787032000
https://openalex.org/W2795625670
https://openalex.org/W2894750263
https://openalex.org/W2897981610
https://openalex.org/W2921097625
https://openalex.org/W3027320513
https://openalex.org/W3115351179
https://openalex.org/W3128993007
https://openalex.org/W3131890375
https://openalex.org/W3162811820
https://openalex.org/W3182102728
https://openalex.org/W4221134430
https://openalex.org/W4238781092
https://openalex.org/W4283209476
https://openalex.org/W1483737963
https://openalex.org/W1649853167
https://openalex.org/W1972488828
https://openalex.org/W1981018777
https://openalex.org/W1985830813
https://openalex.org/W2006397522
https://openalex.org/W2027533562
https://openalex.org/W2031161775
https://openalex.org/W2033337913
https://openalex.org/W2038698356
https://openalex.org/W2056506057
https://openalex.org/W2059665601
https://openalex.org/W2088773617
https://openalex.org/W2089521555
https://openalex.org/W2113253469
https://openalex.org/W2117992743
https://openalex.org/W2133431115
https://openalex.org/W2224716345
https://openalex.org/W2279496905
https://openalex.org/W2288576727
https://openalex.org/W2314682804
https://openalex.org/W2319382884
https://openalex.org/W2415114601
https://openalex.org/W2522568003
https://openalex.org/W2569816700
https://openalex.org/W2587152552
https://openalex.org/W2737869598
https://openalex.org/W2800014979
https://openalex.org/W2801448674
https://openalex.org/W3088170688
https://openalex.org/W3088586128
https://openalex.org/W3094232092
https://openalex.org/W3128231618
https://openalex.org/W3183047239
https://openalex.org/W3184613988
https://openalex.org/W4206592801
https://openalex.org/W4229041272
https://openalex.org/W4288535921
https://openalex.org/W151091798
https://openalex.org/W2002639171
https://openalex.org/W2011463046
https://openalex.org/W2027482649
https://openalex.org/W2029333325
https://openalex.org/W2047882595
https://openalex.org/W2054316380
https://openalex.org/W2059653647
https://openalex.org/W2065476540
https://openalex.org/W2066814008
https://openalex.org/W2077445485
https://openalex.org/W2077869528
https://openalex.org/W2078317997
https://openalex.org/W2143602377
https://openalex.org/W2213893281
https://openalex.org/W2268606640
https://openalex.org/W2290000408
https://openalex.org/W2290200340
https://openalex.org/W2512730072
https://openalex.org/W2596819676
https://openalex.org/W2604298427
https://openalex.org/W2740343233
https://openalex.org/W2752919087
https://openalex.org/W2918891612
https://openalex.org/W2940578684
https://openalex.org/W3136725378
https://openalex.org/W3143039339
https://openalex.org/W3170974991
https://openalex.org/W4223572840
https://openalex.org/W1508993630
https://openalex.org/W1762556830
https://openalex.org/W1785850497
https://openalex.org/W1969963944
https://openalex.org/W1977379936
https://openalex.org/W1987052948
https://openalex.org/W1994128974
https://openalex.org/W2012913683
https://openalex.org/W2020365088
https://openalex.org/W2022223089
https://openalex.org/W2039848037
https://openalex.org/W2040307057
https://openalex.org/W2041032323
https://openalex.org/W2061800751
https://openalex.org/W2110469679
https://openalex.org/W2113333631
https://openalex.org/W2117142171
https://openalex.org/W2138970679
https://openalex.org/W2166812360
https://openalex.org/W2343119646
https://openalex.org/W2489240616
https://openalex.org/W2515447545
https://openalex.org/W2549950780
https://openalex.org/W2574349495
https://openalex.org/W2731921421
https://openalex.org/W2766809519
https://openalex.org/W2806297583
https://openalex.org/W2876294924
https://openalex.org/W2892590671
https://openalex.org/W2953605123
https://openalex.org/W2965980780
https://openalex.org/W2972720803
https://openalex.org/W3006286575
https://openalex.org/W3112768480
https://openalex.org/W3195980436
https://openalex.org/W1607809491
https://openalex.org/W1665966440
https://openalex.org/W1965681623
https://openalex.org/W1968817130
https://openalex.org/W1979881825
https://openalex.org/W1982262026
https://openalex.org/W1983248223
https://openalex.org/W1983609637
https://openalex.org/W1984089860
https://openalex.org/W1993502384
https://openalex.org/W1998796650
https://openalex.org/W2004009193
https://openalex.org/W2007830327
https://openalex.org/W2008244358
https://openalex.org/W2008869487
https://openalex.org/W2014230691
https://openalex.org/W2020282643
https://openalex.org/W2022437900
https://openalex.org/W2027843970
https://openalex.org/W2045834838
https://openalex.org/W2057702475
https://openalex.org/W2060024283
https://openalex.org/W2136072244
https://openalex.org/W2308003889
https://openalex.org/W2318887745
https://openalex.org/W2580607989
https://openalex.org/W2621432651
https://openalex.org/W2744280003
https://openalex.org/W2749259413
https://openalex.org/W2766120744
https://openalex.org/W2785644613
https://openalex.org/W2789544258
https://openalex.org/W2791770676
https://openalex.org/W2885024568
https://openalex.org/W2912499990
https://openalex.org/W2921558826
https://openalex.org/W2988900420
https://openalex.org/W2998795209
https://openalex.org/W3016604380
https://openalex.org/W3030834595
https://openalex.org/W3033072681
https://openalex.org/W3037054861
https://openalex.org/W3096812352
https://openalex.org/W3113829911
https://openalex.org/W3119443482
https://openalex.org/W3131571658
https://openalex.org/W3216955536
https://openalex.org/W1572174875
https://openalex.org/W1580640366
https://openalex.org/W1750886566
https://openalex.org/W1784370084
https://openalex.org/W1976680976
https://openalex.org/W1988613221
https://openalex.org/W1988671402
https://openalex.org/W2012136868
https://openalex.org/W2012221125
https://openalex.org/W2024165949
https://openalex.org/W2029849236
https://openalex.org/W2039883663
https://openalex.org/W2044850324
https://openalex.org/W2060899501
https://openalex.org/W2079642735
https://openalex.org/W2082149905
https://openalex.org/W2090731030
https://openalex.org/W2100796389
https://openalex.org/W2108816543
https://openalex.org/W2109177329
https://openalex.org/W2128206440
https://openalex.org/W2144077396
https://openalex.org/W2145782607
https://openalex.org/W2147877430
https://openalex.org/W2169473843
https://openalex.org/W2199929451
https://openalex.org/W2279358827
https://openalex.org/W2313273242
https://openalex.org/W2464226854
https://openalex.org/W2602257099
https://openalex.org/W2729593019
https://openalex.org/W2795897816
https://openalex.org/W2803489561
https://openalex.org/W2804454727
https://openalex.org/W2898857260
https://openalex.org/W2904000400
https://openalex.org/W2918524720
https://openalex.org/W2963114781
https://openalex.org/W3031991598
https://openalex.org/W3088076771
https://openalex.org/W3097163034
https://openalex.org/W3101306075
https://openalex.org/W3116742931
https://openalex.org/W3133225247
https://openalex.org/W3162899878
https://openalex.org/W3210477024
https://openalex.org/W4206310082
https://openalex.org/W4220787401
https://openalex.org/W4295034863
https://openalex.org/W67816073
https://openalex.org/W1496195171
https://openalex.org/W1513622570
https://openalex.org/W1699455092
https://openalex.org/W1815672105
https://openalex.org/W1968053369
https://openalex.org/W1985041110
https://openalex.org/W1990581340
https://openalex.org/W1992406885
https://openalex.org/W2014984036
https://openalex.org/W2029432925
https://openalex.org/W2033153579
https://openalex.org/W2052751838
https://openalex.org/W2066097614
https://openalex.org/W2071551172
https://openalex.org/W2094477269
https://openalex.org/W2094845807
https://openalex.org/W2097015289
https://openalex.org/W2104761336
https://openalex.org/W2113952766
https://openalex.org/W2119104049
https://openalex.org/W2126409434
https://openalex.org/W2131029946
https://openalex.org/W2142884635
https://openalex.org/W2156132084
https://openalex.org/W2167392272
https://openalex.org/W2175800929
https://openalex.org/W2196501514
https://openalex.org/W2203179780
https://openalex.org/W2329342680
https://openalex.org/W2617671079
https://openalex.org/W2622862433
https://openalex.org/W2747831480
https://openalex.org/W2796149281
https://openalex.org/W2799511051
https://openalex.org/W2807920822
https://openalex.org/W2888276320
https://openalex.org/W2906269269
https://openalex.org/W2946260884
https://openalex.org/W2954005329
https://openalex.org/W2974363867
https://openalex.org/W2981985559
https://openalex.org/W2987028072
https://openalex.org/W2995482527
https://openalex.org/W3005734678
https://openalex.org/W3024635726
https://openalex.org/W3044922505
https://openalex.org/W3092702599
https://openalex.org/W3098855265
https://openalex.org/W3131923314
https://openalex.org/W3136680042
https://openalex.org/W3140552430
https://openalex.org/W3158001292
https://openalex.org/W3194091049
https://openalex.org/W3194237028
https://openalex.org/W3216022163
https://openalex.org/W4238353252
https://openalex.org/W1508995577
https://openalex.org/W1863410054
https://openalex.org/W1922862885
https://openalex.org/W1972611320
https://openalex.org/W1982284041
https://openalex.org/W1985636884
https://openalex.org/W1991784828
https://openalex.org/W2000209931
https://openalex.org/W2004141146
https://openalex.org/W2011874731
https://openalex.org/W2019551227
https://openalex.org/W2026531188
https://openalex.org/W2042616424
https://openalex.org/W2049549481
https://openalex.org/W2065234253
https://openalex.org/W2065741609
https://openalex.org/W2073202274
https://openalex.org/W2087996519
https://openalex.org/W2093047097
https://openalex.org/W2122793056
https://openalex.org/W2125401576
https://openalex.org/W2138961684
https://openalex.org/W2141538850
https://openalex.org/W2274305185
https://openalex.org/W2284645431
https://openalex.org/W2333842868
https://openalex.org/W2344338414
https://openalex.org/W2612538215
https://openalex.org/W2725917096
https://openalex.org/W2752919766
https://openalex.org/W2766871901
https://openalex.org/W2802815366
https://openalex.org/W2809501393
https://openalex.org/W2896588336
https://openalex.org/W2905335582
https://openalex.org/W2960723617
https://openalex.org/W3003723200
https://openalex.org/W3011809959
https://openalex.org/W3043736101
https://openalex.org/W3099801400
https://openalex.org/W3108383433
https://openalex.org/W3124219898
https://openalex.org/W3127911265
https://openalex.org/W3135656776
https://openalex.org/W3145074705
https://openalex.org/W3151513487
https://openalex.org/W3158506925
https://openalex.org/W3181914862
https://openalex.org/W3188095803
https://openalex.org/W3217692552
https://openalex.org/W4239148347
https://openalex.org/W4311045589
https://openalex.org/W1546023487
https://openalex.org/W1803961806
https://openalex.org/W1957567082
https://openalex.org/W1972027493
https://openalex.org/W1987610198
https://openalex.org/W2001221997
https://openalex.org/W2002779352
https://openalex.org/W2016309119
https://openalex.org/W2019196513
https://openalex.org/W2025033414
https://openalex.org/W2031431219
https://openalex.org/W2043595950
https://openalex.org/W2045499487
https://openalex.org/W2049083867
https://openalex.org/W2073253020
https://openalex.org/W2078486833
https://openalex.org/W2080072974
https://openalex.org/W2080404613
https://openalex.org/W2130047870
https://openalex.org/W2141619997
https://openalex.org/W2170932397
https://openalex.org/W2186312099
https://openalex.org/W2399759881
https://openalex.org/W2418506818
https://openalex.org/W2526016279
https://openalex.org/W2540789758
https://openalex.org/W2584557682
https://openalex.org/W2622962170
https://openalex.org/W2762171026
https://openalex.org/W2791219533
https://openalex.org/W2797735442
https://openalex.org/W2799507746
https://openalex.org/W2804771897
https://openalex.org/W2808572698
https://openalex.org/W2898261414
https://openalex.org/W2900014666
https://openalex.org/W290303453
https://openalex.org/W2914028844
https://openalex.org/W2941501187
https://openalex.org/W2979353284
https://openalex.org/W2995071183
https://openalex.org/W2996383604
https://openalex.org/W2999723069
https://openalex.org/W3005006160
https://openalex.org/W3010660913
https://openalex.org/W3021250421
https://openalex.org/W3039146580
https://openalex.org/W3086214605
https://openalex.org/W3122486614
https://openalex.org/W3126115546
https://openalex.org/W3128165547
https://openalex.org/W3131527464
https://openalex.org/W3162909847
https://openalex.org/W3195996242
https://openalex.org/W3198710304
https://openalex.org/W3215861168
https://openalex.org/W4213184389
https://openalex.org/W4281958589
https://openalex.org/W4288039624
https://openalex.org/W633303806
https://openalex.org/W1002522651
https://openalex.org/W1511527000
https://openalex.org/W1963929751
https://openalex.org/W1964779078
https://openalex.org/W1967844618
https://openalex.org/W1980926035
https://openalex.org/W1991539146
https://openalex.org/W1992655263
https://openalex.org/W2021050524
https://openalex.org/W2029977354
https://openalex.org/W2046105276
https://openalex.org/W2046688836
https://openalex.org/W2059760281
https://openalex.org/W2076471173
https://openalex.org/W2083144901
https://openalex.org/W2088701440
https://openalex.org/W2092713644
https://openalex.org/W2101983067
https://openalex.org/W2104410878
https://openalex.org/W2137281676
https://openalex.org/W2141432779
https://openalex.org/W2168304915
https://openalex.org/W2261237909
https://openalex.org/W2322714819
https://openalex.org/W2402319927
https://openalex.org/W2408772935
https://openalex.org/W2411399965
https://openalex.org/W2414908288
https://openalex.org/W2417659135
https://openalex.org/W2470898532
https://openalex.org/W2499044346
https://openalex.org/W2559574263
https://openalex.org/W2572676392
https://openalex.org/W2799891680
https://openalex.org/W2803576774
https://openalex.org/W2892013826
https://openalex.org/W2905403518
https://openalex.org/W2913257924
https://openalex.org/W2917395367
https://openalex.org/W2954844584
https://openalex.org/W3003375728
https://openalex.org/W3003486931
https://openalex.org/W3022162034
https://openalex.org/W3026729554
https://openalex.org/W3043744322
https://openalex.org/W3106354948
https://openalex.org/W3126879689
https://openalex.org/W3157693984
https://openalex.org/W3174279365
https://openalex.org/W3182991960
https://openalex.org/W3194230918
https://openalex.org/W3214665950
https://openalex.org/W4206034225
https://openalex.org/W4226147252
https://openalex.org/W4246469356
https://openalex.org/W4280551307
https://openalex.org/W4280624142
https://openalex.org/W4281654959
https://openalex.org/W4283689826
https://openalex.org/W4298616248
https://openalex.org/W1495390486
https://openalex.org/W1864779173
https://openalex.org/W1968722009
https://openalex.org/W1992951398
https://openalex.org/W1995064879
https://openalex.org/W1997594877
https://openalex.org/W2000050420
https://openalex.org/W2010529812
https://openalex.org/W2033525470
https://openalex.org/W2040775963
https://openalex.org/W2041576923
https://openalex.org/W2051223617
https://openalex.org/W2062042282
https://openalex.org/W2064082483
https://openalex.org/W2074479027
https://openalex.org/W2079855902
https://openalex.org/W2083484975
https://openalex.org/W2086587523
https://openalex.org/W2115841106
https://openalex.org/W2120776076
https://openalex.org/W2128672324
https://openalex.org/W2132607396
https://openalex.org/W2141481903
https://openalex.org/W2192006857
https://openalex.org/W2313569973
https://openalex.org/W2314900709
https://openalex.org/W2398102307
https://openalex.org/W2412769057
https://openalex.org/W2468346909
https://openalex.org/W2479477390
https://openalex.org/W2550440027
https://openalex.org/W2586629670
https://openalex.org/W2746993714
https://openalex.org/W2790117540
https://openalex.org/W2791040670
https://openalex.org/W2803293640
https://openalex.org/W2887251298
https://openalex.org/W2889552263
https://openalex.org/W2906871237
https://openalex.org/W2917090235
https://openalex.org/W2921904844
https://openalex.org/W2944138788
https://openalex.org/W2949967795
https://openalex.org/W2952158430
https://openalex.org/W2964274210
https://openalex.org/W3045670234
https://openalex.org/W3047858403
https://openalex.org/W3089265429
https://openalex.org/W3101667640
https://openalex.org/W3118435266
https://openalex.org/W3119322645
https://openalex.org/W3122405213
https://openalex.org/W3129135485
https://openalex.org/W3130646206
https://openalex.org/W3147934913
https://openalex.org/W3157193373
https://openalex.org/W3157878755
https://openalex.org/W3158586223
https://openalex.org/W3162498402
https://openalex.org/W3166970438
https://openalex.org/W3186897140
https://openalex.org/W3187840688
https://openalex.org/W3206851221
https://openalex.org/W3207965708
https://openalex.org/W4206986004
https://openalex.org/W4229034689
https://openalex.org/W4229448973
https://openalex.org/W4236704270
https://openalex.org/W4236986643
https://openalex.org/W4288439444
https://openalex.org/W153411376
https://openalex.org/W1545388594
https://openalex.org/W1580699508
https://openalex.org/W1786276774
https://openalex.org/W1968896265
https://openalex.org/W1972922323
https://openalex.org/W1990138892
https://openalex.org/W1993258104
https://openalex.org/W1995792936
https://openalex.org/W2001427996
https://openalex.org/W2001601005
https://openalex.org/W2021666138
https://openalex.org/W2025088190
https://openalex.org/W2033253153
https://openalex.org/W2037741691
https://openalex.org/W2039741208
https://openalex.org/W2062950460
https://openalex.org/W2066215923
https://openalex.org/W2066859927
https://openalex.org/W2074182711
https://openalex.org/W2092276132
https://openalex.org/W2113712403
https://openalex.org/W2147900461
https://openalex.org/W2148727164
https://openalex.org/W2161077793
https://openalex.org/W2181371918
https://openalex.org/W2252794210
https://openalex.org/W2259678538
https://openalex.org/W2261882935
https://openalex.org/W2323177037
https://openalex.org/W2405277206
https://openalex.org/W2409028406
https://openalex.org/W2411212243
https://openalex.org/W2416358302
https://openalex.org/W2417275217
https://openalex.org/W2441683821
https://openalex.org/W2556233905
https://openalex.org/W2569208717
https://openalex.org/W2605384826
https://openalex.org/W2617297179
https://openalex.org/W2760136740
https://openalex.org/W2767099496
https://openalex.org/W2793753483
https://openalex.org/W2796612700
https://openalex.org/W2885412727
https://openalex.org/W2904130611
https://openalex.org/W2924552965
https://openalex.org/W2939354772
https://openalex.org/W2982145317
https://openalex.org/W3010259732
https://openalex.org/W3033707271
https://openalex.org/W3037333124
https://openalex.org/W3038129691
https://openalex.org/W3083798800
https://openalex.org/W3097957820
https://openalex.org/W3120104806
https://openalex.org/W3121425442
https://openalex.org/W3133980561
https://openalex.org/W3162743653
https://openalex.org/W3165114271
https://openalex.org/W4200492362
https://openalex.org/W4205363989
https://openalex.org/W4207044216
https://openalex.org/W4211025596
https://openalex.org/W4225343821
https://openalex.org/W4226478162
https://openalex.org/W4237494997
https://openalex.org/W4285598031
https://openalex.org/W4289766408
https://openalex.org/W4291143218
https://openalex.org/W4308745457
https://openalex.org/W4318933525
https://openalex.org/W4385796046
https://openalex.org/W1278911013
https://openalex.org/W1973118354
https://openalex.org/W1990616545
https://openalex.org/W2033466499
https://openalex.org/W2049365308
https://openalex.org/W2050863490
https://openalex.org/W2054722473
https://openalex.org/W2060896314
https://openalex.org/W2064043547
https://openalex.org/W2069377588
https://openalex.org/W2069459197
https://openalex.org/W2072021140
https://openalex.org/W2083918968
https://openalex.org/W2093825722
https://openalex.org/W2114417027
https://openalex.org/W2152451613
https://openalex.org/W2154401489
https://openalex.org/W2156296146
https://openalex.org/W2170590890
https://openalex.org/W2234513460
https://openalex.org/W2322322451
https://openalex.org/W2401449776
https://openalex.org/W2426886779
https://openalex.org/W2551996536
https://openalex.org/W2566908432
https://openalex.org/W2612229014
https://openalex.org/W2798854720
https://openalex.org/W2806242060
https://openalex.org/W2807990615
https://openalex.org/W2809699513
https://openalex.org/W2901774613
https://openalex.org/W2911710098
https://openalex.org/W2938796677
https://openalex.org/W2962873714
https://openalex.org/W2977218692
https://openalex.org/W2983557899
https://openalex.org/W2990929335
https://openalex.org/W3015155289
https://openalex.org/W3016017637
https://openalex.org/W3028184638
https://openalex.org/W3035237994
https://openalex.org/W3041608462
https://openalex.org/W3043572671
https://openalex.org/W3085426766
https://openalex.org/W3091776134
https://openalex.org/W3096318564
https://openalex.org/W3130869703
https://openalex.org/W3133435646
https://openalex.org/W3146857832
https://openalex.org/W3172920194
https://openalex.org/W3181791925
https://openalex.org/W3187057186
https://openalex.org/W3193226284
https://openalex.org/W3193770639
https://openalex.org/W3195015166
https://openalex.org/W3199740763
https://openalex.org/W3216153508
https://openalex.org/W4238657384
https://openalex.org/W4244306209
https://openalex.org/W4294868201
https://openalex.org/W4310735420
https://openalex.org/W4311663593
https://openalex.org/W4323043273
https://openalex.org/W4385796110
https://openalex.org/W50141202
https://openalex.org/W132297148
https://openalex.org/W1648551254
https://openalex.org/W1898040642
https://openalex.org/W1943325863
https://openalex.org/W1968916350
https://openalex.org/W1978440862
https://openalex.org/W1981437048
https://openalex.org/W1996736281
https://openalex.org/W2002292643
https://openalex.org/W2007050174
https://openalex.org/W2009252278
https://openalex.org/W2030385453
https://openalex.org/W2036018765
https://openalex.org/W2037056348
https://openalex.org/W2037428262
https://openalex.org/W2051615556
https://openalex.org/W2065343947
https://openalex.org/W2070468957
https://openalex.org/W2084676289
https://openalex.org/W2097216001
https://openalex.org/W2119126869
https://openalex.org/W2148759528
https://openalex.org/W2149569270
https://openalex.org/W2166153433
https://openalex.org/W2259320217
https://openalex.org/W2281584435
https://openalex.org/W2324176830
https://openalex.org/W2326628732
https://openalex.org/W2330506158
https://openalex.org/W2337139864
https://openalex.org/W2342392567
https://openalex.org/W2399778052
https://openalex.org/W2413568983
https://openalex.org/W2413922662
https://openalex.org/W2420339935
https://openalex.org/W2434875071
https://openalex.org/W2437673931
https://openalex.org/W2439867267
https://openalex.org/W2441163938
https://openalex.org/W2441677860
https://openalex.org/W2481147466
https://openalex.org/W2486806935
https://openalex.org/W2545883649
https://openalex.org/W2573058125
https://openalex.org/W2736905035
https://openalex.org/W2740698402
https://openalex.org/W2757115851
https://openalex.org/W2783595066
https://openalex.org/W2799839782
https://openalex.org/W2805153064
https://openalex.org/W2886916158
https://openalex.org/W2889330896
https://openalex.org/W2897422494
https://openalex.org/W2921220587
https://openalex.org/W2946482175
https://openalex.org/W2950775699
https://openalex.org/W2956067292
https://openalex.org/W2972961008
https://openalex.org/W2980778711
https://openalex.org/W2985406174
https://openalex.org/W2988032644
https://openalex.org/W2996446764
https://openalex.org/W2999963688
https://openalex.org/W3008787364
https://openalex.org/W3012162103
https://openalex.org/W3019126288
https://openalex.org/W3035858046
https://openalex.org/W3045126115
https://openalex.org/W3081095386
https://openalex.org/W3083370672
https://openalex.org/W3157241393
https://openalex.org/W3180740791
https://openalex.org/W3192341291
https://openalex.org/W3193128441
https://openalex.org/W3195415912
https://openalex.org/W3197729968
https://openalex.org/W3200559082
https://openalex.org/W3203354976
https://openalex.org/W4200391977
https://openalex.org/W4200581264
https://openalex.org/W4205575111
https://openalex.org/W4205924502
https://openalex.org/W4220857297
https://openalex.org/W4226166641
https://openalex.org/W4250597574
https://openalex.org/W4281726198
https://openalex.org/W4283378378
https://openalex.org/W4287405742
https://openalex.org/W4294147633
https://openalex.org/W4297001938
https://openalex.org/W4321497115
https://openalex.org/W4323533159
https://openalex.org/W4365145615
https://openalex.org/W4376134240
https://openalex.org/W4385813776
https://openalex.org/W970330207
https://openalex.org/W132098583
https://openalex.org/W1424689958
https://openalex.org/W1656474021
https://openalex.org/W1879996786
https://openalex.org/W1964464627
https://openalex.org/W1973664762
https://openalex.org/W1981118009
https://openalex.org/W1981137014
https://openalex.org/W2000368019
https://openalex.org/W2002441686
https://openalex.org/W2004253551
https://openalex.org/W2008184546
https://openalex.org/W2015545013
https://openalex.org/W2019985990
https://openalex.org/W2029576587
https://openalex.org/W2060613147
https://openalex.org/W2061703401
https://openalex.org/W2062422541
https://openalex.org/W2063091207
https://openalex.org/W2064401784
https://openalex.org/W2067777682
https://openalex.org/W2069264018
https://openalex.org/W2073845829
https://openalex.org/W2083294867
https://openalex.org/W2087158002
https://openalex.org/W2087414673
https://openalex.org/W2089175731
https://openalex.org/W2096733756
https://openalex.org/W2112887688
https://openalex.org/W2116118001
https://openalex.org/W2136471077
https://openalex.org/W2143474763
https://openalex.org/W2196522623
https://openalex.org/W2254980137
https://openalex.org/W2263812573
https://openalex.org/W2278694106
https://openalex.org/W2315862524
https://openalex.org/W2326366650
https://openalex.org/W2333591436
https://openalex.org/W2395304994
https://openalex.org/W2398294812
https://openalex.org/W2399950352
https://openalex.org/W2402524216
https://openalex.org/W2405713168
https://openalex.org/W2410780908
https://openalex.org/W2423507188
https://openalex.org/W2425473295
https://openalex.org/W2437479688
https://openalex.org/W2440790593
https://openalex.org/W2541547442
https://openalex.org/W2553272617
https://openalex.org/W2557969576
https://openalex.org/W2727990732
https://openalex.org/W2752931085
https://openalex.org/W2758084684
https://openalex.org/W2758943976
https://openalex.org/W2774152702
https://openalex.org/W2789522355
https://openalex.org/W2799000205
https://openalex.org/W2802176043
https://openalex.org/W28418506
https://openalex.org/W2890904446
https://openalex.org/W2913006016
https://openalex.org/W2914629068
https://openalex.org/W2930536846
https://openalex.org/W2941597278
https://openalex.org/W2952492733
https://openalex.org/W2956427631
https://openalex.org/W2963385454
https://openalex.org/W2966014676
https://openalex.org/W2976416482
https://openalex.org/W2981141252
https://openalex.org/W2983466564
https://openalex.org/W2997705142
https://openalex.org/W3014206868
https://openalex.org/W3034205717
https://openalex.org/W3039624677
https://openalex.org/W3040793880
https://openalex.org/W3041951447
https://openalex.org/W3081522180
https://openalex.org/W3108552749
https://openalex.org/W3119027619
https://openalex.org/W3123577355
https://openalex.org/W3171272548
https://openalex.org/W3190942902
https://openalex.org/W3193493852
https://openalex.org/W3194527506
https://openalex.org/W3204308476
https://openalex.org/W3212075939
https://openalex.org/W3215863900
https://openalex.org/W4205126624
https://openalex.org/W4206647107
https://openalex.org/W4206799916
https://openalex.org/W4206996702
https://openalex.org/W4210507462
https://openalex.org/W4211075988
https://openalex.org/W4211261696
https://openalex.org/W4213314916
https://openalex.org/W4220661306
https://openalex.org/W4224219557
https://openalex.org/W4230874579
https://openalex.org/W4233103125
https://openalex.org/W4238023856
https://openalex.org/W4241612194
https://openalex.org/W4248911001
https://openalex.org/W4251640361
https://openalex.org/W4283660169
https://openalex.org/W4285126322
https://openalex.org/W4286851620
https://openalex.org/W4291169700
https://openalex.org/W4293798361
https://openalex.org/W4300945303
https://openalex.org/W4307427474
https://openalex.org/W4310335878
https://openalex.org/W4311602333
https://openalex.org/W4312140682
https://openalex.org/W4322774024
https://openalex.org/W654363510
https://openalex.org/W106940611
https://openalex.org/W1126106936
https://openalex.org/W1196160602
https://openalex.org/W130762396
https://openalex.org/W1539700935
https://openalex.org/W1553643609
https://openalex.org/W1775481983
https://openalex.org/W1969057252
https://openalex.org/W1989049291
https://openalex.org/W1989191039
https://openalex.org/W1992288254
https://openalex.org/W1993319798
https://openalex.org/W2000274805
https://openalex.org/W2002683553
https://openalex.org/W2004210787
https://openalex.org/W2006517957
https://openalex.org/W2013840031
https://openalex.org/W2018246640
https://openalex.org/W2018835933
https://openalex.org/W2024010301
https://openalex.org/W2024430067
https://openalex.org/W2028177931
https://openalex.org/W2049063899
https://openalex.org/W2061279789
https://openalex.org/W2068680750
https://openalex.org/W2071657407
https://openalex.org/W2077004158
https://openalex.org/W2077921125
https://openalex.org/W2079196207
https://openalex.org/W2081020594
https://openalex.org/W2089385155
https://openalex.org/W2119866220
https://openalex.org/W2120873349
https://openalex.org/W2137186059
https://openalex.org/W2145206764
https://openalex.org/W2158739920
https://openalex.org/W2171631841
https://openalex.org/W2176837529
https://openalex.org/W2184970447
https://openalex.org/W2185827431
https://openalex.org/W2196776154
https://openalex.org/W2201154982
https://openalex.org/W2215434173
https://openalex.org/W2236381573
https://openalex.org/W2247739841
https://openalex.org/W2252445155
https://openalex.org/W2263018824
https://openalex.org/W2266486791
https://openalex.org/W2267300763
https://openalex.org/W2268299201
https://openalex.org/W2270709789
https://openalex.org/W2271878448
https://openalex.org/W2277508957
https://openalex.org/W2290816401
https://openalex.org/W2322536819
https://openalex.org/W2330437690
https://openalex.org/W2336428417
https://openalex.org/W2337132301
https://openalex.org/W2342852244
https://openalex.org/W2344922110
https://openalex.org/W235556455
https://openalex.org/W2387501984
https://openalex.org/W2405011703
https://openalex.org/W2406669140
https://openalex.org/W2409378136
https://openalex.org/W2412143095
https://openalex.org/W2414781409
https://openalex.org/W2417090007
https://openalex.org/W2417588210
https://openalex.org/W2418749248
https://openalex.org/W2427187130
https://openalex.org/W2434405337
https://openalex.org/W2461991863
https://openalex.org/W2463390692
https://openalex.org/W2486191450
https://openalex.org/W2496102718
https://openalex.org/W2499416900
https://openalex.org/W2502634748
https://openalex.org/W2502719013
https://openalex.org/W2509364064
https://openalex.org/W2509430672
https://openalex.org/W2512641119
https://openalex.org/W2523508510
https://openalex.org/W2524857579
https://openalex.org/W2525795599
https://openalex.org/W2546484415
https://openalex.org/W2555708895
https://openalex.org/W2555741677
https://openalex.org/W2568093643
https://openalex.org/W2592052070
https://openalex.org/W2592397767
https://openalex.org/W2627024422
https://openalex.org/W2734453759
https://openalex.org/W2807505266
https://openalex.org/W2860127452
https://openalex.org/W286885191
https://openalex.org/W2893861072
https://openalex.org/W2907841473
https://openalex.org/W2911639188
https://openalex.org/W2912192685
https://openalex.org/W292088311
https://openalex.org/W2949175973
https://openalex.org/W2951178600
https://openalex.org/W2962479199
https://openalex.org/W2971397297
https://openalex.org/W2971986498
https://openalex.org/W2972241488
https://openalex.org/W2978240649
https://openalex.org/W2978423353
https://openalex.org/W2980605684
https://openalex.org/W2981310935
https://openalex.org/W3002698115
https://openalex.org/W3013654685
https://openalex.org/W3015265981
https://openalex.org/W3017210047
https://openalex.org/W3020114368
https://openalex.org/W3020125395
https://openalex.org/W3030652513
https://openalex.org/W3031840027
https://openalex.org/W3049462224
https://openalex.org/W3084666462
https://openalex.org/W3096345533
https://openalex.org/W3102748419
https://openalex.org/W3105637749
https://openalex.org/W3108878321
https://openalex.org/W3111907662
https://openalex.org/W3119406972
https://openalex.org/W3122939493
https://openalex.org/W3123772829
https://openalex.org/W3141032419
https://openalex.org/W3153976524
https://openalex.org/W3155223701
https://openalex.org/W3161420844
https://openalex.org/W3161997930
https://openalex.org/W3165595798
https://openalex.org/W3175716654
https://openalex.org/W3176904275
https://openalex.org/W3177247477
https://openalex.org/W3178431826
https://openalex.org/W3183300062
https://openalex.org/W3194725036
https://openalex.org/W3195644565
https://openalex.org/W3199461160
https://openalex.org/W3203136514
https://openalex.org/W3204060516
https://openalex.org/W3206071719
https://openalex.org/W3211373122
https://openalex.org/W3213884951
https://openalex.org/W3216676039
https://openalex.org/W331526160
https://openalex.org/W383745531
https://openalex.org/W4200403032
https://openalex.org/W4210812013
https://openalex.org/W4223540999
https://openalex.org/W4226171599
https://openalex.org/W4230662455
https://openalex.org/W4232145753
https://openalex.org/W4233326318
https://openalex.org/W4234245378
https://openalex.org/W4237793778
https://openalex.org/W4239648237
https://openalex.org/W4241078715
https://openalex.org/W4244671226
https://openalex.org/W4246929728
https://openalex.org/W4248362180
https://openalex.org/W4251488711
https://openalex.org/W4251506959
https://openalex.org/W4253275503
https://openalex.org/W4282937264
https://openalex.org/W4283787414
https://openalex.org/W4284675305
https://openalex.org/W4289205300
https://openalex.org/W4301394515
https://openalex.org/W4303184032
https://openalex.org/W4306668872
https://openalex.org/W4307026362
https://openalex.org/W4307918880
https://openalex.org/W4308625495
https://openalex.org/W4310128079
https://openalex.org/W4313397091
https://openalex.org/W4313451008
https://openalex.org/W4317625856
https://openalex.org/W4317634074
https://openalex.org/W4317877773
https://openalex.org/W4321103755
https://openalex.org/W4323812720
https://openalex.org/W4360807526
https://openalex.org/W4362678369
https://openalex.org/W4366830075
https://openalex.org/W4376225588
https://openalex.org/W4379742934
https://openalex.org/W4380322075
https://openalex.org/W4381849600
https://openalex.org/W4383163149
https://openalex.org/W4385070293
https://openalex.org/W52067318
https://openalex.org/W653873219
https://openalex.org/W944258722
https://openalex.org/W102565474
https://openalex.org/W105994746
https://openalex.org/W1215238361
https://openalex.org/W1234877764
https://openalex.org/W128988300
https://openalex.org/W134332110
https://openalex.org/W147857056
https://openalex.org/W1491597863
https://openalex.org/W1495968860
https://openalex.org/W1497253339
https://openalex.org/W1498114099
https://openalex.org/W1512097549
https://openalex.org/W1516683389
https://openalex.org/W1529994791
https://openalex.org/W1541132327
https://openalex.org/W1543083283
https://openalex.org/W1543827400
https://openalex.org/W1546893414
https://openalex.org/W154753983
https://openalex.org/W1564859588
https://openalex.org/W1569840298
https://openalex.org/W1572918331
https://openalex.org/W1577901211
https://openalex.org/W1581639386
https://openalex.org/W1618401680
https://openalex.org/W1638580714
https://openalex.org/W16634947
https://openalex.org/W1749486623
https://openalex.org/W1785126304
https://openalex.org/W1786360461
https://openalex.org/W1815214772
https://openalex.org/W182504430
https://openalex.org/W1865433101
https://openalex.org/W1885455437
https://openalex.org/W189778012
https://openalex.org/W190603604
https://openalex.org/W1960346962
https://openalex.org/W1964170873
https://openalex.org/W1966512848
https://openalex.org/W1966751093
https://openalex.org/W1966902534
https://openalex.org/W1970051415
https://openalex.org/W1971484799
https://openalex.org/W1976103027
https://openalex.org/W1976578089
https://openalex.org/W1977333293
https://openalex.org/W1984112747
https://openalex.org/W1986472115
https://openalex.org/W1986792554
https://openalex.org/W1991605736
https://openalex.org/W1992441138
https://openalex.org/W1992757546
https://openalex.org/W1997358067
https://openalex.org/W1999426537
https://openalex.org/W1999703748
https://openalex.org/W2001382829
https://openalex.org/W2002697732
https://openalex.org/W2003293268
https://openalex.org/W2004980747
https://openalex.org/W2005628623
https://openalex.org/W2006142139
https://openalex.org/W2008998471
https://openalex.org/W2014095337
https://openalex.org/W2015388135
https://openalex.org/W2015457236
https://openalex.org/W2015566561
https://openalex.org/W2018150157
https://openalex.org/W2018631098
https://openalex.org/W2023689694
https://openalex.org/W2025042080
https://openalex.org/W2028851154
https://openalex.org/W2031346264
https://openalex.org/W2032938990
https://openalex.org/W2033548685
https://openalex.org/W2034144898
https://openalex.org/W2034333851
https://openalex.org/W2035420430
https://openalex.org/W2039583565
https://openalex.org/W2040447334
https://openalex.org/W2040490465
https://openalex.org/W2045186882
https://openalex.org/W2045497754
https://openalex.org/W2048192254
https://openalex.org/W2051782107
https://openalex.org/W2054057499
https://openalex.org/W2058675273
https://openalex.org/W2060128819
https://openalex.org/W2060752652
https://openalex.org/W2061082224
https://openalex.org/W2061708907
https://openalex.org/W2064270731
https://openalex.org/W2064311370
https://openalex.org/W2065599734
https://openalex.org/W2066919421
https://openalex.org/W2067167195
https://openalex.org/W2068659574
https://openalex.org/W2072315186
https://openalex.org/W2073031459
https://openalex.org/W2073045538
https://openalex.org/W2075321095
https://openalex.org/W2078833597
https://openalex.org/W2082706602
https://openalex.org/W2083766756
https://openalex.org/W2084647358
https://openalex.org/W2086390199
https://openalex.org/W2088426352
https://openalex.org/W2088845608
https://openalex.org/W2090283031
https://openalex.org/W2094183515
https://openalex.org/W2100789261
https://openalex.org/W2100988243
https://openalex.org/W2101328528
https://openalex.org/W2102435892
https://openalex.org/W2104384070
https://openalex.org/W2107371892
https://openalex.org/W2108366319
https://openalex.org/W2114898129
https://openalex.org/W2116675329
https://openalex.org/W2122728176
https://openalex.org/W2123889917
https://openalex.org/W2125231990
https://openalex.org/W2129275399
https://openalex.org/W2132757163
https://openalex.org/W2138933320
https://openalex.org/W2140113460
https://openalex.org/W2154965114
https://openalex.org/W2155130807
https://openalex.org/W2165709660
https://openalex.org/W2165771397
https://openalex.org/W2178828288
https://openalex.org/W2182632822
https://openalex.org/W2183946054
https://openalex.org/W2185201363
https://openalex.org/W2185684218
https://openalex.org/W2187917613
https://openalex.org/W2189420987
https://openalex.org/W2199576785
https://openalex.org/W2211941379
https://openalex.org/W2227501750
https://openalex.org/W22305678
https://openalex.org/W2231583548
https://openalex.org/W2232731818
https://openalex.org/W2238301110
https://openalex.org/W2248822934
https://openalex.org/W225327776
https://openalex.org/W2254123564
https://openalex.org/W2258217532
https://openalex.org/W2260606517
https://openalex.org/W2260976807
https://openalex.org/W2264303200
https://openalex.org/W2269594801
https://openalex.org/W2279800089
https://openalex.org/W2280260946
https://openalex.org/W2280547980
https://openalex.org/W2281368216
https://openalex.org/W2281805132
https://openalex.org/W2288654936
https://openalex.org/W2289287587
https://openalex.org/W2292066473
https://openalex.org/W2296695781
https://openalex.org/W2297520482
https://openalex.org/W2304529624
https://openalex.org/W2306052656
https://openalex.org/W2310497045
https://openalex.org/W2313537419
https://openalex.org/W2314946445
https://openalex.org/W2315354236
https://openalex.org/W2315749147
https://openalex.org/W2316083725
https://openalex.org/W2316339098
https://openalex.org/W2317091452
https://openalex.org/W2317903369
https://openalex.org/W2318325424
https://openalex.org/W2320049904
https://openalex.org/W2321711771
https://openalex.org/W2322454779
https://openalex.org/W2322929934
https://openalex.org/W2323487269
https://openalex.org/W2326291020
https://openalex.org/W2326784079
https://openalex.org/W2326788424
https://openalex.org/W2328107050
https://openalex.org/W2329988042
https://openalex.org/W2330355605
https://openalex.org/W2330540796
https://openalex.org/W2336829645
https://openalex.org/W2338567544
https://openalex.org/W2339105999
https://openalex.org/W2339371105
https://openalex.org/W2341054050
https://openalex.org/W2341423822
https://openalex.org/W2343354052
https://openalex.org/W2343492621
https://openalex.org/W2344333841
https://openalex.org/W2345020348
https://openalex.org/W2347377908
https://openalex.org/W2348416002
https://openalex.org/W2352234355
https://openalex.org/W2356692062
https://openalex.org/W236401309
https://openalex.org/W2386092889
https://openalex.org/W2392834392
https://openalex.org/W2397435996
https://openalex.org/W2397719271
https://openalex.org/W2398912344
https://openalex.org/W2399640555
https://openalex.org/W2400765282
https://openalex.org/W2400823295
https://openalex.org/W2405588976
https://openalex.org/W2407084514
https://openalex.org/W2407692836
https://openalex.org/W2408270113
https://openalex.org/W2410017221
https://openalex.org/W2410878009
https://openalex.org/W2414179832
https://openalex.org/W2415633030
https://openalex.org/W2418154698
https://openalex.org/W2424547356
https://openalex.org/W2426196972
https://openalex.org/W2437967386
https://openalex.org/W2441649034
https://openalex.org/W2442442676
https://openalex.org/W244838881
https://openalex.org/W2460050619
https://openalex.org/W2462148998
https://openalex.org/W2464411035
https://openalex.org/W2464769757
https://openalex.org/W2466886274
https://openalex.org/W2468281929
https://openalex.org/W2474075882
https://openalex.org/W2476242212
https://openalex.org/W2476396110
https://openalex.org/W2477316825
https://openalex.org/W2477361841
https://openalex.org/W2477434875
https://openalex.org/W2477586812
https://openalex.org/W2478340942
https://openalex.org/W2478457804
https://openalex.org/W2478477492
https://openalex.org/W2478893729
https://openalex.org/W2478954647
https://openalex.org/W2480106480
https://openalex.org/W2480536275
https://openalex.org/W2480674904
https://openalex.org/W2481319974
https://openalex.org/W2481747240
https://openalex.org/W2481874936
https://openalex.org/W2481902892
https://openalex.org/W2481938862
https://openalex.org/W2482106543
https://openalex.org/W2482653011
https://openalex.org/W2482716722
https://openalex.org/W2482756138
https://openalex.org/W2482803158
https://openalex.org/W2482805776
https://openalex.org/W2482818245
https://openalex.org/W2483164985
https://openalex.org/W2483330205
https://openalex.org/W2483355523
https://openalex.org/W2483923916
https://openalex.org/W2484013856
https://openalex.org/W2484392205
https://openalex.org/W2484434862
https://openalex.org/W2484474046
https://openalex.org/W2484488660
https://openalex.org/W2485373609
https://openalex.org/W2485451010
https://openalex.org/W2485747622
https://openalex.org/W2485778874
https://openalex.org/W2485883621
https://openalex.org/W2485906432
https://openalex.org/W2485959576
https://openalex.org/W2486079117
https://openalex.org/W2486362063
https://openalex.org/W2486451778
https://openalex.org/W2486641031
https://openalex.org/W2487015106
https://openalex.org/W2487296812
https://openalex.org/W2487344588
https://openalex.org/W2487654554
https://openalex.org/W2487826190
https://openalex.org/W2488016946
https://openalex.org/W2488075174
https://openalex.org/W2488580025
https://openalex.org/W2488871048
https://openalex.org/W2489037257
https://openalex.org/W2489267230
https://openalex.org/W2490102791
https://openalex.org/W2490119739
https://openalex.org/W2490133826
https://openalex.org/W2491055775
https://openalex.org/W2491605034
https://openalex.org/W2491620274
https://openalex.org/W2491646719
https://openalex.org/W2491940338
https://openalex.org/W2492030039
https://openalex.org/W2492634918
https://openalex.org/W2493826018
https://openalex.org/W2494518363
https://openalex.org/W2494559822
https://openalex.org/W2494966247
https://openalex.org/W2495276211
https://openalex.org/W2495527604
https://openalex.org/W2496250302
https://openalex.org/W2496308036
https://openalex.org/W2496309558
https://openalex.org/W2496334412
https://openalex.org/W2496480531
https://openalex.org/W2497672774
https://openalex.org/W2497883398
https://openalex.org/W2499003152
https://openalex.org/W2499073769
https://openalex.org/W2499561379
https://openalex.org/W2500073409
https://openalex.org/W2500878270
https://openalex.org/W2501282814
https://openalex.org/W2501347554
https://openalex.org/W2501520682
https://openalex.org/W2502042689
https://openalex.org/W2502045661
https://openalex.org/W2502304023
https://openalex.org/W2502379053
https://openalex.org/W2502686300
https://openalex.org/W2502881503
https://openalex.org/W2503237709
https://openalex.org/W2503335822
https://openalex.org/W2503605261
https://openalex.org/W2503703472
https://openalex.org/W2503965197
https://openalex.org/W2504192796
https://openalex.org/W2504508514
https://openalex.org/W2514466409
https://openalex.org/W2518364939
https://openalex.org/W2518384682
https://openalex.org/W2521159548
https://openalex.org/W2523321511
https://openalex.org/W2524445888
https://openalex.org/W2524877817
https://openalex.org/W2525710342
https://openalex.org/W2526831390
https://openalex.org/W2527758748
https://openalex.org/W2532111360
https://openalex.org/W2535960871
https://openalex.org/W2544638346
https://openalex.org/W2552414925
https://openalex.org/W2553434516
https://openalex.org/W2556244631
https://openalex.org/W2556330137
https://openalex.org/W2557420533
https://openalex.org/W2560286742
https://openalex.org/W2560330685
https://openalex.org/W2560533883
https://openalex.org/W2561057463
https://openalex.org/W2562400679
https://openalex.org/W2564364597
https://openalex.org/W2565922664
https://openalex.org/W2566069421
https://openalex.org/W2566887218
https://openalex.org/W2572717150
https://openalex.org/W2575697391
https://openalex.org/W2579385142
https://openalex.org/W2579672219
https://openalex.org/W2581342606
https://openalex.org/W2586065336
https://openalex.org/W2586361994
https://openalex.org/W2586519897
https://openalex.org/W2589468110
https://openalex.org/W2589693373
https://openalex.org/W2589902356
https://openalex.org/W2590096820
https://openalex.org/W2591375144
https://openalex.org/W2591694399
https://openalex.org/W2592197305
https://openalex.org/W2592966017
https://openalex.org/W2593653126
https://openalex.org/W2593984945
https://openalex.org/W2594086365
https://openalex.org/W2594257604
https://openalex.org/W2594284880
https://openalex.org/W2594556500
https://openalex.org/W2594599208
https://openalex.org/W2595740576
https://openalex.org/W2597207727
https://openalex.org/W2598488115
https://openalex.org/W2598696386
https://openalex.org/W2604401690
https://openalex.org/W2606347866
https://openalex.org/W2606683396
https://openalex.org/W2606903610
https://openalex.org/W2610179664
https://openalex.org/W2611617777
https://openalex.org/W2614356974
https://openalex.org/W2617768522
https://openalex.org/W2618768903
https://openalex.org/W2619449959
https://openalex.org/W2622358734
https://openalex.org/W2626069114
https://openalex.org/W2640224228
https://openalex.org/W2652702402
https://openalex.org/W2655088374
https://openalex.org/W2655372585
https://openalex.org/W268195773
https://openalex.org/W2711537620
https://openalex.org/W2724967821
https://openalex.org/W2725164247
https://openalex.org/W2728074904
https://openalex.org/W2731313255
https://openalex.org/W2735976301
https://openalex.org/W2737331478
https://openalex.org/W2737848799
https://openalex.org/W2738701011
https://openalex.org/W2739630644
https://openalex.org/W2741323932
https://openalex.org/W2743386883
https://openalex.org/W2743721793
https://openalex.org/W2743858983
https://openalex.org/W2744135208
https://openalex.org/W2747001378
https://openalex.org/W2747251543
https://openalex.org/W2747444430
https://openalex.org/W2747740458
https://openalex.org/W2747818283
https://openalex.org/W2748357909
https://openalex.org/W2750430081
https://openalex.org/W2752201594
https://openalex.org/W2759500321
https://openalex.org/W2762490203
https://openalex.org/W2765136655
https://openalex.org/W2765164927
https://openalex.org/W2765443331
https://openalex.org/W2766066292
https://openalex.org/W2768643348
https://openalex.org/W2769345602
https://openalex.org/W2769773824
https://openalex.org/W2770719050
https://openalex.org/W2771120260
https://openalex.org/W2771232898
https://openalex.org/W2771604976
https://openalex.org/W2775077728
https://openalex.org/W2776047094
https://openalex.org/W2778314188
https://openalex.org/W2779737331
https://openalex.org/W2782341403
https://openalex.org/W2783626912
https://openalex.org/W2783756598
https://openalex.org/W2784117932
https://openalex.org/W2787851409
https://openalex.org/W2788030144
https://openalex.org/W2791157544
https://openalex.org/W2792800358
https://openalex.org/W2793533465
https://openalex.org/W2793597434
https://openalex.org/W2793621988
https://openalex.org/W2793891937
https://openalex.org/W2795157213
https://openalex.org/W2799597111
https://openalex.org/W2800557715
https://openalex.org/W2800723864
https://openalex.org/W2801715812
https://openalex.org/W2802223193
https://openalex.org/W2803268138
https://openalex.org/W2805855550
https://openalex.org/W2806499773
https://openalex.org/W2807760561
https://openalex.org/W2808716967
https://openalex.org/W2810721122
https://openalex.org/W2885421912
https://openalex.org/W2886849270
https://openalex.org/W2887321208
https://openalex.org/W2888946737
https://openalex.org/W2890137169
https://openalex.org/W2890523012
https://openalex.org/W2891402049
https://openalex.org/W2892079848
https://openalex.org/W2896057845
https://openalex.org/W2898468133
https://openalex.org/W2898773991
https://openalex.org/W2902144774
https://openalex.org/W2903196265
https://openalex.org/W2908041106
https://openalex.org/W2909770191
https://openalex.org/W2911507530
https://openalex.org/W2911522248
https://openalex.org/W2912550146
https://openalex.org/W2913471097
https://openalex.org/W2914748286
https://openalex.org/W2915059123
https://openalex.org/W2919362463
https://openalex.org/W2921248268
https://openalex.org/W2921424494
https://openalex.org/W2921851189
https://openalex.org/W2921991111
https://openalex.org/W2924322447
https://openalex.org/W2933127336
https://openalex.org/W2938324948
https://openalex.org/W2941701198
https://openalex.org/W2943969508
https://openalex.org/W2945844436
https://openalex.org/W2947173248
https://openalex.org/W2949168398
https://openalex.org/W2949204700
https://openalex.org/W2949525264
https://openalex.org/W2949709997
https://openalex.org/W2951624193
https://openalex.org/W2951753441
https://openalex.org/W2952697260
https://openalex.org/W2952757854
https://openalex.org/W2952985626
https://openalex.org/W2953433504
https://openalex.org/W2955280001
https://openalex.org/W2955740364
https://openalex.org/W296216940
https://openalex.org/W2962748021
https://openalex.org/W2964352242
https://openalex.org/W2968568224
https://openalex.org/W2970248314
https://openalex.org/W2970900838
https://openalex.org/W2971024070
https://openalex.org/W2972016099
https://openalex.org/W2972247806
https://openalex.org/W2972304349
https://openalex.org/W2972687819
https://openalex.org/W2975331309
https://openalex.org/W2976561978
https://openalex.org/W2976687794
https://openalex.org/W2978188403
https://openalex.org/W2978255716
https://openalex.org/W2978291361
https://openalex.org/W2978940281
https://openalex.org/W2979154319
https://openalex.org/W2980171207
https://openalex.org/W2981321533
https://openalex.org/W2981346455
https://openalex.org/W2981948154
https://openalex.org/W2981992937
https://openalex.org/W2984484187
https://openalex.org/W2985622827
https://openalex.org/W2988819529
https://openalex.org/W2989198565
https://openalex.org/W2989658934
https://openalex.org/W2989926338
https://openalex.org/W2990622660
https://openalex.org/W2991368410
https://openalex.org/W2991556162
https://openalex.org/W2993695591
https://openalex.org/W2995713647
https://openalex.org/W2996336065
https://openalex.org/W2997833044
https://openalex.org/W2997872067
https://openalex.org/W2998130525
https://openalex.org/W2998240789
https://openalex.org/W3000270402
https://openalex.org/W3002801491
https://openalex.org/W3003778411
https://openalex.org/W3005144674
https://openalex.org/W3005466935
https://openalex.org/W3005944855
https://openalex.org/W3006250709
https://openalex.org/W3008051041
https://openalex.org/W3008669992
https://openalex.org/W3008836720
https://openalex.org/W3010462599
https://openalex.org/W3010470139
https://openalex.org/W3010650455
https://openalex.org/W3010662980
https://openalex.org/W3010676853
https://openalex.org/W3012020638
https://openalex.org/W3013564481
https://openalex.org/W3014843668
https://openalex.org/W3015454637
https://openalex.org/W3015980179
https://openalex.org/W3016834294
https://openalex.org/W3017088793
https://openalex.org/W3021415670
https://openalex.org/W3021421551
https://openalex.org/W3021466630
https://openalex.org/W3023397234
https://openalex.org/W3025754489
https://openalex.org/W3026685296
https://openalex.org/W3029363639
https://openalex.org/W3029505609
https://openalex.org/W3030467819
https://openalex.org/W3031425316
https://openalex.org/W3031960256
https://openalex.org/W3032508451
https://openalex.org/W3035924838
https://openalex.org/W3036929008
https://openalex.org/W3039910537
https://openalex.org/W3040665052
https://openalex.org/W3041044591
https://openalex.org/W3041298157
https://openalex.org/W3043674359
https://openalex.org/W3048750211
https://openalex.org/W3049424826
https://openalex.org/W3081682111
https://openalex.org/W3081750922
https://openalex.org/W3082672892
https://openalex.org/W3082694561
https://openalex.org/W3083230740
https://openalex.org/W3083237575
https://openalex.org/W3083404349
https://openalex.org/W3083529165
https://openalex.org/W3083581963
https://openalex.org/W3092898107
https://openalex.org/W3094041423
https://openalex.org/W3094235293
https://openalex.org/W3094638243
https://openalex.org/W3095307531
https://openalex.org/W3097878714
https://openalex.org/W3097997267
https://openalex.org/W3104916548
https://openalex.org/W3105019977
https://openalex.org/W3105424732
https://openalex.org/W3109503314
https://openalex.org/W3111331432
https://openalex.org/W3111611651
https://openalex.org/W3111683123
https://openalex.org/W3116494118
https://openalex.org/W3121180321
https://openalex.org/W3123509926
https://openalex.org/W3131822514
https://openalex.org/W3132288847
https://openalex.org/W3134471789
https://openalex.org/W3143077708
https://openalex.org/W3150818499
https://openalex.org/W3152303033
https://openalex.org/W3153460927
https://openalex.org/W3153494812
https://openalex.org/W3153543905
https://openalex.org/W3157771441
https://openalex.org/W3158111616
https://openalex.org/W3158725150
https://openalex.org/W3160703508
https://openalex.org/W3161598643
https://openalex.org/W3162312299
https://openalex.org/W3164107249
https://openalex.org/W3164594206
https://openalex.org/W3165848917
https://openalex.org/W3170030257
https://openalex.org/W3170669142
https://openalex.org/W3171869887
https://openalex.org/W3172087744
https://openalex.org/W3172774607
https://openalex.org/W3173346369
https://openalex.org/W3173410201
https://openalex.org/W3173638964
https://openalex.org/W3173668765
https://openalex.org/W3173706322
https://openalex.org/W3174180614
https://openalex.org/W3174997299
https://openalex.org/W3177893628
https://openalex.org/W3178343214
https://openalex.org/W3179418340
https://openalex.org/W3180984932
https://openalex.org/W3181229279
https://openalex.org/W3181435457
https://openalex.org/W3184831729
https://openalex.org/W3185012072
https://openalex.org/W3186279196
https://openalex.org/W3190254733
https://openalex.org/W3193518751
https://openalex.org/W3193767006
https://openalex.org/W3194935215
https://openalex.org/W3196694962
https://openalex.org/W3198337881
https://openalex.org/W3198684280
https://openalex.org/W3199414623
https://openalex.org/W3200594684
https://openalex.org/W3200655541
https://openalex.org/W3201044271
https://openalex.org/W3202282796
https://openalex.org/W3204001423
https://openalex.org/W3204225140
https://openalex.org/W3205067523
https://openalex.org/W3211101304
https://openalex.org/W3212179997
https://openalex.org/W3212185035
https://openalex.org/W3212932468
https://openalex.org/W3213543058
https://openalex.org/W3213624648
https://openalex.org/W3213947330
https://openalex.org/W3214956007
https://openalex.org/W3215165504
https://openalex.org/W3215660998
https://openalex.org/W3215740329
https://openalex.org/W3215764472
https://openalex.org/W3216265150
https://openalex.org/W3216828119
https://openalex.org/W322727595
https://openalex.org/W3644589
https://openalex.org/W377437732
https://openalex.org/W382208866
https://openalex.org/W4200303645
https://openalex.org/W4200317271
https://openalex.org/W4205134980
https://openalex.org/W4205582166
https://openalex.org/W4205874510
https://openalex.org/W4205890434
https://openalex.org/W4205969796
https://openalex.org/W4206147743
https://openalex.org/W4206293536
https://openalex.org/W4206417313
https://openalex.org/W4206431270
https://openalex.org/W4206835336
https://openalex.org/W4210775085
https://openalex.org/W4210867034
https://openalex.org/W4210873712
https://openalex.org/W4211043315
https://openalex.org/W4212810660
https://openalex.org/W4212892786
https://openalex.org/W4213306746
https://openalex.org/W4213444645
https://openalex.org/W4214495921
https://openalex.org/W4214577384
https://openalex.org/W4214815438
https://openalex.org/W4220663599
https://openalex.org/W4220794403
https://openalex.org/W4220833843
https://openalex.org/W4220859101
https://openalex.org/W4220866538
https://openalex.org/W4220947350
https://openalex.org/W4220999229
https://openalex.org/W4221072967
https://openalex.org/W4221106587
https://openalex.org/W4221106621
https://openalex.org/W4221123972
https://openalex.org/W4224950779
https://openalex.org/W4225673881
https://openalex.org/W4229629361
https://openalex.org/W4230119321
https://openalex.org/W4230667519
https://openalex.org/W4230891313
https://openalex.org/W4231765924
https://openalex.org/W4231798066
https://openalex.org/W4231923114
https://openalex.org/W4231970796
https://openalex.org/W4232529373
https://openalex.org/W4232748043
https://openalex.org/W4232890944
https://openalex.org/W4233020975
https://openalex.org/W4233339677
https://openalex.org/W4233662800
https://openalex.org/W4233690578
https://openalex.org/W4233696520
https://openalex.org/W4233704458
https://openalex.org/W4233836173
https://openalex.org/W4234034702
https://openalex.org/W4234156992
https://openalex.org/W4234225192
https://openalex.org/W4234313419
https://openalex.org/W4234503942
https://openalex.org/W4235101810
https://openalex.org/W4235289629
https://openalex.org/W4235344281
https://openalex.org/W4235593511
https://openalex.org/W4235685099
https://openalex.org/W4235693215
https://openalex.org/W4235790004
https://openalex.org/W4236188866
https://openalex.org/W4236264980
https://openalex.org/W4236284687
https://openalex.org/W4236313659
https://openalex.org/W4236412204
https://openalex.org/W4236457112
https://openalex.org/W4236793815
https://openalex.org/W4236815961
https://openalex.org/W4236844283
https://openalex.org/W4237096418
https://openalex.org/W4237128925
https://openalex.org/W4237149016
https://openalex.org/W4237349337
https://openalex.org/W4237381645
https://openalex.org/W4238186375
https://openalex.org/W4238224538
https://openalex.org/W4238250368
https://openalex.org/W4238294554
https://openalex.org/W4238440633
https://openalex.org/W4238902403
https://openalex.org/W4239048514
https://openalex.org/W4239454779
https://openalex.org/W4239701961
https://openalex.org/W4239805130
https://openalex.org/W4239953835
https://openalex.org/W4240146610
https://openalex.org/W4240602391
https://openalex.org/W4240671652
https://openalex.org/W4241240240
https://openalex.org/W4241292686
https://openalex.org/W4241501919
https://openalex.org/W4241708640
https://openalex.org/W4241785663
https://openalex.org/W4241882582
https://openalex.org/W4242149663
https://openalex.org/W4242588603
https://openalex.org/W4242686421
https://openalex.org/W4243018473
https://openalex.org/W4243140112
https://openalex.org/W4243497011
https://openalex.org/W4243588735
https://openalex.org/W4243728713
https://openalex.org/W4243852493
https://openalex.org/W4244218192
https://openalex.org/W4244286723
https://openalex.org/W4244380266
https://openalex.org/W4244380780
https://openalex.org/W4244569258
https://openalex.org/W4244943802
https://openalex.org/W4244967902
https://openalex.org/W4245106397
https://openalex.org/W4245242683
https://openalex.org/W4245318604
https://openalex.org/W4245546724
https://openalex.org/W4245686012
https://openalex.org/W4245712046
https://openalex.org/W4245955372
https://openalex.org/W4246070896
https://openalex.org/W4246183340
https://openalex.org/W4246269298
https://openalex.org/W4246571711
https://openalex.org/W4246622290
https://openalex.org/W4246897133
https://openalex.org/W4247135286
https://openalex.org/W4247226643
https://openalex.org/W4247363786
https://openalex.org/W4247385514
https://openalex.org/W4247571524
https://openalex.org/W4247687923
https://openalex.org/W4248080034
https://openalex.org/W4249500558
https://openalex.org/W4249655066
https://openalex.org/W4249840290
https://openalex.org/W4249920120
https://openalex.org/W4249930032
https://openalex.org/W4250070760
https://openalex.org/W4250136326
https://openalex.org/W4250201218
https://openalex.org/W4250401458
https://openalex.org/W4250516267
https://openalex.org/W4251289564
https://openalex.org/W4251617818
https://openalex.org/W4251664121
https://openalex.org/W4251791939
https://openalex.org/W4251875789
https://openalex.org/W4251894868
https://openalex.org/W4251997807
https://openalex.org/W4252237538
https://openalex.org/W4252948002
https://openalex.org/W4253082147
https://openalex.org/W4253164551
https://openalex.org/W4253236734
https://openalex.org/W4253786484
https://openalex.org/W4253927550
https://openalex.org/W4253989560
https://openalex.org/W4254608594
https://openalex.org/W4254848389
https://openalex.org/W4255055244
https://openalex.org/W4255164989
https://openalex.org/W4255662163
https://openalex.org/W4255819361
https://openalex.org/W4255854109
https://openalex.org/W4256356248
https://openalex.org/W4256358203
https://openalex.org/W4256647818
https://openalex.org/W4280586488
https://openalex.org/W4280638771
https://openalex.org/W4281613843
https://openalex.org/W4281633111
https://openalex.org/W4281664243
https://openalex.org/W4281704377
https://openalex.org/W4281717558
https://openalex.org/W4281719934
https://openalex.org/W4281784713
https://openalex.org/W4281827145
https://openalex.org/W4281834185
https://openalex.org/W4281837670
https://openalex.org/W4281920114
https://openalex.org/W4282813416
https://openalex.org/W4282929945
https://openalex.org/W4282931159
https://openalex.org/W4282940176
https://openalex.org/W4282971870
https://openalex.org/W4282977896
https://openalex.org/W4282980972
https://openalex.org/W4283016322
https://openalex.org/W4283587438
https://openalex.org/W4285271295
https://openalex.org/W4285299271
https://openalex.org/W4285305074
https://openalex.org/W4285614101
https://openalex.org/W4286592118
https://openalex.org/W4287726451
https://openalex.org/W4287816265
https://openalex.org/W4287868521
https://openalex.org/W4288091189
https://openalex.org/W4290547585
https://openalex.org/W4291652122
https://openalex.org/W4291996615
https://openalex.org/W4292220073
https://openalex.org/W4292451460
https://openalex.org/W4292677548
https://openalex.org/W4293522906
https://openalex.org/W4294153015
https://openalex.org/W4295226666
https://openalex.org/W4295226988
https://openalex.org/W4295257029
https://openalex.org/W4297299157
https://openalex.org/W4297942181
https://openalex.org/W4297994123
https://openalex.org/W4298045743
https://openalex.org/W4298062426
https://openalex.org/W4298095890
https://openalex.org/W4298171068
https://openalex.org/W4298209564
https://openalex.org/W4298231299
https://openalex.org/W4298257177
https://openalex.org/W4298316287
https://openalex.org/W4298336305
https://openalex.org/W4298356288
https://openalex.org/W4298400529
https://openalex.org/W4298418981
https://openalex.org/W4298884571
https://openalex.org/W4298884637
https://openalex.org/W4299300478
https://openalex.org/W4299386581
https://openalex.org/W4299430515
https://openalex.org/W4299552230
https://openalex.org/W4299576715
https://openalex.org/W4299584856
https://openalex.org/W4299863459
https://openalex.org/W4299946002
https://openalex.org/W4300009438
https://openalex.org/W4300030833
https://openalex.org/W4300033367
https://openalex.org/W4300228655
https://openalex.org/W4300256489
https://openalex.org/W4300365167
https://openalex.org/W4300633627
https://openalex.org/W4300680392
https://openalex.org/W4300821423
https://openalex.org/W4300867977
https://openalex.org/W4300954414
https://openalex.org/W4301092851
https://openalex.org/W4301294760
https://openalex.org/W4301372247
https://openalex.org/W4301657083
https://openalex.org/W4304197384
https://openalex.org/W4307007534
https://openalex.org/W4308334853
https://openalex.org/W4308711090
https://openalex.org/W4308757501
https://openalex.org/W4309017082
https://openalex.org/W4309200319
https://openalex.org/W4309303298
https://openalex.org/W4309401336
https://openalex.org/W4309413716
https://openalex.org/W4310098617
https://openalex.org/W4310108067
https://openalex.org/W4310117883
https://openalex.org/W4310588910
https://openalex.org/W4313354637
https://openalex.org/W4313429238
https://openalex.org/W4313481780
https://openalex.org/W4315620436
https://openalex.org/W4318389449
https://openalex.org/W4320482406
https://openalex.org/W4321520532
https://openalex.org/W4323921758
https://openalex.org/W4324116762
https://openalex.org/W4324333809
https://openalex.org/W432508337
https://openalex.org/W4353081135
https://openalex.org/W4360608161
https://openalex.org/W4360747202
https://openalex.org/W4361816118
https://openalex.org/W4361816292
https://openalex.org/W4361816426
https://openalex.org/W4361816610
https://openalex.org/W4361821005
https://openalex.org/W4361821013
https://openalex.org/W4361821035
https://openalex.org/W4361821038
https://openalex.org/W4361821479
https://openalex.org/W4361821480
https://openalex.org/W4361821805
https://openalex.org/W4361821839
https://openalex.org/W4361821894
https://openalex.org/W4361821927
https://openalex.org/W4361822005
https://openalex.org/W4361822008
https://openalex.org/W4361822074
https://openalex.org/W4361822475
https://openalex.org/W4361822632
https://openalex.org/W4361823452
https://openalex.org/W4361823511
https://openalex.org/W4361824882
https://openalex.org/W4361826983
https://openalex.org/W4361863240
https://openalex.org/W4361863388
https://openalex.org/W4361863507
https://openalex.org/W4361863508
https://openalex.org/W4361863574
https://openalex.org/W4361863575
https://openalex.org/W4361863613
https://openalex.org/W4361863689
https://openalex.org/W4361866095
https://openalex.org/W4361877681
https://openalex.org/W4361877683
https://openalex.org/W4361877688
https://openalex.org/W4361877689
https://openalex.org/W4361877704
https://openalex.org/W4361877772
https://openalex.org/W4361877787
https://openalex.org/W4361877794
https://openalex.org/W4361878882
https://openalex.org/W4361879195
https://openalex.org/W4361879287
https://openalex.org/W4361879299
https://openalex.org/W4361879405
https://openalex.org/W4361879411
https://openalex.org/W4361879426
https://openalex.org/W4361879443
https://openalex.org/W4361879470
https://openalex.org/W4361879515
https://openalex.org/W4361879543
https://openalex.org/W4361879564
https://openalex.org/W4361886001
https://openalex.org/W4361886011
https://openalex.org/W4361886090
https://openalex.org/W4361886196
https://openalex.org/W4361886264
https://openalex.org/W4361886281
https://openalex.org/W4361895757
https://openalex.org/W4361895787
https://openalex.org/W4361895990
https://openalex.org/W4361899181
https://openalex.org/W4361899182
https://openalex.org/W4361899183
https://openalex.org/W4361899286
https://openalex.org/W4361899526
https://openalex.org/W4361899535
https://openalex.org/W4361899870
https://openalex.org/W4361899897
https://openalex.org/W4361901434
https://openalex.org/W4361901453
https://openalex.org/W4361901464
https://openalex.org/W4361901533
https://openalex.org/W4361901620
https://openalex.org/W4361924996
https://openalex.org/W4361925035
https://openalex.org/W4361925037
https://openalex.org/W4361925163
https://openalex.org/W4361925168
https://openalex.org/W4361925223
https://openalex.org/W4361942402
https://openalex.org/W4361942445
https://openalex.org/W4361942492
https://openalex.org/W4361942522
https://openalex.org/W4361942529
https://openalex.org/W4361942531
https://openalex.org/W4361942634
https://openalex.org/W4361945919
https://openalex.org/W4361947951
https://openalex.org/W4361948210
https://openalex.org/W4361948215
https://openalex.org/W4361948246
https://openalex.org/W4361948274
https://openalex.org/W4361948404
https://openalex.org/W4361948476
https://openalex.org/W4361948501
https://openalex.org/W4361948707
https://openalex.org/W4361948787
https://openalex.org/W4361952269
https://openalex.org/W4361958918
https://openalex.org/W4361994546
https://openalex.org/W4362242242
https://openalex.org/W4362242264
https://openalex.org/W4362242265
https://openalex.org/W4362390290
https://openalex.org/W4362390330
https://openalex.org/W4362391170
https://openalex.org/W4362391172
https://openalex.org/W4362391210
https://openalex.org/W4362391315
https://openalex.org/W4362391502
https://openalex.org/W4362391511
https://openalex.org/W4362391595
https://openalex.org/W4362391605
https://openalex.org/W4362391682
https://openalex.org/W4362391725
https://openalex.org/W4362391747
https://openalex.org/W4362392157
https://openalex.org/W4362424863
https://openalex.org/W4362424868
https://openalex.org/W4362425034
https://openalex.org/W4362425087
https://openalex.org/W4362425089
https://openalex.org/W4362425090
https://openalex.org/W4362425179
https://openalex.org/W4362425183
https://openalex.org/W4362425197
https://openalex.org/W4362425266
https://openalex.org/W4362425382
https://openalex.org/W4362425500
https://openalex.org/W4362425654
https://openalex.org/W4362425698
https://openalex.org/W4362430820
https://openalex.org/W4362430836
https://openalex.org/W4362431122
https://openalex.org/W4362431164
https://openalex.org/W4362431321
https://openalex.org/W4362431717
https://openalex.org/W4362431928
https://openalex.org/W4362431965
https://openalex.org/W4362433879
https://openalex.org/W4362484844
https://openalex.org/W4362484845
https://openalex.org/W4362484853
https://openalex.org/W4362484858
https://openalex.org/W4362484922
https://openalex.org/W4362484929
https://openalex.org/W4362485066
https://openalex.org/W4362485086
https://openalex.org/W4362485130
https://openalex.org/W4362485182
https://openalex.org/W4362485186
https://openalex.org/W4362485189
https://openalex.org/W4362485203
https://openalex.org/W4362493309
https://openalex.org/W4362493610
https://openalex.org/W4362493965
https://openalex.org/W4362493987
https://openalex.org/W4362494003
https://openalex.org/W4362494061
https://openalex.org/W4362494101
https://openalex.org/W4362494118
https://openalex.org/W4362494193
https://openalex.org/W4362494218
https://openalex.org/W4362513536
https://openalex.org/W4362527770
https://openalex.org/W4362527775
https://openalex.org/W4362527893
https://openalex.org/W4362527898
https://openalex.org/W4362527903
https://openalex.org/W4362527945
https://openalex.org/W4362534918
https://openalex.org/W4362552012
https://openalex.org/W4362616622
https://openalex.org/W4362616682
https://openalex.org/W4362616690
https://openalex.org/W4362616692
https://openalex.org/W4362626816
https://openalex.org/W4362626886
https://openalex.org/W4362626894
https://openalex.org/W4362626903
https://openalex.org/W4362665503
https://openalex.org/W4365148490
https://openalex.org/W4365444634
https://openalex.org/W4366448631
https://openalex.org/W4367594491
https://openalex.org/W4372323141
https://openalex.org/W4376604274
https://openalex.org/W4376649520
https://openalex.org/W4376874568
https://openalex.org/W4377289915
https://openalex.org/W4377692990
https://openalex.org/W4378219231
https://openalex.org/W4379184347
https://openalex.org/W4379280752
https://openalex.org/W4379470402
https://openalex.org/W4379648483
https://openalex.org/W4379928573
https://openalex.org/W4379984502
https://openalex.org/W4380030104
https://openalex.org/W4380083766
https://openalex.org/W4380435205
https://openalex.org/W4380577372
https://openalex.org/W4380791952
https://openalex.org/W4380875664
https://openalex.org/W4380994615
https://openalex.org/W4381165518
https://openalex.org/W4381334648
https://openalex.org/W4381432983
https://openalex.org/W4382644898
https://openalex.org/W4382890603
https://openalex.org/W4384161699
https://openalex.org/W4384298051
https://openalex.org/W4385422335
https://openalex.org/W4385490667
https://openalex.org/W4385564966
https://openalex.org/W4385631754
https://openalex.org/W4385666997
https://openalex.org/W4385686497
https://openalex.org/W4385701286
https://openalex.org/W4385739359
https://openalex.org/W4385751917
https://openalex.org/W4385776720
https://openalex.org/W4385782590
https://openalex.org/W4385889326
https://openalex.org/W4385889334
https://openalex.org/W4385889336
https://openalex.org/W4385889345
https://openalex.org/W4385889346
https://openalex.org/W4385889352
https://openalex.org/W4385889356
https://openalex.org/W4385927486
https://openalex.org/W4386179592
https://openalex.org/W4386271295
https://openalex.org/W4386305801
https://openalex.org/W4386518129
https://openalex.org/W4386567982
https://openalex.org/W4386704427
https://openalex.org/W4386728170
https://openalex.org/W4387032895
https://openalex.org/W47770094
https://openalex.org/W48355685
https://openalex.org/W51790093
https://openalex.org/W566313639
https://openalex.org/W606837938
https://openalex.org/W641665526
https://openalex.org/W64470285
https://openalex.org/W64482683
https://openalex.org/W650366357
https://openalex.org/W67324239
https://openalex.org/W77834560
https://openalex.org/W80301806
https://openalex.org/W849990832
https://openalex.org/W855676282
https://openalex.org/W8933399
https://openalex.org/W91012748
https://openalex.org/W95438991
https://openalex.org/W2143233237
https://openalex.org/W2165764599
https://openalex.org/W1995481725
https://openalex.org/W2034453465
https://openalex.org/W2006556834
https://openalex.org/W2085117485
https://openalex.org/W2753819772
https://openalex.org/W2182760264
https://openalex.org/W2069132844
https://openalex.org/W2098672423
https://openalex.org/W2883311417
https://openalex.org/W1974801488
https://openalex.org/W4294373694
https://openalex.org/W2986200519
https://openalex.org/W1590557630
https://openalex.org/W618190765
https://openalex.org/W2123214754
https://openalex.org/W2965444903
https://openalex.org/W2076458865
https://openalex.org/W2112931328
https://openalex.org/W2742336425
https://openalex.org/W2102288076
https://openalex.org/W2006697780
https://openalex.org/W2118841479
https://openalex.org/W2098028979
https://openalex.org/W2088545704
https://openalex.org/W2008087381
https://openalex.org/W2120996289
https://openalex.org/W2365891644
https://openalex.org/W2074573396
https://openalex.org/W2049897699
https://openalex.org/W2331733120
https://openalex.org/W2135281747
https://openalex.org/W1042476336
https://openalex.org/W2163209279
https://openalex.org/W2604463251
https://openalex.org/W2153162249
https://openalex.org/W2012773836
https://openalex.org/W2236767140
https://openalex.org/W3081918364
https://openalex.org/W2086384139
https://openalex.org/W2050678340
https://openalex.org/W2134091331
https://openalex.org/W2616111333
https://openalex.org/W2123201941
https://openalex.org/W1581648025
https://openalex.org/W2165515521
https://openalex.org/W2057028522
https://openalex.org/W2770598806
https://openalex.org/W2053756232
https://openalex.org/W2021762551
https://openalex.org/W2751541630
https://openalex.org/W2112541119
https://openalex.org/W2061508089
https://openalex.org/W1969619201
https://openalex.org/W2046614111
https://openalex.org/W2900078105
https://openalex.org/W2074151559
https://openalex.org/W1994514340
https://openalex.org/W2741734981
https://openalex.org/W196677194
https://openalex.org/W2105647704
https://openalex.org/W2904201759
https://openalex.org/W1986938933
https://openalex.org/W2274167252
https://openalex.org/W2054582733
https://openalex.org/W2099136866
https://openalex.org/W2119072036
https://openalex.org/W2016493598
https://openalex.org/W2073481148
https://openalex.org/W2101758912
https://openalex.org/W2161621663
https://openalex.org/W2050093956
https://openalex.org/W3095638759
https://openalex.org/W1893330971
https://openalex.org/W2004624603
https://openalex.org/W4250395700
https://openalex.org/W2905229296
https://openalex.org/W2178006195
https://openalex.org/W1970451989
https://openalex.org/W1983305453
https://openalex.org/W2136570140
https://openalex.org/W3069665762
https://openalex.org/W2117767554
https://openalex.org/W2526787914
https://openalex.org/W2150085505
https://openalex.org/W2786702659
https://openalex.org/W2002879827
https://openalex.org/W2076738175
https://openalex.org/W1952468142
https://openalex.org/W2305199502
https://openalex.org/W2754394513
https://openalex.org/W2588251300
https://openalex.org/W2041322898
https://openalex.org/W2052264796
https://openalex.org/W3175424117
https://openalex.org/W2028131066
https://openalex.org/W2107961033
https://openalex.org/W2070316988
https://openalex.org/W2109919178
https://openalex.org/W1998307821
https://openalex.org/W2161271547
https://openalex.org/W2170026686
https://openalex.org/W2899160869
https://openalex.org/W2077525363
https://openalex.org/W2076181310
https://openalex.org/W2039685510
https://openalex.org/W2045361386
https://openalex.org/W1988879898
https://openalex.org/W2060105208
https://openalex.org/W2050391899
https://openalex.org/W2555473786
https://openalex.org/W4236544072
https://openalex.org/W2105697701
https://openalex.org/W2157356342
https://openalex.org/W51467562
https://openalex.org/W2036431306
https://openalex.org/W2162093446
https://openalex.org/W2007145217
https://openalex.org/W2125855266
https://openalex.org/W2766495336
https://openalex.org/W2075804596
https://openalex.org/W1980849219
https://openalex.org/W2896056014
https://openalex.org/W1644402576
https://openalex.org/W2012708780
https://openalex.org/W2139113979
https://openalex.org/W2737117686
https://openalex.org/W1987857804
https://openalex.org/W2054392846
https://openalex.org/W1986633017
https://openalex.org/W2023054374
https://openalex.org/W2074088553
https://openalex.org/W2028286076
https://openalex.org/W1970059035
https://openalex.org/W2028180127
https://openalex.org/W2156708688
https://openalex.org/W2994192310
https://openalex.org/W1977191973
https://openalex.org/W2164461569
https://openalex.org/W2012872746
https://openalex.org/W2139459356
https://openalex.org/W2754286154
https://openalex.org/W2007687004
https://openalex.org/W2093126167
https://openalex.org/W2114778798
https://openalex.org/W2145446983
https://openalex.org/W1602131724
https://openalex.org/W2001795884
https://openalex.org/W2067447878
https://openalex.org/W2116956544
https://openalex.org/W2077883810
https://openalex.org/W2109510473
https://openalex.org/W2270554317
https://openalex.org/W2168935676
https://openalex.org/W1967051022
https://openalex.org/W1975583434
https://openalex.org/W1988352659
https://openalex.org/W2030545744
https://openalex.org/W2065974272
https://openalex.org/W1923601040
https://openalex.org/W2096077818
https://openalex.org/W2056327604
https://openalex.org/W2480549496
https://openalex.org/W2494350764
https://openalex.org/W2698641891
https://openalex.org/W2018451424
https://openalex.org/W2071714380
https://openalex.org/W1965912002
https://openalex.org/W2896401613
https://openalex.org/W2038882739
https://openalex.org/W1995508135
https://openalex.org/W2025626474
https://openalex.org/W2116809609
https://openalex.org/W2784162035
https://openalex.org/W1987879515
https://openalex.org/W2338095066
https://openalex.org/W1984409869
https://openalex.org/W2065146108
https://openalex.org/W2066617700
https://openalex.org/W2156861733
https://openalex.org/W2469977742
https://openalex.org/W2759956433
https://openalex.org/W2792129522
https://openalex.org/W1977252563
https://openalex.org/W2004741741
https://openalex.org/W3003011554
https://openalex.org/W2072955580
https://openalex.org/W2019240782
https://openalex.org/W2116304892
https://openalex.org/W2883522699
https://openalex.org/W2030308875
https://openalex.org/W2122379933
https://openalex.org/W2125248368
https://openalex.org/W2177876702
https://openalex.org/W2891703945
https://openalex.org/W2297895586
https://openalex.org/W4254867316
https://openalex.org/W2162974938
https://openalex.org/W2124968539
https://openalex.org/W2139686896
https://openalex.org/W2800102937
https://openalex.org/W1971760042
https://openalex.org/W2002498775
https://openalex.org/W2104074149
https://openalex.org/W2134839779
https://openalex.org/W2336314900
https://openalex.org/W2607429848
https://openalex.org/W2892210058
https://openalex.org/W1981445785
https://openalex.org/W2043699775
https://openalex.org/W2055057362
https://openalex.org/W2146531713
https://openalex.org/W2002249071
https://openalex.org/W2016025271
https://openalex.org/W2094341752
https://openalex.org/W2544346464
https://openalex.org/W2012647043
https://openalex.org/W2050614523
https://openalex.org/W2069293298
https://openalex.org/W2142955894
https://openalex.org/W2160684878
https://openalex.org/W2554971990
https://openalex.org/W305280112
https://openalex.org/W1886459410
https://openalex.org/W2047670749
https://openalex.org/W2069316898
https://openalex.org/W2086134158
https://openalex.org/W2196464793
https://openalex.org/W2796983198
https://openalex.org/W2082259117
https://openalex.org/W3094029961
https://openalex.org/W2029474815
https://openalex.org/W2059443787
https://openalex.org/W1996649175
https://openalex.org/W2126209081
https://openalex.org/W2547759268
https://openalex.org/W3103498539
https://openalex.org/W2103553385
https://openalex.org/W2535489714
https://openalex.org/W2022135556
https://openalex.org/W2079485481
https://openalex.org/W1966893966
https://openalex.org/W2040448465
https://openalex.org/W2060845496
https://openalex.org/W2570428997
https://openalex.org/W2066290829
https://openalex.org/W2791548484
https://openalex.org/W1501631919
https://openalex.org/W2022785032
https://openalex.org/W2036320880
https://openalex.org/W2053272623
https://openalex.org/W2477560853
https://openalex.org/W2488722613
https://openalex.org/W1984818984
https://openalex.org/W2020811613
https://openalex.org/W2072066727
https://openalex.org/W2102676970
https://openalex.org/W2325914039
https://openalex.org/W2902731652
https://openalex.org/W1983862505
https://openalex.org/W2024509852
https://openalex.org/W2068917802
https://openalex.org/W2418772787
https://openalex.org/W2034981557
https://openalex.org/W2074995124
https://openalex.org/W2169698041
https://openalex.org/W1673255459
https://openalex.org/W2027163003
https://openalex.org/W2084865256
https://openalex.org/W2125516734
https://openalex.org/W2146147908
https://openalex.org/W2012492686
https://openalex.org/W2043993580
https://openalex.org/W2142204002
https://openalex.org/W3176137376
https://openalex.org/W1570883272
https://openalex.org/W2110524425
https://openalex.org/W2153187960
https://openalex.org/W2170468129
https://openalex.org/W2443559507
https://openalex.org/W1984180904
https://openalex.org/W2022952467
https://openalex.org/W2044214055
https://openalex.org/W2083320402
https://openalex.org/W2613642472
https://openalex.org/W2019001487
https://openalex.org/W2044530287
https://openalex.org/W2103774158
https://openalex.org/W2115391828
https://openalex.org/W2170317849
https://openalex.org/W1896241844
https://openalex.org/W1999853533
https://openalex.org/W2121797055
https://openalex.org/W2141780649
https://openalex.org/W2320155641
https://openalex.org/W2008752679
https://openalex.org/W2016829729
https://openalex.org/W2030405731
https://openalex.org/W2094830440
https://openalex.org/W2171672609
https://openalex.org/W2786010422
https://openalex.org/W2883836954
https://openalex.org/W4252295893
https://openalex.org/W1970019723
https://openalex.org/W1982633893
https://openalex.org/W2012123089
https://openalex.org/W2171389633
https://openalex.org/W2575638356
https://openalex.org/W2989954474
https://openalex.org/W189850671
https://openalex.org/W1970348735
https://openalex.org/W2072973612
https://openalex.org/W2084243995
https://openalex.org/W2106725428
https://openalex.org/W2107283081
https://openalex.org/W3010663313
https://openalex.org/W1973389541
https://openalex.org/W1999802051
https://openalex.org/W2136952159
https://openalex.org/W2153430002
https://openalex.org/W2160285950
https://openalex.org/W2805187889
https://openalex.org/W2894223577
https://openalex.org/W2000009456
https://openalex.org/W2003059397
https://openalex.org/W2055376006
https://openalex.org/W2078315128
https://openalex.org/W2097702063
https://openalex.org/W2107241007
https://openalex.org/W2156396330
https://openalex.org/W2167711779
https://openalex.org/W2418268233
https://openalex.org/W1156422488
https://openalex.org/W1971362730
https://openalex.org/W2131090481
https://openalex.org/W2160755851
https://openalex.org/W2167932306
https://openalex.org/W2168638691
https://openalex.org/W2170853534
https://openalex.org/W2033920568
https://openalex.org/W2049212878
https://openalex.org/W2054343189
https://openalex.org/W2327870715
https://openalex.org/W2771233193
https://openalex.org/W2950049244
https://openalex.org/W2989607703
https://openalex.org/W1991814569
https://openalex.org/W2036293768
https://openalex.org/W2052271302
https://openalex.org/W2070119866
https://openalex.org/W2166839848
https://openalex.org/W2419392388
https://openalex.org/W2515748364
https://openalex.org/W2010324979
https://openalex.org/W2023743624
https://openalex.org/W2152925366
https://openalex.org/W3105259940
https://openalex.org/W2026431261
https://openalex.org/W2059375079
https://openalex.org/W2780677788
https://openalex.org/W2912309272
https://openalex.org/W1550146452
https://openalex.org/W1976627705
https://openalex.org/W2019342800
https://openalex.org/W2020107824
https://openalex.org/W2024962262
https://openalex.org/W2054530914
https://openalex.org/W2097987824
https://openalex.org/W1567073766
https://openalex.org/W1574818579
https://openalex.org/W1989687437
https://openalex.org/W1996233253
https://openalex.org/W2004616863
https://openalex.org/W2047130108
https://openalex.org/W2077279657
https://openalex.org/W2174155706
https://openalex.org/W2625779201
https://openalex.org/W1985180598
https://openalex.org/W2011008655
https://openalex.org/W2035351306
https://openalex.org/W2166837386
https://openalex.org/W2941618937
https://openalex.org/W2005901552
https://openalex.org/W2027754501
https://openalex.org/W2079117752
https://openalex.org/W2096659008
https://openalex.org/W2976054229
https://openalex.org/W1568181892
https://openalex.org/W202120122
https://openalex.org/W2050659468
https://openalex.org/W2058783274
https://openalex.org/W2109355017
https://openalex.org/W2503189027
https://openalex.org/W2530683118
https://openalex.org/W2939014729
https://openalex.org/W2034584683
https://openalex.org/W2055137495
https://openalex.org/W2077561305
https://openalex.org/W2798390898
https://openalex.org/W1498690880
https://openalex.org/W1552349756
https://openalex.org/W2105271102
https://openalex.org/W2071815777
https://openalex.org/W2089193077
https://openalex.org/W2090030387
https://openalex.org/W2095807850
https://openalex.org/W2134898759
https://openalex.org/W2008013019
https://openalex.org/W2095178528
https://openalex.org/W2111966504
https://openalex.org/W2259798250
https://openalex.org/W2411946535
https://openalex.org/W2801263672
https://openalex.org/W3047774367
https://openalex.org/W2023985895
https://openalex.org/W2066067024
https://openalex.org/W2085913183
https://openalex.org/W2144945692
https://openalex.org/W3111076045
https://openalex.org/W1774610061
https://openalex.org/W1926834271
https://openalex.org/W1975694262
https://openalex.org/W2014278755
https://openalex.org/W2017323676
https://openalex.org/W2073884245
https://openalex.org/W2089307527
https://openalex.org/W2091101000
https://openalex.org/W2125794284
https://openalex.org/W2140757783
https://openalex.org/W1978676764
https://openalex.org/W1982495879
https://openalex.org/W1984038424
https://openalex.org/W1992536063
https://openalex.org/W2005469042
https://openalex.org/W2037833969
https://openalex.org/W2041629348
https://openalex.org/W2070439779
https://openalex.org/W2394617371
https://openalex.org/W2044381606
https://openalex.org/W2048231207
https://openalex.org/W2049130296
https://openalex.org/W2096190806
https://openalex.org/W2101885943
https://openalex.org/W2117960780
https://openalex.org/W2125048659
https://openalex.org/W2162990273
https://openalex.org/W2399807180
https://openalex.org/W3154517466
https://openalex.org/W1977565401
https://openalex.org/W2008615652
https://openalex.org/W2036394555
https://openalex.org/W2039389061
https://openalex.org/W2055803638
https://openalex.org/W2081226992
https://openalex.org/W2940329995
https://openalex.org/W1220723225
https://openalex.org/W1975027388
https://openalex.org/W1998745669
https://openalex.org/W2068795221
https://openalex.org/W2114803585
https://openalex.org/W2153557923
https://openalex.org/W2181822202
https://openalex.org/W2258011744
https://openalex.org/W2592002206
https://openalex.org/W2618865479
https://openalex.org/W2783603205
https://openalex.org/W31918790
https://openalex.org/W1573917583
https://openalex.org/W1817200006
https://openalex.org/W1919254885
https://openalex.org/W1930003365
https://openalex.org/W1964297055
https://openalex.org/W198396390
https://openalex.org/W2000349944
https://openalex.org/W2009000139
https://openalex.org/W2044256379
https://openalex.org/W2047318614
https://openalex.org/W2050249276
https://openalex.org/W2108426792
https://openalex.org/W2108800989
https://openalex.org/W2807687735
https://openalex.org/W1486112923
https://openalex.org/W1998843036
https://openalex.org/W2059935234
https://openalex.org/W2108539409
https://openalex.org/W2109903706
https://openalex.org/W2143239348
https://openalex.org/W2264645272
https://openalex.org/W2489257224
https://openalex.org/W2012336275
https://openalex.org/W2027246852
https://openalex.org/W2064371095
https://openalex.org/W2090166901
https://openalex.org/W2099559336
https://openalex.org/W2112710935
https://openalex.org/W2136555144
https://openalex.org/W2335353614
https://openalex.org/W2467797072
https://openalex.org/W2912629631
https://openalex.org/W1211753718
https://openalex.org/W2060555994
https://openalex.org/W2077256518
https://openalex.org/W2129554992
https://openalex.org/W2166875708
https://openalex.org/W2331963562
https://openalex.org/W2777647087
https://openalex.org/W3200785056
https://openalex.org/W1585809083
https://openalex.org/W1972052954
https://openalex.org/W1986862442
https://openalex.org/W2030250129
https://openalex.org/W2075437215
https://openalex.org/W2129557139
https://openalex.org/W2151394132
https://openalex.org/W2155545597
https://openalex.org/W2568675518
https://openalex.org/W2904705314
https://openalex.org/W2912575104
https://openalex.org/W1538663548
https://openalex.org/W1573673172
https://openalex.org/W1701809243
https://openalex.org/W1999961930
https://openalex.org/W2023674806
https://openalex.org/W2052128008
https://openalex.org/W2078800187
https://openalex.org/W2110428932
https://openalex.org/W2131504489
https://openalex.org/W2152942105
https://openalex.org/W2155051675
https://openalex.org/W2159533209
https://openalex.org/W2733303938
https://openalex.org/W2739050419
https://openalex.org/W3095149729
https://openalex.org/W1975435989
https://openalex.org/W1979173416
https://openalex.org/W1993846817
https://openalex.org/W2009334076
https://openalex.org/W2026392177
https://openalex.org/W2033767086
https://openalex.org/W2039676823
https://openalex.org/W2050037614
https://openalex.org/W2055231663
https://openalex.org/W2077250628
https://openalex.org/W2088069827
https://openalex.org/W2092092624
https://openalex.org/W2111337359
https://openalex.org/W2128097034
https://openalex.org/W2137598681
https://openalex.org/W2344646288
https://openalex.org/W2400845898
https://openalex.org/W2410025026
https://openalex.org/W3006460608
https://openalex.org/W3140079353
https://openalex.org/W1513672400
https://openalex.org/W1973037639
https://openalex.org/W1979232977
https://openalex.org/W1986595175
https://openalex.org/W2002816589
https://openalex.org/W2013707636
https://openalex.org/W2026950398
https://openalex.org/W2034328445
https://openalex.org/W2065742803
https://openalex.org/W2103770387
https://openalex.org/W2106140550
https://openalex.org/W2132748742
https://openalex.org/W2136564373
https://openalex.org/W2159090604
https://openalex.org/W2570322674
https://openalex.org/W2590974619
https://openalex.org/W1985516170
https://openalex.org/W1999679966
https://openalex.org/W2002999984
https://openalex.org/W2023450438
https://openalex.org/W2029772633
https://openalex.org/W2067727839
https://openalex.org/W2092093365
https://openalex.org/W2092802559
https://openalex.org/W2095502337
https://openalex.org/W2107788148
https://openalex.org/W2732019947
https://openalex.org/W2982023482
https://openalex.org/W2983615144
https://openalex.org/W106652504
https://openalex.org/W1798086108
https://openalex.org/W1987865093
https://openalex.org/W1990961804
https://openalex.org/W1996470985
https://openalex.org/W1998856552
https://openalex.org/W2001496953
https://openalex.org/W2036909714
https://openalex.org/W2060093750
https://openalex.org/W2061593344
https://openalex.org/W2080861942
https://openalex.org/W2133910411
https://openalex.org/W2613447946
https://openalex.org/W2791334620
https://openalex.org/W2794333295
https://openalex.org/W2917653139
https://openalex.org/W2976359726
https://openalex.org/W3016331487
https://openalex.org/W3093441411
https://openalex.org/W4246013104
https://openalex.org/W1576188308
https://openalex.org/W1838993423
https://openalex.org/W1964581289
https://openalex.org/W1971836022
https://openalex.org/W1974632104
https://openalex.org/W1976279947
https://openalex.org/W1976621773
https://openalex.org/W1977871151
https://openalex.org/W2068097351
https://openalex.org/W2082633234
https://openalex.org/W2111682064
https://openalex.org/W2125758114
https://openalex.org/W2137621153
https://openalex.org/W2171369879
https://openalex.org/W2931029954
https://openalex.org/W2950911060
https://openalex.org/W1486160083
https://openalex.org/W1982131310
https://openalex.org/W2003011683
https://openalex.org/W2003661956
https://openalex.org/W2010474017
https://openalex.org/W2033189057
https://openalex.org/W2097204237
https://openalex.org/W3131084679
https://openalex.org/W4248302016
https://openalex.org/W1539377698
https://openalex.org/W1635577552
https://openalex.org/W1979226281
https://openalex.org/W1995109037
https://openalex.org/W2003529418
https://openalex.org/W2013556112
https://openalex.org/W2039472910
https://openalex.org/W2047920744
https://openalex.org/W2056176535
https://openalex.org/W2066386421
https://openalex.org/W2071230686
https://openalex.org/W2080157683
https://openalex.org/W2093234869
https://openalex.org/W2100877046
https://openalex.org/W2104181250
https://openalex.org/W2129772301
https://openalex.org/W2153897742
https://openalex.org/W2154238406
https://openalex.org/W2527981952
https://openalex.org/W2536874256
https://openalex.org/W2566334651
https://openalex.org/W2738172692
https://openalex.org/W2807758186
https://openalex.org/W2810684928
https://openalex.org/W282792556
https://openalex.org/W3010043235
https://openalex.org/W177482341
https://openalex.org/W1964775132
https://openalex.org/W1997452729
https://openalex.org/W2005540437
https://openalex.org/W2010159830
https://openalex.org/W2015485204
https://openalex.org/W2024251553
https://openalex.org/W2028196840
https://openalex.org/W2030855553
https://openalex.org/W2034196917
https://openalex.org/W2042966968
https://openalex.org/W2043001319
https://openalex.org/W2052399889
https://openalex.org/W2054066112
https://openalex.org/W2061030541
https://openalex.org/W2067240704
https://openalex.org/W2068933440
https://openalex.org/W2082404943
https://openalex.org/W2115851423
https://openalex.org/W2117187477
https://openalex.org/W2136802150
https://openalex.org/W2212212063
https://openalex.org/W2332264896
https://openalex.org/W2610216114
https://openalex.org/W2730988512
https://openalex.org/W2760003682
https://openalex.org/W2886343458
https://openalex.org/W2930325348
https://openalex.org/W2988614273
https://openalex.org/W4233466090
https://openalex.org/W1903717870
https://openalex.org/W1986977187
https://openalex.org/W1990494750
https://openalex.org/W1997067212
https://openalex.org/W2035471404
https://openalex.org/W2049852334
https://openalex.org/W2051776690
https://openalex.org/W2073524733
https://openalex.org/W2091790782
https://openalex.org/W2093246152
https://openalex.org/W2124603569
https://openalex.org/W2164002943
https://openalex.org/W2213752838
https://openalex.org/W2300342417
https://openalex.org/W2416535628
https://openalex.org/W2888794253
https://openalex.org/W2905943205
https://openalex.org/W3011590291
https://openalex.org/W1996103825
https://openalex.org/W2012146645
https://openalex.org/W2032618008
https://openalex.org/W2042610207
https://openalex.org/W2055869642
https://openalex.org/W2063937474
https://openalex.org/W2070115555
https://openalex.org/W2090298033
https://openalex.org/W2119373943
https://openalex.org/W2133419784
https://openalex.org/W2404781142
https://openalex.org/W2548894639
https://openalex.org/W2730166026
https://openalex.org/W2740739957
https://openalex.org/W2793275367
https://openalex.org/W2803373009
https://openalex.org/W2806228667
https://openalex.org/W3004905429
https://openalex.org/W3129379232
https://openalex.org/W1975333408
https://openalex.org/W1977367901
https://openalex.org/W2007615343
https://openalex.org/W2029403234
https://openalex.org/W2034715758
https://openalex.org/W2080358319
https://openalex.org/W2086331029
https://openalex.org/W2219348897
https://openalex.org/W2523613653
https://openalex.org/W2554722645
https://openalex.org/W2784580002
https://openalex.org/W2904230171
https://openalex.org/W3023667710
https://openalex.org/W1879140326
https://openalex.org/W1960282491
https://openalex.org/W2008516975
https://openalex.org/W2010697666
https://openalex.org/W2022315231
https://openalex.org/W2034916295
https://openalex.org/W2054553380
https://openalex.org/W2086141607
https://openalex.org/W2090522195
https://openalex.org/W2111462054
https://openalex.org/W2121145259
https://openalex.org/W2210565445
https://openalex.org/W2573893366
https://openalex.org/W2807016938
https://openalex.org/W2884689957
https://openalex.org/W2955613471
https://openalex.org/W1974967147
https://openalex.org/W2009883871
https://openalex.org/W2034110043
https://openalex.org/W2053843303
https://openalex.org/W2061502878
https://openalex.org/W2078572774
https://openalex.org/W2086645298
https://openalex.org/W2094371551
https://openalex.org/W2112866885
https://openalex.org/W2156992575
https://openalex.org/W2612352274
https://openalex.org/W2759027646
https://openalex.org/W2790654028
https://openalex.org/W2794608553
https://openalex.org/W3183900226
https://openalex.org/W4245232861
https://openalex.org/W4250753306
https://openalex.org/W1866485577
https://openalex.org/W1922225561
https://openalex.org/W1974441211
https://openalex.org/W1991449133
https://openalex.org/W1998090351
https://openalex.org/W2037097428
https://openalex.org/W2051521004
https://openalex.org/W2062623730
https://openalex.org/W2067829463
https://openalex.org/W2090303497
https://openalex.org/W2145753520
https://openalex.org/W2154091874
https://openalex.org/W2167942293
https://openalex.org/W2993502056
https://openalex.org/W3086582093
https://openalex.org/W1575439062
https://openalex.org/W1965174812
https://openalex.org/W1974105243
https://openalex.org/W1978503545
https://openalex.org/W1999490055
https://openalex.org/W1999838950
https://openalex.org/W2006169494
https://openalex.org/W2009919173
https://openalex.org/W2043670145
https://openalex.org/W2056927405
https://openalex.org/W2062683082
https://openalex.org/W2064381188
https://openalex.org/W2075767891
https://openalex.org/W2094719995
https://openalex.org/W2096494767
https://openalex.org/W2141019311
https://openalex.org/W2553770469
https://openalex.org/W2748186614
https://openalex.org/W2951890702
https://openalex.org/W1479877015
https://openalex.org/W1481613176
https://openalex.org/W1942348651
https://openalex.org/W1968787398
https://openalex.org/W1973308636
https://openalex.org/W1981548489
https://openalex.org/W1991839861
https://openalex.org/W2006521287
https://openalex.org/W2026170767
https://openalex.org/W2036175922
https://openalex.org/W2062375866
https://openalex.org/W2307260941
https://openalex.org/W2515942283
https://openalex.org/W2550220385
https://openalex.org/W2551112461
https://openalex.org/W2570434905
https://openalex.org/W2614663163
https://openalex.org/W2752137634
https://openalex.org/W2768680787
https://openalex.org/W2990863130
https://openalex.org/W3025008328
https://openalex.org/W1994637450
https://openalex.org/W2006246511
https://openalex.org/W2021781530
https://openalex.org/W2030251063
https://openalex.org/W2055412139
https://openalex.org/W2067807427
https://openalex.org/W2083891344
https://openalex.org/W2084651965
https://openalex.org/W2124879860
https://openalex.org/W2158695866
https://openalex.org/W2161341196
https://openalex.org/W2169941269
https://openalex.org/W2462775103
https://openalex.org/W2473329018
https://openalex.org/W2594875669
https://openalex.org/W2604037316
https://openalex.org/W2783356668
https://openalex.org/W2810891287
https://openalex.org/W2952371172
https://openalex.org/W3049044249
https://openalex.org/W4289518097
https://openalex.org/W1966911665
https://openalex.org/W1971860123
https://openalex.org/W2005234897
https://openalex.org/W2026348275
https://openalex.org/W2034456562
https://openalex.org/W2043297863
https://openalex.org/W2047896233
https://openalex.org/W2053996502
https://openalex.org/W2057570462
https://openalex.org/W2130668074
https://openalex.org/W2166821995
https://openalex.org/W2201518078
https://openalex.org/W2409913296
https://openalex.org/W2518731152
https://openalex.org/W2592372416
https://openalex.org/W2754508804
https://openalex.org/W2793787177
https://openalex.org/W2887601754
https://openalex.org/W3025715850
https://openalex.org/W3164916866
https://openalex.org/W140383388
https://openalex.org/W1700934835
https://openalex.org/W1969598286
https://openalex.org/W1977992798
https://openalex.org/W1979320493
https://openalex.org/W1982834870
https://openalex.org/W1990706007
https://openalex.org/W1997306559
https://openalex.org/W2004263573
https://openalex.org/W2004952408
https://openalex.org/W2052995140
https://openalex.org/W2056562429
https://openalex.org/W2075054479
https://openalex.org/W2078477389
https://openalex.org/W2086704622
https://openalex.org/W2087969488
https://openalex.org/W2091426086
https://openalex.org/W2095142924
https://openalex.org/W2124350208
https://openalex.org/W2127623339
https://openalex.org/W2139308767
https://openalex.org/W2208169092
https://openalex.org/W2460713734
https://openalex.org/W2546822929
https://openalex.org/W2587742079
https://openalex.org/W2747234207
https://openalex.org/W2769257051
https://openalex.org/W2771262308
https://openalex.org/W2965381033
https://openalex.org/W3009290203
https://openalex.org/W536
https://openalex.org/W1980055566
https://openalex.org/W1986548189
https://openalex.org/W1993303828
https://openalex.org/W1995241961
https://openalex.org/W1998767597
https://openalex.org/W2002708946
https://openalex.org/W2004016814
https://openalex.org/W2011441841
https://openalex.org/W2015487159
https://openalex.org/W2016117127
https://openalex.org/W2027162332
https://openalex.org/W2045451217
https://openalex.org/W2063257064
https://openalex.org/W2097671063
https://openalex.org/W2112123930
https://openalex.org/W2114284740
https://openalex.org/W2115631722
https://openalex.org/W2135544671
https://openalex.org/W2136347383
https://openalex.org/W2143494829
https://openalex.org/W2312525218
https://openalex.org/W2462538238
https://openalex.org/W2468247336
https://openalex.org/W2784932091
https://openalex.org/W2896466576
https://openalex.org/W2964039990
https://openalex.org/W2993016191
https://openalex.org/W3050846452
https://openalex.org/W4254519174
https://openalex.org/W1687670048
https://openalex.org/W1841030038
https://openalex.org/W1966675373
https://openalex.org/W1970034372
https://openalex.org/W1974096566
https://openalex.org/W1993240606
https://openalex.org/W2000910572
https://openalex.org/W2012559949
https://openalex.org/W2023951929
https://openalex.org/W2043521205
https://openalex.org/W2048752755
https://openalex.org/W2053558089
https://openalex.org/W2085280412
https://openalex.org/W2090304906
https://openalex.org/W2104407078
https://openalex.org/W2105251346
https://openalex.org/W2112579849
https://openalex.org/W2117975025
https://openalex.org/W2164737082
https://openalex.org/W2183611570
https://openalex.org/W2331125214
https://openalex.org/W2403657936
https://openalex.org/W2585733824
https://openalex.org/W2588072924
https://openalex.org/W2590389170
https://openalex.org/W2592787336
https://openalex.org/W2799792463
https://openalex.org/W2808129286
https://openalex.org/W2888562908
https://openalex.org/W2904363732
https://openalex.org/W2998740927
https://openalex.org/W3180437170
https://openalex.org/W1504582177
https://openalex.org/W1966609359
https://openalex.org/W1966727565
https://openalex.org/W1977494470
https://openalex.org/W1978750384
https://openalex.org/W1986415025
https://openalex.org/W1991535947
https://openalex.org/W1992671913
https://openalex.org/W1996905266
https://openalex.org/W2007868391
https://openalex.org/W2013511592
https://openalex.org/W2036137877
https://openalex.org/W2063053208
https://openalex.org/W2063398712
https://openalex.org/W2094938145
https://openalex.org/W2113565154
https://openalex.org/W2119578147
https://openalex.org/W2120144009
https://openalex.org/W2120996774
https://openalex.org/W2139689572
https://openalex.org/W2142995110
https://openalex.org/W2154198074
https://openalex.org/W2163574914
https://openalex.org/W2269261949
https://openalex.org/W2327157349
https://openalex.org/W2517188734
https://openalex.org/W2731178758
https://openalex.org/W2893550869
https://openalex.org/W2923073373
https://openalex.org/W4212764582
https://openalex.org/W1964901386
https://openalex.org/W1985868709
https://openalex.org/W1996451449
https://openalex.org/W1996924502
https://openalex.org/W2005555970
https://openalex.org/W2007983436
https://openalex.org/W2059293792
https://openalex.org/W2062222051
https://openalex.org/W2094423599
https://openalex.org/W2107272803
https://openalex.org/W2122238391
https://openalex.org/W2163076024
https://openalex.org/W2171776227
https://openalex.org/W2289113446
https://openalex.org/W2399297811
https://openalex.org/W2467950684
https://openalex.org/W2749452041
https://openalex.org/W2774262886
https://openalex.org/W2794097745
https://openalex.org/W2807465386
https://openalex.org/W2999512819
https://openalex.org/W3033799893
https://openalex.org/W3126220937
https://openalex.org/W4206172090
https://openalex.org/W1479877533
https://openalex.org/W1605989887
https://openalex.org/W1692577198
https://openalex.org/W1828684746
https://openalex.org/W1976564294
https://openalex.org/W1977280089
https://openalex.org/W1986785095
https://openalex.org/W1994769231
https://openalex.org/W2010808589
https://openalex.org/W2026124606
https://openalex.org/W2031625876
https://openalex.org/W2041833410
https://openalex.org/W2054680807
https://openalex.org/W2060903165
https://openalex.org/W2064623948
https://openalex.org/W2079658894
https://openalex.org/W2080713885
https://openalex.org/W2092933936
https://openalex.org/W2110526809
https://openalex.org/W2154786153
https://openalex.org/W2162848622
https://openalex.org/W2247070571
https://openalex.org/W2472358435
https://openalex.org/W2478045093
https://openalex.org/W2599015692
https://openalex.org/W2608793137
https://openalex.org/W2624691646
https://openalex.org/W2775660367
https://openalex.org/W2789648427
https://openalex.org/W2793476264
https://openalex.org/W2805677885
https://openalex.org/W2900529645
https://openalex.org/W2902643568
https://openalex.org/W2909439988
https://openalex.org/W2915499168
https://openalex.org/W2982072778
https://openalex.org/W2986443058
https://openalex.org/W3015024443
https://openalex.org/W3035277491
https://openalex.org/W1505310622
https://openalex.org/W1963755000
https://openalex.org/W1989905033
https://openalex.org/W2017466282
https://openalex.org/W2029785007
https://openalex.org/W2042997571
https://openalex.org/W2060861125
https://openalex.org/W2061692347
https://openalex.org/W2062229379
https://openalex.org/W2070822442
https://openalex.org/W2074946941
https://openalex.org/W2079628276
https://openalex.org/W2093936218
https://openalex.org/W2110552450
https://openalex.org/W2133174862
https://openalex.org/W2134806910
https://openalex.org/W2136276234
https://openalex.org/W2145076911
https://openalex.org/W2146905699
https://openalex.org/W2169170322
https://openalex.org/W2411070449
https://openalex.org/W2480890493
https://openalex.org/W2532735620
https://openalex.org/W2558499107
https://openalex.org/W2768070465
https://openalex.org/W2782771041
https://openalex.org/W2804470428
https://openalex.org/W2914130339
https://openalex.org/W2924420916
https://openalex.org/W2937117517
https://openalex.org/W2944072581
https://openalex.org/W3001337194
https://openalex.org/W323227197
https://openalex.org/W4200531721
https://openalex.org/W4310722796
https://openalex.org/W1511989971
https://openalex.org/W1585419738
https://openalex.org/W1586751945
https://openalex.org/W1972304807
https://openalex.org/W1973493246
https://openalex.org/W1986343884
https://openalex.org/W1992880656
https://openalex.org/W1998930009
https://openalex.org/W2001692414
https://openalex.org/W2005619117
https://openalex.org/W2019514298
https://openalex.org/W2040590575
https://openalex.org/W2043053891
https://openalex.org/W2047788079
https://openalex.org/W2054862203
https://openalex.org/W2068380311
https://openalex.org/W2070802158
https://openalex.org/W2074044982
https://openalex.org/W2091496253
https://openalex.org/W2099131177
https://openalex.org/W2100680856
https://openalex.org/W2100814493
https://openalex.org/W2152448176
https://openalex.org/W2168437265
https://openalex.org/W2220306638
https://openalex.org/W2304723804
https://openalex.org/W2330528546
https://openalex.org/W2462430591
https://openalex.org/W2479105683
https://openalex.org/W2617745751
https://openalex.org/W2618333779
https://openalex.org/W2767531621
https://openalex.org/W2768123953
https://openalex.org/W2805260474
https://openalex.org/W2887481788
https://openalex.org/W2896883024
https://openalex.org/W2904436509
https://openalex.org/W2963475498
https://openalex.org/W3093674907
https://openalex.org/W4230900651
https://openalex.org/W1491738381
https://openalex.org/W187420315
https://openalex.org/W1971980052
https://openalex.org/W1977479734
https://openalex.org/W2014888165
https://openalex.org/W2020032727
https://openalex.org/W2032647430
https://openalex.org/W2035206519
https://openalex.org/W2064669559
https://openalex.org/W2089310928
https://openalex.org/W2113622867
https://openalex.org/W2114494275
https://openalex.org/W2119349702
https://openalex.org/W2135512312
https://openalex.org/W2165849065
https://openalex.org/W2170554272
https://openalex.org/W2290409013
https://openalex.org/W2461366847
https://openalex.org/W2473036559
https://openalex.org/W2743670510
https://openalex.org/W2792502433
https://openalex.org/W2809686697
https://openalex.org/W29727784
https://openalex.org/W2973372716
https://openalex.org/W3006628188
https://openalex.org/W3026363780
https://openalex.org/W3034371519
https://openalex.org/W4307439482
https://openalex.org/W1622713971
https://openalex.org/W1695922445
https://openalex.org/W1935056755
https://openalex.org/W1965084592
https://openalex.org/W1979209912
https://openalex.org/W1991544526
https://openalex.org/W2015717184
https://openalex.org/W2020159976
https://openalex.org/W2021904310
https://openalex.org/W2028364123
https://openalex.org/W2031915129
https://openalex.org/W2048594435
https://openalex.org/W2076255437
https://openalex.org/W2077857757
https://openalex.org/W2082386528
https://openalex.org/W2084965413
https://openalex.org/W2086361400
https://openalex.org/W2104079358
https://openalex.org/W2114259959
https://openalex.org/W2131024458
https://openalex.org/W2140212287
https://openalex.org/W2144765803
https://openalex.org/W2340111939
https://openalex.org/W2345473368
https://openalex.org/W2358694082
https://openalex.org/W2510171387
https://openalex.org/W2738732177
https://openalex.org/W2751269321
https://openalex.org/W2894444917
https://openalex.org/W2896432723
https://openalex.org/W2898612034
https://openalex.org/W2906212902
https://openalex.org/W2946046444
https://openalex.org/W2959220582
https://openalex.org/W3112276026
https://openalex.org/W3117791296
https://openalex.org/W3194659978
https://openalex.org/W1600879056
https://openalex.org/W1638044712
https://openalex.org/W1851448149
https://openalex.org/W1930355953
https://openalex.org/W1969385166
https://openalex.org/W1980162339
https://openalex.org/W1981436023
https://openalex.org/W1984032379
https://openalex.org/W1997515323
https://openalex.org/W1999328974
https://openalex.org/W2002862034
https://openalex.org/W2003573051
https://openalex.org/W2032646610
https://openalex.org/W2049324921
https://openalex.org/W2051023683
https://openalex.org/W2051361937
https://openalex.org/W2055040773
https://openalex.org/W2064541155
https://openalex.org/W2080057761
https://openalex.org/W2086171823
https://openalex.org/W2088683825
https://openalex.org/W2090066726
https://openalex.org/W2114279480
https://openalex.org/W2137703641
https://openalex.org/W2145984489
https://openalex.org/W2149426493
https://openalex.org/W2167465918
https://openalex.org/W2225730524
https://openalex.org/W2259457774
https://openalex.org/W2326014815
https://openalex.org/W2334185170
https://openalex.org/W2468156487
https://openalex.org/W2521156942
https://openalex.org/W2523464801
https://openalex.org/W2549381437
https://openalex.org/W2581037353
https://openalex.org/W2584133380
https://openalex.org/W2589186197
https://openalex.org/W2608668844
https://openalex.org/W2610788035
https://openalex.org/W2750225132
https://openalex.org/W2765437589
https://openalex.org/W2790898541
https://openalex.org/W2801819556
https://openalex.org/W2805843760
https://openalex.org/W2893525234
https://openalex.org/W2909242814
https://openalex.org/W2928059527
https://openalex.org/W2986939270
https://openalex.org/W3004036142
https://openalex.org/W3088311648
https://openalex.org/W3113006062
https://openalex.org/W3126351004
https://openalex.org/W4213015374
https://openalex.org/W4244850615
https://openalex.org/W796926221
https://openalex.org/W1974800038
https://openalex.org/W1981257061
https://openalex.org/W2011382187
https://openalex.org/W2029374230
https://openalex.org/W2029942279
https://openalex.org/W2044404542
https://openalex.org/W2048987621
https://openalex.org/W2062782913
https://openalex.org/W2063325205
https://openalex.org/W2078400128
https://openalex.org/W2078816289
https://openalex.org/W2090896629
https://openalex.org/W2107810071
https://openalex.org/W2112646512
https://openalex.org/W2114349464
https://openalex.org/W2122763459
https://openalex.org/W2124915959
https://openalex.org/W2130651699
https://openalex.org/W2154130283
https://openalex.org/W2171079950
https://openalex.org/W2172035906
https://openalex.org/W2173416225
https://openalex.org/W2203488568
https://openalex.org/W2214355900
https://openalex.org/W2297619248
https://openalex.org/W2314277084
https://openalex.org/W2364162979
https://openalex.org/W2417956360
https://openalex.org/W2561678146
https://openalex.org/W2582554405
https://openalex.org/W2588556261
https://openalex.org/W2610498192
https://openalex.org/W2751667215
https://openalex.org/W2841126813
https://openalex.org/W2897521722
https://openalex.org/W2908885611
https://openalex.org/W2944873096
https://openalex.org/W2969800562
https://openalex.org/W2972408717
https://openalex.org/W3112318632
https://openalex.org/W4238491747
https://openalex.org/W4281571843
https://openalex.org/W1507054081
https://openalex.org/W1530326733
https://openalex.org/W1907969129
https://openalex.org/W1912688236
https://openalex.org/W1968072196
https://openalex.org/W1976796544
https://openalex.org/W2000772383
https://openalex.org/W2002861401
https://openalex.org/W2007730186
https://openalex.org/W2031257416
https://openalex.org/W2033157183
https://openalex.org/W2037085418
https://openalex.org/W2046694066
https://openalex.org/W2047548566
https://openalex.org/W2053503176
https://openalex.org/W2070852256
https://openalex.org/W2086765773
https://openalex.org/W2106028173
https://openalex.org/W2111551736
https://openalex.org/W2128974393
https://openalex.org/W2131472892
https://openalex.org/W2137995155
https://openalex.org/W2320397584
https://openalex.org/W2339849988
https://openalex.org/W2469671029
https://openalex.org/W2583277120
https://openalex.org/W2602554878
https://openalex.org/W2602833841
https://openalex.org/W2612116075
https://openalex.org/W2740819707
https://openalex.org/W2742761357
https://openalex.org/W2766102833
https://openalex.org/W2794388788
https://openalex.org/W2796058762
https://openalex.org/W2885469602
https://openalex.org/W2899013850
https://openalex.org/W2947555510
https://openalex.org/W2952598871
https://openalex.org/W2954662453
https://openalex.org/W3112900229
https://openalex.org/W4245089164
https://openalex.org/W1575618103
https://openalex.org/W1969074711
https://openalex.org/W1991423409
https://openalex.org/W1994265582
https://openalex.org/W1996762341
https://openalex.org/W1997028411
https://openalex.org/W1997552339
https://openalex.org/W1997685824
https://openalex.org/W2007647552
https://openalex.org/W2008618055
https://openalex.org/W2011864495
https://openalex.org/W2014781684
https://openalex.org/W2020766228
https://openalex.org/W2029741135
https://openalex.org/W2042003215
https://openalex.org/W2056052054
https://openalex.org/W2062433229
https://openalex.org/W2072454083
https://openalex.org/W2072539170
https://openalex.org/W2076323121
https://openalex.org/W2076802361
https://openalex.org/W2081833392
https://openalex.org/W2087332248
https://openalex.org/W2093977574
https://openalex.org/W2095094887
https://openalex.org/W2095740705
https://openalex.org/W2128724855
https://openalex.org/W2131684214
https://openalex.org/W2139251852
https://openalex.org/W2291040448
https://openalex.org/W2319167575
https://openalex.org/W2319455371
https://openalex.org/W2329829233
https://openalex.org/W2330454940
https://openalex.org/W2339705926
https://openalex.org/W2340455677
https://openalex.org/W2412537938
https://openalex.org/W2467297561
https://openalex.org/W2468519240
https://openalex.org/W2557417091
https://openalex.org/W2768031378
https://openalex.org/W2768166797
https://openalex.org/W2769027443
https://openalex.org/W2774645430
https://openalex.org/W2886424368
https://openalex.org/W2900806643
https://openalex.org/W2900898983
https://openalex.org/W2981162274
https://openalex.org/W2999237904
https://openalex.org/W3004394978
https://openalex.org/W3006811035
https://openalex.org/W3097217443
https://openalex.org/W3139395251
https://openalex.org/W3182138840
https://openalex.org/W3184749711
https://openalex.org/W1155173656
https://openalex.org/W1486111604
https://openalex.org/W1595602434
https://openalex.org/W1968981528
https://openalex.org/W1987132739
https://openalex.org/W1990542679
https://openalex.org/W1996164668
https://openalex.org/W1997647914
https://openalex.org/W1999964580
https://openalex.org/W2000961029
https://openalex.org/W2016313153
https://openalex.org/W2019111604
https://openalex.org/W2021261922
https://openalex.org/W2028321445
https://openalex.org/W2033408605
https://openalex.org/W2040422643
https://openalex.org/W2060066491
https://openalex.org/W2072027346
https://openalex.org/W2072151980
https://openalex.org/W2079703471
https://openalex.org/W2084103678
https://openalex.org/W2087221291
https://openalex.org/W2091822839
https://openalex.org/W2101080388
https://openalex.org/W2109422720
https://openalex.org/W2120120459
https://openalex.org/W2165702890
https://openalex.org/W2167224095
https://openalex.org/W2295572219
https://openalex.org/W2311053442
https://openalex.org/W2318220214
https://openalex.org/W2522602384
https://openalex.org/W2559840642
https://openalex.org/W2561410926
https://openalex.org/W2595240655
https://openalex.org/W2615903623
https://openalex.org/W2746189163
https://openalex.org/W2769456224
https://openalex.org/W2793473024
https://openalex.org/W2912844070
https://openalex.org/W2916886131
https://openalex.org/W2939074087
https://openalex.org/W2948158245
https://openalex.org/W2955447017
https://openalex.org/W2986482653
https://openalex.org/W2990546883
https://openalex.org/W3007985435
https://openalex.org/W3042712550
https://openalex.org/W3126892017
https://openalex.org/W3127722144
https://openalex.org/W3130104841
https://openalex.org/W3136237625
https://openalex.org/W3177101250
https://openalex.org/W3190111329
https://openalex.org/W3205584737
https://openalex.org/W3212255565
https://openalex.org/W4205292336
https://openalex.org/W1533778931
https://openalex.org/W1565376213
https://openalex.org/W1776298239
https://openalex.org/W1841032353
https://openalex.org/W1922631220
https://openalex.org/W1969889305
https://openalex.org/W1995440021
https://openalex.org/W1999965285
https://openalex.org/W2018254257
https://openalex.org/W2023738060
https://openalex.org/W2037464235
https://openalex.org/W2040574636
https://openalex.org/W2042287050
https://openalex.org/W2044678110
https://openalex.org/W2057461965
https://openalex.org/W2059076937
https://openalex.org/W2061017884
https://openalex.org/W2067356142
https://openalex.org/W2078577024
https://openalex.org/W2096541179
https://openalex.org/W2101909401
https://openalex.org/W2111888375
https://openalex.org/W2121972315
https://openalex.org/W2125320530
https://openalex.org/W2135644827
https://openalex.org/W2146349571
https://openalex.org/W2146451358
https://openalex.org/W2146904242
https://openalex.org/W2150098536
https://openalex.org/W2154849370
https://openalex.org/W2155436973
https://openalex.org/W2171128946
https://openalex.org/W2171362453
https://openalex.org/W2205547765
https://openalex.org/W2333877325
https://openalex.org/W2404199137
https://openalex.org/W2514160497
https://openalex.org/W2561137467
https://openalex.org/W2581845649
https://openalex.org/W2761417437
https://openalex.org/W2767488155
https://openalex.org/W2794301434
https://openalex.org/W2897148866
https://openalex.org/W2967322216
https://openalex.org/W2968263687
https://openalex.org/W2968320581
https://openalex.org/W2976567474
https://openalex.org/W2999378334
https://openalex.org/W3010131991
https://openalex.org/W3082969211
https://openalex.org/W3098489170
https://openalex.org/W3127199534
https://openalex.org/W3137541902
https://openalex.org/W3173280938
https://openalex.org/W4200570286
https://openalex.org/W4205621369
https://openalex.org/W4232648417
https://openalex.org/W4280573206
https://openalex.org/W4293328559
https://openalex.org/W1487773734
https://openalex.org/W154730030
https://openalex.org/W171645150
https://openalex.org/W1945514620
https://openalex.org/W1966330720
https://openalex.org/W1966411497
https://openalex.org/W1969531789
https://openalex.org/W1972156169
https://openalex.org/W1988547217
https://openalex.org/W1991307750
https://openalex.org/W1994968955
https://openalex.org/W1997938710
https://openalex.org/W2011009531
https://openalex.org/W2029941529
https://openalex.org/W2036084896
https://openalex.org/W2037510190
https://openalex.org/W2044293870
https://openalex.org/W2046800680
https://openalex.org/W2047248181
https://openalex.org/W2063035040
https://openalex.org/W2066495579
https://openalex.org/W2077641825
https://openalex.org/W2078372836
https://openalex.org/W2080637610
https://openalex.org/W2085858170
https://openalex.org/W2087376748
https://openalex.org/W2091901995
https://openalex.org/W2110232948
https://openalex.org/W2116942657
https://openalex.org/W2129450325
https://openalex.org/W2138531005
https://openalex.org/W2138605609
https://openalex.org/W2152336957
https://openalex.org/W2196176564
https://openalex.org/W2265810125
https://openalex.org/W2284323274
https://openalex.org/W2291554401
https://openalex.org/W2316897227
https://openalex.org/W2330374151
https://openalex.org/W2337447567
https://openalex.org/W2522707445
https://openalex.org/W2579527034
https://openalex.org/W2595617774
https://openalex.org/W2598989222
https://openalex.org/W2603696763
https://openalex.org/W2612269892
https://openalex.org/W2750332717
https://openalex.org/W2792840849
https://openalex.org/W2796347822
https://openalex.org/W2801180598
https://openalex.org/W2911103390
https://openalex.org/W2946523017
https://openalex.org/W2992529889
https://openalex.org/W3004619884
https://openalex.org/W3007989385
https://openalex.org/W3032917879
https://openalex.org/W3092356421
https://openalex.org/W3119412487
https://openalex.org/W3135055887
https://openalex.org/W3185694878
https://openalex.org/W3199452447
https://openalex.org/W115561752
https://openalex.org/W1512393968
https://openalex.org/W1528065817
https://openalex.org/W1540074999
https://openalex.org/W163190881
https://openalex.org/W1969882459
https://openalex.org/W1978803032
https://openalex.org/W1982447168
https://openalex.org/W1998638907
https://openalex.org/W2016435184
https://openalex.org/W2019494431
https://openalex.org/W2033800744
https://openalex.org/W2043709063
https://openalex.org/W2044362429
https://openalex.org/W2052174492
https://openalex.org/W2053994663
https://openalex.org/W2056538344
https://openalex.org/W2065879564
https://openalex.org/W2072409760
https://openalex.org/W2077615798
https://openalex.org/W2081122451
https://openalex.org/W2081299246
https://openalex.org/W2097602187
https://openalex.org/W2098839677
https://openalex.org/W2112229749
https://openalex.org/W2115145243
https://openalex.org/W2116908108
https://openalex.org/W2135106519
https://openalex.org/W2135880638
https://openalex.org/W2147246121
https://openalex.org/W2151860078
https://openalex.org/W2160375669
https://openalex.org/W2408574195
https://openalex.org/W2519372484
https://openalex.org/W2529770109
https://openalex.org/W2536227753
https://openalex.org/W2558436058
https://openalex.org/W2565554782
https://openalex.org/W2586360735
https://openalex.org/W2744028661
https://openalex.org/W2765806123
https://openalex.org/W2785422391
https://openalex.org/W2790102549
https://openalex.org/W2805305780
https://openalex.org/W2885106879
https://openalex.org/W2888297169
https://openalex.org/W2917456234
https://openalex.org/W2959189391
https://openalex.org/W2971067477
https://openalex.org/W3005929386
https://openalex.org/W3007182353
https://openalex.org/W3010533250
https://openalex.org/W3095209760
https://openalex.org/W3203986310
https://openalex.org/W4206897106
https://openalex.org/W4214698029
https://openalex.org/W4231216066
https://openalex.org/W4239831550
https://openalex.org/W1482651777
https://openalex.org/W1596078989
https://openalex.org/W1923114812
https://openalex.org/W1927891540
https://openalex.org/W1970581729
https://openalex.org/W1978336046
https://openalex.org/W1984969335
https://openalex.org/W1985535763
https://openalex.org/W1986066579
https://openalex.org/W1988917910
https://openalex.org/W1989045659
https://openalex.org/W1991522295
https://openalex.org/W1991961798
https://openalex.org/W1994785942
https://openalex.org/W2006616678
https://openalex.org/W2009736005
https://openalex.org/W2033172078
https://openalex.org/W2033610975
https://openalex.org/W2038262057
https://openalex.org/W2041724372
https://openalex.org/W2048619948
https://openalex.org/W2054030672
https://openalex.org/W2066674943
https://openalex.org/W2080184237
https://openalex.org/W2084186464
https://openalex.org/W2087072159
https://openalex.org/W2092334153
https://openalex.org/W2112603778
https://openalex.org/W2124281366
https://openalex.org/W2133265335
https://openalex.org/W2143437486
https://openalex.org/W2171361428
https://openalex.org/W2234517502
https://openalex.org/W2245448591
https://openalex.org/W2268753576
https://openalex.org/W2337034139
https://openalex.org/W2408819870
https://openalex.org/W2411184196
https://openalex.org/W2415014237
https://openalex.org/W2423169088
https://openalex.org/W2504846979
https://openalex.org/W2511194730
https://openalex.org/W2545628123
https://openalex.org/W2556944998
https://openalex.org/W2753500541
https://openalex.org/W2784130987
https://openalex.org/W2800854396
https://openalex.org/W2802495352
https://openalex.org/W2805339717
https://openalex.org/W2889184772
https://openalex.org/W2904789385
https://openalex.org/W2908888994
https://openalex.org/W2911740054
https://openalex.org/W2944822412
https://openalex.org/W2974043260
https://openalex.org/W2982557247
https://openalex.org/W2985885471
https://openalex.org/W3011432456
https://openalex.org/W3034495174
https://openalex.org/W3036871514
https://openalex.org/W3038149435
https://openalex.org/W3045427463
https://openalex.org/W3091354973
https://openalex.org/W3093383282
https://openalex.org/W3096939722
https://openalex.org/W3111619490
https://openalex.org/W3171423063
https://openalex.org/W3174735528
https://openalex.org/W334729774
https://openalex.org/W4249275853
https://openalex.org/W4310206875
https://openalex.org/W970829409
https://openalex.org/W1489027801
https://openalex.org/W1597633822
https://openalex.org/W1823299936
https://openalex.org/W1965584247
https://openalex.org/W1969794968
https://openalex.org/W1979522367
https://openalex.org/W1982579475
https://openalex.org/W1987671925
https://openalex.org/W1990021674
https://openalex.org/W1990608286
https://openalex.org/W1990638426
https://openalex.org/W1995888130
https://openalex.org/W2013102156
https://openalex.org/W2013422247
https://openalex.org/W2028422348
https://openalex.org/W2051341879
https://openalex.org/W2061122425
https://openalex.org/W2094595835
https://openalex.org/W2116376990
https://openalex.org/W2118885644
https://openalex.org/W2124212811
https://openalex.org/W2135262415
https://openalex.org/W2137935063
https://openalex.org/W2139755295
https://openalex.org/W2155218954
https://openalex.org/W2157130211
https://openalex.org/W2419400943
https://openalex.org/W2488867741
https://openalex.org/W2521458339
https://openalex.org/W2522055672
https://openalex.org/W2555068909
https://openalex.org/W2571636442
https://openalex.org/W2740453188
https://openalex.org/W2752264578
https://openalex.org/W2761854982
https://openalex.org/W2762689187
https://openalex.org/W2769421298
https://openalex.org/W2780832997
https://openalex.org/W2782496877
https://openalex.org/W2887838805
https://openalex.org/W2889079775
https://openalex.org/W2909572269
https://openalex.org/W2911120995
https://openalex.org/W2914411430
https://openalex.org/W2950798951
https://openalex.org/W2985892337
https://openalex.org/W2990169331
https://openalex.org/W3006640223
https://openalex.org/W3012284573
https://openalex.org/W3031895854
https://openalex.org/W3095056029
https://openalex.org/W3120863460
https://openalex.org/W3129195018
https://openalex.org/W3135182119
https://openalex.org/W3144286385
https://openalex.org/W3177479904
https://openalex.org/W3193449187
https://openalex.org/W4226379841
https://openalex.org/W192016171
https://openalex.org/W1965647787
https://openalex.org/W1966672370
https://openalex.org/W1975457796
https://openalex.org/W1976371189
https://openalex.org/W1977864677
https://openalex.org/W1980295267
https://openalex.org/W1983401994
https://openalex.org/W1991249070
https://openalex.org/W1994681235
https://openalex.org/W1999542134
https://openalex.org/W2000672456
https://openalex.org/W2002373739
https://openalex.org/W2012726147
https://openalex.org/W2015935186
https://openalex.org/W2017698679
https://openalex.org/W2022221481
https://openalex.org/W2026376207
https://openalex.org/W2027559586
https://openalex.org/W2028724382
https://openalex.org/W2038591112
https://openalex.org/W2039965103
https://openalex.org/W2046255917
https://openalex.org/W2046480231
https://openalex.org/W2051398085
https://openalex.org/W2051835804
https://openalex.org/W2055443370
https://openalex.org/W2065208989
https://openalex.org/W2068228959
https://openalex.org/W2070530377
https://openalex.org/W2085370226
https://openalex.org/W2087231902
https://openalex.org/W2095107760
https://openalex.org/W2098393991
https://openalex.org/W2100084098
https://openalex.org/W2100172136
https://openalex.org/W2105404839
https://openalex.org/W2132351222
https://openalex.org/W2139069897
https://openalex.org/W2139926044
https://openalex.org/W2147832891
https://openalex.org/W2294005687
https://openalex.org/W2397530583
https://openalex.org/W2403424504
https://openalex.org/W2411291190
https://openalex.org/W2558310439
https://openalex.org/W2581734783
https://openalex.org/W2740295765
https://openalex.org/W2747568712
https://openalex.org/W2762962620
https://openalex.org/W2767298146
https://openalex.org/W2769193444
https://openalex.org/W2782894530
https://openalex.org/W2792289376
https://openalex.org/W2896570230
https://openalex.org/W2899529257
https://openalex.org/W2901174571
https://openalex.org/W2901297879
https://openalex.org/W2901720224
https://openalex.org/W2903393943
https://openalex.org/W2916980690
https://openalex.org/W2920933264
https://openalex.org/W2982027939
https://openalex.org/W2988123556
https://openalex.org/W2990524612
https://openalex.org/W2997663719
https://openalex.org/W3004534630
https://openalex.org/W3017119730
https://openalex.org/W3032985406
https://openalex.org/W3036501162
https://openalex.org/W3067196977
https://openalex.org/W3108360798
https://openalex.org/W3127754405
https://openalex.org/W3128974157
https://openalex.org/W3192610456
https://openalex.org/W3195406523
https://openalex.org/W3207933321
https://openalex.org/W4210567034
https://openalex.org/W4246988648
https://openalex.org/W4299701349
https://openalex.org/W4301893729
https://openalex.org/W1537675060
https://openalex.org/W1897629820
https://openalex.org/W1970017856
https://openalex.org/W1981814813
https://openalex.org/W2000338038
https://openalex.org/W2001241387
https://openalex.org/W2003046592
https://openalex.org/W2004694993
https://openalex.org/W2008932425
https://openalex.org/W2010150284
https://openalex.org/W2014461115
https://openalex.org/W2015165468
https://openalex.org/W2020589950
https://openalex.org/W2026269583
https://openalex.org/W2032935321
https://openalex.org/W2034013048
https://openalex.org/W2034962197
https://openalex.org/W2042883649
https://openalex.org/W2050170949
https://openalex.org/W2057576828
https://openalex.org/W2058313125
https://openalex.org/W2067826687
https://openalex.org/W2068160721
https://openalex.org/W2085699792
https://openalex.org/W2093941681
https://openalex.org/W2095508789
https://openalex.org/W2145912453
https://openalex.org/W2149075930
https://openalex.org/W2155950618
https://openalex.org/W2161004027
https://openalex.org/W2161820915
https://openalex.org/W2262604514
https://openalex.org/W2289525417
https://openalex.org/W2337522553
https://openalex.org/W2338981927
https://openalex.org/W2340319443
https://openalex.org/W2341188857
https://openalex.org/W2518353925
https://openalex.org/W2521865283
https://openalex.org/W2556133911
https://openalex.org/W2623009295
https://openalex.org/W2749840013
https://openalex.org/W2755042304
https://openalex.org/W2765561657
https://openalex.org/W2891054583
https://openalex.org/W2891145866
https://openalex.org/W2906593353
https://openalex.org/W2940662275
https://openalex.org/W2942622378
https://openalex.org/W2964148126
https://openalex.org/W2990542087
https://openalex.org/W2992780526
https://openalex.org/W2998936827
https://openalex.org/W3017118831
https://openalex.org/W3026398804
https://openalex.org/W3040531955
https://openalex.org/W3043336843
https://openalex.org/W3094374669
https://openalex.org/W3095494752
https://openalex.org/W3107285918
https://openalex.org/W3135063427
https://openalex.org/W3157079598
https://openalex.org/W3158786760
https://openalex.org/W3199596306
https://openalex.org/W3217016447
https://openalex.org/W344777573
https://openalex.org/W4205500930
https://openalex.org/W4210355862
https://openalex.org/W4210429075
https://openalex.org/W4214871554
https://openalex.org/W4225862437
https://openalex.org/W4286999
https://openalex.org/W4288685222
https://openalex.org/W4313485351
https://openalex.org/W4320507048
https://openalex.org/W746309827
https://openalex.org/W1504248231
https://openalex.org/W1536430116
https://openalex.org/W1568678014
https://openalex.org/W1964234414
https://openalex.org/W1966350672
https://openalex.org/W1977145618
https://openalex.org/W1980224561
https://openalex.org/W1982563753
https://openalex.org/W1983315607
https://openalex.org/W1989304300
https://openalex.org/W1992668639
https://openalex.org/W1994541564
https://openalex.org/W1997165172
https://openalex.org/W1998552505
https://openalex.org/W2002931152
https://openalex.org/W2024069992
https://openalex.org/W2024180890
https://openalex.org/W2027303748
https://openalex.org/W2028870679
https://openalex.org/W2034566040
https://openalex.org/W2044308343
https://openalex.org/W2051673497
https://openalex.org/W2058112903
https://openalex.org/W2059715918
https://openalex.org/W2072618645
https://openalex.org/W2092216311
https://openalex.org/W2113726012
https://openalex.org/W2113751114
https://openalex.org/W2116858157
https://openalex.org/W2120386764
https://openalex.org/W2127759845
https://openalex.org/W2136943691
https://openalex.org/W2144754113
https://openalex.org/W2155688839
https://openalex.org/W2171511559
https://openalex.org/W2173436275
https://openalex.org/W2225267237
https://openalex.org/W2324859732
https://openalex.org/W2326926764
https://openalex.org/W2338997565
https://openalex.org/W2343637252
https://openalex.org/W2397483751
https://openalex.org/W2443681988
https://openalex.org/W2480587078
https://openalex.org/W2538265913
https://openalex.org/W2557004607
https://openalex.org/W2558992773
https://openalex.org/W2580084838
https://openalex.org/W2744295891
https://openalex.org/W2766997368
https://openalex.org/W2767136977
https://openalex.org/W2793373037
https://openalex.org/W2830475325
https://openalex.org/W2878302043
https://openalex.org/W2890774991
https://openalex.org/W2900541358
https://openalex.org/W2903903707
https://openalex.org/W2907763319
https://openalex.org/W2908319500
https://openalex.org/W2952478174
https://openalex.org/W2965539257
https://openalex.org/W2966367257
https://openalex.org/W2972325112
https://openalex.org/W298256459
https://openalex.org/W2982701453
https://openalex.org/W2995035456
https://openalex.org/W3004976841
https://openalex.org/W3010228402
https://openalex.org/W3015378787
https://openalex.org/W3033635845
https://openalex.org/W3040560574
https://openalex.org/W3092210409
https://openalex.org/W3104862103
https://openalex.org/W3105169204
https://openalex.org/W3118931694
https://openalex.org/W3120130710
https://openalex.org/W3123446466
https://openalex.org/W3141877896
https://openalex.org/W3163437532
https://openalex.org/W3165220591
https://openalex.org/W3186400228
https://openalex.org/W3194049701
https://openalex.org/W3195637702
https://openalex.org/W3204220678
https://openalex.org/W3213023764
https://openalex.org/W3214141713
https://openalex.org/W3216915675
https://openalex.org/W4244003195
https://openalex.org/W4244459130
https://openalex.org/W4282927749
https://openalex.org/W4296520302
https://openalex.org/W4303645111
https://openalex.org/W4307092407
https://openalex.org/W4308968845
https://openalex.org/W4318562420
https://openalex.org/W4322487493
https://openalex.org/W1255073662
https://openalex.org/W1496099156
https://openalex.org/W1560635557
https://openalex.org/W1965605024
https://openalex.org/W1967459365
https://openalex.org/W1970726986
https://openalex.org/W1975392582
https://openalex.org/W1988771510
https://openalex.org/W1988932891
https://openalex.org/W1989307609
https://openalex.org/W1990604179
https://openalex.org/W1991314318
https://openalex.org/W1991782724
https://openalex.org/W1996525890
https://openalex.org/W2000810595
https://openalex.org/W2001610658
https://openalex.org/W2003953650
https://openalex.org/W2006426040
https://openalex.org/W2012480767
https://openalex.org/W2015024151
https://openalex.org/W2019910285
https://openalex.org/W2025428690
https://openalex.org/W2027906190
https://openalex.org/W2038422839
https://openalex.org/W2048041343
https://openalex.org/W2054324005
https://openalex.org/W2054645523
https://openalex.org/W2057427692
https://openalex.org/W2068611459
https://openalex.org/W2075290347
https://openalex.org/W2082844074
https://openalex.org/W2088009542
https://openalex.org/W2094450511
https://openalex.org/W2099024333
https://openalex.org/W2110457621
https://openalex.org/W2112612245
https://openalex.org/W2125341974
https://openalex.org/W2131718487
https://openalex.org/W2131858243
https://openalex.org/W2139718201
https://openalex.org/W2151742724
https://openalex.org/W2247854531
https://openalex.org/W2280278134
https://openalex.org/W2280414564
https://openalex.org/W2285004853
https://openalex.org/W2299617485
https://openalex.org/W2301455684
https://openalex.org/W2311659923
https://openalex.org/W2313752379
https://openalex.org/W2327728919
https://openalex.org/W2359527355
https://openalex.org/W2394660815
https://openalex.org/W2405965439
https://openalex.org/W2418344507
https://openalex.org/W2470385889
https://openalex.org/W2482987107
https://openalex.org/W2559945374
https://openalex.org/W2563924939
https://openalex.org/W2605307430
https://openalex.org/W2613071236
https://openalex.org/W2749800057
https://openalex.org/W2756027065
https://openalex.org/W2764171067
https://openalex.org/W2792226595
https://openalex.org/W2793779719
https://openalex.org/W2806634942
https://openalex.org/W2819068338
https://openalex.org/W2892375026
https://openalex.org/W2892508846
https://openalex.org/W2901238093
https://openalex.org/W2904437501
https://openalex.org/W2943567143
https://openalex.org/W2946412491
https://openalex.org/W2968414151
https://openalex.org/W2979004027
https://openalex.org/W3007142434
https://openalex.org/W3007863837
https://openalex.org/W3014078954
https://openalex.org/W3020917982
https://openalex.org/W3047301399
https://openalex.org/W3089756171
https://openalex.org/W3119054855
https://openalex.org/W3132513762
https://openalex.org/W3158290655
https://openalex.org/W3160158583
https://openalex.org/W3197956871
https://openalex.org/W3202591966
https://openalex.org/W3211465080
https://openalex.org/W4213197501
https://openalex.org/W4226373681
https://openalex.org/W4243970113
https://openalex.org/W4249110183
https://openalex.org/W4298087368
https://openalex.org/W592224658
https://openalex.org/W64470638
https://openalex.org/W1504886943
https://openalex.org/W1519240165
https://openalex.org/W1544917550
https://openalex.org/W1551840892
https://openalex.org/W1572543248
https://openalex.org/W1575279814
https://openalex.org/W167279356
https://openalex.org/W1914941213
https://openalex.org/W1965428739
https://openalex.org/W1982258605
https://openalex.org/W1983406655
https://openalex.org/W1985596823
https://openalex.org/W1994471915
https://openalex.org/W2004429211
https://openalex.org/W2007161516
https://openalex.org/W2012247680
https://openalex.org/W2012784575
https://openalex.org/W2015603706
https://openalex.org/W2021131978
https://openalex.org/W2029648123
https://openalex.org/W2047242384
https://openalex.org/W2056781616
https://openalex.org/W2056927788
https://openalex.org/W2060323406
https://openalex.org/W2063173593
https://openalex.org/W2078330522
https://openalex.org/W2090878460
https://openalex.org/W2114390984
https://openalex.org/W2119838968
https://openalex.org/W2122396743
https://openalex.org/W2126085525
https://openalex.org/W2128545625
https://openalex.org/W2143342277
https://openalex.org/W2149158191
https://openalex.org/W2151598657
https://openalex.org/W2163725486
https://openalex.org/W2165323610
https://openalex.org/W2165450983
https://openalex.org/W2209678821
https://openalex.org/W2275222991
https://openalex.org/W2284126302
https://openalex.org/W2288039881
https://openalex.org/W2315305628
https://openalex.org/W2317980083
https://openalex.org/W2322457849
https://openalex.org/W2330903015
https://openalex.org/W2344200526
https://openalex.org/W2347156152
https://openalex.org/W2398805486
https://openalex.org/W2407439115
https://openalex.org/W2411195514
https://openalex.org/W2496099966
https://openalex.org/W2499039806
https://openalex.org/W2527151655
https://openalex.org/W2554579048
https://openalex.org/W2561297009
https://openalex.org/W2562375629
https://openalex.org/W2579052236
https://openalex.org/W2612064579
https://openalex.org/W2615001694
https://openalex.org/W2628746672
https://openalex.org/W2734764855
https://openalex.org/W2737155240
https://openalex.org/W2752790985
https://openalex.org/W2753449435
https://openalex.org/W2806155022
https://openalex.org/W2806676574
https://openalex.org/W2896649141
https://openalex.org/W2900579131
https://openalex.org/W2936802575
https://openalex.org/W2946178180
https://openalex.org/W2948028886
https://openalex.org/W2980269705
https://openalex.org/W2989617921
https://openalex.org/W3002565453
https://openalex.org/W3013700374
https://openalex.org/W3022471487
https://openalex.org/W3027659101
https://openalex.org/W3038340116
https://openalex.org/W3041611887
https://openalex.org/W3048568236
https://openalex.org/W3048899145
https://openalex.org/W3089808481
https://openalex.org/W3096312838
https://openalex.org/W3127269509
https://openalex.org/W3136427716
https://openalex.org/W3165929418
https://openalex.org/W3176709251
https://openalex.org/W3185563697
https://openalex.org/W3189448984
https://openalex.org/W4246484817
https://openalex.org/W44237096
https://openalex.org/W66136179
https://openalex.org/W74341758
https://openalex.org/W1247078760
https://openalex.org/W1501432340
https://openalex.org/W1518500255
https://openalex.org/W1540915336
https://openalex.org/W1671802902
https://openalex.org/W1967955616
https://openalex.org/W1969744182
https://openalex.org/W1971642465
https://openalex.org/W1974006429
https://openalex.org/W1974472021
https://openalex.org/W1974816732
https://openalex.org/W1975320320
https://openalex.org/W1975870927
https://openalex.org/W1976065193
https://openalex.org/W1978885193
https://openalex.org/W1981888174
https://openalex.org/W1981898525
https://openalex.org/W1985295516
https://openalex.org/W1987026272
https://openalex.org/W1991394352
https://openalex.org/W1991476845
https://openalex.org/W1993946892
https://openalex.org/W1998413999
https://openalex.org/W1999010822
https://openalex.org/W1999086193
https://openalex.org/W2001046195
https://openalex.org/W2007309886
https://openalex.org/W2020540780
https://openalex.org/W2027791845
https://openalex.org/W2030505743
https://openalex.org/W2031916504
https://openalex.org/W2043882897
https://openalex.org/W2045566688
https://openalex.org/W2047493827
https://openalex.org/W2051582041
https://openalex.org/W2051603169
https://openalex.org/W2058505553
https://openalex.org/W2062903183
https://openalex.org/W2063818783
https://openalex.org/W2066207947
https://openalex.org/W2076030915
https://openalex.org/W2095154238
https://openalex.org/W2096279639
https://openalex.org/W2096320787
https://openalex.org/W2104806901
https://openalex.org/W2113155623
https://openalex.org/W2117221775
https://openalex.org/W2118859025
https://openalex.org/W2139411946
https://openalex.org/W2152717512
https://openalex.org/W2183929202
https://openalex.org/W2208504512
https://openalex.org/W2217380904
https://openalex.org/W2261073378
https://openalex.org/W2318014820
https://openalex.org/W2413664345
https://openalex.org/W2510290281
https://openalex.org/W2517820473
https://openalex.org/W2555227196
https://openalex.org/W2592285101
https://openalex.org/W2611484558
https://openalex.org/W2612728990
https://openalex.org/W2729943439
https://openalex.org/W2731255971
https://openalex.org/W2749231018
https://openalex.org/W2806630026
https://openalex.org/W2889924007
https://openalex.org/W2898507223
https://openalex.org/W2899999524
https://openalex.org/W2913035206
https://openalex.org/W2913041653
https://openalex.org/W2923395599
https://openalex.org/W2941974381
https://openalex.org/W2967934191
https://openalex.org/W2973030894
https://openalex.org/W3001323735
https://openalex.org/W3005553883
https://openalex.org/W3014011503
https://openalex.org/W3014338335
https://openalex.org/W3022819535
https://openalex.org/W3025290902
https://openalex.org/W3036216739
https://openalex.org/W3040614544
https://openalex.org/W3092325219
https://openalex.org/W3098700753
https://openalex.org/W3106676101
https://openalex.org/W3111346108
https://openalex.org/W3119921033
https://openalex.org/W3128507908
https://openalex.org/W3134314288
https://openalex.org/W3137072574
https://openalex.org/W3154003805
https://openalex.org/W3174438470
https://openalex.org/W3197102325
https://openalex.org/W3210144535
https://openalex.org/W3213629734
https://openalex.org/W3214779010
https://openalex.org/W4200076655
https://openalex.org/W4205987205
https://openalex.org/W4206767181
https://openalex.org/W4210727143
https://openalex.org/W4210857824
https://openalex.org/W4213360068
https://openalex.org/W4223566123
https://openalex.org/W4225145415
https://openalex.org/W4225257443
https://openalex.org/W4239942277
https://openalex.org/W4252009788
https://openalex.org/W4285027568
https://openalex.org/W4296200483
https://openalex.org/W4311455436
https://openalex.org/W4312160084
https://openalex.org/W4321792893
https://openalex.org/W4365150195
https://openalex.org/W63974792
https://openalex.org/W100348016
https://openalex.org/W1096350929
https://openalex.org/W111276933
https://openalex.org/W1490811843
https://openalex.org/W1532649820
https://openalex.org/W1577446030
https://openalex.org/W1589395081
https://openalex.org/W1868492500
https://openalex.org/W1965732217
https://openalex.org/W1976583024
https://openalex.org/W1985153512
https://openalex.org/W1990298004
https://openalex.org/W1994637182
https://openalex.org/W1996533505
https://openalex.org/W1998841443
https://openalex.org/W1999231571
https://openalex.org/W2003801161
https://openalex.org/W2004183803
https://openalex.org/W2005557438
https://openalex.org/W2007381889
https://openalex.org/W2012480321
https://openalex.org/W2012925938
https://openalex.org/W2013499977
https://openalex.org/W2017381558
https://openalex.org/W2020741637
https://openalex.org/W2026653783
https://openalex.org/W2030002047
https://openalex.org/W2037408810
https://openalex.org/W2046745130
https://openalex.org/W2048588365
https://openalex.org/W2050102377
https://openalex.org/W2050792816
https://openalex.org/W2054964004
https://openalex.org/W2055318782
https://openalex.org/W2055524795
https://openalex.org/W2058745145
https://openalex.org/W2067527384
https://openalex.org/W2069458799
https://openalex.org/W2072705656
https://openalex.org/W2077300318
https://openalex.org/W2086079080
https://openalex.org/W2099437125
https://openalex.org/W2099832670
https://openalex.org/W2112672493
https://openalex.org/W2122690255
https://openalex.org/W2123386541
https://openalex.org/W2145172169
https://openalex.org/W2147744929
https://openalex.org/W2148911101
https://openalex.org/W2150612096
https://openalex.org/W2163428948
https://openalex.org/W2167801604
https://openalex.org/W2170488268
https://openalex.org/W2206855210
https://openalex.org/W2245606797
https://openalex.org/W2289719948
https://openalex.org/W2294275150
https://openalex.org/W2295454423
https://openalex.org/W2301207416
https://openalex.org/W2326072722
https://openalex.org/W2349108547
https://openalex.org/W2401763459
https://openalex.org/W2404084198
https://openalex.org/W2405577186
https://openalex.org/W2406835278
https://openalex.org/W2410108711
https://openalex.org/W2486150000
https://openalex.org/W2508214532
https://openalex.org/W2542130455
https://openalex.org/W2584198347
https://openalex.org/W2622146543
https://openalex.org/W2735280805
https://openalex.org/W2736594611
https://openalex.org/W2748397953
https://openalex.org/W2761454137
https://openalex.org/W2761947439
https://openalex.org/W2767491083
https://openalex.org/W2779482593
https://openalex.org/W2792650224
https://openalex.org/W2887103025
https://openalex.org/W2888690616
https://openalex.org/W2897348340
https://openalex.org/W2907086985
https://openalex.org/W2910567944
https://openalex.org/W2915807096
https://openalex.org/W2923806240
https://openalex.org/W2943331055
https://openalex.org/W2944137951
https://openalex.org/W2945814586
https://openalex.org/W2955486108
https://openalex.org/W2972223200
https://openalex.org/W2996590333
https://openalex.org/W3003742032
https://openalex.org/W3010713432
https://openalex.org/W3029399525
https://openalex.org/W3040642606
https://openalex.org/W3044891346
https://openalex.org/W3046328020
https://openalex.org/W3083020399
https://openalex.org/W3083940752
https://openalex.org/W3101082209
https://openalex.org/W3120742198
https://openalex.org/W3120953125
https://openalex.org/W3124824111
https://openalex.org/W3127356583
https://openalex.org/W3135434912
https://openalex.org/W3136695917
https://openalex.org/W3139292272
https://openalex.org/W3157866679
https://openalex.org/W3164666394
https://openalex.org/W3167675696
https://openalex.org/W3173730317
https://openalex.org/W3196540487
https://openalex.org/W3200641170
https://openalex.org/W3201555502
https://openalex.org/W3205509490
https://openalex.org/W4200467427
https://openalex.org/W4206408409
https://openalex.org/W4206660657
https://openalex.org/W4206757796
https://openalex.org/W4212798682
https://openalex.org/W4213149412
https://openalex.org/W4214639625
https://openalex.org/W4244149749
https://openalex.org/W4283211104
https://openalex.org/W4291000118
https://openalex.org/W4313443367
https://openalex.org/W644336517
https://openalex.org/W134140311
https://openalex.org/W1493703448
https://openalex.org/W1555183528
https://openalex.org/W1583019077
https://openalex.org/W1832937220
https://openalex.org/W183798284
https://openalex.org/W1870548
https://openalex.org/W1894620065
https://openalex.org/W1971256341
https://openalex.org/W1978685117
https://openalex.org/W1984876974
https://openalex.org/W1987359914
https://openalex.org/W1991308547
https://openalex.org/W1991671361
https://openalex.org/W2000924729
https://openalex.org/W2012232823
https://openalex.org/W2012275300
https://openalex.org/W2015557395
https://openalex.org/W2018802670
https://openalex.org/W2021693746
https://openalex.org/W2028650268
https://openalex.org/W2036149880
https://openalex.org/W2041217478
https://openalex.org/W2044487650
https://openalex.org/W2051444576
https://openalex.org/W2052036521
https://openalex.org/W2061509120
https://openalex.org/W2064893566
https://openalex.org/W2066799249
https://openalex.org/W2076288048
https://openalex.org/W2081511677
https://openalex.org/W2085502167
https://openalex.org/W2088897973
https://openalex.org/W2095127897
https://openalex.org/W2097697408
https://openalex.org/W2100698672
https://openalex.org/W2101553620
https://openalex.org/W2104010140
https://openalex.org/W2109085847
https://openalex.org/W2127197640
https://openalex.org/W2131701429
https://openalex.org/W2135163670
https://openalex.org/W2138364392
https://openalex.org/W2142218058
https://openalex.org/W2146503009
https://openalex.org/W2147290044
https://openalex.org/W2149643546
https://openalex.org/W2153907847
https://openalex.org/W2157476085
https://openalex.org/W2169611372
https://openalex.org/W2185074221
https://openalex.org/W2186666611
https://openalex.org/W2211928208
https://openalex.org/W2213628473
https://openalex.org/W2225930235
https://openalex.org/W2268907385
https://openalex.org/W2282682766
https://openalex.org/W2312672292
https://openalex.org/W2314081929
https://openalex.org/W2315019332
https://openalex.org/W2318611426
https://openalex.org/W2321780871
https://openalex.org/W2323157151
https://openalex.org/W2365126231
https://openalex.org/W2366909540
https://openalex.org/W2389935002
https://openalex.org/W2397167161
https://openalex.org/W2408058704
https://openalex.org/W2412219282
https://openalex.org/W2412536122
https://openalex.org/W2414761513
https://openalex.org/W2415221569
https://openalex.org/W2417191910
https://openalex.org/W2418744902
https://openalex.org/W2438213026
https://openalex.org/W2461398651
https://openalex.org/W2471338847
https://openalex.org/W2494605390
https://openalex.org/W2497877593
https://openalex.org/W2533190551
https://openalex.org/W2546743916
https://openalex.org/W2556080530
https://openalex.org/W2557569155
https://openalex.org/W2562939123
https://openalex.org/W2581228728
https://openalex.org/W2586664797
https://openalex.org/W2739125158
https://openalex.org/W2751995186
https://openalex.org/W2756648960
https://openalex.org/W2765687619
https://openalex.org/W2765830011
https://openalex.org/W2789942148
https://openalex.org/W2792838710
https://openalex.org/W2797540076
https://openalex.org/W2800503931
https://openalex.org/W2811292090
https://openalex.org/W2885107092
https://openalex.org/W2891459804
https://openalex.org/W2897211676
https://openalex.org/W2912681247
https://openalex.org/W2919447934
https://openalex.org/W2923646627
https://openalex.org/W2930650963
https://openalex.org/W2941076068
https://openalex.org/W2944185846
https://openalex.org/W2953671531
https://openalex.org/W2955285492
https://openalex.org/W2955406160
https://openalex.org/W2959851497
https://openalex.org/W2961820083
https://openalex.org/W2963687739
https://openalex.org/W2963829393
https://openalex.org/W2976726858
https://openalex.org/W2982615777
https://openalex.org/W2983590384
https://openalex.org/W2999450654
https://openalex.org/W3007834632
https://openalex.org/W3015034291
https://openalex.org/W3015184249
https://openalex.org/W3024875695
https://openalex.org/W3027071396
https://openalex.org/W3033361326
https://openalex.org/W3036665441
https://openalex.org/W3039604736
https://openalex.org/W3040249199
https://openalex.org/W3046416900
https://openalex.org/W3046780982
https://openalex.org/W3048956132
https://openalex.org/W3080385585
https://openalex.org/W3083724740
https://openalex.org/W3088550404
https://openalex.org/W3095673416
https://openalex.org/W3097058238
https://openalex.org/W3098079471
https://openalex.org/W3100657182
https://openalex.org/W3106423475
https://openalex.org/W3110667535
https://openalex.org/W3111141500
https://openalex.org/W3124525008
https://openalex.org/W3126238075
https://openalex.org/W3131462831
https://openalex.org/W3134442405
https://openalex.org/W3135621181
https://openalex.org/W3135874593
https://openalex.org/W3136611438
https://openalex.org/W3159403502
https://openalex.org/W3163987626
https://openalex.org/W3191334835
https://openalex.org/W3196761984
https://openalex.org/W3197020533
https://openalex.org/W3198956926
https://openalex.org/W3201200524
https://openalex.org/W3202574291
https://openalex.org/W3203810313
https://openalex.org/W3207320104
https://openalex.org/W3209780627
https://openalex.org/W3211491732
https://openalex.org/W3213196426
https://openalex.org/W3216031289
https://openalex.org/W342721193
https://openalex.org/W4200507160
https://openalex.org/W4210394184
https://openalex.org/W4210402076
https://openalex.org/W4210516015
https://openalex.org/W4211041048
https://openalex.org/W4223931669
https://openalex.org/W4224273329
https://openalex.org/W4225384965
https://openalex.org/W4225392258
https://openalex.org/W4226050389
https://openalex.org/W4226092132
https://openalex.org/W4226453014
https://openalex.org/W4234285775
https://openalex.org/W4235444462
https://openalex.org/W4235981116
https://openalex.org/W4236257887
https://openalex.org/W4236614295
https://openalex.org/W4253594015
https://openalex.org/W4255698734
https://openalex.org/W4280586356
https://openalex.org/W4281657868
https://openalex.org/W4294771192
https://openalex.org/W4309314344
https://openalex.org/W4309859140
https://openalex.org/W4311358337
https://openalex.org/W4313263671
https://openalex.org/W4318039799
https://openalex.org/W4319015117
https://openalex.org/W4323652227
https://openalex.org/W4382062721
https://openalex.org/W62917366
https://openalex.org/W98489144
https://openalex.org/W1439665129
https://openalex.org/W145477958
https://openalex.org/W1517385319
https://openalex.org/W1524156611
https://openalex.org/W1525437993
https://openalex.org/W1545312282
https://openalex.org/W1547292980
https://openalex.org/W1576202598
https://openalex.org/W1603272238
https://openalex.org/W179471745
https://openalex.org/W1804128151
https://openalex.org/W1810728669
https://openalex.org/W181463030
https://openalex.org/W1942368235
https://openalex.org/W1965363495
https://openalex.org/W1967652597
https://openalex.org/W1968771907
https://openalex.org/W1972318628
https://openalex.org/W1980616625
https://openalex.org/W1981263281
https://openalex.org/W1991324573
https://openalex.org/W1991809668
https://openalex.org/W1998528583
https://openalex.org/W2009775749
https://openalex.org/W2010879116
https://openalex.org/W2013094924
https://openalex.org/W2017464948
https://openalex.org/W2018838630
https://openalex.org/W2028371565
https://openalex.org/W2031886245
https://openalex.org/W2034541632
https://openalex.org/W2039063124
https://openalex.org/W2039468698
https://openalex.org/W2039529436
https://openalex.org/W2052297289
https://openalex.org/W2062107042
https://openalex.org/W2062455231
https://openalex.org/W2065330010
https://openalex.org/W2070451505
https://openalex.org/W2078765108
https://openalex.org/W2082997194
https://openalex.org/W2084314965
https://openalex.org/W2093367664
https://openalex.org/W2093679170
https://openalex.org/W2104063666
https://openalex.org/W2105176014
https://openalex.org/W2115950695
https://openalex.org/W2134128007
https://openalex.org/W2155197268
https://openalex.org/W2158653880
https://openalex.org/W2159428387
https://openalex.org/W2226726095
https://openalex.org/W2232794327
https://openalex.org/W2233968050
https://openalex.org/W2275750192
https://openalex.org/W2290514324
https://openalex.org/W2303806432
https://openalex.org/W2304565087
https://openalex.org/W2309057022
https://openalex.org/W2311226163
https://openalex.org/W2313662856
https://openalex.org/W2319727073
https://openalex.org/W2321547898
https://openalex.org/W2323706359
https://openalex.org/W2327507187
https://openalex.org/W2330547411
https://openalex.org/W2332313428
https://openalex.org/W2341272749
https://openalex.org/W2364147151
https://openalex.org/W2394737904
https://openalex.org/W2400013105
https://openalex.org/W2402090184
https://openalex.org/W2403266000
https://openalex.org/W2413651672
https://openalex.org/W2415546336
https://openalex.org/W2417514200
https://openalex.org/W2432108189
https://openalex.org/W2467041186
https://openalex.org/W2504107388
https://openalex.org/W2512507763
https://openalex.org/W2517350216
https://openalex.org/W2520991760
https://openalex.org/W2524504725
https://openalex.org/W2529886148
https://openalex.org/W2529960436
https://openalex.org/W2547337961
https://openalex.org/W2560761718
https://openalex.org/W2585414553
https://openalex.org/W2586677714
https://openalex.org/W2588462463
https://openalex.org/W2765727164
https://openalex.org/W2772854166
https://openalex.org/W2775208282
https://openalex.org/W2786550913
https://openalex.org/W2789489658
https://openalex.org/W2801720975
https://openalex.org/W2805781622
https://openalex.org/W2883765787
https://openalex.org/W2885318259
https://openalex.org/W2886233546
https://openalex.org/W2887220260
https://openalex.org/W2902866776
https://openalex.org/W2911178266
https://openalex.org/W2914735819
https://openalex.org/W2942444517
https://openalex.org/W2952224173
https://openalex.org/W2965726794
https://openalex.org/W2984176277
https://openalex.org/W2984188895
https://openalex.org/W2991748142
https://openalex.org/W3002361795
https://openalex.org/W3003857266
https://openalex.org/W3009027984
https://openalex.org/W3010868703
https://openalex.org/W3012132126
https://openalex.org/W3013734607
https://openalex.org/W3014755601
https://openalex.org/W3014795814
https://openalex.org/W3016045010
https://openalex.org/W3025725330
https://openalex.org/W3038519967
https://openalex.org/W3040742507
https://openalex.org/W3082644753
https://openalex.org/W3089619165
https://openalex.org/W3091805437
https://openalex.org/W3094987544
https://openalex.org/W3104248558
https://openalex.org/W3121157550
https://openalex.org/W3122603354
https://openalex.org/W3134879643
https://openalex.org/W3150606029
https://openalex.org/W3160632960
https://openalex.org/W3163206804
https://openalex.org/W3172026412
https://openalex.org/W3180909643
https://openalex.org/W3186614284
https://openalex.org/W3189107334
https://openalex.org/W3189542307
https://openalex.org/W3190248792
https://openalex.org/W3190779943
https://openalex.org/W3194336529
https://openalex.org/W3196049909
https://openalex.org/W3199033765
https://openalex.org/W3201366153
https://openalex.org/W3205090170
https://openalex.org/W3205140122
https://openalex.org/W3205525464
https://openalex.org/W3207859000
https://openalex.org/W3212599055
https://openalex.org/W3213938453
https://openalex.org/W3214271720
https://openalex.org/W3216220845
https://openalex.org/W347517641
https://openalex.org/W38403412
https://openalex.org/W407377793
https://openalex.org/W4200038373
https://openalex.org/W4200551422
https://openalex.org/W4200611693
https://openalex.org/W4210455266
https://openalex.org/W4210863682
https://openalex.org/W4214851927
https://openalex.org/W4214887131
https://openalex.org/W4220759635
https://openalex.org/W4236346788
https://openalex.org/W4237014246
https://openalex.org/W4242682931
https://openalex.org/W4244837189
https://openalex.org/W4281986022
https://openalex.org/W4283383368
https://openalex.org/W4283392830
https://openalex.org/W4284958660
https://openalex.org/W4285222587
https://openalex.org/W4285387197
https://openalex.org/W4287127518
https://openalex.org/W4292877920
https://openalex.org/W4307085897
https://openalex.org/W4307379595
https://openalex.org/W4310894433
https://openalex.org/W4317438860
https://openalex.org/W4322490033
https://openalex.org/W4323922848
https://openalex.org/W4328135734
https://openalex.org/W4381734056
https://openalex.org/W87648460
https://openalex.org/W111578924
https://openalex.org/W119506128
https://openalex.org/W1487539814
https://openalex.org/W1517902373
https://openalex.org/W1523194967
https://openalex.org/W1556262564
https://openalex.org/W1557601885
https://openalex.org/W1597941419
https://openalex.org/W1603612779
https://openalex.org/W17169393
https://openalex.org/W172327683
https://openalex.org/W177728388
https://openalex.org/W178676295
https://openalex.org/W180700378
https://openalex.org/W1816209826
https://openalex.org/W191558406
https://openalex.org/W1967998477
https://openalex.org/W1968029270
https://openalex.org/W1974963323
https://openalex.org/W1975324611
https://openalex.org/W1977057480
https://openalex.org/W1978357143
https://openalex.org/W1981135795
https://openalex.org/W1983665925
https://openalex.org/W1988958818
https://openalex.org/W1990232141
https://openalex.org/W1992818947
https://openalex.org/W1993934352
https://openalex.org/W2001160036
https://openalex.org/W2001924915
https://openalex.org/W2004045980
https://openalex.org/W2005056419
https://openalex.org/W2006858221
https://openalex.org/W2009861368
https://openalex.org/W2011802948
https://openalex.org/W2012919279
https://openalex.org/W2014705618
https://openalex.org/W2019056158
https://openalex.org/W2021157786
https://openalex.org/W2029595975
https://openalex.org/W2031740295
https://openalex.org/W2034864618
https://openalex.org/W2039559905
https://openalex.org/W2041754627
https://openalex.org/W2047698937
https://openalex.org/W2051000481
https://openalex.org/W2056728688
https://openalex.org/W2058177728
https://openalex.org/W2066114368
https://openalex.org/W2069431192
https://openalex.org/W2075803692
https://openalex.org/W2081462820
https://openalex.org/W2081710547
https://openalex.org/W2086838698
https://openalex.org/W2087027802
https://openalex.org/W2089259344
https://openalex.org/W2097563348
https://openalex.org/W2098564938
https://openalex.org/W2103761322
https://openalex.org/W2123845424
https://openalex.org/W2124050537
https://openalex.org/W2125567210
https://openalex.org/W2142645176
https://openalex.org/W2150130664
https://openalex.org/W2150400590
https://openalex.org/W2156878041
https://openalex.org/W2169089974
https://openalex.org/W2173893537
https://openalex.org/W2183601204
https://openalex.org/W2186339783
https://openalex.org/W2188529529
https://openalex.org/W2190508703
https://openalex.org/W2246106216
https://openalex.org/W2286164709
https://openalex.org/W2292906503
https://openalex.org/W2302016663
https://openalex.org/W2313724488
https://openalex.org/W2317005038
https://openalex.org/W2317802089
https://openalex.org/W2318377424
https://openalex.org/W2320395747
https://openalex.org/W2323747733
https://openalex.org/W2325765957
https://openalex.org/W2328053951
https://openalex.org/W2328350474
https://openalex.org/W2329111513
https://openalex.org/W2329591281
https://openalex.org/W2360110851
https://openalex.org/W2380908852
https://openalex.org/W2383985837
https://openalex.org/W2395732609
https://openalex.org/W2399880647
https://openalex.org/W2406143656
https://openalex.org/W2409684235
https://openalex.org/W2410943411
https://openalex.org/W2411247020
https://openalex.org/W2411571551
https://openalex.org/W2412005950
https://openalex.org/W2414441072
https://openalex.org/W2442292851
https://openalex.org/W244710128
https://openalex.org/W2461729404
https://openalex.org/W2501078624
https://openalex.org/W2508266787
https://openalex.org/W2517243981
https://openalex.org/W2517930311
https://openalex.org/W2530469944
https://openalex.org/W2546569446
https://openalex.org/W2546915926
https://openalex.org/W2551402880
https://openalex.org/W2560634227
https://openalex.org/W2575073570
https://openalex.org/W2602287081
https://openalex.org/W2604504141
https://openalex.org/W2606115708
https://openalex.org/W2606373171
https://openalex.org/W2607776607
https://openalex.org/W2617321542
https://openalex.org/W2620447292
https://openalex.org/W2726182312
https://openalex.org/W2741780725
https://openalex.org/W2750806054
https://openalex.org/W2756410691
https://openalex.org/W2765262383
https://openalex.org/W2792930824
https://openalex.org/W2798733849
https://openalex.org/W2800038103
https://openalex.org/W2800309099
https://openalex.org/W2808813728
https://openalex.org/W2890522273
https://openalex.org/W2892852106
https://openalex.org/W2897526197
https://openalex.org/W2902257997
https://openalex.org/W2905838288
https://openalex.org/W2909550323
https://openalex.org/W2912627155
https://openalex.org/W2916018522
https://openalex.org/W2958280533
https://openalex.org/W2963152723
https://openalex.org/W2964140270
https://openalex.org/W2967041312
https://openalex.org/W2972157854
https://openalex.org/W2980279401
https://openalex.org/W2992815766
https://openalex.org/W2995472821
https://openalex.org/W3004206144
https://openalex.org/W3021009891
https://openalex.org/W3021900524
https://openalex.org/W3022817453
https://openalex.org/W3024212792
https://openalex.org/W3027238430
https://openalex.org/W3029639095
https://openalex.org/W3032787129
https://openalex.org/W3033576736
https://openalex.org/W3084099785
https://openalex.org/W3092368746
https://openalex.org/W3099037842
https://openalex.org/W3103871997
https://openalex.org/W3105307055
https://openalex.org/W3108142599
https://openalex.org/W310958670
https://openalex.org/W3115588449
https://openalex.org/W3130272335
https://openalex.org/W3130700932
https://openalex.org/W3134000191
https://openalex.org/W3155631280
https://openalex.org/W3160605805
https://openalex.org/W3168788842
https://openalex.org/W3173607654
https://openalex.org/W3179043718
https://openalex.org/W3185023699
https://openalex.org/W3189206247
https://openalex.org/W3194115649
https://openalex.org/W3196200565
https://openalex.org/W3196287390
https://openalex.org/W3201862732
https://openalex.org/W3210383492
https://openalex.org/W3211657823
https://openalex.org/W3212986765
https://openalex.org/W3215142989
https://openalex.org/W3215240418
https://openalex.org/W332334277
https://openalex.org/W342336379
https://openalex.org/W4205179956
https://openalex.org/W4205564330
https://openalex.org/W4205690108
https://openalex.org/W4205965261
https://openalex.org/W4206306482
https://openalex.org/W4206801952
https://openalex.org/W4210430893
https://openalex.org/W4210517351
https://openalex.org/W4210530972
https://openalex.org/W4210866175
https://openalex.org/W4211050955
https://openalex.org/W4211093399
https://openalex.org/W4213130030
https://openalex.org/W4213240058
https://openalex.org/W4214634576
https://openalex.org/W4220884018
https://openalex.org/W4220961880
https://openalex.org/W4221109317
https://openalex.org/W4224779996
https://openalex.org/W4225302881
https://openalex.org/W4230295175
https://openalex.org/W4240015998
https://openalex.org/W4242177624
https://openalex.org/W4244418083
https://openalex.org/W4244507398
https://openalex.org/W4244610530
https://openalex.org/W4281620707
https://openalex.org/W4281754054
https://openalex.org/W4281755765
https://openalex.org/W4281781885
https://openalex.org/W4282576805
https://openalex.org/W4282968778
https://openalex.org/W4283384555
https://openalex.org/W4283695363
https://openalex.org/W4283718773
https://openalex.org/W4283767812
https://openalex.org/W4285795692
https://openalex.org/W4286494941
https://openalex.org/W4289939060
https://openalex.org/W4290631637
https://openalex.org/W4291512891
https://openalex.org/W4292478879
https://openalex.org/W4292528617
https://openalex.org/W4295445029
https://openalex.org/W4295947486
https://openalex.org/W4296083142
https://openalex.org/W4303579209
https://openalex.org/W4308311917
https://openalex.org/W4308531489
https://openalex.org/W4308654364
https://openalex.org/W4308657916
https://openalex.org/W4310169435
https://openalex.org/W4313003505
https://openalex.org/W4316673022
https://openalex.org/W4316927581
https://openalex.org/W4319310704
https://openalex.org/W4324093173
https://openalex.org/W4376133450
https://openalex.org/W4377136676
https://openalex.org/W4378528516
https://openalex.org/W4379798727
https://openalex.org/W4379932607
https://openalex.org/W4383375839
https://openalex.org/W747650788
https://openalex.org/W89743561
https://openalex.org/W1007559262
https://openalex.org/W1034807081
https://openalex.org/W106628126
https://openalex.org/W1126183725
https://openalex.org/W113690704
https://openalex.org/W125719547
https://openalex.org/W132996277
https://openalex.org/W137217310
https://openalex.org/W13808484
https://openalex.org/W14718801
https://openalex.org/W1482734268
https://openalex.org/W1487583953
https://openalex.org/W1512538938
https://openalex.org/W1534175269
https://openalex.org/W1567005367
https://openalex.org/W1568118343
https://openalex.org/W1569819703
https://openalex.org/W1570946257
https://openalex.org/W1585708559
https://openalex.org/W1608015556
https://openalex.org/W161044394
https://openalex.org/W1652054648
https://openalex.org/W1718248315
https://openalex.org/W1763325369
https://openalex.org/W1785957424
https://openalex.org/W1786265365
https://openalex.org/W1817066562
https://openalex.org/W1852152864
https://openalex.org/W1866608350
https://openalex.org/W1964278791
https://openalex.org/W1965556970
https://openalex.org/W1969123840
https://openalex.org/W1977353053
https://openalex.org/W1982579337
https://openalex.org/W1986410468
https://openalex.org/W1987120113
https://openalex.org/W1988531897
https://openalex.org/W1992394909
https://openalex.org/W1992409527
https://openalex.org/W2002858918
https://openalex.org/W2005367378
https://openalex.org/W200649903
https://openalex.org/W2011418412
https://openalex.org/W2012995580
https://openalex.org/W2014817856
https://openalex.org/W2015518709
https://openalex.org/W2017705320
https://openalex.org/W2018650620
https://openalex.org/W2019575933
https://openalex.org/W2022849644
https://openalex.org/W2026006926
https://openalex.org/W2030260753
https://openalex.org/W2031919562
https://openalex.org/W2033564736
https://openalex.org/W2035065687
https://openalex.org/W2035215211
https://openalex.org/W2035766692
https://openalex.org/W2041026705
https://openalex.org/W2042570872
https://openalex.org/W2043073000
https://openalex.org/W2047291687
https://openalex.org/W2049054328
https://openalex.org/W2050792415
https://openalex.org/W2056487790
https://openalex.org/W2061108245
https://openalex.org/W2065971373
https://openalex.org/W2070279957
https://openalex.org/W2070412660
https://openalex.org/W2073603960
https://openalex.org/W2073941560
https://openalex.org/W2075412171
https://openalex.org/W2082515658
https://openalex.org/W2084154951
https://openalex.org/W2084206073
https://openalex.org/W2086763674
https://openalex.org/W2088371781
https://openalex.org/W2089098995
https://openalex.org/W2101900127
https://openalex.org/W2102676240
https://openalex.org/W2104268825
https://openalex.org/W2105725176
https://openalex.org/W2113136242
https://openalex.org/W2140604400
https://openalex.org/W2145608591
https://openalex.org/W2153174233
https://openalex.org/W215506341
https://openalex.org/W2162273766
https://openalex.org/W2165593740
https://openalex.org/W2173406217
https://openalex.org/W2179013856
https://openalex.org/W2185713085
https://openalex.org/W2204525732
https://openalex.org/W2229338049
https://openalex.org/W2231466023
https://openalex.org/W2254240549
https://openalex.org/W2286656998
https://openalex.org/W2288952676
https://openalex.org/W2291554244
https://openalex.org/W2313022340
https://openalex.org/W2313460563
https://openalex.org/W2313835616
https://openalex.org/W2315101603
https://openalex.org/W2320095363
https://openalex.org/W2321752292
https://openalex.org/W2321843342
https://openalex.org/W2323754404
https://openalex.org/W2325483068
https://openalex.org/W2325845195
https://openalex.org/W2326568044
https://openalex.org/W2329294762
https://openalex.org/W2329903223
https://openalex.org/W2329909925
https://openalex.org/W2331515477
https://openalex.org/W2331801597
https://openalex.org/W2332246141
https://openalex.org/W2332757703
https://openalex.org/W2334227654
https://openalex.org/W2334665891
https://openalex.org/W2348932415
https://openalex.org/W2353126874
https://openalex.org/W2356414844
https://openalex.org/W2372576086
https://openalex.org/W2375348978
https://openalex.org/W2382804265
https://openalex.org/W2383701430
https://openalex.org/W2394906611
https://openalex.org/W2395145473
https://openalex.org/W2395752613
https://openalex.org/W2396553366
https://openalex.org/W2400752995
https://openalex.org/W2402080522
https://openalex.org/W2403331139
https://openalex.org/W240374131
https://openalex.org/W2405531740
https://openalex.org/W2405979383
https://openalex.org/W2407311526
https://openalex.org/W2408124997
https://openalex.org/W2410028259
https://openalex.org/W2410211357
https://openalex.org/W2410982597
https://openalex.org/W241131152
https://openalex.org/W2412179622
https://openalex.org/W2412974517
https://openalex.org/W2414174949
https://openalex.org/W2414746474
https://openalex.org/W2415683831
https://openalex.org/W2415687783
https://openalex.org/W2416300777
https://openalex.org/W2416400819
https://openalex.org/W2416459461
https://openalex.org/W2416739327
https://openalex.org/W2419608403
https://openalex.org/W2421438801
https://openalex.org/W2428191372
https://openalex.org/W2429805962
https://openalex.org/W2430793230
https://openalex.org/W2439847555
https://openalex.org/W2440840224
https://openalex.org/W2463904873
https://openalex.org/W2466313004
https://openalex.org/W2468004670
https://openalex.org/W2473332920
https://openalex.org/W2473601651
https://openalex.org/W2481715661
https://openalex.org/W2488393542
https://openalex.org/W2490649288
https://openalex.org/W2497865301
https://openalex.org/W2500028903
https://openalex.org/W2500434979
https://openalex.org/W2504290046
https://openalex.org/W2517984669
https://openalex.org/W2519236064
https://openalex.org/W2521186071
https://openalex.org/W2523758559
https://openalex.org/W2529998975
https://openalex.org/W2530031606
https://openalex.org/W2532132757
https://openalex.org/W2534188807
https://openalex.org/W2537875811
https://openalex.org/W2557813447
https://openalex.org/W2562871490
https://openalex.org/W2581913037
https://openalex.org/W2586415148
https://openalex.org/W2595534138
https://openalex.org/W2600263288
https://openalex.org/W2601140974
https://openalex.org/W2604817952
https://openalex.org/W2605714658
https://openalex.org/W2607169710
https://openalex.org/W2611296643
https://openalex.org/W2621919316
https://openalex.org/W2706628753
https://openalex.org/W2723162660
https://openalex.org/W2726195475
https://openalex.org/W2731200096
https://openalex.org/W2732861697
https://openalex.org/W2735347462
https://openalex.org/W2737313527
https://openalex.org/W2753524986
https://openalex.org/W2766074566
https://openalex.org/W2767549538
https://openalex.org/W2769058805
https://openalex.org/W2772273393
https://openalex.org/W2778185839
https://openalex.org/W2788782239
https://openalex.org/W2792492019
https://openalex.org/W2795759474
https://openalex.org/W2796947828
https://openalex.org/W2800255891
https://openalex.org/W2800487046
https://openalex.org/W2802154741
https://openalex.org/W2888029712
https://openalex.org/W2888740651
https://openalex.org/W2889702226
https://openalex.org/W2893664457
https://openalex.org/W2895883593
https://openalex.org/W2896098150
https://openalex.org/W2901095940
https://openalex.org/W2912292667
https://openalex.org/W2913189243
https://openalex.org/W2913476272
https://openalex.org/W2913814032
https://openalex.org/W2915819791
https://openalex.org/W2917868961
https://openalex.org/W2921401960
https://openalex.org/W2935706468
https://openalex.org/W2949703502
https://openalex.org/W2950457502
https://openalex.org/W2950501376
https://openalex.org/W2951942118
https://openalex.org/W2971820968
https://openalex.org/W2972017837
https://openalex.org/W2972288829
https://openalex.org/W2980222460
https://openalex.org/W2982040258
https://openalex.org/W2983358152
https://openalex.org/W2993906249
https://openalex.org/W2996236680
https://openalex.org/W3003114576
https://openalex.org/W3003364803
https://openalex.org/W3003546207
https://openalex.org/W3004968125
https://openalex.org/W3005821538
https://openalex.org/W3007491018
https://openalex.org/W3011243261
https://openalex.org/W3016423005
https://openalex.org/W3024303051
https://openalex.org/W3025064679
https://openalex.org/W3025586363
https://openalex.org/W3027903760
https://openalex.org/W3029464217
https://openalex.org/W3033784212
https://openalex.org/W3035124519
https://openalex.org/W3040744019
https://openalex.org/W3042588483
https://openalex.org/W3080765923
https://openalex.org/W3090073700
https://openalex.org/W3092516016
https://openalex.org/W3093315324
https://openalex.org/W3094045508
https://openalex.org/W3100873371
https://openalex.org/W3103555025
https://openalex.org/W3108879975
https://openalex.org/W3110470559
https://openalex.org/W3113248275
https://openalex.org/W3113631262
https://openalex.org/W3116657466
https://openalex.org/W3118779433
https://openalex.org/W3120474730
https://openalex.org/W3120657020
https://openalex.org/W3122295810
https://openalex.org/W3126333130
https://openalex.org/W3126973206
https://openalex.org/W3129109436
https://openalex.org/W3130393374
https://openalex.org/W3131649578
https://openalex.org/W3135703090
https://openalex.org/W3137195870
https://openalex.org/W3137296961
https://openalex.org/W3138529049
https://openalex.org/W3139214869
https://openalex.org/W3144858421
https://openalex.org/W3145225030
https://openalex.org/W3154767178
https://openalex.org/W3162701857
https://openalex.org/W3163826595
https://openalex.org/W3165711856
https://openalex.org/W3167131572
https://openalex.org/W3174566165
https://openalex.org/W3176355630
https://openalex.org/W3176452507
https://openalex.org/W3200557321
https://openalex.org/W3201118726
https://openalex.org/W3206472999
https://openalex.org/W3208308708
https://openalex.org/W3209008837
https://openalex.org/W3209496721
https://openalex.org/W3210307342
https://openalex.org/W3210592944
https://openalex.org/W332246710
https://openalex.org/W335880370
https://openalex.org/W4200053241
https://openalex.org/W4200227732
https://openalex.org/W4200516137
https://openalex.org/W4205709415
https://openalex.org/W4205989696
https://openalex.org/W4205990468
https://openalex.org/W4207052814
https://openalex.org/W4210281871
https://openalex.org/W4210519461
https://openalex.org/W4211116475
https://openalex.org/W4214647665
https://openalex.org/W422336793
https://openalex.org/W4226502639
https://openalex.org/W4229030677
https://openalex.org/W4230119198
https://openalex.org/W4231831125
https://openalex.org/W4233470444
https://openalex.org/W4233545946
https://openalex.org/W4235648470
https://openalex.org/W4237486497
https://openalex.org/W4237804553
https://openalex.org/W4238658474
https://openalex.org/W4239109273
https://openalex.org/W4240527749
https://openalex.org/W4240823634
https://openalex.org/W4241950031
https://openalex.org/W4245530171
https://openalex.org/W4246090335
https://openalex.org/W4247145881
https://openalex.org/W4250676683
https://openalex.org/W4250750446
https://openalex.org/W4253366104
https://openalex.org/W4255324773
https://openalex.org/W4256282670
https://openalex.org/W4280613218
https://openalex.org/W4280645671
https://openalex.org/W4281655956
https://openalex.org/W4282828624
https://openalex.org/W4283207905
https://openalex.org/W4284972217
https://openalex.org/W4285150376
https://openalex.org/W4288068060
https://openalex.org/W4291657085
https://openalex.org/W4291754964
https://openalex.org/W4293898905
https://openalex.org/W4294991131
https://openalex.org/W4296211800
https://openalex.org/W4296772122
https://openalex.org/W4300962775
https://openalex.org/W4302027109
https://openalex.org/W4303696272
https://openalex.org/W4304092149
https://openalex.org/W4306818323
https://openalex.org/W4306832233
https://openalex.org/W4307026328
https://openalex.org/W4307743324
https://openalex.org/W4307945510
https://openalex.org/W4308118529
https://openalex.org/W4309279742
https://openalex.org/W4309511763
https://openalex.org/W4309561846
https://openalex.org/W4311616349
https://openalex.org/W4311675754
https://openalex.org/W4313829915
https://openalex.org/W4315928341
https://openalex.org/W4318541673
https://openalex.org/W4318620265
https://openalex.org/W4322770837
https://openalex.org/W4360613808
https://openalex.org/W4362469401
https://openalex.org/W4362548984
https://openalex.org/W4372313298
https://openalex.org/W4380877759
https://openalex.org/W75265821
https://openalex.org/W91697475
https://openalex.org/W1000384693
https://openalex.org/W1006146919
https://openalex.org/W1013962564
https://openalex.org/W1016681275
https://openalex.org/W1017994543
https://openalex.org/W101966174
https://openalex.org/W102056149
https://openalex.org/W1024973456
https://openalex.org/W1032002493
https://openalex.org/W1032450485
https://openalex.org/W1130451532
https://openalex.org/W1135650092
https://openalex.org/W1147532793
https://openalex.org/W1155794247
https://openalex.org/W1156094603
https://openalex.org/W1170687411
https://openalex.org/W1175049503
https://openalex.org/W1175954656
https://openalex.org/W1177864490
https://openalex.org/W1179915983
https://openalex.org/W1203316516
https://openalex.org/W122534694
https://openalex.org/W12300491
https://openalex.org/W1272104688
https://openalex.org/W1277087009
https://openalex.org/W128992628
https://openalex.org/W136367624
https://openalex.org/W137451192
https://openalex.org/W141272774
https://openalex.org/W1417481248
https://openalex.org/W143361692
https://openalex.org/W1445427640
https://openalex.org/W1467775980
https://openalex.org/W1479297703
https://openalex.org/W1485479249
https://openalex.org/W1490488568
https://openalex.org/W1492584530
https://openalex.org/W1492954914
https://openalex.org/W1494805927
https://openalex.org/W1496513776
https://openalex.org/W1497477320
https://openalex.org/W1499332916
https://openalex.org/W1500223231
https://openalex.org/W1502630031
https://openalex.org/W1504108258
https://openalex.org/W1527611658
https://openalex.org/W1530591841
https://openalex.org/W1537669266
https://openalex.org/W1538221639
https://openalex.org/W154186447
https://openalex.org/W1543561846
https://openalex.org/W1545223344
https://openalex.org/W1547976066
https://openalex.org/W1562041208
https://openalex.org/W156783975
https://openalex.org/W1571408361
https://openalex.org/W1572971875
https://openalex.org/W1573245647
https://openalex.org/W158169764
https://openalex.org/W1582144721
https://openalex.org/W1584518108
https://openalex.org/W1591782393
https://openalex.org/W1595555066
https://openalex.org/W1603139455
https://openalex.org/W1605693513
https://openalex.org/W1607895427
https://openalex.org/W161324746
https://openalex.org/W1615847595
https://openalex.org/W1620889041
https://openalex.org/W1621074521
https://openalex.org/W162464673
https://openalex.org/W1628010991
https://openalex.org/W1638582016
https://openalex.org/W1644008939
https://openalex.org/W165016578
https://openalex.org/W1658218077
https://openalex.org/W1658244644
https://openalex.org/W1658855805
https://openalex.org/W166642333
https://openalex.org/W1670516110
https://openalex.org/W167390088
https://openalex.org/W1679843076
https://openalex.org/W170217554
https://openalex.org/W1749628559
https://openalex.org/W1754628339
https://openalex.org/W1773852877
https://openalex.org/W1777376167
https://openalex.org/W1811095800
https://openalex.org/W182113147
https://openalex.org/W1829898409
https://openalex.org/W1833741298
https://openalex.org/W1845787787
https://openalex.org/W1852139097
https://openalex.org/W185554098
https://openalex.org/W185841654
https://openalex.org/W186132364
https://openalex.org/W1888468953
https://openalex.org/W189967934
https://openalex.org/W1903298603
https://openalex.org/W190658733
https://openalex.org/W1907629171
https://openalex.org/W1909034082
https://openalex.org/W1931400219
https://openalex.org/W1934185937
https://openalex.org/W1948910948
https://openalex.org/W195214877
https://openalex.org/W1957932890
https://openalex.org/W196630998
https://openalex.org/W1967783224
https://openalex.org/W1968116242
https://openalex.org/W1968555853
https://openalex.org/W196858999
https://openalex.org/W1969167298
https://openalex.org/W1970198875
https://openalex.org/W1971003701
https://openalex.org/W1971673256
https://openalex.org/W1972443535
https://openalex.org/W1972742319
https://openalex.org/W1973477970
https://openalex.org/W1975796161
https://openalex.org/W1976236854
https://openalex.org/W1976730296
https://openalex.org/W1976933378
https://openalex.org/W1977430508
https://openalex.org/W1979038901
https://openalex.org/W197941610
https://openalex.org/W1979589211
https://openalex.org/W1982105475
https://openalex.org/W1982376075
https://openalex.org/W1982799153
https://openalex.org/W1982894085
https://openalex.org/W1983055943
https://openalex.org/W1983927408
https://openalex.org/W1987153932
https://openalex.org/W1987596034
https://openalex.org/W1987645617
https://openalex.org/W1990055408
https://openalex.org/W1990096783
https://openalex.org/W1990911377
https://openalex.org/W1990947146
https://openalex.org/W1991077769
https://openalex.org/W1991939223
https://openalex.org/W1993420248
https://openalex.org/W1994398074
https://openalex.org/W1994449125
https://openalex.org/W1994931367
https://openalex.org/W1994995495
https://openalex.org/W1995384586
https://openalex.org/W1995593273
https://openalex.org/W1996365787
https://openalex.org/W2000427373
https://openalex.org/W2002228616
https://openalex.org/W2004382968
https://openalex.org/W2005128341
https://openalex.org/W2007923710
https://openalex.org/W2008971735
https://openalex.org/W2009751314
https://openalex.org/W2012022177
https://openalex.org/W2012130121
https://openalex.org/W2012279949
https://openalex.org/W2013680022
https://openalex.org/W2014148603
https://openalex.org/W2015292344
https://openalex.org/W2015938219
https://openalex.org/W2016044992
https://openalex.org/W2017495239
https://openalex.org/W2017624943
https://openalex.org/W2017864020
https://openalex.org/W2018339256
https://openalex.org/W2018877813
https://openalex.org/W2020151207
https://openalex.org/W2020583226
https://openalex.org/W2022590584
https://openalex.org/W2023839626
https://openalex.org/W2024686826
https://openalex.org/W2025929894
https://openalex.org/W2027689997
https://openalex.org/W2027974916
https://openalex.org/W2028623118
https://openalex.org/W2028744124
https://openalex.org/W2028823646
https://openalex.org/W2031369438
https://openalex.org/W2032542316
https://openalex.org/W2032572390
https://openalex.org/W2032902986
https://openalex.org/W2034253564
https://openalex.org/W2034612428
https://openalex.org/W2036428447
https://openalex.org/W2036755306
https://openalex.org/W2037841084
https://openalex.org/W2039189209
https://openalex.org/W204020847
https://openalex.org/W2042054084
https://openalex.org/W2042139865
https://openalex.org/W204401302
https://openalex.org/W2044295922
https://openalex.org/W2044647113
https://openalex.org/W2046040940
https://openalex.org/W2046533080
https://openalex.org/W2048611357
https://openalex.org/W2049094535
https://openalex.org/W2049307134
https://openalex.org/W2050165808
https://openalex.org/W2052526683
https://openalex.org/W2052643775
https://openalex.org/W2052955640
https://openalex.org/W2056373772
https://openalex.org/W2056576667
https://openalex.org/W2059160899
https://openalex.org/W2061080463
https://openalex.org/W2062370735
https://openalex.org/W2063312162
https://openalex.org/W2063406747
https://openalex.org/W2063880099
https://openalex.org/W2064131140
https://openalex.org/W2064780455
https://openalex.org/W2065122758
https://openalex.org/W206553352
https://openalex.org/W2066056800
https://openalex.org/W2066698321
https://openalex.org/W2068254331
https://openalex.org/W2068908829
https://openalex.org/W2070751640
https://openalex.org/W2072009283
https://openalex.org/W2072261613
https://openalex.org/W2072434422
https://openalex.org/W2072580489
https://openalex.org/W2072769757
https://openalex.org/W2072957646
https://openalex.org/W2073840929
https://openalex.org/W2074348206
https://openalex.org/W2074750669
https://openalex.org/W2075749148
https://openalex.org/W2075892488
https://openalex.org/W2076251270
https://openalex.org/W2076503511
https://openalex.org/W2076546831
https://openalex.org/W2077086385
https://openalex.org/W2077350058
https://openalex.org/W2077900040
https://openalex.org/W2078239734
https://openalex.org/W2079932541
https://openalex.org/W2080629817
https://openalex.org/W2080733576
https://openalex.org/W2082975986
https://openalex.org/W2083486513
https://openalex.org/W2084922014
https://openalex.org/W2086267767
https://openalex.org/W208651091
https://openalex.org/W2086613942
https://openalex.org/W2090504943
https://openalex.org/W2091049692
https://openalex.org/W2091429014
https://openalex.org/W2091468085
https://openalex.org/W2091883961
https://openalex.org/W2093205817
https://openalex.org/W2093471994
https://openalex.org/W2097578155
https://openalex.org/W2097878663
https://openalex.org/W2098111862
https://openalex.org/W2099577219
https://openalex.org/W2102833745
https://openalex.org/W2103384977
https://openalex.org/W2103438820
https://openalex.org/W2104063035
https://openalex.org/W2107608550
https://openalex.org/W2108542006
https://openalex.org/W2109662058
https://openalex.org/W2113023209
https://openalex.org/W2117149229
https://openalex.org/W2117902892
https://openalex.org/W2118583127
https://openalex.org/W2122563622
https://openalex.org/W2125173851
https://openalex.org/W2129449347
https://openalex.org/W2136082011
https://openalex.org/W2137452037
https://openalex.org/W2138117185
https://openalex.org/W2138284080
https://openalex.org/W2140314666
https://openalex.org/W2142862571
https://openalex.org/W2144984491
https://openalex.org/W2147155149
https://openalex.org/W2147285084
https://openalex.org/W2149545504
https://openalex.org/W2149558660
https://openalex.org/W2149816493
https://openalex.org/W2150247986
https://openalex.org/W2150343608
https://openalex.org/W2151162882
https://openalex.org/W2151829426
https://openalex.org/W2155189861
https://openalex.org/W2157941603
https://openalex.org/W2160707823
https://openalex.org/W2166358488
https://openalex.org/W2167273191
https://openalex.org/W2171360870
https://openalex.org/W2171873801
https://openalex.org/W217191769
https://openalex.org/W217229319
https://openalex.org/W2173223317
https://openalex.org/W2175983499
https://openalex.org/W2177708880
https://openalex.org/W2177969282
https://openalex.org/W2182013482
https://openalex.org/W2182424093
https://openalex.org/W2182557406
https://openalex.org/W2183288879
https://openalex.org/W2183448347
https://openalex.org/W2183821999
https://openalex.org/W2185194490
https://openalex.org/W2188312100
https://openalex.org/W2188681026
https://openalex.org/W2192447808
https://openalex.org/W2198590883
https://openalex.org/W2201821480
https://openalex.org/W2203253936
https://openalex.org/W2204506522
https://openalex.org/W220614023
https://openalex.org/W2209415432
https://openalex.org/W2211235022
https://openalex.org/W2216560816
https://openalex.org/W2219972166
https://openalex.org/W2220727487
https://openalex.org/W2221314045
https://openalex.org/W2225098758
https://openalex.org/W2230432756
https://openalex.org/W2232673001
https://openalex.org/W2233749228
https://openalex.org/W2234269007
https://openalex.org/W2236861882
https://openalex.org/W2240696823
https://openalex.org/W2242590689
https://openalex.org/W2242675609
https://openalex.org/W2242764982
https://openalex.org/W2243868494
https://openalex.org/W2244337155
https://openalex.org/W2245393793
https://openalex.org/W2247676317
https://openalex.org/W2248136968
https://openalex.org/W2249133744
https://openalex.org/W2249320345
https://openalex.org/W2249981123
https://openalex.org/W2252424498
https://openalex.org/W2253546985
https://openalex.org/W2257333238
https://openalex.org/W2260070780
https://openalex.org/W2260739238
https://openalex.org/W2263631893
https://openalex.org/W2266633609
https://openalex.org/W2268588796
https://openalex.org/W2271287274
https://openalex.org/W2272276713
https://openalex.org/W2274697583
https://openalex.org/W2274863267
https://openalex.org/W2275711723
https://openalex.org/W2276396475
https://openalex.org/W2277351671
https://openalex.org/W2278069447
https://openalex.org/W2279566720
https://openalex.org/W2279808754
https://openalex.org/W2280617315
https://openalex.org/W2281321763
https://openalex.org/W2283555462
https://openalex.org/W2284312628
https://openalex.org/W2285725275
https://openalex.org/W2288079528
https://openalex.org/W229011186
https://openalex.org/W2292374218
https://openalex.org/W2298597004
https://openalex.org/W2298735902
https://openalex.org/W2298911260
https://openalex.org/W2299064060
https://openalex.org/W2306899832
https://openalex.org/W2307767977
https://openalex.org/W2312454668
https://openalex.org/W2312459901
https://openalex.org/W2312526553
https://openalex.org/W2312771865
https://openalex.org/W2313036362
https://openalex.org/W2313705993
https://openalex.org/W2314686688
https://openalex.org/W2314857920
https://openalex.org/W2315649165
https://openalex.org/W2316156811
https://openalex.org/W2316200995
https://openalex.org/W2318177734
https://openalex.org/W2318348650
https://openalex.org/W2318601066
https://openalex.org/W2318647881
https://openalex.org/W2318741870
https://openalex.org/W2318847916
https://openalex.org/W2319872597
https://openalex.org/W2320365187
https://openalex.org/W2320428850
https://openalex.org/W2320616676
https://openalex.org/W2320757601
https://openalex.org/W2321122980
https://openalex.org/W2321916511
https://openalex.org/W2321961644
https://openalex.org/W2322095486
https://openalex.org/W2322497688
https://openalex.org/W2322679742
https://openalex.org/W2322701388
https://openalex.org/W2323644673
https://openalex.org/W2323645722
https://openalex.org/W2324168044
https://openalex.org/W2324288014
https://openalex.org/W2324731338
https://openalex.org/W2325492656
https://openalex.org/W2326144670
https://openalex.org/W2326274844
https://openalex.org/W2326312855
https://openalex.org/W2326741053
https://openalex.org/W2327016242
https://openalex.org/W2328087712
https://openalex.org/W2328657778
https://openalex.org/W2328890654
https://openalex.org/W2329968795
https://openalex.org/W2330185224
https://openalex.org/W2330272872
https://openalex.org/W2330318083
https://openalex.org/W2331214857
https://openalex.org/W2331386313
https://openalex.org/W2331709210
https://openalex.org/W2331987342
https://openalex.org/W2332295432
https://openalex.org/W2332509363
https://openalex.org/W2333750089
https://openalex.org/W2333972381
https://openalex.org/W2334028375
https://openalex.org/W2334446093
https://openalex.org/W2334714230
https://openalex.org/W2335458510
https://openalex.org/W2335768785
https://openalex.org/W2335813055
https://openalex.org/W2335828622
https://openalex.org/W2339212340
https://openalex.org/W2340520145
https://openalex.org/W2340793507
https://openalex.org/W2341708187
https://openalex.org/W2342315513
https://openalex.org/W2342926337
https://openalex.org/W2343920127
https://openalex.org/W2344115726
https://openalex.org/W2345004759
https://openalex.org/W234597997
https://openalex.org/W2347807163
https://openalex.org/W2348394740
https://openalex.org/W2348456821
https://openalex.org/W2348478060
https://openalex.org/W2348479481
https://openalex.org/W2348530762
https://openalex.org/W2348758530
https://openalex.org/W2348913172
https://openalex.org/W2349078456
https://openalex.org/W2349584765
https://openalex.org/W2349677757
https://openalex.org/W2349699580
https://openalex.org/W2349768224
https://openalex.org/W2349839212
https://openalex.org/W2349897947
https://openalex.org/W2350423374
https://openalex.org/W2350818295
https://openalex.org/W2350820634
https://openalex.org/W2351278441
https://openalex.org/W2351332494
https://openalex.org/W2352217946
https://openalex.org/W2352458988
https://openalex.org/W2352477362
https://openalex.org/W2353314062
https://openalex.org/W2353901777
https://openalex.org/W2353966200
https://openalex.org/W2354306498
https://openalex.org/W2354601204
https://openalex.org/W2354752117
https://openalex.org/W2355569727
https://openalex.org/W2356654447
https://openalex.org/W2357183138
https://openalex.org/W2357210864
https://openalex.org/W2358946494
https://openalex.org/W2358969167
https://openalex.org/W2359017514
https://openalex.org/W2359227075
https://openalex.org/W2359311800
https://openalex.org/W2359627037
https://openalex.org/W2360299307
https://openalex.org/W2360383955
https://openalex.org/W2360474181
https://openalex.org/W2360625871
https://openalex.org/W2360714718
https://openalex.org/W2361285970
https://openalex.org/W2362034237
https://openalex.org/W2362133167
https://openalex.org/W2363024863
https://openalex.org/W2365216579
https://openalex.org/W2365367267
https://openalex.org/W2365471956
https://openalex.org/W2365518409
https://openalex.org/W2366681260
https://openalex.org/W2367060024
https://openalex.org/W2367850996
https://openalex.org/W2367882843
https://openalex.org/W2368373543
https://openalex.org/W2369085036
https://openalex.org/W2369305987
https://openalex.org/W2369356606
https://openalex.org/W2369764613
https://openalex.org/W2369968108
https://openalex.org/W2370091899
https://openalex.org/W2370205903
https://openalex.org/W2370285954
https://openalex.org/W2370709168
https://openalex.org/W2370972217
https://openalex.org/W2371252880
https://openalex.org/W2373434177
https://openalex.org/W2373499359
https://openalex.org/W2375149136
https://openalex.org/W2375431152
https://openalex.org/W2376252441
https://openalex.org/W2376697385
https://openalex.org/W2377127652
https://openalex.org/W2377133032
https://openalex.org/W2377611405
https://openalex.org/W2378451591
https://openalex.org/W2378515356
https://openalex.org/W2379147994
https://openalex.org/W2379382983
https://openalex.org/W2379571463
https://openalex.org/W2380136633
https://openalex.org/W2380517247
https://openalex.org/W2381152913
https://openalex.org/W2381671832
https://openalex.org/W2381818203
https://openalex.org/W2384666190
https://openalex.org/W2386116782
https://openalex.org/W2386252589
https://openalex.org/W2387032038
https://openalex.org/W2387314342
https://openalex.org/W2387439823
https://openalex.org/W2387863308
https://openalex.org/W2388376247
https://openalex.org/W2389280905
https://openalex.org/W2391557206
https://openalex.org/W2391873603
https://openalex.org/W2392102652
https://openalex.org/W2392406807
https://openalex.org/W2392755778
https://openalex.org/W2393495508
https://openalex.org/W2394102103
https://openalex.org/W2394123966
https://openalex.org/W2396124583
https://openalex.org/W2396652239
https://openalex.org/W2396733234
https://openalex.org/W2397763129
https://openalex.org/W2398283978
https://openalex.org/W2398497960
https://openalex.org/W2398568724
https://openalex.org/W2398662211
https://openalex.org/W2399170718
https://openalex.org/W2399438264
https://openalex.org/W2399470396
https://openalex.org/W2399755207
https://openalex.org/W2399823858
https://openalex.org/W2399898265
https://openalex.org/W2400876353
https://openalex.org/W2401214285
https://openalex.org/W2401509813
https://openalex.org/W2401763839
https://openalex.org/W2402260922
https://openalex.org/W2404130714
https://openalex.org/W2405239685
https://openalex.org/W2405765409
https://openalex.org/W2406351119
https://openalex.org/W2406450101
https://openalex.org/W2407370074
https://openalex.org/W2409082873
https://openalex.org/W2409441144
https://openalex.org/W2409946902
https://openalex.org/W2409962811
https://openalex.org/W2409984305
https://openalex.org/W2410540296
https://openalex.org/W2410748371
https://openalex.org/W2410868527
https://openalex.org/W2411216744
https://openalex.org/W2411250974
https://openalex.org/W2411283667
https://openalex.org/W2411429527
https://openalex.org/W2411776380
https://openalex.org/W2411860578
https://openalex.org/W2411927605
https://openalex.org/W2411938335
https://openalex.org/W2412499170
https://openalex.org/W2412853741
https://openalex.org/W2413377145
https://openalex.org/W2414120922
https://openalex.org/W2414146176
https://openalex.org/W2414401999
https://openalex.org/W2414418439
https://openalex.org/W2414520969
https://openalex.org/W2414974259
https://openalex.org/W2415116369
https://openalex.org/W2415471142
https://openalex.org/W2415477780
https://openalex.org/W241550421
https://openalex.org/W2415584011
https://openalex.org/W2415700849
https://openalex.org/W2415932777
https://openalex.org/W2416225713
https://openalex.org/W2416452429
https://openalex.org/W2416474715
https://openalex.org/W2416760957
https://openalex.org/W2417152126
https://openalex.org/W2417751384
https://openalex.org/W2417766391
https://openalex.org/W2417979114
https://openalex.org/W2418012740
https://openalex.org/W2418033730
https://openalex.org/W2418464324
https://openalex.org/W2419007087
https://openalex.org/W2419168733
https://openalex.org/W2419559937
https://openalex.org/W2419595740
https://openalex.org/W2419669295
https://openalex.org/W2420164169
https://openalex.org/W2421738192
https://openalex.org/W2422611186
https://openalex.org/W2429911452
https://openalex.org/W2430005656
https://openalex.org/W2432569108
https://openalex.org/W2435621315
https://openalex.org/W2440066683
https://openalex.org/W2441516362
https://openalex.org/W2442579954
https://openalex.org/W2444125548
https://openalex.org/W2462056569
https://openalex.org/W2462439399
https://openalex.org/W2463093730
https://openalex.org/W2463297717
https://openalex.org/W2463815209
https://openalex.org/W2464918607
https://openalex.org/W2468360347
https://openalex.org/W2468959089
https://openalex.org/W2470048777
https://openalex.org/W2470270149
https://openalex.org/W2470402205
https://openalex.org/W2470544722
https://openalex.org/W2471099412
https://openalex.org/W2472229664
https://openalex.org/W2473368328
https://openalex.org/W2473378004
https://openalex.org/W2473958111
https://openalex.org/W2476443078
https://openalex.org/W2477780922
https://openalex.org/W2479210656
https://openalex.org/W247927415
https://openalex.org/W2480812633
https://openalex.org/W2481754895
https://openalex.org/W2481964657
https://openalex.org/W2482033152
https://openalex.org/W2483570597
https://openalex.org/W2483594892
https://openalex.org/W2483741515
https://openalex.org/W2483910671
https://openalex.org/W2484147276
https://openalex.org/W2485385805
https://openalex.org/W2487184166
https://openalex.org/W248811038
https://openalex.org/W2488838972
https://openalex.org/W2489016289
https://openalex.org/W2490539276
https://openalex.org/W2490612337
https://openalex.org/W2491701225
https://openalex.org/W2492282472
https://openalex.org/W2494766358
https://openalex.org/W2498947236
https://openalex.org/W2500171345
https://openalex.org/W2500498195
https://openalex.org/W2501035972
https://openalex.org/W2501317089
https://openalex.org/W2501692501
https://openalex.org/W2502508623
https://openalex.org/W2504973536
https://openalex.org/W2505710508
https://openalex.org/W2506680749
https://openalex.org/W2510224714
https://openalex.org/W2511569991
https://openalex.org/W2512563699
https://openalex.org/W2512641974
https://openalex.org/W251388835
https://openalex.org/W2514039050
https://openalex.org/W2515724542
https://openalex.org/W2516472695
https://openalex.org/W2519407507
https://openalex.org/W2519829999
https://openalex.org/W2522267610
https://openalex.org/W2522495752
https://openalex.org/W2525405644
https://openalex.org/W2525655415
https://openalex.org/W2527248403
https://openalex.org/W2528749873
https://openalex.org/W2530062611
https://openalex.org/W2530082385
https://openalex.org/W2530671691
https://openalex.org/W2530794114
https://openalex.org/W2531380656
https://openalex.org/W2531401630
https://openalex.org/W2531439959
https://openalex.org/W2531827102
https://openalex.org/W253500029
https://openalex.org/W2535393907
https://openalex.org/W2535768313
https://openalex.org/W2537387871
https://openalex.org/W2549751580
https://openalex.org/W2549868989
https://openalex.org/W2551274471
https://openalex.org/W2551399230
https://openalex.org/W2551434948
https://openalex.org/W2553415182
https://openalex.org/W2554142677
https://openalex.org/W2554824760
https://openalex.org/W2555111374
https://openalex.org/W2555627825
https://openalex.org/W2559408708
https://openalex.org/W2560541544
https://openalex.org/W2562038531
https://openalex.org/W2564869463
https://openalex.org/W2565071218
https://openalex.org/W2566851558
https://openalex.org/W2572257947
https://openalex.org/W2572666049
https://openalex.org/W2573655336
https://openalex.org/W2578088048
https://openalex.org/W2581037912
https://openalex.org/W2583915009
https://openalex.org/W2586080986
https://openalex.org/W2588415233
https://openalex.org/W2588780776
https://openalex.org/W2589772654
https://openalex.org/W2590321421
https://openalex.org/W2590590127
https://openalex.org/W2590689836
https://openalex.org/W2592957460
https://openalex.org/W2593855541
https://openalex.org/W2594341710
https://openalex.org/W2596192097
https://openalex.org/W2596430229
https://openalex.org/W2596476589
https://openalex.org/W2597840385
https://openalex.org/W2599086980
https://openalex.org/W2600528034
https://openalex.org/W2600827441
https://openalex.org/W2601060013
https://openalex.org/W2601336983
https://openalex.org/W2601560819
https://openalex.org/W2601667337
https://openalex.org/W2602355175
https://openalex.org/W2602660929
https://openalex.org/W2604265892
https://openalex.org/W2604278097
https://openalex.org/W2605051879
https://openalex.org/W2606576618
https://openalex.org/W2606958431
https://openalex.org/W2606984020
https://openalex.org/W2607030640
https://openalex.org/W2608022732
https://openalex.org/W2608444266
https://openalex.org/W2610516558
https://openalex.org/W2610887409
https://openalex.org/W2611932935
https://openalex.org/W2612335898
https://openalex.org/W2613696292
https://openalex.org/W2614276966
https://openalex.org/W2614479512
https://openalex.org/W2614677590
https://openalex.org/W2614858541
https://openalex.org/W2615056325
https://openalex.org/W2618087900
https://openalex.org/W2618429570
https://openalex.org/W2618797686
https://openalex.org/W2618988619
https://openalex.org/W2620117950
https://openalex.org/W2620746219
https://openalex.org/W2621106622
https://openalex.org/W2622089714
https://openalex.org/W2622181200
https://openalex.org/W2624319196
https://openalex.org/W2625006550
https://openalex.org/W2625136959
https://openalex.org/W2625363873
https://openalex.org/W2626471861
https://openalex.org/W2626530435
https://openalex.org/W2626733905
https://openalex.org/W2632385191
https://openalex.org/W2669101337
https://openalex.org/W2683575741
https://openalex.org/W2711140153
https://openalex.org/W2713822880
https://openalex.org/W2724203265
https://openalex.org/W2728260694
https://openalex.org/W2728343930
https://openalex.org/W2730020654
https://openalex.org/W2734395626
https://openalex.org/W2734400247
https://openalex.org/W2734591859
https://openalex.org/W2735331649
https://openalex.org/W2735365312
https://openalex.org/W2735478923
https://openalex.org/W2735674586
https://openalex.org/W2735935421
https://openalex.org/W2736235032
https://openalex.org/W2739104456
https://openalex.org/W2739602868
https://openalex.org/W2739716917
https://openalex.org/W2741029389
https://openalex.org/W2741122801
https://openalex.org/W2741483046
https://openalex.org/W2741714659
https://openalex.org/W2742190832
https://openalex.org/W2742192166
https://openalex.org/W2742211061
https://openalex.org/W2742212819
https://openalex.org/W2742259608
https://openalex.org/W2742439783
https://openalex.org/W2742523774
https://openalex.org/W2742728997
https://openalex.org/W2742793104
https://openalex.org/W2742831829
https://openalex.org/W2742834430
https://openalex.org/W2743069275
https://openalex.org/W2743093017
https://openalex.org/W2743320214
https://openalex.org/W2743423510
https://openalex.org/W2743473652
https://openalex.org/W2743549670
https://openalex.org/W2743646476
https://openalex.org/W2743732881
https://openalex.org/W2743929236
https://openalex.org/W2744270047
https://openalex.org/W2744343721
https://openalex.org/W2744356175
https://openalex.org/W2744559263
https://openalex.org/W2744729799
https://openalex.org/W2744895615
https://openalex.org/W2744899710
https://openalex.org/W2744939753
https://openalex.org/W2745097181
https://openalex.org/W2745179587
https://openalex.org/W2745201162
https://openalex.org/W2745702987
https://openalex.org/W2745900847
https://openalex.org/W2745978040
https://openalex.org/W2746024296
https://openalex.org/W2746410913
https://openalex.org/W2746818097
https://openalex.org/W2747191672
https://openalex.org/W2747221659
https://openalex.org/W2747277262
https://openalex.org/W2747330544
https://openalex.org/W2747372084
https://openalex.org/W2747942907
https://openalex.org/W2748002636
https://openalex.org/W2748034416
https://openalex.org/W2748059124
https://openalex.org/W2748261960
https://openalex.org/W2748332131
https://openalex.org/W2748553326
https://openalex.org/W2748715859
https://openalex.org/W2749072839
https://openalex.org/W2749323666
https://openalex.org/W2749386924
https://openalex.org/W2749468387
https://openalex.org/W2749596172
https://openalex.org/W2749832183
https://openalex.org/W2750489748
https://openalex.org/W2750939470
https://openalex.org/W2751506853
https://openalex.org/W2751689664
https://openalex.org/W2751826035
https://openalex.org/W2752057931
https://openalex.org/W2752080321
https://openalex.org/W2752083138
https://openalex.org/W2752344307
https://openalex.org/W2752405795
https://openalex.org/W2752845836
https://openalex.org/W2752905611
https://openalex.org/W2753093617
https://openalex.org/W2753393120
https://openalex.org/W2753432289
https://openalex.org/W2753633464
https://openalex.org/W2754122569
https://openalex.org/W2754869322
https://openalex.org/W2755105656
https://openalex.org/W2755386871
https://openalex.org/W2756026839
https://openalex.org/W2756322229
https://openalex.org/W2756922108
https://openalex.org/W2761377340
https://openalex.org/W2762305653
https://openalex.org/W2762583527
https://openalex.org/W2762701367
https://openalex.org/W2763393703
https://openalex.org/W2765186135
https://openalex.org/W2765191057
https://openalex.org/W2768419909
https://openalex.org/W2769786026
https://openalex.org/W2771964824
https://openalex.org/W2772774305
https://openalex.org/W2773430925
https://openalex.org/W2773542026
https://openalex.org/W277591789
https://openalex.org/W2778012560
https://openalex.org/W2783574497
https://openalex.org/W278473206
https://openalex.org/W2785054680
https://openalex.org/W2785119737
https://openalex.org/W2785812211
https://openalex.org/W2786797259
https://openalex.org/W2788681921
https://openalex.org/W2788764405
https://openalex.org/W2789130805
https://openalex.org/W2789221722
https://openalex.org/W2789284432
https://openalex.org/W2789335092
https://openalex.org/W2789985114
https://openalex.org/W2790412390
https://openalex.org/W2790469653
https://openalex.org/W2790499864
https://openalex.org/W2790623326
https://openalex.org/W2791073639
https://openalex.org/W2791185767
https://openalex.org/W2791382997
https://openalex.org/W2791461522
https://openalex.org/W2791522262
https://openalex.org/W2791541518
https://openalex.org/W2791561817
https://openalex.org/W2791822739
https://openalex.org/W2792053978
https://openalex.org/W2792098512
https://openalex.org/W2792721105
https://openalex.org/W2792878831
https://openalex.org/W2792885214
https://openalex.org/W2793025354
https://openalex.org/W2793066775
https://openalex.org/W2793402586
https://openalex.org/W2793744110
https://openalex.org/W2793817914
https://openalex.org/W2793859373
https://openalex.org/W2793923738
https://openalex.org/W2794117524
https://openalex.org/W2794407810
https://openalex.org/W2794432770
https://openalex.org/W2794499426
https://openalex.org/W2794506497
https://openalex.org/W2795046707
https://openalex.org/W2795158532
https://openalex.org/W2795171318
https://openalex.org/W2795178828
https://openalex.org/W2795429394
https://openalex.org/W2795975123
https://openalex.org/W2796682236
https://openalex.org/W2796978680
https://openalex.org/W2798112483
https://openalex.org/W2800320088
https://openalex.org/W2801631194
https://openalex.org/W2801997260
https://openalex.org/W2802091674
https://openalex.org/W2802423005
https://openalex.org/W2802731047
https://openalex.org/W2802825510
https://openalex.org/W2802846098
https://openalex.org/W2802974334
https://openalex.org/W2803060744
https://openalex.org/W2803399709
https://openalex.org/W2804192123
https://openalex.org/W2805453470
https://openalex.org/W2806918698
https://openalex.org/W2807076568
https://openalex.org/W2807937318
https://openalex.org/W2808380904
https://openalex.org/W2810436462
https://openalex.org/W2811306798
https://openalex.org/W2811567083
https://openalex.org/W287187191
https://openalex.org/W2883667549
https://openalex.org/W2883682493
https://openalex.org/W2883964306
https://openalex.org/W288449363
https://openalex.org/W2884588982
https://openalex.org/W2885043412
https://openalex.org/W2885364018
https://openalex.org/W2886409148
https://openalex.org/W2886961256
https://openalex.org/W2887216394
https://openalex.org/W2889201965
https://openalex.org/W2889800596
https://openalex.org/W2890624979
https://openalex.org/W2891703240
https://openalex.org/W2892282994
https://openalex.org/W2892305220
https://openalex.org/W2894144569
https://openalex.org/W2895190457
https://openalex.org/W2895872326
https://openalex.org/W2896089984
https://openalex.org/W2898185651
https://openalex.org/W2898282539
https://openalex.org/W2898323518
https://openalex.org/W2898731345
https://openalex.org/W2898933556
https://openalex.org/W2899139418
https://openalex.org/W2899193200
https://openalex.org/W2899233348
https://openalex.org/W2899340119
https://openalex.org/W2899364432
https://openalex.org/W2901864606
https://openalex.org/W2901978587
https://openalex.org/W2902779883
https://openalex.org/W2902804360
https://openalex.org/W2903504307
https://openalex.org/W2905369366
https://openalex.org/W2906516375
https://openalex.org/W2908472085
https://openalex.org/W2908939366
https://openalex.org/W2910222689
https://openalex.org/W2910590151
https://openalex.org/W2910828175
https://openalex.org/W2911715677
https://openalex.org/W2912116389
https://openalex.org/W2912170203
https://openalex.org/W2913056609
https://openalex.org/W2913618497
https://openalex.org/W2913810522
https://openalex.org/W2914219701
https://openalex.org/W2914541701
https://openalex.org/W2915243299
https://openalex.org/W2915705481
https://openalex.org/W2916267561
https://openalex.org/W2916406338
https://openalex.org/W2917006058
https://openalex.org/W2918790426
https://openalex.org/W2918825397
https://openalex.org/W2919866316
https://openalex.org/W2921806356
https://openalex.org/W2923861088
https://openalex.org/W2924905670
https://openalex.org/W2930517301
https://openalex.org/W2930563931
https://openalex.org/W2934431353
https://openalex.org/W2936953512
https://openalex.org/W2936981924
https://openalex.org/W2941377608
https://openalex.org/W2943683573
https://openalex.org/W2944119497
https://openalex.org/W2944701612
https://openalex.org/W2944728022
https://openalex.org/W2944810917
https://openalex.org/W2945225317
https://openalex.org/W2945655201
https://openalex.org/W2947395431
https://openalex.org/W2947814271
https://openalex.org/W2947961048
https://openalex.org/W2947995166
https://openalex.org/W2948763987
https://openalex.org/W2948845554
https://openalex.org/W2949180961
https://openalex.org/W2950051881
https://openalex.org/W2950080543
https://openalex.org/W2950355514
https://openalex.org/W2951267940
https://openalex.org/W2951361708
https://openalex.org/W2951441064
https://openalex.org/W2952301290
https://openalex.org/W2952773276
https://openalex.org/W2954277301
https://openalex.org/W2954533276
https://openalex.org/W2954999381
https://openalex.org/W2956119288
https://openalex.org/W295656662
https://openalex.org/W2959732215
https://openalex.org/W2965170608
https://openalex.org/W2965996582
https://openalex.org/W2966448571
https://openalex.org/W2968727771
https://openalex.org/W2968738467
https://openalex.org/W2969221615
https://openalex.org/W2969705606
https://openalex.org/W2969792631
https://openalex.org/W2969954838
https://openalex.org/W2970301393
https://openalex.org/W2970333483
https://openalex.org/W2970748193
https://openalex.org/W2971016796
https://openalex.org/W2971930786
https://openalex.org/W2973066688
https://openalex.org/W2973381657
https://openalex.org/W2974608392
https://openalex.org/W2974926308
https://openalex.org/W2976598282
https://openalex.org/W2976865048
https://openalex.org/W2977432276
https://openalex.org/W2977873582
https://openalex.org/W2979415436
https://openalex.org/W2979616809
https://openalex.org/W2979626923
https://openalex.org/W2979844922
https://openalex.org/W298304797
https://openalex.org/W2983172651
https://openalex.org/W2986827531
https://openalex.org/W2987588903
https://openalex.org/W2989022697
https://openalex.org/W2989480884
https://openalex.org/W2989606258
https://openalex.org/W2989704867
https://openalex.org/W2989797607
https://openalex.org/W2989904267
https://openalex.org/W2990034293
https://openalex.org/W2990364545
https://openalex.org/W2990670582
https://openalex.org/W2990802522
https://openalex.org/W2990936385
https://openalex.org/W2990974234
https://openalex.org/W2990993341
https://openalex.org/W2991095772
https://openalex.org/W2991405636
https://openalex.org/W2991754328
https://openalex.org/W2991773423
https://openalex.org/W2992051919
https://openalex.org/W2992127222
https://openalex.org/W2992344143
https://openalex.org/W2992708010
https://openalex.org/W2992884589
https://openalex.org/W2992962881
https://openalex.org/W2993463161
https://openalex.org/W2993651194
https://openalex.org/W2993899432
https://openalex.org/W2993967804
https://openalex.org/W2994303278
https://openalex.org/W2994745972
https://openalex.org/W2994937023
https://openalex.org/W2994985955
https://openalex.org/W2995474707
https://openalex.org/W2995572288
https://openalex.org/W2995996307
https://openalex.org/W2996240927
https://openalex.org/W2996410019
https://openalex.org/W2996433578
https://openalex.org/W2996472141
https://openalex.org/W2996482311
https://openalex.org/W2996502547
https://openalex.org/W2996570035
https://openalex.org/W2996674976
https://openalex.org/W2996729719
https://openalex.org/W2996804428
https://openalex.org/W2997536214
https://openalex.org/W2997808102
https://openalex.org/W2997842392
https://openalex.org/W2997951163
https://openalex.org/W2998247173
https://openalex.org/W2998477115
https://openalex.org/W2998524543
https://openalex.org/W2999042436
https://openalex.org/W2999629685
https://openalex.org/W3000056872
https://openalex.org/W3000189244
https://openalex.org/W3000669030
https://openalex.org/W3000672444
https://openalex.org/W3001927523
https://openalex.org/W3002840512
https://openalex.org/W3003289779
https://openalex.org/W3003439468
https://openalex.org/W3003940076
https://openalex.org/W3004093241
https://openalex.org/W3004296218
https://openalex.org/W3004296607
https://openalex.org/W3004431534
https://openalex.org/W3004496392
https://openalex.org/W3004527531
https://openalex.org/W3004833490
https://openalex.org/W3004861757
https://openalex.org/W3005559255
https://openalex.org/W3005793900
https://openalex.org/W3005874320
https://openalex.org/W3006078908
https://openalex.org/W3006184898
https://openalex.org/W3006851516
https://openalex.org/W3006894513
https://openalex.org/W3007402622
https://openalex.org/W3007648919
https://openalex.org/W3008407214
https://openalex.org/W3008500554
https://openalex.org/W3008904294
https://openalex.org/W3008971918
https://openalex.org/W3009699503
https://openalex.org/W3009859836
https://openalex.org/W3010078288
https://openalex.org/W3010093699
https://openalex.org/W3010157197
https://openalex.org/W3010207657
https://openalex.org/W3010239627
https://openalex.org/W3010240400
https://openalex.org/W3010501784
https://openalex.org/W3010541279
https://openalex.org/W3011028801
https://openalex.org/W3011453670
https://openalex.org/W3011596307
https://openalex.org/W3011751577
https://openalex.org/W3011916014
https://openalex.org/W3012026106
https://openalex.org/W3012041594
https://openalex.org/W3012068212
https://openalex.org/W3012073809
https://openalex.org/W3012093440
https://openalex.org/W3012263812
https://openalex.org/W3012453057
https://openalex.org/W3012465371
https://openalex.org/W3012480087
https://openalex.org/W3012778604
https://openalex.org/W3013094435
https://openalex.org/W3014463674
https://openalex.org/W3015235950
https://openalex.org/W3015740837
https://openalex.org/W3015817672
https://openalex.org/W3015820726
https://openalex.org/W3015948486
https://openalex.org/W3015999318
https://openalex.org/W3016234263
https://openalex.org/W3016236102
https://openalex.org/W3016409699
https://openalex.org/W3016450464
https://openalex.org/W3016618851
https://openalex.org/W3016841793
https://openalex.org/W3016852868
https://openalex.org/W3016894631
https://openalex.org/W3017234433
https://openalex.org/W3017272815
https://openalex.org/W3017421831
https://openalex.org/W3017478829
https://openalex.org/W3018644056
https://openalex.org/W3019403104
https://openalex.org/W3020200454
https://openalex.org/W3020329216
https://openalex.org/W3021646464
https://openalex.org/W3021732720
https://openalex.org/W3021840631
https://openalex.org/W3022546940
https://openalex.org/W3022618675
https://openalex.org/W3022749877
https://openalex.org/W3022819726
https://openalex.org/W3023099807
https://openalex.org/W3023367625
https://openalex.org/W3023749135
https://openalex.org/W3023798882
https://openalex.org/W3024124586
https://openalex.org/W3024913324
https://openalex.org/W3024945588
https://openalex.org/W3025065851
https://openalex.org/W3025375698
https://openalex.org/W3025413548
https://openalex.org/W3025463103
https://openalex.org/W3025616010
https://openalex.org/W3025763846
https://openalex.org/W3026169753
https://openalex.org/W3026326965
https://openalex.org/W3026426726
https://openalex.org/W3026530962
https://openalex.org/W3026751327
https://openalex.org/W3027661819
https://openalex.org/W3028611415
https://openalex.org/W3028637930
https://openalex.org/W3029316098
https://openalex.org/W3029618562
https://openalex.org/W3030598118
https://openalex.org/W3030736641
https://openalex.org/W3031325008
https://openalex.org/W3031352983
https://openalex.org/W3031649618
https://openalex.org/W3031952667
https://openalex.org/W3031955351
https://openalex.org/W3032110742
https://openalex.org/W3032133109
https://openalex.org/W3032700839
https://openalex.org/W3032824944
https://openalex.org/W3033173989
https://openalex.org/W3033296529
https://openalex.org/W3033325908
https://openalex.org/W3034075819
https://openalex.org/W3034145937
https://openalex.org/W3034184631
https://openalex.org/W3034466579
https://openalex.org/W3034475360
https://openalex.org/W3034728684
https://openalex.org/W3034800230
https://openalex.org/W3035857829
https://openalex.org/W3036048954
https://openalex.org/W3036339114
https://openalex.org/W3036452694
https://openalex.org/W3036526822
https://openalex.org/W3036775355
https://openalex.org/W3036842122
https://openalex.org/W3036881749
https://openalex.org/W3037222665
https://openalex.org/W3037957049
https://openalex.org/W3038423167
https://openalex.org/W3040845609
https://openalex.org/W3040952254
https://openalex.org/W3041198117
https://openalex.org/W3041272954
https://openalex.org/W3041286570
https://openalex.org/W3041390360
https://openalex.org/W3041673768
https://openalex.org/W3041694980
https://openalex.org/W3041776200
https://openalex.org/W3041799616
https://openalex.org/W3041828266
https://openalex.org/W3042011498
https://openalex.org/W3042043945
https://openalex.org/W3042373158
https://openalex.org/W3042434503
https://openalex.org/W3042464334
https://openalex.org/W3042541738
https://openalex.org/W3042618877
https://openalex.org/W3042650550
https://openalex.org/W3042897330
https://openalex.org/W3042965044
https://openalex.org/W3043019006
https://openalex.org/W3043197826
https://openalex.org/W3043273298
https://openalex.org/W3043773188
https://openalex.org/W3043910369
https://openalex.org/W3043994929
https://openalex.org/W3044222964
https://openalex.org/W3044421483
https://openalex.org/W3044457196
https://openalex.org/W3044875394
https://openalex.org/W3045101615
https://openalex.org/W3045172999
https://openalex.org/W3045679646
https://openalex.org/W3045797558
https://openalex.org/W3045926265
https://openalex.org/W3046009018
https://openalex.org/W3046126554
https://openalex.org/W3046162097
https://openalex.org/W3046311361
https://openalex.org/W3046477438
https://openalex.org/W3046627511
https://openalex.org/W3047430449
https://openalex.org/W3047701368
https://openalex.org/W3047730346
https://openalex.org/W3047966408
https://openalex.org/W3047971258
https://openalex.org/W3048025679
https://openalex.org/W3048190766
https://openalex.org/W3048492426
https://openalex.org/W3081518276
https://openalex.org/W3082529100
https://openalex.org/W3082874700
https://openalex.org/W3082904533
https://openalex.org/W3083021215
https://openalex.org/W3083936948
https://openalex.org/W3084435123
https://openalex.org/W3085521343
https://openalex.org/W3086058846
https://openalex.org/W3086066818
https://openalex.org/W3086654664
https://openalex.org/W3087044651
https://openalex.org/W3087270448
https://openalex.org/W3087505658
https://openalex.org/W3087595641
https://openalex.org/W3088163893
https://openalex.org/W3089021993
https://openalex.org/W3089438899
https://openalex.org/W3089547607
https://openalex.org/W3090502252
https://openalex.org/W3090817198
https://openalex.org/W3091623964
https://openalex.org/W3091751528
https://openalex.org/W3091903927
https://openalex.org/W3092450945
https://openalex.org/W3092454723
https://openalex.org/W3092811465
https://openalex.org/W3092826500
https://openalex.org/W3093072156
https://openalex.org/W3093612794
https://openalex.org/W3093780450
https://openalex.org/W3093786572
https://openalex.org/W3094384816
https://openalex.org/W3094733914
https://openalex.org/W3094913576
https://openalex.org/W3095321783
https://openalex.org/W3096063628
https://openalex.org/W3096988541
https://openalex.org/W3097249369
https://openalex.org/W3097578304
https://openalex.org/W3097725870
https://openalex.org/W3098727323
https://openalex.org/W3099043252
https://openalex.org/W3099678872
https://openalex.org/W3099720379
https://openalex.org/W3099855001
https://openalex.org/W3102099309
https://openalex.org/W3104340821
https://openalex.org/W3104701651
https://openalex.org/W3104706476
https://openalex.org/W3105084895
https://openalex.org/W3105191129
https://openalex.org/W3106068933
https://openalex.org/W3107063840
https://openalex.org/W3107348104
https://openalex.org/W3107840032
https://openalex.org/W3108299831
https://openalex.org/W3108929644
https://openalex.org/W3108961769
https://openalex.org/W3109026007
https://openalex.org/W3110282960
https://openalex.org/W3110305697
https://openalex.org/W3110811307
https://openalex.org/W3111684136
https://openalex.org/W3112374214
https://openalex.org/W3112463613
https://openalex.org/W3112799434
https://openalex.org/W3112852877
https://openalex.org/W3113720860
https://openalex.org/W3114631476
https://openalex.org/W3117682393
https://openalex.org/W3118372179
https://openalex.org/W3118407214
https://openalex.org/W3118710412
https://openalex.org/W3120600787
https://openalex.org/W3121313782
https://openalex.org/W3121752674
https://openalex.org/W3122231813
https://openalex.org/W3122375280
https://openalex.org/W3122544707
https://openalex.org/W3122595672
https://openalex.org/W3122691910
https://openalex.org/W3123590730
https://openalex.org/W3123754616
https://openalex.org/W3123820607
https://openalex.org/W3123863422
https://openalex.org/W3124782183
https://openalex.org/W3125799939
https://openalex.org/W3126268638
https://openalex.org/W3126369810
https://openalex.org/W3126887507
https://openalex.org/W3127408206
https://openalex.org/W3128217721
https://openalex.org/W3128679616
https://openalex.org/W3128894260
https://openalex.org/W3129179378
https://openalex.org/W3129335555
https://openalex.org/W3129604407
https://openalex.org/W3130210071
https://openalex.org/W3130923880
https://openalex.org/W3131094653
https://openalex.org/W3131762486
https://openalex.org/W3131763248
https://openalex.org/W3132082152
https://openalex.org/W3132089607
https://openalex.org/W3132207765
https://openalex.org/W3132588241
https://openalex.org/W3132870201
https://openalex.org/W3132992466
https://openalex.org/W3134300336
https://openalex.org/W3135013662
https://openalex.org/W3135197694
https://openalex.org/W3135286487
https://openalex.org/W3135582168
https://openalex.org/W3137096164
https://openalex.org/W3137177658
https://openalex.org/W3137352324
https://openalex.org/W3137417839
https://openalex.org/W3137625026
https://openalex.org/W3137883933
https://openalex.org/W3138108078
https://openalex.org/W3138698307
https://openalex.org/W3138894412
https://openalex.org/W3138903984
https://openalex.org/W3139089244
https://openalex.org/W3140411389
https://openalex.org/W3140919437
https://openalex.org/W3141407360
https://openalex.org/W3141925035
https://openalex.org/W3147610572
https://openalex.org/W3147708514
https://openalex.org/W3151549324
https://openalex.org/W3154306415
https://openalex.org/W3155136231
https://openalex.org/W3156936237
https://openalex.org/W3157056613
https://openalex.org/W3158301621
https://openalex.org/W3159912905
https://openalex.org/W3160130119
https://openalex.org/W3160171685
https://openalex.org/W3160775146
https://openalex.org/W3160834783
https://openalex.org/W3161131853
https://openalex.org/W3161239980
https://openalex.org/W3161313124
https://openalex.org/W3161515233
https://openalex.org/W3161537488
https://openalex.org/W3161789746
https://openalex.org/W3161938704
https://openalex.org/W3162064151
https://openalex.org/W3162173431
https://openalex.org/W3162394639
https://openalex.org/W3162421525
https://openalex.org/W3163168386
https://openalex.org/W3163374587
https://openalex.org/W3165668889
https://openalex.org/W3165715263
https://openalex.org/W3166050580
https://openalex.org/W3166578114
https://openalex.org/W3167043080
https://openalex.org/W3167373467
https://openalex.org/W3167610275
https://openalex.org/W3167808320
https://openalex.org/W3168009985
https://openalex.org/W3168375258
https://openalex.org/W3169179864
https://openalex.org/W3169811076
https://openalex.org/W3170721975
https://openalex.org/W3170731828
https://openalex.org/W3171174075
https://openalex.org/W3171442600
https://openalex.org/W3171531620
https://openalex.org/W3171619800
https://openalex.org/W3171621402
https://openalex.org/W3171866460
https://openalex.org/W3172079589
https://openalex.org/W3172550135
https://openalex.org/W3172908555
https://openalex.org/W3173117559
https://openalex.org/W3173130113
https://openalex.org/W3173658394
https://openalex.org/W3173699719
https://openalex.org/W3173939547
https://openalex.org/W3174298146
https://openalex.org/W3174332339
https://openalex.org/W3175043326
https://openalex.org/W3175092753
https://openalex.org/W3175384540
https://openalex.org/W3175521260
https://openalex.org/W3175752185
https://openalex.org/W3176156622
https://openalex.org/W3176190630
https://openalex.org/W3176453090
https://openalex.org/W3176879318
https://openalex.org/W3177213125
https://openalex.org/W3177270377
https://openalex.org/W3178538804
https://openalex.org/W3178727831
https://openalex.org/W3179180521
https://openalex.org/W3179190041
https://openalex.org/W3179341031
https://openalex.org/W3179746165
https://openalex.org/W3179894725
https://openalex.org/W3181029917
https://openalex.org/W3182523486
https://openalex.org/W318292427
https://openalex.org/W3183781142
https://openalex.org/W3184488996
https://openalex.org/W3184524906
https://openalex.org/W3185252318
https://openalex.org/W3185337038
https://openalex.org/W3185407482
https://openalex.org/W3185668319
https://openalex.org/W3186174897
https://openalex.org/W3186669934
https://openalex.org/W3186734806
https://openalex.org/W3187264010
https://openalex.org/W3188854348
https://openalex.org/W3188923554
https://openalex.org/W3189277380
https://openalex.org/W3189309347
https://openalex.org/W3189546371
https://openalex.org/W3189704658
https://openalex.org/W3190039505
https://openalex.org/W3192494516
https://openalex.org/W3193210577
https://openalex.org/W3195658995
https://openalex.org/W3195780923
https://openalex.org/W3195854388
https://openalex.org/W3195923565
https://openalex.org/W3196057335
https://openalex.org/W3196209277
https://openalex.org/W3196228950
https://openalex.org/W3196810527
https://openalex.org/W3197259256
https://openalex.org/W3197595538
https://openalex.org/W3197849065
https://openalex.org/W3198120135
https://openalex.org/W3198632561
https://openalex.org/W3198797167
https://openalex.org/W3198950443
https://openalex.org/W3199634296
https://openalex.org/W3200802778
https://openalex.org/W3201453320
https://openalex.org/W3201500332
https://openalex.org/W3201811659
https://openalex.org/W3201812958
https://openalex.org/W3202367637
https://openalex.org/W3203189111
https://openalex.org/W3203878696
https://openalex.org/W3204386686
https://openalex.org/W3204680765
https://openalex.org/W3204980391
https://openalex.org/W3205762195
https://openalex.org/W3205768762
https://openalex.org/W3205841732
https://openalex.org/W3205989488
https://openalex.org/W3206180586
https://openalex.org/W3206220926
https://openalex.org/W3206267165
https://openalex.org/W3207012713
https://openalex.org/W3207312608
https://openalex.org/W3207632424
https://openalex.org/W3207986868
https://openalex.org/W3208064670
https://openalex.org/W3208355852
https://openalex.org/W3208728193
https://openalex.org/W3209198690
https://openalex.org/W3209742365
https://openalex.org/W3209897044
https://openalex.org/W3210349150
https://openalex.org/W3210441018
https://openalex.org/W3210933783
https://openalex.org/W3211606458
https://openalex.org/W3212553471
https://openalex.org/W3213494072
https://openalex.org/W3213507173
https://openalex.org/W3214176492
https://openalex.org/W3214381411
https://openalex.org/W3214603298
https://openalex.org/W3214707312
https://openalex.org/W3215236666
https://openalex.org/W3216722143
https://openalex.org/W3216965878
https://openalex.org/W3217131785
https://openalex.org/W3217280548
https://openalex.org/W323475858
https://openalex.org/W326818732
https://openalex.org/W35577811
https://openalex.org/W356237824
https://openalex.org/W361692208
https://openalex.org/W368658501
https://openalex.org/W37641144
https://openalex.org/W37701208
https://openalex.org/W407243396
https://openalex.org/W415200943
https://openalex.org/W41796295
https://openalex.org/W4200222282
https://openalex.org/W4205170274
https://openalex.org/W4205457139
https://openalex.org/W4205766711
https://openalex.org/W4205949415
https://openalex.org/W4206020955
https://openalex.org/W4206078261
https://openalex.org/W4206129073
https://openalex.org/W4206290739
https://openalex.org/W4206507435
https://openalex.org/W4207043349
https://openalex.org/W4207059156
https://openalex.org/W4207075078
https://openalex.org/W4210479166
https://openalex.org/W4210684765
https://openalex.org/W4210891127
https://openalex.org/W4210933208
https://openalex.org/W4211014251
https://openalex.org/W4211111777
https://openalex.org/W4211184405
https://openalex.org/W4212843373
https://openalex.org/W4212854140
https://openalex.org/W4212981253
https://openalex.org/W4213225829
https://openalex.org/W4213345952
https://openalex.org/W4213378868
https://openalex.org/W4214598736
https://openalex.org/W422037596
https://openalex.org/W4220911720
https://openalex.org/W4220965484
https://openalex.org/W4220999112
https://openalex.org/W4221016775
https://openalex.org/W4221165051
https://openalex.org/W4224265513
https://openalex.org/W4225547288
https://openalex.org/W4225582816
https://openalex.org/W4225768536
https://openalex.org/W4226023433
https://openalex.org/W4226084771
https://openalex.org/W4226204391
https://openalex.org/W4226377302
https://openalex.org/W4226401488
https://openalex.org/W4226494424
https://openalex.org/W4226506287
https://openalex.org/W4229006072
https://openalex.org/W4229081323
https://openalex.org/W4229376389
https://openalex.org/W4229574285
https://openalex.org/W4229989251
https://openalex.org/W4230171418
https://openalex.org/W4230219143
https://openalex.org/W4230298115
https://openalex.org/W4230541084
https://openalex.org/W4230777570
https://openalex.org/W4230960189
https://openalex.org/W4231350791
https://openalex.org/W4232811412
https://openalex.org/W4232826591
https://openalex.org/W4233119482
https://openalex.org/W4233438400
https://openalex.org/W4233508615
https://openalex.org/W4233838988
https://openalex.org/W4234408983
https://openalex.org/W4234426441
https://openalex.org/W4234792320
https://openalex.org/W4235138020
https://openalex.org/W4235164248
https://openalex.org/W4235694118
https://openalex.org/W4237627926
https://openalex.org/W4237730080
https://openalex.org/W4238388596
https://openalex.org/W4238740305
https://openalex.org/W4239249954
https://openalex.org/W4239281013
https://openalex.org/W4239534125
https://openalex.org/W4239610865
https://openalex.org/W4239664866
https://openalex.org/W4240148383
https://openalex.org/W4240351382
https://openalex.org/W4240804891
https://openalex.org/W4241518736
https://openalex.org/W4241703568
https://openalex.org/W4242407269
https://openalex.org/W4242419798
https://openalex.org/W4242642360
https://openalex.org/W4242908548
https://openalex.org/W4243275377
https://openalex.org/W4243417097
https://openalex.org/W4243747288
https://openalex.org/W4244131651
https://openalex.org/W4244210337
https://openalex.org/W4245003507
https://openalex.org/W4245101437
https://openalex.org/W4245462459
https://openalex.org/W4245595441
https://openalex.org/W4245628381
https://openalex.org/W4245806107
https://openalex.org/W4245818427
https://openalex.org/W4245849876
https://openalex.org/W4246534185
https://openalex.org/W4246591396
https://openalex.org/W4246678104
https://openalex.org/W4247793533
https://openalex.org/W4248749836
https://openalex.org/W4248922525
https://openalex.org/W4249014089
https://openalex.org/W4249132990
https://openalex.org/W4249547515
https://openalex.org/W4250786554
https://openalex.org/W4251299412
https://openalex.org/W4251342759
https://openalex.org/W4251394803
https://openalex.org/W4251618953
https://openalex.org/W4251625377
https://openalex.org/W4251648997
https://openalex.org/W4252036871
https://openalex.org/W4252219226
https://openalex.org/W4252860943
https://openalex.org/W4253097349
https://openalex.org/W4253228878
https://openalex.org/W4253415830
https://openalex.org/W4253555538
https://openalex.org/W4253615256
https://openalex.org/W4253679536
https://openalex.org/W4253931720
https://openalex.org/W4254441149
https://openalex.org/W4254797743
https://openalex.org/W4254862749
https://openalex.org/W4254999144
https://openalex.org/W4255158617
https://openalex.org/W4255371826
https://openalex.org/W4255593670
https://openalex.org/W4256405058
https://openalex.org/W4256563503
https://openalex.org/W4280492595
https://openalex.org/W4280582546
https://openalex.org/W4281625152
https://openalex.org/W4281668570
https://openalex.org/W4281698571
https://openalex.org/W4281730952
https://openalex.org/W4281756207
https://openalex.org/W4282945755
https://openalex.org/W4282966536
https://openalex.org/W4282975461
https://openalex.org/W4283205919
https://openalex.org/W4283211160
https://openalex.org/W4283211949
https://openalex.org/W4283218807
https://openalex.org/W4283264709
https://openalex.org/W4283322313
https://openalex.org/W4283698927
https://openalex.org/W4283817414
https://openalex.org/W4285078683
https://openalex.org/W4285092348
https://openalex.org/W4285111144
https://openalex.org/W4285121091
https://openalex.org/W4285121267
https://openalex.org/W4285226120
https://openalex.org/W4285286063
https://openalex.org/W4285586954
https://openalex.org/W4285678477
https://openalex.org/W4286481588
https://openalex.org/W4286697267
https://openalex.org/W4286744483
https://openalex.org/W4286894530
https://openalex.org/W4286981258
https://openalex.org/W4287485128
https://openalex.org/W4287549992
https://openalex.org/W4287630804
https://openalex.org/W4287829005
https://openalex.org/W4288024286
https://openalex.org/W4288035455
https://openalex.org/W4288077527
https://openalex.org/W4288101849
https://openalex.org/W4288175810
https://openalex.org/W4288388908
https://openalex.org/W4288986286
https://openalex.org/W4289130775
https://openalex.org/W4289536996
https://openalex.org/W4290756027
https://openalex.org/W4291238850
https://openalex.org/W4292054379
https://openalex.org/W4292200930
https://openalex.org/W4292219087
https://openalex.org/W4292659920
https://openalex.org/W4292847295
https://openalex.org/W4293205520
https://openalex.org/W4293248093
https://openalex.org/W4293489647
https://openalex.org/W4293537670
https://openalex.org/W4293779331
https://openalex.org/W4293801332
https://openalex.org/W4294029524
https://openalex.org/W4294534004
https://openalex.org/W4294612688
https://openalex.org/W4295168737
https://openalex.org/W4295408277
https://openalex.org/W4296606808
https://openalex.org/W4296946192
https://openalex.org/W4297495990
https://openalex.org/W4297496157
https://openalex.org/W4297786000
https://openalex.org/W4298000786
https://openalex.org/W4298077811
https://openalex.org/W4298214495
https://openalex.org/W4298345594
https://openalex.org/W4299302777
https://openalex.org/W429934905
https://openalex.org/W4299412905
https://openalex.org/W4299541638
https://openalex.org/W4299572685
https://openalex.org/W4300065625
https://openalex.org/W4300170943
https://openalex.org/W4300422328
https://openalex.org/W4300817477
https://openalex.org/W4300988528
https://openalex.org/W4301261632
https://openalex.org/W4301960594
https://openalex.org/W4302387138
https://openalex.org/W4302508039
https://openalex.org/W4302775127
https://openalex.org/W4304144370
https://openalex.org/W4304195002
https://openalex.org/W4306255104
https://openalex.org/W4306765596
https://openalex.org/W430680235
https://openalex.org/W4306802925
https://openalex.org/W4306844126
https://openalex.org/W4307224991
https://openalex.org/W4307743291
https://openalex.org/W4307903042
https://openalex.org/W4308749560
https://openalex.org/W4308905584
https://openalex.org/W4309044644
https://openalex.org/W4309562627
https://openalex.org/W4310047261
https://openalex.org/W4310161351
https://openalex.org/W4310556381
https://openalex.org/W4310659736
https://openalex.org/W4311052246
https://openalex.org/W4311244896
https://openalex.org/W4311358198
https://openalex.org/W4311425255
https://openalex.org/W4311622039
https://openalex.org/W4311690817
https://openalex.org/W4311727131
https://openalex.org/W4311869263
https://openalex.org/W4312126622
https://openalex.org/W4312161575
https://openalex.org/W4313140486
https://openalex.org/W4313153446
https://openalex.org/W4313175953
https://openalex.org/W4313193423
https://openalex.org/W4313217506
https://openalex.org/W4313223304
https://openalex.org/W4313312219
https://openalex.org/W4313425542
https://openalex.org/W4313485027
https://openalex.org/W4313530574
https://openalex.org/W4313555219
https://openalex.org/W4313563627
https://openalex.org/W4314446257
https://openalex.org/W4316040256
https://openalex.org/W4318007368
https://openalex.org/W4318200567
https://openalex.org/W4318475472
https://openalex.org/W4318475733
https://openalex.org/W4318830256
https://openalex.org/W4318920403
https://openalex.org/W4319599175
https://openalex.org/W4320017368
https://openalex.org/W4320038411
https://openalex.org/W4320484063
https://openalex.org/W4320858366
https://openalex.org/W4321016522
https://openalex.org/W4321109797
https://openalex.org/W4321365779
https://openalex.org/W4321377969
https://openalex.org/W4321384339
https://openalex.org/W4321437164
https://openalex.org/W4321443492
https://openalex.org/W4321452540
https://openalex.org/W4321481326
https://openalex.org/W4321490748
https://openalex.org/W4321607962
https://openalex.org/W4321788123
https://openalex.org/W4322001649
https://openalex.org/W4322001793
https://openalex.org/W4322208715
https://openalex.org/W4322209348
https://openalex.org/W4322210867
https://openalex.org/W4322506530
https://openalex.org/W4322831946
https://openalex.org/W4323065784
https://openalex.org/W4323295446
https://openalex.org/W4323343906
https://openalex.org/W4323791253
https://openalex.org/W4323922504
https://openalex.org/W4323923293
https://openalex.org/W4324119879
https://openalex.org/W4324328530
https://openalex.org/W4327709733
https://openalex.org/W4353011153
https://openalex.org/W4360752052
https://openalex.org/W4360780593
https://openalex.org/W4360827649
https://openalex.org/W4360860498
https://openalex.org/W4360864641
https://openalex.org/W4361305372
https://openalex.org/W4361812100
https://openalex.org/W4361812232
https://openalex.org/W4361812244
https://openalex.org/W4361812250
https://openalex.org/W4361812551
https://openalex.org/W4361812588
https://openalex.org/W4361821057
https://openalex.org/W4361821155
https://openalex.org/W4361821245
https://openalex.org/W4361822366
https://openalex.org/W4361823530
https://openalex.org/W4361823619
https://openalex.org/W4361823654
https://openalex.org/W4361824417
https://openalex.org/W4361826621
https://openalex.org/W4361863187
https://openalex.org/W4361921221
https://openalex.org/W4361921312
https://openalex.org/W4361921396
https://openalex.org/W4361921407
https://openalex.org/W4361922327
https://openalex.org/W4361945428
https://openalex.org/W4361952166
https://openalex.org/W4362401695
https://openalex.org/W4362401719
https://openalex.org/W4362401799
https://openalex.org/W4362401868
https://openalex.org/W4362401874
https://openalex.org/W4362474766
https://openalex.org/W4362481897
https://openalex.org/W4362481992
https://openalex.org/W4362481993
https://openalex.org/W4362482119
https://openalex.org/W4362482137
https://openalex.org/W4362482202
https://openalex.org/W4362520939
https://openalex.org/W4362534437
https://openalex.org/W4362534450
https://openalex.org/W4362534456
https://openalex.org/W4362534475
https://openalex.org/W4362534749
https://openalex.org/W4362534929
https://openalex.org/W4362564987
https://openalex.org/W4362589145
https://openalex.org/W4362593380
https://openalex.org/W4362634595
https://openalex.org/W4363646724
https://openalex.org/W4365135369
https://openalex.org/W4365450690
https://openalex.org/W4365457335
https://openalex.org/W4366501561
https://openalex.org/W4366815880
https://openalex.org/W4366966613
https://openalex.org/W4366979039
https://openalex.org/W4367053464
https://openalex.org/W4367174440
https://openalex.org/W4367187705
https://openalex.org/W4367547929
https://openalex.org/W4367601622
https://openalex.org/W4367701212
https://openalex.org/W4372283483
https://openalex.org/W4375945736
https://openalex.org/W4376573475
https://openalex.org/W4376598440
https://openalex.org/W4377012452
https://openalex.org/W4377013014
https://openalex.org/W4377086550
https://openalex.org/W4377091445
https://openalex.org/W4377104019
https://openalex.org/W4377220812
https://openalex.org/W4377221069
https://openalex.org/W4377693201
https://openalex.org/W4377695810
https://openalex.org/W4377983991
https://openalex.org/W4378071716
https://openalex.org/W4378233977
https://openalex.org/W4378348987
https://openalex.org/W4378780888
https://openalex.org/W4378801796
https://openalex.org/W4378952788
https://openalex.org/W4379054629
https://openalex.org/W4379377189
https://openalex.org/W4379522775
https://openalex.org/W4379523598
https://openalex.org/W4379930778
https://openalex.org/W4380079649
https://openalex.org/W4380154451
https://openalex.org/W4380234975
https://openalex.org/W4380373839
https://openalex.org/W4380434794
https://openalex.org/W4380447942
https://openalex.org/W4380448099
https://openalex.org/W4380448224
https://openalex.org/W4380448409
https://openalex.org/W4380550552
https://openalex.org/W4380625734
https://openalex.org/W4380626067
https://openalex.org/W4380626086
https://openalex.org/W4380683439
https://openalex.org/W4380893978
https://openalex.org/W4380927223
https://openalex.org/W4381190190
https://openalex.org/W4381296005
https://openalex.org/W4381547367
https://openalex.org/W4381682361
https://openalex.org/W4381734904
https://openalex.org/W4381734905
https://openalex.org/W4382130943
https://openalex.org/W4382135086
https://openalex.org/W4382400265
https://openalex.org/W4382536287
https://openalex.org/W4382536835
https://openalex.org/W4382562758
https://openalex.org/W4382931594
https://openalex.org/W4382987620
https://openalex.org/W4383270716
https://openalex.org/W4383383404
https://openalex.org/W4383473787
https://openalex.org/W4384303231
https://openalex.org/W4384438310
https://openalex.org/W4384820725
https://openalex.org/W4384922772
https://openalex.org/W4385172510
https://openalex.org/W4385200896
https://openalex.org/W4385246756
https://openalex.org/W4385248656
https://openalex.org/W4385266692
https://openalex.org/W4385286453
https://openalex.org/W4385312310
https://openalex.org/W4385400696
https://openalex.org/W4385420362
https://openalex.org/W4385431302
https://openalex.org/W4385437253
https://openalex.org/W4385437968
https://openalex.org/W4385542561
https://openalex.org/W4385544788
https://openalex.org/W4385549116
https://openalex.org/W4385555143
https://openalex.org/W4385555812
https://openalex.org/W4385602994
https://openalex.org/W4385647756
https://openalex.org/W4385686067
https://openalex.org/W4385716427
https://openalex.org/W4385754705
https://openalex.org/W4385756828
https://openalex.org/W4385756852
https://openalex.org/W4385817937
https://openalex.org/W4385827864
https://openalex.org/W4385828204
https://openalex.org/W4385841452
https://openalex.org/W4385841588
https://openalex.org/W4385973134
https://openalex.org/W4386006551
https://openalex.org/W4386041896
https://openalex.org/W4386047015
https://openalex.org/W4386091048
https://openalex.org/W4386112069
https://openalex.org/W4386116509
https://openalex.org/W4386119156
https://openalex.org/W4386210460
https://openalex.org/W4386246713
https://openalex.org/W4386322813
https://openalex.org/W4386401935
https://openalex.org/W4386404085
https://openalex.org/W4386417143
https://openalex.org/W4386442344
https://openalex.org/W4386443449
https://openalex.org/W4386451599
https://openalex.org/W4386463909
https://openalex.org/W4386504350
https://openalex.org/W4386567925
https://openalex.org/W4386577760
https://openalex.org/W4386603151
https://openalex.org/W4386608671
https://openalex.org/W4386644639
https://openalex.org/W4386647975
https://openalex.org/W4386703714
https://openalex.org/W4386818179
https://openalex.org/W4386851919
https://openalex.org/W4386878078
https://openalex.org/W4386893959
https://openalex.org/W4386964093
https://openalex.org/W4386967862
https://openalex.org/W4386983561
https://openalex.org/W4387003104
https://openalex.org/W4387022593
https://openalex.org/W4387033253
https://openalex.org/W4387058544
https://openalex.org/W4622496
https://openalex.org/W49337538
https://openalex.org/W566945796
https://openalex.org/W574055398
https://openalex.org/W580205159
https://openalex.org/W583324538
https://openalex.org/W590426906
https://openalex.org/W594791783
https://openalex.org/W59708442
https://openalex.org/W598204470
https://openalex.org/W604462390
https://openalex.org/W606979724
https://openalex.org/W621342503
https://openalex.org/W623903695
https://openalex.org/W635796504
https://openalex.org/W638748816
https://openalex.org/W64227612
https://openalex.org/W642298894
https://openalex.org/W647555577
https://openalex.org/W652700587
https://openalex.org/W69553250
https://openalex.org/W70018898
https://openalex.org/W769660747
https://openalex.org/W771551666
https://openalex.org/W778020228
https://openalex.org/W788453557
https://openalex.org/W800871444
https://openalex.org/W829862745
https://openalex.org/W832436942
https://openalex.org/W85804045
https://openalex.org/W862926112
https://openalex.org/W867582563
https://openalex.org/W8879494
https://openalex.org/W94076171
https://openalex.org/W948336077
https://openalex.org/W974065061
https://openalex.org/W987585863
https://openalex.org/W988449101
https://openalex.org/W2722642526
https://openalex.org/W1989712520
https://openalex.org/W2290847742
https://openalex.org/W2032367243
https://openalex.org/W2033924360
https://openalex.org/W2607257274
https://openalex.org/W2157258199
https://openalex.org/W2158871162
https://openalex.org/W2014022956
https://openalex.org/W2171519564
https://openalex.org/W2168030205
https://openalex.org/W2043709234
https://openalex.org/W2156327234
https://openalex.org/W2797749376
https://openalex.org/W1991449336
https://openalex.org/W1910215337
https://openalex.org/W1559257092
https://openalex.org/W2164580633
https://openalex.org/W2018951168
https://openalex.org/W2138453840
https://openalex.org/W2513452411
https://openalex.org/W2011683420
https://openalex.org/W2043512838
https://openalex.org/W152013658
https://openalex.org/W2030787126
https://openalex.org/W1999626499
https://openalex.org/W4231469877
https://openalex.org/W2128289981
https://openalex.org/W2964363746
https://openalex.org/W1584659697
https://openalex.org/W2040984993
https://openalex.org/W2078545462
https://openalex.org/W2075867553
https://openalex.org/W2742163894
https://openalex.org/W1984342091
https://openalex.org/W2039070421
https://openalex.org/W2064497209
https://openalex.org/W2125792777
https://openalex.org/W2099188390
https://openalex.org/W2336853363
https://openalex.org/W2172746054
https://openalex.org/W2008055458
https://openalex.org/W1982197692
https://openalex.org/W2102107385
https://openalex.org/W2035256602
https://openalex.org/W2111795091
https://openalex.org/W2071502814
https://openalex.org/W2098251276
https://openalex.org/W2043763981
https://openalex.org/W2104456097
https://openalex.org/W2085632971
https://openalex.org/W2061359966
https://openalex.org/W1986911783
https://openalex.org/W1993125671
https://openalex.org/W2020383453
https://openalex.org/W2071596004
https://openalex.org/W2067415356
https://openalex.org/W1986430818
https://openalex.org/W2161818428
https://openalex.org/W2022626025
https://openalex.org/W2125719578
https://openalex.org/W2606710770
https://openalex.org/W1964730250
https://openalex.org/W2167402271
https://openalex.org/W2116226961
https://openalex.org/W1971599842
https://openalex.org/W2092882644
https://openalex.org/W2000156430
https://openalex.org/W2053763916
https://openalex.org/W2023807226
https://openalex.org/W2179681598
https://openalex.org/W2159819304
https://openalex.org/W2945525532
https://openalex.org/W2160643782
https://openalex.org/W1981262066
https://openalex.org/W1983709522
https://openalex.org/W2046286791
https://openalex.org/W2806513202
https://openalex.org/W1930484445
https://openalex.org/W1602658565
https://openalex.org/W1926152393
https://openalex.org/W2273265205
https://openalex.org/W2013446167
https://openalex.org/W2113047400
https://openalex.org/W2002378998
https://openalex.org/W1983557853
https://openalex.org/W2104328722
https://openalex.org/W2126833898
https://openalex.org/W1907247569
https://openalex.org/W2111953546
https://openalex.org/W2095471691
https://openalex.org/W2153889938
https://openalex.org/W1224806054
https://openalex.org/W2150415032
https://openalex.org/W3130158832
https://openalex.org/W2063421916
https://openalex.org/W2096624857
https://openalex.org/W1612892623
https://openalex.org/W1972356429
https://openalex.org/W2026082697
https://openalex.org/W1973423766
https://openalex.org/W2109611466
https://openalex.org/W1964761653
https://openalex.org/W1976766182
https://openalex.org/W2140843074
https://openalex.org/W1921759937
https://openalex.org/W2021440731
https://openalex.org/W2026322813
https://openalex.org/W2143947226
https://openalex.org/W2077719564
https://openalex.org/W1495950501
https://openalex.org/W2032504605
https://openalex.org/W2055982376
https://openalex.org/W2109691078
https://openalex.org/W2176015754
https://openalex.org/W1505327742
https://openalex.org/W2089830274
https://openalex.org/W2090191046
https://openalex.org/W2011328641
https://openalex.org/W1981645566
https://openalex.org/W2004276975
https://openalex.org/W2139369588
https://openalex.org/W2042089046
https://openalex.org/W2138331048
https://openalex.org/W2075117222
https://openalex.org/W2115818323
https://openalex.org/W2118567646
https://openalex.org/W77344512
https://openalex.org/W2136549156
https://openalex.org/W1553503019
https://openalex.org/W2000311882
https://openalex.org/W4245921527
https://openalex.org/W2076643686
https://openalex.org/W2097097493
https://openalex.org/W2010668063
https://openalex.org/W1547052876
https://openalex.org/W1772516797
https://openalex.org/W1984912939
https://openalex.org/W2053612073
https://openalex.org/W2083757764
https://openalex.org/W2096891019
https://openalex.org/W2166530501
https://openalex.org/W2071419103
https://openalex.org/W2030378305
https://openalex.org/W2099451292
https://openalex.org/W2129682166
https://openalex.org/W2080304653
https://openalex.org/W2795106634
https://openalex.org/W2034626741
https://openalex.org/W2046443974
https://openalex.org/W2102316958
https://openalex.org/W2118413672
https://openalex.org/W2087277465
https://openalex.org/W2134123153
https://openalex.org/W2146253134
https://openalex.org/W2155606844
https://openalex.org/W2079705202
https://openalex.org/W2137972271
https://openalex.org/W2171883083
https://openalex.org/W2083903356
https://openalex.org/W2109235037
https://openalex.org/W2091110590
https://openalex.org/W2149391195
https://openalex.org/W2155112342
https://openalex.org/W2038544192
https://openalex.org/W2610867895
https://openalex.org/W2897325901
https://openalex.org/W1977715255
https://openalex.org/W2090205800
https://openalex.org/W2054802167
https://openalex.org/W2075309900
https://openalex.org/W2149718894
https://openalex.org/W2329345200
https://openalex.org/W2572325142
https://openalex.org/W2102472925
https://openalex.org/W1883624143
https://openalex.org/W1967319099
https://openalex.org/W1992421678
https://openalex.org/W2613232859
https://openalex.org/W1521206796
https://openalex.org/W1974173570
https://openalex.org/W2149030353
https://openalex.org/W1977593030
https://openalex.org/W2896277604
https://openalex.org/W1973681951
https://openalex.org/W2016575226
https://openalex.org/W2894557180
https://openalex.org/W2917448366
https://openalex.org/W2034881442
https://openalex.org/W2126472590
https://openalex.org/W2130023734
https://openalex.org/W2739718326
https://openalex.org/W1964678274
https://openalex.org/W1975278498
https://openalex.org/W2065601564
https://openalex.org/W2075076692
https://openalex.org/W2144285402
https://openalex.org/W2165681876
https://openalex.org/W2254137216
https://openalex.org/W2061479847
https://openalex.org/W1498068746
https://openalex.org/W2094060893
https://openalex.org/W2118867427
https://openalex.org/W244071246
https://openalex.org/W2059734717
https://openalex.org/W2612555225
https://openalex.org/W1559643467
https://openalex.org/W1979446719
https://openalex.org/W2001367960
https://openalex.org/W2002400912
https://openalex.org/W2020254652
https://openalex.org/W2110895905
https://openalex.org/W2155683150
https://openalex.org/W3134408868
https://openalex.org/W2171480398
https://openalex.org/W1934607712
https://openalex.org/W2037961554
https://openalex.org/W2058427686
https://openalex.org/W2119146232
https://openalex.org/W2156129951
https://openalex.org/W2773216099
https://openalex.org/W1966932033
https://openalex.org/W1973476283
https://openalex.org/W1995654442
https://openalex.org/W2053013356
https://openalex.org/W2133584989
https://openalex.org/W2272359268
https://openalex.org/W1856943519
https://openalex.org/W1976718543
https://openalex.org/W2152527791
https://openalex.org/W2154438179
https://openalex.org/W2089012025
https://openalex.org/W2095294902
https://openalex.org/W2132304537
https://openalex.org/W2267675215
https://openalex.org/W2768531312
https://openalex.org/W2009145128
https://openalex.org/W2080922660
https://openalex.org/W2027490285
https://openalex.org/W2041666158
https://openalex.org/W2044058225
https://openalex.org/W1970359549
https://openalex.org/W2001396896
https://openalex.org/W2069221332
https://openalex.org/W2072147130
https://openalex.org/W2108806489
https://openalex.org/W1822420866
https://openalex.org/W2007134647
https://openalex.org/W2062901171
https://openalex.org/W2073522519
https://openalex.org/W2152627462
https://openalex.org/W2617283152
https://openalex.org/W2014629464
https://openalex.org/W2025545125
https://openalex.org/W2062536769
https://openalex.org/W2337090712
https://openalex.org/W2892048355
https://openalex.org/W1625796231
https://openalex.org/W2005986568
https://openalex.org/W2107655659
https://openalex.org/W2117786106
https://openalex.org/W2041197660
https://openalex.org/W2074617303
https://openalex.org/W2139260555
https://openalex.org/W2280774445
https://openalex.org/W2016881270
https://openalex.org/W2058737962
https://openalex.org/W2091529055
https://openalex.org/W2463253051
https://openalex.org/W1966323641
https://openalex.org/W1974130697
https://openalex.org/W2010965251
https://openalex.org/W2112897989
https://openalex.org/W1576375557
https://openalex.org/W2009157993
https://openalex.org/W2113919693
https://openalex.org/W2141975829
https://openalex.org/W3024849936
https://openalex.org/W2089930145
https://openalex.org/W2145662046
https://openalex.org/W2598147689
https://openalex.org/W1609540044
https://openalex.org/W1966035156
https://openalex.org/W1989430994
https://openalex.org/W2041804959
https://openalex.org/W2104228503
https://openalex.org/W2130650915
https://openalex.org/W2141914054
https://openalex.org/W2158049381
https://openalex.org/W1850841243
https://openalex.org/W1964172644
https://openalex.org/W2058515064
https://openalex.org/W2101313976
https://openalex.org/W2131884795
https://openalex.org/W2514911561
https://openalex.org/W2995467262
https://openalex.org/W1508729785
https://openalex.org/W2067780185
https://openalex.org/W2071291696
https://openalex.org/W2086899734
https://openalex.org/W2092354351
https://openalex.org/W2125921387
https://openalex.org/W2418667749
https://openalex.org/W1993362652
https://openalex.org/W1979204161
https://openalex.org/W1996544211
https://openalex.org/W2020666155
https://openalex.org/W2027856219
https://openalex.org/W2072749650
https://openalex.org/W2126244661
https://openalex.org/W2132737399
https://openalex.org/W2157911530
https://openalex.org/W2725713773
https://openalex.org/W2730618579
https://openalex.org/W1540430903
https://openalex.org/W2056845036
https://openalex.org/W2073315783
https://openalex.org/W2117516401
https://openalex.org/W2132062934
https://openalex.org/W3013836352
https://openalex.org/W2007796222
https://openalex.org/W2047753325
https://openalex.org/W2509231614
https://openalex.org/W2804721962
https://openalex.org/W1446091653
https://openalex.org/W2002926510
https://openalex.org/W2073609222
https://openalex.org/W2104977132
https://openalex.org/W1978494392
https://openalex.org/W1995610260
https://openalex.org/W2009277471
https://openalex.org/W2022558181
https://openalex.org/W2061922506
https://openalex.org/W2073077880
https://openalex.org/W2769815612
https://openalex.org/W2007706798
https://openalex.org/W2024840217
https://openalex.org/W2046201122
https://openalex.org/W2114276463
https://openalex.org/W1971649605
https://openalex.org/W2020697659
https://openalex.org/W2029771203
https://openalex.org/W2031753176
https://openalex.org/W2032297247
https://openalex.org/W2042948314
https://openalex.org/W2068819302
https://openalex.org/W2133618793
https://openalex.org/W2782047794
https://openalex.org/W1978021058
https://openalex.org/W1998801699
https://openalex.org/W2012271513
https://openalex.org/W2023879176
https://openalex.org/W2037877889
https://openalex.org/W2085434874
https://openalex.org/W2105894347
https://openalex.org/W2788989799
https://openalex.org/W1966410883
https://openalex.org/W1979678685
https://openalex.org/W2054073697
https://openalex.org/W2112768843
https://openalex.org/W2135491433
https://openalex.org/W2155794026
https://openalex.org/W2588443411
https://openalex.org/W2728842897
https://openalex.org/W3110426648
https://openalex.org/W1598359965
https://openalex.org/W1972484309
https://openalex.org/W1978274015
https://openalex.org/W2000855716
https://openalex.org/W2004239778
https://openalex.org/W2033332740
https://openalex.org/W2045230509
https://openalex.org/W2102086084
https://openalex.org/W2161511837
https://openalex.org/W2412570511
https://openalex.org/W2010129113
https://openalex.org/W2067223244
https://openalex.org/W2067472563
https://openalex.org/W2101662065
https://openalex.org/W2133185752
https://openalex.org/W2156750983
https://openalex.org/W2340286799
https://openalex.org/W1956628960
https://openalex.org/W1970731745
https://openalex.org/W2027655032
https://openalex.org/W2034177929
https://openalex.org/W2067426916
https://openalex.org/W2585405606
https://openalex.org/W1999867472
https://openalex.org/W2055246572
https://openalex.org/W2066562638
https://openalex.org/W2080098066
https://openalex.org/W2083483351
https://openalex.org/W2090938411
https://openalex.org/W2097108015
https://openalex.org/W2145307923
https://openalex.org/W2166559901
https://openalex.org/W2256139096
https://openalex.org/W2560520343
https://openalex.org/W2883060238
https://openalex.org/W2942189114
https://openalex.org/W1984569030
https://openalex.org/W1993052758
https://openalex.org/W2005226655
https://openalex.org/W2009561419
https://openalex.org/W2036072689
https://openalex.org/W2069250201
https://openalex.org/W2098380528
https://openalex.org/W2111577569
https://openalex.org/W2112725480
https://openalex.org/W2138243765
https://openalex.org/W2150534467
https://openalex.org/W2258600995
https://openalex.org/W1976066663
https://openalex.org/W1999762828
https://openalex.org/W2047157784
https://openalex.org/W2049427493
https://openalex.org/W2052798312
https://openalex.org/W2065130683
https://openalex.org/W2066935669
https://openalex.org/W2087740401
https://openalex.org/W2133405340
https://openalex.org/W2134884592
https://openalex.org/W2134984890
https://openalex.org/W2152748524
https://openalex.org/W2795620132
https://openalex.org/W1597331818
https://openalex.org/W2016258415
https://openalex.org/W2066669228
https://openalex.org/W2095059655
https://openalex.org/W2097971372
https://openalex.org/W2145846967
https://openalex.org/W2163877528
https://openalex.org/W2767871733
https://openalex.org/W1965668174
https://openalex.org/W2011310065
https://openalex.org/W2048062460
https://openalex.org/W2048319565
https://openalex.org/W2089892021
https://openalex.org/W2091388909
https://openalex.org/W2100508933
https://openalex.org/W2151178403
https://openalex.org/W2260966294
https://openalex.org/W3134967446
https://openalex.org/W1974906822
https://openalex.org/W1982118976
https://openalex.org/W1983486674
https://openalex.org/W1993977352
https://openalex.org/W2009171044
https://openalex.org/W2010842522
https://openalex.org/W207629
https://openalex.org/W2086117193
https://openalex.org/W2089205000
https://openalex.org/W2887274658
https://openalex.org/W3039931241
https://openalex.org/W3174482700
https://openalex.org/W1978021965
https://openalex.org/W1981491992
https://openalex.org/W2021110142
https://openalex.org/W2098672937
https://openalex.org/W2156673127
https://openalex.org/W1976731368
https://openalex.org/W1981622929
https://openalex.org/W2002035222
https://openalex.org/W2024455122
https://openalex.org/W2028876065
https://openalex.org/W2034323635
https://openalex.org/W2124026109
https://openalex.org/W2145201160
https://openalex.org/W2168545458
https://openalex.org/W3034535568
https://openalex.org/W1515612821
https://openalex.org/W1946398925
https://openalex.org/W1966823832
https://openalex.org/W1981229272
https://openalex.org/W2039826765
https://openalex.org/W2045913660
https://openalex.org/W2061083553
https://openalex.org/W2108665416
https://openalex.org/W2112472031
https://openalex.org/W2140962538
https://openalex.org/W2154358091
https://openalex.org/W2301059643
https://openalex.org/W2562556162
https://openalex.org/W258580738
https://openalex.org/W1561084740
https://openalex.org/W1632058376
https://openalex.org/W1893244603
https://openalex.org/W1969881751
https://openalex.org/W1978374163
https://openalex.org/W2015520940
https://openalex.org/W2016595637
https://openalex.org/W2064321209
https://openalex.org/W2084897482
https://openalex.org/W2123758536
https://openalex.org/W2126905096
https://openalex.org/W2134659808
https://openalex.org/W2135801208
https://openalex.org/W2148644671
https://openalex.org/W2148955775
https://openalex.org/W2411509391
https://openalex.org/W2905320434
https://openalex.org/W2060183874
https://openalex.org/W2080876688
https://openalex.org/W2088662883
https://openalex.org/W2159138687
https://openalex.org/W2463075618
https://openalex.org/W2503191642
https://openalex.org/W2607094391
https://openalex.org/W1569815341
https://openalex.org/W1912914184
https://openalex.org/W1973152582
https://openalex.org/W1979400632
https://openalex.org/W1979435678
https://openalex.org/W2008208525
https://openalex.org/W2029917066
https://openalex.org/W2035959364
https://openalex.org/W2041196386
https://openalex.org/W2053630950
https://openalex.org/W2094239905
https://openalex.org/W2100265472
https://openalex.org/W2102282402
https://openalex.org/W2594751003
https://openalex.org/W3011348378
https://openalex.org/W1991662120
https://openalex.org/W2016534474
https://openalex.org/W2028537775
https://openalex.org/W2081693039
https://openalex.org/W2168242948
https://openalex.org/W2332600879
https://openalex.org/W2998035613
https://openalex.org/W1900634454
https://openalex.org/W1966096905
https://openalex.org/W2013663354
https://openalex.org/W2018790677
https://openalex.org/W2040611017
https://openalex.org/W2057614311
https://openalex.org/W2062101561
https://openalex.org/W2063403214
https://openalex.org/W2070130378
https://openalex.org/W2109473935
https://openalex.org/W2112003262
https://openalex.org/W2133966902
https://openalex.org/W2143175971
https://openalex.org/W2145844507
https://openalex.org/W2150271040
https://openalex.org/W2168419371
https://openalex.org/W2474319219
https://openalex.org/W2973793158
https://openalex.org/W1495210142
https://openalex.org/W2004623752
https://openalex.org/W2014170015
https://openalex.org/W2017825261
https://openalex.org/W2068823479
https://openalex.org/W2076610334
https://openalex.org/W2150512204
https://openalex.org/W2166602563
https://openalex.org/W2201329058
https://openalex.org/W2724388239
https://openalex.org/W2808012623
https://openalex.org/W1905835136
https://openalex.org/W1987060930
https://openalex.org/W1993092948
https://openalex.org/W2002776551
https://openalex.org/W2009259706
https://openalex.org/W2012301645
https://openalex.org/W2049160184
https://openalex.org/W2051005921
https://openalex.org/W2060060432
https://openalex.org/W2065402266
https://openalex.org/W2082208226
https://openalex.org/W2092911247
https://openalex.org/W2120341499
https://openalex.org/W2128666034
https://openalex.org/W2152493129
https://openalex.org/W2270858477
https://openalex.org/W2734669480
https://openalex.org/W2955263326
https://openalex.org/W1923768662
https://openalex.org/W1951879492
https://openalex.org/W1983842279
https://openalex.org/W1986933400
https://openalex.org/W2016179895
https://openalex.org/W2032563205
https://openalex.org/W2044926935
https://openalex.org/W2073848152
https://openalex.org/W2087649686
https://openalex.org/W2164787288
https://openalex.org/W2174379977
https://openalex.org/W2607473021
https://openalex.org/W304626424
https://openalex.org/W1608641569
https://openalex.org/W1898561064
https://openalex.org/W1964860145
https://openalex.org/W1965394131
https://openalex.org/W2035218091
https://openalex.org/W2037192841
https://openalex.org/W2037504465
https://openalex.org/W2041812079
https://openalex.org/W2046496053
https://openalex.org/W2060193240
https://openalex.org/W2092863858
https://openalex.org/W2107504848
https://openalex.org/W2137811503
https://openalex.org/W2145166683
https://openalex.org/W2319425166
https://openalex.org/W2590990210
https://openalex.org/W2738352326
https://openalex.org/W2807553650
https://openalex.org/W2911438135
https://openalex.org/W3169579462
https://openalex.org/W1528978521
https://openalex.org/W1967752600
https://openalex.org/W1991239029
https://openalex.org/W1998172784
https://openalex.org/W2005174978
https://openalex.org/W2009242129
https://openalex.org/W2023473631
https://openalex.org/W2044323694
https://openalex.org/W2061059676
https://openalex.org/W2064415823
https://openalex.org/W2071516150
https://openalex.org/W2077617428
https://openalex.org/W2085629507
https://openalex.org/W2151365775
https://openalex.org/W2559018690
https://openalex.org/W2572318021
https://openalex.org/W2586735330
https://openalex.org/W2797429382
https://openalex.org/W1897662983
https://openalex.org/W1939272203
https://openalex.org/W1978763253
https://openalex.org/W2004620608
https://openalex.org/W2008160036
https://openalex.org/W2009657136
https://openalex.org/W2012918872
https://openalex.org/W2024186149
https://openalex.org/W2031651920
https://openalex.org/W2032406890
https://openalex.org/W2046656325
https://openalex.org/W2063318491
https://openalex.org/W2067996810
https://openalex.org/W2069928814
https://openalex.org/W2092372095
https://openalex.org/W2119516950
https://openalex.org/W2182662836
https://openalex.org/W2336397920
https://openalex.org/W2886998094
https://openalex.org/W3015815374
https://openalex.org/W3119276437
https://openalex.org/W1631395930
https://openalex.org/W1996926516
https://openalex.org/W2009570140
https://openalex.org/W2034870592
https://openalex.org/W2035935792
https://openalex.org/W2039619739
https://openalex.org/W2060124024
https://openalex.org/W2065611818
https://openalex.org/W2080046821
https://openalex.org/W2104556604
https://openalex.org/W2114339491
https://openalex.org/W2133260199
https://openalex.org/W2148284218
https://openalex.org/W2416923479
https://openalex.org/W2803449061
https://openalex.org/W2969882129
https://openalex.org/W1975975413
https://openalex.org/W1988424355
https://openalex.org/W2007947727
https://openalex.org/W2014306594
https://openalex.org/W2046252762
https://openalex.org/W2072556856
https://openalex.org/W2072934273
https://openalex.org/W2105573880
https://openalex.org/W2126136842
https://openalex.org/W2137811681
https://openalex.org/W2210815227
https://openalex.org/W2303750503
https://openalex.org/W2322837806
https://openalex.org/W2325896445
https://openalex.org/W2369417160
https://openalex.org/W2410641880
https://openalex.org/W2425548898
https://openalex.org/W2626121036
https://openalex.org/W2626122684
https://openalex.org/W2754091197
https://openalex.org/W2762539142
https://openalex.org/W2939696785
https://openalex.org/W889970496
https://openalex.org/W1649212773
https://openalex.org/W1968805237
https://openalex.org/W1972634051
https://openalex.org/W1972644534
https://openalex.org/W1977751698
https://openalex.org/W1988066954
https://openalex.org/W1997118464
https://openalex.org/W2016240370
https://openalex.org/W2089426002
https://openalex.org/W2090040409
https://openalex.org/W2111012085
https://openalex.org/W2123475503
https://openalex.org/W2154609935
https://openalex.org/W2260914888
https://openalex.org/W2312045275
https://openalex.org/W2335528344
https://openalex.org/W2396048569
https://openalex.org/W2483374315
https://openalex.org/W3130024090
https://openalex.org/W4237478646
https://openalex.org/W1498107536
https://openalex.org/W1584449186
https://openalex.org/W1999819712
https://openalex.org/W1999926201
https://openalex.org/W2004506725
https://openalex.org/W2016641504
https://openalex.org/W2029510489
https://openalex.org/W2044419797
https://openalex.org/W2048007279
https://openalex.org/W2052663369
https://openalex.org/W2056470618
https://openalex.org/W2064634799
https://openalex.org/W2072712029
https://openalex.org/W2075119580
https://openalex.org/W2081459638
https://openalex.org/W2115354956
https://openalex.org/W2122320140
https://openalex.org/W2138944718
https://openalex.org/W2151507208
https://openalex.org/W2156836629
https://openalex.org/W2403322038
https://openalex.org/W2412011885
https://openalex.org/W2464378546
https://openalex.org/W2737442682
https://openalex.org/W2809193362
https://openalex.org/W1915854358
https://openalex.org/W1965698447
https://openalex.org/W1973978069
https://openalex.org/W1989700986
https://openalex.org/W1993434041
https://openalex.org/W2015209459
https://openalex.org/W2022797050
https://openalex.org/W2025088849
https://openalex.org/W2039856044
https://openalex.org/W2050907404
https://openalex.org/W2077630083
https://openalex.org/W2086103792
https://openalex.org/W2090979884
https://openalex.org/W2107077041
https://openalex.org/W2144348898
https://openalex.org/W2145708575
https://openalex.org/W2146531482
https://openalex.org/W2158487537
https://openalex.org/W2173441907
https://openalex.org/W2273307358
https://openalex.org/W2323894562
https://openalex.org/W2328878743
https://openalex.org/W2689212000
https://openalex.org/W2763673794
https://openalex.org/W3004757610
https://openalex.org/W3165720855
https://openalex.org/W4321429253
https://openalex.org/W763279794
https://openalex.org/W1604463764
https://openalex.org/W1990776391
https://openalex.org/W1997325131
https://openalex.org/W2007197715
https://openalex.org/W2023238899
https://openalex.org/W2052438475
https://openalex.org/W2077488417
https://openalex.org/W2083177970
https://openalex.org/W2091212816
https://openalex.org/W2121344598
https://openalex.org/W2121364929
https://openalex.org/W2271737778
https://openalex.org/W2341174012
https://openalex.org/W2509556764
https://openalex.org/W2560326572
https://openalex.org/W2807628815
https://openalex.org/W2959350436
https://openalex.org/W1798407713
https://openalex.org/W1980777710
https://openalex.org/W2000510632
https://openalex.org/W2021982419
https://openalex.org/W2022873560
https://openalex.org/W2033709630
https://openalex.org/W2039470793
https://openalex.org/W2047836697
https://openalex.org/W2071591174
https://openalex.org/W2090639509
https://openalex.org/W2096424882
https://openalex.org/W2110613677
https://openalex.org/W2131037987
https://openalex.org/W2188269091
https://openalex.org/W2301888354
https://openalex.org/W2397948863
https://openalex.org/W2534453077
https://openalex.org/W3008035704
https://openalex.org/W4210741562
https://openalex.org/W4220880685
https://openalex.org/W1964083179
https://openalex.org/W1965671230
https://openalex.org/W1976222190
https://openalex.org/W1978995571
https://openalex.org/W1983030259
https://openalex.org/W1985997966
https://openalex.org/W2004498586
https://openalex.org/W2013755650
https://openalex.org/W2015050424
https://openalex.org/W2027520014
https://openalex.org/W2055889337
https://openalex.org/W2061600003
https://openalex.org/W2061994807
https://openalex.org/W2080045102
https://openalex.org/W2086432479
https://openalex.org/W2087159438
https://openalex.org/W2114025917
https://openalex.org/W2131399079
https://openalex.org/W2146026030
https://openalex.org/W2549013961
https://openalex.org/W2605313241
https://openalex.org/W2765740309
https://openalex.org/W2767441934
https://openalex.org/W2800433378
https://openalex.org/W2977980228
https://openalex.org/W3006418149
https://openalex.org/W3035531113
https://openalex.org/W3044564615
https://openalex.org/W3187456071
https://openalex.org/W1745185673
https://openalex.org/W1796532860
https://openalex.org/W1926674094
https://openalex.org/W1973650923
https://openalex.org/W1982578606
https://openalex.org/W1986411623
https://openalex.org/W1990203484
https://openalex.org/W1996653362
https://openalex.org/W2000137024
https://openalex.org/W2020934768
https://openalex.org/W2022441683
https://openalex.org/W2023136954
https://openalex.org/W2029573733
https://openalex.org/W2045969111
https://openalex.org/W2047575033
https://openalex.org/W2050687252
https://openalex.org/W2056330470
https://openalex.org/W2060294283
https://openalex.org/W2061240862
https://openalex.org/W2069244193
https://openalex.org/W2073217688
https://openalex.org/W2076631574
https://openalex.org/W2079749183
https://openalex.org/W2082483433
https://openalex.org/W2097768047
https://openalex.org/W2114336937
https://openalex.org/W2142687057
https://openalex.org/W2146127775
https://openalex.org/W2154705288
https://openalex.org/W2169091375
https://openalex.org/W2230147515
https://openalex.org/W2282664149
https://openalex.org/W2302043237
https://openalex.org/W2518606633
https://openalex.org/W2626982640
https://openalex.org/W2766674312
https://openalex.org/W2784013255
https://openalex.org/W2990541215
https://openalex.org/W4235228415
https://openalex.org/W1969015761
https://openalex.org/W1996171025
https://openalex.org/W2008175786
https://openalex.org/W2052806221
https://openalex.org/W2062564800
https://openalex.org/W2069270720
https://openalex.org/W2069688024
https://openalex.org/W2080657619
https://openalex.org/W2091072126
https://openalex.org/W2106258150
https://openalex.org/W2106336208
https://openalex.org/W2134196864
https://openalex.org/W2147177075
https://openalex.org/W2166834984
https://openalex.org/W2175555050
https://openalex.org/W2224977347
https://openalex.org/W2390280151
https://openalex.org/W2440394942
https://openalex.org/W2472424356
https://openalex.org/W2532653187
https://openalex.org/W2755614569
https://openalex.org/W2778819838
https://openalex.org/W2903567907
https://openalex.org/W2910345654
https://openalex.org/W2933632733
https://openalex.org/W2946995053
https://openalex.org/W3093927206
https://openalex.org/W3136815014
https://openalex.org/W3152344832
https://openalex.org/W4230191210
https://openalex.org/W151931934
https://openalex.org/W1752668289
https://openalex.org/W1964156920
https://openalex.org/W1965162447
https://openalex.org/W1975406692
https://openalex.org/W1994771514
https://openalex.org/W2016171219
https://openalex.org/W2024267796
https://openalex.org/W2027458371
https://openalex.org/W2032568527
https://openalex.org/W2040223249
https://openalex.org/W2044631945
https://openalex.org/W2051612472
https://openalex.org/W2055357051
https://openalex.org/W2063702474
https://openalex.org/W2063870882
https://openalex.org/W2089887240
https://openalex.org/W2095529079
https://openalex.org/W2125670862
https://openalex.org/W2131322793
https://openalex.org/W2195443468
https://openalex.org/W2411937308
https://openalex.org/W2754039370
https://openalex.org/W2883504445
https://openalex.org/W2895495050
https://openalex.org/W2896509164
https://openalex.org/W2982095735
https://openalex.org/W3115999001
https://openalex.org/W3175692466
https://openalex.org/W3197791253
https://openalex.org/W4246070834
https://openalex.org/W104314947
https://openalex.org/W1631454955
https://openalex.org/W1896376907
https://openalex.org/W1979236224
https://openalex.org/W1980233614
https://openalex.org/W1984041986
https://openalex.org/W1994629351
https://openalex.org/W2013613951
https://openalex.org/W2033438912
https://openalex.org/W2035879881
https://openalex.org/W2036873137
https://openalex.org/W2045285212
https://openalex.org/W2050659251
https://openalex.org/W2060831404
https://openalex.org/W2068412083
https://openalex.org/W2077989933
https://openalex.org/W2085586355
https://openalex.org/W2089156023
https://openalex.org/W2100539592
https://openalex.org/W2108328163
https://openalex.org/W2119363290
https://openalex.org/W2120036744
https://openalex.org/W2123258306
https://openalex.org/W2124274054
https://openalex.org/W2135417202
https://openalex.org/W2196706019
https://openalex.org/W2301274388
https://openalex.org/W2483712787
https://openalex.org/W2594298756
https://openalex.org/W2621972066
https://openalex.org/W2742561468
https://openalex.org/W2810635947
https://openalex.org/W2902276733
https://openalex.org/W2917855061
https://openalex.org/W2976600061
https://openalex.org/W3045622898
https://openalex.org/W3152838493
https://openalex.org/W4239316203
https://openalex.org/W1484381067
https://openalex.org/W1810434135
https://openalex.org/W1936218981
https://openalex.org/W1974779741
https://openalex.org/W1993781697
https://openalex.org/W2019796660
https://openalex.org/W2047490674
https://openalex.org/W2048148765
https://openalex.org/W2059694278
https://openalex.org/W2078198380
https://openalex.org/W2087558158
https://openalex.org/W2099983818
https://openalex.org/W2110278231
https://openalex.org/W2142975429
https://openalex.org/W2164555298
https://openalex.org/W21668
https://openalex.org/W2282156851
https://openalex.org/W2548651051
https://openalex.org/W2595872542
https://openalex.org/W2749476993
https://openalex.org/W2789762860
https://openalex.org/W2795500861
https://openalex.org/W2812868017
https://openalex.org/W2888952824
https://openalex.org/W2902668132
https://openalex.org/W2910661683
https://openalex.org/W2918908512
https://openalex.org/W2942045689
https://openalex.org/W2985717404
https://openalex.org/W3039946260
https://openalex.org/W3080152680
https://openalex.org/W1872758065
https://openalex.org/W1967781610
https://openalex.org/W1968268549
https://openalex.org/W1993164419
https://openalex.org/W2007135743
https://openalex.org/W2012790278
https://openalex.org/W2018796326
https://openalex.org/W2022612437
https://openalex.org/W2038971745
https://openalex.org/W2041583863
https://openalex.org/W2047173572
https://openalex.org/W2065235461
https://openalex.org/W2065485655
https://openalex.org/W2066440596
https://openalex.org/W2070116791
https://openalex.org/W2076965666
https://openalex.org/W2089114811
https://openalex.org/W2112620389
https://openalex.org/W2129835643
https://openalex.org/W2322994101
https://openalex.org/W2336131069
https://openalex.org/W2417483165
https://openalex.org/W2526385957
https://openalex.org/W2544993745
https://openalex.org/W2556721336
https://openalex.org/W2637412536
https://openalex.org/W2738648208
https://openalex.org/W2755217176
https://openalex.org/W2765785007
https://openalex.org/W2790184171
https://openalex.org/W2887544682
https://openalex.org/W2894955093
https://openalex.org/W2900475941
https://openalex.org/W2952051864
https://openalex.org/W3000709978
https://openalex.org/W3095381390
https://openalex.org/W3095467275
https://openalex.org/W842765662
https://openalex.org/W1594238132
https://openalex.org/W1994224725
https://openalex.org/W1998749645
https://openalex.org/W2003420039
https://openalex.org/W2011208989
https://openalex.org/W2030808205
https://openalex.org/W2035146259
https://openalex.org/W2041742172
https://openalex.org/W2044393232
https://openalex.org/W2105177902
https://openalex.org/W2108404407
https://openalex.org/W2137570641
https://openalex.org/W2145223986
https://openalex.org/W2181069445
https://openalex.org/W2217754518
https://openalex.org/W2326261645
https://openalex.org/W2477662426
https://openalex.org/W2510720888
https://openalex.org/W2558320730
https://openalex.org/W2581553182
https://openalex.org/W2761806320
https://openalex.org/W2779574295
https://openalex.org/W2793119989
https://openalex.org/W2807004845
https://openalex.org/W2947803839
https://openalex.org/W3007375800
https://openalex.org/W4253077457
https://openalex.org/W110532004
https://openalex.org/W1971008742
https://openalex.org/W1975185766
https://openalex.org/W1998348081
https://openalex.org/W2004009876
https://openalex.org/W2005695421
https://openalex.org/W2015666488
https://openalex.org/W2021329850
https://openalex.org/W2023207791
https://openalex.org/W2030051573
https://openalex.org/W2043012955
https://openalex.org/W2046632707
https://openalex.org/W2054555280
https://openalex.org/W2069145349
https://openalex.org/W2073752531
https://openalex.org/W2075548981
https://openalex.org/W2076792861
https://openalex.org/W2078122282
https://openalex.org/W2081944060
https://openalex.org/W2089536239
https://openalex.org/W2090227446
https://openalex.org/W2128833910
https://openalex.org/W2129034559
https://openalex.org/W2146735543
https://openalex.org/W2167078461
https://openalex.org/W2172894491
https://openalex.org/W2184977230
https://openalex.org/W2280885811
https://openalex.org/W2313323851
https://openalex.org/W2327615735
https://openalex.org/W2460489084
https://openalex.org/W2466342253
https://openalex.org/W2523301325
https://openalex.org/W2622356054
https://openalex.org/W2667510256
https://openalex.org/W2742635598
https://openalex.org/W2748001092
https://openalex.org/W2789813872
https://openalex.org/W2806213726
https://openalex.org/W2888117299
https://openalex.org/W2891674798
https://openalex.org/W2904104590
https://openalex.org/W2941645099
https://openalex.org/W2969502765
https://openalex.org/W2977295017
https://openalex.org/W3048928995
https://openalex.org/W3091771037
https://openalex.org/W4233175202
https://openalex.org/W142444889
https://openalex.org/W1567413298
https://openalex.org/W1963967112
https://openalex.org/W1973494671
https://openalex.org/W1975924574
https://openalex.org/W1977983939
https://openalex.org/W1980469235
https://openalex.org/W2003181504
https://openalex.org/W2008036895
https://openalex.org/W2011592510
https://openalex.org/W2041180293
https://openalex.org/W2050534303
https://openalex.org/W2051960575
https://openalex.org/W2054956086
https://openalex.org/W2055600210
https://openalex.org/W2071208993
https://openalex.org/W2081522122
https://openalex.org/W2089026285
https://openalex.org/W2089127814
https://openalex.org/W2092677590
https://openalex.org/W2092886046
https://openalex.org/W2095223952
https://openalex.org/W2098841146
https://openalex.org/W2137233831
https://openalex.org/W2148905861
https://openalex.org/W2165866041
https://openalex.org/W2179573766
https://openalex.org/W2196168251
https://openalex.org/W2262233644
https://openalex.org/W2289702530
https://openalex.org/W2559934762
https://openalex.org/W2604457543
https://openalex.org/W2620840481
https://openalex.org/W2747735458
https://openalex.org/W2766251365
https://openalex.org/W2788846323
https://openalex.org/W2789382787
https://openalex.org/W2913487759
https://openalex.org/W2947172817
https://openalex.org/W2947779541
https://openalex.org/W3094180177
https://openalex.org/W3130971658
https://openalex.org/W3179766919
https://openalex.org/W4252187033
https://openalex.org/W4362582971
https://openalex.org/W622251153
https://openalex.org/W1028642144
https://openalex.org/W1275991108
https://openalex.org/W1904086020
https://openalex.org/W1949206661
https://openalex.org/W1965817859
https://openalex.org/W1970854661
https://openalex.org/W1974515593
https://openalex.org/W1978926486
https://openalex.org/W2005121464
https://openalex.org/W2017148692
https://openalex.org/W2025567679
https://openalex.org/W2032286122
https://openalex.org/W2033895328
https://openalex.org/W2039610319
https://openalex.org/W2044649611
https://openalex.org/W2054035987
https://openalex.org/W2055349426
https://openalex.org/W2056719647
https://openalex.org/W2067566258
https://openalex.org/W2071277543
https://openalex.org/W2081257085
https://openalex.org/W2088473412
https://openalex.org/W2103724416
https://openalex.org/W2106728011
https://openalex.org/W2108050881
https://openalex.org/W2131727590
https://openalex.org/W2145304656
https://openalex.org/W2149101584
https://openalex.org/W2149698371
https://openalex.org/W2171439879
https://openalex.org/W2294544292
https://openalex.org/W2310073880
https://openalex.org/W2419541976
https://openalex.org/W2509353400
https://openalex.org/W2585814154
https://openalex.org/W2620624326
https://openalex.org/W2623022897
https://openalex.org/W2746324081
https://openalex.org/W2749815214
https://openalex.org/W2776655750
https://openalex.org/W2902146932
https://openalex.org/W2955025034
https://openalex.org/W2977482049
https://openalex.org/W2991073397
https://openalex.org/W3006169978
https://openalex.org/W3046069930
https://openalex.org/W3047438421
https://openalex.org/W3084202545
https://openalex.org/W3107831582
https://openalex.org/W4253812678
https://openalex.org/W4295517558
https://openalex.org/W795251805
https://openalex.org/W117822564
https://openalex.org/W1550981109
https://openalex.org/W1779915872
https://openalex.org/W1898471685
https://openalex.org/W1939006769
https://openalex.org/W1968093169
https://openalex.org/W1980427511
https://openalex.org/W1981163528
https://openalex.org/W1989449083
https://openalex.org/W1990912648
https://openalex.org/W2005604166
https://openalex.org/W2007230393
https://openalex.org/W2010353303
https://openalex.org/W2019059672
https://openalex.org/W2022908145
https://openalex.org/W2038512442
https://openalex.org/W2047160644
https://openalex.org/W2051566039
https://openalex.org/W2068767854
https://openalex.org/W2069199924
https://openalex.org/W2081031168
https://openalex.org/W2085993423
https://openalex.org/W2090677227
https://openalex.org/W2118177630
https://openalex.org/W2158854457
https://openalex.org/W2159091382
https://openalex.org/W2163579869
https://openalex.org/W2185212080
https://openalex.org/W2328627089
https://openalex.org/W2330274941
https://openalex.org/W2341594893
https://openalex.org/W2415600724
https://openalex.org/W2519294429
https://openalex.org/W2537834447
https://openalex.org/W2549713762
https://openalex.org/W2584892926
https://openalex.org/W2590383465
https://openalex.org/W2606166679
https://openalex.org/W2622023351
https://openalex.org/W2791620466
https://openalex.org/W2793969849
https://openalex.org/W2795260935
https://openalex.org/W2898143606
https://openalex.org/W2900745957
https://openalex.org/W2909652762
https://openalex.org/W2944125425
https://openalex.org/W2955639992
https://openalex.org/W3000696438
https://openalex.org/W3088721183
https://openalex.org/W3091942637
https://openalex.org/W3118751692
https://openalex.org/W1914453249
https://openalex.org/W1965090514
https://openalex.org/W1975488047
https://openalex.org/W1982126622
https://openalex.org/W1983288343
https://openalex.org/W1994043274
https://openalex.org/W2002805500
https://openalex.org/W2009026812
https://openalex.org/W2032882446
https://openalex.org/W2033803498
https://openalex.org/W2035072052
https://openalex.org/W2045434705
https://openalex.org/W2050402451
https://openalex.org/W2063567028
https://openalex.org/W2076289657
https://openalex.org/W2098245527
https://openalex.org/W2102133227
https://openalex.org/W2109226538
https://openalex.org/W2126214788
https://openalex.org/W2132983893
https://openalex.org/W2149402781
https://openalex.org/W2178429172
https://openalex.org/W2259009676
https://openalex.org/W2271717271
https://openalex.org/W2319095344
https://openalex.org/W2342188769
https://openalex.org/W2405606795
https://openalex.org/W2490381927
https://openalex.org/W2595190826
https://openalex.org/W2613529448
https://openalex.org/W2619647327
https://openalex.org/W2675729989
https://openalex.org/W2756343269
https://openalex.org/W2771806242
https://openalex.org/W2886739370
https://openalex.org/W2895573675
https://openalex.org/W2902058236
https://openalex.org/W2937588180
https://openalex.org/W2971335183
https://openalex.org/W2972302509
https://openalex.org/W2979676709
https://openalex.org/W3042089276
https://openalex.org/W3098458861
https://openalex.org/W3167250721
https://openalex.org/W349130346
https://openalex.org/W4200307481
https://openalex.org/W4206933817
https://openalex.org/W4213273874
https://openalex.org/W4225291721
https://openalex.org/W4232329246
https://openalex.org/W4240166379
https://openalex.org/W4248519043
https://openalex.org/W627173925
https://openalex.org/W1539716681
https://openalex.org/W1605010610
https://openalex.org/W1971519889
https://openalex.org/W1972988777
https://openalex.org/W1974493677
https://openalex.org/W1988422145
https://openalex.org/W2008499767
https://openalex.org/W2010893283
https://openalex.org/W2013789614
https://openalex.org/W2029244882
https://openalex.org/W2047260177
https://openalex.org/W2051786356
https://openalex.org/W2051845442
https://openalex.org/W2056046879
https://openalex.org/W2056076041
https://openalex.org/W2056653918
https://openalex.org/W2060892196
https://openalex.org/W2064852908
https://openalex.org/W2070452501
https://openalex.org/W2111368819
https://openalex.org/W2112271233
https://openalex.org/W2115527607
https://openalex.org/W2117883667
https://openalex.org/W2147423294
https://openalex.org/W2153183906
https://openalex.org/W2160844693
https://openalex.org/W2197011831
https://openalex.org/W2328671866
https://openalex.org/W2341452579
https://openalex.org/W2399129745
https://openalex.org/W2464799399
https://openalex.org/W2472785071
https://openalex.org/W2552219516
https://openalex.org/W2781921611
https://openalex.org/W2793658874
https://openalex.org/W2802697633
https://openalex.org/W2889026176
https://openalex.org/W2891486448
https://openalex.org/W2933600010
https://openalex.org/W2945968970
https://openalex.org/W2950174025
https://openalex.org/W3009700146
https://openalex.org/W3048774488
https://openalex.org/W3082657499
https://openalex.org/W3092644120
https://openalex.org/W3093591948
https://openalex.org/W3119319151
https://openalex.org/W3135117629
https://openalex.org/W3208041533
https://openalex.org/W3213605794
https://openalex.org/W3217378264
https://openalex.org/W4200068132
https://openalex.org/W4235217369
https://openalex.org/W2000935005
https://openalex.org/W2017742262
https://openalex.org/W2019822809
https://openalex.org/W2035883837
https://openalex.org/W2045453729
https://openalex.org/W2050422080
https://openalex.org/W2055022079
https://openalex.org/W2059847025
https://openalex.org/W2067358756
https://openalex.org/W2082858427
https://openalex.org/W2090548274
https://openalex.org/W2092153840
https://openalex.org/W2100577606
https://openalex.org/W2124592944
https://openalex.org/W2152992608
https://openalex.org/W2176107695
https://openalex.org/W2275594652
https://openalex.org/W2292995082
https://openalex.org/W2303938683
https://openalex.org/W2339749795
https://openalex.org/W2384455476
https://openalex.org/W2462263503
https://openalex.org/W2497241749
https://openalex.org/W2544874155
https://openalex.org/W2610498170
https://openalex.org/W2748534370
https://openalex.org/W2768653123
https://openalex.org/W2781615780
https://openalex.org/W2886333817
https://openalex.org/W2897001684
https://openalex.org/W2902017209
https://openalex.org/W2944405319
https://openalex.org/W2962696998
https://openalex.org/W2968234828
https://openalex.org/W2987542845
https://openalex.org/W3003519379
https://openalex.org/W3004940425
https://openalex.org/W3010791264
https://openalex.org/W3016520238
https://openalex.org/W3025600675
https://openalex.org/W3035687473
https://openalex.org/W3043781527
https://openalex.org/W3086527368
https://openalex.org/W3102764634
https://openalex.org/W3108152844
https://openalex.org/W3130076210
https://openalex.org/W3130840453
https://openalex.org/W3133245738
https://openalex.org/W3135076102
https://openalex.org/W3149795589
https://openalex.org/W3155786406
https://openalex.org/W3208144305
https://openalex.org/W354276101
https://openalex.org/W4200336215
https://openalex.org/W4200535851
https://openalex.org/W4226441665
https://openalex.org/W1509244098
https://openalex.org/W1523042806
https://openalex.org/W1530278497
https://openalex.org/W1560428719
https://openalex.org/W1776768392
https://openalex.org/W1965800872
https://openalex.org/W1968050400
https://openalex.org/W1985632227
https://openalex.org/W2007179453
https://openalex.org/W2012604018
https://openalex.org/W2017864175
https://openalex.org/W2035122168
https://openalex.org/W2035898836
https://openalex.org/W2036222124
https://openalex.org/W2039578783
https://openalex.org/W2042973622
https://openalex.org/W2046368397
https://openalex.org/W2048294012
https://openalex.org/W2053162684
https://openalex.org/W2053370838
https://openalex.org/W2074833271
https://openalex.org/W2079779923
https://openalex.org/W2083168132
https://openalex.org/W2104280123
https://openalex.org/W2111255498
https://openalex.org/W2112661147
https://openalex.org/W2112813663
https://openalex.org/W2112933788
https://openalex.org/W2114176003
https://openalex.org/W2137577032
https://openalex.org/W2143721540
https://openalex.org/W2150386571
https://openalex.org/W2151019792
https://openalex.org/W2161995198
https://openalex.org/W2181927218
https://openalex.org/W2203375353
https://openalex.org/W2213865815
https://openalex.org/W2246330123
https://openalex.org/W2315402465
https://openalex.org/W2315862327
https://openalex.org/W2327063615
https://openalex.org/W2328726902
https://openalex.org/W2367010442
https://openalex.org/W2406211823
https://openalex.org/W2413300743
https://openalex.org/W2500613939
https://openalex.org/W2515228873
https://openalex.org/W2594575489
https://openalex.org/W2752140779
https://openalex.org/W2765295994
https://openalex.org/W2883842629
https://openalex.org/W2919275303
https://openalex.org/W2946035802
https://openalex.org/W2956161939
https://openalex.org/W2967578218
https://openalex.org/W2968212295
https://openalex.org/W2997338276
https://openalex.org/W3022432663
https://openalex.org/W3085726315
https://openalex.org/W3092009658
https://openalex.org/W3097631385
https://openalex.org/W3102238863
https://openalex.org/W3104557498
https://openalex.org/W3110431511
https://openalex.org/W3126403374
https://openalex.org/W3134307213
https://openalex.org/W3165079173
https://openalex.org/W3165282291
https://openalex.org/W3172387364
https://openalex.org/W3177121831
https://openalex.org/W3209566066
https://openalex.org/W33612473
https://openalex.org/W4200134964
https://openalex.org/W4220889488
https://openalex.org/W4224115805
https://openalex.org/W4229332616
https://openalex.org/W4252603497
https://openalex.org/W4255286958
https://openalex.org/W4256695168
https://openalex.org/W4281251487
https://openalex.org/W4286560520
https://openalex.org/W4297254369
https://openalex.org/W4322603980
https://openalex.org/W4362673266
https://openalex.org/W636699006
https://openalex.org/W1028067126
https://openalex.org/W1486748413
https://openalex.org/W1487626700
https://openalex.org/W1831751221
https://openalex.org/W1974721418
https://openalex.org/W1990863652
https://openalex.org/W1996807721
https://openalex.org/W1999251633
https://openalex.org/W2001449551
https://openalex.org/W2006144592
https://openalex.org/W2007053229
https://openalex.org/W2033300080
https://openalex.org/W2035715269
https://openalex.org/W2041392128
https://openalex.org/W2066588240
https://openalex.org/W2074329242
https://openalex.org/W2081875507
https://openalex.org/W2092340652
https://openalex.org/W2101465135
https://openalex.org/W2119602692
https://openalex.org/W2122576472
https://openalex.org/W2132732547
https://openalex.org/W2135300429
https://openalex.org/W2145908578
https://openalex.org/W2154445779
https://openalex.org/W2161627786
https://openalex.org/W2187041861
https://openalex.org/W2268224096
https://openalex.org/W2275831127
https://openalex.org/W2293209629
https://openalex.org/W2309517342
https://openalex.org/W2334067493
https://openalex.org/W2403847330
https://openalex.org/W2411221907
https://openalex.org/W2464720213
https://openalex.org/W2477057070
https://openalex.org/W2547541040
https://openalex.org/W2588476894
https://openalex.org/W2606868950
https://openalex.org/W2618633612
https://openalex.org/W2769818067
https://openalex.org/W2792551633
https://openalex.org/W2807426970
https://openalex.org/W2810488291
https://openalex.org/W2897156374
https://openalex.org/W2898440265
https://openalex.org/W2898524375
https://openalex.org/W2901573541
https://openalex.org/W2907131556
https://openalex.org/W2914009153
https://openalex.org/W2915027522
https://openalex.org/W2916185668
https://openalex.org/W2920157387
https://openalex.org/W2950777436
https://openalex.org/W2955077287
https://openalex.org/W2990246655
https://openalex.org/W2993792227
https://openalex.org/W2996595856
https://openalex.org/W3005643972
https://openalex.org/W3023973493
https://openalex.org/W3027708274
https://openalex.org/W3035586294
https://openalex.org/W3086231811
https://openalex.org/W3101257994
https://openalex.org/W3125062141
https://openalex.org/W3135694118
https://openalex.org/W3147270248
https://openalex.org/W3163602756
https://openalex.org/W3170235559
https://openalex.org/W3190013138
https://openalex.org/W3192685339
https://openalex.org/W3195523245
https://openalex.org/W3198626255
https://openalex.org/W4200039107
https://openalex.org/W4200122869
https://openalex.org/W4200327451
https://openalex.org/W4200346429
https://openalex.org/W4200491218
https://openalex.org/W4206424491
https://openalex.org/W4206746867
https://openalex.org/W4206799137
https://openalex.org/W4206951676
https://openalex.org/W4220959290
https://openalex.org/W4221034614
https://openalex.org/W4221044984
https://openalex.org/W4225423631
https://openalex.org/W4226081724
https://openalex.org/W4234766501
https://openalex.org/W4247050360
https://openalex.org/W4297103437
https://openalex.org/W4307284962
https://openalex.org/W4362466320
https://openalex.org/W1028340801
https://openalex.org/W125135876
https://openalex.org/W1521553354
https://openalex.org/W1526863280
https://openalex.org/W1537880040
https://openalex.org/W1932302793
https://openalex.org/W1980214949
https://openalex.org/W1995661570
https://openalex.org/W1996187297
https://openalex.org/W2004875329
https://openalex.org/W2005692976
https://openalex.org/W2015713225
https://openalex.org/W2023951301
https://openalex.org/W2027149468
https://openalex.org/W2030402803
https://openalex.org/W2040485761
https://openalex.org/W2047330939
https://openalex.org/W2048144291
https://openalex.org/W2053344819
https://openalex.org/W2061282034
https://openalex.org/W2061705120
https://openalex.org/W2064342487
https://openalex.org/W2071565793
https://openalex.org/W2104326022
https://openalex.org/W2104373191
https://openalex.org/W2124551080
https://openalex.org/W2150078714
https://openalex.org/W2168577238
https://openalex.org/W2173912657
https://openalex.org/W2252045654
https://openalex.org/W22623892
https://openalex.org/W2329343527
https://openalex.org/W2332040534
https://openalex.org/W2334438917
https://openalex.org/W2338792653
https://openalex.org/W2394009925
https://openalex.org/W2406516744
https://openalex.org/W2412539185
https://openalex.org/W2511396979
https://openalex.org/W2519656370
https://openalex.org/W2522495093
https://openalex.org/W2546182523
https://openalex.org/W2576457662
https://openalex.org/W2582571633
https://openalex.org/W2585479945
https://openalex.org/W2606407162
https://openalex.org/W2750960728
https://openalex.org/W2789244776
https://openalex.org/W2792365489
https://openalex.org/W2797514125
https://openalex.org/W2802504631
https://openalex.org/W2808104951
https://openalex.org/W2889486102
https://openalex.org/W2889589912
https://openalex.org/W2890975240
https://openalex.org/W2896076574
https://openalex.org/W2896453290
https://openalex.org/W2947352936
https://openalex.org/W2966973025
https://openalex.org/W2989347273
https://openalex.org/W2990542684
https://openalex.org/W2996064730
https://openalex.org/W3001804045
https://openalex.org/W3004412691
https://openalex.org/W3010958544
https://openalex.org/W302386000
https://openalex.org/W3029001629
https://openalex.org/W3045583115
https://openalex.org/W3046822936
https://openalex.org/W3113391475
https://openalex.org/W3138703313
https://openalex.org/W3160669208
https://openalex.org/W3162458275
https://openalex.org/W4205446205
https://openalex.org/W4207035082
https://openalex.org/W4220877445
https://openalex.org/W4220893329
https://openalex.org/W4235759909
https://openalex.org/W4249386091
https://openalex.org/W4280596355
https://openalex.org/W4293195195
https://openalex.org/W4293759644
https://openalex.org/W4294281183
https://openalex.org/W4308027210
https://openalex.org/W4310779127
https://openalex.org/W4311808025
https://openalex.org/W4372352541
https://openalex.org/W60116324
https://openalex.org/W641511796
https://openalex.org/W105202799
https://openalex.org/W105664132
https://openalex.org/W112413250
https://openalex.org/W121748951
https://openalex.org/W123351964
https://openalex.org/W140592733
https://openalex.org/W1500390927
https://openalex.org/W1521733881
https://openalex.org/W1522818447
https://openalex.org/W1580195237
https://openalex.org/W1598098722
https://openalex.org/W1607216155
https://openalex.org/W174888647
https://openalex.org/W1931673780
https://openalex.org/W1935596514
https://openalex.org/W1976971061
https://openalex.org/W1978956845
https://openalex.org/W1979092519
https://openalex.org/W1993016154
https://openalex.org/W1993303883
https://openalex.org/W2017065392
https://openalex.org/W2023097008
https://openalex.org/W2024209045
https://openalex.org/W2026279306
https://openalex.org/W2045882620
https://openalex.org/W2050147748
https://openalex.org/W2058388485
https://openalex.org/W2059611412
https://openalex.org/W2060874626
https://openalex.org/W2075696784
https://openalex.org/W2078975625
https://openalex.org/W2083611354
https://openalex.org/W2099583893
https://openalex.org/W2106853944
https://openalex.org/W2112226010
https://openalex.org/W2149048494
https://openalex.org/W2172791340
https://openalex.org/W2183769607
https://openalex.org/W2186643479
https://openalex.org/W2205897093
https://openalex.org/W2211341420
https://openalex.org/W2212228012
https://openalex.org/W2259922669
https://openalex.org/W2271690991
https://openalex.org/W2279158771
https://openalex.org/W2297159331
https://openalex.org/W2300423887
https://openalex.org/W2315177438
https://openalex.org/W2317776783
https://openalex.org/W2319778929
https://openalex.org/W2351529277
https://openalex.org/W2354997989
https://openalex.org/W2378394142
https://openalex.org/W2384792114
https://openalex.org/W2419588915
https://openalex.org/W2528134202
https://openalex.org/W2536762244
https://openalex.org/W2540564992
https://openalex.org/W2546648570
https://openalex.org/W2565164211
https://openalex.org/W2568442315
https://openalex.org/W2611005431
https://openalex.org/W2765663339
https://openalex.org/W2767304701
https://openalex.org/W2784029682
https://openalex.org/W2827921721
https://openalex.org/W2887317602
https://openalex.org/W2891276213
https://openalex.org/W2896657631
https://openalex.org/W2903135916
https://openalex.org/W2912654222
https://openalex.org/W2927186012
https://openalex.org/W2952988579
https://openalex.org/W2969499003
https://openalex.org/W2971194643
https://openalex.org/W2984297107
https://openalex.org/W3023914138
https://openalex.org/W3082150914
https://openalex.org/W3106188872
https://openalex.org/W3123844620
https://openalex.org/W3131750013
https://openalex.org/W3133160654
https://openalex.org/W3155551572
https://openalex.org/W3162783377
https://openalex.org/W3165759728
https://openalex.org/W3170790451
https://openalex.org/W3179130068
https://openalex.org/W3183812500
https://openalex.org/W3193201427
https://openalex.org/W3199710222
https://openalex.org/W3203442935
https://openalex.org/W3213400555
https://openalex.org/W3217487698
https://openalex.org/W4200471819
https://openalex.org/W4206050830
https://openalex.org/W4206635806
https://openalex.org/W4220660015
https://openalex.org/W4220997741
https://openalex.org/W4224220578
https://openalex.org/W4225528119
https://openalex.org/W4242895736
https://openalex.org/W4244795452
https://openalex.org/W4252678512
https://openalex.org/W4253644159
https://openalex.org/W4280490352
https://openalex.org/W4283699773
https://openalex.org/W4288941212
https://openalex.org/W4296467579
https://openalex.org/W4310208582
https://openalex.org/W4319296656
https://openalex.org/W4360610593
https://openalex.org/W4361190285
https://openalex.org/W4361295746
https://openalex.org/W4366828521
https://openalex.org/W4376630594
https://openalex.org/W66927236
https://openalex.org/W78983221
https://openalex.org/W961263597
https://openalex.org/W982350830
https://openalex.org/W128710544
https://openalex.org/W14251827
https://openalex.org/W1434203767
https://openalex.org/W144865064
https://openalex.org/W146690191
https://openalex.org/W147973327
https://openalex.org/W1481075545
https://openalex.org/W1487473996
https://openalex.org/W1492821852
https://openalex.org/W15205685
https://openalex.org/W152635016
https://openalex.org/W156279658
https://openalex.org/W15980850
https://openalex.org/W171434532
https://openalex.org/W1732090691
https://openalex.org/W188399012
https://openalex.org/W1965106433
https://openalex.org/W1975368121
https://openalex.org/W1978468867
https://openalex.org/W1979484675
https://openalex.org/W1981082776
https://openalex.org/W1983523602
https://openalex.org/W1991720474
https://openalex.org/W1994182764
https://openalex.org/W2009854981
https://openalex.org/W2017804405
https://openalex.org/W2024369351
https://openalex.org/W2030703252
https://openalex.org/W2033544978
https://openalex.org/W2036908657
https://openalex.org/W2036918273
https://openalex.org/W2041405501
https://openalex.org/W2044516468
https://openalex.org/W2048675884
https://openalex.org/W2051323797
https://openalex.org/W2056328994
https://openalex.org/W2070360143
https://openalex.org/W2071135777
https://openalex.org/W2074044251
https://openalex.org/W2076437230
https://openalex.org/W2081946417
https://openalex.org/W2084700439
https://openalex.org/W2086871119
https://openalex.org/W2098422509
https://openalex.org/W2099362799
https://openalex.org/W2100905371
https://openalex.org/W2127025245
https://openalex.org/W2138100184
https://openalex.org/W2165362382
https://openalex.org/W2165776515
https://openalex.org/W2254657746
https://openalex.org/W2260603649
https://openalex.org/W2288959341
https://openalex.org/W2312992690
https://openalex.org/W2315574326
https://openalex.org/W2318578590
https://openalex.org/W2318876583
https://openalex.org/W2327462102
https://openalex.org/W2328718043
https://openalex.org/W2338531541
https://openalex.org/W2384520827
https://openalex.org/W2394817454
https://openalex.org/W2396120772
https://openalex.org/W2396984167
https://openalex.org/W2397286654
https://openalex.org/W2400564299
https://openalex.org/W2402030041
https://openalex.org/W2417827297
https://openalex.org/W2417889280
https://openalex.org/W2418891505
https://openalex.org/W2463466910
https://openalex.org/W2469025379
https://openalex.org/W2470384228
https://openalex.org/W2473092099
https://openalex.org/W2523149861
https://openalex.org/W2550404672
https://openalex.org/W2555052053
https://openalex.org/W2594349421
https://openalex.org/W2596061109
https://openalex.org/W263654111
https://openalex.org/W2725531608
https://openalex.org/W2736944374
https://openalex.org/W2740688895
https://openalex.org/W2747565796
https://openalex.org/W2774035361
https://openalex.org/W2794210484
https://openalex.org/W2802163368
https://openalex.org/W2809592633
https://openalex.org/W2883774507
https://openalex.org/W2897724626
https://openalex.org/W2897848137
https://openalex.org/W2906866175
https://openalex.org/W2913201111
https://openalex.org/W2925008089
https://openalex.org/W2938383091
https://openalex.org/W2943704039
https://openalex.org/W2952194336
https://openalex.org/W2960649871
https://openalex.org/W2978417944
https://openalex.org/W2980081948
https://openalex.org/W2984896852
https://openalex.org/W2986519572
https://openalex.org/W2987097285
https://openalex.org/W2992884819
https://openalex.org/W3000496837
https://openalex.org/W3003828659
https://openalex.org/W3004608913
https://openalex.org/W3007594714
https://openalex.org/W3012978437
https://openalex.org/W3021289443
https://openalex.org/W3026589207
https://openalex.org/W3030163564
https://openalex.org/W3041357634
https://openalex.org/W3045043206
https://openalex.org/W3046865807
https://openalex.org/W3046993959
https://openalex.org/W3047045307
https://openalex.org/W3049139945
https://openalex.org/W3062597051
https://openalex.org/W3080711560
https://openalex.org/W3088403021
https://openalex.org/W3092272534
https://openalex.org/W3122471909
https://openalex.org/W3125865512
https://openalex.org/W3145080165
https://openalex.org/W3146409075
https://openalex.org/W3156382261
https://openalex.org/W3159277087
https://openalex.org/W3159739474
https://openalex.org/W3170467143
https://openalex.org/W3170941746
https://openalex.org/W3184090317
https://openalex.org/W3193605927
https://openalex.org/W3199586659
https://openalex.org/W3200527931
https://openalex.org/W3202907683
https://openalex.org/W3203011472
https://openalex.org/W3211426448
https://openalex.org/W369261651
https://openalex.org/W4205952421
https://openalex.org/W4206400439
https://openalex.org/W4210600749
https://openalex.org/W4210800969
https://openalex.org/W4213157866
https://openalex.org/W4220725588
https://openalex.org/W4224989764
https://openalex.org/W4225517607
https://openalex.org/W4225716414
https://openalex.org/W4226265406
https://openalex.org/W4231487646
https://openalex.org/W4233105712
https://openalex.org/W4233190522
https://openalex.org/W4239937885
https://openalex.org/W4240918658
https://openalex.org/W4241094396
https://openalex.org/W4242294027
https://openalex.org/W4242619538
https://openalex.org/W4246121199
https://openalex.org/W4246490079
https://openalex.org/W4247208290
https://openalex.org/W4247212636
https://openalex.org/W4281735287
https://openalex.org/W4281778071
https://openalex.org/W4285746807
https://openalex.org/W4288070737
https://openalex.org/W4290647123
https://openalex.org/W4291398360
https://openalex.org/W4291734262
https://openalex.org/W4293157437
https://openalex.org/W4296963451
https://openalex.org/W4297009003
https://openalex.org/W4297038234
https://openalex.org/W4304203413
https://openalex.org/W4309715012
https://openalex.org/W4312199273
https://openalex.org/W4313039471
https://openalex.org/W4313167006
https://openalex.org/W4313328156
https://openalex.org/W4313485030
https://openalex.org/W4317682807
https://openalex.org/W4320489668
https://openalex.org/W4321447392
https://openalex.org/W4321604970
https://openalex.org/W4362457868
https://openalex.org/W4366201816
https://openalex.org/W4366603378
https://openalex.org/W4367053793
https://openalex.org/W4378515726
https://openalex.org/W4379197519
https://openalex.org/W4379537388
https://openalex.org/W4379977621
https://openalex.org/W4380768729
https://openalex.org/W4382753416
https://openalex.org/W4384213527
https://openalex.org/W57141467
https://openalex.org/W621185045
https://openalex.org/W948940480
https://openalex.org/W101583234
https://openalex.org/W1042038031
https://openalex.org/W108234189
https://openalex.org/W1122572381
https://openalex.org/W1145983044
https://openalex.org/W115425319
https://openalex.org/W126105267
https://openalex.org/W129607322
https://openalex.org/W1451905951
https://openalex.org/W1487855386
https://openalex.org/W149381957
https://openalex.org/W1497700373
https://openalex.org/W1506823182
https://openalex.org/W1509635194
https://openalex.org/W1516121581
https://openalex.org/W1516636923
https://openalex.org/W1525776228
https://openalex.org/W1531443338
https://openalex.org/W156167051
https://openalex.org/W1564170043
https://openalex.org/W157014324
https://openalex.org/W1575361748
https://openalex.org/W157877740
https://openalex.org/W1587791587
https://openalex.org/W158817995
https://openalex.org/W1589364269
https://openalex.org/W1604925687
https://openalex.org/W1632865355
https://openalex.org/W163655009
https://openalex.org/W1657093388
https://openalex.org/W1660900975
https://openalex.org/W1712435110
https://openalex.org/W1719876133
https://openalex.org/W1723905033
https://openalex.org/W1734656460
https://openalex.org/W1743823023
https://openalex.org/W1839346505
https://openalex.org/W1884176800
https://openalex.org/W190882874
https://openalex.org/W1911538095
https://openalex.org/W1965433938
https://openalex.org/W1967627838
https://openalex.org/W1968091895
https://openalex.org/W1969238619
https://openalex.org/W1974634759
https://openalex.org/W1977707335
https://openalex.org/W1977892403
https://openalex.org/W1977964336
https://openalex.org/W1983747195
https://openalex.org/W1987369467
https://openalex.org/W1989283431
https://openalex.org/W1990233859
https://openalex.org/W1992529278
https://openalex.org/W1993121930
https://openalex.org/W1993655209
https://openalex.org/W1997072555
https://openalex.org/W2001277657
https://openalex.org/W2003010306
https://openalex.org/W2003328658
https://openalex.org/W2005770957
https://openalex.org/W2007946831
https://openalex.org/W2008113500
https://openalex.org/W2010852086
https://openalex.org/W2013769680
https://openalex.org/W2014912809
https://openalex.org/W2015147074
https://openalex.org/W2016004882
https://openalex.org/W2016143195
https://openalex.org/W2017675714
https://openalex.org/W2018133693
https://openalex.org/W2018909875
https://openalex.org/W2022090544
https://openalex.org/W2030461374
https://openalex.org/W2030834535
https://openalex.org/W2031769370
https://openalex.org/W2033590860
https://openalex.org/W2034163265
https://openalex.org/W2034839204
https://openalex.org/W2043352577
https://openalex.org/W2044638266
https://openalex.org/W2045753044
https://openalex.org/W2049747135
https://openalex.org/W2051517151
https://openalex.org/W205212580
https://openalex.org/W2054219112
https://openalex.org/W2055552781
https://openalex.org/W2055595059
https://openalex.org/W2056668036
https://openalex.org/W2056697567
https://openalex.org/W2057327273
https://openalex.org/W2060865415
https://openalex.org/W2061376949
https://openalex.org/W2061616134
https://openalex.org/W2061628842
https://openalex.org/W2063295777
https://openalex.org/W2063813442
https://openalex.org/W2066492230
https://openalex.org/W2066833899
https://openalex.org/W2066928957
https://openalex.org/W2073181979
https://openalex.org/W2075596042
https://openalex.org/W2077566349
https://openalex.org/W2083380519
https://openalex.org/W2086638163
https://openalex.org/W2091350054
https://openalex.org/W2092043650
https://openalex.org/W2092546819
https://openalex.org/W2092978463
https://openalex.org/W2093978057
https://openalex.org/W2095578748
https://openalex.org/W2106325198
https://openalex.org/W2108359320
https://openalex.org/W2110234536
https://openalex.org/W2112627636
https://openalex.org/W2117007661
https://openalex.org/W2118564692
https://openalex.org/W2119282535
https://openalex.org/W2121616739
https://openalex.org/W2139481376
https://openalex.org/W2143597556
https://openalex.org/W2145817824
https://openalex.org/W2154852610
https://openalex.org/W2157716494
https://openalex.org/W2162505014
https://openalex.org/W2183445847
https://openalex.org/W2185648944
https://openalex.org/W2187073876
https://openalex.org/W2188769733
https://openalex.org/W2197589225
https://openalex.org/W2201250680
https://openalex.org/W2206334079
https://openalex.org/W2207681063
https://openalex.org/W2237975998
https://openalex.org/W2238852852
https://openalex.org/W2241195766
https://openalex.org/W2243214576
https://openalex.org/W2247116673
https://openalex.org/W2263333642
https://openalex.org/W2267758238
https://openalex.org/W2274544183
https://openalex.org/W2274677898
https://openalex.org/W2287490255
https://openalex.org/W2289363334
https://openalex.org/W2290195136
https://openalex.org/W2296788373
https://openalex.org/W2302771128
https://openalex.org/W2312003746
https://openalex.org/W2312388902
https://openalex.org/W2314062976
https://openalex.org/W2314568792
https://openalex.org/W2315418500
https://openalex.org/W2316621374
https://openalex.org/W2321513688
https://openalex.org/W2323056279
https://openalex.org/W2324351241
https://openalex.org/W2324780184
https://openalex.org/W2327803557
https://openalex.org/W2329168319
https://openalex.org/W2329557133
https://openalex.org/W2330039071
https://openalex.org/W2330790040
https://openalex.org/W2331368453
https://openalex.org/W2331857740
https://openalex.org/W2332301201
https://openalex.org/W2333362601
https://openalex.org/W2333411381
https://openalex.org/W2339585060
https://openalex.org/W2339740874
https://openalex.org/W2341800184
https://openalex.org/W2344060447
https://openalex.org/W2345823384
https://openalex.org/W2346893059
https://openalex.org/W2348342575
https://openalex.org/W2349066363
https://openalex.org/W2353019956
https://openalex.org/W2353425627
https://openalex.org/W235553268
https://openalex.org/W2356113144
https://openalex.org/W2359297897
https://openalex.org/W2359929533
https://openalex.org/W2367926009
https://openalex.org/W2368558735
https://openalex.org/W2377988274
https://openalex.org/W2386069663
https://openalex.org/W2387552106
https://openalex.org/W2388369995
https://openalex.org/W2392316548
https://openalex.org/W2392956769
https://openalex.org/W2392968655
https://openalex.org/W2397332078
https://openalex.org/W2398089098
https://openalex.org/W2398204546
https://openalex.org/W2398418679
https://openalex.org/W2404077955
https://openalex.org/W2404380444
https://openalex.org/W2405081489
https://openalex.org/W2407186430
https://openalex.org/W2407737485
https://openalex.org/W2409751436
https://openalex.org/W2411498920
https://openalex.org/W2411609562
https://openalex.org/W2411885395
https://openalex.org/W2416407920
https://openalex.org/W2419672639
https://openalex.org/W2434630444
https://openalex.org/W2440156116
https://openalex.org/W2463934348
https://openalex.org/W2463962947
https://openalex.org/W2464944045
https://openalex.org/W2465204707
https://openalex.org/W2473032567
https://openalex.org/W2474672156
https://openalex.org/W2474692329
https://openalex.org/W2477666231
https://openalex.org/W249599956
https://openalex.org/W2502253992
https://openalex.org/W2508486674
https://openalex.org/W250983939
https://openalex.org/W2514671231
https://openalex.org/W2515815329
https://openalex.org/W2517539511
https://openalex.org/W2517691766
https://openalex.org/W2518705553
https://openalex.org/W2518761590
https://openalex.org/W2520929667
https://openalex.org/W2520965409
https://openalex.org/W2521468922
https://openalex.org/W2522813240
https://openalex.org/W2523887475
https://openalex.org/W2527999475
https://openalex.org/W2530078750
https://openalex.org/W2530293175
https://openalex.org/W2531632418
https://openalex.org/W2532619343
https://openalex.org/W2541061262
https://openalex.org/W2553409539
https://openalex.org/W2565295009
https://openalex.org/W2567635653
https://openalex.org/W2569511312
https://openalex.org/W2572733635
https://openalex.org/W2579893655
https://openalex.org/W2580939980
https://openalex.org/W2582225515
https://openalex.org/W2583431873
https://openalex.org/W2583451780
https://openalex.org/W2583736680
https://openalex.org/W2584667108
https://openalex.org/W2586572932
https://openalex.org/W2586699540
https://openalex.org/W2587335283
https://openalex.org/W259240333
https://openalex.org/W2592485706
https://openalex.org/W2595645991
https://openalex.org/W2595707600
https://openalex.org/W2595978508
https://openalex.org/W2598860105
https://openalex.org/W2599561711
https://openalex.org/W2600584883
https://openalex.org/W2602889454
https://openalex.org/W2603022956
https://openalex.org/W2603047333
https://openalex.org/W2605355793
https://openalex.org/W2605423803
https://openalex.org/W2605757844
https://openalex.org/W2611573075
https://openalex.org/W2612526072
https://openalex.org/W2614594543
https://openalex.org/W2614777857
https://openalex.org/W2615137250
https://openalex.org/W2616124676
https://openalex.org/W2619613778
https://openalex.org/W2622415369
https://openalex.org/W2625206278
https://openalex.org/W2641764307
https://openalex.org/W268543215
https://openalex.org/W2721515076
https://openalex.org/W2725391746
https://openalex.org/W2730818320
https://openalex.org/W2735154771
https://openalex.org/W2736133731
https://openalex.org/W2737324718
https://openalex.org/W2738778417
https://openalex.org/W2739177076
https://openalex.org/W2739226566
https://openalex.org/W2742134123
https://openalex.org/W2742600013
https://openalex.org/W2742862902
https://openalex.org/W2746166442
https://openalex.org/W2746319728
https://openalex.org/W2747449181
https://openalex.org/W2748474711
https://openalex.org/W2750012792
https://openalex.org/W2750136637
https://openalex.org/W2751651400
https://openalex.org/W2751759555
https://openalex.org/W2752496131
https://openalex.org/W2752741143
https://openalex.org/W2756785779
https://openalex.org/W2762732489
https://openalex.org/W2764912129
https://openalex.org/W2765161604
https://openalex.org/W2767236163
https://openalex.org/W2767384676
https://openalex.org/W2768858217
https://openalex.org/W2769335795
https://openalex.org/W2769504817
https://openalex.org/W2770696285
https://openalex.org/W2774082408
https://openalex.org/W2775262067
https://openalex.org/W2776696408
https://openalex.org/W2779056090
https://openalex.org/W2783334998
https://openalex.org/W2788244037
https://openalex.org/W2788434511
https://openalex.org/W2788952762
https://openalex.org/W2789556496
https://openalex.org/W2789595990
https://openalex.org/W2789638030
https://openalex.org/W2790218757
https://openalex.org/W2790299915
https://openalex.org/W2790538568
https://openalex.org/W2790578574
https://openalex.org/W2791093270
https://openalex.org/W2792907999
https://openalex.org/W2793218993
https://openalex.org/W2793462284
https://openalex.org/W2793588716
https://openalex.org/W2794368604
https://openalex.org/W2799386121
https://openalex.org/W2799579428
https://openalex.org/W2799931954
https://openalex.org/W2800435548
https://openalex.org/W2800559154
https://openalex.org/W2800664025
https://openalex.org/W2800708634
https://openalex.org/W2800746471
https://openalex.org/W2801042112
https://openalex.org/W2801097010
https://openalex.org/W2801197605
https://openalex.org/W2801418476
https://openalex.org/W2801473657
https://openalex.org/W2801587759
https://openalex.org/W2801850866
https://openalex.org/W2801974569
https://openalex.org/W2802018157
https://openalex.org/W2802031838
https://openalex.org/W2802060598
https://openalex.org/W2802318376
https://openalex.org/W2802983855
https://openalex.org/W2803333467
https://openalex.org/W2804118311
https://openalex.org/W2804781546
https://openalex.org/W2809391654
https://openalex.org/W284828455
https://openalex.org/W2885457885
https://openalex.org/W288726300
https://openalex.org/W2888824363
https://openalex.org/W2889719418
https://openalex.org/W2896055973
https://openalex.org/W2896553656
https://openalex.org/W2899140704
https://openalex.org/W2899242632
https://openalex.org/W2899441951
https://openalex.org/W2900795063
https://openalex.org/W2901224912
https://openalex.org/W2901731190
https://openalex.org/W2901916265
https://openalex.org/W2902912897
https://openalex.org/W2904447803
https://openalex.org/W2904823848
https://openalex.org/W2904936527
https://openalex.org/W2905397835
https://openalex.org/W2910639385
https://openalex.org/W2911668468
https://openalex.org/W2912334150
https://openalex.org/W2912739974
https://openalex.org/W2913025397
https://openalex.org/W2913914000
https://openalex.org/W2914849631
https://openalex.org/W2915066470
https://openalex.org/W2915349114
https://openalex.org/W2916774587
https://openalex.org/W2918332182
https://openalex.org/W2920798702
https://openalex.org/W2921834816
https://openalex.org/W2922443530
https://openalex.org/W2922479298
https://openalex.org/W2923708407
https://openalex.org/W2936978104
https://openalex.org/W2941404646
https://openalex.org/W2942878704
https://openalex.org/W2943954476
https://openalex.org/W2944181886
https://openalex.org/W2944675916
https://openalex.org/W2945007570
https://openalex.org/W2946356935
https://openalex.org/W2947309054
https://openalex.org/W2948377448
https://openalex.org/W2948492073
https://openalex.org/W2949071164
https://openalex.org/W2950651585
https://openalex.org/W2953063088
https://openalex.org/W2953746938
https://openalex.org/W2954354184
https://openalex.org/W2956668886
https://openalex.org/W2964419818
https://openalex.org/W2967783926
https://openalex.org/W2971491464
https://openalex.org/W2971677950
https://openalex.org/W2973089835
https://openalex.org/W2975660756
https://openalex.org/W2977597093
https://openalex.org/W2978598231
https://openalex.org/W2978907039
https://openalex.org/W2980143992
https://openalex.org/W2981053167
https://openalex.org/W2982905415
https://openalex.org/W2987557000
https://openalex.org/W2989686649
https://openalex.org/W2993999885
https://openalex.org/W2994253931
https://openalex.org/W2995310645
https://openalex.org/W2996121465
https://openalex.org/W2996181567
https://openalex.org/W2996223909
https://openalex.org/W2999354103
https://openalex.org/W3002340858
https://openalex.org/W3003208286
https://openalex.org/W3003424522
https://openalex.org/W3005985991
https://openalex.org/W3007335683
https://openalex.org/W3009155711
https://openalex.org/W3009718424
https://openalex.org/W3010120631
https://openalex.org/W3011839979
https://openalex.org/W3012040542
https://openalex.org/W3012057924
https://openalex.org/W3014994325
https://openalex.org/W3017606993
https://openalex.org/W3020625958
https://openalex.org/W3022022822
https://openalex.org/W3022058381
https://openalex.org/W3022559912
https://openalex.org/W3023557895
https://openalex.org/W3030173704
https://openalex.org/W3030278334
https://openalex.org/W3030714612
https://openalex.org/W3031223965
https://openalex.org/W3031694338
https://openalex.org/W303279012
https://openalex.org/W3034806007
https://openalex.org/W3040808665
https://openalex.org/W3041098583
https://openalex.org/W3041271930
https://openalex.org/W3043659757
https://openalex.org/W3044187404
https://openalex.org/W3045500793
https://openalex.org/W3045965402
https://openalex.org/W3046051173
https://openalex.org/W3048013439
https://openalex.org/W3081109481
https://openalex.org/W3081825478
https://openalex.org/W3082539379
https://openalex.org/W3082570873
https://openalex.org/W3083408089
https://openalex.org/W3083928084
https://openalex.org/W3086154872
https://openalex.org/W3086786197
https://openalex.org/W3087544524
https://openalex.org/W3089926559
https://openalex.org/W3091885487
https://openalex.org/W3093379452
https://openalex.org/W3095514507
https://openalex.org/W3101027669
https://openalex.org/W3102033061
https://openalex.org/W3102616678
https://openalex.org/W3103636727
https://openalex.org/W3104540428
https://openalex.org/W3104937121
https://openalex.org/W3109323077
https://openalex.org/W3115917504
https://openalex.org/W3117692788
https://openalex.org/W3123631481
https://openalex.org/W3129931119
https://openalex.org/W3137219188
https://openalex.org/W3138632490
https://openalex.org/W3138673700
https://openalex.org/W3148407642
https://openalex.org/W3149353263
https://openalex.org/W3153868372
https://openalex.org/W3154755245
https://openalex.org/W3155937671
https://openalex.org/W3156890792
https://openalex.org/W3158528767
https://openalex.org/W3159971528
https://openalex.org/W3160374602
https://openalex.org/W3160623099
https://openalex.org/W3162186526
https://openalex.org/W3162785867
https://openalex.org/W3162794242
https://openalex.org/W3163271278
https://openalex.org/W3163467124
https://openalex.org/W3165640943
https://openalex.org/W3165845840
https://openalex.org/W3166307549
https://openalex.org/W3166753655
https://openalex.org/W3167855004
https://openalex.org/W3170376649
https://openalex.org/W3171099157
https://openalex.org/W3172067332
https://openalex.org/W3172508635
https://openalex.org/W3175384363
https://openalex.org/W3175944402
https://openalex.org/W3176193509
https://openalex.org/W3176252966
https://openalex.org/W3176435359
https://openalex.org/W3176503698
https://openalex.org/W3178278415
https://openalex.org/W3181006268
https://openalex.org/W3181374835
https://openalex.org/W3184542250
https://openalex.org/W3184839224
https://openalex.org/W3186479657
https://openalex.org/W3186521180
https://openalex.org/W3186644900
https://openalex.org/W3186768216
https://openalex.org/W3189036940
https://openalex.org/W3190574404
https://openalex.org/W3190583052
https://openalex.org/W3192892983
https://openalex.org/W3193427955
https://openalex.org/W3197686884
https://openalex.org/W3198002833
https://openalex.org/W3198202110
https://openalex.org/W319914793
https://openalex.org/W3199733456
https://openalex.org/W3202861345
https://openalex.org/W3203037729
https://openalex.org/W3203170048
https://openalex.org/W3204098060
https://openalex.org/W3205845224
https://openalex.org/W3207708752
https://openalex.org/W3207822111
https://openalex.org/W3207978698
https://openalex.org/W3208423273
https://openalex.org/W3208526787
https://openalex.org/W3209217599
https://openalex.org/W3211004297
https://openalex.org/W3211248935
https://openalex.org/W3211545025
https://openalex.org/W3214792287
https://openalex.org/W3215801340
https://openalex.org/W3215846632
https://openalex.org/W3216393811
https://openalex.org/W3217308011
https://openalex.org/W328321309
https://openalex.org/W332205103
https://openalex.org/W337384092
https://openalex.org/W35084717
https://openalex.org/W357456152
https://openalex.org/W366527108
https://openalex.org/W4200036524
https://openalex.org/W4200363273
https://openalex.org/W4200450388
https://openalex.org/W4200605815
https://openalex.org/W4205205114
https://openalex.org/W4206121866
https://openalex.org/W4210791497
https://openalex.org/W4211196615
https://openalex.org/W4213060733
https://openalex.org/W4213283591
https://openalex.org/W4220823354
https://openalex.org/W4220844012
https://openalex.org/W4221012866
https://openalex.org/W4229927602
https://openalex.org/W4232332437
https://openalex.org/W4233241970
https://openalex.org/W4233563306
https://openalex.org/W4233798114
https://openalex.org/W4233975229
https://openalex.org/W4234268799
https://openalex.org/W4234583937
https://openalex.org/W4234870266
https://openalex.org/W4235055122
https://openalex.org/W4235633679
https://openalex.org/W4235765356
https://openalex.org/W4236088673
https://openalex.org/W4236827105
https://openalex.org/W4237292937
https://openalex.org/W4237377027
https://openalex.org/W4237443255
https://openalex.org/W4238161543
https://openalex.org/W4238571605
https://openalex.org/W4238662021
https://openalex.org/W4239181034
https://openalex.org/W4239496414
https://openalex.org/W4240016921
https://openalex.org/W4240065443
https://openalex.org/W4240160741
https://openalex.org/W4240319115
https://openalex.org/W4242067672
https://openalex.org/W4242106177
https://openalex.org/W4242268023
https://openalex.org/W4242547734
https://openalex.org/W4242663928
https://openalex.org/W4242672872
https://openalex.org/W4242922432
https://openalex.org/W4243047430
https://openalex.org/W4243564739
https://openalex.org/W4244476986
https://openalex.org/W4245007659
https://openalex.org/W4245054802
https://openalex.org/W4245479880
https://openalex.org/W4245632555
https://openalex.org/W4245637161
https://openalex.org/W4246477249
https://openalex.org/W4246725448
https://openalex.org/W4247075218
https://openalex.org/W4247460964
https://openalex.org/W4247957654
https://openalex.org/W4248986983
https://openalex.org/W4249924985
https://openalex.org/W4249972763
https://openalex.org/W4251520987
https://openalex.org/W4251589228
https://openalex.org/W4251977508
https://openalex.org/W4252643596
https://openalex.org/W4252780842
https://openalex.org/W4253246257
https://openalex.org/W4253515964
https://openalex.org/W4254905297
https://openalex.org/W4280505535
https://openalex.org/W4281750944
https://openalex.org/W4285586796
https://openalex.org/W4287133545
https://openalex.org/W4287578661
https://openalex.org/W4287995340
https://openalex.org/W4288077760
https://openalex.org/W4289874382
https://openalex.org/W4289922252
https://openalex.org/W4292675133
https://openalex.org/W4292862929
https://openalex.org/W4293508513
https://openalex.org/W4294869848
https://openalex.org/W4296006870
https://openalex.org/W4296130184
https://openalex.org/W4296197476
https://openalex.org/W4297216568
https://openalex.org/W4297259034
https://openalex.org/W4303453690
https://openalex.org/W4307607010
https://openalex.org/W4307808726
https://openalex.org/W4308014911
https://openalex.org/W4308056311
https://openalex.org/W4308239210
https://openalex.org/W4308399099
https://openalex.org/W4308573942
https://openalex.org/W4308577255
https://openalex.org/W4309315768
https://openalex.org/W4309327094
https://openalex.org/W4311830488
https://openalex.org/W4312235290
https://openalex.org/W4313366197
https://openalex.org/W4313387398
https://openalex.org/W4313485071
https://openalex.org/W4313494908
https://openalex.org/W4315978919
https://openalex.org/W4317107926
https://openalex.org/W4317214043
https://openalex.org/W4317702533
https://openalex.org/W4318542377
https://openalex.org/W4318820401
https://openalex.org/W4321072321
https://openalex.org/W4321097822
https://openalex.org/W4321483616
https://openalex.org/W4321792343
https://openalex.org/W4322502524
https://openalex.org/W4322718800
https://openalex.org/W4360952449
https://openalex.org/W4361000592
https://openalex.org/W4361218189
https://openalex.org/W4361248433
https://openalex.org/W4361813486
https://openalex.org/W4361813492
https://openalex.org/W4361813495
https://openalex.org/W4361813505
https://openalex.org/W4361813520
https://openalex.org/W4361813538
https://openalex.org/W4361871154
https://openalex.org/W4361871280
https://openalex.org/W4361879763
https://openalex.org/W4361942768
https://openalex.org/W4361948799
https://openalex.org/W4362417676
https://openalex.org/W4362425759
https://openalex.org/W4362453004
https://openalex.org/W4362460426
https://openalex.org/W4362637217
https://openalex.org/W4365459135
https://openalex.org/W4366166756
https://openalex.org/W4366597110
https://openalex.org/W4366603209
https://openalex.org/W4368341174
https://openalex.org/W4376108859
https://openalex.org/W4376128915
https://openalex.org/W4376130552
https://openalex.org/W4377043459
https://openalex.org/W4377043507
https://openalex.org/W4377943999
https://openalex.org/W4377967831
https://openalex.org/W4378071107
https://openalex.org/W4378213820
https://openalex.org/W4378533537
https://openalex.org/W4378803013
https://openalex.org/W4379053894
https://openalex.org/W4379058418
https://openalex.org/W4379229518
https://openalex.org/W4379387187
https://openalex.org/W4379619185
https://openalex.org/W4379882007
https://openalex.org/W4380319970
https://openalex.org/W4380628584
https://openalex.org/W4380882130
https://openalex.org/W4380886136
https://openalex.org/W4381158133
https://openalex.org/W4381480618
https://openalex.org/W4382502266
https://openalex.org/W4382700251
https://openalex.org/W4383065942
https://openalex.org/W4383224945
https://openalex.org/W4383295252
https://openalex.org/W4383506249
https://openalex.org/W4384848002
https://openalex.org/W4384949767
https://openalex.org/W4385011520
https://openalex.org/W4385376390
https://openalex.org/W4385612011
https://openalex.org/W4385661970
https://openalex.org/W4385665226
https://openalex.org/W4385769740
https://openalex.org/W4385778815
https://openalex.org/W4385781510
https://openalex.org/W4385971227
https://openalex.org/W4385972030
https://openalex.org/W4386135505
https://openalex.org/W4386279276
https://openalex.org/W4386280839
https://openalex.org/W4386438511
https://openalex.org/W4386484026
https://openalex.org/W4386531432
https://openalex.org/W4386592699
https://openalex.org/W4386704831
https://openalex.org/W4386813278
https://openalex.org/W4386861067
https://openalex.org/W4386996307
https://openalex.org/W4387048582
https://openalex.org/W4387062853
https://openalex.org/W51333902
https://openalex.org/W53358492
https://openalex.org/W565810387
https://openalex.org/W581958089
https://openalex.org/W596204402
https://openalex.org/W596625780
https://openalex.org/W63115946
https://openalex.org/W64462521
https://openalex.org/W65336001
https://openalex.org/W68093360
https://openalex.org/W70514051
https://openalex.org/W82986886
https://openalex.org/W883257095
https://openalex.org/W94698519
https://openalex.org/W970597723
https://openalex.org/W2145339207
https://openalex.org/W1966078827
https://openalex.org/W3177828909
https://openalex.org/W2171268876
https://openalex.org/W1031578623
https://openalex.org/W2128572087
https://openalex.org/W2123768693
https://openalex.org/W2160544821
https://openalex.org/W2049145190
https://openalex.org/W2059013803
https://openalex.org/W2146592576
https://openalex.org/W3211795435
https://openalex.org/W2999044305
https://openalex.org/W2097743943
https://openalex.org/W2139126750
https://openalex.org/W3183475563
https://openalex.org/W2144327104
https://openalex.org/W2003996125
https://openalex.org/W2162412444
https://openalex.org/W4246043393
https://openalex.org/W2782917400
https://openalex.org/W3097297264
https://openalex.org/W2052038479
https://openalex.org/W4211153246
https://openalex.org/W2118333950
https://openalex.org/W4211061743
https://openalex.org/W2128824543
https://openalex.org/W1993606481
https://openalex.org/W2013984455
https://openalex.org/W4211186737
https://openalex.org/W2115167653
https://openalex.org/W2314745108
https://openalex.org/W2007971998
https://openalex.org/W3035706118
https://openalex.org/W2099106733
https://openalex.org/W2012464391
https://openalex.org/W2017019577
https://openalex.org/W2106111979
https://openalex.org/W4210961373
https://openalex.org/W2099326239
https://openalex.org/W1977647599
https://openalex.org/W1967640021
https://openalex.org/W2114309709
https://openalex.org/W3041532377
https://openalex.org/W2130799585
https://openalex.org/W1624860839
https://openalex.org/W2090066986
https://openalex.org/W2064388657
https://openalex.org/W2169968306
https://openalex.org/W1955400615
https://openalex.org/W2168507497
https://openalex.org/W2007647898
https://openalex.org/W2112186128
https://openalex.org/W2169224177
https://openalex.org/W2800142021
https://openalex.org/W1964864891
https://openalex.org/W2076166690
https://openalex.org/W2052150955
https://openalex.org/W2144370156
https://openalex.org/W1993702378
https://openalex.org/W1982274138
https://openalex.org/W2055903829
https://openalex.org/W3081778241
https://openalex.org/W2043456930
https://openalex.org/W2020525292
https://openalex.org/W2150509255
https://openalex.org/W4231706834
https://openalex.org/W1981709629
https://openalex.org/W3007223608
https://openalex.org/W2045250499
https://openalex.org/W2133030978
https://openalex.org/W2750520295
https://openalex.org/W2062382937
https://openalex.org/W2031658907
https://openalex.org/W2142643911
https://openalex.org/W3121139527
https://openalex.org/W2095507762
https://openalex.org/W2338935869
https://openalex.org/W1975792971
https://openalex.org/W2015110061
https://openalex.org/W1997506884
https://openalex.org/W2046321497
https://openalex.org/W2320153276
https://openalex.org/W2095975942
https://openalex.org/W2011742128
https://openalex.org/W2045957511
https://openalex.org/W2112439550
https://openalex.org/W2117253018
https://openalex.org/W2088494611
https://openalex.org/W2037088901
https://openalex.org/W2077709135
https://openalex.org/W2149586549
https://openalex.org/W2022761976
https://openalex.org/W2080717224
https://openalex.org/W2008771500
https://openalex.org/W2008679807
https://openalex.org/W2141844425
https://openalex.org/W2144773349
https://openalex.org/W2001663023
https://openalex.org/W3006022816
https://openalex.org/W2163579397
https://openalex.org/W2132759468
https://openalex.org/W2015914145
https://openalex.org/W1976438877
https://openalex.org/W2162724352
https://openalex.org/W2130690556
https://openalex.org/W1979881566
https://openalex.org/W2749807327
https://openalex.org/W1988484579
https://openalex.org/W2030454776
https://openalex.org/W2214441024
https://openalex.org/W1987618226
https://openalex.org/W2135989597
https://openalex.org/W2600601813
https://openalex.org/W2152471910
https://openalex.org/W1852344107
https://openalex.org/W1966410171
https://openalex.org/W2131399205
https://openalex.org/W2093322139
https://openalex.org/W17303524
https://openalex.org/W1974395224
https://openalex.org/W2040503203
https://openalex.org/W2161018651
https://openalex.org/W2005039368
https://openalex.org/W2003433953
https://openalex.org/W1995203017
https://openalex.org/W2105307395
https://openalex.org/W2980272550
https://openalex.org/W2340600765
https://openalex.org/W2067656626
https://openalex.org/W2064098393
https://openalex.org/W2111517065
https://openalex.org/W2339584988
https://openalex.org/W2111740872
https://openalex.org/W2117735955
https://openalex.org/W2109612351
https://openalex.org/W1972723441
https://openalex.org/W1966172304
https://openalex.org/W1994558736
https://openalex.org/W2025549947
https://openalex.org/W2037770052
https://openalex.org/W2039333435
https://openalex.org/W2064240730
https://openalex.org/W3006887307
https://openalex.org/W2077088013
https://openalex.org/W2086800637
https://openalex.org/W1980087486
https://openalex.org/W2066887915
https://openalex.org/W2157747554
https://openalex.org/W2766378176
https://openalex.org/W2066500575
https://openalex.org/W1964428612
https://openalex.org/W2055055895
https://openalex.org/W2083537836
https://openalex.org/W2061312562
https://openalex.org/W2102775774
https://openalex.org/W3092054218
https://openalex.org/W2029092169
https://openalex.org/W4285421256
https://openalex.org/W2128685355
https://openalex.org/W2019309156
https://openalex.org/W2129336783
https://openalex.org/W2030322029
https://openalex.org/W1989099240
https://openalex.org/W1545898285
https://openalex.org/W2010403501
https://openalex.org/W2024771202
https://openalex.org/W2045504088
https://openalex.org/W1547680175
https://openalex.org/W1658008008
https://openalex.org/W2008586394
https://openalex.org/W2143754984
https://openalex.org/W1959393311
https://openalex.org/W3026093678
https://openalex.org/W2028482048
https://openalex.org/W2149388804
https://openalex.org/W4211101666
https://openalex.org/W1592215258
https://openalex.org/W1975497198
https://openalex.org/W2115338157
https://openalex.org/W2048563227
https://openalex.org/W2139945256
https://openalex.org/W2111571221
https://openalex.org/W2071944333
https://openalex.org/W2123356870
https://openalex.org/W2053576250
https://openalex.org/W3203459683
https://openalex.org/W2012888595
https://openalex.org/W1965658167
https://openalex.org/W2883731169
https://openalex.org/W2060862586
https://openalex.org/W2075823509
https://openalex.org/W2153597830
https://openalex.org/W2320571074
https://openalex.org/W1821112440
https://openalex.org/W1845466084
https://openalex.org/W2074978329
https://openalex.org/W1506714296
https://openalex.org/W2024518620
https://openalex.org/W1976356327
https://openalex.org/W2072885171
https://openalex.org/W2099681873
https://openalex.org/W2169273342
https://openalex.org/W2049141731
https://openalex.org/W2057372009
https://openalex.org/W2099489196
https://openalex.org/W2048803903
https://openalex.org/W2076840880
https://openalex.org/W2201505268
https://openalex.org/W2087390915
https://openalex.org/W2092755964
https://openalex.org/W2076396960
https://openalex.org/W2104052230
https://openalex.org/W2555176140
https://openalex.org/W2095106591
https://openalex.org/W2739768726
https://openalex.org/W2056318828
https://openalex.org/W2322025889
https://openalex.org/W2010426112
https://openalex.org/W2089478895
https://openalex.org/W2027321452
https://openalex.org/W2062014287
https://openalex.org/W2125403231
https://openalex.org/W1988639692
https://openalex.org/W3002719183
https://openalex.org/W3028221850
https://openalex.org/W2063509019
https://openalex.org/W2014831771
https://openalex.org/W2083571917
https://openalex.org/W2042738426
https://openalex.org/W2068853838
https://openalex.org/W2124515706
https://openalex.org/W1969068231
https://openalex.org/W2137367218
https://openalex.org/W2148498821
https://openalex.org/W2097536603
https://openalex.org/W2054454606
https://openalex.org/W2128486910
https://openalex.org/W2019629950
https://openalex.org/W2077758783
https://openalex.org/W2088151214
https://openalex.org/W2125221048
https://openalex.org/W2148548823
https://openalex.org/W2480369291
https://openalex.org/W1967432003
https://openalex.org/W1968659118
https://openalex.org/W2014610831
https://openalex.org/W2016037021
https://openalex.org/W1983444506
https://openalex.org/W2003609168
https://openalex.org/W2047070723
https://openalex.org/W2061691925
https://openalex.org/W2086359322
https://openalex.org/W2137204862
https://openalex.org/W2020667484
https://openalex.org/W1978034376
https://openalex.org/W2028879322
https://openalex.org/W2059566793
https://openalex.org/W2936745692
https://openalex.org/W1560374098
https://openalex.org/W2075309202
https://openalex.org/W2085531769
https://openalex.org/W2163804636
https://openalex.org/W2037481310
https://openalex.org/W4200371263
https://openalex.org/W2048790780
https://openalex.org/W2059108193
https://openalex.org/W2132838331
https://openalex.org/W3092065193
https://openalex.org/W2079411400
https://openalex.org/W2054576973
https://openalex.org/W2060015200
https://openalex.org/W2107455091
https://openalex.org/W2314372934
https://openalex.org/W2768040817
https://openalex.org/W1981170407
https://openalex.org/W2166627101
https://openalex.org/W2168049101
https://openalex.org/W1970644130
https://openalex.org/W1987096821
https://openalex.org/W2053955835
https://openalex.org/W2059611182
https://openalex.org/W2083323668
https://openalex.org/W2204553896
https://openalex.org/W3032138494
https://openalex.org/W2053026091
https://openalex.org/W2165623875
https://openalex.org/W2801246988
https://openalex.org/W1978588146
https://openalex.org/W2003058879
https://openalex.org/W2034654482
https://openalex.org/W2077236955
https://openalex.org/W2079346361
https://openalex.org/W2153625847
https://openalex.org/W1987447759
https://openalex.org/W2026656775
https://openalex.org/W1972305947
https://openalex.org/W1985385342
https://openalex.org/W2067687448
https://openalex.org/W1904802773
https://openalex.org/W1967026610
https://openalex.org/W2028593140
https://openalex.org/W2265962720
https://openalex.org/W1973803245
https://openalex.org/W2001914459
https://openalex.org/W2145199044
https://openalex.org/W1978628439
https://openalex.org/W2004589166
https://openalex.org/W2013567835
https://openalex.org/W2017464398
https://openalex.org/W1954093486
https://openalex.org/W1989117309
https://openalex.org/W2066298057
https://openalex.org/W1979641686
https://openalex.org/W2006182157
https://openalex.org/W2036719864
https://openalex.org/W2077862797
https://openalex.org/W2094760960
https://openalex.org/W1973551742
https://openalex.org/W2041319846
https://openalex.org/W1979958088
https://openalex.org/W1987616121
https://openalex.org/W1989570444
https://openalex.org/W2016357408
https://openalex.org/W2023944270
https://openalex.org/W1982675549
https://openalex.org/W2024535827
https://openalex.org/W2079167165
https://openalex.org/W2088397223
https://openalex.org/W2093007558
https://openalex.org/W2153377838
https://openalex.org/W2161007854
https://openalex.org/W1988562700
https://openalex.org/W2005038444
https://openalex.org/W2011187017
https://openalex.org/W4212801892
https://openalex.org/W4301896953
https://openalex.org/W2107990388
https://openalex.org/W1563033895
https://openalex.org/W2995438719
https://openalex.org/W1783694558
https://openalex.org/W2000296908
https://openalex.org/W2077483496
https://openalex.org/W2009133224
https://openalex.org/W2025734997
https://openalex.org/W2089342083
https://openalex.org/W2105854890
https://openalex.org/W1979509265
https://openalex.org/W2077552692
https://openalex.org/W1967632213
https://openalex.org/W2000948494
https://openalex.org/W2029174290
https://openalex.org/W4211156890
https://openalex.org/W1980194855
https://openalex.org/W2066831641
https://openalex.org/W2175910208
https://openalex.org/W2263648513
https://openalex.org/W4246283232
https://openalex.org/W1919292148
https://openalex.org/W2120222308
https://openalex.org/W2133987988
https://openalex.org/W1984228274
https://openalex.org/W1998100315
https://openalex.org/W2001992914
https://openalex.org/W2166841919
https://openalex.org/W2171661161
https://openalex.org/W2056226871
https://openalex.org/W2061635304
https://openalex.org/W2062599935
https://openalex.org/W2078440816
https://openalex.org/W2133806441
https://openalex.org/W3119616991
https://openalex.org/W4200576031
https://openalex.org/W2108934489
https://openalex.org/W1992153775
https://openalex.org/W2039630990
https://openalex.org/W2076221991
https://openalex.org/W2735551698
https://openalex.org/W2029058453
https://openalex.org/W2121278418
https://openalex.org/W2127377425
https://openalex.org/W2137927727
https://openalex.org/W2138579509
https://openalex.org/W1988437373
https://openalex.org/W2078592284
https://openalex.org/W2080577107
https://openalex.org/W2142588814
https://openalex.org/W2148943279
https://openalex.org/W3121744581
https://openalex.org/W1984139313
https://openalex.org/W1989837532
https://openalex.org/W2012731077
https://openalex.org/W2069888248
https://openalex.org/W2210908977
https://openalex.org/W2942483658
https://openalex.org/W1971009500
https://openalex.org/W1985947763
https://openalex.org/W1988099779
https://openalex.org/W2113909241
https://openalex.org/W1968887561
https://openalex.org/W1997630199
https://openalex.org/W1998866427
https://openalex.org/W2069749752
https://openalex.org/W2105680452
https://openalex.org/W1585296580
https://openalex.org/W1987145714
https://openalex.org/W1997624846
https://openalex.org/W2031806580
https://openalex.org/W2122284156
https://openalex.org/W2139140534
https://openalex.org/W2764113456
https://openalex.org/W2003351487
https://openalex.org/W2003632578
https://openalex.org/W2063031535
https://openalex.org/W2270188224
https://openalex.org/W1975593145
https://openalex.org/W1992861325
https://openalex.org/W2022887086
https://openalex.org/W2030914871
https://openalex.org/W2046275989
https://openalex.org/W2053347165
https://openalex.org/W2067878124
https://openalex.org/W2089497077
https://openalex.org/W2403981087
https://openalex.org/W3024424810
https://openalex.org/W1484703715
https://openalex.org/W1988809467
https://openalex.org/W2107511675
https://openalex.org/W2123526306
https://openalex.org/W2163357983
https://openalex.org/W1635838947
https://openalex.org/W2114109833
https://openalex.org/W2122246436
https://openalex.org/W2606400921
https://openalex.org/W277397517
https://openalex.org/W2017343222
https://openalex.org/W2023442754
https://openalex.org/W2028134495
https://openalex.org/W2035803354
https://openalex.org/W2087066278
https://openalex.org/W2092252579
https://openalex.org/W1986345391
https://openalex.org/W2024751118
https://openalex.org/W2060247351
https://openalex.org/W2064445938
https://openalex.org/W2066164024
https://openalex.org/W2102549543
https://openalex.org/W2131291113
https://openalex.org/W2157034312
https://openalex.org/W1583364950
https://openalex.org/W2139231376
https://openalex.org/W2164123954
https://openalex.org/W1972896863
https://openalex.org/W2051142459
https://openalex.org/W2078989685
https://openalex.org/W2105549241
https://openalex.org/W2163461878
https://openalex.org/W2243925312
https://openalex.org/W1552694625
https://openalex.org/W1991887395
https://openalex.org/W2092923308
https://openalex.org/W2138084314
https://openalex.org/W1983698852
https://openalex.org/W2143355463
https://openalex.org/W1968851679
https://openalex.org/W1996822975
https://openalex.org/W2008780197
https://openalex.org/W2035177542
https://openalex.org/W2060595330
https://openalex.org/W2130895942
https://openalex.org/W2155294911
https://openalex.org/W1970122309
https://openalex.org/W1972813863
https://openalex.org/W2032912688
https://openalex.org/W2044647768
https://openalex.org/W2051622265
https://openalex.org/W2086338139
https://openalex.org/W2119588944
https://openalex.org/W2153405537
https://openalex.org/W1974030114
https://openalex.org/W2004795787
https://openalex.org/W2025735261
https://openalex.org/W2030892508
https://openalex.org/W2036790904
https://openalex.org/W2062659760
https://openalex.org/W2149817093
https://openalex.org/W1983672601
https://openalex.org/W1989512850
https://openalex.org/W1998755473
https://openalex.org/W2151292858
https://openalex.org/W2162773306
https://openalex.org/W1988753771
https://openalex.org/W2011210106
https://openalex.org/W2016892258
https://openalex.org/W2020738029
https://openalex.org/W2041998716
https://openalex.org/W2044283608
https://openalex.org/W2051895262
https://openalex.org/W2079696634
https://openalex.org/W2091231865
https://openalex.org/W2121387927
https://openalex.org/W2142780993
https://openalex.org/W1965724542
https://openalex.org/W1966403163
https://openalex.org/W2064490560
https://openalex.org/W2077324183
https://openalex.org/W2577983090
https://openalex.org/W167926621
https://openalex.org/W1967749377
https://openalex.org/W1980081366
https://openalex.org/W2009236356
https://openalex.org/W2019859503
https://openalex.org/W2028694154
https://openalex.org/W2029540843
https://openalex.org/W2030021631
https://openalex.org/W2090035519
https://openalex.org/W2131115331
https://openalex.org/W2913755895
https://openalex.org/W4210642841
https://openalex.org/W1531603652
https://openalex.org/W1591997517
https://openalex.org/W1966855764
https://openalex.org/W1975636252
https://openalex.org/W2024414067
https://openalex.org/W2092976340
https://openalex.org/W2106652630
https://openalex.org/W2118575925
https://openalex.org/W2162473026
https://openalex.org/W1499861162
https://openalex.org/W2123563150
https://openalex.org/W2179174907
https://openalex.org/W1521672576
https://openalex.org/W1995033016
https://openalex.org/W1995603676
https://openalex.org/W2030445837
https://openalex.org/W2039644095
https://openalex.org/W2050840160
https://openalex.org/W4210559391
https://openalex.org/W1604514339
https://openalex.org/W2047101169
https://openalex.org/W2049856108
https://openalex.org/W2054694263
https://openalex.org/W2071139455
https://openalex.org/W1975554944
https://openalex.org/W1998536026
https://openalex.org/W2005775235
https://openalex.org/W2012185326
https://openalex.org/W2030040544
https://openalex.org/W2030575673
https://openalex.org/W2032563961
https://openalex.org/W2054015117
https://openalex.org/W2067753430
https://openalex.org/W2089252205
https://openalex.org/W2090419454
https://openalex.org/W2106524735
https://openalex.org/W2140071676
https://openalex.org/W2141118007
https://openalex.org/W2142769796
https://openalex.org/W2944335205
https://openalex.org/W1966015062
https://openalex.org/W2031979684
https://openalex.org/W2043007865
https://openalex.org/W2054952890
https://openalex.org/W2069766633
https://openalex.org/W2094153113
https://openalex.org/W2162585317
https://openalex.org/W1554426889
https://openalex.org/W2039022903
https://openalex.org/W2043595239
https://openalex.org/W2064057931
https://openalex.org/W2068691970
https://openalex.org/W2084433515
https://openalex.org/W2089324774
https://openalex.org/W2099094229
https://openalex.org/W2115772485
https://openalex.org/W2005837262
https://openalex.org/W2058224716
https://openalex.org/W2114466059
https://openalex.org/W2147060276
https://openalex.org/W2182206101
https://openalex.org/W2276521750
https://openalex.org/W2397603383
https://openalex.org/W2724484731
https://openalex.org/W1865531500
https://openalex.org/W1982960805
https://openalex.org/W1993297704
https://openalex.org/W1997808337
https://openalex.org/W2003832113
https://openalex.org/W2011343848
https://openalex.org/W2022700397
https://openalex.org/W2031725407
https://openalex.org/W2067794341
https://openalex.org/W2092588033
https://openalex.org/W2113646992
https://openalex.org/W2155175207
https://openalex.org/W3082067644
https://openalex.org/W3192722868
https://openalex.org/W50204707
https://openalex.org/W1985450313
https://openalex.org/W1992071684
https://openalex.org/W2033155942
https://openalex.org/W2062801581
https://openalex.org/W2097029604
https://openalex.org/W2161809588
https://openalex.org/W2979175346
https://openalex.org/W347911937
https://openalex.org/W1964018172
https://openalex.org/W1977206135
https://openalex.org/W1982610735
https://openalex.org/W1985242446
https://openalex.org/W1987390128
https://openalex.org/W2029140968
https://openalex.org/W2043317000
https://openalex.org/W2047333490
https://openalex.org/W2048122841
https://openalex.org/W2076993382
https://openalex.org/W2080139632
https://openalex.org/W2083001286
https://openalex.org/W2105292032
https://openalex.org/W2113436366
https://openalex.org/W2901914554
https://openalex.org/W3148920007
https://openalex.org/W1864396580
https://openalex.org/W1982651819
https://openalex.org/W2008001980
https://openalex.org/W2016761387
https://openalex.org/W2029103394
https://openalex.org/W2029693993
https://openalex.org/W2071022522
https://openalex.org/W2082551658
https://openalex.org/W2086973939
https://openalex.org/W2120825545
https://openalex.org/W2133393212
https://openalex.org/W2145189769
https://openalex.org/W1562817853
https://openalex.org/W1964085078
https://openalex.org/W1981914812
https://openalex.org/W1988669887
https://openalex.org/W1996879653
https://openalex.org/W1998557668
https://openalex.org/W2030202942
https://openalex.org/W2036806239
https://openalex.org/W2056888601
https://openalex.org/W2138098129
https://openalex.org/W2162795944
https://openalex.org/W2301805372
https://openalex.org/W2905046997
https://openalex.org/W1985179611
https://openalex.org/W2064372984
https://openalex.org/W2080813462
https://openalex.org/W2124471492
https://openalex.org/W2161391681
https://openalex.org/W2170274320
https://openalex.org/W2530505533
https://openalex.org/W1473603974
https://openalex.org/W1968711500
https://openalex.org/W1971124135
https://openalex.org/W1998210957
https://openalex.org/W2021635548
https://openalex.org/W2035612080
https://openalex.org/W2047231528
https://openalex.org/W2051027103
https://openalex.org/W2053200147
https://openalex.org/W2055917886
https://openalex.org/W2090975931
https://openalex.org/W2093765381
https://openalex.org/W2126022805
https://openalex.org/W2130165070
https://openalex.org/W2752505606
https://openalex.org/W3135042777
https://openalex.org/W106225174
https://openalex.org/W1966332128
https://openalex.org/W1975850253
https://openalex.org/W1988911750
https://openalex.org/W1997458394
https://openalex.org/W2010217927
https://openalex.org/W2031122394
https://openalex.org/W2032203134
https://openalex.org/W2043193759
https://openalex.org/W2059351168
https://openalex.org/W2132169161
https://openalex.org/W2134927101
https://openalex.org/W2137767065
https://openalex.org/W2147447203
https://openalex.org/W2161623549
https://openalex.org/W2424182967
https://openalex.org/W2531903693
https://openalex.org/W2910921902
https://openalex.org/W1424102629
https://openalex.org/W1967780935
https://openalex.org/W2028273426
https://openalex.org/W2037798824
https://openalex.org/W2044994657
https://openalex.org/W2048649523
https://openalex.org/W2055040656
https://openalex.org/W2056264287
https://openalex.org/W2066654447
https://openalex.org/W2080594963
https://openalex.org/W2123421656
https://openalex.org/W2151083604
https://openalex.org/W2155248760
https://openalex.org/W2155376638
https://openalex.org/W2324094871
https://openalex.org/W2761437640
https://openalex.org/W3008860289
https://openalex.org/W3021114271
https://openalex.org/W1973491777
https://openalex.org/W1979453694
https://openalex.org/W1986749819
https://openalex.org/W1998246571
https://openalex.org/W2004378711
https://openalex.org/W2018226686
https://openalex.org/W2026012549
https://openalex.org/W2034512698
https://openalex.org/W2048672927
https://openalex.org/W2081138340
https://openalex.org/W2087994718
https://openalex.org/W2122620643
https://openalex.org/W2135757632
https://openalex.org/W2162243571
https://openalex.org/W2170074752
https://openalex.org/W2567137488
https://openalex.org/W3100628082
https://openalex.org/W3104166352
https://openalex.org/W3184966341
https://openalex.org/W185461431
https://openalex.org/W1970805105
https://openalex.org/W1981513479
https://openalex.org/W1987860413
https://openalex.org/W1989122082
https://openalex.org/W2047517040
https://openalex.org/W2048888279
https://openalex.org/W2059718829
https://openalex.org/W2065487890
https://openalex.org/W2072309396
https://openalex.org/W2154534003
https://openalex.org/W2166801997
https://openalex.org/W2971236716
https://openalex.org/W1637131116
https://openalex.org/W1804639872
https://openalex.org/W1974690699
https://openalex.org/W2013775629
https://openalex.org/W2019245358
https://openalex.org/W2019785388
https://openalex.org/W2023905824
https://openalex.org/W2061694517
https://openalex.org/W2089069954
https://openalex.org/W2142348332
https://openalex.org/W2182881752
https://openalex.org/W2332873850
https://openalex.org/W2552642908
https://openalex.org/W2793206784
https://openalex.org/W1976280255
https://openalex.org/W1997868196
https://openalex.org/W2016308284
https://openalex.org/W2101818846
https://openalex.org/W2150536146
https://openalex.org/W2152823402
https://openalex.org/W2171506244
https://openalex.org/W278047397
https://openalex.org/W1964682819
https://openalex.org/W1981695760
https://openalex.org/W1993765497
https://openalex.org/W1995815008
https://openalex.org/W2014823509
https://openalex.org/W2041490487
https://openalex.org/W2063862321
https://openalex.org/W2067011955
https://openalex.org/W2100097257
https://openalex.org/W2132398604
https://openalex.org/W2140641873
https://openalex.org/W2398619793
https://openalex.org/W2991632662
https://openalex.org/W3047887954
https://openalex.org/W4247189340
https://openalex.org/W1479988914
https://openalex.org/W1950992607
https://openalex.org/W1967584653
https://openalex.org/W2053089466
https://openalex.org/W2058671793
https://openalex.org/W2082309479
https://openalex.org/W2095093585
https://openalex.org/W2417909272
https://openalex.org/W2513185171
https://openalex.org/W1558729110
https://openalex.org/W1957094684
https://openalex.org/W1972559506
https://openalex.org/W1977913554
https://openalex.org/W2007746492
https://openalex.org/W2033839702
https://openalex.org/W2036661683
https://openalex.org/W2053280433
https://openalex.org/W2061761219
https://openalex.org/W2069248652
https://openalex.org/W2076132907
https://openalex.org/W2123033801
https://openalex.org/W2129188875
https://openalex.org/W2136514308
https://openalex.org/W2164338507
https://openalex.org/W1739534988
https://openalex.org/W1960776002
https://openalex.org/W1976718764
https://openalex.org/W2049500084
https://openalex.org/W2065386665
https://openalex.org/W2066753218
https://openalex.org/W2085911553
https://openalex.org/W2089559798
https://openalex.org/W2166353201
https://openalex.org/W2607040727
https://openalex.org/W2730709081
https://openalex.org/W3047531302
https://openalex.org/W755306449
https://openalex.org/W1654636611
https://openalex.org/W1765478011
https://openalex.org/W1981015310
https://openalex.org/W1986919805
https://openalex.org/W1991155581
https://openalex.org/W2004969170
https://openalex.org/W2018948455
https://openalex.org/W2024063805
https://openalex.org/W2028665355
https://openalex.org/W2029283440
https://openalex.org/W2032808719
https://openalex.org/W2039383135
https://openalex.org/W2042431057
https://openalex.org/W2055031058
https://openalex.org/W2064603154
https://openalex.org/W2079389279
https://openalex.org/W2102554655
https://openalex.org/W2109123523
https://openalex.org/W2121412155
https://openalex.org/W2123075042
https://openalex.org/W2516812301
https://openalex.org/W2519645451
https://openalex.org/W2592236501
https://openalex.org/W2735848561
https://openalex.org/W2768923003
https://openalex.org/W2801904771
https://openalex.org/W2939613869
https://openalex.org/W3042868212
https://openalex.org/W1589478467
https://openalex.org/W1801368185
https://openalex.org/W1966756632
https://openalex.org/W1969980992
https://openalex.org/W1992463443
https://openalex.org/W2003042861
https://openalex.org/W2004256196
https://openalex.org/W2012738976
https://openalex.org/W2021383995
https://openalex.org/W2032381895
https://openalex.org/W2054565909
https://openalex.org/W2056768596
https://openalex.org/W2059970596
https://openalex.org/W2073869289
https://openalex.org/W2077063499
https://openalex.org/W2107512895
https://openalex.org/W2109080591
https://openalex.org/W2519219690
https://openalex.org/W2766770672
https://openalex.org/W2911070639
https://openalex.org/W2940330501
https://openalex.org/W1278427456
https://openalex.org/W1978282692
https://openalex.org/W1993238889
https://openalex.org/W2034864009
https://openalex.org/W2047656361
https://openalex.org/W2069404693
https://openalex.org/W2074086734
https://openalex.org/W2143985871
https://openalex.org/W2169048971
https://openalex.org/W2281650010
https://openalex.org/W2328553820
https://openalex.org/W2550520979
https://openalex.org/W2763977996
https://openalex.org/W3009891706
https://openalex.org/W3082497869
https://openalex.org/W75839574
https://openalex.org/W1938901200
https://openalex.org/W1992382715
https://openalex.org/W2028817796
https://openalex.org/W2030853741
https://openalex.org/W2051901431
https://openalex.org/W2069726499
https://openalex.org/W2078668762
https://openalex.org/W2121255482
https://openalex.org/W2125441868
https://openalex.org/W2147608387
https://openalex.org/W2307070015
https://openalex.org/W2556154724
https://openalex.org/W2559324192
https://openalex.org/W2788991358
https://openalex.org/W2937866537
https://openalex.org/W2969688067
https://openalex.org/W3041500017
https://openalex.org/W3092302132
https://openalex.org/W3125159809
https://openalex.org/W1516093328
https://openalex.org/W1971110717
https://openalex.org/W1973621097
https://openalex.org/W2037467697
https://openalex.org/W2044396295
https://openalex.org/W2044826629
https://openalex.org/W2058061674
https://openalex.org/W2064288817
https://openalex.org/W2084887176
https://openalex.org/W2091872525
https://openalex.org/W2109969011
https://openalex.org/W2134508219
https://openalex.org/W2138011449
https://openalex.org/W2138103299
https://openalex.org/W2504366362
https://openalex.org/W2525669033
https://openalex.org/W2528150597
https://openalex.org/W2736319063
https://openalex.org/W2973765418
https://openalex.org/W3002652210
https://openalex.org/W3042655710
https://openalex.org/W3101194421
https://openalex.org/W4255828526
https://openalex.org/W1503735157
https://openalex.org/W1624665202
https://openalex.org/W1884926740
https://openalex.org/W1964751694
https://openalex.org/W1966143053
https://openalex.org/W1987643438
https://openalex.org/W1991221407
https://openalex.org/W1994548805
https://openalex.org/W1996881736
https://openalex.org/W1997821806
https://openalex.org/W2017935471
https://openalex.org/W2029159094
https://openalex.org/W2054586464
https://openalex.org/W2110539993
https://openalex.org/W2130762919
https://openalex.org/W2131298486
https://openalex.org/W2144870875
https://openalex.org/W2150631208
https://openalex.org/W2163296848
https://openalex.org/W2534509730
https://openalex.org/W2787724776
https://openalex.org/W2924524131
https://openalex.org/W2972828101
https://openalex.org/W3004789213
https://openalex.org/W3044128309
https://openalex.org/W4238416370
https://openalex.org/W1935847376
https://openalex.org/W1971367970
https://openalex.org/W1992904579
https://openalex.org/W1999726041
https://openalex.org/W1999763579
https://openalex.org/W2009394426
https://openalex.org/W2027571842
https://openalex.org/W2037126127
https://openalex.org/W2040466700
https://openalex.org/W2042472985
https://openalex.org/W2052218221
https://openalex.org/W2053091868
https://openalex.org/W2070135053
https://openalex.org/W2072468398
https://openalex.org/W2076518777
https://openalex.org/W2090905830
https://openalex.org/W2093001193
https://openalex.org/W2116989611
https://openalex.org/W2119400984
https://openalex.org/W2119544631
https://openalex.org/W2140914212
https://openalex.org/W2144874881
https://openalex.org/W2224339693
https://openalex.org/W2253955453
https://openalex.org/W2278307832
https://openalex.org/W22906431
https://openalex.org/W2325525149
https://openalex.org/W2416602844
https://openalex.org/W4212885861
https://openalex.org/W1965776766
https://openalex.org/W1974724767
https://openalex.org/W1985867211
https://openalex.org/W1986724218
https://openalex.org/W1988837005
https://openalex.org/W1995763290
https://openalex.org/W2008562987
https://openalex.org/W2012209151
https://openalex.org/W2013510726
https://openalex.org/W2026179289
https://openalex.org/W2046700039
https://openalex.org/W2051558592
https://openalex.org/W2071481635
https://openalex.org/W2078509455
https://openalex.org/W2125706534
https://openalex.org/W2138059330
https://openalex.org/W2177242282
https://openalex.org/W2211188381
https://openalex.org/W2314943096
https://openalex.org/W2580252759
https://openalex.org/W2766394153
https://openalex.org/W2782384463
https://openalex.org/W2821329877
https://openalex.org/W3005292467
https://openalex.org/W3034469404
https://openalex.org/W3153465338
https://openalex.org/W1707887859
https://openalex.org/W1971690292
https://openalex.org/W1972349558
https://openalex.org/W1977205326
https://openalex.org/W1991999704
https://openalex.org/W1993074636
https://openalex.org/W1997739199
https://openalex.org/W2028980647
https://openalex.org/W2032695182
https://openalex.org/W2036836223
https://openalex.org/W2043342039
https://openalex.org/W2055654115
https://openalex.org/W2092384529
https://openalex.org/W2098665193
https://openalex.org/W2099181930
https://openalex.org/W2112267904
https://openalex.org/W2113449766
https://openalex.org/W2152060400
https://openalex.org/W2309385623
https://openalex.org/W2319937740
https://openalex.org/W2326617441
https://openalex.org/W2474285055
https://openalex.org/W2563420116
https://openalex.org/W2795195928
https://openalex.org/W3042125933
https://openalex.org/W4242542574
https://openalex.org/W1817616830
https://openalex.org/W1978182640
https://openalex.org/W1984347834
https://openalex.org/W1993159959
https://openalex.org/W2006070118
https://openalex.org/W2010306755
https://openalex.org/W2012416499
https://openalex.org/W2053305953
https://openalex.org/W2077631918
https://openalex.org/W2079369193
https://openalex.org/W2083766787
https://openalex.org/W2090588966
https://openalex.org/W2096786184
https://openalex.org/W2116897841
https://openalex.org/W2117241512
https://openalex.org/W2135799360
https://openalex.org/W2141824701
https://openalex.org/W2171124491
https://openalex.org/W2314559073
https://openalex.org/W2492719015
https://openalex.org/W2560605996
https://openalex.org/W2608179148
https://openalex.org/W2769179720
https://openalex.org/W2791570942
https://openalex.org/W2792996927
https://openalex.org/W2955950503
https://openalex.org/W2963524341
https://openalex.org/W3036568020
https://openalex.org/W1562392324
https://openalex.org/W1849745642
https://openalex.org/W1976259467
https://openalex.org/W1979564683
https://openalex.org/W1996854746
https://openalex.org/W2004341224
https://openalex.org/W2005488258
https://openalex.org/W2007534532
https://openalex.org/W2032956379
https://openalex.org/W2040300886
https://openalex.org/W2043144289
https://openalex.org/W2048023139
https://openalex.org/W2141175602
https://openalex.org/W2145301852
https://openalex.org/W2148072257
https://openalex.org/W2168539277
https://openalex.org/W2315973755
https://openalex.org/W2335272111
https://openalex.org/W2530350676
https://openalex.org/W2604767986
https://openalex.org/W2773563584
https://openalex.org/W2813179898
https://openalex.org/W2940494077
https://openalex.org/W1151527488
https://openalex.org/W13678097
https://openalex.org/W1965511892
https://openalex.org/W1975477082
https://openalex.org/W1981699260
https://openalex.org/W1996244825
https://openalex.org/W2006243020
https://openalex.org/W2007839351
https://openalex.org/W2012625486
https://openalex.org/W2017459615
https://openalex.org/W2041202299
https://openalex.org/W2048714753
https://openalex.org/W2048901211
https://openalex.org/W2051809848
https://openalex.org/W2068688930
https://openalex.org/W207316606
https://openalex.org/W2089955843
https://openalex.org/W2096216111
https://openalex.org/W2109698649
https://openalex.org/W2138147179
https://openalex.org/W2157529335
https://openalex.org/W2212903059
https://openalex.org/W2668500951
https://openalex.org/W2748922239
https://openalex.org/W2892995847
https://openalex.org/W3046128032
https://openalex.org/W3130083317
https://openalex.org/W1942883969
https://openalex.org/W1965864589
https://openalex.org/W1967004393
https://openalex.org/W1969675365
https://openalex.org/W1975568232
https://openalex.org/W1976982929
https://openalex.org/W1981385816
https://openalex.org/W1987217726
https://openalex.org/W1989215620
https://openalex.org/W2002916541
https://openalex.org/W2006288979
https://openalex.org/W2006571737
https://openalex.org/W2007211023
https://openalex.org/W2010941405
https://openalex.org/W2028164554
https://openalex.org/W2034358135
https://openalex.org/W2034793247
https://openalex.org/W2050253094
https://openalex.org/W2055455129
https://openalex.org/W2060936484
https://openalex.org/W2072157905
https://openalex.org/W2086268137
https://openalex.org/W2088309718
https://openalex.org/W2090376640
https://openalex.org/W2138619065
https://openalex.org/W2150160863
https://openalex.org/W2155645460
https://openalex.org/W2162203148
https://openalex.org/W2259885521
https://openalex.org/W2269967393
https://openalex.org/W2312060420
https://openalex.org/W2317970473
https://openalex.org/W2328683066
https://openalex.org/W2521876070
https://openalex.org/W3136670775
https://openalex.org/W576495028
https://openalex.org/W1557519140
https://openalex.org/W1567167300
https://openalex.org/W1970265489
https://openalex.org/W1972657769
https://openalex.org/W1980246607
https://openalex.org/W1981398901
https://openalex.org/W1983017958
https://openalex.org/W1986824860
https://openalex.org/W1992530831
https://openalex.org/W1998281968
https://openalex.org/W1998343168
https://openalex.org/W2002008049
https://openalex.org/W2002732451
https://openalex.org/W2009136607
https://openalex.org/W2041452258
https://openalex.org/W2054326988
https://openalex.org/W2059106163
https://openalex.org/W2079224383
https://openalex.org/W2091732513
https://openalex.org/W2093650161
https://openalex.org/W2099324760
https://openalex.org/W2110110363
https://openalex.org/W2128890603
https://openalex.org/W2600005107
https://openalex.org/W2608299675
https://openalex.org/W2623598848
https://openalex.org/W2755900985
https://openalex.org/W2788190837
https://openalex.org/W2888452698
https://openalex.org/W3080746490
https://openalex.org/W1490798991
https://openalex.org/W1968147193
https://openalex.org/W1970742275
https://openalex.org/W1980723514
https://openalex.org/W1987840253
https://openalex.org/W1990806152
https://openalex.org/W1997680312
https://openalex.org/W1997823731
https://openalex.org/W2000960865
https://openalex.org/W2002494883
https://openalex.org/W2007213174
https://openalex.org/W2009681595
https://openalex.org/W2022321294
https://openalex.org/W2025345922
https://openalex.org/W2028576342
https://openalex.org/W2043210794
https://openalex.org/W2046762959
https://openalex.org/W2046767399
https://openalex.org/W2047866285
https://openalex.org/W2050892991
https://openalex.org/W2061201581
https://openalex.org/W2064155721
https://openalex.org/W2090280239
https://openalex.org/W2093695950
https://openalex.org/W2103574365
https://openalex.org/W2109769374
https://openalex.org/W2114863104
https://openalex.org/W2121345597
https://openalex.org/W2121608068
https://openalex.org/W2122913061
https://openalex.org/W2131031134
https://openalex.org/W2140166211
https://openalex.org/W2141477531
https://openalex.org/W2162351615
https://openalex.org/W2314539898
https://openalex.org/W2487919028
https://openalex.org/W2715427830
https://openalex.org/W2744938978
https://openalex.org/W2753125068
https://openalex.org/W2886882309
https://openalex.org/W2951005984
https://openalex.org/W2965480654
https://openalex.org/W2971398301
https://openalex.org/W3212950024
https://openalex.org/W4313429960
https://openalex.org/W135112814
https://openalex.org/W1496274931
https://openalex.org/W1915298791
https://openalex.org/W1928064936
https://openalex.org/W1963650489
https://openalex.org/W1966168979
https://openalex.org/W1969052561
https://openalex.org/W1978438207
https://openalex.org/W1990813492
https://openalex.org/W2022642569
https://openalex.org/W2026273914
https://openalex.org/W2028415560
https://openalex.org/W2035610216
https://openalex.org/W2039166351
https://openalex.org/W2041114386
https://openalex.org/W2046094826
https://openalex.org/W2051580743
https://openalex.org/W2053712529
https://openalex.org/W2057424913
https://openalex.org/W2061266347
https://openalex.org/W2071133328
https://openalex.org/W2085073652
https://openalex.org/W2131804642
https://openalex.org/W2160897721
https://openalex.org/W2167250730
https://openalex.org/W2167303265
https://openalex.org/W2252820095
https://openalex.org/W2284622531
https://openalex.org/W2334629598
https://openalex.org/W2539038098
https://openalex.org/W2737382290
https://openalex.org/W2903105253
https://openalex.org/W2905640208
https://openalex.org/W2924517735
https://openalex.org/W3013046077
https://openalex.org/W3125256192
https://openalex.org/W3155431361
https://openalex.org/W3179797456
https://openalex.org/W3212200554
https://openalex.org/W32270364
https://openalex.org/W4213370436
https://openalex.org/W1564631931
https://openalex.org/W1614764569
https://openalex.org/W1884908671
https://openalex.org/W1973456556
https://openalex.org/W1973540767
https://openalex.org/W1987989038
https://openalex.org/W1995499342
https://openalex.org/W2003283754
https://openalex.org/W2003727692
https://openalex.org/W2005848035
https://openalex.org/W2007265343
https://openalex.org/W2024176547
https://openalex.org/W2025219231
https://openalex.org/W2026577560
https://openalex.org/W2034537123
https://openalex.org/W2035686227
https://openalex.org/W2039761114
https://openalex.org/W2039961203
https://openalex.org/W2044749462
https://openalex.org/W2045244765
https://openalex.org/W2063536988
https://openalex.org/W2068911324
https://openalex.org/W2077318891
https://openalex.org/W2087585983
https://openalex.org/W2090998349
https://openalex.org/W2098048070
https://openalex.org/W2105020012
https://openalex.org/W2111002238
https://openalex.org/W2132384042
https://openalex.org/W2137391094
https://openalex.org/W2143217635
https://openalex.org/W2144462700
https://openalex.org/W2156621253
https://openalex.org/W2173438904
https://openalex.org/W2185748285
https://openalex.org/W2203546372
https://openalex.org/W2367561894
https://openalex.org/W2530843556
https://openalex.org/W2560780346
https://openalex.org/W2591512561
https://openalex.org/W2747543889
https://openalex.org/W2911094364
https://openalex.org/W3014764411
https://openalex.org/W3016415006
https://openalex.org/W3023180842
https://openalex.org/W3087430432
https://openalex.org/W3184720530
https://openalex.org/W319912242
https://openalex.org/W1936391520
https://openalex.org/W1971528608
https://openalex.org/W1981519441
https://openalex.org/W1987787053
https://openalex.org/W1991615148
https://openalex.org/W1992847353
https://openalex.org/W1996919459
https://openalex.org/W1998238644
https://openalex.org/W2004824285
https://openalex.org/W2014627657
https://openalex.org/W2025226049
https://openalex.org/W2026436551
https://openalex.org/W2031763684
https://openalex.org/W2037981842
https://openalex.org/W2041196552
https://openalex.org/W2044059980
https://openalex.org/W2046336191
https://openalex.org/W2049297748
https://openalex.org/W2052367687
https://openalex.org/W2054895100
https://openalex.org/W2073058201
https://openalex.org/W2073507075
https://openalex.org/W2078375109
https://openalex.org/W2090296265
https://openalex.org/W2092090319
https://openalex.org/W2133535998
https://openalex.org/W2140647387
https://openalex.org/W2163831709
https://openalex.org/W2165723399
https://openalex.org/W2327485242
https://openalex.org/W2472233060
https://openalex.org/W2513624206
https://openalex.org/W2563393060
https://openalex.org/W2615587762
https://openalex.org/W2749304370
https://openalex.org/W2783298288
https://openalex.org/W2884821616
https://openalex.org/W2949662201
https://openalex.org/W3042650634
https://openalex.org/W3134332474
https://openalex.org/W1967947528
https://openalex.org/W1968381323
https://openalex.org/W1987086466
https://openalex.org/W1989543530
https://openalex.org/W2001188613
https://openalex.org/W2007810044
https://openalex.org/W2009653687
https://openalex.org/W2014286663
https://openalex.org/W2015069941
https://openalex.org/W2019927564
https://openalex.org/W2020963617
https://openalex.org/W2024693618
https://openalex.org/W2027465734
https://openalex.org/W2028153000
https://openalex.org/W2034842857
https://openalex.org/W2050380127
https://openalex.org/W2052892817
https://openalex.org/W2053804564
https://openalex.org/W2057565194
https://openalex.org/W2069607233
https://openalex.org/W2069769330
https://openalex.org/W2072124727
https://openalex.org/W2075802147
https://openalex.org/W2078297810
https://openalex.org/W2081972358
https://openalex.org/W2083683535
https://openalex.org/W2086190136
https://openalex.org/W2087898938
https://openalex.org/W2094329328
https://openalex.org/W2126103910
https://openalex.org/W2140170053
https://openalex.org/W2145586276
https://openalex.org/W2150030178
https://openalex.org/W2286637862
https://openalex.org/W2335311447
https://openalex.org/W2425163996
https://openalex.org/W2473922097
https://openalex.org/W2567043324
https://openalex.org/W2588507711
https://openalex.org/W2760481066
https://openalex.org/W2769845224
https://openalex.org/W2802384100
https://openalex.org/W2806928975
https://openalex.org/W2809012359
https://openalex.org/W2947504994
https://openalex.org/W2952915919
https://openalex.org/W2964497361
https://openalex.org/W33589351
https://openalex.org/W4211252932
https://openalex.org/W4280561012
https://openalex.org/W1594725275
https://openalex.org/W1606690752
https://openalex.org/W181604833
https://openalex.org/W1961403413
https://openalex.org/W1972777683
https://openalex.org/W1981931526
https://openalex.org/W1983598839
https://openalex.org/W1988091811
https://openalex.org/W1990408809
https://openalex.org/W1994690913
https://openalex.org/W1999255339
https://openalex.org/W2012322894
https://openalex.org/W2027471592
https://openalex.org/W2029565387
https://openalex.org/W2038328539
https://openalex.org/W2049014521
https://openalex.org/W2052020783
https://openalex.org/W2054584109
https://openalex.org/W2057032641
https://openalex.org/W2059930175
https://openalex.org/W2065070932
https://openalex.org/W2067019332
https://openalex.org/W2068976474
https://openalex.org/W2071268757
https://openalex.org/W2072789927
https://openalex.org/W2090885591
https://openalex.org/W2099929611
https://openalex.org/W2111522890
https://openalex.org/W2112211054
https://openalex.org/W2132954560
https://openalex.org/W2144660773
https://openalex.org/W2146672493
https://openalex.org/W2157177252
https://openalex.org/W2263149986
https://openalex.org/W2340483209
https://openalex.org/W2398785338
https://openalex.org/W2506164531
https://openalex.org/W2522974480
https://openalex.org/W2561756720
https://openalex.org/W2607073116
https://openalex.org/W2746047719
https://openalex.org/W2761450544
https://openalex.org/W2890958844
https://openalex.org/W2944948381
https://openalex.org/W2951957071
https://openalex.org/W3023798238
https://openalex.org/W3087694984
https://openalex.org/W3186025386
https://openalex.org/W4253833136
https://openalex.org/W1563196503
https://openalex.org/W178098009
https://openalex.org/W1826093407
https://openalex.org/W1947555458
https://openalex.org/W1972630619
https://openalex.org/W1976836390
https://openalex.org/W2005962156
https://openalex.org/W2015631465
https://openalex.org/W2018777242
https://openalex.org/W2024422807
https://openalex.org/W2026083042
https://openalex.org/W2036579613
https://openalex.org/W2044362423
https://openalex.org/W2046747856
https://openalex.org/W2047464658
https://openalex.org/W2067915818
https://openalex.org/W2074772002
https://openalex.org/W2074775736
https://openalex.org/W2076019447
https://openalex.org/W2083087786
https://openalex.org/W2087022833
https://openalex.org/W2091091346
https://openalex.org/W2093944615
https://openalex.org/W2095132896
https://openalex.org/W2103633469
https://openalex.org/W2110697458
https://openalex.org/W2166877905
https://openalex.org/W2202529476
https://openalex.org/W2277614622
https://openalex.org/W2316741687
https://openalex.org/W2523232921
https://openalex.org/W2913184755
https://openalex.org/W2963191415
https://openalex.org/W3131777636
https://openalex.org/W3168365472
https://openalex.org/W4210881454
https://openalex.org/W4243087135
https://openalex.org/W4247837350
https://openalex.org/W4296700375
https://openalex.org/W82804727
https://openalex.org/W1534766918
https://openalex.org/W1566369640
https://openalex.org/W1571106225
https://openalex.org/W1983174460
https://openalex.org/W1990006986
https://openalex.org/W1990803534
https://openalex.org/W1994093034
https://openalex.org/W1995866023
https://openalex.org/W1997886426
https://openalex.org/W2000806674
https://openalex.org/W2011801601
https://openalex.org/W2016550934
https://openalex.org/W2024846170
https://openalex.org/W2028109643
https://openalex.org/W2030984190
https://openalex.org/W2042031371
https://openalex.org/W2050051762
https://openalex.org/W2050091719
https://openalex.org/W2053095228
https://openalex.org/W2054484274
https://openalex.org/W2055308713
https://openalex.org/W2056507165
https://openalex.org/W2075620046
https://openalex.org/W2082031216
https://openalex.org/W2084391630
https://openalex.org/W2092331177
https://openalex.org/W2095011130
https://openalex.org/W2113389662
https://openalex.org/W2127487534
https://openalex.org/W2130730718
https://openalex.org/W2138472051
https://openalex.org/W2150259338
https://openalex.org/W2157585499
https://openalex.org/W2216584554
https://openalex.org/W2219662625
https://openalex.org/W2220481686
https://openalex.org/W2222265666
https://openalex.org/W2238100784
https://openalex.org/W2262355000
https://openalex.org/W2296359589
https://openalex.org/W2323978920
https://openalex.org/W2328049959
https://openalex.org/W2335947287
https://openalex.org/W2341361563
https://openalex.org/W2495783019
https://openalex.org/W268220912
https://openalex.org/W2730378541
https://openalex.org/W2767279491
https://openalex.org/W2801333109
https://openalex.org/W2898042272
https://openalex.org/W2972504980
https://openalex.org/W2973716598
https://openalex.org/W3126365850
https://openalex.org/W3129459249
https://openalex.org/W3203376655
https://openalex.org/W4245538551
https://openalex.org/W4254234218
https://openalex.org/W1248643787
https://openalex.org/W1517559041
https://openalex.org/W1521241070
https://openalex.org/W1749532878
https://openalex.org/W1968392948
https://openalex.org/W1974425268
https://openalex.org/W1976916314
https://openalex.org/W1986768286
https://openalex.org/W1991704870
https://openalex.org/W1994739514
https://openalex.org/W1997351512
https://openalex.org/W1998047303
https://openalex.org/W2007106160
https://openalex.org/W2009247229
https://openalex.org/W2013134814
https://openalex.org/W2013299568
https://openalex.org/W2014818421
https://openalex.org/W2034935197
https://openalex.org/W2036422956
https://openalex.org/W2047825935
https://openalex.org/W2052259317
https://openalex.org/W2053820522
https://openalex.org/W2057483811
https://openalex.org/W2074107044
https://openalex.org/W2079171395
https://openalex.org/W2079483105
https://openalex.org/W2081587681
https://openalex.org/W2082860646
https://openalex.org/W2083054800
https://openalex.org/W2090113816
https://openalex.org/W2096406364
https://openalex.org/W2110007504
https://openalex.org/W2147444432
https://openalex.org/W2150837669
https://openalex.org/W2154842662
https://openalex.org/W2167012272
https://openalex.org/W2195000277
https://openalex.org/W2280219474
https://openalex.org/W2429294686
https://openalex.org/W2517113476
https://openalex.org/W2537247332
https://openalex.org/W2606270412
https://openalex.org/W2658129149
https://openalex.org/W2765211865
https://openalex.org/W2782908979
https://openalex.org/W2791092339
https://openalex.org/W2800354993
https://openalex.org/W2801291818
https://openalex.org/W2885736476
https://openalex.org/W2914474650
https://openalex.org/W2949621603
https://openalex.org/W2973170699
https://openalex.org/W3011072126
https://openalex.org/W3097843548
https://openalex.org/W321613203
https://openalex.org/W4200040795
https://openalex.org/W84099254
https://openalex.org/W141955159
https://openalex.org/W14850304
https://openalex.org/W1503940361
https://openalex.org/W1525593859
https://openalex.org/W1898691423
https://openalex.org/W1964079504
https://openalex.org/W1964668219
https://openalex.org/W1968283724
https://openalex.org/W1976863163
https://openalex.org/W1996578737
https://openalex.org/W2013765703
https://openalex.org/W2023191079
https://openalex.org/W2028016908
https://openalex.org/W2029120926
https://openalex.org/W2030906401
https://openalex.org/W2035223635
https://openalex.org/W2038568610
https://openalex.org/W2049087326
https://openalex.org/W2051169740
https://openalex.org/W2051922516
https://openalex.org/W2054348762
https://openalex.org/W2059545407
https://openalex.org/W2061076207
https://openalex.org/W2074153760
https://openalex.org/W2076182236
https://openalex.org/W2081581348
https://openalex.org/W2083273804
https://openalex.org/W2086669908
https://openalex.org/W2087617527
https://openalex.org/W2107302707
https://openalex.org/W2143340677
https://openalex.org/W2144342780
https://openalex.org/W2158648321
https://openalex.org/W2166973472
https://openalex.org/W2177659401
https://openalex.org/W225303048
https://openalex.org/W2301368770
https://openalex.org/W2319527141
https://openalex.org/W2329728034
https://openalex.org/W2403954431
https://openalex.org/W2463025682
https://openalex.org/W2478545295
https://openalex.org/W2785495676
https://openalex.org/W2790181447
https://openalex.org/W2889154729
https://openalex.org/W2914145215
https://openalex.org/W2989981985
https://openalex.org/W2995092511
https://openalex.org/W2996797319
https://openalex.org/W3013193771
https://openalex.org/W3022286624
https://openalex.org/W3024470310
https://openalex.org/W3086333576
https://openalex.org/W3092253074
https://openalex.org/W3145919028
https://openalex.org/W4210555834
https://openalex.org/W1528400403
https://openalex.org/W1534216217
https://openalex.org/W1562433518
https://openalex.org/W1838596821
https://openalex.org/W1851757032
https://openalex.org/W1941652654
https://openalex.org/W1970758387
https://openalex.org/W1978610962
https://openalex.org/W1988289699
https://openalex.org/W1994576221
https://openalex.org/W1997798826
https://openalex.org/W1999379722
https://openalex.org/W2011190542
https://openalex.org/W2018703421
https://openalex.org/W2019072367
https://openalex.org/W2035049430
https://openalex.org/W2042881029
https://openalex.org/W2052154053
https://openalex.org/W2056835267
https://openalex.org/W2059555993
https://openalex.org/W2066517041
https://openalex.org/W2094709857
https://openalex.org/W2096453600
https://openalex.org/W2127746849
https://openalex.org/W2136802272
https://openalex.org/W2139299272
https://openalex.org/W2146470548
https://openalex.org/W2162683648
https://openalex.org/W2166437917
https://openalex.org/W2230032645
https://openalex.org/W2254733614
https://openalex.org/W2529626793
https://openalex.org/W2559561167
https://openalex.org/W2604879577
https://openalex.org/W2724726934
https://openalex.org/W2742582746
https://openalex.org/W2753172916
https://openalex.org/W2765720370
https://openalex.org/W2772369846
https://openalex.org/W2779724802
https://openalex.org/W2891362397
https://openalex.org/W2949223627
https://openalex.org/W2973688853
https://openalex.org/W3017225999
https://openalex.org/W3101071479
https://openalex.org/W3106787606
https://openalex.org/W3127394960
https://openalex.org/W4229754374
https://openalex.org/W4281750080
https://openalex.org/W4322346049
https://openalex.org/W1580194822
https://openalex.org/W1768933030
https://openalex.org/W1964327159
https://openalex.org/W1976194424
https://openalex.org/W1980404533
https://openalex.org/W1986692650
https://openalex.org/W1990420594
https://openalex.org/W2002951806
https://openalex.org/W2013878159
https://openalex.org/W2019794630
https://openalex.org/W2020716479
https://openalex.org/W2021812938
https://openalex.org/W2021966951
https://openalex.org/W2033257340
https://openalex.org/W2039270527
https://openalex.org/W2059369533
https://openalex.org/W2059863257
https://openalex.org/W2060377413
https://openalex.org/W2060402209
https://openalex.org/W2061138875
https://openalex.org/W2066351381
https://openalex.org/W2075632476
https://openalex.org/W2077484284
https://openalex.org/W2085406518
https://openalex.org/W2086722911
https://openalex.org/W2092624777
https://openalex.org/W2111236505
https://openalex.org/W2121247355
https://openalex.org/W2139916358
https://openalex.org/W2167581922
https://openalex.org/W2326634896
https://openalex.org/W2336447782
https://openalex.org/W2460921656
https://openalex.org/W2795742537
https://openalex.org/W2804962812
https://openalex.org/W2807734670
https://openalex.org/W2899129421
https://openalex.org/W2921941513
https://openalex.org/W300067152
https://openalex.org/W3005024457
https://openalex.org/W3012120251
https://openalex.org/W3027247236
https://openalex.org/W3213372510
https://openalex.org/W12426122
https://openalex.org/W1596132037
https://openalex.org/W1914238646
https://openalex.org/W1970104650
https://openalex.org/W1970798902
https://openalex.org/W1972917114
https://openalex.org/W1978341081
https://openalex.org/W1978585115
https://openalex.org/W1982520831
https://openalex.org/W1984534766
https://openalex.org/W1990899935
https://openalex.org/W2011930865
https://openalex.org/W2012679950
https://openalex.org/W2014561658
https://openalex.org/W2015329975
https://openalex.org/W2018834212
https://openalex.org/W2026927529
https://openalex.org/W2028142122
https://openalex.org/W2035346147
https://openalex.org/W2041453578
https://openalex.org/W2060031031
https://openalex.org/W2061973300
https://openalex.org/W2062007466
https://openalex.org/W2065521947
https://openalex.org/W2067139089
https://openalex.org/W2070561044
https://openalex.org/W2075344561
https://openalex.org/W2079918839
https://openalex.org/W2081930669
https://openalex.org/W2084626429
https://openalex.org/W2085167900
https://openalex.org/W2091821933
https://openalex.org/W2093433342
https://openalex.org/W2099759594
https://openalex.org/W2135531113
https://openalex.org/W2142667461
https://openalex.org/W2144129476
https://openalex.org/W2145441614
https://openalex.org/W2150122697
https://openalex.org/W2163786167
https://openalex.org/W2275665238
https://openalex.org/W2340568046
https://openalex.org/W2517629658
https://openalex.org/W2530998161
https://openalex.org/W2717130071
https://openalex.org/W2727783735
https://openalex.org/W2769976205
https://openalex.org/W2783350834
https://openalex.org/W2789680657
https://openalex.org/W2800243741
https://openalex.org/W2889354696
https://openalex.org/W2890283832
https://openalex.org/W2914607380
https://openalex.org/W3040236936
https://openalex.org/W3047707869
https://openalex.org/W3047909517
https://openalex.org/W3100446795
https://openalex.org/W3138646211
https://openalex.org/W3162487188
https://openalex.org/W3188539019
https://openalex.org/W629815837
https://openalex.org/W1565437526
https://openalex.org/W178472458
https://openalex.org/W1966582068
https://openalex.org/W1969842122
https://openalex.org/W1970763208
https://openalex.org/W1971754774
https://openalex.org/W1972618710
https://openalex.org/W1975335398
https://openalex.org/W1977726408
https://openalex.org/W1979938236
https://openalex.org/W1982228457
https://openalex.org/W1989284664
https://openalex.org/W1993361137
https://openalex.org/W2000035509
https://openalex.org/W2000236106
https://openalex.org/W2001260233
https://openalex.org/W2004088394
https://openalex.org/W2004627359
https://openalex.org/W2012063048
https://openalex.org/W2032196934
https://openalex.org/W2034017228
https://openalex.org/W2035644687
https://openalex.org/W2036846260
https://openalex.org/W2044771989
https://openalex.org/W2045179447
https://openalex.org/W2054356265
https://openalex.org/W2058081877
https://openalex.org/W2078196577
https://openalex.org/W2085393006
https://openalex.org/W2086258587
https://openalex.org/W2090601545
https://openalex.org/W2094474225
https://openalex.org/W2122265970
https://openalex.org/W2123559557
https://openalex.org/W2128518236
https://openalex.org/W2137450186
https://openalex.org/W2147528360
https://openalex.org/W2329112796
https://openalex.org/W2412576646
https://openalex.org/W2510932044
https://openalex.org/W2512704074
https://openalex.org/W2513740286
https://openalex.org/W2586346358
https://openalex.org/W2593968479
https://openalex.org/W2605052161
https://openalex.org/W2770154406
https://openalex.org/W2886712993
https://openalex.org/W2919029615
https://openalex.org/W2942897589
https://openalex.org/W2996654954
https://openalex.org/W3007802706
https://openalex.org/W3014269316
https://openalex.org/W3037792148
https://openalex.org/W3095954495
https://openalex.org/W3156241946
https://openalex.org/W3167317721
https://openalex.org/W3168725404
https://openalex.org/W3182136967
https://openalex.org/W3206039257
https://openalex.org/W4205709586
https://openalex.org/W633400134
https://openalex.org/W77506944
https://openalex.org/W1547438621
https://openalex.org/W1878227398
https://openalex.org/W1972270621
https://openalex.org/W1974098020
https://openalex.org/W1976223888
https://openalex.org/W1977019010
https://openalex.org/W1977474052
https://openalex.org/W1986301392
https://openalex.org/W1989798503
https://openalex.org/W2001970683
https://openalex.org/W2003396914
https://openalex.org/W2007563435
https://openalex.org/W2015979501
https://openalex.org/W2021364640
https://openalex.org/W2021625998
https://openalex.org/W2031388570
https://openalex.org/W2035062423
https://openalex.org/W2046378598
https://openalex.org/W2046819133
https://openalex.org/W2046894462
https://openalex.org/W2056512459
https://openalex.org/W2066509049
https://openalex.org/W2074031302
https://openalex.org/W2075922351
https://openalex.org/W2076930817
https://openalex.org/W2079768207
https://openalex.org/W2093858733
https://openalex.org/W2097225269
https://openalex.org/W2137005732
https://openalex.org/W2139033873
https://openalex.org/W2339466683
https://openalex.org/W2351942104
https://openalex.org/W2412895020
https://openalex.org/W2571319212
https://openalex.org/W2597705479
https://openalex.org/W2618189647
https://openalex.org/W2625603215
https://openalex.org/W2737215232
https://openalex.org/W2754025868
https://openalex.org/W2767691826
https://openalex.org/W2790817345
https://openalex.org/W2800456675
https://openalex.org/W2802658802
https://openalex.org/W2883187826
https://openalex.org/W2883995185
https://openalex.org/W2903781390
https://openalex.org/W2959111045
https://openalex.org/W2962953978
https://openalex.org/W2971637646
https://openalex.org/W2982103278
https://openalex.org/W2999402178
https://openalex.org/W3034840651
https://openalex.org/W3046739437
https://openalex.org/W3048363644
https://openalex.org/W3080522751
https://openalex.org/W3092019292
https://openalex.org/W3119893003
https://openalex.org/W3166457537
https://openalex.org/W3168865893
https://openalex.org/W4229014647
https://openalex.org/W4231674152
https://openalex.org/W1685740999
https://openalex.org/W1976102706
https://openalex.org/W1979781546
https://openalex.org/W1994686481
https://openalex.org/W1996716382
https://openalex.org/W1998516754
https://openalex.org/W1998948364
https://openalex.org/W1999981695
https://openalex.org/W2003130868
https://openalex.org/W2008350855
https://openalex.org/W2009532447
https://openalex.org/W2015351588
https://openalex.org/W2018850348
https://openalex.org/W2037134545
https://openalex.org/W2050271939
https://openalex.org/W2050968495
https://openalex.org/W2054854746
https://openalex.org/W2055114575
https://openalex.org/W2056551350
https://openalex.org/W2057977124
https://openalex.org/W2061301773
https://openalex.org/W2062289977
https://openalex.org/W2063247563
https://openalex.org/W2063643637
https://openalex.org/W2076552682
https://openalex.org/W2080193216
https://openalex.org/W2084344658
https://openalex.org/W2088035220
https://openalex.org/W2089467373
https://openalex.org/W2093335539
https://openalex.org/W2095504673
https://openalex.org/W2098142490
https://openalex.org/W2102687037
https://openalex.org/W2103798462
https://openalex.org/W2108485188
https://openalex.org/W2121656311
https://openalex.org/W2134461784
https://openalex.org/W2138221912
https://openalex.org/W2149719877
https://openalex.org/W2157179704
https://openalex.org/W2162045502
https://openalex.org/W2167462916
https://openalex.org/W2170824296
https://openalex.org/W2220226283
https://openalex.org/W2237245778
https://openalex.org/W2245233151
https://openalex.org/W2285602702
https://openalex.org/W2318189386
https://openalex.org/W2332738795
https://openalex.org/W2346635211
https://openalex.org/W2568700665
https://openalex.org/W2621351950
https://openalex.org/W2733382837
https://openalex.org/W2769236701
https://openalex.org/W2782046661
https://openalex.org/W2792767796
https://openalex.org/W2884530381
https://openalex.org/W2891460197
https://openalex.org/W2915456931
https://openalex.org/W2921314334
https://openalex.org/W2948812140
https://openalex.org/W2949511708
https://openalex.org/W2966883609
https://openalex.org/W2980845390
https://openalex.org/W2982622346
https://openalex.org/W3024271084
https://openalex.org/W3029151498
https://openalex.org/W3096091199
https://openalex.org/W3102890071
https://openalex.org/W3145140387
https://openalex.org/W3154312342
https://openalex.org/W3158896462
https://openalex.org/W3188049837
https://openalex.org/W4212908032
https://openalex.org/W4248629461
https://openalex.org/W4295083894
https://openalex.org/W140469396
https://openalex.org/W1422495038
https://openalex.org/W1557857380
https://openalex.org/W1940153095
https://openalex.org/W1965072968
https://openalex.org/W1970414847
https://openalex.org/W1970570380
https://openalex.org/W1971456445
https://openalex.org/W1972348244
https://openalex.org/W1988533338
https://openalex.org/W1990853384
https://openalex.org/W1992097100
https://openalex.org/W2019446276
https://openalex.org/W2022311911
https://openalex.org/W2026667350
https://openalex.org/W2026669082
https://openalex.org/W2038743533
https://openalex.org/W2058354635
https://openalex.org/W2059436708
https://openalex.org/W2060239719
https://openalex.org/W2061080229
https://openalex.org/W2063169129
https://openalex.org/W2077339778
https://openalex.org/W2085174696
https://openalex.org/W2085892858
https://openalex.org/W2088560860
https://openalex.org/W2103890892
https://openalex.org/W2122616266
https://openalex.org/W2136315096
https://openalex.org/W2160863590
https://openalex.org/W2172938567
https://openalex.org/W2182600376
https://openalex.org/W2321962105
https://openalex.org/W2323656486
https://openalex.org/W2336329558
https://openalex.org/W2344324220
https://openalex.org/W2414846082
https://openalex.org/W2467675610
https://openalex.org/W2477837135
https://openalex.org/W2486211718
https://openalex.org/W2539932993
https://openalex.org/W2619561261
https://openalex.org/W2775553203
https://openalex.org/W2777332989
https://openalex.org/W2794261516
https://openalex.org/W2909138793
https://openalex.org/W2912631573
https://openalex.org/W2915854718
https://openalex.org/W2980388115
https://openalex.org/W3000258155
https://openalex.org/W3022397662
https://openalex.org/W3123473613
https://openalex.org/W3124061507
https://openalex.org/W3126161362
https://openalex.org/W3132278714
https://openalex.org/W3192864846
https://openalex.org/W4238092834
https://openalex.org/W4250698497
https://openalex.org/W1576033660
https://openalex.org/W1968675279
https://openalex.org/W1970783506
https://openalex.org/W1973065583
https://openalex.org/W1975890084
https://openalex.org/W1995669399
https://openalex.org/W1996528930
https://openalex.org/W1999522542
https://openalex.org/W2010944978
https://openalex.org/W2024295375
https://openalex.org/W2025466316
https://openalex.org/W2025829496
https://openalex.org/W2028775458
https://openalex.org/W2030158234
https://openalex.org/W2037293030
https://openalex.org/W2039790413
https://openalex.org/W2042334554
https://openalex.org/W2044311812
https://openalex.org/W2046802507
https://openalex.org/W2050656068
https://openalex.org/W2053134447
https://openalex.org/W2054158860
https://openalex.org/W2058040945
https://openalex.org/W2058311406
https://openalex.org/W2061360337
https://openalex.org/W2062117625
https://openalex.org/W2063806579
https://openalex.org/W2067506685
https://openalex.org/W2068766417
https://openalex.org/W2073164269
https://openalex.org/W2079299571
https://openalex.org/W2083959943
https://openalex.org/W2084411554
https://openalex.org/W2085056546
https://openalex.org/W2091105891
https://openalex.org/W2096567395
https://openalex.org/W2107405840
https://openalex.org/W2108084238
https://openalex.org/W2130444135
https://openalex.org/W2146258527
https://openalex.org/W2149169051
https://openalex.org/W2155239413
https://openalex.org/W2162218573
https://openalex.org/W2164914035
https://openalex.org/W2243808002
https://openalex.org/W2294385832
https://openalex.org/W2316837923
https://openalex.org/W2318978734
https://openalex.org/W2320677218
https://openalex.org/W2343712942
https://openalex.org/W2487853239
https://openalex.org/W2515991500
https://openalex.org/W2581417985
https://openalex.org/W2614330988
https://openalex.org/W2842030413
https://openalex.org/W2891372417
https://openalex.org/W2909882147
https://openalex.org/W2934116035
https://openalex.org/W2940621456
https://openalex.org/W2941100260
https://openalex.org/W2947757201
https://openalex.org/W2950552043
https://openalex.org/W2978533886
https://openalex.org/W2980355606
https://openalex.org/W2981528012
https://openalex.org/W3027563164
https://openalex.org/W3088032287
https://openalex.org/W3101841215
https://openalex.org/W3102876655
https://openalex.org/W3120598909
https://openalex.org/W3133267425
https://openalex.org/W3164625824
https://openalex.org/W3194444790
https://openalex.org/W3195130779
https://openalex.org/W3214912797
https://openalex.org/W4200339257
https://openalex.org/W4207015583
https://openalex.org/W1480430222
https://openalex.org/W1966505022
https://openalex.org/W1966838230
https://openalex.org/W1975853821
https://openalex.org/W1976773262
https://openalex.org/W1980968007
https://openalex.org/W1981181631
https://openalex.org/W1981536915
https://openalex.org/W1981891477
https://openalex.org/W1982040940
https://openalex.org/W1982180074
https://openalex.org/W1989402758
https://openalex.org/W1991471471
https://openalex.org/W1995375175
https://openalex.org/W1995686492
https://openalex.org/W1996393610
https://openalex.org/W1997310058
https://openalex.org/W1997430893
https://openalex.org/W2002004921
https://openalex.org/W2012009705
https://openalex.org/W2013701133
https://openalex.org/W2013796006
https://openalex.org/W2014391629
https://openalex.org/W2019750020
https://openalex.org/W2026247226
https://openalex.org/W2026434668
https://openalex.org/W2027551229
https://openalex.org/W2028374626
https://openalex.org/W2029904605
https://openalex.org/W2030634093
https://openalex.org/W2033505693
https://openalex.org/W2033886333
https://openalex.org/W2059377260
https://openalex.org/W2063653879
https://openalex.org/W2065994961
https://openalex.org/W2077092078
https://openalex.org/W2083306773
https://openalex.org/W2093708123
https://openalex.org/W2110354542
https://openalex.org/W2130279409
https://openalex.org/W2145980028
https://openalex.org/W2166799752
https://openalex.org/W2293187827
https://openalex.org/W2409451946
https://openalex.org/W2414374602
https://openalex.org/W2739304374
https://openalex.org/W2763033611
https://openalex.org/W2799703115
https://openalex.org/W2922320606
https://openalex.org/W2945241568
https://openalex.org/W2954489399
https://openalex.org/W2972629289
https://openalex.org/W2999219718
https://openalex.org/W3023556145
https://openalex.org/W3127145109
https://openalex.org/W3154787717
https://openalex.org/W3160164785
https://openalex.org/W3177833270
https://openalex.org/W3199195887
https://openalex.org/W3204108191
https://openalex.org/W4210345468
https://openalex.org/W4213068623
https://openalex.org/W4213336870
https://openalex.org/W4220670310
https://openalex.org/W4221131089
https://openalex.org/W4224229212
https://openalex.org/W4235425707
https://openalex.org/W4242322370
https://openalex.org/W4248298165
https://openalex.org/W4304136313
https://openalex.org/W561085833
https://openalex.org/W571477076
https://openalex.org/W99297350
https://openalex.org/W1511816693
https://openalex.org/W1564363352
https://openalex.org/W1611191214
https://openalex.org/W1758055433
https://openalex.org/W1846695839
https://openalex.org/W188928995
https://openalex.org/W1970368018
https://openalex.org/W1971479657
https://openalex.org/W1973918849
https://openalex.org/W1979046540
https://openalex.org/W19836237
https://openalex.org/W1991517042
https://openalex.org/W2004638718
https://openalex.org/W2007392308
https://openalex.org/W2013828589
https://openalex.org/W2017852261
https://openalex.org/W2036776861
https://openalex.org/W2038885954
https://openalex.org/W2044140529
https://openalex.org/W2044967640
https://openalex.org/W2049797069
https://openalex.org/W2052273716
https://openalex.org/W2053203905
https://openalex.org/W2060432997
https://openalex.org/W2065111291
https://openalex.org/W2071735638
https://openalex.org/W2077257129
https://openalex.org/W2082109908
https://openalex.org/W2090990083
https://openalex.org/W2156326768
https://openalex.org/W2168345938
https://openalex.org/W2170546517
https://openalex.org/W2301928719
https://openalex.org/W2320864605
https://openalex.org/W2322218465
https://openalex.org/W2323752918
https://openalex.org/W2336530176
https://openalex.org/W2414832426
https://openalex.org/W2491416660
https://openalex.org/W2520136862
https://openalex.org/W2592435525
https://openalex.org/W2616941078
https://openalex.org/W2621278681
https://openalex.org/W2735793452
https://openalex.org/W2772757543
https://openalex.org/W2776850915
https://openalex.org/W2890348780
https://openalex.org/W2946764263
https://openalex.org/W2960353222
https://openalex.org/W2963242936
https://openalex.org/W2981423200
https://openalex.org/W2995921525
https://openalex.org/W2996385358
https://openalex.org/W3024593467
https://openalex.org/W3027227987
https://openalex.org/W3032631645
https://openalex.org/W3083673288
https://openalex.org/W3093284823
https://openalex.org/W3121015245
https://openalex.org/W3159546574
https://openalex.org/W3207087054
https://openalex.org/W4200019446
https://openalex.org/W4210523835
https://openalex.org/W4250484487
https://openalex.org/W4284899905
https://openalex.org/W4293776681
https://openalex.org/W4307230055
https://openalex.org/W4376603423
https://openalex.org/W584526323
https://openalex.org/W75975395
https://openalex.org/W78866414
https://openalex.org/W1014727401
https://openalex.org/W129965324
https://openalex.org/W1483086723
https://openalex.org/W1550842499
https://openalex.org/W1967851556
https://openalex.org/W1969709651
https://openalex.org/W1982438617
https://openalex.org/W1983103882
https://openalex.org/W1984495115
https://openalex.org/W1997987258
https://openalex.org/W2001025862
https://openalex.org/W2001653918
https://openalex.org/W2003681270
https://openalex.org/W2003950214
https://openalex.org/W2005284216
https://openalex.org/W2010588892
https://openalex.org/W2011370001
https://openalex.org/W2012198579
https://openalex.org/W2013173068
https://openalex.org/W2015564123
https://openalex.org/W2025505250
https://openalex.org/W2030171301
https://openalex.org/W2040441315
https://openalex.org/W2040523699
https://openalex.org/W2043430575
https://openalex.org/W2043690388
https://openalex.org/W2044649483
https://openalex.org/W205145024
https://openalex.org/W2056571847
https://openalex.org/W2058719143
https://openalex.org/W2063501962
https://openalex.org/W2071289897
https://openalex.org/W2072859365
https://openalex.org/W2074231719
https://openalex.org/W2074917304
https://openalex.org/W2076184049
https://openalex.org/W2079436571
https://openalex.org/W2080774650
https://openalex.org/W2083924020
https://openalex.org/W2084932762
https://openalex.org/W2102468717
https://openalex.org/W2112721510
https://openalex.org/W2117307597
https://openalex.org/W2121297227
https://openalex.org/W2125308471
https://openalex.org/W2129627421
https://openalex.org/W2139595386
https://openalex.org/W2140431654
https://openalex.org/W2142363209
https://openalex.org/W2147932599
https://openalex.org/W2163436566
https://openalex.org/W2166634925
https://openalex.org/W2167214157
https://openalex.org/W2201486325
https://openalex.org/W2224825922
https://openalex.org/W2253430618
https://openalex.org/W2264080498
https://openalex.org/W2272709557
https://openalex.org/W2298096706
https://openalex.org/W2320375240
https://openalex.org/W2413866588
https://openalex.org/W2414407225
https://openalex.org/W2485740892
https://openalex.org/W2490769648
https://openalex.org/W2577168831
https://openalex.org/W2603523371
https://openalex.org/W2606799958
https://openalex.org/W2789540075
https://openalex.org/W2791699651
https://openalex.org/W2903499705
https://openalex.org/W2942077979
https://openalex.org/W2947415578
https://openalex.org/W2947652923
https://openalex.org/W2951402835
https://openalex.org/W2955832762
https://openalex.org/W2979726430
https://openalex.org/W2983672861
https://openalex.org/W3005009481
https://openalex.org/W3008209468
https://openalex.org/W3019161673
https://openalex.org/W3025174319
https://openalex.org/W3026610215
https://openalex.org/W3082636273
https://openalex.org/W3083114910
https://openalex.org/W3123277735
https://openalex.org/W3134103193
https://openalex.org/W3165647541
https://openalex.org/W3167103717
https://openalex.org/W3171735849
https://openalex.org/W4206168930
https://openalex.org/W4210989947
https://openalex.org/W4213250854
https://openalex.org/W4224236371
https://openalex.org/W4234360177
https://openalex.org/W4248013362
https://openalex.org/W4256209710
https://openalex.org/W4295902095
https://openalex.org/W4361004928
https://openalex.org/W67030250
https://openalex.org/W86955638
https://openalex.org/W89109384
https://openalex.org/W102307428
https://openalex.org/W105549029
https://openalex.org/W1548219219
https://openalex.org/W1564169413
https://openalex.org/W1590708233
https://openalex.org/W1706219266
https://openalex.org/W171070187
https://openalex.org/W1898866869
https://openalex.org/W1966583165
https://openalex.org/W1973265690
https://openalex.org/W1978450389
https://openalex.org/W1981068559
https://openalex.org/W1982898948
https://openalex.org/W1982950697
https://openalex.org/W1985339251
https://openalex.org/W1994104206
https://openalex.org/W1995653753
https://openalex.org/W1998175649
https://openalex.org/W2000123631
https://openalex.org/W2001537183
https://openalex.org/W2005701055
https://openalex.org/W2007486110
https://openalex.org/W2010397244
https://openalex.org/W2011358481
https://openalex.org/W2024751370
https://openalex.org/W2028583014
https://openalex.org/W2034267618
https://openalex.org/W2035610430
https://openalex.org/W2038530276
https://openalex.org/W2038958292
https://openalex.org/W2042696848
https://openalex.org/W2043747220
https://openalex.org/W204380622
https://openalex.org/W2047379445
https://openalex.org/W2048010325
https://openalex.org/W2049619833
https://openalex.org/W2057532392
https://openalex.org/W2060860667
https://openalex.org/W2075379167
https://openalex.org/W2080436805
https://openalex.org/W2081267862
https://openalex.org/W2084323970
https://openalex.org/W2087755659
https://openalex.org/W2093818446
https://openalex.org/W2107176031
https://openalex.org/W2112200700
https://openalex.org/W2131416926
https://openalex.org/W2148229215
https://openalex.org/W2189223789
https://openalex.org/W2231475408
https://openalex.org/W2323840946
https://openalex.org/W2335228450
https://openalex.org/W2464142589
https://openalex.org/W2473388544
https://openalex.org/W2585020301
https://openalex.org/W2592661258
https://openalex.org/W2595546936
https://openalex.org/W2625935517
https://openalex.org/W2743778731
https://openalex.org/W2752889716
https://openalex.org/W2791359905
https://openalex.org/W2793225787
https://openalex.org/W2801656295
https://openalex.org/W2808184030
https://openalex.org/W2899572690
https://openalex.org/W2904012419
https://openalex.org/W2932028596
https://openalex.org/W2944768478
https://openalex.org/W2961169875
https://openalex.org/W2967083560
https://openalex.org/W3016319989
https://openalex.org/W3017386108
https://openalex.org/W3034045850
https://openalex.org/W3036248191
https://openalex.org/W3045285977
https://openalex.org/W3047785399
https://openalex.org/W3106311391
https://openalex.org/W3119239998
https://openalex.org/W3121581949
https://openalex.org/W3133952401
https://openalex.org/W3170498409
https://openalex.org/W3215490037
https://openalex.org/W4211130649
https://openalex.org/W4220663637
https://openalex.org/W4224054430
https://openalex.org/W4246024930
https://openalex.org/W4255807278
https://openalex.org/W4282033014
https://openalex.org/W4282961571
https://openalex.org/W4308430104
https://openalex.org/W4309344932
https://openalex.org/W4376872242
https://openalex.org/W634022546
https://openalex.org/W82830192
https://openalex.org/W85625223
https://openalex.org/W1409002623
https://openalex.org/W1519810656
https://openalex.org/W1610303838
https://openalex.org/W1705181636
https://openalex.org/W188398457
https://openalex.org/W1895244511
https://openalex.org/W1965738027
https://openalex.org/W1967789754
https://openalex.org/W1976071359
https://openalex.org/W1976103153
https://openalex.org/W1982385157
https://openalex.org/W1988938280
https://openalex.org/W1991087704
https://openalex.org/W2000653980
https://openalex.org/W2010034532
https://openalex.org/W2010078799
https://openalex.org/W2010485037
https://openalex.org/W2011611925
https://openalex.org/W2013311656
https://openalex.org/W2013854819
https://openalex.org/W2017037746
https://openalex.org/W2019680138
https://openalex.org/W2020539652
https://openalex.org/W2027430329
https://openalex.org/W2035394376
https://openalex.org/W2039079230
https://openalex.org/W2046711387
https://openalex.org/W2050758990
https://openalex.org/W2055685093
https://openalex.org/W2056417703
https://openalex.org/W2062977588
https://openalex.org/W2063713248
https://openalex.org/W2066101833
https://openalex.org/W2067413472
https://openalex.org/W2070677908
https://openalex.org/W2072151051
https://openalex.org/W2074979998
https://openalex.org/W2079306967
https://openalex.org/W2083985950
https://openalex.org/W2090355963
https://openalex.org/W2092913416
https://openalex.org/W2100058965
https://openalex.org/W2120809562
https://openalex.org/W2139170283
https://openalex.org/W2141470334
https://openalex.org/W2152483555
https://openalex.org/W2158400207
https://openalex.org/W2158838673
https://openalex.org/W2159743487
https://openalex.org/W2160307930
https://openalex.org/W2162437487
https://openalex.org/W2186892229
https://openalex.org/W2220199877
https://openalex.org/W2239259212
https://openalex.org/W2249932734
https://openalex.org/W2278352917
https://openalex.org/W2409970026
https://openalex.org/W2469342290
https://openalex.org/W2482809208
https://openalex.org/W2593472697
https://openalex.org/W2607262305
https://openalex.org/W2616035270
https://openalex.org/W2732625991
https://openalex.org/W2737549029
https://openalex.org/W2756451582
https://openalex.org/W2800749481
https://openalex.org/W2849093368
https://openalex.org/W2883744004
https://openalex.org/W2899244343
https://openalex.org/W2902308202
https://openalex.org/W2912633766
https://openalex.org/W2914802445
https://openalex.org/W2946921311
https://openalex.org/W2951605557
https://openalex.org/W2960921248
https://openalex.org/W2964183086
https://openalex.org/W2970063188
https://openalex.org/W2983579473
https://openalex.org/W3010443948
https://openalex.org/W3019654728
https://openalex.org/W3045933192
https://openalex.org/W3096255895
https://openalex.org/W3103661980
https://openalex.org/W3103957878
https://openalex.org/W3120603606
https://openalex.org/W3124985843
https://openalex.org/W3164412853
https://openalex.org/W3170836885
https://openalex.org/W3193942650
https://openalex.org/W3195946117
https://openalex.org/W3197050151
https://openalex.org/W3198086737
https://openalex.org/W3201250071
https://openalex.org/W3211674809
https://openalex.org/W3214344440
https://openalex.org/W3215268416
https://openalex.org/W3216013409
https://openalex.org/W4200158780
https://openalex.org/W4211264595
https://openalex.org/W4214624755
https://openalex.org/W4214811848
https://openalex.org/W4220699786
https://openalex.org/W4223434619
https://openalex.org/W4224930785
https://openalex.org/W4225935950
https://openalex.org/W4240307731
https://openalex.org/W4252567204
https://openalex.org/W4255480849
https://openalex.org/W4256702308
https://openalex.org/W4283456528
https://openalex.org/W4288517775
https://openalex.org/W4293410869
https://openalex.org/W4295973409
https://openalex.org/W4307386023
https://openalex.org/W4308255675
https://openalex.org/W4311510409
https://openalex.org/W4315631494
https://openalex.org/W65334032
https://openalex.org/W10824793
https://openalex.org/W1497031999
https://openalex.org/W1529263415
https://openalex.org/W1576378763
https://openalex.org/W1617684033
https://openalex.org/W1637069888
https://openalex.org/W1818289757
https://openalex.org/W1966376761
https://openalex.org/W1968513375
https://openalex.org/W1971897474
https://openalex.org/W1976546787
https://openalex.org/W1976915103
https://openalex.org/W1977209354
https://openalex.org/W1978047572
https://openalex.org/W1978813145
https://openalex.org/W1980682945
https://openalex.org/W1983693924
https://openalex.org/W1983960484
https://openalex.org/W1990839076
https://openalex.org/W1995408822
https://openalex.org/W1998779601
https://openalex.org/W1999995622
https://openalex.org/W2006914909
https://openalex.org/W2006993248
https://openalex.org/W2008289924
https://openalex.org/W2011193971
https://openalex.org/W2011608628
https://openalex.org/W2016334017
https://openalex.org/W2020093174
https://openalex.org/W2020198874
https://openalex.org/W2029657172
https://openalex.org/W2033309999
https://openalex.org/W2039807303
https://openalex.org/W2040472863
https://openalex.org/W2047673617
https://openalex.org/W2048797371
https://openalex.org/W2058022258
https://openalex.org/W2058116551
https://openalex.org/W2067429804
https://openalex.org/W2069879163
https://openalex.org/W2074898334
https://openalex.org/W2085257693
https://openalex.org/W2086195640
https://openalex.org/W2089769719
https://openalex.org/W2092073344
https://openalex.org/W2093409260
https://openalex.org/W2093662400
https://openalex.org/W2095785431
https://openalex.org/W2103968878
https://openalex.org/W2105292408
https://openalex.org/W2108936977
https://openalex.org/W2110302576
https://openalex.org/W2114064907
https://openalex.org/W2115262133
https://openalex.org/W2135706259
https://openalex.org/W2136651623
https://openalex.org/W2143682989
https://openalex.org/W2168200497
https://openalex.org/W2170185003
https://openalex.org/W2263881335
https://openalex.org/W2264057545
https://openalex.org/W2310516086
https://openalex.org/W2334857342
https://openalex.org/W2338807886
https://openalex.org/W2339953083
https://openalex.org/W2348975826
https://openalex.org/W2399990453
https://openalex.org/W2415112924
https://openalex.org/W2442722955
https://openalex.org/W2467659478
https://openalex.org/W2481596653
https://openalex.org/W2519485740
https://openalex.org/W2520758678
https://openalex.org/W2605215489
https://openalex.org/W2618417284
https://openalex.org/W2732135642
https://openalex.org/W2747812945
https://openalex.org/W2770771077
https://openalex.org/W2793482444
https://openalex.org/W2804103232
https://openalex.org/W2805755720
https://openalex.org/W2896222263
https://openalex.org/W2900582433
https://openalex.org/W2905020848
https://openalex.org/W2911217182
https://openalex.org/W2911232891
https://openalex.org/W2912657407
https://openalex.org/W2944098042
https://openalex.org/W2970193107
https://openalex.org/W2972754698
https://openalex.org/W2974008033
https://openalex.org/W2980048267
https://openalex.org/W2980222722
https://openalex.org/W2983570997
https://openalex.org/W2995210615
https://openalex.org/W2997281754
https://openalex.org/W3002561043
https://openalex.org/W3008659999
https://openalex.org/W3034909447
https://openalex.org/W3043721815
https://openalex.org/W3080872179
https://openalex.org/W3087448347
https://openalex.org/W3098951702
https://openalex.org/W3102252730
https://openalex.org/W3114327091
https://openalex.org/W3118879715
https://openalex.org/W3125800844
https://openalex.org/W3131072228
https://openalex.org/W3133452636
https://openalex.org/W3133660218
https://openalex.org/W3134437424
https://openalex.org/W3134844052
https://openalex.org/W3135594221
https://openalex.org/W3136594465
https://openalex.org/W3138099669
https://openalex.org/W3170227874
https://openalex.org/W3191596891
https://openalex.org/W3191778676
https://openalex.org/W3205574523
https://openalex.org/W3206744217
https://openalex.org/W3211936090
https://openalex.org/W395085758
https://openalex.org/W4210669652
https://openalex.org/W4210835724
https://openalex.org/W4211163951
https://openalex.org/W4214926961
https://openalex.org/W4221030075
https://openalex.org/W4243922345
https://openalex.org/W4281771492
https://openalex.org/W4285741569
https://openalex.org/W4295431108
https://openalex.org/W4303962262
https://openalex.org/W4308451842
https://openalex.org/W4322762224
https://openalex.org/W4367047720
https://openalex.org/W598461288
https://openalex.org/W62001455
https://openalex.org/W1480431657
https://openalex.org/W149534682
https://openalex.org/W1507601866
https://openalex.org/W1513285599
https://openalex.org/W1531687935
https://openalex.org/W1545061841
https://openalex.org/W1546282615
https://openalex.org/W159223067
https://openalex.org/W1595088306
https://openalex.org/W1598247096
https://openalex.org/W176756717
https://openalex.org/W17813770
https://openalex.org/W1786684296
https://openalex.org/W178801178
https://openalex.org/W1820201956
https://openalex.org/W1904840606
https://openalex.org/W1966924604
https://openalex.org/W1968378893
https://openalex.org/W1969680469
https://openalex.org/W1970471515
https://openalex.org/W1972903139
https://openalex.org/W1974073488
https://openalex.org/W1982554536
https://openalex.org/W1990896497
https://openalex.org/W1992706402
https://openalex.org/W1994210021
https://openalex.org/W1994390577
https://openalex.org/W1995260479
https://openalex.org/W2000695619
https://openalex.org/W2003628989
https://openalex.org/W2007963434
https://openalex.org/W2009770641
https://openalex.org/W2011430782
https://openalex.org/W2011947392
https://openalex.org/W2012720511
https://openalex.org/W2015012109
https://openalex.org/W2015023637
https://openalex.org/W2015844969
https://openalex.org/W2017201922
https://openalex.org/W2018445618
https://openalex.org/W2032056709
https://openalex.org/W2033892516
https://openalex.org/W2033934530
https://openalex.org/W2040063458
https://openalex.org/W2040179568
https://openalex.org/W2041091384
https://openalex.org/W2042468060
https://openalex.org/W2044087390
https://openalex.org/W2044105090
https://openalex.org/W2046083239
https://openalex.org/W2046135079
https://openalex.org/W2048555443
https://openalex.org/W2051724519
https://openalex.org/W2054666726
https://openalex.org/W2056112256
https://openalex.org/W2057989655
https://openalex.org/W2059956249
https://openalex.org/W2066044272
https://openalex.org/W2068091199
https://openalex.org/W2070144786
https://openalex.org/W2070657614
https://openalex.org/W2073342849
https://openalex.org/W2075630640
https://openalex.org/W2079465916
https://openalex.org/W2079694930
https://openalex.org/W2084187109
https://openalex.org/W2086762690
https://openalex.org/W2088539929
https://openalex.org/W2095258326
https://openalex.org/W2097360555
https://openalex.org/W2109984208
https://openalex.org/W2114276092
https://openalex.org/W2132270727
https://openalex.org/W2137901183
https://openalex.org/W2140414779
https://openalex.org/W216034477
https://openalex.org/W2228287818
https://openalex.org/W2289888937
https://openalex.org/W2301325736
https://openalex.org/W2314220663
https://openalex.org/W2320290243
https://openalex.org/W2327779657
https://openalex.org/W2331859904
https://openalex.org/W2384958132
https://openalex.org/W2404198751
https://openalex.org/W2407290856
https://openalex.org/W2409442549
https://openalex.org/W2410624751
https://openalex.org/W2477707400
https://openalex.org/W2480499321
https://openalex.org/W2507788022
https://openalex.org/W2563958483
https://openalex.org/W2584878507
https://openalex.org/W2587205634
https://openalex.org/W2626725537
https://openalex.org/W2751514136
https://openalex.org/W2780729372
https://openalex.org/W2789597128
https://openalex.org/W2797147292
https://openalex.org/W2801910480
https://openalex.org/W2809480387
https://openalex.org/W2898892629
https://openalex.org/W2901059255
https://openalex.org/W2908359758
https://openalex.org/W2921321797
https://openalex.org/W2935582155
https://openalex.org/W2944526449
https://openalex.org/W2966344891
https://openalex.org/W2991455368
https://openalex.org/W3005276398
https://openalex.org/W3007101107
https://openalex.org/W3013033104
https://openalex.org/W3038359884
https://openalex.org/W3087237611
https://openalex.org/W3093070895
https://openalex.org/W3094287947
https://openalex.org/W3110173821
https://openalex.org/W3111385280
https://openalex.org/W3113329730
https://openalex.org/W3119096102
https://openalex.org/W3122907588
https://openalex.org/W3124197314
https://openalex.org/W3124707944
https://openalex.org/W3172733954
https://openalex.org/W3178901171
https://openalex.org/W3205738022
https://openalex.org/W3210308077
https://openalex.org/W3214449435
https://openalex.org/W4200445708
https://openalex.org/W4214592737
https://openalex.org/W4220842402
https://openalex.org/W4224268910
https://openalex.org/W4225290972
https://openalex.org/W4225975157
https://openalex.org/W4229032184
https://openalex.org/W4232212435
https://openalex.org/W4237687246
https://openalex.org/W4238631625
https://openalex.org/W4249531955
https://openalex.org/W4252872668
https://openalex.org/W4282930348
https://openalex.org/W4286005518
https://openalex.org/W4295900232
https://openalex.org/W4297963001
https://openalex.org/W4307091988
https://openalex.org/W4313380765
https://openalex.org/W4353021287
https://openalex.org/W46675501
https://openalex.org/W577051387
https://openalex.org/W83466216
https://openalex.org/W8432758
https://openalex.org/W947227703
https://openalex.org/W12595739
https://openalex.org/W141957857
https://openalex.org/W1502361781
https://openalex.org/W1509490328
https://openalex.org/W1519967309
https://openalex.org/W1544933682
https://openalex.org/W1559547648
https://openalex.org/W1601389495
https://openalex.org/W1619698361
https://openalex.org/W1621093855
https://openalex.org/W1626362189
https://openalex.org/W1729319924
https://openalex.org/W1931866879
https://openalex.org/W1966329235
https://openalex.org/W1967043994
https://openalex.org/W1967592092
https://openalex.org/W1967731451
https://openalex.org/W1970959271
https://openalex.org/W1971691528
https://openalex.org/W1973064079
https://openalex.org/W1974274163
https://openalex.org/W1975807359
https://openalex.org/W1981581383
https://openalex.org/W1988382529
https://openalex.org/W1999489419
https://openalex.org/W2000165234
https://openalex.org/W2002928201
https://openalex.org/W2004203650
https://openalex.org/W2006980824
https://openalex.org/W2009693769
https://openalex.org/W2011186583
https://openalex.org/W2018109234
https://openalex.org/W2019167970
https://openalex.org/W2021097717
https://openalex.org/W2022769626
https://openalex.org/W2025824086
https://openalex.org/W2026578554
https://openalex.org/W2042543065
https://openalex.org/W2046204943
https://openalex.org/W2046458639
https://openalex.org/W2046475448
https://openalex.org/W2048193696
https://openalex.org/W2049161125
https://openalex.org/W2049662407
https://openalex.org/W2050746803
https://openalex.org/W2051628734
https://openalex.org/W2054475459
https://openalex.org/W2059648124
https://openalex.org/W2062331026
https://openalex.org/W2062561504
https://openalex.org/W2064825729
https://openalex.org/W2065871736
https://openalex.org/W2069838741
https://openalex.org/W2073001916
https://openalex.org/W2075307683
https://openalex.org/W2078404628
https://openalex.org/W2082790439
https://openalex.org/W208671097
https://openalex.org/W2086895010
https://openalex.org/W2087209097
https://openalex.org/W2092804075
https://openalex.org/W2093471174
https://openalex.org/W2099723684
https://openalex.org/W210446278
https://openalex.org/W2104962435
https://openalex.org/W2107106834
https://openalex.org/W2111334614
https://openalex.org/W2111569603
https://openalex.org/W2119828183
https://openalex.org/W2120068659
https://openalex.org/W2126394465
https://openalex.org/W2147648780
https://openalex.org/W2152229189
https://openalex.org/W2162723411
https://openalex.org/W2168239475
https://openalex.org/W2171688273
https://openalex.org/W2173209743
https://openalex.org/W2186367537
https://openalex.org/W2235051357
https://openalex.org/W2257329343
https://openalex.org/W2260633798
https://openalex.org/W2272938230
https://openalex.org/W2273936470
https://openalex.org/W2277913406
https://openalex.org/W2298974565
https://openalex.org/W2334456411
https://openalex.org/W2343238614
https://openalex.org/W23519519
https://openalex.org/W2360343587
https://openalex.org/W2403069898
https://openalex.org/W2405544884
https://openalex.org/W2405610878
https://openalex.org/W2409900888
https://openalex.org/W2410029183
https://openalex.org/W2416186376
https://openalex.org/W2421324189
https://openalex.org/W2431554407
https://openalex.org/W2472858343
https://openalex.org/W2476615018
https://openalex.org/W2481158656
https://openalex.org/W2514995522
https://openalex.org/W2543747690
https://openalex.org/W2551296425
https://openalex.org/W2554923484
https://openalex.org/W2578540988
https://openalex.org/W2593040273
https://openalex.org/W2601431072
https://openalex.org/W2606694140
https://openalex.org/W2607326003
https://openalex.org/W2617624848
https://openalex.org/W2622894679
https://openalex.org/W2643444192
https://openalex.org/W2649256284
https://openalex.org/W2740557701
https://openalex.org/W2742276711
https://openalex.org/W2744458011
https://openalex.org/W2746676651
https://openalex.org/W2756054612
https://openalex.org/W2770073152
https://openalex.org/W2770629374
https://openalex.org/W2800767536
https://openalex.org/W2889437650
https://openalex.org/W2891619191
https://openalex.org/W2894846986
https://openalex.org/W2905794237
https://openalex.org/W2909089278
https://openalex.org/W2913360956
https://openalex.org/W2913827225
https://openalex.org/W2918813709
https://openalex.org/W2950090881
https://openalex.org/W2950681250
https://openalex.org/W2954885542
https://openalex.org/W2969486058
https://openalex.org/W2979056098
https://openalex.org/W29840434
https://openalex.org/W2984130076
https://openalex.org/W2985030160
https://openalex.org/W3000949749
https://openalex.org/W3004728425
https://openalex.org/W3016045099
https://openalex.org/W3027905349
https://openalex.org/W3045761595
https://openalex.org/W3046070077
https://openalex.org/W3046453755
https://openalex.org/W3085804914
https://openalex.org/W3088348980
https://openalex.org/W3092051121
https://openalex.org/W3093255040
https://openalex.org/W3094192432
https://openalex.org/W3096225675
https://openalex.org/W3098403210
https://openalex.org/W3098535336
https://openalex.org/W3099325659
https://openalex.org/W3099624016
https://openalex.org/W3100875827
https://openalex.org/W3104683694
https://openalex.org/W3110346768
https://openalex.org/W3113394747
https://openalex.org/W3114425030
https://openalex.org/W3115272081
https://openalex.org/W3154425757
https://openalex.org/W3164661072
https://openalex.org/W3195564445
https://openalex.org/W3199732976
https://openalex.org/W3205628486
https://openalex.org/W3206781322
https://openalex.org/W3210854271
https://openalex.org/W4200591604
https://openalex.org/W4210544093
https://openalex.org/W4210802781
https://openalex.org/W4210971043
https://openalex.org/W4211189878
https://openalex.org/W4212783653
https://openalex.org/W4214566993
https://openalex.org/W4220661966
https://openalex.org/W4220702044
https://openalex.org/W4224280303
https://openalex.org/W4224316483
https://openalex.org/W4229711891
https://openalex.org/W4232802175
https://openalex.org/W4235190967
https://openalex.org/W4237566513
https://openalex.org/W4247271145
https://openalex.org/W4280515821
https://openalex.org/W4280633737
https://openalex.org/W4281706877
https://openalex.org/W4283381339
https://openalex.org/W4283722681
https://openalex.org/W4289537956
https://openalex.org/W4295637819
https://openalex.org/W4297339078
https://openalex.org/W4307570298
https://openalex.org/W4308867594
https://openalex.org/W4313892771
https://openalex.org/W4317749997
https://openalex.org/W4321350225
https://openalex.org/W4321790565
https://openalex.org/W4323036392
https://openalex.org/W4360851424
https://openalex.org/W4362506732
https://openalex.org/W436262189
https://openalex.org/W4363675851
https://openalex.org/W4366550648
https://openalex.org/W4385719099
https://openalex.org/W53361617
https://openalex.org/W564435587
https://openalex.org/W588196189
https://openalex.org/W649110757
https://openalex.org/W654922146
https://openalex.org/W68017114
https://openalex.org/W79464981
https://openalex.org/W83466275
https://openalex.org/W93578073
https://openalex.org/W1014349174
https://openalex.org/W1173629772
https://openalex.org/W132856875
https://openalex.org/W134819279
https://openalex.org/W1484317730
https://openalex.org/W1497315634
https://openalex.org/W1503363273
https://openalex.org/W1508319730
https://openalex.org/W1515405879
https://openalex.org/W1541889123
https://openalex.org/W1541909084
https://openalex.org/W1550521147
https://openalex.org/W1553471637
https://openalex.org/W1562435972
https://openalex.org/W1570539050
https://openalex.org/W1583479525
https://openalex.org/W1590197297
https://openalex.org/W1603559987
https://openalex.org/W1615948697
https://openalex.org/W1619364808
https://openalex.org/W162025162
https://openalex.org/W1640683418
https://openalex.org/W1642336371
https://openalex.org/W1661019022
https://openalex.org/W1776745865
https://openalex.org/W1899841611
https://openalex.org/W191132462
https://openalex.org/W1921057970
https://openalex.org/W1926790812
https://openalex.org/W1960680517
https://openalex.org/W1964924826
https://openalex.org/W1965301913
https://openalex.org/W1972815718
https://openalex.org/W1973215153
https://openalex.org/W1978537035
https://openalex.org/W1980251702
https://openalex.org/W1981608970
https://openalex.org/W1982119168
https://openalex.org/W1982599317
https://openalex.org/W1984051855
https://openalex.org/W1991170547
https://openalex.org/W1991350564
https://openalex.org/W1994196693
https://openalex.org/W1995649598
https://openalex.org/W1997512816
https://openalex.org/W2001904609
https://openalex.org/W2006882134
https://openalex.org/W2007857289
https://openalex.org/W2009299471
https://openalex.org/W2011134802
https://openalex.org/W2014642846
https://openalex.org/W2016424966
https://openalex.org/W2018174457
https://openalex.org/W2018940283
https://openalex.org/W2020389010
https://openalex.org/W2020988991
https://openalex.org/W2026141400
https://openalex.org/W2027369061
https://openalex.org/W2027655566
https://openalex.org/W2027952802
https://openalex.org/W2031449722
https://openalex.org/W2032285523
https://openalex.org/W2032778271
https://openalex.org/W2032806986
https://openalex.org/W2032847060
https://openalex.org/W2036884567
https://openalex.org/W2038594740
https://openalex.org/W2040530763
https://openalex.org/W2042372125
https://openalex.org/W2045924034
https://openalex.org/W2046248331
https://openalex.org/W2058121856
https://openalex.org/W2059781410
https://openalex.org/W2064487831
https://openalex.org/W2065714881
https://openalex.org/W2067130137
https://openalex.org/W2069475957
https://openalex.org/W2075732113
https://openalex.org/W2083441977
https://openalex.org/W2083903520
https://openalex.org/W2084404061
https://openalex.org/W2087582030
https://openalex.org/W2089403594
https://openalex.org/W209106449
https://openalex.org/W2091399154
https://openalex.org/W2091896748
https://openalex.org/W2092167121
https://openalex.org/W2092557634
https://openalex.org/W2092576173
https://openalex.org/W2095351817
https://openalex.org/W2117034162
https://openalex.org/W2119792716
https://openalex.org/W2120571268
https://openalex.org/W2130163740
https://openalex.org/W2136492794
https://openalex.org/W2140923605
https://openalex.org/W2143811263
https://openalex.org/W2144764347
https://openalex.org/W2146235388
https://openalex.org/W2150839101
https://openalex.org/W2151157294
https://openalex.org/W2152312192
https://openalex.org/W2155413582
https://openalex.org/W2160275672
https://openalex.org/W21691708
https://openalex.org/W2176842969
https://openalex.org/W2184221468
https://openalex.org/W2186172766
https://openalex.org/W2216371109
https://openalex.org/W2226661532
https://openalex.org/W2235158362
https://openalex.org/W223821004
https://openalex.org/W2246647106
https://openalex.org/W2255162294
https://openalex.org/W2259279592
https://openalex.org/W2262150369
https://openalex.org/W2268820268
https://openalex.org/W2278771690
https://openalex.org/W2283683096
https://openalex.org/W2288469418
https://openalex.org/W2295848845
https://openalex.org/W2299345868
https://openalex.org/W2301099396
https://openalex.org/W2301664172
https://openalex.org/W2313222308
https://openalex.org/W2313782186
https://openalex.org/W2315078488
https://openalex.org/W2315837405
https://openalex.org/W2317014306
https://openalex.org/W2317497982
https://openalex.org/W2320214693
https://openalex.org/W2320828161
https://openalex.org/W2321262485
https://openalex.org/W2321399313
https://openalex.org/W2323586125
https://openalex.org/W2329196281
https://openalex.org/W2330793320
https://openalex.org/W2331757823
https://openalex.org/W2333781996
https://openalex.org/W2336586650
https://openalex.org/W2342505793
https://openalex.org/W2372229899
https://openalex.org/W2373045973
https://openalex.org/W2376252512
https://openalex.org/W2385694579
https://openalex.org/W2397062719
https://openalex.org/W2404695220
https://openalex.org/W2408900424
https://openalex.org/W2409752194
https://openalex.org/W2411266470
https://openalex.org/W2412056836
https://openalex.org/W2412155164
https://openalex.org/W2413229298
https://openalex.org/W2433256671
https://openalex.org/W2444058451
https://openalex.org/W2463566778
https://openalex.org/W2465956570
https://openalex.org/W2467705148
https://openalex.org/W2480542234
https://openalex.org/W2485169374
https://openalex.org/W2495360821
https://openalex.org/W2508042863
https://openalex.org/W2515270224
https://openalex.org/W2524511329
https://openalex.org/W2551474432
https://openalex.org/W2555806605
https://openalex.org/W2576886573
https://openalex.org/W2609603302
https://openalex.org/W2621643666
https://openalex.org/W2625689361
https://openalex.org/W262601307
https://openalex.org/W2724294771
https://openalex.org/W2726438777
https://openalex.org/W2753779054
https://openalex.org/W2761213352
https://openalex.org/W2761266059
https://openalex.org/W2765441661
https://openalex.org/W2769273850
https://openalex.org/W2770643693
https://openalex.org/W2772505943
https://openalex.org/W2787479767
https://openalex.org/W2789731036
https://openalex.org/W2790020523
https://openalex.org/W2790785432
https://openalex.org/W2796747966
https://openalex.org/W2803021999
https://openalex.org/W2805095589
https://openalex.org/W2808628135
https://openalex.org/W2811449172
https://openalex.org/W28175126
https://openalex.org/W2883546196
https://openalex.org/W2889364166
https://openalex.org/W2890485369
https://openalex.org/W2896431381
https://openalex.org/W2896898509
https://openalex.org/W2901871755
https://openalex.org/W2903977999
https://openalex.org/W2905425729
https://openalex.org/W2905853140
https://openalex.org/W2912234626
https://openalex.org/W2916029518
https://openalex.org/W2938501405
https://openalex.org/W2941788479
https://openalex.org/W2944082232
https://openalex.org/W2945008276
https://openalex.org/W2949526898
https://openalex.org/W2953548758
https://openalex.org/W2955299595
https://openalex.org/W2963237548
https://openalex.org/W2966402731
https://openalex.org/W2970671286
https://openalex.org/W2981933663
https://openalex.org/W2982138392
https://openalex.org/W299280530
https://openalex.org/W2999436597
https://openalex.org/W3004586600
https://openalex.org/W3009853479
https://openalex.org/W3022587836
https://openalex.org/W3023202200
https://openalex.org/W3026843944
https://openalex.org/W3027110194
https://openalex.org/W304551233
https://openalex.org/W3047726615
https://openalex.org/W3093024150
https://openalex.org/W3098282643
https://openalex.org/W3106775980
https://openalex.org/W3113773019
https://openalex.org/W3118245164
https://openalex.org/W3121360017
https://openalex.org/W3121523459
https://openalex.org/W3121612844
https://openalex.org/W3122179911
https://openalex.org/W3125352618
https://openalex.org/W3125653033
https://openalex.org/W3125802720
https://openalex.org/W3132101582
https://openalex.org/W3134310272
https://openalex.org/W3137257442
https://openalex.org/W3148038786
https://openalex.org/W3151602526
https://openalex.org/W3153053345
https://openalex.org/W3166579256
https://openalex.org/W3181415595
https://openalex.org/W3186148173
https://openalex.org/W3186690486
https://openalex.org/W3193886376
https://openalex.org/W3202337012
https://openalex.org/W3205143654
https://openalex.org/W3208073308
https://openalex.org/W3209192908
https://openalex.org/W3211271856
https://openalex.org/W3211621431
https://openalex.org/W3216643975
https://openalex.org/W3216970194
https://openalex.org/W3216978007
https://openalex.org/W333162623
https://openalex.org/W35318313
https://openalex.org/W4205312932
https://openalex.org/W4205551761
https://openalex.org/W4205807409
https://openalex.org/W4206288821
https://openalex.org/W4206765387
https://openalex.org/W4206991057
https://openalex.org/W4207034403
https://openalex.org/W4210675674
https://openalex.org/W4210709488
https://openalex.org/W4210963459
https://openalex.org/W4221037749
https://openalex.org/W4223527802
https://openalex.org/W4226175175
https://openalex.org/W4229046826
https://openalex.org/W4229079103
https://openalex.org/W4230589145
https://openalex.org/W4232979876
https://openalex.org/W4234627930
https://openalex.org/W4235944630
https://openalex.org/W4236462589
https://openalex.org/W4237235941
https://openalex.org/W4239305512
https://openalex.org/W4241969493
https://openalex.org/W4243804018
https://openalex.org/W4246346744
https://openalex.org/W4248243953
https://openalex.org/W4253066143
https://openalex.org/W4256379975
https://openalex.org/W4280529798
https://openalex.org/W4282923433
https://openalex.org/W4283067644
https://openalex.org/W4283527027
https://openalex.org/W4283698359
https://openalex.org/W4283803410
https://openalex.org/W4285730878
https://openalex.org/W4289793695
https://openalex.org/W4292339508
https://openalex.org/W4293105661
https://openalex.org/W4295709092
https://openalex.org/W4297200033
https://openalex.org/W4301401137
https://openalex.org/W4304185482
https://openalex.org/W4308688070
https://openalex.org/W4309151531
https://openalex.org/W4311315216
https://openalex.org/W4312224032
https://openalex.org/W4318616111
https://openalex.org/W4319081217
https://openalex.org/W4319303505
https://openalex.org/W4319656021
https://openalex.org/W4367047953
https://openalex.org/W4376253701
https://openalex.org/W4382987683
https://openalex.org/W4383554516
https://openalex.org/W4384038720
https://openalex.org/W4384563040
https://openalex.org/W4384699633
https://openalex.org/W4384944485
https://openalex.org/W4385495461
https://openalex.org/W4807760
https://openalex.org/W579303555
https://openalex.org/W591444495
https://openalex.org/W596997313
https://openalex.org/W620520406
https://openalex.org/W791848937
https://openalex.org/W82851363
https://openalex.org/W85081733
https://openalex.org/W9534273
https://openalex.org/W1004442975
https://openalex.org/W1005770138
https://openalex.org/W1005795093
https://openalex.org/W1009779040
https://openalex.org/W1015755602
https://openalex.org/W1019402038
https://openalex.org/W102157108
https://openalex.org/W1025632387
https://openalex.org/W1038169471
https://openalex.org/W104085442
https://openalex.org/W1043710247
https://openalex.org/W10438652
https://openalex.org/W106390715
https://openalex.org/W106412416
https://openalex.org/W1066902004
https://openalex.org/W107670286
https://openalex.org/W1122583758
https://openalex.org/W1127042293
https://openalex.org/W1130729121
https://openalex.org/W1141770861
https://openalex.org/W1143437886
https://openalex.org/W1146146902
https://openalex.org/W1156797785
https://openalex.org/W116099609
https://openalex.org/W1161225447
https://openalex.org/W1169318245
https://openalex.org/W1171495128
https://openalex.org/W1174361520
https://openalex.org/W1180056030
https://openalex.org/W118154086
https://openalex.org/W118383739
https://openalex.org/W1187862919
https://openalex.org/W1187980083
https://openalex.org/W1194240834
https://openalex.org/W1198625701
https://openalex.org/W11989800
https://openalex.org/W120322423
https://openalex.org/W1204534274
https://openalex.org/W1217223946
https://openalex.org/W121921213
https://openalex.org/W131035416
https://openalex.org/W133380343
https://openalex.org/W134213784
https://openalex.org/W13421673
https://openalex.org/W134281224
https://openalex.org/W134477497
https://openalex.org/W134484904
https://openalex.org/W136153462
https://openalex.org/W136511914
https://openalex.org/W138880359
https://openalex.org/W1425799764
https://openalex.org/W142957776
https://openalex.org/W1464010215
https://openalex.org/W1479049605
https://openalex.org/W1481520489
https://openalex.org/W1490359830
https://openalex.org/W1493127448
https://openalex.org/W1493752041
https://openalex.org/W1494444745
https://openalex.org/W1494490785
https://openalex.org/W149558388
https://openalex.org/W1496761740
https://openalex.org/W1499495924
https://openalex.org/W1499760038
https://openalex.org/W1505770519
https://openalex.org/W1505793559
https://openalex.org/W1507228205
https://openalex.org/W1514262690
https://openalex.org/W1516018378
https://openalex.org/W1525961014
https://openalex.org/W1529758794
https://openalex.org/W1535465830
https://openalex.org/W1541542269
https://openalex.org/W154210343
https://openalex.org/W1543526898
https://openalex.org/W1543546650
https://openalex.org/W1546424529
https://openalex.org/W1550350832
https://openalex.org/W1552041532
https://openalex.org/W155697866
https://openalex.org/W1558169855
https://openalex.org/W1558518583
https://openalex.org/W1560858121
https://openalex.org/W1562118172
https://openalex.org/W1564356505
https://openalex.org/W1565328004
https://openalex.org/W1566003283
https://openalex.org/W1566818966
https://openalex.org/W1567947450
https://openalex.org/W1570120299
https://openalex.org/W1571596957
https://openalex.org/W1571703890
https://openalex.org/W1571785245
https://openalex.org/W1576572064
https://openalex.org/W1577438602
https://openalex.org/W1577499552
https://openalex.org/W1578072312
https://openalex.org/W1578419445
https://openalex.org/W1580215047
https://openalex.org/W1584291466
https://openalex.org/W15843835
https://openalex.org/W1586383232
https://openalex.org/W1587079769
https://openalex.org/W1588722611
https://openalex.org/W1596242094
https://openalex.org/W1600131155
https://openalex.org/W1618439505
https://openalex.org/W1622093766
https://openalex.org/W1622894769
https://openalex.org/W16258667
https://openalex.org/W1640237596
https://openalex.org/W1652661810
https://openalex.org/W165973983
https://openalex.org/W1663485489
https://openalex.org/W1669779996
https://openalex.org/W1672943484
https://openalex.org/W1673984746
https://openalex.org/W167905873
https://openalex.org/W1683003274
https://openalex.org/W1684568897
https://openalex.org/W172151668
https://openalex.org/W1733946848
https://openalex.org/W174105340
https://openalex.org/W1744497994
https://openalex.org/W175121315
https://openalex.org/W175903045
https://openalex.org/W177075576
https://openalex.org/W177275726
https://openalex.org/W1782261519
https://openalex.org/W1783066602
https://openalex.org/W181267447
https://openalex.org/W181606190
https://openalex.org/W182779306
https://openalex.org/W183522839
https://openalex.org/W1835965513
https://openalex.org/W1844249003
https://openalex.org/W1852899086
https://openalex.org/W185298853
https://openalex.org/W1860002603
https://openalex.org/W1874820085
https://openalex.org/W1895171280
https://openalex.org/W1903276346
https://openalex.org/W1905674485
https://openalex.org/W190873514
https://openalex.org/W191765837
https://openalex.org/W1948955327
https://openalex.org/W1952938462
https://openalex.org/W1964087203
https://openalex.org/W1964515406
https://openalex.org/W1964856231
https://openalex.org/W1965481320
https://openalex.org/W1966065169
https://openalex.org/W1966392774
https://openalex.org/W1967759798
https://openalex.org/W1968445412
https://openalex.org/W1969532555
https://openalex.org/W1973922225
https://openalex.org/W1974502195
https://openalex.org/W1974696693
https://openalex.org/W1975255962
https://openalex.org/W197549353
https://openalex.org/W1976041634
https://openalex.org/W1976185469
https://openalex.org/W1977165527
https://openalex.org/W1977742789
https://openalex.org/W1978647233
https://openalex.org/W1980171120
https://openalex.org/W1980213124
https://openalex.org/W1982044025
https://openalex.org/W1982326744
https://openalex.org/W1982460843
https://openalex.org/W1983386930
https://openalex.org/W1983663922
https://openalex.org/W1988094563
https://openalex.org/W1988941091
https://openalex.org/W1990525684
https://openalex.org/W1991378875
https://openalex.org/W1992413565
https://openalex.org/W1992693443
https://openalex.org/W1994013603
https://openalex.org/W1994639667
https://openalex.org/W1995607698
https://openalex.org/W1997320020
https://openalex.org/W1998055563
https://openalex.org/W1998998770
https://openalex.org/W1999465108
https://openalex.org/W2001374085
https://openalex.org/W2001840619
https://openalex.org/W2001902591
https://openalex.org/W2003638300
https://openalex.org/W2004462288
https://openalex.org/W2004810145
https://openalex.org/W2007359526
https://openalex.org/W2008934085
https://openalex.org/W2009651582
https://openalex.org/W2010812683
https://openalex.org/W2012741619
https://openalex.org/W201364657
https://openalex.org/W2014116579
https://openalex.org/W2015161426
https://openalex.org/W2015836395
https://openalex.org/W2016445605
https://openalex.org/W2016630702
https://openalex.org/W2016716588
https://openalex.org/W2017539343
https://openalex.org/W2019048556
https://openalex.org/W2021010211
https://openalex.org/W2021784280
https://openalex.org/W2022915775
https://openalex.org/W202394887
https://openalex.org/W2024150021
https://openalex.org/W2025845375
https://openalex.org/W2026521750
https://openalex.org/W2028177806
https://openalex.org/W2028670132
https://openalex.org/W2029562753
https://openalex.org/W2030528063
https://openalex.org/W2031812651
https://openalex.org/W2033798612
https://openalex.org/W203423817
https://openalex.org/W2035273135
https://openalex.org/W2037422872
https://openalex.org/W2037697092
https://openalex.org/W2041526756
https://openalex.org/W2042194773
https://openalex.org/W2042569378
https://openalex.org/W2043300190
https://openalex.org/W2043692749
https://openalex.org/W2044859076
https://openalex.org/W2045950715
https://openalex.org/W2048499550
https://openalex.org/W2049954047
https://openalex.org/W2050501051
https://openalex.org/W2050905430
https://openalex.org/W2051426819
https://openalex.org/W2052757426
https://openalex.org/W2052914419
https://openalex.org/W2053906458
https://openalex.org/W2054576837
https://openalex.org/W2054996561
https://openalex.org/W2055215318
https://openalex.org/W2055437617
https://openalex.org/W2056112159
https://openalex.org/W2056164957
https://openalex.org/W2056209410
https://openalex.org/W2056318651
https://openalex.org/W2057524576
https://openalex.org/W2059329263
https://openalex.org/W2061221368
https://openalex.org/W2061373813
https://openalex.org/W2061782441
https://openalex.org/W2063154491
https://openalex.org/W2065749413
https://openalex.org/W2066967559
https://openalex.org/W2069363686
https://openalex.org/W2072503491
https://openalex.org/W2072597265
https://openalex.org/W2074112066
https://openalex.org/W2075443998
https://openalex.org/W2075540758
https://openalex.org/W2075709154
https://openalex.org/W207736717
https://openalex.org/W2077657039
https://openalex.org/W2078045446
https://openalex.org/W2078866078
https://openalex.org/W2080357881
https://openalex.org/W2081349517
https://openalex.org/W2081505397
https://openalex.org/W2081773636
https://openalex.org/W2083050199
https://openalex.org/W2083886636
https://openalex.org/W2084712361
https://openalex.org/W2084792647
https://openalex.org/W2085058340
https://openalex.org/W2085098350
https://openalex.org/W2088262873
https://openalex.org/W2088315628
https://openalex.org/W2089630060
https://openalex.org/W2090619667
https://openalex.org/W2090981954
https://openalex.org/W2096427043
https://openalex.org/W2097807293
https://openalex.org/W2098603893
https://openalex.org/W2100442634
https://openalex.org/W2101626157
https://openalex.org/W2102453016
https://openalex.org/W2103532650
https://openalex.org/W2103628361
https://openalex.org/W2107089996
https://openalex.org/W2108668007
https://openalex.org/W2111656522
https://openalex.org/W2112807816
https://openalex.org/W2113585165
https://openalex.org/W2119599078
https://openalex.org/W2121373001
https://openalex.org/W2121477108
https://openalex.org/W2124325587
https://openalex.org/W2133146850
https://openalex.org/W2133363020
https://openalex.org/W2140904705
https://openalex.org/W2141296148
https://openalex.org/W2143953566
https://openalex.org/W2148139696
https://openalex.org/W2149316268
https://openalex.org/W2155563694
https://openalex.org/W2155600587
https://openalex.org/W2158338750
https://openalex.org/W2162826873
https://openalex.org/W2165736090
https://openalex.org/W2167589348
https://openalex.org/W2170329423
https://openalex.org/W2170392773
https://openalex.org/W2170457364
https://openalex.org/W2172557233
https://openalex.org/W2172695267
https://openalex.org/W2175879571
https://openalex.org/W2179323486
https://openalex.org/W2181848349
https://openalex.org/W2183087237
https://openalex.org/W2185628372
https://openalex.org/W2186446845
https://openalex.org/W2188234487
https://openalex.org/W2188255713
https://openalex.org/W2188622663
https://openalex.org/W2189317115
https://openalex.org/W2190291945
https://openalex.org/W2198253620
https://openalex.org/W2199079000
https://openalex.org/W2199143386
https://openalex.org/W2201854545
https://openalex.org/W2205193928
https://openalex.org/W2205759443
https://openalex.org/W2206455474
https://openalex.org/W2208728113
https://openalex.org/W2209168635
https://openalex.org/W2210861349
https://openalex.org/W2211665525
https://openalex.org/W2213840710
https://openalex.org/W2217509624
https://openalex.org/W221795712
https://openalex.org/W2222560641
https://openalex.org/W223383232
https://openalex.org/W2234081373
https://openalex.org/W2240643023
https://openalex.org/W2241285519
https://openalex.org/W2241479969
https://openalex.org/W2241728451
https://openalex.org/W2242179491
https://openalex.org/W2242915867
https://openalex.org/W2246492775
https://openalex.org/W2249519488
https://openalex.org/W2249962797
https://openalex.org/W2253143648
https://openalex.org/W2253356293
https://openalex.org/W2253441812
https://openalex.org/W2253708177
https://openalex.org/W2254439883
https://openalex.org/W2255576841
https://openalex.org/W2258277707
https://openalex.org/W2259286248
https://openalex.org/W2259685214
https://openalex.org/W2260548373
https://openalex.org/W2260930769
https://openalex.org/W2261834576
https://openalex.org/W2262267767
https://openalex.org/W2262352123
https://openalex.org/W2263048358
https://openalex.org/W2263788270
https://openalex.org/W2266040416
https://openalex.org/W2267837729
https://openalex.org/W2268621768
https://openalex.org/W2269630912
https://openalex.org/W2271285136
https://openalex.org/W2272378033
https://openalex.org/W2272465006
https://openalex.org/W2274325347
https://openalex.org/W2276248072
https://openalex.org/W2276419490
https://openalex.org/W2276424339
https://openalex.org/W2277981852
https://openalex.org/W2281185055
https://openalex.org/W2281697573
https://openalex.org/W2281828883
https://openalex.org/W2282110120
https://openalex.org/W2283602717
https://openalex.org/W2284287389
https://openalex.org/W2286593731
https://openalex.org/W2287767087
https://openalex.org/W2287775639
https://openalex.org/W2290100633
https://openalex.org/W2290288369
https://openalex.org/W2293032365
https://openalex.org/W229488081
https://openalex.org/W2295137961
https://openalex.org/W2297907053
https://openalex.org/W2297920084
https://openalex.org/W2298617455
https://openalex.org/W2299309494
https://openalex.org/W2302345289
https://openalex.org/W2305205773
https://openalex.org/W2312262584
https://openalex.org/W2312609926
https://openalex.org/W2313302138
https://openalex.org/W231330966
https://openalex.org/W2314035258
https://openalex.org/W2314631243
https://openalex.org/W2314662345
https://openalex.org/W2316905176
https://openalex.org/W2318277269
https://openalex.org/W2318817476
https://openalex.org/W2319410171
https://openalex.org/W2320083670
https://openalex.org/W2321633418
https://openalex.org/W2322149046
https://openalex.org/W2322739513
https://openalex.org/W2322999336
https://openalex.org/W2323303513
https://openalex.org/W2324162501
https://openalex.org/W2324490214
https://openalex.org/W2324546206
https://openalex.org/W2325465377
https://openalex.org/W2325576984
https://openalex.org/W2326472614
https://openalex.org/W2328058924
https://openalex.org/W2329414098
https://openalex.org/W2329694404
https://openalex.org/W2330632295
https://openalex.org/W2331612928
https://openalex.org/W2332346918
https://openalex.org/W2332808369
https://openalex.org/W2333642010
https://openalex.org/W2334796363
https://openalex.org/W2335387916
https://openalex.org/W2335465514
https://openalex.org/W2335493292
https://openalex.org/W2337169201
https://openalex.org/W2337282743
https://openalex.org/W2338010985
https://openalex.org/W2338548473
https://openalex.org/W2339565493
https://openalex.org/W2341254966
https://openalex.org/W2341454705
https://openalex.org/W2342478650
https://openalex.org/W2342578451
https://openalex.org/W2342841919
https://openalex.org/W2344300453
https://openalex.org/W2345455921
https://openalex.org/W2345818671
https://openalex.org/W2347105103
https://openalex.org/W2347481901
https://openalex.org/W2348233562
https://openalex.org/W2348616993
https://openalex.org/W2348782860
https://openalex.org/W2352915930
https://openalex.org/W2353590411
https://openalex.org/W2355459286
https://openalex.org/W2355919273
https://openalex.org/W2356099659
https://openalex.org/W2357095046
https://openalex.org/W2357123564
https://openalex.org/W2360376655
https://openalex.org/W2360874199
https://openalex.org/W2360998146
https://openalex.org/W2361008071
https://openalex.org/W2366941270
https://openalex.org/W2367611182
https://openalex.org/W2368055326
https://openalex.org/W2368768161
https://openalex.org/W2369213275
https://openalex.org/W2369658936
https://openalex.org/W2370827254
https://openalex.org/W2371182830
https://openalex.org/W2371252039
https://openalex.org/W2373732147
https://openalex.org/W2374528441
https://openalex.org/W2376648785
https://openalex.org/W2378985442
https://openalex.org/W2380545061
https://openalex.org/W2380803709
https://openalex.org/W2383544482
https://openalex.org/W2384452847
https://openalex.org/W2385046321
https://openalex.org/W2386380410
https://openalex.org/W2388932316
https://openalex.org/W2391430394
https://openalex.org/W2391647362
https://openalex.org/W2392496852
https://openalex.org/W2395305537
https://openalex.org/W2395954157
https://openalex.org/W2398581663
https://openalex.org/W2400627367
https://openalex.org/W2401523835
https://openalex.org/W2401680120
https://openalex.org/W2401694578
https://openalex.org/W2402212273
https://openalex.org/W2402439086
https://openalex.org/W2402604413
https://openalex.org/W2403766058
https://openalex.org/W2404136931
https://openalex.org/W240418589
https://openalex.org/W2405518976
https://openalex.org/W2408689384
https://openalex.org/W2408778823
https://openalex.org/W2410027412
https://openalex.org/W2411188879
https://openalex.org/W2411351934
https://openalex.org/W2411679087
https://openalex.org/W2411856271
https://openalex.org/W2411939397
https://openalex.org/W2412242165
https://openalex.org/W2412374374
https://openalex.org/W2412759349
https://openalex.org/W2412796259
https://openalex.org/W2413137983
https://openalex.org/W2413693966
https://openalex.org/W2414181531
https://openalex.org/W2414390205
https://openalex.org/W2414570395
https://openalex.org/W2414950078
https://openalex.org/W2416074741
https://openalex.org/W2416934710
https://openalex.org/W2417037793
https://openalex.org/W2417332976
https://openalex.org/W2417464373
https://openalex.org/W2418017673
https://openalex.org/W2418193761
https://openalex.org/W2418228154
https://openalex.org/W2418482161
https://openalex.org/W2421935472
https://openalex.org/W2422887865
https://openalex.org/W2425849890
https://openalex.org/W2428461114
https://openalex.org/W2430982423
https://openalex.org/W2432684384
https://openalex.org/W2438160067
https://openalex.org/W2439843656
https://openalex.org/W2443183479
https://openalex.org/W2444428225
https://openalex.org/W244791044
https://openalex.org/W245807740
https://openalex.org/W2460331558
https://openalex.org/W2460755236
https://openalex.org/W2461345100
https://openalex.org/W2461410038
https://openalex.org/W2461905206
https://openalex.org/W2464366629
https://openalex.org/W2466459471
https://openalex.org/W2466473813
https://openalex.org/W2467273028
https://openalex.org/W2468496216
https://openalex.org/W2469373189
https://openalex.org/W2470135602
https://openalex.org/W2470148358
https://openalex.org/W2470545163
https://openalex.org/W2470612989
https://openalex.org/W2475139689
https://openalex.org/W2476404154
https://openalex.org/W2479827504
https://openalex.org/W24811386
https://openalex.org/W2483482185
https://openalex.org/W2483607050
https://openalex.org/W2488259179
https://openalex.org/W2491615186
https://openalex.org/W2492552885
https://openalex.org/W2494720099
https://openalex.org/W2495370974
https://openalex.org/W2498342885
https://openalex.org/W2498761591
https://openalex.org/W2502838368
https://openalex.org/W2503544516
https://openalex.org/W2505618764
https://openalex.org/W2507522620
https://openalex.org/W2508218857
https://openalex.org/W2508455798
https://openalex.org/W2511132459
https://openalex.org/W2511910157
https://openalex.org/W2513420508
https://openalex.org/W2516621501
https://openalex.org/W2516643659
https://openalex.org/W2517269346
https://openalex.org/W2518162069
https://openalex.org/W2520998590
https://openalex.org/W2522263332
https://openalex.org/W2523071698
https://openalex.org/W2524660130
https://openalex.org/W2526132569
https://openalex.org/W2536072381
https://openalex.org/W2536676925
https://openalex.org/W2546654419
https://openalex.org/W2547902783
https://openalex.org/W2549908230
https://openalex.org/W2552849523
https://openalex.org/W2554075531
https://openalex.org/W2555149854
https://openalex.org/W2555361997
https://openalex.org/W2555709334
https://openalex.org/W2555819501
https://openalex.org/W2556227482
https://openalex.org/W2559979680
https://openalex.org/W2560380150
https://openalex.org/W2566098739
https://openalex.org/W2566554280
https://openalex.org/W2568636523
https://openalex.org/W2568909914
https://openalex.org/W2572083529
https://openalex.org/W2572835171
https://openalex.org/W2572982110
https://openalex.org/W2574004319
https://openalex.org/W2582216662
https://openalex.org/W2582233845
https://openalex.org/W2582533145
https://openalex.org/W2584698493
https://openalex.org/W2588325433
https://openalex.org/W2591357519
https://openalex.org/W2592608050
https://openalex.org/W2593811055
https://openalex.org/W2594456820
https://openalex.org/W2595708261
https://openalex.org/W2596080327
https://openalex.org/W2596131154
https://openalex.org/W2596550986
https://openalex.org/W2596755603
https://openalex.org/W2601039462
https://openalex.org/W2601518570
https://openalex.org/W2601786260
https://openalex.org/W2603400060
https://openalex.org/W2603785832
https://openalex.org/W2604247040
https://openalex.org/W2605054056
https://openalex.org/W2605299610
https://openalex.org/W2605637893
https://openalex.org/W2605927104
https://openalex.org/W2606128180
https://openalex.org/W2606197516
https://openalex.org/W2606242747
https://openalex.org/W2606323213
https://openalex.org/W2606454942
https://openalex.org/W2606756886
https://openalex.org/W2606884462
https://openalex.org/W2607107852
https://openalex.org/W2607398709
https://openalex.org/W2607564224
https://openalex.org/W2607935945
https://openalex.org/W2608298794
https://openalex.org/W2609385477
https://openalex.org/W2609635613
https://openalex.org/W2609678124
https://openalex.org/W2611025477
https://openalex.org/W2613386189
https://openalex.org/W2613576143
https://openalex.org/W2617432067
https://openalex.org/W2618100675
https://openalex.org/W2618207113
https://openalex.org/W2618559677
https://openalex.org/W2618913162
https://openalex.org/W2619160653
https://openalex.org/W2619189795
https://openalex.org/W2619636868
https://openalex.org/W2619696122
https://openalex.org/W2619725743
https://openalex.org/W2620101163
https://openalex.org/W2620262494
https://openalex.org/W2620580390
https://openalex.org/W2620591270
https://openalex.org/W2621311230
https://openalex.org/W2622223318
https://openalex.org/W2622325696
https://openalex.org/W2622434242
https://openalex.org/W2623180533
https://openalex.org/W2623387500
https://openalex.org/W2623660629
https://openalex.org/W2623907418
https://openalex.org/W2623978534
https://openalex.org/W2625591545
https://openalex.org/W2627081601
https://openalex.org/W262775849
https://openalex.org/W2665524888
https://openalex.org/W2710849538
https://openalex.org/W2714776395
https://openalex.org/W2724916889
https://openalex.org/W2725451394
https://openalex.org/W2727284580
https://openalex.org/W2730065548
https://openalex.org/W2733242810
https://openalex.org/W2733503260
https://openalex.org/W2734421247
https://openalex.org/W2735523226
https://openalex.org/W2735529039
https://openalex.org/W2735649279
https://openalex.org/W2736027914
https://openalex.org/W2736543168
https://openalex.org/W2736825743
https://openalex.org/W2737286633
https://openalex.org/W2738397688
https://openalex.org/W2738569991
https://openalex.org/W2739547429
https://openalex.org/W2740293277
https://openalex.org/W2740808610
https://openalex.org/W2740872298
https://openalex.org/W2741648570
https://openalex.org/W2742335741
https://openalex.org/W2742772861
https://openalex.org/W2743245620
https://openalex.org/W2743397391
https://openalex.org/W2743842699
https://openalex.org/W2744255414
https://openalex.org/W2745069564
https://openalex.org/W2745209109
https://openalex.org/W2745733153
https://openalex.org/W2747486608
https://openalex.org/W2748466810
https://openalex.org/W2749974319
https://openalex.org/W2750030225
https://openalex.org/W2750568126
https://openalex.org/W2751173358
https://openalex.org/W2752464377
https://openalex.org/W2753339507
https://openalex.org/W2753502457
https://openalex.org/W2753836455
https://openalex.org/W2753881013
https://openalex.org/W2754746146
https://openalex.org/W2756208837
https://openalex.org/W2757019634
https://openalex.org/W2757285137
https://openalex.org/W2758056566
https://openalex.org/W2758078115
https://openalex.org/W2758755570
https://openalex.org/W276057365
https://openalex.org/W2765476329
https://openalex.org/W2765954969
https://openalex.org/W2766041851
https://openalex.org/W2766555572
https://openalex.org/W2767119869
https://openalex.org/W2767445608
https://openalex.org/W2768320782
https://openalex.org/W2769241611
https://openalex.org/W2770398399
https://openalex.org/W2772025939
https://openalex.org/W2772421115
https://openalex.org/W2772775168
https://openalex.org/W2773719073
https://openalex.org/W2774821003
https://openalex.org/W2781568928
https://openalex.org/W2781872993
https://openalex.org/W2786280138
https://openalex.org/W2786437598
https://openalex.org/W2788655756
https://openalex.org/W2790827307
https://openalex.org/W2791384083
https://openalex.org/W2791860693
https://openalex.org/W2792671279
https://openalex.org/W2793010392
https://openalex.org/W2793509533
https://openalex.org/W2794056939
https://openalex.org/W2794555571
https://openalex.org/W2794673104
https://openalex.org/W2794796952
https://openalex.org/W2795315238
https://openalex.org/W2795616114
https://openalex.org/W2798257364
https://openalex.org/W2799709751
https://openalex.org/W2799935789
https://openalex.org/W2799984588
https://openalex.org/W2799997514
https://openalex.org/W280224446
https://openalex.org/W2804032050
https://openalex.org/W2804227416
https://openalex.org/W2804236478
https://openalex.org/W2804257465
https://openalex.org/W2804335317
https://openalex.org/W2808203365
https://openalex.org/W2809782126
https://openalex.org/W2810235754
https://openalex.org/W2811500126
https://openalex.org/W2840093804
https://openalex.org/W2884162654
https://openalex.org/W2884580136
https://openalex.org/W2884660618
https://openalex.org/W2886193176
https://openalex.org/W2886534942
https://openalex.org/W2887228265
https://openalex.org/W2888960032
https://openalex.org/W2890095994
https://openalex.org/W2890367827
https://openalex.org/W2890629104
https://openalex.org/W2890880222
https://openalex.org/W2891610529
https://openalex.org/W2892422440
https://openalex.org/W2893258588
https://openalex.org/W2894755364
https://openalex.org/W2898305993
https://openalex.org/W2898382880
https://openalex.org/W2898842923
https://openalex.org/W2899229757
https://openalex.org/W2899635124
https://openalex.org/W2899646068
https://openalex.org/W2899838642
https://openalex.org/W2900136944
https://openalex.org/W2900900543
https://openalex.org/W2901553906
https://openalex.org/W2901842027
https://openalex.org/W2901926030
https://openalex.org/W2902000833
https://openalex.org/W2902122069
https://openalex.org/W2903240576
https://openalex.org/W2903858692
https://openalex.org/W2904473573
https://openalex.org/W2905819211
https://openalex.org/W2909026348
https://openalex.org/W2909782651
https://openalex.org/W2910200126
https://openalex.org/W2912864235
https://openalex.org/W2913342891
https://openalex.org/W2913350554
https://openalex.org/W2913821962
https://openalex.org/W2916586135
https://openalex.org/W2918681856
https://openalex.org/W2919032733
https://openalex.org/W2928661806
https://openalex.org/W2931493958
https://openalex.org/W2938381625
https://openalex.org/W2939182449
https://openalex.org/W2939198895
https://openalex.org/W2940108381
https://openalex.org/W2941354486
https://openalex.org/W2941901210
https://openalex.org/W2942638344
https://openalex.org/W2943923180
https://openalex.org/W2943942897
https://openalex.org/W2944455695
https://openalex.org/W2944527938
https://openalex.org/W2945488042
https://openalex.org/W2949335344
https://openalex.org/W2949929840
https://openalex.org/W2949936432
https://openalex.org/W2950073359
https://openalex.org/W2950130301
https://openalex.org/W2950301898
https://openalex.org/W2950334945
https://openalex.org/W2950376938
https://openalex.org/W2950497529
https://openalex.org/W2950513358
https://openalex.org/W2950792258
https://openalex.org/W2950969317
https://openalex.org/W2951067966
https://openalex.org/W2951236112
https://openalex.org/W2951526425
https://openalex.org/W2951538018
https://openalex.org/W2951581909
https://openalex.org/W2951620955
https://openalex.org/W2951922893
https://openalex.org/W2952044424
https://openalex.org/W2952059021
https://openalex.org/W2952205517
https://openalex.org/W2952457309
https://openalex.org/W2952473797
https://openalex.org/W2952737536
https://openalex.org/W2952839732
https://openalex.org/W2952982874
https://openalex.org/W2953321925
https://openalex.org/W2953938160
https://openalex.org/W2954270475
https://openalex.org/W2954309850
https://openalex.org/W2954602115
https://openalex.org/W2955246580
https://openalex.org/W2958079069
https://openalex.org/W2962906106
https://openalex.org/W2963626462
https://openalex.org/W2964593727
https://openalex.org/W2964940685
https://openalex.org/W2967994394
https://openalex.org/W2968654295
https://openalex.org/W2969011201
https://openalex.org/W2970592613
https://openalex.org/W2970912283
https://openalex.org/W2971453512
https://openalex.org/W2975349147
https://openalex.org/W2975868743
https://openalex.org/W2976763377
https://openalex.org/W2977338910
https://openalex.org/W2977394195
https://openalex.org/W2978305816
https://openalex.org/W2979159610
https://openalex.org/W2980222503
https://openalex.org/W2980418255
https://openalex.org/W2980808981
https://openalex.org/W2981491864
https://openalex.org/W2982295004
https://openalex.org/W2982402435
https://openalex.org/W2983238183
https://openalex.org/W2984579691
https://openalex.org/W2989645876
https://openalex.org/W2989649114
https://openalex.org/W2989653289
https://openalex.org/W2990135504
https://openalex.org/W2990361334
https://openalex.org/W2990877187
https://openalex.org/W2991526854
https://openalex.org/W2991738872
https://openalex.org/W2991814189
https://openalex.org/W2993097250
https://openalex.org/W2993160454
https://openalex.org/W2994630510
https://openalex.org/W2995355759
https://openalex.org/W2995585547
https://openalex.org/W2996468564
https://openalex.org/W2997631783
https://openalex.org/W2997932690
https://openalex.org/W2999077540
https://openalex.org/W2999188392
https://openalex.org/W2999766150
https://openalex.org/W3004957992
https://openalex.org/W3005232120
https://openalex.org/W3006775828
https://openalex.org/W3006855305
https://openalex.org/W3006960618
https://openalex.org/W3007883479
https://openalex.org/W3008121980
https://openalex.org/W3009757520
https://openalex.org/W3010519078
https://openalex.org/W3010554768
https://openalex.org/W3010816373
https://openalex.org/W3011100289
https://openalex.org/W3011501544
https://openalex.org/W3011608845
https://openalex.org/W3011951333
https://openalex.org/W3012494819
https://openalex.org/W3012500412
https://openalex.org/W3012804525
https://openalex.org/W3013123048
https://openalex.org/W3013339932
https://openalex.org/W3013452455
https://openalex.org/W3013827434
https://openalex.org/W3014476929
https://openalex.org/W3014568028
https://openalex.org/W3017090961
https://openalex.org/W3018550824
https://openalex.org/W3020908467
https://openalex.org/W3023624296
https://openalex.org/W3023934281
https://openalex.org/W3025989741
https://openalex.org/W3026703386
https://openalex.org/W3026726377
https://openalex.org/W302803429
https://openalex.org/W3028248807
https://openalex.org/W3028527559
https://openalex.org/W3028739907
https://openalex.org/W3028881112
https://openalex.org/W3029060148
https://openalex.org/W3029244680
https://openalex.org/W3029365353
https://openalex.org/W3029467523
https://openalex.org/W3029509806
https://openalex.org/W3029584059
https://openalex.org/W3029824810
https://openalex.org/W3029990479
https://openalex.org/W3030409418
https://openalex.org/W3030617115
https://openalex.org/W3030889213
https://openalex.org/W3030960354
https://openalex.org/W3031085826
https://openalex.org/W3031198064
https://openalex.org/W3031384048
https://openalex.org/W3031586239
https://openalex.org/W3031634636
https://openalex.org/W3031822149
https://openalex.org/W3032198188
https://openalex.org/W30325425
https://openalex.org/W3032690610
https://openalex.org/W3033365270
https://openalex.org/W3034631831
https://openalex.org/W3035074315
https://openalex.org/W3035631493
https://openalex.org/W3036805835
https://openalex.org/W3040797228
https://openalex.org/W3042490322
https://openalex.org/W3042591198
https://openalex.org/W3043021320
https://openalex.org/W3043143051
https://openalex.org/W3043248309
https://openalex.org/W3043880388
https://openalex.org/W3047044356
https://openalex.org/W3047213364
https://openalex.org/W3047585580
https://openalex.org/W3049022580
https://openalex.org/W3080153826
https://openalex.org/W3080268574
https://openalex.org/W3083031472
https://openalex.org/W3083920549
https://openalex.org/W3083962783
https://openalex.org/W3083994962
https://openalex.org/W3084381320
https://openalex.org/W3093145188
https://openalex.org/W3093271106
https://openalex.org/W3093324562
https://openalex.org/W3093955672
https://openalex.org/W3094522521
https://openalex.org/W3095706684
https://openalex.org/W3095748436
https://openalex.org/W3097228383
https://openalex.org/W3098150456
https://openalex.org/W3099513738
https://openalex.org/W3100054045
https://openalex.org/W3101364240
https://openalex.org/W3101775879
https://openalex.org/W3102378874
https://openalex.org/W3103774159
https://openalex.org/W3104172672
https://openalex.org/W3104627549
https://openalex.org/W3104923273
https://openalex.org/W3104990375
https://openalex.org/W3105847845
https://openalex.org/W3106589470
https://openalex.org/W3107504800
https://openalex.org/W3108945634
https://openalex.org/W3109952518
https://openalex.org/W3110436239
https://openalex.org/W3110718525
https://openalex.org/W3112373670
https://openalex.org/W3112785294
https://openalex.org/W3116091560
https://openalex.org/W3118432106
https://openalex.org/W3118762698
https://openalex.org/W3120504324
https://openalex.org/W3120597147
https://openalex.org/W3120738266
https://openalex.org/W3121051373
https://openalex.org/W3121262181
https://openalex.org/W3121262706
https://openalex.org/W3121300090
https://openalex.org/W3121465295
https://openalex.org/W3121518388
https://openalex.org/W3121614275
https://openalex.org/W3122033910
https://openalex.org/W3122431280
https://openalex.org/W3122790312
https://openalex.org/W3122945929
https://openalex.org/W3122996188
https://openalex.org/W3123105132
https://openalex.org/W3123107811
https://openalex.org/W3123166808
https://openalex.org/W3123389150
https://openalex.org/W3123533630
https://openalex.org/W3123719170
https://openalex.org/W3123850215
https://openalex.org/W3124003833
https://openalex.org/W3124242417
https://openalex.org/W3124509495
https://openalex.org/W3124544051
https://openalex.org/W3124942288
https://openalex.org/W3125077321
https://openalex.org/W3125235807
https://openalex.org/W3125487810
https://openalex.org/W3125906008
https://openalex.org/W3125961037
https://openalex.org/W3126023438
https://openalex.org/W3126092674
https://openalex.org/W3126146094
https://openalex.org/W3126189377
https://openalex.org/W3126682341
https://openalex.org/W3127218897
https://openalex.org/W3127665588
https://openalex.org/W3128822845
https://openalex.org/W3129927810
https://openalex.org/W3133280601
https://openalex.org/W3133710521
https://openalex.org/W3135042095
https://openalex.org/W3136337817
https://openalex.org/W3139397317
https://openalex.org/W3139556543
https://openalex.org/W3140009468
https://openalex.org/W3141927093
https://openalex.org/W3142311828
https://openalex.org/W3143275957
https://openalex.org/W3143677982
https://openalex.org/W3144504665
https://openalex.org/W3149981424
https://openalex.org/W3150010304
https://openalex.org/W3153801006
https://openalex.org/W3155791748
https://openalex.org/W3156452942
https://openalex.org/W3156663414
https://openalex.org/W3157082371
https://openalex.org/W3157171031
https://openalex.org/W3157190864
https://openalex.org/W3157736678
https://openalex.org/W3158079921
https://openalex.org/W3159438488
https://openalex.org/W3159443842
https://openalex.org/W3160086999
https://openalex.org/W3160478996
https://openalex.org/W3161180844
https://openalex.org/W3162030073
https://openalex.org/W3162034537
https://openalex.org/W3162104103
https://openalex.org/W3162524248
https://openalex.org/W3162661652
https://openalex.org/W3163345195
https://openalex.org/W3164455360
https://openalex.org/W3164497260
https://openalex.org/W3164777068
https://openalex.org/W3166037945
https://openalex.org/W3166099667
https://openalex.org/W3166797200
https://openalex.org/W3167065660
https://openalex.org/W3167320015
https://openalex.org/W3170500002
https://openalex.org/W3170510444
https://openalex.org/W3174383338
https://openalex.org/W3175285905
https://openalex.org/W3175316864
https://openalex.org/W3175798232
https://openalex.org/W3178237122
https://openalex.org/W3178995999
https://openalex.org/W3180032417
https://openalex.org/W3182063214
https://openalex.org/W3183775185
https://openalex.org/W3184376668
https://openalex.org/W3185264988
https://openalex.org/W3186023510
https://openalex.org/W3186974903
https://openalex.org/W3187382823
https://openalex.org/W3190106699
https://openalex.org/W3190190365
https://openalex.org/W3190895804
https://openalex.org/W3191447457
https://openalex.org/W3191656711
https://openalex.org/W3191676459
https://openalex.org/W3193361856
https://openalex.org/W3193368953
https://openalex.org/W3193492614
https://openalex.org/W3193637418
https://openalex.org/W3194401616
https://openalex.org/W3194419065
https://openalex.org/W3194986287
https://openalex.org/W3195421705
https://openalex.org/W3195566490
https://openalex.org/W3195666135
https://openalex.org/W3196569508
https://openalex.org/W3196628538
https://openalex.org/W3197176917
https://openalex.org/W3197646505
https://openalex.org/W3197857432
https://openalex.org/W3198240288
https://openalex.org/W3198484809
https://openalex.org/W3201233685
https://openalex.org/W3201983496
https://openalex.org/W3202310407
https://openalex.org/W3205467029
https://openalex.org/W3208080906
https://openalex.org/W3208126991
https://openalex.org/W3208358697
https://openalex.org/W3208872695
https://openalex.org/W3208995112
https://openalex.org/W3209533685
https://openalex.org/W3209771652
https://openalex.org/W3210832092
https://openalex.org/W3211308396
https://openalex.org/W3211700712
https://openalex.org/W3212432345
https://openalex.org/W3214820186
https://openalex.org/W3214952112
https://openalex.org/W3215551222
https://openalex.org/W3215716816
https://openalex.org/W3215864641
https://openalex.org/W3217306431
https://openalex.org/W326910297
https://openalex.org/W344656715
https://openalex.org/W3621267
https://openalex.org/W36602486
https://openalex.org/W383458293
https://openalex.org/W4200027176
https://openalex.org/W4200093662
https://openalex.org/W4200197374
https://openalex.org/W4200248908
https://openalex.org/W4200350387
https://openalex.org/W4200556986
https://openalex.org/W4205201307
https://openalex.org/W4205368311
https://openalex.org/W4205817061
https://openalex.org/W4206118067
https://openalex.org/W4206298111
https://openalex.org/W4206334514
https://openalex.org/W4206475840
https://openalex.org/W4206547987
https://openalex.org/W4206809916
https://openalex.org/W4206842930
https://openalex.org/W4206948229
https://openalex.org/W4206953773
https://openalex.org/W4207041983
https://openalex.org/W4210644226
https://openalex.org/W4211116442
https://openalex.org/W4211176276
https://openalex.org/W4212920551
https://openalex.org/W4212955195
https://openalex.org/W4213313817
https://openalex.org/W4213320283
https://openalex.org/W4213338390
https://openalex.org/W4213389919
https://openalex.org/W4214652055
https://openalex.org/W4214683473
https://openalex.org/W4214939191
https://openalex.org/W4220764068
https://openalex.org/W4220823106
https://openalex.org/W4220869202
https://openalex.org/W4220947178
https://openalex.org/W4220960165
https://openalex.org/W4221086636
https://openalex.org/W4221098626
https://openalex.org/W4223594842
https://openalex.org/W4223618916
https://openalex.org/W4224260727
https://openalex.org/W4224316679
https://openalex.org/W4224324424
https://openalex.org/W4224990494
https://openalex.org/W4225005950
https://openalex.org/W4225092394
https://openalex.org/W4225922050
https://openalex.org/W4225957490
https://openalex.org/W4226020131
https://openalex.org/W4226030770
https://openalex.org/W4226049236
https://openalex.org/W4226120751
https://openalex.org/W4226201543
https://openalex.org/W4226355627
https://openalex.org/W4229053820
https://openalex.org/W4229985402
https://openalex.org/W4230307561
https://openalex.org/W4230367802
https://openalex.org/W4230941862
https://openalex.org/W4231664620
https://openalex.org/W4231722798
https://openalex.org/W4231843860
https://openalex.org/W4231945392
https://openalex.org/W4231956847
https://openalex.org/W4232552356
https://openalex.org/W4232759049
https://openalex.org/W4233014956
https://openalex.org/W4233149207
https://openalex.org/W4233349671
https://openalex.org/W4233604400
https://openalex.org/W4233652058
https://openalex.org/W4233694111
https://openalex.org/W4234074455
https://openalex.org/W4234422701
https://openalex.org/W4234435504
https://openalex.org/W4234489463
https://openalex.org/W4234526378
https://openalex.org/W4234552883
https://openalex.org/W4234853305
https://openalex.org/W4234957991
https://openalex.org/W4235205621
https://openalex.org/W4235356982
https://openalex.org/W4235468591
https://openalex.org/W4235684345
https://openalex.org/W4236062528
https://openalex.org/W4236198907
https://openalex.org/W4236313779
https://openalex.org/W4236338202
https://openalex.org/W4236357632
https://openalex.org/W4236679751
https://openalex.org/W4236712648
https://openalex.org/W4236716766
https://openalex.org/W4237010585
https://openalex.org/W4237040605
https://openalex.org/W4237182826
https://openalex.org/W4237231127
https://openalex.org/W4237353900
https://openalex.org/W4237480274
https://openalex.org/W4237996391
https://openalex.org/W4238148816
https://openalex.org/W4238530137
https://openalex.org/W4238827448
https://openalex.org/W4239156653
https://openalex.org/W4239179663
https://openalex.org/W4239415057
https://openalex.org/W4239468157
https://openalex.org/W4240373545
https://openalex.org/W4240391625
https://openalex.org/W4240468930
https://openalex.org/W4240929859
https://openalex.org/W4241108581
https://openalex.org/W4241154375
https://openalex.org/W4241216374
https://openalex.org/W4241427848
https://openalex.org/W4241591164
https://openalex.org/W4241904684
https://openalex.org/W4241999182
https://openalex.org/W4242000193
https://openalex.org/W4242325812
https://openalex.org/W4242397505
https://openalex.org/W4242544274
https://openalex.org/W4242564629
https://openalex.org/W4242602562
https://openalex.org/W4242622814
https://openalex.org/W4243068069
https://openalex.org/W4243214081
https://openalex.org/W4243674768
https://openalex.org/W4243793013
https://openalex.org/W4243913006
https://openalex.org/W4243955509
https://openalex.org/W4244068913
https://openalex.org/W4244205689
https://openalex.org/W4244217332
https://openalex.org/W4244323109
https://openalex.org/W4244931170
https://openalex.org/W4245020471
https://openalex.org/W4245267131
https://openalex.org/W4246151525
https://openalex.org/W4246277439
https://openalex.org/W4246400722
https://openalex.org/W4246516415
https://openalex.org/W4246754381
https://openalex.org/W4246755235
https://openalex.org/W4247009473
https://openalex.org/W4247243192
https://openalex.org/W4247264003
https://openalex.org/W4247289158
https://openalex.org/W4247410029
https://openalex.org/W4247463797
https://openalex.org/W4247906035
https://openalex.org/W4247994278
https://openalex.org/W4248340340
https://openalex.org/W4248496217
https://openalex.org/W4249661525
https://openalex.org/W4250103198
https://openalex.org/W4250764982
https://openalex.org/W4251059644
https://openalex.org/W4251289985
https://openalex.org/W4251310630
https://openalex.org/W4251418346
https://openalex.org/W4251600645
https://openalex.org/W4251748938
https://openalex.org/W4251989631
https://openalex.org/W4252096975
https://openalex.org/W4252144239
https://openalex.org/W4252564513
https://openalex.org/W4253239629
https://openalex.org/W4253435023
https://openalex.org/W4253635016
https://openalex.org/W4254055342
https://openalex.org/W4254257980
https://openalex.org/W4254491556
https://openalex.org/W4254654572
https://openalex.org/W4254857695
https://openalex.org/W4254886629
https://openalex.org/W4254964376
https://openalex.org/W4255009209
https://openalex.org/W4255173012
https://openalex.org/W4255299815
https://openalex.org/W4255305140
https://openalex.org/W4255790783
https://openalex.org/W4255903776
https://openalex.org/W4256333884
https://openalex.org/W4256391780
https://openalex.org/W4256587407
https://openalex.org/W4256695753
https://openalex.org/W4280570240
https://openalex.org/W4281550948
https://openalex.org/W4281608453
https://openalex.org/W4281769772
https://openalex.org/W4283265624
https://openalex.org/W4283270999
https://openalex.org/W4284958220
https://openalex.org/W4285505428
https://openalex.org/W4286503278
https://openalex.org/W4287308441
https://openalex.org/W4287477024
https://openalex.org/W4287914203
https://openalex.org/W4288279513
https://openalex.org/W4289256678
https://openalex.org/W4289277922
https://openalex.org/W4292457889
https://openalex.org/W4292682639
https://openalex.org/W4292937848
https://openalex.org/W4293098290
https://openalex.org/W4293248165
https://openalex.org/W4293421927
https://openalex.org/W4293758039
https://openalex.org/W4294002158
https://openalex.org/W4294740734
https://openalex.org/W4294933070
https://openalex.org/W4294934255
https://openalex.org/W4295168584
https://openalex.org/W4295278749
https://openalex.org/W4296211815
https://openalex.org/W4296260024
https://openalex.org/W4296666699
https://openalex.org/W4297002818
https://openalex.org/W4297348625
https://openalex.org/W4297464370
https://openalex.org/W4297831715
https://openalex.org/W4298105573
https://openalex.org/W4298269557
https://openalex.org/W4298300546
https://openalex.org/W4298370463
https://openalex.org/W4298737760
https://openalex.org/W4299281203
https://openalex.org/W4299612873
https://openalex.org/W4299612936
https://openalex.org/W4299692525
https://openalex.org/W4300199183
https://openalex.org/W4300420470
https://openalex.org/W4301099231
https://openalex.org/W4301184346
https://openalex.org/W4301373619
https://openalex.org/W4301382630
https://openalex.org/W4303709991
https://openalex.org/W4304787564
https://openalex.org/W4306250962
https://openalex.org/W4306409769
https://openalex.org/W4307013047
https://openalex.org/W4307442093
https://openalex.org/W4307631969
https://openalex.org/W4307647931
https://openalex.org/W4307784715
https://openalex.org/W4308402887
https://openalex.org/W4309130875
https://openalex.org/W4309900098
https://openalex.org/W4309997798
https://openalex.org/W4310224235
https://openalex.org/W4311777974
https://openalex.org/W4311779182
https://openalex.org/W4312090054
https://openalex.org/W4312260310
https://openalex.org/W4312728494
https://openalex.org/W4313267059
https://openalex.org/W4313272481
https://openalex.org/W4313349735
https://openalex.org/W4313445399
https://openalex.org/W4313627372
https://openalex.org/W4313825930
https://openalex.org/W4313827426
https://openalex.org/W4315783119
https://openalex.org/W4317624319
https://openalex.org/W4318539959
https://openalex.org/W4318827796
https://openalex.org/W4319731701
https://openalex.org/W4320713422
https://openalex.org/W4321071743
https://openalex.org/W4321074322
https://openalex.org/W4321377243
https://openalex.org/W4321443756
https://openalex.org/W4321499688
https://openalex.org/W4322625651
https://openalex.org/W4322734868
https://openalex.org/W4323022751
https://openalex.org/W4323039366
https://openalex.org/W4323653537
https://openalex.org/W4324140050
https://openalex.org/W4324140239
https://openalex.org/W4324140439
https://openalex.org/W4327615234
https://openalex.org/W4327912879
https://openalex.org/W4327994638
https://openalex.org/W4328101667
https://openalex.org/W4353016872
https://openalex.org/W4353079144
https://openalex.org/W4353093325
https://openalex.org/W4360803306
https://openalex.org/W4361011738
https://openalex.org/W4361011975
https://openalex.org/W4361271589
https://openalex.org/W4361297379
https://openalex.org/W4361305486
https://openalex.org/W4361733276
https://openalex.org/W4361818526
https://openalex.org/W4361818643
https://openalex.org/W4361818648
https://openalex.org/W4361818772
https://openalex.org/W4361931512
https://openalex.org/W4361947565
https://openalex.org/W4361958513
https://openalex.org/W4362406358
https://openalex.org/W4362614268
https://openalex.org/W4362735492
https://openalex.org/W4364355622
https://openalex.org/W4364381400
https://openalex.org/W4365144043
https://openalex.org/W4365457704
https://openalex.org/W4366393756
https://openalex.org/W4366603015
https://openalex.org/W4367164259
https://openalex.org/W4367323190
https://openalex.org/W4372335616
https://openalex.org/W4376138844
https://openalex.org/W4376279117
https://openalex.org/W4376610547
https://openalex.org/W4376614337
https://openalex.org/W4377967266
https://openalex.org/W4378085019
https://openalex.org/W4378086781
https://openalex.org/W4378469048
https://openalex.org/W4378515612
https://openalex.org/W4378528110
https://openalex.org/W4378627523
https://openalex.org/W4378744930
https://openalex.org/W4379016148
https://openalex.org/W4379053852
https://openalex.org/W4379093722
https://openalex.org/W4379164827
https://openalex.org/W4379509219
https://openalex.org/W4379599368
https://openalex.org/W4379646904
https://openalex.org/W4379647426
https://openalex.org/W4379650547
https://openalex.org/W4379878394
https://openalex.org/W4380085542
https://openalex.org/W4380793628
https://openalex.org/W4380794483
https://openalex.org/W4380794613
https://openalex.org/W4380795328
https://openalex.org/W4380882433
https://openalex.org/W4381333727
https://openalex.org/W4381435162
https://openalex.org/W4382293516
https://openalex.org/W4382501348
https://openalex.org/W4382517604
https://openalex.org/W4382645207
https://openalex.org/W4382775098
https://openalex.org/W4383228242
https://openalex.org/W4383424453
https://openalex.org/W4383557961
https://openalex.org/W4383694938
https://openalex.org/W4384039266
https://openalex.org/W4384260386
https://openalex.org/W4384405607
https://openalex.org/W4384785666
https://openalex.org/W4384822700
https://openalex.org/W4385237884
https://openalex.org/W4385294966
https://openalex.org/W4385322558
https://openalex.org/W4385328044
https://openalex.org/W4385348696
https://openalex.org/W4385403461
https://openalex.org/W4385442898
https://openalex.org/W4385453993
https://openalex.org/W4385605824
https://openalex.org/W4385654874
https://openalex.org/W4385666183
https://openalex.org/W4385706018
https://openalex.org/W4385728458
https://openalex.org/W4385759625
https://openalex.org/W4385761962
https://openalex.org/W4385768640
https://openalex.org/W4385808086
https://openalex.org/W4385810530
https://openalex.org/W4385874454
https://openalex.org/W4385963122
https://openalex.org/W4386010053
https://openalex.org/W4386050272
https://openalex.org/W4386050351
https://openalex.org/W4386050409
https://openalex.org/W4386107355
https://openalex.org/W4386112780
https://openalex.org/W4386112815
https://openalex.org/W4386200868
https://openalex.org/W4386243618
https://openalex.org/W4386286698
https://openalex.org/W4386305294
https://openalex.org/W4386305690
https://openalex.org/W4386318869
https://openalex.org/W4386438290
https://openalex.org/W4386483662
https://openalex.org/W4386485275
https://openalex.org/W4386530419
https://openalex.org/W4386532053
https://openalex.org/W4386572676
https://openalex.org/W4386587666
https://openalex.org/W4386591070
https://openalex.org/W4386604601
https://openalex.org/W4386605065
https://openalex.org/W4386606800
https://openalex.org/W4386606895
https://openalex.org/W4386606924
https://openalex.org/W4386606954
https://openalex.org/W4386606976
https://openalex.org/W4386704585
https://openalex.org/W4386757389
https://openalex.org/W4386799870
https://openalex.org/W4386865499
https://openalex.org/W4386877148
https://openalex.org/W4386945083
https://openalex.org/W4387006852
https://openalex.org/W4387026718
https://openalex.org/W44796071
https://openalex.org/W45672086
https://openalex.org/W47954657
https://openalex.org/W50896997
https://openalex.org/W55910774
https://openalex.org/W569261455
https://openalex.org/W570796342
https://openalex.org/W573145649
https://openalex.org/W581630315
https://openalex.org/W58831642
https://openalex.org/W59375780
https://openalex.org/W602409532
https://openalex.org/W612407439
https://openalex.org/W615853390
https://openalex.org/W620021298
https://openalex.org/W625157773
https://openalex.org/W633289658
https://openalex.org/W633805631
https://openalex.org/W637348790
https://openalex.org/W640061989
https://openalex.org/W640901110
https://openalex.org/W642406111
https://openalex.org/W645941152
https://openalex.org/W64654186
https://openalex.org/W658107643
https://openalex.org/W73490208
https://openalex.org/W7563073
https://openalex.org/W773416286
https://openalex.org/W774070713
https://openalex.org/W793423050
https://openalex.org/W794874321
https://openalex.org/W80865906
https://openalex.org/W82683131
https://openalex.org/W830554927
https://openalex.org/W836685245
https://openalex.org/W85006092
https://openalex.org/W86642823
https://openalex.org/W871002587
https://openalex.org/W871932155
https://openalex.org/W89031768
https://openalex.org/W89119948
https://openalex.org/W92522317
https://openalex.org/W9284629
https://openalex.org/W930732227
https://openalex.org/W93687458
https://openalex.org/W937142508
https://openalex.org/W93733294
https://openalex.org/W945793204
https://openalex.org/W949249743
https://openalex.org/W9531167
https://openalex.org/W953217106
https://openalex.org/W956806546
https://openalex.org/W970708501
https://openalex.org/W97902420
https://openalex.org/W99013908
https://openalex.org/W2087064593
https://openalex.org/W2112455323
https://openalex.org/W2167806590
https://openalex.org/W3036386821
https://openalex.org/W2105916176
https://openalex.org/W2024257280
https://openalex.org/W2136651963
https://openalex.org/W1993684798
https://openalex.org/W1964849140
https://openalex.org/W1490646520
https://openalex.org/W1920030402
https://openalex.org/W2013878898
https://openalex.org/W1965972316
https://openalex.org/W1966711026
https://openalex.org/W2550079706
https://openalex.org/W1990115112
https://openalex.org/W2054922048
https://openalex.org/W1600463518
https://openalex.org/W2142498139
https://openalex.org/W1978627586
https://openalex.org/W1553799143
https://openalex.org/W2054698853
https://openalex.org/W1997866269
https://openalex.org/W150778959
https://openalex.org/W2031933070
https://openalex.org/W2090553336
https://openalex.org/W2061701210
https://openalex.org/W2565424224
https://openalex.org/W2083512095
https://openalex.org/W2091686762
https://openalex.org/W2083872083
https://openalex.org/W2113830613
https://openalex.org/W2107632694
https://openalex.org/W2109040303
https://openalex.org/W2089628353
https://openalex.org/W2287109804
https://openalex.org/W2165503607
https://openalex.org/W1570686199
https://openalex.org/W2066334998
https://openalex.org/W2067975977
https://openalex.org/W1996562077
https://openalex.org/W2051792100
https://openalex.org/W2160035359
https://openalex.org/W2136452679
https://openalex.org/W2035542094
https://openalex.org/W2119695630
https://openalex.org/W2020475637
https://openalex.org/W2125144482
https://openalex.org/W2020841780
https://openalex.org/W4229690794
https://openalex.org/W2076257350
https://openalex.org/W2094882170
https://openalex.org/W2164028779
https://openalex.org/W2055267308
https://openalex.org/W2530601336
https://openalex.org/W2582801455
https://openalex.org/W2645640394
https://openalex.org/W3155470693
https://openalex.org/W2038618926
https://openalex.org/W1998958214
https://openalex.org/W1608132397
https://openalex.org/W1565233457
https://openalex.org/W2084731937
https://openalex.org/W1972960760
https://openalex.org/W2049649520
https://openalex.org/W2120275497
https://openalex.org/W2135326109
https://openalex.org/W2156341632
https://openalex.org/W2056921527
https://openalex.org/W1998444969
https://openalex.org/W2800413193
https://openalex.org/W2064848288
https://openalex.org/W2070360831
https://openalex.org/W2113247037
https://openalex.org/W1998263911
https://openalex.org/W1963802469
https://openalex.org/W2105369704
https://openalex.org/W1964966535
https://openalex.org/W2022910024
https://openalex.org/W1988756344
https://openalex.org/W2105667575
https://openalex.org/W2019249405
https://openalex.org/W2107134223
https://openalex.org/W1998805394
https://openalex.org/W2136477677
https://openalex.org/W2049490177
https://openalex.org/W2054849588
https://openalex.org/W2158131682
https://openalex.org/W1994043999
https://openalex.org/W2127488207
https://openalex.org/W2161129594
https://openalex.org/W2042184870
https://openalex.org/W2090610011
https://openalex.org/W2063414626
https://openalex.org/W2048417497
https://openalex.org/W1988053081
https://openalex.org/W2098094312
https://openalex.org/W1970851569
https://openalex.org/W1508658015
https://openalex.org/W1969408393
https://openalex.org/W2242760558
https://openalex.org/W2096829751
https://openalex.org/W2293429114
https://openalex.org/W1991893658
https://openalex.org/W2030437588
https://openalex.org/W1586954919
https://openalex.org/W2052524342
https://openalex.org/W2074774389
https://openalex.org/W2170057041
https://openalex.org/W1609524256
https://openalex.org/W2045437791
https://openalex.org/W2055963067
https://openalex.org/W3004127014
https://openalex.org/W1500214331
https://openalex.org/W2057523522
https://openalex.org/W2170472690
https://openalex.org/W2587907012
https://openalex.org/W1982722271
https://openalex.org/W2053392780
https://openalex.org/W1608647261
https://openalex.org/W2162446789
https://openalex.org/W4239413439
https://openalex.org/W1995928670
https://openalex.org/W2001887451
https://openalex.org/W2073107436
https://openalex.org/W2062833196
https://openalex.org/W2070692986
https://openalex.org/W1585236678
https://openalex.org/W2974521388
https://openalex.org/W2093319181
https://openalex.org/W795901442
https://openalex.org/W2061325944
https://openalex.org/W2000054590
https://openalex.org/W2030385147
https://openalex.org/W2049300161
https://openalex.org/W2076265344
https://openalex.org/W2092307134
https://openalex.org/W1828975488
https://openalex.org/W2059545826
https://openalex.org/W1594947347
https://openalex.org/W2014032901
https://openalex.org/W1964795510
https://openalex.org/W1984582877
https://openalex.org/W2040190285
https://openalex.org/W2091533134
https://openalex.org/W2013419815
https://openalex.org/W2035432922
https://openalex.org/W1646818583
https://openalex.org/W1964847321
https://openalex.org/W2048325444
https://openalex.org/W2112446055
https://openalex.org/W2050590451
https://openalex.org/W2063709694
https://openalex.org/W1968363797
https://openalex.org/W1981145914
https://openalex.org/W2497510747
https://openalex.org/W1561655718
https://openalex.org/W2026257220
https://openalex.org/W2041397659
https://openalex.org/W2048942062
https://openalex.org/W2079623259
https://openalex.org/W2100105646
https://openalex.org/W2061185772
https://openalex.org/W2116057791
https://openalex.org/W2004942398
https://openalex.org/W2097721584
https://openalex.org/W1988982506
https://openalex.org/W1940099430
https://openalex.org/W1483470782
https://openalex.org/W2017140343
https://openalex.org/W2023390230
https://openalex.org/W2117442968
https://openalex.org/W2136243698
https://openalex.org/W2158309434
https://openalex.org/W1998502804
https://openalex.org/W2138096293
https://openalex.org/W2095746947
https://openalex.org/W2125659471
https://openalex.org/W2007220222
https://openalex.org/W2125663667
https://openalex.org/W2137452831
https://openalex.org/W2299742560
https://openalex.org/W4211156652
https://openalex.org/W2162517935
https://openalex.org/W2100278600
https://openalex.org/W2094221501
https://openalex.org/W3007560401
https://openalex.org/W2033109865
https://openalex.org/W2078215784
https://openalex.org/W2163935286
https://openalex.org/W2052930127
https://openalex.org/W2530144837
https://openalex.org/W1585720578
https://openalex.org/W2080921667
https://openalex.org/W2013130053
https://openalex.org/W2114486946
https://openalex.org/W2167935048
https://openalex.org/W2267616339
https://openalex.org/W2331217056
https://openalex.org/W2003986119
https://openalex.org/W2062839739
https://openalex.org/W2113485452
https://openalex.org/W2114273582
https://openalex.org/W2164628101
https://openalex.org/W1975653746
https://openalex.org/W2320201575
https://openalex.org/W1999419065
https://openalex.org/W2000477214
https://openalex.org/W2224233427
https://openalex.org/W2011115644
https://openalex.org/W2137093203
https://openalex.org/W1973912434
https://openalex.org/W2128641020
https://openalex.org/W1971876314
https://openalex.org/W1500016840
https://openalex.org/W2328040283
https://openalex.org/W2888040131
https://openalex.org/W2084741867
https://openalex.org/W2028479939
https://openalex.org/W2084715486
https://openalex.org/W2154865352
https://openalex.org/W2026586467
https://openalex.org/W2109577937
https://openalex.org/W1553892107
https://openalex.org/W2010801700
https://openalex.org/W2323376884
https://openalex.org/W1973754133
https://openalex.org/W2067782158
https://openalex.org/W2175090378
https://openalex.org/W1543629975
https://openalex.org/W2064968758
https://openalex.org/W2069743462
https://openalex.org/W2106104103
https://openalex.org/W2177365071
https://openalex.org/W1981336142
https://openalex.org/W1999623972
https://openalex.org/W1967759145
https://openalex.org/W2087280546
https://openalex.org/W2322155294
https://openalex.org/W2785820570
https://openalex.org/W1989524512
https://openalex.org/W2033344378
https://openalex.org/W4376098121
https://openalex.org/W1969022395
https://openalex.org/W2066948394
https://openalex.org/W2108505474
https://openalex.org/W1999311978
https://openalex.org/W2035119251
https://openalex.org/W2029104750
https://openalex.org/W1966187640
https://openalex.org/W2036306946
https://openalex.org/W2118745028
https://openalex.org/W2143058338
https://openalex.org/W2037192437
https://openalex.org/W2059270106
https://openalex.org/W2078566041
https://openalex.org/W2094890728
https://openalex.org/W2621863554
https://openalex.org/W2032716838
https://openalex.org/W2092324010
https://openalex.org/W2568848023
https://openalex.org/W2032295681
https://openalex.org/W1786112605
https://openalex.org/W2280240373
https://openalex.org/W2962807110
https://openalex.org/W2041976742
https://openalex.org/W2070914973
https://openalex.org/W2114168223
https://openalex.org/W2066020315
https://openalex.org/W2145525047
https://openalex.org/W2115619050
https://openalex.org/W2148090649
https://openalex.org/W1595839746
https://openalex.org/W2075959700
https://openalex.org/W2080117937
https://openalex.org/W2724797371
https://openalex.org/W2161339027
https://openalex.org/W2109530552
https://openalex.org/W66822483
https://openalex.org/W2269848866
https://openalex.org/W2119448650
https://openalex.org/W2585454130
https://openalex.org/W2011790873
https://openalex.org/W2752754315
https://openalex.org/W2057166348
https://openalex.org/W2063192548
https://openalex.org/W2904195085
https://openalex.org/W1555656146
https://openalex.org/W2018736340
https://openalex.org/W2104651163
https://openalex.org/W2157643349
https://openalex.org/W1963979579
https://openalex.org/W1997720834
https://openalex.org/W200888586
https://openalex.org/W2079140917
https://openalex.org/W1575719979
https://openalex.org/W2620447037
https://openalex.org/W2050831568
https://openalex.org/W2066062954
https://openalex.org/W2100440797
https://openalex.org/W2122149778
https://openalex.org/W2128828891
https://openalex.org/W2143645153
https://openalex.org/W3107297708
https://openalex.org/W4241051276
https://openalex.org/W2016790636
https://openalex.org/W2032153571
https://openalex.org/W2079430884
https://openalex.org/W2116155412
https://openalex.org/W315748477
https://openalex.org/W1977750306
https://openalex.org/W1986908504
https://openalex.org/W1997581821
https://openalex.org/W2001880274
https://openalex.org/W2049302920
https://openalex.org/W1998522750
https://openalex.org/W2885972445
https://openalex.org/W1980641295
https://openalex.org/W2046295020
https://openalex.org/W2053400090
https://openalex.org/W1561106276
https://openalex.org/W1997301405
https://openalex.org/W2074250473
https://openalex.org/W2083607012
https://openalex.org/W2086850124
https://openalex.org/W2087863303
https://openalex.org/W2153121397
https://openalex.org/W2090142772
https://openalex.org/W2143898087
https://openalex.org/W2163696679
https://openalex.org/W2166870169
https://openalex.org/W1544833181
https://openalex.org/W2077722436
https://openalex.org/W2091137431
https://openalex.org/W2106041409
https://openalex.org/W2223803703
https://openalex.org/W2918143999
https://openalex.org/W1986480777
https://openalex.org/W2000164358
https://openalex.org/W2026100483
https://openalex.org/W2028732503
https://openalex.org/W2156846932
https://openalex.org/W2617293960
https://openalex.org/W2015063877
https://openalex.org/W2070947584
https://openalex.org/W2082817443
https://openalex.org/W2088775137
https://openalex.org/W2143766500
https://openalex.org/W2005807233
https://openalex.org/W2086998143
https://openalex.org/W2093189601
https://openalex.org/W1593764722
https://openalex.org/W1974018971
https://openalex.org/W2001334954
https://openalex.org/W2070327606
https://openalex.org/W2087083404
https://openalex.org/W2084220146
https://openalex.org/W2562849876
https://openalex.org/W2887640293
https://openalex.org/W2134302470
https://openalex.org/W1902323249
https://openalex.org/W1970220572
https://openalex.org/W2085889179
https://openalex.org/W30517551
https://openalex.org/W1981045629
https://openalex.org/W1988093643
https://openalex.org/W2035239012
https://openalex.org/W2161390044
https://openalex.org/W2888551398
https://openalex.org/W2945765254
https://openalex.org/W2003748983
https://openalex.org/W2025897051
https://openalex.org/W2051184041
https://openalex.org/W2123790178
https://openalex.org/W1964356800
https://openalex.org/W1996897910
https://openalex.org/W2078592350
https://openalex.org/W2107457780
https://openalex.org/W2108614221
https://openalex.org/W2123593982
https://openalex.org/W3200639555
https://openalex.org/W2055859215
https://openalex.org/W2153645832
https://openalex.org/W2169012342
https://openalex.org/W2341315276
https://openalex.org/W2718759517
https://openalex.org/W2889841620
https://openalex.org/W1536791528
https://openalex.org/W1967344953
https://openalex.org/W2002663545
https://openalex.org/W2015430231
https://openalex.org/W2075484881
https://openalex.org/W1570552209
https://openalex.org/W1974739765
https://openalex.org/W1977891434
https://openalex.org/W1982743354
https://openalex.org/W2095963975
https://openalex.org/W2121474571
https://openalex.org/W2027345545
https://openalex.org/W2071846646
https://openalex.org/W2144110322
https://openalex.org/W2172024938
https://openalex.org/W615476406
https://openalex.org/W1528621273
https://openalex.org/W1977327953
https://openalex.org/W2015276938
https://openalex.org/W2071433817
https://openalex.org/W2075281870
https://openalex.org/W2159719225
https://openalex.org/W2060134332
https://openalex.org/W2165876711
https://openalex.org/W2414600400
https://openalex.org/W2770152768
https://openalex.org/W2008540918
https://openalex.org/W2034752313
https://openalex.org/W2150735239
https://openalex.org/W2284539108
https://openalex.org/W1959468933
https://openalex.org/W1963826484
https://openalex.org/W2008468762
https://openalex.org/W2038126877
https://openalex.org/W2100303378
https://openalex.org/W2328927282
https://openalex.org/W2335862485
https://openalex.org/W3128307929
https://openalex.org/W2002297392
https://openalex.org/W2105779993
https://openalex.org/W2516496845
https://openalex.org/W2033175618
https://openalex.org/W2095658341
https://openalex.org/W2146871543
https://openalex.org/W2167142762
https://openalex.org/W2220164129
https://openalex.org/W2800754584
https://openalex.org/W2934642605
https://openalex.org/W1989769674
https://openalex.org/W2060417581
https://openalex.org/W2072608047
https://openalex.org/W2531632506
https://openalex.org/W3027973551
https://openalex.org/W1527018028
https://openalex.org/W2155358732
https://openalex.org/W2317307457
https://openalex.org/W2606103326
https://openalex.org/W262452179
https://openalex.org/W1600250250
https://openalex.org/W1987680287
https://openalex.org/W1987729930
https://openalex.org/W2011217128
https://openalex.org/W2034067409
https://openalex.org/W2077469678
https://openalex.org/W2126632552
https://openalex.org/W1946944190
https://openalex.org/W2032434265
https://openalex.org/W2060772520
https://openalex.org/W2104738841
https://openalex.org/W2107305007
https://openalex.org/W2121666024
https://openalex.org/W2792452495
https://openalex.org/W2067963953
https://openalex.org/W2591292251
https://openalex.org/W2974242655
https://openalex.org/W3022882962
https://openalex.org/W4238020906
https://openalex.org/W1954274016
https://openalex.org/W1973536379
https://openalex.org/W1994726732
https://openalex.org/W2134496956
https://openalex.org/W2150001580
https://openalex.org/W1966789703
https://openalex.org/W2053595260
https://openalex.org/W2060951907
https://openalex.org/W2162671338
https://openalex.org/W3159386017
https://openalex.org/W1669746447
https://openalex.org/W1835223847
https://openalex.org/W1968446746
https://openalex.org/W1997459814
https://openalex.org/W1999660860
https://openalex.org/W2026808309
https://openalex.org/W2059754738
https://openalex.org/W209099454
https://openalex.org/W2097557265
https://openalex.org/W2121796483
https://openalex.org/W2128676199
https://openalex.org/W3039666858
https://openalex.org/W1984697130
https://openalex.org/W1995672121
https://openalex.org/W2016255909
https://openalex.org/W4239377557
https://openalex.org/W1974764151
https://openalex.org/W2141146725
https://openalex.org/W2145825918
https://openalex.org/W2154014469
https://openalex.org/W2588249612
https://openalex.org/W2000597943
https://openalex.org/W2029610168
https://openalex.org/W2080195290
https://openalex.org/W2094662502
https://openalex.org/W2139539366
https://openalex.org/W2886915725
https://openalex.org/W1529101195
https://openalex.org/W1986549992
https://openalex.org/W1986823260
https://openalex.org/W2012447474
https://openalex.org/W2059127308
https://openalex.org/W2105096699
https://openalex.org/W2147580512
https://openalex.org/W2434989759
https://openalex.org/W3199054172
https://openalex.org/W1993220778
https://openalex.org/W2030470560
https://openalex.org/W2037941417
https://openalex.org/W2101566388
https://openalex.org/W2103130332
https://openalex.org/W2118336740
https://openalex.org/W1578998113
https://openalex.org/W2052890777
https://openalex.org/W2090751730
https://openalex.org/W2116961371
https://openalex.org/W1482125983
https://openalex.org/W1993126389
https://openalex.org/W2062630847
https://openalex.org/W2092496904
https://openalex.org/W2098950446
https://openalex.org/W2106620894
https://openalex.org/W2132151100
https://openalex.org/W2766359681
https://openalex.org/W3048396564
https://openalex.org/W1482751075
https://openalex.org/W2011396648
https://openalex.org/W2025677664
https://openalex.org/W2034274786
https://openalex.org/W2086868457
https://openalex.org/W2147765679
https://openalex.org/W3084134338
https://openalex.org/W1876543191
https://openalex.org/W1965400322
https://openalex.org/W1975690953
https://openalex.org/W1984307184
https://openalex.org/W2021284638
https://openalex.org/W2027490384
https://openalex.org/W2051016917
https://openalex.org/W2077997396
https://openalex.org/W2097924462
https://openalex.org/W2104974133
https://openalex.org/W2113836221
https://openalex.org/W2130897707
https://openalex.org/W2345998850
https://openalex.org/W2738614877
https://openalex.org/W2797848913
https://openalex.org/W1593791512
https://openalex.org/W1650017867
https://openalex.org/W1678922900
https://openalex.org/W2029639609
https://openalex.org/W2077592719
https://openalex.org/W2121393022
https://openalex.org/W2322916844
https://openalex.org/W2896915337
https://openalex.org/W3024236348
https://openalex.org/W2038175213
https://openalex.org/W2042911356
https://openalex.org/W2075713492
https://openalex.org/W2087835380
https://openalex.org/W2144563820
https://openalex.org/W2736617848
https://openalex.org/W2922555409
https://openalex.org/W2010285543
https://openalex.org/W2012109990
https://openalex.org/W2093453554
https://openalex.org/W2141028882
https://openalex.org/W2163979868
https://openalex.org/W2965494858
https://openalex.org/W1500574190
https://openalex.org/W1996922969
https://openalex.org/W2002034406
https://openalex.org/W2027985207
https://openalex.org/W2058330247
https://openalex.org/W2060948680
https://openalex.org/W2134653489
https://openalex.org/W2173469001
https://openalex.org/W2587516762
https://openalex.org/W3007476043
https://openalex.org/W1506435342
https://openalex.org/W1523460529
https://openalex.org/W1966869845
https://openalex.org/W2125638418
https://openalex.org/W2151090516
https://openalex.org/W2469448132
https://openalex.org/W2784304284
https://openalex.org/W1966198436
https://openalex.org/W2015035116
https://openalex.org/W2045880404
https://openalex.org/W2085904032
https://openalex.org/W2160809534
https://openalex.org/W3119019580
https://openalex.org/W1970764916
https://openalex.org/W1987635690
https://openalex.org/W2037531698
https://openalex.org/W2068210659
https://openalex.org/W2075823672
https://openalex.org/W2084495183
https://openalex.org/W2090088277
https://openalex.org/W2099996735
https://openalex.org/W2103861017
https://openalex.org/W2109994672
https://openalex.org/W2168603638
https://openalex.org/W2314182880
https://openalex.org/W2910653056
https://openalex.org/W1571080590
https://openalex.org/W1925238593
https://openalex.org/W2039108922
https://openalex.org/W2084413158
https://openalex.org/W2139351852
https://openalex.org/W2586433967
https://openalex.org/W1455739143
https://openalex.org/W1976113024
https://openalex.org/W1994045989
https://openalex.org/W2072089203
https://openalex.org/W2082958133
https://openalex.org/W2136898703
https://openalex.org/W2334267585
https://openalex.org/W2768970985
https://openalex.org/W2908468049
https://openalex.org/W1980757899
https://openalex.org/W1991599955
https://openalex.org/W2001420909
https://openalex.org/W2042665557
https://openalex.org/W2054933754
https://openalex.org/W2064942896
https://openalex.org/W2169853546
https://openalex.org/W4220929361
https://openalex.org/W192908013
https://openalex.org/W1969309886
https://openalex.org/W1987485833
https://openalex.org/W2023542693
https://openalex.org/W2036021451
https://openalex.org/W2136677510
https://openalex.org/W2164758180
https://openalex.org/W2582161424
https://openalex.org/W3135577252
https://openalex.org/W35413080
https://openalex.org/W160942670
https://openalex.org/W2011109936
https://openalex.org/W2046115499
https://openalex.org/W2051637218
https://openalex.org/W2054590722
https://openalex.org/W2058445815
https://openalex.org/W2070221317
https://openalex.org/W2092601910
https://openalex.org/W2161469847
https://openalex.org/W2469988178
https://openalex.org/W2766530778
https://openalex.org/W1583452925
https://openalex.org/W1919967313
https://openalex.org/W1994080498
https://openalex.org/W2017403318
https://openalex.org/W2066395548
https://openalex.org/W2079965501
https://openalex.org/W2120237973
https://openalex.org/W2147783406
https://openalex.org/W2155497604
https://openalex.org/W2312522248
https://openalex.org/W2944865407
https://openalex.org/W1964942824
https://openalex.org/W1974798443
https://openalex.org/W1995522619
https://openalex.org/W1998192519
https://openalex.org/W2032365199
https://openalex.org/W2065174322
https://openalex.org/W2093959020
https://openalex.org/W2095158626
https://openalex.org/W2157584068
https://openalex.org/W2591476765
https://openalex.org/W1996347377
https://openalex.org/W2009391256
https://openalex.org/W2011191432
https://openalex.org/W2023863771
https://openalex.org/W2053015880
https://openalex.org/W2112242972
https://openalex.org/W2513923226
https://openalex.org/W2597136871
https://openalex.org/W1517387070
https://openalex.org/W1560887909
https://openalex.org/W1654031744
https://openalex.org/W1967191258
https://openalex.org/W1989271916
https://openalex.org/W2025094539
https://openalex.org/W2040574458
https://openalex.org/W2043466078
https://openalex.org/W2053907250
https://openalex.org/W2075723977
https://openalex.org/W2093802921
https://openalex.org/W2099182146
https://openalex.org/W2101205245
https://openalex.org/W2152495111
https://openalex.org/W2746398248
https://openalex.org/W2956187522
https://openalex.org/W4245344032
https://openalex.org/W1968712125
https://openalex.org/W1975329452
https://openalex.org/W2041338702
https://openalex.org/W2042963828
https://openalex.org/W2060546830
https://openalex.org/W2138070255
https://openalex.org/W2154188406
https://openalex.org/W2322999071
https://openalex.org/W2564986609
https://openalex.org/W2769549860
https://openalex.org/W2874154552
https://openalex.org/W3174081869
https://openalex.org/W4246177617
https://openalex.org/W1588978436
https://openalex.org/W1604063554
https://openalex.org/W1995847707
https://openalex.org/W2002516761
https://openalex.org/W2094798307
https://openalex.org/W2114417374
https://openalex.org/W2148005652
https://openalex.org/W2162472844
https://openalex.org/W2225901395
https://openalex.org/W2298132307
https://openalex.org/W2474114051
https://openalex.org/W2529684985
https://openalex.org/W2604786969
https://openalex.org/W2611554670
https://openalex.org/W2904589782
https://openalex.org/W1551074074
https://openalex.org/W1577820429
https://openalex.org/W1942709084
https://openalex.org/W1967120219
https://openalex.org/W1972552525
https://openalex.org/W1973834682
https://openalex.org/W1995168736
https://openalex.org/W2029807929
https://openalex.org/W2163027716
https://openalex.org/W2586511024
https://openalex.org/W2610451137
https://openalex.org/W2915108716
https://openalex.org/W1967384016
https://openalex.org/W1990001508
https://openalex.org/W2031392366
https://openalex.org/W2058745473
https://openalex.org/W2066443084
https://openalex.org/W2125037432
https://openalex.org/W2147912434
https://openalex.org/W2170504289
https://openalex.org/W2196905301
https://openalex.org/W2563478335
https://openalex.org/W2791624872
https://openalex.org/W2896812437
https://openalex.org/W2923401465
https://openalex.org/W2015583679
https://openalex.org/W2037329816
https://openalex.org/W2051687278
https://openalex.org/W2092677571
https://openalex.org/W2112961353
https://openalex.org/W2137484165
https://openalex.org/W2156264615
https://openalex.org/W2318624314
https://openalex.org/W2320829066
https://openalex.org/W2562330232
https://openalex.org/W2793626203
https://openalex.org/W2810276166
https://openalex.org/W3012537127
https://openalex.org/W1941689192
https://openalex.org/W1969609272
https://openalex.org/W1978715855
https://openalex.org/W1999867720
https://openalex.org/W2000948132
https://openalex.org/W2023511584
https://openalex.org/W202570614
https://openalex.org/W2047803783
https://openalex.org/W2067216850
https://openalex.org/W2074377130
https://openalex.org/W2091912551
https://openalex.org/W2485383890
https://openalex.org/W2766949814
https://openalex.org/W2795006308
https://openalex.org/W2799740739
https://openalex.org/W124164267
https://openalex.org/W2011551384
https://openalex.org/W2021264525
https://openalex.org/W2054715498
https://openalex.org/W2056416839
https://openalex.org/W2069059585
https://openalex.org/W2085752348
https://openalex.org/W2105151648
https://openalex.org/W2151656578
https://openalex.org/W2316629423
https://openalex.org/W2969567695
https://openalex.org/W3046294271
https://openalex.org/W3046909777
https://openalex.org/W4247064435
https://openalex.org/W1493678051
https://openalex.org/W1637493750
https://openalex.org/W1998058026
https://openalex.org/W201899562
https://openalex.org/W2072252388
https://openalex.org/W2079420184
https://openalex.org/W2112119018
https://openalex.org/W2130972365
https://openalex.org/W2158284170
https://openalex.org/W2161425005
https://openalex.org/W2183248836
https://openalex.org/W2338151820
https://openalex.org/W2511446702
https://openalex.org/W2535549709
https://openalex.org/W2610388712
https://openalex.org/W2786632296
https://openalex.org/W3047862670
https://openalex.org/W1573653187
https://openalex.org/W1791996297
https://openalex.org/W1963718791
https://openalex.org/W2021758195
https://openalex.org/W2047391112
https://openalex.org/W2049310289
https://openalex.org/W2054315888
https://openalex.org/W2076070155
https://openalex.org/W2077565597
https://openalex.org/W2102742615
https://openalex.org/W2102925061
https://openalex.org/W2116493388
https://openalex.org/W2131820531
https://openalex.org/W2461435105
https://openalex.org/W2594166629
https://openalex.org/W2751351500
https://openalex.org/W2782858134
https://openalex.org/W1980771883
https://openalex.org/W2024324591
https://openalex.org/W2030217219
https://openalex.org/W2055351039
https://openalex.org/W2089044923
https://openalex.org/W2120878489
https://openalex.org/W2149970887
https://openalex.org/W2165974082
https://openalex.org/W2169817151
https://openalex.org/W2192824460
https://openalex.org/W2963319818
https://openalex.org/W2971639033
https://openalex.org/W3165139099
https://openalex.org/W1583927287
https://openalex.org/W1972198385
https://openalex.org/W1972596224
https://openalex.org/W1986920327
https://openalex.org/W2024238304
https://openalex.org/W2025357132
https://openalex.org/W2067762917
https://openalex.org/W2085447354
https://openalex.org/W2398221593
https://openalex.org/W2410453957
https://openalex.org/W2568057136
https://openalex.org/W2766131750
https://openalex.org/W2889576366
https://openalex.org/W2971490353
https://openalex.org/W4205676885
https://openalex.org/W997010268
https://openalex.org/W1834816481
https://openalex.org/W1883106506
https://openalex.org/W1900005161
https://openalex.org/W1976979079
https://openalex.org/W1990118823
https://openalex.org/W2017715038
https://openalex.org/W2030855481
https://openalex.org/W2061950180
https://openalex.org/W2074971941
https://openalex.org/W2078612337
https://openalex.org/W2115741180
https://openalex.org/W2143885037
https://openalex.org/W2153432349
https://openalex.org/W2155430004
https://openalex.org/W2524038036
https://openalex.org/W3026708633
https://openalex.org/W2005020224
https://openalex.org/W2007473906
https://openalex.org/W2075665404
https://openalex.org/W2080037378
https://openalex.org/W2081705345
https://openalex.org/W2158148587
https://openalex.org/W2165151374
https://openalex.org/W2217146938
https://openalex.org/W2342859341
https://openalex.org/W3023227838
https://openalex.org/W3110330792
https://openalex.org/W1561572518
https://openalex.org/W1572488126
https://openalex.org/W1986953616
https://openalex.org/W2011186551
https://openalex.org/W2013566990
https://openalex.org/W2014730348
https://openalex.org/W2039899285
https://openalex.org/W2047636702
https://openalex.org/W2052159570
https://openalex.org/W2068926270
https://openalex.org/W2078804571
https://openalex.org/W2081806406
https://openalex.org/W2084764001
https://openalex.org/W2124651884
https://openalex.org/W2413907949
https://openalex.org/W2540178194
https://openalex.org/W2888994110
https://openalex.org/W3113392084
https://openalex.org/W3131442105
https://openalex.org/W4252405411
https://openalex.org/W1874718130
https://openalex.org/W1969063687
https://openalex.org/W2005726782
https://openalex.org/W2006944529
https://openalex.org/W2011265813
https://openalex.org/W2014726514
https://openalex.org/W2045016058
https://openalex.org/W2060067324
https://openalex.org/W2078412000
https://openalex.org/W2080147271
https://openalex.org/W2143564345
https://openalex.org/W2333792980
https://openalex.org/W2405162660
https://openalex.org/W2742143229
https://openalex.org/W2803206414
https://openalex.org/W3088939393
https://openalex.org/W3164138329
https://openalex.org/W1966719923
https://openalex.org/W1967600491
https://openalex.org/W1971566949
https://openalex.org/W1992350671
https://openalex.org/W1998309095
https://openalex.org/W1999518420
https://openalex.org/W2009242294
https://openalex.org/W2014721894
https://openalex.org/W2026263658
https://openalex.org/W2044455601
https://openalex.org/W2129526174
https://openalex.org/W2173992772
https://openalex.org/W2207580922
https://openalex.org/W2294751607
https://openalex.org/W2523798316
https://openalex.org/W2592524571
https://openalex.org/W3026218946
https://openalex.org/W1531807739
https://openalex.org/W1582849500
https://openalex.org/W1935374681
https://openalex.org/W1979924760
https://openalex.org/W2007888399
https://openalex.org/W2027673004
https://openalex.org/W2029235587
https://openalex.org/W2076650163
https://openalex.org/W2089233379
https://openalex.org/W2130940153
https://openalex.org/W2140429760
https://openalex.org/W2161010275
https://openalex.org/W2320860970
https://openalex.org/W2322954450
https://openalex.org/W2735536777
https://openalex.org/W2765833346
https://openalex.org/W2770077603
https://openalex.org/W2781725780
https://openalex.org/W2896219199
https://openalex.org/W3109238123
https://openalex.org/W3158036058
https://openalex.org/W3165546848
https://openalex.org/W4306409082
https://openalex.org/W1500800481
https://openalex.org/W1535247475
https://openalex.org/W1968211934
https://openalex.org/W2012147782
https://openalex.org/W2040862132
https://openalex.org/W2065346892
https://openalex.org/W2083158519
https://openalex.org/W2085439793
https://openalex.org/W2106865594
https://openalex.org/W2123903374
https://openalex.org/W2140327386
https://openalex.org/W2394553831
https://openalex.org/W2479876332
https://openalex.org/W2736353946
https://openalex.org/W2901320318
https://openalex.org/W1711739454
https://openalex.org/W1965883234
https://openalex.org/W1978713548
https://openalex.org/W2022322709
https://openalex.org/W2042187314
https://openalex.org/W2046923601
https://openalex.org/W2086257887
https://openalex.org/W2108170067
https://openalex.org/W2112144405
https://openalex.org/W2124785297
https://openalex.org/W2139737241
https://openalex.org/W2146941754
https://openalex.org/W2151520005
https://openalex.org/W2160999581
https://openalex.org/W2165084047
https://openalex.org/W2203822754
https://openalex.org/W2731568009
https://openalex.org/W4241803728
https://openalex.org/W4281397667
https://openalex.org/W1591404734
https://openalex.org/W1780517900
https://openalex.org/W1967290777
https://openalex.org/W1968093384
https://openalex.org/W1982703461
https://openalex.org/W1996110038
https://openalex.org/W1999816967
https://openalex.org/W2028980443
https://openalex.org/W2056136702
https://openalex.org/W2075344958
https://openalex.org/W2086397813
https://openalex.org/W2104903709
https://openalex.org/W2128332973
https://openalex.org/W2140698423
https://openalex.org/W2155108768
https://openalex.org/W2158467765
https://openalex.org/W2499848072
https://openalex.org/W2539758585
https://openalex.org/W2583102061
https://openalex.org/W2795242253
https://openalex.org/W2796067132
https://openalex.org/W2899718742
https://openalex.org/W4242059876
https://openalex.org/W2018609571
https://openalex.org/W2023147285
https://openalex.org/W2041702395
https://openalex.org/W2057496712
https://openalex.org/W2060442402
https://openalex.org/W2075506760
https://openalex.org/W2120408881
https://openalex.org/W2136378179
https://openalex.org/W2147630445
https://openalex.org/W2205531179
https://openalex.org/W2765821675
https://openalex.org/W2953272791
https://openalex.org/W2995376722
https://openalex.org/W3015529794
https://openalex.org/W3034740411
https://openalex.org/W1979120209
https://openalex.org/W2003621118
https://openalex.org/W2006800658
https://openalex.org/W2007441140
https://openalex.org/W2027557822
https://openalex.org/W2069978954
https://openalex.org/W2093642457
https://openalex.org/W2100752158
https://openalex.org/W2101971032
https://openalex.org/W2107216521
https://openalex.org/W2117042797
https://openalex.org/W2123512559
https://openalex.org/W2138566444
https://openalex.org/W2139337526
https://openalex.org/W2330955410
https://openalex.org/W2417401026
https://openalex.org/W2788978662
https://openalex.org/W2807032665
https://openalex.org/W2922620018
https://openalex.org/W2948607806
https://openalex.org/W2964032281
https://openalex.org/W2969880189
https://openalex.org/W2979958977
https://openalex.org/W3211957940
https://openalex.org/W1964823180
https://openalex.org/W1978720013
https://openalex.org/W1979043446
https://openalex.org/W1997370344
https://openalex.org/W2009609677
https://openalex.org/W2010210872
https://openalex.org/W2011070364
https://openalex.org/W2033687875
https://openalex.org/W2067188730
https://openalex.org/W2105345404
https://openalex.org/W2108302958
https://openalex.org/W2149025740
https://openalex.org/W2283069867
https://openalex.org/W2525540844
https://openalex.org/W2532902760
https://openalex.org/W2560237475
https://openalex.org/W2806297373
https://openalex.org/W2968357783
https://openalex.org/W297888808
https://openalex.org/W894213101
https://openalex.org/W1146405385
https://openalex.org/W1974311486
https://openalex.org/W1978334337
https://openalex.org/W1979316294
https://openalex.org/W1997944969
https://openalex.org/W2004913238
https://openalex.org/W2011868651
https://openalex.org/W2013368392
https://openalex.org/W2047980843
https://openalex.org/W2066131489
https://openalex.org/W2101192886
https://openalex.org/W2117489132
https://openalex.org/W2154192894
https://openalex.org/W2324129596
https://openalex.org/W2418377919
https://openalex.org/W2443040335
https://openalex.org/W2767332738
https://openalex.org/W2890806591
https://openalex.org/W2990884418
https://openalex.org/W3022641155
https://openalex.org/W3036702906
https://openalex.org/W4230622630
https://openalex.org/W4237922239
https://openalex.org/W4319345532
https://openalex.org/W1520888198
https://openalex.org/W1781140154
https://openalex.org/W2009842266
https://openalex.org/W2013777284
https://openalex.org/W2027409862
https://openalex.org/W2031080620
https://openalex.org/W2034885476
https://openalex.org/W2036892083
https://openalex.org/W2049528848
https://openalex.org/W2052999387
https://openalex.org/W2060044711
https://openalex.org/W2072710506
https://openalex.org/W2078649820
https://openalex.org/W2079330060
https://openalex.org/W2086152302
https://openalex.org/W2095566598
https://openalex.org/W2110705119
https://openalex.org/W2115469426
https://openalex.org/W2120435841
https://openalex.org/W2125729778
https://openalex.org/W2129794130
https://openalex.org/W2131728312
https://openalex.org/W2161340837
https://openalex.org/W2162489259
https://openalex.org/W2266573788
https://openalex.org/W2599402371
https://openalex.org/W2733340873
https://openalex.org/W2919658819
https://openalex.org/W3005745213
https://openalex.org/W3015753778
https://openalex.org/W1545536092
https://openalex.org/W1772133974
https://openalex.org/W1875884164
https://openalex.org/W1982369195
https://openalex.org/W1995074239
https://openalex.org/W1995661557
https://openalex.org/W2025680640
https://openalex.org/W2033186236
https://openalex.org/W2036758958
https://openalex.org/W2038618805
https://openalex.org/W2042047503
https://openalex.org/W2055078783
https://openalex.org/W2060733261
https://openalex.org/W2064105673
https://openalex.org/W2068729757
https://openalex.org/W2075109106
https://openalex.org/W2083578599
https://openalex.org/W2085231185
https://openalex.org/W2101261306
https://openalex.org/W2113947632
https://openalex.org/W2193056371
https://openalex.org/W2257525665
https://openalex.org/W2521629887
https://openalex.org/W2776193924
https://openalex.org/W2922456876
https://openalex.org/W2962868134
https://openalex.org/W3007771222
https://openalex.org/W3191584570
https://openalex.org/W3201944946
https://openalex.org/W3204478051
https://openalex.org/W1602909948
https://openalex.org/W1984268662
https://openalex.org/W2027028688
https://openalex.org/W2046090422
https://openalex.org/W2047167275
https://openalex.org/W2054818048
https://openalex.org/W2056538500
https://openalex.org/W2089028168
https://openalex.org/W2093471054
https://openalex.org/W2112397803
https://openalex.org/W2120398433
https://openalex.org/W2123387209
https://openalex.org/W2137561291
https://openalex.org/W2138559147
https://openalex.org/W2161281218
https://openalex.org/W2168666977
https://openalex.org/W2345216244
https://openalex.org/W2726331924
https://openalex.org/W2752750991
https://openalex.org/W2781235931
https://openalex.org/W2793536818
https://openalex.org/W2886806072
https://openalex.org/W2900852227
https://openalex.org/W2953851754
https://openalex.org/W3011863518
https://openalex.org/W3076373991
https://openalex.org/W3154807171
https://openalex.org/W3186326055
https://openalex.org/W87188239
https://openalex.org/W1840612622
https://openalex.org/W1998768350
https://openalex.org/W2014786825
https://openalex.org/W2020368314
https://openalex.org/W2041058812
https://openalex.org/W2049426593
https://openalex.org/W2050710256
https://openalex.org/W2052397403
https://openalex.org/W2079288054
https://openalex.org/W2096787186
https://openalex.org/W2099094802
https://openalex.org/W2109297891
https://openalex.org/W2112751286
https://openalex.org/W2129839313
https://openalex.org/W2134285815
https://openalex.org/W2140623708
https://openalex.org/W2150247258
https://openalex.org/W2166485700
https://openalex.org/W2298681690
https://openalex.org/W2343931398
https://openalex.org/W2404897671
https://openalex.org/W2551953751
https://openalex.org/W2755773502
https://openalex.org/W2757317596
https://openalex.org/W3010163191
https://openalex.org/W3042442731
https://openalex.org/W3110342344
https://openalex.org/W1517658194
https://openalex.org/W1972855772
https://openalex.org/W1973030684
https://openalex.org/W1978383720
https://openalex.org/W1983188651
https://openalex.org/W1995264638
https://openalex.org/W2014959033
https://openalex.org/W2015469947
https://openalex.org/W2087696625
https://openalex.org/W2106399688
https://openalex.org/W2122483672
https://openalex.org/W2136908693
https://openalex.org/W2160082435
https://openalex.org/W2171434577
https://openalex.org/W2220624628
https://openalex.org/W2302113778
https://openalex.org/W2322143827
https://openalex.org/W2603871544
https://openalex.org/W2619139481
https://openalex.org/W2620183594
https://openalex.org/W2789799059
https://openalex.org/W3008477090
https://openalex.org/W3173785513
https://openalex.org/W1573409432
https://openalex.org/W1780088415
https://openalex.org/W1955701580
https://openalex.org/W1963925139
https://openalex.org/W1965332410
https://openalex.org/W1968181214
https://openalex.org/W1973401610
https://openalex.org/W1980715956
https://openalex.org/W1980839731
https://openalex.org/W1983287272
https://openalex.org/W1989069400
https://openalex.org/W1991744605
https://openalex.org/W1994544267
https://openalex.org/W2032991371
https://openalex.org/W2040943547
https://openalex.org/W2052164372
https://openalex.org/W2064125013
https://openalex.org/W2067455566
https://openalex.org/W2069243463
https://openalex.org/W2096951113
https://openalex.org/W2136425305
https://openalex.org/W2326278096
https://openalex.org/W2566061649
https://openalex.org/W2615824847
https://openalex.org/W2766500274
https://openalex.org/W2767797145
https://openalex.org/W2777608418
https://openalex.org/W2974326846
https://openalex.org/W3192698895
https://openalex.org/W4221014762
https://openalex.org/W4229927285
https://openalex.org/W4250106682
https://openalex.org/W4251063670
https://openalex.org/W1566303156
https://openalex.org/W1978660105
https://openalex.org/W1991023766
https://openalex.org/W1995559609
https://openalex.org/W2012905573
https://openalex.org/W2016018034
https://openalex.org/W2017715831
https://openalex.org/W2040180304
https://openalex.org/W2054039683
https://openalex.org/W2054508603
https://openalex.org/W2061944176
https://openalex.org/W2063580261
https://openalex.org/W2094968240
https://openalex.org/W2113581116
https://openalex.org/W2120828197
https://openalex.org/W2138187964
https://openalex.org/W2142509762
https://openalex.org/W2189921348
https://openalex.org/W2200248824
https://openalex.org/W2261724133
https://openalex.org/W2287001549
https://openalex.org/W2409590832
https://openalex.org/W2508826516
https://openalex.org/W2509583837
https://openalex.org/W2896525920
https://openalex.org/W2906132852
https://openalex.org/W3007989417
https://openalex.org/W1019038802
https://openalex.org/W1560410521
https://openalex.org/W1978043800
https://openalex.org/W1979635869
https://openalex.org/W1983883169
https://openalex.org/W1989894419
https://openalex.org/W1994330430
https://openalex.org/W2004309320
https://openalex.org/W2017743867
https://openalex.org/W2021909367
https://openalex.org/W2040700474
https://openalex.org/W2041952217
https://openalex.org/W2070208922
https://openalex.org/W2073710044
https://openalex.org/W2103381502
https://openalex.org/W2107005884
https://openalex.org/W2107830193
https://openalex.org/W2122097742
https://openalex.org/W2122165999
https://openalex.org/W2129618338
https://openalex.org/W2131100282
https://openalex.org/W2154890933
https://openalex.org/W2226150995
https://openalex.org/W2283490166
https://openalex.org/W2288676845
https://openalex.org/W2507167269
https://openalex.org/W2511178261
https://openalex.org/W2581766396
https://openalex.org/W2603758923
https://openalex.org/W2734660159
https://openalex.org/W2754381385
https://openalex.org/W2785138331
https://openalex.org/W2795372807
https://openalex.org/W2897737404
https://openalex.org/W2909515577
https://openalex.org/W2939682186
https://openalex.org/W2942651659
https://openalex.org/W2951818190
https://openalex.org/W3132016183
https://openalex.org/W4241678353
https://openalex.org/W4245651267
https://openalex.org/W4250418774
https://openalex.org/W1610813291
https://openalex.org/W1968158610
https://openalex.org/W1976300856
https://openalex.org/W1987258923
https://openalex.org/W2012050869
https://openalex.org/W2017102986
https://openalex.org/W2017515434
https://openalex.org/W2038915549
https://openalex.org/W2038972818
https://openalex.org/W2062272761
https://openalex.org/W2064206853
https://openalex.org/W2082597004
https://openalex.org/W2111059209
https://openalex.org/W2117988825
https://openalex.org/W2139686786
https://openalex.org/W2168449550
https://openalex.org/W2263276115
https://openalex.org/W2326465351
https://openalex.org/W2474202833
https://openalex.org/W2528610278
https://openalex.org/W2575592097
https://openalex.org/W2804170960
https://openalex.org/W2889778897
https://openalex.org/W2999334476
https://openalex.org/W3092005204
https://openalex.org/W3202655665
https://openalex.org/W4229906917
https://openalex.org/W110139841
https://openalex.org/W1520436089
https://openalex.org/W1576254357
https://openalex.org/W1635556700
https://openalex.org/W1982258661
https://openalex.org/W1984007374
https://openalex.org/W1984568232
https://openalex.org/W1987144964
https://openalex.org/W1997833168
https://openalex.org/W1999220239
https://openalex.org/W2000943303
https://openalex.org/W2017573713
https://openalex.org/W2021769328
https://openalex.org/W2039948124
https://openalex.org/W2040291935
https://openalex.org/W2047641056
https://openalex.org/W2054103693
https://openalex.org/W2057085787
https://openalex.org/W2068608063
https://openalex.org/W2071545328
https://openalex.org/W2075073790
https://openalex.org/W2082867389
https://openalex.org/W2095466822
https://openalex.org/W2118583055
https://openalex.org/W2122748449
https://openalex.org/W2129783052
https://openalex.org/W2140126840
https://openalex.org/W2140874706
https://openalex.org/W2141849357
https://openalex.org/W2147475006
https://openalex.org/W2185171159
https://openalex.org/W2522414311
https://openalex.org/W2591471229
https://openalex.org/W2596986660
https://openalex.org/W2778038941
https://openalex.org/W2792324546
https://openalex.org/W2802868963
https://openalex.org/W2808035184
https://openalex.org/W2914973295
https://openalex.org/W2938697486
https://openalex.org/W3118610157
https://openalex.org/W3119303150
https://openalex.org/W3137691620
https://openalex.org/W4225004758
https://openalex.org/W994505740
https://openalex.org/W1862949049
https://openalex.org/W1968532386
https://openalex.org/W1970731688
https://openalex.org/W1975099153
https://openalex.org/W1979483247
https://openalex.org/W1994927812
https://openalex.org/W2011953372
https://openalex.org/W2014056387
https://openalex.org/W2014919668
https://openalex.org/W2045248802
https://openalex.org/W2045839914
https://openalex.org/W2047603895
https://openalex.org/W2052226767
https://openalex.org/W2056392278
https://openalex.org/W2073345497
https://openalex.org/W2095983229
https://openalex.org/W2118167731
https://openalex.org/W2131407814
https://openalex.org/W2152773381
https://openalex.org/W2155871379
https://openalex.org/W2157717773
https://openalex.org/W2165589348
https://openalex.org/W2170301845
https://openalex.org/W2306384588
https://openalex.org/W2363669088
https://openalex.org/W2411997392
https://openalex.org/W2468686109
https://openalex.org/W2555332195
https://openalex.org/W2594668775
https://openalex.org/W2594867407
https://openalex.org/W2793026451
https://openalex.org/W2888185853
https://openalex.org/W2894394115
https://openalex.org/W3011259367
https://openalex.org/W3023741670
https://openalex.org/W3042947204
https://openalex.org/W3071172716
https://openalex.org/W4224212011
https://openalex.org/W4229444371
https://openalex.org/W4281569307
https://openalex.org/W60827594
https://openalex.org/W1495480382
https://openalex.org/W1580664886
https://openalex.org/W1968801758
https://openalex.org/W1968892711
https://openalex.org/W1981011615
https://openalex.org/W1987114967
https://openalex.org/W1992064871
https://openalex.org/W2000429366
https://openalex.org/W2007191552
https://openalex.org/W2016990951
https://openalex.org/W2020325468
https://openalex.org/W2024521244
https://openalex.org/W2029434473
https://openalex.org/W2031260681
https://openalex.org/W2035607685
https://openalex.org/W2043114152
https://openalex.org/W2044823625
https://openalex.org/W2045969034
https://openalex.org/W2051841888
https://openalex.org/W2058481237
https://openalex.org/W2066529747
https://openalex.org/W2071742875
https://openalex.org/W2076235404
https://openalex.org/W2079509710
https://openalex.org/W2081779804
https://openalex.org/W2090156898
https://openalex.org/W2108310845
https://openalex.org/W2128426157
https://openalex.org/W2161215035
https://openalex.org/W2235534778
https://openalex.org/W2321492855
https://openalex.org/W2346089622
https://openalex.org/W2410009696
https://openalex.org/W2610409653
https://openalex.org/W2749975906
https://openalex.org/W2754783040
https://openalex.org/W2765655583
https://openalex.org/W2795439616
https://openalex.org/W2803793405
https://openalex.org/W2894658481
https://openalex.org/W2905578964
https://openalex.org/W2916409131
https://openalex.org/W2917878336
https://openalex.org/W2942828985
https://openalex.org/W2949568582
https://openalex.org/W3045440020
https://openalex.org/W1491308453
https://openalex.org/W1968307366
https://openalex.org/W1976520312
https://openalex.org/W1977816374
https://openalex.org/W1981686478
https://openalex.org/W1987082334
https://openalex.org/W1991312991
https://openalex.org/W1997684287
https://openalex.org/W2008348587
https://openalex.org/W2012192893
https://openalex.org/W2027975267
https://openalex.org/W2042123973
https://openalex.org/W2054676769
https://openalex.org/W2059492386
https://openalex.org/W2063966923
https://openalex.org/W2075925842
https://openalex.org/W2088683218
https://openalex.org/W2103436264
https://openalex.org/W2162111800
https://openalex.org/W2316124921
https://openalex.org/W2343816916
https://openalex.org/W2517117885
https://openalex.org/W2521442223
https://openalex.org/W2558833778
https://openalex.org/W2591547927
https://openalex.org/W2625952448
https://openalex.org/W2743520443
https://openalex.org/W2774377675
https://openalex.org/W2895286071
https://openalex.org/W2903327953
https://openalex.org/W2982445161
https://openalex.org/W3116319383
https://openalex.org/W3131064596
https://openalex.org/W337560149
https://openalex.org/W68302300
https://openalex.org/W1497554291
https://openalex.org/W1965804318
https://openalex.org/W1970445850
https://openalex.org/W2003533775
https://openalex.org/W2008489553
https://openalex.org/W2016791563
https://openalex.org/W2018694640
https://openalex.org/W2041621429
https://openalex.org/W2043974958
https://openalex.org/W2063342955
https://openalex.org/W2086080534
https://openalex.org/W2118116374
https://openalex.org/W2131768137
https://openalex.org/W2141100343
https://openalex.org/W2163939750
https://openalex.org/W2164637193
https://openalex.org/W2320219654
https://openalex.org/W2323573437
https://openalex.org/W2739569451
https://openalex.org/W2752186618
https://openalex.org/W2811396693
https://openalex.org/W2907613132
https://openalex.org/W2917503279
https://openalex.org/W2926097973
https://openalex.org/W2952238509
https://openalex.org/W2993527780
https://openalex.org/W3086953843
https://openalex.org/W3099955755
https://openalex.org/W4366448441
https://openalex.org/W1539224012
https://openalex.org/W1556939662
https://openalex.org/W1573071709
https://openalex.org/W1595668241
https://openalex.org/W1678247920
https://openalex.org/W1715712071
https://openalex.org/W1940052720
https://openalex.org/W1969133811
https://openalex.org/W1970893204
https://openalex.org/W1974220687
https://openalex.org/W1978794064
https://openalex.org/W1983186336
https://openalex.org/W2000378930
https://openalex.org/W2005825241
https://openalex.org/W2006839540
https://openalex.org/W2008404830
https://openalex.org/W2016392115
https://openalex.org/W2027199881
https://openalex.org/W2035329276
https://openalex.org/W2075913360
https://openalex.org/W2080477906
https://openalex.org/W2092354398
https://openalex.org/W2104021476
https://openalex.org/W2110289833
https://openalex.org/W2125709057
https://openalex.org/W2132834843
https://openalex.org/W2149449872
https://openalex.org/W2151944983
https://openalex.org/W2157182653
https://openalex.org/W2180601340
https://openalex.org/W2186730757
https://openalex.org/W2261684612
https://openalex.org/W2314446466
https://openalex.org/W2317508719
https://openalex.org/W2332426211
https://openalex.org/W2401795308
https://openalex.org/W2491646014
https://openalex.org/W2541795332
https://openalex.org/W2810899504
https://openalex.org/W2896997424
https://openalex.org/W2901480767
https://openalex.org/W2909378566
https://openalex.org/W2917621767
https://openalex.org/W2954772370
https://openalex.org/W4206235846
https://openalex.org/W4282915158
https://openalex.org/W4283121599
https://openalex.org/W4308060531
https://openalex.org/W108758827
https://openalex.org/W142782533
https://openalex.org/W1899641772
https://openalex.org/W1921111806
https://openalex.org/W1926943841
https://openalex.org/W1969360541
https://openalex.org/W1969606697
https://openalex.org/W2000670653
https://openalex.org/W2004826860
https://openalex.org/W2006588840
https://openalex.org/W2019641389
https://openalex.org/W2026564271
https://openalex.org/W2032116991
https://openalex.org/W2038878263
https://openalex.org/W2053894637
https://openalex.org/W2065794421
https://openalex.org/W2067084523
https://openalex.org/W2068114780
https://openalex.org/W2069734995
https://openalex.org/W2073880050
https://openalex.org/W2076388853
https://openalex.org/W2077155096
https://openalex.org/W2086690154
https://openalex.org/W2126626449
https://openalex.org/W2127873922
https://openalex.org/W2133486287
https://openalex.org/W2166518330
https://openalex.org/W2170275070
https://openalex.org/W221880074
https://openalex.org/W2412116000
https://openalex.org/W2524008354
https://openalex.org/W2623972506
https://openalex.org/W2632284869
https://openalex.org/W2751872438
https://openalex.org/W2759224072
https://openalex.org/W2761927505
https://openalex.org/W2791302243
https://openalex.org/W2893997026
https://openalex.org/W2903811723
https://openalex.org/W2906048964
https://openalex.org/W2927547492
https://openalex.org/W2943713292
https://openalex.org/W2982404284
https://openalex.org/W3006214121
https://openalex.org/W3028765608
https://openalex.org/W3034707708
https://openalex.org/W3080677051
https://openalex.org/W3092309756
https://openalex.org/W4229588480
https://openalex.org/W4242061077
https://openalex.org/W1035979280
https://openalex.org/W1594875391
https://openalex.org/W1751399135
https://openalex.org/W1752446488
https://openalex.org/W1954822742
https://openalex.org/W1969461383
https://openalex.org/W1970063677
https://openalex.org/W1983139685
https://openalex.org/W1983247385
https://openalex.org/W1987043685
https://openalex.org/W1991183597
https://openalex.org/W2004962320
https://openalex.org/W2019427281
https://openalex.org/W2023491987
https://openalex.org/W2040927130
https://openalex.org/W2042309112
https://openalex.org/W2046016968
https://openalex.org/W2051137941
https://openalex.org/W2057219287
https://openalex.org/W2059461733
https://openalex.org/W2059975119
https://openalex.org/W2060062347
https://openalex.org/W2073279919
https://openalex.org/W2075614360
https://openalex.org/W2076053436
https://openalex.org/W2123231154
https://openalex.org/W2136852734
https://openalex.org/W2155997603
https://openalex.org/W2163104582
https://openalex.org/W2169676861
https://openalex.org/W2206011989
https://openalex.org/W2319874493
https://openalex.org/W2328082996
https://openalex.org/W2339756466
https://openalex.org/W2588226232
https://openalex.org/W2588400499
https://openalex.org/W2590061401
https://openalex.org/W2614910789
https://openalex.org/W2736743888
https://openalex.org/W2743193948
https://openalex.org/W2778405542
https://openalex.org/W2794196479
https://openalex.org/W2942370447
https://openalex.org/W2985890369
https://openalex.org/W3014979001
https://openalex.org/W3017347565
https://openalex.org/W3046751729
https://openalex.org/W3199269569
https://openalex.org/W4236080126
https://openalex.org/W4283019614
https://openalex.org/W1760460750
https://openalex.org/W1971295822
https://openalex.org/W1998187077
https://openalex.org/W1998799427
https://openalex.org/W2001901926
https://openalex.org/W2002549951
https://openalex.org/W2009386642
https://openalex.org/W2012810238
https://openalex.org/W2016000950
https://openalex.org/W2018441572
https://openalex.org/W2020164739
https://openalex.org/W2027449767
https://openalex.org/W2034868239
https://openalex.org/W2036801665
https://openalex.org/W2043213411
https://openalex.org/W2043469384
https://openalex.org/W2064913596
https://openalex.org/W2068938338
https://openalex.org/W2080989887
https://openalex.org/W2089529147
https://openalex.org/W2094545351
https://openalex.org/W2126195299
https://openalex.org/W2144685910
https://openalex.org/W2144839191
https://openalex.org/W2162622973
https://openalex.org/W2165688141
https://openalex.org/W2197441209
https://openalex.org/W2338869606
https://openalex.org/W2340162553
https://openalex.org/W2488838881
https://openalex.org/W2604898473
https://openalex.org/W2619839623
https://openalex.org/W2744510573
https://openalex.org/W2746212035
https://openalex.org/W2761688779
https://openalex.org/W2767164495
https://openalex.org/W2782800916
https://openalex.org/W2790047872
https://openalex.org/W2800747381
https://openalex.org/W2920015060
https://openalex.org/W2948537287
https://openalex.org/W2949999931
https://openalex.org/W2950133712
https://openalex.org/W2980502989
https://openalex.org/W2981449025
https://openalex.org/W2992628624
https://openalex.org/W2995326355
https://openalex.org/W3037750127
https://openalex.org/W3095575378
https://openalex.org/W4245002513
https://openalex.org/W803775876
https://openalex.org/W1802961030
https://openalex.org/W184641733
https://openalex.org/W1946789697
https://openalex.org/W1980366789
https://openalex.org/W1988343407
https://openalex.org/W1993284741
https://openalex.org/W1994399157
https://openalex.org/W1998562420
https://openalex.org/W1999907282
https://openalex.org/W2001457445
https://openalex.org/W2010547726
https://openalex.org/W2014377234
https://openalex.org/W2014605064
https://openalex.org/W2024286063
https://openalex.org/W2040725561
https://openalex.org/W2047354854
https://openalex.org/W2050435677
https://openalex.org/W2054616031
https://openalex.org/W2065225269
https://openalex.org/W2080407657
https://openalex.org/W2090448402
https://openalex.org/W2098408838
https://openalex.org/W2110462386
https://openalex.org/W2110813549
https://openalex.org/W2121509460
https://openalex.org/W2123914417
https://openalex.org/W2143144742
https://openalex.org/W2157247887
https://openalex.org/W2160367241
https://openalex.org/W2199465475
https://openalex.org/W2290299659
https://openalex.org/W2321691856
https://openalex.org/W2413654681
https://openalex.org/W2558500810
https://openalex.org/W2594039957
https://openalex.org/W2779246718
https://openalex.org/W2795845046
https://openalex.org/W2895897579
https://openalex.org/W2899276884
https://openalex.org/W2901370062
https://openalex.org/W2922158566
https://openalex.org/W2984754398
https://openalex.org/W3010751633
https://openalex.org/W3035167926
https://openalex.org/W3037355686
https://openalex.org/W3096273186
https://openalex.org/W3110364777
https://openalex.org/W3111760244
https://openalex.org/W3120158846
https://openalex.org/W3135501193
https://openalex.org/W3157472145
https://openalex.org/W4206605585
https://openalex.org/W4283720627
https://openalex.org/W4292994025
https://openalex.org/W4293759594
https://openalex.org/W927036462
https://openalex.org/W119414958
https://openalex.org/W1500430934
https://openalex.org/W1669732930
https://openalex.org/W1814267704
https://openalex.org/W1913321831
https://openalex.org/W1920974478
https://openalex.org/W1963945836
https://openalex.org/W1968726384
https://openalex.org/W1987847365
https://openalex.org/W1992017770
https://openalex.org/W19975604
https://openalex.org/W1999402996
https://openalex.org/W2007017611
https://openalex.org/W2007483079
https://openalex.org/W2008813699
https://openalex.org/W2009725564
https://openalex.org/W2031798027
https://openalex.org/W2032790931
https://openalex.org/W2069052523
https://openalex.org/W2105005826
https://openalex.org/W2113432367
https://openalex.org/W2120153012
https://openalex.org/W2152097877
https://openalex.org/W2159321684
https://openalex.org/W216732934
https://openalex.org/W2287668464
https://openalex.org/W2323604784
https://openalex.org/W2443917170
https://openalex.org/W2593779384
https://openalex.org/W2610728734
https://openalex.org/W2789018391
https://openalex.org/W2789779929
https://openalex.org/W2793495898
https://openalex.org/W2800678675
https://openalex.org/W2916662149
https://openalex.org/W2924532416
https://openalex.org/W2939449485
https://openalex.org/W2941183125
https://openalex.org/W2943539433
https://openalex.org/W2962418363
https://openalex.org/W2980811603
https://openalex.org/W2980849170
https://openalex.org/W2988382559
https://openalex.org/W2997229354
https://openalex.org/W3005380654
https://openalex.org/W3034046141
https://openalex.org/W3043391982
https://openalex.org/W3043706827
https://openalex.org/W3048484003
https://openalex.org/W3091916541
https://openalex.org/W3163830123
https://openalex.org/W4250944812
https://openalex.org/W1604543052
https://openalex.org/W1966112194
https://openalex.org/W1968217398
https://openalex.org/W1970285396
https://openalex.org/W1994093709
https://openalex.org/W2003402196
https://openalex.org/W2004641427
https://openalex.org/W2004802429
https://openalex.org/W2007557153
https://openalex.org/W2012204022
https://openalex.org/W2016264981
https://openalex.org/W2017212813
https://openalex.org/W2020100916
https://openalex.org/W2020312830
https://openalex.org/W2032845906
https://openalex.org/W2041718617
https://openalex.org/W2053443795
https://openalex.org/W2056369289
https://openalex.org/W2073569463
https://openalex.org/W2076845045
https://openalex.org/W2078434618
https://openalex.org/W2079070035
https://openalex.org/W2107946430
https://openalex.org/W2115411401
https://openalex.org/W2117545727
https://openalex.org/W2126056272
https://openalex.org/W2129508004
https://openalex.org/W2131337846
https://openalex.org/W2137137871
https://openalex.org/W2152685235
https://openalex.org/W2157131581
https://openalex.org/W2169662922
https://openalex.org/W2322284715
https://openalex.org/W2325271746
https://openalex.org/W2417294993
https://openalex.org/W2422070668
https://openalex.org/W2434833552
https://openalex.org/W2505941988
https://openalex.org/W2506865371
https://openalex.org/W2513118863
https://openalex.org/W2529093058
https://openalex.org/W2804579122
https://openalex.org/W2810114144
https://openalex.org/W2810221820
https://openalex.org/W2886689208
https://openalex.org/W2895293487
https://openalex.org/W2923875567
https://openalex.org/W2949022032
https://openalex.org/W2950337132
https://openalex.org/W2965019077
https://openalex.org/W2975163312
https://openalex.org/W3000135967
https://openalex.org/W3033812971
https://openalex.org/W3035116245
https://openalex.org/W3041509551
https://openalex.org/W3104367020
https://openalex.org/W3109259326
https://openalex.org/W3109363121
https://openalex.org/W3126798918
https://openalex.org/W4200013221
https://openalex.org/W4206012321
https://openalex.org/W4246945002
https://openalex.org/W4251108646
https://openalex.org/W4255567131
https://openalex.org/W605092692
https://openalex.org/W66034929
https://openalex.org/W146275939
https://openalex.org/W151038851
https://openalex.org/W1578249806
https://openalex.org/W1597352715
https://openalex.org/W180187564
https://openalex.org/W1965287849
https://openalex.org/W1979826860
https://openalex.org/W1998315594
https://openalex.org/W2007126273
https://openalex.org/W2008016457
https://openalex.org/W2011929856
https://openalex.org/W2039292122
https://openalex.org/W2039567172
https://openalex.org/W2054124990
https://openalex.org/W2056709610
https://openalex.org/W2060995323
https://openalex.org/W2071035353
https://openalex.org/W2083746603
https://openalex.org/W2098052604
https://openalex.org/W2109625281
https://openalex.org/W2123207269
https://openalex.org/W2123659658
https://openalex.org/W2127626967
https://openalex.org/W2146963503
https://openalex.org/W2184881790
https://openalex.org/W2207423776
https://openalex.org/W2340589182
https://openalex.org/W2479050129
https://openalex.org/W2705967490
https://openalex.org/W2737874648
https://openalex.org/W2763024599
https://openalex.org/W2796139019
https://openalex.org/W2805502840
https://openalex.org/W2809933361
https://openalex.org/W2880429904
https://openalex.org/W2889688601
https://openalex.org/W2896560089
https://openalex.org/W2896859217
https://openalex.org/W2904932679
https://openalex.org/W2948266269
https://openalex.org/W2952106943
https://openalex.org/W2982503352
https://openalex.org/W2982801222
https://openalex.org/W2996150345
https://openalex.org/W2999530653
https://openalex.org/W2999971679
https://openalex.org/W3043773965
https://openalex.org/W3077396811
https://openalex.org/W3105123292
https://openalex.org/W3126704355
https://openalex.org/W3130517490
https://openalex.org/W3160977895
https://openalex.org/W3165243880
https://openalex.org/W4200231231
https://openalex.org/W595274949
https://openalex.org/W1509999374
https://openalex.org/W1586147886
https://openalex.org/W1590376779
https://openalex.org/W164988681
https://openalex.org/W1822433576
https://openalex.org/W1884272081
https://openalex.org/W1964808982
https://openalex.org/W1965138292
https://openalex.org/W1976974540
https://openalex.org/W1990451758
https://openalex.org/W1992170857
https://openalex.org/W1993089401
https://openalex.org/W1994605027
https://openalex.org/W2003968440
https://openalex.org/W2012289845
https://openalex.org/W2014196381
https://openalex.org/W2022223010
https://openalex.org/W2030405165
https://openalex.org/W2030450363
https://openalex.org/W2033311476
https://openalex.org/W2036479856
https://openalex.org/W2037035411
https://openalex.org/W2046611327
https://openalex.org/W2047195305
https://openalex.org/W2050385372
https://openalex.org/W2050937889
https://openalex.org/W2080506067
https://openalex.org/W2099035735
https://openalex.org/W2125460126
https://openalex.org/W2133447544
https://openalex.org/W2171352090
https://openalex.org/W2187680216
https://openalex.org/W2259779492
https://openalex.org/W2293321071
https://openalex.org/W2328855973
https://openalex.org/W2331788581
https://openalex.org/W2344980591
https://openalex.org/W2443304416
https://openalex.org/W2469409433
https://openalex.org/W2507496782
https://openalex.org/W2511480658
https://openalex.org/W2586352813
https://openalex.org/W2740727574
https://openalex.org/W2752939604
https://openalex.org/W2793284134
https://openalex.org/W2794173439
https://openalex.org/W2804669874
https://openalex.org/W2892174511
https://openalex.org/W2899440565
https://openalex.org/W2985430455
https://openalex.org/W3021890705
https://openalex.org/W3084286976
https://openalex.org/W3087079697
https://openalex.org/W3107064772
https://openalex.org/W3114277239
https://openalex.org/W3119009992
https://openalex.org/W3156230564
https://openalex.org/W3167943405
https://openalex.org/W3173666
https://openalex.org/W3188367339
https://openalex.org/W3198628667
https://openalex.org/W3209048534
https://openalex.org/W3214018575
https://openalex.org/W4200233990
https://openalex.org/W4200587545
https://openalex.org/W4206017121
https://openalex.org/W4211257263
https://openalex.org/W4254659302
https://openalex.org/W4282935877
https://openalex.org/W4302328185
https://openalex.org/W52060568
https://openalex.org/W86098531
https://openalex.org/W1480739689
https://openalex.org/W1552398924
https://openalex.org/W1810369493
https://openalex.org/W1965155854
https://openalex.org/W1967154985
https://openalex.org/W1974920501
https://openalex.org/W1976360860
https://openalex.org/W1977988406
https://openalex.org/W1979217888
https://openalex.org/W1997321139
https://openalex.org/W2008170886
https://openalex.org/W2009659746
https://openalex.org/W2012390373
https://openalex.org/W2015161997
https://openalex.org/W2017440293
https://openalex.org/W2022830453
https://openalex.org/W2031803303
https://openalex.org/W2035926805
https://openalex.org/W2055553877
https://openalex.org/W2059488828
https://openalex.org/W2059803647
https://openalex.org/W2065000477
https://openalex.org/W2065585113
https://openalex.org/W2069435088
https://openalex.org/W2074576679
https://openalex.org/W2074709915
https://openalex.org/W2082801268
https://openalex.org/W2092964775
https://openalex.org/W2097305178
https://openalex.org/W2098887626
https://openalex.org/W2113806995
https://openalex.org/W2123966121
https://openalex.org/W2131583855
https://openalex.org/W2140211286
https://openalex.org/W2144570313
https://openalex.org/W2168031553
https://openalex.org/W2174634147
https://openalex.org/W2187721213
https://openalex.org/W2224802699
https://openalex.org/W2319152462
https://openalex.org/W2319530729
https://openalex.org/W2323943427
https://openalex.org/W2333137197
https://openalex.org/W2483105226
https://openalex.org/W2517638986
https://openalex.org/W2523168531
https://openalex.org/W2573647614
https://openalex.org/W2592165203
https://openalex.org/W2593233521
https://openalex.org/W2596998102
https://openalex.org/W2609630187
https://openalex.org/W2780426344
https://openalex.org/W2804183226
https://openalex.org/W2887783832
https://openalex.org/W2888079393
https://openalex.org/W2896642800
https://openalex.org/W2939965380
https://openalex.org/W2946866516
https://openalex.org/W2947000970
https://openalex.org/W2955473797
https://openalex.org/W2977986381
https://openalex.org/W2983176545
https://openalex.org/W2995658393
https://openalex.org/W2996483422
https://openalex.org/W3000576401
https://openalex.org/W3027472552
https://openalex.org/W3081410751
https://openalex.org/W3087025064
https://openalex.org/W3102866752
https://openalex.org/W3108630591
https://openalex.org/W3123919002
https://openalex.org/W3134926159
https://openalex.org/W3207859344
https://openalex.org/W4206295440
https://openalex.org/W4210540621
https://openalex.org/W4210965786
https://openalex.org/W4221048303
https://openalex.org/W4236015924
https://openalex.org/W4248010670
https://openalex.org/W4251752845
https://openalex.org/W4251913403
https://openalex.org/W4282930746
https://openalex.org/W1538025438
https://openalex.org/W1598156923
https://openalex.org/W1670881184
https://openalex.org/W1918480114
https://openalex.org/W1940741181
https://openalex.org/W1982135948
https://openalex.org/W1982477833
https://openalex.org/W1989850477
https://openalex.org/W1990041577
https://openalex.org/W1997548118
https://openalex.org/W2001039055
https://openalex.org/W2004786231
https://openalex.org/W2014519023
https://openalex.org/W2023516937
https://openalex.org/W2027677787
https://openalex.org/W2031174105
https://openalex.org/W2038351849
https://openalex.org/W2041188366
https://openalex.org/W2042341394
https://openalex.org/W2042976965
https://openalex.org/W2056107958
https://openalex.org/W2060637084
https://openalex.org/W2071464831
https://openalex.org/W2071712542
https://openalex.org/W2076277763
https://openalex.org/W2076374100
https://openalex.org/W2082904570
https://openalex.org/W2090077487
https://openalex.org/W2095711814
https://openalex.org/W2095754831
https://openalex.org/W2103211930
https://openalex.org/W2103420043
https://openalex.org/W211553071
https://openalex.org/W2139290930
https://openalex.org/W2155161649
https://openalex.org/W2155535381
https://openalex.org/W2155670103
https://openalex.org/W2156471556
https://openalex.org/W2192153615
https://openalex.org/W2289773312
https://openalex.org/W2291424772
https://openalex.org/W2301730460
https://openalex.org/W2318245279
https://openalex.org/W2318969841
https://openalex.org/W2329698233
https://openalex.org/W2465722325
https://openalex.org/W2507843117
https://openalex.org/W2514987427
https://openalex.org/W2551960531
https://openalex.org/W2755572375
https://openalex.org/W2758981996
https://openalex.org/W2760184761
https://openalex.org/W2763619987
https://openalex.org/W2767435277
https://openalex.org/W2775256853
https://openalex.org/W2889242090
https://openalex.org/W2892530510
https://openalex.org/W2900816786
https://openalex.org/W2913887788
https://openalex.org/W2981301117
https://openalex.org/W2982006085
https://openalex.org/W2989763468
https://openalex.org/W2994784656
https://openalex.org/W2995602860
https://openalex.org/W2996273221
https://openalex.org/W3000117396
https://openalex.org/W3006696976
https://openalex.org/W3011911457
https://openalex.org/W3017169084
https://openalex.org/W3020707688
https://openalex.org/W3023244084
https://openalex.org/W3094343546
https://openalex.org/W3107078643
https://openalex.org/W3109683197
https://openalex.org/W3124863879
https://openalex.org/W3126238646
https://openalex.org/W3164836182
https://openalex.org/W3165611205
https://openalex.org/W3200638655
https://openalex.org/W3204282122
https://openalex.org/W4200398204
https://openalex.org/W4205845460
https://openalex.org/W4206508748
https://openalex.org/W4210633701
https://openalex.org/W4210993999
https://openalex.org/W4220850678
https://openalex.org/W4224950055
https://openalex.org/W4235903591
https://openalex.org/W4242540095
https://openalex.org/W4250701566
https://openalex.org/W4253467529
https://openalex.org/W4292756695
https://openalex.org/W4303437354
https://openalex.org/W4307372730
https://openalex.org/W4308857491
https://openalex.org/W4366464253
https://openalex.org/W572981194
https://openalex.org/W637097083
https://openalex.org/W1024829732
https://openalex.org/W1158338468
https://openalex.org/W1170978439
https://openalex.org/W1485393816
https://openalex.org/W1563456936
https://openalex.org/W1607179961
https://openalex.org/W176278212
https://openalex.org/W1886740263
https://openalex.org/W1924848101
https://openalex.org/W1967882234
https://openalex.org/W1974001015
https://openalex.org/W198084544
https://openalex.org/W1992379803
https://openalex.org/W2028813916
https://openalex.org/W2047212380
https://openalex.org/W2050472114
https://openalex.org/W2051656182
https://openalex.org/W2057821760
https://openalex.org/W2066755897
https://openalex.org/W2075642162
https://openalex.org/W2080451563
https://openalex.org/W2082319197
https://openalex.org/W2085483475
https://openalex.org/W209653713
https://openalex.org/W2101565914
https://openalex.org/W2108605540
https://openalex.org/W2118382446
https://openalex.org/W2124491609
https://openalex.org/W2154926977
https://openalex.org/W2281232477
https://openalex.org/W2309739592
https://openalex.org/W2322299238
https://openalex.org/W2327480011
https://openalex.org/W2352595351
https://openalex.org/W2423163938
https://openalex.org/W2465135127
https://openalex.org/W2488716080
https://openalex.org/W2527980295
https://openalex.org/W2528475914
https://openalex.org/W2530240479
https://openalex.org/W2554195979
https://openalex.org/W2564489188
https://openalex.org/W2593522723
https://openalex.org/W2603997094
https://openalex.org/W2729570848
https://openalex.org/W2753723504
https://openalex.org/W2781625326
https://openalex.org/W2795602283
https://openalex.org/W2887836453
https://openalex.org/W2912084812
https://openalex.org/W2919129443
https://openalex.org/W2945028502
https://openalex.org/W2951111683
https://openalex.org/W2953433295
https://openalex.org/W2978200552
https://openalex.org/W2979880099
https://openalex.org/W2981879713
https://openalex.org/W2982399449
https://openalex.org/W3000517959
https://openalex.org/W3005784701
https://openalex.org/W3006943567
https://openalex.org/W3008641526
https://openalex.org/W3010038383
https://openalex.org/W3011351250
https://openalex.org/W3016450514
https://openalex.org/W3018142367
https://openalex.org/W3028691675
https://openalex.org/W3044677227
https://openalex.org/W3051536936
https://openalex.org/W3082942988
https://openalex.org/W3102480540
https://openalex.org/W3114166644
https://openalex.org/W3119845142
https://openalex.org/W3120181072
https://openalex.org/W3122061933
https://openalex.org/W3125617129
https://openalex.org/W3134413084
https://openalex.org/W3134855527
https://openalex.org/W3138731314
https://openalex.org/W3157745878
https://openalex.org/W3158382188
https://openalex.org/W3161502835
https://openalex.org/W3164930799
https://openalex.org/W3167284734
https://openalex.org/W3169138336
https://openalex.org/W3178401139
https://openalex.org/W3188466122
https://openalex.org/W3192884023
https://openalex.org/W3203240741
https://openalex.org/W4205693406
https://openalex.org/W4220919451
https://openalex.org/W4221058282
https://openalex.org/W4224024455
https://openalex.org/W4230603713
https://openalex.org/W4234185048
https://openalex.org/W4234546455
https://openalex.org/W4245397782
https://openalex.org/W4299866914
https://openalex.org/W4312221787
https://openalex.org/W4376480145
https://openalex.org/W1122400697
https://openalex.org/W1150516269
https://openalex.org/W1786333255
https://openalex.org/W1936537021
https://openalex.org/W1965668113
https://openalex.org/W1974052643
https://openalex.org/W1979494279
https://openalex.org/W1981902679
https://openalex.org/W1986869385
https://openalex.org/W1994504734
https://openalex.org/W2013978554
https://openalex.org/W2025174715
https://openalex.org/W2028998350
https://openalex.org/W2029080543
https://openalex.org/W2034123064
https://openalex.org/W2038038783
https://openalex.org/W2041053445
https://openalex.org/W2049889610
https://openalex.org/W2052595819
https://openalex.org/W2054847584
https://openalex.org/W2057520973
https://openalex.org/W2059387929
https://openalex.org/W2069792342
https://openalex.org/W2073525995
https://openalex.org/W2075304631
https://openalex.org/W2076524919
https://openalex.org/W2077378140
https://openalex.org/W2078204070
https://openalex.org/W2080877050
https://openalex.org/W2083313044
https://openalex.org/W2103956395
https://openalex.org/W2115832007
https://openalex.org/W2121157829
https://openalex.org/W21262068
https://openalex.org/W2127178311
https://openalex.org/W2153969396
https://openalex.org/W2161230820
https://openalex.org/W2162623619
https://openalex.org/W2224347571
https://openalex.org/W2254254175
https://openalex.org/W2319712012
https://openalex.org/W2323803331
https://openalex.org/W2324862589
https://openalex.org/W2332096502
https://openalex.org/W2335278893
https://openalex.org/W2398370738
https://openalex.org/W2403650872
https://openalex.org/W2417840258
https://openalex.org/W2463107397
https://openalex.org/W2477029608
https://openalex.org/W2503093402
https://openalex.org/W2532341830
https://openalex.org/W2610188347
https://openalex.org/W2625968809
https://openalex.org/W2731404231
https://openalex.org/W2771072499
https://openalex.org/W2782753578
https://openalex.org/W2889445167
https://openalex.org/W2889687867
https://openalex.org/W2890381810
https://openalex.org/W2894295162
https://openalex.org/W2902393733
https://openalex.org/W2910018662
https://openalex.org/W2911841220
https://openalex.org/W2938420534
https://openalex.org/W2947416429
https://openalex.org/W2989871612
https://openalex.org/W3003743217
https://openalex.org/W3010821836
https://openalex.org/W3038151913
https://openalex.org/W3076740784
https://openalex.org/W3082900757
https://openalex.org/W3083165124
https://openalex.org/W3090828645
https://openalex.org/W3092460461
https://openalex.org/W3097304479
https://openalex.org/W3104530539
https://openalex.org/W3115081048
https://openalex.org/W3115955501
https://openalex.org/W3125792091
https://openalex.org/W3134324950
https://openalex.org/W3139087834
https://openalex.org/W3153411844
https://openalex.org/W3165482596
https://openalex.org/W3170556178
https://openalex.org/W3175056632
https://openalex.org/W3186668916
https://openalex.org/W3187002976
https://openalex.org/W3194044923
https://openalex.org/W3194682176
https://openalex.org/W3217497760
https://openalex.org/W4210712466
https://openalex.org/W4212935599
https://openalex.org/W4213322049
https://openalex.org/W4213446076
https://openalex.org/W4220777852
https://openalex.org/W4224245302
https://openalex.org/W4234064352
https://openalex.org/W4235512468
https://openalex.org/W4239285035
https://openalex.org/W4246143763
https://openalex.org/W4250030770
https://openalex.org/W4255901038
https://openalex.org/W4283516991
https://openalex.org/W4283796810
https://openalex.org/W4285744940
https://openalex.org/W4292180009
https://openalex.org/W4301380655
https://openalex.org/W4309837680
https://openalex.org/W4310102562
https://openalex.org/W4319761874
https://openalex.org/W4323348324
https://openalex.org/W4376487912
https://openalex.org/W1158354616
https://openalex.org/W1275537727
https://openalex.org/W144203215
https://openalex.org/W1538673407
https://openalex.org/W179956041
https://openalex.org/W1830433140
https://openalex.org/W1873446120
https://openalex.org/W1912374359
https://openalex.org/W1966442411
https://openalex.org/W1972732783
https://openalex.org/W1977419339
https://openalex.org/W1982502044
https://openalex.org/W1985164916
https://openalex.org/W1985287644
https://openalex.org/W2000371002
https://openalex.org/W2013307564
https://openalex.org/W2023105437
https://openalex.org/W2027427773
https://openalex.org/W2027466494
https://openalex.org/W2033811335
https://openalex.org/W2033892077
https://openalex.org/W2040377455
https://openalex.org/W2046457402
https://openalex.org/W2063781736
https://openalex.org/W2069315666
https://openalex.org/W2075045699
https://openalex.org/W2077310119
https://openalex.org/W2078820001
https://openalex.org/W2080892793
https://openalex.org/W2088592149
https://openalex.org/W2094590502
https://openalex.org/W2100347753
https://openalex.org/W2110178468
https://openalex.org/W2120597107
https://openalex.org/W2129326020
https://openalex.org/W2158150054
https://openalex.org/W2166142985
https://openalex.org/W2177237568
https://openalex.org/W2290353798
https://openalex.org/W2297686112
https://openalex.org/W2298484563
https://openalex.org/W2314173145
https://openalex.org/W2315478372
https://openalex.org/W2316389538
https://openalex.org/W2322343987
https://openalex.org/W2329782715
https://openalex.org/W2333248044
https://openalex.org/W2335500579
https://openalex.org/W2395297155
https://openalex.org/W2398570444
https://openalex.org/W2432181274
https://openalex.org/W2473976807
https://openalex.org/W2475452120
https://openalex.org/W2484102883
https://openalex.org/W2503688760
https://openalex.org/W2506587613
https://openalex.org/W2525188489
https://openalex.org/W2596162592
https://openalex.org/W2610269345
https://openalex.org/W2611139435
https://openalex.org/W2625406324
https://openalex.org/W2726528796
https://openalex.org/W2756802773
https://openalex.org/W2767355000
https://openalex.org/W2787899564
https://openalex.org/W2791152847
https://openalex.org/W2794564073
https://openalex.org/W2804631272
https://openalex.org/W2805661343
https://openalex.org/W2888299515
https://openalex.org/W2890879277
https://openalex.org/W2897106509
https://openalex.org/W2905918355
https://openalex.org/W2909614869
https://openalex.org/W2917177736
https://openalex.org/W2942590745
https://openalex.org/W2946652522
https://openalex.org/W2953230653
https://openalex.org/W2978365290
https://openalex.org/W2982984123
https://openalex.org/W2988005617
https://openalex.org/W2996535209
https://openalex.org/W3003299903
https://openalex.org/W3003904791
https://openalex.org/W3007541277
https://openalex.org/W3008066185
https://openalex.org/W3024598580
https://openalex.org/W3040393730
https://openalex.org/W3047713049
https://openalex.org/W3087221833
https://openalex.org/W3095399463
https://openalex.org/W3095466214
https://openalex.org/W3096808450
https://openalex.org/W3096914258
https://openalex.org/W3107493862
https://openalex.org/W3109674435
https://openalex.org/W3119711817
https://openalex.org/W3127072623
https://openalex.org/W3134488436
https://openalex.org/W3154755723
https://openalex.org/W3165199656
https://openalex.org/W3165500842
https://openalex.org/W3166341747
https://openalex.org/W3181173773
https://openalex.org/W3192906512
https://openalex.org/W3193619179
https://openalex.org/W3199168591
https://openalex.org/W3208150838
https://openalex.org/W3210732699
https://openalex.org/W3211638445
https://openalex.org/W3214543604
https://openalex.org/W32168693
https://openalex.org/W4206941471
https://openalex.org/W4210350752
https://openalex.org/W4210934506
https://openalex.org/W4220930616
https://openalex.org/W4223960260
https://openalex.org/W4224986289
https://openalex.org/W4226156234
https://openalex.org/W4226167728
https://openalex.org/W4232220136
https://openalex.org/W4233816512
https://openalex.org/W4234601111
https://openalex.org/W4237464730
https://openalex.org/W4246065548
https://openalex.org/W4252610170
https://openalex.org/W4281855890
https://openalex.org/W4283360899
https://openalex.org/W4284712031
https://openalex.org/W4288047043
https://openalex.org/W4294343569
https://openalex.org/W4303615175
https://openalex.org/W4309569461
https://openalex.org/W4310493849
https://openalex.org/W4313367329
https://openalex.org/W4376875909
https://openalex.org/W77069942
https://openalex.org/W116511696
https://openalex.org/W13340727
https://openalex.org/W1435414542
https://openalex.org/W1502812176
https://openalex.org/W1534148873
https://openalex.org/W1704179096
https://openalex.org/W180571017
https://openalex.org/W189047338
https://openalex.org/W1920891622
https://openalex.org/W1966256239
https://openalex.org/W1968323660
https://openalex.org/W1969622099
https://openalex.org/W1971977746
https://openalex.org/W1974363952
https://openalex.org/W1976044638
https://openalex.org/W1982118893
https://openalex.org/W1986255299
https://openalex.org/W1989466536
https://openalex.org/W1990705164
https://openalex.org/W1997171341
https://openalex.org/W1998081568
https://openalex.org/W1998258368
https://openalex.org/W1999681638
https://openalex.org/W2007293692
https://openalex.org/W2011999407
https://openalex.org/W2027917614
https://openalex.org/W2029172885
https://openalex.org/W2042037981
https://openalex.org/W2049566435
https://openalex.org/W2050054242
https://openalex.org/W2052026741
https://openalex.org/W2057801959
https://openalex.org/W2066182353
https://openalex.org/W2067308721
https://openalex.org/W2074984142
https://openalex.org/W2080162653
https://openalex.org/W2095071053
https://openalex.org/W2104907219
https://openalex.org/W2122561306
https://openalex.org/W2145697144
https://openalex.org/W2152445355
https://openalex.org/W2160770931
https://openalex.org/W2162969127
https://openalex.org/W2170756529
https://openalex.org/W2199988462
https://openalex.org/W2205085398
https://openalex.org/W2239604562
https://openalex.org/W2264401973
https://openalex.org/W2267984396
https://openalex.org/W230005872
https://openalex.org/W2303109673
https://openalex.org/W2304245541
https://openalex.org/W2327452440
https://openalex.org/W2436700543
https://openalex.org/W2461400998
https://openalex.org/W2471194722
https://openalex.org/W2497123711
https://openalex.org/W2554047914
https://openalex.org/W2554659766
https://openalex.org/W2556412421
https://openalex.org/W2560375502
https://openalex.org/W2564346934
https://openalex.org/W2617072750
https://openalex.org/W2622914228
https://openalex.org/W270452864
https://openalex.org/W2753238517
https://openalex.org/W2779727151
https://openalex.org/W2808470767
https://openalex.org/W2883496141
https://openalex.org/W2893387635
https://openalex.org/W2894945979
https://openalex.org/W2898989966
https://openalex.org/W2900049722
https://openalex.org/W2901270273
https://openalex.org/W2915236217
https://openalex.org/W2949682165
https://openalex.org/W2965351806
https://openalex.org/W2972030195
https://openalex.org/W2974522389
https://openalex.org/W2977694331
https://openalex.org/W2979834252
https://openalex.org/W2981871046
https://openalex.org/W2998688735
https://openalex.org/W3000071054
https://openalex.org/W3022976075
https://openalex.org/W3023466974
https://openalex.org/W3026872174
https://openalex.org/W3026981617
https://openalex.org/W3036154692
https://openalex.org/W3037668313
https://openalex.org/W3039824974
https://openalex.org/W3047723140
https://openalex.org/W3087607215
https://openalex.org/W3089525948
https://openalex.org/W3091585495
https://openalex.org/W3095294219
https://openalex.org/W3106597458
https://openalex.org/W3113970236
https://openalex.org/W3118671270
https://openalex.org/W3128607270
https://openalex.org/W3129870847
https://openalex.org/W3131718430
https://openalex.org/W3158295014
https://openalex.org/W3158470906
https://openalex.org/W3169872491
https://openalex.org/W3176102022
https://openalex.org/W3185682884
https://openalex.org/W3203713090
https://openalex.org/W36351839
https://openalex.org/W36377895
https://openalex.org/W40757991
https://openalex.org/W4200103558
https://openalex.org/W4200229094
https://openalex.org/W4200400064
https://openalex.org/W4205111311
https://openalex.org/W4210364939
https://openalex.org/W4210898648
https://openalex.org/W4213298822
https://openalex.org/W4213413894
https://openalex.org/W4224298988
https://openalex.org/W4225424701
https://openalex.org/W4235369562
https://openalex.org/W4237879011
https://openalex.org/W4242542198
https://openalex.org/W4245295928
https://openalex.org/W4250229942
https://openalex.org/W4252172274
https://openalex.org/W4255803888
https://openalex.org/W4283072992
https://openalex.org/W4284898072
https://openalex.org/W4288349336
https://openalex.org/W4292624135
https://openalex.org/W4307843516
https://openalex.org/W4308594721
https://openalex.org/W4310524834
https://openalex.org/W4311823663
https://openalex.org/W4318200338
https://openalex.org/W4322722385
https://openalex.org/W4322763912
https://openalex.org/W4382751473
https://openalex.org/W4384819254
https://openalex.org/W4385191236
https://openalex.org/W107548568
https://openalex.org/W110134283
https://openalex.org/W117827562
https://openalex.org/W1485949269
https://openalex.org/W1488759982
https://openalex.org/W1516566607
https://openalex.org/W1533053518
https://openalex.org/W1552337796
https://openalex.org/W1562220915
https://openalex.org/W1567952500
https://openalex.org/W1568321036
https://openalex.org/W1569897690
https://openalex.org/W1575397913
https://openalex.org/W1591467757
https://openalex.org/W159295157
https://openalex.org/W1607784610
https://openalex.org/W1645636395
https://openalex.org/W173091575
https://openalex.org/W174211968
https://openalex.org/W177756167
https://openalex.org/W1887226567
https://openalex.org/W1914061614
https://openalex.org/W1971895544
https://openalex.org/W1982662561
https://openalex.org/W1986375715
https://openalex.org/W1989939670
https://openalex.org/W1990181761
https://openalex.org/W1990530818
https://openalex.org/W1991985690
https://openalex.org/W1997691023
https://openalex.org/W1998871090
https://openalex.org/W2000873630
https://openalex.org/W2005322722
https://openalex.org/W2005606514
https://openalex.org/W2010990210
https://openalex.org/W2013625040
https://openalex.org/W2014684478
https://openalex.org/W2019335985
https://openalex.org/W2019880162
https://openalex.org/W2024232356
https://openalex.org/W2025797324
https://openalex.org/W2027995932
https://openalex.org/W2030974030
https://openalex.org/W2031532197
https://openalex.org/W2034101795
https://openalex.org/W2035178155
https://openalex.org/W2044108156
https://openalex.org/W2044636839
https://openalex.org/W2048897556
https://openalex.org/W2055476542
https://openalex.org/W2056152304
https://openalex.org/W2056178411
https://openalex.org/W2059035048
https://openalex.org/W2059914245
https://openalex.org/W2061537159
https://openalex.org/W2064977508
https://openalex.org/W2067023489
https://openalex.org/W2067897206
https://openalex.org/W207057661
https://openalex.org/W2080474181
https://openalex.org/W2083639447
https://openalex.org/W2084540985
https://openalex.org/W2088002577
https://openalex.org/W2088279196
https://openalex.org/W2089361417
https://openalex.org/W2091425956
https://openalex.org/W2091646361
https://openalex.org/W2094126839
https://openalex.org/W2106180771
https://openalex.org/W2106242862
https://openalex.org/W2110058284
https://openalex.org/W2111508227
https://openalex.org/W2111565011
https://openalex.org/W2118268272
https://openalex.org/W2120228466
https://openalex.org/W2124267130
https://openalex.org/W2130988416
https://openalex.org/W2142400635
https://openalex.org/W2150451048
https://openalex.org/W2153385161
https://openalex.org/W2182839432
https://openalex.org/W2200816702
https://openalex.org/W2229209922
https://openalex.org/W2230682617
https://openalex.org/W2244616524
https://openalex.org/W2244955327
https://openalex.org/W2246002192
https://openalex.org/W2256706008
https://openalex.org/W2262676511
https://openalex.org/W2264400749
https://openalex.org/W2273228543
https://openalex.org/W2274227383
https://openalex.org/W2274371175
https://openalex.org/W2281205673
https://openalex.org/W2283546331
https://openalex.org/W2290269224
https://openalex.org/W2292700169
https://openalex.org/W2309397089
https://openalex.org/W2315911108
https://openalex.org/W2319235653
https://openalex.org/W2320950547
https://openalex.org/W2324422117
https://openalex.org/W2324510818
https://openalex.org/W2324799447
https://openalex.org/W2325679270
https://openalex.org/W2331154671
https://openalex.org/W2331828933
https://openalex.org/W2331837475
https://openalex.org/W2331860966
https://openalex.org/W2333255474
https://openalex.org/W2334146465
https://openalex.org/W2337436085
https://openalex.org/W2343869939
https://openalex.org/W2345539153
https://openalex.org/W2384277009
https://openalex.org/W2397272611
https://openalex.org/W2414691640
https://openalex.org/W2414997096
https://openalex.org/W2432830755
https://openalex.org/W2436877743
https://openalex.org/W2463804847
https://openalex.org/W2468871875
https://openalex.org/W2483700062
https://openalex.org/W2485986326
https://openalex.org/W2487105184
https://openalex.org/W2489464451
https://openalex.org/W2490877108
https://openalex.org/W2500337635
https://openalex.org/W2507968027
https://openalex.org/W2513499906
https://openalex.org/W2528330427
https://openalex.org/W254613805
https://openalex.org/W2549988362
https://openalex.org/W2552380278
https://openalex.org/W2559001170
https://openalex.org/W2586341848
https://openalex.org/W2588168387
https://openalex.org/W2588484578
https://openalex.org/W2588809848
https://openalex.org/W2597457629
https://openalex.org/W2605663019
https://openalex.org/W2609839218
https://openalex.org/W2613301390
https://openalex.org/W2733872110
https://openalex.org/W2735273999
https://openalex.org/W2744329300
https://openalex.org/W2745389402
https://openalex.org/W2750857622
https://openalex.org/W2758837568
https://openalex.org/W2788418812
https://openalex.org/W2795803250
https://openalex.org/W2797597239
https://openalex.org/W2800205600
https://openalex.org/W2801897255
https://openalex.org/W2802189663
https://openalex.org/W2804082714
https://openalex.org/W2806005138
https://openalex.org/W2806639597
https://openalex.org/W2809607377
https://openalex.org/W2885778225
https://openalex.org/W2890652062
https://openalex.org/W2895598593
https://openalex.org/W2897386777
https://openalex.org/W2913412827
https://openalex.org/W2917490062
https://openalex.org/W2953960746
https://openalex.org/W2964804088
https://openalex.org/W2966305227
https://openalex.org/W2980026005
https://openalex.org/W2981669186
https://openalex.org/W2982162335
https://openalex.org/W2991433665
https://openalex.org/W3005230008
https://openalex.org/W3007088528
https://openalex.org/W3017364103
https://openalex.org/W3026132769
https://openalex.org/W3036472284
https://openalex.org/W3038535198
https://openalex.org/W3040526421
https://openalex.org/W3042690231
https://openalex.org/W3088868575
https://openalex.org/W3089538033
https://openalex.org/W3092160713
https://openalex.org/W3098828716
https://openalex.org/W3109020235
https://openalex.org/W3109558186
https://openalex.org/W3113049720
https://openalex.org/W3120412764
https://openalex.org/W3135386410
https://openalex.org/W3139957287
https://openalex.org/W3143185986
https://openalex.org/W3143715965
https://openalex.org/W3157311345
https://openalex.org/W3158950195
https://openalex.org/W3161998183
https://openalex.org/W3171420942
https://openalex.org/W3175482216
https://openalex.org/W3176489793
https://openalex.org/W3191109726
https://openalex.org/W3193864353
https://openalex.org/W3198181879
https://openalex.org/W3201543811
https://openalex.org/W3204142725
https://openalex.org/W3211527111
https://openalex.org/W3212968063
https://openalex.org/W3213380524
https://openalex.org/W322300636
https://openalex.org/W385788608
https://openalex.org/W40077663
https://openalex.org/W4200456654
https://openalex.org/W4205137063
https://openalex.org/W4206206906
https://openalex.org/W4210493519
https://openalex.org/W4214839295
https://openalex.org/W4221025492
https://openalex.org/W4221104269
https://openalex.org/W4224250068
https://openalex.org/W4225003257
https://openalex.org/W4225369975
https://openalex.org/W4225776857
https://openalex.org/W4225986876
https://openalex.org/W4226166905
https://openalex.org/W4229884087
https://openalex.org/W4231587020
https://openalex.org/W4231604390
https://openalex.org/W4232500889
https://openalex.org/W4233179019
https://openalex.org/W4233320567
https://openalex.org/W4233835888
https://openalex.org/W4238064525
https://openalex.org/W4238449455
https://openalex.org/W4241194938
https://openalex.org/W4241460075
https://openalex.org/W4242968227
https://openalex.org/W4243099399
https://openalex.org/W4243620086
https://openalex.org/W4244543393
https://openalex.org/W4246130733
https://openalex.org/W4246759904
https://openalex.org/W4249977988
https://openalex.org/W4250241056
https://openalex.org/W4252474474
https://openalex.org/W4253086694
https://openalex.org/W4253270771
https://openalex.org/W4253766654
https://openalex.org/W4254581120
https://openalex.org/W4255185492
https://openalex.org/W4256020490
https://openalex.org/W4256189330
https://openalex.org/W4281751127
https://openalex.org/W4282962748
https://openalex.org/W4283743242
https://openalex.org/W4284899760
https://openalex.org/W4285160197
https://openalex.org/W4286488849
https://openalex.org/W4289545203
https://openalex.org/W4291885051
https://openalex.org/W4292504003
https://openalex.org/W4293064747
https://openalex.org/W4294343523
https://openalex.org/W4294693718
https://openalex.org/W4295563321
https://openalex.org/W4296793614
https://openalex.org/W4299039705
https://openalex.org/W4300979845
https://openalex.org/W4302424617
https://openalex.org/W4303423813
https://openalex.org/W4304013662
https://openalex.org/W4304092032
https://openalex.org/W4306406148
https://openalex.org/W4307623789
https://openalex.org/W4310641908
https://openalex.org/W4311122419
https://openalex.org/W4311720311
https://openalex.org/W4312682473
https://openalex.org/W4315853693
https://openalex.org/W4318671830
https://openalex.org/W4318918780
https://openalex.org/W4321021739
https://openalex.org/W4361018081
https://openalex.org/W4361745120
https://openalex.org/W4362566655
https://openalex.org/W4362667800
https://openalex.org/W4366769727
https://openalex.org/W4367600956
https://openalex.org/W4368357973
https://openalex.org/W4376108483
https://openalex.org/W4379094575
https://openalex.org/W4379743014
https://openalex.org/W4380089276
https://openalex.org/W4380224912
https://openalex.org/W4381250975
https://openalex.org/W592126768
https://openalex.org/W652232807
https://openalex.org/W72000719
https://openalex.org/W85128831
https://openalex.org/W864238830
https://openalex.org/W1005109056
https://openalex.org/W1009759088
https://openalex.org/W1012716651
https://openalex.org/W1027872184
https://openalex.org/W1027995909
https://openalex.org/W1028439724
https://openalex.org/W1041560277
https://openalex.org/W104448375
https://openalex.org/W10788348
https://openalex.org/W108525480
https://openalex.org/W108619041
https://openalex.org/W1140664034
https://openalex.org/W1147359013
https://openalex.org/W1153028048
https://openalex.org/W1182948573
https://openalex.org/W1183484711
https://openalex.org/W1209837145
https://openalex.org/W127023837
https://openalex.org/W141973685
https://openalex.org/W1488676306
https://openalex.org/W1489957556
https://openalex.org/W1495680147
https://openalex.org/W1501945637
https://openalex.org/W1507259195
https://openalex.org/W1510866946
https://openalex.org/W1511397855
https://openalex.org/W151893177
https://openalex.org/W1522777486
https://openalex.org/W1533174593
https://openalex.org/W1544256041
https://openalex.org/W1574351182
https://openalex.org/W1589042908
https://openalex.org/W1592179116
https://openalex.org/W1601539526
https://openalex.org/W1606986924
https://openalex.org/W1619583425
https://openalex.org/W1649215079
https://openalex.org/W1650504224
https://openalex.org/W1671354306
https://openalex.org/W1689140516
https://openalex.org/W171754632
https://openalex.org/W1786326123
https://openalex.org/W1787062446
https://openalex.org/W1808240578
https://openalex.org/W1820974137
https://openalex.org/W184177640
https://openalex.org/W1845807493
https://openalex.org/W1874985661
https://openalex.org/W1878702655
https://openalex.org/W1911557814
https://openalex.org/W191434579
https://openalex.org/W1915617220
https://openalex.org/W1965284665
https://openalex.org/W1966107391
https://openalex.org/W1967066724
https://openalex.org/W1972753664
https://openalex.org/W1977334627
https://openalex.org/W197774360
https://openalex.org/W1978777842
https://openalex.org/W1979516176
https://openalex.org/W1980956289
https://openalex.org/W1981292543
https://openalex.org/W1983370618
https://openalex.org/W1984740056
https://openalex.org/W1986083906
https://openalex.org/W1986157774
https://openalex.org/W1986700890
https://openalex.org/W1988056450
https://openalex.org/W1990260678
https://openalex.org/W1991222186
https://openalex.org/W1991692233
https://openalex.org/W1993035293
https://openalex.org/W1994068299
https://openalex.org/W1997988588
https://openalex.org/W1999742286
https://openalex.org/W2000358677
https://openalex.org/W2001743991
https://openalex.org/W2003102690
https://openalex.org/W2005321055
https://openalex.org/W2005881819
https://openalex.org/W2006033799
https://openalex.org/W2006729460
https://openalex.org/W2009675059
https://openalex.org/W2010128373
https://openalex.org/W2014194246
https://openalex.org/W2014797649
https://openalex.org/W2015070269
https://openalex.org/W2023823415
https://openalex.org/W2024790748
https://openalex.org/W2025830618
https://openalex.org/W2029600117
https://openalex.org/W2029817832
https://openalex.org/W2029880594
https://openalex.org/W2030156648
https://openalex.org/W2034338383
https://openalex.org/W2035671278
https://openalex.org/W2036370602
https://openalex.org/W2036391605
https://openalex.org/W2039996267
https://openalex.org/W2041363469
https://openalex.org/W2042464550
https://openalex.org/W2043165087
https://openalex.org/W2045105575
https://openalex.org/W2049228297
https://openalex.org/W2050296104
https://openalex.org/W2050393002
https://openalex.org/W2050481615
https://openalex.org/W2051787966
https://openalex.org/W2053793586
https://openalex.org/W2055179496
https://openalex.org/W205545998
https://openalex.org/W2055702285
https://openalex.org/W2058731831
https://openalex.org/W2058943501
https://openalex.org/W2062107511
https://openalex.org/W2063897722
https://openalex.org/W2069038676
https://openalex.org/W2071897413
https://openalex.org/W2071961288
https://openalex.org/W2073725342
https://openalex.org/W207384495
https://openalex.org/W2074839660
https://openalex.org/W2078750879
https://openalex.org/W2078954051
https://openalex.org/W2079189119
https://openalex.org/W2080758790
https://openalex.org/W2083116694
https://openalex.org/W2084292904
https://openalex.org/W2085158564
https://openalex.org/W2086013108
https://openalex.org/W2087150525
https://openalex.org/W2087838311
https://openalex.org/W2088364097
https://openalex.org/W2092375483
https://openalex.org/W2092402210
https://openalex.org/W2092542422
https://openalex.org/W2093808238
https://openalex.org/W2093952915
https://openalex.org/W2094893435
https://openalex.org/W2098783284
https://openalex.org/W2101657551
https://openalex.org/W2102651668
https://openalex.org/W2104825877
https://openalex.org/W2106091632
https://openalex.org/W2108640282
https://openalex.org/W2109774231
https://openalex.org/W2113030721
https://openalex.org/W2113956906
https://openalex.org/W2117466185
https://openalex.org/W2117713451
https://openalex.org/W2121969163
https://openalex.org/W2127009763
https://openalex.org/W2128388946
https://openalex.org/W2128599239
https://openalex.org/W2129126328
https://openalex.org/W2133177465
https://openalex.org/W2136390551
https://openalex.org/W2139137637
https://openalex.org/W213916755
https://openalex.org/W2141412886
https://openalex.org/W2146877689
https://openalex.org/W2148706285
https://openalex.org/W2150379152
https://openalex.org/W215395677
https://openalex.org/W2156754372
https://openalex.org/W2159413183
https://openalex.org/W2176364262
https://openalex.org/W2181306042
https://openalex.org/W2183448002
https://openalex.org/W2184127232
https://openalex.org/W2185758965
https://openalex.org/W2185977770
https://openalex.org/W2186594167
https://openalex.org/W2187748840
https://openalex.org/W2189234417
https://openalex.org/W2189271881
https://openalex.org/W2189662152
https://openalex.org/W2189933710
https://openalex.org/W2193640460
https://openalex.org/W2201451488
https://openalex.org/W2210670407
https://openalex.org/W2214032872
https://openalex.org/W2215955728
https://openalex.org/W2219630154
https://openalex.org/W2229690407
https://openalex.org/W2233091395
https://openalex.org/W2240487302
https://openalex.org/W2247869500
https://openalex.org/W2248366375
https://openalex.org/W2248708290
https://openalex.org/W2248950067
https://openalex.org/W2249669157
https://openalex.org/W2249887042
https://openalex.org/W2252689903
https://openalex.org/W2256685673
https://openalex.org/W2256730501
https://openalex.org/W2257926968
https://openalex.org/W2260726858
https://openalex.org/W2261667720
https://openalex.org/W2269357283
https://openalex.org/W2270412083
https://openalex.org/W2275105257
https://openalex.org/W2277060185
https://openalex.org/W2279477202
https://openalex.org/W2280142739
https://openalex.org/W2280596214
https://openalex.org/W2280851561
https://openalex.org/W2281139587
https://openalex.org/W2281333058
https://openalex.org/W2285204757
https://openalex.org/W2285533991
https://openalex.org/W2289802409
https://openalex.org/W2291056387
https://openalex.org/W2291676029
https://openalex.org/W2294203574
https://openalex.org/W2295177590
https://openalex.org/W2302935789
https://openalex.org/W2304466570
https://openalex.org/W2304502519
https://openalex.org/W2310500669
https://openalex.org/W2312478483
https://openalex.org/W2312772069
https://openalex.org/W2314764091
https://openalex.org/W2314852660
https://openalex.org/W2315197306
https://openalex.org/W2315616987
https://openalex.org/W2316831885
https://openalex.org/W2317170068
https://openalex.org/W2318171442
https://openalex.org/W2318327011
https://openalex.org/W2318431018
https://openalex.org/W2319291727
https://openalex.org/W2320036838
https://openalex.org/W2320516820
https://openalex.org/W2320631035
https://openalex.org/W2321009292
https://openalex.org/W2321135948
https://openalex.org/W2321979074
https://openalex.org/W2322515821
https://openalex.org/W2323001687
https://openalex.org/W2323427512
https://openalex.org/W2323736167
https://openalex.org/W2324022145
https://openalex.org/W2324382337
https://openalex.org/W2324405772
https://openalex.org/W2324433133
https://openalex.org/W2324720375
https://openalex.org/W2326017040
https://openalex.org/W2326069450
https://openalex.org/W2327058540
https://openalex.org/W2328941133
https://openalex.org/W2330783161
https://openalex.org/W2332787192
https://openalex.org/W2334049736
https://openalex.org/W2334512373
https://openalex.org/W2334585686
https://openalex.org/W2334958930
https://openalex.org/W2336424049
https://openalex.org/W2336848937
https://openalex.org/W2341167197
https://openalex.org/W2343395813
https://openalex.org/W2344112588
https://openalex.org/W2344670165
https://openalex.org/W2345685460
https://openalex.org/W2346273843
https://openalex.org/W2346283502
https://openalex.org/W2346315793
https://openalex.org/W2346967404
https://openalex.org/W2346988277
https://openalex.org/W2347144855
https://openalex.org/W2347167177
https://openalex.org/W2361965486
https://openalex.org/W2371714721
https://openalex.org/W2383800697
https://openalex.org/W2390128681
https://openalex.org/W2391445907
https://openalex.org/W2396290639
https://openalex.org/W2397527083
https://openalex.org/W2397801694
https://openalex.org/W2398109662
https://openalex.org/W2399496582
https://openalex.org/W2402706318
https://openalex.org/W2403638653
https://openalex.org/W2405982361
https://openalex.org/W2407288147
https://openalex.org/W2407324232
https://openalex.org/W2408929723
https://openalex.org/W2409664070
https://openalex.org/W2409696914
https://openalex.org/W2409971718
https://openalex.org/W2412193217
https://openalex.org/W2412382055
https://openalex.org/W2412501272
https://openalex.org/W2413592269
https://openalex.org/W2414835798
https://openalex.org/W2415776720
https://openalex.org/W2416487313
https://openalex.org/W2417250657
https://openalex.org/W2417305576
https://openalex.org/W2417394764
https://openalex.org/W2417427096
https://openalex.org/W2418103760
https://openalex.org/W2419572768
https://openalex.org/W2419598584
https://openalex.org/W2432629428
https://openalex.org/W2433644419
https://openalex.org/W2439056423
https://openalex.org/W2440315829
https://openalex.org/W2441186714
https://openalex.org/W2442182854
https://openalex.org/W2460096275
https://openalex.org/W2460775204
https://openalex.org/W2461743761
https://openalex.org/W2464174868
https://openalex.org/W2464407917
https://openalex.org/W2465518484
https://openalex.org/W2466315332
https://openalex.org/W2466470760
https://openalex.org/W2466802062
https://openalex.org/W2467801875
https://openalex.org/W2469121180
https://openalex.org/W2469367559
https://openalex.org/W2470801741
https://openalex.org/W2471791032
https://openalex.org/W2472855763
https://openalex.org/W2474397384
https://openalex.org/W2474990146
https://openalex.org/W2477854141
https://openalex.org/W2479156311
https://openalex.org/W2485233173
https://openalex.org/W2485899071
https://openalex.org/W2486134405
https://openalex.org/W2489626335
https://openalex.org/W2490030618
https://openalex.org/W2492051487
https://openalex.org/W2493421029
https://openalex.org/W2493457972
https://openalex.org/W2493593337
https://openalex.org/W2493660292
https://openalex.org/W2493904765
https://openalex.org/W2494097839
https://openalex.org/W2496140260
https://openalex.org/W2496528183
https://openalex.org/W2497215865
https://openalex.org/W2498796042
https://openalex.org/W2500563362
https://openalex.org/W2505896059
https://openalex.org/W2505906619
https://openalex.org/W2506721415
https://openalex.org/W2509880142
https://openalex.org/W2510770379
https://openalex.org/W2511361653
https://openalex.org/W2513721565
https://openalex.org/W2517303848
https://openalex.org/W2519456329
https://openalex.org/W2520595062
https://openalex.org/W2538935747
https://openalex.org/W2549103280
https://openalex.org/W2551336628
https://openalex.org/W2552371494
https://openalex.org/W2553939072
https://openalex.org/W2554357114
https://openalex.org/W2554611005
https://openalex.org/W2554703288
https://openalex.org/W2555254150
https://openalex.org/W2560185204
https://openalex.org/W2561334269
https://openalex.org/W2561704003
https://openalex.org/W2562484326
https://openalex.org/W2563546291
https://openalex.org/W2564419807
https://openalex.org/W2565851800
https://openalex.org/W2570534691
https://openalex.org/W2571106
https://openalex.org/W2573194846
https://openalex.org/W2580372720
https://openalex.org/W2581304290
https://openalex.org/W2582007843
https://openalex.org/W2583119812
https://openalex.org/W2584196259
https://openalex.org/W2586558156
https://openalex.org/W2586612857
https://openalex.org/W2587189732
https://openalex.org/W2587981028
https://openalex.org/W2588022635
https://openalex.org/W2588864986
https://openalex.org/W2589255854
https://openalex.org/W2590093866
https://openalex.org/W2590208388
https://openalex.org/W2594334165
https://openalex.org/W2599242728
https://openalex.org/W2601121590
https://openalex.org/W2601697844
https://openalex.org/W2602800164
https://openalex.org/W2604280330
https://openalex.org/W2604610629
https://openalex.org/W2604862761
https://openalex.org/W2606458677
https://openalex.org/W2610299099
https://openalex.org/W2610957710
https://openalex.org/W2611031961
https://openalex.org/W2612472241
https://openalex.org/W2612527154
https://openalex.org/W2612570743
https://openalex.org/W2614473988
https://openalex.org/W2615074258
https://openalex.org/W2616181390
https://openalex.org/W2616679854
https://openalex.org/W2617973573
https://openalex.org/W2618042451
https://openalex.org/W2619116410
https://openalex.org/W2621808555
https://openalex.org/W2624397561
https://openalex.org/W2624819735
https://openalex.org/W2676336517
https://openalex.org/W2691265734
https://openalex.org/W2699436015
https://openalex.org/W2728434598
https://openalex.org/W2728493759
https://openalex.org/W2735034387
https://openalex.org/W2737107393
https://openalex.org/W2737874972
https://openalex.org/W2738235213
https://openalex.org/W2738941365
https://openalex.org/W2739024843
https://openalex.org/W2739210548
https://openalex.org/W2739429302
https://openalex.org/W2740057830
https://openalex.org/W2742645744
https://openalex.org/W2744217520
https://openalex.org/W2745019299
https://openalex.org/W2745248374
https://openalex.org/W2745633845
https://openalex.org/W2745698938
https://openalex.org/W2745747880
https://openalex.org/W2748204234
https://openalex.org/W2748920122
https://openalex.org/W2749300808
https://openalex.org/W2749443093
https://openalex.org/W2750581839
https://openalex.org/W2750748777
https://openalex.org/W2751841713
https://openalex.org/W2752079652
https://openalex.org/W2752932619
https://openalex.org/W2753130757
https://openalex.org/W2753738622
https://openalex.org/W2754005563
https://openalex.org/W2754036674
https://openalex.org/W2754088524
https://openalex.org/W2754548914
https://openalex.org/W2755983291
https://openalex.org/W2759892694
https://openalex.org/W2761505585
https://openalex.org/W2762734741
https://openalex.org/W2765328577
https://openalex.org/W2766167800
https://openalex.org/W2767230510
https://openalex.org/W2767266791
https://openalex.org/W2768460574
https://openalex.org/W276863852
https://openalex.org/W2769908589
https://openalex.org/W2771219026
https://openalex.org/W2775411952
https://openalex.org/W2785595229
https://openalex.org/W2786583335
https://openalex.org/W2787275775
https://openalex.org/W2787308867
https://openalex.org/W2788231052
https://openalex.org/W2789288265
https://openalex.org/W2789372410
https://openalex.org/W2789651895
https://openalex.org/W2790983575
https://openalex.org/W2791964387
https://openalex.org/W2792278030
https://openalex.org/W2792465961
https://openalex.org/W2792946857
https://openalex.org/W2794045418
https://openalex.org/W2794588020
https://openalex.org/W2795052570
https://openalex.org/W2795643783
https://openalex.org/W2795865731
https://openalex.org/W2795951582
https://openalex.org/W2795956439
https://openalex.org/W2796148824
https://openalex.org/W2796329676
https://openalex.org/W2796874951
https://openalex.org/W2797478
https://openalex.org/W2797709072
https://openalex.org/W2799475569
https://openalex.org/W2799754091
https://openalex.org/W2800150971
https://openalex.org/W2800863627
https://openalex.org/W2800932962
https://openalex.org/W2800957826
https://openalex.org/W2801246162
https://openalex.org/W2801643056
https://openalex.org/W2801676662
https://openalex.org/W2803115645
https://openalex.org/W2806091712
https://openalex.org/W2806250513
https://openalex.org/W2806958565
https://openalex.org/W2807081965
https://openalex.org/W2807697078
https://openalex.org/W2808348582
https://openalex.org/W2808726800
https://openalex.org/W2809141533
https://openalex.org/W2810897840
https://openalex.org/W2884446079
https://openalex.org/W2885032865
https://openalex.org/W2885099534
https://openalex.org/W2885237671
https://openalex.org/W2886762507
https://openalex.org/W2887823525
https://openalex.org/W2889781914
https://openalex.org/W2889998538
https://openalex.org/W2890267925
https://openalex.org/W2891170899
https://openalex.org/W2893250441
https://openalex.org/W2893519395
https://openalex.org/W2893526690
https://openalex.org/W2896405878
https://openalex.org/W2897692968
https://openalex.org/W2897873025
https://openalex.org/W2898207382
https://openalex.org/W2898435097
https://openalex.org/W2898724735
https://openalex.org/W2900058982
https://openalex.org/W2900214530
https://openalex.org/W2901370098
https://openalex.org/W2902075806
https://openalex.org/W2902433611
https://openalex.org/W2902476466
https://openalex.org/W2902632725
https://openalex.org/W2902731036
https://openalex.org/W2902958028
https://openalex.org/W2903019335
https://openalex.org/W2903045463
https://openalex.org/W2904475723
https://openalex.org/W2904853946
https://openalex.org/W2905504588
https://openalex.org/W2909630692
https://openalex.org/W2909686996
https://openalex.org/W2910294217
https://openalex.org/W2910662160
https://openalex.org/W2911269135
https://openalex.org/W2911560483
https://openalex.org/W2912531335
https://openalex.org/W2913040508
https://openalex.org/W2913310904
https://openalex.org/W2913605820
https://openalex.org/W2913780243
https://openalex.org/W2914522294
https://openalex.org/W2914611535
https://openalex.org/W2915247473
https://openalex.org/W2915365408
https://openalex.org/W2915916037
https://openalex.org/W2916050013
https://openalex.org/W2916488803
https://openalex.org/W2920621176
https://openalex.org/W2921098313
https://openalex.org/W2924955370
https://openalex.org/W2929824671
https://openalex.org/W2933159077
https://openalex.org/W2939759760
https://openalex.org/W2943104250
https://openalex.org/W2943654119
https://openalex.org/W2945031871
https://openalex.org/W2945327027
https://openalex.org/W2945335909
https://openalex.org/W2945449263
https://openalex.org/W2946137070
https://openalex.org/W2946663434
https://openalex.org/W2947865658
https://openalex.org/W2948283342
https://openalex.org/W2949297778
https://openalex.org/W2949630665
https://openalex.org/W2950616161
https://openalex.org/W2950867964
https://openalex.org/W2951179136
https://openalex.org/W2952447063
https://openalex.org/W2952679517
https://openalex.org/W295562042
https://openalex.org/W2956961340
https://openalex.org/W296422246
https://openalex.org/W2964757007
https://openalex.org/W2965248270
https://openalex.org/W2965511549
https://openalex.org/W2965538219
https://openalex.org/W2966400199
https://openalex.org/W2966905486
https://openalex.org/W2967522995
https://openalex.org/W2968094581
https://openalex.org/W2969128989
https://openalex.org/W2969256553
https://openalex.org/W2969983132
https://openalex.org/W2970077558
https://openalex.org/W2970196344
https://openalex.org/W2972325157
https://openalex.org/W2972467419
https://openalex.org/W2972971649
https://openalex.org/W2974790291
https://openalex.org/W2975474588
https://openalex.org/W2976315690
https://openalex.org/W2976379358
https://openalex.org/W2976789893
https://openalex.org/W2976823378
https://openalex.org/W2976951830
https://openalex.org/W2978164942
https://openalex.org/W2979362582
https://openalex.org/W2979680497
https://openalex.org/W2979825965
https://openalex.org/W2980155460
https://openalex.org/W2981223190
https://openalex.org/W2981650977
https://openalex.org/W2981681866
https://openalex.org/W2981801248
https://openalex.org/W2981859551
https://openalex.org/W2982144243
https://openalex.org/W2982755515
https://openalex.org/W2982778539
https://openalex.org/W2985405882
https://openalex.org/W2985574511
https://openalex.org/W2985665492
https://openalex.org/W2991580342
https://openalex.org/W2991922814
https://openalex.org/W2992821698
https://openalex.org/W2993504343
https://openalex.org/W2993526803
https://openalex.org/W2993644460
https://openalex.org/W2994205530
https://openalex.org/W2994621972
https://openalex.org/W2997333893
https://openalex.org/W3000344538
https://openalex.org/W3000498027
https://openalex.org/W3000500017
https://openalex.org/W3000717902
https://openalex.org/W3002155879
https://openalex.org/W3002672094
https://openalex.org/W3003193873
https://openalex.org/W3003775840
https://openalex.org/W3004266379
https://openalex.org/W3004965328
https://openalex.org/W3005474407
https://openalex.org/W3005631728
https://openalex.org/W3006020208
https://openalex.org/W3006695157
https://openalex.org/W3008249816
https://openalex.org/W3008504871
https://openalex.org/W3008841960
https://openalex.org/W3010968228
https://openalex.org/W3013515586
https://openalex.org/W3014304606
https://openalex.org/W3014914414
https://openalex.org/W3017563812
https://openalex.org/W3018316091
https://openalex.org/W3022267833
https://openalex.org/W3022403156
https://openalex.org/W3022824898
https://openalex.org/W3024026463
https://openalex.org/W3024732151
https://openalex.org/W3024929310
https://openalex.org/W3025003888
https://openalex.org/W3025781764
https://openalex.org/W3027125581
https://openalex.org/W3027943207
https://openalex.org/W3032292468
https://openalex.org/W3036335652
https://openalex.org/W3036458280
https://openalex.org/W3036756750
https://openalex.org/W3036931960
https://openalex.org/W3037142900
https://openalex.org/W3038590952
https://openalex.org/W3038624107
https://openalex.org/W3038962535
https://openalex.org/W3040380967
https://openalex.org/W3040514256
https://openalex.org/W3041965205
https://openalex.org/W3041986812
https://openalex.org/W3044422685
https://openalex.org/W3044867881
https://openalex.org/W3045177513
https://openalex.org/W3047314793
https://openalex.org/W3048340374
https://openalex.org/W3081922724
https://openalex.org/W3082405057
https://openalex.org/W3091988314
https://openalex.org/W3093752190
https://openalex.org/W3093980601
https://openalex.org/W3095650240
https://openalex.org/W3097165391
https://openalex.org/W3099761377
https://openalex.org/W3107086454
https://openalex.org/W3108148193
https://openalex.org/W3110599529
https://openalex.org/W3111252701
https://openalex.org/W3111549575
https://openalex.org/W3111679289
https://openalex.org/W3116449432
https://openalex.org/W3116818532
https://openalex.org/W3116828587
https://openalex.org/W3116952004
https://openalex.org/W3119350565
https://openalex.org/W3119512109
https://openalex.org/W3119683252
https://openalex.org/W3121266910
https://openalex.org/W3121508890
https://openalex.org/W3121983766
https://openalex.org/W3122393733
https://openalex.org/W3124509975
https://openalex.org/W3126050811
https://openalex.org/W3128015372
https://openalex.org/W3128289372
https://openalex.org/W3128906153
https://openalex.org/W3133549610
https://openalex.org/W3134463617
https://openalex.org/W3135898365
https://openalex.org/W3136533226
https://openalex.org/W313912288
https://openalex.org/W3139364315
https://openalex.org/W3140246614
https://openalex.org/W3140541211
https://openalex.org/W3144082161
https://openalex.org/W3144222527
https://openalex.org/W3147314095
https://openalex.org/W3147843092
https://openalex.org/W3150647361
https://openalex.org/W3152134892
https://openalex.org/W3152207624
https://openalex.org/W3154815059
https://openalex.org/W3154897835
https://openalex.org/W3156519101
https://openalex.org/W3158070006
https://openalex.org/W3158155551
https://openalex.org/W3158987353
https://openalex.org/W3159145187
https://openalex.org/W3160199406
https://openalex.org/W3161115556
https://openalex.org/W3161203621
https://openalex.org/W3161418946
https://openalex.org/W3161445705
https://openalex.org/W3162135536
https://openalex.org/W3162556263
https://openalex.org/W3163338040
https://openalex.org/W3163794057
https://openalex.org/W3163814007
https://openalex.org/W3164712488
https://openalex.org/W3164738423
https://openalex.org/W3164796020
https://openalex.org/W3165040504
https://openalex.org/W3165346039
https://openalex.org/W3165640015
https://openalex.org/W3169388726
https://openalex.org/W3170026912
https://openalex.org/W3172495954
https://openalex.org/W3172697845
https://openalex.org/W3174567361
https://openalex.org/W3175491315
https://openalex.org/W3176943131
https://openalex.org/W3177290150
https://openalex.org/W3184965222
https://openalex.org/W3185801201
https://openalex.org/W3187078386
https://openalex.org/W3191532088
https://openalex.org/W3192400102
https://openalex.org/W3194362277
https://openalex.org/W3194716943
https://openalex.org/W3194998039
https://openalex.org/W3195419242
https://openalex.org/W3195490944
https://openalex.org/W3196384903
https://openalex.org/W3196871330
https://openalex.org/W3197876252
https://openalex.org/W3198245637
https://openalex.org/W3198676160
https://openalex.org/W3199122764
https://openalex.org/W3199318361
https://openalex.org/W3199590799
https://openalex.org/W3200280207
https://openalex.org/W3200450660
https://openalex.org/W3202407957
https://openalex.org/W3203128574
https://openalex.org/W3204034111
https://openalex.org/W3204374402
https://openalex.org/W3204852678
https://openalex.org/W3204857405
https://openalex.org/W3206787047
https://openalex.org/W3206918471
https://openalex.org/W3207691209
https://openalex.org/W3208610443
https://openalex.org/W3208712803
https://openalex.org/W3208997091
https://openalex.org/W3209381107
https://openalex.org/W3209657879
https://openalex.org/W3209761086
https://openalex.org/W3209816137
https://openalex.org/W3209825082
https://openalex.org/W3209967216
https://openalex.org/W3210772072
https://openalex.org/W3212524390
https://openalex.org/W3214877068
https://openalex.org/W3214949520
https://openalex.org/W3215549759
https://openalex.org/W3215887543
https://openalex.org/W3216342044
https://openalex.org/W340347783
https://openalex.org/W350514906
https://openalex.org/W352700206
https://openalex.org/W363023430
https://openalex.org/W391500750
https://openalex.org/W408396011
https://openalex.org/W4200022594
https://openalex.org/W4200056048
https://openalex.org/W4200104683
https://openalex.org/W4200562121
https://openalex.org/W4205208347
https://openalex.org/W4205425013
https://openalex.org/W4205531480
https://openalex.org/W4205712061
https://openalex.org/W4205885626
https://openalex.org/W4206068497
https://openalex.org/W4206517381
https://openalex.org/W4206596961
https://openalex.org/W4210387201
https://openalex.org/W4210515072
https://openalex.org/W4210634953
https://openalex.org/W4210658033
https://openalex.org/W4210874497
https://openalex.org/W4210932779
https://openalex.org/W4211195003
https://openalex.org/W4211235953
https://openalex.org/W4213062980
https://openalex.org/W4214522548
https://openalex.org/W4214544024
https://openalex.org/W4214935919
https://openalex.org/W4220675092
https://openalex.org/W4220676343
https://openalex.org/W4220812679
https://openalex.org/W4220895104
https://openalex.org/W4220915491
https://openalex.org/W4221034658
https://openalex.org/W4221111568
https://openalex.org/W4223434191
https://openalex.org/W4224144533
https://openalex.org/W4224312514
https://openalex.org/W4224923675
https://openalex.org/W4225764394
https://openalex.org/W4226288688
https://openalex.org/W4229017142
https://openalex.org/W4229671774
https://openalex.org/W4229749278
https://openalex.org/W4229834194
https://openalex.org/W4230051461
https://openalex.org/W4230125264
https://openalex.org/W4230931987
https://openalex.org/W4231017306
https://openalex.org/W4231066065
https://openalex.org/W4231278920
https://openalex.org/W4231395138
https://openalex.org/W4231497567
https://openalex.org/W4231603196
https://openalex.org/W4231855431
https://openalex.org/W4231861350
https://openalex.org/W4232341859
https://openalex.org/W4232530907
https://openalex.org/W4232574320
https://openalex.org/W4232586252
https://openalex.org/W4233566122
https://openalex.org/W4233694808
https://openalex.org/W4233718779
https://openalex.org/W4233790705
https://openalex.org/W4234057001
https://openalex.org/W4234064356
https://openalex.org/W4234223578
https://openalex.org/W4234322897
https://openalex.org/W4234766407
https://openalex.org/W4235344372
https://openalex.org/W4236151976
https://openalex.org/W4236203416
https://openalex.org/W4236417338
https://openalex.org/W4236774876
https://openalex.org/W4237162127
https://openalex.org/W4237218143
https://openalex.org/W4237305306
https://openalex.org/W4237519842
https://openalex.org/W4238023213
https://openalex.org/W4238545708
https://openalex.org/W4238623522
https://openalex.org/W4238705127
https://openalex.org/W4239048938
https://openalex.org/W4239356092
https://openalex.org/W4239582512
https://openalex.org/W4239908721
https://openalex.org/W4240019987
https://openalex.org/W4240354495
https://openalex.org/W4240639193
https://openalex.org/W4241379306
https://openalex.org/W4241683034
https://openalex.org/W4241901505
https://openalex.org/W4242054576
https://openalex.org/W4242751046
https://openalex.org/W4242778640
https://openalex.org/W4243279303
https://openalex.org/W4243399183
https://openalex.org/W4243615216
https://openalex.org/W4243845159
https://openalex.org/W4244026071
https://openalex.org/W4244172741
https://openalex.org/W4244370604
https://openalex.org/W4244585743
https://openalex.org/W4244985351
https://openalex.org/W4245247459
https://openalex.org/W4245360827
https://openalex.org/W4245375483
https://openalex.org/W4245401419
https://openalex.org/W4245993747
https://openalex.org/W4246550831
https://openalex.org/W4246861792
https://openalex.org/W4247886510
https://openalex.org/W4247893721
https://openalex.org/W4248344014
https://openalex.org/W4248477244
https://openalex.org/W4249247211
https://openalex.org/W4249325171
https://openalex.org/W4249704068
https://openalex.org/W4249909866
https://openalex.org/W4250213420
https://openalex.org/W4250239000
https://openalex.org/W4250245365
https://openalex.org/W4250249472
https://openalex.org/W4250637193
https://openalex.org/W4250669117
https://openalex.org/W4251313063
https://openalex.org/W4251375407
https://openalex.org/W4251481552
https://openalex.org/W4251614175
https://openalex.org/W4252235982
https://openalex.org/W4252245606
https://openalex.org/W4252257466
https://openalex.org/W4252458112
https://openalex.org/W4252596628
https://openalex.org/W4252691467
https://openalex.org/W4252693103
https://openalex.org/W4252791258
https://openalex.org/W4253074851
https://openalex.org/W4253208314
https://openalex.org/W4253604486
https://openalex.org/W4253967518
https://openalex.org/W4254147030
https://openalex.org/W4254260750
https://openalex.org/W4254516480
https://openalex.org/W4254557269
https://openalex.org/W4254760103
https://openalex.org/W4255165865
https://openalex.org/W4255195211
https://openalex.org/W4255893132
https://openalex.org/W4255957063
https://openalex.org/W4256185603
https://openalex.org/W4280531685
https://openalex.org/W4280651295
https://openalex.org/W4282589719
https://openalex.org/W4282915947
https://openalex.org/W4283526686
https://openalex.org/W4283701463
https://openalex.org/W4284893201
https://openalex.org/W4285084922
https://openalex.org/W4285186642
https://openalex.org/W4285241003
https://openalex.org/W4286971433
https://openalex.org/W4287459287
https://openalex.org/W4288052199
https://openalex.org/W4288426891
https://openalex.org/W4288700167
https://openalex.org/W4289256096
https://openalex.org/W4289525583
https://openalex.org/W4292701330
https://openalex.org/W4292718513
https://openalex.org/W4293175230
https://openalex.org/W4293198755
https://openalex.org/W4293537953
https://openalex.org/W4294343474
https://openalex.org/W4294343503
https://openalex.org/W4294343524
https://openalex.org/W4294343525
https://openalex.org/W4294343528
https://openalex.org/W4294343529
https://openalex.org/W4294343530
https://openalex.org/W4294343534
https://openalex.org/W4295077783
https://openalex.org/W4297880988
https://openalex.org/W4297948819
https://openalex.org/W4298300437
https://openalex.org/W42986135
https://openalex.org/W4299505822
https://openalex.org/W4299605029
https://openalex.org/W4300194718
https://openalex.org/W4300356478
https://openalex.org/W4300506513
https://openalex.org/W4300619993
https://openalex.org/W4300673289
https://openalex.org/W4300883468
https://openalex.org/W4301914437
https://openalex.org/W4302045320
https://openalex.org/W4302362757
https://openalex.org/W4302575903
https://openalex.org/W4303424050
https://openalex.org/W430471495
https://openalex.org/W4307143292
https://openalex.org/W4307348291
https://openalex.org/W4307430873
https://openalex.org/W4308027446
https://openalex.org/W4308320617
https://openalex.org/W4309528810
https://openalex.org/W4309955075
https://openalex.org/W4310108974
https://openalex.org/W4310109038
https://openalex.org/W4310117882
https://openalex.org/W4310331488
https://openalex.org/W4310869489
https://openalex.org/W4311138596
https://openalex.org/W4311344820
https://openalex.org/W4311487377
https://openalex.org/W4311614187
https://openalex.org/W4311648017
https://openalex.org/W4311747991
https://openalex.org/W4311796245
https://openalex.org/W4311916389
https://openalex.org/W4312087903
https://openalex.org/W4312117077
https://openalex.org/W4312140486
https://openalex.org/W4312323224
https://openalex.org/W4312344517
https://openalex.org/W4312449138
https://openalex.org/W4312828077
https://openalex.org/W4313175162
https://openalex.org/W4313356773
https://openalex.org/W4313358912
https://openalex.org/W4313359259
https://openalex.org/W4313386000
https://openalex.org/W4313429211
https://openalex.org/W4313531674
https://openalex.org/W4315754647
https://openalex.org/W4316096834
https://openalex.org/W4316671886
https://openalex.org/W4317537931
https://openalex.org/W4317567535
https://openalex.org/W4317598148
https://openalex.org/W4318309369
https://openalex.org/W4319443665
https://openalex.org/W4319940555
https://openalex.org/W4320004741
https://openalex.org/W4320483678
https://openalex.org/W4320485804
https://openalex.org/W4321000949
https://openalex.org/W4321087943
https://openalex.org/W4321787278
https://openalex.org/W4322486889
https://openalex.org/W4322501489
https://openalex.org/W4322504233
https://openalex.org/W4322580930
https://openalex.org/W4323045755
https://openalex.org/W4323307098
https://openalex.org/W4323565959
https://openalex.org/W4324020377
https://openalex.org/W4324027261
https://openalex.org/W4327787684
https://openalex.org/W4327814568
https://openalex.org/W4360980450
https://openalex.org/W4361816193
https://openalex.org/W4361816411
https://openalex.org/W4361816495
https://openalex.org/W4361820473
https://openalex.org/W4361820538
https://openalex.org/W4361820554
https://openalex.org/W4361820897
https://openalex.org/W4361822091
https://openalex.org/W4361873501
https://openalex.org/W4361874633
https://openalex.org/W4361874639
https://openalex.org/W4361874710
https://openalex.org/W4361879252
https://openalex.org/W4361879275
https://openalex.org/W4361879607
https://openalex.org/W4361896591
https://openalex.org/W4361897175
https://openalex.org/W4361897994
https://openalex.org/W4361919792
https://openalex.org/W4361948065
https://openalex.org/W4361948337
https://openalex.org/W4361952529
https://openalex.org/W4361968992
https://openalex.org/W4361969034
https://openalex.org/W4361973858
https://openalex.org/W4362400019
https://openalex.org/W4362424954
https://openalex.org/W4362425088
https://openalex.org/W4362431478
https://openalex.org/W4362532748
https://openalex.org/W4362545992
https://openalex.org/W4362602673
https://openalex.org/W4362628971
https://openalex.org/W4366526517
https://openalex.org/W4367367611
https://openalex.org/W4367602396
https://openalex.org/W4367603163
https://openalex.org/W4367603170
https://openalex.org/W4367624555
https://openalex.org/W4367626300
https://openalex.org/W4367626864
https://openalex.org/W4376871534
https://openalex.org/W4377103380
https://openalex.org/W4377141813
https://openalex.org/W4377290585
https://openalex.org/W4378446000
https://openalex.org/W4378446020
https://openalex.org/W4378446023
https://openalex.org/W4378745970
https://openalex.org/W4378906157
https://openalex.org/W4379281231
https://openalex.org/W4379377807
https://openalex.org/W4379535888
https://openalex.org/W4379798195
https://openalex.org/W4379876444
https://openalex.org/W4379980943
https://openalex.org/W4380445827
https://openalex.org/W4380881556
https://openalex.org/W4380904236
https://openalex.org/W4381233148
https://openalex.org/W4381550935
https://openalex.org/W4381740184
https://openalex.org/W4382133026
https://openalex.org/W4382371441
https://openalex.org/W4382398043
https://openalex.org/W4382934454
https://openalex.org/W4383421011
https://openalex.org/W4383426483
https://openalex.org/W4383499939
https://openalex.org/W4383743187
https://openalex.org/W4383822170
https://openalex.org/W4383911603
https://openalex.org/W4384025675
https://openalex.org/W4384636841
https://openalex.org/W4384933166
https://openalex.org/W4385294500
https://openalex.org/W4385305089
https://openalex.org/W4385340903
https://openalex.org/W4385399721
https://openalex.org/W4385447408
https://openalex.org/W4385481240
https://openalex.org/W4385482894
https://openalex.org/W4385489090
https://openalex.org/W4385494839
https://openalex.org/W4385507653
https://openalex.org/W4385544945
https://openalex.org/W4385545941
https://openalex.org/W4385624039
https://openalex.org/W4385655469
https://openalex.org/W4385686425
https://openalex.org/W4385686463
https://openalex.org/W4385732138
https://openalex.org/W4385753261
https://openalex.org/W4385754191
https://openalex.org/W4385769476
https://openalex.org/W4385856073
https://openalex.org/W4385881073
https://openalex.org/W4386051149
https://openalex.org/W4386134178
https://openalex.org/W4386158797
https://openalex.org/W4386252550
https://openalex.org/W4386307812
https://openalex.org/W4386444527
https://openalex.org/W4386486673
https://openalex.org/W4386575524
https://openalex.org/W4386588860
https://openalex.org/W4386640166
https://openalex.org/W4386656704
https://openalex.org/W4386699987
https://openalex.org/W4386710730
https://openalex.org/W4386813613
https://openalex.org/W4386827682
https://openalex.org/W4386886779
https://openalex.org/W4386963381
https://openalex.org/W4387010315
https://openalex.org/W4387011048
https://openalex.org/W4914489
https://openalex.org/W565344911
https://openalex.org/W590650117
https://openalex.org/W59415835
https://openalex.org/W597102832
https://openalex.org/W60260435
https://openalex.org/W608922476
https://openalex.org/W613275989
https://openalex.org/W626260134
https://openalex.org/W637985438
https://openalex.org/W638669179
https://openalex.org/W647905911
https://openalex.org/W650662808
https://openalex.org/W68418932
https://openalex.org/W72910715
https://openalex.org/W750039020
https://openalex.org/W762871195
https://openalex.org/W773523195
https://openalex.org/W783813117
https://openalex.org/W79176884
https://openalex.org/W807557718
https://openalex.org/W816509148
https://openalex.org/W816774732
https://openalex.org/W821868795
https://openalex.org/W834160335
https://openalex.org/W840767503
https://openalex.org/W859752262
https://openalex.org/W861230206
https://openalex.org/W876507791
https://openalex.org/W899716172
https://openalex.org/W927342756
https://openalex.org/W935135217
https://openalex.org/W93880428
https://openalex.org/W943011631
https://openalex.org/W972338105
https://openalex.org/W972713075
https://openalex.org/W973539144
https://openalex.org/W979768884
https://openalex.org/W994050544
