.
https://openalex.org/W2962785568
https://openalex.org/W1576728172
https://openalex.org/W2144907661
https://openalex.org/W2157803415
https://openalex.org/W123584386
https://openalex.org/W2097007474
https://openalex.org/W2160684941
https://openalex.org/W2102122862
https://openalex.org/W2740710461
https://openalex.org/W2545650606
https://openalex.org/W1980855715
https://openalex.org/W1580315781
https://openalex.org/W2017388217
https://openalex.org/W2119449033
https://openalex.org/W1977513731
https://openalex.org/W2127167047
https://openalex.org/W2583347981
https://openalex.org/W2558661413
https://openalex.org/W2094066745
https://openalex.org/W2026238187
https://openalex.org/W1996384497
https://openalex.org/W2111010616
https://openalex.org/W1991130603
https://openalex.org/W1563434039
https://openalex.org/W2096525076
https://openalex.org/W2040102674
https://openalex.org/W2084334139
https://openalex.org/W2025383518
https://openalex.org/W2080678485
https://openalex.org/W2066509635
https://openalex.org/W2110083437
https://openalex.org/W2045112588
https://openalex.org/W53365378
https://openalex.org/W1976691226
https://openalex.org/W2073862763
https://openalex.org/W4255526716
https://openalex.org/W1973703018
https://openalex.org/W2055386916
https://openalex.org/W2174721344
https://openalex.org/W2156947615
https://openalex.org/W2602561729
https://openalex.org/W1982371528
https://openalex.org/W2963330667
https://openalex.org/W2061260593
https://openalex.org/W3034577585
https://openalex.org/W3108316907
https://openalex.org/W2626892937
https://openalex.org/W2049343601
https://openalex.org/W2046885170
https://openalex.org/W2612063021
https://openalex.org/W2139855364
https://openalex.org/W2140994792
https://openalex.org/W1991891961
https://openalex.org/W2070834527
https://openalex.org/W2334394966
https://openalex.org/W2058165696
https://openalex.org/W2332590031
https://openalex.org/W2102603631
https://openalex.org/W2948919109
https://openalex.org/W2094190961
https://openalex.org/W2335251392
https://openalex.org/W1987543638
https://openalex.org/W2060293930
https://openalex.org/W2016110802
https://openalex.org/W2773645338
https://openalex.org/W2574063486
https://openalex.org/W1986575178
https://openalex.org/W2018094260
https://openalex.org/W162001538
https://openalex.org/W2062410958
https://openalex.org/W2049329813
https://openalex.org/W2562874248
https://openalex.org/W2007733929
https://openalex.org/W2055710073
https://openalex.org/W2043003528
https://openalex.org/W2162426620
https://openalex.org/W659460302
https://openalex.org/W2081580735
https://openalex.org/W2116875438
https://openalex.org/W2036629065
https://openalex.org/W2056010015
https://openalex.org/W2118143368
https://openalex.org/W2518924844
https://openalex.org/W2016954168
https://openalex.org/W1985255458
https://openalex.org/W2041078605
https://openalex.org/W2074054173
https://openalex.org/W2106555961
https://openalex.org/W2783879794
https://openalex.org/W2040383435
https://openalex.org/W2059600595
https://openalex.org/W2892890999
https://openalex.org/W2122075419
https://openalex.org/W2022887052
https://openalex.org/W1924335355
https://openalex.org/W2405628819
https://openalex.org/W1965073639
https://openalex.org/W2032374706
https://openalex.org/W2136049237
https://openalex.org/W2077589894
https://openalex.org/W2903862252
https://openalex.org/W1997386443
https://openalex.org/W2056556235
https://openalex.org/W2399425922
https://openalex.org/W2127692152
https://openalex.org/W2292578091
https://openalex.org/W1975021398
https://openalex.org/W2542587438
https://openalex.org/W2165495001
https://openalex.org/W1981175218
https://openalex.org/W2150188330
https://openalex.org/W2020052970
https://openalex.org/W1985426628
https://openalex.org/W2385020958
https://openalex.org/W1975034270
https://openalex.org/W2032141866
https://openalex.org/W2057856010
https://openalex.org/W2045721815
https://openalex.org/W2086052553
https://openalex.org/W2796303840
https://openalex.org/W2011156991
https://openalex.org/W2030243708
https://openalex.org/W1991198937
https://openalex.org/W2014586426
https://openalex.org/W4231345253
https://openalex.org/W2091920507
https://openalex.org/W2990818690
https://openalex.org/W1967548885
https://openalex.org/W1975397029
https://openalex.org/W2126876439
https://openalex.org/W3025444323
https://openalex.org/W2117634438
https://openalex.org/W2028813677
https://openalex.org/W2808764328
https://openalex.org/W2114182029
https://openalex.org/W2072359543
https://openalex.org/W68919883
https://openalex.org/W1975372140
https://openalex.org/W1989291076
https://openalex.org/W2001010566
https://openalex.org/W2022334625
https://openalex.org/W2132964978
https://openalex.org/W1598947871
https://openalex.org/W2029550498
https://openalex.org/W2126152754
https://openalex.org/W1589885787
https://openalex.org/W1974519648
https://openalex.org/W2037135404
https://openalex.org/W2964770151
https://openalex.org/W1914754661
https://openalex.org/W2042603611
https://openalex.org/W2157729395
https://openalex.org/W2032876461
https://openalex.org/W2158609513
https://openalex.org/W2085234634
https://openalex.org/W2161595684
https://openalex.org/W2780697198
https://openalex.org/W2922275148
https://openalex.org/W4244956100
https://openalex.org/W2009533207
https://openalex.org/W4250429025
https://openalex.org/W2055882242
https://openalex.org/W1967441075
https://openalex.org/W2135788850
https://openalex.org/W2053384826
https://openalex.org/W2070789374
https://openalex.org/W2108446638
https://openalex.org/W2053218081
https://openalex.org/W73673827
https://openalex.org/W1488288160
https://openalex.org/W1585376746
https://openalex.org/W2049116122
https://openalex.org/W2556212255
https://openalex.org/W2745227215
https://openalex.org/W2946416309
https://openalex.org/W2089553643
https://openalex.org/W2102153968
https://openalex.org/W2148209490
https://openalex.org/W2015186586
https://openalex.org/W2083480732
https://openalex.org/W1927634469
https://openalex.org/W1998287421
https://openalex.org/W2001873309
https://openalex.org/W2086698890
https://openalex.org/W2103759210
https://openalex.org/W2120066181
https://openalex.org/W2082745464
https://openalex.org/W2111878669
https://openalex.org/W2038737214
https://openalex.org/W2141486516
https://openalex.org/W2159268558
https://openalex.org/W2765791048
https://openalex.org/W2040874701
https://openalex.org/W2145740221
https://openalex.org/W2896062620
https://openalex.org/W2052952782
https://openalex.org/W2091244371
https://openalex.org/W1984718322
https://openalex.org/W1998611896
https://openalex.org/W2028617022
https://openalex.org/W4230281840
https://openalex.org/W57930234
https://openalex.org/W2100875960
https://openalex.org/W2467021583
https://openalex.org/W4248557307
https://openalex.org/W2054649768
https://openalex.org/W2064715363
https://openalex.org/W1986568869
https://openalex.org/W2014555044
https://openalex.org/W2061746099
https://openalex.org/W2094675728
https://openalex.org/W2945693143
https://openalex.org/W2762215500
https://openalex.org/W2791886138
https://openalex.org/W2809354111
https://openalex.org/W4254607330
https://openalex.org/W1996961838
https://openalex.org/W2065185236
https://openalex.org/W2800085734
https://openalex.org/W2892078296
https://openalex.org/W4235244986
https://openalex.org/W1972696220
https://openalex.org/W2983462254
https://openalex.org/W3027935243
https://openalex.org/W1963997595
https://openalex.org/W1975378761
https://openalex.org/W2153088847
https://openalex.org/W2267832341
https://openalex.org/W2292767755
https://openalex.org/W2029107666
https://openalex.org/W2081998281
https://openalex.org/W2040837844
https://openalex.org/W1552192981
https://openalex.org/W1968331994
https://openalex.org/W2024865604
https://openalex.org/W2094399669
https://openalex.org/W3006193284
https://openalex.org/W1989871857
https://openalex.org/W2035006835
https://openalex.org/W2109985047
https://openalex.org/W2918283728
https://openalex.org/W3105672601
https://openalex.org/W2124664765
https://openalex.org/W2148653634
https://openalex.org/W39223659
https://openalex.org/W1992999272
https://openalex.org/W2155162699
https://openalex.org/W2005275488
https://openalex.org/W2161778038
https://openalex.org/W2799329257
https://openalex.org/W2810731012
https://openalex.org/W3045325513
https://openalex.org/W1977523598
https://openalex.org/W1991752045
https://openalex.org/W162731237
https://openalex.org/W1857651432
https://openalex.org/W2316202548
https://openalex.org/W2531673969
https://openalex.org/W1967779348
https://openalex.org/W1991367648
https://openalex.org/W2104783592
https://openalex.org/W2120406769
https://openalex.org/W2013514966
https://openalex.org/W2768959015
https://openalex.org/W1945678433
https://openalex.org/W2002963748
https://openalex.org/W1983419388
https://openalex.org/W2048262130
https://openalex.org/W2124775720
https://openalex.org/W2135950239
https://openalex.org/W2903775789
https://openalex.org/W2913314773
https://openalex.org/W2948756736
https://openalex.org/W3027583552
https://openalex.org/W1990774431
https://openalex.org/W2012369323
https://openalex.org/W2058020852
https://openalex.org/W3033176713
https://openalex.org/W3091867209
https://openalex.org/W3162133013
https://openalex.org/W1985838473
https://openalex.org/W1988009341
https://openalex.org/W2548176963
https://openalex.org/W2607644287
https://openalex.org/W1947905148
https://openalex.org/W2004573265
https://openalex.org/W2059381436
https://openalex.org/W2061274933
https://openalex.org/W2525683625
https://openalex.org/W2156736472
https://openalex.org/W2918272982
https://openalex.org/W3163104666
https://openalex.org/W1988339430
https://openalex.org/W2095930763
https://openalex.org/W2109127926
https://openalex.org/W2142443169
https://openalex.org/W2256276639
https://openalex.org/W1971348916
https://openalex.org/W1976366604
https://openalex.org/W1988528589
https://openalex.org/W2025379395
https://openalex.org/W2085374067
https://openalex.org/W2180623431
https://openalex.org/W2995312562
https://openalex.org/W1975224746
https://openalex.org/W2099054660
https://openalex.org/W2767043304
https://openalex.org/W2808396450
https://openalex.org/W2032446785
https://openalex.org/W1998244460
https://openalex.org/W2012861762
https://openalex.org/W2045015141
https://openalex.org/W2062357102
https://openalex.org/W2112881011
https://openalex.org/W2139383758
https://openalex.org/W2981824749
https://openalex.org/W1515009036
https://openalex.org/W1591189181
https://openalex.org/W2580614264
https://openalex.org/W2930996521
https://openalex.org/W2104101668
https://openalex.org/W2154244064
https://openalex.org/W2168776202
https://openalex.org/W2808239747
https://openalex.org/W1988677702
https://openalex.org/W2013253387
https://openalex.org/W2037662227
https://openalex.org/W2090397025
https://openalex.org/W2254470680
https://openalex.org/W2767280943
https://openalex.org/W2792043754
https://openalex.org/W2990651158
https://openalex.org/W2080249492
https://openalex.org/W2091385646
https://openalex.org/W4246877765
https://openalex.org/W1922431305
https://openalex.org/W2015225840
https://openalex.org/W2150491856
https://openalex.org/W1494872226
https://openalex.org/W2017076706
https://openalex.org/W2042756883
https://openalex.org/W2085192697
https://openalex.org/W2807831123
https://openalex.org/W1862533045
https://openalex.org/W2026384193
https://openalex.org/W2081871544
https://openalex.org/W2158324015
https://openalex.org/W2077533210
https://openalex.org/W2083713577
https://openalex.org/W961596276
https://openalex.org/W1588572524
https://openalex.org/W1993165572
https://openalex.org/W2022549545
https://openalex.org/W2053009565
https://openalex.org/W2172081236
https://openalex.org/W1868027530
https://openalex.org/W2000473149
https://openalex.org/W2037172544
https://openalex.org/W2068644948
https://openalex.org/W2170815205
https://openalex.org/W2526293339
https://openalex.org/W2013340476
https://openalex.org/W2091956366
https://openalex.org/W2105214449
https://openalex.org/W2105628562
https://openalex.org/W2145135675
https://openalex.org/W2811114989
https://openalex.org/W3003849349
https://openalex.org/W1985863906
https://openalex.org/W2036978474
https://openalex.org/W2076252397
https://openalex.org/W2089957061
https://openalex.org/W2800636424
https://openalex.org/W2903098426
https://openalex.org/W1986032489
https://openalex.org/W1990782527
https://openalex.org/W2097527643
https://openalex.org/W2118142569
https://openalex.org/W2133874729
https://openalex.org/W3000432620
https://openalex.org/W1997986105
https://openalex.org/W2142981499
https://openalex.org/W2951224518
https://openalex.org/W3009972534
https://openalex.org/W1547473925
https://openalex.org/W1577575150
https://openalex.org/W2009619595
https://openalex.org/W2014816652
https://openalex.org/W2032136988
https://openalex.org/W2045255438
https://openalex.org/W2078949556
https://openalex.org/W2091827505
https://openalex.org/W2773684309
https://openalex.org/W2988576913
https://openalex.org/W3040717381
https://openalex.org/W1972985696
https://openalex.org/W2009287080
https://openalex.org/W2011317373
https://openalex.org/W2081646625
https://openalex.org/W2756880079
https://openalex.org/W2802632848
https://openalex.org/W2999383544
https://openalex.org/W1993728115
https://openalex.org/W1995267211
https://openalex.org/W2016913316
https://openalex.org/W2017010110
https://openalex.org/W2060309734
https://openalex.org/W2508282915
https://openalex.org/W2902398324
https://openalex.org/W1524244475
https://openalex.org/W1554024891
https://openalex.org/W2009821058
https://openalex.org/W2034424533
https://openalex.org/W2069443976
https://openalex.org/W2072901766
https://openalex.org/W2770440873
https://openalex.org/W2909361382
https://openalex.org/W101620532
https://openalex.org/W1950259569
https://openalex.org/W1991886504
https://openalex.org/W2044307597
https://openalex.org/W2055032221
https://openalex.org/W2077068666
https://openalex.org/W2261594334
https://openalex.org/W2752663490
https://openalex.org/W2943554557
https://openalex.org/W3010423607
https://openalex.org/W1958595820
https://openalex.org/W1965438828
https://openalex.org/W2041790957
https://openalex.org/W2068970241
https://openalex.org/W2091490182
https://openalex.org/W2117409397
https://openalex.org/W2146316223
https://openalex.org/W2789864965
https://openalex.org/W2948395162
https://openalex.org/W3002207163
https://openalex.org/W4210509622
https://openalex.org/W1963855402
https://openalex.org/W1996914468
https://openalex.org/W1997220457
https://openalex.org/W2010310997
https://openalex.org/W2038571648
https://openalex.org/W2042863917
https://openalex.org/W2050992075
https://openalex.org/W2243964032
https://openalex.org/W1979619790
https://openalex.org/W2032753095
https://openalex.org/W2032761333
https://openalex.org/W2041954013
https://openalex.org/W2060917322
https://openalex.org/W2074883859
https://openalex.org/W2172109855
https://openalex.org/W2301368381
https://openalex.org/W2905106210
https://openalex.org/W2905331224
https://openalex.org/W1849218644
https://openalex.org/W1998191348
https://openalex.org/W2003299733
https://openalex.org/W2006605586
https://openalex.org/W2019809180
https://openalex.org/W2042546684
https://openalex.org/W2108015510
https://openalex.org/W2285510434
https://openalex.org/W2491259555
https://openalex.org/W2557245687
https://openalex.org/W2793002331
https://openalex.org/W2921151517
https://openalex.org/W2951655307
https://openalex.org/W2972199579
https://openalex.org/W88999550
https://openalex.org/W1993112071
https://openalex.org/W2065356145
https://openalex.org/W2067922645
https://openalex.org/W2083785190
https://openalex.org/W2133105213
https://openalex.org/W2141629755
https://openalex.org/W2150394119
https://openalex.org/W2530979132
https://openalex.org/W2894102954
https://openalex.org/W2903869161
https://openalex.org/W1273743834
https://openalex.org/W1970791834
https://openalex.org/W1985665851
https://openalex.org/W2024860331
https://openalex.org/W2038374895
https://openalex.org/W2046000037
https://openalex.org/W2061052595
https://openalex.org/W2088420342
https://openalex.org/W2095479285
https://openalex.org/W2153982932
https://openalex.org/W2303277729
https://openalex.org/W2905634669
https://openalex.org/W3174480022
https://openalex.org/W1572243489
https://openalex.org/W1970165346
https://openalex.org/W1998124191
https://openalex.org/W2039607691
https://openalex.org/W2100630053
https://openalex.org/W2398280244
https://openalex.org/W3014625972
https://openalex.org/W1987923840
https://openalex.org/W2003991715
https://openalex.org/W2012679195
https://openalex.org/W2051985348
https://openalex.org/W2059818507
https://openalex.org/W2099431025
https://openalex.org/W2126073476
https://openalex.org/W2795511970
https://openalex.org/W1894528490
https://openalex.org/W1980718719
https://openalex.org/W1995615351
https://openalex.org/W2010673579
https://openalex.org/W2036105791
https://openalex.org/W2036154075
https://openalex.org/W2065622143
https://openalex.org/W2115841550
https://openalex.org/W2116443310
https://openalex.org/W2326579357
https://openalex.org/W2910830928
https://openalex.org/W4251249998
https://openalex.org/W1979515583
https://openalex.org/W2001939489
https://openalex.org/W2059715651
https://openalex.org/W2114886601
https://openalex.org/W2127854654
https://openalex.org/W2793327549
https://openalex.org/W2937464980
https://openalex.org/W3011299805
https://openalex.org/W1163549447
https://openalex.org/W1516277812
https://openalex.org/W2002956564
https://openalex.org/W2015964736
https://openalex.org/W2073376480
https://openalex.org/W2114241696
https://openalex.org/W2312565529
https://openalex.org/W2336939188
https://openalex.org/W2529944220
https://openalex.org/W2893710395
https://openalex.org/W2977829144
https://openalex.org/W4226215887
https://openalex.org/W1584498871
https://openalex.org/W1766565869
https://openalex.org/W2005209498
https://openalex.org/W2068938354
https://openalex.org/W2095764592
https://openalex.org/W2097224646
https://openalex.org/W2125725724
https://openalex.org/W2165039186
https://openalex.org/W2168506793
https://openalex.org/W2395298606
https://openalex.org/W2522908939
https://openalex.org/W3001819424
https://openalex.org/W1547555347
https://openalex.org/W1961707761
https://openalex.org/W2002075858
https://openalex.org/W2008470233
https://openalex.org/W2023032198
https://openalex.org/W2156073353
https://openalex.org/W2169085200
https://openalex.org/W2619847693
https://openalex.org/W1487199464
https://openalex.org/W1547369749
https://openalex.org/W1605089181
https://openalex.org/W194621946
https://openalex.org/W1967451438
https://openalex.org/W2000068150
https://openalex.org/W2038687858
https://openalex.org/W2049907069
https://openalex.org/W2053730380
https://openalex.org/W2065880274
https://openalex.org/W2405862352
https://openalex.org/W2418728775
https://openalex.org/W2800241864
https://openalex.org/W2034139110
https://openalex.org/W2041790279
https://openalex.org/W2074521823
https://openalex.org/W2567310953
https://openalex.org/W2914856413
https://openalex.org/W1967782637
https://openalex.org/W1999285472
https://openalex.org/W2004121326
https://openalex.org/W2009641460
https://openalex.org/W2011019446
https://openalex.org/W2055009385
https://openalex.org/W2073397665
https://openalex.org/W2094384072
https://openalex.org/W2134095743
https://openalex.org/W2189100639
https://openalex.org/W2323454562
https://openalex.org/W2598250315
https://openalex.org/W2617143885
https://openalex.org/W2759067852
https://openalex.org/W2780994435
https://openalex.org/W1226304484
https://openalex.org/W1502938468
https://openalex.org/W1987549679
https://openalex.org/W2028684551
https://openalex.org/W2029976334
https://openalex.org/W2058398705
https://openalex.org/W2082521337
https://openalex.org/W2086851211
https://openalex.org/W2102423324
https://openalex.org/W2114251177
https://openalex.org/W2151918054
https://openalex.org/W2265368806
https://openalex.org/W2318070736
https://openalex.org/W2496578764
https://openalex.org/W2770520834
https://openalex.org/W2805655750
https://openalex.org/W2912051702
https://openalex.org/W1968970296
https://openalex.org/W1975365672
https://openalex.org/W2018670600
https://openalex.org/W2021471471
https://openalex.org/W2031696690
https://openalex.org/W2048153843
https://openalex.org/W2057066808
https://openalex.org/W2073474940
https://openalex.org/W2079514374
https://openalex.org/W2086666594
https://openalex.org/W2099617200
https://openalex.org/W2125351404
https://openalex.org/W2138967521
https://openalex.org/W2154974728
https://openalex.org/W2165503654
https://openalex.org/W224334123
https://openalex.org/W2253350270
https://openalex.org/W2479221588
https://openalex.org/W2907213164
https://openalex.org/W3041434441
https://openalex.org/W1543017642
https://openalex.org/W2006050947
https://openalex.org/W2008079802
https://openalex.org/W2066462771
https://openalex.org/W2142666554
https://openalex.org/W2257065956
https://openalex.org/W2331648556
https://openalex.org/W2397169310
https://openalex.org/W2759659487
https://openalex.org/W2907894059
https://openalex.org/W2979402731
https://openalex.org/W3124112040
https://openalex.org/W4214605256
https://openalex.org/W175461294
https://openalex.org/W1989650297
https://openalex.org/W2047205316
https://openalex.org/W2065951164
https://openalex.org/W2079179232
https://openalex.org/W2090028629
https://openalex.org/W2097064938
https://openalex.org/W2109642631
https://openalex.org/W2254578813
https://openalex.org/W2344123002
https://openalex.org/W2796080406
https://openalex.org/W2886238673
https://openalex.org/W2898971565
https://openalex.org/W3124365348
https://openalex.org/W1488714617
https://openalex.org/W2049001439
https://openalex.org/W2125284268
https://openalex.org/W2155905759
https://openalex.org/W2498970623
https://openalex.org/W2954881240
https://openalex.org/W92728967
https://openalex.org/W1994305249
https://openalex.org/W2020231840
https://openalex.org/W2027429198
https://openalex.org/W2029733117
https://openalex.org/W2051531636
https://openalex.org/W2051733624
https://openalex.org/W2062387806
https://openalex.org/W2080047685
https://openalex.org/W2112335645
https://openalex.org/W2286001411
https://openalex.org/W3006546235
https://openalex.org/W1932205297
https://openalex.org/W1978740884
https://openalex.org/W1986771760
https://openalex.org/W2003362792
https://openalex.org/W2010729313
https://openalex.org/W2019998997
https://openalex.org/W2026187361
https://openalex.org/W2036261873
https://openalex.org/W2046192494
https://openalex.org/W2066292146
https://openalex.org/W2097051354
https://openalex.org/W2100836624
https://openalex.org/W2117937167
https://openalex.org/W2321245954
https://openalex.org/W2739326576
https://openalex.org/W2759237000
https://openalex.org/W2803595086
https://openalex.org/W2898416509
https://openalex.org/W3012560487
https://openalex.org/W4250797512
https://openalex.org/W2005415817
https://openalex.org/W200578581
https://openalex.org/W2018541344
https://openalex.org/W2075712270
https://openalex.org/W2081787695
https://openalex.org/W2084909535
https://openalex.org/W2096198110
https://openalex.org/W2139985398
https://openalex.org/W2169902405
https://openalex.org/W2785589935
https://openalex.org/W2799292017
https://openalex.org/W2898599332
https://openalex.org/W2928880306
https://openalex.org/W2945676121
https://openalex.org/W2986916904
https://openalex.org/W2999892307
https://openalex.org/W3127471541
https://openalex.org/W3193916657
https://openalex.org/W1420924174
https://openalex.org/W1489329243
https://openalex.org/W1858998261
https://openalex.org/W1977602562
https://openalex.org/W1986816593
https://openalex.org/W2028561330
https://openalex.org/W2067253337
https://openalex.org/W2084560435
https://openalex.org/W2109732071
https://openalex.org/W2134064588
https://openalex.org/W2280198611
https://openalex.org/W2309564900
https://openalex.org/W2770542903
https://openalex.org/W2795438571
https://openalex.org/W2889733669
https://openalex.org/W2952791305
https://openalex.org/W3015330920
https://openalex.org/W3096805357
https://openalex.org/W3137421824
https://openalex.org/W4247336744
https://openalex.org/W626468818
https://openalex.org/W1529943797
https://openalex.org/W2006945526
https://openalex.org/W2027228107
https://openalex.org/W2094318087
https://openalex.org/W2101087809
https://openalex.org/W2132550529
https://openalex.org/W2328233130
https://openalex.org/W2559431346
https://openalex.org/W2583735539
https://openalex.org/W2597478081
https://openalex.org/W2656914081
https://openalex.org/W2895098315
https://openalex.org/W3087896330
https://openalex.org/W1982109539
https://openalex.org/W1999852049
https://openalex.org/W2003614117
https://openalex.org/W2007538960
https://openalex.org/W2015982048
https://openalex.org/W2063251649
https://openalex.org/W2120822090
https://openalex.org/W2254186310
https://openalex.org/W2305113160
https://openalex.org/W2768736041
https://openalex.org/W2800654121
https://openalex.org/W2922374523
https://openalex.org/W3034486531
https://openalex.org/W1587470144
https://openalex.org/W177442823
https://openalex.org/W1965222469
https://openalex.org/W1970527702
https://openalex.org/W1973349009
https://openalex.org/W2005556997
https://openalex.org/W2007594741
https://openalex.org/W2017039695
https://openalex.org/W2074559545
https://openalex.org/W2091873028
https://openalex.org/W2095017632
https://openalex.org/W2128043285
https://openalex.org/W2144256853
https://openalex.org/W2158042933
https://openalex.org/W2166362850
https://openalex.org/W2262630478
https://openalex.org/W2336767653
https://openalex.org/W2397162493
https://openalex.org/W2406281389
https://openalex.org/W2593907591
https://openalex.org/W2773840830
https://openalex.org/W2803748133
https://openalex.org/W2807968849
https://openalex.org/W2889119928
https://openalex.org/W2946652134
https://openalex.org/W2948893994
https://openalex.org/W2991022513
https://openalex.org/W3012017192
https://openalex.org/W3012854662
https://openalex.org/W3101956722
https://openalex.org/W3109910669
https://openalex.org/W3127137937
https://openalex.org/W4242683490
https://openalex.org/W1139672279
https://openalex.org/W1968315617
https://openalex.org/W1970039186
https://openalex.org/W1983290301
https://openalex.org/W1994190762
https://openalex.org/W1998362784
https://openalex.org/W2002497931
https://openalex.org/W2052151418
https://openalex.org/W2055965262
https://openalex.org/W2069328421
https://openalex.org/W2071610288
https://openalex.org/W2128246586
https://openalex.org/W2156074545
https://openalex.org/W2160748075
https://openalex.org/W2200011476
https://openalex.org/W2220262897
https://openalex.org/W2560610729
https://openalex.org/W2560763704
https://openalex.org/W2758121617
https://openalex.org/W2899255104
https://openalex.org/W3023617318
https://openalex.org/W3037409646
https://openalex.org/W81301117
https://openalex.org/W1698425754
https://openalex.org/W1805974092
https://openalex.org/W1965956689
https://openalex.org/W1967946958
https://openalex.org/W1968396756
https://openalex.org/W1990833931
https://openalex.org/W1991895313
https://openalex.org/W2015626866
https://openalex.org/W2017208654
https://openalex.org/W2024707001
https://openalex.org/W2057202527
https://openalex.org/W2062439130
https://openalex.org/W2080207607
https://openalex.org/W2095874199
https://openalex.org/W2102265632
https://openalex.org/W2130151602
https://openalex.org/W2136848148
https://openalex.org/W2151231408
https://openalex.org/W2162324754
https://openalex.org/W2550872449
https://openalex.org/W2754083003
https://openalex.org/W2883413016
https://openalex.org/W2896414992
https://openalex.org/W2943473484
https://openalex.org/W3007202173
https://openalex.org/W1767104753
https://openalex.org/W1963957867
https://openalex.org/W1967226490
https://openalex.org/W1970185982
https://openalex.org/W1970501994
https://openalex.org/W2010925686
https://openalex.org/W2038901033
https://openalex.org/W2043831336
https://openalex.org/W2059349902
https://openalex.org/W2062608019
https://openalex.org/W2063329701
https://openalex.org/W2176396678
https://openalex.org/W2316480569
https://openalex.org/W2898315388
https://openalex.org/W2899376621
https://openalex.org/W2993568854
https://openalex.org/W1765218067
https://openalex.org/W1893256596
https://openalex.org/W1972548292
https://openalex.org/W1974100963
https://openalex.org/W1998598869
https://openalex.org/W2006287747
https://openalex.org/W2015536326
https://openalex.org/W2018341514
https://openalex.org/W2020968234
https://openalex.org/W2037683787
https://openalex.org/W2042202510
https://openalex.org/W2046617246
https://openalex.org/W2107913794
https://openalex.org/W2142347916
https://openalex.org/W2564747836
https://openalex.org/W2607595967
https://openalex.org/W2792116906
https://openalex.org/W2911711659
https://openalex.org/W2914095071
https://openalex.org/W2987057392
https://openalex.org/W1919570385
https://openalex.org/W1951801924
https://openalex.org/W1983741467
https://openalex.org/W1985226388
https://openalex.org/W1999616215
https://openalex.org/W2005278291
https://openalex.org/W2008066955
https://openalex.org/W2011458759
https://openalex.org/W2021969065
https://openalex.org/W2029452319
https://openalex.org/W2058347018
https://openalex.org/W2064005859
https://openalex.org/W2076142509
https://openalex.org/W2165226303
https://openalex.org/W2259459296
https://openalex.org/W2604489278
https://openalex.org/W2605241186
https://openalex.org/W2809036739
https://openalex.org/W2995075491
https://openalex.org/W3155992342
https://openalex.org/W1541749163
https://openalex.org/W1881317553
https://openalex.org/W2002991893
https://openalex.org/W2009020628
https://openalex.org/W2016274968
https://openalex.org/W2036689098
https://openalex.org/W2054136034
https://openalex.org/W2070490973
https://openalex.org/W2083071963
https://openalex.org/W2087103716
https://openalex.org/W2095411868
https://openalex.org/W2126011330
https://openalex.org/W2139931508
https://openalex.org/W2145051316
https://openalex.org/W2152663546
https://openalex.org/W2321327090
https://openalex.org/W2325016058
https://openalex.org/W2336039545
https://openalex.org/W2496832332
https://openalex.org/W2621546428
https://openalex.org/W3089142727
https://openalex.org/W3097934054
https://openalex.org/W3173562028
https://openalex.org/W1495793224
https://openalex.org/W1539303691
https://openalex.org/W2019354902
https://openalex.org/W2019518066
https://openalex.org/W2038267653
https://openalex.org/W2039721560
https://openalex.org/W2055462508
https://openalex.org/W2085442445
https://openalex.org/W2099400406
https://openalex.org/W2115492427
https://openalex.org/W2139776728
https://openalex.org/W2147809729
https://openalex.org/W2148623223
https://openalex.org/W2158236244
https://openalex.org/W2314744237
https://openalex.org/W2789953589
https://openalex.org/W2886525517
https://openalex.org/W2956021848
https://openalex.org/W2961602854
https://openalex.org/W3171133702
https://openalex.org/W3179041635
https://openalex.org/W3204983737
https://openalex.org/W4214521551
https://openalex.org/W4312694728
https://openalex.org/W1533764159
https://openalex.org/W1907994598
https://openalex.org/W1973984482
https://openalex.org/W1981834051
https://openalex.org/W2011354036
https://openalex.org/W2027070408
https://openalex.org/W2030176689
https://openalex.org/W2038971461
https://openalex.org/W2040599887
https://openalex.org/W2041671894
https://openalex.org/W2046831354
https://openalex.org/W2047367114
https://openalex.org/W2069249229
https://openalex.org/W2103716164
https://openalex.org/W2122852874
https://openalex.org/W2127646637
https://openalex.org/W2149789297
https://openalex.org/W2157947524
https://openalex.org/W2165667692
https://openalex.org/W2275348710
https://openalex.org/W2324228579
https://openalex.org/W2609721696
https://openalex.org/W2738957704
https://openalex.org/W2755180851
https://openalex.org/W2793375821
https://openalex.org/W2914205120
https://openalex.org/W2972493527
https://openalex.org/W2981286107
https://openalex.org/W4231275455
https://openalex.org/W4248427397
https://openalex.org/W4249995901
https://openalex.org/W1970683107
https://openalex.org/W1985180980
https://openalex.org/W1998695686
https://openalex.org/W1999257407
https://openalex.org/W2022730777
https://openalex.org/W2029539031
https://openalex.org/W2051306339
https://openalex.org/W2052291254
https://openalex.org/W2054863805
https://openalex.org/W2058498452
https://openalex.org/W2081013055
https://openalex.org/W2099265277
https://openalex.org/W2143141867
https://openalex.org/W2172319112
https://openalex.org/W2193771400
https://openalex.org/W2229415335
https://openalex.org/W2426320252
https://openalex.org/W2790215412
https://openalex.org/W2804437838
https://openalex.org/W2825008880
https://openalex.org/W2921755089
https://openalex.org/W2983182677
https://openalex.org/W3005231631
https://openalex.org/W4243235051
https://openalex.org/W88536064
https://openalex.org/W1617192935
https://openalex.org/W1967659209
https://openalex.org/W1972145339
https://openalex.org/W2013550175
https://openalex.org/W2023957509
https://openalex.org/W2045951509
https://openalex.org/W2064683142
https://openalex.org/W2069277889
https://openalex.org/W2074425902
https://openalex.org/W2085112174
https://openalex.org/W2107292087
https://openalex.org/W2117286346
https://openalex.org/W2171455697
https://openalex.org/W2190167320
https://openalex.org/W2319487252
https://openalex.org/W2343724724
https://openalex.org/W2481783748
https://openalex.org/W2740984393
https://openalex.org/W2984036128
https://openalex.org/W3013105477
https://openalex.org/W3018118152
https://openalex.org/W3133944950
https://openalex.org/W1175147790
https://openalex.org/W1481369052
https://openalex.org/W1542493215
https://openalex.org/W1940066846
https://openalex.org/W1981803530
https://openalex.org/W2009846447
https://openalex.org/W2019556525
https://openalex.org/W2025889919
https://openalex.org/W2039367643
https://openalex.org/W2043471523
https://openalex.org/W2049496389
https://openalex.org/W2053455458
https://openalex.org/W2072063069
https://openalex.org/W2085938544
https://openalex.org/W2110732909
https://openalex.org/W2140367835
https://openalex.org/W2151509248
https://openalex.org/W2331211350
https://openalex.org/W2528260117
https://openalex.org/W2554578293
https://openalex.org/W2585650343
https://openalex.org/W2615398513
https://openalex.org/W2791952675
https://openalex.org/W2805054340
https://openalex.org/W2807956363
https://openalex.org/W2923012938
https://openalex.org/W3011594667
https://openalex.org/W3094256166
https://openalex.org/W3125620442
https://openalex.org/W370920971
https://openalex.org/W1541109205
https://openalex.org/W1881581880
https://openalex.org/W1885351992
https://openalex.org/W1965554074
https://openalex.org/W1966317478
https://openalex.org/W1968443593
https://openalex.org/W1992358551
https://openalex.org/W2008356286
https://openalex.org/W2025248950
https://openalex.org/W2030293215
https://openalex.org/W2037196536
https://openalex.org/W2065918236
https://openalex.org/W2066744875
https://openalex.org/W2117970527
https://openalex.org/W2122760635
https://openalex.org/W2334009346
https://openalex.org/W2346040493
https://openalex.org/W2352122213
https://openalex.org/W2407323305
https://openalex.org/W2410834246
https://openalex.org/W2418385834
https://openalex.org/W2612702791
https://openalex.org/W2799572394
https://openalex.org/W2803933285
https://openalex.org/W2808089031
https://openalex.org/W2886203635
https://openalex.org/W2893367785
https://openalex.org/W2902419061
https://openalex.org/W2924879466
https://openalex.org/W2989747282
https://openalex.org/W3013922258
https://openalex.org/W1489805896
https://openalex.org/W1511012230
https://openalex.org/W1554155898
https://openalex.org/W1846496391
https://openalex.org/W1981588524
https://openalex.org/W1998758268
https://openalex.org/W2000186617
https://openalex.org/W2009729207
https://openalex.org/W2017230772
https://openalex.org/W2031693618
https://openalex.org/W2045288473
https://openalex.org/W2072294124
https://openalex.org/W2086321415
https://openalex.org/W2103777483
https://openalex.org/W2135805417
https://openalex.org/W2147422121
https://openalex.org/W2179462709
https://openalex.org/W2314028083
https://openalex.org/W2319175699
https://openalex.org/W2336175383
https://openalex.org/W2586064706
https://openalex.org/W2733831634
https://openalex.org/W2755656933
https://openalex.org/W2760444847
https://openalex.org/W2787387477
https://openalex.org/W2794867533
https://openalex.org/W2884087058
https://openalex.org/W2902476519
https://openalex.org/W2945916964
https://openalex.org/W2950054152
https://openalex.org/W2956080668
https://openalex.org/W2969433253
https://openalex.org/W3008956365
https://openalex.org/W3012446828
https://openalex.org/W1541912800
https://openalex.org/W1827240104
https://openalex.org/W1939395931
https://openalex.org/W1973974161
https://openalex.org/W1977201299
https://openalex.org/W1993463433
https://openalex.org/W2014551063
https://openalex.org/W2019475205
https://openalex.org/W2062676028
https://openalex.org/W2065696808
https://openalex.org/W2101511406
https://openalex.org/W2114041476
https://openalex.org/W2115280756
https://openalex.org/W2122226665
https://openalex.org/W2128744588
https://openalex.org/W2134155073
https://openalex.org/W2134253125
https://openalex.org/W2197963544
https://openalex.org/W2314109828
https://openalex.org/W2513668178
https://openalex.org/W2583828800
https://openalex.org/W2625784413
https://openalex.org/W2770926501
https://openalex.org/W2803563565
https://openalex.org/W2833616835
https://openalex.org/W2889942256
https://openalex.org/W2891131058
https://openalex.org/W2894025695
https://openalex.org/W2922473916
https://openalex.org/W2945919618
https://openalex.org/W2951602902
https://openalex.org/W2981847443
https://openalex.org/W2989502319
https://openalex.org/W2990928075
https://openalex.org/W404210076
https://openalex.org/W4245950366
https://openalex.org/W1985288555
https://openalex.org/W1998019919
https://openalex.org/W2003593090
https://openalex.org/W2007930587
https://openalex.org/W2014341635
https://openalex.org/W2015140241
https://openalex.org/W2043230504
https://openalex.org/W2047814888
https://openalex.org/W2057180323
https://openalex.org/W2062620019
https://openalex.org/W2087317276
https://openalex.org/W2088084109
https://openalex.org/W2096116192
https://openalex.org/W2097196921
https://openalex.org/W2102661238
https://openalex.org/W2111363294
https://openalex.org/W2144553387
https://openalex.org/W2257554251
https://openalex.org/W2318405388
https://openalex.org/W2327671549
https://openalex.org/W2328134913
https://openalex.org/W2471120954
https://openalex.org/W2549956425
https://openalex.org/W2552948665
https://openalex.org/W2799973161
https://openalex.org/W2801412951
https://openalex.org/W2944482497
https://openalex.org/W2955115093
https://openalex.org/W2995293477
https://openalex.org/W3084920151
https://openalex.org/W3098911312
https://openalex.org/W4235161418
https://openalex.org/W1525578450
https://openalex.org/W1963807028
https://openalex.org/W1967483950
https://openalex.org/W1982792202
https://openalex.org/W1997420251
https://openalex.org/W2005953664
https://openalex.org/W2015242791
https://openalex.org/W2019926661
https://openalex.org/W2025873367
https://openalex.org/W2031135887
https://openalex.org/W2036658833
https://openalex.org/W2051839597
https://openalex.org/W2072536863
https://openalex.org/W2096766079
https://openalex.org/W2108911676
https://openalex.org/W2109086860
https://openalex.org/W2129652431
https://openalex.org/W2145253764
https://openalex.org/W2156365982
https://openalex.org/W2168368710
https://openalex.org/W2312618349
https://openalex.org/W2411930034
https://openalex.org/W2525151040
https://openalex.org/W2551701215
https://openalex.org/W2767238872
https://openalex.org/W2783183290
https://openalex.org/W2789426858
https://openalex.org/W2792580013
https://openalex.org/W2802275499
https://openalex.org/W2803494665
https://openalex.org/W2806764559
https://openalex.org/W2883691767
https://openalex.org/W2886625308
https://openalex.org/W2897377673
https://openalex.org/W2913029964
https://openalex.org/W2923327962
https://openalex.org/W2943991515
https://openalex.org/W2981600095
https://openalex.org/W3014894431
https://openalex.org/W3018782288
https://openalex.org/W3024733289
https://openalex.org/W3046885484
https://openalex.org/W3080812398
https://openalex.org/W3087628575
https://openalex.org/W3169865613
https://openalex.org/W1566739174
https://openalex.org/W1971088296
https://openalex.org/W1982023845
https://openalex.org/W2002510334
https://openalex.org/W2009919346
https://openalex.org/W2037301493
https://openalex.org/W2054072259
https://openalex.org/W2058611947
https://openalex.org/W2060817562
https://openalex.org/W2077601159
https://openalex.org/W2081943081
https://openalex.org/W2092615338
https://openalex.org/W2112573773
https://openalex.org/W2120838521
https://openalex.org/W2139381830
https://openalex.org/W2143245229
https://openalex.org/W2150247133
https://openalex.org/W2150455366
https://openalex.org/W2160387749
https://openalex.org/W2161652700
https://openalex.org/W2211255558
https://openalex.org/W2323323637
https://openalex.org/W2514115574
https://openalex.org/W2767544125
https://openalex.org/W2784284141
https://openalex.org/W2884231915
https://openalex.org/W2900401836
https://openalex.org/W2949359905
https://openalex.org/W3011873029
https://openalex.org/W3036668493
https://openalex.org/W3088549544
https://openalex.org/W3159956825
https://openalex.org/W4206736225
https://openalex.org/W1572509557
https://openalex.org/W1599684302
https://openalex.org/W1967312524
https://openalex.org/W1978573313
https://openalex.org/W1988493157
https://openalex.org/W2027982264
https://openalex.org/W2046855752
https://openalex.org/W2061178776
https://openalex.org/W2067280090
https://openalex.org/W2087412553
https://openalex.org/W2089750073
https://openalex.org/W2200613020
https://openalex.org/W2323940577
https://openalex.org/W2474799942
https://openalex.org/W2548494651
https://openalex.org/W2566712448
https://openalex.org/W2755463096
https://openalex.org/W2767734603
https://openalex.org/W3009172345
https://openalex.org/W3094782749
https://openalex.org/W3176134838
https://openalex.org/W3197825861
https://openalex.org/W4224304103
https://openalex.org/W4283332169
https://openalex.org/W4306645014
https://openalex.org/W576048912
https://openalex.org/W148745017
https://openalex.org/W1499416454
https://openalex.org/W1908513216
https://openalex.org/W1972137025
https://openalex.org/W1985809942
https://openalex.org/W1988824958
https://openalex.org/W1990953022
https://openalex.org/W1996383385
https://openalex.org/W1999485855
https://openalex.org/W2014258668
https://openalex.org/W2025887296
https://openalex.org/W2036109477
https://openalex.org/W2045686705
https://openalex.org/W2056806795
https://openalex.org/W2065008074
https://openalex.org/W2067181031
https://openalex.org/W2074144178
https://openalex.org/W2087075719
https://openalex.org/W2088027744
https://openalex.org/W2089834466
https://openalex.org/W2108129428
https://openalex.org/W2115773890
https://openalex.org/W2116201275
https://openalex.org/W2118212082
https://openalex.org/W2131880706
https://openalex.org/W2153007871
https://openalex.org/W2164473452
https://openalex.org/W2166498313
https://openalex.org/W2255131949
https://openalex.org/W2322250766
https://openalex.org/W2326478736
https://openalex.org/W2330212555
https://openalex.org/W2333428367
https://openalex.org/W2590299243
https://openalex.org/W2612646465
https://openalex.org/W2615642953
https://openalex.org/W2736319321
https://openalex.org/W2742511589
https://openalex.org/W2746497197
https://openalex.org/W2775532550
https://openalex.org/W2804425758
https://openalex.org/W2809747722
https://openalex.org/W2883909387
https://openalex.org/W2914756124
https://openalex.org/W2947487618
https://openalex.org/W3006804767
https://openalex.org/W3036869301
https://openalex.org/W3122105450
https://openalex.org/W645255961
https://openalex.org/W1484342773
https://openalex.org/W1965863008
https://openalex.org/W1973074052
https://openalex.org/W1977262630
https://openalex.org/W1980269367
https://openalex.org/W1985968264
https://openalex.org/W1992905572
https://openalex.org/W1993254053
https://openalex.org/W2000451480
https://openalex.org/W2008031539
https://openalex.org/W2023234959
https://openalex.org/W2025525534
https://openalex.org/W2035147555
https://openalex.org/W2047147788
https://openalex.org/W2049442077
https://openalex.org/W2068459093
https://openalex.org/W2074336313
https://openalex.org/W2117119516
https://openalex.org/W2129046125
https://openalex.org/W2131842310
https://openalex.org/W2146647794
https://openalex.org/W2156585123
https://openalex.org/W2161843986
https://openalex.org/W2314044659
https://openalex.org/W2405588217
https://openalex.org/W2485072028
https://openalex.org/W2598479971
https://openalex.org/W2610355928
https://openalex.org/W2739327587
https://openalex.org/W2740346029
https://openalex.org/W2772802791
https://openalex.org/W2791273909
https://openalex.org/W2901243632
https://openalex.org/W2978436331
https://openalex.org/W3035657024
https://openalex.org/W3093234142
https://openalex.org/W3109360859
https://openalex.org/W3190761966
https://openalex.org/W1890480897
https://openalex.org/W1967629547
https://openalex.org/W1982038419
https://openalex.org/W1985787643
https://openalex.org/W1990575790
https://openalex.org/W1994750572
https://openalex.org/W1995506100
https://openalex.org/W2003450018
https://openalex.org/W2017745311
https://openalex.org/W2026663664
https://openalex.org/W2043508337
https://openalex.org/W2045640187
https://openalex.org/W2056047166
https://openalex.org/W2062180165
https://openalex.org/W2063199724
https://openalex.org/W2063450829
https://openalex.org/W2069664211
https://openalex.org/W2079032371
https://openalex.org/W2080251772
https://openalex.org/W2082285814
https://openalex.org/W2088151714
https://openalex.org/W2100649605
https://openalex.org/W2100763095
https://openalex.org/W2120670997
https://openalex.org/W2161568989
https://openalex.org/W2162232458
https://openalex.org/W2163902437
https://openalex.org/W2204046640
https://openalex.org/W2247321021
https://openalex.org/W2274358699
https://openalex.org/W2327230068
https://openalex.org/W2485686527
https://openalex.org/W2590846882
https://openalex.org/W2604370522
https://openalex.org/W2624412081
https://openalex.org/W2739918119
https://openalex.org/W2773463560
https://openalex.org/W2794252824
https://openalex.org/W2922243248
https://openalex.org/W3003750984
https://openalex.org/W3014003583
https://openalex.org/W3039151271
https://openalex.org/W3043398174
https://openalex.org/W3208860553
https://openalex.org/W4239399596
https://openalex.org/W103867266
https://openalex.org/W1482764742
https://openalex.org/W1492009014
https://openalex.org/W1635478021
https://openalex.org/W2009320258
https://openalex.org/W2011056864
https://openalex.org/W2013039045
https://openalex.org/W2024629840
https://openalex.org/W2033812787
https://openalex.org/W2041033748
https://openalex.org/W2045249524
https://openalex.org/W2053097222
https://openalex.org/W2066232432
https://openalex.org/W2073041063
https://openalex.org/W2099373827
https://openalex.org/W2101893325
https://openalex.org/W2112836014
https://openalex.org/W2116106652
https://openalex.org/W2118985106
https://openalex.org/W2134632772
https://openalex.org/W2151454828
https://openalex.org/W2160412526
https://openalex.org/W2161690736
https://openalex.org/W2190375920
https://openalex.org/W2264756771
https://openalex.org/W2317366992
https://openalex.org/W2318732892
https://openalex.org/W2334473395
https://openalex.org/W2404887866
https://openalex.org/W2411286754
https://openalex.org/W2508844530
https://openalex.org/W2558427197
https://openalex.org/W2563339797
https://openalex.org/W2594849660
https://openalex.org/W2619254033
https://openalex.org/W2621574847
https://openalex.org/W2767141521
https://openalex.org/W2803247285
https://openalex.org/W2885687819
https://openalex.org/W2898345987
https://openalex.org/W2920305647
https://openalex.org/W2938529585
https://openalex.org/W2940989728
https://openalex.org/W2952701210
https://openalex.org/W2966524022
https://openalex.org/W2980980586
https://openalex.org/W2983126305
https://openalex.org/W3004927740
https://openalex.org/W3039809153
https://openalex.org/W3046141507
https://openalex.org/W3099486764
https://openalex.org/W3160506022
https://openalex.org/W3213522323
https://openalex.org/W4234334300
https://openalex.org/W583353697
https://openalex.org/W629881574
https://openalex.org/W963495788
https://openalex.org/W1524291653
https://openalex.org/W1628444092
https://openalex.org/W1944496202
https://openalex.org/W1978131909
https://openalex.org/W1980004010
https://openalex.org/W1982121361
https://openalex.org/W2001355098
https://openalex.org/W2009647753
https://openalex.org/W2011092475
https://openalex.org/W2023917593
https://openalex.org/W2031784089
https://openalex.org/W2041298130
https://openalex.org/W2042237849
https://openalex.org/W2048326095
https://openalex.org/W2067747634
https://openalex.org/W2076105803
https://openalex.org/W2082917768
https://openalex.org/W2084492221
https://openalex.org/W2093237521
https://openalex.org/W2095221081
https://openalex.org/W2149868805
https://openalex.org/W2153061730
https://openalex.org/W2160972484
https://openalex.org/W2166900370
https://openalex.org/W2280740573
https://openalex.org/W2281285676
https://openalex.org/W2319751090
https://openalex.org/W2320126183
https://openalex.org/W2330610568
https://openalex.org/W2334883905
https://openalex.org/W2410785650
https://openalex.org/W2593283994
https://openalex.org/W2744300679
https://openalex.org/W2752548843
https://openalex.org/W2805550133
https://openalex.org/W2886611165
https://openalex.org/W2900469113
https://openalex.org/W2902920885
https://openalex.org/W2910703102
https://openalex.org/W2987830899
https://openalex.org/W2994137627
https://openalex.org/W3007148512
https://openalex.org/W3042674291
https://openalex.org/W3046168596
https://openalex.org/W3081655071
https://openalex.org/W3094287144
https://openalex.org/W4238831807
https://openalex.org/W1588004899
https://openalex.org/W1854101695
https://openalex.org/W1920651296
https://openalex.org/W195582237
https://openalex.org/W1976144014
https://openalex.org/W1979306094
https://openalex.org/W1999461875
https://openalex.org/W2008332069
https://openalex.org/W2013872994
https://openalex.org/W2014198590
https://openalex.org/W2014445165
https://openalex.org/W2015142499
https://openalex.org/W2034767427
https://openalex.org/W2038853255
https://openalex.org/W2045515096
https://openalex.org/W2047963240
https://openalex.org/W2052263745
https://openalex.org/W2053649522
https://openalex.org/W2058007274
https://openalex.org/W2069497753
https://openalex.org/W2073831522
https://openalex.org/W2080799804
https://openalex.org/W2086081034
https://openalex.org/W2086218753
https://openalex.org/W2091408916
https://openalex.org/W2137192495
https://openalex.org/W2150125064
https://openalex.org/W2171852465
https://openalex.org/W2171959377
https://openalex.org/W2320972687
https://openalex.org/W232213207
https://openalex.org/W2340389009
https://openalex.org/W2522394664
https://openalex.org/W2526370958
https://openalex.org/W2563168004
https://openalex.org/W2594776786
https://openalex.org/W2611198882
https://openalex.org/W2737893614
https://openalex.org/W2746917119
https://openalex.org/W2765229028
https://openalex.org/W2767991468
https://openalex.org/W2786037544
https://openalex.org/W2896878105
https://openalex.org/W2898822802
https://openalex.org/W2904612362
https://openalex.org/W2949532563
https://openalex.org/W2950972160
https://openalex.org/W2951708950
https://openalex.org/W2960004681
https://openalex.org/W2966563426
https://openalex.org/W2968053236
https://openalex.org/W2995939137
https://openalex.org/W3005946064
https://openalex.org/W3014668931
https://openalex.org/W3022423473
https://openalex.org/W3049346598
https://openalex.org/W3087815251
https://openalex.org/W3134398153
https://openalex.org/W4312443583
https://openalex.org/W587461010
https://openalex.org/W1566735037
https://openalex.org/W1966956993
https://openalex.org/W1976160875
https://openalex.org/W1976301018
https://openalex.org/W1978694036
https://openalex.org/W1985249140
https://openalex.org/W1991439450
https://openalex.org/W1995522755
https://openalex.org/W1997170356
https://openalex.org/W2002617290
https://openalex.org/W2002695366
https://openalex.org/W2010031981
https://openalex.org/W2013746975
https://openalex.org/W2014435551
https://openalex.org/W2017899064
https://openalex.org/W2036080195
https://openalex.org/W2038426596
https://openalex.org/W2045937047
https://openalex.org/W2053979901
https://openalex.org/W2056643852
https://openalex.org/W2106498608
https://openalex.org/W2118712966
https://openalex.org/W2124188527
https://openalex.org/W2143892472
https://openalex.org/W2146901855
https://openalex.org/W2151856193
https://openalex.org/W2162580272
https://openalex.org/W2170500907
https://openalex.org/W2319523142
https://openalex.org/W2411425497
https://openalex.org/W2482606302
https://openalex.org/W2490241070
https://openalex.org/W2604271847
https://openalex.org/W2624331598
https://openalex.org/W2765613321
https://openalex.org/W2773132337
https://openalex.org/W2789098252
https://openalex.org/W2790911040
https://openalex.org/W2799623950
https://openalex.org/W2811102510
https://openalex.org/W2876410848
https://openalex.org/W2885360910
https://openalex.org/W2886374740
https://openalex.org/W2889171037
https://openalex.org/W2894679323
https://openalex.org/W2900017586
https://openalex.org/W2912776902
https://openalex.org/W2963157893
https://openalex.org/W2968125883
https://openalex.org/W3008771819
https://openalex.org/W3092390304
https://openalex.org/W3175220249
https://openalex.org/W3189742316
https://openalex.org/W1498679844
https://openalex.org/W1573351573
https://openalex.org/W1577616553
https://openalex.org/W1798347121
https://openalex.org/W1979772358
https://openalex.org/W1982580720
https://openalex.org/W1986654268
https://openalex.org/W1992491895
https://openalex.org/W2002405412
https://openalex.org/W2007417666
https://openalex.org/W2010884797
https://openalex.org/W2011720507
https://openalex.org/W2018122800
https://openalex.org/W2020971906
https://openalex.org/W2049617442
https://openalex.org/W2050496810
https://openalex.org/W2072716132
https://openalex.org/W2075670505
https://openalex.org/W2085167957
https://openalex.org/W2086042985
https://openalex.org/W2092373441
https://openalex.org/W2107578302
https://openalex.org/W2117591982
https://openalex.org/W2158081950
https://openalex.org/W2159156150
https://openalex.org/W2164221266
https://openalex.org/W2167740507
https://openalex.org/W2178505541
https://openalex.org/W2212942144
https://openalex.org/W2319317730
https://openalex.org/W2417200806
https://openalex.org/W2461644289
https://openalex.org/W2520397015
https://openalex.org/W2627056528
https://openalex.org/W2745726703
https://openalex.org/W2768429679
https://openalex.org/W2795603354
https://openalex.org/W2798238043
https://openalex.org/W2800435710
https://openalex.org/W2923445756
https://openalex.org/W2945779787
https://openalex.org/W2971125925
https://openalex.org/W2973121374
https://openalex.org/W2999693416
https://openalex.org/W3000082254
https://openalex.org/W3047633484
https://openalex.org/W3093303355
https://openalex.org/W3096705693
https://openalex.org/W3097401602
https://openalex.org/W3155515273
https://openalex.org/W3184121775
https://openalex.org/W3196407430
https://openalex.org/W4226505433
https://openalex.org/W4244370123
https://openalex.org/W1522397774
https://openalex.org/W1595475179
https://openalex.org/W1613537055
https://openalex.org/W1948341970
https://openalex.org/W1971818899
https://openalex.org/W1980380718
https://openalex.org/W1989218786
https://openalex.org/W1990372752
https://openalex.org/W1991213022
https://openalex.org/W1998047339
https://openalex.org/W1999368978
https://openalex.org/W2000558864
https://openalex.org/W2003491896
https://openalex.org/W2017345751
https://openalex.org/W2023068747
https://openalex.org/W2030803338
https://openalex.org/W2033896020
https://openalex.org/W2036430419
https://openalex.org/W2047020920
https://openalex.org/W2062749630
https://openalex.org/W2073481583
https://openalex.org/W2077047569
https://openalex.org/W2078321311
https://openalex.org/W2122086069
https://openalex.org/W2125721825
https://openalex.org/W2161918730
https://openalex.org/W2163328445
https://openalex.org/W2164832890
https://openalex.org/W2176723979
https://openalex.org/W2249085337
https://openalex.org/W2259686439
https://openalex.org/W2268889937
https://openalex.org/W2314946868
https://openalex.org/W2315180785
https://openalex.org/W2320740792
https://openalex.org/W2323884931
https://openalex.org/W2327542786
https://openalex.org/W2340841443
https://openalex.org/W2353483342
https://openalex.org/W2469338038
https://openalex.org/W2513594998
https://openalex.org/W2518658863
https://openalex.org/W2552172143
https://openalex.org/W2611830951
https://openalex.org/W2771992385
https://openalex.org/W2799330168
https://openalex.org/W2799664571
https://openalex.org/W2800416285
https://openalex.org/W2806034460
https://openalex.org/W2889826768
https://openalex.org/W2891236846
https://openalex.org/W2910025187
https://openalex.org/W2910292327
https://openalex.org/W2931725537
https://openalex.org/W2995999917
https://openalex.org/W3005608096
https://openalex.org/W3017322123
https://openalex.org/W3027814755
https://openalex.org/W3032350310
https://openalex.org/W3109476295
https://openalex.org/W3119130162
https://openalex.org/W3125605386
https://openalex.org/W3187904094
https://openalex.org/W3199689348
https://openalex.org/W4250603205
https://openalex.org/W4252019804
https://openalex.org/W4312294878
https://openalex.org/W796364374
https://openalex.org/W1489240697
https://openalex.org/W1549169794
https://openalex.org/W1810568615
https://openalex.org/W1907039990
https://openalex.org/W1968365269
https://openalex.org/W1980640519
https://openalex.org/W1980949404
https://openalex.org/W1991835596
https://openalex.org/W1994934940
https://openalex.org/W2004972879
https://openalex.org/W2018488386
https://openalex.org/W2020921623
https://openalex.org/W2025820488
https://openalex.org/W2029689609
https://openalex.org/W2032475452
https://openalex.org/W2033646683
https://openalex.org/W2034714001
https://openalex.org/W2044026585
https://openalex.org/W2050461972
https://openalex.org/W2055298913
https://openalex.org/W2057525247
https://openalex.org/W2064268364
https://openalex.org/W2064679355
https://openalex.org/W2081280747
https://openalex.org/W2085705725
https://openalex.org/W2095028584
https://openalex.org/W2137714217
https://openalex.org/W2150341518
https://openalex.org/W2154810429
https://openalex.org/W2158372905
https://openalex.org/W2166601105
https://openalex.org/W2298924175
https://openalex.org/W2312791182
https://openalex.org/W2344253504
https://openalex.org/W2405916558
https://openalex.org/W2527406406
https://openalex.org/W2594028497
https://openalex.org/W2614002123
https://openalex.org/W2775328657
https://openalex.org/W2796188996
https://openalex.org/W2797250477
https://openalex.org/W2887777513
https://openalex.org/W2902728068
https://openalex.org/W2905228857
https://openalex.org/W2913662564
https://openalex.org/W2925275193
https://openalex.org/W2942318856
https://openalex.org/W2949753733
https://openalex.org/W2954105207
https://openalex.org/W2974417292
https://openalex.org/W3004804877
https://openalex.org/W3005206768
https://openalex.org/W3027017123
https://openalex.org/W3031258597
https://openalex.org/W3037898287
https://openalex.org/W3041462472
https://openalex.org/W3099561230
https://openalex.org/W3102563493
https://openalex.org/W3120368065
https://openalex.org/W3124487543
https://openalex.org/W3131065604
https://openalex.org/W3153854932
https://openalex.org/W3211946200
https://openalex.org/W4237608406
https://openalex.org/W4296773263
https://openalex.org/W4312529357
https://openalex.org/W582766175
https://openalex.org/W82271047
https://openalex.org/W901235465
https://openalex.org/W1149812553
https://openalex.org/W1788326552
https://openalex.org/W1806863877
https://openalex.org/W1840661252
https://openalex.org/W1847681443
https://openalex.org/W1888832760
https://openalex.org/W1964098480
https://openalex.org/W1967395970
https://openalex.org/W1971245098
https://openalex.org/W1977075438
https://openalex.org/W1979676227
https://openalex.org/W1987302260
https://openalex.org/W2005421428
https://openalex.org/W2005751004
https://openalex.org/W2018869216
https://openalex.org/W2037877290
https://openalex.org/W2038120110
https://openalex.org/W2038790701
https://openalex.org/W2047932478
https://openalex.org/W2053317986
https://openalex.org/W2055398591
https://openalex.org/W2058789938
https://openalex.org/W2068443770
https://openalex.org/W2070767019
https://openalex.org/W2077328633
https://openalex.org/W2077411564
https://openalex.org/W2117732858
https://openalex.org/W2157192872
https://openalex.org/W2270060539
https://openalex.org/W2321998156
https://openalex.org/W2325006531
https://openalex.org/W2334841236
https://openalex.org/W2419443988
https://openalex.org/W2585416859
https://openalex.org/W2610571709
https://openalex.org/W2755672867
https://openalex.org/W2781959747
https://openalex.org/W2790841296
https://openalex.org/W2791333167
https://openalex.org/W2800766330
https://openalex.org/W2894314008
https://openalex.org/W2897317754
https://openalex.org/W2898262058
https://openalex.org/W2898272070
https://openalex.org/W2901283384
https://openalex.org/W2904056213
https://openalex.org/W2915732108
https://openalex.org/W2933191708
https://openalex.org/W2950157085
https://openalex.org/W2960087994
https://openalex.org/W2994540167
https://openalex.org/W3007022935
https://openalex.org/W3011258029
https://openalex.org/W3016291906
https://openalex.org/W3033410805
https://openalex.org/W3038124410
https://openalex.org/W3045599073
https://openalex.org/W3049670962
https://openalex.org/W3107357123
https://openalex.org/W3112417545
https://openalex.org/W3113206712
https://openalex.org/W3149354679
https://openalex.org/W3171600128
https://openalex.org/W3197606384
https://openalex.org/W4214516318
https://openalex.org/W4282017374
https://openalex.org/W4284709246
https://openalex.org/W4292836708
https://openalex.org/W4295655086
https://openalex.org/W619053266
https://openalex.org/W999003415
https://openalex.org/W1161730093
https://openalex.org/W1485396197
https://openalex.org/W1513424420
https://openalex.org/W1559023817
https://openalex.org/W1567882396
https://openalex.org/W1793649999
https://openalex.org/W1965046570
https://openalex.org/W1969081428
https://openalex.org/W197372639
https://openalex.org/W1981435783
https://openalex.org/W1982737595
https://openalex.org/W1986989746
https://openalex.org/W1989215581
https://openalex.org/W1993660947
https://openalex.org/W2000964695
https://openalex.org/W2001698512
https://openalex.org/W2014040743
https://openalex.org/W2015257018
https://openalex.org/W2015699441
https://openalex.org/W2020308196
https://openalex.org/W2024504946
https://openalex.org/W2034925667
https://openalex.org/W2038704091
https://openalex.org/W2049691066
https://openalex.org/W2062727111
https://openalex.org/W206929901
https://openalex.org/W2072631418
https://openalex.org/W2082698201
https://openalex.org/W2087141276
https://openalex.org/W2092984419
https://openalex.org/W2094869108
https://openalex.org/W2098090068
https://openalex.org/W2099615728
https://openalex.org/W2102353386
https://openalex.org/W2116859499
https://openalex.org/W2145693453
https://openalex.org/W2147279650
https://openalex.org/W2152512215
https://openalex.org/W2154711583
https://openalex.org/W2163061294
https://openalex.org/W2180099772
https://openalex.org/W2210432181
https://openalex.org/W2245863486
https://openalex.org/W2266652924
https://openalex.org/W2315550448
https://openalex.org/W2322381029
https://openalex.org/W2327786017
https://openalex.org/W2346188269
https://openalex.org/W2401004755
https://openalex.org/W2411863565
https://openalex.org/W2412180990
https://openalex.org/W2502460617
https://openalex.org/W2528830897
https://openalex.org/W2550417268
https://openalex.org/W2570929456
https://openalex.org/W2591009297
https://openalex.org/W2612577516
https://openalex.org/W2613581608
https://openalex.org/W2621810736
https://openalex.org/W2653143650
https://openalex.org/W2748598399
https://openalex.org/W2754755657
https://openalex.org/W2767436419
https://openalex.org/W2789019486
https://openalex.org/W2801442855
https://openalex.org/W2804360725
https://openalex.org/W2898640083
https://openalex.org/W2904367185
https://openalex.org/W2905952608
https://openalex.org/W2908531918
https://openalex.org/W2909592627
https://openalex.org/W2913319641
https://openalex.org/W2913496126
https://openalex.org/W2915074257
https://openalex.org/W2921157825
https://openalex.org/W2943705851
https://openalex.org/W2955153092
https://openalex.org/W2961930566
https://openalex.org/W2979523427
https://openalex.org/W2998836834
https://openalex.org/W2999602241
https://openalex.org/W3011421230
https://openalex.org/W3030340063
https://openalex.org/W3041552428
https://openalex.org/W3046982604
https://openalex.org/W3093130504
https://openalex.org/W3096986689
https://openalex.org/W3102934848
https://openalex.org/W3108936309
https://openalex.org/W3124226930
https://openalex.org/W3125603157
https://openalex.org/W3136618203
https://openalex.org/W3158228096
https://openalex.org/W3159906307
https://openalex.org/W3165010981
https://openalex.org/W3167460418
https://openalex.org/W3195936180
https://openalex.org/W3197639791
https://openalex.org/W3201952406
https://openalex.org/W3206493939
https://openalex.org/W32943981
https://openalex.org/W4214697838
https://openalex.org/W4226341401
https://openalex.org/W4249130247
https://openalex.org/W4284974349
https://openalex.org/W4381046452
https://openalex.org/W614063909
https://openalex.org/W1483398635
https://openalex.org/W1544837049
https://openalex.org/W1563860439
https://openalex.org/W1655827
https://openalex.org/W183943069
https://openalex.org/W1900637473
https://openalex.org/W1968367698
https://openalex.org/W1975821222
https://openalex.org/W1978173522
https://openalex.org/W1983887183
https://openalex.org/W1985210209
https://openalex.org/W1985653979
https://openalex.org/W1988296363
https://openalex.org/W1988777519
https://openalex.org/W1989680295
https://openalex.org/W1991496420
https://openalex.org/W2009051087
https://openalex.org/W2014464499
https://openalex.org/W2036392669
https://openalex.org/W2051496352
https://openalex.org/W2056567643
https://openalex.org/W2065026232
https://openalex.org/W2069436460
https://openalex.org/W2077502665
https://openalex.org/W2078800419
https://openalex.org/W207981441
https://openalex.org/W2121729787
https://openalex.org/W2132891084
https://openalex.org/W215201459
https://openalex.org/W2279246521
https://openalex.org/W2312317467
https://openalex.org/W2316253206
https://openalex.org/W2326121902
https://openalex.org/W2331603803
https://openalex.org/W2339620432
https://openalex.org/W2344986657
https://openalex.org/W2401219582
https://openalex.org/W2483550190
https://openalex.org/W2504770267
https://openalex.org/W2524143495
https://openalex.org/W2582530408
https://openalex.org/W2612304924
https://openalex.org/W2621278296
https://openalex.org/W2801525167
https://openalex.org/W2888325163
https://openalex.org/W2892497149
https://openalex.org/W2909256932
https://openalex.org/W2911146538
https://openalex.org/W2914903955
https://openalex.org/W2950035551
https://openalex.org/W2953023586
https://openalex.org/W2969659419
https://openalex.org/W2983303103
https://openalex.org/W2995890455
https://openalex.org/W2995991606
https://openalex.org/W3004929216
https://openalex.org/W3015955584
https://openalex.org/W3045494208
https://openalex.org/W3083445312
https://openalex.org/W3095688745
https://openalex.org/W3126343409
https://openalex.org/W3151997158
https://openalex.org/W3206195381
https://openalex.org/W3209458051
https://openalex.org/W381616491
https://openalex.org/W4200490672
https://openalex.org/W4205513426
https://openalex.org/W4205975152
https://openalex.org/W4210263104
https://openalex.org/W4220860280
https://openalex.org/W4224109685
https://openalex.org/W4249703178
https://openalex.org/W4294904666
https://openalex.org/W4297238569
https://openalex.org/W4312178636
https://openalex.org/W4315752815
https://openalex.org/W4323653768
https://openalex.org/W68653578
https://openalex.org/W860407055
https://openalex.org/W1537198248
https://openalex.org/W1545710505
https://openalex.org/W1558504634
https://openalex.org/W1560154545
https://openalex.org/W1581762252
https://openalex.org/W1595323422
https://openalex.org/W171619649
https://openalex.org/W183400315
https://openalex.org/W1893858435
https://openalex.org/W1925975122
https://openalex.org/W1971143213
https://openalex.org/W1985999811
https://openalex.org/W1986942693
https://openalex.org/W1993408439
https://openalex.org/W2003397979
https://openalex.org/W2004190881
https://openalex.org/W2008167329
https://openalex.org/W2013048925
https://openalex.org/W2027821716
https://openalex.org/W2034910048
https://openalex.org/W2034995709
https://openalex.org/W2035905154
https://openalex.org/W2040003267
https://openalex.org/W2043164456
https://openalex.org/W2043550393
https://openalex.org/W2047585865
https://openalex.org/W2053367633
https://openalex.org/W2058387971
https://openalex.org/W2065335297
https://openalex.org/W2073699056
https://openalex.org/W2077246852
https://openalex.org/W2077516741
https://openalex.org/W2078720219
https://openalex.org/W2093214270
https://openalex.org/W2094110141
https://openalex.org/W2094452529
https://openalex.org/W2107330750
https://openalex.org/W2125095305
https://openalex.org/W2127045629
https://openalex.org/W2134445795
https://openalex.org/W2140760739
https://openalex.org/W2145213202
https://openalex.org/W2151270841
https://openalex.org/W2168715873
https://openalex.org/W2171117844
https://openalex.org/W2206914434
https://openalex.org/W2244273517
https://openalex.org/W2296522629
https://openalex.org/W2316002116
https://openalex.org/W2321447375
https://openalex.org/W2323255136
https://openalex.org/W2415924359
https://openalex.org/W2561567630
https://openalex.org/W2576392321
https://openalex.org/W2613383283
https://openalex.org/W2613821306
https://openalex.org/W2614802312
https://openalex.org/W2615883014
https://openalex.org/W2621115945
https://openalex.org/W2660472212
https://openalex.org/W2753075790
https://openalex.org/W2763234658
https://openalex.org/W2791701161
https://openalex.org/W2795282232
https://openalex.org/W2807036887
https://openalex.org/W2810116542
https://openalex.org/W2811464563
https://openalex.org/W2884790689
https://openalex.org/W2885931745
https://openalex.org/W2894953523
https://openalex.org/W2897422927
https://openalex.org/W2914768657
https://openalex.org/W2921216236
https://openalex.org/W2929985846
https://openalex.org/W2944768156
https://openalex.org/W2945229143
https://openalex.org/W2945244588
https://openalex.org/W2949223896
https://openalex.org/W2951112534
https://openalex.org/W2961344520
https://openalex.org/W2969326113
https://openalex.org/W2972163983
https://openalex.org/W2979918761
https://openalex.org/W2980145145
https://openalex.org/W3003285384
https://openalex.org/W3012243060
https://openalex.org/W3017095265
https://openalex.org/W3022580317
https://openalex.org/W3040462728
https://openalex.org/W3040864619
https://openalex.org/W3089435720
https://openalex.org/W3092297625
https://openalex.org/W3092554978
https://openalex.org/W3093268671
https://openalex.org/W3094498341
https://openalex.org/W3095343287
https://openalex.org/W3097795921
https://openalex.org/W3109265980
https://openalex.org/W3124696059
https://openalex.org/W3131803750
https://openalex.org/W3158746897
https://openalex.org/W3162418470
https://openalex.org/W3193643639
https://openalex.org/W3195416334
https://openalex.org/W3195846376
https://openalex.org/W3196711650
https://openalex.org/W3205098230
https://openalex.org/W3211062034
https://openalex.org/W3214083181
https://openalex.org/W3215297275
https://openalex.org/W3216150716
https://openalex.org/W4200227741
https://openalex.org/W4200260741
https://openalex.org/W4210340770
https://openalex.org/W4221089416
https://openalex.org/W4223591645
https://openalex.org/W4237494024
https://openalex.org/W4242713209
https://openalex.org/W4288905965
https://openalex.org/W4290659891
https://openalex.org/W4310537601
https://openalex.org/W4365811204
https://openalex.org/W644950341
https://openalex.org/W99466530
https://openalex.org/W1128590149
https://openalex.org/W135124311
https://openalex.org/W1479924294
https://openalex.org/W1513926712
https://openalex.org/W1783441355
https://openalex.org/W1783952274
https://openalex.org/W178733266
https://openalex.org/W1841298912
https://openalex.org/W1850487676
https://openalex.org/W1909160360
https://openalex.org/W1912497889
https://openalex.org/W1941243424
https://openalex.org/W1949431270
https://openalex.org/W1970341243
https://openalex.org/W1971165919
https://openalex.org/W1972413531
https://openalex.org/W1976828303
https://openalex.org/W1980033261
https://openalex.org/W1986112322
https://openalex.org/W1998309695
https://openalex.org/W1999229477
https://openalex.org/W2012004539
https://openalex.org/W2014358135
https://openalex.org/W2026350185
https://openalex.org/W2029415465
https://openalex.org/W2032813152
https://openalex.org/W2035993289
https://openalex.org/W2040251423
https://openalex.org/W2040723323
https://openalex.org/W2041587944
https://openalex.org/W2043124034
https://openalex.org/W2046515541
https://openalex.org/W2049710963
https://openalex.org/W2050647251
https://openalex.org/W2055149287
https://openalex.org/W2055867415
https://openalex.org/W2056872993
https://openalex.org/W2072078303
https://openalex.org/W2073045332
https://openalex.org/W2077530054
https://openalex.org/W2078983904
https://openalex.org/W2079326081
https://openalex.org/W2091705685
https://openalex.org/W2103012053
https://openalex.org/W2105257180
https://openalex.org/W2105655952
https://openalex.org/W2105982498
https://openalex.org/W2118939582
https://openalex.org/W2128229498
https://openalex.org/W2137852194
https://openalex.org/W2143661613
https://openalex.org/W2252559894
https://openalex.org/W2274028763
https://openalex.org/W2291871995
https://openalex.org/W2318728992
https://openalex.org/W2320451579
https://openalex.org/W2328637424
https://openalex.org/W2331981675
https://openalex.org/W2333163796
https://openalex.org/W2334256620
https://openalex.org/W2398821347
https://openalex.org/W2404144033
https://openalex.org/W2409320353
https://openalex.org/W2415786311
https://openalex.org/W2429496578
https://openalex.org/W2441994793
https://openalex.org/W2471959665
https://openalex.org/W2480401634
https://openalex.org/W2486676326
https://openalex.org/W2495350457
https://openalex.org/W2501657126
https://openalex.org/W2527575380
https://openalex.org/W2529752804
https://openalex.org/W2558317064
https://openalex.org/W2596207791
https://openalex.org/W2600119353
https://openalex.org/W2602259679
https://openalex.org/W2626859449
https://openalex.org/W2767367811
https://openalex.org/W2791073758
https://openalex.org/W2793233186
https://openalex.org/W2808672251
https://openalex.org/W2808988834
https://openalex.org/W2809893894
https://openalex.org/W2887142261
https://openalex.org/W2913953476
https://openalex.org/W2949013697
https://openalex.org/W2969664724
https://openalex.org/W2976446406
https://openalex.org/W2980035964
https://openalex.org/W2983550570
https://openalex.org/W3004373369
https://openalex.org/W3005772653
https://openalex.org/W3015291668
https://openalex.org/W3036550981
https://openalex.org/W3038411158
https://openalex.org/W3044033477
https://openalex.org/W3112386252
https://openalex.org/W3119280713
https://openalex.org/W3126537100
https://openalex.org/W3126915960
https://openalex.org/W3142660460
https://openalex.org/W3146071181
https://openalex.org/W3150039351
https://openalex.org/W3163134109
https://openalex.org/W3163452103
https://openalex.org/W3185726379
https://openalex.org/W3192586042
https://openalex.org/W3206575642
https://openalex.org/W3209662460
https://openalex.org/W3211659847
https://openalex.org/W3213939506
https://openalex.org/W404613806
https://openalex.org/W4200344826
https://openalex.org/W4210821089
https://openalex.org/W4214624975
https://openalex.org/W4214936980
https://openalex.org/W4226487406
https://openalex.org/W4249785268
https://openalex.org/W4289972941
https://openalex.org/W4312053647
https://openalex.org/W4315620878
https://openalex.org/W4318833777
https://openalex.org/W46010928
https://openalex.org/W584716447
https://openalex.org/W58927646
https://openalex.org/W1496702602
https://openalex.org/W1524697561
https://openalex.org/W1543063860
https://openalex.org/W1543797957
https://openalex.org/W1579874750
https://openalex.org/W1637266332
https://openalex.org/W165480512
https://openalex.org/W1656251095
https://openalex.org/W1683797794
https://openalex.org/W1770268907
https://openalex.org/W1777351530
https://openalex.org/W1781272897
https://openalex.org/W1789364966
https://openalex.org/W1793473891
https://openalex.org/W182698733
https://openalex.org/W1832582595
https://openalex.org/W1879441647
https://openalex.org/W1882737116
https://openalex.org/W1883343139
https://openalex.org/W1891726109
https://openalex.org/W1972652036
https://openalex.org/W1973948171
https://openalex.org/W1974337656
https://openalex.org/W1977559412
https://openalex.org/W1977748364
https://openalex.org/W1978392667
https://openalex.org/W1980508960
https://openalex.org/W1981224943
https://openalex.org/W1981608930
https://openalex.org/W1985502813
https://openalex.org/W1987400015
https://openalex.org/W1999222055
https://openalex.org/W2003243762
https://openalex.org/W2003773492
https://openalex.org/W2014950358
https://openalex.org/W2016456777
https://openalex.org/W2019158130
https://openalex.org/W2028923775
https://openalex.org/W2029240866
https://openalex.org/W2032709460
https://openalex.org/W2043771816
https://openalex.org/W2046235001
https://openalex.org/W2053947244
https://openalex.org/W2054354575
https://openalex.org/W2059698001
https://openalex.org/W2063532298
https://openalex.org/W2066680341
https://openalex.org/W2066947831
https://openalex.org/W2074286768
https://openalex.org/W2074888751
https://openalex.org/W2077114957
https://openalex.org/W2077711051
https://openalex.org/W2077904789
https://openalex.org/W2090647135
https://openalex.org/W2094591549
https://openalex.org/W2099504964
https://openalex.org/W2099754535
https://openalex.org/W2144432587
https://openalex.org/W2153853624
https://openalex.org/W2164741904
https://openalex.org/W2273962031
https://openalex.org/W2289827191
https://openalex.org/W2321082684
https://openalex.org/W2332355964
https://openalex.org/W2398855962
https://openalex.org/W2399856568
https://openalex.org/W2405778081
https://openalex.org/W2407858279
https://openalex.org/W2415101153
https://openalex.org/W2419317358
https://openalex.org/W2480214539
https://openalex.org/W2485647102
https://openalex.org/W2488702039
https://openalex.org/W2494016458
https://openalex.org/W2494167956
https://openalex.org/W2499730672
https://openalex.org/W2527358261
https://openalex.org/W2527643152
https://openalex.org/W2550279341
https://openalex.org/W2594155922
https://openalex.org/W2595937756
https://openalex.org/W2615053943
https://openalex.org/W2618238238
https://openalex.org/W2621803814
https://openalex.org/W2708162169
https://openalex.org/W2728771178
https://openalex.org/W2740780231
https://openalex.org/W2752047570
https://openalex.org/W2767763307
https://openalex.org/W2795300765
https://openalex.org/W2801344310
https://openalex.org/W2810101908
https://openalex.org/W2885626746
https://openalex.org/W2889422075
https://openalex.org/W29048662
https://openalex.org/W2908988328
https://openalex.org/W2914516732
https://openalex.org/W2917454858
https://openalex.org/W2936479943
https://openalex.org/W2947918844
https://openalex.org/W2949719714
https://openalex.org/W2957689110
https://openalex.org/W2967141106
https://openalex.org/W2981530573
https://openalex.org/W2982092662
https://openalex.org/W2985064589
https://openalex.org/W2988526104
https://openalex.org/W2994940937
https://openalex.org/W3017187167
https://openalex.org/W3017321427
https://openalex.org/W3018156905
https://openalex.org/W3023145823
https://openalex.org/W3031503537
https://openalex.org/W3038044200
https://openalex.org/W3040230739
https://openalex.org/W3048340670
https://openalex.org/W3082879037
https://openalex.org/W3083003523
https://openalex.org/W3087959882
https://openalex.org/W3092145125
https://openalex.org/W3094358850
https://openalex.org/W3107427811
https://openalex.org/W3116607974
https://openalex.org/W3148361189
https://openalex.org/W3161618743
https://openalex.org/W3174046991
https://openalex.org/W3189003427
https://openalex.org/W3192464429
https://openalex.org/W3195645367
https://openalex.org/W3202500848
https://openalex.org/W390854686
https://openalex.org/W399438034
https://openalex.org/W4200167696
https://openalex.org/W4200550347
https://openalex.org/W4205160097
https://openalex.org/W4205170925
https://openalex.org/W4207070934
https://openalex.org/W4210844901
https://openalex.org/W4211026069
https://openalex.org/W4220942848
https://openalex.org/W4225128179
https://openalex.org/W4242730686
https://openalex.org/W4244802205
https://openalex.org/W4251828840
https://openalex.org/W4255286860
https://openalex.org/W4256260765
https://openalex.org/W4280551112
https://openalex.org/W4292800916
https://openalex.org/W4293722876
https://openalex.org/W4296690687
https://openalex.org/W4297831370
https://openalex.org/W4297905868
https://openalex.org/W4306362099
https://openalex.org/W4309501759
https://openalex.org/W4312596228
https://openalex.org/W4386076458
https://openalex.org/W745881471
https://openalex.org/W1438857552
https://openalex.org/W1491298929
https://openalex.org/W1593644825
https://openalex.org/W1605074792
https://openalex.org/W1632172422
https://openalex.org/W165430872
https://openalex.org/W1710838989
https://openalex.org/W1721532114
https://openalex.org/W1774032246
https://openalex.org/W1774195213
https://openalex.org/W1776800610
https://openalex.org/W1783197256
https://openalex.org/W1825688041
https://openalex.org/W1968431921
https://openalex.org/W1974755108
https://openalex.org/W1977179272
https://openalex.org/W1977818629
https://openalex.org/W1981608449
https://openalex.org/W1985397146
https://openalex.org/W1997058876
https://openalex.org/W2005786764
https://openalex.org/W2017398207
https://openalex.org/W2017458404
https://openalex.org/W2017771514
https://openalex.org/W2022762331
https://openalex.org/W2031798767
https://openalex.org/W2032307405
https://openalex.org/W2033857237
https://openalex.org/W2036375726
https://openalex.org/W2040985560
https://openalex.org/W2042843245
https://openalex.org/W2049212552
https://openalex.org/W2050496390
https://openalex.org/W2052587530
https://openalex.org/W2054738454
https://openalex.org/W2065460870
https://openalex.org/W2081766764
https://openalex.org/W2083018813
https://openalex.org/W2086953955
https://openalex.org/W2087838037
https://openalex.org/W2089197592
https://openalex.org/W2091912453
https://openalex.org/W2092696121
https://openalex.org/W2109384809
https://openalex.org/W2113065854
https://openalex.org/W2118922178
https://openalex.org/W2123902384
https://openalex.org/W2129513323
https://openalex.org/W2143823486
https://openalex.org/W2143965868
https://openalex.org/W2146040389
https://openalex.org/W214747036
https://openalex.org/W2150937527
https://openalex.org/W2155765172
https://openalex.org/W2170520238
https://openalex.org/W2205714271
https://openalex.org/W2211639176
https://openalex.org/W2315202310
https://openalex.org/W2317569586
https://openalex.org/W2324006157
https://openalex.org/W2324043809
https://openalex.org/W2329080229
https://openalex.org/W2332197479
https://openalex.org/W2340663722
https://openalex.org/W2341881269
https://openalex.org/W2345820582
https://openalex.org/W2406826747
https://openalex.org/W2411036010
https://openalex.org/W2466992817
https://openalex.org/W2486927059
https://openalex.org/W2502981301
https://openalex.org/W2508703955
https://openalex.org/W2517465930
https://openalex.org/W2524637708
https://openalex.org/W2527017755
https://openalex.org/W2571937744
https://openalex.org/W2588807769
https://openalex.org/W2605511602
https://openalex.org/W2745163904
https://openalex.org/W2747530664
https://openalex.org/W276256169
https://openalex.org/W2766462078
https://openalex.org/W2767706249
https://openalex.org/W2780183727
https://openalex.org/W2782360736
https://openalex.org/W2793151132
https://openalex.org/W2800664759
https://openalex.org/W2887990295
https://openalex.org/W2891054991
https://openalex.org/W2893511975
https://openalex.org/W2906933572
https://openalex.org/W2914137490
https://openalex.org/W2949559828
https://openalex.org/W2951552145
https://openalex.org/W2964303472
https://openalex.org/W2979463010
https://openalex.org/W2999531799
https://openalex.org/W2999592416
https://openalex.org/W3000214291
https://openalex.org/W3006569505
https://openalex.org/W3012658349
https://openalex.org/W3016352280
https://openalex.org/W3018548783
https://openalex.org/W3022787330
https://openalex.org/W3037784243
https://openalex.org/W3048379520
https://openalex.org/W3048914950
https://openalex.org/W3080974060
https://openalex.org/W3081119182
https://openalex.org/W3082908943
https://openalex.org/W3083097736
https://openalex.org/W3083295797
https://openalex.org/W3083693277
https://openalex.org/W3085423360
https://openalex.org/W3087581706
https://openalex.org/W3101460626
https://openalex.org/W3103355677
https://openalex.org/W3108758307
https://openalex.org/W3120992616
https://openalex.org/W3128797368
https://openalex.org/W3136737361
https://openalex.org/W3153108199
https://openalex.org/W3159145772
https://openalex.org/W3167533581
https://openalex.org/W3176897141
https://openalex.org/W3179392102
https://openalex.org/W3192873905
https://openalex.org/W3208228531
https://openalex.org/W3210880833
https://openalex.org/W3211076411
https://openalex.org/W3214516280
https://openalex.org/W4200035416
https://openalex.org/W4200598002
https://openalex.org/W4206057693
https://openalex.org/W4206655305
https://openalex.org/W4210332772
https://openalex.org/W4214856021
https://openalex.org/W4224884897
https://openalex.org/W4225302312
https://openalex.org/W4231200064
https://openalex.org/W4234789913
https://openalex.org/W4244305003
https://openalex.org/W4244889489
https://openalex.org/W4244896870
https://openalex.org/W4245337332
https://openalex.org/W4255441825
https://openalex.org/W4281618925
https://openalex.org/W4286839902
https://openalex.org/W4288080821
https://openalex.org/W4289313458
https://openalex.org/W4293251262
https://openalex.org/W4297176386
https://openalex.org/W4306885031
https://openalex.org/W4309495338
https://openalex.org/W4312239639
https://openalex.org/W4313244988
https://openalex.org/W4313639199
https://openalex.org/W4315752610
https://openalex.org/W4324092202
https://openalex.org/W4366245844
https://openalex.org/W46671118
https://openalex.org/W656801294
https://openalex.org/W78246571
https://openalex.org/W10869585
https://openalex.org/W1444541974
https://openalex.org/W1485867393
https://openalex.org/W1511359373
https://openalex.org/W1512558533
https://openalex.org/W1517859430
https://openalex.org/W1542086702
https://openalex.org/W1551749757
https://openalex.org/W1554152374
https://openalex.org/W1656789869
https://openalex.org/W1666696554
https://openalex.org/W1707226564
https://openalex.org/W1762641104
https://openalex.org/W1773787280
https://openalex.org/W1778859089
https://openalex.org/W1780495468
https://openalex.org/W1859288569
https://openalex.org/W1871349430
https://openalex.org/W1906382166
https://openalex.org/W1920907732
https://openalex.org/W1972970453
https://openalex.org/W1977630521
https://openalex.org/W1978516713
https://openalex.org/W1980840910
https://openalex.org/W1983477776
https://openalex.org/W1988527387
https://openalex.org/W1989310539
https://openalex.org/W1989822016
https://openalex.org/W1992023775
https://openalex.org/W1994166724
https://openalex.org/W1995761878
https://openalex.org/W2008492386
https://openalex.org/W2011274215
https://openalex.org/W2011453360
https://openalex.org/W2012708299
https://openalex.org/W2013084847
https://openalex.org/W2013125342
https://openalex.org/W2016851767
https://openalex.org/W2020873773
https://openalex.org/W2020973759
https://openalex.org/W2026953851
https://openalex.org/W2032985253
https://openalex.org/W2041731200
https://openalex.org/W2048143746
https://openalex.org/W2051868055
https://openalex.org/W2053441570
https://openalex.org/W2058061464
https://openalex.org/W2063502849
https://openalex.org/W2064158331
https://openalex.org/W2064999196
https://openalex.org/W2076735309
https://openalex.org/W2077814517
https://openalex.org/W2081771059
https://openalex.org/W2086665599
https://openalex.org/W2088349124
https://openalex.org/W2089329484
https://openalex.org/W2089952002
https://openalex.org/W2098438716
https://openalex.org/W2100367214
https://openalex.org/W2118616633
https://openalex.org/W2128783846
https://openalex.org/W2138236174
https://openalex.org/W2140406291
https://openalex.org/W2141108211
https://openalex.org/W2145810928
https://openalex.org/W2147528316
https://openalex.org/W2158038435
https://openalex.org/W2159364316
https://openalex.org/W2208102918
https://openalex.org/W2234231051
https://openalex.org/W2250550235
https://openalex.org/W2263243513
https://openalex.org/W2269906600
https://openalex.org/W2283637178
https://openalex.org/W2308013325
https://openalex.org/W2316831731
https://openalex.org/W2320827878
https://openalex.org/W2321019205
https://openalex.org/W2321191506
https://openalex.org/W2323445091
https://openalex.org/W2328079734
https://openalex.org/W2328486098
https://openalex.org/W2328973644
https://openalex.org/W2331560115
https://openalex.org/W2332460380
https://openalex.org/W2350842303
https://openalex.org/W2398750012
https://openalex.org/W2410339670
https://openalex.org/W2412305642
https://openalex.org/W2413679189
https://openalex.org/W2425168011
https://openalex.org/W2429760849
https://openalex.org/W2440440429
https://openalex.org/W2464036695
https://openalex.org/W2464752943
https://openalex.org/W2467389630
https://openalex.org/W2481920367
https://openalex.org/W2487921865
https://openalex.org/W2496360595
https://openalex.org/W2499733945
https://openalex.org/W2501871745
https://openalex.org/W2506259093
https://openalex.org/W2525438786
https://openalex.org/W2525618693
https://openalex.org/W2552836919
https://openalex.org/W2555699989
https://openalex.org/W2559329667
https://openalex.org/W2562683041
https://openalex.org/W2589058269
https://openalex.org/W2601514941
https://openalex.org/W2605217507
https://openalex.org/W2609108367
https://openalex.org/W2613074584
https://openalex.org/W2621121633
https://openalex.org/W2689395376
https://openalex.org/W2748999673
https://openalex.org/W2764317797
https://openalex.org/W2789981679
https://openalex.org/W2796390483
https://openalex.org/W2799952765
https://openalex.org/W2801395734
https://openalex.org/W2802872846
https://openalex.org/W2862621405
https://openalex.org/W2908610453
https://openalex.org/W2911506693
https://openalex.org/W2917699526
https://openalex.org/W2936771736
https://openalex.org/W2946502364
https://openalex.org/W2950818739
https://openalex.org/W2952445890
https://openalex.org/W2955306499
https://openalex.org/W2961938033
https://openalex.org/W2969254654
https://openalex.org/W2969719060
https://openalex.org/W2982909904
https://openalex.org/W2985182744
https://openalex.org/W2995695852
https://openalex.org/W2999181105
https://openalex.org/W3016670234
https://openalex.org/W3016951032
https://openalex.org/W3021200161
https://openalex.org/W3036305081
https://openalex.org/W3038965337
https://openalex.org/W3039338306
https://openalex.org/W3081552757
https://openalex.org/W3081865161
https://openalex.org/W3083050034
https://openalex.org/W3083755571
https://openalex.org/W3088077282
https://openalex.org/W3088637000
https://openalex.org/W3096108136
https://openalex.org/W3111138878
https://openalex.org/W3112235382
https://openalex.org/W3117236444
https://openalex.org/W3118670887
https://openalex.org/W3148896161
https://openalex.org/W3154513398
https://openalex.org/W3163675769
https://openalex.org/W3169017081
https://openalex.org/W3175257617
https://openalex.org/W3183103178
https://openalex.org/W3183377724
https://openalex.org/W3197244170
https://openalex.org/W3198731431
https://openalex.org/W3201045963
https://openalex.org/W3208794092
https://openalex.org/W3209939051
https://openalex.org/W354245115
https://openalex.org/W41691177
https://openalex.org/W4205159899
https://openalex.org/W4206442634
https://openalex.org/W4210253212
https://openalex.org/W4210592352
https://openalex.org/W4211252083
https://openalex.org/W4212821028
https://openalex.org/W4212822165
https://openalex.org/W4214686193
https://openalex.org/W4214734177
https://openalex.org/W4226319586
https://openalex.org/W4229906018
https://openalex.org/W4237556767
https://openalex.org/W4238740008
https://openalex.org/W4239111059
https://openalex.org/W4239265939
https://openalex.org/W4242448490
https://openalex.org/W4247409491
https://openalex.org/W4252928660
https://openalex.org/W4282033250
https://openalex.org/W4285813576
https://openalex.org/W4286843868
https://openalex.org/W4287510363
https://openalex.org/W4292259743
https://openalex.org/W4293875028
https://openalex.org/W4294740772
https://openalex.org/W4295804260
https://openalex.org/W4296784044
https://openalex.org/W4296802453
https://openalex.org/W4297231393
https://openalex.org/W4301372693
https://openalex.org/W4306873848
https://openalex.org/W4308182903
https://openalex.org/W4308867386
https://openalex.org/W4310018768
https://openalex.org/W4311988061
https://openalex.org/W4312894178
https://openalex.org/W4313018632
https://openalex.org/W4316654336
https://openalex.org/W4317798224
https://openalex.org/W4318473252
https://openalex.org/W4323307100
https://openalex.org/W4360608661
https://openalex.org/W4378976285
https://openalex.org/W50478018
https://openalex.org/W57332947
https://openalex.org/W579637906
https://openalex.org/W593013456
https://openalex.org/W60645188
https://openalex.org/W626182806
https://openalex.org/W626324544
https://openalex.org/W82919183
https://openalex.org/W109547909
https://openalex.org/W116763260
https://openalex.org/W1226674301
https://openalex.org/W130537562
https://openalex.org/W130998138
https://openalex.org/W1469076875
https://openalex.org/W1531704365
https://openalex.org/W1550701522
https://openalex.org/W1561571964
https://openalex.org/W159811265
https://openalex.org/W1607387790
https://openalex.org/W1615996282
https://openalex.org/W1641766802
https://openalex.org/W1658910908
https://openalex.org/W171547199
https://openalex.org/W1769134799
https://openalex.org/W1782275537
https://openalex.org/W1794730832
https://openalex.org/W180324358
https://openalex.org/W1817795508
https://openalex.org/W182558211
https://openalex.org/W1866212485
https://openalex.org/W1871530976
https://openalex.org/W1902849062
https://openalex.org/W1927272064
https://openalex.org/W1934815481
https://openalex.org/W1949110572
https://openalex.org/W1957534276
https://openalex.org/W1959802790
https://openalex.org/W1965837178
https://openalex.org/W1967388423
https://openalex.org/W1975159870
https://openalex.org/W1975195399
https://openalex.org/W1975764451
https://openalex.org/W1980921597
https://openalex.org/W1981878843
https://openalex.org/W1983475833
https://openalex.org/W1984817171
https://openalex.org/W1988711901
https://openalex.org/W1990317432
https://openalex.org/W1990930318
https://openalex.org/W1991731429
https://openalex.org/W1995104151
https://openalex.org/W2000488986
https://openalex.org/W2001895619
https://openalex.org/W2003870193
https://openalex.org/W2003897871
https://openalex.org/W2004004068
https://openalex.org/W2005170142
https://openalex.org/W2005677709
https://openalex.org/W2006705640
https://openalex.org/W2009774636
https://openalex.org/W2010158877
https://openalex.org/W2011942327
https://openalex.org/W2013397323
https://openalex.org/W2015337137
https://openalex.org/W2015967145
https://openalex.org/W2017624088
https://openalex.org/W2024534510
https://openalex.org/W2025025163
https://openalex.org/W2025095817
https://openalex.org/W2025116227
https://openalex.org/W2025395249
https://openalex.org/W2025751421
https://openalex.org/W2026326510
https://openalex.org/W2029241864
https://openalex.org/W2031765959
https://openalex.org/W2036092488
https://openalex.org/W2040274186
https://openalex.org/W2041747689
https://openalex.org/W2042134865
https://openalex.org/W2042289293
https://openalex.org/W2042530025
https://openalex.org/W2042883227
https://openalex.org/W2045535749
https://openalex.org/W2047095570
https://openalex.org/W2048720332
https://openalex.org/W2051877147
https://openalex.org/W205648046
https://openalex.org/W2057936794
https://openalex.org/W2058010955
https://openalex.org/W2063970856
https://openalex.org/W2073329341
https://openalex.org/W2079199630
https://openalex.org/W2079599343
https://openalex.org/W2080675789
https://openalex.org/W2082682133
https://openalex.org/W2084264218
https://openalex.org/W2085076791
https://openalex.org/W2085212621
https://openalex.org/W2085720712
https://openalex.org/W2087316656
https://openalex.org/W2089500666
https://openalex.org/W2089600551
https://openalex.org/W2090893718
https://openalex.org/W2091356665
https://openalex.org/W2091818497
https://openalex.org/W2092850530
https://openalex.org/W2096641077
https://openalex.org/W2098183567
https://openalex.org/W2100651586
https://openalex.org/W2101168891
https://openalex.org/W2109890478
https://openalex.org/W2109892739
https://openalex.org/W2119727017
https://openalex.org/W212047935
https://openalex.org/W2125911020
https://openalex.org/W2133905225
https://openalex.org/W2142244582
https://openalex.org/W2147709971
https://openalex.org/W2157819170
https://openalex.org/W2162903093
https://openalex.org/W2170511056
https://openalex.org/W2171672383
https://openalex.org/W2181482143
https://openalex.org/W2182254742
https://openalex.org/W2183531582
https://openalex.org/W2184698626
https://openalex.org/W2214742562
https://openalex.org/W2217138466
https://openalex.org/W2223196282
https://openalex.org/W2226631714
https://openalex.org/W2249624980
https://openalex.org/W2249672168
https://openalex.org/W2249901256
https://openalex.org/W2266672898
https://openalex.org/W2277719682
https://openalex.org/W2282335493
https://openalex.org/W2289494758
https://openalex.org/W2302039959
https://openalex.org/W2313910643
https://openalex.org/W2327659204
https://openalex.org/W2328374823
https://openalex.org/W2328797038
https://openalex.org/W2328982935
https://openalex.org/W2330357932
https://openalex.org/W2330402945
https://openalex.org/W2331824170
https://openalex.org/W2333912049
https://openalex.org/W2338046442
https://openalex.org/W2338673318
https://openalex.org/W2397551192
https://openalex.org/W2399457464
https://openalex.org/W2399536812
https://openalex.org/W2403697963
https://openalex.org/W2411515648
https://openalex.org/W2414581850
https://openalex.org/W2415606196
https://openalex.org/W2416977551
https://openalex.org/W2424084838
https://openalex.org/W2435461988
https://openalex.org/W2460036034
https://openalex.org/W2464821929
https://openalex.org/W2474927169
https://openalex.org/W2490050092
https://openalex.org/W2490599472
https://openalex.org/W2493266066
https://openalex.org/W2500497782
https://openalex.org/W2504444071
https://openalex.org/W2508596939
https://openalex.org/W2508742523
https://openalex.org/W2509425453
https://openalex.org/W2510236180
https://openalex.org/W2513612390
https://openalex.org/W2514448597
https://openalex.org/W2514785134
https://openalex.org/W2516356298
https://openalex.org/W2522771436
https://openalex.org/W2524287180
https://openalex.org/W2525355408
https://openalex.org/W2526913609
https://openalex.org/W2534608847
https://openalex.org/W2539398150
https://openalex.org/W2555965489
https://openalex.org/W2560845797
https://openalex.org/W2577420374
https://openalex.org/W2587676665
https://openalex.org/W2588432222
https://openalex.org/W2588660999
https://openalex.org/W2594072931
https://openalex.org/W2609887893
https://openalex.org/W2617878389
https://openalex.org/W2620568017
https://openalex.org/W26240791
https://openalex.org/W2625558039
https://openalex.org/W2739080774
https://openalex.org/W2761609044
https://openalex.org/W2765394796
https://openalex.org/W2766103363
https://openalex.org/W2767250354
https://openalex.org/W2774574032
https://openalex.org/W2782493574
https://openalex.org/W2790408324
https://openalex.org/W2793454034
https://openalex.org/W2794466950
https://openalex.org/W2801786804
https://openalex.org/W2804349726
https://openalex.org/W2898300515
https://openalex.org/W2904256267
https://openalex.org/W2908876806
https://openalex.org/W2915527664
https://openalex.org/W2916816609
https://openalex.org/W2920462630
https://openalex.org/W2932368564
https://openalex.org/W2936928856
https://openalex.org/W2951413093
https://openalex.org/W2954668175
https://openalex.org/W2970547295
https://openalex.org/W2976726978
https://openalex.org/W2988379329
https://openalex.org/W2989929285
https://openalex.org/W2990749652
https://openalex.org/W2994390526
https://openalex.org/W2999697396
https://openalex.org/W3006505840
https://openalex.org/W3006553272
https://openalex.org/W3015872496
https://openalex.org/W3016572914
https://openalex.org/W3017318643
https://openalex.org/W3017365905
https://openalex.org/W3022391944
https://openalex.org/W3034213840
https://openalex.org/W3037858680
https://openalex.org/W3039328287
https://openalex.org/W3040160068
https://openalex.org/W3048687867
https://openalex.org/W3048935985
https://openalex.org/W3050739343
https://openalex.org/W3081785192
https://openalex.org/W3083473936
https://openalex.org/W3084179315
https://openalex.org/W3090767768
https://openalex.org/W3092640866
https://openalex.org/W3110482033
https://openalex.org/W3113109590
https://openalex.org/W3119095492
https://openalex.org/W3123577304
https://openalex.org/W3126879554
https://openalex.org/W3128311069
https://openalex.org/W3130637630
https://openalex.org/W3131689092
https://openalex.org/W3133463917
https://openalex.org/W3133706773
https://openalex.org/W3152960950
https://openalex.org/W3156764877
https://openalex.org/W3159042725
https://openalex.org/W3159886782
https://openalex.org/W3160007734
https://openalex.org/W3163154864
https://openalex.org/W3165755348
https://openalex.org/W3178685150
https://openalex.org/W3185592859
https://openalex.org/W3198277244
https://openalex.org/W3198776423
https://openalex.org/W3199264959
https://openalex.org/W3200819116
https://openalex.org/W3201075186
https://openalex.org/W3201280527
https://openalex.org/W3202317163
https://openalex.org/W3202823083
https://openalex.org/W3204542541
https://openalex.org/W3204806384
https://openalex.org/W3204923681
https://openalex.org/W3207167270
https://openalex.org/W3208963290
https://openalex.org/W3209088071
https://openalex.org/W3209198561
https://openalex.org/W3209235450
https://openalex.org/W3210115063
https://openalex.org/W3215401415
https://openalex.org/W341413838
https://openalex.org/W4200085933
https://openalex.org/W4205305285
https://openalex.org/W4205833112
https://openalex.org/W4206114141
https://openalex.org/W4214509823
https://openalex.org/W4214726966
https://openalex.org/W4220743806
https://openalex.org/W4225397060
https://openalex.org/W4229001837
https://openalex.org/W4229066457
https://openalex.org/W4229549096
https://openalex.org/W4231400177
https://openalex.org/W4231920496
https://openalex.org/W4231950793
https://openalex.org/W4236189728
https://openalex.org/W4241329891
https://openalex.org/W4242496575
https://openalex.org/W4245653522
https://openalex.org/W4246799934
https://openalex.org/W4247604918
https://openalex.org/W4250050743
https://openalex.org/W4254341276
https://openalex.org/W4255017967
https://openalex.org/W4280538668
https://openalex.org/W4280559370
https://openalex.org/W4282969744
https://openalex.org/W4283363958
https://openalex.org/W4283812429
https://openalex.org/W4285494037
https://openalex.org/W4286611303
https://openalex.org/W4286829584
https://openalex.org/W4286829979
https://openalex.org/W4286835560
https://openalex.org/W4286839608
https://openalex.org/W4288366111
https://openalex.org/W4289515939
https://openalex.org/W4289848703
https://openalex.org/W4290347779
https://openalex.org/W4290406178
https://openalex.org/W4292087134
https://openalex.org/W4292363406
https://openalex.org/W4294862425
https://openalex.org/W4296810132
https://openalex.org/W4296818285
https://openalex.org/W4297348446
https://openalex.org/W4302027204
https://openalex.org/W4303832870
https://openalex.org/W4304890755
https://openalex.org/W4306160065
https://openalex.org/W4308866304
https://openalex.org/W4309103070
https://openalex.org/W4309506676
https://openalex.org/W4309512918
https://openalex.org/W4310015060
https://openalex.org/W4310450577
https://openalex.org/W4311498452
https://openalex.org/W4312159598
https://openalex.org/W4313219348
https://openalex.org/W4313598916
https://openalex.org/W4316618172
https://openalex.org/W4317036152
https://openalex.org/W43173937
https://openalex.org/W4318026726
https://openalex.org/W4319161953
https://openalex.org/W4320065195
https://openalex.org/W4320180227
https://openalex.org/W4320882974
https://openalex.org/W4323539029
https://openalex.org/W4327951472
https://openalex.org/W4361857333
https://openalex.org/W4362473695
https://openalex.org/W4362506762
https://openalex.org/W4366775022
https://openalex.org/W4366815482
https://openalex.org/W4378532718
https://openalex.org/W4379375281
https://openalex.org/W4381082028
https://openalex.org/W4381189728
https://openalex.org/W4381885528
https://openalex.org/W4383198749
https://openalex.org/W4384626592
https://openalex.org/W4384936646
https://openalex.org/W4385803689
https://openalex.org/W4394661
https://openalex.org/W57843288
https://openalex.org/W588196073
https://openalex.org/W5904229
https://openalex.org/W596768454
https://openalex.org/W623576532
https://openalex.org/W624047064
https://openalex.org/W759683444
https://openalex.org/W822503042
https://openalex.org/W1002886699
https://openalex.org/W101108288
https://openalex.org/W101190467
https://openalex.org/W101933613
https://openalex.org/W1039400905
https://openalex.org/W105282836
https://openalex.org/W106505590
https://openalex.org/W107135656
https://openalex.org/W111363280
https://openalex.org/W111476131
https://openalex.org/W1122886307
https://openalex.org/W113621335
https://openalex.org/W114799598
https://openalex.org/W116717835
https://openalex.org/W1170497193
https://openalex.org/W117335772
https://openalex.org/W1176117539
https://openalex.org/W1178268618
https://openalex.org/W117993716
https://openalex.org/W1200737861
https://openalex.org/W127422306
https://openalex.org/W134902386
https://openalex.org/W14065230
https://openalex.org/W146860776
https://openalex.org/W1491442120
https://openalex.org/W1503152818
https://openalex.org/W1504220770
https://openalex.org/W1507845255
https://openalex.org/W1523250758
https://openalex.org/W1524209700
https://openalex.org/W1530273627
https://openalex.org/W1532543859
https://openalex.org/W1533340809
https://openalex.org/W1541822380
https://openalex.org/W1543740862
https://openalex.org/W1545662752
https://openalex.org/W1557247261
https://openalex.org/W1558947262
https://openalex.org/W1563630997
https://openalex.org/W1563785466
https://openalex.org/W1567188702
https://openalex.org/W1569504269
https://openalex.org/W1578140754
https://openalex.org/W1578885668
https://openalex.org/W1580738831
https://openalex.org/W1587298746
https://openalex.org/W1591479610
https://openalex.org/W1598040525
https://openalex.org/W1602945612
https://openalex.org/W1615666387
https://openalex.org/W162226670
https://openalex.org/W1637403791
https://openalex.org/W164255840
https://openalex.org/W1655750450
https://openalex.org/W165635253
https://openalex.org/W1679179937
https://openalex.org/W1709918534
https://openalex.org/W172044621
https://openalex.org/W173916227
https://openalex.org/W1748767839
https://openalex.org/W1754092655
https://openalex.org/W1756152579
https://openalex.org/W1770758952
https://openalex.org/W1791044295
https://openalex.org/W1809263516
https://openalex.org/W1809941510
https://openalex.org/W1817131544
https://openalex.org/W1823065762
https://openalex.org/W184347119
https://openalex.org/W1843609631
https://openalex.org/W1843802173
https://openalex.org/W1869621344
https://openalex.org/W1873614965
https://openalex.org/W1877889576
https://openalex.org/W188103295
https://openalex.org/W188543022
https://openalex.org/W1897470040
https://openalex.org/W1905035139
https://openalex.org/W1908345103
https://openalex.org/W1913315570
https://openalex.org/W1920590227
https://openalex.org/W1924843111
https://openalex.org/W193291151
https://openalex.org/W1946359093
https://openalex.org/W1947536000
https://openalex.org/W1959279967
https://openalex.org/W1963135597
https://openalex.org/W1966593261
https://openalex.org/W1967497641
https://openalex.org/W1968544949
https://openalex.org/W1971299123
https://openalex.org/W1971613949
https://openalex.org/W1972421056
https://openalex.org/W1974790602
https://openalex.org/W1974966042
https://openalex.org/W1977110596
https://openalex.org/W1977205588
https://openalex.org/W1979023003
https://openalex.org/W1979209149
https://openalex.org/W1979717616
https://openalex.org/W1979731974
https://openalex.org/W1981458056
https://openalex.org/W1982633863
https://openalex.org/W1982954387
https://openalex.org/W1983456442
https://openalex.org/W1983712947
https://openalex.org/W1984355095
https://openalex.org/W1984630261
https://openalex.org/W1985172831
https://openalex.org/W198520737
https://openalex.org/W1985404516
https://openalex.org/W1985456403
https://openalex.org/W1986199176
https://openalex.org/W1986678742
https://openalex.org/W1986944739
https://openalex.org/W1990960903
https://openalex.org/W1991393203
https://openalex.org/W1993671620
https://openalex.org/W1995179953
https://openalex.org/W1995986665
https://openalex.org/W1998009550
https://openalex.org/W1998526248
https://openalex.org/W1998862668
https://openalex.org/W1998921065
https://openalex.org/W2000998133
https://openalex.org/W2002006360
https://openalex.org/W2003828042
https://openalex.org/W2004742203
https://openalex.org/W2005076249
https://openalex.org/W2005397281
https://openalex.org/W2006244498
https://openalex.org/W200686464
https://openalex.org/W2008261898
https://openalex.org/W2012763831
https://openalex.org/W2013795354
https://openalex.org/W2016132156
https://openalex.org/W2016839480
https://openalex.org/W2019196470
https://openalex.org/W2022951849
https://openalex.org/W202360448
https://openalex.org/W2023861589
https://openalex.org/W2028567733
https://openalex.org/W2030316063
https://openalex.org/W2030459032
https://openalex.org/W2030576829
https://openalex.org/W2030920691
https://openalex.org/W2031316183
https://openalex.org/W2031742564
https://openalex.org/W2037693362
https://openalex.org/W2038037564
https://openalex.org/W2039877278
https://openalex.org/W2041662502
https://openalex.org/W204183306
https://openalex.org/W2045681871
https://openalex.org/W2047955100
https://openalex.org/W2048074688
https://openalex.org/W2049986134
https://openalex.org/W2050386670
https://openalex.org/W2052245066
https://openalex.org/W2053454604
https://openalex.org/W2053880442
https://openalex.org/W2054839958
https://openalex.org/W2054981336
https://openalex.org/W2055396312
https://openalex.org/W2058498474
https://openalex.org/W2060001733
https://openalex.org/W2063398579
https://openalex.org/W2063627010
https://openalex.org/W2064021946
https://openalex.org/W2064309671
https://openalex.org/W2066306386
https://openalex.org/W2067027920
https://openalex.org/W2067453566
https://openalex.org/W2068213900
https://openalex.org/W2068251342
https://openalex.org/W2069615136
https://openalex.org/W2071551739
https://openalex.org/W2071710008
https://openalex.org/W2072708177
https://openalex.org/W2074596087
https://openalex.org/W2076531951
https://openalex.org/W2077409389
https://openalex.org/W2077429551
https://openalex.org/W2080286219
https://openalex.org/W2081840363
https://openalex.org/W2082059191
https://openalex.org/W2082215935
https://openalex.org/W2083357593
https://openalex.org/W2084272151
https://openalex.org/W2085118778
https://openalex.org/W2087484244
https://openalex.org/W2088024743
https://openalex.org/W2089023470
https://openalex.org/W2090082935
https://openalex.org/W2093288721
https://openalex.org/W2093477923
https://openalex.org/W2096264478
https://openalex.org/W2097156197
https://openalex.org/W2097772386
https://openalex.org/W2100319785
https://openalex.org/W2103905696
https://openalex.org/W2107905387
https://openalex.org/W2110206727
https://openalex.org/W2111150634
https://openalex.org/W2112944655
https://openalex.org/W2113526771
https://openalex.org/W2120972498
https://openalex.org/W2121078156
https://openalex.org/W2122019305
https://openalex.org/W2125138505
https://openalex.org/W2125401054
https://openalex.org/W2133706640
https://openalex.org/W2135793487
https://openalex.org/W2136000617
https://openalex.org/W2139192307
https://openalex.org/W2142152362
https://openalex.org/W2145673525
https://openalex.org/W2145773375
https://openalex.org/W2145951225
https://openalex.org/W2145969410
https://openalex.org/W2148336575
https://openalex.org/W2148608973
https://openalex.org/W2154006631
https://openalex.org/W2156823542
https://openalex.org/W2157293026
https://openalex.org/W2161502529
https://openalex.org/W2162038123
https://openalex.org/W2163349735
https://openalex.org/W2163687362
https://openalex.org/W2163838964
https://openalex.org/W2168635435
https://openalex.org/W2169955823
https://openalex.org/W2174808069
https://openalex.org/W2180697899
https://openalex.org/W2181527334
https://openalex.org/W2182767351
https://openalex.org/W2183213096
https://openalex.org/W2184124076
https://openalex.org/W2186496180
https://openalex.org/W2186971640
https://openalex.org/W2187713158
https://openalex.org/W2187855134
https://openalex.org/W2188185741
https://openalex.org/W2188411789
https://openalex.org/W2188914160
https://openalex.org/W2189282908
https://openalex.org/W2189458084
https://openalex.org/W2189610291
https://openalex.org/W2194545006
https://openalex.org/W2201071855
https://openalex.org/W2202661297
https://openalex.org/W2207418221
https://openalex.org/W2210746134
https://openalex.org/W2211397261
https://openalex.org/W2212194719
https://openalex.org/W2216272209
https://openalex.org/W2221859659
https://openalex.org/W2222198831
https://openalex.org/W2222650702
https://openalex.org/W2223387942
https://openalex.org/W2224814368
https://openalex.org/W2226226360
https://openalex.org/W2226366939
https://openalex.org/W2230836908
https://openalex.org/W2232350826
https://openalex.org/W2232638821
https://openalex.org/W2232986834
https://openalex.org/W2234488553
https://openalex.org/W2237854835
https://openalex.org/W2241059987
https://openalex.org/W2241584552
https://openalex.org/W2242158722
https://openalex.org/W2242391146
https://openalex.org/W2243536727
https://openalex.org/W2244454422
https://openalex.org/W2244624277
https://openalex.org/W2244808960
https://openalex.org/W2245004240
https://openalex.org/W2245120791
https://openalex.org/W2245550361
https://openalex.org/W2245956837
https://openalex.org/W2245989668
https://openalex.org/W2246202909
https://openalex.org/W2246428677
https://openalex.org/W2246451910
https://openalex.org/W2246480389
https://openalex.org/W2246624009
https://openalex.org/W2247206461
https://openalex.org/W2248248290
https://openalex.org/W2249097765
https://openalex.org/W2249171061
https://openalex.org/W2249228858
https://openalex.org/W2250066357
https://openalex.org/W2250343068
https://openalex.org/W2250767223
https://openalex.org/W2252283428
https://openalex.org/W2252972545
https://openalex.org/W2253179815
https://openalex.org/W2253396224
https://openalex.org/W2254053606
https://openalex.org/W2254248664
https://openalex.org/W2254259121
https://openalex.org/W2254377884
https://openalex.org/W2254853153
https://openalex.org/W2255339841
https://openalex.org/W2256515389
https://openalex.org/W2256580134
https://openalex.org/W2256971024
https://openalex.org/W2257070126
https://openalex.org/W2257742023
https://openalex.org/W2257748640
https://openalex.org/W2259170386
https://openalex.org/W2259186438
https://openalex.org/W2259607935
https://openalex.org/W2260177988
https://openalex.org/W2260362251
https://openalex.org/W2261673547
https://openalex.org/W2262204392
https://openalex.org/W2262436779
https://openalex.org/W2262651236
https://openalex.org/W2263070594
https://openalex.org/W2265997035
https://openalex.org/W2266089360
https://openalex.org/W2266559864
https://openalex.org/W2266962423
https://openalex.org/W2267565995
https://openalex.org/W2267792104
https://openalex.org/W2268318223
https://openalex.org/W2268831287
https://openalex.org/W2268996360
https://openalex.org/W2269049705
https://openalex.org/W2270555749
https://openalex.org/W2272523202
https://openalex.org/W2272560015
https://openalex.org/W2274033010
https://openalex.org/W2274059155
https://openalex.org/W2274399403
https://openalex.org/W2274992806
https://openalex.org/W2275106146
https://openalex.org/W2275597903
https://openalex.org/W2275708635
https://openalex.org/W2276030294
https://openalex.org/W2276201329
https://openalex.org/W2276286834
https://openalex.org/W2276474925
https://openalex.org/W2276964788
https://openalex.org/W2277257364
https://openalex.org/W2277306703
https://openalex.org/W2277505999
https://openalex.org/W2277628115
https://openalex.org/W2277905406
https://openalex.org/W2278013604
https://openalex.org/W2278564365
https://openalex.org/W2279405818
https://openalex.org/W2279637261
https://openalex.org/W2279742164
https://openalex.org/W2279881706
https://openalex.org/W2280192162
https://openalex.org/W2280546624
https://openalex.org/W2280890694
https://openalex.org/W2281051311
https://openalex.org/W2281476323
https://openalex.org/W2281580204
https://openalex.org/W2281951004
https://openalex.org/W2282593149
https://openalex.org/W2282634897
https://openalex.org/W2282875267
https://openalex.org/W2283604248
https://openalex.org/W2284149977
https://openalex.org/W2284934641
https://openalex.org/W2285520411
https://openalex.org/W2286249634
https://openalex.org/W2286786488
https://openalex.org/W2287383233
https://openalex.org/W2289971139
https://openalex.org/W2289983460
https://openalex.org/W2292359026
https://openalex.org/W2292515936
https://openalex.org/W2292662456
https://openalex.org/W2295449695
https://openalex.org/W2297484203
https://openalex.org/W2298196029
https://openalex.org/W2299931928
https://openalex.org/W2301362618
https://openalex.org/W2301761250
https://openalex.org/W2301930051
https://openalex.org/W2302895830
https://openalex.org/W2305432117
https://openalex.org/W2310022067
https://openalex.org/W2312253528
https://openalex.org/W2313259187
https://openalex.org/W2313579360
https://openalex.org/W2313659028
https://openalex.org/W2313969170
https://openalex.org/W2313999929
https://openalex.org/W2314183964
https://openalex.org/W2315125190
https://openalex.org/W2316065312
https://openalex.org/W2317105098
https://openalex.org/W2317158986
https://openalex.org/W2317855404
https://openalex.org/W2317930204
https://openalex.org/W2318372309
https://openalex.org/W2318717657
https://openalex.org/W2319479678
https://openalex.org/W2320087035
https://openalex.org/W2320278831
https://openalex.org/W2320589669
https://openalex.org/W2320786203
https://openalex.org/W2321581296
https://openalex.org/W2321704879
https://openalex.org/W2321967989
https://openalex.org/W2323710561
https://openalex.org/W2324149927
https://openalex.org/W2324787533
https://openalex.org/W2325181473
https://openalex.org/W2325326694
https://openalex.org/W2325936520
https://openalex.org/W2326575548
https://openalex.org/W2328176002
https://openalex.org/W2328285077
https://openalex.org/W2328939152
https://openalex.org/W2329233317
https://openalex.org/W2329324587
https://openalex.org/W2329527507
https://openalex.org/W2329934722
https://openalex.org/W2330502138
https://openalex.org/W2330526206
https://openalex.org/W2330631212
https://openalex.org/W2332665692
https://openalex.org/W2334096753
https://openalex.org/W2334766889
https://openalex.org/W2335173787
https://openalex.org/W233776142
https://openalex.org/W2337813509
https://openalex.org/W2338114078
https://openalex.org/W2339111545
https://openalex.org/W2339763311
https://openalex.org/W234164814
https://openalex.org/W2341912950
https://openalex.org/W2342018304
https://openalex.org/W2342990439
https://openalex.org/W2343282246
https://openalex.org/W2343303758
https://openalex.org/W2348753080
https://openalex.org/W2363133255
https://openalex.org/W2366800638
https://openalex.org/W2370435890
https://openalex.org/W2373616695
https://openalex.org/W2373810514
https://openalex.org/W2374676640
https://openalex.org/W2375334740
https://openalex.org/W2380303177
https://openalex.org/W2383609396
https://openalex.org/W238442418
https://openalex.org/W2384586160
https://openalex.org/W2384692744
https://openalex.org/W2389012542
https://openalex.org/W2395872793
https://openalex.org/W2396845232
https://openalex.org/W2398717889
https://openalex.org/W2399976023
https://openalex.org/W2401356431
https://openalex.org/W2402270681
https://openalex.org/W2406890926
https://openalex.org/W2407756052
https://openalex.org/W2409115898
https://openalex.org/W2409363793
https://openalex.org/W2409822415
https://openalex.org/W2410503239
https://openalex.org/W2410652601
https://openalex.org/W2410891976
https://openalex.org/W2411696062
https://openalex.org/W2412145368
https://openalex.org/W2412544883
https://openalex.org/W2414261358
https://openalex.org/W2414350258
https://openalex.org/W2414822305
https://openalex.org/W2415140459
https://openalex.org/W2415980696
https://openalex.org/W2416182110
https://openalex.org/W2416569789
https://openalex.org/W2416590309
https://openalex.org/W2416698313
https://openalex.org/W2416838430
https://openalex.org/W2417753887
https://openalex.org/W2427728806
https://openalex.org/W2429064473
https://openalex.org/W2436432658
https://openalex.org/W2438348955
https://openalex.org/W2438351226
https://openalex.org/W2440723944
https://openalex.org/W24524810
https://openalex.org/W2460424456
https://openalex.org/W2461316969
https://openalex.org/W2461383117
https://openalex.org/W2463159113
https://openalex.org/W2463505443
https://openalex.org/W2463918369
https://openalex.org/W2466937796
https://openalex.org/W2470335307
https://openalex.org/W2471297167
https://openalex.org/W2471862945
https://openalex.org/W2472694875
https://openalex.org/W2475282290
https://openalex.org/W2475447823
https://openalex.org/W2477925135
https://openalex.org/W2478030295
https://openalex.org/W2478311718
https://openalex.org/W2478436834
https://openalex.org/W2480696611
https://openalex.org/W2480777540
https://openalex.org/W2480947021
https://openalex.org/W2482341363
https://openalex.org/W2482386938
https://openalex.org/W2483474628
https://openalex.org/W2484089274
https://openalex.org/W2484533968
https://openalex.org/W2484756283
https://openalex.org/W2486350189
https://openalex.org/W2486457253
https://openalex.org/W2487073806
https://openalex.org/W2487487694
https://openalex.org/W2488136376
https://openalex.org/W2488297382
https://openalex.org/W2489349671
https://openalex.org/W2490471721
https://openalex.org/W2490599155
https://openalex.org/W2492601388
https://openalex.org/W2492605974
https://openalex.org/W2492942852
https://openalex.org/W2493020093
https://openalex.org/W2493948938
https://openalex.org/W2494027736
https://openalex.org/W2494426627
https://openalex.org/W2495373042
https://openalex.org/W2496265718
https://openalex.org/W2496945278
https://openalex.org/W2498046805
https://openalex.org/W2498748498
https://openalex.org/W2500377914
https://openalex.org/W2500520920
https://openalex.org/W2500862753
https://openalex.org/W2501462590
https://openalex.org/W2501623228
https://openalex.org/W2505089290
https://openalex.org/W2505242185
https://openalex.org/W2505448642
https://openalex.org/W2505515883
https://openalex.org/W2505582334
https://openalex.org/W2505752805
https://openalex.org/W2506207780
https://openalex.org/W2508886297
https://openalex.org/W2509038335
https://openalex.org/W2509781986
https://openalex.org/W2510213761
https://openalex.org/W2511731856
https://openalex.org/W2514969947
https://openalex.org/W2515531965
https://openalex.org/W2517512100
https://openalex.org/W2517860518
https://openalex.org/W2518197990
https://openalex.org/W2520710007
https://openalex.org/W2523301441
https://openalex.org/W2523399322
https://openalex.org/W2525827433
https://openalex.org/W2528392916
https://openalex.org/W2532050879
https://openalex.org/W2533122158
https://openalex.org/W2535342848
https://openalex.org/W2542803717
https://openalex.org/W2545124240
https://openalex.org/W2550162345
https://openalex.org/W2552512366
https://openalex.org/W2553261498
https://openalex.org/W2553678789
https://openalex.org/W2555338437
https://openalex.org/W2559117173
https://openalex.org/W2560436978
https://openalex.org/W2560781683
https://openalex.org/W2564113922
https://openalex.org/W2564848058
https://openalex.org/W2566923265
https://openalex.org/W2567171781
https://openalex.org/W2572846919
https://openalex.org/W2575722567
https://openalex.org/W2577313331
https://openalex.org/W2578035678
https://openalex.org/W2578241770
https://openalex.org/W2579067104
https://openalex.org/W2579243009
https://openalex.org/W2580219698
https://openalex.org/W2581882019
https://openalex.org/W2583034375
https://openalex.org/W2584240248
https://openalex.org/W2587919917
https://openalex.org/W2588148984
https://openalex.org/W2590030457
https://openalex.org/W2592321925
https://openalex.org/W2593566757
https://openalex.org/W2597464626
https://openalex.org/W2598185042
https://openalex.org/W2601899770
https://openalex.org/W2602535201
https://openalex.org/W2602596087
https://openalex.org/W2602793223
https://openalex.org/W26037195
https://openalex.org/W2605382078
https://openalex.org/W2606113122
https://openalex.org/W2609486667
https://openalex.org/W2609907555
https://openalex.org/W2610004822
https://openalex.org/W2610905462
https://openalex.org/W2612437063
https://openalex.org/W2612992142
https://openalex.org/W2616102023
https://openalex.org/W2616128178
https://openalex.org/W2616835232
https://openalex.org/W2618128664
https://openalex.org/W2618922575
https://openalex.org/W2621280430
https://openalex.org/W2622815591
https://openalex.org/W2623769577
https://openalex.org/W2624418577
https://openalex.org/W2626424871
https://openalex.org/W2647146939
https://openalex.org/W2669301687
https://openalex.org/W2672900575
https://openalex.org/W2691572531
https://openalex.org/W2731446151
https://openalex.org/W2735578958
https://openalex.org/W2736043203
https://openalex.org/W2736161818
https://openalex.org/W2737090383
https://openalex.org/W2737650261
https://openalex.org/W2740442746
https://openalex.org/W2740884912
https://openalex.org/W2741047967
https://openalex.org/W2742661814
https://openalex.org/W2745358057
https://openalex.org/W2745648533
https://openalex.org/W2746956450
https://openalex.org/W2747423239
https://openalex.org/W2750787545
https://openalex.org/W2757000325
https://openalex.org/W2758303461
https://openalex.org/W2759056560
https://openalex.org/W2767453686
https://openalex.org/W2767576835
https://openalex.org/W2767639355
https://openalex.org/W2767765725
https://openalex.org/W2767914172
https://openalex.org/W2768452458
https://openalex.org/W2768452997
https://openalex.org/W2769909336
https://openalex.org/W2774299009
https://openalex.org/W2776007448
https://openalex.org/W2779159578
https://openalex.org/W2779681865
https://openalex.org/W2780010632
https://openalex.org/W2782050365
https://openalex.org/W2782246726
https://openalex.org/W2784256901
https://openalex.org/W2786563631
https://openalex.org/W2786698010
https://openalex.org/W2788870940
https://openalex.org/W2789686714
https://openalex.org/W2789770013
https://openalex.org/W2792442688
https://openalex.org/W2792920876
https://openalex.org/W2793806165
https://openalex.org/W2794125028
https://openalex.org/W2794348760
https://openalex.org/W2794405502
https://openalex.org/W2795231008
https://openalex.org/W2795879778
https://openalex.org/W2796305849
https://openalex.org/W2796514322
https://openalex.org/W2797822806
https://openalex.org/W2798086562
https://openalex.org/W2798229441
https://openalex.org/W2799772199
https://openalex.org/W2799798382
https://openalex.org/W2800204499
https://openalex.org/W2802308896
https://openalex.org/W2802890257
https://openalex.org/W2803544109
https://openalex.org/W2804754953
https://openalex.org/W2804794188
https://openalex.org/W2805225581
https://openalex.org/W2808429694
https://openalex.org/W2811045942
https://openalex.org/W288311457
https://openalex.org/W2883342653
https://openalex.org/W2883489160
https://openalex.org/W2883770505
https://openalex.org/W2883793236
https://openalex.org/W2884760476
https://openalex.org/W2889804
https://openalex.org/W2890006832
https://openalex.org/W2891435568
https://openalex.org/W2891990265
https://openalex.org/W2892843905
https://openalex.org/W2895574382
https://openalex.org/W2895982337
https://openalex.org/W2897530961
https://openalex.org/W2897828652
https://openalex.org/W2898040019
https://openalex.org/W2898501750
https://openalex.org/W2898593559
https://openalex.org/W2899006609
https://openalex.org/W2899583663
https://openalex.org/W2899716765
https://openalex.org/W2901289998
https://openalex.org/W2901864113
https://openalex.org/W2902918172
https://openalex.org/W2906357860
https://openalex.org/W2906726008
https://openalex.org/W2907250329
https://openalex.org/W2908022925
https://openalex.org/W2908256102
https://openalex.org/W2909105997
https://openalex.org/W2911629449
https://openalex.org/W2912111671
https://openalex.org/W2912286222
https://openalex.org/W2912309428
https://openalex.org/W2913114521
https://openalex.org/W2913384741
https://openalex.org/W2914282521
https://openalex.org/W2914304289
https://openalex.org/W2914948594
https://openalex.org/W2915106009
https://openalex.org/W2915212610
https://openalex.org/W2915304413
https://openalex.org/W2916399003
https://openalex.org/W2916429269
https://openalex.org/W2916759639
https://openalex.org/W2917896703
https://openalex.org/W2917908694
https://openalex.org/W2917969232
https://openalex.org/W2918081877
https://openalex.org/W2918296588
https://openalex.org/W2918315588
https://openalex.org/W2922021451
https://openalex.org/W2922110577
https://openalex.org/W2922631363
https://openalex.org/W2925051043
https://openalex.org/W2925111656
https://openalex.org/W29329845
https://openalex.org/W2936823674
https://openalex.org/W2936913400
https://openalex.org/W2937025492
https://openalex.org/W2940802225
https://openalex.org/W2941376813
https://openalex.org/W2946355803
https://openalex.org/W2946566942
https://openalex.org/W2947555573
https://openalex.org/W2947574022
https://openalex.org/W2947608864
https://openalex.org/W2947893832
https://openalex.org/W2949254146
https://openalex.org/W2949544722
https://openalex.org/W2950149488
https://openalex.org/W2950336837
https://openalex.org/W2950337858
https://openalex.org/W2950701748
https://openalex.org/W2950746223
https://openalex.org/W2951035995
https://openalex.org/W2951671730
https://openalex.org/W2951790976
https://openalex.org/W2951819410
https://openalex.org/W2951829381
https://openalex.org/W2952141931
https://openalex.org/W2952178413
https://openalex.org/W2952862981
https://openalex.org/W2952946115
https://openalex.org/W2955768968
https://openalex.org/W2955798973
https://openalex.org/W2964630386
https://openalex.org/W2966708497
https://openalex.org/W2969530735
https://openalex.org/W2970230325
https://openalex.org/W2971047411
https://openalex.org/W2972660908
https://openalex.org/W2972884105
https://openalex.org/W2975181451
https://openalex.org/W2975563112
https://openalex.org/W2975670689
https://openalex.org/W2975855386
https://openalex.org/W2975901123
https://openalex.org/W2976248130
https://openalex.org/W2977255655
https://openalex.org/W2977533820
https://openalex.org/W2977736485
https://openalex.org/W2978367989
https://openalex.org/W2978368781
https://openalex.org/W2978450464
https://openalex.org/W2978876588
https://openalex.org/W2978962429
https://openalex.org/W2979017891
https://openalex.org/W2980770886
https://openalex.org/W2981212783
https://openalex.org/W2981717097
https://openalex.org/W2982087840
https://openalex.org/W2982135756
https://openalex.org/W2982735085
https://openalex.org/W2984819566
https://openalex.org/W2984925404
https://openalex.org/W2985388907
https://openalex.org/W2986122167
https://openalex.org/W2986955256
https://openalex.org/W2990065286
https://openalex.org/W2990377735
https://openalex.org/W2991235462
https://openalex.org/W2991330078
https://openalex.org/W2995091791
https://openalex.org/W2995265883
https://openalex.org/W2995540777
https://openalex.org/W2995866245
https://openalex.org/W2995979087
https://openalex.org/W2996079339
https://openalex.org/W2996499274
https://openalex.org/W2998694650
https://openalex.org/W2999474138
https://openalex.org/W2999658516
https://openalex.org/W2999716898
https://openalex.org/W3000006403
https://openalex.org/W3000731646
https://openalex.org/W3003786300
https://openalex.org/W3005340166
https://openalex.org/W300595754
https://openalex.org/W3008439160
https://openalex.org/W3009801103
https://openalex.org/W3013256401
https://openalex.org/W3014043525
https://openalex.org/W3014138005
https://openalex.org/W3014616624
https://openalex.org/W3014675069
https://openalex.org/W3014746265
https://openalex.org/W3014858010
https://openalex.org/W3015266636
https://openalex.org/W3021456307
https://openalex.org/W3022145076
https://openalex.org/W3022215505
https://openalex.org/W3022345684
https://openalex.org/W3022621489
https://openalex.org/W3022639832
https://openalex.org/W3022895520
https://openalex.org/W3023465819
https://openalex.org/W3025317989
https://openalex.org/W3026101900
https://openalex.org/W3026317134
https://openalex.org/W3031600675
https://openalex.org/W3032351694
https://openalex.org/W3033681352
https://openalex.org/W3033685717
https://openalex.org/W3033715500
https://openalex.org/W3034728050
https://openalex.org/W3035323570
https://openalex.org/W3036197351
https://openalex.org/W3037137661
https://openalex.org/W3037462638
https://openalex.org/W3041556379
https://openalex.org/W3041772067
https://openalex.org/W3042040335
https://openalex.org/W3042649071
https://openalex.org/W3043961665
https://openalex.org/W3044907243
https://openalex.org/W3044918192
https://openalex.org/W3045318014
https://openalex.org/W3046175826
https://openalex.org/W3046434621
https://openalex.org/W3046567260
https://openalex.org/W3046598074
https://openalex.org/W3046724708
https://openalex.org/W3046875299
https://openalex.org/W3047418254
https://openalex.org/W3049062820
https://openalex.org/W3049078500
https://openalex.org/W3049285658
https://openalex.org/W3057544006
https://openalex.org/W3080310264
https://openalex.org/W3080684778
https://openalex.org/W3080782290
https://openalex.org/W3081203000
https://openalex.org/W3081733637
https://openalex.org/W3082375586
https://openalex.org/W3082459352
https://openalex.org/W3082478089
https://openalex.org/W3082558328
https://openalex.org/W3083359626
https://openalex.org/W3083454350
https://openalex.org/W3083875179
https://openalex.org/W3085182675
https://openalex.org/W3086246613
https://openalex.org/W3087411249
https://openalex.org/W3089267279
https://openalex.org/W3089780052
https://openalex.org/W3091902689
https://openalex.org/W3092147130
https://openalex.org/W3093673754
https://openalex.org/W3094049987
https://openalex.org/W3095090372
https://openalex.org/W3096753868
https://openalex.org/W3098377994
https://openalex.org/W3098786927
https://openalex.org/W310021310
https://openalex.org/W3102215410
https://openalex.org/W3104102757
https://openalex.org/W3106303018
https://openalex.org/W3106685458
https://openalex.org/W3106689050
https://openalex.org/W3106950634
https://openalex.org/W3107443968
https://openalex.org/W310771239
https://openalex.org/W3110618579
https://openalex.org/W3110924439
https://openalex.org/W3111909487
https://openalex.org/W3112543861
https://openalex.org/W3112876435
https://openalex.org/W3113661950
https://openalex.org/W3114916496
https://openalex.org/W3115537779
https://openalex.org/W3117001951
https://openalex.org/W3119546501
https://openalex.org/W3121140498
https://openalex.org/W3122001422
https://openalex.org/W3124352317
https://openalex.org/W3124617701
https://openalex.org/W3124720171
https://openalex.org/W3125642736
https://openalex.org/W3126071628
https://openalex.org/W3126095229
https://openalex.org/W3127558233
https://openalex.org/W3128270328
https://openalex.org/W313022620
https://openalex.org/W3134358225
https://openalex.org/W3135385046
https://openalex.org/W3136722942
https://openalex.org/W3137540946
https://openalex.org/W3137724772
https://openalex.org/W3138565743
https://openalex.org/W3139611267
https://openalex.org/W3141782849
https://openalex.org/W3143499939
https://openalex.org/W3144448660
https://openalex.org/W3144571805
https://openalex.org/W3145152437
https://openalex.org/W3147352876
https://openalex.org/W3147466351
https://openalex.org/W3148401575
https://openalex.org/W3151186017
https://openalex.org/W3151989992
https://openalex.org/W3156325982
https://openalex.org/W3156768743
https://openalex.org/W3159182521
https://openalex.org/W3160534463
https://openalex.org/W3161032312
https://openalex.org/W3162509532
https://openalex.org/W3164943590
https://openalex.org/W3165752282
https://openalex.org/W3165901063
https://openalex.org/W3166381991
https://openalex.org/W3167688412
https://openalex.org/W3169014037
https://openalex.org/W3169202363
https://openalex.org/W3169723921
https://openalex.org/W3171065577
https://openalex.org/W3171505749
https://openalex.org/W3171887316
https://openalex.org/W3171954203
https://openalex.org/W3173175794
https://openalex.org/W3174567419
https://openalex.org/W3174681007
https://openalex.org/W3174836884
https://openalex.org/W3175136261
https://openalex.org/W3176054677
https://openalex.org/W3176325088
https://openalex.org/W3176527769
https://openalex.org/W3176590742
https://openalex.org/W3176668179
https://openalex.org/W3179184255
https://openalex.org/W3184945416
https://openalex.org/W3185281642
https://openalex.org/W3185541230
https://openalex.org/W3186919024
https://openalex.org/W3187639443
https://openalex.org/W3191223983
https://openalex.org/W3193031185
https://openalex.org/W3193518882
https://openalex.org/W3195804059
https://openalex.org/W3197888011
https://openalex.org/W3198068402
https://openalex.org/W3198499956
https://openalex.org/W3198700862
https://openalex.org/W3199260543
https://openalex.org/W3199481224
https://openalex.org/W3199592686
https://openalex.org/W3199795813
https://openalex.org/W3199834249
https://openalex.org/W3199866037
https://openalex.org/W3200285126
https://openalex.org/W3201003574
https://openalex.org/W3201359946
https://openalex.org/W3202163061
https://openalex.org/W3202307692
https://openalex.org/W3202605308
https://openalex.org/W3203312108
https://openalex.org/W3203982703
https://openalex.org/W3204551667
https://openalex.org/W3207152135
https://openalex.org/W3207182779
https://openalex.org/W3207625788
https://openalex.org/W3207946863
https://openalex.org/W3208391508
https://openalex.org/W3208709367
https://openalex.org/W3208901205
https://openalex.org/W3209233566
https://openalex.org/W3209480628
https://openalex.org/W3209682791
https://openalex.org/W3209759706
https://openalex.org/W3209986273
https://openalex.org/W3210057186
https://openalex.org/W3210150750
https://openalex.org/W3210576808
https://openalex.org/W3211164194
https://openalex.org/W3212453300
https://openalex.org/W3212771670
https://openalex.org/W3212813711
https://openalex.org/W3212822535
https://openalex.org/W3213204235
https://openalex.org/W3213260159
https://openalex.org/W3213858141
https://openalex.org/W3214674078
https://openalex.org/W3214696212
https://openalex.org/W3216105037
https://openalex.org/W3216688254
https://openalex.org/W3217372382
https://openalex.org/W323275159
https://openalex.org/W341553942
https://openalex.org/W360195018
https://openalex.org/W367786383
https://openalex.org/W368113790
https://openalex.org/W368651197
https://openalex.org/W379341472
https://openalex.org/W389643665
https://openalex.org/W40100565
https://openalex.org/W40104271
https://openalex.org/W405319630
https://openalex.org/W408049458
https://openalex.org/W4200178785
https://openalex.org/W4200190519
https://openalex.org/W4200293945
https://openalex.org/W4200300993
https://openalex.org/W4200349881
https://openalex.org/W4200553361
https://openalex.org/W4205259591
https://openalex.org/W4205402704
https://openalex.org/W4205476944
https://openalex.org/W4205962602
https://openalex.org/W4206083356
https://openalex.org/W4206136854
https://openalex.org/W4206274557
https://openalex.org/W4206465829
https://openalex.org/W4206487687
https://openalex.org/W4206691768
https://openalex.org/W4210254389
https://openalex.org/W4210769262
https://openalex.org/W4210786346
https://openalex.org/W4210807015
https://openalex.org/W4211129095
https://openalex.org/W4213089023
https://openalex.org/W4214503139
https://openalex.org/W4214531993
https://openalex.org/W4214540095
https://openalex.org/W4214589424
https://openalex.org/W4214611817
https://openalex.org/W4214626932
https://openalex.org/W4214659481
https://openalex.org/W4214673728
https://openalex.org/W4214713626
https://openalex.org/W4220884752
https://openalex.org/W4221140780
https://openalex.org/W4223549559
https://openalex.org/W4224058125
https://openalex.org/W4224128002
https://openalex.org/W4224233949
https://openalex.org/W4224273319
https://openalex.org/W422484369
https://openalex.org/W4225303627
https://openalex.org/W4225314161
https://openalex.org/W4225404455
https://openalex.org/W4225905784
https://openalex.org/W4225984123
https://openalex.org/W4226182486
https://openalex.org/W4226298653
https://openalex.org/W4226435954
https://openalex.org/W4229004482
https://openalex.org/W4229490006
https://openalex.org/W4229752542
https://openalex.org/W4230796802
https://openalex.org/W4230846109
https://openalex.org/W4230907329
https://openalex.org/W4231280034
https://openalex.org/W4231650718
https://openalex.org/W4231838747
https://openalex.org/W4231893067
https://openalex.org/W4231952329
https://openalex.org/W4231999425
https://openalex.org/W4232059568
https://openalex.org/W4232214707
https://openalex.org/W4232718267
https://openalex.org/W4233946097
https://openalex.org/W4234269624
https://openalex.org/W4234270471
https://openalex.org/W4234312547
https://openalex.org/W4235007445
https://openalex.org/W4235131714
https://openalex.org/W4235339482
https://openalex.org/W4235376732
https://openalex.org/W4235476709
https://openalex.org/W4235593557
https://openalex.org/W4235599998
https://openalex.org/W4235860091
https://openalex.org/W4236020306
https://openalex.org/W4236173277
https://openalex.org/W4237088847
https://openalex.org/W4237437100
https://openalex.org/W4237509727
https://openalex.org/W4237574321
https://openalex.org/W4237928823
https://openalex.org/W4238049192
https://openalex.org/W4238608351
https://openalex.org/W4239090808
https://openalex.org/W4239098330
https://openalex.org/W4239338529
https://openalex.org/W4240456607
https://openalex.org/W4240481815
https://openalex.org/W4240603450
https://openalex.org/W4240732311
https://openalex.org/W4241031844
https://openalex.org/W4241135523
https://openalex.org/W4241474017
https://openalex.org/W4241488892
https://openalex.org/W4242851697
https://openalex.org/W4242944472
https://openalex.org/W4242987557
https://openalex.org/W4243049822
https://openalex.org/W4243345788
https://openalex.org/W4243634153
https://openalex.org/W4244616770
https://openalex.org/W4244929513
https://openalex.org/W4244978601
https://openalex.org/W4245170355
https://openalex.org/W4245215564
https://openalex.org/W4245323978
https://openalex.org/W424539900
https://openalex.org/W4245442515
https://openalex.org/W4245636726
https://openalex.org/W4245947924
https://openalex.org/W4245962026
https://openalex.org/W4246170164
https://openalex.org/W4246454166
https://openalex.org/W4246605913
https://openalex.org/W4246665532
https://openalex.org/W4247423467
https://openalex.org/W4247609473
https://openalex.org/W4247717298
https://openalex.org/W4247802015
https://openalex.org/W4248086580
https://openalex.org/W4248426332
https://openalex.org/W4248552923
https://openalex.org/W4249010740
https://openalex.org/W4249088721
https://openalex.org/W4249223304
https://openalex.org/W4249297060
https://openalex.org/W4249360833
https://openalex.org/W4249429206
https://openalex.org/W4249692884
https://openalex.org/W4249895324
https://openalex.org/W4250206117
https://openalex.org/W4250634251
https://openalex.org/W4250767329
https://openalex.org/W4250790187
https://openalex.org/W4251009955
https://openalex.org/W4251091736
https://openalex.org/W4251615625
https://openalex.org/W4251871551
https://openalex.org/W4251884398
https://openalex.org/W4251933310
https://openalex.org/W4252178384
https://openalex.org/W4253100334
https://openalex.org/W4253179805
https://openalex.org/W4253206354
https://openalex.org/W4253674029
https://openalex.org/W4253994393
https://openalex.org/W4254747587
https://openalex.org/W4254797960
https://openalex.org/W4254876438
https://openalex.org/W4255468487
https://openalex.org/W4255546113
https://openalex.org/W4255847819
https://openalex.org/W4255984649
https://openalex.org/W4255986623
https://openalex.org/W4256083015
https://openalex.org/W4256204519
https://openalex.org/W4256383524
https://openalex.org/W4256687000
https://openalex.org/W4280633367
https://openalex.org/W4281251253
https://openalex.org/W4281551249
https://openalex.org/W4281616527
https://openalex.org/W4281657590
https://openalex.org/W4282944770
https://openalex.org/W4282981438
https://openalex.org/W4282983622
https://openalex.org/W4283072801
https://openalex.org/W4283080529
https://openalex.org/W4283319717
https://openalex.org/W4283689156
https://openalex.org/W4283733486
https://openalex.org/W4283749047
https://openalex.org/W4284713907
https://openalex.org/W4285090617
https://openalex.org/W4285271427
https://openalex.org/W4285307402
https://openalex.org/W4285505956
https://openalex.org/W4285546176
https://openalex.org/W4286744185
https://openalex.org/W4286841929
https://openalex.org/W4287003883
https://openalex.org/W4287256166
https://openalex.org/W4287264872
https://openalex.org/W4287330323
https://openalex.org/W4287556883
https://openalex.org/W4287778134
https://openalex.org/W4287782370
https://openalex.org/W4288103034
https://openalex.org/W4288568656
https://openalex.org/W4289108243
https://openalex.org/W4290644179
https://openalex.org/W4292319824
https://openalex.org/W4292503559
https://openalex.org/W4292517052
https://openalex.org/W4292940661
https://openalex.org/W4293169938
https://openalex.org/W4293219493
https://openalex.org/W4293242343
https://openalex.org/W4293405147
https://openalex.org/W4293564032
https://openalex.org/W4294142793
https://openalex.org/W4294281595
https://openalex.org/W4294740808
https://openalex.org/W4294793007
https://openalex.org/W4295708929
https://openalex.org/W4296168766
https://openalex.org/W4296692142
https://openalex.org/W4297327704
https://openalex.org/W4297458623
https://openalex.org/W4297686518
https://openalex.org/W4297796524
https://openalex.org/W4298024228
https://openalex.org/W4298077524
https://openalex.org/W4298143506
https://openalex.org/W4298157202
https://openalex.org/W4298161277
https://openalex.org/W4298178822
https://openalex.org/W4298301757
https://openalex.org/W4298379979
https://openalex.org/W4298403212
https://openalex.org/W4298418251
https://openalex.org/W4298436491
https://openalex.org/W4298772836
https://openalex.org/W4299078465
https://openalex.org/W4299395788
https://openalex.org/W4299414015
https://openalex.org/W4299529843
https://openalex.org/W4299673209
https://openalex.org/W4299829247
https://openalex.org/W4299852514
https://openalex.org/W4299885249
https://openalex.org/W4300043787
https://openalex.org/W4300055343
https://openalex.org/W4300144020
https://openalex.org/W4300172600
https://openalex.org/W4300196087
https://openalex.org/W4300199266
https://openalex.org/W4300200233
https://openalex.org/W4300481717
https://openalex.org/W4300487903
https://openalex.org/W4300557286
https://openalex.org/W4300767747
https://openalex.org/W4300856096
https://openalex.org/W4300885979
https://openalex.org/W4300991071
https://openalex.org/W4301039640
https://openalex.org/W4301049265
https://openalex.org/W4301119917
https://openalex.org/W4301373605
https://openalex.org/W4301435700
https://openalex.org/W4301498415
https://openalex.org/W4301740999
https://openalex.org/W4302335627
https://openalex.org/W4302506954
https://openalex.org/W4302568312
https://openalex.org/W430380910
https://openalex.org/W4306149974
https://openalex.org/W4306150035
https://openalex.org/W4306734952
https://openalex.org/W4307904990
https://openalex.org/W4308040141
https://openalex.org/W4308115157
https://openalex.org/W4308303663
https://openalex.org/W4308687621
https://openalex.org/W4308705957
https://openalex.org/W4308773259
https://openalex.org/W4308876878
https://openalex.org/W4309021266
https://openalex.org/W4309506275
https://openalex.org/W4309698912
https://openalex.org/W4309714911
https://openalex.org/W4311001643
https://openalex.org/W4311347396
https://openalex.org/W4312444668
https://openalex.org/W4312854538
https://openalex.org/W4313266449
https://openalex.org/W4315435862
https://openalex.org/W4315779167
https://openalex.org/W4315797155
https://openalex.org/W4316082154
https://openalex.org/W4316135750
https://openalex.org/W4318065362
https://openalex.org/W4318262097
https://openalex.org/W4318567247
https://openalex.org/W4318823708
https://openalex.org/W4319082513
https://openalex.org/W4319453795
https://openalex.org/W4319936796
https://openalex.org/W4320000022
https://openalex.org/W4320000024
https://openalex.org/W4320484087
https://openalex.org/W4321366535
https://openalex.org/W4322758291
https://openalex.org/W4323035330
https://openalex.org/W4323309502
https://openalex.org/W4323342416
https://openalex.org/W4323347836
https://openalex.org/W4323649951
https://openalex.org/W4323664421
https://openalex.org/W4323665032
https://openalex.org/W4323927483
https://openalex.org/W4324032844
https://openalex.org/W4324061749
https://openalex.org/W4324128666
https://openalex.org/W4327811402
https://openalex.org/W4360607444
https://openalex.org/W4360616792
https://openalex.org/W4360892306
https://openalex.org/W4361983335
https://openalex.org/W4362556992
https://openalex.org/W4362598054
https://openalex.org/W4362635640
https://openalex.org/W4366083712
https://openalex.org/W4366283196
https://openalex.org/W4366283503
https://openalex.org/W4366352710
https://openalex.org/W4366496697
https://openalex.org/W4366498082
https://openalex.org/W4366525352
https://openalex.org/W4366609910
https://openalex.org/W4366668272
https://openalex.org/W4366771057
https://openalex.org/W4366814018
https://openalex.org/W4367041683
https://openalex.org/W4367179349
https://openalex.org/W4367179397
https://openalex.org/W4367179398
https://openalex.org/W4367179400
https://openalex.org/W4367179401
https://openalex.org/W4367179443
https://openalex.org/W4367179456
https://openalex.org/W4367179533
https://openalex.org/W4367179544
https://openalex.org/W4367179545
https://openalex.org/W4367179549
https://openalex.org/W4367179550
https://openalex.org/W4367179565
https://openalex.org/W4367179632
https://openalex.org/W4367179633
https://openalex.org/W4367179634
https://openalex.org/W4375936191
https://openalex.org/W4376526509
https://openalex.org/W4376604891
https://openalex.org/W4376653777
https://openalex.org/W4377250894
https://openalex.org/W4377862450
https://openalex.org/W4378190769
https://openalex.org/W4378611205
https://openalex.org/W4378627836
https://openalex.org/W4378648696
https://openalex.org/W4378675072
https://openalex.org/W4379031938
https://openalex.org/W4379164371
https://openalex.org/W4379233368
https://openalex.org/W4379931108
https://openalex.org/W4380422595
https://openalex.org/W4380591662
https://openalex.org/W4380625953
https://openalex.org/W4380994596
https://openalex.org/W4380994604
https://openalex.org/W4381033583
https://openalex.org/W4381046735
https://openalex.org/W4381431892
https://openalex.org/W4381569544
https://openalex.org/W4381597810
https://openalex.org/W4381952160
https://openalex.org/W4381988547
https://openalex.org/W4382362876
https://openalex.org/W4382812046
https://openalex.org/W4383312196
https://openalex.org/W4383559462
https://openalex.org/W4383998457
https://openalex.org/W4384079377
https://openalex.org/W4384119683
https://openalex.org/W4384132760
https://openalex.org/W4384563220
https://openalex.org/W4384938342
https://openalex.org/W4385276582
https://openalex.org/W4385308165
https://openalex.org/W4385315267
https://openalex.org/W4385331422
https://openalex.org/W4385617587
https://openalex.org/W4385620815
https://openalex.org/W4385689320
https://openalex.org/W4385705393
https://openalex.org/W4385717376
https://openalex.org/W4385738245
https://openalex.org/W4385841837
https://openalex.org/W4385844264
https://openalex.org/W4385922800
https://openalex.org/W4386023241
https://openalex.org/W4386032616
https://openalex.org/W4386047246
https://openalex.org/W4386076074
https://openalex.org/W4386076425
https://openalex.org/W4386253427
https://openalex.org/W4386400674
https://openalex.org/W4386426697
https://openalex.org/W4386441786
https://openalex.org/W4386530697
https://openalex.org/W4386569160
https://openalex.org/W4386575115
https://openalex.org/W4386591666
https://openalex.org/W4386594932
https://openalex.org/W4386623077
https://openalex.org/W4386629871
https://openalex.org/W4386645827
https://openalex.org/W4386682082
https://openalex.org/W4386757209
https://openalex.org/W4386766718
https://openalex.org/W4386817851
https://openalex.org/W4386975335
https://openalex.org/W4386975418
https://openalex.org/W4386975431
https://openalex.org/W4386975482
https://openalex.org/W4386975502
https://openalex.org/W4386975520
https://openalex.org/W4386975543
https://openalex.org/W54814102
https://openalex.org/W55525001
https://openalex.org/W559975261
https://openalex.org/W567321039
https://openalex.org/W570302529
https://openalex.org/W57389775
https://openalex.org/W575432819
https://openalex.org/W582775491
https://openalex.org/W595712506
https://openalex.org/W604652375
https://openalex.org/W605359017
https://openalex.org/W607199012
https://openalex.org/W60864935
https://openalex.org/W608740684
https://openalex.org/W612032488
https://openalex.org/W634582368
https://openalex.org/W647098485
https://openalex.org/W64921297
https://openalex.org/W65244488
https://openalex.org/W654273361
https://openalex.org/W655170630
https://openalex.org/W66203208
https://openalex.org/W66884240
https://openalex.org/W67001941
https://openalex.org/W73206589
https://openalex.org/W75239998
https://openalex.org/W75789829
https://openalex.org/W766199828
https://openalex.org/W77737536
https://openalex.org/W77865025
https://openalex.org/W78268644
https://openalex.org/W78378199
https://openalex.org/W846986763
https://openalex.org/W84782993
https://openalex.org/W881957198
https://openalex.org/W88584417
https://openalex.org/W88932046
https://openalex.org/W894646684
https://openalex.org/W913192136
https://openalex.org/W93498807
https://openalex.org/W96432348
https://openalex.org/W968089
https://openalex.org/W96891546
https://openalex.org/W982774137
https://openalex.org/W9903549
https://openalex.org/W2150575159
https://openalex.org/W2171074660
https://openalex.org/W2170219130
https://openalex.org/W2747721206
https://openalex.org/W2161708429
https://openalex.org/W2802815532
https://openalex.org/W2042174530
https://openalex.org/W1968657935
https://openalex.org/W2056040807
https://openalex.org/W1859037964
https://openalex.org/W2043050293
https://openalex.org/W2995971356
https://openalex.org/W1987332330
https://openalex.org/W2124135806
https://openalex.org/W2137088550
https://openalex.org/W2115657655
https://openalex.org/W2804980023
https://openalex.org/W2146292644
https://openalex.org/W2127111127
https://openalex.org/W2783065878
https://openalex.org/W1978275630
https://openalex.org/W2049311171
https://openalex.org/W2079292259
https://openalex.org/W4214721068
https://openalex.org/W2102456788
https://openalex.org/W2167413868
https://openalex.org/W1976495588
https://openalex.org/W2074235114
https://openalex.org/W2531824626
https://openalex.org/W2034683528
https://openalex.org/W2067907901
https://openalex.org/W2131518354
https://openalex.org/W2097432479
https://openalex.org/W2162714623
https://openalex.org/W2085035388
https://openalex.org/W1904652721
https://openalex.org/W2012924701
https://openalex.org/W4211144794
https://openalex.org/W1888633954
https://openalex.org/W2102150559
https://openalex.org/W3128855809
https://openalex.org/W2026735869
https://openalex.org/W2036572896
https://openalex.org/W2017468796
https://openalex.org/W2139386117
https://openalex.org/W2131638796
https://openalex.org/W1991471550
https://openalex.org/W1536408199
https://openalex.org/W2064013566
https://openalex.org/W2148302734
https://openalex.org/W1978228135
https://openalex.org/W2078803127
https://openalex.org/W2128677706
https://openalex.org/W1991980138
https://openalex.org/W2028192671
https://openalex.org/W1919137762
https://openalex.org/W2054764210
https://openalex.org/W2336227533
https://openalex.org/W2041144268
https://openalex.org/W1994936913
https://openalex.org/W2123590911
https://openalex.org/W2168156523
https://openalex.org/W2130661602
https://openalex.org/W2093007278
https://openalex.org/W2116764617
https://openalex.org/W2141642277
https://openalex.org/W155717428
https://openalex.org/W2614898738
https://openalex.org/W2126387279
https://openalex.org/W2400468990
https://openalex.org/W2033614137
https://openalex.org/W2117458710
https://openalex.org/W2153409078
https://openalex.org/W2030786421
https://openalex.org/W2564673452
https://openalex.org/W2079477694
https://openalex.org/W3124792448
https://openalex.org/W1981584846
https://openalex.org/W2158399905
https://openalex.org/W2153032287
https://openalex.org/W1971547472
https://openalex.org/W2848993374
https://openalex.org/W2171464982
https://openalex.org/W2295907606
https://openalex.org/W2088021368
https://openalex.org/W2129819221
https://openalex.org/W1973144539
https://openalex.org/W2347548955
https://openalex.org/W2051337269
https://openalex.org/W2057861974
https://openalex.org/W2095741007
https://openalex.org/W2046146361
https://openalex.org/W2097961285
https://openalex.org/W2138647235
https://openalex.org/W2893806747
https://openalex.org/W2115591045
https://openalex.org/W2140463474
https://openalex.org/W2023766860
https://openalex.org/W2109413315
https://openalex.org/W2061418597
https://openalex.org/W2977306097
https://openalex.org/W2020124633
https://openalex.org/W1998506335
https://openalex.org/W2105599971
https://openalex.org/W2021153432
https://openalex.org/W2078972746
https://openalex.org/W2002352467
https://openalex.org/W1978245418
https://openalex.org/W2161246044
https://openalex.org/W2535559894
https://openalex.org/W2780221042
https://openalex.org/W2154021875
https://openalex.org/W2096913845
https://openalex.org/W2098720660
https://openalex.org/W1992401166
https://openalex.org/W2888667478
https://openalex.org/W1502492318
https://openalex.org/W2130896660
https://openalex.org/W2149434165
https://openalex.org/W2112926151
https://openalex.org/W54275321
https://openalex.org/W2153220508
https://openalex.org/W2595084745
https://openalex.org/W2729419971
https://openalex.org/W2164736442
https://openalex.org/W2031478725
https://openalex.org/W2106585715
https://openalex.org/W2169751596
https://openalex.org/W2063725583
https://openalex.org/W2100562406
https://openalex.org/W1979046027
https://openalex.org/W1988732105
https://openalex.org/W1988903541
https://openalex.org/W1991282216
https://openalex.org/W2128939801
https://openalex.org/W1973640108
https://openalex.org/W2018101957
https://openalex.org/W2143460527
https://openalex.org/W2738296357
https://openalex.org/W3048100425
https://openalex.org/W1980865555
https://openalex.org/W2159211970
https://openalex.org/W2016123658
https://openalex.org/W2117142796
https://openalex.org/W2003258975
https://openalex.org/W2018248081
https://openalex.org/W2910017742
https://openalex.org/W1979172937
https://openalex.org/W2019425923
https://openalex.org/W2121642476
https://openalex.org/W2810640320
https://openalex.org/W1502732142
https://openalex.org/W2010760272
https://openalex.org/W2130212126
https://openalex.org/W2147566331
https://openalex.org/W2315535560
https://openalex.org/W1970634672
https://openalex.org/W2938898812
https://openalex.org/W2083048472
https://openalex.org/W4376999573
https://openalex.org/W1967269091
https://openalex.org/W2043498067
https://openalex.org/W2147695950
https://openalex.org/W2155123104
https://openalex.org/W1967123923
https://openalex.org/W1997671046
https://openalex.org/W2033231954
https://openalex.org/W2156838890
https://openalex.org/W2155803285
https://openalex.org/W2111790051
https://openalex.org/W2144936254
https://openalex.org/W1984363784
https://openalex.org/W2024403135
https://openalex.org/W1974341787
https://openalex.org/W2134913339
https://openalex.org/W2152612702
https://openalex.org/W2171880807
https://openalex.org/W2758286034
https://openalex.org/W1715680901
https://openalex.org/W2076238820
https://openalex.org/W2115724429
https://openalex.org/W2047523756
https://openalex.org/W2016850454
https://openalex.org/W2103210660
https://openalex.org/W2121935146
https://openalex.org/W2049683193
https://openalex.org/W2078685101
https://openalex.org/W2140068744
https://openalex.org/W2149580063
https://openalex.org/W2101050654
https://openalex.org/W2159391126
https://openalex.org/W2164752107
https://openalex.org/W2168754719
https://openalex.org/W1977656230
https://openalex.org/W2320963814
https://openalex.org/W2070072367
https://openalex.org/W2144755740
https://openalex.org/W2744593153
https://openalex.org/W2080397597
https://openalex.org/W2115812853
https://openalex.org/W2062507766
https://openalex.org/W2110528031
https://openalex.org/W2118740209
https://openalex.org/W2151573971
https://openalex.org/W2008350342
https://openalex.org/W2041669553
https://openalex.org/W2052466035
https://openalex.org/W3020087243
https://openalex.org/W2035307096
https://openalex.org/W2042462811
https://openalex.org/W2765395469
https://openalex.org/W2011159897
https://openalex.org/W2145599290
https://openalex.org/W1575231005
https://openalex.org/W2019077744
https://openalex.org/W2320220024
https://openalex.org/W186464858
https://openalex.org/W1966678470
https://openalex.org/W2025023024
https://openalex.org/W2123864176
https://openalex.org/W2151504211
https://openalex.org/W4237539137
https://openalex.org/W1990336663
https://openalex.org/W2083548183
https://openalex.org/W2136877952
https://openalex.org/W3028256604
https://openalex.org/W2011817733
https://openalex.org/W2013594323
https://openalex.org/W2043757709
https://openalex.org/W1977062648
https://openalex.org/W2045268420
https://openalex.org/W2106177547
https://openalex.org/W2113874885
https://openalex.org/W2620643234
https://openalex.org/W2895599024
https://openalex.org/W1982007603
https://openalex.org/W1690408836
https://openalex.org/W2116774122
https://openalex.org/W2121512357
https://openalex.org/W1967889150
https://openalex.org/W2062863565
https://openalex.org/W2144184870
https://openalex.org/W2625491143
https://openalex.org/W3031741576
https://openalex.org/W2010087255
https://openalex.org/W17210778
https://openalex.org/W1975913970
https://openalex.org/W2094273511
https://openalex.org/W2119231172
https://openalex.org/W2011369562
https://openalex.org/W1966657929
https://openalex.org/W1980110135
https://openalex.org/W2054224973
https://openalex.org/W2110942019
https://openalex.org/W2474641283
https://openalex.org/W1838220136
https://openalex.org/W2081933104
https://openalex.org/W2175101126
https://openalex.org/W181316119
https://openalex.org/W1974336313
https://openalex.org/W2100772840
https://openalex.org/W2005256132
https://openalex.org/W2073079671
https://openalex.org/W2528282622
https://openalex.org/W2122238501
https://openalex.org/W2150504172
https://openalex.org/W2150900324
https://openalex.org/W2162791176
https://openalex.org/W2902979107
https://openalex.org/W2133766728
https://openalex.org/W2145092856
https://openalex.org/W2612791517
https://openalex.org/W2806924270
https://openalex.org/W1980333310
https://openalex.org/W1981347508
https://openalex.org/W2008383167
https://openalex.org/W2318257238
https://openalex.org/W4322703188
https://openalex.org/W1656334714
https://openalex.org/W2033552331
https://openalex.org/W2038196727
https://openalex.org/W2135314765
https://openalex.org/W2152988940
https://openalex.org/W2439879804
https://openalex.org/W2513291255
https://openalex.org/W1538606150
https://openalex.org/W2041281891
https://openalex.org/W2169320491
https://openalex.org/W1969105150
https://openalex.org/W2074325083
https://openalex.org/W2170520206
https://openalex.org/W2516947742
https://openalex.org/W2573740717
https://openalex.org/W2060509335
https://openalex.org/W2139708397
https://openalex.org/W2796421240
https://openalex.org/W2103182602
https://openalex.org/W2832966982
https://openalex.org/W2130983324
https://openalex.org/W1984506197
https://openalex.org/W2049969069
https://openalex.org/W2068073149
https://openalex.org/W2127097716
https://openalex.org/W2334365745
https://openalex.org/W2608768503
https://openalex.org/W2973799453
https://openalex.org/W1803508310
https://openalex.org/W1941334139
https://openalex.org/W2109661366
https://openalex.org/W2724915600
https://openalex.org/W3192148883
https://openalex.org/W2023991517
https://openalex.org/W2063525645
https://openalex.org/W2141282264
https://openalex.org/W2156075126
https://openalex.org/W2159862424
https://openalex.org/W2803364921
https://openalex.org/W2991550491
https://openalex.org/W3095678196
https://openalex.org/W2077414013
https://openalex.org/W2110777388
https://openalex.org/W2157138741
https://openalex.org/W2213231420
https://openalex.org/W1980419793
https://openalex.org/W2000669626
https://openalex.org/W2002333036
https://openalex.org/W2022851271
https://openalex.org/W2066346013
https://openalex.org/W2089993753
https://openalex.org/W2123476232
https://openalex.org/W1996769538
https://openalex.org/W2100944201
https://openalex.org/W2110815215
https://openalex.org/W2116225898
https://openalex.org/W2137263116
https://openalex.org/W2613729711
https://openalex.org/W3041348343
https://openalex.org/W961944726
https://openalex.org/W2104843183
https://openalex.org/W2608524918
https://openalex.org/W2913726145
https://openalex.org/W3136527868
https://openalex.org/W1989143325
https://openalex.org/W2050204464
https://openalex.org/W2083586313
https://openalex.org/W2099851002
https://openalex.org/W2780494501
https://openalex.org/W2085140563
https://openalex.org/W2133566780
https://openalex.org/W2138541870
https://openalex.org/W2756299680
https://openalex.org/W3015807187
https://openalex.org/W3092948263
https://openalex.org/W4229734315
https://openalex.org/W1996048189
https://openalex.org/W2030729948
https://openalex.org/W2033239428
https://openalex.org/W2078011478
https://openalex.org/W3215480673
https://openalex.org/W2004624634
https://openalex.org/W2016471763
https://openalex.org/W2063873454
https://openalex.org/W2122299222
https://openalex.org/W2575937523
https://openalex.org/W1967898059
https://openalex.org/W2010838282
https://openalex.org/W2037296277
https://openalex.org/W2045144690
https://openalex.org/W2084529686
https://openalex.org/W2101544940
https://openalex.org/W2771373202
https://openalex.org/W2007701372
https://openalex.org/W2064071172
https://openalex.org/W2072556512
https://openalex.org/W2120564669
https://openalex.org/W2148048118
https://openalex.org/W2166244403
https://openalex.org/W2316809042
https://openalex.org/W2884098950
https://openalex.org/W2015298136
https://openalex.org/W2048326127
https://openalex.org/W2053158834
https://openalex.org/W2113548834
https://openalex.org/W2003289125
https://openalex.org/W2011171351
https://openalex.org/W2054195286
https://openalex.org/W2063883448
https://openalex.org/W2135883863
https://openalex.org/W2170036605
https://openalex.org/W1964698886
https://openalex.org/W1998849920
https://openalex.org/W2034444563
https://openalex.org/W2040849830
https://openalex.org/W2167006962
https://openalex.org/W2272248819
https://openalex.org/W2401268515
https://openalex.org/W3110140393
https://openalex.org/W1965077887
https://openalex.org/W2062582838
https://openalex.org/W2121726191
https://openalex.org/W2134176319
https://openalex.org/W2157331586
https://openalex.org/W2179031601
https://openalex.org/W4309158972
https://openalex.org/W1516468064
https://openalex.org/W1776893913
https://openalex.org/W1978651416
https://openalex.org/W2005808281
https://openalex.org/W2078563668
https://openalex.org/W2081994681
https://openalex.org/W2099255363
https://openalex.org/W2106458568
https://openalex.org/W2129738894
https://openalex.org/W2155809148
https://openalex.org/W2536819019
https://openalex.org/W2550645704
https://openalex.org/W2555971849
https://openalex.org/W2737370897
https://openalex.org/W4321018137
https://openalex.org/W1982900182
https://openalex.org/W1983061964
https://openalex.org/W2011724480
https://openalex.org/W2014751788
https://openalex.org/W2036461436
https://openalex.org/W2098273336
https://openalex.org/W2102261662
https://openalex.org/W2793509733
https://openalex.org/W2801668873
https://openalex.org/W2940998296
https://openalex.org/W2951496201
https://openalex.org/W3085234918
https://openalex.org/W1976927510
https://openalex.org/W1990114475
https://openalex.org/W1991220959
https://openalex.org/W2017285615
https://openalex.org/W1529004844
https://openalex.org/W1983961881
https://openalex.org/W1998994143
https://openalex.org/W2072759495
https://openalex.org/W2079683035
https://openalex.org/W2110687313
https://openalex.org/W2110828171
https://openalex.org/W2136766474
https://openalex.org/W2141258481
https://openalex.org/W2154427631
https://openalex.org/W2531715463
https://openalex.org/W1979784440
https://openalex.org/W2049350244
https://openalex.org/W1571390680
https://openalex.org/W1994708805
https://openalex.org/W2020788659
https://openalex.org/W2040391992
https://openalex.org/W2044113516
https://openalex.org/W2044284020
https://openalex.org/W2044570949
https://openalex.org/W2132528679
https://openalex.org/W2883368302
https://openalex.org/W1556562072
https://openalex.org/W2114531626
https://openalex.org/W2118504945
https://openalex.org/W2120074195
https://openalex.org/W2140499064
https://openalex.org/W2149872793
https://openalex.org/W2160971029
https://openalex.org/W2735655169
https://openalex.org/W1985025039
https://openalex.org/W2080618182
https://openalex.org/W2099636954
https://openalex.org/W2141061424
https://openalex.org/W2167675776
https://openalex.org/W2937686124
https://openalex.org/W1886860282
https://openalex.org/W2033160596
https://openalex.org/W2122253636
https://openalex.org/W2162029076
https://openalex.org/W2206257597
https://openalex.org/W2330236082
https://openalex.org/W2411158648
https://openalex.org/W2028780089
https://openalex.org/W2086022215
https://openalex.org/W2137778652
https://openalex.org/W2163120890
https://openalex.org/W2757680261
https://openalex.org/W2757922312
https://openalex.org/W2888594131
https://openalex.org/W2982579020
https://openalex.org/W3137500697
https://openalex.org/W1593087694
https://openalex.org/W1970641720
https://openalex.org/W2026709615
https://openalex.org/W2032508471
https://openalex.org/W2049561158
https://openalex.org/W2082765455
https://openalex.org/W2115006443
https://openalex.org/W2155446202
https://openalex.org/W2296831586
https://openalex.org/W2516950737
https://openalex.org/W1995816112
https://openalex.org/W2002469183
https://openalex.org/W2045394033
https://openalex.org/W2080566039
https://openalex.org/W2082431423
https://openalex.org/W2092511938
https://openalex.org/W2097467510
https://openalex.org/W2119095532
https://openalex.org/W2137268486
https://openalex.org/W2143001822
https://openalex.org/W2225147943
https://openalex.org/W2556885577
https://openalex.org/W2738181020
https://openalex.org/W4200523255
https://openalex.org/W1535044189
https://openalex.org/W1969253932
https://openalex.org/W2016619225
https://openalex.org/W2022366707
https://openalex.org/W2022521212
https://openalex.org/W2022589758
https://openalex.org/W2034153746
https://openalex.org/W2111485803
https://openalex.org/W2117919981
https://openalex.org/W2140593348
https://openalex.org/W2164929953
https://openalex.org/W2165659559
https://openalex.org/W2598056650
https://openalex.org/W2909700892
https://openalex.org/W2949500104
https://openalex.org/W4318071643
https://openalex.org/W4379136519
https://openalex.org/W1698578708
https://openalex.org/W1970699695
https://openalex.org/W1982787794
https://openalex.org/W2022450085
https://openalex.org/W2035079068
https://openalex.org/W2054117242
https://openalex.org/W2131877837
https://openalex.org/W2142125753
https://openalex.org/W2154514809
https://openalex.org/W2606768929
https://openalex.org/W2766374362
https://openalex.org/W3084752132
https://openalex.org/W1989956321
https://openalex.org/W1997419604
https://openalex.org/W2029002658
https://openalex.org/W2038127682
https://openalex.org/W2040320088
https://openalex.org/W2085262691
https://openalex.org/W2127937925
https://openalex.org/W2135367084
https://openalex.org/W2411136955
https://openalex.org/W2593357192
https://openalex.org/W2910329477
https://openalex.org/W3191184073
https://openalex.org/W1881197158
https://openalex.org/W1908948938
https://openalex.org/W1990342666
https://openalex.org/W1990995181
https://openalex.org/W1999700220
https://openalex.org/W2057554913
https://openalex.org/W2057891132
https://openalex.org/W2504770058
https://openalex.org/W1985471787
https://openalex.org/W2081708412
https://openalex.org/W2102730944
https://openalex.org/W2115891619
https://openalex.org/W2144208130
https://openalex.org/W2160947151
https://openalex.org/W2170223680
https://openalex.org/W2185471782
https://openalex.org/W2334898105
https://openalex.org/W2519879317
https://openalex.org/W2768888132
https://openalex.org/W2781697277
https://openalex.org/W2998505151
https://openalex.org/W1904939329
https://openalex.org/W2002792033
https://openalex.org/W2023125966
https://openalex.org/W2059332266
https://openalex.org/W2070474036
https://openalex.org/W2102344712
https://openalex.org/W2148570593
https://openalex.org/W2164898991
https://openalex.org/W2337481591
https://openalex.org/W2946578923
https://openalex.org/W2947419106
https://openalex.org/W2969572315
https://openalex.org/W1648730905
https://openalex.org/W1806152992
https://openalex.org/W1986080238
https://openalex.org/W2006320925
https://openalex.org/W2022990715
https://openalex.org/W2038652410
https://openalex.org/W2051637716
https://openalex.org/W2054490887
https://openalex.org/W2087914496
https://openalex.org/W2138188194
https://openalex.org/W2161659544
https://openalex.org/W2171700418
https://openalex.org/W2487119530
https://openalex.org/W2560070680
https://openalex.org/W2792266218
https://openalex.org/W3085697388
https://openalex.org/W358290377
https://openalex.org/W1976413095
https://openalex.org/W1982952687
https://openalex.org/W1998188654
https://openalex.org/W2068067149
https://openalex.org/W2071476767
https://openalex.org/W2089405832
https://openalex.org/W2099043721
https://openalex.org/W2133926608
https://openalex.org/W2417758628
https://openalex.org/W2789525784
https://openalex.org/W2791384486
https://openalex.org/W2794555370
https://openalex.org/W3002499541
https://openalex.org/W3021305401
https://openalex.org/W1986860140
https://openalex.org/W1996995545
https://openalex.org/W2024590096
https://openalex.org/W2096041196
https://openalex.org/W2096059953
https://openalex.org/W2101774770
https://openalex.org/W2143131143
https://openalex.org/W2148366432
https://openalex.org/W2169029595
https://openalex.org/W2266638447
https://openalex.org/W2294890347
https://openalex.org/W2511906748
https://openalex.org/W2891622246
https://openalex.org/W2944047957
https://openalex.org/W2966592669
https://openalex.org/W4200418239
https://openalex.org/W584615620
https://openalex.org/W143934372
https://openalex.org/W1550073858
https://openalex.org/W1981685245
https://openalex.org/W1999453051
https://openalex.org/W2037232714
https://openalex.org/W2043639903
https://openalex.org/W2048265947
https://openalex.org/W2079962950
https://openalex.org/W2103758081
https://openalex.org/W2118884195
https://openalex.org/W2122365217
https://openalex.org/W2144788850
https://openalex.org/W2180071050
https://openalex.org/W2465938266
https://openalex.org/W2753950393
https://openalex.org/W2768017811
https://openalex.org/W1987380612
https://openalex.org/W1989028252
https://openalex.org/W2008735105
https://openalex.org/W2011691000
https://openalex.org/W2029684647
https://openalex.org/W2036096310
https://openalex.org/W2040446158
https://openalex.org/W2061544025
https://openalex.org/W2070319783
https://openalex.org/W2105060849
https://openalex.org/W2154049519
https://openalex.org/W2163302017
https://openalex.org/W2549774070
https://openalex.org/W2788782611
https://openalex.org/W2790544350
https://openalex.org/W2891191096
https://openalex.org/W2899776358
https://openalex.org/W2902939559
https://openalex.org/W2915993672
https://openalex.org/W2982687845
https://openalex.org/W11485548
https://openalex.org/W1154364364
https://openalex.org/W1549750
https://openalex.org/W1596419020
https://openalex.org/W2045372857
https://openalex.org/W2071310144
https://openalex.org/W2077028003
https://openalex.org/W2118037954
https://openalex.org/W2136864809
https://openalex.org/W2160644248
https://openalex.org/W2334734550
https://openalex.org/W2540740892
https://openalex.org/W2569385716
https://openalex.org/W3089663315
https://openalex.org/W3159952420
https://openalex.org/W4211260549
https://openalex.org/W2002247625
https://openalex.org/W2009198957
https://openalex.org/W2011786869
https://openalex.org/W2032176317
https://openalex.org/W2049329014
https://openalex.org/W2050507992
https://openalex.org/W2143084568
https://openalex.org/W2611780568
https://openalex.org/W2772325959
https://openalex.org/W2800042599
https://openalex.org/W2884166319
https://openalex.org/W2897167301
https://openalex.org/W2920475580
https://openalex.org/W2995493202
https://openalex.org/W3004854504
https://openalex.org/W4235104363
https://openalex.org/W1481215660
https://openalex.org/W1974374218
https://openalex.org/W1996654920
https://openalex.org/W2006974689
https://openalex.org/W2033431600
https://openalex.org/W2064661237
https://openalex.org/W2089302748
https://openalex.org/W2093115344
https://openalex.org/W2130589017
https://openalex.org/W2147437422
https://openalex.org/W2165708288
https://openalex.org/W2333679301
https://openalex.org/W2395451939
https://openalex.org/W2426832038
https://openalex.org/W2570587110
https://openalex.org/W2741274146
https://openalex.org/W2811454895
https://openalex.org/W4256419905
https://openalex.org/W1982884853
https://openalex.org/W1985116877
https://openalex.org/W1992924518
https://openalex.org/W2053203843
https://openalex.org/W2059555904
https://openalex.org/W2112206171
https://openalex.org/W2151756005
https://openalex.org/W2491997811
https://openalex.org/W2514391795
https://openalex.org/W2767866703
https://openalex.org/W2991743752
https://openalex.org/W3049985613
https://openalex.org/W4210570640
https://openalex.org/W1569861264
https://openalex.org/W1967628092
https://openalex.org/W1980873394
https://openalex.org/W2035341016
https://openalex.org/W2073202618
https://openalex.org/W2076715431
https://openalex.org/W2084997333
https://openalex.org/W2120586998
https://openalex.org/W2126162961
https://openalex.org/W2130124626
https://openalex.org/W2140101742
https://openalex.org/W2157269690
https://openalex.org/W2282276722
https://openalex.org/W238099030
https://openalex.org/W2736217734
https://openalex.org/W2901210588
https://openalex.org/W2988104315
https://openalex.org/W3023050097
https://openalex.org/W3120105413
https://openalex.org/W1480456720
https://openalex.org/W1928705710
https://openalex.org/W1964767096
https://openalex.org/W1977008501
https://openalex.org/W2024111899
https://openalex.org/W2052798195
https://openalex.org/W2093057000
https://openalex.org/W2095318380
https://openalex.org/W2137234819
https://openalex.org/W2156852499
https://openalex.org/W2162281208
https://openalex.org/W2335731256
https://openalex.org/W2733917209
https://openalex.org/W2915007177
https://openalex.org/W2915627719
https://openalex.org/W2955433328
https://openalex.org/W3179261371
https://openalex.org/W3190074461
https://openalex.org/W1505853382
https://openalex.org/W1825475858
https://openalex.org/W1966256812
https://openalex.org/W1983227886
https://openalex.org/W2032647792
https://openalex.org/W2063091146
https://openalex.org/W2083364374
https://openalex.org/W2097964687
https://openalex.org/W2133502663
https://openalex.org/W2157448747
https://openalex.org/W2225754264
https://openalex.org/W2313972632
https://openalex.org/W2603206105
https://openalex.org/W2741210378
https://openalex.org/W2773048666
https://openalex.org/W2805012231
https://openalex.org/W2914947612
https://openalex.org/W2921743332
https://openalex.org/W1977734570
https://openalex.org/W2008897865
https://openalex.org/W2009365523
https://openalex.org/W2055786991
https://openalex.org/W2058345093
https://openalex.org/W2059522028
https://openalex.org/W2060451687
https://openalex.org/W2067540623
https://openalex.org/W2071592640
https://openalex.org/W2101422386
https://openalex.org/W2109021561
https://openalex.org/W2123394588
https://openalex.org/W2126872202
https://openalex.org/W2134418713
https://openalex.org/W2142217893
https://openalex.org/W2147606553
https://openalex.org/W2193307990
https://openalex.org/W2319592400
https://openalex.org/W2337369482
https://openalex.org/W2480285968
https://openalex.org/W2755723437
https://openalex.org/W2884201656
https://openalex.org/W2915152016
https://openalex.org/W2950876666
https://openalex.org/W2977319500
https://openalex.org/W1966464423
https://openalex.org/W1969953217
https://openalex.org/W2003969917
https://openalex.org/W2016697058
https://openalex.org/W2064390084
https://openalex.org/W2075369541
https://openalex.org/W2080461800
https://openalex.org/W2102452609
https://openalex.org/W2104755711
https://openalex.org/W2145912166
https://openalex.org/W2147270408
https://openalex.org/W2367286278
https://openalex.org/W2528397974
https://openalex.org/W2600835436
https://openalex.org/W2604653360
https://openalex.org/W2605737208
https://openalex.org/W2793964084
https://openalex.org/W2887245273
https://openalex.org/W2942621475
https://openalex.org/W2982581691
https://openalex.org/W3042398923
https://openalex.org/W3094324325
https://openalex.org/W3122992840
https://openalex.org/W1566997350
https://openalex.org/W1587653288
https://openalex.org/W1797869532
https://openalex.org/W1809255747
https://openalex.org/W1953094495
https://openalex.org/W1966726890
https://openalex.org/W1979727660
https://openalex.org/W1990772092
https://openalex.org/W1993220119
https://openalex.org/W2045473060
https://openalex.org/W2046655474
https://openalex.org/W2055411873
https://openalex.org/W2067835176
https://openalex.org/W2068939852
https://openalex.org/W2093125387
https://openalex.org/W2101923698
https://openalex.org/W2130297994
https://openalex.org/W2134639683
https://openalex.org/W2140130656
https://openalex.org/W2471381278
https://openalex.org/W2528517393
https://openalex.org/W2624600698
https://openalex.org/W2765658974
https://openalex.org/W2888934329
https://openalex.org/W2952912672
https://openalex.org/W2965166560
https://openalex.org/W3005590332
https://openalex.org/W3033287571
https://openalex.org/W3081793737
https://openalex.org/W62057073
https://openalex.org/W1605286623
https://openalex.org/W1962967416
https://openalex.org/W1968532477
https://openalex.org/W1987378840
https://openalex.org/W2031588200
https://openalex.org/W2040154862
https://openalex.org/W2056188137
https://openalex.org/W2070726667
https://openalex.org/W2096437078
https://openalex.org/W2124010582
https://openalex.org/W2167247764
https://openalex.org/W2468367834
https://openalex.org/W2570697691
https://openalex.org/W2800387399
https://openalex.org/W3024167142
https://openalex.org/W3025100544
https://openalex.org/W3045500998
https://openalex.org/W4200162882
https://openalex.org/W4288034887
https://openalex.org/W1562378545
https://openalex.org/W1992367703
https://openalex.org/W2003709252
https://openalex.org/W2014071888
https://openalex.org/W2024487386
https://openalex.org/W2027549466
https://openalex.org/W2075708232
https://openalex.org/W2078211574
https://openalex.org/W2104011884
https://openalex.org/W2121871170
https://openalex.org/W2137637650
https://openalex.org/W2140200692
https://openalex.org/W2151800493
https://openalex.org/W2152895628
https://openalex.org/W2292303666
https://openalex.org/W2404598267
https://openalex.org/W2515448031
https://openalex.org/W2576254907
https://openalex.org/W2611395761
https://openalex.org/W2767864798
https://openalex.org/W2769804507
https://openalex.org/W2915126805
https://openalex.org/W2969308068
https://openalex.org/W2988886076
https://openalex.org/W3028026196
https://openalex.org/W3037769495
https://openalex.org/W3111174656
https://openalex.org/W3217573203
https://openalex.org/W4223532457
https://openalex.org/W648969386
https://openalex.org/W1487659381
https://openalex.org/W1566453842
https://openalex.org/W1576474939
https://openalex.org/W1859470153
https://openalex.org/W1997223078
https://openalex.org/W2002850984
https://openalex.org/W2008364569
https://openalex.org/W2011105099
https://openalex.org/W2021916500
https://openalex.org/W2071781528
https://openalex.org/W2096269505
https://openalex.org/W2123600828
https://openalex.org/W2131543581
https://openalex.org/W2132076012
https://openalex.org/W2160240795
https://openalex.org/W2173958414
https://openalex.org/W2410350215
https://openalex.org/W2887335676
https://openalex.org/W2896142595
https://openalex.org/W2897608845
https://openalex.org/W2910223967
https://openalex.org/W2925886298
https://openalex.org/W2942159151
https://openalex.org/W2947355035
https://openalex.org/W2949589979
https://openalex.org/W3022761070
https://openalex.org/W3046694266
https://openalex.org/W3092505041
https://openalex.org/W4224217409
https://openalex.org/W4238400918
https://openalex.org/W1492827358
https://openalex.org/W1911744002
https://openalex.org/W1965114228
https://openalex.org/W2015415131
https://openalex.org/W2032097197
https://openalex.org/W2052680630
https://openalex.org/W2057528922
https://openalex.org/W2068842629
https://openalex.org/W2075547045
https://openalex.org/W2077035315
https://openalex.org/W2078759423
https://openalex.org/W2079151590
https://openalex.org/W2087133451
https://openalex.org/W2087330105
https://openalex.org/W2098662140
https://openalex.org/W2102770946
https://openalex.org/W2120246755
https://openalex.org/W2145965221
https://openalex.org/W2200873419
https://openalex.org/W2343207537
https://openalex.org/W2365043746
https://openalex.org/W2414145872
https://openalex.org/W2592588618
https://openalex.org/W2755549351
https://openalex.org/W2801808350
https://openalex.org/W2904469481
https://openalex.org/W2909115630
https://openalex.org/W2939636704
https://openalex.org/W2969376264
https://openalex.org/W2981192404
https://openalex.org/W3129727398
https://openalex.org/W3132399793
https://openalex.org/W394123060
https://openalex.org/W4224024529
https://openalex.org/W4250191659
https://openalex.org/W4294982416
https://openalex.org/W1940899188
https://openalex.org/W1971565748
https://openalex.org/W2000169996
https://openalex.org/W2004950343
https://openalex.org/W2029697409
https://openalex.org/W2125019563
https://openalex.org/W2125162757
https://openalex.org/W2143027619
https://openalex.org/W2143667529
https://openalex.org/W2298006382
https://openalex.org/W2336005229
https://openalex.org/W2607182971
https://openalex.org/W2770789815
https://openalex.org/W2794306494
https://openalex.org/W2794525420
https://openalex.org/W2899183612
https://openalex.org/W2905922247
https://openalex.org/W2920495047
https://openalex.org/W2964835047
https://openalex.org/W2982600193
https://openalex.org/W2990768520
https://openalex.org/W2990875107
https://openalex.org/W3002241098
https://openalex.org/W3095705888
https://openalex.org/W3108408970
https://openalex.org/W3114212764
https://openalex.org/W4226412849
https://openalex.org/W1884856640
https://openalex.org/W1956749553
https://openalex.org/W1976552802
https://openalex.org/W1995118639
https://openalex.org/W2003369622
https://openalex.org/W2022511181
https://openalex.org/W2057003805
https://openalex.org/W2059644268
https://openalex.org/W2063292262
https://openalex.org/W2072456023
https://openalex.org/W2079062475
https://openalex.org/W2079981733
https://openalex.org/W2089212399
https://openalex.org/W2095921852
https://openalex.org/W2107514986
https://openalex.org/W2114136022
https://openalex.org/W2131937307
https://openalex.org/W2146755227
https://openalex.org/W2156248346
https://openalex.org/W2156536283
https://openalex.org/W2161922872
https://openalex.org/W2317713924
https://openalex.org/W2529724740
https://openalex.org/W2617498394
https://openalex.org/W2774986742
https://openalex.org/W2979338857
https://openalex.org/W3003322758
https://openalex.org/W3216503714
https://openalex.org/W4205923272
https://openalex.org/W4249341102
https://openalex.org/W4254598039
https://openalex.org/W4282974395
https://openalex.org/W1500570688
https://openalex.org/W1933088165
https://openalex.org/W1966589126
https://openalex.org/W1967527234
https://openalex.org/W1971266937
https://openalex.org/W1988055573
https://openalex.org/W1993373068
https://openalex.org/W1997214274
https://openalex.org/W2000027547
https://openalex.org/W2018031402
https://openalex.org/W2028279307
https://openalex.org/W2045864421
https://openalex.org/W2070131553
https://openalex.org/W2073674311
https://openalex.org/W2081258729
https://openalex.org/W2087559124
https://openalex.org/W2092449765
https://openalex.org/W2141829704
https://openalex.org/W2149901468
https://openalex.org/W2156980418
https://openalex.org/W2159715364
https://openalex.org/W2170993195
https://openalex.org/W2219819937
https://openalex.org/W2230327240
https://openalex.org/W2286295378
https://openalex.org/W2324161890
https://openalex.org/W2485197270
https://openalex.org/W2587190551
https://openalex.org/W2587298075
https://openalex.org/W2657210074
https://openalex.org/W2781919096
https://openalex.org/W2797170287
https://openalex.org/W2884774894
https://openalex.org/W2885014679
https://openalex.org/W2888340452
https://openalex.org/W2963097543
https://openalex.org/W2967062273
https://openalex.org/W3110616016
https://openalex.org/W3204075875
https://openalex.org/W131876208
https://openalex.org/W134262427
https://openalex.org/W1565353681
https://openalex.org/W1982678591
https://openalex.org/W1990455881
https://openalex.org/W2022099437
https://openalex.org/W2025471192
https://openalex.org/W2029138176
https://openalex.org/W2052988478
https://openalex.org/W2080204713
https://openalex.org/W2087415831
https://openalex.org/W2093532406
https://openalex.org/W2094874807
https://openalex.org/W2097132364
https://openalex.org/W2111723861
https://openalex.org/W2130742607
https://openalex.org/W2140367451
https://openalex.org/W2159505459
https://openalex.org/W2170328881
https://openalex.org/W2176379477
https://openalex.org/W2232049787
https://openalex.org/W2464753040
https://openalex.org/W2482548809
https://openalex.org/W2583540664
https://openalex.org/W2610818268
https://openalex.org/W2621021733
https://openalex.org/W2762418270
https://openalex.org/W2765579927
https://openalex.org/W2768658708
https://openalex.org/W2778805574
https://openalex.org/W2782332860
https://openalex.org/W2788514583
https://openalex.org/W2904548749
https://openalex.org/W2913903536
https://openalex.org/W2937547281
https://openalex.org/W3007968848
https://openalex.org/W3037142583
https://openalex.org/W3080793610
https://openalex.org/W3199584065
https://openalex.org/W4210926255
https://openalex.org/W4220678338
https://openalex.org/W4234547950
https://openalex.org/W627340209
https://openalex.org/W1508152517
https://openalex.org/W1652458324
https://openalex.org/W1971522137
https://openalex.org/W1989202398
https://openalex.org/W2010301900
https://openalex.org/W2013237448
https://openalex.org/W2023672521
https://openalex.org/W2026865007
https://openalex.org/W2035076330
https://openalex.org/W2044628298
https://openalex.org/W2054637051
https://openalex.org/W2066418926
https://openalex.org/W2070611542
https://openalex.org/W2080317793
https://openalex.org/W2145104101
https://openalex.org/W2146357383
https://openalex.org/W2149800520
https://openalex.org/W2157435984
https://openalex.org/W2161354026
https://openalex.org/W2210679061
https://openalex.org/W2239876187
https://openalex.org/W2257945125
https://openalex.org/W2398540073
https://openalex.org/W2511065436
https://openalex.org/W2605439628
https://openalex.org/W2605937031
https://openalex.org/W2732393309
https://openalex.org/W2734495287
https://openalex.org/W2741771613
https://openalex.org/W2744773055
https://openalex.org/W2761346703
https://openalex.org/W2807032912
https://openalex.org/W2922559736
https://openalex.org/W2931237894
https://openalex.org/W2936152986
https://openalex.org/W2953850763
https://openalex.org/W2969747369
https://openalex.org/W2990874421
https://openalex.org/W2999197589
https://openalex.org/W3003696895
https://openalex.org/W3004639933
https://openalex.org/W3121823312
https://openalex.org/W3169896882
https://openalex.org/W4295540159
https://openalex.org/W4304606935
https://openalex.org/W1209222064
https://openalex.org/W1914106738
https://openalex.org/W1970308326
https://openalex.org/W1978653360
https://openalex.org/W1982000370
https://openalex.org/W1998085571
https://openalex.org/W2025113410
https://openalex.org/W2032075180
https://openalex.org/W2081697722
https://openalex.org/W2092050248
https://openalex.org/W2095110256
https://openalex.org/W2158445320
https://openalex.org/W2161413622
https://openalex.org/W2166635095
https://openalex.org/W2271444613
https://openalex.org/W2312695355
https://openalex.org/W2371960007
https://openalex.org/W2504860765
https://openalex.org/W2517040100
https://openalex.org/W2529566071
https://openalex.org/W2750516430
https://openalex.org/W2790842257
https://openalex.org/W2806828862
https://openalex.org/W2808133903
https://openalex.org/W2891475053
https://openalex.org/W2904973615
https://openalex.org/W2914376984
https://openalex.org/W2923408266
https://openalex.org/W2946524457
https://openalex.org/W2981323681
https://openalex.org/W3005933175
https://openalex.org/W3008855533
https://openalex.org/W3021438474
https://openalex.org/W3024345356
https://openalex.org/W3094373909
https://openalex.org/W3118666727
https://openalex.org/W3186489368
https://openalex.org/W3208885524
https://openalex.org/W4225098466
https://openalex.org/W804621515
https://openalex.org/W1533717706
https://openalex.org/W1982142957
https://openalex.org/W1983496977
https://openalex.org/W2001151995
https://openalex.org/W2010121476
https://openalex.org/W2014826363
https://openalex.org/W2017048272
https://openalex.org/W2031932052
https://openalex.org/W2034052257
https://openalex.org/W2054365981
https://openalex.org/W2079773378
https://openalex.org/W2084992956
https://openalex.org/W2090374740
https://openalex.org/W2098199480
https://openalex.org/W2134937320
https://openalex.org/W2154792658
https://openalex.org/W2166456166
https://openalex.org/W2169950440
https://openalex.org/W2423945802
https://openalex.org/W2473512385
https://openalex.org/W2544717685
https://openalex.org/W2605162569
https://openalex.org/W2743372830
https://openalex.org/W2783705028
https://openalex.org/W2788101118
https://openalex.org/W2796055011
https://openalex.org/W2796463813
https://openalex.org/W2810064091
https://openalex.org/W2810194186
https://openalex.org/W2886799526
https://openalex.org/W2889181016
https://openalex.org/W2889519631
https://openalex.org/W2901979847
https://openalex.org/W2921684183
https://openalex.org/W2992511097
https://openalex.org/W2995823574
https://openalex.org/W3035852286
https://openalex.org/W3164055229
https://openalex.org/W3171373957
https://openalex.org/W4220844578
https://openalex.org/W4311473306
https://openalex.org/W1529535763
https://openalex.org/W1904177861
https://openalex.org/W1974434332
https://openalex.org/W1984053078
https://openalex.org/W2000659842
https://openalex.org/W2029132202
https://openalex.org/W2037936642
https://openalex.org/W2039643729
https://openalex.org/W2046731293
https://openalex.org/W2049957408
https://openalex.org/W2061819464
https://openalex.org/W2070252274
https://openalex.org/W2086043616
https://openalex.org/W2100032735
https://openalex.org/W2113801914
https://openalex.org/W2120568351
https://openalex.org/W2134079876
https://openalex.org/W2139260364
https://openalex.org/W2160207434
https://openalex.org/W2169198205
https://openalex.org/W2171387944
https://openalex.org/W2299443261
https://openalex.org/W2317289222
https://openalex.org/W2333384665
https://openalex.org/W2484980860
https://openalex.org/W2511444628
https://openalex.org/W2512772141
https://openalex.org/W2556003805
https://openalex.org/W2557312048
https://openalex.org/W2563223119
https://openalex.org/W2580384207
https://openalex.org/W2730156328
https://openalex.org/W2777602100
https://openalex.org/W2782422010
https://openalex.org/W2782650864
https://openalex.org/W2804522547
https://openalex.org/W2886202156
https://openalex.org/W2891656725
https://openalex.org/W2916380535
https://openalex.org/W2923641947
https://openalex.org/W2937814233
https://openalex.org/W2968563517
https://openalex.org/W2993968579
https://openalex.org/W3046717420
https://openalex.org/W3048328209
https://openalex.org/W3098577311
https://openalex.org/W3150895340
https://openalex.org/W3177511369
https://openalex.org/W4206454169
https://openalex.org/W4214934502
https://openalex.org/W4221028817
https://openalex.org/W4226491434
https://openalex.org/W4245525269
https://openalex.org/W4289595176
https://openalex.org/W4361222213
https://openalex.org/W1102570178
https://openalex.org/W147520506
https://openalex.org/W1965669224
https://openalex.org/W1981477492
https://openalex.org/W2009594544
https://openalex.org/W2010484830
https://openalex.org/W2018287191
https://openalex.org/W2020507003
https://openalex.org/W2047715778
https://openalex.org/W2054729175
https://openalex.org/W2057008511
https://openalex.org/W2069656628
https://openalex.org/W2081248783
https://openalex.org/W2095493971
https://openalex.org/W2102721593
https://openalex.org/W2106849585
https://openalex.org/W2128491895
https://openalex.org/W2139070061
https://openalex.org/W2140726227
https://openalex.org/W2146489258
https://openalex.org/W2153590400
https://openalex.org/W2169314987
https://openalex.org/W2191028624
https://openalex.org/W2333843180
https://openalex.org/W2397329068
https://openalex.org/W2436093111
https://openalex.org/W2494236295
https://openalex.org/W2511215983
https://openalex.org/W2568347035
https://openalex.org/W2745942469
https://openalex.org/W2900088820
https://openalex.org/W2902896406
https://openalex.org/W2972271821
https://openalex.org/W2995697016
https://openalex.org/W2999912914
https://openalex.org/W3023265916
https://openalex.org/W3040595153
https://openalex.org/W3112420227
https://openalex.org/W3119403135
https://openalex.org/W3146819281
https://openalex.org/W3157112295
https://openalex.org/W3164942128
https://openalex.org/W3180515950
https://openalex.org/W3185690071
https://openalex.org/W3196352099
https://openalex.org/W3197386123
https://openalex.org/W3198346857
https://openalex.org/W3209164098
https://openalex.org/W3209579136
https://openalex.org/W4210503135
https://openalex.org/W4213042597
https://openalex.org/W4213374948
https://openalex.org/W4233657838
https://openalex.org/W4295736406
https://openalex.org/W1574354885
https://openalex.org/W1906371772
https://openalex.org/W1964067477
https://openalex.org/W1966878760
https://openalex.org/W1996371258
https://openalex.org/W2013091049
https://openalex.org/W2034141824
https://openalex.org/W2035603790
https://openalex.org/W2044958542
https://openalex.org/W2059270730
https://openalex.org/W2059301429
https://openalex.org/W2060275722
https://openalex.org/W2069264607
https://openalex.org/W2097381729
https://openalex.org/W2103140460
https://openalex.org/W2110818832
https://openalex.org/W2114930942
https://openalex.org/W2115536269
https://openalex.org/W2126342019
https://openalex.org/W2129052394
https://openalex.org/W2155958089
https://openalex.org/W2160273184
https://openalex.org/W2189704682
https://openalex.org/W2293266475
https://openalex.org/W2300827763
https://openalex.org/W2316297971
https://openalex.org/W2410563531
https://openalex.org/W2461253692
https://openalex.org/W2572935700
https://openalex.org/W2614825041
https://openalex.org/W2618528599
https://openalex.org/W2737316015
https://openalex.org/W2738888150
https://openalex.org/W2755344304
https://openalex.org/W2766593864
https://openalex.org/W2791588602
https://openalex.org/W2808502010
https://openalex.org/W2810730258
https://openalex.org/W2886514839
https://openalex.org/W2889903243
https://openalex.org/W2901718855
https://openalex.org/W2904340450
https://openalex.org/W2906856036
https://openalex.org/W2914167969
https://openalex.org/W2956057327
https://openalex.org/W3034158797
https://openalex.org/W3109126177
https://openalex.org/W3134232473
https://openalex.org/W3136430240
https://openalex.org/W3136480421
https://openalex.org/W3153463972
https://openalex.org/W3159441980
https://openalex.org/W3188196845
https://openalex.org/W4220655779
https://openalex.org/W4251496094
https://openalex.org/W4284693008
https://openalex.org/W4311116298
https://openalex.org/W1559080411
https://openalex.org/W1574860952
https://openalex.org/W1894330577
https://openalex.org/W1943447571
https://openalex.org/W1985151197
https://openalex.org/W1992985748
https://openalex.org/W1998979153
https://openalex.org/W2031513450
https://openalex.org/W2034283662
https://openalex.org/W2040936799
https://openalex.org/W2043606333
https://openalex.org/W2048876728
https://openalex.org/W2059248658
https://openalex.org/W2063867623
https://openalex.org/W2069964531
https://openalex.org/W2074646605
https://openalex.org/W2115347723
https://openalex.org/W2124808949
https://openalex.org/W2129217432
https://openalex.org/W2132857739
https://openalex.org/W2139097837
https://openalex.org/W2140415461
https://openalex.org/W2141516948
https://openalex.org/W2318617587
https://openalex.org/W2337308064
https://openalex.org/W2396648186
https://openalex.org/W2406999337
https://openalex.org/W2409891649
https://openalex.org/W2471097517
https://openalex.org/W2477670286
https://openalex.org/W2513456339
https://openalex.org/W2550618584
https://openalex.org/W2569676352
https://openalex.org/W2600127744
https://openalex.org/W2604985833
https://openalex.org/W2619936179
https://openalex.org/W2731861498
https://openalex.org/W2753573224
https://openalex.org/W2767019811
https://openalex.org/W2790362409
https://openalex.org/W2799969460
https://openalex.org/W2883103392
https://openalex.org/W2899380418
https://openalex.org/W2905243777
https://openalex.org/W2905323011
https://openalex.org/W2906821078
https://openalex.org/W2916779084
https://openalex.org/W2921513984
https://openalex.org/W2935475066
https://openalex.org/W2945185327
https://openalex.org/W2964039096
https://openalex.org/W2989645401
https://openalex.org/W2990190559
https://openalex.org/W2991752287
https://openalex.org/W2997561298
https://openalex.org/W3014282936
https://openalex.org/W3021784654
https://openalex.org/W3028482987
https://openalex.org/W3033019889
https://openalex.org/W3048485349
https://openalex.org/W3049054898
https://openalex.org/W3092197360
https://openalex.org/W3107485136
https://openalex.org/W3132505605
https://openalex.org/W3169364257
https://openalex.org/W4319311694
https://openalex.org/W985351304
https://openalex.org/W1479688136
https://openalex.org/W1536236661
https://openalex.org/W153693410
https://openalex.org/W1591805002
https://openalex.org/W1774428097
https://openalex.org/W183746343
https://openalex.org/W1853223753
https://openalex.org/W1933817769
https://openalex.org/W1992933990
https://openalex.org/W1993422242
https://openalex.org/W1998146736
https://openalex.org/W2000175417
https://openalex.org/W2007397191
https://openalex.org/W2021429823
https://openalex.org/W2031204616
https://openalex.org/W2033601976
https://openalex.org/W2036353328
https://openalex.org/W2058291352
https://openalex.org/W2060362046
https://openalex.org/W2061866656
https://openalex.org/W2069698793
https://openalex.org/W2070653519
https://openalex.org/W2083262746
https://openalex.org/W2089160197
https://openalex.org/W2115516140
https://openalex.org/W2124380441
https://openalex.org/W2135070237
https://openalex.org/W2146751309
https://openalex.org/W2149151036
https://openalex.org/W2164874092
https://openalex.org/W2169799304
https://openalex.org/W2176390589
https://openalex.org/W2236079518
https://openalex.org/W2239513319
https://openalex.org/W2311587688
https://openalex.org/W2336342543
https://openalex.org/W2415013909
https://openalex.org/W2418740276
https://openalex.org/W2464107801
https://openalex.org/W2465276008
https://openalex.org/W2528835759
https://openalex.org/W2534422362
https://openalex.org/W2593156158
https://openalex.org/W2607403852
https://openalex.org/W2616831313
https://openalex.org/W2751281456
https://openalex.org/W2766255360
https://openalex.org/W2767669816
https://openalex.org/W2790065268
https://openalex.org/W2791733532
https://openalex.org/W2896431772
https://openalex.org/W2898698037
https://openalex.org/W2911042454
https://openalex.org/W2921897853
https://openalex.org/W2924585880
https://openalex.org/W2945426774
https://openalex.org/W2956899258
https://openalex.org/W2975422288
https://openalex.org/W2991650379
https://openalex.org/W2994716130
https://openalex.org/W2999500147
https://openalex.org/W3011051452
https://openalex.org/W3011629421
https://openalex.org/W3020884758
https://openalex.org/W3031385812
https://openalex.org/W3041007140
https://openalex.org/W3091120918
https://openalex.org/W3095284014
https://openalex.org/W3103440081
https://openalex.org/W3132930140
https://openalex.org/W3140694180
https://openalex.org/W3174947746
https://openalex.org/W3177125403
https://openalex.org/W3180554229
https://openalex.org/W3183466498
https://openalex.org/W3201304765
https://openalex.org/W3207896569
https://openalex.org/W3211315472
https://openalex.org/W4220745962
https://openalex.org/W4220945075
https://openalex.org/W4223551131
https://openalex.org/W4223911126
https://openalex.org/W4225529772
https://openalex.org/W4237687918
https://openalex.org/W4281609287
https://openalex.org/W4384155265
https://openalex.org/W1685287970
https://openalex.org/W177593204
https://openalex.org/W1885161630
https://openalex.org/W1963654179
https://openalex.org/W1966382059
https://openalex.org/W1993571185
https://openalex.org/W1997356665
https://openalex.org/W2002520462
https://openalex.org/W2004287095
https://openalex.org/W2008464929
https://openalex.org/W2035237233
https://openalex.org/W2037626524
https://openalex.org/W2047312412
https://openalex.org/W2060267915
https://openalex.org/W2061561022
https://openalex.org/W2077270347
https://openalex.org/W2087700116
https://openalex.org/W2096667241
https://openalex.org/W2099336860
https://openalex.org/W2113199116
https://openalex.org/W2123048434
https://openalex.org/W2123645456
https://openalex.org/W2134962021
https://openalex.org/W2145699243
https://openalex.org/W2146299554
https://openalex.org/W2150144834
https://openalex.org/W2155880621
https://openalex.org/W2170634518
https://openalex.org/W2297988779
https://openalex.org/W2317677123
https://openalex.org/W2340930167
https://openalex.org/W2465292472
https://openalex.org/W2552572323
https://openalex.org/W2566282833
https://openalex.org/W2594740556
https://openalex.org/W2597541649
https://openalex.org/W2790052630
https://openalex.org/W2891920761
https://openalex.org/W2896266430
https://openalex.org/W2907428101
https://openalex.org/W2916127741
https://openalex.org/W2926043129
https://openalex.org/W2936538022
https://openalex.org/W2944375828
https://openalex.org/W2944910662
https://openalex.org/W2968422928
https://openalex.org/W2969846101
https://openalex.org/W2970656223
https://openalex.org/W2984933148
https://openalex.org/W2985827412
https://openalex.org/W2987456576
https://openalex.org/W2989552753
https://openalex.org/W2992055595
https://openalex.org/W2998809450
https://openalex.org/W2999772062
https://openalex.org/W3002678840
https://openalex.org/W3002801922
https://openalex.org/W3007317986
https://openalex.org/W3033382451
https://openalex.org/W3034360680
https://openalex.org/W3035929182
https://openalex.org/W3047918682
https://openalex.org/W3066067450
https://openalex.org/W3093488403
https://openalex.org/W3134313765
https://openalex.org/W3157294692
https://openalex.org/W3179285687
https://openalex.org/W3185566653
https://openalex.org/W3204202442
https://openalex.org/W3216845272
https://openalex.org/W3216904700
https://openalex.org/W4210337999
https://openalex.org/W4213234218
https://openalex.org/W4223631522
https://openalex.org/W4233206370
https://openalex.org/W4235568798
https://openalex.org/W4247886343
https://openalex.org/W4281934399
https://openalex.org/W4286495492
https://openalex.org/W4287307287
https://openalex.org/W4289598277
https://openalex.org/W4294024816
https://openalex.org/W4296796863
https://openalex.org/W4300688456
https://openalex.org/W4313420739
https://openalex.org/W4320484653
https://openalex.org/W1501815693
https://openalex.org/W1514052615
https://openalex.org/W1938049785
https://openalex.org/W1980573093
https://openalex.org/W1985410798
https://openalex.org/W1993527585
https://openalex.org/W2003164056
https://openalex.org/W2011796036
https://openalex.org/W2015277073
https://openalex.org/W2018359546
https://openalex.org/W2021771163
https://openalex.org/W2027388375
https://openalex.org/W2031751792
https://openalex.org/W2044167979
https://openalex.org/W2049896590
https://openalex.org/W2050060223
https://openalex.org/W2065649491
https://openalex.org/W2068124018
https://openalex.org/W2069461869
https://openalex.org/W2106149511
https://openalex.org/W2106527912
https://openalex.org/W2107528507
https://openalex.org/W2137395201
https://openalex.org/W2140742467
https://openalex.org/W2149309491
https://openalex.org/W2162451941
https://openalex.org/W2164096209
https://openalex.org/W2174729668
https://openalex.org/W2182267789
https://openalex.org/W2186525665
https://openalex.org/W2261365556
https://openalex.org/W2268044366
https://openalex.org/W2295606457
https://openalex.org/W2325725090
https://openalex.org/W2330198848
https://openalex.org/W2333118437
https://openalex.org/W2357958668
https://openalex.org/W240354118
https://openalex.org/W2541710319
https://openalex.org/W2551106548
https://openalex.org/W2594033996
https://openalex.org/W2754964122
https://openalex.org/W2772334523
https://openalex.org/W2789744530
https://openalex.org/W2803233855
https://openalex.org/W2804752184
https://openalex.org/W2890572719
https://openalex.org/W2913095133
https://openalex.org/W2921901266
https://openalex.org/W2941246829
https://openalex.org/W2947688927
https://openalex.org/W2949269158
https://openalex.org/W2954760409
https://openalex.org/W2989747368
https://openalex.org/W2993867855
https://openalex.org/W2996338720
https://openalex.org/W3003553391
https://openalex.org/W3020368370
https://openalex.org/W3024949946
https://openalex.org/W3035918262
https://openalex.org/W3036601534
https://openalex.org/W3044016903
https://openalex.org/W3083352008
https://openalex.org/W3088599677
https://openalex.org/W3101277433
https://openalex.org/W3121022563
https://openalex.org/W3141473743
https://openalex.org/W3151686475
https://openalex.org/W3153925195
https://openalex.org/W3159826119
https://openalex.org/W3176397910
https://openalex.org/W3185678520
https://openalex.org/W3203552384
https://openalex.org/W4200430176
https://openalex.org/W4200444691
https://openalex.org/W4200610310
https://openalex.org/W4211229352
https://openalex.org/W4212778158
https://openalex.org/W4224209862
https://openalex.org/W4234799795
https://openalex.org/W4240003042
https://openalex.org/W4253011242
https://openalex.org/W4280534812
https://openalex.org/W4283068139
https://openalex.org/W4293051104
https://openalex.org/W4293219084
https://openalex.org/W4310957452
https://openalex.org/W4322207775
https://openalex.org/W629595522
https://openalex.org/W1576538736
https://openalex.org/W1668682057
https://openalex.org/W1750128201
https://openalex.org/W1895877096
https://openalex.org/W1942050842
https://openalex.org/W1963637467
https://openalex.org/W1974215316
https://openalex.org/W1980724633
https://openalex.org/W1986185121
https://openalex.org/W1989011372
https://openalex.org/W2001838499
https://openalex.org/W2006909612
https://openalex.org/W2026268226
https://openalex.org/W2030990199
https://openalex.org/W2032603078
https://openalex.org/W2033373798
https://openalex.org/W2038186135
https://openalex.org/W2048113360
https://openalex.org/W2052964230
https://openalex.org/W2062749309
https://openalex.org/W2072088308
https://openalex.org/W2086430574
https://openalex.org/W2095774457
https://openalex.org/W2104472893
https://openalex.org/W2113709011
https://openalex.org/W2131229465
https://openalex.org/W2138588896
https://openalex.org/W2154317850
https://openalex.org/W2157607447
https://openalex.org/W2159726166
https://openalex.org/W2162347067
https://openalex.org/W2174914787
https://openalex.org/W2175777181
https://openalex.org/W2177453003
https://openalex.org/W2181508817
https://openalex.org/W2197125341
https://openalex.org/W2224133789
https://openalex.org/W2240813974
https://openalex.org/W2272669427
https://openalex.org/W2314582876
https://openalex.org/W2321339093
https://openalex.org/W2363702933
https://openalex.org/W2395108650
https://openalex.org/W2414908556
https://openalex.org/W2416350049
https://openalex.org/W2470424411
https://openalex.org/W2471761359
https://openalex.org/W2487016121
https://openalex.org/W2554900558
https://openalex.org/W2567076331
https://openalex.org/W2626536723
https://openalex.org/W2733123818
https://openalex.org/W2733730768
https://openalex.org/W2733775996
https://openalex.org/W2736730629
https://openalex.org/W2740548179
https://openalex.org/W2765743678
https://openalex.org/W2773443518
https://openalex.org/W2789932259
https://openalex.org/W2797864093
https://openalex.org/W2802107202
https://openalex.org/W2802352812
https://openalex.org/W2807438581
https://openalex.org/W2892053711
https://openalex.org/W2898967771
https://openalex.org/W2901325054
https://openalex.org/W2906538083
https://openalex.org/W2914120633
https://openalex.org/W2931942723
https://openalex.org/W2937555828
https://openalex.org/W2944803305
https://openalex.org/W2949728165
https://openalex.org/W2966134513
https://openalex.org/W2977186597
https://openalex.org/W2990550192
https://openalex.org/W2997707220
https://openalex.org/W2999910784
https://openalex.org/W3006695084
https://openalex.org/W3011043337
https://openalex.org/W3014206317
https://openalex.org/W3016102918
https://openalex.org/W3024141222
https://openalex.org/W3043851907
https://openalex.org/W3046921185
https://openalex.org/W3047319998
https://openalex.org/W3049031369
https://openalex.org/W3071688367
https://openalex.org/W3080417402
https://openalex.org/W3109043982
https://openalex.org/W3111457588
https://openalex.org/W3116725063
https://openalex.org/W3123356097
https://openalex.org/W3131817630
https://openalex.org/W3134507724
https://openalex.org/W3135436160
https://openalex.org/W3163701564
https://openalex.org/W3191298599
https://openalex.org/W3195199380
https://openalex.org/W3202717737
https://openalex.org/W3204158732
https://openalex.org/W4200354486
https://openalex.org/W4200487655
https://openalex.org/W4206984591
https://openalex.org/W4210940139
https://openalex.org/W4212917379
https://openalex.org/W4224255520
https://openalex.org/W4226145944
https://openalex.org/W4239926073
https://openalex.org/W4244304479
https://openalex.org/W4244909947
https://openalex.org/W4252697995
https://openalex.org/W4255520486
https://openalex.org/W4282969175
https://openalex.org/W4283373867
https://openalex.org/W4285594915
https://openalex.org/W4286501690
https://openalex.org/W4288033642
https://openalex.org/W4294860780
https://openalex.org/W4296205113
https://openalex.org/W4308868301
https://openalex.org/W4310774088
https://openalex.org/W4366238933
https://openalex.org/W50401738
https://openalex.org/W58020444
https://openalex.org/W68901442
https://openalex.org/W755810586
https://openalex.org/W114254925
https://openalex.org/W1493564533
https://openalex.org/W1515723294
https://openalex.org/W1527084381
https://openalex.org/W1630541608
https://openalex.org/W1835270142
https://openalex.org/W1930387496
https://openalex.org/W1975069917
https://openalex.org/W2014291271
https://openalex.org/W2025674013
https://openalex.org/W2026722246
https://openalex.org/W2037518836
https://openalex.org/W2048430479
https://openalex.org/W206977382
https://openalex.org/W2070500753
https://openalex.org/W2074622009
https://openalex.org/W2079558667
https://openalex.org/W2096792692
https://openalex.org/W2114825611
https://openalex.org/W2139277114
https://openalex.org/W2154281831
https://openalex.org/W2162792493
https://openalex.org/W2170420518
https://openalex.org/W2226645282
https://openalex.org/W2243355712
https://openalex.org/W2258429081
https://openalex.org/W2270167918
https://openalex.org/W2294348674
https://openalex.org/W2314509466
https://openalex.org/W2330442970
https://openalex.org/W2331374102
https://openalex.org/W2343855322
https://openalex.org/W2347737738
https://openalex.org/W2369653210
https://openalex.org/W2385313075
https://openalex.org/W2390483595
https://openalex.org/W2409643175
https://openalex.org/W2417068152
https://openalex.org/W2432591132
https://openalex.org/W2460583403
https://openalex.org/W2472572705
https://openalex.org/W2477685559
https://openalex.org/W2488981978
https://openalex.org/W2520608151
https://openalex.org/W2520711147
https://openalex.org/W2526504099
https://openalex.org/W2528004480
https://openalex.org/W2529021812
https://openalex.org/W2538295438
https://openalex.org/W2546852551
https://openalex.org/W2557516244
https://openalex.org/W2559348488
https://openalex.org/W2561773435
https://openalex.org/W2590348479
https://openalex.org/W2594234018
https://openalex.org/W267878063
https://openalex.org/W2742600312
https://openalex.org/W2766044285
https://openalex.org/W2795026286
https://openalex.org/W2798422059
https://openalex.org/W284137418
https://openalex.org/W2887483618
https://openalex.org/W2893310727
https://openalex.org/W2900881086
https://openalex.org/W2910951255
https://openalex.org/W2911993908
https://openalex.org/W2922678838
https://openalex.org/W2936061786
https://openalex.org/W2936300322
https://openalex.org/W294219533
https://openalex.org/W2948092713
https://openalex.org/W2951161831
https://openalex.org/W2983609382
https://openalex.org/W2988257341
https://openalex.org/W2990732163
https://openalex.org/W2993057872
https://openalex.org/W299942973
https://openalex.org/W2999587687
https://openalex.org/W3004188522
https://openalex.org/W3007319760
https://openalex.org/W3007587469
https://openalex.org/W3022387244
https://openalex.org/W3026041117
https://openalex.org/W3043944325
https://openalex.org/W3044958209
https://openalex.org/W3045739538
https://openalex.org/W3082305444
https://openalex.org/W3090456152
https://openalex.org/W3091992547
https://openalex.org/W3109496001
https://openalex.org/W3126135314
https://openalex.org/W3135949683
https://openalex.org/W3154784838
https://openalex.org/W3156448734
https://openalex.org/W3158307767
https://openalex.org/W3159943667
https://openalex.org/W3164559984
https://openalex.org/W3172210910
https://openalex.org/W3174168969
https://openalex.org/W3175271724
https://openalex.org/W3177144258
https://openalex.org/W3177417505
https://openalex.org/W3183226146
https://openalex.org/W3187145316
https://openalex.org/W3201596343
https://openalex.org/W3202253309
https://openalex.org/W3205331710
https://openalex.org/W3210317072
https://openalex.org/W3212496655
https://openalex.org/W3216549731
https://openalex.org/W4205421319
https://openalex.org/W4214870407
https://openalex.org/W4214947956
https://openalex.org/W4220652027
https://openalex.org/W4220818579
https://openalex.org/W4220943282
https://openalex.org/W4221076207
https://openalex.org/W4224244804
https://openalex.org/W4226145000
https://openalex.org/W4226493530
https://openalex.org/W4229453242
https://openalex.org/W4233178975
https://openalex.org/W4234052220
https://openalex.org/W4280553453
https://openalex.org/W4280559822
https://openalex.org/W4281660957
https://openalex.org/W4281709724
https://openalex.org/W4283378133
https://openalex.org/W4290744607
https://openalex.org/W4293531611
https://openalex.org/W4294000758
https://openalex.org/W4297181767
https://openalex.org/W4297855447
https://openalex.org/W4306761617
https://openalex.org/W4307847849
https://openalex.org/W4310569906
https://openalex.org/W4311529075
https://openalex.org/W4313887965
https://openalex.org/W4315436453
https://openalex.org/W4317951860
https://openalex.org/W4320881640
https://openalex.org/W4323256948
https://openalex.org/W4361276155
https://openalex.org/W4380355925
https://openalex.org/W4386565810
https://openalex.org/W565733514
https://openalex.org/W582243043
https://openalex.org/W601261338
https://openalex.org/W622811612
https://openalex.org/W130643135
https://openalex.org/W140472887
https://openalex.org/W1480730897
https://openalex.org/W1495031302
https://openalex.org/W1497274845
https://openalex.org/W1527350400
https://openalex.org/W1556516364
https://openalex.org/W1562725483
https://openalex.org/W172312058
https://openalex.org/W1765199010
https://openalex.org/W1888734997
https://openalex.org/W1900662435
https://openalex.org/W1922172089
https://openalex.org/W1945725257
https://openalex.org/W1949996187
https://openalex.org/W1960248594
https://openalex.org/W1965682348
https://openalex.org/W1973477240
https://openalex.org/W1976126572
https://openalex.org/W1980240494
https://openalex.org/W1981505056
https://openalex.org/W1990610730
https://openalex.org/W1995148067
https://openalex.org/W1999580555
https://openalex.org/W2002219472
https://openalex.org/W2006245427
https://openalex.org/W2016541909
https://openalex.org/W2016896852
https://openalex.org/W2024627933
https://openalex.org/W2030606273
https://openalex.org/W2037758378
https://openalex.org/W2042822822
https://openalex.org/W2056558412
https://openalex.org/W2058179257
https://openalex.org/W2061319357
https://openalex.org/W2066797696
https://openalex.org/W2072008864
https://openalex.org/W2072150495
https://openalex.org/W2080412025
https://openalex.org/W2082182432
https://openalex.org/W2091620417
https://openalex.org/W2097118755
https://openalex.org/W2115407258
https://openalex.org/W2122311348
https://openalex.org/W2126548513
https://openalex.org/W2127505114
https://openalex.org/W2146044525
https://openalex.org/W2148582394
https://openalex.org/W2154347748
https://openalex.org/W2156456319
https://openalex.org/W2165494903
https://openalex.org/W2169235952
https://openalex.org/W2169953516
https://openalex.org/W2170161840
https://openalex.org/W2170984604
https://openalex.org/W2172105637
https://openalex.org/W2185443480
https://openalex.org/W2185481804
https://openalex.org/W2185720415
https://openalex.org/W2186966721
https://openalex.org/W2191569565
https://openalex.org/W2198879454
https://openalex.org/W2209941382
https://openalex.org/W2216536467
https://openalex.org/W2220061839
https://openalex.org/W2231476216
https://openalex.org/W2243690865
https://openalex.org/W2249635347
https://openalex.org/W2259104894
https://openalex.org/W2285906402
https://openalex.org/W2297006760
https://openalex.org/W2315403784
https://openalex.org/W2320586091
https://openalex.org/W2321958537
https://openalex.org/W2332660173
https://openalex.org/W2347540238
https://openalex.org/W2349775557
https://openalex.org/W2368634573
https://openalex.org/W2371636673
https://openalex.org/W2382993114
https://openalex.org/W2383584830
https://openalex.org/W2387526269
https://openalex.org/W2396557553
https://openalex.org/W2399088863
https://openalex.org/W2406204125
https://openalex.org/W2408607078
https://openalex.org/W2408865709
https://openalex.org/W2409752708
https://openalex.org/W2411627650
https://openalex.org/W2412556078
https://openalex.org/W2412586583
https://openalex.org/W2414808169
https://openalex.org/W2416524889
https://openalex.org/W2416886071
https://openalex.org/W2418277788
https://openalex.org/W2419281508
https://openalex.org/W245915771
https://openalex.org/W2466375099
https://openalex.org/W2484864345
https://openalex.org/W2494758989
https://openalex.org/W2502965129
https://openalex.org/W2516347263
https://openalex.org/W2520879686
https://openalex.org/W2521855539
https://openalex.org/W2535869762
https://openalex.org/W2536359969
https://openalex.org/W2555858390
https://openalex.org/W2556805326
https://openalex.org/W2560921161
https://openalex.org/W2572425601
https://openalex.org/W2591468345
https://openalex.org/W2605922845
https://openalex.org/W2610229685
https://openalex.org/W2610933862
https://openalex.org/W2619595127
https://openalex.org/W2658467441
https://openalex.org/W2743977658
https://openalex.org/W2775261116
https://openalex.org/W2786887327
https://openalex.org/W2789526102
https://openalex.org/W2795749477
https://openalex.org/W2806150910
https://openalex.org/W2886455932
https://openalex.org/W2895531939
https://openalex.org/W2895698618
https://openalex.org/W2901802660
https://openalex.org/W2909533878
https://openalex.org/W2912641881
https://openalex.org/W2913751191
https://openalex.org/W2922664882
https://openalex.org/W2948963993
https://openalex.org/W2949933707
https://openalex.org/W2953217269
https://openalex.org/W2965316859
https://openalex.org/W2966623278
https://openalex.org/W2980586308
https://openalex.org/W2984834542
https://openalex.org/W2989344961
https://openalex.org/W2989838867
https://openalex.org/W2994892147
https://openalex.org/W2994893444
https://openalex.org/W2995182500
https://openalex.org/W2995352010
https://openalex.org/W3002178425
https://openalex.org/W3004815649
https://openalex.org/W3005383330
https://openalex.org/W3006424701
https://openalex.org/W3010869463
https://openalex.org/W3012359960
https://openalex.org/W3020720773
https://openalex.org/W3024566886
https://openalex.org/W3030986633
https://openalex.org/W3032036528
https://openalex.org/W3040451379
https://openalex.org/W3042052824
https://openalex.org/W3083599123
https://openalex.org/W3085331268
https://openalex.org/W3087724330
https://openalex.org/W3091180059
https://openalex.org/W3094084844
https://openalex.org/W3095847425
https://openalex.org/W3100487748
https://openalex.org/W3101559772
https://openalex.org/W3110926490
https://openalex.org/W3112749575
https://openalex.org/W3118372178
https://openalex.org/W3119569646
https://openalex.org/W3119626296
https://openalex.org/W3124080588
https://openalex.org/W3128920592
https://openalex.org/W3135278054
https://openalex.org/W3138920952
https://openalex.org/W3148803333
https://openalex.org/W3152748547
https://openalex.org/W3159776365
https://openalex.org/W3162723693
https://openalex.org/W3163542619
https://openalex.org/W3167504750
https://openalex.org/W3167519229
https://openalex.org/W3169129655
https://openalex.org/W3170981287
https://openalex.org/W3173930775
https://openalex.org/W3180507259
https://openalex.org/W3187594848
https://openalex.org/W3188124608
https://openalex.org/W3189149306
https://openalex.org/W3193783337
https://openalex.org/W3195422061
https://openalex.org/W3197134416
https://openalex.org/W3201330107
https://openalex.org/W3201854992
https://openalex.org/W3202205709
https://openalex.org/W3204590340
https://openalex.org/W3206993062
https://openalex.org/W3207915118
https://openalex.org/W3208666014
https://openalex.org/W3214712056
https://openalex.org/W3215770883
https://openalex.org/W346321942
https://openalex.org/W4200038708
https://openalex.org/W4200041919
https://openalex.org/W4200354439
https://openalex.org/W4205247422
https://openalex.org/W4205651553
https://openalex.org/W4206560875
https://openalex.org/W4210874674
https://openalex.org/W4211093376
https://openalex.org/W4214614212
https://openalex.org/W4214741126
https://openalex.org/W4220767329
https://openalex.org/W4220789501
https://openalex.org/W4221068057
https://openalex.org/W4224273929
https://openalex.org/W4225135615
https://openalex.org/W4230262335
https://openalex.org/W4232685263
https://openalex.org/W4233928568
https://openalex.org/W4234406009
https://openalex.org/W4235072267
https://openalex.org/W4245134507
https://openalex.org/W4245979219
https://openalex.org/W4246092054
https://openalex.org/W4250417031
https://openalex.org/W4251463686
https://openalex.org/W4251475925
https://openalex.org/W4252100481
https://openalex.org/W4254544677
https://openalex.org/W4255703214
https://openalex.org/W4280498238
https://openalex.org/W4280521495
https://openalex.org/W4280626056
https://openalex.org/W4281613983
https://openalex.org/W4281677115
https://openalex.org/W4281786635
https://openalex.org/W4281959402
https://openalex.org/W4284891414
https://openalex.org/W4284959452
https://openalex.org/W4285195392
https://openalex.org/W4289754889
https://openalex.org/W4290975873
https://openalex.org/W4292814119
https://openalex.org/W4293069944
https://openalex.org/W4295775679
https://openalex.org/W4297101318
https://openalex.org/W4297271271
https://openalex.org/W4307572652
https://openalex.org/W4308767245
https://openalex.org/W4310462918
https://openalex.org/W4310638995
https://openalex.org/W4310987570
https://openalex.org/W4311752100
https://openalex.org/W4313238760
https://openalex.org/W4317207002
https://openalex.org/W4317479300
https://openalex.org/W4319294367
https://openalex.org/W4319438346
https://openalex.org/W4319602499
https://openalex.org/W4320035066
https://openalex.org/W4320897614
https://openalex.org/W4321002089
https://openalex.org/W4321497165
https://openalex.org/W4321498378
https://openalex.org/W4323651833
https://openalex.org/W4323653688
https://openalex.org/W4364353705
https://openalex.org/W4365135255
https://openalex.org/W4365442755
https://openalex.org/W4378172769
https://openalex.org/W4378220400
https://openalex.org/W4378832135
https://openalex.org/W4379377510
https://openalex.org/W4379508601
https://openalex.org/W4380577019
https://openalex.org/W624625652
https://openalex.org/W87015534
https://openalex.org/W1030065374
https://openalex.org/W121146386
https://openalex.org/W13257054
https://openalex.org/W1475574146
https://openalex.org/W1502421416
https://openalex.org/W1506885819
https://openalex.org/W1514565003
https://openalex.org/W1523963036
https://openalex.org/W1524146277
https://openalex.org/W1540454774
https://openalex.org/W1558088146
https://openalex.org/W156907967
https://openalex.org/W1573358104
https://openalex.org/W157831009
https://openalex.org/W1581812252
https://openalex.org/W1591537075
https://openalex.org/W1598002347
https://openalex.org/W1598679100
https://openalex.org/W1622980932
https://openalex.org/W163627125
https://openalex.org/W1666247558
https://openalex.org/W1681982447
https://openalex.org/W1728903161
https://openalex.org/W1747546757
https://openalex.org/W1753448122
https://openalex.org/W1770282038
https://openalex.org/W17864495
https://openalex.org/W183548102
https://openalex.org/W1843370250
https://openalex.org/W1892072408
https://openalex.org/W189393563
https://openalex.org/W1896965127
https://openalex.org/W1910213758
https://openalex.org/W1911258937
https://openalex.org/W1916039524
https://openalex.org/W194222442
https://openalex.org/W1950313094
https://openalex.org/W1950865718
https://openalex.org/W1955221261
https://openalex.org/W1965005880
https://openalex.org/W1967830648
https://openalex.org/W1970209424
https://openalex.org/W1971985493
https://openalex.org/W1973989206
https://openalex.org/W1974157092
https://openalex.org/W1978374208
https://openalex.org/W1982130431
https://openalex.org/W1984965028
https://openalex.org/W1985342775
https://openalex.org/W1985813208
https://openalex.org/W1988081868
https://openalex.org/W1988530982
https://openalex.org/W1993848869
https://openalex.org/W1996327114
https://openalex.org/W1998588833
https://openalex.org/W1999095829
https://openalex.org/W2000099156
https://openalex.org/W2000515590
https://openalex.org/W2000559866
https://openalex.org/W2004558962
https://openalex.org/W2004823619
https://openalex.org/W2009035665
https://openalex.org/W2009827844
https://openalex.org/W2012386157
https://openalex.org/W2012739504
https://openalex.org/W2012895821
https://openalex.org/W2013697514
https://openalex.org/W2014464673
https://openalex.org/W2021437277
https://openalex.org/W2022492608
https://openalex.org/W2022814291
https://openalex.org/W2024736290
https://openalex.org/W2025141981
https://openalex.org/W2028480335
https://openalex.org/W2028851267
https://openalex.org/W2029277080
https://openalex.org/W2034822332
https://openalex.org/W2038520111
https://openalex.org/W2043964855
https://openalex.org/W2045385467
https://openalex.org/W2049416339
https://openalex.org/W2055515953
https://openalex.org/W2056159418
https://openalex.org/W205669252
https://openalex.org/W2057749792
https://openalex.org/W2061596863
https://openalex.org/W2062899034
https://openalex.org/W2074960232
https://openalex.org/W2075707451
https://openalex.org/W2077818731
https://openalex.org/W2078436267
https://openalex.org/W2078691670
https://openalex.org/W2085188480
https://openalex.org/W2085361872
https://openalex.org/W2085926671
https://openalex.org/W2086683440
https://openalex.org/W2087021232
https://openalex.org/W2088552856
https://openalex.org/W2093087016
https://openalex.org/W2094254361
https://openalex.org/W2095398041
https://openalex.org/W2097294151
https://openalex.org/W2100545820
https://openalex.org/W2102894162
https://openalex.org/W2106509939
https://openalex.org/W2107961985
https://openalex.org/W2111982708
https://openalex.org/W2114143717
https://openalex.org/W2114593778
https://openalex.org/W2116013788
https://openalex.org/W2118068210
https://openalex.org/W2119464384
https://openalex.org/W2120348612
https://openalex.org/W2120579164
https://openalex.org/W2124748124
https://openalex.org/W2128099503
https://openalex.org/W2130329059
https://openalex.org/W213854040
https://openalex.org/W2139917136
https://openalex.org/W2143560306
https://openalex.org/W2146812322
https://openalex.org/W2149407777
https://openalex.org/W2151984136
https://openalex.org/W2154268543
https://openalex.org/W2154769345
https://openalex.org/W2155667932
https://openalex.org/W2157689433
https://openalex.org/W2158848984
https://openalex.org/W2160304754
https://openalex.org/W2160643403
https://openalex.org/W2172129504
https://openalex.org/W2178532852
https://openalex.org/W2180546199
https://openalex.org/W2184356979
https://openalex.org/W2186190927
https://openalex.org/W2189065815
https://openalex.org/W2189124296
https://openalex.org/W2189491759
https://openalex.org/W2189555710
https://openalex.org/W219096547
https://openalex.org/W2200420087
https://openalex.org/W2200845825
https://openalex.org/W2206133871
https://openalex.org/W2212752898
https://openalex.org/W2220687617
https://openalex.org/W2222907925
https://openalex.org/W2225488474
https://openalex.org/W2225874302
https://openalex.org/W2228430642
https://openalex.org/W2232666620
https://openalex.org/W2234156259
https://openalex.org/W223580790
https://openalex.org/W2236359244
https://openalex.org/W2243494587
https://openalex.org/W2244155400
https://openalex.org/W2246390738
https://openalex.org/W2246511188
https://openalex.org/W2247077965
https://openalex.org/W2248380889
https://openalex.org/W2249219005
https://openalex.org/W2249851224
https://openalex.org/W2255140492
https://openalex.org/W2256924391
https://openalex.org/W2257185215
https://openalex.org/W2257893317
https://openalex.org/W2259674276
https://openalex.org/W2259998235
https://openalex.org/W2260638802
https://openalex.org/W2260659956
https://openalex.org/W2262685111
https://openalex.org/W2262721910
https://openalex.org/W2269229863
https://openalex.org/W2271717915
https://openalex.org/W2277663077
https://openalex.org/W2278226109
https://openalex.org/W2278239821
https://openalex.org/W2278884608
https://openalex.org/W2282538523
https://openalex.org/W2283466718
https://openalex.org/W2285985012
https://openalex.org/W2286498552
https://openalex.org/W2289446104
https://openalex.org/W2291718473
https://openalex.org/W2293950392
https://openalex.org/W2296812100
https://openalex.org/W2297807331
https://openalex.org/W2302959477
https://openalex.org/W2307235524
https://openalex.org/W2310184646
https://openalex.org/W2310319041
https://openalex.org/W2312479825
https://openalex.org/W2313022308
https://openalex.org/W2315672189
https://openalex.org/W2318098844
https://openalex.org/W2319499292
https://openalex.org/W2321430383
https://openalex.org/W2321738096
https://openalex.org/W2322398473
https://openalex.org/W2322520202
https://openalex.org/W2323587236
https://openalex.org/W2324979441
https://openalex.org/W2325232356
https://openalex.org/W2326692506
https://openalex.org/W2330056963
https://openalex.org/W2330164119
https://openalex.org/W2330588699
https://openalex.org/W2330854167
https://openalex.org/W2331272272
https://openalex.org/W2331487368
https://openalex.org/W2332192749
https://openalex.org/W2335980016
https://openalex.org/W2339059763
https://openalex.org/W2339318756
https://openalex.org/W2342289135
https://openalex.org/W2344230091
https://openalex.org/W2347227695
https://openalex.org/W2347432193
https://openalex.org/W2347464452
https://openalex.org/W2347536306
https://openalex.org/W2347779332
https://openalex.org/W2347999335
https://openalex.org/W2348464064
https://openalex.org/W2348849694
https://openalex.org/W2348934936
https://openalex.org/W2349199753
https://openalex.org/W2349243676
https://openalex.org/W2349310396
https://openalex.org/W2350380644
https://openalex.org/W2350888926
https://openalex.org/W2353177438
https://openalex.org/W2353521310
https://openalex.org/W2353803802
https://openalex.org/W2354802469
https://openalex.org/W2355000274
https://openalex.org/W2355056769
https://openalex.org/W2355433613
https://openalex.org/W2355509655
https://openalex.org/W2356100216
https://openalex.org/W2356742788
https://openalex.org/W2358696859
https://openalex.org/W2358742779
https://openalex.org/W2360402664
https://openalex.org/W2362656856
https://openalex.org/W2363709914
https://openalex.org/W2364408691
https://openalex.org/W2365102432
https://openalex.org/W2365392534
https://openalex.org/W2365583093
https://openalex.org/W2367155765
https://openalex.org/W2367199608
https://openalex.org/W2367474948
https://openalex.org/W2367687407
https://openalex.org/W2367842297
https://openalex.org/W2367883421
https://openalex.org/W2368283009
https://openalex.org/W2368376712
https://openalex.org/W2368408242
https://openalex.org/W2369548578
https://openalex.org/W2370783929
https://openalex.org/W2371888826
https://openalex.org/W2372138156
https://openalex.org/W2372945306
https://openalex.org/W2373689145
https://openalex.org/W2374448938
https://openalex.org/W2374570323
https://openalex.org/W2375044814
https://openalex.org/W2375685747
https://openalex.org/W2375789612
https://openalex.org/W2375912488
https://openalex.org/W2376889413
https://openalex.org/W2376916649
https://openalex.org/W2377192576
https://openalex.org/W2378490939
https://openalex.org/W2378663716
https://openalex.org/W2379024379
https://openalex.org/W2379450248
https://openalex.org/W2379617984
https://openalex.org/W2379669382
https://openalex.org/W2380217432
https://openalex.org/W2380441329
https://openalex.org/W2380986169
https://openalex.org/W2381544043
https://openalex.org/W2382364554
https://openalex.org/W2382527058
https://openalex.org/W2383298235
https://openalex.org/W2383989473
https://openalex.org/W2384758605
https://openalex.org/W2384871322
https://openalex.org/W2384897298
https://openalex.org/W2385089999
https://openalex.org/W2385423520
https://openalex.org/W2385522552
https://openalex.org/W2385899304
https://openalex.org/W2386759186
https://openalex.org/W2386767585
https://openalex.org/W2387391025
https://openalex.org/W2387644227
https://openalex.org/W2388311994
https://openalex.org/W2388409787
https://openalex.org/W2388493064
https://openalex.org/W2389478625
https://openalex.org/W2390583877
https://openalex.org/W2391096504
https://openalex.org/W2391135444
https://openalex.org/W2393513141
https://openalex.org/W2394097131
https://openalex.org/W2396301134
https://openalex.org/W2396788899
https://openalex.org/W2398016238
https://openalex.org/W2399201814
https://openalex.org/W2399541697
https://openalex.org/W2400613633
https://openalex.org/W2403364791
https://openalex.org/W2404539489
https://openalex.org/W2404741067
https://openalex.org/W2405869706
https://openalex.org/W2406997974
https://openalex.org/W2408614894
https://openalex.org/W2409658161
https://openalex.org/W2410188523
https://openalex.org/W2410630246
https://openalex.org/W2410778449
https://openalex.org/W2410961645
https://openalex.org/W2410995018
https://openalex.org/W2411028061
https://openalex.org/W2413038400
https://openalex.org/W2413218517
https://openalex.org/W2413611634
https://openalex.org/W2413638899
https://openalex.org/W2413647577
https://openalex.org/W2413858943
https://openalex.org/W2414577397
https://openalex.org/W2415500198
https://openalex.org/W2415831874
https://openalex.org/W2415834130
https://openalex.org/W2416950743
https://openalex.org/W2417636873
https://openalex.org/W2418836494
https://openalex.org/W2419014457
https://openalex.org/W2419383761
https://openalex.org/W2425531638
https://openalex.org/W2425591661
https://openalex.org/W2435050617
https://openalex.org/W2438883243
https://openalex.org/W2439774549
https://openalex.org/W2443012374
https://openalex.org/W2460522883
https://openalex.org/W2461487327
https://openalex.org/W2464071220
https://openalex.org/W2464430234
https://openalex.org/W2464445357
https://openalex.org/W2465027344
https://openalex.org/W2465244074
https://openalex.org/W2468932007
https://openalex.org/W2469347257
https://openalex.org/W2469643395
https://openalex.org/W2472144306
https://openalex.org/W2474474179
https://openalex.org/W2475298668
https://openalex.org/W2475827370
https://openalex.org/W2476079188
https://openalex.org/W2477092609
https://openalex.org/W2477838075
https://openalex.org/W2478282597
https://openalex.org/W2479547866
https://openalex.org/W2479797848
https://openalex.org/W2481402614
https://openalex.org/W2482543444
https://openalex.org/W2482676011
https://openalex.org/W2482769663
https://openalex.org/W2483987297
https://openalex.org/W2486751744
https://openalex.org/W2486777705
https://openalex.org/W2488061489
https://openalex.org/W2488077613
https://openalex.org/W2488329977
https://openalex.org/W2488397559
https://openalex.org/W2489275363
https://openalex.org/W2489406545
https://openalex.org/W2489502522
https://openalex.org/W2489912649
https://openalex.org/W2490882482
https://openalex.org/W2491773639
https://openalex.org/W2491906792
https://openalex.org/W2493001842
https://openalex.org/W2493324701
https://openalex.org/W2494531818
https://openalex.org/W2495483713
https://openalex.org/W2495631816
https://openalex.org/W2496218576
https://openalex.org/W2496263098
https://openalex.org/W2496334721
https://openalex.org/W2496806333
https://openalex.org/W2499639134
https://openalex.org/W2500740947
https://openalex.org/W2502944339
https://openalex.org/W2504051494
https://openalex.org/W2504067623
https://openalex.org/W2505115994
https://openalex.org/W2505506474
https://openalex.org/W2505593950
https://openalex.org/W2505698217
https://openalex.org/W2506330226
https://openalex.org/W2506564323
https://openalex.org/W2509772571
https://openalex.org/W2509823554
https://openalex.org/W2510162592
https://openalex.org/W2510840903
https://openalex.org/W2511511674
https://openalex.org/W2512689332
https://openalex.org/W2513295317
https://openalex.org/W2513703995
https://openalex.org/W2513908370
https://openalex.org/W2515191599
https://openalex.org/W2515251686
https://openalex.org/W2516205330
https://openalex.org/W2517827148
https://openalex.org/W2520373570
https://openalex.org/W2520959826
https://openalex.org/W2521082138
https://openalex.org/W2522481452
https://openalex.org/W2522952793
https://openalex.org/W2525616462
https://openalex.org/W2527154484
https://openalex.org/W2530264197
https://openalex.org/W2530634180
https://openalex.org/W2530684151
https://openalex.org/W2531537714
https://openalex.org/W2534092695
https://openalex.org/W2538387981
https://openalex.org/W2538941033
https://openalex.org/W2538948815
https://openalex.org/W2540395841
https://openalex.org/W2542513915
https://openalex.org/W2544152232
https://openalex.org/W2546175368
https://openalex.org/W2546910790
https://openalex.org/W2547412566
https://openalex.org/W2548462500
https://openalex.org/W2549145688
https://openalex.org/W2549643636
https://openalex.org/W2550394714
https://openalex.org/W2550400484
https://openalex.org/W2551405570
https://openalex.org/W2552582884
https://openalex.org/W2553049802
https://openalex.org/W2554216663
https://openalex.org/W2555007517
https://openalex.org/W2555743296
https://openalex.org/W2556239587
https://openalex.org/W2558321054
https://openalex.org/W2558769910
https://openalex.org/W2559927528
https://openalex.org/W2560739577
https://openalex.org/W2561406196
https://openalex.org/W2561481803
https://openalex.org/W2561487863
https://openalex.org/W2562043142
https://openalex.org/W2563046577
https://openalex.org/W2563122171
https://openalex.org/W2563125805
https://openalex.org/W2564846511
https://openalex.org/W2564918805
https://openalex.org/W2565233900
https://openalex.org/W2565681735
https://openalex.org/W2566505086
https://openalex.org/W2566789124
https://openalex.org/W2566792100
https://openalex.org/W2567527225
https://openalex.org/W2571272657
https://openalex.org/W2571500565
https://openalex.org/W2572139371
https://openalex.org/W2574358975
https://openalex.org/W2575212584
https://openalex.org/W2577967964
https://openalex.org/W2579765056
https://openalex.org/W2579991854
https://openalex.org/W2580467589
https://openalex.org/W2580688576
https://openalex.org/W2580820544
https://openalex.org/W2581157524
https://openalex.org/W2581503754
https://openalex.org/W2581670426
https://openalex.org/W2582899160
https://openalex.org/W2584548677
https://openalex.org/W2586603454
https://openalex.org/W2586921428
https://openalex.org/W2587011246
https://openalex.org/W2588087099
https://openalex.org/W2588391891
https://openalex.org/W2588633210
https://openalex.org/W2589530451
https://openalex.org/W2591578228
https://openalex.org/W2591955513
https://openalex.org/W2592044916
https://openalex.org/W2592168890
https://openalex.org/W2593128923
https://openalex.org/W2593466100
https://openalex.org/W2593739836
https://openalex.org/W2594400405
https://openalex.org/W2594720298
https://openalex.org/W2595599637
https://openalex.org/W2597145177
https://openalex.org/W2600532939
https://openalex.org/W2601897366
https://openalex.org/W2603113614
https://openalex.org/W2603162659
https://openalex.org/W2604477208
https://openalex.org/W2604681146
https://openalex.org/W2604840119
https://openalex.org/W2606939637
https://openalex.org/W2606979456
https://openalex.org/W2607251819
https://openalex.org/W2610733527
https://openalex.org/W2613372424
https://openalex.org/W2613705769
https://openalex.org/W2613827915
https://openalex.org/W2613949621
https://openalex.org/W2614628289
https://openalex.org/W2615776667
https://openalex.org/W2618109371
https://openalex.org/W2618907434
https://openalex.org/W2623019272
https://openalex.org/W2626395625
https://openalex.org/W2626631651
https://openalex.org/W2635940048
https://openalex.org/W266366000
https://openalex.org/W268950814
https://openalex.org/W2700359260
https://openalex.org/W2705077026
https://openalex.org/W2730502301
https://openalex.org/W2732079349
https://openalex.org/W2736715371
https://openalex.org/W2738000605
https://openalex.org/W2738524850
https://openalex.org/W2739428033
https://openalex.org/W2739660544
https://openalex.org/W2740034854
https://openalex.org/W2740068385
https://openalex.org/W2742684075
https://openalex.org/W2742882680
https://openalex.org/W2742908022
https://openalex.org/W2743365923
https://openalex.org/W2743799925
https://openalex.org/W2744040712
https://openalex.org/W2744190049
https://openalex.org/W2744198935
https://openalex.org/W2745004609
https://openalex.org/W2745190700
https://openalex.org/W2746319677
https://openalex.org/W2746759484
https://openalex.org/W2746777419
https://openalex.org/W2747614170
https://openalex.org/W2747966260
https://openalex.org/W2748203343
https://openalex.org/W2749367070
https://openalex.org/W2749455775
https://openalex.org/W2749545095
https://openalex.org/W2749702320
https://openalex.org/W2749789378
https://openalex.org/W2749967539
https://openalex.org/W2750447516
https://openalex.org/W2750718488
https://openalex.org/W2751633666
https://openalex.org/W2752286092
https://openalex.org/W2752548591
https://openalex.org/W2752823412
https://openalex.org/W2753621992
https://openalex.org/W2753840815
https://openalex.org/W2754398887
https://openalex.org/W2759070392
https://openalex.org/W2759187210
https://openalex.org/W2762326689
https://openalex.org/W2762590292
https://openalex.org/W2763408509
https://openalex.org/W2763463691
https://openalex.org/W2766789704
https://openalex.org/W2766824862
https://openalex.org/W2767008012
https://openalex.org/W2767261243
https://openalex.org/W2770391597
https://openalex.org/W2772089945
https://openalex.org/W2773711554
https://openalex.org/W2776387591
https://openalex.org/W2780912723
https://openalex.org/W2783774123
https://openalex.org/W2784387092
https://openalex.org/W2784585297
https://openalex.org/W2786606865
https://openalex.org/W2786704041
https://openalex.org/W2788379347
https://openalex.org/W2789121993
https://openalex.org/W2790452999
https://openalex.org/W2792432612
https://openalex.org/W2792980813
https://openalex.org/W2793444031
https://openalex.org/W2794651542
https://openalex.org/W2795164979
https://openalex.org/W2795257028
https://openalex.org/W2795483242
https://openalex.org/W2798636629
https://openalex.org/W2799588150
https://openalex.org/W2801982390
https://openalex.org/W2802418453
https://openalex.org/W2802522755
https://openalex.org/W2804573093
https://openalex.org/W2807831286
https://openalex.org/W2808068181
https://openalex.org/W2810275570
https://openalex.org/W2875653977
https://openalex.org/W2885324285
https://openalex.org/W2885544
https://openalex.org/W2886018336
https://openalex.org/W2886185964
https://openalex.org/W2886300183
https://openalex.org/W2887205648
https://openalex.org/W2887889499
https://openalex.org/W2889198013
https://openalex.org/W2890847736
https://openalex.org/W2892067774
https://openalex.org/W2892361037
https://openalex.org/W2896483993
https://openalex.org/W2897321563
https://openalex.org/W2899318923
https://openalex.org/W2899577957
https://openalex.org/W2899650714
https://openalex.org/W2902744774
https://openalex.org/W2903269266
https://openalex.org/W2905188072
https://openalex.org/W2906688010
https://openalex.org/W2911238425
https://openalex.org/W2911266409
https://openalex.org/W2911641369
https://openalex.org/W2911820172
https://openalex.org/W2912309421
https://openalex.org/W2912364546
https://openalex.org/W2912512188
https://openalex.org/W2912603582
https://openalex.org/W2912680104
https://openalex.org/W2912754781
https://openalex.org/W2913069761
https://openalex.org/W2913434786
https://openalex.org/W2913748977
https://openalex.org/W2913905397
https://openalex.org/W2914101591
https://openalex.org/W2914181065
https://openalex.org/W2914656773
https://openalex.org/W2914868667
https://openalex.org/W2915113020
https://openalex.org/W2915646522
https://openalex.org/W2915995445
https://openalex.org/W2917735219
https://openalex.org/W2917821904
https://openalex.org/W2919157621
https://openalex.org/W2922820758
https://openalex.org/W2924085862
https://openalex.org/W2924752697
https://openalex.org/W2925279356
https://openalex.org/W292633080
https://openalex.org/W2936999512
https://openalex.org/W2939421242
https://openalex.org/W2942887529
https://openalex.org/W2943691830
https://openalex.org/W2944193802
https://openalex.org/W2944788398
https://openalex.org/W2945105534
https://openalex.org/W2945164253
https://openalex.org/W2945973799
https://openalex.org/W2946096660
https://openalex.org/W2946132196
https://openalex.org/W2946209910
https://openalex.org/W2946309619
https://openalex.org/W2946840748
https://openalex.org/W2947049496
https://openalex.org/W2947306748
https://openalex.org/W2949078617
https://openalex.org/W2949128419
https://openalex.org/W2949252684
https://openalex.org/W2949892717
https://openalex.org/W2950175200
https://openalex.org/W2950213132
https://openalex.org/W2950670288
https://openalex.org/W2950705682
https://openalex.org/W2950861663
https://openalex.org/W2950894221
https://openalex.org/W2950952290
https://openalex.org/W2950987921
https://openalex.org/W2951198046
https://openalex.org/W2951513916
https://openalex.org/W2951614189
https://openalex.org/W2951786248
https://openalex.org/W2951990179
https://openalex.org/W2951991278
https://openalex.org/W2952074192
https://openalex.org/W2952429881
https://openalex.org/W2952512864
https://openalex.org/W2952608031
https://openalex.org/W2953040928
https://openalex.org/W2953118237
https://openalex.org/W2954501216
https://openalex.org/W2954522398
https://openalex.org/W2954775970
https://openalex.org/W2955053764
https://openalex.org/W2958592173
https://openalex.org/W2959087899
https://openalex.org/W2960466480
https://openalex.org/W2963741335
https://openalex.org/W2964524470
https://openalex.org/W2964839237
https://openalex.org/W2966593909
https://openalex.org/W2966688462
https://openalex.org/W2966879180
https://openalex.org/W2967254807
https://openalex.org/W2968968806
https://openalex.org/W2970075038
https://openalex.org/W2970108939
https://openalex.org/W2971423260
https://openalex.org/W2971937459
https://openalex.org/W2972358759
https://openalex.org/W2973209439
https://openalex.org/W2973426373
https://openalex.org/W2974878456
https://openalex.org/W2974897957
https://openalex.org/W2975376521
https://openalex.org/W2977216424
https://openalex.org/W2978029385
https://openalex.org/W2979574081
https://openalex.org/W2979626796
https://openalex.org/W2979981608
https://openalex.org/W2980725534
https://openalex.org/W2981301472
https://openalex.org/W2981522538
https://openalex.org/W2981552783
https://openalex.org/W2981625312
https://openalex.org/W2981870440
https://openalex.org/W2985054285
https://openalex.org/W2986097982
https://openalex.org/W2986130286
https://openalex.org/W2989751321
https://openalex.org/W2990235561
https://openalex.org/W2991565075
https://openalex.org/W2994849300
https://openalex.org/W2995313899
https://openalex.org/W2995650023
https://openalex.org/W2996567534
https://openalex.org/W2996732568
https://openalex.org/W2996780809
https://openalex.org/W2996973603
https://openalex.org/W2997294832
https://openalex.org/W2997368626
https://openalex.org/W2999525322
https://openalex.org/W2999903026
https://openalex.org/W2999934883
https://openalex.org/W3004399295
https://openalex.org/W3005120347
https://openalex.org/W3006062078
https://openalex.org/W3007562303
https://openalex.org/W3011263006
https://openalex.org/W3011420982
https://openalex.org/W3011588873
https://openalex.org/W3011876372
https://openalex.org/W3014587979
https://openalex.org/W3015488069
https://openalex.org/W3016778596
https://openalex.org/W3018483722
https://openalex.org/W3020265449
https://openalex.org/W3021269842
https://openalex.org/W3022280253
https://openalex.org/W3022722482
https://openalex.org/W3022981528
https://openalex.org/W3023013453
https://openalex.org/W3023181077
https://openalex.org/W3023247212
https://openalex.org/W3024350646
https://openalex.org/W3024367646
https://openalex.org/W3024575372
https://openalex.org/W3026281725
https://openalex.org/W3026442207
https://openalex.org/W3026598912
https://openalex.org/W3026749033
https://openalex.org/W3026783609
https://openalex.org/W3027969992
https://openalex.org/W3028687540
https://openalex.org/W3029489072
https://openalex.org/W3029718335
https://openalex.org/W3030338583
https://openalex.org/W3030448215
https://openalex.org/W3031184903
https://openalex.org/W3031259765
https://openalex.org/W3031676524
https://openalex.org/W3032063548
https://openalex.org/W3032304979
https://openalex.org/W3032467553
https://openalex.org/W3032494029
https://openalex.org/W3032545232
https://openalex.org/W3032586884
https://openalex.org/W3032668775
https://openalex.org/W3032802304
https://openalex.org/W3033532402
https://openalex.org/W3034803777
https://openalex.org/W3034975119
https://openalex.org/W3035744218
https://openalex.org/W3035992341
https://openalex.org/W3036578684
https://openalex.org/W3036695059
https://openalex.org/W3036909588
https://openalex.org/W3038037894
https://openalex.org/W3041397072
https://openalex.org/W3042048212
https://openalex.org/W3043247964
https://openalex.org/W3044248039
https://openalex.org/W3046436677
https://openalex.org/W3046814440
https://openalex.org/W3047333749
https://openalex.org/W3047922042
https://openalex.org/W3049491083
https://openalex.org/W307072971
https://openalex.org/W3082793799
https://openalex.org/W3087787671
https://openalex.org/W3088244998
https://openalex.org/W3088375896
https://openalex.org/W3088518703
https://openalex.org/W3090393438
https://openalex.org/W3091863683
https://openalex.org/W3092115279
https://openalex.org/W3092937987
https://openalex.org/W3093423350
https://openalex.org/W3094552997
https://openalex.org/W3095432030
https://openalex.org/W3095569540
https://openalex.org/W3096437829
https://openalex.org/W3097147691
https://openalex.org/W3097292666
https://openalex.org/W3097338987
https://openalex.org/W3097380480
https://openalex.org/W3099341000
https://openalex.org/W3102845641
https://openalex.org/W3104360172
https://openalex.org/W3107261395
https://openalex.org/W3108047322
https://openalex.org/W3108509490
https://openalex.org/W3109913153
https://openalex.org/W3110622658
https://openalex.org/W3111770085
https://openalex.org/W3111822091
https://openalex.org/W3111931699
https://openalex.org/W3113064918
https://openalex.org/W3113882464
https://openalex.org/W3114508650
https://openalex.org/W3115876236
https://openalex.org/W3115962254
https://openalex.org/W3119651836
https://openalex.org/W3120794433
https://openalex.org/W3121098839
https://openalex.org/W3124391001
https://openalex.org/W3125726904
https://openalex.org/W3127120925
https://openalex.org/W3127760493
https://openalex.org/W3128337716
https://openalex.org/W3128536373
https://openalex.org/W3129388444
https://openalex.org/W3133722998
https://openalex.org/W3136320765
https://openalex.org/W3137885554
https://openalex.org/W3140935972
https://openalex.org/W3144225446
https://openalex.org/W3147476072
https://openalex.org/W3155700068
https://openalex.org/W3156275149
https://openalex.org/W3157488420
https://openalex.org/W3157548692
https://openalex.org/W3159575897
https://openalex.org/W3160503
https://openalex.org/W3160519509
https://openalex.org/W3160574332
https://openalex.org/W3161198501
https://openalex.org/W3161370636
https://openalex.org/W3161761662
https://openalex.org/W3163463585
https://openalex.org/W3164075047
https://openalex.org/W3165338107
https://openalex.org/W3166126704
https://openalex.org/W3166691612
https://openalex.org/W3168301797
https://openalex.org/W3168806120
https://openalex.org/W3171146540
https://openalex.org/W3172928028
https://openalex.org/W3173070430
https://openalex.org/W3173268879
https://openalex.org/W3173942400
https://openalex.org/W3174469309
https://openalex.org/W3175633467
https://openalex.org/W3176029719
https://openalex.org/W3176874021
https://openalex.org/W3177177535
https://openalex.org/W3179654712
https://openalex.org/W3180947880
https://openalex.org/W3182727752
https://openalex.org/W3183819749
https://openalex.org/W3184020240
https://openalex.org/W3186938099
https://openalex.org/W3186961963
https://openalex.org/W3186994105
https://openalex.org/W3187647313
https://openalex.org/W3188310818
https://openalex.org/W3189410135
https://openalex.org/W3190094484
https://openalex.org/W3190736903
https://openalex.org/W3191148230
https://openalex.org/W3191202350
https://openalex.org/W3191301926
https://openalex.org/W3192522201
https://openalex.org/W3193942162
https://openalex.org/W3194386294
https://openalex.org/W3194771131
https://openalex.org/W3195495658
https://openalex.org/W3197166665
https://openalex.org/W3198350184
https://openalex.org/W3198380886
https://openalex.org/W3198468508
https://openalex.org/W3199104210
https://openalex.org/W3199523895
https://openalex.org/W3202169202
https://openalex.org/W3202517016
https://openalex.org/W3202549622
https://openalex.org/W3202740266
https://openalex.org/W3202740766
https://openalex.org/W3202842784
https://openalex.org/W3204668676
https://openalex.org/W3205051958
https://openalex.org/W3205863922
https://openalex.org/W3208306560
https://openalex.org/W3208841686
https://openalex.org/W3209099873
https://openalex.org/W3210637486
https://openalex.org/W3210778070
https://openalex.org/W3211413917
https://openalex.org/W3213015023
https://openalex.org/W3214256637
https://openalex.org/W3214615196
https://openalex.org/W3215375969
https://openalex.org/W3215404810
https://openalex.org/W3216150554
https://openalex.org/W3216237404
https://openalex.org/W3217142314
https://openalex.org/W3217785103
https://openalex.org/W346479382
https://openalex.org/W377966420
https://openalex.org/W381543059
https://openalex.org/W395236299
https://openalex.org/W400570152
https://openalex.org/W4200138243
https://openalex.org/W4200143438
https://openalex.org/W4200168095
https://openalex.org/W4200187947
https://openalex.org/W4200400787
https://openalex.org/W4200508801
https://openalex.org/W4205693749
https://openalex.org/W4205699852
https://openalex.org/W4206389540
https://openalex.org/W4206597558
https://openalex.org/W4206617110
https://openalex.org/W4206630088
https://openalex.org/W4206704787
https://openalex.org/W4210359918
https://openalex.org/W4210535329
https://openalex.org/W4210626929
https://openalex.org/W4210752637
https://openalex.org/W4211162450
https://openalex.org/W4213032439
https://openalex.org/W4213116202
https://openalex.org/W4213293787
https://openalex.org/W4213406688
https://openalex.org/W4213474682
https://openalex.org/W4214794561
https://openalex.org/W4214969125
https://openalex.org/W4220662725
https://openalex.org/W4220666584
https://openalex.org/W4220749394
https://openalex.org/W4220777826
https://openalex.org/W4221104114
https://openalex.org/W4224033134
https://openalex.org/W4224278687
https://openalex.org/W4224863689
https://openalex.org/W4225005280
https://openalex.org/W4225246183
https://openalex.org/W4225318214
https://openalex.org/W4225321703
https://openalex.org/W4225324465
https://openalex.org/W4225378101
https://openalex.org/W4225576953
https://openalex.org/W4225597277
https://openalex.org/W4226158128
https://openalex.org/W4226459115
https://openalex.org/W4226494318
https://openalex.org/W4226519293
https://openalex.org/W4226533048
https://openalex.org/W4229485069
https://openalex.org/W4229970864
https://openalex.org/W4230523983
https://openalex.org/W4230597462
https://openalex.org/W4231244824
https://openalex.org/W4231466558
https://openalex.org/W4231895605
https://openalex.org/W4232188664
https://openalex.org/W4232408232
https://openalex.org/W4232963401
https://openalex.org/W4233085986
https://openalex.org/W4233415874
https://openalex.org/W4233493781
https://openalex.org/W4233592984
https://openalex.org/W4234576664
https://openalex.org/W4235599346
https://openalex.org/W4235889899
https://openalex.org/W4236036469
https://openalex.org/W4236769577
https://openalex.org/W4237187800
https://openalex.org/W4237644964
https://openalex.org/W4237757228
https://openalex.org/W4238008514
https://openalex.org/W4238178797
https://openalex.org/W4238308687
https://openalex.org/W4238469798
https://openalex.org/W4238570704
https://openalex.org/W4238633252
https://openalex.org/W4239268538
https://openalex.org/W4239696496
https://openalex.org/W4240080287
https://openalex.org/W4240435046
https://openalex.org/W4240872257
https://openalex.org/W4241554763
https://openalex.org/W4241572997
https://openalex.org/W4242245801
https://openalex.org/W4242819541
https://openalex.org/W4242855964
https://openalex.org/W4242958121
https://openalex.org/W4242962274
https://openalex.org/W4243842310
https://openalex.org/W4243915405
https://openalex.org/W4244413261
https://openalex.org/W4244721401
https://openalex.org/W4244950060
https://openalex.org/W4245077174
https://openalex.org/W4245160575
https://openalex.org/W4245191003
https://openalex.org/W4245262614
https://openalex.org/W4245300640
https://openalex.org/W4245788318
https://openalex.org/W4246080190
https://openalex.org/W4246201296
https://openalex.org/W4246589126
https://openalex.org/W4246631224
https://openalex.org/W4246733712
https://openalex.org/W4246942861
https://openalex.org/W4246983344
https://openalex.org/W4247046474
https://openalex.org/W4247089318
https://openalex.org/W4247463226
https://openalex.org/W4248562576
https://openalex.org/W4248575579
https://openalex.org/W4248875465
https://openalex.org/W4248966664
https://openalex.org/W4249284026
https://openalex.org/W4249551791
https://openalex.org/W4249581992
https://openalex.org/W4249831799
https://openalex.org/W4250016253
https://openalex.org/W4250173105
https://openalex.org/W4250350100
https://openalex.org/W4250585639
https://openalex.org/W4250732604
https://openalex.org/W4250934875
https://openalex.org/W4251268784
https://openalex.org/W4251500930
https://openalex.org/W4252009573
https://openalex.org/W4252010131
https://openalex.org/W4252455644
https://openalex.org/W4253196386
https://openalex.org/W4253308202
https://openalex.org/W4253859016
https://openalex.org/W4254292240
https://openalex.org/W4255047158
https://openalex.org/W4255098090
https://openalex.org/W4255217166
https://openalex.org/W4255229877
https://openalex.org/W4255500100
https://openalex.org/W4255506091
https://openalex.org/W4255561677
https://openalex.org/W4256024335
https://openalex.org/W4256425560
https://openalex.org/W4256604612
https://openalex.org/W4280589699
https://openalex.org/W4281859743
https://openalex.org/W4281899444
https://openalex.org/W4282545965
https://openalex.org/W4283517008
https://openalex.org/W4283519089
https://openalex.org/W4283589149
https://openalex.org/W4283657901
https://openalex.org/W4283732312
https://openalex.org/W4285058052
https://openalex.org/W4285066104
https://openalex.org/W4285310594
https://openalex.org/W4285338209
https://openalex.org/W4285611037
https://openalex.org/W4286448044
https://openalex.org/W4286614708
https://openalex.org/W4286768696
https://openalex.org/W4287107591
https://openalex.org/W4287179301
https://openalex.org/W4287864785
https://openalex.org/W4288276843
https://openalex.org/W4288489398
https://openalex.org/W4288758550
https://openalex.org/W4289036798
https://openalex.org/W4289524774
https://openalex.org/W4289711236
https://openalex.org/W4290420212
https://openalex.org/W4290734184
https://openalex.org/W4290805916
https://openalex.org/W4290974982
https://openalex.org/W4291150033
https://openalex.org/W4291913375
https://openalex.org/W4292393819
https://openalex.org/W4292721476
https://openalex.org/W4293064184
https://openalex.org/W4293105832
https://openalex.org/W4293230919
https://openalex.org/W4293466848
https://openalex.org/W4294755193
https://openalex.org/W4295049459
https://openalex.org/W4295921735
https://openalex.org/W4296598232
https://openalex.org/W4297236868
https://openalex.org/W4297360046
https://openalex.org/W4297578689
https://openalex.org/W4298004414
https://openalex.org/W4298031389
https://openalex.org/W4298083802
https://openalex.org/W4298116419
https://openalex.org/W4298282188
https://openalex.org/W4298308209
https://openalex.org/W4298378418
https://openalex.org/W4299439994
https://openalex.org/W4299606785
https://openalex.org/W4300006573
https://openalex.org/W4300058144
https://openalex.org/W4300073619
https://openalex.org/W4300074857
https://openalex.org/W4300248149
https://openalex.org/W4300713126
https://openalex.org/W4300749338
https://openalex.org/W4300960649
https://openalex.org/W4301179217
https://openalex.org/W4301179932
https://openalex.org/W4301252302
https://openalex.org/W4301672931
https://openalex.org/W4302012015
https://openalex.org/W4302353974
https://openalex.org/W4304889654
https://openalex.org/W4306789961
https://openalex.org/W4307106937
https://openalex.org/W4307165820
https://openalex.org/W4307804621
https://openalex.org/W4308080245
https://openalex.org/W4309191920
https://openalex.org/W4309356884
https://openalex.org/W4309424463
https://openalex.org/W4309790112
https://openalex.org/W4310113812
https://openalex.org/W4310117741
https://openalex.org/W4310360055
https://openalex.org/W4310497699
https://openalex.org/W4310599581
https://openalex.org/W4311140338
https://openalex.org/W4311422111
https://openalex.org/W4311431056
https://openalex.org/W4311543599
https://openalex.org/W4311558321
https://openalex.org/W4311772378
https://openalex.org/W4312065375
https://openalex.org/W4312088354
https://openalex.org/W4312104235
https://openalex.org/W4312198228
https://openalex.org/W4312824969
https://openalex.org/W4312954580
https://openalex.org/W4313116820
https://openalex.org/W4313227213
https://openalex.org/W4313385494
https://openalex.org/W4313487172
https://openalex.org/W4313514087
https://openalex.org/W4313888875
https://openalex.org/W4315471299
https://openalex.org/W4315572273
https://openalex.org/W4315754394
https://openalex.org/W4317802032
https://openalex.org/W4317893882
https://openalex.org/W4318220404
https://openalex.org/W4318578773
https://openalex.org/W4319023009
https://openalex.org/W4319241241
https://openalex.org/W4319242210
https://openalex.org/W4319338599
https://openalex.org/W4319340842
https://openalex.org/W4319341880
https://openalex.org/W4319457182
https://openalex.org/W4319589067
https://openalex.org/W4319600115
https://openalex.org/W4319789836
https://openalex.org/W4319927874
https://openalex.org/W4320005653
https://openalex.org/W4320343077
https://openalex.org/W4320717893
https://openalex.org/W4321499121
https://openalex.org/W4321500434
https://openalex.org/W4321521431
https://openalex.org/W4321605715
https://openalex.org/W4322630699
https://openalex.org/W4322734715
https://openalex.org/W4322827091
https://openalex.org/W4323034345
https://openalex.org/W4323255820
https://openalex.org/W4323565613
https://openalex.org/W4327752821
https://openalex.org/W4327990031
https://openalex.org/W4327994636
https://openalex.org/W4328050684
https://openalex.org/W4360865000
https://openalex.org/W4360942253
https://openalex.org/W4361216471
https://openalex.org/W4361243926
https://openalex.org/W4361249233
https://openalex.org/W4361249236
https://openalex.org/W4361249254
https://openalex.org/W4361249257
https://openalex.org/W4361249258
https://openalex.org/W4361249270
https://openalex.org/W4361249288
https://openalex.org/W4361249289
https://openalex.org/W4361249325
https://openalex.org/W4361263959
https://openalex.org/W4361264865
https://openalex.org/W4361264884
https://openalex.org/W4361272461
https://openalex.org/W4361303844
https://openalex.org/W4361819275
https://openalex.org/W4361819308
https://openalex.org/W4361819608
https://openalex.org/W4361823611
https://openalex.org/W4361839565
https://openalex.org/W4361839808
https://openalex.org/W4361839819
https://openalex.org/W4361878188
https://openalex.org/W4361899743
https://openalex.org/W4361934945
https://openalex.org/W4361934952
https://openalex.org/W4361934978
https://openalex.org/W4361935180
https://openalex.org/W4361935226
https://openalex.org/W4361935243
https://openalex.org/W4361935246
https://openalex.org/W4361935250
https://openalex.org/W4361935261
https://openalex.org/W4361953001
https://openalex.org/W4361959766
https://openalex.org/W4362407030
https://openalex.org/W4362407168
https://openalex.org/W4362407194
https://openalex.org/W4362407197
https://openalex.org/W4362407209
https://openalex.org/W4362407367
https://openalex.org/W4362407378
https://openalex.org/W4362407504
https://openalex.org/W4362407510
https://openalex.org/W4362458828
https://openalex.org/W4362483498
https://openalex.org/W4362483501
https://openalex.org/W4362483507
https://openalex.org/W4362483508
https://openalex.org/W4362483525
https://openalex.org/W4362483594
https://openalex.org/W4362483609
https://openalex.org/W4362483610
https://openalex.org/W4362483614
https://openalex.org/W4362483617
https://openalex.org/W4362483622
https://openalex.org/W4362483640
https://openalex.org/W4362483643
https://openalex.org/W4362483686
https://openalex.org/W4362483703
https://openalex.org/W4362483706
https://openalex.org/W4362483707
https://openalex.org/W4362483718
https://openalex.org/W4362483722
https://openalex.org/W4362483730
https://openalex.org/W4362704999
https://openalex.org/W4362715303
https://openalex.org/W4365453569
https://openalex.org/W4365459536
https://openalex.org/W4366084762
https://openalex.org/W4366242461
https://openalex.org/W4366278401
https://openalex.org/W4366603131
https://openalex.org/W4366819827
https://openalex.org/W4367156759
https://openalex.org/W4367595383
https://openalex.org/W4367606413
https://openalex.org/W4367609450
https://openalex.org/W4367678852
https://openalex.org/W4376109242
https://openalex.org/W4376882364
https://openalex.org/W4377130848
https://openalex.org/W4377141657
https://openalex.org/W4377158137
https://openalex.org/W4377229775
https://openalex.org/W4377565812
https://openalex.org/W4378363557
https://openalex.org/W4379389267
https://openalex.org/W4379515705
https://openalex.org/W4379618341
https://openalex.org/W4379794415
https://openalex.org/W4379980910
https://openalex.org/W4379986543
https://openalex.org/W4380085179
https://openalex.org/W4380225165
https://openalex.org/W4380291721
https://openalex.org/W4380730452
https://openalex.org/W4380794559
https://openalex.org/W4380894411
https://openalex.org/W4381085548
https://openalex.org/W4381094785
https://openalex.org/W4381198293
https://openalex.org/W4381337424
https://openalex.org/W4381337768
https://openalex.org/W4381996243
https://openalex.org/W4382010549
https://openalex.org/W4382313597
https://openalex.org/W4382654872
https://openalex.org/W4382678771
https://openalex.org/W4382699756
https://openalex.org/W4383378057
https://openalex.org/W4384304324
https://openalex.org/W4384563435
https://openalex.org/W4384568163
https://openalex.org/W4384664080
https://openalex.org/W4384692938
https://openalex.org/W4384786974
https://openalex.org/W4385019677
https://openalex.org/W4385070718
https://openalex.org/W4385186140
https://openalex.org/W4385186875
https://openalex.org/W4385221342
https://openalex.org/W4385271709
https://openalex.org/W4385342650
https://openalex.org/W4385477292
https://openalex.org/W4385479054
https://openalex.org/W4385486579
https://openalex.org/W4385493726
https://openalex.org/W4385559857
https://openalex.org/W4385562367
https://openalex.org/W4385620646
https://openalex.org/W4385658099
https://openalex.org/W4385663894
https://openalex.org/W4385667605
https://openalex.org/W4385702646
https://openalex.org/W4385727885
https://openalex.org/W4385751772
https://openalex.org/W4385881846
https://openalex.org/W4385882681
https://openalex.org/W4385898020
https://openalex.org/W4386024479
https://openalex.org/W4386024586
https://openalex.org/W4386068125
https://openalex.org/W4386090240
https://openalex.org/W4386146633
https://openalex.org/W4386164788
https://openalex.org/W4386168460
https://openalex.org/W4386271098
https://openalex.org/W4386282149
https://openalex.org/W4386305545
https://openalex.org/W4386347369
https://openalex.org/W4386357336
https://openalex.org/W4386473737
https://openalex.org/W4386575382
https://openalex.org/W4386617043
https://openalex.org/W4386619228
https://openalex.org/W4386661023
https://openalex.org/W4386695961
https://openalex.org/W4386703941
https://openalex.org/W4386741909
https://openalex.org/W4386906191
https://openalex.org/W5598918
https://openalex.org/W568338708
https://openalex.org/W584377521
https://openalex.org/W605124645
https://openalex.org/W62661381
https://openalex.org/W632994892
https://openalex.org/W634287472
https://openalex.org/W63717047
https://openalex.org/W643105687
https://openalex.org/W66625871
https://openalex.org/W68454845
https://openalex.org/W797035559
https://openalex.org/W825172679
https://openalex.org/W894834199
https://openalex.org/W96771299
https://openalex.org/W984734848
https://openalex.org/W98685447
https://openalex.org/W2114520383
https://openalex.org/W2143241514
https://openalex.org/W2129133439
https://openalex.org/W2060204808
https://openalex.org/W2190141802
https://openalex.org/W2094169801
https://openalex.org/W2205491921
https://openalex.org/W2062279417
https://openalex.org/W2074915514
https://openalex.org/W2151001790
https://openalex.org/W2083540641
https://openalex.org/W2152002992
https://openalex.org/W2085371907
https://openalex.org/W1985014052
https://openalex.org/W2077090481
https://openalex.org/W2165469857
https://openalex.org/W3045578670
https://openalex.org/W2129934604
https://openalex.org/W2920600229
https://openalex.org/W1980037437
https://openalex.org/W1978902427
https://openalex.org/W1987475341
https://openalex.org/W2014710826
https://openalex.org/W2029377282
https://openalex.org/W2087032518
https://openalex.org/W2140236499
https://openalex.org/W1495502071
https://openalex.org/W2117023388
https://openalex.org/W2133108689
https://openalex.org/W2035471593
https://openalex.org/W2106088433
https://openalex.org/W2043813949
https://openalex.org/W2110524342
https://openalex.org/W1998792027
https://openalex.org/W2152938368
https://openalex.org/W2040145239
https://openalex.org/W2005528863
https://openalex.org/W2093090488
https://openalex.org/W1485504360
https://openalex.org/W1853889911
https://openalex.org/W2022738681
https://openalex.org/W2418994609
https://openalex.org/W2035491291
https://openalex.org/W2009090037
https://openalex.org/W2166501719
https://openalex.org/W1973963945
https://openalex.org/W2085860058
https://openalex.org/W1971149989
https://openalex.org/W3043344901
https://openalex.org/W3175995708
https://openalex.org/W2013624095
https://openalex.org/W2062868388
https://openalex.org/W2057809638
https://openalex.org/W1975443659
https://openalex.org/W1990560333
https://openalex.org/W2014699403
https://openalex.org/W2118088597
https://openalex.org/W2060542507
https://openalex.org/W2002054257
https://openalex.org/W2912246241
https://openalex.org/W2106380482
https://openalex.org/W2117985466
https://openalex.org/W2140422929
https://openalex.org/W2744177930
https://openalex.org/W2112382635
https://openalex.org/W1987093811
https://openalex.org/W2010980647
https://openalex.org/W2766407637
https://openalex.org/W2085379506
https://openalex.org/W2025464337
https://openalex.org/W2164220950
https://openalex.org/W2766738665
https://openalex.org/W2111853426
https://openalex.org/W2023178035
https://openalex.org/W1958517645
https://openalex.org/W2889984933
https://openalex.org/W2027877482
https://openalex.org/W2105272465
https://openalex.org/W2001530093
https://openalex.org/W2167398987
https://openalex.org/W2022908241
https://openalex.org/W1989688861
https://openalex.org/W2073791430
https://openalex.org/W2083874875
https://openalex.org/W2015833675
https://openalex.org/W1582463934
https://openalex.org/W2033072622
https://openalex.org/W261751860
https://openalex.org/W2072267457
https://openalex.org/W2158596237
https://openalex.org/W1534270226
https://openalex.org/W2006815126
https://openalex.org/W2008320487
https://openalex.org/W2156961580
https://openalex.org/W4294309410
https://openalex.org/W2021322124
https://openalex.org/W2004173507
https://openalex.org/W2096864915
https://openalex.org/W1561513264
https://openalex.org/W1996075079
https://openalex.org/W1613210651
https://openalex.org/W2087181875
https://openalex.org/W1969393108
https://openalex.org/W2088557860
https://openalex.org/W2018115681
https://openalex.org/W2114082014
https://openalex.org/W2057238625
https://openalex.org/W2070230256
https://openalex.org/W2154562363
https://openalex.org/W2008756733
https://openalex.org/W2068906337
https://openalex.org/W2146630627
https://openalex.org/W1973509831
https://openalex.org/W2104183234
https://openalex.org/W2100422150
https://openalex.org/W2154150494
https://openalex.org/W2276184075
https://openalex.org/W1994177048
https://openalex.org/W2150425002
https://openalex.org/W1969310639
https://openalex.org/W2033474350
https://openalex.org/W1506568005
https://openalex.org/W2128323213
https://openalex.org/W2139443615
https://openalex.org/W2000394776
https://openalex.org/W2123110143
https://openalex.org/W1521876981
https://openalex.org/W1522923500
https://openalex.org/W1974277761
https://openalex.org/W2151661095
https://openalex.org/W2042992947
https://openalex.org/W2109399507
https://openalex.org/W2265066231
https://openalex.org/W2022743487
https://openalex.org/W2089880996
https://openalex.org/W2012479782
https://openalex.org/W2165644830
https://openalex.org/W1969891188
https://openalex.org/W2218198509
https://openalex.org/W1904664897
https://openalex.org/W1524473687
https://openalex.org/W2082737860
https://openalex.org/W2086822203
https://openalex.org/W2135687976
https://openalex.org/W3155354002
https://openalex.org/W2146689062
https://openalex.org/W2081273570
https://openalex.org/W2079703085
https://openalex.org/W2122650474
https://openalex.org/W2040955136
https://openalex.org/W2148424953
https://openalex.org/W1954742316
https://openalex.org/W2059624029
https://openalex.org/W1998443306
https://openalex.org/W2103756160
https://openalex.org/W2118371706
https://openalex.org/W1560558424
https://openalex.org/W2058143931
https://openalex.org/W2133924014
https://openalex.org/W2091207179
https://openalex.org/W2515863549
https://openalex.org/W2800948866
https://openalex.org/W2006043434
https://openalex.org/W2146159720
https://openalex.org/W2102073216
https://openalex.org/W1991371773
https://openalex.org/W2047464860
https://openalex.org/W307883368
https://openalex.org/W2086184767
https://openalex.org/W2121156176
https://openalex.org/W2065650877
https://openalex.org/W2099307663
https://openalex.org/W2121284862
https://openalex.org/W1984115579
https://openalex.org/W2086973335
https://openalex.org/W2128723120
https://openalex.org/W2773949531
https://openalex.org/W2035780664
https://openalex.org/W2102391461
https://openalex.org/W2003611957
https://openalex.org/W2061664912
https://openalex.org/W2148934136
https://openalex.org/W2263417796
https://openalex.org/W1987293313
https://openalex.org/W2152094323
https://openalex.org/W1947538135
https://openalex.org/W1995786747
https://openalex.org/W2009087599
https://openalex.org/W1999140241
https://openalex.org/W2060485154
https://openalex.org/W2093243780
https://openalex.org/W2146145508
https://openalex.org/W2265979640
https://openalex.org/W2595866898
https://openalex.org/W2908338457
https://openalex.org/W2018360941
https://openalex.org/W2041846270
https://openalex.org/W2076496758
https://openalex.org/W2156163138
https://openalex.org/W1690379440
https://openalex.org/W2051112250
https://openalex.org/W2044086442
https://openalex.org/W2093128208
https://openalex.org/W2157206105
https://openalex.org/W2793795701
https://openalex.org/W1983705094
https://openalex.org/W2142209924
https://openalex.org/W2884714365
https://openalex.org/W2060969842
https://openalex.org/W2165394871
https://openalex.org/W4249883300
https://openalex.org/W2000570799
https://openalex.org/W2040964617
https://openalex.org/W2079414582
https://openalex.org/W2132714703
https://openalex.org/W2146604664
https://openalex.org/W2165633847
https://openalex.org/W1993862026
https://openalex.org/W2096625351
https://openalex.org/W2132515640
https://openalex.org/W1951699467
https://openalex.org/W1996115586
https://openalex.org/W2102196336
https://openalex.org/W2149037941
https://openalex.org/W2010689735
https://openalex.org/W2020654599
https://openalex.org/W2046313415
https://openalex.org/W2097766275
https://openalex.org/W2112819377
https://openalex.org/W2131446482
https://openalex.org/W2970939804
https://openalex.org/W2009014655
https://openalex.org/W2060085305
https://openalex.org/W2063525790
https://openalex.org/W2080364557
https://openalex.org/W2152921766
https://openalex.org/W2586238242
https://openalex.org/W2906853770
https://openalex.org/W2088583398
https://openalex.org/W2094992919
https://openalex.org/W2121841798
https://openalex.org/W2146568202
https://openalex.org/W2148364850
https://openalex.org/W2152467862
https://openalex.org/W1931179688
https://openalex.org/W2015388401
https://openalex.org/W2100636612
https://openalex.org/W2141849512
https://openalex.org/W2320936920
https://openalex.org/W2320962093
https://openalex.org/W2062792753
https://openalex.org/W2093742580
https://openalex.org/W1501984876
https://openalex.org/W1992025679
https://openalex.org/W2606122123
https://openalex.org/W1526499817
https://openalex.org/W2023901812
https://openalex.org/W2083820285
https://openalex.org/W2168016399
https://openalex.org/W1981140858
https://openalex.org/W2395501701
https://openalex.org/W2794450296
https://openalex.org/W972584495
https://openalex.org/W2060920739
https://openalex.org/W2083120527
https://openalex.org/W2125977924
https://openalex.org/W2623980461
https://openalex.org/W2761269929
https://openalex.org/W2039772915
https://openalex.org/W2057577039
https://openalex.org/W2085013636
https://openalex.org/W2295375995
https://openalex.org/W2404861930
https://openalex.org/W2521804113
https://openalex.org/W1974811098
https://openalex.org/W1981749500
https://openalex.org/W2020209321
https://openalex.org/W2034446470
https://openalex.org/W2057617465
https://openalex.org/W2166421689
https://openalex.org/W2118699152
https://openalex.org/W2122851256
https://openalex.org/W2057287059
https://openalex.org/W2094503153
https://openalex.org/W2134194996
https://openalex.org/W2013767913
https://openalex.org/W2032972305
https://openalex.org/W2056909789
https://openalex.org/W2101757247
https://openalex.org/W1755674448
https://openalex.org/W1993200549
https://openalex.org/W2089957715
https://openalex.org/W2159154322
https://openalex.org/W2291910023
https://openalex.org/W1574451718
https://openalex.org/W2057748297
https://openalex.org/W2076466528
https://openalex.org/W1978314014
https://openalex.org/W1992247319
https://openalex.org/W1999312453
https://openalex.org/W2133093662
https://openalex.org/W1995174026
https://openalex.org/W2020980285
https://openalex.org/W2033643686
https://openalex.org/W2091561093
https://openalex.org/W2096647798
https://openalex.org/W2129516869
https://openalex.org/W2151126541
https://openalex.org/W2935032602
https://openalex.org/W1999131880
https://openalex.org/W2001993485
https://openalex.org/W2024193478
https://openalex.org/W2043444917
https://openalex.org/W2123098252
https://openalex.org/W2510282950
https://openalex.org/W2053522594
https://openalex.org/W2096412974
https://openalex.org/W2101539980
https://openalex.org/W2128814508
https://openalex.org/W1536798521
https://openalex.org/W1987143917
https://openalex.org/W1995886864
https://openalex.org/W2005742227
https://openalex.org/W2032507536
https://openalex.org/W2034840248
https://openalex.org/W2016114904
https://openalex.org/W2057188227
https://openalex.org/W2302459535
https://openalex.org/W2021438326
https://openalex.org/W2076435952
https://openalex.org/W2170209421
https://openalex.org/W2890823690
https://openalex.org/W1983236550
https://openalex.org/W2033994745
https://openalex.org/W2034539919
https://openalex.org/W2066761542
https://openalex.org/W2092660611
https://openalex.org/W2154230947
https://openalex.org/W2163073871
https://openalex.org/W1488983618
https://openalex.org/W1992197079
https://openalex.org/W1999404250
https://openalex.org/W2000856950
https://openalex.org/W2017846979
https://openalex.org/W2041931286
https://openalex.org/W2056378584
https://openalex.org/W2109765046
https://openalex.org/W2775302672
https://openalex.org/W2792351106
https://openalex.org/W3180518876
https://openalex.org/W148367990
https://openalex.org/W1993349244
https://openalex.org/W2007698224
https://openalex.org/W2066422357
https://openalex.org/W2075551181
https://openalex.org/W2131185555
https://openalex.org/W2272951769
https://openalex.org/W2976718357
https://openalex.org/W1970694561
https://openalex.org/W2003093096
https://openalex.org/W2010893062
https://openalex.org/W2053768065
https://openalex.org/W2078193801
https://openalex.org/W2132776121
https://openalex.org/W2160748827
https://openalex.org/W2340899710
https://openalex.org/W2949336437
https://openalex.org/W2069314911
https://openalex.org/W2128124948
https://openalex.org/W2166896446
https://openalex.org/W2343863100
https://openalex.org/W3008752556
https://openalex.org/W2006228809
https://openalex.org/W2018880857
https://openalex.org/W2087402693
https://openalex.org/W3159182925
https://openalex.org/W2009905831
https://openalex.org/W2078960957
https://openalex.org/W2111313508
https://openalex.org/W2159441528
https://openalex.org/W2593898426
https://openalex.org/W2614857817
https://openalex.org/W1976963639
https://openalex.org/W2168447320
https://openalex.org/W2248451819
https://openalex.org/W2567496955
https://openalex.org/W3130648111
https://openalex.org/W805036767
https://openalex.org/W2037490988
https://openalex.org/W2046340080
https://openalex.org/W2123639904
https://openalex.org/W2142317267
https://openalex.org/W1545408648
https://openalex.org/W2068288481
https://openalex.org/W2315717074
https://openalex.org/W2937711216
https://openalex.org/W1991361084
https://openalex.org/W1995192046
https://openalex.org/W2042028629
https://openalex.org/W2069333676
https://openalex.org/W2074141889
https://openalex.org/W2147789261
https://openalex.org/W2204365659
https://openalex.org/W1979512764
https://openalex.org/W2033013833
https://openalex.org/W2042826891
https://openalex.org/W2170908244
https://openalex.org/W2015092963
https://openalex.org/W2085343480
https://openalex.org/W2097829428
https://openalex.org/W2130304665
https://openalex.org/W2160523217
https://openalex.org/W2885209431
https://openalex.org/W2941640396
https://openalex.org/W1963914390
https://openalex.org/W1969444319
https://openalex.org/W1981045689
https://openalex.org/W2037848555
https://openalex.org/W2047265377
https://openalex.org/W2048531488
https://openalex.org/W2122297786
https://openalex.org/W2151237640
https://openalex.org/W2756301415
https://openalex.org/W1965726339
https://openalex.org/W1973209866
https://openalex.org/W2029180789
https://openalex.org/W2058486639
https://openalex.org/W3037068683
https://openalex.org/W1988837594
https://openalex.org/W2000181806
https://openalex.org/W2035984463
https://openalex.org/W2071914326
https://openalex.org/W2074401421
https://openalex.org/W2103894153
https://openalex.org/W2124110792
https://openalex.org/W2131046884
https://openalex.org/W2523675873
https://openalex.org/W2736793217
https://openalex.org/W2967959229
https://openalex.org/W1522019893
https://openalex.org/W1980067627
https://openalex.org/W2004371981
https://openalex.org/W2028920592
https://openalex.org/W2038973045
https://openalex.org/W2082280145
https://openalex.org/W2137159461
https://openalex.org/W2144033460
https://openalex.org/W2179856687
https://openalex.org/W2895920254
https://openalex.org/W3045828390
https://openalex.org/W1977502313
https://openalex.org/W2007808595
https://openalex.org/W2013553591
https://openalex.org/W2038065285
https://openalex.org/W2071550579
https://openalex.org/W2084525608
https://openalex.org/W2141134845
https://openalex.org/W2465946375
https://openalex.org/W3035689851
https://openalex.org/W1605392416
https://openalex.org/W1813424158
https://openalex.org/W1972670067
https://openalex.org/W2028071059
https://openalex.org/W2138743502
https://openalex.org/W2159945930
https://openalex.org/W2171908959
https://openalex.org/W2501186188
https://openalex.org/W2963459295
https://openalex.org/W3017464525
https://openalex.org/W3083104992
https://openalex.org/W3095310253
https://openalex.org/W1978903595
https://openalex.org/W1979112943
https://openalex.org/W1990606937
https://openalex.org/W1990934779
https://openalex.org/W1992849882
https://openalex.org/W1994578837
https://openalex.org/W2011430906
https://openalex.org/W2021243943
https://openalex.org/W2052914178
https://openalex.org/W2060692952
https://openalex.org/W2087676218
https://openalex.org/W2151747248
https://openalex.org/W2321528731
https://openalex.org/W2752253671
https://openalex.org/W2779498733
https://openalex.org/W1165876862
https://openalex.org/W2011582243
https://openalex.org/W2029407422
https://openalex.org/W2033468014
https://openalex.org/W2061829725
https://openalex.org/W2093697822
https://openalex.org/W2126773442
https://openalex.org/W2156307784
https://openalex.org/W2745190638
https://openalex.org/W2775444055
https://openalex.org/W2916741025
https://openalex.org/W1554959463
https://openalex.org/W1963700486
https://openalex.org/W1994358269
https://openalex.org/W2013938196
https://openalex.org/W2126051177
https://openalex.org/W2169461262
https://openalex.org/W3007823736
https://openalex.org/W1967580419
https://openalex.org/W1984172303
https://openalex.org/W1984743811
https://openalex.org/W2030787500
https://openalex.org/W2098533506
https://openalex.org/W2126740829
https://openalex.org/W2155882549
https://openalex.org/W1524025768
https://openalex.org/W1840300474
https://openalex.org/W2039174392
https://openalex.org/W2068498038
https://openalex.org/W1501362048
https://openalex.org/W1985960176
https://openalex.org/W2052245309
https://openalex.org/W2062155418
https://openalex.org/W2075592803
https://openalex.org/W2083476316
https://openalex.org/W2096926845
https://openalex.org/W2116477245
https://openalex.org/W2141578227
https://openalex.org/W2145550400
https://openalex.org/W2605918375
https://openalex.org/W2808632038
https://openalex.org/W3003973921
https://openalex.org/W3179135189
https://openalex.org/W1988279584
https://openalex.org/W1993324025
https://openalex.org/W2013595615
https://openalex.org/W2016215275
https://openalex.org/W2041491587
https://openalex.org/W2045110519
https://openalex.org/W2056821544
https://openalex.org/W2093542298
https://openalex.org/W2136185225
https://openalex.org/W2157118497
https://openalex.org/W2159834768
https://openalex.org/W2159853438
https://openalex.org/W2290606825
https://openalex.org/W2296141752
https://openalex.org/W2788477637
https://openalex.org/W1970608960
https://openalex.org/W1976922911
https://openalex.org/W2027309653
https://openalex.org/W2029682961
https://openalex.org/W2034309991
https://openalex.org/W2047996375
https://openalex.org/W2077947191
https://openalex.org/W2127077186
https://openalex.org/W2142627963
https://openalex.org/W2145148171
https://openalex.org/W2782133489
https://openalex.org/W2790233857
https://openalex.org/W2804020040
https://openalex.org/W1970306204
https://openalex.org/W1979814303
https://openalex.org/W1980350123
https://openalex.org/W2000017751
https://openalex.org/W2003877982
https://openalex.org/W2034670066
https://openalex.org/W2035307965
https://openalex.org/W2047016687
https://openalex.org/W2062089905
https://openalex.org/W2082308177
https://openalex.org/W2084920144
https://openalex.org/W2132848751
https://openalex.org/W2768112882
https://openalex.org/W2967859893
https://openalex.org/W1512904806
https://openalex.org/W1910447700
https://openalex.org/W2002333979
https://openalex.org/W2016517388
https://openalex.org/W2025528973
https://openalex.org/W2032725566
https://openalex.org/W2033255085
https://openalex.org/W2058075368
https://openalex.org/W2069969605
https://openalex.org/W2083351855
https://openalex.org/W2160175590
https://openalex.org/W2172053722
https://openalex.org/W2949549974
https://openalex.org/W3009202743
https://openalex.org/W3011693032
https://openalex.org/W3012809083
https://openalex.org/W3097395965
https://openalex.org/W2018351107
https://openalex.org/W2053746338
https://openalex.org/W2055901851
https://openalex.org/W2062116109
https://openalex.org/W2121204136
https://openalex.org/W2153974668
https://openalex.org/W2156773777
https://openalex.org/W2233100538
https://openalex.org/W2900227103
https://openalex.org/W2902308879
https://openalex.org/W2946211230
https://openalex.org/W1527819984
https://openalex.org/W1974030687
https://openalex.org/W1975150517
https://openalex.org/W2031724190
https://openalex.org/W2040633569
https://openalex.org/W2089003952
https://openalex.org/W2094460693
https://openalex.org/W2104912722
https://openalex.org/W2112870052
https://openalex.org/W2124671579
https://openalex.org/W2313073870
https://openalex.org/W2765305249
https://openalex.org/W1479874760
https://openalex.org/W1492883862
https://openalex.org/W1978330471
https://openalex.org/W2046038149
https://openalex.org/W2088500558
https://openalex.org/W2116600741
https://openalex.org/W2121960112
https://openalex.org/W2134324615
https://openalex.org/W2137669526
https://openalex.org/W2163898760
https://openalex.org/W2581258190
https://openalex.org/W2586627513
https://openalex.org/W2631063318
https://openalex.org/W3000719530
https://openalex.org/W1964458468
https://openalex.org/W1971378815
https://openalex.org/W1971940677
https://openalex.org/W1973418526
https://openalex.org/W2003365898
https://openalex.org/W2015656754
https://openalex.org/W2020499292
https://openalex.org/W2035647962
https://openalex.org/W2038819848
https://openalex.org/W2063300935
https://openalex.org/W2073628046
https://openalex.org/W2077772721
https://openalex.org/W2079955655
https://openalex.org/W2093849558
https://openalex.org/W2122396373
https://openalex.org/W2787312168
https://openalex.org/W2790702737
https://openalex.org/W2791869971
https://openalex.org/W2947122456
https://openalex.org/W167730659
https://openalex.org/W1744140333
https://openalex.org/W1926941424
https://openalex.org/W1981115318
https://openalex.org/W1998796283
https://openalex.org/W2022524437
https://openalex.org/W2069674743
https://openalex.org/W2138611695
https://openalex.org/W2165980850
https://openalex.org/W2345779061
https://openalex.org/W2884014548
https://openalex.org/W1810814056
https://openalex.org/W2026497971
https://openalex.org/W2037005978
https://openalex.org/W2061225164
https://openalex.org/W2121940758
https://openalex.org/W2129477512
https://openalex.org/W2165305306
https://openalex.org/W2166299071
https://openalex.org/W2346515309
https://openalex.org/W2740245281
https://openalex.org/W3147948705
https://openalex.org/W1963563479
https://openalex.org/W1990920587
https://openalex.org/W2000722212
https://openalex.org/W2043416028
https://openalex.org/W2055657891
https://openalex.org/W2071105442
https://openalex.org/W2079825625
https://openalex.org/W2095714503
https://openalex.org/W2096843691
https://openalex.org/W2125652418
https://openalex.org/W2128851611
https://openalex.org/W2138872698
https://openalex.org/W2148700399
https://openalex.org/W2154397509
https://openalex.org/W2160939527
https://openalex.org/W2167489571
https://openalex.org/W2169472765
https://openalex.org/W2594056660
https://openalex.org/W2735950478
https://openalex.org/W2899254998
https://openalex.org/W2980856224
https://openalex.org/W3047411841
https://openalex.org/W3094685700
https://openalex.org/W1959683877
https://openalex.org/W1976082614
https://openalex.org/W2019269354
https://openalex.org/W2033695935
https://openalex.org/W2055022313
https://openalex.org/W2057282522
https://openalex.org/W2062707712
https://openalex.org/W2095829733
https://openalex.org/W2101829014
https://openalex.org/W2120424633
https://openalex.org/W2889092098
https://openalex.org/W3004220108
https://openalex.org/W1964407478
https://openalex.org/W1966722001
https://openalex.org/W2000814030
https://openalex.org/W2033657350
https://openalex.org/W2045008042
https://openalex.org/W2055457518
https://openalex.org/W2128187632
https://openalex.org/W2141269861
https://openalex.org/W2567832512
https://openalex.org/W2621085445
https://openalex.org/W2914298720
https://openalex.org/W3099247429
https://openalex.org/W3156827665
https://openalex.org/W4283722066
https://openalex.org/W1862068507
https://openalex.org/W1980436729
https://openalex.org/W1981006176
https://openalex.org/W198886960
https://openalex.org/W2006518198
https://openalex.org/W2024980214
https://openalex.org/W2041906258
https://openalex.org/W2067464229
https://openalex.org/W2091511916
https://openalex.org/W2114880712
https://openalex.org/W2140410198
https://openalex.org/W2195289381
https://openalex.org/W2562128111
https://openalex.org/W2968236920
https://openalex.org/W1488825373
https://openalex.org/W2005756960
https://openalex.org/W2012154182
https://openalex.org/W2020050114
https://openalex.org/W2057198647
https://openalex.org/W2059850967
https://openalex.org/W2076086376
https://openalex.org/W2077897662
https://openalex.org/W2082012725
https://openalex.org/W2408224570
https://openalex.org/W2788776141
https://openalex.org/W2963427815
https://openalex.org/W3092880752
https://openalex.org/W11035765
https://openalex.org/W1529372271
https://openalex.org/W1731749026
https://openalex.org/W1990801388
https://openalex.org/W2006111542
https://openalex.org/W2008217469
https://openalex.org/W2033875269
https://openalex.org/W2066808322
https://openalex.org/W2087696384
https://openalex.org/W2090194089
https://openalex.org/W2093591992
https://openalex.org/W2121459451
https://openalex.org/W2143272637
https://openalex.org/W2592253045
https://openalex.org/W2737353363
https://openalex.org/W2904337516
https://openalex.org/W4254329946
https://openalex.org/W1531102887
https://openalex.org/W1558452662
https://openalex.org/W1902560950
https://openalex.org/W2023419475
https://openalex.org/W2037143610
https://openalex.org/W2039589151
https://openalex.org/W2062494181
https://openalex.org/W2068770106
https://openalex.org/W2081339966
https://openalex.org/W2085682366
https://openalex.org/W2088507210
https://openalex.org/W2122549066
https://openalex.org/W2127769005
https://openalex.org/W2131290591
https://openalex.org/W2139180648
https://openalex.org/W2147941024
https://openalex.org/W2151964427
https://openalex.org/W2157091440
https://openalex.org/W2235123709
https://openalex.org/W2516838327
https://openalex.org/W2617435581
https://openalex.org/W2923007443
https://openalex.org/W3038114785
https://openalex.org/W89253043
https://openalex.org/W1486136397
https://openalex.org/W1521953979
https://openalex.org/W1982546793
https://openalex.org/W1988976143
https://openalex.org/W1991013286
https://openalex.org/W1992006346
https://openalex.org/W1994875442
https://openalex.org/W2029125556
https://openalex.org/W2032513415
https://openalex.org/W2044258780
https://openalex.org/W2059246725
https://openalex.org/W2065026335
https://openalex.org/W2069401114
https://openalex.org/W2072541748
https://openalex.org/W2081670886
https://openalex.org/W2089634196
https://openalex.org/W2093696295
https://openalex.org/W2105928361
https://openalex.org/W2109420588
https://openalex.org/W2146582470
https://openalex.org/W2170559299
https://openalex.org/W2294623867
https://openalex.org/W2587535439
https://openalex.org/W2591320878
https://openalex.org/W2931475264
https://openalex.org/W3026804276
https://openalex.org/W117266251
https://openalex.org/W1983016788
https://openalex.org/W1988086682
https://openalex.org/W1992830991
https://openalex.org/W2001161701
https://openalex.org/W2028057330
https://openalex.org/W2035709206
https://openalex.org/W2045745100
https://openalex.org/W2046252849
https://openalex.org/W2053380909
https://openalex.org/W2061318747
https://openalex.org/W2064739861
https://openalex.org/W2071660224
https://openalex.org/W2072496686
https://openalex.org/W2087017252
https://openalex.org/W2089656508
https://openalex.org/W2179214644
https://openalex.org/W2273582670
https://openalex.org/W2280107396
https://openalex.org/W2591797841
https://openalex.org/W2896204252
https://openalex.org/W2963485966
https://openalex.org/W1498510554
https://openalex.org/W1971523953
https://openalex.org/W1993245472
https://openalex.org/W2003386837
https://openalex.org/W2031462792
https://openalex.org/W2066276986
https://openalex.org/W2101448706
https://openalex.org/W2122175831
https://openalex.org/W2142927299
https://openalex.org/W2158549224
https://openalex.org/W2606280956
https://openalex.org/W2805876309
https://openalex.org/W3179804491
https://openalex.org/W1965555104
https://openalex.org/W1974733818
https://openalex.org/W2016444884
https://openalex.org/W2043215356
https://openalex.org/W2052656852
https://openalex.org/W2061765699
https://openalex.org/W2063257519
https://openalex.org/W2075995301
https://openalex.org/W2122924345
https://openalex.org/W2142205121
https://openalex.org/W2143349599
https://openalex.org/W2159889514
https://openalex.org/W2238290008
https://openalex.org/W2419359459
https://openalex.org/W2609186521
https://openalex.org/W2758914131
https://openalex.org/W2888230220
https://openalex.org/W3000749451
https://openalex.org/W3012674294
https://openalex.org/W4239091587
https://openalex.org/W1830703684
https://openalex.org/W1993627833
https://openalex.org/W2033047647
https://openalex.org/W2033659594
https://openalex.org/W2045715070
https://openalex.org/W2046998440
https://openalex.org/W2060335006
https://openalex.org/W2157216211
https://openalex.org/W2325386305
https://openalex.org/W2752056361
https://openalex.org/W2789772642
https://openalex.org/W2928880637
https://openalex.org/W2998533047
https://openalex.org/W3025352529
https://openalex.org/W3105004424
https://openalex.org/W87099887
https://openalex.org/W1872243035
https://openalex.org/W1966893055
https://openalex.org/W1982366252
https://openalex.org/W1987088555
https://openalex.org/W1989841664
https://openalex.org/W1998944105
https://openalex.org/W2009948145
https://openalex.org/W2010004259
https://openalex.org/W2028503370
https://openalex.org/W2047777889
https://openalex.org/W2051035774
https://openalex.org/W2051880851
https://openalex.org/W2052026539
https://openalex.org/W2053534441
https://openalex.org/W2054390897
https://openalex.org/W2059794538
https://openalex.org/W2061856754
https://openalex.org/W2076086422
https://openalex.org/W2080369036
https://openalex.org/W2089858738
https://openalex.org/W2093336228
https://openalex.org/W2134869388
https://openalex.org/W2153481735
https://openalex.org/W2156840925
https://openalex.org/W2169652697
https://openalex.org/W2201528654
https://openalex.org/W2600357914
https://openalex.org/W2794984353
https://openalex.org/W2889159978
https://openalex.org/W2900102281
https://openalex.org/W2952900467
https://openalex.org/W3044433342
https://openalex.org/W3092864403
https://openalex.org/W3158987539
https://openalex.org/W992582059
https://openalex.org/W1603048142
https://openalex.org/W1605037676
https://openalex.org/W1935546719
https://openalex.org/W1994011511
https://openalex.org/W2005411117
https://openalex.org/W2021216813
https://openalex.org/W2022433812
https://openalex.org/W2035674031
https://openalex.org/W2043356620
https://openalex.org/W2067984782
https://openalex.org/W2071823056
https://openalex.org/W2088445090
https://openalex.org/W2102147587
https://openalex.org/W2131399163
https://openalex.org/W2152165574
https://openalex.org/W2184737889
https://openalex.org/W2321679997
https://openalex.org/W2329899818
https://openalex.org/W2341612392
https://openalex.org/W2507910248
https://openalex.org/W2510349532
https://openalex.org/W2550357378
https://openalex.org/W2557217940
https://openalex.org/W2767011129
https://openalex.org/W2773904775
https://openalex.org/W2955852147
https://openalex.org/W3000861451
https://openalex.org/W3012997341
https://openalex.org/W3192514140
https://openalex.org/W1663143131
https://openalex.org/W1974529707
https://openalex.org/W1978313069
https://openalex.org/W1991918337
https://openalex.org/W2013425555
https://openalex.org/W2024555394
https://openalex.org/W2027328327
https://openalex.org/W2032170790
https://openalex.org/W2065054187
https://openalex.org/W2066685272
https://openalex.org/W2067725190
https://openalex.org/W2078565859
https://openalex.org/W2081591513
https://openalex.org/W2083537123
https://openalex.org/W2085654351
https://openalex.org/W2133584799
https://openalex.org/W2168332424
https://openalex.org/W2307842766
https://openalex.org/W2328676534
https://openalex.org/W2330508422
https://openalex.org/W2409220173
https://openalex.org/W2426700216
https://openalex.org/W2530208139
https://openalex.org/W2530432796
https://openalex.org/W2604575826
https://openalex.org/W2609932101
https://openalex.org/W2805828290
https://openalex.org/W2897713201
https://openalex.org/W2913111141
https://openalex.org/W2971858040
https://openalex.org/W3011988570
https://openalex.org/W1826549983
https://openalex.org/W1976074402
https://openalex.org/W1982112070
https://openalex.org/W2000858647
https://openalex.org/W2009185983
https://openalex.org/W2017367253
https://openalex.org/W2044064355
https://openalex.org/W2059143462
https://openalex.org/W2060793477
https://openalex.org/W2062890411
https://openalex.org/W2069254139
https://openalex.org/W2079236383
https://openalex.org/W2091992166
https://openalex.org/W2118266092
https://openalex.org/W2137505472
https://openalex.org/W2256370906
https://openalex.org/W2396584702
https://openalex.org/W2587247372
https://openalex.org/W2606594196
https://openalex.org/W2608884579
https://openalex.org/W2945550327
https://openalex.org/W2996266819
https://openalex.org/W3006859684
https://openalex.org/W3139482648
https://openalex.org/W1572007020
https://openalex.org/W1965886505
https://openalex.org/W1967071833
https://openalex.org/W1987330504
https://openalex.org/W2031250411
https://openalex.org/W2067908631
https://openalex.org/W2112961516
https://openalex.org/W2118286754
https://openalex.org/W2133808618
https://openalex.org/W2166494941
https://openalex.org/W2187976638
https://openalex.org/W2191671155
https://openalex.org/W2338444108
https://openalex.org/W2341815175
https://openalex.org/W2508529916
https://openalex.org/W2737688880
https://openalex.org/W2763585481
https://openalex.org/W2792750072
https://openalex.org/W2916164962
https://openalex.org/W3010893106
https://openalex.org/W3138718990
https://openalex.org/W166517063
https://openalex.org/W1775138928
https://openalex.org/W1970433653
https://openalex.org/W1970463537
https://openalex.org/W2002769925
https://openalex.org/W2013708078
https://openalex.org/W2017609113
https://openalex.org/W2025278013
https://openalex.org/W2039039791
https://openalex.org/W2054826003
https://openalex.org/W2070508368
https://openalex.org/W2071274075
https://openalex.org/W2076772067
https://openalex.org/W2078847984
https://openalex.org/W2101826712
https://openalex.org/W2111182751
https://openalex.org/W2127508581
https://openalex.org/W2136835837
https://openalex.org/W2138525442
https://openalex.org/W2401505531
https://openalex.org/W2512917887
https://openalex.org/W2545120660
https://openalex.org/W2606090872
https://openalex.org/W2725528843
https://openalex.org/W2766259847
https://openalex.org/W2782544795
https://openalex.org/W2883828627
https://openalex.org/W2898550269
https://openalex.org/W2907342222
https://openalex.org/W2912887881
https://openalex.org/W2945297338
https://openalex.org/W2988150007
https://openalex.org/W2998449227
https://openalex.org/W3041987363
https://openalex.org/W4237751882
https://openalex.org/W1976748894
https://openalex.org/W1980328881
https://openalex.org/W1991758514
https://openalex.org/W2013423624
https://openalex.org/W2021753496
https://openalex.org/W2032831872
https://openalex.org/W2040335095
https://openalex.org/W2046295130
https://openalex.org/W2058047632
https://openalex.org/W2064143382
https://openalex.org/W2081879342
https://openalex.org/W2099045949
https://openalex.org/W2121458208
https://openalex.org/W2132608520
https://openalex.org/W2138683225
https://openalex.org/W2169174292
https://openalex.org/W2398761710
https://openalex.org/W2757903295
https://openalex.org/W2784299883
https://openalex.org/W2902018992
https://openalex.org/W2902579141
https://openalex.org/W4206944595
https://openalex.org/W149406090
https://openalex.org/W1951734837
https://openalex.org/W1963640073
https://openalex.org/W1971827670
https://openalex.org/W1992186400
https://openalex.org/W2003494030
https://openalex.org/W2044317821
https://openalex.org/W2058488756
https://openalex.org/W2059907926
https://openalex.org/W2072079353
https://openalex.org/W2074656189
https://openalex.org/W2079696975
https://openalex.org/W2104989455
https://openalex.org/W2108934056
https://openalex.org/W2112745495
https://openalex.org/W2143470090
https://openalex.org/W2145721530
https://openalex.org/W2155878823
https://openalex.org/W2213528152
https://openalex.org/W2510663877
https://openalex.org/W2588600905
https://openalex.org/W2606030429
https://openalex.org/W2620610807
https://openalex.org/W2744287310
https://openalex.org/W2783796711
https://openalex.org/W2891752370
https://openalex.org/W2967659331
https://openalex.org/W2989735784
https://openalex.org/W3028601115
https://openalex.org/W46531709
https://openalex.org/W1481601872
https://openalex.org/W1869490690
https://openalex.org/W1984569982
https://openalex.org/W1987085036
https://openalex.org/W1989855469
https://openalex.org/W2000616631
https://openalex.org/W2021083899
https://openalex.org/W2029557849
https://openalex.org/W2036366145
https://openalex.org/W2063502913
https://openalex.org/W2067180479
https://openalex.org/W2072034796
https://openalex.org/W2081062399
https://openalex.org/W2084503515
https://openalex.org/W2096443805
https://openalex.org/W2115680172
https://openalex.org/W2119133826
https://openalex.org/W2128717534
https://openalex.org/W2133222974
https://openalex.org/W2151006822
https://openalex.org/W2155752713
https://openalex.org/W2168147335
https://openalex.org/W2204178770
https://openalex.org/W2284637275
https://openalex.org/W2465070901
https://openalex.org/W2470971696
https://openalex.org/W2725191915
https://openalex.org/W2738380285
https://openalex.org/W2761006532
https://openalex.org/W2796387102
https://openalex.org/W2886433734
https://openalex.org/W2993781303
https://openalex.org/W3021540505
https://openalex.org/W3142419260
https://openalex.org/W35454281
https://openalex.org/W1965685525
https://openalex.org/W1966575747
https://openalex.org/W1967563020
https://openalex.org/W1968282776
https://openalex.org/W2013210962
https://openalex.org/W2014099470
https://openalex.org/W2024557624
https://openalex.org/W2026785929
https://openalex.org/W2026934951
https://openalex.org/W2038742199
https://openalex.org/W2040605981
https://openalex.org/W2048528301
https://openalex.org/W2049140900
https://openalex.org/W2054135032
https://openalex.org/W2076127956
https://openalex.org/W2088422652
https://openalex.org/W2089867969
https://openalex.org/W2110154547
https://openalex.org/W2115117864
https://openalex.org/W2123789852
https://openalex.org/W2128492799
https://openalex.org/W2143482284
https://openalex.org/W2145169411
https://openalex.org/W2150713257
https://openalex.org/W2166469327
https://openalex.org/W2172235361
https://openalex.org/W2295626218
https://openalex.org/W2314632602
https://openalex.org/W2323877817
https://openalex.org/W2338709870
https://openalex.org/W2749023953
https://openalex.org/W2758901838
https://openalex.org/W2760099792
https://openalex.org/W2769178870
https://openalex.org/W2879525346
https://openalex.org/W2915591816
https://openalex.org/W2929819424
https://openalex.org/W2933003891
https://openalex.org/W2953759533
https://openalex.org/W2961802200
https://openalex.org/W2980003473
https://openalex.org/W3089085994
https://openalex.org/W3199771767
https://openalex.org/W4213222685
https://openalex.org/W1787257962
https://openalex.org/W1966846106
https://openalex.org/W1967106795
https://openalex.org/W1967987108
https://openalex.org/W1986599543
https://openalex.org/W1991059405
https://openalex.org/W1991852988
https://openalex.org/W1993316134
https://openalex.org/W2014089685
https://openalex.org/W2015728498
https://openalex.org/W2020675565
https://openalex.org/W2024218234
https://openalex.org/W2030496366
https://openalex.org/W2040213954
https://openalex.org/W2045201909
https://openalex.org/W2050008513
https://openalex.org/W2051091008
https://openalex.org/W2054155084
https://openalex.org/W2057378164
https://openalex.org/W2064281193
https://openalex.org/W2081816059
https://openalex.org/W2084558157
https://openalex.org/W2084627907
https://openalex.org/W2095491995
https://openalex.org/W2162872848
https://openalex.org/W2170822490
https://openalex.org/W2174596148
https://openalex.org/W2195906609
https://openalex.org/W2312086125
https://openalex.org/W2464249396
https://openalex.org/W2509867149
https://openalex.org/W2606946528
https://openalex.org/W2617609986
https://openalex.org/W2766640281
https://openalex.org/W2912589658
https://openalex.org/W2963060149
https://openalex.org/W2963214464
https://openalex.org/W2974320796
https://openalex.org/W2984312899
https://openalex.org/W3005766021
https://openalex.org/W3032851153
https://openalex.org/W3045433332
https://openalex.org/W1450304033
https://openalex.org/W1536855961
https://openalex.org/W1965307977
https://openalex.org/W1991643258
https://openalex.org/W1993512911
https://openalex.org/W1996822135
https://openalex.org/W2008359656
https://openalex.org/W2010489253
https://openalex.org/W2019401096
https://openalex.org/W2019871696
https://openalex.org/W2021596290
https://openalex.org/W2067226708
https://openalex.org/W2070378927
https://openalex.org/W2072322254
https://openalex.org/W2075282002
https://openalex.org/W2081167662
https://openalex.org/W2081996190
https://openalex.org/W2105951470
https://openalex.org/W2117993606
https://openalex.org/W2121244509
https://openalex.org/W2122733868
https://openalex.org/W2129427369
https://openalex.org/W2159873940
https://openalex.org/W2177517278
https://openalex.org/W2471044175
https://openalex.org/W2579678156
https://openalex.org/W2590138480
https://openalex.org/W2605254304
https://openalex.org/W2744135012
https://openalex.org/W2754965780
https://openalex.org/W2887924773
https://openalex.org/W2911679003
https://openalex.org/W2964151032
https://openalex.org/W2998114686
https://openalex.org/W3026303351
https://openalex.org/W3159347950
https://openalex.org/W3176714184
https://openalex.org/W115084633
https://openalex.org/W1551357618
https://openalex.org/W1768521288
https://openalex.org/W1968051544
https://openalex.org/W1980047503
https://openalex.org/W1998251100
https://openalex.org/W1999491728
https://openalex.org/W2006665588
https://openalex.org/W2010418086
https://openalex.org/W2029560269
https://openalex.org/W2033235057
https://openalex.org/W2042298415
https://openalex.org/W2054338172
https://openalex.org/W2056777845
https://openalex.org/W2059453509
https://openalex.org/W2072512501
https://openalex.org/W2088252231
https://openalex.org/W2092833849
https://openalex.org/W2106921936
https://openalex.org/W2108764350
https://openalex.org/W2121037444
https://openalex.org/W2125038580
https://openalex.org/W2128154461
https://openalex.org/W2141441669
https://openalex.org/W2148365879
https://openalex.org/W2162499916
https://openalex.org/W2169925581
https://openalex.org/W2480913527
https://openalex.org/W2544485984
https://openalex.org/W2574654815
https://openalex.org/W2620647928
https://openalex.org/W2620734284
https://openalex.org/W2748271794
https://openalex.org/W2790677562
https://openalex.org/W2883965892
https://openalex.org/W2886408371
https://openalex.org/W2896451632
https://openalex.org/W2900167969
https://openalex.org/W2905443703
https://openalex.org/W2946319165
https://openalex.org/W3041479271
https://openalex.org/W3115843226
https://openalex.org/W3199648519
https://openalex.org/W4233959741
https://openalex.org/W4247564988
https://openalex.org/W122905828
https://openalex.org/W135473883
https://openalex.org/W1550947615
https://openalex.org/W1553308207
https://openalex.org/W1917426767
https://openalex.org/W195394782
https://openalex.org/W1963816359
https://openalex.org/W1973697627
https://openalex.org/W1979442503
https://openalex.org/W1995821001
https://openalex.org/W1998466474
https://openalex.org/W2011583707
https://openalex.org/W2012270244
https://openalex.org/W2016403987
https://openalex.org/W2039267926
https://openalex.org/W2041897222
https://openalex.org/W2044635187
https://openalex.org/W2046226051
https://openalex.org/W2046502724
https://openalex.org/W2072845881
https://openalex.org/W2077027438
https://openalex.org/W2099494502
https://openalex.org/W2132028219
https://openalex.org/W2156495819
https://openalex.org/W2164035978
https://openalex.org/W2234863140
https://openalex.org/W2297675077
https://openalex.org/W2306942974
https://openalex.org/W2469779692
https://openalex.org/W2509858278
https://openalex.org/W2569676750
https://openalex.org/W2601170299
https://openalex.org/W2605476227
https://openalex.org/W2606841515
https://openalex.org/W2733942459
https://openalex.org/W2759997596
https://openalex.org/W2895357091
https://openalex.org/W2953721409
https://openalex.org/W3010107999
https://openalex.org/W3092154851
https://openalex.org/W3185338947
https://openalex.org/W3198316134
https://openalex.org/W4297735240
https://openalex.org/W1848609505
https://openalex.org/W1968282441
https://openalex.org/W1972506472
https://openalex.org/W1997823702
https://openalex.org/W2004820804
https://openalex.org/W2011878186
https://openalex.org/W2016071857
https://openalex.org/W2016090899
https://openalex.org/W2044705662
https://openalex.org/W2054288414
https://openalex.org/W2057383165
https://openalex.org/W2060696386
https://openalex.org/W2072424699
https://openalex.org/W2073153391
https://openalex.org/W2111572627
https://openalex.org/W2112875714
https://openalex.org/W2124402723
https://openalex.org/W2152403445
https://openalex.org/W2159098710
https://openalex.org/W2160065347
https://openalex.org/W2169420343
https://openalex.org/W2291760404
https://openalex.org/W2319955265
https://openalex.org/W2542933353
https://openalex.org/W2554736036
https://openalex.org/W2621333928
https://openalex.org/W2771692564
https://openalex.org/W2889554896
https://openalex.org/W2898404938
https://openalex.org/W2915911493
https://openalex.org/W3014224829
https://openalex.org/W3015216650
https://openalex.org/W3064746920
https://openalex.org/W3118144644
https://openalex.org/W1521625446
https://openalex.org/W1532480092
https://openalex.org/W1784945460
https://openalex.org/W1979342733
https://openalex.org/W1979848940
https://openalex.org/W1980068007
https://openalex.org/W1980269064
https://openalex.org/W1990544959
https://openalex.org/W1992835104
https://openalex.org/W2010765206
https://openalex.org/W2018338952
https://openalex.org/W2024642241
https://openalex.org/W2026189068
https://openalex.org/W2038109664
https://openalex.org/W2043629087
https://openalex.org/W2058098723
https://openalex.org/W2060362585
https://openalex.org/W2074139122
https://openalex.org/W2086056718
https://openalex.org/W2087655107
https://openalex.org/W2102015425
https://openalex.org/W2105598969
https://openalex.org/W2115655716
https://openalex.org/W2116892842
https://openalex.org/W2125750029
https://openalex.org/W2167351571
https://openalex.org/W2208056949
https://openalex.org/W2222189564
https://openalex.org/W2297359924
https://openalex.org/W2340176608
https://openalex.org/W2398626875
https://openalex.org/W2539022061
https://openalex.org/W2566224162
https://openalex.org/W2616191693
https://openalex.org/W2734516029
https://openalex.org/W2771373429
https://openalex.org/W2782413079
https://openalex.org/W2792602354
https://openalex.org/W2793474894
https://openalex.org/W2800931582
https://openalex.org/W2962225995
https://openalex.org/W2969041379
https://openalex.org/W2978860273
https://openalex.org/W3036542257
https://openalex.org/W55503759
https://openalex.org/W1482997169
https://openalex.org/W1556163526
https://openalex.org/W1965233816
https://openalex.org/W1971769123
https://openalex.org/W1982598501
https://openalex.org/W2001953708
https://openalex.org/W2002788454
https://openalex.org/W2003466704
https://openalex.org/W2004549060
https://openalex.org/W2006472697
https://openalex.org/W2014544278
https://openalex.org/W2031770697
https://openalex.org/W2035282313
https://openalex.org/W2035523086
https://openalex.org/W2038493537
https://openalex.org/W2046218739
https://openalex.org/W2049799444
https://openalex.org/W2053618104
https://openalex.org/W2068644755
https://openalex.org/W2073868275
https://openalex.org/W2102699638
https://openalex.org/W2105811685
https://openalex.org/W2113172364
https://openalex.org/W2123090321
https://openalex.org/W2126147320
https://openalex.org/W2129186819
https://openalex.org/W2134055349
https://openalex.org/W2159909695
https://openalex.org/W2281571527
https://openalex.org/W2326977948
https://openalex.org/W2344241465
https://openalex.org/W2401330754
https://openalex.org/W2500940677
https://openalex.org/W2609016327
https://openalex.org/W2745772316
https://openalex.org/W2753595517
https://openalex.org/W2758777770
https://openalex.org/W2770520770
https://openalex.org/W2771851444
https://openalex.org/W2888846027
https://openalex.org/W2900571779
https://openalex.org/W2913337044
https://openalex.org/W2922217225
https://openalex.org/W2932076020
https://openalex.org/W2939090205
https://openalex.org/W29507902
https://openalex.org/W2970762295
https://openalex.org/W2979136943
https://openalex.org/W2982445462
https://openalex.org/W3016285100
https://openalex.org/W3024450780
https://openalex.org/W3082157310
https://openalex.org/W3082401925
https://openalex.org/W3123303167
https://openalex.org/W58442851
https://openalex.org/W1511612158
https://openalex.org/W1870886921
https://openalex.org/W1963805307
https://openalex.org/W1967983697
https://openalex.org/W1968133022
https://openalex.org/W1992467030
https://openalex.org/W1994591348
https://openalex.org/W2003814245
https://openalex.org/W2023933661
https://openalex.org/W2040411408
https://openalex.org/W2055721820
https://openalex.org/W2059425441
https://openalex.org/W2061089813
https://openalex.org/W2068402347
https://openalex.org/W2085088485
https://openalex.org/W2094993025
https://openalex.org/W2128615905
https://openalex.org/W2134281674
https://openalex.org/W2153251628
https://openalex.org/W2157892886
https://openalex.org/W2163502188
https://openalex.org/W2275741740
https://openalex.org/W2295891303
https://openalex.org/W2312798977
https://openalex.org/W2344418993
https://openalex.org/W2494711021
https://openalex.org/W2533700493
https://openalex.org/W2601216832
https://openalex.org/W2768648749
https://openalex.org/W2770480879
https://openalex.org/W2801427859
https://openalex.org/W2805160570
https://openalex.org/W2806395939
https://openalex.org/W2807718794
https://openalex.org/W2811237680
https://openalex.org/W2891996457
https://openalex.org/W2893109060
https://openalex.org/W2898095583
https://openalex.org/W2913260718
https://openalex.org/W2913808050
https://openalex.org/W2953881449
https://openalex.org/W2963784667
https://openalex.org/W2970774853
https://openalex.org/W2972457456
https://openalex.org/W2996161769
https://openalex.org/W3000745322
https://openalex.org/W3008341661
https://openalex.org/W3033762879
https://openalex.org/W3041110488
https://openalex.org/W3047650380
https://openalex.org/W3092614296
https://openalex.org/W3094413829
https://openalex.org/W3127113755
https://openalex.org/W843010299
https://openalex.org/W107066588
https://openalex.org/W1521232848
https://openalex.org/W1832486966
https://openalex.org/W1908429734
https://openalex.org/W1963625769
https://openalex.org/W1969928001
https://openalex.org/W1980324161
https://openalex.org/W1988594681
https://openalex.org/W1991145128
https://openalex.org/W1991932452
https://openalex.org/W2003180253
https://openalex.org/W2008926604
https://openalex.org/W2011935036
https://openalex.org/W2025678593
https://openalex.org/W2036439489
https://openalex.org/W2039273226
https://openalex.org/W2048567899
https://openalex.org/W2054512567
https://openalex.org/W2065834688
https://openalex.org/W2067241835
https://openalex.org/W2072348788
https://openalex.org/W2075834361
https://openalex.org/W2100352616
https://openalex.org/W2118486580
https://openalex.org/W2148338823
https://openalex.org/W2149772009
https://openalex.org/W2154902490
https://openalex.org/W2167327207
https://openalex.org/W2231421836
https://openalex.org/W2338912931
https://openalex.org/W2574855923
https://openalex.org/W2589069982
https://openalex.org/W2745098819
https://openalex.org/W2755263373
https://openalex.org/W2769578223
https://openalex.org/W2885257863
https://openalex.org/W2888883705
https://openalex.org/W2902867708
https://openalex.org/W2914567327
https://openalex.org/W2915516492
https://openalex.org/W2928708875
https://openalex.org/W2935694194
https://openalex.org/W2952702908
https://openalex.org/W2977388252
https://openalex.org/W2998578827
https://openalex.org/W3005428378
https://openalex.org/W3014817828
https://openalex.org/W3031335021
https://openalex.org/W3036420116
https://openalex.org/W3043982766
https://openalex.org/W3092121382
https://openalex.org/W3093159324
https://openalex.org/W3113900328
https://openalex.org/W3114771814
https://openalex.org/W3135968252
https://openalex.org/W3202618648
https://openalex.org/W4200226166
https://openalex.org/W4210382337
https://openalex.org/W1122480400
https://openalex.org/W1579661475
https://openalex.org/W1678702805
https://openalex.org/W1896507787
https://openalex.org/W1900050803
https://openalex.org/W1974265844
https://openalex.org/W1975575848
https://openalex.org/W1975799575
https://openalex.org/W1977685277
https://openalex.org/W1985749037
https://openalex.org/W1990680971
https://openalex.org/W2007844833
https://openalex.org/W2030351269
https://openalex.org/W2033604056
https://openalex.org/W2033681472
https://openalex.org/W2037457981
https://openalex.org/W2038846311
https://openalex.org/W2048151802
https://openalex.org/W2048691418
https://openalex.org/W2050016617
https://openalex.org/W2055295566
https://openalex.org/W2060436622
https://openalex.org/W2066826583
https://openalex.org/W2070608078
https://openalex.org/W2070636035
https://openalex.org/W2072725374
https://openalex.org/W2076138679
https://openalex.org/W2081759687
https://openalex.org/W2082613502
https://openalex.org/W2111414630
https://openalex.org/W2123050984
https://openalex.org/W2158039954
https://openalex.org/W2233394645
https://openalex.org/W2252959732
https://openalex.org/W2306084559
https://openalex.org/W2314200006
https://openalex.org/W2333563799
https://openalex.org/W2396374754
https://openalex.org/W2531443866
https://openalex.org/W2561354503
https://openalex.org/W2592620291
https://openalex.org/W2603824970
https://openalex.org/W2624008099
https://openalex.org/W2750833773
https://openalex.org/W2782256800
https://openalex.org/W2801958785
https://openalex.org/W2890847321
https://openalex.org/W2900650705
https://openalex.org/W2912437855
https://openalex.org/W2912669935
https://openalex.org/W2923361491
https://openalex.org/W2954727205
https://openalex.org/W2970728072
https://openalex.org/W2979118481
https://openalex.org/W3014960621
https://openalex.org/W3018054085
https://openalex.org/W3045445544
https://openalex.org/W3081543501
https://openalex.org/W3094149290
https://openalex.org/W3136327729
https://openalex.org/W3137377175
https://openalex.org/W3162902950
https://openalex.org/W4223418313
https://openalex.org/W4250731795
https://openalex.org/W1567265294
https://openalex.org/W1606975613
https://openalex.org/W1751140723
https://openalex.org/W1832586533
https://openalex.org/W1965024427
https://openalex.org/W1970063103
https://openalex.org/W1977849009
https://openalex.org/W1989564681
https://openalex.org/W1993884953
https://openalex.org/W1999845619
https://openalex.org/W2000243185
https://openalex.org/W2001714417
https://openalex.org/W2009970961
https://openalex.org/W2018956047
https://openalex.org/W2023227105
https://openalex.org/W2025515529
https://openalex.org/W2027488909
https://openalex.org/W2032151083
https://openalex.org/W2037558911
https://openalex.org/W2039707439
https://openalex.org/W2042534033
https://openalex.org/W2050355658
https://openalex.org/W2050418120
https://openalex.org/W2052418552
https://openalex.org/W2066924016
https://openalex.org/W2070562164
https://openalex.org/W2071974320
https://openalex.org/W2072298275
https://openalex.org/W2078642770
https://openalex.org/W2084398469
https://openalex.org/W2085181116
https://openalex.org/W2089083219
https://openalex.org/W2094691717
https://openalex.org/W2095456476
https://openalex.org/W2106164278
https://openalex.org/W2120979901
https://openalex.org/W2123935188
https://openalex.org/W2126185011
https://openalex.org/W2129326021
https://openalex.org/W2133302041
https://openalex.org/W2137112105
https://openalex.org/W2147034012
https://openalex.org/W2148057172
https://openalex.org/W2154965606
https://openalex.org/W2158462832
https://openalex.org/W2159608269
https://openalex.org/W2200431364
https://openalex.org/W2231706069
https://openalex.org/W2268289157
https://openalex.org/W2289328365
https://openalex.org/W2290945379
https://openalex.org/W2336802646
https://openalex.org/W2363917575
https://openalex.org/W2410832273
https://openalex.org/W2464867179
https://openalex.org/W2503858660
https://openalex.org/W2515439112
https://openalex.org/W2529126521
https://openalex.org/W2767272156
https://openalex.org/W2781989512
https://openalex.org/W2786911512
https://openalex.org/W2789274017
https://openalex.org/W2789974429
https://openalex.org/W2793055787
https://openalex.org/W2802382037
https://openalex.org/W2808177087
https://openalex.org/W2808437621
https://openalex.org/W2844417949
https://openalex.org/W2894465511
https://openalex.org/W2964473573
https://openalex.org/W2972379209
https://openalex.org/W2983768486
https://openalex.org/W2990213714
https://openalex.org/W3028567740
https://openalex.org/W3047104614
https://openalex.org/W3096101666
https://openalex.org/W3105193512
https://openalex.org/W3126077196
https://openalex.org/W3128715258
https://openalex.org/W3131281767
https://openalex.org/W3135273910
https://openalex.org/W3151319911
https://openalex.org/W3159645060
https://openalex.org/W3172561552
https://openalex.org/W3200307056
https://openalex.org/W3212384387
https://openalex.org/W4200046331
https://openalex.org/W4205419849
https://openalex.org/W4225859784
https://openalex.org/W6265656
https://openalex.org/W650483871
https://openalex.org/W1626820557
https://openalex.org/W1779879840
https://openalex.org/W1829145753
https://openalex.org/W1832011285
https://openalex.org/W1842805062
https://openalex.org/W1974213388
https://openalex.org/W1974263909
https://openalex.org/W1983448556
https://openalex.org/W1988823771
https://openalex.org/W2007727378
https://openalex.org/W200791436
https://openalex.org/W2017798883
https://openalex.org/W2023384094
https://openalex.org/W2025741612
https://openalex.org/W2032979792
https://openalex.org/W2044544453
https://openalex.org/W2059592506
https://openalex.org/W2073218215
https://openalex.org/W2089372372
https://openalex.org/W2097279006
https://openalex.org/W2112043039
https://openalex.org/W2126744005
https://openalex.org/W2126754626
https://openalex.org/W2126804307
https://openalex.org/W2128414384
https://openalex.org/W2157480506
https://openalex.org/W2168202107
https://openalex.org/W2252750722
https://openalex.org/W2283946235
https://openalex.org/W2314116508
https://openalex.org/W2329824508
https://openalex.org/W2523647379
https://openalex.org/W2529453853
https://openalex.org/W2555369198
https://openalex.org/W2580211700
https://openalex.org/W2592367072
https://openalex.org/W2592784755
https://openalex.org/W2740900773
https://openalex.org/W2769296468
https://openalex.org/W2814705819
https://openalex.org/W2888220746
https://openalex.org/W2896194057
https://openalex.org/W2899558616
https://openalex.org/W2903430308
https://openalex.org/W2917894069
https://openalex.org/W2953768750
https://openalex.org/W2970026690
https://openalex.org/W2971337633
https://openalex.org/W2972811737
https://openalex.org/W2990385871
https://openalex.org/W3084045401
https://openalex.org/W3149789296
https://openalex.org/W3153292163
https://openalex.org/W3163409214
https://openalex.org/W3175905162
https://openalex.org/W4206751062
https://openalex.org/W4223523502
https://openalex.org/W1591465785
https://openalex.org/W177588247
https://openalex.org/W1965965689
https://openalex.org/W1976720358
https://openalex.org/W1978900802
https://openalex.org/W1979283083
https://openalex.org/W2004758292
https://openalex.org/W2012107449
https://openalex.org/W2015804617
https://openalex.org/W2018047157
https://openalex.org/W2020403204
https://openalex.org/W2025441468
https://openalex.org/W2032626653
https://openalex.org/W2039827855
https://openalex.org/W2045070437
https://openalex.org/W2060532350
https://openalex.org/W2069007374
https://openalex.org/W2072825690
https://openalex.org/W2085402424
https://openalex.org/W2089009729
https://openalex.org/W2092251690
https://openalex.org/W2093213523
https://openalex.org/W2094399881
https://openalex.org/W2096057027
https://openalex.org/W2106615166
https://openalex.org/W2108348242
https://openalex.org/W2121680395
https://openalex.org/W2123889641
https://openalex.org/W2132200927
https://openalex.org/W2140140469
https://openalex.org/W2140819253
https://openalex.org/W2171569093
https://openalex.org/W2216201316
https://openalex.org/W2332916925
https://openalex.org/W2402772694
https://openalex.org/W2409509834
https://openalex.org/W2485219660
https://openalex.org/W2528919592
https://openalex.org/W2555560527
https://openalex.org/W2587822999
https://openalex.org/W2608038491
https://openalex.org/W2734816896
https://openalex.org/W2808642110
https://openalex.org/W2811299454
https://openalex.org/W2886252108
https://openalex.org/W2889447981
https://openalex.org/W2895176255
https://openalex.org/W2910714279
https://openalex.org/W2911198192
https://openalex.org/W2912613209
https://openalex.org/W2912791652
https://openalex.org/W2940430436
https://openalex.org/W2945869802
https://openalex.org/W2997470888
https://openalex.org/W2997734215
https://openalex.org/W3005319348
https://openalex.org/W3007473355
https://openalex.org/W3008851197
https://openalex.org/W3027269531
https://openalex.org/W3047918798
https://openalex.org/W3097144605
https://openalex.org/W3122792595
https://openalex.org/W3129405067
https://openalex.org/W3134520523
https://openalex.org/W3135807142
https://openalex.org/W3156996922
https://openalex.org/W3157287072
https://openalex.org/W3188543560
https://openalex.org/W3197609422
https://openalex.org/W3212326044
https://openalex.org/W4233686892
https://openalex.org/W4247105981
https://openalex.org/W60447158
https://openalex.org/W1538391529
https://openalex.org/W1558635279
https://openalex.org/W1860518553
https://openalex.org/W1902126488
https://openalex.org/W1907111616
https://openalex.org/W1936448400
https://openalex.org/W1975728193
https://openalex.org/W1979998104
https://openalex.org/W1984269776
https://openalex.org/W1984846128
https://openalex.org/W1999154213
https://openalex.org/W2003765203
https://openalex.org/W2004258231
https://openalex.org/W2006615913
https://openalex.org/W2009251662
https://openalex.org/W2009265731
https://openalex.org/W2024138756
https://openalex.org/W2024650582
https://openalex.org/W2067311424
https://openalex.org/W2076646721
https://openalex.org/W2090125532
https://openalex.org/W2111695571
https://openalex.org/W2114135825
https://openalex.org/W2129893595
https://openalex.org/W2308922184
https://openalex.org/W2461115914
https://openalex.org/W2613986455
https://openalex.org/W2623135822
https://openalex.org/W2754755686
https://openalex.org/W2762179794
https://openalex.org/W2769077229
https://openalex.org/W2900253262
https://openalex.org/W2904732936
https://openalex.org/W2905500742
https://openalex.org/W2911378556
https://openalex.org/W2914567125
https://openalex.org/W2943308746
https://openalex.org/W2946600306
https://openalex.org/W2946897582
https://openalex.org/W2950668755
https://openalex.org/W2966048496
https://openalex.org/W2997511875
https://openalex.org/W3010917454
https://openalex.org/W3017297845
https://openalex.org/W3023289771
https://openalex.org/W3028458719
https://openalex.org/W3041173060
https://openalex.org/W3083297927
https://openalex.org/W3086539753
https://openalex.org/W3116892295
https://openalex.org/W3117281552
https://openalex.org/W3182576933
https://openalex.org/W3183170807
https://openalex.org/W3208095962
https://openalex.org/W4235957275
https://openalex.org/W4241272992
https://openalex.org/W4307181064
https://openalex.org/W1493482290
https://openalex.org/W1502895765
https://openalex.org/W1527148092
https://openalex.org/W1583516842
https://openalex.org/W1946571988
https://openalex.org/W1952229904
https://openalex.org/W1965460229
https://openalex.org/W1967104535
https://openalex.org/W1969022804
https://openalex.org/W1977165985
https://openalex.org/W1983652460
https://openalex.org/W1989958298
https://openalex.org/W1990678923
https://openalex.org/W1991239412
https://openalex.org/W2006461067
https://openalex.org/W2009701252
https://openalex.org/W2015728455
https://openalex.org/W2050049926
https://openalex.org/W2050351282
https://openalex.org/W2075350810
https://openalex.org/W2083590988
https://openalex.org/W2086104612
https://openalex.org/W2095278872
https://openalex.org/W2103380219
https://openalex.org/W2114456019
https://openalex.org/W2120152511
https://openalex.org/W2127918736
https://openalex.org/W2149022207
https://openalex.org/W2149813085
https://openalex.org/W2155204718
https://openalex.org/W2173998274
https://openalex.org/W2259794719
https://openalex.org/W2277881506
https://openalex.org/W2278245068
https://openalex.org/W2299796911
https://openalex.org/W2314870899
https://openalex.org/W2398301012
https://openalex.org/W2413212206
https://openalex.org/W2555457693
https://openalex.org/W2556104208
https://openalex.org/W2782945054
https://openalex.org/W2810284239
https://openalex.org/W2902972510
https://openalex.org/W2905451606
https://openalex.org/W2911832600
https://openalex.org/W2912123654
https://openalex.org/W2914521315
https://openalex.org/W2938969619
https://openalex.org/W2940637972
https://openalex.org/W2950102342
https://openalex.org/W2952464670
https://openalex.org/W2953991659
https://openalex.org/W2966766618
https://openalex.org/W2969468596
https://openalex.org/W2978195092
https://openalex.org/W2978860255
https://openalex.org/W3006125158
https://openalex.org/W3006306114
https://openalex.org/W3007832012
https://openalex.org/W3007841994
https://openalex.org/W3032840153
https://openalex.org/W3033870227
https://openalex.org/W3035137562
https://openalex.org/W3112812065
https://openalex.org/W3119027737
https://openalex.org/W3129734862
https://openalex.org/W3135831000
https://openalex.org/W3185792181
https://openalex.org/W3203994211
https://openalex.org/W3210048455
https://openalex.org/W3210646566
https://openalex.org/W3212269267
https://openalex.org/W3212321963
https://openalex.org/W4206330073
https://openalex.org/W4213316712
https://openalex.org/W4214655839
https://openalex.org/W4220728018
https://openalex.org/W4226064393
https://openalex.org/W4678590
https://openalex.org/W1130605372
https://openalex.org/W1486180443
https://openalex.org/W1505277495
https://openalex.org/W1518676066
https://openalex.org/W1830699205
https://openalex.org/W1967529864
https://openalex.org/W1970610487
https://openalex.org/W1976675679
https://openalex.org/W1986213537
https://openalex.org/W1990073743
https://openalex.org/W1991168371
https://openalex.org/W1991492799
https://openalex.org/W1997902062
https://openalex.org/W2000517229
https://openalex.org/W2011995815
https://openalex.org/W2012375480
https://openalex.org/W2014583701
https://openalex.org/W2017729968
https://openalex.org/W2025382196
https://openalex.org/W2025760587
https://openalex.org/W2026399631
https://openalex.org/W2032735561
https://openalex.org/W2040454460
https://openalex.org/W2045601956
https://openalex.org/W2049822183
https://openalex.org/W2050072174
https://openalex.org/W2058822162
https://openalex.org/W2059558674
https://openalex.org/W2079235941
https://openalex.org/W2079597807
https://openalex.org/W2081574483
https://openalex.org/W2092815424
https://openalex.org/W2094062692
https://openalex.org/W2116081151
https://openalex.org/W2118385350
https://openalex.org/W2128497705
https://openalex.org/W2130910848
https://openalex.org/W2150337951
https://openalex.org/W2154820725
https://openalex.org/W2163037873
https://openalex.org/W2166362438
https://openalex.org/W2187134819
https://openalex.org/W2193577415
https://openalex.org/W2226638314
https://openalex.org/W2316521435
https://openalex.org/W2399506156
https://openalex.org/W2403377139
https://openalex.org/W2419325092
https://openalex.org/W2504760519
https://openalex.org/W2511606440
https://openalex.org/W2542125054
https://openalex.org/W2549953365
https://openalex.org/W2588808044
https://openalex.org/W2616035225
https://openalex.org/W2765107791
https://openalex.org/W2775267820
https://openalex.org/W2788931830
https://openalex.org/W2817099943
https://openalex.org/W2884284255
https://openalex.org/W2892954494
https://openalex.org/W2901296165
https://openalex.org/W2913233853
https://openalex.org/W2945330464
https://openalex.org/W2966578387
https://openalex.org/W2966718817
https://openalex.org/W2972362893
https://openalex.org/W2973818579
https://openalex.org/W3003891252
https://openalex.org/W3009639735
https://openalex.org/W3024323413
https://openalex.org/W3092885519
https://openalex.org/W3095179954
https://openalex.org/W3111183918
https://openalex.org/W3111563555
https://openalex.org/W3126700159
https://openalex.org/W3131336574
https://openalex.org/W3139335634
https://openalex.org/W3146375919
https://openalex.org/W3149717552
https://openalex.org/W3152491242
https://openalex.org/W3161186299
https://openalex.org/W3165179644
https://openalex.org/W3165290204
https://openalex.org/W3168076653
https://openalex.org/W3195417419
https://openalex.org/W3206044607
https://openalex.org/W3211534475
https://openalex.org/W3216207325
https://openalex.org/W32886049
https://openalex.org/W4214571850
https://openalex.org/W4286664760
https://openalex.org/W4292057184
https://openalex.org/W51700853
https://openalex.org/W55264697
https://openalex.org/W1481463676
https://openalex.org/W1512751546
https://openalex.org/W1536256562
https://openalex.org/W1603994315
https://openalex.org/W1797443946
https://openalex.org/W1929576775
https://openalex.org/W1967363148
https://openalex.org/W1971979825
https://openalex.org/W1977690685
https://openalex.org/W1984570861
https://openalex.org/W1998108318
https://openalex.org/W1998980056
https://openalex.org/W2003547388
https://openalex.org/W2008510203
https://openalex.org/W2017874457
https://openalex.org/W2024593065
https://openalex.org/W2033571249
https://openalex.org/W2045142743
https://openalex.org/W2046707351
https://openalex.org/W2059335982
https://openalex.org/W2059391905
https://openalex.org/W2066070659
https://openalex.org/W2070947918
https://openalex.org/W2083361774
https://openalex.org/W2084341622
https://openalex.org/W2107316687
https://openalex.org/W2125376116
https://openalex.org/W2142187719
https://openalex.org/W2146954434
https://openalex.org/W2183852318
https://openalex.org/W2282585885
https://openalex.org/W2342425527
https://openalex.org/W2342547172
https://openalex.org/W2514666177
https://openalex.org/W2533804100
https://openalex.org/W2560245790
https://openalex.org/W2604918745
https://openalex.org/W2616003955
https://openalex.org/W2728704049
https://openalex.org/W2736972853
https://openalex.org/W2740417299
https://openalex.org/W2777705200
https://openalex.org/W2785441966
https://openalex.org/W2790395710
https://openalex.org/W2791001222
https://openalex.org/W2797560774
https://openalex.org/W2801531857
https://openalex.org/W2803347414
https://openalex.org/W2890500293
https://openalex.org/W2892230731
https://openalex.org/W2898384385
https://openalex.org/W2902592974
https://openalex.org/W2913882285
https://openalex.org/W2914405711
https://openalex.org/W2917935330
https://openalex.org/W2943545858
https://openalex.org/W2954356998
https://openalex.org/W2963197079
https://openalex.org/W2967712160
https://openalex.org/W2970815168
https://openalex.org/W2987059351
https://openalex.org/W2990339493
https://openalex.org/W2991791655
https://openalex.org/W2991857797
https://openalex.org/W2998165295
https://openalex.org/W2999049410
https://openalex.org/W3006390899
https://openalex.org/W3011503342
https://openalex.org/W3011723838
https://openalex.org/W3030442916
https://openalex.org/W3033420972
https://openalex.org/W3036659108
https://openalex.org/W3045618273
https://openalex.org/W3080821527
https://openalex.org/W3081006750
https://openalex.org/W3083798983
https://openalex.org/W3085001267
https://openalex.org/W3087529737
https://openalex.org/W3091484246
https://openalex.org/W3093739361
https://openalex.org/W3106213488
https://openalex.org/W3111955241
https://openalex.org/W3125992269
https://openalex.org/W3126053443
https://openalex.org/W3165538547
https://openalex.org/W3197359518
https://openalex.org/W3197821853
https://openalex.org/W4200246684
https://openalex.org/W4200412805
https://openalex.org/W4210482672
https://openalex.org/W4214822248
https://openalex.org/W4224274594
https://openalex.org/W4226025985
https://openalex.org/W4231132288
https://openalex.org/W4231639804
https://openalex.org/W4252084425
https://openalex.org/W4281485153
https://openalex.org/W4305015917
https://openalex.org/W972298801
https://openalex.org/W102873864
https://openalex.org/W1574710478
https://openalex.org/W1673933864
https://openalex.org/W1932625710
https://openalex.org/W1970166126
https://openalex.org/W1974070427
https://openalex.org/W1978109284
https://openalex.org/W1979257428
https://openalex.org/W1983173143
https://openalex.org/W1986446559
https://openalex.org/W1986559926
https://openalex.org/W1990331837
https://openalex.org/W1993703710
https://openalex.org/W2003799839
https://openalex.org/W2010417339
https://openalex.org/W2012719084
https://openalex.org/W2015862564
https://openalex.org/W2018097631
https://openalex.org/W2019318180
https://openalex.org/W2026054211
https://openalex.org/W2030148103
https://openalex.org/W2038281746
https://openalex.org/W2042147326
https://openalex.org/W2050667091
https://openalex.org/W2050845133
https://openalex.org/W2053749985
https://openalex.org/W2054968689
https://openalex.org/W2056530182
https://openalex.org/W2057148635
https://openalex.org/W2057523230
https://openalex.org/W2066234159
https://openalex.org/W2073918860
https://openalex.org/W2083907557
https://openalex.org/W2088685897
https://openalex.org/W2091962816
https://openalex.org/W2098552582
https://openalex.org/W2098722203
https://openalex.org/W2100545597
https://openalex.org/W2103660496
https://openalex.org/W2112117810
https://openalex.org/W2117145733
https://openalex.org/W2128474108
https://openalex.org/W2144604006
https://openalex.org/W2159237264
https://openalex.org/W2168940219
https://openalex.org/W2270413144
https://openalex.org/W2321531161
https://openalex.org/W2326337652
https://openalex.org/W2328034153
https://openalex.org/W2331786156
https://openalex.org/W2406266389
https://openalex.org/W2472506550
https://openalex.org/W2484928115
https://openalex.org/W2511000984
https://openalex.org/W2525466281
https://openalex.org/W2558931506
https://openalex.org/W2571095927
https://openalex.org/W2586350567
https://openalex.org/W2603493683
https://openalex.org/W2626779645
https://openalex.org/W2735156420
https://openalex.org/W2735799042
https://openalex.org/W2738531140
https://openalex.org/W2746591726
https://openalex.org/W2765228422
https://openalex.org/W2783277600
https://openalex.org/W2786916824
https://openalex.org/W2791053897
https://openalex.org/W2792435735
https://openalex.org/W2901286625
https://openalex.org/W2916524231
https://openalex.org/W2939590235
https://openalex.org/W2941631195
https://openalex.org/W2943130366
https://openalex.org/W2982528360
https://openalex.org/W2988589509
https://openalex.org/W2997661293
https://openalex.org/W2998067850
https://openalex.org/W3002483820
https://openalex.org/W3003539965
https://openalex.org/W3005641170
https://openalex.org/W3014181716
https://openalex.org/W3036312863
https://openalex.org/W3037668563
https://openalex.org/W3039741097
https://openalex.org/W3044766514
https://openalex.org/W3045318547
https://openalex.org/W3049262015
https://openalex.org/W3083649945
https://openalex.org/W3083790252
https://openalex.org/W3086563955
https://openalex.org/W3090205990
https://openalex.org/W3111157828
https://openalex.org/W3119248403
https://openalex.org/W3124074144
https://openalex.org/W3139713292
https://openalex.org/W3153545921
https://openalex.org/W3183222741
https://openalex.org/W3186964717
https://openalex.org/W3188064871
https://openalex.org/W3189487718
https://openalex.org/W3201971479
https://openalex.org/W3206982025
https://openalex.org/W3210822434
https://openalex.org/W3211683010
https://openalex.org/W337990126
https://openalex.org/W4200390820
https://openalex.org/W4213353565
https://openalex.org/W4213429578
https://openalex.org/W4221121073
https://openalex.org/W4236087776
https://openalex.org/W4281686672
https://openalex.org/W4313530810
https://openalex.org/W124664482
https://openalex.org/W14146418
https://openalex.org/W150432232
https://openalex.org/W1597255545
https://openalex.org/W1810663744
https://openalex.org/W1824120145
https://openalex.org/W1897696529
https://openalex.org/W1907856289
https://openalex.org/W1909628964
https://openalex.org/W194899566
https://openalex.org/W1964061904
https://openalex.org/W1964222646
https://openalex.org/W1970832394
https://openalex.org/W1972093920
https://openalex.org/W197465220
https://openalex.org/W1989290817
https://openalex.org/W1992265186
https://openalex.org/W1995080940
https://openalex.org/W1997301648
https://openalex.org/W2007147557
https://openalex.org/W2011209833
https://openalex.org/W2011618705
https://openalex.org/W2012634759
https://openalex.org/W2013083264
https://openalex.org/W2026140094
https://openalex.org/W2029250100
https://openalex.org/W2032408243
https://openalex.org/W2041078149
https://openalex.org/W2046203758
https://openalex.org/W2056278840
https://openalex.org/W2085830492
https://openalex.org/W2086757941
https://openalex.org/W2090626338
https://openalex.org/W2090675410
https://openalex.org/W2092673295
https://openalex.org/W2093067042
https://openalex.org/W2095800170
https://openalex.org/W2122447218
https://openalex.org/W2143580203
https://openalex.org/W2146104454
https://openalex.org/W2174292339
https://openalex.org/W2178636012
https://openalex.org/W2181275744
https://openalex.org/W2187983830
https://openalex.org/W2236618872
https://openalex.org/W2246402456
https://openalex.org/W2345985512
https://openalex.org/W2401363988
https://openalex.org/W2410381469
https://openalex.org/W2412104481
https://openalex.org/W2436678414
https://openalex.org/W2472906357
https://openalex.org/W2481790277
https://openalex.org/W2510547711
https://openalex.org/W2557934357
https://openalex.org/W2561471920
https://openalex.org/W2569055101
https://openalex.org/W2592759420
https://openalex.org/W2604949071
https://openalex.org/W261248884
https://openalex.org/W2731113643
https://openalex.org/W2735279957
https://openalex.org/W2741350425
https://openalex.org/W2744581606
https://openalex.org/W2765414006
https://openalex.org/W2773653835
https://openalex.org/W2781439542
https://openalex.org/W2793052556
https://openalex.org/W2889813463
https://openalex.org/W2893371210
https://openalex.org/W2898718965
https://openalex.org/W2901643675
https://openalex.org/W2903294962
https://openalex.org/W2904164222
https://openalex.org/W2910708639
https://openalex.org/W2919967909
https://openalex.org/W2923069868
https://openalex.org/W2948433504
https://openalex.org/W2973131658
https://openalex.org/W2991882385
https://openalex.org/W2997658791
https://openalex.org/W2999127638
https://openalex.org/W3001787918
https://openalex.org/W300390128
https://openalex.org/W3006861819
https://openalex.org/W3022543477
https://openalex.org/W3030917446
https://openalex.org/W3036108619
https://openalex.org/W3036152427
https://openalex.org/W3089923018
https://openalex.org/W3092253848
https://openalex.org/W3094385503
https://openalex.org/W3114387541
https://openalex.org/W3117502464
https://openalex.org/W3122090464
https://openalex.org/W3124729050
https://openalex.org/W3128240192
https://openalex.org/W3148125895
https://openalex.org/W3172050760
https://openalex.org/W3172094211
https://openalex.org/W3186802910
https://openalex.org/W3200518395
https://openalex.org/W3205414745
https://openalex.org/W3205583989
https://openalex.org/W3210394105
https://openalex.org/W3215076762
https://openalex.org/W3217809922
https://openalex.org/W4200439782
https://openalex.org/W4206931164
https://openalex.org/W4210712534
https://openalex.org/W4211115911
https://openalex.org/W4221023680
https://openalex.org/W4224213186
https://openalex.org/W4224245461
https://openalex.org/W4239016982
https://openalex.org/W4239839304
https://openalex.org/W4280525252
https://openalex.org/W4280591164
https://openalex.org/W4280648986
https://openalex.org/W4283588867
https://openalex.org/W4283712836
https://openalex.org/W4285268529
https://openalex.org/W4289948355
https://openalex.org/W4304092555
https://openalex.org/W4308053027
https://openalex.org/W4367320683
https://openalex.org/W73332463
https://openalex.org/W750271652
https://openalex.org/W130529780
https://openalex.org/W134200798
https://openalex.org/W1452864394
https://openalex.org/W1530309418
https://openalex.org/W1554267353
https://openalex.org/W157937394
https://openalex.org/W170322245
https://openalex.org/W1840783921
https://openalex.org/W184469562
https://openalex.org/W1882952600
https://openalex.org/W188970370
https://openalex.org/W1974551578
https://openalex.org/W1977819555
https://openalex.org/W1979410095
https://openalex.org/W1986484500
https://openalex.org/W1993147173
https://openalex.org/W1993707113
https://openalex.org/W1998721766
https://openalex.org/W2004402600
https://openalex.org/W2006251190
https://openalex.org/W2010298426
https://openalex.org/W2014891845
https://openalex.org/W2020952537
https://openalex.org/W2030148732
https://openalex.org/W2031972639
https://openalex.org/W2044623970
https://openalex.org/W2045365005
https://openalex.org/W2049038497
https://openalex.org/W2050672401
https://openalex.org/W2053129311
https://openalex.org/W2053476733
https://openalex.org/W2056131977
https://openalex.org/W2056884480
https://openalex.org/W2058548126
https://openalex.org/W2061174714
https://openalex.org/W2063043678
https://openalex.org/W2063272242
https://openalex.org/W2065897688
https://openalex.org/W2087195406
https://openalex.org/W2089159155
https://openalex.org/W2098107423
https://openalex.org/W2099224460
https://openalex.org/W2112806516
https://openalex.org/W2114961234
https://openalex.org/W2122664429
https://openalex.org/W2125403794
https://openalex.org/W2128537239
https://openalex.org/W2131097301
https://openalex.org/W2146103596
https://openalex.org/W2155797574
https://openalex.org/W2156011854
https://openalex.org/W2169252642
https://openalex.org/W2181111068
https://openalex.org/W2186811973
https://openalex.org/W2195751386
https://openalex.org/W2253288953
https://openalex.org/W2264172449
https://openalex.org/W2277845979
https://openalex.org/W2281177932
https://openalex.org/W2292367107
https://openalex.org/W2319919085
https://openalex.org/W2328734697
https://openalex.org/W2354870531
https://openalex.org/W2400910111
https://openalex.org/W2405377069
https://openalex.org/W2409226071
https://openalex.org/W2410026346
https://openalex.org/W2415489598
https://openalex.org/W2469715043
https://openalex.org/W2475341445
https://openalex.org/W2566549490
https://openalex.org/W2583331757
https://openalex.org/W2590252569
https://openalex.org/W2601142304
https://openalex.org/W2601436811
https://openalex.org/W2760664994
https://openalex.org/W2766015227
https://openalex.org/W2766675147
https://openalex.org/W2773749769
https://openalex.org/W2788426042
https://openalex.org/W2790965864
https://openalex.org/W2799771364
https://openalex.org/W2806809999
https://openalex.org/W2898533943
https://openalex.org/W2898792148
https://openalex.org/W2900572317
https://openalex.org/W2920825113
https://openalex.org/W2943317445
https://openalex.org/W2946101836
https://openalex.org/W2952236178
https://openalex.org/W2952412688
https://openalex.org/W2953504013
https://openalex.org/W2955644516
https://openalex.org/W2968812939
https://openalex.org/W2972223518
https://openalex.org/W2987834361
https://openalex.org/W2994015718
https://openalex.org/W3000570173
https://openalex.org/W3004059365
https://openalex.org/W3004441836
https://openalex.org/W3010835422
https://openalex.org/W3011542174
https://openalex.org/W3013193345
https://openalex.org/W3017900088
https://openalex.org/W3021037512
https://openalex.org/W3036844671
https://openalex.org/W3038049581
https://openalex.org/W3039178237
https://openalex.org/W3041631628
https://openalex.org/W3047342947
https://openalex.org/W3087602904
https://openalex.org/W3096153676
https://openalex.org/W3097118130
https://openalex.org/W3097570717
https://openalex.org/W3101375476
https://openalex.org/W3107659393
https://openalex.org/W3111057084
https://openalex.org/W3113026834
https://openalex.org/W3125155750
https://openalex.org/W3126533776
https://openalex.org/W3126984238
https://openalex.org/W3138491555
https://openalex.org/W3146512515
https://openalex.org/W3158202302
https://openalex.org/W3158989980
https://openalex.org/W3161331700
https://openalex.org/W3170578743
https://openalex.org/W3171245287
https://openalex.org/W3176366999
https://openalex.org/W3183523584
https://openalex.org/W3201408774
https://openalex.org/W3209858136
https://openalex.org/W3212549234
https://openalex.org/W3214812914
https://openalex.org/W4200079700
https://openalex.org/W4200474402
https://openalex.org/W4221043166
https://openalex.org/W4239380630
https://openalex.org/W4251438905
https://openalex.org/W4251877293
https://openalex.org/W4254682064
https://openalex.org/W4254841706
https://openalex.org/W4282943822
https://openalex.org/W4283585689
https://openalex.org/W4283587447
https://openalex.org/W4283641511
https://openalex.org/W4284890910
https://openalex.org/W4288802225
https://openalex.org/W4289840936
https://openalex.org/W4293775622
https://openalex.org/W4293872260
https://openalex.org/W4296125748
https://openalex.org/W4310676769
https://openalex.org/W4313250568
https://openalex.org/W4313857673
https://openalex.org/W4360830340
https://openalex.org/W4372332843
https://openalex.org/W4376114063
https://openalex.org/W69605744
https://openalex.org/W89456111
https://openalex.org/W90946604
https://openalex.org/W1506357116
https://openalex.org/W1538424808
https://openalex.org/W1541286529
https://openalex.org/W1563534449
https://openalex.org/W160360141
https://openalex.org/W1892993275
https://openalex.org/W194112754
https://openalex.org/W1945881151
https://openalex.org/W1968267951
https://openalex.org/W1970085929
https://openalex.org/W1973305608
https://openalex.org/W1975276116
https://openalex.org/W1984840557
https://openalex.org/W1985531498
https://openalex.org/W1986959946
https://openalex.org/W1991844143
https://openalex.org/W1998542827
https://openalex.org/W2000476574
https://openalex.org/W2000656631
https://openalex.org/W2001144574
https://openalex.org/W2003136331
https://openalex.org/W2011517924
https://openalex.org/W2013621894
https://openalex.org/W2020508810
https://openalex.org/W2024743764
https://openalex.org/W2028931603
https://openalex.org/W2031647705
https://openalex.org/W2049906656
https://openalex.org/W2056012575
https://openalex.org/W2056148459
https://openalex.org/W2056430593
https://openalex.org/W2056759581
https://openalex.org/W2056921931
https://openalex.org/W2057898418
https://openalex.org/W2058803526
https://openalex.org/W2062198022
https://openalex.org/W2065490259
https://openalex.org/W2066720664
https://openalex.org/W2071288894
https://openalex.org/W2073546047
https://openalex.org/W2074120649
https://openalex.org/W2078990403
https://openalex.org/W2081850601
https://openalex.org/W2082773002
https://openalex.org/W2084271927
https://openalex.org/W2090630302
https://openalex.org/W2093518401
https://openalex.org/W2096881484
https://openalex.org/W2097971134
https://openalex.org/W2108007106
https://openalex.org/W2110776727
https://openalex.org/W211214408
https://openalex.org/W2125121095
https://openalex.org/W2132130573
https://openalex.org/W2145539688
https://openalex.org/W2158177209
https://openalex.org/W2158440861
https://openalex.org/W2162277224
https://openalex.org/W2177849558
https://openalex.org/W2181732918
https://openalex.org/W2187301646
https://openalex.org/W2202682906
https://openalex.org/W2230085589
https://openalex.org/W2233598552
https://openalex.org/W2244378333
https://openalex.org/W2258711515
https://openalex.org/W2262199557
https://openalex.org/W2315166695
https://openalex.org/W2319555100
https://openalex.org/W2329560786
https://openalex.org/W2403271368
https://openalex.org/W2404108595
https://openalex.org/W2409352129
https://openalex.org/W2412840896
https://openalex.org/W2418770945
https://openalex.org/W2424701222
https://openalex.org/W2486132229
https://openalex.org/W2492194405
https://openalex.org/W2549622127
https://openalex.org/W2551859951
https://openalex.org/W2559334997
https://openalex.org/W2576881729
https://openalex.org/W2591759227
https://openalex.org/W2592497758
https://openalex.org/W2597051652
https://openalex.org/W2597905907
https://openalex.org/W2598085826
https://openalex.org/W2605244102
https://openalex.org/W2605382685
https://openalex.org/W2608467350
https://openalex.org/W2608561428
https://openalex.org/W2612737796
https://openalex.org/W2726406514
https://openalex.org/W2738074472
https://openalex.org/W2745695460
https://openalex.org/W2747646971
https://openalex.org/W2762155982
https://openalex.org/W2765313748
https://openalex.org/W2766094225
https://openalex.org/W2766106939
https://openalex.org/W2766576308
https://openalex.org/W2769464991
https://openalex.org/W2769501108
https://openalex.org/W2769567839
https://openalex.org/W2774515985
https://openalex.org/W2781495567
https://openalex.org/W2784669695
https://openalex.org/W2791848631
https://openalex.org/W2802586111
https://openalex.org/W2808091031
https://openalex.org/W2890914161
https://openalex.org/W2892679775
https://openalex.org/W2894942312
https://openalex.org/W2896465708
https://openalex.org/W2900506879
https://openalex.org/W2901820172
https://openalex.org/W2902743745
https://openalex.org/W2908931124
https://openalex.org/W2909223582
https://openalex.org/W2913171975
https://openalex.org/W2914108838
https://openalex.org/W2921575872
https://openalex.org/W2929072034
https://openalex.org/W2948564825
https://openalex.org/W2960615710
https://openalex.org/W2996063062
https://openalex.org/W3000585037
https://openalex.org/W3002394081
https://openalex.org/W3011455787
https://openalex.org/W3020005570
https://openalex.org/W3022076372
https://openalex.org/W3036925493
https://openalex.org/W3037805029
https://openalex.org/W3040954949
https://openalex.org/W3084038826
https://openalex.org/W3092377432
https://openalex.org/W3094367189
https://openalex.org/W3100044689
https://openalex.org/W3101408474
https://openalex.org/W3118018376
https://openalex.org/W3118066196
https://openalex.org/W312152233
https://openalex.org/W3123494833
https://openalex.org/W3130780416
https://openalex.org/W3154428158
https://openalex.org/W3155194437
https://openalex.org/W3159367630
https://openalex.org/W3160188365
https://openalex.org/W3161844792
https://openalex.org/W3174135327
https://openalex.org/W3182506571
https://openalex.org/W3183723440
https://openalex.org/W3185311866
https://openalex.org/W3189485457
https://openalex.org/W3194461566
https://openalex.org/W3197285059
https://openalex.org/W3197663062
https://openalex.org/W3200244228
https://openalex.org/W3209621501
https://openalex.org/W3211693933
https://openalex.org/W3215517185
https://openalex.org/W4200236337
https://openalex.org/W4200462894
https://openalex.org/W4205958798
https://openalex.org/W4210949878
https://openalex.org/W4211245413
https://openalex.org/W4213437868
https://openalex.org/W4214847695
https://openalex.org/W4220746208
https://openalex.org/W4221120102
https://openalex.org/W4223499933
https://openalex.org/W4225566808
https://openalex.org/W4238492747
https://openalex.org/W4240235365
https://openalex.org/W4243332649
https://openalex.org/W4246807849
https://openalex.org/W4247548111
https://openalex.org/W4250322862
https://openalex.org/W4253071212
https://openalex.org/W4282927883
https://openalex.org/W4285101866
https://openalex.org/W4285161326
https://openalex.org/W4285274857
https://openalex.org/W4285300672
https://openalex.org/W4285605766
https://openalex.org/W4289341889
https://openalex.org/W4289837664
https://openalex.org/W4294542659
https://openalex.org/W4294934853
https://openalex.org/W4297543281
https://openalex.org/W4300688804
https://openalex.org/W4307977393
https://openalex.org/W4308969676
https://openalex.org/W4318269774
https://openalex.org/W4323520330
https://openalex.org/W4324018642
https://openalex.org/W4378953183
https://openalex.org/W636435331
https://openalex.org/W653113383
https://openalex.org/W828851184
https://openalex.org/W87844611
https://openalex.org/W94274217
https://openalex.org/W101577608
https://openalex.org/W102026461
https://openalex.org/W120349544
https://openalex.org/W121675388
https://openalex.org/W1252117814
https://openalex.org/W1486202122
https://openalex.org/W1487722683
https://openalex.org/W1511231082
https://openalex.org/W1533457553
https://openalex.org/W1534835646
https://openalex.org/W1539143860
https://openalex.org/W1561708551
https://openalex.org/W1568721544
https://openalex.org/W1577445049
https://openalex.org/W1587835419
https://openalex.org/W1600301250
https://openalex.org/W1670131845
https://openalex.org/W1920943551
https://openalex.org/W1926534739
https://openalex.org/W1965535952
https://openalex.org/W1965767675
https://openalex.org/W1965923856
https://openalex.org/W1970191316
https://openalex.org/W1971823080
https://openalex.org/W1977546811
https://openalex.org/W1987857534
https://openalex.org/W1987914194
https://openalex.org/W1989566330
https://openalex.org/W1993035437
https://openalex.org/W20073669
https://openalex.org/W2007785122
https://openalex.org/W2016058317
https://openalex.org/W2016245191
https://openalex.org/W2022547194
https://openalex.org/W2023434628
https://openalex.org/W2027126902
https://openalex.org/W2034427890
https://openalex.org/W2036273878
https://openalex.org/W2038940579
https://openalex.org/W2040638836
https://openalex.org/W2046857511
https://openalex.org/W2051438479
https://openalex.org/W2062927224
https://openalex.org/W2079441355
https://openalex.org/W2082244227
https://openalex.org/W2083936894
https://openalex.org/W2085586299
https://openalex.org/W2086826656
https://openalex.org/W2091882211
https://openalex.org/W2092330447
https://openalex.org/W2103952716
https://openalex.org/W2135684466
https://openalex.org/W2150812237
https://openalex.org/W2161358732
https://openalex.org/W2161451334
https://openalex.org/W2163855023
https://openalex.org/W2170924562
https://openalex.org/W2253509726
https://openalex.org/W2259253041
https://openalex.org/W2259303078
https://openalex.org/W2313183429
https://openalex.org/W2321735011
https://openalex.org/W2326456195
https://openalex.org/W2330969997
https://openalex.org/W2333437432
https://openalex.org/W2337846831
https://openalex.org/W2346827510
https://openalex.org/W2348850129
https://openalex.org/W2396772846
https://openalex.org/W2397686273
https://openalex.org/W2399965542
https://openalex.org/W2408759322
https://openalex.org/W2409355750
https://openalex.org/W2409578567
https://openalex.org/W2410186816
https://openalex.org/W2411038453
https://openalex.org/W2414144969
https://openalex.org/W2415319718
https://openalex.org/W2415912771
https://openalex.org/W2418293531
https://openalex.org/W2418433250
https://openalex.org/W2434538579
https://openalex.org/W2441181605
https://openalex.org/W2463324659
https://openalex.org/W2466780557
https://openalex.org/W2467778940
https://openalex.org/W2469765411
https://openalex.org/W2481572851
https://openalex.org/W2505484048
https://openalex.org/W2511623234
https://openalex.org/W2539803410
https://openalex.org/W2541844538
https://openalex.org/W2549418705
https://openalex.org/W2549761087
https://openalex.org/W2552021882
https://openalex.org/W2554956721
https://openalex.org/W2557830244
https://openalex.org/W2558697249
https://openalex.org/W2558730892
https://openalex.org/W2564118937
https://openalex.org/W2567570737
https://openalex.org/W2569193990
https://openalex.org/W2570712227
https://openalex.org/W2578882768
https://openalex.org/W2581389636
https://openalex.org/W2591796006
https://openalex.org/W2598013515
https://openalex.org/W2604994533
https://openalex.org/W2616146724
https://openalex.org/W2698752620
https://openalex.org/W2732362865
https://openalex.org/W2734341846
https://openalex.org/W2735828465
https://openalex.org/W2742560421
https://openalex.org/W2743515774
https://openalex.org/W2757559831
https://openalex.org/W2766538144
https://openalex.org/W2770986970
https://openalex.org/W2774242334
https://openalex.org/W2775867481
https://openalex.org/W2793903818
https://openalex.org/W2794364914
https://openalex.org/W2800071078
https://openalex.org/W2802228063
https://openalex.org/W2803266441
https://openalex.org/W2806258051
https://openalex.org/W2807806826
https://openalex.org/W2808932657
https://openalex.org/W2884655110
https://openalex.org/W2884833417
https://openalex.org/W2887935784
https://openalex.org/W2887970785
https://openalex.org/W2902047975
https://openalex.org/W2903013229
https://openalex.org/W2903393431
https://openalex.org/W2907864989
https://openalex.org/W2914993027
https://openalex.org/W2955915680
https://openalex.org/W2956521035
https://openalex.org/W2965394911
https://openalex.org/W2971188094
https://openalex.org/W2971888008
https://openalex.org/W2974731134
https://openalex.org/W2986455786
https://openalex.org/W2992616812
https://openalex.org/W2994814709
https://openalex.org/W2994954601
https://openalex.org/W2995027572
https://openalex.org/W2997386643
https://openalex.org/W2998172233
https://openalex.org/W3000627536
https://openalex.org/W3003323542
https://openalex.org/W3007800200
https://openalex.org/W3011722650
https://openalex.org/W3012384051
https://openalex.org/W3034671173
https://openalex.org/W3036040701
https://openalex.org/W3038995952
https://openalex.org/W3043447506
https://openalex.org/W3046728958
https://openalex.org/W3046986017
https://openalex.org/W3047075366
https://openalex.org/W3049394545
https://openalex.org/W3080637442
https://openalex.org/W3083879855
https://openalex.org/W3084195945
https://openalex.org/W3088314740
https://openalex.org/W3090124823
https://openalex.org/W3092489041
https://openalex.org/W3092905042
https://openalex.org/W3111415518
https://openalex.org/W3114858688
https://openalex.org/W3117363589
https://openalex.org/W3119292221
https://openalex.org/W3121570367
https://openalex.org/W3126404886
https://openalex.org/W3127174784
https://openalex.org/W3129592104
https://openalex.org/W3131664118
https://openalex.org/W3133774408
https://openalex.org/W3134273493
https://openalex.org/W3134359144
https://openalex.org/W3137000123
https://openalex.org/W3137730219
https://openalex.org/W3153465550
https://openalex.org/W3157495313
https://openalex.org/W3157641237
https://openalex.org/W3163677422
https://openalex.org/W3168268685
https://openalex.org/W3175977515
https://openalex.org/W3177783639
https://openalex.org/W3180061196
https://openalex.org/W3185453871
https://openalex.org/W3186009334
https://openalex.org/W3193041420
https://openalex.org/W3193701687
https://openalex.org/W3197410161
https://openalex.org/W3198029449
https://openalex.org/W3198588847
https://openalex.org/W3201723574
https://openalex.org/W3201998852
https://openalex.org/W3202843264
https://openalex.org/W3206541393
https://openalex.org/W3210605476
https://openalex.org/W3213275467
https://openalex.org/W321526625
https://openalex.org/W336462414
https://openalex.org/W363676349
https://openalex.org/W4200077827
https://openalex.org/W4200182037
https://openalex.org/W4200207300
https://openalex.org/W4206224465
https://openalex.org/W4206424342
https://openalex.org/W4210261235
https://openalex.org/W4210546720
https://openalex.org/W4210894666
https://openalex.org/W4211019912
https://openalex.org/W4214499291
https://openalex.org/W4214893633
https://openalex.org/W4220771356
https://openalex.org/W4220991582
https://openalex.org/W4224233386
https://openalex.org/W4224259415
https://openalex.org/W4224283905
https://openalex.org/W4225263019
https://openalex.org/W4225401864
https://openalex.org/W4225873744
https://openalex.org/W4226335775
https://openalex.org/W4232036152
https://openalex.org/W4247448711
https://openalex.org/W4248334167
https://openalex.org/W4251406417
https://openalex.org/W4254895934
https://openalex.org/W4280626701
https://openalex.org/W4281622861
https://openalex.org/W4281625749
https://openalex.org/W4281753549
https://openalex.org/W4283767159
https://openalex.org/W4283810520
https://openalex.org/W4285090432
https://openalex.org/W4289519093
https://openalex.org/W4293758700
https://openalex.org/W4294618426
https://openalex.org/W4294798025
https://openalex.org/W4295185284
https://openalex.org/W4297498512
https://openalex.org/W4297518727
https://openalex.org/W4297819155
https://openalex.org/W4300962556
https://openalex.org/W4304890223
https://openalex.org/W4307583502
https://openalex.org/W4308531484
https://openalex.org/W4308695928
https://openalex.org/W4309042666
https://openalex.org/W4310184611
https://openalex.org/W4310206857
https://openalex.org/W4310238113
https://openalex.org/W4311833257
https://openalex.org/W4318932246
https://openalex.org/W4319655993
https://openalex.org/W4323322318
https://openalex.org/W4324366083
https://openalex.org/W4365788141
https://openalex.org/W4365788221
https://openalex.org/W4365788260
https://openalex.org/W4365788269
https://openalex.org/W4365788278
https://openalex.org/W4365788341
https://openalex.org/W4365788350
https://openalex.org/W4365788464
https://openalex.org/W4365788520
https://openalex.org/W50601775
https://openalex.org/W68586224
https://openalex.org/W849332852
https://openalex.org/W855579326
https://openalex.org/W1158577047
https://openalex.org/W134768138
https://openalex.org/W1427392651
https://openalex.org/W1490236928
https://openalex.org/W1493956387
https://openalex.org/W1495761849
https://openalex.org/W1496995069
https://openalex.org/W149708070
https://openalex.org/W1501843302
https://openalex.org/W1504409981
https://openalex.org/W1515352800
https://openalex.org/W1521918279
https://openalex.org/W1551031043
https://openalex.org/W15580650
https://openalex.org/W1593209792
https://openalex.org/W1599569424
https://openalex.org/W1688857231
https://openalex.org/W1779336310
https://openalex.org/W1837274852
https://openalex.org/W1926208733
https://openalex.org/W1932646385
https://openalex.org/W1945822445
https://openalex.org/W1967858476
https://openalex.org/W1968172892
https://openalex.org/W1969125005
https://openalex.org/W1969617574
https://openalex.org/W1969778374
https://openalex.org/W1969827514
https://openalex.org/W1971225839
https://openalex.org/W1971273019
https://openalex.org/W1978969234
https://openalex.org/W1979285532
https://openalex.org/W1979440987
https://openalex.org/W1981734204
https://openalex.org/W1985255282
https://openalex.org/W1985869608
https://openalex.org/W1987913771
https://openalex.org/W1990882611
https://openalex.org/W1991145469
https://openalex.org/W1991701994
https://openalex.org/W1992764323
https://openalex.org/W1999225472
https://openalex.org/W1999696648
https://openalex.org/W2000055944
https://openalex.org/W2016136637
https://openalex.org/W2020321208
https://openalex.org/W2020651668
https://openalex.org/W2022036673
https://openalex.org/W2022622030
https://openalex.org/W2024496320
https://openalex.org/W2025293026
https://openalex.org/W2028258775
https://openalex.org/W2032241051
https://openalex.org/W2032659437
https://openalex.org/W2042746467
https://openalex.org/W2043435881
https://openalex.org/W2045892570
https://openalex.org/W2046857858
https://openalex.org/W2047112898
https://openalex.org/W2049964489
https://openalex.org/W2052555364
https://openalex.org/W2056157548
https://openalex.org/W2056211172
https://openalex.org/W2062298020
https://openalex.org/W2067012029
https://openalex.org/W2067662167
https://openalex.org/W2070792291
https://openalex.org/W2071147238
https://openalex.org/W2071243677
https://openalex.org/W2076147637
https://openalex.org/W2078603613
https://openalex.org/W2080366841
https://openalex.org/W2080446554
https://openalex.org/W2090665625
https://openalex.org/W2091539437
https://openalex.org/W2093541764
https://openalex.org/W2096415457
https://openalex.org/W2096784176
https://openalex.org/W2100289020
https://openalex.org/W2111414929
https://openalex.org/W2111583696
https://openalex.org/W2111803423
https://openalex.org/W2114560119
https://openalex.org/W2129604709
https://openalex.org/W2129897395
https://openalex.org/W2134908500
https://openalex.org/W2136911439
https://openalex.org/W2145358404
https://openalex.org/W2150470948
https://openalex.org/W2155777776
https://openalex.org/W2163663188
https://openalex.org/W2168580221
https://openalex.org/W2181800387
https://openalex.org/W2184275068
https://openalex.org/W2184462005
https://openalex.org/W2186862765
https://openalex.org/W2188538033
https://openalex.org/W2208737349
https://openalex.org/W2217748358
https://openalex.org/W2239586759
https://openalex.org/W2247218819
https://openalex.org/W2265020877
https://openalex.org/W2274898420
https://openalex.org/W2275013319
https://openalex.org/W2277108762
https://openalex.org/W2277700316
https://openalex.org/W2279867640
https://openalex.org/W229424603
https://openalex.org/W2295308728
https://openalex.org/W2312504432
https://openalex.org/W2315451828
https://openalex.org/W2324750093
https://openalex.org/W2327710404
https://openalex.org/W2336436999
https://openalex.org/W2337274991
https://openalex.org/W2341513667
https://openalex.org/W2356376548
https://openalex.org/W2367850540
https://openalex.org/W2369262810
https://openalex.org/W2385988186
https://openalex.org/W2397708546
https://openalex.org/W2399667446
https://openalex.org/W2400839635
https://openalex.org/W2402145468
https://openalex.org/W2402886093
https://openalex.org/W2405326896
https://openalex.org/W2408737539
https://openalex.org/W2414972193
https://openalex.org/W2416121045
https://openalex.org/W2416463419
https://openalex.org/W2418123110
https://openalex.org/W2419182596
https://openalex.org/W2426799320
https://openalex.org/W2431913774
https://openalex.org/W2470535490
https://openalex.org/W2472491822
https://openalex.org/W2477534788
https://openalex.org/W2483943191
https://openalex.org/W2489130511
https://openalex.org/W2494241584
https://openalex.org/W2498973381
https://openalex.org/W2505092753
https://openalex.org/W2515855894
https://openalex.org/W2525574721
https://openalex.org/W2527792332
https://openalex.org/W2549422697
https://openalex.org/W2552578210
https://openalex.org/W2555570436
https://openalex.org/W2557687869
https://openalex.org/W2557749866
https://openalex.org/W2561407444
https://openalex.org/W2563349560
https://openalex.org/W2573465072
https://openalex.org/W2576126396
https://openalex.org/W2576984812
https://openalex.org/W2582284419
https://openalex.org/W2590094100
https://openalex.org/W2590178909
https://openalex.org/W2603856681
https://openalex.org/W2610604897
https://openalex.org/W2612961887
https://openalex.org/W2614062522
https://openalex.org/W2619466008
https://openalex.org/W2620903597
https://openalex.org/W2634425617
https://openalex.org/W267488415
https://openalex.org/W2743077228
https://openalex.org/W2747958730
https://openalex.org/W2749710090
https://openalex.org/W2750654928
https://openalex.org/W2752264774
https://openalex.org/W2765152879
https://openalex.org/W2767981225
https://openalex.org/W2768382261
https://openalex.org/W2769006437
https://openalex.org/W2770806653
https://openalex.org/W2771625944
https://openalex.org/W2773759348
https://openalex.org/W2774923363
https://openalex.org/W2775695406
https://openalex.org/W2775915610
https://openalex.org/W2782630413
https://openalex.org/W2782986045
https://openalex.org/W2791774074
https://openalex.org/W2792004910
https://openalex.org/W2793682115
https://openalex.org/W2795789876
https://openalex.org/W2797669738
https://openalex.org/W2800132563
https://openalex.org/W2800779627
https://openalex.org/W2803029767
https://openalex.org/W2806026452
https://openalex.org/W2807299269
https://openalex.org/W2808157243
https://openalex.org/W2809260461
https://openalex.org/W2883373515
https://openalex.org/W2886782012
https://openalex.org/W2887575560
https://openalex.org/W2889597318
https://openalex.org/W2890975719
https://openalex.org/W2891405189
https://openalex.org/W2892846650
https://openalex.org/W2897350283
https://openalex.org/W2901943733
https://openalex.org/W2902131489
https://openalex.org/W2902331463
https://openalex.org/W2903512329
https://openalex.org/W2903802566
https://openalex.org/W2910487663
https://openalex.org/W2911834884
https://openalex.org/W2913163552
https://openalex.org/W2914085414
https://openalex.org/W2921497561
https://openalex.org/W2922371153
https://openalex.org/W2938175767
https://openalex.org/W2939711671
https://openalex.org/W2952889788
https://openalex.org/W2965790122
https://openalex.org/W2968244135
https://openalex.org/W2970589835
https://openalex.org/W2970938917
https://openalex.org/W2971011085
https://openalex.org/W2976630749
https://openalex.org/W2977078152
https://openalex.org/W2977930220
https://openalex.org/W2982725232
https://openalex.org/W2983135806
https://openalex.org/W2984466386
https://openalex.org/W2986475117
https://openalex.org/W2986710911
https://openalex.org/W2989011009
https://openalex.org/W2989375518
https://openalex.org/W2989600513
https://openalex.org/W2990540226
https://openalex.org/W2991020773
https://openalex.org/W2991117878
https://openalex.org/W2996589954
https://openalex.org/W2998476672
https://openalex.org/W2998496267
https://openalex.org/W2999115519
https://openalex.org/W2999278074
https://openalex.org/W3000115911
https://openalex.org/W3002531439
https://openalex.org/W3009079774
https://openalex.org/W3015998298
https://openalex.org/W3016646405
https://openalex.org/W3022385021
https://openalex.org/W3023041357
https://openalex.org/W3023113316
https://openalex.org/W3023581538
https://openalex.org/W3024295915
https://openalex.org/W3033160876
https://openalex.org/W3033175775
https://openalex.org/W3033793470
https://openalex.org/W3034025958
https://openalex.org/W3035798012
https://openalex.org/W3037114407
https://openalex.org/W3043232900
https://openalex.org/W3047189543
https://openalex.org/W305466297
https://openalex.org/W3081380349
https://openalex.org/W3081983699
https://openalex.org/W3082974865
https://openalex.org/W3083119906
https://openalex.org/W3086148210
https://openalex.org/W3088188605
https://openalex.org/W3089251472
https://openalex.org/W3089338185
https://openalex.org/W3089726847
https://openalex.org/W3090931250
https://openalex.org/W3094292617
https://openalex.org/W3095102097
https://openalex.org/W3095338773
https://openalex.org/W3098036104
https://openalex.org/W3100237589
https://openalex.org/W3104469314
https://openalex.org/W3105375573
https://openalex.org/W3107743895
https://openalex.org/W3113019988
https://openalex.org/W3117288351
https://openalex.org/W3119166730
https://openalex.org/W3122836377
https://openalex.org/W3123386267
https://openalex.org/W3127480745
https://openalex.org/W3127911526
https://openalex.org/W3133065553
https://openalex.org/W3136294523
https://openalex.org/W3142673538
https://openalex.org/W3150440379
https://openalex.org/W3156217937
https://openalex.org/W3156796094
https://openalex.org/W3157411581
https://openalex.org/W3164461005
https://openalex.org/W3165904223
https://openalex.org/W316745167
https://openalex.org/W3168375182
https://openalex.org/W3170133579
https://openalex.org/W3173302520
https://openalex.org/W3174625723
https://openalex.org/W3177104471
https://openalex.org/W3182036257
https://openalex.org/W3182354269
https://openalex.org/W3182717740
https://openalex.org/W3183032281
https://openalex.org/W3184229242
https://openalex.org/W3186511016
https://openalex.org/W3194422352
https://openalex.org/W3196320053
https://openalex.org/W3196593106
https://openalex.org/W3198780399
https://openalex.org/W3199057216
https://openalex.org/W3199294807
https://openalex.org/W3199435072
https://openalex.org/W3199502517
https://openalex.org/W3202245957
https://openalex.org/W3203217443
https://openalex.org/W3203421026
https://openalex.org/W3205630431
https://openalex.org/W3207025907
https://openalex.org/W3209349568
https://openalex.org/W3210923378
https://openalex.org/W3213032521
https://openalex.org/W3215496482
https://openalex.org/W3215615083
https://openalex.org/W3216027179
https://openalex.org/W33419956
https://openalex.org/W395024710
https://openalex.org/W4200340922
https://openalex.org/W4205310268
https://openalex.org/W4205346630
https://openalex.org/W4205420184
https://openalex.org/W4205743798
https://openalex.org/W4206181839
https://openalex.org/W4206256619
https://openalex.org/W4206615826
https://openalex.org/W4220877198
https://openalex.org/W4221094872
https://openalex.org/W4223955880
https://openalex.org/W4224314301
https://openalex.org/W4225938718
https://openalex.org/W4226248222
https://openalex.org/W4228999789
https://openalex.org/W4229369724
https://openalex.org/W4231453150
https://openalex.org/W4231525877
https://openalex.org/W4232544895
https://openalex.org/W4234436348
https://openalex.org/W4238761021
https://openalex.org/W4238935834
https://openalex.org/W4239363973
https://openalex.org/W4240105554
https://openalex.org/W4241310712
https://openalex.org/W4244077862
https://openalex.org/W4246227828
https://openalex.org/W4246540484
https://openalex.org/W4247556352
https://openalex.org/W4249070979
https://openalex.org/W4251370968
https://openalex.org/W4254592963
https://openalex.org/W4282982813
https://openalex.org/W4283018324
https://openalex.org/W4283639805
https://openalex.org/W4285226497
https://openalex.org/W4285301444
https://openalex.org/W4287511632
https://openalex.org/W4288038643
https://openalex.org/W4288049225
https://openalex.org/W4288067846
https://openalex.org/W4289878951
https://openalex.org/W4290546066
https://openalex.org/W4290987676
https://openalex.org/W4292155345
https://openalex.org/W4292528217
https://openalex.org/W4293686641
https://openalex.org/W4294012479
https://openalex.org/W4295021561
https://openalex.org/W4295279329
https://openalex.org/W4296908073
https://openalex.org/W4298143384
https://openalex.org/W4303699299
https://openalex.org/W4304208210
https://openalex.org/W4306154893
https://openalex.org/W4306292506
https://openalex.org/W4307338558
https://openalex.org/W4307504129
https://openalex.org/W4308159770
https://openalex.org/W4308256595
https://openalex.org/W4310057038
https://openalex.org/W4310240466
https://openalex.org/W4310368220
https://openalex.org/W4310570998
https://openalex.org/W4311364169
https://openalex.org/W4311931247
https://openalex.org/W4311995581
https://openalex.org/W4312204481
https://openalex.org/W4312699384
https://openalex.org/W4315487079
https://openalex.org/W4315646360
https://openalex.org/W4315650245
https://openalex.org/W4315797028
https://openalex.org/W4316658844
https://openalex.org/W4317435770
https://openalex.org/W4318070511
https://openalex.org/W4319074009
https://openalex.org/W4320883177
https://openalex.org/W4321094693
https://openalex.org/W4321189966
https://openalex.org/W4321252618
https://openalex.org/W4324137453
https://openalex.org/W4360810378
https://openalex.org/W4360985309
https://openalex.org/W4372204151
https://openalex.org/W4372319235
https://openalex.org/W4376255245
https://openalex.org/W4377041631
https://openalex.org/W4377042267
https://openalex.org/W4377694435
https://openalex.org/W4380794363
https://openalex.org/W4381839523
https://openalex.org/W4384830880
https://openalex.org/W4385282525
https://openalex.org/W54968126
https://openalex.org/W56318365
https://openalex.org/W60490496
https://openalex.org/W64843887
https://openalex.org/W788993009
https://openalex.org/W80744457
https://openalex.org/W89786778
https://openalex.org/W1031685855
https://openalex.org/W1036270620
https://openalex.org/W103959173
https://openalex.org/W1043799571
https://openalex.org/W104563817
https://openalex.org/W108656423
https://openalex.org/W113975375
https://openalex.org/W1160717417
https://openalex.org/W117989038
https://openalex.org/W1208783509
https://openalex.org/W121123561
https://openalex.org/W1212722688
https://openalex.org/W121420691
https://openalex.org/W1220186566
https://openalex.org/W122434295
https://openalex.org/W127866363
https://openalex.org/W13334725
https://openalex.org/W136995119
https://openalex.org/W137842125
https://openalex.org/W142508520
https://openalex.org/W1431797627
https://openalex.org/W1437249813
https://openalex.org/W1462432344
https://openalex.org/W1470957153
https://openalex.org/W147449388
https://openalex.org/W1481369876
https://openalex.org/W1491015137
https://openalex.org/W1492406845
https://openalex.org/W1494494989
https://openalex.org/W1499484291
https://openalex.org/W1501292984
https://openalex.org/W1508282217
https://openalex.org/W1531418177
https://openalex.org/W1534070978
https://openalex.org/W1534975999
https://openalex.org/W1539078678
https://openalex.org/W1546628008
https://openalex.org/W1547461839
https://openalex.org/W1548607580
https://openalex.org/W154893376
https://openalex.org/W1554692510
https://openalex.org/W1566798399
https://openalex.org/W1567078628
https://openalex.org/W1567802578
https://openalex.org/W1574496173
https://openalex.org/W1576801640
https://openalex.org/W1579191843
https://openalex.org/W1583225120
https://openalex.org/W1590498501
https://openalex.org/W1591720755
https://openalex.org/W1605288616
https://openalex.org/W1606703199
https://openalex.org/W1616425827
https://openalex.org/W163620362
https://openalex.org/W16411365
https://openalex.org/W1679629114
https://openalex.org/W1705530165
https://openalex.org/W1719857041
https://openalex.org/W1765818698
https://openalex.org/W179020258
https://openalex.org/W1821568446
https://openalex.org/W182730611
https://openalex.org/W1832325971
https://openalex.org/W1858887074
https://openalex.org/W1861393893
https://openalex.org/W1910632794
https://openalex.org/W191082021
https://openalex.org/W1912259517
https://openalex.org/W19259582
https://openalex.org/W192630529
https://openalex.org/W193107582
https://openalex.org/W1931384651
https://openalex.org/W1943764857
https://openalex.org/W194766444
https://openalex.org/W1948546906
https://openalex.org/W1963891190
https://openalex.org/W1967189668
https://openalex.org/W1968366558
https://openalex.org/W1968723403
https://openalex.org/W196874499
https://openalex.org/W1968864076
https://openalex.org/W1971397135
https://openalex.org/W1971578365
https://openalex.org/W1972547142
https://openalex.org/W1972603578
https://openalex.org/W1972801819
https://openalex.org/W1973118681
https://openalex.org/W1975592534
https://openalex.org/W1977856539
https://openalex.org/W1978124221
https://openalex.org/W1978704809
https://openalex.org/W1980204587
https://openalex.org/W1980336531
https://openalex.org/W1981538507
https://openalex.org/W1981706633
https://openalex.org/W1982681149
https://openalex.org/W1984501321
https://openalex.org/W1984710517
https://openalex.org/W1986521189
https://openalex.org/W1987628043
https://openalex.org/W1988266568
https://openalex.org/W1992372692
https://openalex.org/W1992641336
https://openalex.org/W1993871412
https://openalex.org/W1994215599
https://openalex.org/W1994526035
https://openalex.org/W1994736550
https://openalex.org/W1995866706
https://openalex.org/W1997117610
https://openalex.org/W1998151252
https://openalex.org/W1998221212
https://openalex.org/W1998336727
https://openalex.org/W1998669592
https://openalex.org/W1998751491
https://openalex.org/W1999581202
https://openalex.org/W2001602177
https://openalex.org/W2001990859
https://openalex.org/W2002851936
https://openalex.org/W2003125792
https://openalex.org/W2003662530
https://openalex.org/W2004093020
https://openalex.org/W2004653732
https://openalex.org/W2005065923
https://openalex.org/W2005202579
https://openalex.org/W2005479758
https://openalex.org/W2006348001
https://openalex.org/W2006638035
https://openalex.org/W2006728860
https://openalex.org/W2007898616
https://openalex.org/W2009970643
https://openalex.org/W2011418439
https://openalex.org/W2012484821
https://openalex.org/W2016048879
https://openalex.org/W2016324175
https://openalex.org/W2016692518
https://openalex.org/W2018804299
https://openalex.org/W2020023946
https://openalex.org/W2021111434
https://openalex.org/W2021647511
https://openalex.org/W2022465690
https://openalex.org/W2022860525
https://openalex.org/W2023305583
https://openalex.org/W2025718173
https://openalex.org/W2025919392
https://openalex.org/W2026175445
https://openalex.org/W2026442389
https://openalex.org/W202670619
https://openalex.org/W2027069869
https://openalex.org/W2028092617
https://openalex.org/W2029686556
https://openalex.org/W2029688900
https://openalex.org/W2030628625
https://openalex.org/W2032545512
https://openalex.org/W2034886051
https://openalex.org/W2035003882
https://openalex.org/W2035975322
https://openalex.org/W2036836897
https://openalex.org/W2037533019
https://openalex.org/W2038831013
https://openalex.org/W2038945848
https://openalex.org/W2039565240
https://openalex.org/W2039725726
https://openalex.org/W2039925507
https://openalex.org/W2046003768
https://openalex.org/W2047445721
https://openalex.org/W2047509458
https://openalex.org/W2048911062
https://openalex.org/W2049520676
https://openalex.org/W2049603613
https://openalex.org/W2049679428
https://openalex.org/W2049996851
https://openalex.org/W2052524493
https://openalex.org/W2053154253
https://openalex.org/W2053709964
https://openalex.org/W2056729552
https://openalex.org/W2057049176
https://openalex.org/W2057850862
https://openalex.org/W2059618149
https://openalex.org/W2063545458
https://openalex.org/W2063947927
https://openalex.org/W2063951147
https://openalex.org/W2064034909
https://openalex.org/W2067828699
https://openalex.org/W2067918989
https://openalex.org/W2068088584
https://openalex.org/W2072920600
https://openalex.org/W2075616181
https://openalex.org/W2075762112
https://openalex.org/W2076375383
https://openalex.org/W2076988918
https://openalex.org/W2078772230
https://openalex.org/W2079278995
https://openalex.org/W2079522636
https://openalex.org/W2080171065
https://openalex.org/W2080240819
https://openalex.org/W2081207875
https://openalex.org/W2082188150
https://openalex.org/W2082347767
https://openalex.org/W2083012230
https://openalex.org/W2084008817
https://openalex.org/W2085287148
https://openalex.org/W2085747900
https://openalex.org/W2086423327
https://openalex.org/W2090985194
https://openalex.org/W2091183328
https://openalex.org/W2091973070
https://openalex.org/W2092777465
https://openalex.org/W2093472309
https://openalex.org/W2094029538
https://openalex.org/W2095397747
https://openalex.org/W2095524824
https://openalex.org/W2099687447
https://openalex.org/W2102765941
https://openalex.org/W2105219113
https://openalex.org/W2105397155
https://openalex.org/W2112080358
https://openalex.org/W2114182036
https://openalex.org/W2114264326
https://openalex.org/W2116309572
https://openalex.org/W2118278372
https://openalex.org/W2124961113
https://openalex.org/W2126260823
https://openalex.org/W2128131619
https://openalex.org/W2128390101
https://openalex.org/W2128398494
https://openalex.org/W2130542441
https://openalex.org/W2130592093
https://openalex.org/W2135737707
https://openalex.org/W2143606061
https://openalex.org/W2146440773
https://openalex.org/W2150477769
https://openalex.org/W2152269732
https://openalex.org/W2153428706
https://openalex.org/W2153695267
https://openalex.org/W2156890399
https://openalex.org/W2159145513
https://openalex.org/W2159161148
https://openalex.org/W2159766623
https://openalex.org/W2163424396
https://openalex.org/W2171580985
https://openalex.org/W2177998571
https://openalex.org/W2179176186
https://openalex.org/W2180764105
https://openalex.org/W2182211461
https://openalex.org/W2182321680
https://openalex.org/W2183180426
https://openalex.org/W2185066986
https://openalex.org/W2185128333
https://openalex.org/W2185493981
https://openalex.org/W2185617329
https://openalex.org/W2185694777
https://openalex.org/W2186285244
https://openalex.org/W2186815949
https://openalex.org/W2187283134
https://openalex.org/W2187683826
https://openalex.org/W2187765636
https://openalex.org/W2188046920
https://openalex.org/W2188616615
https://openalex.org/W2188964353
https://openalex.org/W2189074112
https://openalex.org/W2198271028
https://openalex.org/W2198678945
https://openalex.org/W2205177834
https://openalex.org/W2207885666
https://openalex.org/W2208762735
https://openalex.org/W2209422586
https://openalex.org/W2209956096
https://openalex.org/W2221109831
https://openalex.org/W2221219644
https://openalex.org/W2222229462
https://openalex.org/W2225271571
https://openalex.org/W2231215905
https://openalex.org/W2231426790
https://openalex.org/W2239498558
https://openalex.org/W2241565600
https://openalex.org/W2241951604
https://openalex.org/W2244952164
https://openalex.org/W2245130688
https://openalex.org/W2245205685
https://openalex.org/W2247826743
https://openalex.org/W2248922083
https://openalex.org/W2248972159
https://openalex.org/W2250112017
https://openalex.org/W2254659817
https://openalex.org/W2256917474
https://openalex.org/W2257131919
https://openalex.org/W2259025731
https://openalex.org/W2259163991
https://openalex.org/W2265233336
https://openalex.org/W2267266762
https://openalex.org/W2272678390
https://openalex.org/W2274002514
https://openalex.org/W227455405
https://openalex.org/W2274656271
https://openalex.org/W2276236944
https://openalex.org/W2277126496
https://openalex.org/W2278673637
https://openalex.org/W2280139270
https://openalex.org/W2281707878
https://openalex.org/W2282941071
https://openalex.org/W2287178564
https://openalex.org/W2290178923
https://openalex.org/W2292519900
https://openalex.org/W2298904049
https://openalex.org/W2309833676
https://openalex.org/W2312274059
https://openalex.org/W2312536792
https://openalex.org/W2312904439
https://openalex.org/W2313905008
https://openalex.org/W2314040548
https://openalex.org/W2314866743
https://openalex.org/W2315004417
https://openalex.org/W2315133489
https://openalex.org/W2317008984
https://openalex.org/W2317541203
https://openalex.org/W2317865315
https://openalex.org/W2318214080
https://openalex.org/W2320607628
https://openalex.org/W2320805565
https://openalex.org/W2321389618
https://openalex.org/W2321852064
https://openalex.org/W2323039539
https://openalex.org/W2324105473
https://openalex.org/W2324847333
https://openalex.org/W2326220414
https://openalex.org/W2326903069
https://openalex.org/W2327663741
https://openalex.org/W2328614438
https://openalex.org/W2329336487
https://openalex.org/W2332155442
https://openalex.org/W2333013785
https://openalex.org/W2334609673
https://openalex.org/W2334859949
https://openalex.org/W2335117138
https://openalex.org/W2336616414
https://openalex.org/W2337974422
https://openalex.org/W2341184039
https://openalex.org/W2341452356
https://openalex.org/W2342203878
https://openalex.org/W2343823090
https://openalex.org/W2345417231
https://openalex.org/W2345474345
https://openalex.org/W2345550026
https://openalex.org/W2345747222
https://openalex.org/W2346032454
https://openalex.org/W2347062699
https://openalex.org/W2347755542
https://openalex.org/W2351885181
https://openalex.org/W2352083213
https://openalex.org/W2355883420
https://openalex.org/W2356880734
https://openalex.org/W2357108846
https://openalex.org/W2358552078
https://openalex.org/W2360594302
https://openalex.org/W2361042666
https://openalex.org/W2362182886
https://openalex.org/W2363313454
https://openalex.org/W2363392185
https://openalex.org/W2372162178
https://openalex.org/W2372809664
https://openalex.org/W2373215953
https://openalex.org/W2373812050
https://openalex.org/W2376422573
https://openalex.org/W2377301081
https://openalex.org/W2383220681
https://openalex.org/W2391730065
https://openalex.org/W2394360384
https://openalex.org/W2396499556
https://openalex.org/W2399336102
https://openalex.org/W2399522440
https://openalex.org/W2399728835
https://openalex.org/W2401002802
https://openalex.org/W2401031117
https://openalex.org/W2401623410
https://openalex.org/W2401682659
https://openalex.org/W2401917410
https://openalex.org/W2402319551
https://openalex.org/W2403232860
https://openalex.org/W2403333880
https://openalex.org/W2404653535
https://openalex.org/W2404695700
https://openalex.org/W2405509593
https://openalex.org/W2406957207
https://openalex.org/W2409570829
https://openalex.org/W2409662147
https://openalex.org/W2409662770
https://openalex.org/W2409666536
https://openalex.org/W2410737547
https://openalex.org/W2411316302
https://openalex.org/W2411480802
https://openalex.org/W2411794516
https://openalex.org/W2412363379
https://openalex.org/W2412602502
https://openalex.org/W2413243206
https://openalex.org/W2413380983
https://openalex.org/W2413992045
https://openalex.org/W2414615566
https://openalex.org/W2414846922
https://openalex.org/W2414860871
https://openalex.org/W2414927511
https://openalex.org/W2415021322
https://openalex.org/W2415551419
https://openalex.org/W2415654873
https://openalex.org/W2416213835
https://openalex.org/W2416235618
https://openalex.org/W2416731700
https://openalex.org/W2417612930
https://openalex.org/W2417748036
https://openalex.org/W2418141946
https://openalex.org/W2418268147
https://openalex.org/W2418271050
https://openalex.org/W2418599050
https://openalex.org/W2418791342
https://openalex.org/W2424723730
https://openalex.org/W2426768771
https://openalex.org/W2426839585
https://openalex.org/W2427414520
https://openalex.org/W2435220009
https://openalex.org/W2439468006
https://openalex.org/W2439626793
https://openalex.org/W2441350169
https://openalex.org/W2443497639
https://openalex.org/W2444313727
https://openalex.org/W2460977467
https://openalex.org/W2461414349
https://openalex.org/W2463085663
https://openalex.org/W2463711058
https://openalex.org/W2465872504
https://openalex.org/W2466701948
https://openalex.org/W2466735724
https://openalex.org/W2466960995
https://openalex.org/W2470647281
https://openalex.org/W2474229823
https://openalex.org/W2475840064
https://openalex.org/W2475972285
https://openalex.org/W2478779934
https://openalex.org/W2484917919
https://openalex.org/W2485751809
https://openalex.org/W2487817683
https://openalex.org/W2488133645
https://openalex.org/W2488910615
https://openalex.org/W2489186172
https://openalex.org/W2490864626
https://openalex.org/W2490975875
https://openalex.org/W2491409187
https://openalex.org/W2496215336
https://openalex.org/W2496803412
https://openalex.org/W2498132128
https://openalex.org/W2501717730
https://openalex.org/W2504853725
https://openalex.org/W2506301881
https://openalex.org/W2508692987
https://openalex.org/W2508709468
https://openalex.org/W2508842630
https://openalex.org/W2510246591
https://openalex.org/W2512302247
https://openalex.org/W2514653049
https://openalex.org/W2514995396
https://openalex.org/W2516061122
https://openalex.org/W2518351863
https://openalex.org/W2520359438
https://openalex.org/W2520937031
https://openalex.org/W2520972813
https://openalex.org/W2522053194
https://openalex.org/W2522905579
https://openalex.org/W2523985941
https://openalex.org/W2524228438
https://openalex.org/W2525930649
https://openalex.org/W2525934667
https://openalex.org/W2526680556
https://openalex.org/W2526890902
https://openalex.org/W2527558385
https://openalex.org/W2528914767
https://openalex.org/W2529427130
https://openalex.org/W252959880
https://openalex.org/W2529704880
https://openalex.org/W2530092007
https://openalex.org/W2530141967
https://openalex.org/W2530396106
https://openalex.org/W2530489698
https://openalex.org/W2530499305
https://openalex.org/W2530569085
https://openalex.org/W2530630966
https://openalex.org/W2531014053
https://openalex.org/W2531169350
https://openalex.org/W2531331298
https://openalex.org/W2531529739
https://openalex.org/W2531754025
https://openalex.org/W25331194
https://openalex.org/W2550783852
https://openalex.org/W2550951434
https://openalex.org/W2552573971
https://openalex.org/W2553126272
https://openalex.org/W2553593175
https://openalex.org/W2555103306
https://openalex.org/W2556361678
https://openalex.org/W2556723384
https://openalex.org/W2557631183
https://openalex.org/W2557681536
https://openalex.org/W2557852895
https://openalex.org/W2558484564
https://openalex.org/W2559030336
https://openalex.org/W2559296799
https://openalex.org/W2559651153
https://openalex.org/W2559762250
https://openalex.org/W2560141543
https://openalex.org/W2560805811
https://openalex.org/W2560968255
https://openalex.org/W2565473741
https://openalex.org/W2565867714
https://openalex.org/W2569070388
https://openalex.org/W2569291044
https://openalex.org/W2571266080
https://openalex.org/W2572232558
https://openalex.org/W2574275742
https://openalex.org/W2575988063
https://openalex.org/W2577379551
https://openalex.org/W2578063359
https://openalex.org/W2579133519
https://openalex.org/W2580492881
https://openalex.org/W2582456883
https://openalex.org/W2583068257
https://openalex.org/W2583880820
https://openalex.org/W2586692195
https://openalex.org/W2586766439
https://openalex.org/W2587424960
https://openalex.org/W2589128605
https://openalex.org/W2589554784
https://openalex.org/W2591929505
https://openalex.org/W2592316541
https://openalex.org/W2592945291
https://openalex.org/W2593632258
https://openalex.org/W2593725043
https://openalex.org/W2594122434
https://openalex.org/W2595471480
https://openalex.org/W2595836839
https://openalex.org/W2598753020
https://openalex.org/W2598769390
https://openalex.org/W2599456692
https://openalex.org/W2603316456
https://openalex.org/W2603477071
https://openalex.org/W2603880527
https://openalex.org/W2604821297
https://openalex.org/W2605184471
https://openalex.org/W2605427470
https://openalex.org/W2605924955
https://openalex.org/W2606082304
https://openalex.org/W2606581297
https://openalex.org/W2606893701
https://openalex.org/W2607347181
https://openalex.org/W2607433049
https://openalex.org/W2609754897
https://openalex.org/W2610114641
https://openalex.org/W2610576418
https://openalex.org/W2611914451
https://openalex.org/W2612027549
https://openalex.org/W2612683145
https://openalex.org/W2613991042
https://openalex.org/W2614809365
https://openalex.org/W2617872830
https://openalex.org/W2618365802
https://openalex.org/W2618663060
https://openalex.org/W2620266839
https://openalex.org/W2620270092
https://openalex.org/W2620862198
https://openalex.org/W2621075268
https://openalex.org/W2622822243
https://openalex.org/W2624101116
https://openalex.org/W2624215120
https://openalex.org/W263427432
https://openalex.org/W2638602488
https://openalex.org/W2691214118
https://openalex.org/W2694606326
https://openalex.org/W2699713130
https://openalex.org/W2724684660
https://openalex.org/W2725908945
https://openalex.org/W2725911129
https://openalex.org/W2729274833
https://openalex.org/W2734931122
https://openalex.org/W2738558729
https://openalex.org/W2740413708
https://openalex.org/W2741348720
https://openalex.org/W2744760807
https://openalex.org/W2745601559
https://openalex.org/W2746217200
https://openalex.org/W2746684632
https://openalex.org/W2747019919
https://openalex.org/W2747464753
https://openalex.org/W2748010109
https://openalex.org/W2750482534
https://openalex.org/W2751110907
https://openalex.org/W2751604593
https://openalex.org/W2751806103
https://openalex.org/W2753322538
https://openalex.org/W2753537142
https://openalex.org/W2756274350
https://openalex.org/W2756554454
https://openalex.org/W2757446094
https://openalex.org/W2757478582
https://openalex.org/W2759819935
https://openalex.org/W2760637879
https://openalex.org/W2760751501
https://openalex.org/W2760871217
https://openalex.org/W2760992217
https://openalex.org/W2762941432
https://openalex.org/W2765704866
https://openalex.org/W2765971247
https://openalex.org/W2766102898
https://openalex.org/W2768391699
https://openalex.org/W2769842315
https://openalex.org/W2770597344
https://openalex.org/W2773421970
https://openalex.org/W2773816704
https://openalex.org/W2775609174
https://openalex.org/W2778279639
https://openalex.org/W2778560136
https://openalex.org/W277971892
https://openalex.org/W2779726232
https://openalex.org/W2780054002
https://openalex.org/W2781949185
https://openalex.org/W2783064011
https://openalex.org/W2783323132
https://openalex.org/W2783760042
https://openalex.org/W2784140167
https://openalex.org/W2784325533
https://openalex.org/W2785539818
https://openalex.org/W2788538911
https://openalex.org/W2789459897
https://openalex.org/W2789766597
https://openalex.org/W2790480929
https://openalex.org/W2791081051
https://openalex.org/W2791130376
https://openalex.org/W2791924606
https://openalex.org/W2791943351
https://openalex.org/W2792049896
https://openalex.org/W2793441070
https://openalex.org/W2794161236
https://openalex.org/W2794608474
https://openalex.org/W2794702412
https://openalex.org/W2795378832
https://openalex.org/W2795893329
https://openalex.org/W2798017859
https://openalex.org/W2799943043
https://openalex.org/W2801045900
https://openalex.org/W2801192767
https://openalex.org/W2801307413
https://openalex.org/W2801551134
https://openalex.org/W2801736904
https://openalex.org/W2801805728
https://openalex.org/W2802426306
https://openalex.org/W2802638328
https://openalex.org/W2802701207
https://openalex.org/W2802749859
https://openalex.org/W2803112303
https://openalex.org/W2803791553
https://openalex.org/W2805075389
https://openalex.org/W2805199937
https://openalex.org/W2809708663
https://openalex.org/W2809744000
https://openalex.org/W2810134115
https://openalex.org/W2810961639
https://openalex.org/W2811074009
https://openalex.org/W2811161154
https://openalex.org/W2811172368
https://openalex.org/W2811454157
https://openalex.org/W2812583372
https://openalex.org/W284505403
https://openalex.org/W286576760
https://openalex.org/W2883032605
https://openalex.org/W2883674456
https://openalex.org/W2884004133
https://openalex.org/W2885172014
https://openalex.org/W2885851672
https://openalex.org/W2887019757
https://openalex.org/W2887962355
https://openalex.org/W2888886555
https://openalex.org/W2890362746
https://openalex.org/W2891084363
https://openalex.org/W2891499974
https://openalex.org/W2891551845
https://openalex.org/W2892081270
https://openalex.org/W2892212919
https://openalex.org/W2894438386
https://openalex.org/W2894726641
https://openalex.org/W2896039666
https://openalex.org/W2896131668
https://openalex.org/W2896573670
https://openalex.org/W2897054947
https://openalex.org/W2897350109
https://openalex.org/W289787246
https://openalex.org/W2897975645
https://openalex.org/W2897977452
https://openalex.org/W2897982349
https://openalex.org/W2898251054
https://openalex.org/W2898875563
https://openalex.org/W2899311251
https://openalex.org/W2899770809
https://openalex.org/W2899940602
https://openalex.org/W2900391439
https://openalex.org/W2900406677
https://openalex.org/W2900535090
https://openalex.org/W2900639186
https://openalex.org/W2901810181
https://openalex.org/W2902700029
https://openalex.org/W2902748695
https://openalex.org/W2902779978
https://openalex.org/W2904152368
https://openalex.org/W2904262113
https://openalex.org/W2904537640
https://openalex.org/W2904779668
https://openalex.org/W2905055010
https://openalex.org/W2905347645
https://openalex.org/W2906357036
https://openalex.org/W2907046221
https://openalex.org/W2907718288
https://openalex.org/W2908013285
https://openalex.org/W2908939478
https://openalex.org/W2909170124
https://openalex.org/W2913811468
https://openalex.org/W2914076041
https://openalex.org/W2915043405
https://openalex.org/W2915363015
https://openalex.org/W2915367690
https://openalex.org/W2916299001
https://openalex.org/W2916625025
https://openalex.org/W2916674907
https://openalex.org/W2916822022
https://openalex.org/W2917121627
https://openalex.org/W2918963823
https://openalex.org/W2919561103
https://openalex.org/W2922304840
https://openalex.org/W2934336193
https://openalex.org/W2940390749
https://openalex.org/W2940576929
https://openalex.org/W2940580489
https://openalex.org/W2941753508
https://openalex.org/W2944528047
https://openalex.org/W2944702460
https://openalex.org/W2945466721
https://openalex.org/W2945960524
https://openalex.org/W2947331863
https://openalex.org/W2947363435
https://openalex.org/W2947475630
https://openalex.org/W2947484509
https://openalex.org/W2947627627
https://openalex.org/W2948017619
https://openalex.org/W2948563225
https://openalex.org/W2948742270
https://openalex.org/W2949346073
https://openalex.org/W2949352150
https://openalex.org/W2949382616
https://openalex.org/W2949385429
https://openalex.org/W2949406756
https://openalex.org/W2949447923
https://openalex.org/W2949742187
https://openalex.org/W2949930112
https://openalex.org/W2950024104
https://openalex.org/W2950308595
https://openalex.org/W2950441715
https://openalex.org/W2950562561
https://openalex.org/W2950746254
https://openalex.org/W2951607942
https://openalex.org/W2951717940
https://openalex.org/W2952129432
https://openalex.org/W2952545884
https://openalex.org/W2953913825
https://openalex.org/W2954181595
https://openalex.org/W2954296707
https://openalex.org/W2955069322
https://openalex.org/W2955285060
https://openalex.org/W2960653595
https://openalex.org/W2962587738
https://openalex.org/W2963263517
https://openalex.org/W2963274638
https://openalex.org/W2963826497
https://openalex.org/W2963895433
https://openalex.org/W2964807089
https://openalex.org/W2964895469
https://openalex.org/W2964916940
https://openalex.org/W2964937349
https://openalex.org/W2966416172
https://openalex.org/W2967733053
https://openalex.org/W2967818663
https://openalex.org/W2970802653
https://openalex.org/W2971085376
https://openalex.org/W2971323549
https://openalex.org/W2971827214
https://openalex.org/W2972208585
https://openalex.org/W2972736784
https://openalex.org/W2972950065
https://openalex.org/W2974060953
https://openalex.org/W2974478247
https://openalex.org/W2975030187
https://openalex.org/W2975046036
https://openalex.org/W2975152026
https://openalex.org/W2975162436
https://openalex.org/W2975832983
https://openalex.org/W2975994426
https://openalex.org/W2976101288
https://openalex.org/W2976123124
https://openalex.org/W2976195278
https://openalex.org/W2976277419
https://openalex.org/W2976404196
https://openalex.org/W2976423850
https://openalex.org/W2976431322
https://openalex.org/W2976535548
https://openalex.org/W2976616700
https://openalex.org/W2976844956
https://openalex.org/W2977115944
https://openalex.org/W2977293474
https://openalex.org/W2977423517
https://openalex.org/W2977687064
https://openalex.org/W2977703613
https://openalex.org/W2977786084
https://openalex.org/W2977813294
https://openalex.org/W2977969043
https://openalex.org/W2978094961
https://openalex.org/W2978141319
https://openalex.org/W2978255429
https://openalex.org/W2978323271
https://openalex.org/W2978444868
https://openalex.org/W2978472402
https://openalex.org/W2978473363
https://openalex.org/W2978557381
https://openalex.org/W2978752683
https://openalex.org/W2978780446
https://openalex.org/W2978966062
https://openalex.org/W2979157186
https://openalex.org/W2979278284
https://openalex.org/W2979404114
https://openalex.org/W2979810932
https://openalex.org/W2979911089
https://openalex.org/W2979989379
https://openalex.org/W2980815256
https://openalex.org/W2981156242
https://openalex.org/W2981479165
https://openalex.org/W2982309210
https://openalex.org/W2982684994
https://openalex.org/W2982722437
https://openalex.org/W2983000912
https://openalex.org/W2983491055
https://openalex.org/W2984292199
https://openalex.org/W2985052452
https://openalex.org/W2985194975
https://openalex.org/W2985454368
https://openalex.org/W2987556566
https://openalex.org/W2987573055
https://openalex.org/W2989929733
https://openalex.org/W2990589969
https://openalex.org/W2991006255
https://openalex.org/W2991023650
https://openalex.org/W2991282435
https://openalex.org/W2991410839
https://openalex.org/W2992300854
https://openalex.org/W2992423731
https://openalex.org/W2992444692
https://openalex.org/W2993295717
https://openalex.org/W2993648760
https://openalex.org/W2993788281
https://openalex.org/W2993973992
https://openalex.org/W2994785260
https://openalex.org/W2995560176
https://openalex.org/W2995661525
https://openalex.org/W2995769003
https://openalex.org/W2996017520
https://openalex.org/W2996785863
https://openalex.org/W2997350664
https://openalex.org/W2998343134
https://openalex.org/W2999469851
https://openalex.org/W2999648487
https://openalex.org/W3000102410
https://openalex.org/W3000325632
https://openalex.org/W3000373934
https://openalex.org/W3001787381
https://openalex.org/W3003318416
https://openalex.org/W3008589882
https://openalex.org/W3008620637
https://openalex.org/W3008996507
https://openalex.org/W3009170414
https://openalex.org/W3010276712
https://openalex.org/W3010981358
https://openalex.org/W3011122323
https://openalex.org/W3014206511
https://openalex.org/W3014866529
https://openalex.org/W3014943637
https://openalex.org/W3016312900
https://openalex.org/W3016430098
https://openalex.org/W3016688923
https://openalex.org/W3017039364
https://openalex.org/W3017356605
https://openalex.org/W3018292499
https://openalex.org/W3020846750
https://openalex.org/W3020972003
https://openalex.org/W3021036605
https://openalex.org/W3021422914
https://openalex.org/W3021901165
https://openalex.org/W3022054657
https://openalex.org/W3022374837
https://openalex.org/W3022502292
https://openalex.org/W3023017164
https://openalex.org/W3024430832
https://openalex.org/W3024918623
https://openalex.org/W3025473213
https://openalex.org/W3027883113
https://openalex.org/W3028284890
https://openalex.org/W3028789491
https://openalex.org/W3029626231
https://openalex.org/W3030180750
https://openalex.org/W3030325233
https://openalex.org/W3030844963
https://openalex.org/W3031085321
https://openalex.org/W3031653482
https://openalex.org/W3031852663
https://openalex.org/W3032197197
https://openalex.org/W3033801936
https://openalex.org/W3033808804
https://openalex.org/W3034438027
https://openalex.org/W3035122513
https://openalex.org/W3035298808
https://openalex.org/W3035349681
https://openalex.org/W3036150960
https://openalex.org/W3036398177
https://openalex.org/W3036503161
https://openalex.org/W3036874536
https://openalex.org/W3038567980
https://openalex.org/W3040727424
https://openalex.org/W3040786074
https://openalex.org/W3041027873
https://openalex.org/W3041133599
https://openalex.org/W3041203888
https://openalex.org/W3043189099
https://openalex.org/W3043269545
https://openalex.org/W3044427997
https://openalex.org/W3045601345
https://openalex.org/W3046907781
https://openalex.org/W3046943156
https://openalex.org/W3046991598
https://openalex.org/W3047043231
https://openalex.org/W3047117267
https://openalex.org/W3047224834
https://openalex.org/W3047233442
https://openalex.org/W3047302380
https://openalex.org/W3047537261
https://openalex.org/W3047551853
https://openalex.org/W3047566179
https://openalex.org/W3047606347
https://openalex.org/W3048206767
https://openalex.org/W3048511455
https://openalex.org/W3048516311
https://openalex.org/W3049491517
https://openalex.org/W30823621
https://openalex.org/W3082807727
https://openalex.org/W3083377382
https://openalex.org/W3083610925
https://openalex.org/W3084577946
https://openalex.org/W3088529640
https://openalex.org/W3089386999
https://openalex.org/W3089958065
https://openalex.org/W3090363803
https://openalex.org/W3090687149
https://openalex.org/W3091165134
https://openalex.org/W3091712103
https://openalex.org/W3092003218
https://openalex.org/W3092078575
https://openalex.org/W3092406744
https://openalex.org/W3093208959
https://openalex.org/W3094765016
https://openalex.org/W3095013867
https://openalex.org/W3095265131
https://openalex.org/W3096213077
https://openalex.org/W3096451686
https://openalex.org/W3096698695
https://openalex.org/W3097017792
https://openalex.org/W3097436761
https://openalex.org/W3098427653
https://openalex.org/W3098833316
https://openalex.org/W3099275878
https://openalex.org/W3100633138
https://openalex.org/W3103400437
https://openalex.org/W3103761970
https://openalex.org/W3106913534
https://openalex.org/W3107094498
https://openalex.org/W3110317478
https://openalex.org/W3111096644
https://openalex.org/W3111931366
https://openalex.org/W3112898056
https://openalex.org/W3113551701
https://openalex.org/W3115754070
https://openalex.org/W3117001477
https://openalex.org/W3117022755
https://openalex.org/W3118959984
https://openalex.org/W3123222809
https://openalex.org/W3124201551
https://openalex.org/W3124921240
https://openalex.org/W3125171284
https://openalex.org/W3126756090
https://openalex.org/W3127978611
https://openalex.org/W3128584253
https://openalex.org/W3129944020
https://openalex.org/W3130137233
https://openalex.org/W3130148545
https://openalex.org/W3130443324
https://openalex.org/W3130456596
https://openalex.org/W3130534768
https://openalex.org/W3130601375
https://openalex.org/W3130925066
https://openalex.org/W3131325076
https://openalex.org/W3131490361
https://openalex.org/W3132382575
https://openalex.org/W3132587564
https://openalex.org/W3132833434
https://openalex.org/W3132925123
https://openalex.org/W3134446091
https://openalex.org/W3135629618
https://openalex.org/W3135818069
https://openalex.org/W3135920073
https://openalex.org/W3135950816
https://openalex.org/W3137053339
https://openalex.org/W3138494288
https://openalex.org/W3139251892
https://openalex.org/W3139394980
https://openalex.org/W313982511
https://openalex.org/W3147705509
https://openalex.org/W3148936898
https://openalex.org/W3151406246
https://openalex.org/W3151699752
https://openalex.org/W3152681422
https://openalex.org/W3154036351
https://openalex.org/W3154283608
https://openalex.org/W3157087091
https://openalex.org/W3157932208
https://openalex.org/W3158335592
https://openalex.org/W3158750533
https://openalex.org/W3159365675
https://openalex.org/W3160749014
https://openalex.org/W3161201073
https://openalex.org/W3161827411
https://openalex.org/W3163605911
https://openalex.org/W3163669938
https://openalex.org/W3164772070
https://openalex.org/W3164928339
https://openalex.org/W3165297485
https://openalex.org/W3166694821
https://openalex.org/W3167042306
https://openalex.org/W3168171069
https://openalex.org/W3168414695
https://openalex.org/W3168481125
https://openalex.org/W3168601048
https://openalex.org/W3169365566
https://openalex.org/W3169376993
https://openalex.org/W3169521920
https://openalex.org/W3169973309
https://openalex.org/W3171336343
https://openalex.org/W3172663489
https://openalex.org/W3173859857
https://openalex.org/W3173961615
https://openalex.org/W3174167535
https://openalex.org/W3174229650
https://openalex.org/W3174435109
https://openalex.org/W3175028761
https://openalex.org/W3175307946
https://openalex.org/W3175425245
https://openalex.org/W3175629246
https://openalex.org/W3175634318
https://openalex.org/W3175797734
https://openalex.org/W3176585014
https://openalex.org/W3176963241
https://openalex.org/W3177812489
https://openalex.org/W3178279962
https://openalex.org/W3178929441
https://openalex.org/W3179337344
https://openalex.org/W3182206758
https://openalex.org/W3182771384
https://openalex.org/W3183208707
https://openalex.org/W3185156974
https://openalex.org/W3185674236
https://openalex.org/W3186061729
https://openalex.org/W3186255582
https://openalex.org/W3186416743
https://openalex.org/W3187398697
https://openalex.org/W3190219658
https://openalex.org/W3191611902
https://openalex.org/W3191748752
https://openalex.org/W3192593588
https://openalex.org/W3193627157
https://openalex.org/W3194151670
https://openalex.org/W3194325872
https://openalex.org/W3194851009
https://openalex.org/W3195042605
https://openalex.org/W3196736695
https://openalex.org/W3196821745
https://openalex.org/W3197449632
https://openalex.org/W3197772996
https://openalex.org/W3198483517
https://openalex.org/W3198494296
https://openalex.org/W3198721659
https://openalex.org/W3199887830
https://openalex.org/W3200055694
https://openalex.org/W3200151781
https://openalex.org/W3201360413
https://openalex.org/W3201613591
https://openalex.org/W3201900631
https://openalex.org/W3201910744
https://openalex.org/W3202064807
https://openalex.org/W3202119987
https://openalex.org/W3202975351
https://openalex.org/W3203085011
https://openalex.org/W3203117778
https://openalex.org/W3203924813
https://openalex.org/W3204225930
https://openalex.org/W3205157261
https://openalex.org/W3205212264
https://openalex.org/W3205977420
https://openalex.org/W3206842346
https://openalex.org/W3208062498
https://openalex.org/W3208247838
https://openalex.org/W3209516568
https://openalex.org/W3209574703
https://openalex.org/W3209631680
https://openalex.org/W3210404967
https://openalex.org/W3210584192
https://openalex.org/W3211686413
https://openalex.org/W3211985563
https://openalex.org/W3211997365
https://openalex.org/W3212515811
https://openalex.org/W3212717098
https://openalex.org/W3213599300
https://openalex.org/W3213747364
https://openalex.org/W3214870009
https://openalex.org/W3215536715
https://openalex.org/W3215538691
https://openalex.org/W3215962239
https://openalex.org/W3216253502
https://openalex.org/W3216847781
https://openalex.org/W3217080839
https://openalex.org/W3217212057
https://openalex.org/W3217231177
https://openalex.org/W3217707423
https://openalex.org/W32356293
https://openalex.org/W327788953
https://openalex.org/W347099186
https://openalex.org/W37544713
https://openalex.org/W415295280
https://openalex.org/W4200510879
https://openalex.org/W4205136250
https://openalex.org/W4205156608
https://openalex.org/W4205216528
https://openalex.org/W4205605037
https://openalex.org/W4205669021
https://openalex.org/W4205748722
https://openalex.org/W4205930967
https://openalex.org/W4206205825
https://openalex.org/W4206301273
https://openalex.org/W4206372830
https://openalex.org/W4206383880
https://openalex.org/W4206768964
https://openalex.org/W4206819306
https://openalex.org/W4206861430
https://openalex.org/W4206873010
https://openalex.org/W4207092983
https://openalex.org/W4210291737
https://openalex.org/W4210296567
https://openalex.org/W4210303991
https://openalex.org/W4210407342
https://openalex.org/W4210438537
https://openalex.org/W4210709486
https://openalex.org/W4210829094
https://openalex.org/W4210881970
https://openalex.org/W4210898778
https://openalex.org/W4211009130
https://openalex.org/W4211100848
https://openalex.org/W4211176052
https://openalex.org/W4213072414
https://openalex.org/W4213136399
https://openalex.org/W4213408268
https://openalex.org/W4214528299
https://openalex.org/W4214729161
https://openalex.org/W4214795979
https://openalex.org/W4214818906
https://openalex.org/W4214876495
https://openalex.org/W4214919642
https://openalex.org/W4214941302
https://openalex.org/W4214970699
https://openalex.org/W4220834677
https://openalex.org/W4220846372
https://openalex.org/W4220854409
https://openalex.org/W4220908793
https://openalex.org/W4220959109
https://openalex.org/W4221089751
https://openalex.org/W4221139189
https://openalex.org/W4223599641
https://openalex.org/W4223624824
https://openalex.org/W4224031449
https://openalex.org/W4224117203
https://openalex.org/W4224305273
https://openalex.org/W4224307771
https://openalex.org/W4225318282
https://openalex.org/W4225323918
https://openalex.org/W4225326140
https://openalex.org/W4225327468
https://openalex.org/W4225839430
https://openalex.org/W4225926301
https://openalex.org/W4226054318
https://openalex.org/W4226060696
https://openalex.org/W4226072785
https://openalex.org/W4226266100
https://openalex.org/W4226419801
https://openalex.org/W4226460005
https://openalex.org/W4229039638
https://openalex.org/W4229374852
https://openalex.org/W4229376605
https://openalex.org/W4229589977
https://openalex.org/W4229817712
https://openalex.org/W4229857431
https://openalex.org/W4229901222
https://openalex.org/W4229980249
https://openalex.org/W4230353941
https://openalex.org/W4230624528
https://openalex.org/W4230784188
https://openalex.org/W4231304281
https://openalex.org/W4231540188
https://openalex.org/W4231730736
https://openalex.org/W4231895803
https://openalex.org/W4232062302
https://openalex.org/W4232600252
https://openalex.org/W4233338162
https://openalex.org/W4233985868
https://openalex.org/W4234093311
https://openalex.org/W4234710432
https://openalex.org/W4234930253
https://openalex.org/W4235266602
https://openalex.org/W4235506707
https://openalex.org/W4235529454
https://openalex.org/W4235857278
https://openalex.org/W4235908374
https://openalex.org/W4236057897
https://openalex.org/W4236103104
https://openalex.org/W4236393723
https://openalex.org/W4236402205
https://openalex.org/W4236403157
https://openalex.org/W4236868934
https://openalex.org/W4237011745
https://openalex.org/W4237464785
https://openalex.org/W4237643404
https://openalex.org/W4237905938
https://openalex.org/W4237971251
https://openalex.org/W4238252003
https://openalex.org/W4238546508
https://openalex.org/W4238582455
https://openalex.org/W4238617562
https://openalex.org/W4238668360
https://openalex.org/W4238980113
https://openalex.org/W4239117379
https://openalex.org/W4239240985
https://openalex.org/W4239271703
https://openalex.org/W4240079060
https://openalex.org/W4240530694
https://openalex.org/W4241617749
https://openalex.org/W4241937852
https://openalex.org/W4242061854
https://openalex.org/W4242200853
https://openalex.org/W4242276798
https://openalex.org/W4242325487
https://openalex.org/W4242357405
https://openalex.org/W4242962025
https://openalex.org/W4243536540
https://openalex.org/W4243570253
https://openalex.org/W4243917912
https://openalex.org/W4244348704
https://openalex.org/W4244380692
https://openalex.org/W4245199049
https://openalex.org/W4245248008
https://openalex.org/W4245270412
https://openalex.org/W4245418454
https://openalex.org/W4245430780
https://openalex.org/W4245924340
https://openalex.org/W4246229847
https://openalex.org/W4246416277
https://openalex.org/W4247206070
https://openalex.org/W4247560676
https://openalex.org/W4247611680
https://openalex.org/W4247648118
https://openalex.org/W4247693538
https://openalex.org/W4248024400
https://openalex.org/W4248028408
https://openalex.org/W4248134586
https://openalex.org/W4248162712
https://openalex.org/W4248194252
https://openalex.org/W4248541001
https://openalex.org/W4248800373
https://openalex.org/W4248920663
https://openalex.org/W4249360981
https://openalex.org/W4249524240
https://openalex.org/W4250435431
https://openalex.org/W4250452279
https://openalex.org/W4250732033
https://openalex.org/W4250824834
https://openalex.org/W4251229640
https://openalex.org/W4251229974
https://openalex.org/W4251271094
https://openalex.org/W4251400080
https://openalex.org/W4252475354
https://openalex.org/W4252523145
https://openalex.org/W4252595070
https://openalex.org/W4252658257
https://openalex.org/W4252789760
https://openalex.org/W4253232986
https://openalex.org/W4253463001
https://openalex.org/W4253618130
https://openalex.org/W4254001492
https://openalex.org/W4254515680
https://openalex.org/W4254757514
https://openalex.org/W4254902632
https://openalex.org/W4255204531
https://openalex.org/W4255385231
https://openalex.org/W4255824085
https://openalex.org/W4256225164
https://openalex.org/W4280523530
https://openalex.org/W4280542472
https://openalex.org/W4280573370
https://openalex.org/W4281639169
https://openalex.org/W4281674889
https://openalex.org/W4281675631
https://openalex.org/W4281714852
https://openalex.org/W4281796951
https://openalex.org/W4281907810
https://openalex.org/W4282832879
https://openalex.org/W4282976347
https://openalex.org/W4283011789
https://openalex.org/W4283020352
https://openalex.org/W4283156986
https://openalex.org/W4283383152
https://openalex.org/W4283445838
https://openalex.org/W4283585672
https://openalex.org/W4283656065
https://openalex.org/W4283696059
https://openalex.org/W4283834029
https://openalex.org/W4285172260
https://openalex.org/W4285202626
https://openalex.org/W4285219386
https://openalex.org/W4285284784
https://openalex.org/W4285307775
https://openalex.org/W4285332032
https://openalex.org/W4285429075
https://openalex.org/W4285613618
https://openalex.org/W4285713894
https://openalex.org/W4286588219
https://openalex.org/W4286744073
https://openalex.org/W4286795648
https://openalex.org/W4286845517
https://openalex.org/W4286863442
https://openalex.org/W4286880657
https://openalex.org/W4287084832
https://openalex.org/W4287101061
https://openalex.org/W4287271363
https://openalex.org/W4287330827
https://openalex.org/W4287370833
https://openalex.org/W4287816239
https://openalex.org/W4288009440
https://openalex.org/W4288043093
https://openalex.org/W4288103511
https://openalex.org/W4288267602
https://openalex.org/W4288350018
https://openalex.org/W4288601293
https://openalex.org/W4289300451
https://openalex.org/W4289816035
https://openalex.org/W4291250483
https://openalex.org/W4292494071
https://openalex.org/W4292542389
https://openalex.org/W4293113060
https://openalex.org/W4293172692
https://openalex.org/W4293218632
https://openalex.org/W4293249924
https://openalex.org/W4293422717
https://openalex.org/W4293799569
https://openalex.org/W4293805331
https://openalex.org/W4293861949
https://openalex.org/W4294101314
https://openalex.org/W4294569367
https://openalex.org/W4294588833
https://openalex.org/W4294919673
https://openalex.org/W4294993322
https://openalex.org/W4295095546
https://openalex.org/W4295238764
https://openalex.org/W4296518467
https://openalex.org/W4296563714
https://openalex.org/W4296683294
https://openalex.org/W4297094643
https://openalex.org/W4297168723
https://openalex.org/W4297415518
https://openalex.org/W4297803099
https://openalex.org/W4297811718
https://openalex.org/W4297910814
https://openalex.org/W4298100317
https://openalex.org/W4298235895
https://openalex.org/W4298850160
https://openalex.org/W4299046740
https://openalex.org/W4299129150
https://openalex.org/W4299394200
https://openalex.org/W4299410196
https://openalex.org/W4299943910
https://openalex.org/W4300124761
https://openalex.org/W4300427293
https://openalex.org/W4300487947
https://openalex.org/W4300591076
https://openalex.org/W4300844007
https://openalex.org/W4300861030
https://openalex.org/W4301103716
https://openalex.org/W4301130916
https://openalex.org/W4301159423
https://openalex.org/W4301180866
https://openalex.org/W4301767567
https://openalex.org/W4302050390
https://openalex.org/W4302072704
https://openalex.org/W4302281985
https://openalex.org/W4302281999
https://openalex.org/W4302410782
https://openalex.org/W4302424999
https://openalex.org/W4302560917
https://openalex.org/W4302762829
https://openalex.org/W4302912011
https://openalex.org/W4304114018
https://openalex.org/W4306178194
https://openalex.org/W4307622495
https://openalex.org/W4307897945
https://openalex.org/W4307988279
https://openalex.org/W4308410747
https://openalex.org/W4308592086
https://openalex.org/W4308749203
https://openalex.org/W4308806195
https://openalex.org/W4309032747
https://openalex.org/W4309660301
https://openalex.org/W4309839589
https://openalex.org/W4309947200
https://openalex.org/W4310124595
https://openalex.org/W4310276945
https://openalex.org/W4310670665
https://openalex.org/W4310671729
https://openalex.org/W4310978524
https://openalex.org/W4310984965
https://openalex.org/W4311038331
https://openalex.org/W4311376273
https://openalex.org/W4311413141
https://openalex.org/W4311484872
https://openalex.org/W4311730905
https://openalex.org/W4312212946
https://openalex.org/W4312213750
https://openalex.org/W4312216833
https://openalex.org/W4312244813
https://openalex.org/W4312262245
https://openalex.org/W4312406584
https://openalex.org/W4312527328
https://openalex.org/W4312538905
https://openalex.org/W4312577578
https://openalex.org/W4312599501
https://openalex.org/W4312696704
https://openalex.org/W4312747218
https://openalex.org/W4312788780
https://openalex.org/W4312928323
https://openalex.org/W4312996107
https://openalex.org/W4313245904
https://openalex.org/W4313246839
https://openalex.org/W4313289896
https://openalex.org/W4313345866
https://openalex.org/W4313595163
https://openalex.org/W4315486880
https://openalex.org/W4315705837
https://openalex.org/W4316660324
https://openalex.org/W4317812650
https://openalex.org/W4318025896
https://openalex.org/W4318253202
https://openalex.org/W4318591745
https://openalex.org/W4318671165
https://openalex.org/W4318687869
https://openalex.org/W4319080565
https://openalex.org/W4319302582
https://openalex.org/W4319303331
https://openalex.org/W4320065184
https://openalex.org/W4320156131
https://openalex.org/W4320484346
https://openalex.org/W4320484839
https://openalex.org/W4320487335
https://openalex.org/W4320496367
https://openalex.org/W4320858053
https://openalex.org/W4321018692
https://openalex.org/W4321083446
https://openalex.org/W4321341045
https://openalex.org/W4321341094
https://openalex.org/W4321341317
https://openalex.org/W4321480880
https://openalex.org/W4321608526
https://openalex.org/W4321787975
https://openalex.org/W4322010581
https://openalex.org/W4322749283
https://openalex.org/W4323365410
https://openalex.org/W4323655732
https://openalex.org/W4323823283
https://openalex.org/W4324134550
https://openalex.org/W4324330609
https://openalex.org/W4327523738
https://openalex.org/W4327903316
https://openalex.org/W4327953576
https://openalex.org/W4352991522
https://openalex.org/W4353018843
https://openalex.org/W435634152
https://openalex.org/W4360616497
https://openalex.org/W4360781598
https://openalex.org/W4360990548
https://openalex.org/W4361258662
https://openalex.org/W4361816235
https://openalex.org/W4361832888
https://openalex.org/W4361833096
https://openalex.org/W4361836805
https://openalex.org/W4361836807
https://openalex.org/W4361836809
https://openalex.org/W4361836810
https://openalex.org/W4361836838
https://openalex.org/W4361842344
https://openalex.org/W4361842360
https://openalex.org/W4361842385
https://openalex.org/W4361948288
https://openalex.org/W4362390910
https://openalex.org/W4362426468
https://openalex.org/W4362485650
https://openalex.org/W4362485695
https://openalex.org/W4362485968
https://openalex.org/W4362485970
https://openalex.org/W4362486016
https://openalex.org/W4362492505
https://openalex.org/W4362492833
https://openalex.org/W4362492983
https://openalex.org/W4362494159
https://openalex.org/W4362494162
https://openalex.org/W4362495095
https://openalex.org/W4362507851
https://openalex.org/W4362519953
https://openalex.org/W4362524702
https://openalex.org/W4362525752
https://openalex.org/W4362525881
https://openalex.org/W4362525898
https://openalex.org/W4362525899
https://openalex.org/W4362525907
https://openalex.org/W4362527384
https://openalex.org/W4362528285
https://openalex.org/W4362528287
https://openalex.org/W4362528312
https://openalex.org/W4362528383
https://openalex.org/W4362528410
https://openalex.org/W4362534048
https://openalex.org/W4362534270
https://openalex.org/W4362534271
https://openalex.org/W4362534280
https://openalex.org/W4362534288
https://openalex.org/W4362534388
https://openalex.org/W4362534391
https://openalex.org/W4362536232
https://openalex.org/W4362542004
https://openalex.org/W4362545159
https://openalex.org/W4362545772
https://openalex.org/W4362568189
https://openalex.org/W4362604499
https://openalex.org/W4362609036
https://openalex.org/W4362609197
https://openalex.org/W4362609222
https://openalex.org/W4362611103
https://openalex.org/W4362611148
https://openalex.org/W4362611149
https://openalex.org/W4362611244
https://openalex.org/W4362611265
https://openalex.org/W4362611379
https://openalex.org/W4362611400
https://openalex.org/W4362617221
https://openalex.org/W4362617265
https://openalex.org/W4362617288
https://openalex.org/W4362617295
https://openalex.org/W4362617300
https://openalex.org/W4362617320
https://openalex.org/W4362617378
https://openalex.org/W4362617386
https://openalex.org/W4362618274
https://openalex.org/W4362618297
https://openalex.org/W4362618403
https://openalex.org/W4362621065
https://openalex.org/W4362621110
https://openalex.org/W4362621127
https://openalex.org/W4362621130
https://openalex.org/W4362621177
https://openalex.org/W4362622876
https://openalex.org/W4362627685
https://openalex.org/W4362627815
https://openalex.org/W4362627833
https://openalex.org/W4362627843
https://openalex.org/W4362627847
https://openalex.org/W4362627852
https://openalex.org/W4362627887
https://openalex.org/W4362628085
https://openalex.org/W4362628387
https://openalex.org/W4362628475
https://openalex.org/W4362632764
https://openalex.org/W4362677585
https://openalex.org/W4362679414
https://openalex.org/W4362694724
https://openalex.org/W4362722439
https://openalex.org/W4365479039
https://openalex.org/W4366115890
https://openalex.org/W4366147959
https://openalex.org/W4366150402
https://openalex.org/W4367182666
https://openalex.org/W4367321569
https://openalex.org/W4367672495
https://openalex.org/W4367678481
https://openalex.org/W4368353931
https://openalex.org/W4372311906
https://openalex.org/W4372336504
https://openalex.org/W4375825068
https://openalex.org/W4375948995
https://openalex.org/W4375950406
https://openalex.org/W4375955734
https://openalex.org/W4376607038
https://openalex.org/W4376607041
https://openalex.org/W4376607057
https://openalex.org/W4376607093
https://openalex.org/W4376607153
https://openalex.org/W4376617316
https://openalex.org/W4376628948
https://openalex.org/W4376637133
https://openalex.org/W4376864490
https://openalex.org/W4377102965
https://openalex.org/W4377940966
https://openalex.org/W4378009712
https://openalex.org/W4378696430
https://openalex.org/W4378981228
https://openalex.org/W4379376787
https://openalex.org/W4379524573
https://openalex.org/W4379599079
https://openalex.org/W4379620140
https://openalex.org/W4379648387
https://openalex.org/W4379768553
https://openalex.org/W4379799157
https://openalex.org/W4379987632
https://openalex.org/W4379987703
https://openalex.org/W4380080543
https://openalex.org/W4380421954
https://openalex.org/W4380422735
https://openalex.org/W4380686082
https://openalex.org/W4380729875
https://openalex.org/W4380794522
https://openalex.org/W4380887040
https://openalex.org/W4380992249
https://openalex.org/W4381194954
https://openalex.org/W4381480381
https://openalex.org/W4381548544
https://openalex.org/W4381893414
https://openalex.org/W4381948956
https://openalex.org/W4382047957
https://openalex.org/W4382681202
https://openalex.org/W4382776242
https://openalex.org/W4382987227
https://openalex.org/W4382995030
https://openalex.org/W4383226172
https://openalex.org/W4383421456
https://openalex.org/W4383604975
https://openalex.org/W4384338587
https://openalex.org/W4384695636
https://openalex.org/W4384919620
https://openalex.org/W4384942664
https://openalex.org/W4385062872
https://openalex.org/W4385144779
https://openalex.org/W4385158975
https://openalex.org/W4385212800
https://openalex.org/W4385283295
https://openalex.org/W4385295508
https://openalex.org/W4385296357
https://openalex.org/W4385327021
https://openalex.org/W4385336266
https://openalex.org/W4385368841
https://openalex.org/W4385437783
https://openalex.org/W4385466376
https://openalex.org/W4385466471
https://openalex.org/W4385541552
https://openalex.org/W4385580602
https://openalex.org/W4385610163
https://openalex.org/W4385620534
https://openalex.org/W4385622754
https://openalex.org/W4385633877
https://openalex.org/W4385659109
https://openalex.org/W4385661248
https://openalex.org/W4385791037
https://openalex.org/W4385802741
https://openalex.org/W4385834383
https://openalex.org/W4385844792
https://openalex.org/W4385875706
https://openalex.org/W4385951210
https://openalex.org/W4385969663
https://openalex.org/W4385988099
https://openalex.org/W4386026380
https://openalex.org/W4386030486
https://openalex.org/W4386074624
https://openalex.org/W4386094285
https://openalex.org/W4386132087
https://openalex.org/W4386226793
https://openalex.org/W4386328161
https://openalex.org/W4386332583
https://openalex.org/W4386418998
https://openalex.org/W4386419020
https://openalex.org/W4386467339
https://openalex.org/W4386485172
https://openalex.org/W4386566163
https://openalex.org/W4386566524
https://openalex.org/W4386592937
https://openalex.org/W4386622865
https://openalex.org/W4386629978
https://openalex.org/W4386690950
https://openalex.org/W4386705621
https://openalex.org/W4386710327
https://openalex.org/W4386745126
https://openalex.org/W4386791028
https://openalex.org/W4386808264
https://openalex.org/W4386832330
https://openalex.org/W4386875286
https://openalex.org/W4386910062
https://openalex.org/W4386916161
https://openalex.org/W4386961494
https://openalex.org/W4387005924
https://openalex.org/W4387005970
https://openalex.org/W4387007662
https://openalex.org/W4387021486
https://openalex.org/W50016365
https://openalex.org/W5638083
https://openalex.org/W582662988
https://openalex.org/W590911215
https://openalex.org/W595406748
https://openalex.org/W603164236
https://openalex.org/W611663471
https://openalex.org/W650840341
https://openalex.org/W655043522
https://openalex.org/W6646919
https://openalex.org/W69583839
https://openalex.org/W72045748
https://openalex.org/W74758474
https://openalex.org/W751020772
https://openalex.org/W753598842
https://openalex.org/W7644063
https://openalex.org/W77910908
https://openalex.org/W78514301
https://openalex.org/W790043442
https://openalex.org/W797745570
https://openalex.org/W82107203
https://openalex.org/W834062191
https://openalex.org/W878430192
https://openalex.org/W881194408
https://openalex.org/W88723879
https://openalex.org/W89411520
https://openalex.org/W941924498
https://openalex.org/W950389758
https://openalex.org/W961278651
https://openalex.org/W978956641
https://openalex.org/W979342490
https://openalex.org/W2149146453
https://openalex.org/W2082239705
https://openalex.org/W2107046588
https://openalex.org/W2789869568
https://openalex.org/W2139791626
https://openalex.org/W2114494278
https://openalex.org/W2035365585
https://openalex.org/W2139305314
https://openalex.org/W1987284219
https://openalex.org/W3020001547
https://openalex.org/W2141937928
https://openalex.org/W2080407932
https://openalex.org/W2016430576
https://openalex.org/W2007823651
https://openalex.org/W2095405591
https://openalex.org/W2529226476
https://openalex.org/W1536211993
https://openalex.org/W2571049130
https://openalex.org/W1980591508
https://openalex.org/W2048505838
https://openalex.org/W2794995361
https://openalex.org/W2883291178
https://openalex.org/W2136347732
https://openalex.org/W2095690145
https://openalex.org/W2166170465
https://openalex.org/W2097626332
https://openalex.org/W2028222949
https://openalex.org/W2105465078
https://openalex.org/W2969232224
https://openalex.org/W2080591818
https://openalex.org/W1912757807
https://openalex.org/W2150116340
https://openalex.org/W2765457070
https://openalex.org/W2157646587
https://openalex.org/W1231453676
https://openalex.org/W2038438413
https://openalex.org/W2157460080
https://openalex.org/W2058104615
https://openalex.org/W2118086089
https://openalex.org/W2037896121
https://openalex.org/W2101782801
https://openalex.org/W2142954848
https://openalex.org/W2801750754
https://openalex.org/W2167618297
https://openalex.org/W2167793118
https://openalex.org/W2060799753
https://openalex.org/W2313786846
https://openalex.org/W2109625917
https://openalex.org/W2164444272
https://openalex.org/W2765212484
https://openalex.org/W2047301656
https://openalex.org/W2503515884
https://openalex.org/W2046923100
https://openalex.org/W2767183290
https://openalex.org/W1950941644
https://openalex.org/W1993640667
https://openalex.org/W1903088142
https://openalex.org/W2047519730
https://openalex.org/W1966693947
https://openalex.org/W2029229066
https://openalex.org/W2140600466
https://openalex.org/W2161052815
https://openalex.org/W2136906333
https://openalex.org/W1993768789
https://openalex.org/W2155683152
https://openalex.org/W2765116315
https://openalex.org/W2930339779
https://openalex.org/W2166081186
https://openalex.org/W2102826289
https://openalex.org/W1967758223
https://openalex.org/W2081493969
https://openalex.org/W2586276638
https://openalex.org/W3152880902
https://openalex.org/W1972214068
https://openalex.org/W1972499484
https://openalex.org/W2049012629
https://openalex.org/W2146794638
https://openalex.org/W2794056739
https://openalex.org/W2010746515
https://openalex.org/W2038881167
https://openalex.org/W2145859055
https://openalex.org/W2065811315
https://openalex.org/W1741087533
https://openalex.org/W2075007156
https://openalex.org/W2105077859
https://openalex.org/W2114973937
https://openalex.org/W2026247866
https://openalex.org/W2215798291
https://openalex.org/W2070524394
https://openalex.org/W2145970198
https://openalex.org/W2912485197
https://openalex.org/W2022745880
https://openalex.org/W2116572529
https://openalex.org/W2249280743
https://openalex.org/W2587039580
https://openalex.org/W2018329098
https://openalex.org/W2796954509
https://openalex.org/W2016507620
https://openalex.org/W2065360819
https://openalex.org/W2329391962
https://openalex.org/W1984123870
https://openalex.org/W2073790361
https://openalex.org/W2161966720
https://openalex.org/W2067641070
https://openalex.org/W2078069330
https://openalex.org/W2098495967
https://openalex.org/W1979646900
https://openalex.org/W2068056970
https://openalex.org/W2149253541
https://openalex.org/W2169985884
https://openalex.org/W1140469607
https://openalex.org/W2099008721
https://openalex.org/W2167799586
https://openalex.org/W3016005709
https://openalex.org/W2134559590
https://openalex.org/W1783764936
https://openalex.org/W1973743865
https://openalex.org/W2095221516
https://openalex.org/W2551559349
https://openalex.org/W2120751702
https://openalex.org/W2778963731
https://openalex.org/W2077073770
https://openalex.org/W2098104317
https://openalex.org/W3048858129
https://openalex.org/W2100247095
https://openalex.org/W2006309936
https://openalex.org/W2046346302
https://openalex.org/W2118367090
https://openalex.org/W2146767320
https://openalex.org/W2162529998
https://openalex.org/W2917573998
https://openalex.org/W1990139919
https://openalex.org/W2117776341
https://openalex.org/W2141094175
https://openalex.org/W2729819424
https://openalex.org/W1906886153
https://openalex.org/W2040683582
https://openalex.org/W1979267260
https://openalex.org/W2097903277
https://openalex.org/W2119766894
https://openalex.org/W2141539055
https://openalex.org/W2732947281
https://openalex.org/W2007468996
https://openalex.org/W2096593777
https://openalex.org/W115342157
https://openalex.org/W2069385352
https://openalex.org/W2089633679
https://openalex.org/W2029682811
https://openalex.org/W2154437831
https://openalex.org/W1503086187
https://openalex.org/W2154739457
https://openalex.org/W2128137074
https://openalex.org/W2766551075
https://openalex.org/W2066007168
https://openalex.org/W2111528966
https://openalex.org/W1568479834
https://openalex.org/W2037211220
https://openalex.org/W2005228785
https://openalex.org/W2575489745
https://openalex.org/W2132886674
https://openalex.org/W2014072465
https://openalex.org/W2072615276
https://openalex.org/W2094969592
https://openalex.org/W2169039196
https://openalex.org/W2009685139
https://openalex.org/W2055221600
https://openalex.org/W2000587597
https://openalex.org/W2046290122
https://openalex.org/W1875088822
https://openalex.org/W1970028262
https://openalex.org/W2002125116
https://openalex.org/W2108843890
https://openalex.org/W2158960587
https://openalex.org/W2156305611
https://openalex.org/W1998099849
https://openalex.org/W2790669451
https://openalex.org/W2921313893
https://openalex.org/W2079992425
https://openalex.org/W2320868553
https://openalex.org/W2103499212
https://openalex.org/W1985991393
https://openalex.org/W2089063094
https://openalex.org/W2005228455
https://openalex.org/W2098546767
https://openalex.org/W2100967414
https://openalex.org/W2116496553
https://openalex.org/W2089623607
https://openalex.org/W2127478952
https://openalex.org/W2178468712
https://openalex.org/W2528705988
https://openalex.org/W2950188004
https://openalex.org/W100176510
https://openalex.org/W2099073589
https://openalex.org/W2103690214
https://openalex.org/W2138879055
https://openalex.org/W2168404688
https://openalex.org/W2095771464
https://openalex.org/W2085696915
https://openalex.org/W2038987313
https://openalex.org/W2080422007
https://openalex.org/W2141316782
https://openalex.org/W1974198389
https://openalex.org/W2081702044
https://openalex.org/W2099764859
https://openalex.org/W1978686332
https://openalex.org/W1982572468
https://openalex.org/W1986588487
https://openalex.org/W2067184837
https://openalex.org/W2069665674
https://openalex.org/W2158697992
https://openalex.org/W2048997630
https://openalex.org/W2118307796
https://openalex.org/W2222349568
https://openalex.org/W2017670393
https://openalex.org/W2056281206
https://openalex.org/W2014445133
https://openalex.org/W2044375122
https://openalex.org/W1998429587
https://openalex.org/W2110205430
https://openalex.org/W2154278191
https://openalex.org/W2079254943
https://openalex.org/W2095283725
https://openalex.org/W2136764190
https://openalex.org/W1997049858
https://openalex.org/W2008412106
https://openalex.org/W2102575454
https://openalex.org/W260289318
https://openalex.org/W1996860706
https://openalex.org/W2030419210
https://openalex.org/W2338921377
https://openalex.org/W2892282588
https://openalex.org/W2922610698
https://openalex.org/W2036634700
https://openalex.org/W1987074486
https://openalex.org/W1997929174
https://openalex.org/W2043778011
https://openalex.org/W2077322206
https://openalex.org/W2094365932
https://openalex.org/W2118244600
https://openalex.org/W2296336050
https://openalex.org/W2424266524
https://openalex.org/W1969640318
https://openalex.org/W1994544664
https://openalex.org/W2022237067
https://openalex.org/W2057443262
https://openalex.org/W1938033796
https://openalex.org/W2017896220
https://openalex.org/W2085039880
https://openalex.org/W2129086022
https://openalex.org/W1973985508
https://openalex.org/W2081734811
https://openalex.org/W2089445567
https://openalex.org/W2136652160
https://openalex.org/W4376454112
https://openalex.org/W1988029618
https://openalex.org/W2065290052
https://openalex.org/W2081854531
https://openalex.org/W2094837023
https://openalex.org/W2792825631
https://openalex.org/W2031949611
https://openalex.org/W2047401320
https://openalex.org/W2048227919
https://openalex.org/W2070706618
https://openalex.org/W2144307786
https://openalex.org/W2795362564
https://openalex.org/W1967554523
https://openalex.org/W2024716054
https://openalex.org/W2329954142
https://openalex.org/W2765271200
https://openalex.org/W1992431962
https://openalex.org/W2005390265
https://openalex.org/W2109056070
https://openalex.org/W2789640589
https://openalex.org/W2116554707
https://openalex.org/W2166039301
https://openalex.org/W3190606189
https://openalex.org/W1996794319
https://openalex.org/W2007947851
https://openalex.org/W2056482866
https://openalex.org/W2066229398
https://openalex.org/W2101783385
https://openalex.org/W2010265802
https://openalex.org/W2029737507
https://openalex.org/W2090543419
https://openalex.org/W2134460656
https://openalex.org/W2806425638
https://openalex.org/W2015672064
https://openalex.org/W2077068003
https://openalex.org/W2078668060
https://openalex.org/W2105098560
https://openalex.org/W2129995506
https://openalex.org/W1581154766
https://openalex.org/W1999053742
https://openalex.org/W2002360827
https://openalex.org/W2007909938
https://openalex.org/W2050998689
https://openalex.org/W2069523941
https://openalex.org/W2809367512
https://openalex.org/W2907605167
https://openalex.org/W1969442168
https://openalex.org/W2070983924
https://openalex.org/W2097370957
https://openalex.org/W2139819667
https://openalex.org/W2206346562
https://openalex.org/W2310344966
https://openalex.org/W3198920134
https://openalex.org/W2187631041
https://openalex.org/W2531367662
https://openalex.org/W2950370080
https://openalex.org/W4211201440
https://openalex.org/W2080088384
https://openalex.org/W2605895092
https://openalex.org/W2800141034
https://openalex.org/W1986490316
https://openalex.org/W2003520592
https://openalex.org/W2044701632
https://openalex.org/W2081747943
https://openalex.org/W2090957961
https://openalex.org/W2132109848
https://openalex.org/W2960036894
https://openalex.org/W3131907886
https://openalex.org/W46758312
https://openalex.org/W1980326804
https://openalex.org/W1981336087
https://openalex.org/W1999482446
https://openalex.org/W2001469252
https://openalex.org/W2056730184
https://openalex.org/W2112097060
https://openalex.org/W2125809598
https://openalex.org/W2154493941
https://openalex.org/W2171998617
https://openalex.org/W2521102102
https://openalex.org/W1973770222
https://openalex.org/W2003155597
https://openalex.org/W2013776245
https://openalex.org/W2020550546
https://openalex.org/W2031878428
https://openalex.org/W2054216387
https://openalex.org/W2066792429
https://openalex.org/W2073990613
https://openalex.org/W2085982536
https://openalex.org/W2087490030
https://openalex.org/W2112014428
https://openalex.org/W2148329136
https://openalex.org/W2156350288
https://openalex.org/W2187534009
https://openalex.org/W2294126626
https://openalex.org/W2618913695
https://openalex.org/W3113244980
https://openalex.org/W1964550750
https://openalex.org/W1972208522
https://openalex.org/W2013464068
https://openalex.org/W2042816185
https://openalex.org/W2057146183
https://openalex.org/W2058086014
https://openalex.org/W2906915740
https://openalex.org/W1865193676
https://openalex.org/W1979510588
https://openalex.org/W2028135301
https://openalex.org/W2061921344
https://openalex.org/W2077650498
https://openalex.org/W2088769521
https://openalex.org/W2128446478
https://openalex.org/W3110065237
https://openalex.org/W1981512925
https://openalex.org/W1992105705
https://openalex.org/W2065105771
https://openalex.org/W2142738639
https://openalex.org/W2153319389
https://openalex.org/W1973759290
https://openalex.org/W2014456608
https://openalex.org/W2109908270
https://openalex.org/W2114193151
https://openalex.org/W2115587740
https://openalex.org/W2135318487
https://openalex.org/W2144781578
https://openalex.org/W2164773186
https://openalex.org/W2025093760
https://openalex.org/W2053017243
https://openalex.org/W2086182182
https://openalex.org/W2106361356
https://openalex.org/W2783484374
https://openalex.org/W1973413353
https://openalex.org/W1998084133
https://openalex.org/W2014377143
https://openalex.org/W2039802782
https://openalex.org/W2133555099
https://openalex.org/W2144769950
https://openalex.org/W2145496215
https://openalex.org/W2146922740
https://openalex.org/W1128185712
https://openalex.org/W2002068774
https://openalex.org/W2003728766
https://openalex.org/W2051624438
https://openalex.org/W2161184801
https://openalex.org/W2460573931
https://openalex.org/W2606056265
https://openalex.org/W2625969065
https://openalex.org/W2736393086
https://openalex.org/W2058150655
https://openalex.org/W2737406920
https://openalex.org/W3108804421
https://openalex.org/W1903160536
https://openalex.org/W2007430866
https://openalex.org/W2008995080
https://openalex.org/W2023000762
https://openalex.org/W2031765233
https://openalex.org/W2066706415
https://openalex.org/W2156088036
https://openalex.org/W2231305320
https://openalex.org/W2569885797
https://openalex.org/W2910632441
https://openalex.org/W1967893697
https://openalex.org/W1974021402
https://openalex.org/W1990591127
https://openalex.org/W2029043098
https://openalex.org/W2041007937
https://openalex.org/W2044310612
https://openalex.org/W2078669844
https://openalex.org/W2126481311
https://openalex.org/W2144185719
https://openalex.org/W2264572463
https://openalex.org/W2317355256
https://openalex.org/W2611874825
https://openalex.org/W1968595768
https://openalex.org/W2024956789
https://openalex.org/W2097664266
https://openalex.org/W2144551286
https://openalex.org/W2322576429
https://openalex.org/W1990340921
https://openalex.org/W2043730613
https://openalex.org/W2064563041
https://openalex.org/W2086785265
https://openalex.org/W2128747019
https://openalex.org/W2131067233
https://openalex.org/W2407160791
https://openalex.org/W2898116342
https://openalex.org/W2038466636
https://openalex.org/W2046103331
https://openalex.org/W2157039748
https://openalex.org/W2328739100
https://openalex.org/W2413232426
https://openalex.org/W1964757137
https://openalex.org/W1978687013
https://openalex.org/W2021784842
https://openalex.org/W2896040850
https://openalex.org/W2950635058
https://openalex.org/W1571615080
https://openalex.org/W1999472464
https://openalex.org/W1999821547
https://openalex.org/W2001446159
https://openalex.org/W2038384106
https://openalex.org/W2119070528
https://openalex.org/W2122450712
https://openalex.org/W2122755294
https://openalex.org/W2131482260
https://openalex.org/W3174286252
https://openalex.org/W1139041335
https://openalex.org/W1847228221
https://openalex.org/W1982166234
https://openalex.org/W1987525899
https://openalex.org/W1993088300
https://openalex.org/W2072109393
https://openalex.org/W2074847592
https://openalex.org/W2075612832
https://openalex.org/W2095523785
https://openalex.org/W2133120898
https://openalex.org/W2147056150
https://openalex.org/W2601279091
https://openalex.org/W1627528893
https://openalex.org/W1945637344
https://openalex.org/W1997859355
https://openalex.org/W2011130851
https://openalex.org/W2021111701
https://openalex.org/W2239321195
https://openalex.org/W2620864330
https://openalex.org/W2848285151
https://openalex.org/W2952582617
https://openalex.org/W1984245476
https://openalex.org/W2006115697
https://openalex.org/W2012383027
https://openalex.org/W2024465918
https://openalex.org/W2027413457
https://openalex.org/W2055785530
https://openalex.org/W2154916693
https://openalex.org/W2887678971
https://openalex.org/W1538944393
https://openalex.org/W1906130644
https://openalex.org/W2004662052
https://openalex.org/W2027011895
https://openalex.org/W2079343201
https://openalex.org/W2089259074
https://openalex.org/W2099921039
https://openalex.org/W2100643713
https://openalex.org/W2109061026
https://openalex.org/W2151714333
https://openalex.org/W2152646072
https://openalex.org/W2531228018
https://openalex.org/W2946718631
https://openalex.org/W3086420584
https://openalex.org/W3110140721
https://openalex.org/W1660259488
https://openalex.org/W1982316634
https://openalex.org/W2007761826
https://openalex.org/W2023588317
https://openalex.org/W2218201544
https://openalex.org/W2428207120
https://openalex.org/W2468520936
https://openalex.org/W2592741852
https://openalex.org/W2768770278
https://openalex.org/W2005787450
https://openalex.org/W2021119271
https://openalex.org/W2022807664
https://openalex.org/W2024695640
https://openalex.org/W2047225048
https://openalex.org/W2067343112
https://openalex.org/W2149086701
https://openalex.org/W2159087758
https://openalex.org/W2799736693
https://openalex.org/W3015574026
https://openalex.org/W1836164117
https://openalex.org/W1973155929
https://openalex.org/W1983499495
https://openalex.org/W2001705316
https://openalex.org/W2015141403
https://openalex.org/W2023971380
https://openalex.org/W2050721697
https://openalex.org/W2080395975
https://openalex.org/W2109265531
https://openalex.org/W2125955009
https://openalex.org/W2325256861
https://openalex.org/W926340101
https://openalex.org/W1969470058
https://openalex.org/W2006487637
https://openalex.org/W2016661841
https://openalex.org/W2024512887
https://openalex.org/W2040006882
https://openalex.org/W2057642670
https://openalex.org/W2083822335
https://openalex.org/W2109055810
https://openalex.org/W2110936983
https://openalex.org/W2406025494
https://openalex.org/W2739212571
https://openalex.org/W2757839170
https://openalex.org/W2782744179
https://openalex.org/W84710277
https://openalex.org/W1966751001
https://openalex.org/W2027110704
https://openalex.org/W2038595025
https://openalex.org/W2042813080
https://openalex.org/W2078879586
https://openalex.org/W2168742585
https://openalex.org/W2617762527
https://openalex.org/W2957232081
https://openalex.org/W1545284469
https://openalex.org/W1993224670
https://openalex.org/W1994264059
https://openalex.org/W2009191520
https://openalex.org/W2075267148
https://openalex.org/W2156317602
https://openalex.org/W2344432847
https://openalex.org/W2594684766
https://openalex.org/W2621105652
https://openalex.org/W1495922591
https://openalex.org/W1964332439
https://openalex.org/W1971101040
https://openalex.org/W1972509998
https://openalex.org/W2001000417
https://openalex.org/W2059405152
https://openalex.org/W2070276640
https://openalex.org/W2113958021
https://openalex.org/W2114344852
https://openalex.org/W2126539927
https://openalex.org/W3129985359
https://openalex.org/W1668637796
https://openalex.org/W2046876361
https://openalex.org/W2059798111
https://openalex.org/W2101761573
https://openalex.org/W2107576084
https://openalex.org/W2159225204
https://openalex.org/W2161158137
https://openalex.org/W2407801906
https://openalex.org/W2783495750
https://openalex.org/W1552306040
https://openalex.org/W1973816033
https://openalex.org/W2007472102
https://openalex.org/W2010537392
https://openalex.org/W2077418981
https://openalex.org/W2109734417
https://openalex.org/W2116032966
https://openalex.org/W2541856909
https://openalex.org/W2787913448
https://openalex.org/W2904100717
https://openalex.org/W3023631570
https://openalex.org/W1521623719
https://openalex.org/W1534942536
https://openalex.org/W2044051302
https://openalex.org/W2054712259
https://openalex.org/W2054953016
https://openalex.org/W2064003232
https://openalex.org/W2069461992
https://openalex.org/W2078715395
https://openalex.org/W2091454369
https://openalex.org/W2096736075
https://openalex.org/W2142112975
https://openalex.org/W2169323283
https://openalex.org/W2170573838
https://openalex.org/W2405799505
https://openalex.org/W2952597819
https://openalex.org/W1968533894
https://openalex.org/W1994940439
https://openalex.org/W2005217453
https://openalex.org/W2065361773
https://openalex.org/W2078958717
https://openalex.org/W2096163549
https://openalex.org/W2138764171
https://openalex.org/W2180701161
https://openalex.org/W2405568446
https://openalex.org/W2766696270
https://openalex.org/W1601566417
https://openalex.org/W1921422620
https://openalex.org/W2001287456
https://openalex.org/W2031105312
https://openalex.org/W2044513563
https://openalex.org/W2047466287
https://openalex.org/W2072733897
https://openalex.org/W2112211140
https://openalex.org/W2154408075
https://openalex.org/W2315172274
https://openalex.org/W3011673030
https://openalex.org/W115608145
https://openalex.org/W2015396213
https://openalex.org/W2045252000
https://openalex.org/W2060268164
https://openalex.org/W2125096226
https://openalex.org/W2135511899
https://openalex.org/W2153412170
https://openalex.org/W2313726612
https://openalex.org/W2320377211
https://openalex.org/W2327627822
https://openalex.org/W2338318016
https://openalex.org/W2548455963
https://openalex.org/W2621364077
https://openalex.org/W1965199319
https://openalex.org/W2009183654
https://openalex.org/W2038036434
https://openalex.org/W2129859128
https://openalex.org/W2165116279
https://openalex.org/W2413375564
https://openalex.org/W275463350
https://openalex.org/W2792033329
https://openalex.org/W2922100531
https://openalex.org/W2995557939
https://openalex.org/W4315928364
https://openalex.org/W1829554549
https://openalex.org/W197398384
https://openalex.org/W1979277560
https://openalex.org/W2010538127
https://openalex.org/W2016583173
https://openalex.org/W2045064556
https://openalex.org/W2053051952
https://openalex.org/W2075774801
https://openalex.org/W2116708922
https://openalex.org/W2121071922
https://openalex.org/W2143012704
https://openalex.org/W2308598489
https://openalex.org/W2473890789
https://openalex.org/W2474582631
https://openalex.org/W2585294477
https://openalex.org/W2610922818
https://openalex.org/W2790670900
https://openalex.org/W2793279239
https://openalex.org/W2892621594
https://openalex.org/W2986900180
https://openalex.org/W3018059184
https://openalex.org/W1542160278
https://openalex.org/W1684800945
https://openalex.org/W2002353733
https://openalex.org/W2059356728
https://openalex.org/W2062390698
https://openalex.org/W2079146548
https://openalex.org/W2079852422
https://openalex.org/W2084166559
https://openalex.org/W2102263585
https://openalex.org/W2103679516
https://openalex.org/W2191690882
https://openalex.org/W2396086503
https://openalex.org/W2537468408
https://openalex.org/W2555149741
https://openalex.org/W2626521647
https://openalex.org/W2793642174
https://openalex.org/W2890744727
https://openalex.org/W2995719471
https://openalex.org/W65878406
https://openalex.org/W1192215044
https://openalex.org/W1537101544
https://openalex.org/W1606036772
https://openalex.org/W1968469627
https://openalex.org/W1999618823
https://openalex.org/W2019734698
https://openalex.org/W2043515008
https://openalex.org/W2062840129
https://openalex.org/W2065782843
https://openalex.org/W2116573718
https://openalex.org/W2123824750
https://openalex.org/W2335244084
https://openalex.org/W2563443851
https://openalex.org/W2998720692
https://openalex.org/W3038465505
https://openalex.org/W394505033
https://openalex.org/W1939753785
https://openalex.org/W1963965181
https://openalex.org/W1979220883
https://openalex.org/W1989931447
https://openalex.org/W1994230407
https://openalex.org/W2020894837
https://openalex.org/W2037772807
https://openalex.org/W2045358661
https://openalex.org/W2046210536
https://openalex.org/W2058147543
https://openalex.org/W2060718111
https://openalex.org/W2063351896
https://openalex.org/W2063415866
https://openalex.org/W2091464241
https://openalex.org/W2136218183
https://openalex.org/W2146479736
https://openalex.org/W2213308312
https://openalex.org/W2336158111
https://openalex.org/W2418852112
https://openalex.org/W2581318616
https://openalex.org/W2618144446
https://openalex.org/W2809956057
https://openalex.org/W2896108481
https://openalex.org/W2970994473
https://openalex.org/W3009372228
https://openalex.org/W3110230623
https://openalex.org/W1496608120
https://openalex.org/W1937882434
https://openalex.org/W1963907864
https://openalex.org/W1967037041
https://openalex.org/W1970629175
https://openalex.org/W1971095297
https://openalex.org/W1979239739
https://openalex.org/W1994961350
https://openalex.org/W2053829586
https://openalex.org/W2090762345
https://openalex.org/W2144163230
https://openalex.org/W2155562102
https://openalex.org/W222231233
https://openalex.org/W2496410073
https://openalex.org/W2581212624
https://openalex.org/W2606636562
https://openalex.org/W2963778214
https://openalex.org/W3125430027
https://openalex.org/W3140389405
https://openalex.org/W3158640844
https://openalex.org/W1497521490
https://openalex.org/W1931130202
https://openalex.org/W1974858174
https://openalex.org/W1997474028
https://openalex.org/W2000204678
https://openalex.org/W2011965779
https://openalex.org/W2038707223
https://openalex.org/W2038795379
https://openalex.org/W2060980641
https://openalex.org/W2069019919
https://openalex.org/W2074424535
https://openalex.org/W2075354277
https://openalex.org/W2075714853
https://openalex.org/W2078363521
https://openalex.org/W2084536649
https://openalex.org/W2087880535
https://openalex.org/W2089699689
https://openalex.org/W2091870490
https://openalex.org/W2101666471
https://openalex.org/W2113453871
https://openalex.org/W2117978179
https://openalex.org/W2137424665
https://openalex.org/W2149654084
https://openalex.org/W2150063497
https://openalex.org/W2162622410
https://openalex.org/W2321372153
https://openalex.org/W2805018614
https://openalex.org/W2805756787
https://openalex.org/W2999927360
https://openalex.org/W3011152177
https://openalex.org/W3096383358
https://openalex.org/W4200077999
https://openalex.org/W62241670
https://openalex.org/W1977323163
https://openalex.org/W2007094189
https://openalex.org/W2012733669
https://openalex.org/W2023056992
https://openalex.org/W2057566218
https://openalex.org/W2064536918
https://openalex.org/W2091651406
https://openalex.org/W2139441614
https://openalex.org/W2154709927
https://openalex.org/W2302173788
https://openalex.org/W2303551394
https://openalex.org/W2304585210
https://openalex.org/W2325941989
https://openalex.org/W2519035528
https://openalex.org/W2802653121
https://openalex.org/W2952113392
https://openalex.org/W3009940926
https://openalex.org/W3040021648
https://openalex.org/W4220927682
https://openalex.org/W1545153134
https://openalex.org/W1965290683
https://openalex.org/W1965693440
https://openalex.org/W1978748506
https://openalex.org/W1986301544
https://openalex.org/W1994618983
https://openalex.org/W1996882713
https://openalex.org/W2004270866
https://openalex.org/W2014313053
https://openalex.org/W2016870728
https://openalex.org/W2053031236
https://openalex.org/W2063714860
https://openalex.org/W2084468473
https://openalex.org/W2091597699
https://openalex.org/W2225698706
https://openalex.org/W2755549738
https://openalex.org/W28658331
https://openalex.org/W3045790697
https://openalex.org/W1483253522
https://openalex.org/W1722418874
https://openalex.org/W1756445905
https://openalex.org/W1971599231
https://openalex.org/W1991158723
https://openalex.org/W2013033784
https://openalex.org/W2024607739
https://openalex.org/W2038026297
https://openalex.org/W2047314345
https://openalex.org/W2061746044
https://openalex.org/W2086100244
https://openalex.org/W2115483800
https://openalex.org/W2123068749
https://openalex.org/W2123829569
https://openalex.org/W2155523204
https://openalex.org/W221317997
https://openalex.org/W2303112913
https://openalex.org/W2398179313
https://openalex.org/W2506440818
https://openalex.org/W2588352921
https://openalex.org/W2774685824
https://openalex.org/W2888453839
https://openalex.org/W2898344576
https://openalex.org/W3041373111
https://openalex.org/W3154584991
https://openalex.org/W4255002809
https://openalex.org/W1480798236
https://openalex.org/W1883174007
https://openalex.org/W1931986727
https://openalex.org/W1983902984
https://openalex.org/W2007736068
https://openalex.org/W2015580617
https://openalex.org/W2035426300
https://openalex.org/W2041413455
https://openalex.org/W2061481922
https://openalex.org/W2062803169
https://openalex.org/W2067198258
https://openalex.org/W2070066267
https://openalex.org/W2079762851
https://openalex.org/W2081259731
https://openalex.org/W2082299801
https://openalex.org/W2082995383
https://openalex.org/W2117990720
https://openalex.org/W2159810213
https://openalex.org/W2331517605
https://openalex.org/W1481163877
https://openalex.org/W1530677989
https://openalex.org/W1920742576
https://openalex.org/W1965259053
https://openalex.org/W1986679704
https://openalex.org/W2022719176
https://openalex.org/W2038230093
https://openalex.org/W2065335876
https://openalex.org/W2066149082
https://openalex.org/W2076836794
https://openalex.org/W2087356488
https://openalex.org/W2094518056
https://openalex.org/W2120143570
https://openalex.org/W2131945137
https://openalex.org/W2138432159
https://openalex.org/W2149088322
https://openalex.org/W2165572010
https://openalex.org/W2286972844
https://openalex.org/W2304236411
https://openalex.org/W2314641257
https://openalex.org/W2332788671
https://openalex.org/W2426861884
https://openalex.org/W2470869846
https://openalex.org/W2548625812
https://openalex.org/W2575231884
https://openalex.org/W2745246498
https://openalex.org/W2766854236
https://openalex.org/W2767974208
https://openalex.org/W2791065070
https://openalex.org/W28980859
https://openalex.org/W3015705400
https://openalex.org/W3024025582
https://openalex.org/W3085300965
https://openalex.org/W3119382774
https://openalex.org/W3157952000
https://openalex.org/W63708008
https://openalex.org/W1551065468
https://openalex.org/W1963851098
https://openalex.org/W1992442326
https://openalex.org/W1993940426
https://openalex.org/W2010799482
https://openalex.org/W2022042170
https://openalex.org/W2028226518
https://openalex.org/W2029997177
https://openalex.org/W2057608611
https://openalex.org/W2060468401
https://openalex.org/W2061682721
https://openalex.org/W2066503088
https://openalex.org/W2070549882
https://openalex.org/W2081513501
https://openalex.org/W2082991811
https://openalex.org/W2131055736
https://openalex.org/W2133128393
https://openalex.org/W2166693152
https://openalex.org/W2171720916
https://openalex.org/W2397560376
https://openalex.org/W2553422818
https://openalex.org/W2611969992
https://openalex.org/W2921370152
https://openalex.org/W2950407279
https://openalex.org/W3041722064
https://openalex.org/W3087800010
https://openalex.org/W4253260159
https://openalex.org/W1531773618
https://openalex.org/W1628046993
https://openalex.org/W1956624806
https://openalex.org/W1964471377
https://openalex.org/W1966370265
https://openalex.org/W1989294520
https://openalex.org/W1999481530
https://openalex.org/W2025806514
https://openalex.org/W2032352396
https://openalex.org/W2059313346
https://openalex.org/W2059584262
https://openalex.org/W2090283686
https://openalex.org/W2093165096
https://openalex.org/W2101437640
https://openalex.org/W2108790579
https://openalex.org/W2122150508
https://openalex.org/W2142319107
https://openalex.org/W2157958773
https://openalex.org/W2276389344
https://openalex.org/W2327207950
https://openalex.org/W2891190668
https://openalex.org/W2937851806
https://openalex.org/W2969230666
https://openalex.org/W3016095076
https://openalex.org/W3036876973
https://openalex.org/W3131182687
https://openalex.org/W1540529121
https://openalex.org/W1887751613
https://openalex.org/W1969163318
https://openalex.org/W1969486078
https://openalex.org/W1976445261
https://openalex.org/W1996768954
https://openalex.org/W1998749794
https://openalex.org/W199918203
https://openalex.org/W2025401613
https://openalex.org/W2030519929
https://openalex.org/W2039740311
https://openalex.org/W2040194713
https://openalex.org/W2055406929
https://openalex.org/W2059273993
https://openalex.org/W2078508638
https://openalex.org/W2079763925
https://openalex.org/W2086051044
https://openalex.org/W2163393185
https://openalex.org/W2178869321
https://openalex.org/W2185627281
https://openalex.org/W2207830102
https://openalex.org/W2323226795
https://openalex.org/W2480617284
https://openalex.org/W2512830450
https://openalex.org/W2557884594
https://openalex.org/W2720880539
https://openalex.org/W2932485067
https://openalex.org/W2941651253
https://openalex.org/W2941987799
https://openalex.org/W2944861049
https://openalex.org/W2947018978
https://openalex.org/W2974098413
https://openalex.org/W3000611043
https://openalex.org/W3112457174
https://openalex.org/W3156309031
https://openalex.org/W3163754604
https://openalex.org/W3206996361
https://openalex.org/W795590867
https://openalex.org/W1749818086
https://openalex.org/W1827511784
https://openalex.org/W1965280546
https://openalex.org/W1975420422
https://openalex.org/W1985125912
https://openalex.org/W1987534267
https://openalex.org/W1993052013
https://openalex.org/W2007474066
https://openalex.org/W2018563154
https://openalex.org/W2018918955
https://openalex.org/W2019253093
https://openalex.org/W2024848563
https://openalex.org/W2061698901
https://openalex.org/W2067253130
https://openalex.org/W2077841245
https://openalex.org/W2111459991
https://openalex.org/W2124498790
https://openalex.org/W2131327079
https://openalex.org/W2325916590
https://openalex.org/W2332767935
https://openalex.org/W2341161061
https://openalex.org/W2404057253
https://openalex.org/W2409122083
https://openalex.org/W2554628550
https://openalex.org/W2792808900
https://openalex.org/W2793026898
https://openalex.org/W2803016979
https://openalex.org/W3008447349
https://openalex.org/W3064891758
https://openalex.org/W3120213798
https://openalex.org/W3187727644
https://openalex.org/W1492548923
https://openalex.org/W151231986
https://openalex.org/W1652816584
https://openalex.org/W1919886276
https://openalex.org/W1971681404
https://openalex.org/W1972230005
https://openalex.org/W1974427447
https://openalex.org/W1989594679
https://openalex.org/W2015707047
https://openalex.org/W2017033696
https://openalex.org/W2026483227
https://openalex.org/W2040342196
https://openalex.org/W2050604089
https://openalex.org/W2068862339
https://openalex.org/W2072694556
https://openalex.org/W2080218560
https://openalex.org/W2087480915
https://openalex.org/W2094475675
https://openalex.org/W2116405226
https://openalex.org/W2128772846
https://openalex.org/W2173385228
https://openalex.org/W2329712755
https://openalex.org/W2346489195
https://openalex.org/W2399741948
https://openalex.org/W2605325856
https://openalex.org/W2612681848
https://openalex.org/W2629870925
https://openalex.org/W2767340729
https://openalex.org/W2797654038
https://openalex.org/W2806843142
https://openalex.org/W3000074478
https://openalex.org/W304222365
https://openalex.org/W3042876569
https://openalex.org/W3136261618
https://openalex.org/W3159366078
https://openalex.org/W3207387928
https://openalex.org/W329810662
https://openalex.org/W4229507886
https://openalex.org/W565404691
https://openalex.org/W70976452
https://openalex.org/W1516003112
https://openalex.org/W1566063147
https://openalex.org/W1924689121
https://openalex.org/W1964082889
https://openalex.org/W1969963389
https://openalex.org/W1975987180
https://openalex.org/W1978730816
https://openalex.org/W1990419370
https://openalex.org/W1995733470
https://openalex.org/W2003601553
https://openalex.org/W2003611509
https://openalex.org/W2032183567
https://openalex.org/W2035649215
https://openalex.org/W2036311731
https://openalex.org/W2055264236
https://openalex.org/W2067979030
https://openalex.org/W2070256914
https://openalex.org/W2075747303
https://openalex.org/W2075955387
https://openalex.org/W2076585494
https://openalex.org/W2120765012
https://openalex.org/W2121618478
https://openalex.org/W2150870927
https://openalex.org/W2152615555
https://openalex.org/W2155978222
https://openalex.org/W2161684111
https://openalex.org/W2327854416
https://openalex.org/W2328924819
https://openalex.org/W2334027723
https://openalex.org/W2496690101
https://openalex.org/W2729840047
https://openalex.org/W2784283244
https://openalex.org/W2899549105
https://openalex.org/W2955230524
https://openalex.org/W2968028291
https://openalex.org/W2985471822
https://openalex.org/W3040803046
https://openalex.org/W3099595367
https://openalex.org/W4205671028
https://openalex.org/W4211050935
https://openalex.org/W4313331437
https://openalex.org/W1977682783
https://openalex.org/W1991884576
https://openalex.org/W2001400470
https://openalex.org/W2003640402
https://openalex.org/W2006436743
https://openalex.org/W2037504707
https://openalex.org/W2078184573
https://openalex.org/W2078629573
https://openalex.org/W2080265721
https://openalex.org/W2099578002
https://openalex.org/W2138958427
https://openalex.org/W2145310248
https://openalex.org/W2146267394
https://openalex.org/W2184269747
https://openalex.org/W2220515944
https://openalex.org/W2236888691
https://openalex.org/W2318330377
https://openalex.org/W2324542476
https://openalex.org/W2329565845
https://openalex.org/W2463478249
https://openalex.org/W2749243775
https://openalex.org/W2756118554
https://openalex.org/W2794088494
https://openalex.org/W2809451573
https://openalex.org/W2886739346
https://openalex.org/W2943474794
https://openalex.org/W2950373041
https://openalex.org/W2982710888
https://openalex.org/W2991676973
https://openalex.org/W2991964659
https://openalex.org/W2995939557
https://openalex.org/W3082715923
https://openalex.org/W3119063611
https://openalex.org/W3153355188
https://openalex.org/W3202946278
https://openalex.org/W4244551328
https://openalex.org/W4283580522
https://openalex.org/W1433367056
https://openalex.org/W1974233389
https://openalex.org/W1980891452
https://openalex.org/W1981272366
https://openalex.org/W2001328296
https://openalex.org/W2014913383
https://openalex.org/W2034146920
https://openalex.org/W2037160068
https://openalex.org/W2047694103
https://openalex.org/W2048066021
https://openalex.org/W2050006133
https://openalex.org/W2053203561
https://openalex.org/W2056650724
https://openalex.org/W2062683938
https://openalex.org/W2071650802
https://openalex.org/W2075386096
https://openalex.org/W2089147069
https://openalex.org/W2104199112
https://openalex.org/W2123738046
https://openalex.org/W2164645501
https://openalex.org/W2255502047
https://openalex.org/W2284140918
https://openalex.org/W2294467594
https://openalex.org/W2323111272
https://openalex.org/W2343355344
https://openalex.org/W2414120451
https://openalex.org/W2466860538
https://openalex.org/W2519347473
https://openalex.org/W2571466096
https://openalex.org/W2577992299
https://openalex.org/W2582340165
https://openalex.org/W2593769892
https://openalex.org/W2619435076
https://openalex.org/W2625253505
https://openalex.org/W2734320569
https://openalex.org/W2806888060
https://openalex.org/W2811294642
https://openalex.org/W2889019399
https://openalex.org/W2950109815
https://openalex.org/W2955421884
https://openalex.org/W2975940603
https://openalex.org/W2982258539
https://openalex.org/W3037915702
https://openalex.org/W3100014589
https://openalex.org/W3128319254
https://openalex.org/W3202115644
https://openalex.org/W4200022254
https://openalex.org/W4220792862
https://openalex.org/W4244077050
https://openalex.org/W79713502
https://openalex.org/W1547863077
https://openalex.org/W1567756114
https://openalex.org/W1977985048
https://openalex.org/W2006901270
https://openalex.org/W2007627561
https://openalex.org/W2030753714
https://openalex.org/W2031099292
https://openalex.org/W2031177383
https://openalex.org/W2043148845
https://openalex.org/W2059936045
https://openalex.org/W2068753923
https://openalex.org/W2109410415
https://openalex.org/W2279324833
https://openalex.org/W2290243397
https://openalex.org/W2332912499
https://openalex.org/W2409865158
https://openalex.org/W2417026609
https://openalex.org/W2497157644
https://openalex.org/W2502883614
https://openalex.org/W2525644600
https://openalex.org/W2536542077
https://openalex.org/W2584169241
https://openalex.org/W2763764882
https://openalex.org/W2773126844
https://openalex.org/W2781982112
https://openalex.org/W2790866095
https://openalex.org/W2922784144
https://openalex.org/W2945737077
https://openalex.org/W2956993582
https://openalex.org/W2991434189
https://openalex.org/W3020049097
https://openalex.org/W3085908985
https://openalex.org/W3091925222
https://openalex.org/W3097430589
https://openalex.org/W3126851743
https://openalex.org/W3216181903
https://openalex.org/W4385815533
https://openalex.org/W1484029235
https://openalex.org/W1911376021
https://openalex.org/W1972900092
https://openalex.org/W1978426965
https://openalex.org/W1989781932
https://openalex.org/W1990609369
https://openalex.org/W1993054582
https://openalex.org/W2019390426
https://openalex.org/W2026288271
https://openalex.org/W2029210372
https://openalex.org/W2038571594
https://openalex.org/W2053699820
https://openalex.org/W2057727583
https://openalex.org/W2077548225
https://openalex.org/W2080546581
https://openalex.org/W2081194178
https://openalex.org/W2093291834
https://openalex.org/W2103893561
https://openalex.org/W2112752041
https://openalex.org/W2137060827
https://openalex.org/W2163325287
https://openalex.org/W2177415592
https://openalex.org/W2299068524
https://openalex.org/W2312819550
https://openalex.org/W2331727591
https://openalex.org/W2332352663
https://openalex.org/W2343166258
https://openalex.org/W2365189857
https://openalex.org/W2401337581
https://openalex.org/W2414861817
https://openalex.org/W2470248490
https://openalex.org/W2507749226
https://openalex.org/W2515697800
https://openalex.org/W2604919113
https://openalex.org/W2605448241
https://openalex.org/W2607388283
https://openalex.org/W2731646466
https://openalex.org/W2801693407
https://openalex.org/W2887158063
https://openalex.org/W2889839901
https://openalex.org/W2900597358
https://openalex.org/W2901779364
https://openalex.org/W2913015603
https://openalex.org/W3020596948
https://openalex.org/W3023890294
https://openalex.org/W3097194550
https://openalex.org/W4212826129
https://openalex.org/W156798929
https://openalex.org/W1922815918
https://openalex.org/W1964538741
https://openalex.org/W1970745692
https://openalex.org/W2009851383
https://openalex.org/W2021944468
https://openalex.org/W2023642653
https://openalex.org/W2035541870
https://openalex.org/W2049564246
https://openalex.org/W2050515820
https://openalex.org/W2058117397
https://openalex.org/W2062706830
https://openalex.org/W2071542208
https://openalex.org/W2071901522
https://openalex.org/W2072701607
https://openalex.org/W2124739427
https://openalex.org/W2131208803
https://openalex.org/W2132536108
https://openalex.org/W2187111412
https://openalex.org/W2333747172
https://openalex.org/W2399924127
https://openalex.org/W2411798912
https://openalex.org/W2417141757
https://openalex.org/W2470361297
https://openalex.org/W2529708693
https://openalex.org/W2603698463
https://openalex.org/W2796325056
https://openalex.org/W2913527030
https://openalex.org/W2922360592
https://openalex.org/W2976127408
https://openalex.org/W3063941966
https://openalex.org/W3087434055
https://openalex.org/W3201912199
https://openalex.org/W3208373612
https://openalex.org/W391710689
https://openalex.org/W4220912671
https://openalex.org/W4235381225
https://openalex.org/W4283833426
https://openalex.org/W125000875
https://openalex.org/W1592377049
https://openalex.org/W1629722976
https://openalex.org/W1973844742
https://openalex.org/W2004369041
https://openalex.org/W2007439003
https://openalex.org/W2009165527
https://openalex.org/W2013969919
https://openalex.org/W2014201330
https://openalex.org/W2021545377
https://openalex.org/W2023571612
https://openalex.org/W2025958629
https://openalex.org/W2037574591
https://openalex.org/W2045077663
https://openalex.org/W2048200265
https://openalex.org/W2059975101
https://openalex.org/W2073195427
https://openalex.org/W2078080000
https://openalex.org/W2084581031
https://openalex.org/W2090184153
https://openalex.org/W2092777448
https://openalex.org/W2098583665
https://openalex.org/W2110635960
https://openalex.org/W2118484025
https://openalex.org/W2128108915
https://openalex.org/W2157937957
https://openalex.org/W2228349767
https://openalex.org/W2264502654
https://openalex.org/W2280154368
https://openalex.org/W2303007829
https://openalex.org/W2326895064
https://openalex.org/W2341796193
https://openalex.org/W2460959614
https://openalex.org/W2536377472
https://openalex.org/W2541137185
https://openalex.org/W2586071135
https://openalex.org/W2739669990
https://openalex.org/W2745407236
https://openalex.org/W2942290479
https://openalex.org/W3007855623
https://openalex.org/W3028685155
https://openalex.org/W3031093585
https://openalex.org/W3096732677
https://openalex.org/W3110762579
https://openalex.org/W3112561076
https://openalex.org/W3119474450
https://openalex.org/W337882660
https://openalex.org/W4312115370
https://openalex.org/W119379502
https://openalex.org/W1600700037
https://openalex.org/W1798963167
https://openalex.org/W181308150
https://openalex.org/W1966611583
https://openalex.org/W1970481944
https://openalex.org/W1983659361
https://openalex.org/W1996222385
https://openalex.org/W2007576852
https://openalex.org/W2023261939
https://openalex.org/W2026530103
https://openalex.org/W2035880943
https://openalex.org/W2039238838
https://openalex.org/W2059032981
https://openalex.org/W2062506867
https://openalex.org/W2066857492
https://openalex.org/W2076248053
https://openalex.org/W2096311971
https://openalex.org/W2105324934
https://openalex.org/W2116862750
https://openalex.org/W2121072783
https://openalex.org/W2130571857
https://openalex.org/W2146255376
https://openalex.org/W2147480379
https://openalex.org/W2165009865
https://openalex.org/W2166718164
https://openalex.org/W2199770841
https://openalex.org/W2275865593
https://openalex.org/W2277618988
https://openalex.org/W2280420703
https://openalex.org/W2303632626
https://openalex.org/W2318115999
https://openalex.org/W2407987265
https://openalex.org/W2409037343
https://openalex.org/W2412806704
https://openalex.org/W2462747131
https://openalex.org/W2463242453
https://openalex.org/W2518688659
https://openalex.org/W2569503663
https://openalex.org/W2588064720
https://openalex.org/W2615792629
https://openalex.org/W2770141606
https://openalex.org/W2789429926
https://openalex.org/W2790046175
https://openalex.org/W2792042872
https://openalex.org/W2793223704
https://openalex.org/W2884246608
https://openalex.org/W2886550702
https://openalex.org/W2900078893
https://openalex.org/W2909788704
https://openalex.org/W291185928
https://openalex.org/W2915046674
https://openalex.org/W2916076060
https://openalex.org/W2922944666
https://openalex.org/W2939529874
https://openalex.org/W2942582053
https://openalex.org/W2944297447
https://openalex.org/W2971718755
https://openalex.org/W2973443369
https://openalex.org/W2977017978
https://openalex.org/W3022281247
https://openalex.org/W3026762953
https://openalex.org/W3044244811
https://openalex.org/W3045056480
https://openalex.org/W3086907790
https://openalex.org/W3137787161
https://openalex.org/W3187890793
https://openalex.org/W3201001243
https://openalex.org/W3209018707
https://openalex.org/W1497524267
https://openalex.org/W1859162738
https://openalex.org/W1884430658
https://openalex.org/W191128214
https://openalex.org/W1967956285
https://openalex.org/W1971687550
https://openalex.org/W1973618640
https://openalex.org/W1975739499
https://openalex.org/W1980932597
https://openalex.org/W1983142597
https://openalex.org/W1987008303
https://openalex.org/W1987624263
https://openalex.org/W1995364941
https://openalex.org/W2005804228
https://openalex.org/W2014651164
https://openalex.org/W2014814932
https://openalex.org/W2026950361
https://openalex.org/W2032906680
https://openalex.org/W2035293586
https://openalex.org/W2041445504
https://openalex.org/W2047830844
https://openalex.org/W2058066488
https://openalex.org/W2058303615
https://openalex.org/W2081886139
https://openalex.org/W2084286582
https://openalex.org/W2085842419
https://openalex.org/W2085928987
https://openalex.org/W2096970244
https://openalex.org/W2128253985
https://openalex.org/W2144810545
https://openalex.org/W2171870087
https://openalex.org/W2180327450
https://openalex.org/W2312207974
https://openalex.org/W2327139998
https://openalex.org/W2331160583
https://openalex.org/W2395174353
https://openalex.org/W2413241303
https://openalex.org/W2414519873
https://openalex.org/W2418863953
https://openalex.org/W2464352977
https://openalex.org/W2551051645
https://openalex.org/W2600394651
https://openalex.org/W2602901301
https://openalex.org/W2614853184
https://openalex.org/W2735198169
https://openalex.org/W2757736899
https://openalex.org/W2765626824
https://openalex.org/W2801899306
https://openalex.org/W2898992627
https://openalex.org/W2925152183
https://openalex.org/W2942047341
https://openalex.org/W2942722297
https://openalex.org/W2965972827
https://openalex.org/W2968040742
https://openalex.org/W2983192022
https://openalex.org/W2985370010
https://openalex.org/W2995836695
https://openalex.org/W3009992275
https://openalex.org/W3012229527
https://openalex.org/W3015429078
https://openalex.org/W3098150357
https://openalex.org/W3103018482
https://openalex.org/W3156008407
https://openalex.org/W3193859083
https://openalex.org/W3206199299
https://openalex.org/W4200108566
https://openalex.org/W4239296808
https://openalex.org/W4239613212
https://openalex.org/W4253201164
https://openalex.org/W4297464604
https://openalex.org/W4313386923
https://openalex.org/W128938339
https://openalex.org/W1894837824
https://openalex.org/W1969973861
https://openalex.org/W1980595806
https://openalex.org/W1987526808
https://openalex.org/W2004552108
https://openalex.org/W2007331023
https://openalex.org/W2008753041
https://openalex.org/W2013030194
https://openalex.org/W2014415411
https://openalex.org/W2027489354
https://openalex.org/W2035521005
https://openalex.org/W2041697472
https://openalex.org/W2044178246
https://openalex.org/W2045775897
https://openalex.org/W2045901325
https://openalex.org/W2066937855
https://openalex.org/W2071207526
https://openalex.org/W2085247295
https://openalex.org/W2104573070
https://openalex.org/W2105562953
https://openalex.org/W2113128443
https://openalex.org/W2114301474
https://openalex.org/W2118684204
https://openalex.org/W2119090029
https://openalex.org/W2130439428
https://openalex.org/W2136098659
https://openalex.org/W2177378382
https://openalex.org/W2210402034
https://openalex.org/W2270383726
https://openalex.org/W2274264816
https://openalex.org/W2313283952
https://openalex.org/W2331098927
https://openalex.org/W2332359217
https://openalex.org/W2395213398
https://openalex.org/W2406080378
https://openalex.org/W2416624297
https://openalex.org/W2416979845
https://openalex.org/W2417522421
https://openalex.org/W2435756436
https://openalex.org/W2468430088
https://openalex.org/W2479185422
https://openalex.org/W251305488
https://openalex.org/W2615222242
https://openalex.org/W274036311
https://openalex.org/W2779987050
https://openalex.org/W2780709346
https://openalex.org/W2808632454
https://openalex.org/W2889666043
https://openalex.org/W2911429995
https://openalex.org/W2938844837
https://openalex.org/W2946727343
https://openalex.org/W2964917003
https://openalex.org/W2981605668
https://openalex.org/W2990699496
https://openalex.org/W3001914828
https://openalex.org/W3035393013
https://openalex.org/W3039491881
https://openalex.org/W3040041989
https://openalex.org/W3046883259
https://openalex.org/W3083706618
https://openalex.org/W3105628007
https://openalex.org/W3110668268
https://openalex.org/W3157396950
https://openalex.org/W3158571367
https://openalex.org/W3179656395
https://openalex.org/W4213435782
https://openalex.org/W4221087350
https://openalex.org/W4284882642
https://openalex.org/W4285394570
https://openalex.org/W1557877539
https://openalex.org/W169029361
https://openalex.org/W1804507724
https://openalex.org/W1926825129
https://openalex.org/W1964242030
https://openalex.org/W1975382948
https://openalex.org/W1978367324
https://openalex.org/W1984493847
https://openalex.org/W1991592943
https://openalex.org/W1993341219
https://openalex.org/W2008054720
https://openalex.org/W2013433800
https://openalex.org/W2015154876
https://openalex.org/W2021117597
https://openalex.org/W2027257055
https://openalex.org/W2030741507
https://openalex.org/W2043493183
https://openalex.org/W2046274492
https://openalex.org/W2050970377
https://openalex.org/W2062199577
https://openalex.org/W2062899102
https://openalex.org/W2071431277
https://openalex.org/W2071635566
https://openalex.org/W2076167721
https://openalex.org/W2076270682
https://openalex.org/W2077210781
https://openalex.org/W2078287858
https://openalex.org/W2081201729
https://openalex.org/W2088964951
https://openalex.org/W2097817632
https://openalex.org/W2108510537
https://openalex.org/W2125205490
https://openalex.org/W2130379657
https://openalex.org/W2141641891
https://openalex.org/W2143887626
https://openalex.org/W2156249159
https://openalex.org/W2165206307
https://openalex.org/W2189228446
https://openalex.org/W2286176352
https://openalex.org/W2313242313
https://openalex.org/W2313311937
https://openalex.org/W2316640318
https://openalex.org/W2324706885
https://openalex.org/W2397582789
https://openalex.org/W2408636053
https://openalex.org/W2411086574
https://openalex.org/W2414355037
https://openalex.org/W2415190929
https://openalex.org/W2468825143
https://openalex.org/W2560817586
https://openalex.org/W2597918218
https://openalex.org/W2602011001
https://openalex.org/W266362124
https://openalex.org/W2666948223
https://openalex.org/W2744640873
https://openalex.org/W2755845005
https://openalex.org/W2766719797
https://openalex.org/W2791133885
https://openalex.org/W2794232026
https://openalex.org/W2794464123
https://openalex.org/W2806578606
https://openalex.org/W2885388237
https://openalex.org/W2888329830
https://openalex.org/W2913245841
https://openalex.org/W2944017057
https://openalex.org/W2988151940
https://openalex.org/W2991493208
https://openalex.org/W3003351569
https://openalex.org/W3011183835
https://openalex.org/W3045165399
https://openalex.org/W3048060394
https://openalex.org/W3086060491
https://openalex.org/W3097626997
https://openalex.org/W3134200490
https://openalex.org/W3134427807
https://openalex.org/W3138826727
https://openalex.org/W3155571996
https://openalex.org/W3192303686
https://openalex.org/W3210770105
https://openalex.org/W3213961185
https://openalex.org/W4296535887
https://openalex.org/W4308679307
https://openalex.org/W128940562
https://openalex.org/W1554305871
https://openalex.org/W1722253763
https://openalex.org/W1909126503
https://openalex.org/W1966681311
https://openalex.org/W1972020000
https://openalex.org/W1980896964
https://openalex.org/W1994101263
https://openalex.org/W2000672393
https://openalex.org/W2006405150
https://openalex.org/W2011947739
https://openalex.org/W2026139737
https://openalex.org/W2052886591
https://openalex.org/W2062637627
https://openalex.org/W2066705279
https://openalex.org/W2068624714
https://openalex.org/W2068668967
https://openalex.org/W2069574137
https://openalex.org/W2076728923
https://openalex.org/W2086460990
https://openalex.org/W2089615897
https://openalex.org/W2100507916
https://openalex.org/W2110295436
https://openalex.org/W2116046021
https://openalex.org/W2124247763
https://openalex.org/W2125560648
https://openalex.org/W2135069470
https://openalex.org/W2137006890
https://openalex.org/W2138329594
https://openalex.org/W2138648672
https://openalex.org/W2143609185
https://openalex.org/W2144917787
https://openalex.org/W2155133420
https://openalex.org/W2158205590
https://openalex.org/W2159256405
https://openalex.org/W2171317488
https://openalex.org/W2183995095
https://openalex.org/W2199159675
https://openalex.org/W2315058724
https://openalex.org/W2317579576
https://openalex.org/W2333000161
https://openalex.org/W2401733669
https://openalex.org/W2469699450
https://openalex.org/W2498340514
https://openalex.org/W2522973116
https://openalex.org/W2530840663
https://openalex.org/W2539781216
https://openalex.org/W2552826853
https://openalex.org/W2585995563
https://openalex.org/W2590677483
https://openalex.org/W2591534493
https://openalex.org/W2592002536
https://openalex.org/W2613292637
https://openalex.org/W2883649476
https://openalex.org/W2904134775
https://openalex.org/W2941366610
https://openalex.org/W2941606946
https://openalex.org/W2950029022
https://openalex.org/W2991494698
https://openalex.org/W3017746712
https://openalex.org/W3026017253
https://openalex.org/W3031717715
https://openalex.org/W3034334808
https://openalex.org/W3034634182
https://openalex.org/W3087129456
https://openalex.org/W3089720113
https://openalex.org/W3094189324
https://openalex.org/W3105837018
https://openalex.org/W3142015507
https://openalex.org/W3145233353
https://openalex.org/W3148067591
https://openalex.org/W3167834771
https://openalex.org/W3168289492
https://openalex.org/W3180999406
https://openalex.org/W3193418979
https://openalex.org/W3202124362
https://openalex.org/W3210603673
https://openalex.org/W4210429572
https://openalex.org/W4236035467
https://openalex.org/W4298129685
https://openalex.org/W4309323485
https://openalex.org/W4312348637
https://openalex.org/W96937964
https://openalex.org/W1613142324
https://openalex.org/W1977718834
https://openalex.org/W1981816150
https://openalex.org/W1994139052
https://openalex.org/W1997318714
https://openalex.org/W2005064871
https://openalex.org/W2007643518
https://openalex.org/W2021649813
https://openalex.org/W2026930314
https://openalex.org/W2041609821
https://openalex.org/W2043790149
https://openalex.org/W2059927549
https://openalex.org/W2061293936
https://openalex.org/W2075220085
https://openalex.org/W2095367932
https://openalex.org/W2104647007
https://openalex.org/W2112818628
https://openalex.org/W2127732428
https://openalex.org/W2137142118
https://openalex.org/W2157710917
https://openalex.org/W2162517902
https://openalex.org/W2173134352
https://openalex.org/W2187816259
https://openalex.org/W2268674853
https://openalex.org/W2313243797
https://openalex.org/W2321829380
https://openalex.org/W2328948036
https://openalex.org/W2333613688
https://openalex.org/W2336493368
https://openalex.org/W2411282567
https://openalex.org/W2482582875
https://openalex.org/W2511306342
https://openalex.org/W2526642934
https://openalex.org/W2560790530
https://openalex.org/W2566698199
https://openalex.org/W2593350272
https://openalex.org/W2622822373
https://openalex.org/W2736956949
https://openalex.org/W2737107195
https://openalex.org/W2744331291
https://openalex.org/W2753545875
https://openalex.org/W2758246910
https://openalex.org/W2765522157
https://openalex.org/W2767487215
https://openalex.org/W2770307355
https://openalex.org/W2780784869
https://openalex.org/W2795364070
https://openalex.org/W2798224805
https://openalex.org/W2801056428
https://openalex.org/W2840772232
https://openalex.org/W2881037939
https://openalex.org/W2896405928
https://openalex.org/W2910464727
https://openalex.org/W2916228918
https://openalex.org/W2922787220
https://openalex.org/W2965106829
https://openalex.org/W2975739080
https://openalex.org/W2993389211
https://openalex.org/W2995012161
https://openalex.org/W3002636350
https://openalex.org/W3009993618
https://openalex.org/W3021439856
https://openalex.org/W3022278879
https://openalex.org/W3025958910
https://openalex.org/W3036697998
https://openalex.org/W3042788932
https://openalex.org/W3093324354
https://openalex.org/W3109389118
https://openalex.org/W3128864931
https://openalex.org/W3139458539
https://openalex.org/W3156040521
https://openalex.org/W3163230251
https://openalex.org/W3203788072
https://openalex.org/W3203981422
https://openalex.org/W3207393350
https://openalex.org/W3207795357
https://openalex.org/W3210671792
https://openalex.org/W3211204151
https://openalex.org/W3211779927
https://openalex.org/W4212978610
https://openalex.org/W4220660111
https://openalex.org/W4220887106
https://openalex.org/W4241749318
https://openalex.org/W1025047931
https://openalex.org/W135845525
https://openalex.org/W1565219898
https://openalex.org/W1575432841
https://openalex.org/W1831633784
https://openalex.org/W188922927
https://openalex.org/W1966032035
https://openalex.org/W1967495308
https://openalex.org/W1972698734
https://openalex.org/W1973422391
https://openalex.org/W1975091573
https://openalex.org/W1977391346
https://openalex.org/W1977597726
https://openalex.org/W1978172630
https://openalex.org/W1980661849
https://openalex.org/W1995087608
https://openalex.org/W1996171206
https://openalex.org/W2008189832
https://openalex.org/W2011256970
https://openalex.org/W2015373741
https://openalex.org/W2017800341
https://openalex.org/W2018470677
https://openalex.org/W2029922677
https://openalex.org/W2031845390
https://openalex.org/W2032746748
https://openalex.org/W2034228351
https://openalex.org/W2035090418
https://openalex.org/W2037131607
https://openalex.org/W2038944783
https://openalex.org/W2054602277
https://openalex.org/W2054607898
https://openalex.org/W2066088792
https://openalex.org/W2066865676
https://openalex.org/W2075907650
https://openalex.org/W2081608090
https://openalex.org/W2086087615
https://openalex.org/W2090264366
https://openalex.org/W2091036721
https://openalex.org/W2094360826
https://openalex.org/W2113258042
https://openalex.org/W2119547322
https://openalex.org/W2138661304
https://openalex.org/W2151349236
https://openalex.org/W2154367633
https://openalex.org/W2160174002
https://openalex.org/W2167230505
https://openalex.org/W2222344445
https://openalex.org/W2232009325
https://openalex.org/W2286002112
https://openalex.org/W2322902642
https://openalex.org/W2323223214
https://openalex.org/W2324748488
https://openalex.org/W2408539267
https://openalex.org/W2426322732
https://openalex.org/W2428081010
https://openalex.org/W2509572588
https://openalex.org/W2512038435
https://openalex.org/W2512984459
https://openalex.org/W2515503722
https://openalex.org/W2528870486
https://openalex.org/W2535215250
https://openalex.org/W2549530918
https://openalex.org/W2585959993
https://openalex.org/W2591761591
https://openalex.org/W2594595579
https://openalex.org/W2765727780
https://openalex.org/W2775495288
https://openalex.org/W2790876405
https://openalex.org/W279337200
https://openalex.org/W2795581362
https://openalex.org/W2806710969
https://openalex.org/W2810190265
https://openalex.org/W2883638538
https://openalex.org/W2889354893
https://openalex.org/W2898171140
https://openalex.org/W2901616038
https://openalex.org/W2903052719
https://openalex.org/W2909501814
https://openalex.org/W2918948205
https://openalex.org/W2919268670
https://openalex.org/W2944397590
https://openalex.org/W2944897801
https://openalex.org/W2949360812
https://openalex.org/W2953190208
https://openalex.org/W3000469607
https://openalex.org/W3007760275
https://openalex.org/W3010788944
https://openalex.org/W3015072715
https://openalex.org/W3016296138
https://openalex.org/W3024826274
https://openalex.org/W3037658662
https://openalex.org/W3042859585
https://openalex.org/W3080513205
https://openalex.org/W3090922179
https://openalex.org/W3097838868
https://openalex.org/W3113239774
https://openalex.org/W3121285978
https://openalex.org/W3130915312
https://openalex.org/W3137881143
https://openalex.org/W3139159720
https://openalex.org/W3147596839
https://openalex.org/W3158410242
https://openalex.org/W3159417151
https://openalex.org/W3164280483
https://openalex.org/W3166252393
https://openalex.org/W3166569203
https://openalex.org/W3167733319
https://openalex.org/W3174147014
https://openalex.org/W3190266991
https://openalex.org/W3192715508
https://openalex.org/W3198622608
https://openalex.org/W3201012710
https://openalex.org/W3204477226
https://openalex.org/W3210745935
https://openalex.org/W3215094266
https://openalex.org/W3215626082
https://openalex.org/W4220799784
https://openalex.org/W4220837989
https://openalex.org/W4236331153
https://openalex.org/W4244191585
https://openalex.org/W4251066188
https://openalex.org/W4252724189
https://openalex.org/W4280522686
https://openalex.org/W4289314836
https://openalex.org/W4293168669
https://openalex.org/W4294934890
https://openalex.org/W4295788492
https://openalex.org/W4306850085
https://openalex.org/W4309822144
https://openalex.org/W56669101
https://openalex.org/W102404468
https://openalex.org/W118499492
https://openalex.org/W1568103526
https://openalex.org/W1576057052
https://openalex.org/W1602447602
https://openalex.org/W1790484372
https://openalex.org/W1965835752
https://openalex.org/W1968484193
https://openalex.org/W1975884266
https://openalex.org/W1977813647
https://openalex.org/W1991000122
https://openalex.org/W1994114946
https://openalex.org/W1996324452
https://openalex.org/W1998905016
https://openalex.org/W2007126336
https://openalex.org/W2013691508
https://openalex.org/W2027486591
https://openalex.org/W2028595902
https://openalex.org/W2033509428
https://openalex.org/W2035174014
https://openalex.org/W2040384351
https://openalex.org/W2045469482
https://openalex.org/W2053874374
https://openalex.org/W2065202461
https://openalex.org/W2066183832
https://openalex.org/W2074012994
https://openalex.org/W2074208773
https://openalex.org/W207713967
https://openalex.org/W2084838838
https://openalex.org/W2088871556
https://openalex.org/W2094598379
https://openalex.org/W2098487219
https://openalex.org/W2118938937
https://openalex.org/W2119975618
https://openalex.org/W2149971055
https://openalex.org/W2171237826
https://openalex.org/W2171921817
https://openalex.org/W2175478805
https://openalex.org/W2179116150
https://openalex.org/W2182229429
https://openalex.org/W2182293892
https://openalex.org/W2215157689
https://openalex.org/W2274618604
https://openalex.org/W2278055955
https://openalex.org/W2286563565
https://openalex.org/W2313542590
https://openalex.org/W2316474745
https://openalex.org/W2319084551
https://openalex.org/W2321076895
https://openalex.org/W2321541194
https://openalex.org/W2323033662
https://openalex.org/W2325584391
https://openalex.org/W2327551515
https://openalex.org/W2328828233
https://openalex.org/W2331279210
https://openalex.org/W2400138320
https://openalex.org/W2409052830
https://openalex.org/W2411713475
https://openalex.org/W2412142560
https://openalex.org/W2412309289
https://openalex.org/W2416279157
https://openalex.org/W2417086803
https://openalex.org/W2417921710
https://openalex.org/W2418935728
https://openalex.org/W2433874180
https://openalex.org/W2466396930
https://openalex.org/W2516983141
https://openalex.org/W2554079687
https://openalex.org/W2560137145
https://openalex.org/W2581167855
https://openalex.org/W2584862832
https://openalex.org/W2592069277
https://openalex.org/W2604221791
https://openalex.org/W2616290443
https://openalex.org/W2618841055
https://openalex.org/W2635601885
https://openalex.org/W2747367988
https://openalex.org/W2755775697
https://openalex.org/W2760973858
https://openalex.org/W2789843964
https://openalex.org/W2791458922
https://openalex.org/W2801029474
https://openalex.org/W2804705176
https://openalex.org/W2811039480
https://openalex.org/W2886739714
https://openalex.org/W2919423943
https://openalex.org/W2941795935
https://openalex.org/W2945650198
https://openalex.org/W2949210011
https://openalex.org/W2953257805
https://openalex.org/W2962952268
https://openalex.org/W2963653968
https://openalex.org/W2979233791
https://openalex.org/W2979940574
https://openalex.org/W2980298906
https://openalex.org/W2990060718
https://openalex.org/W3000399288
https://openalex.org/W3007706913
https://openalex.org/W3012841080
https://openalex.org/W3021080096
https://openalex.org/W3021838336
https://openalex.org/W3046473230
https://openalex.org/W3080732829
https://openalex.org/W3093538619
https://openalex.org/W3096794797
https://openalex.org/W3102194633
https://openalex.org/W3110170425
https://openalex.org/W3113333092
https://openalex.org/W3122638225
https://openalex.org/W3124030572
https://openalex.org/W3134728915
https://openalex.org/W3157931434
https://openalex.org/W3165408048
https://openalex.org/W3165832932
https://openalex.org/W3168777182
https://openalex.org/W3179204411
https://openalex.org/W3207718037
https://openalex.org/W3214132431
https://openalex.org/W4221127554
https://openalex.org/W4224992889
https://openalex.org/W4229017835
https://openalex.org/W4229048244
https://openalex.org/W4231239442
https://openalex.org/W4237989554
https://openalex.org/W4238541336
https://openalex.org/W4255696791
https://openalex.org/W4282940824
https://openalex.org/W4308684114
https://openalex.org/W4309859135
https://openalex.org/W4310209518
https://openalex.org/W4312657099
https://openalex.org/W4319459456
https://openalex.org/W941733843
https://openalex.org/W1136861422
https://openalex.org/W1506480139
https://openalex.org/W1528158286
https://openalex.org/W1569818749
https://openalex.org/W1589890597
https://openalex.org/W1590762392
https://openalex.org/W175676279
https://openalex.org/W1792901812
https://openalex.org/W1967397191
https://openalex.org/W1968971467
https://openalex.org/W1971867450
https://openalex.org/W1972076463
https://openalex.org/W1978880553
https://openalex.org/W1983287606
https://openalex.org/W1993388099
https://openalex.org/W2008361003
https://openalex.org/W2010562867
https://openalex.org/W2013289024
https://openalex.org/W2015911092
https://openalex.org/W2017386202
https://openalex.org/W2017515857
https://openalex.org/W2018888918
https://openalex.org/W2029194835
https://openalex.org/W2033361254
https://openalex.org/W2035299770
https://openalex.org/W2041502240
https://openalex.org/W2044546767
https://openalex.org/W2050007465
https://openalex.org/W2055312330
https://openalex.org/W2057902729
https://openalex.org/W2065339610
https://openalex.org/W2067425296
https://openalex.org/W2067752342
https://openalex.org/W2069534612
https://openalex.org/W2081196447
https://openalex.org/W2087031670
https://openalex.org/W2090991820
https://openalex.org/W2108740440
https://openalex.org/W2112948232
https://openalex.org/W2113413814
https://openalex.org/W2128950225
https://openalex.org/W2300391048
https://openalex.org/W2313369391
https://openalex.org/W2313496598
https://openalex.org/W2316200642
https://openalex.org/W2316498353
https://openalex.org/W2319322244
https://openalex.org/W2325266727
https://openalex.org/W2329346375
https://openalex.org/W2330144621
https://openalex.org/W2332850777
https://openalex.org/W2333065695
https://openalex.org/W2357612415
https://openalex.org/W2371569499
https://openalex.org/W2400652570
https://openalex.org/W2415114428
https://openalex.org/W2416492988
https://openalex.org/W2419049340
https://openalex.org/W2441371149
https://openalex.org/W2444097201
https://openalex.org/W2464971123
https://openalex.org/W2469801483
https://openalex.org/W2473795541
https://openalex.org/W2475298206
https://openalex.org/W2493133465
https://openalex.org/W2551911569
https://openalex.org/W2580032376
https://openalex.org/W2587426375
https://openalex.org/W2587458141
https://openalex.org/W2589615998
https://openalex.org/W2604299771
https://openalex.org/W2621383952
https://openalex.org/W2725195022
https://openalex.org/W2739333329
https://openalex.org/W2746569089
https://openalex.org/W2752285555
https://openalex.org/W2768176111
https://openalex.org/W2777565582
https://openalex.org/W2791802159
https://openalex.org/W2794795061
https://openalex.org/W2844276495
https://openalex.org/W2850122309
https://openalex.org/W2883295441
https://openalex.org/W2883670470
https://openalex.org/W2883995473
https://openalex.org/W2904055834
https://openalex.org/W2918864376
https://openalex.org/W2920711972
https://openalex.org/W2924793583
https://openalex.org/W2946044558
https://openalex.org/W2948704912
https://openalex.org/W2951860731
https://openalex.org/W2951868629
https://openalex.org/W2981766398
https://openalex.org/W2981974176
https://openalex.org/W2983804175
https://openalex.org/W2985278118
https://openalex.org/W3004912123
https://openalex.org/W3007287689
https://openalex.org/W3008954305
https://openalex.org/W3023959584
https://openalex.org/W3028798827
https://openalex.org/W3033206118
https://openalex.org/W3034707563
https://openalex.org/W3043694997
https://openalex.org/W3045992031
https://openalex.org/W3097684062
https://openalex.org/W3107686829
https://openalex.org/W3112282637
https://openalex.org/W3130837943
https://openalex.org/W3154087380
https://openalex.org/W3157565634
https://openalex.org/W3170373327
https://openalex.org/W3173837839
https://openalex.org/W3174984987
https://openalex.org/W3199050182
https://openalex.org/W3201336720
https://openalex.org/W3204069165
https://openalex.org/W3209744713
https://openalex.org/W3212314848
https://openalex.org/W3213702262
https://openalex.org/W333483061
https://openalex.org/W4200086695
https://openalex.org/W4200443057
https://openalex.org/W4210339117
https://openalex.org/W4210907297
https://openalex.org/W4214875333
https://openalex.org/W4224122355
https://openalex.org/W4225114875
https://openalex.org/W4225548402
https://openalex.org/W4229455670
https://openalex.org/W4230983824
https://openalex.org/W4241814416
https://openalex.org/W4253984219
https://openalex.org/W4290000587
https://openalex.org/W4292997574
https://openalex.org/W4293090465
https://openalex.org/W4296793712
https://openalex.org/W4297180542
https://openalex.org/W4306948398
https://openalex.org/W4310017349
https://openalex.org/W4323663725
https://openalex.org/W4327584884
https://openalex.org/W642745112
https://openalex.org/W112367947
https://openalex.org/W1246392103
https://openalex.org/W1560902687
https://openalex.org/W1572686512
https://openalex.org/W1580708664
https://openalex.org/W15984079
https://openalex.org/W1603074977
https://openalex.org/W176348080
https://openalex.org/W1939613402
https://openalex.org/W1963978673
https://openalex.org/W1965749253
https://openalex.org/W1971752604
https://openalex.org/W1980732387
https://openalex.org/W1982907021
https://openalex.org/W1986834100
https://openalex.org/W1989296211
https://openalex.org/W1989803629
https://openalex.org/W1990072788
https://openalex.org/W2000502687
https://openalex.org/W2009139068
https://openalex.org/W2020189479
https://openalex.org/W2026306224
https://openalex.org/W2043924756
https://openalex.org/W2046418764
https://openalex.org/W2048063707
https://openalex.org/W2048713992
https://openalex.org/W2063521460
https://openalex.org/W2063717534
https://openalex.org/W2074191221
https://openalex.org/W2081927230
https://openalex.org/W2082062513
https://openalex.org/W2087514470
https://openalex.org/W2087922876
https://openalex.org/W2093925037
https://openalex.org/W2100879453
https://openalex.org/W2107318885
https://openalex.org/W2187844534
https://openalex.org/W2273675685
https://openalex.org/W2281910915
https://openalex.org/W2282637898
https://openalex.org/W2297011807
https://openalex.org/W2300035611
https://openalex.org/W2311583756
https://openalex.org/W231404564
https://openalex.org/W2317956273
https://openalex.org/W2319980116
https://openalex.org/W2332645669
https://openalex.org/W2363191281
https://openalex.org/W2366313042
https://openalex.org/W2408792726
https://openalex.org/W2411834567
https://openalex.org/W2415317084
https://openalex.org/W2418873521
https://openalex.org/W2422668933
https://openalex.org/W2425476342
https://openalex.org/W2471339908
https://openalex.org/W2502068285
https://openalex.org/W2513056757
https://openalex.org/W2560618641
https://openalex.org/W2573256537
https://openalex.org/W2579335963
https://openalex.org/W2598252609
https://openalex.org/W2599367513
https://openalex.org/W2604808632
https://openalex.org/W2607423831
https://openalex.org/W2616504009
https://openalex.org/W2691731470
https://openalex.org/W2736213216
https://openalex.org/W2738674110
https://openalex.org/W2741515210
https://openalex.org/W2744497710
https://openalex.org/W2764305957
https://openalex.org/W2766006217
https://openalex.org/W2786437753
https://openalex.org/W2790243692
https://openalex.org/W2794677583
https://openalex.org/W2796562097
https://openalex.org/W2797142973
https://openalex.org/W2803960765
https://openalex.org/W2805558372
https://openalex.org/W2884805685
https://openalex.org/W2888078933
https://openalex.org/W2888132599
https://openalex.org/W2891908104
https://openalex.org/W2898176640
https://openalex.org/W2900874464
https://openalex.org/W2900925493
https://openalex.org/W2908524336
https://openalex.org/W2909326650
https://openalex.org/W2913562654
https://openalex.org/W2918393593
https://openalex.org/W2918621026
https://openalex.org/W2919845569
https://openalex.org/W2922157174
https://openalex.org/W2923628222
https://openalex.org/W2928601220
https://openalex.org/W2939180218
https://openalex.org/W2943314791
https://openalex.org/W2946354174
https://openalex.org/W2948415333
https://openalex.org/W2952816045
https://openalex.org/W2960289643
https://openalex.org/W2967853639
https://openalex.org/W2968082975
https://openalex.org/W2969284844
https://openalex.org/W2969887847
https://openalex.org/W2979801151
https://openalex.org/W2983337994
https://openalex.org/W2983505737
https://openalex.org/W2986030948
https://openalex.org/W2989909323
https://openalex.org/W2990345326
https://openalex.org/W2990910783
https://openalex.org/W2991258597
https://openalex.org/W2993184757
https://openalex.org/W2994963810
https://openalex.org/W2995078251
https://openalex.org/W2999796680
https://openalex.org/W3001303502
https://openalex.org/W3009602944
https://openalex.org/W3010603437
https://openalex.org/W3014204371
https://openalex.org/W3022073454
https://openalex.org/W3022529104
https://openalex.org/W3022827967
https://openalex.org/W3030955973
https://openalex.org/W3033626028
https://openalex.org/W3035697084
https://openalex.org/W3037887496
https://openalex.org/W3038991086
https://openalex.org/W3040092472
https://openalex.org/W3044121766
https://openalex.org/W3044877635
https://openalex.org/W3045603497
https://openalex.org/W3046133244
https://openalex.org/W3046307641
https://openalex.org/W3047390704
https://openalex.org/W305704804
https://openalex.org/W3082797805
https://openalex.org/W3093304622
https://openalex.org/W3094608115
https://openalex.org/W3098239722
https://openalex.org/W3101210558
https://openalex.org/W3104402627
https://openalex.org/W3106338138
https://openalex.org/W3107943790
https://openalex.org/W3111910508
https://openalex.org/W3112037542
https://openalex.org/W3120247190
https://openalex.org/W3126648226
https://openalex.org/W3136137351
https://openalex.org/W3136814909
https://openalex.org/W3145774101
https://openalex.org/W3154662667
https://openalex.org/W3156163443
https://openalex.org/W3166711093
https://openalex.org/W3169389459
https://openalex.org/W316973357
https://openalex.org/W3171828936
https://openalex.org/W3172724770
https://openalex.org/W3173927384
https://openalex.org/W3174158486
https://openalex.org/W3176673020
https://openalex.org/W3183469720
https://openalex.org/W3183534515
https://openalex.org/W3184821820
https://openalex.org/W3185273081
https://openalex.org/W3186188977
https://openalex.org/W3191113709
https://openalex.org/W3194052761
https://openalex.org/W3196448681
https://openalex.org/W3206987118
https://openalex.org/W321854516
https://openalex.org/W36122311
https://openalex.org/W4200154065
https://openalex.org/W4205483349
https://openalex.org/W4206272886
https://openalex.org/W4206334947
https://openalex.org/W4206681710
https://openalex.org/W4210248871
https://openalex.org/W4213192857
https://openalex.org/W4213388335
https://openalex.org/W4220675992
https://openalex.org/W4220689847
https://openalex.org/W4220714019
https://openalex.org/W4223434423
https://openalex.org/W4223475072
https://openalex.org/W4225894866
https://openalex.org/W4229048516
https://openalex.org/W4235624981
https://openalex.org/W4244468753
https://openalex.org/W4251488649
https://openalex.org/W4252961591
https://openalex.org/W4280553441
https://openalex.org/W4281914165
https://openalex.org/W4282821805
https://openalex.org/W4284699753
https://openalex.org/W4288096205
https://openalex.org/W4289842699
https://openalex.org/W4289890701
https://openalex.org/W4306687190
https://openalex.org/W4316174756
https://openalex.org/W4378674294
https://openalex.org/W1033583922
https://openalex.org/W1419331608
https://openalex.org/W1518765031
https://openalex.org/W1551552020
https://openalex.org/W1569384839
https://openalex.org/W1582992626
https://openalex.org/W164058103
https://openalex.org/W1853392707
https://openalex.org/W188606291
https://openalex.org/W190492608
https://openalex.org/W1978730179
https://openalex.org/W1979303032
https://openalex.org/W1994031835
https://openalex.org/W1998460089
https://openalex.org/W2006575762
https://openalex.org/W2013017550
https://openalex.org/W2013177105
https://openalex.org/W2022510254
https://openalex.org/W2025029202
https://openalex.org/W2026243139
https://openalex.org/W2033699470
https://openalex.org/W2035435426
https://openalex.org/W2038292659
https://openalex.org/W2044814785
https://openalex.org/W2047268750
https://openalex.org/W2050340407
https://openalex.org/W2055288985
https://openalex.org/W2070678520
https://openalex.org/W2075564703
https://openalex.org/W2083321309
https://openalex.org/W2084090410
https://openalex.org/W2084701995
https://openalex.org/W2086606256
https://openalex.org/W2092266378
https://openalex.org/W2092760538
https://openalex.org/W2095591046
https://openalex.org/W2125799355
https://openalex.org/W2132806830
https://openalex.org/W2148048194
https://openalex.org/W2153889565
https://openalex.org/W2163267431
https://openalex.org/W2166405727
https://openalex.org/W2166505655
https://openalex.org/W2167192139
https://openalex.org/W2174029329
https://openalex.org/W2183650656
https://openalex.org/W2187191800
https://openalex.org/W2187794609
https://openalex.org/W2190517065
https://openalex.org/W2199177966
https://openalex.org/W2199935649
https://openalex.org/W2235117650
https://openalex.org/W2247612368
https://openalex.org/W2291936187
https://openalex.org/W231170231
https://openalex.org/W2315705556
https://openalex.org/W2322077964
https://openalex.org/W2330432482
https://openalex.org/W2332631747
https://openalex.org/W2335128737
https://openalex.org/W2377607707
https://openalex.org/W2394787526
https://openalex.org/W2397934933
https://openalex.org/W2402181023
https://openalex.org/W2404636605
https://openalex.org/W2411335948
https://openalex.org/W2413882192
https://openalex.org/W2414132537
https://openalex.org/W2416361613
https://openalex.org/W2416784098
https://openalex.org/W2417475662
https://openalex.org/W2465318188
https://openalex.org/W2466873561
https://openalex.org/W2483164505
https://openalex.org/W2492583727
https://openalex.org/W2506151970
https://openalex.org/W2527898165
https://openalex.org/W2555036725
https://openalex.org/W2558582157
https://openalex.org/W2559169249
https://openalex.org/W2559824317
https://openalex.org/W2560385876
https://openalex.org/W2565334395
https://openalex.org/W2583701918
https://openalex.org/W2586487618
https://openalex.org/W2587772359
https://openalex.org/W2594072103
https://openalex.org/W2605205798
https://openalex.org/W2606360001
https://openalex.org/W2606789876
https://openalex.org/W2611781043
https://openalex.org/W2614667663
https://openalex.org/W2621167069
https://openalex.org/W2736323662
https://openalex.org/W2736453562
https://openalex.org/W2738309111
https://openalex.org/W2738499367
https://openalex.org/W2739874678
https://openalex.org/W2753776756
https://openalex.org/W2766261904
https://openalex.org/W2766685499
https://openalex.org/W2775827486
https://openalex.org/W2780672381
https://openalex.org/W2791845557
https://openalex.org/W2792344801
https://openalex.org/W2794506242
https://openalex.org/W2794883189
https://openalex.org/W2797108051
https://openalex.org/W2800004494
https://openalex.org/W2802049667
https://openalex.org/W2802815555
https://openalex.org/W2803812047
https://openalex.org/W2804148077
https://openalex.org/W2804279583
https://openalex.org/W2807808145
https://openalex.org/W2809766000
https://openalex.org/W2819866445
https://openalex.org/W2891827913
https://openalex.org/W2896467376
https://openalex.org/W2910397989
https://openalex.org/W2910903433
https://openalex.org/W2916498507
https://openalex.org/W2918538155
https://openalex.org/W2921628173
https://openalex.org/W2922308339
https://openalex.org/W2923893651
https://openalex.org/W2931135728
https://openalex.org/W2937244708
https://openalex.org/W2938967718
https://openalex.org/W2942868953
https://openalex.org/W2945952964
https://openalex.org/W2950738628
https://openalex.org/W2952726622
https://openalex.org/W2962874442
https://openalex.org/W2963773174
https://openalex.org/W2965788930
https://openalex.org/W2968965854
https://openalex.org/W2972520975
https://openalex.org/W2980802811
https://openalex.org/W2981789940
https://openalex.org/W2983307373
https://openalex.org/W2984873387
https://openalex.org/W2989082067
https://openalex.org/W2990478847
https://openalex.org/W2995234981
https://openalex.org/W3001713741
https://openalex.org/W3006708793
https://openalex.org/W3007040450
https://openalex.org/W3007753333
https://openalex.org/W3010839140
https://openalex.org/W3021918016
https://openalex.org/W3023281847
https://openalex.org/W3023487791
https://openalex.org/W3023942689
https://openalex.org/W3023992987
https://openalex.org/W3025447067
https://openalex.org/W3037690927
https://openalex.org/W3037736240
https://openalex.org/W3039072402
https://openalex.org/W3046305880
https://openalex.org/W3048697551
https://openalex.org/W3098874249
https://openalex.org/W3101358195
https://openalex.org/W3104975540
https://openalex.org/W3114549660
https://openalex.org/W3134218484
https://openalex.org/W3134379613
https://openalex.org/W3135191343
https://openalex.org/W3137569486
https://openalex.org/W3139093071
https://openalex.org/W3155825353
https://openalex.org/W3157266365
https://openalex.org/W3158179801
https://openalex.org/W3158860914
https://openalex.org/W3159569691
https://openalex.org/W3164950665
https://openalex.org/W3166545814
https://openalex.org/W3167420946
https://openalex.org/W3172419556
https://openalex.org/W3176187245
https://openalex.org/W3184637367
https://openalex.org/W3187987961
https://openalex.org/W3192763593
https://openalex.org/W3196716669
https://openalex.org/W3198418109
https://openalex.org/W3199912085
https://openalex.org/W3203827308
https://openalex.org/W3204007308
https://openalex.org/W3205546836
https://openalex.org/W3207349466
https://openalex.org/W3207571689
https://openalex.org/W3213262834
https://openalex.org/W3213397138
https://openalex.org/W3214311080
https://openalex.org/W3216645130
https://openalex.org/W37666719
https://openalex.org/W4200175967
https://openalex.org/W4200288620
https://openalex.org/W4200618124
https://openalex.org/W4205437593
https://openalex.org/W4205441380
https://openalex.org/W4205854102
https://openalex.org/W4206763057
https://openalex.org/W4210563844
https://openalex.org/W4213141517
https://openalex.org/W4213213003
https://openalex.org/W4213232069
https://openalex.org/W4213417215
https://openalex.org/W4220963845
https://openalex.org/W4223899644
https://openalex.org/W4224233832
https://openalex.org/W4224281884
https://openalex.org/W4224326712
https://openalex.org/W4225126500
https://openalex.org/W4225132376
https://openalex.org/W4225315105
https://openalex.org/W4226498717
https://openalex.org/W4229003418
https://openalex.org/W4229439989
https://openalex.org/W4233828437
https://openalex.org/W4234856155
https://openalex.org/W4235405840
https://openalex.org/W4237075854
https://openalex.org/W4237835755
https://openalex.org/W4239285149
https://openalex.org/W4239622303
https://openalex.org/W4239730390
https://openalex.org/W4240206781
https://openalex.org/W4248403424
https://openalex.org/W4251170709
https://openalex.org/W4251246297
https://openalex.org/W4280620065
https://openalex.org/W4281757182
https://openalex.org/W4281787255
https://openalex.org/W4283786258
https://openalex.org/W4285506288
https://openalex.org/W4286633387
https://openalex.org/W42916730
https://openalex.org/W4293171008
https://openalex.org/W4293798043
https://openalex.org/W4295914941
https://openalex.org/W4296425929
https://openalex.org/W4297236478
https://openalex.org/W4297905034
https://openalex.org/W4298004145
https://openalex.org/W4307375660
https://openalex.org/W4308256825
https://openalex.org/W4308589874
https://openalex.org/W4310699942
https://openalex.org/W4311860186
https://openalex.org/W4312113560
https://openalex.org/W4312197401
https://openalex.org/W4318476255
https://openalex.org/W4319768642
https://openalex.org/W4321452785
https://openalex.org/W4321502160
https://openalex.org/W4322008690
https://openalex.org/W43346722
https://openalex.org/W4361267502
https://openalex.org/W4368618177
https://openalex.org/W4376108225
https://openalex.org/W4380086100
https://openalex.org/W4382632507
https://openalex.org/W97110117
https://openalex.org/W108878225
https://openalex.org/W122288368
https://openalex.org/W1256920972
https://openalex.org/W1494650936
https://openalex.org/W1510166414
https://openalex.org/W1566807901
https://openalex.org/W1572521274
https://openalex.org/W1626579487
https://openalex.org/W163290719
https://openalex.org/W165877507
https://openalex.org/W1904354476
https://openalex.org/W1942934949
https://openalex.org/W1964349498
https://openalex.org/W1969258373
https://openalex.org/W1970068679
https://openalex.org/W1971509015
https://openalex.org/W1979607808
https://openalex.org/W1988894611
https://openalex.org/W1989138687
https://openalex.org/W1989278827
https://openalex.org/W1998060395
https://openalex.org/W1998486675
https://openalex.org/W1998873474
https://openalex.org/W2010669766
https://openalex.org/W2038482069
https://openalex.org/W2042682406
https://openalex.org/W2042731547
https://openalex.org/W2045813028
https://openalex.org/W2049251427
https://openalex.org/W2050779848
https://openalex.org/W2050956750
https://openalex.org/W2067022991
https://openalex.org/W2070225226
https://openalex.org/W2076918582
https://openalex.org/W2080738359
https://openalex.org/W2082446880
https://openalex.org/W2083645732
https://openalex.org/W2085178224
https://openalex.org/W2091219025
https://openalex.org/W2096339379
https://openalex.org/W2097289364
https://openalex.org/W2117784104
https://openalex.org/W2119179970
https://openalex.org/W2132364151
https://openalex.org/W2139595130
https://openalex.org/W2152605588
https://openalex.org/W2155358919
https://openalex.org/W2164712823
https://openalex.org/W2180097073
https://openalex.org/W2244054817
https://openalex.org/W2245826777
https://openalex.org/W2252301472
https://openalex.org/W2294847780
https://openalex.org/W2302296325
https://openalex.org/W2312536716
https://openalex.org/W2316723388
https://openalex.org/W2319130898
https://openalex.org/W2320442510
https://openalex.org/W2323433256
https://openalex.org/W2323596044
https://openalex.org/W2323813320
https://openalex.org/W2325962784
https://openalex.org/W2326522592
https://openalex.org/W2335238778
https://openalex.org/W2335292456
https://openalex.org/W2345916578
https://openalex.org/W2351645832
https://openalex.org/W2356629443
https://openalex.org/W2379923044
https://openalex.org/W2394230711
https://openalex.org/W2395084036
https://openalex.org/W2397563048
https://openalex.org/W2401117253
https://openalex.org/W2404653413
https://openalex.org/W2404759484
https://openalex.org/W2407383506
https://openalex.org/W2409540465
https://openalex.org/W2410614142
https://openalex.org/W2410812101
https://openalex.org/W2410953895
https://openalex.org/W2416556148
https://openalex.org/W2416924828
https://openalex.org/W2417530832
https://openalex.org/W2418384253
https://openalex.org/W2421739283
https://openalex.org/W2426474130
https://openalex.org/W2460312695
https://openalex.org/W2467766887
https://openalex.org/W2469258779
https://openalex.org/W2478396498
https://openalex.org/W2483909657
https://openalex.org/W2483979622
https://openalex.org/W2485360326
https://openalex.org/W2499545453
https://openalex.org/W2501042835
https://openalex.org/W2502937614
https://openalex.org/W2505438358
https://openalex.org/W2509982001
https://openalex.org/W2539433140
https://openalex.org/W2549012148
https://openalex.org/W2550131541
https://openalex.org/W2553921117
https://openalex.org/W2559816117
https://openalex.org/W2560027530
https://openalex.org/W2560319466
https://openalex.org/W2567259972
https://openalex.org/W2569059960
https://openalex.org/W2571408041
https://openalex.org/W2577394093
https://openalex.org/W2587198181
https://openalex.org/W2589638116
https://openalex.org/W2589953635
https://openalex.org/W2592108105
https://openalex.org/W2593145356
https://openalex.org/W2594680221
https://openalex.org/W2594868132
https://openalex.org/W2594887717
https://openalex.org/W2598871763
https://openalex.org/W2599573649
https://openalex.org/W2604196148
https://openalex.org/W2605375719
https://openalex.org/W2614902923
https://openalex.org/W2623789831
https://openalex.org/W2626892665
https://openalex.org/W2671381188
https://openalex.org/W268085477
https://openalex.org/W2765722297
https://openalex.org/W2767096769
https://openalex.org/W2767659855
https://openalex.org/W2767706421
https://openalex.org/W2768692111
https://openalex.org/W2775441184
https://openalex.org/W2778996748
https://openalex.org/W2789550443
https://openalex.org/W2791189842
https://openalex.org/W2791906464
https://openalex.org/W2793521551
https://openalex.org/W2794788619
https://openalex.org/W2795145584
https://openalex.org/W2795405409
https://openalex.org/W2800226917
https://openalex.org/W2801879777
https://openalex.org/W2801966616
https://openalex.org/W2802939336
https://openalex.org/W2811263714
https://openalex.org/W2884249679
https://openalex.org/W2886563579
https://openalex.org/W2888817166
https://openalex.org/W2890079555
https://openalex.org/W2891570854
https://openalex.org/W2894717599
https://openalex.org/W2898755590
https://openalex.org/W2898906824
https://openalex.org/W2899099012
https://openalex.org/W2899318918
https://openalex.org/W2899735905
https://openalex.org/W2908724821
https://openalex.org/W2908880362
https://openalex.org/W2909744698
https://openalex.org/W2910374771
https://openalex.org/W2910423683
https://openalex.org/W2913296383
https://openalex.org/W2914796004
https://openalex.org/W2918913610
https://openalex.org/W2920215334
https://openalex.org/W2923208549
https://openalex.org/W2923421917
https://openalex.org/W2923470867
https://openalex.org/W2924295202
https://openalex.org/W2925514720
https://openalex.org/W2931693281
https://openalex.org/W2941412110
https://openalex.org/W2941448354
https://openalex.org/W2941916349
https://openalex.org/W2942253001
https://openalex.org/W2942839526
https://openalex.org/W2944360442
https://openalex.org/W2946972362
https://openalex.org/W2947226599
https://openalex.org/W2949706209
https://openalex.org/W2949910848
https://openalex.org/W2950433580
https://openalex.org/W2950616967
https://openalex.org/W2963421352
https://openalex.org/W2963871055
https://openalex.org/W2967922742
https://openalex.org/W2969216600
https://openalex.org/W2977899327
https://openalex.org/W2981024395
https://openalex.org/W2983882200
https://openalex.org/W2987493920
https://openalex.org/W2988339846
https://openalex.org/W2989634195
https://openalex.org/W2990375977
https://openalex.org/W2992762531
https://openalex.org/W2994722438
https://openalex.org/W2995970780
https://openalex.org/W3003057573
https://openalex.org/W3004440610
https://openalex.org/W3004960370
https://openalex.org/W3005254208
https://openalex.org/W3005401746
https://openalex.org/W3007577914
https://openalex.org/W3007910214
https://openalex.org/W3008426100
https://openalex.org/W3008769855
https://openalex.org/W3010704283
https://openalex.org/W3014842491
https://openalex.org/W3017062928
https://openalex.org/W3017863132
https://openalex.org/W3021174194
https://openalex.org/W3022482783
https://openalex.org/W3022849673
https://openalex.org/W3022942584
https://openalex.org/W3023320709
https://openalex.org/W3027129327
https://openalex.org/W3027165866
https://openalex.org/W3030064876
https://openalex.org/W3030839683
https://openalex.org/W3031761462
https://openalex.org/W3032198066
https://openalex.org/W3032716637
https://openalex.org/W3034250187
https://openalex.org/W3034500574
https://openalex.org/W3034567651
https://openalex.org/W3035121185
https://openalex.org/W3037380388
https://openalex.org/W3037566155
https://openalex.org/W3037991429
https://openalex.org/W3038380412
https://openalex.org/W3045010890
https://openalex.org/W3046654952
https://openalex.org/W3048966752
https://openalex.org/W307343713
https://openalex.org/W3081369977
https://openalex.org/W3084116938
https://openalex.org/W3087016210
https://openalex.org/W3088699221
https://openalex.org/W3091712002
https://openalex.org/W3095418133
https://openalex.org/W3097523669
https://openalex.org/W3097660862
https://openalex.org/W3098382674
https://openalex.org/W3098782025
https://openalex.org/W3100244547
https://openalex.org/W3102805282
https://openalex.org/W3103210180
https://openalex.org/W3105345965
https://openalex.org/W3109749453
https://openalex.org/W3111409995
https://openalex.org/W3112190066
https://openalex.org/W3112807843
https://openalex.org/W3119626478
https://openalex.org/W3128035161
https://openalex.org/W3129857850
https://openalex.org/W3131854330
https://openalex.org/W3133055456
https://openalex.org/W3133761422
https://openalex.org/W3134007857
https://openalex.org/W3134186435
https://openalex.org/W3134323575
https://openalex.org/W3134474529
https://openalex.org/W3135545529
https://openalex.org/W3136269445
https://openalex.org/W3136466434
https://openalex.org/W3144780471
https://openalex.org/W3152761853
https://openalex.org/W3155527179
https://openalex.org/W3156083718
https://openalex.org/W3159277720
https://openalex.org/W3161378645
https://openalex.org/W3161582793
https://openalex.org/W3164844582
https://openalex.org/W3165696881
https://openalex.org/W3167273086
https://openalex.org/W3167552342
https://openalex.org/W3167979105
https://openalex.org/W3168474236
https://openalex.org/W3169649673
https://openalex.org/W3171511654
https://openalex.org/W3176042825
https://openalex.org/W3176778065
https://openalex.org/W3177941126
https://openalex.org/W3178990017
https://openalex.org/W3183716511
https://openalex.org/W3183811815
https://openalex.org/W3183849557
https://openalex.org/W3185548678
https://openalex.org/W3185996573
https://openalex.org/W3196860781
https://openalex.org/W3201230336
https://openalex.org/W3202732494
https://openalex.org/W3209222583
https://openalex.org/W3212907603
https://openalex.org/W3213184553
https://openalex.org/W3217299956
https://openalex.org/W3217305033
https://openalex.org/W3217708580
https://openalex.org/W324592394
https://openalex.org/W4200305768
https://openalex.org/W4200343672
https://openalex.org/W4200345590
https://openalex.org/W4200484183
https://openalex.org/W4200574125
https://openalex.org/W4200588331
https://openalex.org/W4200623915
https://openalex.org/W4205483373
https://openalex.org/W4206051478
https://openalex.org/W4206453322
https://openalex.org/W4206734909
https://openalex.org/W4210555662
https://openalex.org/W4213438293
https://openalex.org/W4214722259
https://openalex.org/W4214904611
https://openalex.org/W4214937843
https://openalex.org/W4214950135
https://openalex.org/W4220763145
https://openalex.org/W4220796199
https://openalex.org/W4224214345
https://openalex.org/W4224233943
https://openalex.org/W4224235034
https://openalex.org/W4224278470
https://openalex.org/W4224279706
https://openalex.org/W4224283691
https://openalex.org/W4224879767
https://openalex.org/W4224881932
https://openalex.org/W4225090144
https://openalex.org/W4225105544
https://openalex.org/W4225123245
https://openalex.org/W4225155375
https://openalex.org/W4226365286
https://openalex.org/W4229046755
https://openalex.org/W4229077682
https://openalex.org/W4229444795
https://openalex.org/W4229561047
https://openalex.org/W4230124996
https://openalex.org/W4232998886
https://openalex.org/W4234273944
https://openalex.org/W4234524645
https://openalex.org/W4235360153
https://openalex.org/W4235721184
https://openalex.org/W4237707648
https://openalex.org/W4238237479
https://openalex.org/W4238499001
https://openalex.org/W4243708132
https://openalex.org/W4248276927
https://openalex.org/W4248590745
https://openalex.org/W4249227786
https://openalex.org/W4251217289
https://openalex.org/W4251938211
https://openalex.org/W4251991847
https://openalex.org/W4252362596
https://openalex.org/W4252661405
https://openalex.org/W4254335760
https://openalex.org/W4280597995
https://openalex.org/W4280625577
https://openalex.org/W4281639408
https://openalex.org/W4281729535
https://openalex.org/W4282982598
https://openalex.org/W4284691249
https://openalex.org/W4284882595
https://openalex.org/W4285040787
https://openalex.org/W4285491738
https://openalex.org/W4285735807
https://openalex.org/W4286266702
https://openalex.org/W4286498647
https://openalex.org/W4287378724
https://openalex.org/W4289262038
https://openalex.org/W4289885976
https://openalex.org/W4290851928
https://openalex.org/W4291285186
https://openalex.org/W4292354234
https://openalex.org/W4293231678
https://openalex.org/W4293661588
https://openalex.org/W4293678681
https://openalex.org/W4293778116
https://openalex.org/W4295015183
https://openalex.org/W4295227060
https://openalex.org/W4296960876
https://openalex.org/W4297143940
https://openalex.org/W4297492486
https://openalex.org/W4298087673
https://openalex.org/W4299361910
https://openalex.org/W4301058206
https://openalex.org/W4306668115
https://openalex.org/W4306926788
https://openalex.org/W4307553632
https://openalex.org/W4307751898
https://openalex.org/W4307876489
https://openalex.org/W4307973163
https://openalex.org/W4308122163
https://openalex.org/W4309044009
https://openalex.org/W4309788044
https://openalex.org/W4309927724
https://openalex.org/W4309929784
https://openalex.org/W4310187176
https://openalex.org/W4311614820
https://openalex.org/W4312126362
https://openalex.org/W4312539098
https://openalex.org/W4312744319
https://openalex.org/W4312863742
https://openalex.org/W4313574202
https://openalex.org/W4313679409
https://openalex.org/W4316039673
https://openalex.org/W4317391038
https://openalex.org/W4317569501
https://openalex.org/W4319787244
https://openalex.org/W4320232847
https://openalex.org/W4322770573
https://openalex.org/W4323028124
https://openalex.org/W4323812070
https://openalex.org/W4328113581
https://openalex.org/W4366221656
https://openalex.org/W4366389655
https://openalex.org/W4366819569
https://openalex.org/W4377819052
https://openalex.org/W4378172395
https://openalex.org/W4378781647
https://openalex.org/W4381512097
https://openalex.org/W4381612301
https://openalex.org/W4383554678
https://openalex.org/W4383872720
https://openalex.org/W484776802
https://openalex.org/W55513835
https://openalex.org/W595961612
https://openalex.org/W601583033
https://openalex.org/W60495368
https://openalex.org/W822322150
https://openalex.org/W976043567
https://openalex.org/W1001793929
https://openalex.org/W1002101462
https://openalex.org/W1027338642
https://openalex.org/W1039793864
https://openalex.org/W1122209428
https://openalex.org/W1158581617
https://openalex.org/W1164344625
https://openalex.org/W1172950562
https://openalex.org/W1177659614
https://openalex.org/W1186213849
https://openalex.org/W1187530348
https://openalex.org/W1194978684
https://openalex.org/W122947086
https://openalex.org/W1234114216
https://openalex.org/W129202026
https://openalex.org/W13621135
https://openalex.org/W139355745
https://openalex.org/W141038849
https://openalex.org/W1425303632
https://openalex.org/W14359317
https://openalex.org/W1443789822
https://openalex.org/W1503058955
https://openalex.org/W1503166768
https://openalex.org/W1512471345
https://openalex.org/W1520477996
https://openalex.org/W1543732108
https://openalex.org/W1547666002
https://openalex.org/W1550898963
https://openalex.org/W1569859050
https://openalex.org/W1578279789
https://openalex.org/W1581256898
https://openalex.org/W1581908970
https://openalex.org/W158794606
https://openalex.org/W1589373263
https://openalex.org/W1592569116
https://openalex.org/W1665526717
https://openalex.org/W180267849
https://openalex.org/W186303393
https://openalex.org/W1893715520
https://openalex.org/W18985424
https://openalex.org/W1901184339
https://openalex.org/W1917278517
https://openalex.org/W1917288515
https://openalex.org/W1955105282
https://openalex.org/W1965997646
https://openalex.org/W1966294523
https://openalex.org/W1968045078
https://openalex.org/W1968299896
https://openalex.org/W1970624491
https://openalex.org/W1971072860
https://openalex.org/W1973071011
https://openalex.org/W1974086700
https://openalex.org/W1975196580
https://openalex.org/W1976916448
https://openalex.org/W1978373672
https://openalex.org/W1979465049
https://openalex.org/W1979501392
https://openalex.org/W1979756674
https://openalex.org/W1980742173
https://openalex.org/W1981056384
https://openalex.org/W1981557977
https://openalex.org/W1982320210
https://openalex.org/W1983837565
https://openalex.org/W1983891622
https://openalex.org/W1984028341
https://openalex.org/W1984568493
https://openalex.org/W1984788266
https://openalex.org/W1985245050
https://openalex.org/W1986127566
https://openalex.org/W1986576750
https://openalex.org/W1988154481
https://openalex.org/W1989024404
https://openalex.org/W1989612224
https://openalex.org/W1989656239
https://openalex.org/W1997670578
https://openalex.org/W1998151494
https://openalex.org/W1999067536
https://openalex.org/W2001689696
https://openalex.org/W2002401685
https://openalex.org/W2005795906
https://openalex.org/W2006216403
https://openalex.org/W2006518474
https://openalex.org/W2008635086
https://openalex.org/W2009976894
https://openalex.org/W2012896441
https://openalex.org/W2012971087
https://openalex.org/W2013204058
https://openalex.org/W2014904451
https://openalex.org/W2015863744
https://openalex.org/W2016536811
https://openalex.org/W2016672163
https://openalex.org/W2018204541
https://openalex.org/W2018853451
https://openalex.org/W2021765427
https://openalex.org/W2022256568
https://openalex.org/W2022288430
https://openalex.org/W2023563930
https://openalex.org/W2028643993
https://openalex.org/W2030250913
https://openalex.org/W2030815161
https://openalex.org/W2030896658
https://openalex.org/W2031085193
https://openalex.org/W2031139227
https://openalex.org/W2031502776
https://openalex.org/W2032161681
https://openalex.org/W2032530776
https://openalex.org/W2035488658
https://openalex.org/W2035584455
https://openalex.org/W2038820540
https://openalex.org/W2039568431
https://openalex.org/W2040353440
https://openalex.org/W2042966551
https://openalex.org/W2044741047
https://openalex.org/W2045263349
https://openalex.org/W2045376378
https://openalex.org/W2045940537
https://openalex.org/W2046265993
https://openalex.org/W2048593562
https://openalex.org/W2050235001
https://openalex.org/W2057491658
https://openalex.org/W2059907844
https://openalex.org/W2061104763
https://openalex.org/W2064135134
https://openalex.org/W2064787048
https://openalex.org/W2065029832
https://openalex.org/W2067378357
https://openalex.org/W2067464209
https://openalex.org/W2067846675
https://openalex.org/W2071643413
https://openalex.org/W2073001986
https://openalex.org/W2073370166
https://openalex.org/W2075963246
https://openalex.org/W2076331137
https://openalex.org/W2076747261
https://openalex.org/W2081206786
https://openalex.org/W2085013290
https://openalex.org/W2087944374
https://openalex.org/W2088697374
https://openalex.org/W2091528530
https://openalex.org/W2092057918
https://openalex.org/W2092256803
https://openalex.org/W2092626173
https://openalex.org/W2094079719
https://openalex.org/W2106130175
https://openalex.org/W2107048673
https://openalex.org/W2108954653
https://openalex.org/W2113592160
https://openalex.org/W2115949423
https://openalex.org/W2117922191
https://openalex.org/W212837318
https://openalex.org/W2130440253
https://openalex.org/W2133340554
https://openalex.org/W2133631452
https://openalex.org/W2136605642
https://openalex.org/W2138169845
https://openalex.org/W2141152756
https://openalex.org/W2141532885
https://openalex.org/W2157189654
https://openalex.org/W2161767321
https://openalex.org/W2163910244
https://openalex.org/W2176657970
https://openalex.org/W2181908312
https://openalex.org/W2183956894
https://openalex.org/W2184501724
https://openalex.org/W2220746893
https://openalex.org/W2224336505
https://openalex.org/W2227461587
https://openalex.org/W2233441452
https://openalex.org/W2240633599
https://openalex.org/W2242494915
https://openalex.org/W2244332771
https://openalex.org/W2250006111
https://openalex.org/W2261104101
https://openalex.org/W2266551481
https://openalex.org/W2270398374
https://openalex.org/W2272517760
https://openalex.org/W2278855212
https://openalex.org/W2282683507
https://openalex.org/W2284683713
https://openalex.org/W2286627812
https://openalex.org/W2288958624
https://openalex.org/W2289729298
https://openalex.org/W2298038190
https://openalex.org/W2304802086
https://openalex.org/W2308912008
https://openalex.org/W2309157196
https://openalex.org/W2309465407
https://openalex.org/W2312237091
https://openalex.org/W2312553441
https://openalex.org/W2313228517
https://openalex.org/W2313598502
https://openalex.org/W2313761764
https://openalex.org/W2313937251
https://openalex.org/W2314062967
https://openalex.org/W2314284345
https://openalex.org/W2315408452
https://openalex.org/W2315442895
https://openalex.org/W2316484557
https://openalex.org/W2316937954
https://openalex.org/W2317341704
https://openalex.org/W2317657538
https://openalex.org/W2318657976
https://openalex.org/W2319255830
https://openalex.org/W2319282281
https://openalex.org/W2320251333
https://openalex.org/W2321986179
https://openalex.org/W2322004139
https://openalex.org/W2322274461
https://openalex.org/W2322366357
https://openalex.org/W2323098097
https://openalex.org/W2323351029
https://openalex.org/W2323481710
https://openalex.org/W2323639620
https://openalex.org/W2324090557
https://openalex.org/W2324369019
https://openalex.org/W2324899710
https://openalex.org/W2325122036
https://openalex.org/W2325362171
https://openalex.org/W232551306
https://openalex.org/W2326437188
https://openalex.org/W2326658833
https://openalex.org/W2327256808
https://openalex.org/W2327366656
https://openalex.org/W2327578180
https://openalex.org/W2327816235
https://openalex.org/W2328453026
https://openalex.org/W2328506588
https://openalex.org/W2328664312
https://openalex.org/W2329288737
https://openalex.org/W2329796725
https://openalex.org/W2329819957
https://openalex.org/W2330506441
https://openalex.org/W2330551262
https://openalex.org/W2330853027
https://openalex.org/W2330858426
https://openalex.org/W2331677298
https://openalex.org/W2332000276
https://openalex.org/W2332792206
https://openalex.org/W2333147406
https://openalex.org/W2333426649
https://openalex.org/W2333794088
https://openalex.org/W2334859586
https://openalex.org/W2335138897
https://openalex.org/W2335727300
https://openalex.org/W2335759447
https://openalex.org/W2337534162
https://openalex.org/W2337616938
https://openalex.org/W2337812247
https://openalex.org/W2339326850
https://openalex.org/W2342919928
https://openalex.org/W2342986598
https://openalex.org/W2343618184
https://openalex.org/W2344045965
https://openalex.org/W2347277301
https://openalex.org/W2347474127
https://openalex.org/W2349268832
https://openalex.org/W2349507335
https://openalex.org/W2350231327
https://openalex.org/W2351114570
https://openalex.org/W2353539666
https://openalex.org/W2354055294
https://openalex.org/W2354360511
https://openalex.org/W2354628319
https://openalex.org/W2355035878
https://openalex.org/W2356944079
https://openalex.org/W2357051673
https://openalex.org/W2358721559
https://openalex.org/W2358887523
https://openalex.org/W2360114809
https://openalex.org/W2360197513
https://openalex.org/W2360779442
https://openalex.org/W2360935114
https://openalex.org/W2361442122
https://openalex.org/W2362993842
https://openalex.org/W2363600840
https://openalex.org/W2363717094
https://openalex.org/W2363797038
https://openalex.org/W2364498395
https://openalex.org/W2366505060
https://openalex.org/W2370104655
https://openalex.org/W2370257525
https://openalex.org/W2370760689
https://openalex.org/W2372402114
https://openalex.org/W2374056046
https://openalex.org/W2375468887
https://openalex.org/W2375519241
https://openalex.org/W2379158803
https://openalex.org/W2380258326
https://openalex.org/W2380285120
https://openalex.org/W2381866151
https://openalex.org/W2383095736
https://openalex.org/W2383356136
https://openalex.org/W2384213476
https://openalex.org/W2384546197
https://openalex.org/W2384867776
https://openalex.org/W2385034536
https://openalex.org/W2385358743
https://openalex.org/W2387024168
https://openalex.org/W2387777953
https://openalex.org/W2389128931
https://openalex.org/W2390407806
https://openalex.org/W2390925016
https://openalex.org/W2391043507
https://openalex.org/W2391463675
https://openalex.org/W2394253223
https://openalex.org/W2395915524
https://openalex.org/W2396227614
https://openalex.org/W2398934544
https://openalex.org/W2401220689
https://openalex.org/W2401580557
https://openalex.org/W2402050628
https://openalex.org/W2402415854
https://openalex.org/W2402731823
https://openalex.org/W2403449593
https://openalex.org/W2403541114
https://openalex.org/W2405354175
https://openalex.org/W2405495495
https://openalex.org/W2406932701
https://openalex.org/W2407053236
https://openalex.org/W2407233842
https://openalex.org/W2408008722
https://openalex.org/W2409421144
https://openalex.org/W2409908454
https://openalex.org/W2410057229
https://openalex.org/W2411915138
https://openalex.org/W2412948501
https://openalex.org/W2413958190
https://openalex.org/W2414844693
https://openalex.org/W2415294517
https://openalex.org/W2417178697
https://openalex.org/W2417865083
https://openalex.org/W2418215103
https://openalex.org/W2418947186
https://openalex.org/W2421718982
https://openalex.org/W2422474073
https://openalex.org/W2425474614
https://openalex.org/W2429284510
https://openalex.org/W2429622634
https://openalex.org/W2433752472
https://openalex.org/W2461814176
https://openalex.org/W2462455854
https://openalex.org/W2462976205
https://openalex.org/W2465952508
https://openalex.org/W2466077670
https://openalex.org/W2466379631
https://openalex.org/W2469619585
https://openalex.org/W2471512142
https://openalex.org/W2474744806
https://openalex.org/W2475444829
https://openalex.org/W2476141146
https://openalex.org/W2476379644
https://openalex.org/W2477216709
https://openalex.org/W2481709467
https://openalex.org/W2481724941
https://openalex.org/W2483829479
https://openalex.org/W2491367489
https://openalex.org/W2493405541
https://openalex.org/W2493467637
https://openalex.org/W2493868712
https://openalex.org/W2495314617
https://openalex.org/W2497836023
https://openalex.org/W2498816872
https://openalex.org/W2499186869
https://openalex.org/W2499257958
https://openalex.org/W2501452701
https://openalex.org/W2501711019
https://openalex.org/W2503733490
https://openalex.org/W2506701490
https://openalex.org/W2506725568
https://openalex.org/W2507299796
https://openalex.org/W2508703815
https://openalex.org/W2515658120
https://openalex.org/W2517132366
https://openalex.org/W2517613735
https://openalex.org/W2519671109
https://openalex.org/W2520375330
https://openalex.org/W2523430384
https://openalex.org/W2527781215
https://openalex.org/W2528128922
https://openalex.org/W2528446445
https://openalex.org/W2528475576
https://openalex.org/W2528551654
https://openalex.org/W2529139228
https://openalex.org/W2529889407
https://openalex.org/W2538306980
https://openalex.org/W2539250790
https://openalex.org/W2544564771
https://openalex.org/W2547716135
https://openalex.org/W2547954719
https://openalex.org/W2550660442
https://openalex.org/W2551879655
https://openalex.org/W2552309029
https://openalex.org/W2552712024
https://openalex.org/W2554309541
https://openalex.org/W2554455210
https://openalex.org/W2554965109
https://openalex.org/W2555276382
https://openalex.org/W2556642231
https://openalex.org/W2557303687
https://openalex.org/W2558499834
https://openalex.org/W2558691968
https://openalex.org/W2559339720
https://openalex.org/W2560051362
https://openalex.org/W2560179619
https://openalex.org/W2560392839
https://openalex.org/W2560428133
https://openalex.org/W2560611256
https://openalex.org/W2564587799
https://openalex.org/W2565414354
https://openalex.org/W2565970100
https://openalex.org/W2567114270
https://openalex.org/W2567229262
https://openalex.org/W2568377529
https://openalex.org/W2575140179
https://openalex.org/W2576767475
https://openalex.org/W2578699131
https://openalex.org/W2578897990
https://openalex.org/W2580902617
https://openalex.org/W2581338866
https://openalex.org/W2581792301
https://openalex.org/W2586050604
https://openalex.org/W2586200281
https://openalex.org/W2586697094
https://openalex.org/W2586868286
https://openalex.org/W2586885719
https://openalex.org/W2587566567
https://openalex.org/W2587970212
https://openalex.org/W2588743196
https://openalex.org/W2588771099
https://openalex.org/W2588842020
https://openalex.org/W2589455967
https://openalex.org/W2590180577
https://openalex.org/W2590621211
https://openalex.org/W2590708225
https://openalex.org/W2591179863
https://openalex.org/W2591319010
https://openalex.org/W2591860414
https://openalex.org/W2594429243
https://openalex.org/W2597327421
https://openalex.org/W2598667422
https://openalex.org/W2600751924
https://openalex.org/W2601362857
https://openalex.org/W2601672397
https://openalex.org/W2603022140
https://openalex.org/W2603779951
https://openalex.org/W2604566227
https://openalex.org/W2605061139
https://openalex.org/W2606186710
https://openalex.org/W2608071235
https://openalex.org/W2610567374
https://openalex.org/W2612429224
https://openalex.org/W2615082168
https://openalex.org/W2616905036
https://openalex.org/W2617607243
https://openalex.org/W2618803513
https://openalex.org/W2619514150
https://openalex.org/W2619842200
https://openalex.org/W2620177609
https://openalex.org/W2622369976
https://openalex.org/W2622987960
https://openalex.org/W2623963802
https://openalex.org/W2625347235
https://openalex.org/W2625386263
https://openalex.org/W2626575101
https://openalex.org/W2631595482
https://openalex.org/W2698941471
https://openalex.org/W2702852489
https://openalex.org/W27159802
https://openalex.org/W2732012281
https://openalex.org/W2735278987
https://openalex.org/W2739124223
https://openalex.org/W2740097160
https://openalex.org/W2740323261
https://openalex.org/W2742586002
https://openalex.org/W2742916063
https://openalex.org/W2744740933
https://openalex.org/W2745593075
https://openalex.org/W2746727577
https://openalex.org/W2746764357
https://openalex.org/W2747248452
https://openalex.org/W2748000417
https://openalex.org/W2749622275
https://openalex.org/W2751013938
https://openalex.org/W2751484795
https://openalex.org/W2752159881
https://openalex.org/W2752603740
https://openalex.org/W2753215724
https://openalex.org/W2753653169
https://openalex.org/W2754028692
https://openalex.org/W2754137687
https://openalex.org/W2754611703
https://openalex.org/W2755576851
https://openalex.org/W2762641922
https://openalex.org/W2763737271
https://openalex.org/W2763779496
https://openalex.org/W2767519828
https://openalex.org/W2771690478
https://openalex.org/W2773205753
https://openalex.org/W2777608073
https://openalex.org/W2778637505
https://openalex.org/W2782678545
https://openalex.org/W2783079640
https://openalex.org/W2786155759
https://openalex.org/W2786432258
https://openalex.org/W2787743361
https://openalex.org/W2788459021
https://openalex.org/W2789635818
https://openalex.org/W2789792669
https://openalex.org/W2790307490
https://openalex.org/W2790507438
https://openalex.org/W2791991954
https://openalex.org/W2792717302
https://openalex.org/W2793535760
https://openalex.org/W2794715722
https://openalex.org/W2795312174
https://openalex.org/W2795800596
https://openalex.org/W2796678294
https://openalex.org/W2797366882
https://openalex.org/W2799401290
https://openalex.org/W2799559305
https://openalex.org/W2799746179
https://openalex.org/W2801483395
https://openalex.org/W2801747223
https://openalex.org/W2803180065
https://openalex.org/W2805105980
https://openalex.org/W2808050220
https://openalex.org/W2808909783
https://openalex.org/W2808966993
https://openalex.org/W2809198674
https://openalex.org/W2809256003
https://openalex.org/W2809331522
https://openalex.org/W2810663309
https://openalex.org/W2810987620
https://openalex.org/W2811175443
https://openalex.org/W2833272639
https://openalex.org/W2883729605
https://openalex.org/W2885927028
https://openalex.org/W2889042741
https://openalex.org/W2889112097
https://openalex.org/W2890051849
https://openalex.org/W2890482590
https://openalex.org/W2890604991
https://openalex.org/W2891590015
https://openalex.org/W2892173625
https://openalex.org/W2892353164
https://openalex.org/W2897335610
https://openalex.org/W2897971441
https://openalex.org/W2898187165
https://openalex.org/W2899806377
https://openalex.org/W2902571819
https://openalex.org/W2903321899
https://openalex.org/W2903975323
https://openalex.org/W2906789008
https://openalex.org/W2907218819
https://openalex.org/W2907876749
https://openalex.org/W2908415399
https://openalex.org/W2910058593
https://openalex.org/W2910452623
https://openalex.org/W2911904083
https://openalex.org/W2912957355
https://openalex.org/W2913020915
https://openalex.org/W2913201953
https://openalex.org/W2913431521
https://openalex.org/W2914133046
https://openalex.org/W2916058727
https://openalex.org/W2918262778
https://openalex.org/W2918366260
https://openalex.org/W2919037982
https://openalex.org/W2922141859
https://openalex.org/W2922568619
https://openalex.org/W2924856016
https://openalex.org/W2926137872
https://openalex.org/W2926520644
https://openalex.org/W2935746265
https://openalex.org/W2938556419
https://openalex.org/W2939622108
https://openalex.org/W2939809135
https://openalex.org/W2940125620
https://openalex.org/W2940655942
https://openalex.org/W2940783595
https://openalex.org/W2941122698
https://openalex.org/W2941178198
https://openalex.org/W2941296251
https://openalex.org/W2944344800
https://openalex.org/W2944390511
https://openalex.org/W2944438381
https://openalex.org/W2944800031
https://openalex.org/W2946543376
https://openalex.org/W2946715817
https://openalex.org/W2947519516
https://openalex.org/W2947902847
https://openalex.org/W2948135467
https://openalex.org/W2948829426
https://openalex.org/W2949442793
https://openalex.org/W2950000638
https://openalex.org/W2950393613
https://openalex.org/W2950525257
https://openalex.org/W2950590360
https://openalex.org/W2951101044
https://openalex.org/W2951269909
https://openalex.org/W2951491238
https://openalex.org/W2951529820
https://openalex.org/W2951612390
https://openalex.org/W2951910017
https://openalex.org/W2952488130
https://openalex.org/W2952505712
https://openalex.org/W2952514113
https://openalex.org/W2955241529
https://openalex.org/W2962806104
https://openalex.org/W2963261681
https://openalex.org/W2963992468
https://openalex.org/W2964100091
https://openalex.org/W2965176684
https://openalex.org/W296833089
https://openalex.org/W2969202655
https://openalex.org/W2970407732
https://openalex.org/W2970917590
https://openalex.org/W2971044855
https://openalex.org/W2974964229
https://openalex.org/W2975422843
https://openalex.org/W2975692750
https://openalex.org/W2976114859
https://openalex.org/W2976927383
https://openalex.org/W2977258017
https://openalex.org/W2977314298
https://openalex.org/W2977608740
https://openalex.org/W2977626743
https://openalex.org/W2977803873
https://openalex.org/W2977985600
https://openalex.org/W2978309762
https://openalex.org/W2978940290
https://openalex.org/W2979070848
https://openalex.org/W2979203285
https://openalex.org/W2979307988
https://openalex.org/W2979413923
https://openalex.org/W2979545564
https://openalex.org/W2979739859
https://openalex.org/W2979771306
https://openalex.org/W2979793123
https://openalex.org/W2979873976
https://openalex.org/W2979967980
https://openalex.org/W2980252323
https://openalex.org/W2980867672
https://openalex.org/W2981489300
https://openalex.org/W2981592013
https://openalex.org/W2984368211
https://openalex.org/W2984910220
https://openalex.org/W2985585722
https://openalex.org/W2985613518
https://openalex.org/W2985635963
https://openalex.org/W2985978395
https://openalex.org/W2986334566
https://openalex.org/W2987357966
https://openalex.org/W2990175044
https://openalex.org/W2990477197
https://openalex.org/W2991059141
https://openalex.org/W2991898787
https://openalex.org/W2992413405
https://openalex.org/W2992904114
https://openalex.org/W2992909733
https://openalex.org/W2993297803
https://openalex.org/W2993382264
https://openalex.org/W2993534286
https://openalex.org/W2993677588
https://openalex.org/W2995450492
https://openalex.org/W2995643025
https://openalex.org/W2996888965
https://openalex.org/W2997007066
https://openalex.org/W2997885776
https://openalex.org/W3000074165
https://openalex.org/W3002304020
https://openalex.org/W3003584494
https://openalex.org/W3004487354
https://openalex.org/W3004756882
https://openalex.org/W3004915760
https://openalex.org/W3005435707
https://openalex.org/W3005560217
https://openalex.org/W3005842485
https://openalex.org/W3006371403
https://openalex.org/W3007217675
https://openalex.org/W3007794043
https://openalex.org/W3008366222
https://openalex.org/W3008442066
https://openalex.org/W3009200906
https://openalex.org/W3009223506
https://openalex.org/W3010055664
https://openalex.org/W3010107285
https://openalex.org/W3010195734
https://openalex.org/W3012520873
https://openalex.org/W3013750267
https://openalex.org/W3014937382
https://openalex.org/W3015282041
https://openalex.org/W3015286641
https://openalex.org/W3015293467
https://openalex.org/W3015516657
https://openalex.org/W3015585230
https://openalex.org/W3016099965
https://openalex.org/W3016187637
https://openalex.org/W3016194344
https://openalex.org/W3016222143
https://openalex.org/W3016450800
https://openalex.org/W3016475906
https://openalex.org/W3016716733
https://openalex.org/W3016975989
https://openalex.org/W3017506518
https://openalex.org/W3019171150
https://openalex.org/W3020816034
https://openalex.org/W3022039569
https://openalex.org/W3022950797
https://openalex.org/W3023023789
https://openalex.org/W3023057626
https://openalex.org/W3023102143
https://openalex.org/W3023425637
https://openalex.org/W3023867012
https://openalex.org/W3024230365
https://openalex.org/W3024568971
https://openalex.org/W3025442162
https://openalex.org/W3026912555
https://openalex.org/W3028282479
https://openalex.org/W3029285030
https://openalex.org/W3029323271
https://openalex.org/W3029409740
https://openalex.org/W3029690859
https://openalex.org/W3029920211
https://openalex.org/W3030068671
https://openalex.org/W3030200902
https://openalex.org/W3030332120
https://openalex.org/W3030573651
https://openalex.org/W3030580978
https://openalex.org/W3030739194
https://openalex.org/W3031000312
https://openalex.org/W3031117991
https://openalex.org/W3031198959
https://openalex.org/W3031943916
https://openalex.org/W3032128609
https://openalex.org/W3032199312
https://openalex.org/W3032307837
https://openalex.org/W3032417462
https://openalex.org/W3032430776
https://openalex.org/W3032864857
https://openalex.org/W3032996794
https://openalex.org/W3033500250
https://openalex.org/W3034041689
https://openalex.org/W3034487116
https://openalex.org/W3034496642
https://openalex.org/W3035036461
https://openalex.org/W3035603957
https://openalex.org/W3036007810
https://openalex.org/W3036274384
https://openalex.org/W3036573620
https://openalex.org/W3037303627
https://openalex.org/W3037304855
https://openalex.org/W3037501405
https://openalex.org/W3037858803
https://openalex.org/W3037943316
https://openalex.org/W3038020045
https://openalex.org/W3038556809
https://openalex.org/W3041427853
https://openalex.org/W3041473212
https://openalex.org/W3044325967
https://openalex.org/W3047217800
https://openalex.org/W3048292031
https://openalex.org/W306323605
https://openalex.org/W3081593581
https://openalex.org/W3081858983
https://openalex.org/W3082096040
https://openalex.org/W3082238896
https://openalex.org/W3082511917
https://openalex.org/W3083420962
https://openalex.org/W3089274141
https://openalex.org/W3089460747
https://openalex.org/W3089964964
https://openalex.org/W3092091898
https://openalex.org/W3092264938
https://openalex.org/W3093036011
https://openalex.org/W3094462025
https://openalex.org/W3096625615
https://openalex.org/W3096839624
https://openalex.org/W3097084200
https://openalex.org/W3097621220
https://openalex.org/W3099741280
https://openalex.org/W3101594309
https://openalex.org/W3102515726
https://openalex.org/W3102527977
https://openalex.org/W3103449189
https://openalex.org/W3103639721
https://openalex.org/W3105049106
https://openalex.org/W3108529155
https://openalex.org/W3110606010
https://openalex.org/W3111021297
https://openalex.org/W3111229911
https://openalex.org/W3111281929
https://openalex.org/W3111572684
https://openalex.org/W3111725900
https://openalex.org/W3111762849
https://openalex.org/W3111780041
https://openalex.org/W3112054388
https://openalex.org/W3112556618
https://openalex.org/W3112806238
https://openalex.org/W3113122838
https://openalex.org/W3115508933
https://openalex.org/W3116566123
https://openalex.org/W3119821414
https://openalex.org/W3120404567
https://openalex.org/W3121104918
https://openalex.org/W3121756827
https://openalex.org/W3122535020
https://openalex.org/W3124264632
https://openalex.org/W3125709096
https://openalex.org/W3129797094
https://openalex.org/W3131566062
https://openalex.org/W3132089887
https://openalex.org/W3133564559
https://openalex.org/W3133660558
https://openalex.org/W3133828426
https://openalex.org/W3133882138
https://openalex.org/W3134037118
https://openalex.org/W3134038972
https://openalex.org/W3134154748
https://openalex.org/W3134156418
https://openalex.org/W3134527151
https://openalex.org/W3134991536
https://openalex.org/W3135074747
https://openalex.org/W3135472505
https://openalex.org/W3135677970
https://openalex.org/W3135708530
https://openalex.org/W3136319306
https://openalex.org/W3136624863
https://openalex.org/W3137378434
https://openalex.org/W3137959284
https://openalex.org/W3138903135
https://openalex.org/W3139421390
https://openalex.org/W3142296168
https://openalex.org/W3146292646
https://openalex.org/W3146654094
https://openalex.org/W3146858635
https://openalex.org/W3149792275
https://openalex.org/W3150945910
https://openalex.org/W3153305449
https://openalex.org/W3153698732
https://openalex.org/W3154060618
https://openalex.org/W3154533365
https://openalex.org/W3154725167
https://openalex.org/W3154761066
https://openalex.org/W3154932475
https://openalex.org/W3154949171
https://openalex.org/W3155049505
https://openalex.org/W3155231176
https://openalex.org/W3155365157
https://openalex.org/W3155925103
https://openalex.org/W3156979476
https://openalex.org/W3157148730
https://openalex.org/W3157309189
https://openalex.org/W3158359225
https://openalex.org/W3158821762
https://openalex.org/W3159203897
https://openalex.org/W3159405448
https://openalex.org/W3159507540
https://openalex.org/W3159674021
https://openalex.org/W3159961935
https://openalex.org/W3161120312
https://openalex.org/W3162764679
https://openalex.org/W3163484220
https://openalex.org/W3163895944
https://openalex.org/W3164700761
https://openalex.org/W3166644740
https://openalex.org/W3166656337
https://openalex.org/W3169442689
https://openalex.org/W3171719873
https://openalex.org/W3172349031
https://openalex.org/W3172472743
https://openalex.org/W3172636323
https://openalex.org/W3173011550
https://openalex.org/W3173025417
https://openalex.org/W3173568740
https://openalex.org/W3173694286
https://openalex.org/W3174493081
https://openalex.org/W3175145175
https://openalex.org/W3175939389
https://openalex.org/W3176473849
https://openalex.org/W3177307128
https://openalex.org/W3177599178
https://openalex.org/W3178323094
https://openalex.org/W3179157005
https://openalex.org/W3181103524
https://openalex.org/W3181758120
https://openalex.org/W3181963951
https://openalex.org/W3182259175
https://openalex.org/W3183786675
https://openalex.org/W3184296703
https://openalex.org/W3184598399
https://openalex.org/W3185452066
https://openalex.org/W3185460039
https://openalex.org/W3185734367
https://openalex.org/W3186095114
https://openalex.org/W3186140844
https://openalex.org/W3186409251
https://openalex.org/W3187804923
https://openalex.org/W3187850132
https://openalex.org/W3189073644
https://openalex.org/W3190768389
https://openalex.org/W3191118567
https://openalex.org/W3192166098
https://openalex.org/W3192551333
https://openalex.org/W3192626187
https://openalex.org/W3194671441
https://openalex.org/W3196325557
https://openalex.org/W3197054506
https://openalex.org/W3198842188
https://openalex.org/W3199007135
https://openalex.org/W3199639963
https://openalex.org/W3199712987
https://openalex.org/W3200226815
https://openalex.org/W3200762564
https://openalex.org/W3201166149
https://openalex.org/W3202167929
https://openalex.org/W3204259726
https://openalex.org/W3205561422
https://openalex.org/W3206613729
https://openalex.org/W3208300010
https://openalex.org/W3208307392
https://openalex.org/W3208339127
https://openalex.org/W3208524995
https://openalex.org/W3208793895
https://openalex.org/W3209150576
https://openalex.org/W3209278960
https://openalex.org/W3210245027
https://openalex.org/W3210662253
https://openalex.org/W3210662591
https://openalex.org/W3210779743
https://openalex.org/W3210886405
https://openalex.org/W3211036538
https://openalex.org/W3212676555
https://openalex.org/W3213085695
https://openalex.org/W3213308850
https://openalex.org/W3213479025
https://openalex.org/W3213934359
https://openalex.org/W3215374206
https://openalex.org/W3215703793
https://openalex.org/W375958529
https://openalex.org/W401880159
https://openalex.org/W41200235
https://openalex.org/W4200026909
https://openalex.org/W4200060087
https://openalex.org/W4200111217
https://openalex.org/W4200301572
https://openalex.org/W4200322186
https://openalex.org/W4200461309
https://openalex.org/W4200483497
https://openalex.org/W4200517523
https://openalex.org/W4200552413
https://openalex.org/W4205385954
https://openalex.org/W4205430647
https://openalex.org/W4205443366
https://openalex.org/W4205540007
https://openalex.org/W4205571932
https://openalex.org/W4205888329
https://openalex.org/W4205908294
https://openalex.org/W4205920334
https://openalex.org/W4206048331
https://openalex.org/W4206127364
https://openalex.org/W4206453125
https://openalex.org/W4206517470
https://openalex.org/W4206712706
https://openalex.org/W4207035003
https://openalex.org/W4207043698
https://openalex.org/W4210494560
https://openalex.org/W4210575566
https://openalex.org/W4210830117
https://openalex.org/W4211094612
https://openalex.org/W4212764844
https://openalex.org/W4212829231
https://openalex.org/W4212845237
https://openalex.org/W4212888228
https://openalex.org/W4212970590
https://openalex.org/W4213016899
https://openalex.org/W4213104147
https://openalex.org/W4213145997
https://openalex.org/W4213220524
https://openalex.org/W4213244171
https://openalex.org/W4213331003
https://openalex.org/W4213433012
https://openalex.org/W4213441220
https://openalex.org/W4213446943
https://openalex.org/W4214506515
https://openalex.org/W4214644547
https://openalex.org/W4214711954
https://openalex.org/W4214895326
https://openalex.org/W4220655015
https://openalex.org/W4220658799
https://openalex.org/W4220765527
https://openalex.org/W4220771562
https://openalex.org/W4220776963
https://openalex.org/W4220897537
https://openalex.org/W4220923067
https://openalex.org/W4220937228
https://openalex.org/W4221007250
https://openalex.org/W4221074920
https://openalex.org/W4221138236
https://openalex.org/W4221149978
https://openalex.org/W4221156362
https://openalex.org/W4221156608
https://openalex.org/W4223656078
https://openalex.org/W4224274474
https://openalex.org/W4224330470
https://openalex.org/W4224505434
https://openalex.org/W4224911187
https://openalex.org/W4224950607
https://openalex.org/W4225166533
https://openalex.org/W4225921071
https://openalex.org/W4226053877
https://openalex.org/W4226058592
https://openalex.org/W4226198306
https://openalex.org/W4226367779
https://openalex.org/W4226412988
https://openalex.org/W4229621381
https://openalex.org/W4229662566
https://openalex.org/W4229993525
https://openalex.org/W4230306835
https://openalex.org/W4230706836
https://openalex.org/W4231453217
https://openalex.org/W4231599394
https://openalex.org/W4231602096
https://openalex.org/W4231919658
https://openalex.org/W4232178493
https://openalex.org/W4232205853
https://openalex.org/W4232208898
https://openalex.org/W4232428936
https://openalex.org/W4232436303
https://openalex.org/W4232589739
https://openalex.org/W4232852325
https://openalex.org/W4232886808
https://openalex.org/W4233339469
https://openalex.org/W4233822810
https://openalex.org/W4233973065
https://openalex.org/W4234576379
https://openalex.org/W4234778281
https://openalex.org/W4235696417
https://openalex.org/W4235769945
https://openalex.org/W4236568349
https://openalex.org/W4236839555
https://openalex.org/W4236875885
https://openalex.org/W4237386358
https://openalex.org/W4237568853
https://openalex.org/W4237939096
https://openalex.org/W4237995724
https://openalex.org/W4238509125
https://openalex.org/W4238887573
https://openalex.org/W4238930164
https://openalex.org/W4239052243
https://openalex.org/W4239226422
https://openalex.org/W4239247125
https://openalex.org/W4239383096
https://openalex.org/W4239396211
https://openalex.org/W4239476999
https://openalex.org/W4239601213
https://openalex.org/W4239792628
https://openalex.org/W4239848664
https://openalex.org/W4240060257
https://openalex.org/W4240465532
https://openalex.org/W4240856756
https://openalex.org/W4240878162
https://openalex.org/W4240975782
https://openalex.org/W4241073194
https://openalex.org/W4241259355
https://openalex.org/W4241919732
https://openalex.org/W4241936689
https://openalex.org/W4242421479
https://openalex.org/W4242618345
https://openalex.org/W4242815803
https://openalex.org/W4243322751
https://openalex.org/W4244313779
https://openalex.org/W4244485555
https://openalex.org/W4245760182
https://openalex.org/W4245775636
https://openalex.org/W4246481140
https://openalex.org/W4246695126
https://openalex.org/W4247071436
https://openalex.org/W4247444650
https://openalex.org/W4247692383
https://openalex.org/W4247891705
https://openalex.org/W4247987822
https://openalex.org/W4248076619
https://openalex.org/W4248346310
https://openalex.org/W4249208310
https://openalex.org/W4250124382
https://openalex.org/W4250319877
https://openalex.org/W4250413637
https://openalex.org/W4250414749
https://openalex.org/W4250432448
https://openalex.org/W4250682183
https://openalex.org/W4251025083
https://openalex.org/W4251668562
https://openalex.org/W4252726862
https://openalex.org/W4252920758
https://openalex.org/W4252945924
https://openalex.org/W4252952963
https://openalex.org/W4253355623
https://openalex.org/W4253750364
https://openalex.org/W4254081763
https://openalex.org/W4254319384
https://openalex.org/W4254499968
https://openalex.org/W4254848530
https://openalex.org/W4255309526
https://openalex.org/W4255338626
https://openalex.org/W4255735833
https://openalex.org/W4256038126
https://openalex.org/W4256111439
https://openalex.org/W4280503123
https://openalex.org/W4280611575
https://openalex.org/W4281487277
https://openalex.org/W4281557535
https://openalex.org/W4281710567
https://openalex.org/W4281713210
https://openalex.org/W4281726171
https://openalex.org/W4281729237
https://openalex.org/W4281832366
https://openalex.org/W4282019426
https://openalex.org/W4282925987
https://openalex.org/W4283266884
https://openalex.org/W4283311986
https://openalex.org/W4283315611
https://openalex.org/W4283323059
https://openalex.org/W4283323642
https://openalex.org/W4283362926
https://openalex.org/W4283369618
https://openalex.org/W4283810982
https://openalex.org/W4283832619
https://openalex.org/W4285067739
https://openalex.org/W4285253799
https://openalex.org/W4285736841
https://openalex.org/W4285806863
https://openalex.org/W4286266653
https://openalex.org/W4286545907
https://openalex.org/W4287203580
https://openalex.org/W4287231913
https://openalex.org/W4287643054
https://openalex.org/W4287822080
https://openalex.org/W4288082714
https://openalex.org/W4288334276
https://openalex.org/W4288518669
https://openalex.org/W4288648989
https://openalex.org/W4289050904
https://openalex.org/W4289222547
https://openalex.org/W4289546565
https://openalex.org/W4289755684
https://openalex.org/W4289844632
https://openalex.org/W4291520169
https://openalex.org/W4292014140
https://openalex.org/W4293153333
https://openalex.org/W4293418753
https://openalex.org/W4293788209
https://openalex.org/W4294321405
https://openalex.org/W4294597405
https://openalex.org/W4295066477
https://openalex.org/W4295679048
https://openalex.org/W4295780515
https://openalex.org/W4295950352
https://openalex.org/W4296090074
https://openalex.org/W4297536970
https://openalex.org/W4298051734
https://openalex.org/W4300860571
https://openalex.org/W4302187931
https://openalex.org/W4302769759
https://openalex.org/W4304123571
https://openalex.org/W4304776117
https://openalex.org/W4306693670
https://openalex.org/W4306742351
https://openalex.org/W4306784354
https://openalex.org/W4306843877
https://openalex.org/W4306869904
https://openalex.org/W4306980847
https://openalex.org/W4307030436
https://openalex.org/W4307200659
https://openalex.org/W4307300486
https://openalex.org/W4307304100
https://openalex.org/W4307321326
https://openalex.org/W4307465237
https://openalex.org/W4307522103
https://openalex.org/W4307556535
https://openalex.org/W4307556939
https://openalex.org/W4307837195
https://openalex.org/W4307876546
https://openalex.org/W4308076543
https://openalex.org/W4308383000
https://openalex.org/W4308800991
https://openalex.org/W4308910668
https://openalex.org/W4308911786
https://openalex.org/W4308911929
https://openalex.org/W4308912646
https://openalex.org/W4308935013
https://openalex.org/W4309129275
https://openalex.org/W4309142672
https://openalex.org/W4309460620
https://openalex.org/W4309740962
https://openalex.org/W4309825804
https://openalex.org/W4309848182
https://openalex.org/W4309892207
https://openalex.org/W4310009413
https://openalex.org/W4310089874
https://openalex.org/W4310089916
https://openalex.org/W4310089949
https://openalex.org/W4310099676
https://openalex.org/W4310102716
https://openalex.org/W4310119339
https://openalex.org/W4310159656
https://openalex.org/W4310184833
https://openalex.org/W4311042961
https://openalex.org/W4311529962
https://openalex.org/W4311615286
https://openalex.org/W4311615530
https://openalex.org/W4311714045
https://openalex.org/W4312038192
https://openalex.org/W4312067888
https://openalex.org/W4312088153
https://openalex.org/W4312112820
https://openalex.org/W4312112866
https://openalex.org/W4312113385
https://openalex.org/W4312206022
https://openalex.org/W4312210073
https://openalex.org/W4312210552
https://openalex.org/W4312211815
https://openalex.org/W4312337208
https://openalex.org/W4312762172
https://openalex.org/W4313005037
https://openalex.org/W4313057427
https://openalex.org/W4313421826
https://openalex.org/W4313494442
https://openalex.org/W4313574529
https://openalex.org/W4313585423
https://openalex.org/W4313645794
https://openalex.org/W4315567588
https://openalex.org/W4315646093
https://openalex.org/W4315646112
https://openalex.org/W4315648296
https://openalex.org/W4315648321
https://openalex.org/W4316671853
https://openalex.org/W4317357946
https://openalex.org/W4317360187
https://openalex.org/W4317481699
https://openalex.org/W4317567080
https://openalex.org/W4317936499
https://openalex.org/W4318206826
https://openalex.org/W4318624627
https://openalex.org/W4318711688
https://openalex.org/W4319160313
https://openalex.org/W4319442872
https://openalex.org/W4319444225
https://openalex.org/W4319786197
https://openalex.org/W4319839803
https://openalex.org/W4319839929
https://openalex.org/W4320482631
https://openalex.org/W4320486355
https://openalex.org/W4320926769
https://openalex.org/W4321085107
https://openalex.org/W4321276787
https://openalex.org/W4321378932
https://openalex.org/W4321457038
https://openalex.org/W4321460859
https://openalex.org/W4321489390
https://openalex.org/W4321503559
https://openalex.org/W4321503579
https://openalex.org/W4321503599
https://openalex.org/W4321786726
https://openalex.org/W4321786768
https://openalex.org/W4321792275
https://openalex.org/W4321792521
https://openalex.org/W4321995297
https://openalex.org/W4322499767
https://openalex.org/W4322575809
https://openalex.org/W4322588030
https://openalex.org/W4322629229
https://openalex.org/W4322753817
https://openalex.org/W4322764436
https://openalex.org/W4323035347
https://openalex.org/W4323046579
https://openalex.org/W4323318766
https://openalex.org/W4323361481
https://openalex.org/W4323362084
https://openalex.org/W4323366768
https://openalex.org/W4323569127
https://openalex.org/W4323570449
https://openalex.org/W4323668450
https://openalex.org/W4324064506
https://openalex.org/W4324065045
https://openalex.org/W4324375897
https://openalex.org/W4327908564
https://openalex.org/W4352999834
https://openalex.org/W4360792534
https://openalex.org/W4360793557
https://openalex.org/W4360843144
https://openalex.org/W4360870007
https://openalex.org/W4360929264
https://openalex.org/W4360974414
https://openalex.org/W4361236955
https://openalex.org/W4361236967
https://openalex.org/W4361236982
https://openalex.org/W4361237086
https://openalex.org/W4361237147
https://openalex.org/W4361237186
https://openalex.org/W4361286839
https://openalex.org/W4361802021
https://openalex.org/W4361824316
https://openalex.org/W4361876556
https://openalex.org/W4361876565
https://openalex.org/W4361876594
https://openalex.org/W4361877507
https://openalex.org/W4361879689
https://openalex.org/W4361880470
https://openalex.org/W4361892104
https://openalex.org/W4361942341
https://openalex.org/W4361942746
https://openalex.org/W4361947961
https://openalex.org/W4361948646
https://openalex.org/W4361949262
https://openalex.org/W4361954435
https://openalex.org/W4361960931
https://openalex.org/W4362422619
https://openalex.org/W4362422762
https://openalex.org/W4362422787
https://openalex.org/W4362422881
https://openalex.org/W4362425573
https://openalex.org/W4362426424
https://openalex.org/W4362458602
https://openalex.org/W4362519911
https://openalex.org/W4362524946
https://openalex.org/W4362531370
https://openalex.org/W4362531397
https://openalex.org/W4362531498
https://openalex.org/W4362531503
https://openalex.org/W4362531613
https://openalex.org/W4362531715
https://openalex.org/W4362538595
https://openalex.org/W4362538681
https://openalex.org/W4362538722
https://openalex.org/W4362538742
https://openalex.org/W4362538874
https://openalex.org/W4362539373
https://openalex.org/W4362546404
https://openalex.org/W4362546577
https://openalex.org/W4362559982
https://openalex.org/W4362560028
https://openalex.org/W4362560140
https://openalex.org/W4362560141
https://openalex.org/W4362560142
https://openalex.org/W4362560144
https://openalex.org/W4362560181
https://openalex.org/W4362560231
https://openalex.org/W4362560233
https://openalex.org/W4362560234
https://openalex.org/W4362560239
https://openalex.org/W4362560317
https://openalex.org/W4362560322
https://openalex.org/W4362560325
https://openalex.org/W4362560333
https://openalex.org/W4362560425
https://openalex.org/W4362560432
https://openalex.org/W4362576979
https://openalex.org/W4362591767
https://openalex.org/W4362597718
https://openalex.org/W4362598363
https://openalex.org/W4362618958
https://openalex.org/W4362619156
https://openalex.org/W4362629251
https://openalex.org/W4362629359
https://openalex.org/W4362629366
https://openalex.org/W4362629442
https://openalex.org/W4362637373
https://openalex.org/W4362639462
https://openalex.org/W4362640358
https://openalex.org/W4362660299
https://openalex.org/W4362660302
https://openalex.org/W4362660303
https://openalex.org/W4362660304
https://openalex.org/W4362660305
https://openalex.org/W4362663100
https://openalex.org/W4362663101
https://openalex.org/W4362663105
https://openalex.org/W4362663107
https://openalex.org/W4362663110
https://openalex.org/W4362663111
https://openalex.org/W4362663113
https://openalex.org/W4362663115
https://openalex.org/W4362663117
https://openalex.org/W4362663118
https://openalex.org/W4362663120
https://openalex.org/W4362663121
https://openalex.org/W4362663122
https://openalex.org/W4362663124
https://openalex.org/W4362663126
https://openalex.org/W4362663223
https://openalex.org/W4362663326
https://openalex.org/W4362663346
https://openalex.org/W4362663398
https://openalex.org/W4364376513
https://openalex.org/W4364385338
https://openalex.org/W4365455078
https://openalex.org/W4365515707
https://openalex.org/W4366084059
https://openalex.org/W4366084235
https://openalex.org/W4366084247
https://openalex.org/W4366602112
https://openalex.org/W4366602812
https://openalex.org/W4366602902
https://openalex.org/W4366735450
https://openalex.org/W4366819472
https://openalex.org/W4366819493
https://openalex.org/W4366819502
https://openalex.org/W4366819710
https://openalex.org/W4366820247
https://openalex.org/W4366821929
https://openalex.org/W4366822098
https://openalex.org/W4366822519
https://openalex.org/W4366822520
https://openalex.org/W4366822573
https://openalex.org/W4366983817
https://openalex.org/W4367040777
https://openalex.org/W4367055828
https://openalex.org/W4367189240
https://openalex.org/W4367602182
https://openalex.org/W4367602225
https://openalex.org/W4367603392
https://openalex.org/W4367668773
https://openalex.org/W4367856640
https://openalex.org/W4368358518
https://openalex.org/W4372348941
https://openalex.org/W4375855590
https://openalex.org/W4375859155
https://openalex.org/W4375954979
https://openalex.org/W4376112284
https://openalex.org/W4376132117
https://openalex.org/W4376647920
https://openalex.org/W4377015271
https://openalex.org/W4377096015
https://openalex.org/W4377097492
https://openalex.org/W4377229802
https://openalex.org/W4377240112
https://openalex.org/W4378086097
https://openalex.org/W4378217071
https://openalex.org/W4378471396
https://openalex.org/W4378501078
https://openalex.org/W4379054412
https://openalex.org/W4379260576
https://openalex.org/W4379283266
https://openalex.org/W4379408002
https://openalex.org/W4379409928
https://openalex.org/W4379470024
https://openalex.org/W4379600468
https://openalex.org/W4379794488
https://openalex.org/W4379797729
https://openalex.org/W4379930237
https://openalex.org/W4380047283
https://openalex.org/W4380051086
https://openalex.org/W4380079405
https://openalex.org/W4380079696
https://openalex.org/W4380082521
https://openalex.org/W4380086727
https://openalex.org/W4380088969
https://openalex.org/W4380089143
https://openalex.org/W4380362729
https://openalex.org/W4380368751
https://openalex.org/W4380589848
https://openalex.org/W4380589882
https://openalex.org/W4380762950
https://openalex.org/W4380880134
https://openalex.org/W4380988891
https://openalex.org/W4381053364
https://openalex.org/W4381333154
https://openalex.org/W4381337807
https://openalex.org/W4381716355
https://openalex.org/W4381740417
https://openalex.org/W4381741840
https://openalex.org/W4381888451
https://openalex.org/W4382051474
https://openalex.org/W4382136306
https://openalex.org/W4382136827
https://openalex.org/W4382181253
https://openalex.org/W4382400227
https://openalex.org/W4382462960
https://openalex.org/W4382726813
https://openalex.org/W4382930189
https://openalex.org/W4383215930
https://openalex.org/W4383755610
https://openalex.org/W4383875204
https://openalex.org/W4383960689
https://openalex.org/W4384024929
https://openalex.org/W4384027585
https://openalex.org/W4384033982
https://openalex.org/W4384120816
https://openalex.org/W4384201692
https://openalex.org/W4384499106
https://openalex.org/W4384517624
https://openalex.org/W4384524563
https://openalex.org/W4384571513
https://openalex.org/W4384785343
https://openalex.org/W4384818918
https://openalex.org/W4384819249
https://openalex.org/W4384820183
https://openalex.org/W4384821141
https://openalex.org/W4384821188
https://openalex.org/W4384821541
https://openalex.org/W4384821756
https://openalex.org/W4384822433
https://openalex.org/W4384822506
https://openalex.org/W4384823060
https://openalex.org/W4384823248
https://openalex.org/W4384823419
https://openalex.org/W4384823475
https://openalex.org/W4384823548
https://openalex.org/W4384823593
https://openalex.org/W4384828778
https://openalex.org/W4384829186
https://openalex.org/W4384829342
https://openalex.org/W4384829361
https://openalex.org/W4384829705
https://openalex.org/W4384829723
https://openalex.org/W4384829761
https://openalex.org/W4384829955
https://openalex.org/W4384830723
https://openalex.org/W4385128586
https://openalex.org/W4385214975
https://openalex.org/W4385272901
https://openalex.org/W4385277534
https://openalex.org/W4385282632
https://openalex.org/W4385295064
https://openalex.org/W4385306658
https://openalex.org/W4385306693
https://openalex.org/W4385306703
https://openalex.org/W4385306826
https://openalex.org/W4385318937
https://openalex.org/W4385351350
https://openalex.org/W4385351442
https://openalex.org/W4385365544
https://openalex.org/W4385406959
https://openalex.org/W4385411397
https://openalex.org/W4385431037
https://openalex.org/W4385442450
https://openalex.org/W4385462140
https://openalex.org/W4385476044
https://openalex.org/W4385494419
https://openalex.org/W4385497156
https://openalex.org/W4385539305
https://openalex.org/W4385552614
https://openalex.org/W4385583893
https://openalex.org/W4385664381
https://openalex.org/W4385667745
https://openalex.org/W4385667763
https://openalex.org/W4385668955
https://openalex.org/W4385705557
https://openalex.org/W4385706582
https://openalex.org/W4385714405
https://openalex.org/W4385765556
https://openalex.org/W4385813420
https://openalex.org/W4385813699
https://openalex.org/W4385822063
https://openalex.org/W4385837449
https://openalex.org/W4385852248
https://openalex.org/W4385974268
https://openalex.org/W4385996868
https://openalex.org/W4386071622
https://openalex.org/W4386084548
https://openalex.org/W4386116999
https://openalex.org/W4386155186
https://openalex.org/W4386172669
https://openalex.org/W4386231143
https://openalex.org/W4386233755
https://openalex.org/W4386268525
https://openalex.org/W4386305195
https://openalex.org/W4386371059
https://openalex.org/W4386415110
https://openalex.org/W4386463027
https://openalex.org/W4386483702
https://openalex.org/W4386525906
https://openalex.org/W4386556018
https://openalex.org/W4386564613
https://openalex.org/W4386568406
https://openalex.org/W4386632701
https://openalex.org/W4386755838
https://openalex.org/W4386814071
https://openalex.org/W4386817933
https://openalex.org/W4387026774
https://openalex.org/W4387034006
https://openalex.org/W4387036348
https://openalex.org/W47626416
https://openalex.org/W490226728
https://openalex.org/W56254427
https://openalex.org/W563527477
https://openalex.org/W563860668
https://openalex.org/W564455487
https://openalex.org/W584983962
https://openalex.org/W586003733
https://openalex.org/W620129491
https://openalex.org/W620603372
https://openalex.org/W627655624
https://openalex.org/W70696207
https://openalex.org/W745377098
https://openalex.org/W755223909
https://openalex.org/W770943647
https://openalex.org/W771424251
https://openalex.org/W780987448
https://openalex.org/W781777730
https://openalex.org/W797485030
https://openalex.org/W830376627
https://openalex.org/W837830101
https://openalex.org/W84564509
https://openalex.org/W846368406
https://openalex.org/W87946186
https://openalex.org/W884006722
https://openalex.org/W900199425
https://openalex.org/W913321047
https://openalex.org/W933811417
https://openalex.org/W94008642
https://openalex.org/W944232856
https://openalex.org/W945925984
https://openalex.org/W95220753
https://openalex.org/W963684619
https://openalex.org/W9652713
https://openalex.org/W984776179
https://openalex.org/W986193245
https://openalex.org/W993527442
https://openalex.org/W997118552
https://openalex.org/W2108433768
https://openalex.org/W2151150074
https://openalex.org/W2141871922
https://openalex.org/W2136609531
https://openalex.org/W2125675160
https://openalex.org/W1979932265
https://openalex.org/W2065788317
https://openalex.org/W2002249283
https://openalex.org/W4214754383
https://openalex.org/W2116607488
https://openalex.org/W2989427582
https://openalex.org/W1610204701
https://openalex.org/W2113091465
https://openalex.org/W2116814997
https://openalex.org/W2039490460
https://openalex.org/W2169232412
https://openalex.org/W2147322409
https://openalex.org/W1983193571
https://openalex.org/W2111335059
https://openalex.org/W1551310212
https://openalex.org/W1942341118
https://openalex.org/W2747939174
https://openalex.org/W2067716147
https://openalex.org/W2751909729
https://openalex.org/W3212282753
https://openalex.org/W2149768460
https://openalex.org/W2408484017
https://openalex.org/W2947989913
https://openalex.org/W2171799063
https://openalex.org/W2058069754
https://openalex.org/W2097065797
https://openalex.org/W2084952307
https://openalex.org/W2169448344
https://openalex.org/W2134876608
https://openalex.org/W2885289995
https://openalex.org/W2148171171
https://openalex.org/W2049063050
https://openalex.org/W4296746237
https://openalex.org/W2025841140
https://openalex.org/W2124841274
https://openalex.org/W1660177314
https://openalex.org/W2144817440
https://openalex.org/W2071047616
https://openalex.org/W2069568296
https://openalex.org/W1969863654
https://openalex.org/W1974291345
https://openalex.org/W2130631370
https://openalex.org/W1980755508
https://openalex.org/W2013048005
https://openalex.org/W2044087791
https://openalex.org/W2146389959
https://openalex.org/W2766316939
https://openalex.org/W2157774744
https://openalex.org/W2005636153
https://openalex.org/W2133281088
https://openalex.org/W1990844960
https://openalex.org/W2133097065
https://openalex.org/W2138150045
https://openalex.org/W2044878383
https://openalex.org/W2077861288
https://openalex.org/W1971496705
https://openalex.org/W1538930506
https://openalex.org/W2165101701
https://openalex.org/W1993381640
https://openalex.org/W2163175680
https://openalex.org/W2023046401
https://openalex.org/W2168221175
https://openalex.org/W2084046310
https://openalex.org/W1969324457
https://openalex.org/W2128287837
https://openalex.org/W2029572050
https://openalex.org/W2137097355
https://openalex.org/W2119646277
https://openalex.org/W2097759053
https://openalex.org/W1977823805
https://openalex.org/W2062522737
https://openalex.org/W1996575556
https://openalex.org/W2025092598
https://openalex.org/W2053497150
https://openalex.org/W2092587037
https://openalex.org/W1968047575
https://openalex.org/W1993609762
https://openalex.org/W2129266432
https://openalex.org/W2151026810
https://openalex.org/W2124388133
https://openalex.org/W1981437490
https://openalex.org/W2119637604
https://openalex.org/W2050486464
https://openalex.org/W1964519636
https://openalex.org/W1980114823
https://openalex.org/W2068130366
https://openalex.org/W1876295475
https://openalex.org/W2122941602
https://openalex.org/W2165108111
https://openalex.org/W1971514874
https://openalex.org/W2114191153
https://openalex.org/W2076244912
https://openalex.org/W2163762391
https://openalex.org/W2905529840
https://openalex.org/W2070054912
https://openalex.org/W2020554367
https://openalex.org/W2272450061
https://openalex.org/W134823913
https://openalex.org/W1998620162
https://openalex.org/W2006797212
https://openalex.org/W2098172533
https://openalex.org/W2141620414
https://openalex.org/W1970064594
https://openalex.org/W1518437590
https://openalex.org/W2081418368
https://openalex.org/W2148663866
https://openalex.org/W2163279941
https://openalex.org/W1975654480
https://openalex.org/W2027844006
https://openalex.org/W2112340752
https://openalex.org/W2902807692
https://openalex.org/W1819555985
https://openalex.org/W2417066857
https://openalex.org/W2050177842
https://openalex.org/W2073279884
https://openalex.org/W1925524778
https://openalex.org/W2083980483
https://openalex.org/W2133212782
https://openalex.org/W1990516918
https://openalex.org/W2537075966
https://openalex.org/W2075278002
https://openalex.org/W2143134882
https://openalex.org/W2089729972
https://openalex.org/W2098229782
https://openalex.org/W2046355511
https://openalex.org/W1976568467
https://openalex.org/W2046864006
https://openalex.org/W2165388543
https://openalex.org/W2002491850
https://openalex.org/W2048580389
https://openalex.org/W2010885000
https://openalex.org/W2147276448
https://openalex.org/W2587434779
https://openalex.org/W2102642680
https://openalex.org/W2155653247
https://openalex.org/W2097170864
https://openalex.org/W2139846889
https://openalex.org/W2004705457
https://openalex.org/W1988495226
https://openalex.org/W61015546
https://openalex.org/W1963549510
https://openalex.org/W1933023737
https://openalex.org/W2059335613
https://openalex.org/W1975013301
https://openalex.org/W1998057092
https://openalex.org/W2038542591
https://openalex.org/W2096759796
https://openalex.org/W2137817722
https://openalex.org/W2041904165
https://openalex.org/W2044404835
https://openalex.org/W2156162308
https://openalex.org/W2071126711
https://openalex.org/W1978828831
https://openalex.org/W3122111516
https://openalex.org/W1993337971
https://openalex.org/W2162472433
https://openalex.org/W2048552768
https://openalex.org/W2068942465
https://openalex.org/W38078248
https://openalex.org/W1994802338
https://openalex.org/W2020942122
https://openalex.org/W2111416969
https://openalex.org/W2064787790
https://openalex.org/W2101373837
https://openalex.org/W2604355298
https://openalex.org/W2023156173
https://openalex.org/W2086732436
https://openalex.org/W2096758679
https://openalex.org/W2075517136
https://openalex.org/W2095192490
https://openalex.org/W2003590725
https://openalex.org/W1570231840
https://openalex.org/W2064276855
https://openalex.org/W1985900925
https://openalex.org/W2130305311
https://openalex.org/W2013338906
https://openalex.org/W1806249600
https://openalex.org/W1905974666
https://openalex.org/W2026971532
https://openalex.org/W2021535196
https://openalex.org/W2047696660
https://openalex.org/W2049330065
https://openalex.org/W2069165825
https://openalex.org/W2113342016
https://openalex.org/W2062031125
https://openalex.org/W2099367873
https://openalex.org/W2076500432
https://openalex.org/W2071024393
https://openalex.org/W2146199418
https://openalex.org/W2152531952
https://openalex.org/W2081500836
https://openalex.org/W2021576621
https://openalex.org/W2040787239
https://openalex.org/W2015179660
https://openalex.org/W2016251547
https://openalex.org/W2725970000
https://openalex.org/W1515831988
https://openalex.org/W1973696733
https://openalex.org/W2078910654
https://openalex.org/W2141494367
https://openalex.org/W2591227251
https://openalex.org/W1984047637
https://openalex.org/W2067652133
https://openalex.org/W1978943338
https://openalex.org/W3009858064
https://openalex.org/W2068807890
https://openalex.org/W2141419938
https://openalex.org/W1999343359
https://openalex.org/W1982378312
https://openalex.org/W1988011959
https://openalex.org/W2004464651
https://openalex.org/W2011667490
https://openalex.org/W2148425257
https://openalex.org/W2207385770
https://openalex.org/W1868988913
https://openalex.org/W2066370231
https://openalex.org/W2125416062
https://openalex.org/W2911596654
https://openalex.org/W4322695807
https://openalex.org/W2111542576
https://openalex.org/W1976515655
https://openalex.org/W1994906221
https://openalex.org/W2011334470
https://openalex.org/W2048796957
https://openalex.org/W2125347938
https://openalex.org/W2166980716
https://openalex.org/W2071497767
https://openalex.org/W2520289738
https://openalex.org/W1981099707
https://openalex.org/W1999810728
https://openalex.org/W2037536272
https://openalex.org/W4298252313
https://openalex.org/W1605399752
https://openalex.org/W2604294081
https://openalex.org/W2004151551
https://openalex.org/W2005167939
https://openalex.org/W2065376976
https://openalex.org/W2128532847
https://openalex.org/W1989462201
https://openalex.org/W2021364995
https://openalex.org/W2042277388
https://openalex.org/W2031012834
https://openalex.org/W2039737840
https://openalex.org/W2074487966
https://openalex.org/W2135241378
https://openalex.org/W1541952406
https://openalex.org/W2003667668
https://openalex.org/W2119579206
https://openalex.org/W2032332867
https://openalex.org/W2057468404
https://openalex.org/W2092259184
https://openalex.org/W4297791556
https://openalex.org/W1967838762
https://openalex.org/W2016755888
https://openalex.org/W2080044263
https://openalex.org/W2094739924
https://openalex.org/W2126076011
https://openalex.org/W1990636742
https://openalex.org/W2099279699
https://openalex.org/W2019213708
https://openalex.org/W2074010360
https://openalex.org/W2086499388
https://openalex.org/W2119231799
https://openalex.org/W2288310435
https://openalex.org/W1902197668
https://openalex.org/W1939125751
https://openalex.org/W2062949684
https://openalex.org/W2100198835
https://openalex.org/W2166835025
https://openalex.org/W1590034801
https://openalex.org/W2069513152
https://openalex.org/W2084237287
https://openalex.org/W2049976591
https://openalex.org/W2058875973
https://openalex.org/W2567705791
https://openalex.org/W1994899765
https://openalex.org/W2038878213
https://openalex.org/W2063260799
https://openalex.org/W2121649640
https://openalex.org/W2142257318
https://openalex.org/W2402712181
https://openalex.org/W2000609399
https://openalex.org/W2143155947
https://openalex.org/W2146441141
https://openalex.org/W2018385521
https://openalex.org/W2043718707
https://openalex.org/W2060173795
https://openalex.org/W2063800620
https://openalex.org/W2067246077
https://openalex.org/W2095142211
https://openalex.org/W2134988768
https://openalex.org/W2149416256
https://openalex.org/W2617335484
https://openalex.org/W2153848674
https://openalex.org/W2161548564
https://openalex.org/W2127288848
https://openalex.org/W2161772205
https://openalex.org/W1966532209
https://openalex.org/W1978958996
https://openalex.org/W2039211642
https://openalex.org/W2051492823
https://openalex.org/W2091756294
https://openalex.org/W2999983020
https://openalex.org/W2008328787
https://openalex.org/W2216810382
https://openalex.org/W2772528159
https://openalex.org/W2899233075
https://openalex.org/W2004849032
https://openalex.org/W2078641190
https://openalex.org/W2132321056
https://openalex.org/W2562293596
https://openalex.org/W1980268459
https://openalex.org/W2000120461
https://openalex.org/W2038886080
https://openalex.org/W2048337304
https://openalex.org/W1967766203
https://openalex.org/W1986368309
https://openalex.org/W1996058009
https://openalex.org/W1996941715
https://openalex.org/W2089009386
https://openalex.org/W2161549413
https://openalex.org/W2212189494
https://openalex.org/W2277089633
https://openalex.org/W2005830998
https://openalex.org/W2040624813
https://openalex.org/W2062837885
https://openalex.org/W2097394873
https://openalex.org/W2104597650
https://openalex.org/W2165840006
https://openalex.org/W2017876346
https://openalex.org/W2049219670
https://openalex.org/W2139752582
https://openalex.org/W2149474303
https://openalex.org/W2167766891
https://openalex.org/W2758767922
https://openalex.org/W2057311314
https://openalex.org/W2081256923
https://openalex.org/W2147885743
https://openalex.org/W1971963400
https://openalex.org/W1995819056
https://openalex.org/W2048967028
https://openalex.org/W2054120194
https://openalex.org/W2148512205
https://openalex.org/W2414120361
https://openalex.org/W1976078149
https://openalex.org/W1988170155
https://openalex.org/W2051897213
https://openalex.org/W2154161378
https://openalex.org/W2162264071
https://openalex.org/W2164405370
https://openalex.org/W2911861705
https://openalex.org/W2015686826
https://openalex.org/W2105949921
https://openalex.org/W2134171235
https://openalex.org/W1982346690
https://openalex.org/W1983767980
https://openalex.org/W1994821799
https://openalex.org/W2034549823
https://openalex.org/W2043134722
https://openalex.org/W2080406923
https://openalex.org/W2122470547
https://openalex.org/W2147892369
https://openalex.org/W2224098151
https://openalex.org/W2027199356
https://openalex.org/W2123494637
https://openalex.org/W2542690689
https://openalex.org/W2078595516
https://openalex.org/W2605385750
https://openalex.org/W3206691421
https://openalex.org/W2013936027
https://openalex.org/W2074622933
https://openalex.org/W2140225762
https://openalex.org/W2165710186
https://openalex.org/W1984282212
https://openalex.org/W2002190089
https://openalex.org/W2132412541
https://openalex.org/W2146885393
https://openalex.org/W1987468233
https://openalex.org/W2090131666
https://openalex.org/W1978970326
https://openalex.org/W1995338662
https://openalex.org/W2017868263
https://openalex.org/W2045958488
https://openalex.org/W2058174575
https://openalex.org/W2071244646
https://openalex.org/W2094820102
https://openalex.org/W2168573645
https://openalex.org/W4376043721
https://openalex.org/W1975885824
https://openalex.org/W2075882822
https://openalex.org/W2087111814
https://openalex.org/W2142267046
https://openalex.org/W2335840600
https://openalex.org/W2789422842
https://openalex.org/W2948445695
https://openalex.org/W1523319989
https://openalex.org/W1587679167
https://openalex.org/W1893267984
https://openalex.org/W1983767131
https://openalex.org/W1990471590
https://openalex.org/W2025365011
https://openalex.org/W2054033355
https://openalex.org/W2059531107
https://openalex.org/W2071948938
https://openalex.org/W2088031136
https://openalex.org/W2120685110
https://openalex.org/W2122495980
https://openalex.org/W2128296469
https://openalex.org/W1936613951
https://openalex.org/W1981183642
https://openalex.org/W2015301752
https://openalex.org/W2073607907
https://openalex.org/W2115651681
https://openalex.org/W2152680783
https://openalex.org/W1851649310
https://openalex.org/W1976445112
https://openalex.org/W2023022656
https://openalex.org/W2044270182
https://openalex.org/W2116230114
https://openalex.org/W2065824624
https://openalex.org/W2130303046
https://openalex.org/W2167058132
https://openalex.org/W1966153792
https://openalex.org/W1979318851
https://openalex.org/W2128659290
https://openalex.org/W2032231831
https://openalex.org/W2048808373
https://openalex.org/W2064783491
https://openalex.org/W2170507908
https://openalex.org/W2072480297
https://openalex.org/W2072831151
https://openalex.org/W2110981114
https://openalex.org/W2116474059
https://openalex.org/W2001226703
https://openalex.org/W2017134979
https://openalex.org/W2031746094
https://openalex.org/W2046164046
https://openalex.org/W2103963141
https://openalex.org/W2149203964
https://openalex.org/W2163769997
https://openalex.org/W2166596095
https://openalex.org/W2791964742
https://openalex.org/W4229908854
https://openalex.org/W1788865736
https://openalex.org/W1970150649
https://openalex.org/W2085381534
https://openalex.org/W2097852397
https://openalex.org/W2126612590
https://openalex.org/W2153812316
https://openalex.org/W2154646668
https://openalex.org/W2803998769
https://openalex.org/W2029591566
https://openalex.org/W2098137882
https://openalex.org/W2114263381
https://openalex.org/W2117924563
https://openalex.org/W2130462906
https://openalex.org/W2163929131
https://openalex.org/W2611339248
https://openalex.org/W2080230656
https://openalex.org/W2090036750
https://openalex.org/W2104687839
https://openalex.org/W2110355766
https://openalex.org/W2285969752
https://openalex.org/W73292437
https://openalex.org/W1970968225
https://openalex.org/W2024900381
https://openalex.org/W2113464779
https://openalex.org/W2153877979
https://openalex.org/W2167890181
https://openalex.org/W2334371482
https://openalex.org/W2610760615
https://openalex.org/W2953364900
https://openalex.org/W1974734995
https://openalex.org/W2037080024
https://openalex.org/W2073893804
https://openalex.org/W2075107566
https://openalex.org/W2089188291
https://openalex.org/W2107936854
https://openalex.org/W3213159307
https://openalex.org/W1534023984
https://openalex.org/W2042384844
https://openalex.org/W2060997586
https://openalex.org/W2125806378
https://openalex.org/W2580162795
https://openalex.org/W2902689543
https://openalex.org/W1964454230
https://openalex.org/W2000810145
https://openalex.org/W2014070591
https://openalex.org/W2041865157
https://openalex.org/W2068183722
https://openalex.org/W2091087456
https://openalex.org/W2149298411
https://openalex.org/W2164673574
https://openalex.org/W2597093501
https://openalex.org/W2901129707
https://openalex.org/W1967766481
https://openalex.org/W1990741165
https://openalex.org/W2011908174
https://openalex.org/W2029586295
https://openalex.org/W2031922306
https://openalex.org/W2041097631
https://openalex.org/W2054017569
https://openalex.org/W2064210589
https://openalex.org/W2071516406
https://openalex.org/W2157336020
https://openalex.org/W2788452167
https://openalex.org/W3009526876
https://openalex.org/W1900762662
https://openalex.org/W2072932526
https://openalex.org/W2093631184
https://openalex.org/W2123719078
https://openalex.org/W2129898726
https://openalex.org/W2148472024
https://openalex.org/W2164691342
https://openalex.org/W2232338922
https://openalex.org/W2298079736
https://openalex.org/W2535123024
https://openalex.org/W2979328224
https://openalex.org/W36396
https://openalex.org/W1777824728
https://openalex.org/W1978011188
https://openalex.org/W2032775299
https://openalex.org/W2036726830
https://openalex.org/W2093465095
https://openalex.org/W2131120660
https://openalex.org/W2132145187
https://openalex.org/W2164326789
https://openalex.org/W2165526746
https://openalex.org/W2165655011
https://openalex.org/W1017832278
https://openalex.org/W1950223850
https://openalex.org/W1965534747
https://openalex.org/W1976845881
https://openalex.org/W1990064835
https://openalex.org/W2010784890
https://openalex.org/W2030151430
https://openalex.org/W2048497589
https://openalex.org/W2167441405
https://openalex.org/W2801238332
https://openalex.org/W1889187146
https://openalex.org/W1989792733
https://openalex.org/W1990513491
https://openalex.org/W2026755394
https://openalex.org/W2089662167
https://openalex.org/W2090892805
https://openalex.org/W2091235474
https://openalex.org/W2118329836
https://openalex.org/W2131969292
https://openalex.org/W2140732030
https://openalex.org/W2146991492
https://openalex.org/W2165374701
https://openalex.org/W2223657219
https://openalex.org/W2521806555
https://openalex.org/W2807526254
https://openalex.org/W2963441581
https://openalex.org/W1998496809
https://openalex.org/W2001977149
https://openalex.org/W2007186620
https://openalex.org/W2010578061
https://openalex.org/W2029844845
https://openalex.org/W2037872240
https://openalex.org/W2055205810
https://openalex.org/W2060112963
https://openalex.org/W2121448090
https://openalex.org/W2132416667
https://openalex.org/W2319326630
https://openalex.org/W2907363328
https://openalex.org/W3012581385
https://openalex.org/W1761918965
https://openalex.org/W187525553
https://openalex.org/W1969626557
https://openalex.org/W1990697121
https://openalex.org/W1993131670
https://openalex.org/W2036745719
https://openalex.org/W2052953221
https://openalex.org/W2057666650
https://openalex.org/W2084679235
https://openalex.org/W2091609812
https://openalex.org/W2127608640
https://openalex.org/W2137980481
https://openalex.org/W2147096586
https://openalex.org/W2166677884
https://openalex.org/W2027154569
https://openalex.org/W2030984652
https://openalex.org/W2035105700
https://openalex.org/W2039191589
https://openalex.org/W2069596797
https://openalex.org/W2082177591
https://openalex.org/W2089118319
https://openalex.org/W2167897911
https://openalex.org/W2761072972
https://openalex.org/W2906555241
https://openalex.org/W3047509632
https://openalex.org/W2014547753
https://openalex.org/W2020033597
https://openalex.org/W2085832732
https://openalex.org/W2090981785
https://openalex.org/W2092259937
https://openalex.org/W2103645643
https://openalex.org/W2106108512
https://openalex.org/W2152997383
https://openalex.org/W3036280337
https://openalex.org/W1872847304
https://openalex.org/W2017798037
https://openalex.org/W2042763849
https://openalex.org/W2080172195
https://openalex.org/W2172037744
https://openalex.org/W1828933768
https://openalex.org/W1987292404
https://openalex.org/W1991337026
https://openalex.org/W2062885204
https://openalex.org/W2070867504
https://openalex.org/W2076363305
https://openalex.org/W2099926066
https://openalex.org/W2109560866
https://openalex.org/W2152314158
https://openalex.org/W2237173198
https://openalex.org/W2644012878
https://openalex.org/W1996477186
https://openalex.org/W2019703830
https://openalex.org/W2031447271
https://openalex.org/W2087075076
https://openalex.org/W2133210300
https://openalex.org/W1913737854
https://openalex.org/W1994713447
https://openalex.org/W2386473111
https://openalex.org/W3193272184
https://openalex.org/W1889306855
https://openalex.org/W1980602751
https://openalex.org/W2008687666
https://openalex.org/W2029406043
https://openalex.org/W2106070650
https://openalex.org/W2128461781
https://openalex.org/W2151732631
https://openalex.org/W1765132337
https://openalex.org/W1928418428
https://openalex.org/W2002042581
https://openalex.org/W2008020567
https://openalex.org/W2052325252
https://openalex.org/W2080174634
https://openalex.org/W2104652092
https://openalex.org/W2169757115
https://openalex.org/W3110828966
https://openalex.org/W1735386202
https://openalex.org/W1939035412
https://openalex.org/W2023771004
https://openalex.org/W2031857913
https://openalex.org/W2045258297
https://openalex.org/W2069391190
https://openalex.org/W2075145977
https://openalex.org/W2089230575
https://openalex.org/W2091766450
https://openalex.org/W2092265474
https://openalex.org/W2100086225
https://openalex.org/W2128787500
https://openalex.org/W1600748646
https://openalex.org/W2001849995
https://openalex.org/W2018247727
https://openalex.org/W2054730264
https://openalex.org/W2055572154
https://openalex.org/W2086785259
https://openalex.org/W2089860867
https://openalex.org/W2091749016
https://openalex.org/W2147108635
https://openalex.org/W2336815382
https://openalex.org/W2793371156
https://openalex.org/W2950586202
https://openalex.org/W1979372191
https://openalex.org/W2000818669
https://openalex.org/W2014992188
https://openalex.org/W2035967441
https://openalex.org/W2041005250
https://openalex.org/W2064310141
https://openalex.org/W2104547179
https://openalex.org/W2134558895
https://openalex.org/W2136889251
https://openalex.org/W2942452897
https://openalex.org/W1590904968
https://openalex.org/W2059310975
https://openalex.org/W2064689285
https://openalex.org/W2064912407
https://openalex.org/W2141906254
https://openalex.org/W2144873726
https://openalex.org/W2145019632
https://openalex.org/W2164286214
https://openalex.org/W2268910541
https://openalex.org/W2486574099
https://openalex.org/W1844631518
https://openalex.org/W1958056234
https://openalex.org/W1963797394
https://openalex.org/W1970091202
https://openalex.org/W1978387202
https://openalex.org/W2040501093
https://openalex.org/W2045772703
https://openalex.org/W2058840840
https://openalex.org/W2101219319
https://openalex.org/W2124836648
https://openalex.org/W2142103530
https://openalex.org/W2145988475
https://openalex.org/W2165296496
https://openalex.org/W2167908481
https://openalex.org/W2405122236
https://openalex.org/W2773916249
https://openalex.org/W3009532950
https://openalex.org/W3121195730
https://openalex.org/W1919327718
https://openalex.org/W1965438700
https://openalex.org/W1973475612
https://openalex.org/W1989075327
https://openalex.org/W1994164027
https://openalex.org/W2022319728
https://openalex.org/W2051901724
https://openalex.org/W2061844961
https://openalex.org/W2071170430
https://openalex.org/W2084461352
https://openalex.org/W2085706021
https://openalex.org/W2090018126
https://openalex.org/W2112948142
https://openalex.org/W2166979553
https://openalex.org/W2284339588
https://openalex.org/W2337678031
https://openalex.org/W2395396206
https://openalex.org/W1976142211
https://openalex.org/W1980365515
https://openalex.org/W2027933466
https://openalex.org/W2030783990
https://openalex.org/W2088771033
https://openalex.org/W2094703665
https://openalex.org/W2103662487
https://openalex.org/W2130550719
https://openalex.org/W2143535829
https://openalex.org/W2266201159
https://openalex.org/W2744240836
https://openalex.org/W2963181876
https://openalex.org/W4232514955
https://openalex.org/W1607548418
https://openalex.org/W1972382181
https://openalex.org/W1978801697
https://openalex.org/W1985381158
https://openalex.org/W1991604470
https://openalex.org/W1994003034
https://openalex.org/W2004236873
https://openalex.org/W2042052859
https://openalex.org/W2058390687
https://openalex.org/W2083762475
https://openalex.org/W2087922112
https://openalex.org/W2161743604
https://openalex.org/W2171637632
https://openalex.org/W2274658171
https://openalex.org/W2797770725
https://openalex.org/W4231242558
https://openalex.org/W1484355151
https://openalex.org/W182877500
https://openalex.org/W1990095295
https://openalex.org/W2072772148
https://openalex.org/W2079287073
https://openalex.org/W2111031460
https://openalex.org/W2131023087
https://openalex.org/W2135911810
https://openalex.org/W2136507498
https://openalex.org/W2181259101
https://openalex.org/W2788935121
https://openalex.org/W2954180652
https://openalex.org/W3035216422
https://openalex.org/W4300782701
https://openalex.org/W1991610864
https://openalex.org/W2009824654
https://openalex.org/W2040283473
https://openalex.org/W2052794657
https://openalex.org/W2095296616
https://openalex.org/W2120091119
https://openalex.org/W2121691177
https://openalex.org/W2144438991
https://openalex.org/W2160854755
https://openalex.org/W2161250550
https://openalex.org/W2793886854
https://openalex.org/W1970077677
https://openalex.org/W1991115754
https://openalex.org/W2016471390
https://openalex.org/W2029312718
https://openalex.org/W2030948095
https://openalex.org/W2042318715
https://openalex.org/W2056133203
https://openalex.org/W2057484175
https://openalex.org/W2086549583
https://openalex.org/W2106318321
https://openalex.org/W2110419990
https://openalex.org/W2137838440
https://openalex.org/W2276096335
https://openalex.org/W2442081528
https://openalex.org/W1590442882
https://openalex.org/W1975348390
https://openalex.org/W1981642777
https://openalex.org/W1988778296
https://openalex.org/W2017793370
https://openalex.org/W2029801068
https://openalex.org/W2043748827
https://openalex.org/W2056752882
https://openalex.org/W2064607174
https://openalex.org/W2065590446
https://openalex.org/W2077080958
https://openalex.org/W2090311353
https://openalex.org/W2104212361
https://openalex.org/W2151296405
https://openalex.org/W2171161010
https://openalex.org/W2305668187
https://openalex.org/W2487144347
https://openalex.org/W2792177350
https://openalex.org/W4205658511
https://openalex.org/W4250158778
https://openalex.org/W53118737
https://openalex.org/W1973853368
https://openalex.org/W1997679510
https://openalex.org/W2003216819
https://openalex.org/W2006322995
https://openalex.org/W2015339229
https://openalex.org/W2024289085
https://openalex.org/W2073622995
https://openalex.org/W2075726924
https://openalex.org/W2076641199
https://openalex.org/W2107182480
https://openalex.org/W2115679297
https://openalex.org/W2136422293
https://openalex.org/W2143459579
https://openalex.org/W2512270071
https://openalex.org/W2586791810
https://openalex.org/W2774512144
https://openalex.org/W2797765194
https://openalex.org/W1973822991
https://openalex.org/W1976703887
https://openalex.org/W1981234399
https://openalex.org/W2008978997
https://openalex.org/W2022961523
https://openalex.org/W2035125890
https://openalex.org/W2038388614
https://openalex.org/W2088797612
https://openalex.org/W2090821450
https://openalex.org/W2094444605
https://openalex.org/W2112856888
https://openalex.org/W2119755647
https://openalex.org/W2152166356
https://openalex.org/W2254040658
https://openalex.org/W3049635994
https://openalex.org/W3132323193
https://openalex.org/W1705441511
https://openalex.org/W1985490515
https://openalex.org/W2004053562
https://openalex.org/W2046344578
https://openalex.org/W2066828362
https://openalex.org/W2080208661
https://openalex.org/W2083719876
https://openalex.org/W2090297900
https://openalex.org/W2092596800
https://openalex.org/W2093408993
https://openalex.org/W2122394503
https://openalex.org/W2134177745
https://openalex.org/W2145619199
https://openalex.org/W2172198114
https://openalex.org/W2335458405
https://openalex.org/W2500385906
https://openalex.org/W2567677537
https://openalex.org/W2736841625
https://openalex.org/W2787295680
https://openalex.org/W2905743897
https://openalex.org/W1965727701
https://openalex.org/W1998368369
https://openalex.org/W2023244216
https://openalex.org/W2024875158
https://openalex.org/W2068687990
https://openalex.org/W2069889668
https://openalex.org/W2070480694
https://openalex.org/W2108871477
https://openalex.org/W2109659575
https://openalex.org/W2114070261
https://openalex.org/W2150716631
https://openalex.org/W2207196379
https://openalex.org/W2599512005
https://openalex.org/W3012191762
https://openalex.org/W1575625668
https://openalex.org/W1975062265
https://openalex.org/W1990166731
https://openalex.org/W1999444858
https://openalex.org/W2022790991
https://openalex.org/W2056749115
https://openalex.org/W2069129513
https://openalex.org/W2070679214
https://openalex.org/W2079994150
https://openalex.org/W2082781353
https://openalex.org/W2083870359
https://openalex.org/W2089885764
https://openalex.org/W2129609305
https://openalex.org/W2136372381
https://openalex.org/W2158735298
https://openalex.org/W2168911650
https://openalex.org/W2319159967
https://openalex.org/W2342305554
https://openalex.org/W2747523346
https://openalex.org/W2759902374
https://openalex.org/W4236834408
https://openalex.org/W1673444441
https://openalex.org/W1992433651
https://openalex.org/W2010597703
https://openalex.org/W2014143020
https://openalex.org/W2032707686
https://openalex.org/W2036681091
https://openalex.org/W2040544725
https://openalex.org/W2064362633
https://openalex.org/W2072119276
https://openalex.org/W2081191272
https://openalex.org/W2090748961
https://openalex.org/W2091988865
https://openalex.org/W2093530487
https://openalex.org/W2095732419
https://openalex.org/W2105966728
https://openalex.org/W2122165400
https://openalex.org/W2129526345
https://openalex.org/W2132276511
https://openalex.org/W2171105824
https://openalex.org/W2401696679
https://openalex.org/W2606087960
https://openalex.org/W2765525628
https://openalex.org/W2806499828
https://openalex.org/W2970765772
https://openalex.org/W2989051288
https://openalex.org/W1986616890
https://openalex.org/W1991029061
https://openalex.org/W1998176866
https://openalex.org/W2033252140
https://openalex.org/W2040796174
https://openalex.org/W2060818438
https://openalex.org/W2064485183
https://openalex.org/W2066862765
https://openalex.org/W2079468927
https://openalex.org/W2604535060
https://openalex.org/W2953123978
https://openalex.org/W3217309971
https://openalex.org/W1978205611
https://openalex.org/W2016906643
https://openalex.org/W2044103793
https://openalex.org/W2044553936
https://openalex.org/W2071464155
https://openalex.org/W2091291044
https://openalex.org/W2097458597
https://openalex.org/W2103377988
https://openalex.org/W2126199684
https://openalex.org/W2136071937
https://openalex.org/W2141171413
https://openalex.org/W2151028926
https://openalex.org/W2151321427
https://openalex.org/W2151505440
https://openalex.org/W2790652780
https://openalex.org/W2890968288
https://openalex.org/W2899083193
https://openalex.org/W1597436806
https://openalex.org/W1965898749
https://openalex.org/W2016815581
https://openalex.org/W2033296044
https://openalex.org/W2046052869
https://openalex.org/W2076658123
https://openalex.org/W2097256289
https://openalex.org/W2118373369
https://openalex.org/W2136185762
https://openalex.org/W2151801872
https://openalex.org/W2409651413
https://openalex.org/W2527611349
https://openalex.org/W2765473041
https://openalex.org/W2898612095
https://openalex.org/W2921301702
https://openalex.org/W3000425699
https://openalex.org/W3013254231
https://openalex.org/W75133299
https://openalex.org/W1891283967
https://openalex.org/W1984396356
https://openalex.org/W1989364936
https://openalex.org/W1992195127
https://openalex.org/W1992919470
https://openalex.org/W1997710207
https://openalex.org/W2015166531
https://openalex.org/W2017013806
https://openalex.org/W2023224931
https://openalex.org/W2053303748
https://openalex.org/W2078775320
https://openalex.org/W2082190868
https://openalex.org/W2084776297
https://openalex.org/W2086714086
https://openalex.org/W2118644144
https://openalex.org/W2120874619
https://openalex.org/W2149181697
https://openalex.org/W2162012336
https://openalex.org/W2167428477
https://openalex.org/W2237993282
https://openalex.org/W2325257139
https://openalex.org/W2399478263
https://openalex.org/W2518906225
https://openalex.org/W2626971267
https://openalex.org/W2951206060
https://openalex.org/W3046242122
https://openalex.org/W3109460821
https://openalex.org/W4299293190
https://openalex.org/W1581362206
https://openalex.org/W1886818705
https://openalex.org/W1966278322
https://openalex.org/W2012877448
https://openalex.org/W2024758781
https://openalex.org/W2050856014
https://openalex.org/W2058106927
https://openalex.org/W2091495533
https://openalex.org/W2103439647
https://openalex.org/W2112225194
https://openalex.org/W2125743929
https://openalex.org/W2128328968
https://openalex.org/W2135583852
https://openalex.org/W2608746303
https://openalex.org/W2888530013
https://openalex.org/W2896665945
https://openalex.org/W2906945564
https://openalex.org/W2976974401
https://openalex.org/W1858816530
https://openalex.org/W1963764579
https://openalex.org/W2003926718
https://openalex.org/W2010624340
https://openalex.org/W2011884241
https://openalex.org/W2093927280
https://openalex.org/W2110866744
https://openalex.org/W2129201825
https://openalex.org/W2135908692
https://openalex.org/W2142525418
https://openalex.org/W2154121786
https://openalex.org/W2469042313
https://openalex.org/W2567009568
https://openalex.org/W2770001152
https://openalex.org/W3094182954
https://openalex.org/W1952218863
https://openalex.org/W1969074985
https://openalex.org/W1983187572
https://openalex.org/W1998955991
https://openalex.org/W2004954358
https://openalex.org/W2015916094
https://openalex.org/W2035801462
https://openalex.org/W2039104000
https://openalex.org/W2039690031
https://openalex.org/W2042084957
https://openalex.org/W2045388156
https://openalex.org/W2071958606
https://openalex.org/W2074922935
https://openalex.org/W2091788175
https://openalex.org/W2104386569
https://openalex.org/W2121878579
https://openalex.org/W2136853405
https://openalex.org/W2148838000
https://openalex.org/W2324106738
https://openalex.org/W2507842727
https://openalex.org/W2572438339
https://openalex.org/W2576122014
https://openalex.org/W2766919160
https://openalex.org/W2964835390
https://openalex.org/W4248417320
https://openalex.org/W1168062050
https://openalex.org/W1551265901
https://openalex.org/W1742822907
https://openalex.org/W1965596101
https://openalex.org/W1974465916
https://openalex.org/W1976366300
https://openalex.org/W1978559978
https://openalex.org/W1983166625
https://openalex.org/W2016254562
https://openalex.org/W2027881715
https://openalex.org/W2042107029
https://openalex.org/W2042964240
https://openalex.org/W2072874559
https://openalex.org/W2088061321
https://openalex.org/W2094929815
https://openalex.org/W2100325289
https://openalex.org/W2125258437
https://openalex.org/W2127035948
https://openalex.org/W2149685466
https://openalex.org/W2152298295
https://openalex.org/W2154276717
https://openalex.org/W2169698467
https://openalex.org/W2272396068
https://openalex.org/W2325172332
https://openalex.org/W2892823134
https://openalex.org/W3021463761
https://openalex.org/W963908388
https://openalex.org/W1964737689
https://openalex.org/W1978223819
https://openalex.org/W2023839401
https://openalex.org/W2037599206
https://openalex.org/W2054060656
https://openalex.org/W2074919560
https://openalex.org/W2077360194
https://openalex.org/W2086826070
https://openalex.org/W2225296626
https://openalex.org/W2619722132
https://openalex.org/W2762084216
https://openalex.org/W2800508663
https://openalex.org/W2901862545
https://openalex.org/W1520083101
https://openalex.org/W1568211035
https://openalex.org/W1963754832
https://openalex.org/W1971590500
https://openalex.org/W1998462421
https://openalex.org/W2008722744
https://openalex.org/W2018007816
https://openalex.org/W2073400409
https://openalex.org/W2082888980
https://openalex.org/W2086116538
https://openalex.org/W2104564770
https://openalex.org/W2120430538
https://openalex.org/W2128659734
https://openalex.org/W2333715704
https://openalex.org/W2418124261
https://openalex.org/W2538618317
https://openalex.org/W2584554595
https://openalex.org/W2678720943
https://openalex.org/W2747621008
https://openalex.org/W2808876981
https://openalex.org/W2890300667
https://openalex.org/W2890344481
https://openalex.org/W3016141546
https://openalex.org/W3031743160
https://openalex.org/W3045767357
https://openalex.org/W1481748852
https://openalex.org/W1517829477
https://openalex.org/W1969871689
https://openalex.org/W1976944916
https://openalex.org/W1987787460
https://openalex.org/W1997702729
https://openalex.org/W1998652314
https://openalex.org/W2006043903
https://openalex.org/W2011855824
https://openalex.org/W2016955957
https://openalex.org/W2021688842
https://openalex.org/W2036249535
https://openalex.org/W2049628526
https://openalex.org/W2054098065
https://openalex.org/W2055991307
https://openalex.org/W2066657517
https://openalex.org/W2077340769
https://openalex.org/W2077992865
https://openalex.org/W2090881230
https://openalex.org/W2126928071
https://openalex.org/W2152299172
https://openalex.org/W2156387278
https://openalex.org/W2164216860
https://openalex.org/W2317253769
https://openalex.org/W2342363867
https://openalex.org/W2796370960
https://openalex.org/W3086643546
https://openalex.org/W3122591536
https://openalex.org/W4243335901
https://openalex.org/W4290058699
https://openalex.org/W170029154
https://openalex.org/W1896925298
https://openalex.org/W1968635222
https://openalex.org/W1972710459
https://openalex.org/W1982143005
https://openalex.org/W1997314634
https://openalex.org/W2001860371
https://openalex.org/W2031377542
https://openalex.org/W2048186408
https://openalex.org/W2053521180
https://openalex.org/W2066361493
https://openalex.org/W2071715291
https://openalex.org/W2078572955
https://openalex.org/W2079439373
https://openalex.org/W2089670732
https://openalex.org/W2153847765
https://openalex.org/W229467070
https://openalex.org/W2478759488
https://openalex.org/W2544212468
https://openalex.org/W2563932923
https://openalex.org/W3215936267
https://openalex.org/W1566271371
https://openalex.org/W1765601281
https://openalex.org/W1964746946
https://openalex.org/W2002890949
https://openalex.org/W2026672644
https://openalex.org/W2036733130
https://openalex.org/W2049367604
https://openalex.org/W2087914309
https://openalex.org/W2093617348
https://openalex.org/W2101212557
https://openalex.org/W2113913870
https://openalex.org/W2127499977
https://openalex.org/W2148349807
https://openalex.org/W2152912125
https://openalex.org/W2169115690
https://openalex.org/W24886319
https://openalex.org/W2544734778
https://openalex.org/W2554305856
https://openalex.org/W2592572446
https://openalex.org/W3006208381
https://openalex.org/W3118961054
https://openalex.org/W3131574484
https://openalex.org/W1962320732
https://openalex.org/W1966226527
https://openalex.org/W1969511865
https://openalex.org/W1984573550
https://openalex.org/W1987179768
https://openalex.org/W1988141979
https://openalex.org/W2011845724
https://openalex.org/W2017906550
https://openalex.org/W2029872551
https://openalex.org/W2031683269
https://openalex.org/W2034748362
https://openalex.org/W2043734506
https://openalex.org/W2062323628
https://openalex.org/W2066531291
https://openalex.org/W2082699900
https://openalex.org/W2083532749
https://openalex.org/W2099726349
https://openalex.org/W2126010393
https://openalex.org/W2148458157
https://openalex.org/W2157702403
https://openalex.org/W2239907268
https://openalex.org/W2244158296
https://openalex.org/W2606065550
https://openalex.org/W2735794863
https://openalex.org/W2885634104
https://openalex.org/W2922355187
https://openalex.org/W2973209947
https://openalex.org/W3011230989
https://openalex.org/W3026181054
https://openalex.org/W3050696755
https://openalex.org/W3086584941
https://openalex.org/W3120084430
https://openalex.org/W3167861048
https://openalex.org/W4232541203
https://openalex.org/W86325689
https://openalex.org/W1264643409
https://openalex.org/W1851743247
https://openalex.org/W1923468002
https://openalex.org/W1967152220
https://openalex.org/W1976988528
https://openalex.org/W1983673891
https://openalex.org/W1993571910
https://openalex.org/W2011484529
https://openalex.org/W2018927994
https://openalex.org/W2020794832
https://openalex.org/W2027417281
https://openalex.org/W2033193018
https://openalex.org/W2043841182
https://openalex.org/W2053552692
https://openalex.org/W2056344362
https://openalex.org/W2065415755
https://openalex.org/W2067973475
https://openalex.org/W2068270323
https://openalex.org/W2069439707
https://openalex.org/W2105185561
https://openalex.org/W2108992758
https://openalex.org/W2111086263
https://openalex.org/W2111824951
https://openalex.org/W2117598072
https://openalex.org/W2137580845
https://openalex.org/W2141489115
https://openalex.org/W2142476286
https://openalex.org/W2147401456
https://openalex.org/W2150673069
https://openalex.org/W2154523027
https://openalex.org/W2162620575
https://openalex.org/W2165729056
https://openalex.org/W2403456180
https://openalex.org/W2750014010
https://openalex.org/W2948236074
https://openalex.org/W3022118337
https://openalex.org/W1490741899
https://openalex.org/W1536836189
https://openalex.org/W1967231712
https://openalex.org/W1977518673
https://openalex.org/W1985928344
https://openalex.org/W1995835713
https://openalex.org/W2003420622
https://openalex.org/W2007516039
https://openalex.org/W2015882370
https://openalex.org/W2017261417
https://openalex.org/W2021176232
https://openalex.org/W2027002237
https://openalex.org/W2035873070
https://openalex.org/W2041776798
https://openalex.org/W2059184227
https://openalex.org/W2061424401
https://openalex.org/W2066350368
https://openalex.org/W2071174914
https://openalex.org/W2072506555
https://openalex.org/W2090237962
https://openalex.org/W2108013980
https://openalex.org/W2115334645
https://openalex.org/W2126600087
https://openalex.org/W2136822150
https://openalex.org/W2150657249
https://openalex.org/W2505328143
https://openalex.org/W2560079081
https://openalex.org/W2810244970
https://openalex.org/W72038903
https://openalex.org/W1597786401
https://openalex.org/W1608135623
https://openalex.org/W1967199104
https://openalex.org/W1969209002
https://openalex.org/W1977210305
https://openalex.org/W1984847523
https://openalex.org/W1985744868
https://openalex.org/W1996752211
https://openalex.org/W2004054574
https://openalex.org/W2008196856
https://openalex.org/W2016895314
https://openalex.org/W2025395157
https://openalex.org/W2028778954
https://openalex.org/W2037795448
https://openalex.org/W2065667691
https://openalex.org/W2073224550
https://openalex.org/W2083747508
https://openalex.org/W2112106743
https://openalex.org/W2115917808
https://openalex.org/W2152190782
https://openalex.org/W2159098229
https://openalex.org/W2194117402
https://openalex.org/W2278829274
https://openalex.org/W2280460761
https://openalex.org/W2333821210
https://openalex.org/W2339783227
https://openalex.org/W2399941777
https://openalex.org/W2516882108
https://openalex.org/W2540847854
https://openalex.org/W2581784156
https://openalex.org/W2617975382
https://openalex.org/W2725256490
https://openalex.org/W2886285276
https://openalex.org/W2909559505
https://openalex.org/W2949391808
https://openalex.org/W2953260231
https://openalex.org/W3004222830
https://openalex.org/W3160269972
https://openalex.org/W3181727515
https://openalex.org/W41912390
https://openalex.org/W4236019309
https://openalex.org/W4251956774
https://openalex.org/W125659895
https://openalex.org/W1978244605
https://openalex.org/W1985743992
https://openalex.org/W1989634470
https://openalex.org/W1990045768
https://openalex.org/W2001084510
https://openalex.org/W2004150423
https://openalex.org/W2022265152
https://openalex.org/W2026592427
https://openalex.org/W2028213183
https://openalex.org/W2033570168
https://openalex.org/W2062902946
https://openalex.org/W2072095414
https://openalex.org/W2077630473
https://openalex.org/W2083669015
https://openalex.org/W2089070414
https://openalex.org/W2099550641
https://openalex.org/W2109314045
https://openalex.org/W2122175161
https://openalex.org/W2123014839
https://openalex.org/W2157214852
https://openalex.org/W2167104658
https://openalex.org/W2168323674
https://openalex.org/W2426009499
https://openalex.org/W2590143828
https://openalex.org/W2786100117
https://openalex.org/W2891783593
https://openalex.org/W3011453416
https://openalex.org/W3019069316
https://openalex.org/W3048971899
https://openalex.org/W4318599001
https://openalex.org/W12835999
https://openalex.org/W1560290348
https://openalex.org/W1619930778
https://openalex.org/W1970806912
https://openalex.org/W1977233782
https://openalex.org/W1979470649
https://openalex.org/W1991686027
https://openalex.org/W2004585530
https://openalex.org/W2007407929
https://openalex.org/W2010182462
https://openalex.org/W2012253951
https://openalex.org/W2021195115
https://openalex.org/W2026686589
https://openalex.org/W2027285027
https://openalex.org/W2032964204
https://openalex.org/W2036671214
https://openalex.org/W2038381783
https://openalex.org/W2044744723
https://openalex.org/W2056555643
https://openalex.org/W2064582516
https://openalex.org/W2071482905
https://openalex.org/W2085991971
https://openalex.org/W2096619170
https://openalex.org/W2098841950
https://openalex.org/W2108838854
https://openalex.org/W2125556332
https://openalex.org/W2148205331
https://openalex.org/W2170071640
https://openalex.org/W2472673865
https://openalex.org/W2502639333
https://openalex.org/W2548166717
https://openalex.org/W2911733041
https://openalex.org/W2912850546
https://openalex.org/W2957059215
https://openalex.org/W3009837887
https://openalex.org/W3036987449
https://openalex.org/W3087152814
https://openalex.org/W3092936271
https://openalex.org/W3164241542
https://openalex.org/W4251845131
https://openalex.org/W1477827348
https://openalex.org/W1598668889
https://openalex.org/W1823875276
https://openalex.org/W1902102913
https://openalex.org/W1968357217
https://openalex.org/W1975638532
https://openalex.org/W1995676055
https://openalex.org/W2000197322
https://openalex.org/W2001790583
https://openalex.org/W2006675332
https://openalex.org/W2018964006
https://openalex.org/W2020104600
https://openalex.org/W2034127068
https://openalex.org/W2048139139
https://openalex.org/W2052793033
https://openalex.org/W2055545512
https://openalex.org/W2062326964
https://openalex.org/W2062431364
https://openalex.org/W2068328415
https://openalex.org/W2085058364
https://openalex.org/W2086357570
https://openalex.org/W2104814339
https://openalex.org/W2108074735
https://openalex.org/W2131622333
https://openalex.org/W2132988097
https://openalex.org/W2138326270
https://openalex.org/W2140097374
https://openalex.org/W2148083918
https://openalex.org/W2148190722
https://openalex.org/W2148567711
https://openalex.org/W2155466797
https://openalex.org/W2159128615
https://openalex.org/W2304824535
https://openalex.org/W2330239443
https://openalex.org/W2399103236
https://openalex.org/W2594115095
https://openalex.org/W2911821166
https://openalex.org/W2952286164
https://openalex.org/W2992302253
https://openalex.org/W3009767836
https://openalex.org/W3015587704
https://openalex.org/W3051802267
https://openalex.org/W3091634827
https://openalex.org/W3138487004
https://openalex.org/W3166249973
https://openalex.org/W1565829205
https://openalex.org/W1567438378
https://openalex.org/W1919376212
https://openalex.org/W1968453244
https://openalex.org/W1971715733
https://openalex.org/W1981057383
https://openalex.org/W1986767571
https://openalex.org/W2004904695
https://openalex.org/W2007145281
https://openalex.org/W2020013524
https://openalex.org/W2021061181
https://openalex.org/W2026143861
https://openalex.org/W2032371942
https://openalex.org/W2040617904
https://openalex.org/W2043538792
https://openalex.org/W2044678933
https://openalex.org/W2048943778
https://openalex.org/W2054427318
https://openalex.org/W2059141945
https://openalex.org/W2073324459
https://openalex.org/W2076829672
https://openalex.org/W2078200500
https://openalex.org/W2081814267
https://openalex.org/W2102574602
https://openalex.org/W2107546692
https://openalex.org/W2112391019
https://openalex.org/W2115961536
https://openalex.org/W2125125774
https://openalex.org/W2133290879
https://openalex.org/W2139356526
https://openalex.org/W2141484215
https://openalex.org/W2149350714
https://openalex.org/W2164403135
https://openalex.org/W2278264045
https://openalex.org/W2331353969
https://openalex.org/W2409751345
https://openalex.org/W2477608521
https://openalex.org/W2558335088
https://openalex.org/W2748541813
https://openalex.org/W3039211830
https://openalex.org/W3081736781
https://openalex.org/W3124747602
https://openalex.org/W3154924974
https://openalex.org/W1877343164
https://openalex.org/W1878377624
https://openalex.org/W1971457093
https://openalex.org/W1988905992
https://openalex.org/W1991086173
https://openalex.org/W2012029467
https://openalex.org/W2039866841
https://openalex.org/W2052582517
https://openalex.org/W2056896825
https://openalex.org/W2061791734
https://openalex.org/W2140793623
https://openalex.org/W2146217016
https://openalex.org/W2164086268
https://openalex.org/W2165459754
https://openalex.org/W2172868992
https://openalex.org/W2322615823
https://openalex.org/W2505299845
https://openalex.org/W2508136701
https://openalex.org/W2522294693
https://openalex.org/W2549444380
https://openalex.org/W2560753018
https://openalex.org/W2594671931
https://openalex.org/W2607397704
https://openalex.org/W2765334801
https://openalex.org/W2789572592
https://openalex.org/W2794972031
https://openalex.org/W2802291622
https://openalex.org/W2909019641
https://openalex.org/W2945638721
https://openalex.org/W2987360490
https://openalex.org/W2990600243
https://openalex.org/W3087418051
https://openalex.org/W3156348863
https://openalex.org/W3166338252
https://openalex.org/W4211218117
https://openalex.org/W595515482
https://openalex.org/W1629615361
https://openalex.org/W1796439827
https://openalex.org/W1963721463
https://openalex.org/W1971170473
https://openalex.org/W1976642698
https://openalex.org/W2001967350
https://openalex.org/W2013409121
https://openalex.org/W2028593569
https://openalex.org/W2044204798
https://openalex.org/W2048000632
https://openalex.org/W2052653143
https://openalex.org/W2054716108
https://openalex.org/W2081141254
https://openalex.org/W2082357936
https://openalex.org/W2091246466
https://openalex.org/W2093408537
https://openalex.org/W2119659415
https://openalex.org/W2136664730
https://openalex.org/W2164768809
https://openalex.org/W2343811165
https://openalex.org/W2395429855
https://openalex.org/W2556365193
https://openalex.org/W2590788179
https://openalex.org/W2724558864
https://openalex.org/W2728296756
https://openalex.org/W2765087124
https://openalex.org/W2789535952
https://openalex.org/W2896253130
https://openalex.org/W2902056679
https://openalex.org/W2939526807
https://openalex.org/W2978190735
https://openalex.org/W2990609620
https://openalex.org/W3016916311
https://openalex.org/W3118280603
https://openalex.org/W3197991405
https://openalex.org/W4319661295
https://openalex.org/W1745053951
https://openalex.org/W1782662513
https://openalex.org/W1914932482
https://openalex.org/W1963518605
https://openalex.org/W1967616836
https://openalex.org/W1970442309
https://openalex.org/W1973515595
https://openalex.org/W1982300090
https://openalex.org/W1998303539
https://openalex.org/W2006473567
https://openalex.org/W2029437875
https://openalex.org/W2032201370
https://openalex.org/W2035906993
https://openalex.org/W2044226835
https://openalex.org/W2075909019
https://openalex.org/W2076891358
https://openalex.org/W2086107868
https://openalex.org/W2101166605
https://openalex.org/W2124265750
https://openalex.org/W2127472016
https://openalex.org/W2146648265
https://openalex.org/W2148091844
https://openalex.org/W2165811555
https://openalex.org/W2323243847
https://openalex.org/W2397891318
https://openalex.org/W2586712797
https://openalex.org/W2754547497
https://openalex.org/W2788430323
https://openalex.org/W2789345610
https://openalex.org/W2809809319
https://openalex.org/W2897642520
https://openalex.org/W2912707627
https://openalex.org/W2944197011
https://openalex.org/W2966349353
https://openalex.org/W3011166010
https://openalex.org/W3026090075
https://openalex.org/W3037704424
https://openalex.org/W3048226301
https://openalex.org/W3126882871
https://openalex.org/W3138357683
https://openalex.org/W3174014821
https://openalex.org/W1722774826
https://openalex.org/W1874611119
https://openalex.org/W1917639590
https://openalex.org/W1971264702
https://openalex.org/W1987963007
https://openalex.org/W1989912303
https://openalex.org/W2009581882
https://openalex.org/W2016128430
https://openalex.org/W2017087447
https://openalex.org/W2021131509
https://openalex.org/W2028641661
https://openalex.org/W2031647923
https://openalex.org/W2040621315
https://openalex.org/W2041589964
https://openalex.org/W2054573935
https://openalex.org/W2058515456
https://openalex.org/W2060610766
https://openalex.org/W2065157566
https://openalex.org/W2074970314
https://openalex.org/W2080649591
https://openalex.org/W2084451248
https://openalex.org/W2100646311
https://openalex.org/W2113532794
https://openalex.org/W2115233298
https://openalex.org/W2115997679
https://openalex.org/W2147028102
https://openalex.org/W2170843701
https://openalex.org/W2172253373
https://openalex.org/W2267087737
https://openalex.org/W2332422305
https://openalex.org/W2336167521
https://openalex.org/W2541708856
https://openalex.org/W2550075483
https://openalex.org/W2590029066
https://openalex.org/W2766967795
https://openalex.org/W2952311548
https://openalex.org/W2970796236
https://openalex.org/W2978525234
https://openalex.org/W3003913750
https://openalex.org/W3099266310
https://openalex.org/W3120322796
https://openalex.org/W4205501792
https://openalex.org/W4230471901
https://openalex.org/W4236112585
https://openalex.org/W1174738733
https://openalex.org/W1423454712
https://openalex.org/W1565116208
https://openalex.org/W168577092
https://openalex.org/W1791705354
https://openalex.org/W1968204118
https://openalex.org/W1971841051
https://openalex.org/W1982335331
https://openalex.org/W1982529948
https://openalex.org/W1986521565
https://openalex.org/W1990924583
https://openalex.org/W2001215693
https://openalex.org/W2019095400
https://openalex.org/W2021216210
https://openalex.org/W2033710003
https://openalex.org/W2033850221
https://openalex.org/W2038587074
https://openalex.org/W2048139291
https://openalex.org/W2057820639
https://openalex.org/W2058557265
https://openalex.org/W2060904408
https://openalex.org/W2063970644
https://openalex.org/W2065255786
https://openalex.org/W2075300596
https://openalex.org/W2080401081
https://openalex.org/W2093951928
https://openalex.org/W2094685381
https://openalex.org/W2099342268
https://openalex.org/W2108919364
https://openalex.org/W2110185915
https://openalex.org/W2112498273
https://openalex.org/W2119732374
https://openalex.org/W2120087448
https://openalex.org/W2149189597
https://openalex.org/W2164709240
https://openalex.org/W2170112388
https://openalex.org/W2172609205
https://openalex.org/W2185701329
https://openalex.org/W2327561686
https://openalex.org/W2410279507
https://openalex.org/W2504186199
https://openalex.org/W2519011745
https://openalex.org/W2551528399
https://openalex.org/W2743239593
https://openalex.org/W2752885114
https://openalex.org/W2773772915
https://openalex.org/W2916332141
https://openalex.org/W2920855211
https://openalex.org/W2951760581
https://openalex.org/W3032191086
https://openalex.org/W3042605432
https://openalex.org/W3124921786
https://openalex.org/W4206536945
https://openalex.org/W4254735764
https://openalex.org/W1827625579
https://openalex.org/W1936336129
https://openalex.org/W1966803338
https://openalex.org/W1967968902
https://openalex.org/W1972034954
https://openalex.org/W1984683948
https://openalex.org/W1989148405
https://openalex.org/W1993417129
https://openalex.org/W1996463181
https://openalex.org/W2000910309
https://openalex.org/W2006918322
https://openalex.org/W2008359728
https://openalex.org/W2014886535
https://openalex.org/W2022828225
https://openalex.org/W2039073018
https://openalex.org/W2041699968
https://openalex.org/W2043144430
https://openalex.org/W2053840054
https://openalex.org/W2053922788
https://openalex.org/W2059385121
https://openalex.org/W2077355510
https://openalex.org/W2080399890
https://openalex.org/W2091801191
https://openalex.org/W2100475501
https://openalex.org/W2107279113
https://openalex.org/W2146312968
https://openalex.org/W2164714970
https://openalex.org/W2279875577
https://openalex.org/W2297180437
https://openalex.org/W2320603666
https://openalex.org/W2326001456
https://openalex.org/W2407152983
https://openalex.org/W2490104739
https://openalex.org/W2568710896
https://openalex.org/W2618848695
https://openalex.org/W2735033398
https://openalex.org/W2754232014
https://openalex.org/W2789348748
https://openalex.org/W2792567626
https://openalex.org/W2889873638
https://openalex.org/W2923157327
https://openalex.org/W2948589044
https://openalex.org/W2986903319
https://openalex.org/W3031073214
https://openalex.org/W3089831548
https://openalex.org/W3094250357
https://openalex.org/W3096491740
https://openalex.org/W3113742733
https://openalex.org/W3121630805
https://openalex.org/W4200036125
https://openalex.org/W4224250853
https://openalex.org/W4245351579
https://openalex.org/W42733444
https://openalex.org/W120290835
https://openalex.org/W1227988319
https://openalex.org/W127835245
https://openalex.org/W1498684815
https://openalex.org/W1861053549
https://openalex.org/W1925744804
https://openalex.org/W1958062067
https://openalex.org/W1964031995
https://openalex.org/W1968195662
https://openalex.org/W1970089712
https://openalex.org/W1982163352
https://openalex.org/W1987682836
https://openalex.org/W1997851555
https://openalex.org/W1998464998
https://openalex.org/W2004474578
https://openalex.org/W2012959767
https://openalex.org/W2013250484
https://openalex.org/W2018834576
https://openalex.org/W2020746744
https://openalex.org/W2028664407
https://openalex.org/W2036555741
https://openalex.org/W2051324688
https://openalex.org/W2053783039
https://openalex.org/W2054318927
https://openalex.org/W2059511900
https://openalex.org/W2059780782
https://openalex.org/W2062968045
https://openalex.org/W2066867162
https://openalex.org/W2073057013
https://openalex.org/W2076416445
https://openalex.org/W2078259095
https://openalex.org/W2078495417
https://openalex.org/W2078751511
https://openalex.org/W2109450378
https://openalex.org/W2122934676
https://openalex.org/W2138160563
https://openalex.org/W2171684316
https://openalex.org/W2294292381
https://openalex.org/W2318712771
https://openalex.org/W2464371885
https://openalex.org/W2492165593
https://openalex.org/W2585128271
https://openalex.org/W2589059756
https://openalex.org/W2614348799
https://openalex.org/W2733785240
https://openalex.org/W2755588656
https://openalex.org/W2790962686
https://openalex.org/W2885046289
https://openalex.org/W2896191213
https://openalex.org/W2901381649
https://openalex.org/W2932742802
https://openalex.org/W2947300805
https://openalex.org/W2954824734
https://openalex.org/W2965996572
https://openalex.org/W2982464752
https://openalex.org/W2994777261
https://openalex.org/W3029708534
https://openalex.org/W3047768369
https://openalex.org/W3087889238
https://openalex.org/W3109808270
https://openalex.org/W3112379109
https://openalex.org/W3116782148
https://openalex.org/W3119483136
https://openalex.org/W3159863461
https://openalex.org/W3164715058
https://openalex.org/W3214824459
https://openalex.org/W4243136016
https://openalex.org/W4306957124
https://openalex.org/W1555600622
https://openalex.org/W1870744934
https://openalex.org/W1938112626
https://openalex.org/W1973009838
https://openalex.org/W1990624993
https://openalex.org/W1992722967
https://openalex.org/W1993664579
https://openalex.org/W2012220739
https://openalex.org/W2022178469
https://openalex.org/W2024418448
https://openalex.org/W2029047270
https://openalex.org/W2033542673
https://openalex.org/W2037382429
https://openalex.org/W2046479235
https://openalex.org/W2048471105
https://openalex.org/W2062312501
https://openalex.org/W2065167156
https://openalex.org/W2071392957
https://openalex.org/W2077465702
https://openalex.org/W2090508354
https://openalex.org/W2092839272
https://openalex.org/W2103228221
https://openalex.org/W2120749845
https://openalex.org/W2121158586
https://openalex.org/W2134718689
https://openalex.org/W22122065
https://openalex.org/W2401293613
https://openalex.org/W2406074580
https://openalex.org/W2413978521
https://openalex.org/W2416339397
https://openalex.org/W2460326075
https://openalex.org/W2551228194
https://openalex.org/W2597691860
https://openalex.org/W2612970733
https://openalex.org/W2730311787
https://openalex.org/W2806830271
https://openalex.org/W2809449561
https://openalex.org/W3013930604
https://openalex.org/W3016004862
https://openalex.org/W3092067514
https://openalex.org/W3094499917
https://openalex.org/W3118620120
https://openalex.org/W3142374082
https://openalex.org/W3164231886
https://openalex.org/W3182035278
https://openalex.org/W3195105519
https://openalex.org/W3203300617
https://openalex.org/W4221095845
https://openalex.org/W4281555793
https://openalex.org/W131755857
https://openalex.org/W154397233
https://openalex.org/W1564319964
https://openalex.org/W1571120108
https://openalex.org/W1608627998
https://openalex.org/W1965873888
https://openalex.org/W1966216463
https://openalex.org/W1974748574
https://openalex.org/W1980286179
https://openalex.org/W1982865041
https://openalex.org/W1983889663
https://openalex.org/W1986665919
https://openalex.org/W2008462971
https://openalex.org/W2015194761
https://openalex.org/W2022958154
https://openalex.org/W2024854772
https://openalex.org/W2025519506
https://openalex.org/W2026811827
https://openalex.org/W2044603816
https://openalex.org/W2049039434
https://openalex.org/W2054715393
https://openalex.org/W2063669948
https://openalex.org/W2072019798
https://openalex.org/W2096945175
https://openalex.org/W2102716387
https://openalex.org/W2103007421
https://openalex.org/W2106685920
https://openalex.org/W2124326766
https://openalex.org/W2132646689
https://openalex.org/W2141630156
https://openalex.org/W2154843536
https://openalex.org/W2163261717
https://openalex.org/W2170531920
https://openalex.org/W2172210365
https://openalex.org/W2177469586
https://openalex.org/W2317086496
https://openalex.org/W2330377771
https://openalex.org/W2337251434
https://openalex.org/W2412248010
https://openalex.org/W2419196649
https://openalex.org/W2530127516
https://openalex.org/W2552984535
https://openalex.org/W2553702027
https://openalex.org/W2579114369
https://openalex.org/W2590323190
https://openalex.org/W2607499452
https://openalex.org/W2699317156
https://openalex.org/W2760152267
https://openalex.org/W2802700419
https://openalex.org/W2805676612
https://openalex.org/W2808419509
https://openalex.org/W2896699951
https://openalex.org/W2907846633
https://openalex.org/W2921051063
https://openalex.org/W2924999045
https://openalex.org/W2944856956
https://openalex.org/W2969724717
https://openalex.org/W2981785361
https://openalex.org/W2984807974
https://openalex.org/W2998073354
https://openalex.org/W3004341515
https://openalex.org/W3012183086
https://openalex.org/W3027608726
https://openalex.org/W3030793388
https://openalex.org/W3044351338
https://openalex.org/W3090332880
https://openalex.org/W3091954913
https://openalex.org/W3158227920
https://openalex.org/W3191792342
https://openalex.org/W4200473485
https://openalex.org/W4249127157
https://openalex.org/W4298655131
https://openalex.org/W101017206
https://openalex.org/W147236594
https://openalex.org/W1521209686
https://openalex.org/W1874374043
https://openalex.org/W1976235312
https://openalex.org/W1980282412
https://openalex.org/W1983269769
https://openalex.org/W1989064181
https://openalex.org/W1997681100
https://openalex.org/W1999984933
https://openalex.org/W2003366628
https://openalex.org/W2012045290
https://openalex.org/W2029264884
https://openalex.org/W2047683067
https://openalex.org/W2052244845
https://openalex.org/W2060844706
https://openalex.org/W2070296626
https://openalex.org/W2089833993
https://openalex.org/W2099694599
https://openalex.org/W2101842355
https://openalex.org/W2114115228
https://openalex.org/W2114183070
https://openalex.org/W2134911620
https://openalex.org/W2143207590
https://openalex.org/W2147522366
https://openalex.org/W2160132245
https://openalex.org/W2163452387
https://openalex.org/W2164525897
https://openalex.org/W2244106585
https://openalex.org/W2262478377
https://openalex.org/W2286997823
https://openalex.org/W2320875457
https://openalex.org/W2399660986
https://openalex.org/W2404404185
https://openalex.org/W2418778691
https://openalex.org/W2427614150
https://openalex.org/W2471527887
https://openalex.org/W2578990734
https://openalex.org/W2727703996
https://openalex.org/W2778828202
https://openalex.org/W2793967049
https://openalex.org/W2807494079
https://openalex.org/W2886637278
https://openalex.org/W2892945174
https://openalex.org/W2897739247
https://openalex.org/W2907260247
https://openalex.org/W2923169390
https://openalex.org/W2971261632
https://openalex.org/W3006581768
https://openalex.org/W3016037338
https://openalex.org/W3028054705
https://openalex.org/W3029793410
https://openalex.org/W3045578616
https://openalex.org/W3048606661
https://openalex.org/W3175834869
https://openalex.org/W3179329907
https://openalex.org/W3196022578
https://openalex.org/W3210322114
https://openalex.org/W338905111
https://openalex.org/W4200410794
https://openalex.org/W4206930685
https://openalex.org/W4220699460
https://openalex.org/W4224324881
https://openalex.org/W4232603731
https://openalex.org/W4234953049
https://openalex.org/W4244373691
https://openalex.org/W4280496271
https://openalex.org/W4295681679
https://openalex.org/W891028199
https://openalex.org/W964402605
https://openalex.org/W1484939440
https://openalex.org/W1606468236
https://openalex.org/W1963720364
https://openalex.org/W1963782947
https://openalex.org/W1966822591
https://openalex.org/W1979143111
https://openalex.org/W1982312211
https://openalex.org/W1987232864
https://openalex.org/W1987420904
https://openalex.org/W1991006615
https://openalex.org/W1993809904
https://openalex.org/W1997760549
https://openalex.org/W2007506475
https://openalex.org/W2012824063
https://openalex.org/W2022449576
https://openalex.org/W2029047413
https://openalex.org/W2045234808
https://openalex.org/W2050555395
https://openalex.org/W2052934866
https://openalex.org/W2054308577
https://openalex.org/W2054469276
https://openalex.org/W2060947838
https://openalex.org/W2062650073
https://openalex.org/W2064554946
https://openalex.org/W2071600177
https://openalex.org/W2078207284
https://openalex.org/W2078224801
https://openalex.org/W2090675607
https://openalex.org/W2095991301
https://openalex.org/W2104253638
https://openalex.org/W2119672250
https://openalex.org/W2127390800
https://openalex.org/W2128700522
https://openalex.org/W2132614107
https://openalex.org/W2134853456
https://openalex.org/W2139580709
https://openalex.org/W2147286393
https://openalex.org/W2149461378
https://openalex.org/W2159708079
https://openalex.org/W2162606342
https://openalex.org/W2165660877
https://openalex.org/W2313991978
https://openalex.org/W2415727575
https://openalex.org/W2479044361
https://openalex.org/W2484388862
https://openalex.org/W2497014694
https://openalex.org/W2499283057
https://openalex.org/W2529610603
https://openalex.org/W2558173622
https://openalex.org/W2561431453
https://openalex.org/W2591307369
https://openalex.org/W2746618965
https://openalex.org/W2772859121
https://openalex.org/W2810514448
https://openalex.org/W2889798256
https://openalex.org/W2890725405
https://openalex.org/W2896991881
https://openalex.org/W2901862149
https://openalex.org/W2907720868
https://openalex.org/W2915013967
https://openalex.org/W2917790017
https://openalex.org/W2946673762
https://openalex.org/W2966435374
https://openalex.org/W2995287596
https://openalex.org/W2996751089
https://openalex.org/W3038743683
https://openalex.org/W3112812055
https://openalex.org/W3121790315
https://openalex.org/W3123956841
https://openalex.org/W3126971727
https://openalex.org/W3148100403
https://openalex.org/W3189132058
https://openalex.org/W3189464612
https://openalex.org/W3197455476
https://openalex.org/W3202084538
https://openalex.org/W4200114037
https://openalex.org/W4206919040
https://openalex.org/W4229007532
https://openalex.org/W1518376247
https://openalex.org/W1553471391
https://openalex.org/W1966585090
https://openalex.org/W1973290805
https://openalex.org/W1978972514
https://openalex.org/W1983702552
https://openalex.org/W1985160685
https://openalex.org/W2004906870
https://openalex.org/W2011816016
https://openalex.org/W2018984516
https://openalex.org/W2021743747
https://openalex.org/W2043319534
https://openalex.org/W2048104369
https://openalex.org/W2060792646
https://openalex.org/W2076130356
https://openalex.org/W2079838540
https://openalex.org/W2082235776
https://openalex.org/W2089917965
https://openalex.org/W2096977881
https://openalex.org/W2107817319
https://openalex.org/W2129705717
https://openalex.org/W2135075509
https://openalex.org/W2144271912
https://openalex.org/W2154105647
https://openalex.org/W2155766874
https://openalex.org/W2161477432
https://openalex.org/W2170966517
https://openalex.org/W2248231645
https://openalex.org/W2296342931
https://openalex.org/W2324696392
https://openalex.org/W2336460587
https://openalex.org/W2417409910
https://openalex.org/W2563079111
https://openalex.org/W2606083280
https://openalex.org/W2606328413
https://openalex.org/W2744005386
https://openalex.org/W2764033692
https://openalex.org/W2791705717
https://openalex.org/W2801827251
https://openalex.org/W2805966349
https://openalex.org/W2893123167
https://openalex.org/W2898112342
https://openalex.org/W2917610934
https://openalex.org/W2917826814
https://openalex.org/W2923414509
https://openalex.org/W2939073213
https://openalex.org/W2955653749
https://openalex.org/W2979640688
https://openalex.org/W2990143987
https://openalex.org/W2990285653
https://openalex.org/W3014700893
https://openalex.org/W3034537026
https://openalex.org/W3034853337
https://openalex.org/W3045286447
https://openalex.org/W3049436828
https://openalex.org/W3107562399
https://openalex.org/W3117413549
https://openalex.org/W3120373616
https://openalex.org/W3129108821
https://openalex.org/W3134908800
https://openalex.org/W3135836725
https://openalex.org/W3159186555
https://openalex.org/W3162491451
https://openalex.org/W3169975630
https://openalex.org/W3176407743
https://openalex.org/W4213193531
https://openalex.org/W4213210732
https://openalex.org/W4226147252
https://openalex.org/W4235347685
https://openalex.org/W4235950926
https://openalex.org/W4245796447
https://openalex.org/W4251979556
https://openalex.org/W4281899143
https://openalex.org/W659178033
https://openalex.org/W11111285
https://openalex.org/W1499520752
https://openalex.org/W1504924406
https://openalex.org/W1508840323
https://openalex.org/W1586496269
https://openalex.org/W1606159102
https://openalex.org/W1678444154
https://openalex.org/W1849128834
https://openalex.org/W1905128929
https://openalex.org/W1974705107
https://openalex.org/W1981578041
https://openalex.org/W1983081773
https://openalex.org/W1983087923
https://openalex.org/W1996100110
https://openalex.org/W1998163086
https://openalex.org/W1998947573
https://openalex.org/W2012384902
https://openalex.org/W2020870908
https://openalex.org/W2022180953
https://openalex.org/W2024916165
https://openalex.org/W2029692928
https://openalex.org/W2047343924
https://openalex.org/W2052321537
https://openalex.org/W2054973733
https://openalex.org/W2071720997
https://openalex.org/W2087137951
https://openalex.org/W2090408849
https://openalex.org/W2106067374
https://openalex.org/W2118542503
https://openalex.org/W2120279500
https://openalex.org/W2135441205
https://openalex.org/W2138248356
https://openalex.org/W2143800677
https://openalex.org/W2147543247
https://openalex.org/W2148815359
https://openalex.org/W2169312784
https://openalex.org/W2211781836
https://openalex.org/W2220230568
https://openalex.org/W2249726073
https://openalex.org/W2362416355
https://openalex.org/W2409007893
https://openalex.org/W2417102828
https://openalex.org/W2435283028
https://openalex.org/W2462936563
https://openalex.org/W246353632
https://openalex.org/W2551832891
https://openalex.org/W2566857078
https://openalex.org/W2577900042
https://openalex.org/W2582656027
https://openalex.org/W2591704584
https://openalex.org/W2596980296
https://openalex.org/W2600229670
https://openalex.org/W2604884789
https://openalex.org/W2606073631
https://openalex.org/W2606217772
https://openalex.org/W2606824390
https://openalex.org/W2611536733
https://openalex.org/W2618167169
https://openalex.org/W2757208784
https://openalex.org/W2805935577
https://openalex.org/W2807702055
https://openalex.org/W2809523096
https://openalex.org/W2810076137
https://openalex.org/W2900658199
https://openalex.org/W2904586118
https://openalex.org/W2914692634
https://openalex.org/W2948986491
https://openalex.org/W2981591152
https://openalex.org/W2991052310
https://openalex.org/W3014945409
https://openalex.org/W3019468074
https://openalex.org/W3023674676
https://openalex.org/W3033494860
https://openalex.org/W3035985173
https://openalex.org/W3091802561
https://openalex.org/W3096552739
https://openalex.org/W3129828749
https://openalex.org/W3134533932
https://openalex.org/W3136370870
https://openalex.org/W3162291983
https://openalex.org/W3175512464
https://openalex.org/W3176324694
https://openalex.org/W3193751101
https://openalex.org/W3198588216
https://openalex.org/W3199964000
https://openalex.org/W3203960323
https://openalex.org/W4200060551
https://openalex.org/W4200301756
https://openalex.org/W4214510432
https://openalex.org/W4225503969
https://openalex.org/W4229037320
https://openalex.org/W4237009036
https://openalex.org/W4247373929
https://openalex.org/W4253817517
https://openalex.org/W4253931630
https://openalex.org/W4294287258
https://openalex.org/W614702238
https://openalex.org/W638568825
https://openalex.org/W641753462
https://openalex.org/W136637916
https://openalex.org/W1867523680
https://openalex.org/W1971556579
https://openalex.org/W1978395588
https://openalex.org/W1982763197
https://openalex.org/W1987686979
https://openalex.org/W2009501976
https://openalex.org/W200957484
https://openalex.org/W2026183814
https://openalex.org/W2026669587
https://openalex.org/W2028861156
https://openalex.org/W2040968834
https://openalex.org/W2047627781
https://openalex.org/W2055982337
https://openalex.org/W2056400898
https://openalex.org/W2057832598
https://openalex.org/W2058624944
https://openalex.org/W2060605424
https://openalex.org/W2062575766
https://openalex.org/W2065672328
https://openalex.org/W2066395572
https://openalex.org/W2075284490
https://openalex.org/W2076301422
https://openalex.org/W2078854711
https://openalex.org/W2091619769
https://openalex.org/W2113128141
https://openalex.org/W2115057261
https://openalex.org/W2120752198
https://openalex.org/W2125921997
https://openalex.org/W2130427702
https://openalex.org/W2139420867
https://openalex.org/W2144657206
https://openalex.org/W2158070361
https://openalex.org/W2170180383
https://openalex.org/W2184152842
https://openalex.org/W2232534058
https://openalex.org/W2233690671
https://openalex.org/W2292594357
https://openalex.org/W2295688653
https://openalex.org/W2333163410
https://openalex.org/W2334392151
https://openalex.org/W2335916494
https://openalex.org/W2351785035
https://openalex.org/W2399544148
https://openalex.org/W2410662278
https://openalex.org/W2443497729
https://openalex.org/W2468428089
https://openalex.org/W2474403822
https://openalex.org/W2530036311
https://openalex.org/W2598832324
https://openalex.org/W2623573623
https://openalex.org/W2740746800
https://openalex.org/W2750664704
https://openalex.org/W2790969351
https://openalex.org/W2805905517
https://openalex.org/W2886242074
https://openalex.org/W2895996507
https://openalex.org/W2910477849
https://openalex.org/W2915584745
https://openalex.org/W2930467780
https://openalex.org/W2942021448
https://openalex.org/W2986791975
https://openalex.org/W2989945415
https://openalex.org/W2990752273
https://openalex.org/W3005565976
https://openalex.org/W3033665259
https://openalex.org/W3035067066
https://openalex.org/W3037850747
https://openalex.org/W3046196913
https://openalex.org/W3101427757
https://openalex.org/W3108609882
https://openalex.org/W3111444324
https://openalex.org/W3168485784
https://openalex.org/W3186471109
https://openalex.org/W3204671326
https://openalex.org/W3209054204
https://openalex.org/W350098890
https://openalex.org/W415832508
https://openalex.org/W4206273373
https://openalex.org/W4206926467
https://openalex.org/W4231044319
https://openalex.org/W4232921145
https://openalex.org/W4281253337
https://openalex.org/W4292849304
https://openalex.org/W4293512124
https://openalex.org/W4308313300
https://openalex.org/W61819576
https://openalex.org/W645334356
https://openalex.org/W772950075
https://openalex.org/W966878717
https://openalex.org/W1182244859
https://openalex.org/W1509126844
https://openalex.org/W1538698209
https://openalex.org/W1545228966
https://openalex.org/W1857673344
https://openalex.org/W1878946382
https://openalex.org/W1966255300
https://openalex.org/W1974085014
https://openalex.org/W1977225171
https://openalex.org/W1978120112
https://openalex.org/W1982379013
https://openalex.org/W1984449727
https://openalex.org/W1997988962
https://openalex.org/W1998369726
https://openalex.org/W1999966004
https://openalex.org/W2004045049
https://openalex.org/W2006696204
https://openalex.org/W2034855132
https://openalex.org/W2040994638
https://openalex.org/W2061842879
https://openalex.org/W2064318450
https://openalex.org/W2086381154
https://openalex.org/W2086832501
https://openalex.org/W2087154957
https://openalex.org/W2089561726
https://openalex.org/W2092580244
https://openalex.org/W2095182124
https://openalex.org/W2106283650
https://openalex.org/W2108485842
https://openalex.org/W2109653963
https://openalex.org/W2117301724
https://openalex.org/W2119263205
https://openalex.org/W2124005189
https://openalex.org/W2134409917
https://openalex.org/W2134963756
https://openalex.org/W2148529274
https://openalex.org/W2151090552
https://openalex.org/W2162498782
https://openalex.org/W2164038614
https://openalex.org/W2169530499
https://openalex.org/W2174871829
https://openalex.org/W2179989075
https://openalex.org/W227943183
https://openalex.org/W2398954035
https://openalex.org/W2407271068
https://openalex.org/W2409227070
https://openalex.org/W2409352109
https://openalex.org/W2412893655
https://openalex.org/W2429599941
https://openalex.org/W2435754547
https://openalex.org/W2463621827
https://openalex.org/W2464970459
https://openalex.org/W2480324990
https://openalex.org/W2515274360
https://openalex.org/W2531593114
https://openalex.org/W2548294555
https://openalex.org/W2550714260
https://openalex.org/W2554224169
https://openalex.org/W2593125028
https://openalex.org/W2606168718
https://openalex.org/W2621299410
https://openalex.org/W2739704500
https://openalex.org/W2747127629
https://openalex.org/W2789397743
https://openalex.org/W2819494492
https://openalex.org/W2892690429
https://openalex.org/W2904277453
https://openalex.org/W2918816096
https://openalex.org/W2944392162
https://openalex.org/W2955792287
https://openalex.org/W2971830502
https://openalex.org/W2989788557
https://openalex.org/W3010709297
https://openalex.org/W3011580214
https://openalex.org/W3014574936
https://openalex.org/W3014670340
https://openalex.org/W3014932940
https://openalex.org/W3085319755
https://openalex.org/W3087729146
https://openalex.org/W3088028642
https://openalex.org/W3092888288
https://openalex.org/W3106754646
https://openalex.org/W3119559590
https://openalex.org/W3119881384
https://openalex.org/W3121995859
https://openalex.org/W3128715710
https://openalex.org/W3132406872
https://openalex.org/W3155051219
https://openalex.org/W3184513083
https://openalex.org/W3185723425
https://openalex.org/W3194584970
https://openalex.org/W3205706868
https://openalex.org/W4200152093
https://openalex.org/W4214830080
https://openalex.org/W4214832509
https://openalex.org/W4231825911
https://openalex.org/W4235904507
https://openalex.org/W4237799555
https://openalex.org/W4239686740
https://openalex.org/W4247531876
https://openalex.org/W4283079335
https://openalex.org/W4286252753
https://openalex.org/W4304196165
https://openalex.org/W4310371080
https://openalex.org/W4313545533
https://openalex.org/W4313856913
https://openalex.org/W4317581904
https://openalex.org/W4360599532
https://openalex.org/W609104144
https://openalex.org/W810541281
https://openalex.org/W11457116
https://openalex.org/W151832739
https://openalex.org/W186534671
https://openalex.org/W186682671
https://openalex.org/W1983324680
https://openalex.org/W2002677538
https://openalex.org/W2006007107
https://openalex.org/W2006372164
https://openalex.org/W2009417891
https://openalex.org/W2012039756
https://openalex.org/W2012551962
https://openalex.org/W2013398671
https://openalex.org/W2013479478
https://openalex.org/W2017060871
https://openalex.org/W2019026530
https://openalex.org/W2023451577
https://openalex.org/W2029055384
https://openalex.org/W2030718828
https://openalex.org/W2031522570
https://openalex.org/W2032689000
https://openalex.org/W2036390102
https://openalex.org/W2036951635
https://openalex.org/W2044282833
https://openalex.org/W2047635619
https://openalex.org/W2055157437
https://openalex.org/W2078499805
https://openalex.org/W2079736254
https://openalex.org/W2083069040
https://openalex.org/W2124111760
https://openalex.org/W2135076566
https://openalex.org/W2145583209
https://openalex.org/W2148458552
https://openalex.org/W2153554938
https://openalex.org/W2162432316
https://openalex.org/W2167173231
https://openalex.org/W2169919936
https://openalex.org/W2169971226
https://openalex.org/W2205775941
https://openalex.org/W2267892251
https://openalex.org/W2283309204
https://openalex.org/W2289675319
https://openalex.org/W2293159937
https://openalex.org/W2314407591
https://openalex.org/W2314857450
https://openalex.org/W2319828159
https://openalex.org/W2321283815
https://openalex.org/W2325775429
https://openalex.org/W2329805880
https://openalex.org/W2332370798
https://openalex.org/W2338178511
https://openalex.org/W2411643657
https://openalex.org/W2418587477
https://openalex.org/W2442827198
https://openalex.org/W2480892534
https://openalex.org/W2554458387
https://openalex.org/W268708441
https://openalex.org/W2770634627
https://openalex.org/W2884342288
https://openalex.org/W2895886878
https://openalex.org/W2902915427
https://openalex.org/W2907994481
https://openalex.org/W2913745159
https://openalex.org/W2913833947
https://openalex.org/W2914025046
https://openalex.org/W2922869940
https://openalex.org/W2937896035
https://openalex.org/W2939408089
https://openalex.org/W2948853043
https://openalex.org/W2969362412
https://openalex.org/W2979153110
https://openalex.org/W2990189332
https://openalex.org/W2998618200
https://openalex.org/W3001012914
https://openalex.org/W3004565479
https://openalex.org/W3010225258
https://openalex.org/W3011040923
https://openalex.org/W3028433316
https://openalex.org/W3030346011
https://openalex.org/W3047294798
https://openalex.org/W3122232024
https://openalex.org/W3122647333
https://openalex.org/W3127715528
https://openalex.org/W3134087211
https://openalex.org/W3134885549
https://openalex.org/W3151947675
https://openalex.org/W3175426521
https://openalex.org/W3176223266
https://openalex.org/W3181033802
https://openalex.org/W3193080508
https://openalex.org/W3193715999
https://openalex.org/W3194025378
https://openalex.org/W3199882578
https://openalex.org/W3199884399
https://openalex.org/W3206191607
https://openalex.org/W3207359305
https://openalex.org/W4205546439
https://openalex.org/W4206161765
https://openalex.org/W4207016330
https://openalex.org/W4210384675
https://openalex.org/W4214948787
https://openalex.org/W4220890839
https://openalex.org/W4220964246
https://openalex.org/W4225320957
https://openalex.org/W4225476158
https://openalex.org/W4225524214
https://openalex.org/W4230756227
https://openalex.org/W4232227752
https://openalex.org/W4234193055
https://openalex.org/W4254667509
https://openalex.org/W4281715808
https://openalex.org/W4284989049
https://openalex.org/W4286250210
https://openalex.org/W4287006571
https://openalex.org/W4293237129
https://openalex.org/W4294958453
https://openalex.org/W4295063294
https://openalex.org/W4300098199
https://openalex.org/W4301392211
https://openalex.org/W4309245109
https://openalex.org/W4319339284
https://openalex.org/W4377137686
https://openalex.org/W640316276
https://openalex.org/W77673794
https://openalex.org/W112549074
https://openalex.org/W1488067100
https://openalex.org/W15625442
https://openalex.org/W1731849326
https://openalex.org/W180890075
https://openalex.org/W1823232822
https://openalex.org/W1876459756
https://openalex.org/W1933267138
https://openalex.org/W1965196495
https://openalex.org/W1971050271
https://openalex.org/W1975697318
https://openalex.org/W1976694150
https://openalex.org/W1980508868
https://openalex.org/W1988337243
https://openalex.org/W1992546579
https://openalex.org/W2001426041
https://openalex.org/W2011480508
https://openalex.org/W2012578877
https://openalex.org/W2014660782
https://openalex.org/W2015375939
https://openalex.org/W2023492780
https://openalex.org/W2028133577
https://openalex.org/W2034035863
https://openalex.org/W2034088242
https://openalex.org/W2038017566
https://openalex.org/W2052954564
https://openalex.org/W2057731858
https://openalex.org/W2057863904
https://openalex.org/W2061916919
https://openalex.org/W2069408384
https://openalex.org/W2075012425
https://openalex.org/W2081897373
https://openalex.org/W2084971887
https://openalex.org/W2086931485
https://openalex.org/W2087559519
https://openalex.org/W2105890466
https://openalex.org/W2111845446
https://openalex.org/W2116589041
https://openalex.org/W2136403485
https://openalex.org/W2145183464
https://openalex.org/W2149535830
https://openalex.org/W2165034736
https://openalex.org/W2225741961
https://openalex.org/W2226318366
https://openalex.org/W2266098147
https://openalex.org/W2267205115
https://openalex.org/W2305722887
https://openalex.org/W2317348583
https://openalex.org/W2323012681
https://openalex.org/W2399034850
https://openalex.org/W2403458616
https://openalex.org/W2403588225
https://openalex.org/W2411661984
https://openalex.org/W2411757197
https://openalex.org/W2414282372
https://openalex.org/W2414438720
https://openalex.org/W2414512032
https://openalex.org/W2416516614
https://openalex.org/W2419635567
https://openalex.org/W2422765713
https://openalex.org/W2433453366
https://openalex.org/W2491978478
https://openalex.org/W2493342072
https://openalex.org/W2495417221
https://openalex.org/W2503905473
https://openalex.org/W2549624484
https://openalex.org/W2552717011
https://openalex.org/W2555087216
https://openalex.org/W2589496641
https://openalex.org/W2598131607
https://openalex.org/W2619026223
https://openalex.org/W2624052283
https://openalex.org/W2748246099
https://openalex.org/W2761969267
https://openalex.org/W2795763214
https://openalex.org/W2888419935
https://openalex.org/W2898161555
https://openalex.org/W2910020391
https://openalex.org/W2938976789
https://openalex.org/W2967816505
https://openalex.org/W2970181063
https://openalex.org/W2981987459
https://openalex.org/W2990038755
https://openalex.org/W2990323036
https://openalex.org/W2991332964
https://openalex.org/W2995427891
https://openalex.org/W2999834425
https://openalex.org/W3014674917
https://openalex.org/W3016622453
https://openalex.org/W3017163694
https://openalex.org/W3027643947
https://openalex.org/W3035063361
https://openalex.org/W3039498887
https://openalex.org/W3041159393
https://openalex.org/W3083070789
https://openalex.org/W3093186668
https://openalex.org/W3122404216
https://openalex.org/W3124541575
https://openalex.org/W3125551058
https://openalex.org/W3134267107
https://openalex.org/W3134952686
https://openalex.org/W3143594837
https://openalex.org/W3147180372
https://openalex.org/W3156855965
https://openalex.org/W3158037043
https://openalex.org/W3158629883
https://openalex.org/W3170212034
https://openalex.org/W3176108908
https://openalex.org/W3176173073
https://openalex.org/W3177031578
https://openalex.org/W3180898909
https://openalex.org/W3185694857
https://openalex.org/W3190860150
https://openalex.org/W3195597211
https://openalex.org/W3202981364
https://openalex.org/W3207428204
https://openalex.org/W4200502785
https://openalex.org/W4200531490
https://openalex.org/W4206157056
https://openalex.org/W4210895214
https://openalex.org/W4212868371
https://openalex.org/W4220790828
https://openalex.org/W4223927297
https://openalex.org/W4224102187
https://openalex.org/W4229334624
https://openalex.org/W4232754446
https://openalex.org/W4233421747
https://openalex.org/W4234434554
https://openalex.org/W4239214572
https://openalex.org/W4241549405
https://openalex.org/W4244982614
https://openalex.org/W4245681829
https://openalex.org/W4249498582
https://openalex.org/W4280502362
https://openalex.org/W4280518904
https://openalex.org/W4281487795
https://openalex.org/W4282920681
https://openalex.org/W4283763318
https://openalex.org/W4288036503
https://openalex.org/W4288903818
https://openalex.org/W4292553130
https://openalex.org/W4293567382
https://openalex.org/W4301182924
https://openalex.org/W4307331189
https://openalex.org/W4308286812
https://openalex.org/W4308705948
https://openalex.org/W4308956003
https://openalex.org/W4309097320
https://openalex.org/W4309244714
https://openalex.org/W4309579422
https://openalex.org/W4313340059
https://openalex.org/W4318775891
https://openalex.org/W4321227317
https://openalex.org/W4321598379
https://openalex.org/W4327694427
https://openalex.org/W4379879300
https://openalex.org/W568457260
https://openalex.org/W585148396
https://openalex.org/W71507906
https://openalex.org/W1207500997
https://openalex.org/W1507304661
https://openalex.org/W1539192609
https://openalex.org/W1539911487
https://openalex.org/W156598450
https://openalex.org/W159235571
https://openalex.org/W1600317587
https://openalex.org/W1608938111
https://openalex.org/W161289436
https://openalex.org/W1652689143
https://openalex.org/W165624784
https://openalex.org/W1671599709
https://openalex.org/W1688671547
https://openalex.org/W1767885307
https://openalex.org/W1771786874
https://openalex.org/W17795983
https://openalex.org/W181136054
https://openalex.org/W1822907200
https://openalex.org/W1886607467
https://openalex.org/W1965033161
https://openalex.org/W1971227958
https://openalex.org/W1971813491
https://openalex.org/W1972064611
https://openalex.org/W1974843497
https://openalex.org/W1977843872
https://openalex.org/W1982779912
https://openalex.org/W1985176362
https://openalex.org/W1986944892
https://openalex.org/W1991461731
https://openalex.org/W1997517922
https://openalex.org/W1997952918
https://openalex.org/W2003491292
https://openalex.org/W2004445149
https://openalex.org/W2005209869
https://openalex.org/W2006499505
https://openalex.org/W2007256497
https://openalex.org/W201060350
https://openalex.org/W2018466712
https://openalex.org/W2019522820
https://openalex.org/W2023261178
https://openalex.org/W2025402901
https://openalex.org/W202715999
https://openalex.org/W2027181811
https://openalex.org/W2027647838
https://openalex.org/W2031278174
https://openalex.org/W2032924049
https://openalex.org/W2033122973
https://openalex.org/W2033444276
https://openalex.org/W2042333325
https://openalex.org/W2046012041
https://openalex.org/W2046080203
https://openalex.org/W2049128264
https://openalex.org/W2055208732
https://openalex.org/W2058446589
https://openalex.org/W2060594363
https://openalex.org/W2062998633
https://openalex.org/W2066844984
https://openalex.org/W2067214891
https://openalex.org/W2067749923
https://openalex.org/W2069306019
https://openalex.org/W2081656893
https://openalex.org/W2086747275
https://openalex.org/W2090136065
https://openalex.org/W2093712417
https://openalex.org/W2099463056
https://openalex.org/W2117270400
https://openalex.org/W2121570816
https://openalex.org/W2122235664
https://openalex.org/W2128754249
https://openalex.org/W2131956834
https://openalex.org/W2147189595
https://openalex.org/W2149930275
https://openalex.org/W2157889738
https://openalex.org/W2173082011
https://openalex.org/W2181514531
https://openalex.org/W2193722299
https://openalex.org/W2203483034
https://openalex.org/W2241292508
https://openalex.org/W2254070143
https://openalex.org/W2288507477
https://openalex.org/W2289407890
https://openalex.org/W2313931072
https://openalex.org/W2315750026
https://openalex.org/W2315771198
https://openalex.org/W2318282720
https://openalex.org/W2323164277
https://openalex.org/W2324825351
https://openalex.org/W2325403473
https://openalex.org/W2325616134
https://openalex.org/W2334765323
https://openalex.org/W2337751644
https://openalex.org/W2399005309
https://openalex.org/W2403361982
https://openalex.org/W2404128725
https://openalex.org/W2407308203
https://openalex.org/W2413146001
https://openalex.org/W2413844772
https://openalex.org/W2425364164
https://openalex.org/W2425398175
https://openalex.org/W2434094776
https://openalex.org/W2461355103
https://openalex.org/W2461633976
https://openalex.org/W2461794224
https://openalex.org/W2462133756
https://openalex.org/W2467014252
https://openalex.org/W2467461910
https://openalex.org/W2469912228
https://openalex.org/W2501285532
https://openalex.org/W2505303922
https://openalex.org/W2513680268
https://openalex.org/W2517807669
https://openalex.org/W2541753916
https://openalex.org/W2549476108
https://openalex.org/W2554867493
https://openalex.org/W2557811895
https://openalex.org/W2558516030
https://openalex.org/W2567494135
https://openalex.org/W2574070117
https://openalex.org/W2580246444
https://openalex.org/W2580806104
https://openalex.org/W2587082826
https://openalex.org/W2591019392
https://openalex.org/W2594436113
https://openalex.org/W2600239568
https://openalex.org/W2604938385
https://openalex.org/W2605138964
https://openalex.org/W2689541680
https://openalex.org/W2729340108
https://openalex.org/W2757249342
https://openalex.org/W2757251186
https://openalex.org/W2766752304
https://openalex.org/W2772755350
https://openalex.org/W2776884150
https://openalex.org/W2778151822
https://openalex.org/W2785776093
https://openalex.org/W2786265716
https://openalex.org/W2790191476
https://openalex.org/W2796212108
https://openalex.org/W2801859017
https://openalex.org/W2805048944
https://openalex.org/W2889596982
https://openalex.org/W2891099201
https://openalex.org/W2898485936
https://openalex.org/W2921183296
https://openalex.org/W2938071783
https://openalex.org/W2942207708
https://openalex.org/W2947630661
https://openalex.org/W2955750654
https://openalex.org/W2972315239
https://openalex.org/W2981675305
https://openalex.org/W2987031827
https://openalex.org/W2990216450
https://openalex.org/W2990461155
https://openalex.org/W2990941841
https://openalex.org/W3004912364
https://openalex.org/W3021088123
https://openalex.org/W3022029697
https://openalex.org/W3022408327
https://openalex.org/W3026473366
https://openalex.org/W3037172550
https://openalex.org/W3042497286
https://openalex.org/W3080432929
https://openalex.org/W3080693693
https://openalex.org/W3088493402
https://openalex.org/W3093261055
https://openalex.org/W3097388981
https://openalex.org/W3101334259
https://openalex.org/W3103405264
https://openalex.org/W3108689050
https://openalex.org/W3120568126
https://openalex.org/W3122412161
https://openalex.org/W3127131206
https://openalex.org/W3134655610
https://openalex.org/W3135024912
https://openalex.org/W3150966483
https://openalex.org/W3161620947
https://openalex.org/W3168177125
https://openalex.org/W3188449647
https://openalex.org/W3194490364
https://openalex.org/W3197140508
https://openalex.org/W3203847770
https://openalex.org/W3210437969
https://openalex.org/W3211501237
https://openalex.org/W3213769316
https://openalex.org/W417313972
https://openalex.org/W4200105183
https://openalex.org/W4205408548
https://openalex.org/W4206786668
https://openalex.org/W4211043922
https://openalex.org/W4214926831
https://openalex.org/W4220695370
https://openalex.org/W4220979972
https://openalex.org/W4221018194
https://openalex.org/W4221106320
https://openalex.org/W4223436078
https://openalex.org/W4225394157
https://openalex.org/W4231077302
https://openalex.org/W4231674446
https://openalex.org/W4234414399
https://openalex.org/W4235003189
https://openalex.org/W4235619378
https://openalex.org/W4236059203
https://openalex.org/W4237466785
https://openalex.org/W4241308390
https://openalex.org/W4244495039
https://openalex.org/W4253909662
https://openalex.org/W4255227342
https://openalex.org/W4280516205
https://openalex.org/W4280534243
https://openalex.org/W4281383911
https://openalex.org/W4281565819
https://openalex.org/W4285799703
https://openalex.org/W4286697281
https://openalex.org/W4292295087
https://openalex.org/W4293176253
https://openalex.org/W4293242079
https://openalex.org/W4293769579
https://openalex.org/W4295197048
https://openalex.org/W4303709765
https://openalex.org/W4309412886
https://openalex.org/W4311144114
https://openalex.org/W4312140632
https://openalex.org/W4317732951
https://openalex.org/W4317754149
https://openalex.org/W4319592801
https://openalex.org/W4320498199
https://openalex.org/W4321438377
https://openalex.org/W4367175177
https://openalex.org/W4367834427
https://openalex.org/W4379285908
https://openalex.org/W4379508617
https://openalex.org/W4382344678
https://openalex.org/W4384068563
https://openalex.org/W581976582
https://openalex.org/W594403891
https://openalex.org/W594412936
https://openalex.org/W645469601
https://openalex.org/W653462111
https://openalex.org/W800497107
https://openalex.org/W854594387
https://openalex.org/W1029913705
https://openalex.org/W103250141
https://openalex.org/W1033845070
https://openalex.org/W109642077
https://openalex.org/W112682421
https://openalex.org/W114003183
https://openalex.org/W1160881956
https://openalex.org/W118257049
https://openalex.org/W119943301
https://openalex.org/W127276043
https://openalex.org/W128879344
https://openalex.org/W13079250
https://openalex.org/W1416190036
https://openalex.org/W1427440674
https://openalex.org/W143269629
https://openalex.org/W1451817965
https://openalex.org/W1477579545
https://openalex.org/W1481895043
https://openalex.org/W1484249880
https://openalex.org/W1493935174
https://openalex.org/W1511220649
https://openalex.org/W1516916207
https://openalex.org/W1517167829
https://openalex.org/W1518814010
https://openalex.org/W1519398890
https://openalex.org/W1520688469
https://openalex.org/W1523455587
https://openalex.org/W1526619356
https://openalex.org/W1530237138
https://openalex.org/W1532353582
https://openalex.org/W1534435840
https://openalex.org/W1540960450
https://openalex.org/W1549813970
https://openalex.org/W1550531370
https://openalex.org/W1554620520
https://openalex.org/W1556300508
https://openalex.org/W1557991189
https://openalex.org/W1558276349
https://openalex.org/W1565925960
https://openalex.org/W1568243838
https://openalex.org/W1572368355
https://openalex.org/W1577750074
https://openalex.org/W1578733475
https://openalex.org/W1581722744
https://openalex.org/W1583795461
https://openalex.org/W158460120
https://openalex.org/W1586244947
https://openalex.org/W1593950137
https://openalex.org/W1595097901
https://openalex.org/W1600224291
https://openalex.org/W1620747575
https://openalex.org/W1638951028
https://openalex.org/W1659590749
https://openalex.org/W1662179766
https://openalex.org/W1669277185
https://openalex.org/W1677471728
https://openalex.org/W1720290722
https://openalex.org/W1744081092
https://openalex.org/W1749164317
https://openalex.org/W1756533704
https://openalex.org/W178239924
https://openalex.org/W1784664736
https://openalex.org/W1793362043
https://openalex.org/W1794770309
https://openalex.org/W1797618173
https://openalex.org/W1814411943
https://openalex.org/W1814679395
https://openalex.org/W1835426862
https://openalex.org/W184626477
https://openalex.org/W1859510005
https://openalex.org/W1863455460
https://openalex.org/W1875913306
https://openalex.org/W1877916988
https://openalex.org/W1897338314
https://openalex.org/W1912754090
https://openalex.org/W1928008019
https://openalex.org/W192863378
https://openalex.org/W1933590047
https://openalex.org/W1957704856
https://openalex.org/W196172499
https://openalex.org/W196397299
https://openalex.org/W1964037685
https://openalex.org/W1966434575
https://openalex.org/W1967180074
https://openalex.org/W1967433639
https://openalex.org/W1967480935
https://openalex.org/W1967791967
https://openalex.org/W1967817447
https://openalex.org/W1969066318
https://openalex.org/W1969282630
https://openalex.org/W1969492557
https://openalex.org/W1970420584
https://openalex.org/W1972569972
https://openalex.org/W1972712607
https://openalex.org/W1973079649
https://openalex.org/W1973275323
https://openalex.org/W1973830590
https://openalex.org/W1973866651
https://openalex.org/W1975896203
https://openalex.org/W1976905734
https://openalex.org/W1977465198
https://openalex.org/W1978127335
https://openalex.org/W1978226453
https://openalex.org/W1979563435
https://openalex.org/W1980207742
https://openalex.org/W1980970893
https://openalex.org/W1981521114
https://openalex.org/W198155979
https://openalex.org/W1981960487
https://openalex.org/W1982246108
https://openalex.org/W1982434898
https://openalex.org/W1982784886
https://openalex.org/W1983588885
https://openalex.org/W1984652584
https://openalex.org/W1984801499
https://openalex.org/W1985452058
https://openalex.org/W1985880842
https://openalex.org/W1988812117
https://openalex.org/W1989633200
https://openalex.org/W1990465237
https://openalex.org/W1991225044
https://openalex.org/W1991390238
https://openalex.org/W1991422866
https://openalex.org/W1991578015
https://openalex.org/W1991708736
https://openalex.org/W1992099228
https://openalex.org/W1993499696
https://openalex.org/W1994090673
https://openalex.org/W1994590184
https://openalex.org/W1995347119
https://openalex.org/W1995434911
https://openalex.org/W1997736853
https://openalex.org/W1997967329
https://openalex.org/W1998014047
https://openalex.org/W1998241980
https://openalex.org/W1999166117
https://openalex.org/W1999347660
https://openalex.org/W2000710662
https://openalex.org/W2000968630
https://openalex.org/W2000972686
https://openalex.org/W2001170676
https://openalex.org/W2002662916
https://openalex.org/W2003563093
https://openalex.org/W2004192455
https://openalex.org/W2006263664
https://openalex.org/W2008379762
https://openalex.org/W2010498452
https://openalex.org/W2010705611
https://openalex.org/W2011379716
https://openalex.org/W2011529310
https://openalex.org/W2012799280
https://openalex.org/W2012832309
https://openalex.org/W2013748190
https://openalex.org/W2014375017
https://openalex.org/W2015104553
https://openalex.org/W2015210064
https://openalex.org/W2016313580
https://openalex.org/W2017003890
https://openalex.org/W2017192026
https://openalex.org/W2017889992
https://openalex.org/W2018269032
https://openalex.org/W2018420504
https://openalex.org/W2018943242
https://openalex.org/W2019075009
https://openalex.org/W2020349444
https://openalex.org/W2020452730
https://openalex.org/W2020869431
https://openalex.org/W2020939802
https://openalex.org/W2021114795
https://openalex.org/W2021460663
https://openalex.org/W2022343445
https://openalex.org/W2022614752
https://openalex.org/W2023748926
https://openalex.org/W2024951183
https://openalex.org/W2026516062
https://openalex.org/W2027188761
https://openalex.org/W2028118228
https://openalex.org/W2029000259
https://openalex.org/W2029491154
https://openalex.org/W2029989808
https://openalex.org/W2030361602
https://openalex.org/W2031212789
https://openalex.org/W2033201527
https://openalex.org/W2033298427
https://openalex.org/W2034427633
https://openalex.org/W2034895441
https://openalex.org/W2040808050
https://openalex.org/W2041517000
https://openalex.org/W2042548212
https://openalex.org/W2042656740
https://openalex.org/W2043381672
https://openalex.org/W2043464140
https://openalex.org/W2044504141
https://openalex.org/W2045196977
https://openalex.org/W2045428673
https://openalex.org/W2048121550
https://openalex.org/W2048572685
https://openalex.org/W2049383488
https://openalex.org/W2049489868
https://openalex.org/W2050063292
https://openalex.org/W2052476837
https://openalex.org/W2053208195
https://openalex.org/W2053220650
https://openalex.org/W2053558038
https://openalex.org/W2054462899
https://openalex.org/W2054950606
https://openalex.org/W2056638606
https://openalex.org/W2056934594
https://openalex.org/W2057875956
https://openalex.org/W2059213905
https://openalex.org/W2059219690
https://openalex.org/W2059821460
https://openalex.org/W2059868996
https://openalex.org/W2060373154
https://openalex.org/W2061061723
https://openalex.org/W2062563409
https://openalex.org/W2066236416
https://openalex.org/W2067478579
https://openalex.org/W2067834718
https://openalex.org/W2069065976
https://openalex.org/W2069093588
https://openalex.org/W2069941917
https://openalex.org/W2069969702
https://openalex.org/W2070651177
https://openalex.org/W2074254590
https://openalex.org/W2076633787
https://openalex.org/W2076731466
https://openalex.org/W2078680071
https://openalex.org/W2080845213
https://openalex.org/W2081197836
https://openalex.org/W2081791351
https://openalex.org/W2082622383
https://openalex.org/W2083172731
https://openalex.org/W2084792439
https://openalex.org/W2085171949
https://openalex.org/W2085474688
https://openalex.org/W2085861945
https://openalex.org/W2085866140
https://openalex.org/W2086225511
https://openalex.org/W2086751805
https://openalex.org/W2086894874
https://openalex.org/W2087471309
https://openalex.org/W2087742854
https://openalex.org/W2089923942
https://openalex.org/W2089982344
https://openalex.org/W2090911965
https://openalex.org/W2091670780
https://openalex.org/W2093057156
https://openalex.org/W2093506324
https://openalex.org/W2093655983
https://openalex.org/W2094755069
https://openalex.org/W2096249081
https://openalex.org/W2096507807
https://openalex.org/W2097220108
https://openalex.org/W2097746577
https://openalex.org/W2098344789
https://openalex.org/W2104652469
https://openalex.org/W2105997197
https://openalex.org/W2109906924
https://openalex.org/W2113193088
https://openalex.org/W2116157175
https://openalex.org/W2117605088
https://openalex.org/W2118825101
https://openalex.org/W2119834907
https://openalex.org/W2124229062
https://openalex.org/W2125856387
https://openalex.org/W2129949927
https://openalex.org/W2139903151
https://openalex.org/W2145683460
https://openalex.org/W2147014976
https://openalex.org/W2149513539
https://openalex.org/W2151265465
https://openalex.org/W2152262433
https://openalex.org/W2160528147
https://openalex.org/W2164601613
https://openalex.org/W2170114335
https://openalex.org/W2182943164
https://openalex.org/W2183171125
https://openalex.org/W2187043741
https://openalex.org/W2187764788
https://openalex.org/W2189166686
https://openalex.org/W2198085011
https://openalex.org/W2204041742
https://openalex.org/W2205741762
https://openalex.org/W2207326405
https://openalex.org/W2207467464
https://openalex.org/W2211436661
https://openalex.org/W2223600941
https://openalex.org/W2225440053
https://openalex.org/W2227166080
https://openalex.org/W2228445583
https://openalex.org/W2229587072
https://openalex.org/W2235148474
https://openalex.org/W2236389077
https://openalex.org/W2239782582
https://openalex.org/W2240471554
https://openalex.org/W2243870564
https://openalex.org/W2244948871
https://openalex.org/W2246322979
https://openalex.org/W2247562796
https://openalex.org/W2248210878
https://openalex.org/W2248216615
https://openalex.org/W2250079726
https://openalex.org/W2250085455
https://openalex.org/W22507461
https://openalex.org/W2254652579
https://openalex.org/W2255808984
https://openalex.org/W2255905403
https://openalex.org/W2256831091
https://openalex.org/W2259177108
https://openalex.org/W2261579180
https://openalex.org/W2262856945
https://openalex.org/W2265519931
https://openalex.org/W2266287440
https://openalex.org/W2266846933
https://openalex.org/W2268138871
https://openalex.org/W2272449829
https://openalex.org/W2273366054
https://openalex.org/W2274278447
https://openalex.org/W2275039822
https://openalex.org/W2275659793
https://openalex.org/W2278747430
https://openalex.org/W2279403129
https://openalex.org/W2279513732
https://openalex.org/W2279894609
https://openalex.org/W2286775875
https://openalex.org/W2288907469
https://openalex.org/W2300399280
https://openalex.org/W2300908832
https://openalex.org/W2306760467
https://openalex.org/W2308958720
https://openalex.org/W2311561425
https://openalex.org/W2312551145
https://openalex.org/W2312797301
https://openalex.org/W2312994320
https://openalex.org/W2314050186
https://openalex.org/W2315135124
https://openalex.org/W2315237590
https://openalex.org/W2315787872
https://openalex.org/W231595512
https://openalex.org/W2315978796
https://openalex.org/W2316303330
https://openalex.org/W2316346448
https://openalex.org/W2316505731
https://openalex.org/W2317401544
https://openalex.org/W2317689210
https://openalex.org/W2318326707
https://openalex.org/W2318538881
https://openalex.org/W2318679036
https://openalex.org/W2319704615
https://openalex.org/W2319937963
https://openalex.org/W2320043760
https://openalex.org/W2320301219
https://openalex.org/W2320390209
https://openalex.org/W2322701996
https://openalex.org/W2324807246
https://openalex.org/W2325029397
https://openalex.org/W2325142789
https://openalex.org/W2325572639
https://openalex.org/W2326014935
https://openalex.org/W2326123022
https://openalex.org/W2326241891
https://openalex.org/W2326359041
https://openalex.org/W2326371726
https://openalex.org/W2326640769
https://openalex.org/W2327859947
https://openalex.org/W2328243985
https://openalex.org/W2328341690
https://openalex.org/W2329450419
https://openalex.org/W2329723320
https://openalex.org/W2329948478
https://openalex.org/W2330834687
https://openalex.org/W2331071950
https://openalex.org/W2331268529
https://openalex.org/W2331548978
https://openalex.org/W2331621510
https://openalex.org/W2331868542
https://openalex.org/W2332031042
https://openalex.org/W2332401405
https://openalex.org/W2333104657
https://openalex.org/W2333189864
https://openalex.org/W2333197510
https://openalex.org/W2333238352
https://openalex.org/W2333274777
https://openalex.org/W2333396797
https://openalex.org/W2335100179
https://openalex.org/W2335109191
https://openalex.org/W2335393073
https://openalex.org/W2336102733
https://openalex.org/W2337245395
https://openalex.org/W2338123176
https://openalex.org/W2339072378
https://openalex.org/W2342312713
https://openalex.org/W2343866251
https://openalex.org/W2344725435
https://openalex.org/W2346127322
https://openalex.org/W2346216214
https://openalex.org/W2394496598
https://openalex.org/W2394757959
https://openalex.org/W2395124456
https://openalex.org/W2395911928
https://openalex.org/W2396104186
https://openalex.org/W2396257548
https://openalex.org/W2396750342
https://openalex.org/W2398822273
https://openalex.org/W2399100534
https://openalex.org/W2400173195
https://openalex.org/W2400404182
https://openalex.org/W2401140663
https://openalex.org/W2402630617
https://openalex.org/W2403315954
https://openalex.org/W2403776519
https://openalex.org/W2403839385
https://openalex.org/W2403880044
https://openalex.org/W2405451807
https://openalex.org/W2405850535
https://openalex.org/W2405881868
https://openalex.org/W2406027515
https://openalex.org/W2406960077
https://openalex.org/W2407976329
https://openalex.org/W2408238213
https://openalex.org/W2409010145
https://openalex.org/W2409435313
https://openalex.org/W2409846103
https://openalex.org/W2410024487
https://openalex.org/W2410205186
https://openalex.org/W2411022515
https://openalex.org/W2411482223
https://openalex.org/W2411490034
https://openalex.org/W2411755299
https://openalex.org/W2412123961
https://openalex.org/W2412411485
https://openalex.org/W2412534286
https://openalex.org/W2412620229
https://openalex.org/W2413053794
https://openalex.org/W2413358533
https://openalex.org/W2413837280
https://openalex.org/W2415813228
https://openalex.org/W2415868266
https://openalex.org/W2416048206
https://openalex.org/W2416074933
https://openalex.org/W2418430617
https://openalex.org/W2419098957
https://openalex.org/W2424574176
https://openalex.org/W2427330991
https://openalex.org/W2431021178
https://openalex.org/W2432727796
https://openalex.org/W2432879831
https://openalex.org/W2436054799
https://openalex.org/W2461827548
https://openalex.org/W2462072863
https://openalex.org/W2462742089
https://openalex.org/W2463723860
https://openalex.org/W2465140139
https://openalex.org/W2465160889
https://openalex.org/W2465324856
https://openalex.org/W2465376368
https://openalex.org/W2465889638
https://openalex.org/W2466368995
https://openalex.org/W2466580640
https://openalex.org/W2467302487
https://openalex.org/W2468209123
https://openalex.org/W2469500971
https://openalex.org/W2469520072
https://openalex.org/W2473855870
https://openalex.org/W2477785606
https://openalex.org/W2479823002
https://openalex.org/W2481928353
https://openalex.org/W2483282209
https://openalex.org/W2491227049
https://openalex.org/W2500026290
https://openalex.org/W2501754609
https://openalex.org/W2504523442
https://openalex.org/W2504569565
https://openalex.org/W2507405597
https://openalex.org/W2508608125
https://openalex.org/W2508866669
https://openalex.org/W2510547429
https://openalex.org/W2511352354
https://openalex.org/W2511528477
https://openalex.org/W2512175369
https://openalex.org/W2512192734
https://openalex.org/W2513942250
https://openalex.org/W2516901287
https://openalex.org/W2517536455
https://openalex.org/W2520836937
https://openalex.org/W2524975482
https://openalex.org/W2528438584
https://openalex.org/W2529698901
https://openalex.org/W2529956774
https://openalex.org/W2530194391
https://openalex.org/W2531320724
https://openalex.org/W2531636234
https://openalex.org/W2545436470
https://openalex.org/W2546540867
https://openalex.org/W2548861560
https://openalex.org/W2552117138
https://openalex.org/W2556459747
https://openalex.org/W2556552318
https://openalex.org/W2557739188
https://openalex.org/W2558190520
https://openalex.org/W2560175729
https://openalex.org/W2561137579
https://openalex.org/W2561401813
https://openalex.org/W2562239463
https://openalex.org/W2564133100
https://openalex.org/W2564889787
https://openalex.org/W2565552453
https://openalex.org/W2565760988
https://openalex.org/W2567403343
https://openalex.org/W2570866288
https://openalex.org/W2575122067
https://openalex.org/W2579085288
https://openalex.org/W2583097209
https://openalex.org/W2583422796
https://openalex.org/W2583632902
https://openalex.org/W2584237670
https://openalex.org/W2584767122
https://openalex.org/W2585044634
https://openalex.org/W2586373028
https://openalex.org/W2586442458
https://openalex.org/W2586631266
https://openalex.org/W2587584755
https://openalex.org/W2587719842
https://openalex.org/W2587950642
https://openalex.org/W2588192658
https://openalex.org/W2588802960
https://openalex.org/W2588931400
https://openalex.org/W2588933416
https://openalex.org/W2589911589
https://openalex.org/W2590073704
https://openalex.org/W2591329706
https://openalex.org/W2591524473
https://openalex.org/W2591537120
https://openalex.org/W2591662504
https://openalex.org/W2592141530
https://openalex.org/W2592184633
https://openalex.org/W2592665703
https://openalex.org/W2593171340
https://openalex.org/W2593287453
https://openalex.org/W2595441201
https://openalex.org/W2596219866
https://openalex.org/W2596664734
https://openalex.org/W2597054756
https://openalex.org/W2597701622
https://openalex.org/W2598142239
https://openalex.org/W2598356230
https://openalex.org/W2599267475
https://openalex.org/W2599590887
https://openalex.org/W2599736998
https://openalex.org/W2600317216
https://openalex.org/W2600825557
https://openalex.org/W2601508031
https://openalex.org/W2601721356
https://openalex.org/W2602138893
https://openalex.org/W2602299468
https://openalex.org/W2603163045
https://openalex.org/W2603662775
https://openalex.org/W2603763695
https://openalex.org/W2604340154
https://openalex.org/W2604431367
https://openalex.org/W2604492468
https://openalex.org/W2604726734
https://openalex.org/W2604910243
https://openalex.org/W2605298239
https://openalex.org/W2605325623
https://openalex.org/W2605326041
https://openalex.org/W2605377371
https://openalex.org/W2606389242
https://openalex.org/W2608926328
https://openalex.org/W2611840572
https://openalex.org/W2612008507
https://openalex.org/W2612549452
https://openalex.org/W2612903561
https://openalex.org/W2613584733
https://openalex.org/W2617540621
https://openalex.org/W2617786995
https://openalex.org/W261780287
https://openalex.org/W2620338731
https://openalex.org/W2623823702
https://openalex.org/W2625231327
https://openalex.org/W2723109255
https://openalex.org/W272580618
https://openalex.org/W2730812367
https://openalex.org/W2731863203
https://openalex.org/W2736830806
https://openalex.org/W2739285414
https://openalex.org/W2739587757
https://openalex.org/W2741298774
https://openalex.org/W2741350832
https://openalex.org/W2741354205
https://openalex.org/W2741379219
https://openalex.org/W2744134312
https://openalex.org/W2744401536
https://openalex.org/W2746896591
https://openalex.org/W2749078396
https://openalex.org/W2751114735
https://openalex.org/W2753563388
https://openalex.org/W2754176258
https://openalex.org/W2756934265
https://openalex.org/W2760223343
https://openalex.org/W2762096335
https://openalex.org/W2763853971
https://openalex.org/W2766218511
https://openalex.org/W2766400794
https://openalex.org/W2770651758
https://openalex.org/W2777936672
https://openalex.org/W2782074304
https://openalex.org/W2786308790
https://openalex.org/W2786616006
https://openalex.org/W2787956767
https://openalex.org/W2788164846
https://openalex.org/W2790452904
https://openalex.org/W2790898197
https://openalex.org/W2791316831
https://openalex.org/W2791990599
https://openalex.org/W2792134309
https://openalex.org/W2792992680
https://openalex.org/W2793301418
https://openalex.org/W2794034403
https://openalex.org/W2794712690
https://openalex.org/W2797519692
https://openalex.org/W2797778344
https://openalex.org/W2800165716
https://openalex.org/W2801919007
https://openalex.org/W2802399067
https://openalex.org/W2804688180
https://openalex.org/W2804707834
https://openalex.org/W2805698191
https://openalex.org/W280655034
https://openalex.org/W2807464315
https://openalex.org/W2807785649
https://openalex.org/W2887373733
https://openalex.org/W2887615926
https://openalex.org/W2890328345
https://openalex.org/W2890580723
https://openalex.org/W2891577923
https://openalex.org/W2891855807
https://openalex.org/W2891987628
https://openalex.org/W2892114136
https://openalex.org/W2893232352
https://openalex.org/W2894930534
https://openalex.org/W2895729560
https://openalex.org/W2896064279
https://openalex.org/W2896085818
https://openalex.org/W2896951238
https://openalex.org/W2897123785
https://openalex.org/W2898323664
https://openalex.org/W2898505626
https://openalex.org/W2898551592
https://openalex.org/W2899117637
https://openalex.org/W2899396178
https://openalex.org/W2902296997
https://openalex.org/W2903058749
https://openalex.org/W2903467051
https://openalex.org/W2903527139
https://openalex.org/W2905897915
https://openalex.org/W2906041408
https://openalex.org/W2910626527
https://openalex.org/W2911576112
https://openalex.org/W2912747412
https://openalex.org/W2912879075
https://openalex.org/W2912953302
https://openalex.org/W2913228338
https://openalex.org/W2913350737
https://openalex.org/W2913845568
https://openalex.org/W2913927952
https://openalex.org/W2914304029
https://openalex.org/W291498075
https://openalex.org/W2915218105
https://openalex.org/W2915975202
https://openalex.org/W2917214230
https://openalex.org/W2920116010
https://openalex.org/W2921027765
https://openalex.org/W2923786662
https://openalex.org/W2936819395
https://openalex.org/W2938643457
https://openalex.org/W2938950509
https://openalex.org/W294110451
https://openalex.org/W2942718013
https://openalex.org/W2944114102
https://openalex.org/W2946131393
https://openalex.org/W2947017004
https://openalex.org/W2949083251
https://openalex.org/W2950146531
https://openalex.org/W2951854115
https://openalex.org/W2952679486
https://openalex.org/W2952909083
https://openalex.org/W2953629259
https://openalex.org/W2954062071
https://openalex.org/W2955397766
https://openalex.org/W2955526074
https://openalex.org/W2962899481
https://openalex.org/W2963541171
https://openalex.org/W2963747624
https://openalex.org/W2964921987
https://openalex.org/W2965283109
https://openalex.org/W2966585538
https://openalex.org/W2968096921
https://openalex.org/W2970951896
https://openalex.org/W2972584260
https://openalex.org/W2972856708
https://openalex.org/W2975464072
https://openalex.org/W2977302480
https://openalex.org/W2977354521
https://openalex.org/W2977821868
https://openalex.org/W2979290621
https://openalex.org/W2979383927
https://openalex.org/W2980552524
https://openalex.org/W2981572649
https://openalex.org/W2981919328
https://openalex.org/W2981974595
https://openalex.org/W2981985980
https://openalex.org/W2982036582
https://openalex.org/W2982658661
https://openalex.org/W2982777734
https://openalex.org/W2982883242
https://openalex.org/W2984754168
https://openalex.org/W2986766347
https://openalex.org/W2989734783
https://openalex.org/W2989950471
https://openalex.org/W2989959824
https://openalex.org/W2990028867
https://openalex.org/W2990053291
https://openalex.org/W2990060482
https://openalex.org/W2990088317
https://openalex.org/W2990451654
https://openalex.org/W2991063887
https://openalex.org/W2991073570
https://openalex.org/W2991159926
https://openalex.org/W2991194945
https://openalex.org/W2992879048
https://openalex.org/W2995140889
https://openalex.org/W2998271088
https://openalex.org/W2998391580
https://openalex.org/W2998750673
https://openalex.org/W2998876351
https://openalex.org/W2999683344
https://openalex.org/W2999728188
https://openalex.org/W3000692145
https://openalex.org/W3004789885
https://openalex.org/W3005277460
https://openalex.org/W3005367061
https://openalex.org/W3005494722
https://openalex.org/W3010478859
https://openalex.org/W3011151206
https://openalex.org/W3011334054
https://openalex.org/W3011825462
https://openalex.org/W3012256057
https://openalex.org/W3012410096
https://openalex.org/W3012481101
https://openalex.org/W3013325132
https://openalex.org/W3013555236
https://openalex.org/W3015351016
https://openalex.org/W3017208873
https://openalex.org/W3018665807
https://openalex.org/W3021315178
https://openalex.org/W3021709893
https://openalex.org/W3021889166
https://openalex.org/W3026481410
https://openalex.org/W3026922362
https://openalex.org/W3028697555
https://openalex.org/W3028882226
https://openalex.org/W3029159105
https://openalex.org/W3029189922
https://openalex.org/W3033524978
https://openalex.org/W3033573578
https://openalex.org/W3033756192
https://openalex.org/W3033917390
https://openalex.org/W3035213216
https://openalex.org/W3035591773
https://openalex.org/W3035802485
https://openalex.org/W3036247637
https://openalex.org/W3036801244
https://openalex.org/W3037540497
https://openalex.org/W3041243213
https://openalex.org/W3042692006
https://openalex.org/W3043283210
https://openalex.org/W3067269507
https://openalex.org/W3080814582
https://openalex.org/W3081437419
https://openalex.org/W3082687261
https://openalex.org/W3083647704
https://openalex.org/W3084057179
https://openalex.org/W3084188996
https://openalex.org/W3084374234
https://openalex.org/W3084418717
https://openalex.org/W3088845283
https://openalex.org/W3094889857
https://openalex.org/W3095398308
https://openalex.org/W3096957209
https://openalex.org/W3097327755
https://openalex.org/W3100341350
https://openalex.org/W3103647764
https://openalex.org/W3107924808
https://openalex.org/W3109038901
https://openalex.org/W3111254877
https://openalex.org/W3111433472
https://openalex.org/W3111879476
https://openalex.org/W3120126960
https://openalex.org/W3121351164
https://openalex.org/W3121388299
https://openalex.org/W3121459164
https://openalex.org/W3122063461
https://openalex.org/W3122509991
https://openalex.org/W3123083041
https://openalex.org/W3124399956
https://openalex.org/W3124649315
https://openalex.org/W3124996485
https://openalex.org/W3126330859
https://openalex.org/W3126993944
https://openalex.org/W3127413955
https://openalex.org/W3129617885
https://openalex.org/W3130243862
https://openalex.org/W3132166144
https://openalex.org/W3132666158
https://openalex.org/W3132677134
https://openalex.org/W3134195444
https://openalex.org/W3134371988
https://openalex.org/W3134380701
https://openalex.org/W3134571686
https://openalex.org/W3134730978
https://openalex.org/W3136440723
https://openalex.org/W3136525735
https://openalex.org/W3137890053
https://openalex.org/W3149835508
https://openalex.org/W3150594266
https://openalex.org/W3152736438
https://openalex.org/W3152909545
https://openalex.org/W3154257435
https://openalex.org/W3155557883
https://openalex.org/W3159595962
https://openalex.org/W3164405252
https://openalex.org/W3164893230
https://openalex.org/W3165443634
https://openalex.org/W3166159196
https://openalex.org/W3167619812
https://openalex.org/W3168485184
https://openalex.org/W3172023646
https://openalex.org/W3174644598
https://openalex.org/W3176372833
https://openalex.org/W3177454231
https://openalex.org/W3180778156
https://openalex.org/W3183013868
https://openalex.org/W3184435149
https://openalex.org/W3185520571
https://openalex.org/W3186162830
https://openalex.org/W3187888509
https://openalex.org/W3191846339
https://openalex.org/W3193564282
https://openalex.org/W3193928620
https://openalex.org/W3194699222
https://openalex.org/W3195068420
https://openalex.org/W3195342512
https://openalex.org/W3195866666
https://openalex.org/W3195955775
https://openalex.org/W3196743844
https://openalex.org/W3197016814
https://openalex.org/W3198139696
https://openalex.org/W3201192595
https://openalex.org/W3201528148
https://openalex.org/W3201861086
https://openalex.org/W3203541368
https://openalex.org/W3204214906
https://openalex.org/W3208317469
https://openalex.org/W3209031048
https://openalex.org/W3212029293
https://openalex.org/W3214239819
https://openalex.org/W3214251892
https://openalex.org/W3214868179
https://openalex.org/W3215272913
https://openalex.org/W3215993925
https://openalex.org/W3216408892
https://openalex.org/W3216697093
https://openalex.org/W3217163274
https://openalex.org/W3217365300
https://openalex.org/W3217454931
https://openalex.org/W3217771967
https://openalex.org/W323705921
https://openalex.org/W345828805
https://openalex.org/W35820465
https://openalex.org/W359627356
https://openalex.org/W35985481
https://openalex.org/W366389509
https://openalex.org/W390102545
https://openalex.org/W391603522
https://openalex.org/W396782615
https://openalex.org/W406763250
https://openalex.org/W410551653
https://openalex.org/W418290803
https://openalex.org/W4200127301
https://openalex.org/W4200366142
https://openalex.org/W4200373931
https://openalex.org/W4200424609
https://openalex.org/W4200499556
https://openalex.org/W4205434192
https://openalex.org/W4205800150
https://openalex.org/W4205888530
https://openalex.org/W4206538876
https://openalex.org/W4206947632
https://openalex.org/W4210247227
https://openalex.org/W4210405780
https://openalex.org/W4210457805
https://openalex.org/W4210588909
https://openalex.org/W4210716016
https://openalex.org/W4211059978
https://openalex.org/W4211225701
https://openalex.org/W4211242797
https://openalex.org/W4212771448
https://openalex.org/W4212967816
https://openalex.org/W4214483715
https://openalex.org/W4214723110
https://openalex.org/W4214756099
https://openalex.org/W4220715704
https://openalex.org/W4220802022
https://openalex.org/W4220916587
https://openalex.org/W4221083607
https://openalex.org/W4223985141
https://openalex.org/W4225368749
https://openalex.org/W4225491302
https://openalex.org/W4226162724
https://openalex.org/W4229940035
https://openalex.org/W4230216057
https://openalex.org/W4230468048
https://openalex.org/W4230488631
https://openalex.org/W4230576123
https://openalex.org/W4231229169
https://openalex.org/W4231599125
https://openalex.org/W4231727442
https://openalex.org/W4232044011
https://openalex.org/W4232659980
https://openalex.org/W4233610177
https://openalex.org/W4234261766
https://openalex.org/W4234416302
https://openalex.org/W4234830960
https://openalex.org/W4235187581
https://openalex.org/W4235198162
https://openalex.org/W4235433714
https://openalex.org/W4235472907
https://openalex.org/W4235903262
https://openalex.org/W4236190512
https://openalex.org/W4236661788
https://openalex.org/W4237003273
https://openalex.org/W4237041709
https://openalex.org/W4237427590
https://openalex.org/W4237697931
https://openalex.org/W4237704830
https://openalex.org/W4237776329
https://openalex.org/W4237864489
https://openalex.org/W4238106110
https://openalex.org/W4238350898
https://openalex.org/W4238368281
https://openalex.org/W4238507095
https://openalex.org/W4238919781
https://openalex.org/W4239601195
https://openalex.org/W4239772514
https://openalex.org/W4240204719
https://openalex.org/W4240674315
https://openalex.org/W4240712443
https://openalex.org/W4241034386
https://openalex.org/W4241436495
https://openalex.org/W4242073195
https://openalex.org/W4242353380
https://openalex.org/W4242366958
https://openalex.org/W4242457701
https://openalex.org/W4242717638
https://openalex.org/W4243330579
https://openalex.org/W4243400644
https://openalex.org/W4243623063
https://openalex.org/W4244012666
https://openalex.org/W4244231636
https://openalex.org/W4244367011
https://openalex.org/W4245245902
https://openalex.org/W4245945227
https://openalex.org/W4246048551
https://openalex.org/W4246218596
https://openalex.org/W4246487237
https://openalex.org/W4247897979
https://openalex.org/W4248041237
https://openalex.org/W4248064686
https://openalex.org/W4248355483
https://openalex.org/W4248380274
https://openalex.org/W4248920901
https://openalex.org/W4248967860
https://openalex.org/W4249136979
https://openalex.org/W4249464362
https://openalex.org/W4249669259
https://openalex.org/W4250839976
https://openalex.org/W4250910378
https://openalex.org/W4250963939
https://openalex.org/W4251355903
https://openalex.org/W4251380338
https://openalex.org/W4251785379
https://openalex.org/W4251850054
https://openalex.org/W4251960026
https://openalex.org/W4252560107
https://openalex.org/W4253205330
https://openalex.org/W4253402300
https://openalex.org/W4253475159
https://openalex.org/W4253500351
https://openalex.org/W4253635109
https://openalex.org/W4253683471
https://openalex.org/W4253967381
https://openalex.org/W4254060322
https://openalex.org/W4254453677
https://openalex.org/W4254598506
https://openalex.org/W4255402909
https://openalex.org/W4255434894
https://openalex.org/W4255461882
https://openalex.org/W4256365799
https://openalex.org/W4256515678
https://openalex.org/W4280500278
https://openalex.org/W4281870899
https://openalex.org/W4282579799
https://openalex.org/W4282926581
https://openalex.org/W4282942047
https://openalex.org/W4282959532
https://openalex.org/W4282968032
https://openalex.org/W4282978374
https://openalex.org/W4283529213
https://openalex.org/W4283809235
https://openalex.org/W4284709642
https://openalex.org/W4285268723
https://openalex.org/W4285280352
https://openalex.org/W4285305570
https://openalex.org/W4285383394
https://openalex.org/W4285383504
https://openalex.org/W4285774612
https://openalex.org/W4286298976
https://openalex.org/W4286744263
https://openalex.org/W4292847700
https://openalex.org/W4293064509
https://openalex.org/W4293084514
https://openalex.org/W4293209855
https://openalex.org/W4293253216
https://openalex.org/W4294294284
https://openalex.org/W4295763538
https://openalex.org/W4295935428
https://openalex.org/W4296523041
https://openalex.org/W4297524553
https://openalex.org/W4298000911
https://openalex.org/W4298045186
https://openalex.org/W4300005049
https://openalex.org/W4300805566
https://openalex.org/W4300961348
https://openalex.org/W4301363741
https://openalex.org/W4302113993
https://openalex.org/W4302970338
https://openalex.org/W4306403589
https://openalex.org/W4307255667
https://openalex.org/W4307628756
https://openalex.org/W4308659012
https://openalex.org/W4308976999
https://openalex.org/W4309018544
https://openalex.org/W4309355855
https://openalex.org/W4310182845
https://openalex.org/W4310330757
https://openalex.org/W4311493462
https://openalex.org/W4311587119
https://openalex.org/W4311615531
https://openalex.org/W4311615636
https://openalex.org/W4311732176
https://openalex.org/W4312240540
https://openalex.org/W4312471846
https://openalex.org/W4312504564
https://openalex.org/W4313372191
https://openalex.org/W4313383715
https://openalex.org/W4313584181
https://openalex.org/W431375653
https://openalex.org/W4315880899
https://openalex.org/W4316085066
https://openalex.org/W4316086166
https://openalex.org/W4316928563
https://openalex.org/W4317727956
https://openalex.org/W4317891384
https://openalex.org/W4318814847
https://openalex.org/W4318945600
https://openalex.org/W4319065412
https://openalex.org/W4319065451
https://openalex.org/W4319459939
https://openalex.org/W4319931844
https://openalex.org/W4319985719
https://openalex.org/W4320002234
https://openalex.org/W4320718183
https://openalex.org/W4321438431
https://openalex.org/W4321768042
https://openalex.org/W4322502091
https://openalex.org/W4323035062
https://openalex.org/W4323057848
https://openalex.org/W4328133425
https://openalex.org/W4353094168
https://openalex.org/W435704180
https://openalex.org/W435819160
https://openalex.org/W4361208291
https://openalex.org/W4361824664
https://openalex.org/W4361824680
https://openalex.org/W4361833916
https://openalex.org/W4361834233
https://openalex.org/W4361841195
https://openalex.org/W4361841225
https://openalex.org/W4361841228
https://openalex.org/W4361847395
https://openalex.org/W4361847396
https://openalex.org/W4361847456
https://openalex.org/W4361847468
https://openalex.org/W4361847474
https://openalex.org/W4361847475
https://openalex.org/W4361847479
https://openalex.org/W4361847480
https://openalex.org/W4361847498
https://openalex.org/W4361847525
https://openalex.org/W4361847530
https://openalex.org/W4361847644
https://openalex.org/W4361847645
https://openalex.org/W4361847660
https://openalex.org/W4361885752
https://openalex.org/W4361886591
https://openalex.org/W4361888230
https://openalex.org/W4361888375
https://openalex.org/W4361895067
https://openalex.org/W4361895211
https://openalex.org/W4361895213
https://openalex.org/W4361910741
https://openalex.org/W4361920569
https://openalex.org/W4361920578
https://openalex.org/W4361923641
https://openalex.org/W4361936161
https://openalex.org/W4361945558
https://openalex.org/W4361945659
https://openalex.org/W4361946906
https://openalex.org/W4361952070
https://openalex.org/W4361952266
https://openalex.org/W4361953086
https://openalex.org/W4361957697
https://openalex.org/W4361958676
https://openalex.org/W4361959581
https://openalex.org/W4361960076
https://openalex.org/W4361967517
https://openalex.org/W4361967637
https://openalex.org/W4362353978
https://openalex.org/W4362357076
https://openalex.org/W4362357090
https://openalex.org/W4362363128
https://openalex.org/W4362364686
https://openalex.org/W4362395862
https://openalex.org/W4362401163
https://openalex.org/W4362401195
https://openalex.org/W4362422863
https://openalex.org/W4362423000
https://openalex.org/W4362423073
https://openalex.org/W4362423119
https://openalex.org/W4362423227
https://openalex.org/W4362480714
https://openalex.org/W4362480746
https://openalex.org/W4362480752
https://openalex.org/W4362480798
https://openalex.org/W4362480834
https://openalex.org/W4362480865
https://openalex.org/W4362480872
https://openalex.org/W4362480881
https://openalex.org/W4362480897
https://openalex.org/W4362480946
https://openalex.org/W4362480951
https://openalex.org/W4362480969
https://openalex.org/W4362480970
https://openalex.org/W4362480983
https://openalex.org/W4362481920
https://openalex.org/W4362485251
https://openalex.org/W4362526544
https://openalex.org/W4362526546
https://openalex.org/W4362526564
https://openalex.org/W4362526566
https://openalex.org/W4362526567
https://openalex.org/W4362526582
https://openalex.org/W4362527958
https://openalex.org/W4362534726
https://openalex.org/W4362567893
https://openalex.org/W4362621712
https://openalex.org/W4362621832
https://openalex.org/W4362621839
https://openalex.org/W4362621840
https://openalex.org/W4362621847
https://openalex.org/W4362621849
https://openalex.org/W4365386101
https://openalex.org/W4365814399
https://openalex.org/W4366351884
https://openalex.org/W4366601931
https://openalex.org/W4367047352
https://openalex.org/W4367174254
https://openalex.org/W4367184398
https://openalex.org/W4367353561
https://openalex.org/W4367606989
https://openalex.org/W4368618194
https://openalex.org/W4371779983
https://openalex.org/W4371780106
https://openalex.org/W4371784855
https://openalex.org/W4371785249
https://openalex.org/W4372295266
https://openalex.org/W4375856491
https://openalex.org/W4375859875
https://openalex.org/W4375866204
https://openalex.org/W4376115191
https://openalex.org/W4376121771
https://openalex.org/W4377010424
https://openalex.org/W4377046881
https://openalex.org/W4377101558
https://openalex.org/W4377107609
https://openalex.org/W4377245533
https://openalex.org/W4377939950
https://openalex.org/W4377984642
https://openalex.org/W4377984671
https://openalex.org/W4377985029
https://openalex.org/W4377985036
https://openalex.org/W4378741408
https://openalex.org/W4378877595
https://openalex.org/W4378901422
https://openalex.org/W4379280303
https://openalex.org/W4379281011
https://openalex.org/W4379283296
https://openalex.org/W4379521593
https://openalex.org/W4379966753
https://openalex.org/W4379983328
https://openalex.org/W4379983668
https://openalex.org/W4380301702
https://openalex.org/W4380875509
https://openalex.org/W4381470540
https://openalex.org/W4381708558
https://openalex.org/W4381839289
https://openalex.org/W4382056682
https://openalex.org/W4382070890
https://openalex.org/W4382193463
https://openalex.org/W4382399881
https://openalex.org/W4382982882
https://openalex.org/W4383758847
https://openalex.org/W4384024719
https://openalex.org/W4384126631
https://openalex.org/W4384501625
https://openalex.org/W4384822290
https://openalex.org/W4384827283
https://openalex.org/W4385193573
https://openalex.org/W4385333755
https://openalex.org/W4385415146
https://openalex.org/W4385416806
https://openalex.org/W4385637905
https://openalex.org/W4385697809
https://openalex.org/W4386027054
https://openalex.org/W4386047558
https://openalex.org/W4386084662
https://openalex.org/W4386084939
https://openalex.org/W4386225972
https://openalex.org/W4386295508
https://openalex.org/W4386325202
https://openalex.org/W4386464369
https://openalex.org/W4386624254
https://openalex.org/W4386629542
https://openalex.org/W4386795978
https://openalex.org/W4386886663
https://openalex.org/W4386903252
https://openalex.org/W4386946564
https://openalex.org/W4386979570
https://openalex.org/W4386979666
https://openalex.org/W4387008034
https://openalex.org/W4387023574
https://openalex.org/W5561902
https://openalex.org/W561350304
https://openalex.org/W566331122
https://openalex.org/W572692142
https://openalex.org/W576137571
https://openalex.org/W578478614
https://openalex.org/W579796298
https://openalex.org/W580173128
https://openalex.org/W585908558
https://openalex.org/W603649722
https://openalex.org/W609854799
https://openalex.org/W610969928
https://openalex.org/W611942790
https://openalex.org/W61924346
https://openalex.org/W633984726
https://openalex.org/W638548346
https://openalex.org/W638869579
https://openalex.org/W640237311
https://openalex.org/W644095571
https://openalex.org/W652715429
https://openalex.org/W653934772
https://openalex.org/W657766539
https://openalex.org/W659241986
https://openalex.org/W73704557
https://openalex.org/W74367529
https://openalex.org/W744839777
https://openalex.org/W834412125
https://openalex.org/W852222794
https://openalex.org/W906238122
https://openalex.org/W96090995
https://openalex.org/W96599224
https://openalex.org/W972018410
https://openalex.org/W978819604
https://openalex.org/W988663459
https://openalex.org/W995423126
https://openalex.org/W2097327668
https://openalex.org/W1970358298
https://openalex.org/W2164807675
https://openalex.org/W2102591890
https://openalex.org/W2123634131
https://openalex.org/W2014488392
https://openalex.org/W2126700402
https://openalex.org/W1967211742
https://openalex.org/W2135003112
https://openalex.org/W2145385227
https://openalex.org/W2095439981
https://openalex.org/W2081746977
https://openalex.org/W2118069309
https://openalex.org/W2002115192
https://openalex.org/W2464924628
https://openalex.org/W2155357761
https://openalex.org/W1984654391
https://openalex.org/W2139658907
https://openalex.org/W2049727086
https://openalex.org/W2037386668
https://openalex.org/W1482339355
https://openalex.org/W2018939430
https://openalex.org/W2134736660
https://openalex.org/W2099703022
https://openalex.org/W2164500783
https://openalex.org/W2130651020
https://openalex.org/W2133685200
https://openalex.org/W2065293336
https://openalex.org/W2535762306
https://openalex.org/W1967067685
https://openalex.org/W2007888807
https://openalex.org/W2155247473
https://openalex.org/W2139321584
https://openalex.org/W2027260046
https://openalex.org/W2156250533
https://openalex.org/W1996593524
https://openalex.org/W2285810463
https://openalex.org/W2235970093
https://openalex.org/W2985923507
https://openalex.org/W1995924318
https://openalex.org/W2920425649
https://openalex.org/W1977128714
https://openalex.org/W2041443103
https://openalex.org/W2161071792
https://openalex.org/W1973051002
https://openalex.org/W2152758433
https://openalex.org/W2136104182
https://openalex.org/W2034378072
https://openalex.org/W2170385664
https://openalex.org/W1992528727
https://openalex.org/W2003835684
https://openalex.org/W2103011422
https://openalex.org/W2007319015
https://openalex.org/W2049358079
https://openalex.org/W2162098151
https://openalex.org/W2084491750
https://openalex.org/W2148462747
https://openalex.org/W2091044401
https://openalex.org/W2967124351
https://openalex.org/W2098542011
https://openalex.org/W2169846247
https://openalex.org/W2140493602
https://openalex.org/W2414933203
https://openalex.org/W1990343722
https://openalex.org/W2021733365
https://openalex.org/W2142625044
https://openalex.org/W2165469800
https://openalex.org/W2100656395
https://openalex.org/W2127710810
https://openalex.org/W2157319590
https://openalex.org/W2985810567
https://openalex.org/W2129126701
https://openalex.org/W2125929268
https://openalex.org/W1971399577
https://openalex.org/W1980881602
https://openalex.org/W2078901327
https://openalex.org/W2139260559
https://openalex.org/W2136928971
https://openalex.org/W1556459637
https://openalex.org/W1971268343
https://openalex.org/W2053549737
https://openalex.org/W1998007417
https://openalex.org/W1983247267
https://openalex.org/W2118072443
https://openalex.org/W2140220905
https://openalex.org/W63768763
https://openalex.org/W2105191357
https://openalex.org/W2026448323
https://openalex.org/W2114728864
https://openalex.org/W2165964407
https://openalex.org/W2017640925
https://openalex.org/W2073140732
https://openalex.org/W2038092840
https://openalex.org/W2914208637
https://openalex.org/W2129494556
https://openalex.org/W2020391792
https://openalex.org/W2078074639
https://openalex.org/W2801254160
https://openalex.org/W1971833928
https://openalex.org/W2032634316
https://openalex.org/W1970115471
https://openalex.org/W2028855598
https://openalex.org/W2092937962
https://openalex.org/W2561823294
https://openalex.org/W1994183472
https://openalex.org/W2112484512
https://openalex.org/W2118544659
https://openalex.org/W1820166579
https://openalex.org/W4213167777
https://openalex.org/W2085661640
https://openalex.org/W2003530850
https://openalex.org/W2596195754
https://openalex.org/W2133991519
https://openalex.org/W2525559626
https://openalex.org/W1972654228
https://openalex.org/W1747922801
https://openalex.org/W2039917166
https://openalex.org/W2117814497
https://openalex.org/W2026835968
https://openalex.org/W2099657218
https://openalex.org/W2158467294
https://openalex.org/W1975985072
https://openalex.org/W2113066640
https://openalex.org/W2152649797
https://openalex.org/W2158120653
https://openalex.org/W2088282694
https://openalex.org/W2163763308
https://openalex.org/W2102199134
https://openalex.org/W2032439527
https://openalex.org/W3088841124
https://openalex.org/W143865877
https://openalex.org/W2964059016
https://openalex.org/W2100365551
https://openalex.org/W2999550980
https://openalex.org/W2008182609
https://openalex.org/W1984107586
https://openalex.org/W2144162747
https://openalex.org/W2093448443
https://openalex.org/W2022391508
https://openalex.org/W2082011479
https://openalex.org/W2135752342
https://openalex.org/W3008984412
https://openalex.org/W1963866884
https://openalex.org/W2102759231
https://openalex.org/W2141341794
https://openalex.org/W2145162648
https://openalex.org/W1966650865
https://openalex.org/W2089571976
https://openalex.org/W1996628620
https://openalex.org/W2059995794
https://openalex.org/W1959444207
https://openalex.org/W2164637250
https://openalex.org/W1820344370
https://openalex.org/W2002992217
https://openalex.org/W2904294860
https://openalex.org/W2788106709
https://openalex.org/W2027298474
https://openalex.org/W2159429612
https://openalex.org/W2017872978
https://openalex.org/W2027497105
https://openalex.org/W2059257370
https://openalex.org/W2031716369
https://openalex.org/W2914713473
https://openalex.org/W2103802234
https://openalex.org/W2049489460
https://openalex.org/W2149155737
https://openalex.org/W2038796494
https://openalex.org/W2031288274
https://openalex.org/W2022632869
https://openalex.org/W2043481642
https://openalex.org/W2083741208
https://openalex.org/W2119266042
https://openalex.org/W2121144826
https://openalex.org/W2123348268
https://openalex.org/W1699352150
https://openalex.org/W2049327371
https://openalex.org/W2068378637
https://openalex.org/W1998319821
https://openalex.org/W2125477221
https://openalex.org/W2141023161
https://openalex.org/W2345018973
https://openalex.org/W2678824027
https://openalex.org/W2947141751
https://openalex.org/W2002526368
https://openalex.org/W2127302135
https://openalex.org/W2157248246
https://openalex.org/W109471128
https://openalex.org/W2028150271
https://openalex.org/W1974532856
https://openalex.org/W2038654940
https://openalex.org/W2105605735
https://openalex.org/W2145402321
https://openalex.org/W2151775731
https://openalex.org/W2047196043
https://openalex.org/W1987938308
https://openalex.org/W2146908971
https://openalex.org/W2899898927
https://openalex.org/W1983922487
https://openalex.org/W2011928757
https://openalex.org/W2012444260
https://openalex.org/W2133638944
https://openalex.org/W3008551921
https://openalex.org/W3006706642
https://openalex.org/W1999848878
https://openalex.org/W2134275208
https://openalex.org/W1981229997
https://openalex.org/W1982002509
https://openalex.org/W2003556068
https://openalex.org/W2032455696
https://openalex.org/W2035237112
https://openalex.org/W2114431998
https://openalex.org/W2980684978
https://openalex.org/W1532440724
https://openalex.org/W2055268292
https://openalex.org/W2074734350
https://openalex.org/W2080317694
https://openalex.org/W2089108509
https://openalex.org/W2137462480
https://openalex.org/W1973158091
https://openalex.org/W2051243270
https://openalex.org/W2076734741
https://openalex.org/W1978240533
https://openalex.org/W2001479916
https://openalex.org/W2032358789
https://openalex.org/W2131884020
https://openalex.org/W2012215802
https://openalex.org/W2098683317
https://openalex.org/W2048701007
https://openalex.org/W2052377923
https://openalex.org/W2125746681
https://openalex.org/W1546043964
https://openalex.org/W4299325457
https://openalex.org/W2105546352
https://openalex.org/W2117768135
https://openalex.org/W2342423616
https://openalex.org/W2622796688
https://openalex.org/W2029774618
https://openalex.org/W2127567198
https://openalex.org/W1863374972
https://openalex.org/W2042950300
https://openalex.org/W1964522002
https://openalex.org/W2132564213
https://openalex.org/W2161937654
https://openalex.org/W2004351861
https://openalex.org/W2015118765
https://openalex.org/W2029352242
https://openalex.org/W2030610625
https://openalex.org/W2046392894
https://openalex.org/W2090962673
https://openalex.org/W2032434365
https://openalex.org/W2085453224
https://openalex.org/W2108658335
https://openalex.org/W2158323345
https://openalex.org/W3103582803
https://openalex.org/W1968820402
https://openalex.org/W1994371947
https://openalex.org/W2112633201
https://openalex.org/W2152574311
https://openalex.org/W2586578362
https://openalex.org/W2039486450
https://openalex.org/W2160185994
https://openalex.org/W2164707206
https://openalex.org/W2795888367
https://openalex.org/W2130988038
https://openalex.org/W1989873377
https://openalex.org/W2159095972
https://openalex.org/W2171660514
https://openalex.org/W2214344414
https://openalex.org/W1493858061
https://openalex.org/W2028321468
https://openalex.org/W2782313736
https://openalex.org/W1536250967
https://openalex.org/W2000215114
https://openalex.org/W2124360991
https://openalex.org/W1999691522
https://openalex.org/W1972558616
https://openalex.org/W2094775201
https://openalex.org/W2115858886
https://openalex.org/W1968939469
https://openalex.org/W2020408434
https://openalex.org/W2161604858
https://openalex.org/W2086287826
https://openalex.org/W2124093732
https://openalex.org/W2773099418
https://openalex.org/W2953945894
https://openalex.org/W2127764751
https://openalex.org/W1993769405
https://openalex.org/W2094083773
https://openalex.org/W2176339957
https://openalex.org/W2036200625
https://openalex.org/W3183423133
https://openalex.org/W2086113499
https://openalex.org/W2156012700
https://openalex.org/W3007080254
https://openalex.org/W2020870680
https://openalex.org/W2102307373
https://openalex.org/W2036007824
https://openalex.org/W2143415245
https://openalex.org/W1990347487
https://openalex.org/W2066661906
https://openalex.org/W2104993929
https://openalex.org/W1581857624
https://openalex.org/W2026191658
https://openalex.org/W2068944823
https://openalex.org/W2076980349
https://openalex.org/W2766596860
https://openalex.org/W3100514350
https://openalex.org/W1910150456
https://openalex.org/W2149987973
https://openalex.org/W2154926046
https://openalex.org/W2893221764
https://openalex.org/W2003278850
https://openalex.org/W2016479978
https://openalex.org/W2215973946
https://openalex.org/W4298265714
https://openalex.org/W1978727863
https://openalex.org/W2010382012
https://openalex.org/W2147587303
https://openalex.org/W2151863179
https://openalex.org/W2042387667
https://openalex.org/W1532859116
https://openalex.org/W1871683169
https://openalex.org/W2087648032
https://openalex.org/W2141381103
https://openalex.org/W2187113859
https://openalex.org/W2314793501
https://openalex.org/W1613006671
https://openalex.org/W2035366915
https://openalex.org/W2602789169
https://openalex.org/W1966771206
https://openalex.org/W1984132388
https://openalex.org/W2030977374
https://openalex.org/W2117697469
https://openalex.org/W2153020710
https://openalex.org/W2116157398
https://openalex.org/W2048766632
https://openalex.org/W2085448604
https://openalex.org/W2110029186
https://openalex.org/W2241402262
https://openalex.org/W1971412030
https://openalex.org/W2039187859
https://openalex.org/W2118429881
https://openalex.org/W2135149884
https://openalex.org/W3184973091
https://openalex.org/W2017122567
https://openalex.org/W2888421387
https://openalex.org/W2920403492
https://openalex.org/W3115744292
https://openalex.org/W1979334332
https://openalex.org/W2055800882
https://openalex.org/W2109328511
https://openalex.org/W2164683064
https://openalex.org/W2078220509
https://openalex.org/W2944889001
https://openalex.org/W2040808177
https://openalex.org/W2049471857
https://openalex.org/W2058659553
https://openalex.org/W2142828015
https://openalex.org/W2792908940
https://openalex.org/W1981683920
https://openalex.org/W2037588449
https://openalex.org/W2043499485
https://openalex.org/W2059547599
https://openalex.org/W2095116491
https://openalex.org/W2161486909
https://openalex.org/W2808096304
https://openalex.org/W2085236050
https://openalex.org/W2101715929
https://openalex.org/W2109084431
https://openalex.org/W2743405054
https://openalex.org/W1997171252
https://openalex.org/W2010340614
https://openalex.org/W2808482831
https://openalex.org/W2056638087
https://openalex.org/W2122696230
https://openalex.org/W2130388017
https://openalex.org/W2467356004
https://openalex.org/W2800122589
https://openalex.org/W1973701188
https://openalex.org/W2013914251
https://openalex.org/W2043266221
https://openalex.org/W2081281134
https://openalex.org/W2551283346
https://openalex.org/W1994661425
https://openalex.org/W1997427291
https://openalex.org/W2008461201
https://openalex.org/W2063528853
https://openalex.org/W2088821093
https://openalex.org/W2091523110
https://openalex.org/W2092475522
https://openalex.org/W2146658521
https://openalex.org/W2398786863
https://openalex.org/W1972104782
https://openalex.org/W1999100840
https://openalex.org/W2020266694
https://openalex.org/W2029022233
https://openalex.org/W2123144427
https://openalex.org/W2169363615
https://openalex.org/W1964990749
https://openalex.org/W2058856687
https://openalex.org/W2061613524
https://openalex.org/W2071110704
https://openalex.org/W2071771661
https://openalex.org/W2119813087
https://openalex.org/W2140928389
https://openalex.org/W2141598854
https://openalex.org/W2471426571
https://openalex.org/W1989874421
https://openalex.org/W1990708897
https://openalex.org/W1991822698
https://openalex.org/W2010570711
https://openalex.org/W2018155856
https://openalex.org/W2047792613
https://openalex.org/W2465647135
https://openalex.org/W3044045346
https://openalex.org/W1680974060
https://openalex.org/W2164325979
https://openalex.org/W2972635716
https://openalex.org/W1996305237
https://openalex.org/W2012107562
https://openalex.org/W2048942846
https://openalex.org/W2099083771
https://openalex.org/W2138926455
https://openalex.org/W2158767537
https://openalex.org/W3017146448
https://openalex.org/W1999475869
https://openalex.org/W2047888533
https://openalex.org/W2050474352
https://openalex.org/W2080684315
https://openalex.org/W2135020535
https://openalex.org/W1990474033
https://openalex.org/W2068822945
https://openalex.org/W2110734772
https://openalex.org/W2145897029
https://openalex.org/W2161341103
https://openalex.org/W2772571351
https://openalex.org/W1519367368
https://openalex.org/W1967576554
https://openalex.org/W2014213533
https://openalex.org/W2059335910
https://openalex.org/W2107189411
https://openalex.org/W2153399774
https://openalex.org/W1983294080
https://openalex.org/W2049078823
https://openalex.org/W2065566528
https://openalex.org/W2075127332
https://openalex.org/W2100617914
https://openalex.org/W2136586545
https://openalex.org/W2741095496
https://openalex.org/W2001032326
https://openalex.org/W2589709066
https://openalex.org/W1972683834
https://openalex.org/W1989753753
https://openalex.org/W2103481912
https://openalex.org/W2145782601
https://openalex.org/W2149398845
https://openalex.org/W2914495650
https://openalex.org/W2963913268
https://openalex.org/W3100194998
https://openalex.org/W1507326947
https://openalex.org/W2012027336
https://openalex.org/W2043530896
https://openalex.org/W2077541573
https://openalex.org/W2081427322
https://openalex.org/W2282517304
https://openalex.org/W2739018304
https://openalex.org/W3098904422
https://openalex.org/W1971215414
https://openalex.org/W2153574476
https://openalex.org/W2169101393
https://openalex.org/W52077121
https://openalex.org/W1943126436
https://openalex.org/W2006882664
https://openalex.org/W2075090520
https://openalex.org/W2104771780
https://openalex.org/W2150079619
https://openalex.org/W2077638131
https://openalex.org/W301994343
https://openalex.org/W1901789611
https://openalex.org/W1979974409
https://openalex.org/W2024068551
https://openalex.org/W2033235439
https://openalex.org/W2133195851
https://openalex.org/W2138137515
https://openalex.org/W2577649235
https://openalex.org/W2901086519
https://openalex.org/W2053396248
https://openalex.org/W3099580112
https://openalex.org/W1969166440
https://openalex.org/W1983134710
https://openalex.org/W1995444953
https://openalex.org/W2009918227
https://openalex.org/W2054826786
https://openalex.org/W2122084873
https://openalex.org/W2134178858
https://openalex.org/W2751066035
https://openalex.org/W2769729662
https://openalex.org/W1972899801
https://openalex.org/W1974682713
https://openalex.org/W1978963361
https://openalex.org/W2005014916
https://openalex.org/W2067465207
https://openalex.org/W2095215868
https://openalex.org/W2117535478
https://openalex.org/W2128737667
https://openalex.org/W3183495692
https://openalex.org/W1932352987
https://openalex.org/W2075082427
https://openalex.org/W2085823469
https://openalex.org/W2103652553
https://openalex.org/W2275769305
https://openalex.org/W2463655828
https://openalex.org/W2619338859
https://openalex.org/W2974826704
https://openalex.org/W2006625870
https://openalex.org/W2037206601
https://openalex.org/W2042317641
https://openalex.org/W2087450765
https://openalex.org/W2200936205
https://openalex.org/W2973909818
https://openalex.org/W3126861319
https://openalex.org/W169444311
https://openalex.org/W1969608696
https://openalex.org/W2048441280
https://openalex.org/W2060749028
https://openalex.org/W2060112486
https://openalex.org/W2140930399
https://openalex.org/W2149441701
https://openalex.org/W2186756913
https://openalex.org/W2225439658
https://openalex.org/W3029931347
https://openalex.org/W2018905489
https://openalex.org/W2038055265
https://openalex.org/W2038833813
https://openalex.org/W2801457562
https://openalex.org/W3102251320
https://openalex.org/W1655330976
https://openalex.org/W2010979009
https://openalex.org/W2051956247
https://openalex.org/W2059631627
https://openalex.org/W2073629239
https://openalex.org/W2077631957
https://openalex.org/W2181009182
https://openalex.org/W2510999676
https://openalex.org/W3010898497
https://openalex.org/W2000492992
https://openalex.org/W2053343245
https://openalex.org/W2075941433
https://openalex.org/W2341130748
https://openalex.org/W2016103788
https://openalex.org/W2074214974
https://openalex.org/W2107684579
https://openalex.org/W2166752770
https://openalex.org/W2516195000
https://openalex.org/W2618607229
https://openalex.org/W3088847080
https://openalex.org/W3104103094
https://openalex.org/W1967470318
https://openalex.org/W2026604890
https://openalex.org/W2150948905
https://openalex.org/W2972978458
https://openalex.org/W2027256805
https://openalex.org/W2596978056
https://openalex.org/W2923669061
https://openalex.org/W1620503833
https://openalex.org/W1950408106
https://openalex.org/W2020936923
https://openalex.org/W2059526411
https://openalex.org/W2133398333
https://openalex.org/W2154240098
https://openalex.org/W2322325722
https://openalex.org/W2467158152
https://openalex.org/W2011584267
https://openalex.org/W2048290489
https://openalex.org/W2083253431
https://openalex.org/W2107475221
https://openalex.org/W2170508420
https://openalex.org/W2358383453
https://openalex.org/W2582167734
https://openalex.org/W2890057333
https://openalex.org/W1981528404
https://openalex.org/W203089134
https://openalex.org/W2047386216
https://openalex.org/W2066448873
https://openalex.org/W2108259070
https://openalex.org/W2116529443
https://openalex.org/W2753577203
https://openalex.org/W3094160404
https://openalex.org/W3104537755
https://openalex.org/W4230707786
https://openalex.org/W1969266136
https://openalex.org/W1985404912
https://openalex.org/W2012024228
https://openalex.org/W2024869774
https://openalex.org/W2025462060
https://openalex.org/W2036946548
https://openalex.org/W2081422655
https://openalex.org/W2904129913
https://openalex.org/W4250112733
https://openalex.org/W1965694038
https://openalex.org/W1987383967
https://openalex.org/W1993293539
https://openalex.org/W1998065815
https://openalex.org/W2025678968
https://openalex.org/W2032472122
https://openalex.org/W2120300491
https://openalex.org/W2152239595
https://openalex.org/W2784284219
https://openalex.org/W3121948446
https://openalex.org/W79212969
https://openalex.org/W1516263509
https://openalex.org/W1533988312
https://openalex.org/W1883395900
https://openalex.org/W2092012408
https://openalex.org/W2142308374
https://openalex.org/W2166320208
https://openalex.org/W2559694204
https://openalex.org/W1588758970
https://openalex.org/W2010486767
https://openalex.org/W2053229370
https://openalex.org/W2135517721
https://openalex.org/W2139206529
https://openalex.org/W2139569317
https://openalex.org/W2161679379
https://openalex.org/W2254375066
https://openalex.org/W2607095333
https://openalex.org/W2783827486
https://openalex.org/W4238994247
https://openalex.org/W1492798098
https://openalex.org/W2052041448
https://openalex.org/W2001327637
https://openalex.org/W2007202936
https://openalex.org/W2073716278
https://openalex.org/W2138845646
https://openalex.org/W2143140165
https://openalex.org/W1966330580
https://openalex.org/W1979936748
https://openalex.org/W1980514128
https://openalex.org/W1995796538
https://openalex.org/W2014582929
https://openalex.org/W2116165249
https://openalex.org/W2582692751
https://openalex.org/W2805018612
https://openalex.org/W103886014
https://openalex.org/W2061170463
https://openalex.org/W2082020471
https://openalex.org/W2108772083
https://openalex.org/W2402661058
https://openalex.org/W2889857614
https://openalex.org/W1980463742
https://openalex.org/W1986334754
https://openalex.org/W1999128625
https://openalex.org/W2006168914
https://openalex.org/W2151926043
https://openalex.org/W588735104
https://openalex.org/W1965226830
https://openalex.org/W1995493869
https://openalex.org/W2003973337
https://openalex.org/W2029001868
https://openalex.org/W2076925320
https://openalex.org/W2126948899
https://openalex.org/W2769674502
https://openalex.org/W2883319126
https://openalex.org/W2920948544
https://openalex.org/W1056848205
https://openalex.org/W1564941126
https://openalex.org/W1994581694
https://openalex.org/W2048289739
https://openalex.org/W2057804252
https://openalex.org/W2087651612
https://openalex.org/W2089175706
https://openalex.org/W2024798441
https://openalex.org/W2051834296
https://openalex.org/W2082887072
https://openalex.org/W2094992227
https://openalex.org/W2108183354
https://openalex.org/W2468304209
https://openalex.org/W2889742723
https://openalex.org/W2964808548
https://openalex.org/W1786044410
https://openalex.org/W1965714607
https://openalex.org/W1968980481
https://openalex.org/W1985756259
https://openalex.org/W2022456151
https://openalex.org/W2041970543
https://openalex.org/W2063279973
https://openalex.org/W2068452052
https://openalex.org/W2070057838
https://openalex.org/W2098974365
https://openalex.org/W2107268241
https://openalex.org/W2145965000
https://openalex.org/W2150600580
https://openalex.org/W2939377655
https://openalex.org/W3036867212
https://openalex.org/W3202029574
https://openalex.org/W4376468651
https://openalex.org/W95069854
https://openalex.org/W2009070960
https://openalex.org/W2047070132
https://openalex.org/W2063539617
https://openalex.org/W2065853697
https://openalex.org/W2071930082
https://openalex.org/W2095708018
https://openalex.org/W2120081319
https://openalex.org/W2153383507
https://openalex.org/W2163519172
https://openalex.org/W2262424012
https://openalex.org/W2333941380
https://openalex.org/W2560592054
https://openalex.org/W3046945618
https://openalex.org/W129828474
https://openalex.org/W1532289440
https://openalex.org/W1829476393
https://openalex.org/W1996353585
https://openalex.org/W2026221599
https://openalex.org/W2044013798
https://openalex.org/W2067903414
https://openalex.org/W2071466317
https://openalex.org/W2094463468
https://openalex.org/W2130024109
https://openalex.org/W2135736513
https://openalex.org/W2141674075
https://openalex.org/W2153181770
https://openalex.org/W2618971056
https://openalex.org/W2952085735
https://openalex.org/W1983999037
https://openalex.org/W1997723892
https://openalex.org/W2008315627
https://openalex.org/W2019064591
https://openalex.org/W2033369011
https://openalex.org/W2033655011
https://openalex.org/W2083225700
https://openalex.org/W2090088277
https://openalex.org/W2098703221
https://openalex.org/W2101765772
https://openalex.org/W2111549167
https://openalex.org/W2143865878
https://openalex.org/W2164934489
https://openalex.org/W3035828086
https://openalex.org/W1967646461
https://openalex.org/W1980512842
https://openalex.org/W1980676140
https://openalex.org/W2052318430
https://openalex.org/W2081285252
https://openalex.org/W2084854805
https://openalex.org/W2111926068
https://openalex.org/W2119194215
https://openalex.org/W2120033936
https://openalex.org/W2121741972
https://openalex.org/W2157636117
https://openalex.org/W2536514252
https://openalex.org/W2737181133
https://openalex.org/W2890611180
https://openalex.org/W2963396261
https://openalex.org/W3102058054
https://openalex.org/W1964369102
https://openalex.org/W1967183064
https://openalex.org/W2000824066
https://openalex.org/W2008707106
https://openalex.org/W2008882048
https://openalex.org/W2060746696
https://openalex.org/W2094814049
https://openalex.org/W2164498138
https://openalex.org/W2755899951
https://openalex.org/W2769374973
https://openalex.org/W2896089480
https://openalex.org/W3098628947
https://openalex.org/W1639583514
https://openalex.org/W1858246564
https://openalex.org/W1994736340
https://openalex.org/W2008756920
https://openalex.org/W2018563337
https://openalex.org/W2048659218
https://openalex.org/W2059629769
https://openalex.org/W2079208669
https://openalex.org/W2087958950
https://openalex.org/W2099880635
https://openalex.org/W2320425626
https://openalex.org/W2339938434
https://openalex.org/W2590196297
https://openalex.org/W2593433916
https://openalex.org/W2792571012
https://openalex.org/W2991398614
https://openalex.org/W3016219406
https://openalex.org/W3025977550
https://openalex.org/W3098696889
https://openalex.org/W1975351116
https://openalex.org/W1991093538
https://openalex.org/W2014756801
https://openalex.org/W2019159379
https://openalex.org/W2035030141
https://openalex.org/W2071510220
https://openalex.org/W2094542095
https://openalex.org/W2096199626
https://openalex.org/W2103656394
https://openalex.org/W2125343900
https://openalex.org/W2126481246
https://openalex.org/W2144316016
https://openalex.org/W1980939448
https://openalex.org/W1999142059
https://openalex.org/W2023531601
https://openalex.org/W2031996043
https://openalex.org/W2041096804
https://openalex.org/W2044539010
https://openalex.org/W2055804398
https://openalex.org/W2071917561
https://openalex.org/W2105045593
https://openalex.org/W2122735966
https://openalex.org/W2127058695
https://openalex.org/W2153791920
https://openalex.org/W2735908057
https://openalex.org/W2891087407
https://openalex.org/W3127973598
https://openalex.org/W1874311779
https://openalex.org/W1964048381
https://openalex.org/W1965357251
https://openalex.org/W1995320842
https://openalex.org/W1998192807
https://openalex.org/W2073173883
https://openalex.org/W2074753679
https://openalex.org/W2080929516
https://openalex.org/W2101190602
https://openalex.org/W2108980506
https://openalex.org/W2125038446
https://openalex.org/W2127539453
https://openalex.org/W2223388633
https://openalex.org/W2588263759
https://openalex.org/W2795050267
https://openalex.org/W2911291590
https://openalex.org/W92652176
https://openalex.org/W1981306795
https://openalex.org/W1981752879
https://openalex.org/W1983721130
https://openalex.org/W2005174738
https://openalex.org/W2032759530
https://openalex.org/W2053734448
https://openalex.org/W2054699137
https://openalex.org/W2062799561
https://openalex.org/W2096633894
https://openalex.org/W2115632923
https://openalex.org/W2137636358
https://openalex.org/W2157798251
https://openalex.org/W2318852041
https://openalex.org/W2615061599
https://openalex.org/W2617089094
https://openalex.org/W2759487791
https://openalex.org/W2764189939
https://openalex.org/W2884772298
https://openalex.org/W1964761224
https://openalex.org/W2024198203
https://openalex.org/W2049932140
https://openalex.org/W2100608021
https://openalex.org/W2108063888
https://openalex.org/W2131093545
https://openalex.org/W2132447589
https://openalex.org/W2142122628
https://openalex.org/W2943019041
https://openalex.org/W2943148496
https://openalex.org/W1987186794
https://openalex.org/W2002482961
https://openalex.org/W2003324213
https://openalex.org/W2024962605
https://openalex.org/W2051024901
https://openalex.org/W2051178768
https://openalex.org/W2056493456
https://openalex.org/W2059618832
https://openalex.org/W2083865471
https://openalex.org/W2090263169
https://openalex.org/W2098060437
https://openalex.org/W2566422130
https://openalex.org/W2908240271
https://openalex.org/W1971911973
https://openalex.org/W1990622057
https://openalex.org/W2076697385
https://openalex.org/W2082397714
https://openalex.org/W2086253471
https://openalex.org/W2102575656
https://openalex.org/W2143329545
https://openalex.org/W2297577340
https://openalex.org/W2326306469
https://openalex.org/W2521087435
https://openalex.org/W2803545655
https://openalex.org/W29201331
https://openalex.org/W3092313088
https://openalex.org/W4252816980
https://openalex.org/W42547656
https://openalex.org/W1776784764
https://openalex.org/W1971399787
https://openalex.org/W1980771751
https://openalex.org/W1996200002
https://openalex.org/W2055603191
https://openalex.org/W2058445558
https://openalex.org/W2092101890
https://openalex.org/W2128500659
https://openalex.org/W2560233114
https://openalex.org/W2762188546
https://openalex.org/W3131031601
https://openalex.org/W3137503175
https://openalex.org/W1972484153
https://openalex.org/W2019764361
https://openalex.org/W2021010931
https://openalex.org/W2024705269
https://openalex.org/W2032308113
https://openalex.org/W2065115580
https://openalex.org/W2075932321
https://openalex.org/W2093801573
https://openalex.org/W2096156094
https://openalex.org/W2140523853
https://openalex.org/W2463150960
https://openalex.org/W2641423084
https://openalex.org/W2913363736
https://openalex.org/W3106415482
https://openalex.org/W652316609
https://openalex.org/W1593758392
https://openalex.org/W1999430606
https://openalex.org/W2001704872
https://openalex.org/W2027297362
https://openalex.org/W2037624525
https://openalex.org/W2046239305
https://openalex.org/W2068913852
https://openalex.org/W2083769537
https://openalex.org/W2088811125
https://openalex.org/W2104821101
https://openalex.org/W2118482318
https://openalex.org/W2193161615
https://openalex.org/W2287415013
https://openalex.org/W2892761336
https://openalex.org/W2923605749
https://openalex.org/W1569732784
https://openalex.org/W1737744869
https://openalex.org/W2000886885
https://openalex.org/W2012645593
https://openalex.org/W2018643634
https://openalex.org/W2054336455
https://openalex.org/W2058374839
https://openalex.org/W2086892678
https://openalex.org/W2190440866
https://openalex.org/W2746595207
https://openalex.org/W2896055641
https://openalex.org/W2897908509
https://openalex.org/W3106484329
https://openalex.org/W3168973386
https://openalex.org/W1504042724
https://openalex.org/W1768514617
https://openalex.org/W1993207349
https://openalex.org/W2017339887
https://openalex.org/W2030125944
https://openalex.org/W2041693368
https://openalex.org/W2054637915
https://openalex.org/W2066058743
https://openalex.org/W2073607150
https://openalex.org/W2082555884
https://openalex.org/W2106864418
https://openalex.org/W2148881883
https://openalex.org/W2149867332
https://openalex.org/W2412861620
https://openalex.org/W2891380474
https://openalex.org/W2939074581
https://openalex.org/W3111682033
https://openalex.org/W4229698191
https://openalex.org/W1878920905
https://openalex.org/W1981210580
https://openalex.org/W2002470174
https://openalex.org/W2012941488
https://openalex.org/W2044791811
https://openalex.org/W2072711200
https://openalex.org/W2157913834
https://openalex.org/W2399273427
https://openalex.org/W2515353898
https://openalex.org/W2554510584
https://openalex.org/W1974321663
https://openalex.org/W2024316102
https://openalex.org/W2025770591
https://openalex.org/W2028064052
https://openalex.org/W2034325115
https://openalex.org/W2049204316
https://openalex.org/W2071948909
https://openalex.org/W2072871227
https://openalex.org/W2074259688
https://openalex.org/W2085129277
https://openalex.org/W2130443418
https://openalex.org/W2131083314
https://openalex.org/W2594914350
https://openalex.org/W2620907950
https://openalex.org/W2800636364
https://openalex.org/W1771804721
https://openalex.org/W1964620315
https://openalex.org/W1988242685
https://openalex.org/W1999412111
https://openalex.org/W2028959519
https://openalex.org/W2035102436
https://openalex.org/W2060119915
https://openalex.org/W2068417868
https://openalex.org/W2071108875
https://openalex.org/W2088153518
https://openalex.org/W2093136957
https://openalex.org/W2102403687
https://openalex.org/W2103482434
https://openalex.org/W2336180607
https://openalex.org/W2342957622
https://openalex.org/W2410266684
https://openalex.org/W2551637450
https://openalex.org/W2617153145
https://openalex.org/W2784566691
https://openalex.org/W3118854985
https://openalex.org/W3198589840
https://openalex.org/W4237206252
https://openalex.org/W1714545534
https://openalex.org/W1927591380
https://openalex.org/W1967673805
https://openalex.org/W1987600139
https://openalex.org/W1988391696
https://openalex.org/W1996932997
https://openalex.org/W2022223355
https://openalex.org/W2028569476
https://openalex.org/W2030092392
https://openalex.org/W2041073159
https://openalex.org/W2047661974
https://openalex.org/W2068405603
https://openalex.org/W2069122249
https://openalex.org/W2070580563
https://openalex.org/W2075634420
https://openalex.org/W2097401130
https://openalex.org/W2099312297
https://openalex.org/W2100194092
https://openalex.org/W2324453047
https://openalex.org/W2770863732
https://openalex.org/W2951892202
https://openalex.org/W1513225799
https://openalex.org/W1970245445
https://openalex.org/W1976967433
https://openalex.org/W1992119368
https://openalex.org/W1993444330
https://openalex.org/W1994985484
https://openalex.org/W2012571029
https://openalex.org/W2037031174
https://openalex.org/W2043924529
https://openalex.org/W2048255596
https://openalex.org/W2058567407
https://openalex.org/W2093774027
https://openalex.org/W2101769631
https://openalex.org/W2106632453
https://openalex.org/W2144907333
https://openalex.org/W2154907940
https://openalex.org/W2397228914
https://openalex.org/W2550633550
https://openalex.org/W2593155192
https://openalex.org/W2809161531
https://openalex.org/W3105941479
https://openalex.org/W1883008962
https://openalex.org/W1973970821
https://openalex.org/W1977595859
https://openalex.org/W1982482336
https://openalex.org/W2015175172
https://openalex.org/W2016587608
https://openalex.org/W2043093940
https://openalex.org/W2046533266
https://openalex.org/W2059426637
https://openalex.org/W2062278187
https://openalex.org/W2076398473
https://openalex.org/W2100900934
https://openalex.org/W2122543246
https://openalex.org/W2124567314
https://openalex.org/W2129465196
https://openalex.org/W2143766305
https://openalex.org/W2513909244
https://openalex.org/W2601661225
https://openalex.org/W2737073121
https://openalex.org/W2739447683
https://openalex.org/W2922004616
https://openalex.org/W2952263107
https://openalex.org/W3108917138
https://openalex.org/W4251858601
https://openalex.org/W1485259624
https://openalex.org/W1895935833
https://openalex.org/W1976002178
https://openalex.org/W1991346853
https://openalex.org/W1999719554
https://openalex.org/W2002219851
https://openalex.org/W2014125735
https://openalex.org/W2070655269
https://openalex.org/W2077633178
https://openalex.org/W2092282822
https://openalex.org/W2100799644
https://openalex.org/W2106885804
https://openalex.org/W2109546196
https://openalex.org/W2116537202
https://openalex.org/W2783375712
https://openalex.org/W2809219749
https://openalex.org/W2890352646
https://openalex.org/W1969744663
https://openalex.org/W1970056221
https://openalex.org/W1970271709
https://openalex.org/W1970353078
https://openalex.org/W1976473801
https://openalex.org/W1978313777
https://openalex.org/W1996440251
https://openalex.org/W2012819882
https://openalex.org/W2020848104
https://openalex.org/W2033445220
https://openalex.org/W2042398416
https://openalex.org/W2057453354
https://openalex.org/W2067694663
https://openalex.org/W2084561418
https://openalex.org/W2105560525
https://openalex.org/W2106558573
https://openalex.org/W2116609047
https://openalex.org/W2117804502
https://openalex.org/W2394186663
https://openalex.org/W2547896528
https://openalex.org/W2790749158
https://openalex.org/W2794557398
https://openalex.org/W2808793931
https://openalex.org/W2891146473
https://openalex.org/W2998454704
https://openalex.org/W3102297473
https://openalex.org/W1856519930
https://openalex.org/W1977054446
https://openalex.org/W1978350932
https://openalex.org/W1978723731
https://openalex.org/W2001013555
https://openalex.org/W2007530529
https://openalex.org/W2015334851
https://openalex.org/W2028103113
https://openalex.org/W2059901121
https://openalex.org/W2062922230
https://openalex.org/W2067732657
https://openalex.org/W2068661284
https://openalex.org/W2075708515
https://openalex.org/W2094613458
https://openalex.org/W2095804879
https://openalex.org/W2117826519
https://openalex.org/W2121254498
https://openalex.org/W2143275325
https://openalex.org/W2187274112
https://openalex.org/W2606703202
https://openalex.org/W2623205885
https://openalex.org/W2923719474
https://openalex.org/W2950910698
https://openalex.org/W4252797673
https://openalex.org/W953251117
https://openalex.org/W1503759530
https://openalex.org/W1598976053
https://openalex.org/W1968563448
https://openalex.org/W1979400975
https://openalex.org/W1995837655
https://openalex.org/W2002263892
https://openalex.org/W2044394324
https://openalex.org/W2046816335
https://openalex.org/W2058987423
https://openalex.org/W2079740486
https://openalex.org/W2102687603
https://openalex.org/W2111773119
https://openalex.org/W2123134784
https://openalex.org/W2126893955
https://openalex.org/W2128853803
https://openalex.org/W2131640773
https://openalex.org/W2147451828
https://openalex.org/W2151726676
https://openalex.org/W2209833625
https://openalex.org/W2297268963
https://openalex.org/W2301575950
https://openalex.org/W2400015717
https://openalex.org/W2466458885
https://openalex.org/W2528355750
https://openalex.org/W2531634593
https://openalex.org/W2567665751
https://openalex.org/W2771957203
https://openalex.org/W2794078190
https://openalex.org/W2801022672
https://openalex.org/W2884706137
https://openalex.org/W3150131477
https://openalex.org/W1485446450
https://openalex.org/W2012453964
https://openalex.org/W2012946585
https://openalex.org/W2024902985
https://openalex.org/W2042213062
https://openalex.org/W2071940128
https://openalex.org/W2090520846
https://openalex.org/W2112419380
https://openalex.org/W2133514141
https://openalex.org/W2147313414
https://openalex.org/W2148335564
https://openalex.org/W2401456283
https://openalex.org/W2474641988
https://openalex.org/W2896131310
https://openalex.org/W2990030991
https://openalex.org/W1642777109
https://openalex.org/W1841744663
https://openalex.org/W1892650901
https://openalex.org/W1969923344
https://openalex.org/W1970521603
https://openalex.org/W1995952015
https://openalex.org/W2011815230
https://openalex.org/W2020531411
https://openalex.org/W2024808186
https://openalex.org/W2044506550
https://openalex.org/W2073466111
https://openalex.org/W2073993760
https://openalex.org/W2081840281
https://openalex.org/W2082467572
https://openalex.org/W2086360318
https://openalex.org/W2090612179
https://openalex.org/W2106933220
https://openalex.org/W2108845723
https://openalex.org/W2110080300
https://openalex.org/W2141859976
https://openalex.org/W2151871201
https://openalex.org/W2153263625
https://openalex.org/W2164162910
https://openalex.org/W2275888862
https://openalex.org/W2328312594
https://openalex.org/W2344106828
https://openalex.org/W2740245214
https://openalex.org/W2809188711
https://openalex.org/W2898469745
https://openalex.org/W2903833288
https://openalex.org/W2970925125
https://openalex.org/W2999554262
https://openalex.org/W1540188300
https://openalex.org/W1969925851
https://openalex.org/W1977895669
https://openalex.org/W1989679112
https://openalex.org/W1999223195
https://openalex.org/W2010536824
https://openalex.org/W2035687277
https://openalex.org/W2061603067
https://openalex.org/W2090123060
https://openalex.org/W2126801535
https://openalex.org/W2135939129
https://openalex.org/W2153203439
https://openalex.org/W2159884602
https://openalex.org/W2169267648
https://openalex.org/W2516522968
https://openalex.org/W2523217755
https://openalex.org/W2741779854
https://openalex.org/W2758419295
https://openalex.org/W2780166423
https://openalex.org/W2921547522
https://openalex.org/W2963939249
https://openalex.org/W3102068889
https://openalex.org/W3103633530
https://openalex.org/W3103816467
https://openalex.org/W3129533219
https://openalex.org/W3197806389
https://openalex.org/W4211187471
https://openalex.org/W1837788712
https://openalex.org/W1963666253
https://openalex.org/W1964130990
https://openalex.org/W1966370165
https://openalex.org/W1992044675
https://openalex.org/W1997423528
https://openalex.org/W2000344787
https://openalex.org/W2003235102
https://openalex.org/W2017666529
https://openalex.org/W2020221769
https://openalex.org/W2043321324
https://openalex.org/W2054048227
https://openalex.org/W2069866666
https://openalex.org/W2072309136
https://openalex.org/W2073554638
https://openalex.org/W2087108816
https://openalex.org/W2096130882
https://openalex.org/W2107800212
https://openalex.org/W2153969663
https://openalex.org/W2160574286
https://openalex.org/W2168521571
https://openalex.org/W2256887493
https://openalex.org/W2413186285
https://openalex.org/W2416942157
https://openalex.org/W2527173276
https://openalex.org/W2534918097
https://openalex.org/W2597021502
https://openalex.org/W2601046670
https://openalex.org/W2751008603
https://openalex.org/W2776422680
https://openalex.org/W3123556332
https://openalex.org/W3165023024
https://openalex.org/W3171910112
https://openalex.org/W1921784914
https://openalex.org/W1967505875
https://openalex.org/W1983591754
https://openalex.org/W2002014825
https://openalex.org/W2031122055
https://openalex.org/W2031133702
https://openalex.org/W2051530348
https://openalex.org/W2060545383
https://openalex.org/W2060870231
https://openalex.org/W2082277074
https://openalex.org/W2129196986
https://openalex.org/W2137659296
https://openalex.org/W2471191241
https://openalex.org/W2790573604
https://openalex.org/W28842759
https://openalex.org/W2918021749
https://openalex.org/W2958349152
https://openalex.org/W3036135754
https://openalex.org/W3128913020
https://openalex.org/W3162602363
https://openalex.org/W3206920089
https://openalex.org/W3215995340
https://openalex.org/W4205365129
https://openalex.org/W4280601981
https://openalex.org/W1474187706
https://openalex.org/W2005548627
https://openalex.org/W2012852529
https://openalex.org/W2023233621
https://openalex.org/W2023411944
https://openalex.org/W2027665156
https://openalex.org/W2028429660
https://openalex.org/W2029944945
https://openalex.org/W2040862805
https://openalex.org/W2041457103
https://openalex.org/W2043242874
https://openalex.org/W2065660905
https://openalex.org/W2084559002
https://openalex.org/W2085283340
https://openalex.org/W2107215791
https://openalex.org/W2114179830
https://openalex.org/W2134990606
https://openalex.org/W2150855281
https://openalex.org/W2161489194
https://openalex.org/W2182727161
https://openalex.org/W2233303522
https://openalex.org/W2343363343
https://openalex.org/W2398845905
https://openalex.org/W2573829268
https://openalex.org/W2769276810
https://openalex.org/W2805017622
https://openalex.org/W2892406351
https://openalex.org/W2897621888
https://openalex.org/W2901026084
https://openalex.org/W2904508698
https://openalex.org/W3008420030
https://openalex.org/W1504031389
https://openalex.org/W1623669612
https://openalex.org/W1966433403
https://openalex.org/W1986571204
https://openalex.org/W1987387292
https://openalex.org/W1991958666
https://openalex.org/W1992733063
https://openalex.org/W2026672317
https://openalex.org/W2042913617
https://openalex.org/W2045336612
https://openalex.org/W2051245469
https://openalex.org/W2081106130
https://openalex.org/W2082871637
https://openalex.org/W2087537408
https://openalex.org/W2088507501
https://openalex.org/W2111966671
https://openalex.org/W2115399627
https://openalex.org/W2116503710
https://openalex.org/W2123139182
https://openalex.org/W2147960301
https://openalex.org/W2281247410
https://openalex.org/W2334008581
https://openalex.org/W2386643948
https://openalex.org/W2393431287
https://openalex.org/W2741683522
https://openalex.org/W2900210968
https://openalex.org/W2941024855
https://openalex.org/W2946230289
https://openalex.org/W2965799235
https://openalex.org/W3042336375
https://openalex.org/W3122267197
https://openalex.org/W4200605717
https://openalex.org/W56372391
https://openalex.org/W1491393282
https://openalex.org/W1917589074
https://openalex.org/W1964331116
https://openalex.org/W1964636745
https://openalex.org/W1989642122
https://openalex.org/W1993868291
https://openalex.org/W2002670543
https://openalex.org/W2003496755
https://openalex.org/W2003963651
https://openalex.org/W2005902310
https://openalex.org/W2012422421
https://openalex.org/W2012760635
https://openalex.org/W2029099235
https://openalex.org/W2032257143
https://openalex.org/W2041546685
https://openalex.org/W2050411136
https://openalex.org/W2050752749
https://openalex.org/W2075937779
https://openalex.org/W2079701555
https://openalex.org/W2080003876
https://openalex.org/W2087119644
https://openalex.org/W2129176513
https://openalex.org/W2339974074
https://openalex.org/W2406282199
https://openalex.org/W2480567060
https://openalex.org/W2736042000
https://openalex.org/W2805183696
https://openalex.org/W2858387389
https://openalex.org/W2937170888
https://openalex.org/W2962886257
https://openalex.org/W2996349083
https://openalex.org/W3107716091
https://openalex.org/W1524783948
https://openalex.org/W1576695541
https://openalex.org/W1796618865
https://openalex.org/W1971866318
https://openalex.org/W1982931028
https://openalex.org/W1986804666
https://openalex.org/W1993845203
https://openalex.org/W1994837588
https://openalex.org/W2015067375
https://openalex.org/W2020258090
https://openalex.org/W2020590765
https://openalex.org/W2028723600
https://openalex.org/W2031015032
https://openalex.org/W2040505090
https://openalex.org/W2070351311
https://openalex.org/W2075095990
https://openalex.org/W2076376425
https://openalex.org/W2080360968
https://openalex.org/W2114231193
https://openalex.org/W2121737341
https://openalex.org/W2124863227
https://openalex.org/W2135305549
https://openalex.org/W2172126990
https://openalex.org/W2314113385
https://openalex.org/W2323202803
https://openalex.org/W2418508675
https://openalex.org/W2431850463
https://openalex.org/W2503299053
https://openalex.org/W2605588730
https://openalex.org/W2751876410
https://openalex.org/W2755016866
https://openalex.org/W2757976907
https://openalex.org/W2900019043
https://openalex.org/W2906283366
https://openalex.org/W2936388119
https://openalex.org/W2950996173
https://openalex.org/W2962668235
https://openalex.org/W3000529955
https://openalex.org/W3042457972
https://openalex.org/W3109661706
https://openalex.org/W3111812227
https://openalex.org/W3120000968
https://openalex.org/W3138263727
https://openalex.org/W3215305001
https://openalex.org/W166808991
https://openalex.org/W1819855557
https://openalex.org/W1833533644
https://openalex.org/W1975422903
https://openalex.org/W1984090247
https://openalex.org/W1987102235
https://openalex.org/W1989577761
https://openalex.org/W2013516628
https://openalex.org/W2036261154
https://openalex.org/W2050236707
https://openalex.org/W2053771204
https://openalex.org/W2058283969
https://openalex.org/W2060383476
https://openalex.org/W2064524555
https://openalex.org/W2068547911
https://openalex.org/W2068806101
https://openalex.org/W2069734051
https://openalex.org/W2076123099
https://openalex.org/W2081325903
https://openalex.org/W2083209629
https://openalex.org/W2085380807
https://openalex.org/W2093169652
https://openalex.org/W2106900623
https://openalex.org/W2151826073
https://openalex.org/W2165081896
https://openalex.org/W2168298493
https://openalex.org/W2170779600
https://openalex.org/W2202561941
https://openalex.org/W2315251287
https://openalex.org/W2468159219
https://openalex.org/W2499872064
https://openalex.org/W2594400616
https://openalex.org/W2597564295
https://openalex.org/W2772804763
https://openalex.org/W2808696648
https://openalex.org/W3101630088
https://openalex.org/W3211267870
https://openalex.org/W73777939
https://openalex.org/W1249355333
https://openalex.org/W1546186664
https://openalex.org/W1964447653
https://openalex.org/W1984275533
https://openalex.org/W1985315668
https://openalex.org/W1996388044
https://openalex.org/W1996393512
https://openalex.org/W1996799128
https://openalex.org/W1999484140
https://openalex.org/W2019186002
https://openalex.org/W2043130858
https://openalex.org/W2055778100
https://openalex.org/W2076618495
https://openalex.org/W2083919673
https://openalex.org/W2094459097
https://openalex.org/W2100709902
https://openalex.org/W2129227047
https://openalex.org/W2130079398
https://openalex.org/W2151520509
https://openalex.org/W2200543563
https://openalex.org/W2409637408
https://openalex.org/W2518028986
https://openalex.org/W2589844282
https://openalex.org/W2606626941
https://openalex.org/W2748847325
https://openalex.org/W2757416216
https://openalex.org/W2764175321
https://openalex.org/W2789667966
https://openalex.org/W2794542252
https://openalex.org/W2891361653
https://openalex.org/W2975824679
https://openalex.org/W2992435013
https://openalex.org/W2995695113
https://openalex.org/W3024061330
https://openalex.org/W3119327338
https://openalex.org/W4307412748
https://openalex.org/W1567787789
https://openalex.org/W1973704185
https://openalex.org/W1981614434
https://openalex.org/W1986296268
https://openalex.org/W1994697641
https://openalex.org/W1997046657
https://openalex.org/W2010917135
https://openalex.org/W2010984881
https://openalex.org/W2025112992
https://openalex.org/W2031945087
https://openalex.org/W2032381430
https://openalex.org/W2043885850
https://openalex.org/W2050888866
https://openalex.org/W2058079245
https://openalex.org/W2059960507
https://openalex.org/W2065174853
https://openalex.org/W2066057605
https://openalex.org/W2082013981
https://openalex.org/W2115557995
https://openalex.org/W2131065281
https://openalex.org/W2132968076
https://openalex.org/W2169032145
https://openalex.org/W2442176102
https://openalex.org/W2513580844
https://openalex.org/W2611359491
https://openalex.org/W2624124934
https://openalex.org/W2742509279
https://openalex.org/W2803093639
https://openalex.org/W2898610802
https://openalex.org/W2943069922
https://openalex.org/W2945648728
https://openalex.org/W2990390662
https://openalex.org/W3000811929
https://openalex.org/W3084440577
https://openalex.org/W3209813032
https://openalex.org/W4307410136
https://openalex.org/W1499715854
https://openalex.org/W1761882052
https://openalex.org/W1917969573
https://openalex.org/W1971053573
https://openalex.org/W1980183938
https://openalex.org/W1980451456
https://openalex.org/W1988365512
https://openalex.org/W1993926695
https://openalex.org/W2002998346
https://openalex.org/W2007112412
https://openalex.org/W2009141453
https://openalex.org/W2018336047
https://openalex.org/W2027631183
https://openalex.org/W2041620294
https://openalex.org/W2062272525
https://openalex.org/W2074752811
https://openalex.org/W2082155392
https://openalex.org/W2084001678
https://openalex.org/W2099165461
https://openalex.org/W2101311618
https://openalex.org/W2103566122
https://openalex.org/W2105768381
https://openalex.org/W2114111930
https://openalex.org/W2123744554
https://openalex.org/W2145658324
https://openalex.org/W2150210174
https://openalex.org/W2152214314
https://openalex.org/W2161509370
https://openalex.org/W2168835075
https://openalex.org/W2295358846
https://openalex.org/W2328273609
https://openalex.org/W2334612345
https://openalex.org/W2466344507
https://openalex.org/W2559854174
https://openalex.org/W2616450461
https://openalex.org/W2728648894
https://openalex.org/W2744505828
https://openalex.org/W2800255116
https://openalex.org/W2886791034
https://openalex.org/W2898904960
https://openalex.org/W2904575168
https://openalex.org/W3013291180
https://openalex.org/W3104890489
https://openalex.org/W3113986742
https://openalex.org/W3128880700
https://openalex.org/W88366167
https://openalex.org/W1525791829
https://openalex.org/W1726651294
https://openalex.org/W1742055280
https://openalex.org/W1963657493
https://openalex.org/W1986067462
https://openalex.org/W2010093052
https://openalex.org/W2010751627
https://openalex.org/W2015409188
https://openalex.org/W2034614198
https://openalex.org/W2035530032
https://openalex.org/W2046941655
https://openalex.org/W2047041069
https://openalex.org/W2047855711
https://openalex.org/W2055247546
https://openalex.org/W2078764432
https://openalex.org/W2107954710
https://openalex.org/W2140626886
https://openalex.org/W2177281537
https://openalex.org/W2245122466
https://openalex.org/W2314951575
https://openalex.org/W2401794429
https://openalex.org/W2530506084
https://openalex.org/W2581334172
https://openalex.org/W2756943931
https://openalex.org/W2766832551
https://openalex.org/W2792070231
https://openalex.org/W2905541652
https://openalex.org/W2913464168
https://openalex.org/W2941627962
https://openalex.org/W2942354466
https://openalex.org/W2953747200
https://openalex.org/W2955458778
https://openalex.org/W3002177776
https://openalex.org/W3014271742
https://openalex.org/W3039981956
https://openalex.org/W3096549346
https://openalex.org/W3119429668
https://openalex.org/W319816133
https://openalex.org/W4254639832
https://openalex.org/W966226378
https://openalex.org/W161132507
https://openalex.org/W1647577357
https://openalex.org/W1664683052
https://openalex.org/W1790488976
https://openalex.org/W1960107577
https://openalex.org/W1967771230
https://openalex.org/W1986376221
https://openalex.org/W1988201825
https://openalex.org/W1989925413
https://openalex.org/W1995836736
https://openalex.org/W2005082546
https://openalex.org/W2006839529
https://openalex.org/W2018937148
https://openalex.org/W2021443790
https://openalex.org/W2028540453
https://openalex.org/W2029523329
https://openalex.org/W2036185966
https://openalex.org/W2037313992
https://openalex.org/W2037468758
https://openalex.org/W2053569326
https://openalex.org/W2054316781
https://openalex.org/W2058428601
https://openalex.org/W2092869714
https://openalex.org/W2099334470
https://openalex.org/W2110051012
https://openalex.org/W2123584478
https://openalex.org/W2160213285
https://openalex.org/W2278551616
https://openalex.org/W2528651774
https://openalex.org/W2530733576
https://openalex.org/W2582810870
https://openalex.org/W2608728628
https://openalex.org/W2737162791
https://openalex.org/W2738318382
https://openalex.org/W2774830071
https://openalex.org/W2808864838
https://openalex.org/W2896921792
https://openalex.org/W2899474776
https://openalex.org/W2927275009
https://openalex.org/W2995260868
https://openalex.org/W3082545820
https://openalex.org/W3105721442
https://openalex.org/W4286586721
https://openalex.org/W938041144
https://openalex.org/W124198045
https://openalex.org/W1892654623
https://openalex.org/W1975513161
https://openalex.org/W1995519186
https://openalex.org/W2028573365
https://openalex.org/W2050927788
https://openalex.org/W2052883175
https://openalex.org/W2056483115
https://openalex.org/W2066987894
https://openalex.org/W2086069045
https://openalex.org/W2086924696
https://openalex.org/W2101554735
https://openalex.org/W2110798893
https://openalex.org/W2154916297
https://openalex.org/W2190884494
https://openalex.org/W2325221458
https://openalex.org/W2414846877
https://openalex.org/W2462148001
https://openalex.org/W2530780011
https://openalex.org/W2655310886
https://openalex.org/W2781919889
https://openalex.org/W2801179718
https://openalex.org/W2886318512
https://openalex.org/W2944833616
https://openalex.org/W2960481524
https://openalex.org/W2968227831
https://openalex.org/W3006768718
https://openalex.org/W3007425518
https://openalex.org/W3019330774
https://openalex.org/W3092025575
https://openalex.org/W3169221891
https://openalex.org/W3200808253
https://openalex.org/W76523873
https://openalex.org/W1972090599
https://openalex.org/W1981569471
https://openalex.org/W1993550959
https://openalex.org/W1994085479
https://openalex.org/W2001323707
https://openalex.org/W2004103680
https://openalex.org/W2004799786
https://openalex.org/W2014413281
https://openalex.org/W2031463711
https://openalex.org/W2041330080
https://openalex.org/W2050384558
https://openalex.org/W2068147701
https://openalex.org/W2069550782
https://openalex.org/W2088471059
https://openalex.org/W2089310299
https://openalex.org/W2105668583
https://openalex.org/W2111033200
https://openalex.org/W2118593232
https://openalex.org/W2120536962
https://openalex.org/W2129921986
https://openalex.org/W2132993687
https://openalex.org/W2145329289
https://openalex.org/W2148834902
https://openalex.org/W2185693796
https://openalex.org/W22035412
https://openalex.org/W2227799670
https://openalex.org/W2232576639
https://openalex.org/W2273234169
https://openalex.org/W2296150613
https://openalex.org/W2318162843
https://openalex.org/W2335480376
https://openalex.org/W2507855229
https://openalex.org/W2554109120
https://openalex.org/W2753726541
https://openalex.org/W2767395948
https://openalex.org/W2793317983
https://openalex.org/W2793405499
https://openalex.org/W2802591797
https://openalex.org/W2810824995
https://openalex.org/W2885013937
https://openalex.org/W2904099663
https://openalex.org/W2926250074
https://openalex.org/W2966469393
https://openalex.org/W3015974675
https://openalex.org/W3047520263
https://openalex.org/W3048416511
https://openalex.org/W3094269242
https://openalex.org/W3123704962
https://openalex.org/W3162053347
https://openalex.org/W3165833396
https://openalex.org/W4210322957
https://openalex.org/W4224240825
https://openalex.org/W4296293244
https://openalex.org/W62015488
https://openalex.org/W1598903835
https://openalex.org/W1748566196
https://openalex.org/W187928009
https://openalex.org/W1958043081
https://openalex.org/W1965019195
https://openalex.org/W1989029727
https://openalex.org/W2005870586
https://openalex.org/W2010332297
https://openalex.org/W2011783735
https://openalex.org/W2020931668
https://openalex.org/W2026416641
https://openalex.org/W2044796846
https://openalex.org/W2049811102
https://openalex.org/W2058870128
https://openalex.org/W2064926273
https://openalex.org/W2070614035
https://openalex.org/W2070648616
https://openalex.org/W2086351397
https://openalex.org/W2100547225
https://openalex.org/W2117502974
https://openalex.org/W2132898622
https://openalex.org/W2142061018
https://openalex.org/W2142459191
https://openalex.org/W2166437592
https://openalex.org/W2168898020
https://openalex.org/W2409802916
https://openalex.org/W2464773441
https://openalex.org/W2512344144
https://openalex.org/W2624922026
https://openalex.org/W2735179214
https://openalex.org/W2771527258
https://openalex.org/W2884236377
https://openalex.org/W2886262879
https://openalex.org/W2899301487
https://openalex.org/W2901610335
https://openalex.org/W2944619965
https://openalex.org/W3013169643
https://openalex.org/W3018064949
https://openalex.org/W3039714645
https://openalex.org/W3042008809
https://openalex.org/W3109651320
https://openalex.org/W3114467234
https://openalex.org/W3155169480
https://openalex.org/W4214727913
https://openalex.org/W1482445964
https://openalex.org/W1593721910
https://openalex.org/W182590666
https://openalex.org/W1853923407
https://openalex.org/W1864080716
https://openalex.org/W1900498334
https://openalex.org/W1964273390
https://openalex.org/W1969988652
https://openalex.org/W1973218369
https://openalex.org/W1978610229
https://openalex.org/W1979326438
https://openalex.org/W1982718861
https://openalex.org/W1988010095
https://openalex.org/W1988761178
https://openalex.org/W1991505994
https://openalex.org/W1992481240
https://openalex.org/W1998503761
https://openalex.org/W2018559072
https://openalex.org/W2019512030
https://openalex.org/W2020902746
https://openalex.org/W2025912264
https://openalex.org/W2062605959
https://openalex.org/W2077682146
https://openalex.org/W2079908513
https://openalex.org/W2096883023
https://openalex.org/W2113575832
https://openalex.org/W2137588926
https://openalex.org/W2148732844
https://openalex.org/W2150301509
https://openalex.org/W2155241792
https://openalex.org/W2164445072
https://openalex.org/W2195374149
https://openalex.org/W2238498631
https://openalex.org/W2241772252
https://openalex.org/W2343251493
https://openalex.org/W2409445107
https://openalex.org/W2493737542
https://openalex.org/W2513400543
https://openalex.org/W2526962064
https://openalex.org/W2531231553
https://openalex.org/W2535563020
https://openalex.org/W2538270279
https://openalex.org/W2585542396
https://openalex.org/W2597870734
https://openalex.org/W2607461515
https://openalex.org/W2765287598
https://openalex.org/W2775303001
https://openalex.org/W2790412426
https://openalex.org/W2801782414
https://openalex.org/W2806989342
https://openalex.org/W2876010829
https://openalex.org/W2911337489
https://openalex.org/W2955169467
https://openalex.org/W2970724185
https://openalex.org/W2970959164
https://openalex.org/W2984096635
https://openalex.org/W2990902674
https://openalex.org/W2997141705
https://openalex.org/W3100845405
https://openalex.org/W3139533610
https://openalex.org/W3156658917
https://openalex.org/W3161791207
https://openalex.org/W4255117177
https://openalex.org/W1483516294
https://openalex.org/W148609577
https://openalex.org/W1575566517
https://openalex.org/W1766367605
https://openalex.org/W1950609748
https://openalex.org/W1967185788
https://openalex.org/W1967828823
https://openalex.org/W1971571397
https://openalex.org/W1987552511
https://openalex.org/W1990574454
https://openalex.org/W1993943161
https://openalex.org/W2007346106
https://openalex.org/W2011972194
https://openalex.org/W2014833577
https://openalex.org/W2026556383
https://openalex.org/W2033101059
https://openalex.org/W2045055065
https://openalex.org/W2048219850
https://openalex.org/W2048596524
https://openalex.org/W2061508177
https://openalex.org/W2061773499
https://openalex.org/W2071101163
https://openalex.org/W2071622319
https://openalex.org/W2071928147
https://openalex.org/W2073288651
https://openalex.org/W2078777371
https://openalex.org/W2079648938
https://openalex.org/W2086034607
https://openalex.org/W2086427749
https://openalex.org/W2092390032
https://openalex.org/W2102282473
https://openalex.org/W2110524233
https://openalex.org/W211711201
https://openalex.org/W2121260389
https://openalex.org/W2122138650
https://openalex.org/W2123817333
https://openalex.org/W2143924210
https://openalex.org/W2171473640
https://openalex.org/W2260707518
https://openalex.org/W2347024172
https://openalex.org/W2396919958
https://openalex.org/W2411589500
https://openalex.org/W2415868947
https://openalex.org/W2603134236
https://openalex.org/W2610661645
https://openalex.org/W2617958249
https://openalex.org/W2624099204
https://openalex.org/W2768150453
https://openalex.org/W2773438162
https://openalex.org/W2782527637
https://openalex.org/W2789778826
https://openalex.org/W2910540276
https://openalex.org/W2913437668
https://openalex.org/W2943171564
https://openalex.org/W2955370238
https://openalex.org/W2991008402
https://openalex.org/W2995592381
https://openalex.org/W3098377260
https://openalex.org/W3102770551
https://openalex.org/W3127440354
https://openalex.org/W3142314123
https://openalex.org/W3155854102
https://openalex.org/W3157262014
https://openalex.org/W3178302783
https://openalex.org/W3185209563
https://openalex.org/W4289793684
https://openalex.org/W51764647
https://openalex.org/W108679204
https://openalex.org/W1571690374
https://openalex.org/W1761488827
https://openalex.org/W1782834361
https://openalex.org/W1965307820
https://openalex.org/W1969349467
https://openalex.org/W1977256769
https://openalex.org/W1981294327
https://openalex.org/W1981652898
https://openalex.org/W1981854958
https://openalex.org/W1984191042
https://openalex.org/W2000736628
https://openalex.org/W2008179423
https://openalex.org/W2021224931
https://openalex.org/W2026489357
https://openalex.org/W2040668910
https://openalex.org/W2041291411
https://openalex.org/W2042455790
https://openalex.org/W2043346146
https://openalex.org/W2050067972
https://openalex.org/W2057507372
https://openalex.org/W2057596719
https://openalex.org/W2084352820
https://openalex.org/W2094496035
https://openalex.org/W2100694829
https://openalex.org/W2123076202
https://openalex.org/W2130291043
https://openalex.org/W2130666337
https://openalex.org/W2132739164
https://openalex.org/W2135482779
https://openalex.org/W2137004282
https://openalex.org/W2141426647
https://openalex.org/W2219453152
https://openalex.org/W2262248235
https://openalex.org/W2289313055
https://openalex.org/W2313613426
https://openalex.org/W2332100636
https://openalex.org/W2562243886
https://openalex.org/W2794894652
https://openalex.org/W2797388216
https://openalex.org/W2810871541
https://openalex.org/W2884006966
https://openalex.org/W2894132914
https://openalex.org/W2901200106
https://openalex.org/W2919217142
https://openalex.org/W2949195839
https://openalex.org/W2951735444
https://openalex.org/W2955526231
https://openalex.org/W2981259917
https://openalex.org/W2998988252
https://openalex.org/W3008581914
https://openalex.org/W3012341758
https://openalex.org/W3094178633
https://openalex.org/W3106359913
https://openalex.org/W3136382931
https://openalex.org/W3144373053
https://openalex.org/W3176151172
https://openalex.org/W3210553227
https://openalex.org/W4210837665
https://openalex.org/W1499965696
https://openalex.org/W1747698117
https://openalex.org/W1942590761
https://openalex.org/W1968901734
https://openalex.org/W1975995727
https://openalex.org/W1984936932
https://openalex.org/W1985976695
https://openalex.org/W1986212805
https://openalex.org/W1992168403
https://openalex.org/W2000821658
https://openalex.org/W2001765783
https://openalex.org/W2003382142
https://openalex.org/W2008468553
https://openalex.org/W2015382540
https://openalex.org/W2026771872
https://openalex.org/W2040117268
https://openalex.org/W2040489652
https://openalex.org/W2053028492
https://openalex.org/W2056196461
https://openalex.org/W2057002479
https://openalex.org/W2057657258
https://openalex.org/W2066463698
https://openalex.org/W2066515426
https://openalex.org/W2067487877
https://openalex.org/W2091371602
https://openalex.org/W2096147012
https://openalex.org/W2113005129
https://openalex.org/W2113293599
https://openalex.org/W2119204117
https://openalex.org/W2131719458
https://openalex.org/W2160138649
https://openalex.org/W2167275103
https://openalex.org/W2230149332
https://openalex.org/W2243445373
https://openalex.org/W2250974141
https://openalex.org/W2309186516
https://openalex.org/W2396464958
https://openalex.org/W2403153129
https://openalex.org/W2427533601
https://openalex.org/W2461571361
https://openalex.org/W2550792858
https://openalex.org/W2560497540
https://openalex.org/W2592100601
https://openalex.org/W2750535761
https://openalex.org/W2789901229
https://openalex.org/W2790989595
https://openalex.org/W2793231536
https://openalex.org/W2802316175
https://openalex.org/W2808112416
https://openalex.org/W2921240514
https://openalex.org/W2924792717
https://openalex.org/W2938014707
https://openalex.org/W2952547279
https://openalex.org/W3007526090
https://openalex.org/W3016126357
https://openalex.org/W3116666790
https://openalex.org/W3127778431
https://openalex.org/W3130634594
https://openalex.org/W4220964532
https://openalex.org/W132263867
https://openalex.org/W1525087718
https://openalex.org/W1557567888
https://openalex.org/W1569578087
https://openalex.org/W1816310887
https://openalex.org/W1847039233
https://openalex.org/W1876452962
https://openalex.org/W1949035464
https://openalex.org/W1963874845
https://openalex.org/W1969716556
https://openalex.org/W1974413518
https://openalex.org/W1979041319
https://openalex.org/W1996446491
https://openalex.org/W2001863686
https://openalex.org/W2024894825
https://openalex.org/W2029503003
https://openalex.org/W2036440438
https://openalex.org/W2036814917
https://openalex.org/W2037982567
https://openalex.org/W2038586463
https://openalex.org/W2043822506
https://openalex.org/W2050951620
https://openalex.org/W2057069874
https://openalex.org/W2058382697
https://openalex.org/W2064300430
https://openalex.org/W2070375150
https://openalex.org/W2075794622
https://openalex.org/W2085316912
https://openalex.org/W2091510320
https://openalex.org/W2095943587
https://openalex.org/W2100184026
https://openalex.org/W2112636846
https://openalex.org/W2132024978
https://openalex.org/W2158624619
https://openalex.org/W2159387696
https://openalex.org/W2173720952
https://openalex.org/W2185821231
https://openalex.org/W2313447570
https://openalex.org/W2432610141
https://openalex.org/W2530652001
https://openalex.org/W2549862740
https://openalex.org/W2579162346
https://openalex.org/W2584921821
https://openalex.org/W2605747816
https://openalex.org/W2607076215
https://openalex.org/W2622262821
https://openalex.org/W2649235415
https://openalex.org/W2762986262
https://openalex.org/W2796098381
https://openalex.org/W2799621086
https://openalex.org/W2884159396
https://openalex.org/W2942287227
https://openalex.org/W2943665180
https://openalex.org/W2954920197
https://openalex.org/W2955372861
https://openalex.org/W2995460410
https://openalex.org/W3027598694
https://openalex.org/W3046893125
https://openalex.org/W3095678878
https://openalex.org/W3097703894
https://openalex.org/W3105319260
https://openalex.org/W3107219734
https://openalex.org/W3118377845
https://openalex.org/W3123551255
https://openalex.org/W3146602155
https://openalex.org/W3156072670
https://openalex.org/W3197911843
https://openalex.org/W3208303181
https://openalex.org/W3210102197
https://openalex.org/W4210576538
https://openalex.org/W4239630297
https://openalex.org/W4281487704
https://openalex.org/W4300817652
https://openalex.org/W137401860
https://openalex.org/W1554412654
https://openalex.org/W1967175379
https://openalex.org/W1967337291
https://openalex.org/W1969982846
https://openalex.org/W1984534798
https://openalex.org/W1987216527
https://openalex.org/W2006796341
https://openalex.org/W2021989073
https://openalex.org/W2025940282
https://openalex.org/W2030620918
https://openalex.org/W2040746509
https://openalex.org/W2042447702
https://openalex.org/W2057245458
https://openalex.org/W2062228071
https://openalex.org/W2065016184
https://openalex.org/W2076312568
https://openalex.org/W2085357919
https://openalex.org/W2089504823
https://openalex.org/W2094521503
https://openalex.org/W2094950752
https://openalex.org/W2103366195
https://openalex.org/W2130475168
https://openalex.org/W2135089294
https://openalex.org/W2139382219
https://openalex.org/W2150733926
https://openalex.org/W2250224628
https://openalex.org/W2275327090
https://openalex.org/W2296117242
https://openalex.org/W2314034707
https://openalex.org/W2320413271
https://openalex.org/W2321416960
https://openalex.org/W2329121875
https://openalex.org/W2345251958
https://openalex.org/W2395312105
https://openalex.org/W2571094366
https://openalex.org/W2591836194
https://openalex.org/W2614789423
https://openalex.org/W2738566294
https://openalex.org/W2761903189
https://openalex.org/W2775402656
https://openalex.org/W2794631799
https://openalex.org/W2798194826
https://openalex.org/W2804564712
https://openalex.org/W2889159977
https://openalex.org/W2962981211
https://openalex.org/W2966453459
https://openalex.org/W2969932620
https://openalex.org/W2982880793
https://openalex.org/W2997468237
https://openalex.org/W3000207800
https://openalex.org/W3014797650
https://openalex.org/W3016799404
https://openalex.org/W3023990954
https://openalex.org/W3028271073
https://openalex.org/W3209621342
https://openalex.org/W3212028717
https://openalex.org/W3216434002
https://openalex.org/W4200534039
https://openalex.org/W4205476916
https://openalex.org/W4304183042
https://openalex.org/W4307407891
https://openalex.org/W115583859
https://openalex.org/W1538470532
https://openalex.org/W1645674134
https://openalex.org/W1928360510
https://openalex.org/W1982489414
https://openalex.org/W1988188655
https://openalex.org/W2001891971
https://openalex.org/W2014431390
https://openalex.org/W2019525569
https://openalex.org/W2032828106
https://openalex.org/W2041113770
https://openalex.org/W2056570682
https://openalex.org/W2062609450
https://openalex.org/W2066257588
https://openalex.org/W2069658368
https://openalex.org/W2073557494
https://openalex.org/W2082259200
https://openalex.org/W2083207974
https://openalex.org/W2084139000
https://openalex.org/W2088490817
https://openalex.org/W2093619583
https://openalex.org/W2098241475
https://openalex.org/W2112319617
https://openalex.org/W2122610341
https://openalex.org/W2134452817
https://openalex.org/W2140905819
https://openalex.org/W2148508580
https://openalex.org/W2154749811
https://openalex.org/W2154928336
https://openalex.org/W2158593823
https://openalex.org/W2170560729
https://openalex.org/W2170677264
https://openalex.org/W2170785903
https://openalex.org/W2322884916
https://openalex.org/W2345451465
https://openalex.org/W2411781505
https://openalex.org/W2497655497
https://openalex.org/W2511634889
https://openalex.org/W2886468296
https://openalex.org/W2886954811
https://openalex.org/W2947738749
https://openalex.org/W2964132300
https://openalex.org/W2964387524
https://openalex.org/W2970430857
https://openalex.org/W3022728020
https://openalex.org/W3048866216
https://openalex.org/W3084163213
https://openalex.org/W3091007715
https://openalex.org/W3097711482
https://openalex.org/W3108739003
https://openalex.org/W3117737389
https://openalex.org/W3133991409
https://openalex.org/W3165279298
https://openalex.org/W3166107025
https://openalex.org/W3185762508
https://openalex.org/W3188585765
https://openalex.org/W3195545901
https://openalex.org/W36582999
https://openalex.org/W4229040287
https://openalex.org/W4297328618
https://openalex.org/W4311404546
https://openalex.org/W1495867326
https://openalex.org/W1964587897
https://openalex.org/W1965127833
https://openalex.org/W1965347992
https://openalex.org/W1969071848
https://openalex.org/W1972847709
https://openalex.org/W1988341934
https://openalex.org/W2002412941
https://openalex.org/W2014839561
https://openalex.org/W2018433266
https://openalex.org/W2020452416
https://openalex.org/W2032938015
https://openalex.org/W2038223228
https://openalex.org/W2040125920
https://openalex.org/W2041300354
https://openalex.org/W2061582921
https://openalex.org/W2062373458
https://openalex.org/W2066455193
https://openalex.org/W2077020756
https://openalex.org/W2080890077
https://openalex.org/W2091879316
https://openalex.org/W2100198173
https://openalex.org/W2107957973
https://openalex.org/W2113670094
https://openalex.org/W2114507696
https://openalex.org/W2121921169
https://openalex.org/W2137334466
https://openalex.org/W2143601300
https://openalex.org/W2145921180
https://openalex.org/W2156800149
https://openalex.org/W2157066956
https://openalex.org/W2164732367
https://openalex.org/W2164760390
https://openalex.org/W2169004039
https://openalex.org/W2187001410
https://openalex.org/W2294446365
https://openalex.org/W2314043862
https://openalex.org/W2369779836
https://openalex.org/W2408853646
https://openalex.org/W2417919739
https://openalex.org/W2517392348
https://openalex.org/W2532992061
https://openalex.org/W2562056771
https://openalex.org/W2566383107
https://openalex.org/W2587028338
https://openalex.org/W2769462736
https://openalex.org/W2775577334
https://openalex.org/W2795823378
https://openalex.org/W2799740809
https://openalex.org/W2806275682
https://openalex.org/W2891104521
https://openalex.org/W2906926718
https://openalex.org/W2911847401
https://openalex.org/W2912923486
https://openalex.org/W2935386711
https://openalex.org/W2941192757
https://openalex.org/W2971105527
https://openalex.org/W2972939730
https://openalex.org/W2982288978
https://openalex.org/W2983356257
https://openalex.org/W2988973848
https://openalex.org/W3010450178
https://openalex.org/W3016794997
https://openalex.org/W3020696175
https://openalex.org/W3034900452
https://openalex.org/W3045272946
https://openalex.org/W3046151297
https://openalex.org/W3081418387
https://openalex.org/W3102775433
https://openalex.org/W3104888196
https://openalex.org/W3105361009
https://openalex.org/W3134509106
https://openalex.org/W3210402771
https://openalex.org/W4200603033
https://openalex.org/W4214732225
https://openalex.org/W4221112199
https://openalex.org/W122537035
https://openalex.org/W1590433527
https://openalex.org/W1594128446
https://openalex.org/W1668940687
https://openalex.org/W1973406342
https://openalex.org/W1974159401
https://openalex.org/W1976059867
https://openalex.org/W1980927458
https://openalex.org/W1988014125
https://openalex.org/W1991212115
https://openalex.org/W1994537072
https://openalex.org/W1997169865
https://openalex.org/W2007470573
https://openalex.org/W2019623765
https://openalex.org/W2023567730
https://openalex.org/W2024136071
https://openalex.org/W2040124511
https://openalex.org/W2045609382
https://openalex.org/W2059315580
https://openalex.org/W2113103596
https://openalex.org/W2120466717
https://openalex.org/W2122101949
https://openalex.org/W2135955090
https://openalex.org/W213871816
https://openalex.org/W2139159634
https://openalex.org/W2140496603
https://openalex.org/W2145758152
https://openalex.org/W2159609235
https://openalex.org/W2159805411
https://openalex.org/W2228352789
https://openalex.org/W2229531526
https://openalex.org/W2233308185
https://openalex.org/W2419712748
https://openalex.org/W2509956324
https://openalex.org/W2592146453
https://openalex.org/W2737254766
https://openalex.org/W2747614574
https://openalex.org/W2752551869
https://openalex.org/W2789854176
https://openalex.org/W2802334837
https://openalex.org/W2881034373
https://openalex.org/W2888041537
https://openalex.org/W2890883123
https://openalex.org/W2894880985
https://openalex.org/W2902435388
https://openalex.org/W2906440611
https://openalex.org/W2913000286
https://openalex.org/W2913280734
https://openalex.org/W2914468817
https://openalex.org/W2920014560
https://openalex.org/W2952146436
https://openalex.org/W2972411517
https://openalex.org/W2973887738
https://openalex.org/W2992831326
https://openalex.org/W3009636734
https://openalex.org/W3012201898
https://openalex.org/W3013461047
https://openalex.org/W3014325831
https://openalex.org/W3035948006
https://openalex.org/W3041307930
https://openalex.org/W3048707359
https://openalex.org/W3096771428
https://openalex.org/W3101673381
https://openalex.org/W3110350709
https://openalex.org/W3111915490
https://openalex.org/W3114426105
https://openalex.org/W3123722479
https://openalex.org/W3135025774
https://openalex.org/W3136060315
https://openalex.org/W3139246541
https://openalex.org/W3186303101
https://openalex.org/W3202040755
https://openalex.org/W3214184275
https://openalex.org/W4206777351
https://openalex.org/W4210379448
https://openalex.org/W4229017233
https://openalex.org/W4281986589
https://openalex.org/W53139892
https://openalex.org/W643777963
https://openalex.org/W1485160823
https://openalex.org/W1486728935
https://openalex.org/W1507564307
https://openalex.org/W1573759608
https://openalex.org/W1582914958
https://openalex.org/W1851724032
https://openalex.org/W1901346771
https://openalex.org/W1967280606
https://openalex.org/W1969923235
https://openalex.org/W1971358404
https://openalex.org/W1973644019
https://openalex.org/W1974709493
https://openalex.org/W1978112972
https://openalex.org/W1984580809
https://openalex.org/W1987118311
https://openalex.org/W1987572263
https://openalex.org/W1989008736
https://openalex.org/W1991425233
https://openalex.org/W1994353241
https://openalex.org/W2001669432
https://openalex.org/W2001851984
https://openalex.org/W2008282437
https://openalex.org/W2017371931
https://openalex.org/W2021399367
https://openalex.org/W2024698931
https://openalex.org/W2032149869
https://openalex.org/W2033265409
https://openalex.org/W2040082686
https://openalex.org/W2047661315
https://openalex.org/W2051270419
https://openalex.org/W2052306532
https://openalex.org/W2067475759
https://openalex.org/W2074156630
https://openalex.org/W2094289643
https://openalex.org/W2094325619
https://openalex.org/W2115346406
https://openalex.org/W2118175162
https://openalex.org/W2139079571
https://openalex.org/W2170582194
https://openalex.org/W2187922476
https://openalex.org/W224990367
https://openalex.org/W2277018522
https://openalex.org/W2292614305
https://openalex.org/W2399071005
https://openalex.org/W2418757643
https://openalex.org/W2431629006
https://openalex.org/W2507812060
https://openalex.org/W2512714867
https://openalex.org/W2514109948
https://openalex.org/W2528175523
https://openalex.org/W2595534302
https://openalex.org/W2599015895
https://openalex.org/W2606288122
https://openalex.org/W2769426049
https://openalex.org/W2800962650
https://openalex.org/W2886475223
https://openalex.org/W2888205173
https://openalex.org/W2895969924
https://openalex.org/W2897375988
https://openalex.org/W2897479077
https://openalex.org/W2899553744
https://openalex.org/W2902004816
https://openalex.org/W2925277951
https://openalex.org/W2939456315
https://openalex.org/W2939515967
https://openalex.org/W2972369537
https://openalex.org/W2975056844
https://openalex.org/W2990265447
https://openalex.org/W2990825226
https://openalex.org/W3004391727
https://openalex.org/W3009225380
https://openalex.org/W3010721490
https://openalex.org/W3016659985
https://openalex.org/W3018367524
https://openalex.org/W3037280348
https://openalex.org/W3049001675
https://openalex.org/W3093108176
https://openalex.org/W3119562754
https://openalex.org/W3122102382
https://openalex.org/W3129017530
https://openalex.org/W3154547454
https://openalex.org/W3155228788
https://openalex.org/W3162925832
https://openalex.org/W3183273386
https://openalex.org/W3198560188
https://openalex.org/W3344766
https://openalex.org/W4206962445
https://openalex.org/W4235418551
https://openalex.org/W4246697472
https://openalex.org/W4293060056
https://openalex.org/W4312126803
https://openalex.org/W853963053
https://openalex.org/W141382046
https://openalex.org/W1529261973
https://openalex.org/W1592532195
https://openalex.org/W1870560351
https://openalex.org/W1969649301
https://openalex.org/W1970966754
https://openalex.org/W1973807077
https://openalex.org/W1974961899
https://openalex.org/W1980363734
https://openalex.org/W1988409352
https://openalex.org/W1989002627
https://openalex.org/W1993005549
https://openalex.org/W1994412478
https://openalex.org/W1995213716
https://openalex.org/W1995391535
https://openalex.org/W2003757451
https://openalex.org/W2006593429
https://openalex.org/W2028201616
https://openalex.org/W2033111851
https://openalex.org/W2038726025
https://openalex.org/W2041337206
https://openalex.org/W2045147403
https://openalex.org/W2058019983
https://openalex.org/W2059896095
https://openalex.org/W2060192418
https://openalex.org/W2064158216
https://openalex.org/W2073193149
https://openalex.org/W2074987580
https://openalex.org/W2082767221
https://openalex.org/W2086515009
https://openalex.org/W2095310994
https://openalex.org/W2097016050
https://openalex.org/W2107335973
https://openalex.org/W2111421089
https://openalex.org/W2112229406
https://openalex.org/W2117202248
https://openalex.org/W2122987904
https://openalex.org/W2125152017
https://openalex.org/W2127956896
https://openalex.org/W2140654523
https://openalex.org/W2150090403
https://openalex.org/W2152607253
https://openalex.org/W216984231
https://openalex.org/W2170431533
https://openalex.org/W2229015638
https://openalex.org/W2280006087
https://openalex.org/W2285274660
https://openalex.org/W2318900729
https://openalex.org/W2319609972
https://openalex.org/W2353714628
https://openalex.org/W2396055213
https://openalex.org/W2399324195
https://openalex.org/W2408810212
https://openalex.org/W2416615349
https://openalex.org/W2527913807
https://openalex.org/W2537542330
https://openalex.org/W2568208087
https://openalex.org/W2616932816
https://openalex.org/W2640872529
https://openalex.org/W2738768454
https://openalex.org/W2782701028
https://openalex.org/W2809070366
https://openalex.org/W2884908316
https://openalex.org/W2890425018
https://openalex.org/W2896129332
https://openalex.org/W2897131373
https://openalex.org/W2912818300
https://openalex.org/W2916038779
https://openalex.org/W2921533242
https://openalex.org/W2938764154
https://openalex.org/W2946743921
https://openalex.org/W2954384952
https://openalex.org/W2959238174
https://openalex.org/W2964030907
https://openalex.org/W2965710374
https://openalex.org/W2968648749
https://openalex.org/W2969038789
https://openalex.org/W2972449758
https://openalex.org/W2975774338
https://openalex.org/W2985255091
https://openalex.org/W2987357229
https://openalex.org/W2990650414
https://openalex.org/W2999133088
https://openalex.org/W3030892553
https://openalex.org/W3037672275
https://openalex.org/W3047594138
https://openalex.org/W3049758863
https://openalex.org/W3080176352
https://openalex.org/W3081427416
https://openalex.org/W3094037168
https://openalex.org/W3105821711
https://openalex.org/W3110528572
https://openalex.org/W3119843826
https://openalex.org/W3147503465
https://openalex.org/W3158688024
https://openalex.org/W3164201172
https://openalex.org/W3199038415
https://openalex.org/W3203218021
https://openalex.org/W4223935649
https://openalex.org/W4225398036
https://openalex.org/W4281787803
https://openalex.org/W4283659040
https://openalex.org/W4294584239
https://openalex.org/W97989329
https://openalex.org/W1512286452
https://openalex.org/W1576871483
https://openalex.org/W1790583943
https://openalex.org/W1885969965
https://openalex.org/W195255943
https://openalex.org/W1968784196
https://openalex.org/W1974785408
https://openalex.org/W1979402464
https://openalex.org/W1981251879
https://openalex.org/W1981346100
https://openalex.org/W2006078866
https://openalex.org/W2009470361
https://openalex.org/W2012124884
https://openalex.org/W2013196284
https://openalex.org/W2013528297
https://openalex.org/W2013895625
https://openalex.org/W2016945456
https://openalex.org/W2019160859
https://openalex.org/W2020216736
https://openalex.org/W2020999126
https://openalex.org/W2022852576
https://openalex.org/W2023702247
https://openalex.org/W2023778400
https://openalex.org/W2040847614
https://openalex.org/W2044293938
https://openalex.org/W2046644123
https://openalex.org/W2050804430
https://openalex.org/W2063160067
https://openalex.org/W2073593476
https://openalex.org/W2077095932
https://openalex.org/W2101272999
https://openalex.org/W2111580003
https://openalex.org/W2115036807
https://openalex.org/W2119782099
https://openalex.org/W2133019515
https://openalex.org/W2133205909
https://openalex.org/W2164739277
https://openalex.org/W2286005466
https://openalex.org/W2314194060
https://openalex.org/W2408220546
https://openalex.org/W2414458885
https://openalex.org/W2526864728
https://openalex.org/W2561327944
https://openalex.org/W2572117531
https://openalex.org/W2581482728
https://openalex.org/W2590918119
https://openalex.org/W2750172641
https://openalex.org/W2762407117
https://openalex.org/W2790178788
https://openalex.org/W2805353415
https://openalex.org/W2808757679
https://openalex.org/W2883623487
https://openalex.org/W2888608953
https://openalex.org/W2896072411
https://openalex.org/W2901538824
https://openalex.org/W2924537357
https://openalex.org/W2924649905
https://openalex.org/W2939290789
https://openalex.org/W2939656770
https://openalex.org/W2946050371
https://openalex.org/W2946988085
https://openalex.org/W2980648926
https://openalex.org/W2994879145
https://openalex.org/W2996259307
https://openalex.org/W3000064546
https://openalex.org/W3001873833
https://openalex.org/W3010904014
https://openalex.org/W3014726706
https://openalex.org/W3015904722
https://openalex.org/W3016523394
https://openalex.org/W3023032888
https://openalex.org/W3035755954
https://openalex.org/W3042272724
https://openalex.org/W3048110597
https://openalex.org/W3087034823
https://openalex.org/W3095027114
https://openalex.org/W3102621780
https://openalex.org/W3103472186
https://openalex.org/W3110999772
https://openalex.org/W3118992286
https://openalex.org/W3126701860
https://openalex.org/W3165374829
https://openalex.org/W3185652346
https://openalex.org/W3190652092
https://openalex.org/W3199855985
https://openalex.org/W3217284534
https://openalex.org/W4207009288
https://openalex.org/W4210928813
https://openalex.org/W4213258663
https://openalex.org/W4221038789
https://openalex.org/W4232141541
https://openalex.org/W4248385598
https://openalex.org/W4282021509
https://openalex.org/W4290974924
https://openalex.org/W4294631628
https://openalex.org/W4304098260
https://openalex.org/W57371386
https://openalex.org/W602136801
https://openalex.org/W149078817
https://openalex.org/W1576097452
https://openalex.org/W1733869392
https://openalex.org/W1878206374
https://openalex.org/W1939326720
https://openalex.org/W1972796632
https://openalex.org/W1985231462
https://openalex.org/W1986093296
https://openalex.org/W1991221016
https://openalex.org/W1999137953
https://openalex.org/W2007534004
https://openalex.org/W2010549514
https://openalex.org/W2011966585
https://openalex.org/W2012574747
https://openalex.org/W2018206800
https://openalex.org/W2021734080
https://openalex.org/W2024898720
https://openalex.org/W2037495951
https://openalex.org/W2053008632
https://openalex.org/W2059326585
https://openalex.org/W2061806396
https://openalex.org/W2063194950
https://openalex.org/W2074718015
https://openalex.org/W2082644380
https://openalex.org/W2083719054
https://openalex.org/W2087906759
https://openalex.org/W2106607400
https://openalex.org/W2107355939
https://openalex.org/W2110787057
https://openalex.org/W2123164857
https://openalex.org/W212401
https://openalex.org/W2142253443
https://openalex.org/W2142583808
https://openalex.org/W2143285001
https://openalex.org/W2147810864
https://openalex.org/W2160070458
https://openalex.org/W2162313270
https://openalex.org/W2171061866
https://openalex.org/W2405127537
https://openalex.org/W2443306795
https://openalex.org/W2522324824
https://openalex.org/W2793582564
https://openalex.org/W2797097898
https://openalex.org/W2889074173
https://openalex.org/W2896047392
https://openalex.org/W2906137130
https://openalex.org/W2911705945
https://openalex.org/W2915840962
https://openalex.org/W2922260445
https://openalex.org/W2932965197
https://openalex.org/W2933507105
https://openalex.org/W2965317454
https://openalex.org/W2969497329
https://openalex.org/W2969760208
https://openalex.org/W2969830738
https://openalex.org/W2972990884
https://openalex.org/W2991118132
https://openalex.org/W2992893898
https://openalex.org/W3020537895
https://openalex.org/W3021120576
https://openalex.org/W3045507638
https://openalex.org/W3046006369
https://openalex.org/W3049469805
https://openalex.org/W3066927900
https://openalex.org/W3080806649
https://openalex.org/W3087218927
https://openalex.org/W3096862427
https://openalex.org/W3112957545
https://openalex.org/W3122518493
https://openalex.org/W3125925869
https://openalex.org/W3142623564
https://openalex.org/W3167785658
https://openalex.org/W3179299514
https://openalex.org/W3200778327
https://openalex.org/W3202613499
https://openalex.org/W3210975088
https://openalex.org/W3212146783
https://openalex.org/W4205701779
https://openalex.org/W4210530982
https://openalex.org/W4223575834
https://openalex.org/W4225003212
https://openalex.org/W4226160460
https://openalex.org/W4238529464
https://openalex.org/W4242705395
https://openalex.org/W4255078619
https://openalex.org/W4294733060
https://openalex.org/W4310923748
https://openalex.org/W4313320321
https://openalex.org/W79556278
https://openalex.org/W1245969657
https://openalex.org/W1549184066
https://openalex.org/W1587662038
https://openalex.org/W176369468
https://openalex.org/W1868773731
https://openalex.org/W1964034445
https://openalex.org/W1964800598
https://openalex.org/W1966358037
https://openalex.org/W1973364717
https://openalex.org/W1975908895
https://openalex.org/W1984061860
https://openalex.org/W1989249804
https://openalex.org/W1999538185
https://openalex.org/W2000032319
https://openalex.org/W2001529994
https://openalex.org/W2012371748
https://openalex.org/W2020405978
https://openalex.org/W2026838023
https://openalex.org/W2028798300
https://openalex.org/W2030793802
https://openalex.org/W2032336663
https://openalex.org/W2037673881
https://openalex.org/W2038248853
https://openalex.org/W2046497229
https://openalex.org/W2046960435
https://openalex.org/W2048214257
https://openalex.org/W2050312647
https://openalex.org/W2051202015
https://openalex.org/W2052246256
https://openalex.org/W2054972207
https://openalex.org/W2073870471
https://openalex.org/W2078720651
https://openalex.org/W2084079095
https://openalex.org/W2095307135
https://openalex.org/W2104854991
https://openalex.org/W2105222563
https://openalex.org/W2113752385
https://openalex.org/W2130445626
https://openalex.org/W2141367597
https://openalex.org/W2148109935
https://openalex.org/W2158607984
https://openalex.org/W2160217570
https://openalex.org/W2165235407
https://openalex.org/W2177820795
https://openalex.org/W2228881144
https://openalex.org/W2275627784
https://openalex.org/W2289736710
https://openalex.org/W2315531462
https://openalex.org/W2330490255
https://openalex.org/W2412204353
https://openalex.org/W2414295772
https://openalex.org/W2427444787
https://openalex.org/W2436781138
https://openalex.org/W2439098797
https://openalex.org/W2460881351
https://openalex.org/W2482867388
https://openalex.org/W2505723627
https://openalex.org/W2519772971
https://openalex.org/W2605901327
https://openalex.org/W2610007109
https://openalex.org/W2616363680
https://openalex.org/W2748637505
https://openalex.org/W2750581375
https://openalex.org/W2752962540
https://openalex.org/W2766335864
https://openalex.org/W2789347351
https://openalex.org/W2791376523
https://openalex.org/W2796153593
https://openalex.org/W2797277339
https://openalex.org/W2907343832
https://openalex.org/W2911383041
https://openalex.org/W2912699570
https://openalex.org/W2937214508
https://openalex.org/W2947358603
https://openalex.org/W2955788453
https://openalex.org/W2963320053
https://openalex.org/W2967764962
https://openalex.org/W2972222859
https://openalex.org/W2986811553
https://openalex.org/W3001469239
https://openalex.org/W3006830630
https://openalex.org/W3010579076
https://openalex.org/W3011521450
https://openalex.org/W3014427337
https://openalex.org/W3037572828
https://openalex.org/W3046701425
https://openalex.org/W3092602534
https://openalex.org/W3095091947
https://openalex.org/W3097451656
https://openalex.org/W3100188114
https://openalex.org/W3102187622
https://openalex.org/W3104230209
https://openalex.org/W3139427381
https://openalex.org/W3155918670
https://openalex.org/W3159272751
https://openalex.org/W3168429052
https://openalex.org/W3177203992
https://openalex.org/W3184200307
https://openalex.org/W3187797201
https://openalex.org/W3194932435
https://openalex.org/W3198473496
https://openalex.org/W3203200978
https://openalex.org/W3898712
https://openalex.org/W4200616507
https://openalex.org/W4206300030
https://openalex.org/W4210348581
https://openalex.org/W4221035744
https://openalex.org/W4224143507
https://openalex.org/W4229364803
https://openalex.org/W4243874028
https://openalex.org/W4248136633
https://openalex.org/W4248318819
https://openalex.org/W4252564401
https://openalex.org/W4282925467
https://openalex.org/W4283707054
https://openalex.org/W4292767350
https://openalex.org/W4308309874
https://openalex.org/W4311663353
https://openalex.org/W568690908
https://openalex.org/W66746676
https://openalex.org/W1018654130
https://openalex.org/W102033946
https://openalex.org/W1479541398
https://openalex.org/W1507955606
https://openalex.org/W151796421
https://openalex.org/W1568452208
https://openalex.org/W1775513633
https://openalex.org/W1914314247
https://openalex.org/W1968481639
https://openalex.org/W1972122832
https://openalex.org/W1973222926
https://openalex.org/W1976400397
https://openalex.org/W1978912824
https://openalex.org/W1980673846
https://openalex.org/W1986570252
https://openalex.org/W1987821389
https://openalex.org/W1990739258
https://openalex.org/W2000874581
https://openalex.org/W2005214993
https://openalex.org/W2005515711
https://openalex.org/W2005888317
https://openalex.org/W2009681614
https://openalex.org/W2010891917
https://openalex.org/W2011894285
https://openalex.org/W2013290046
https://openalex.org/W2015700748
https://openalex.org/W2018190568
https://openalex.org/W2024908920
https://openalex.org/W2029871578
https://openalex.org/W2034442075
https://openalex.org/W2034442245
https://openalex.org/W2044913349
https://openalex.org/W2049070342
https://openalex.org/W2059329422
https://openalex.org/W2059980014
https://openalex.org/W2061622871
https://openalex.org/W2066733053
https://openalex.org/W2073437231
https://openalex.org/W2085212719
https://openalex.org/W2085714906
https://openalex.org/W2094595459
https://openalex.org/W2101451280
https://openalex.org/W2116959516
https://openalex.org/W2120337626
https://openalex.org/W2121695102
https://openalex.org/W2134252644
https://openalex.org/W2144964798
https://openalex.org/W2147438495
https://openalex.org/W2154122486
https://openalex.org/W2158953777
https://openalex.org/W2164575754
https://openalex.org/W2165882178
https://openalex.org/W2167277757
https://openalex.org/W2170038425
https://openalex.org/W2170985280
https://openalex.org/W2251943262
https://openalex.org/W2271193246
https://openalex.org/W2315981382
https://openalex.org/W2324431448
https://openalex.org/W2377270330
https://openalex.org/W2394256080
https://openalex.org/W2408826996
https://openalex.org/W2410311380
https://openalex.org/W2487677337
https://openalex.org/W2488218904
https://openalex.org/W2501523116
https://openalex.org/W2557906508
https://openalex.org/W2617215259
https://openalex.org/W2749425267
https://openalex.org/W2767452309
https://openalex.org/W2887356481
https://openalex.org/W2891599137
https://openalex.org/W2897752320
https://openalex.org/W2899284500
https://openalex.org/W2909923172
https://openalex.org/W2940035719
https://openalex.org/W2945034164
https://openalex.org/W2955843917
https://openalex.org/W2971590890
https://openalex.org/W2977590044
https://openalex.org/W2981034343
https://openalex.org/W2998243336
https://openalex.org/W3006904088
https://openalex.org/W3013241282
https://openalex.org/W3017822181
https://openalex.org/W3017854209
https://openalex.org/W3030219047
https://openalex.org/W3036576846
https://openalex.org/W3041193885
https://openalex.org/W3080446426
https://openalex.org/W3080803770
https://openalex.org/W3087698600
https://openalex.org/W3088027606
https://openalex.org/W3109887908
https://openalex.org/W3115646480
https://openalex.org/W3119475067
https://openalex.org/W3128025809
https://openalex.org/W3133771997
https://openalex.org/W3135505565
https://openalex.org/W3138880427
https://openalex.org/W3139459896
https://openalex.org/W3151432912
https://openalex.org/W3152835865
https://openalex.org/W3157888688
https://openalex.org/W3159458196
https://openalex.org/W3159631021
https://openalex.org/W3168118192
https://openalex.org/W3194051470
https://openalex.org/W3202484768
https://openalex.org/W3204421466
https://openalex.org/W3205153985
https://openalex.org/W3213719240
https://openalex.org/W3214563131
https://openalex.org/W38941404
https://openalex.org/W4200597240
https://openalex.org/W4200624163
https://openalex.org/W4207031959
https://openalex.org/W4213108145
https://openalex.org/W4225374404
https://openalex.org/W4249850081
https://openalex.org/W4252400446
https://openalex.org/W4252546722
https://openalex.org/W4252614911
https://openalex.org/W4281606222
https://openalex.org/W4281715981
https://openalex.org/W4287832092
https://openalex.org/W4294862360
https://openalex.org/W4296982417
https://openalex.org/W4297918300
https://openalex.org/W4307229474
https://openalex.org/W4315652077
https://openalex.org/W4367176308
https://openalex.org/W581865816
https://openalex.org/W122466767
https://openalex.org/W1719621971
https://openalex.org/W173147474
https://openalex.org/W1902260106
https://openalex.org/W1927625510
https://openalex.org/W1969315976
https://openalex.org/W1969762258
https://openalex.org/W1972804878
https://openalex.org/W1977975621
https://openalex.org/W1978520030
https://openalex.org/W1979290053
https://openalex.org/W1981521969
https://openalex.org/W1994979032
https://openalex.org/W1996315660
https://openalex.org/W1996482684
https://openalex.org/W1996914911
https://openalex.org/W2015693688
https://openalex.org/W2018852884
https://openalex.org/W2022162336
https://openalex.org/W2024531274
https://openalex.org/W2024559304
https://openalex.org/W2029817133
https://openalex.org/W2042192616
https://openalex.org/W2043531310
https://openalex.org/W2045042701
https://openalex.org/W2046371944
https://openalex.org/W2048104083
https://openalex.org/W2053216539
https://openalex.org/W2055260998
https://openalex.org/W2055916220
https://openalex.org/W2057044837
https://openalex.org/W2066417232
https://openalex.org/W2080754414
https://openalex.org/W2083337987
https://openalex.org/W2084724927
https://openalex.org/W2102011168
https://openalex.org/W2102936861
https://openalex.org/W2115345987
https://openalex.org/W2122358200
https://openalex.org/W2140876033
https://openalex.org/W2141833862
https://openalex.org/W2162676346
https://openalex.org/W2256787597
https://openalex.org/W2341637456
https://openalex.org/W2344466297
https://openalex.org/W2361790782
https://openalex.org/W2401766805
https://openalex.org/W2403422550
https://openalex.org/W2410070447
https://openalex.org/W2414408377
https://openalex.org/W2416705484
https://openalex.org/W2438913373
https://openalex.org/W2479106986
https://openalex.org/W2531752089
https://openalex.org/W2534060727
https://openalex.org/W2550584803
https://openalex.org/W2551846360
https://openalex.org/W2559383294
https://openalex.org/W2584420801
https://openalex.org/W2598349646
https://openalex.org/W2605797274
https://openalex.org/W2611278452
https://openalex.org/W2621633461
https://openalex.org/W2625274869
https://openalex.org/W2626250606
https://openalex.org/W2626621473
https://openalex.org/W26605361
https://openalex.org/W2734372898
https://openalex.org/W2749960992
https://openalex.org/W2754695684
https://openalex.org/W2768441757
https://openalex.org/W2769483598
https://openalex.org/W2794612454
https://openalex.org/W2796188146
https://openalex.org/W2802240032
https://openalex.org/W2883240565
https://openalex.org/W2886679255
https://openalex.org/W2890063177
https://openalex.org/W2899292082
https://openalex.org/W2903353150
https://openalex.org/W2903585725
https://openalex.org/W2921713709
https://openalex.org/W2925167588
https://openalex.org/W2948762763
https://openalex.org/W2954345778
https://openalex.org/W2955466528
https://openalex.org/W2962694642
https://openalex.org/W2963381436
https://openalex.org/W2964758426
https://openalex.org/W2967617329
https://openalex.org/W2970044325
https://openalex.org/W2974391990
https://openalex.org/W2984468708
https://openalex.org/W2985941443
https://openalex.org/W2989977286
https://openalex.org/W2995913997
https://openalex.org/W3006539773
https://openalex.org/W3012716276
https://openalex.org/W3015420324
https://openalex.org/W3016012197
https://openalex.org/W3021660258
https://openalex.org/W3023796251
https://openalex.org/W3029280737
https://openalex.org/W3034052935
https://openalex.org/W3082547309
https://openalex.org/W3083231588
https://openalex.org/W3088735248
https://openalex.org/W3091859367
https://openalex.org/W3102597876
https://openalex.org/W3106370322
https://openalex.org/W3129472947
https://openalex.org/W3131542135
https://openalex.org/W3135589991
https://openalex.org/W3137511290
https://openalex.org/W3146579239
https://openalex.org/W3161771370
https://openalex.org/W3173037050
https://openalex.org/W3188367540
https://openalex.org/W3194793038
https://openalex.org/W3197715722
https://openalex.org/W3204225629
https://openalex.org/W3204253607
https://openalex.org/W3207688450
https://openalex.org/W3208696605
https://openalex.org/W3214887515
https://openalex.org/W416479941
https://openalex.org/W4200285940
https://openalex.org/W4200339856
https://openalex.org/W4205776914
https://openalex.org/W4206705624
https://openalex.org/W4210695576
https://openalex.org/W4211059000
https://openalex.org/W4213230007
https://openalex.org/W4220694083
https://openalex.org/W4220905513
https://openalex.org/W4220930364
https://openalex.org/W4226150411
https://openalex.org/W4238221415
https://openalex.org/W4244778097
https://openalex.org/W4281674590
https://openalex.org/W4283786534
https://openalex.org/W4285606660
https://openalex.org/W4292202631
https://openalex.org/W4292332528
https://openalex.org/W4294286999
https://openalex.org/W4295845716
https://openalex.org/W4295901035
https://openalex.org/W4297359940
https://openalex.org/W4303647013
https://openalex.org/W4307919957
https://openalex.org/W4309287292
https://openalex.org/W4312084807
https://openalex.org/W4313334749
https://openalex.org/W4365445770
https://openalex.org/W624488070
https://openalex.org/W66035101
https://openalex.org/W102292945
https://openalex.org/W1026140369
https://openalex.org/W1119060677
https://openalex.org/W1180384791
https://openalex.org/W12864462
https://openalex.org/W136618321
https://openalex.org/W1483073752
https://openalex.org/W1525251697
https://openalex.org/W1569241192
https://openalex.org/W1616030154
https://openalex.org/W1667521895
https://openalex.org/W1853587143
https://openalex.org/W1896680365
https://openalex.org/W1968653342
https://openalex.org/W1971499216
https://openalex.org/W1976100683
https://openalex.org/W1980370756
https://openalex.org/W1984628155
https://openalex.org/W1986877282
https://openalex.org/W1987817593
https://openalex.org/W1988361974
https://openalex.org/W1990081184
https://openalex.org/W1990196567
https://openalex.org/W1998273180
https://openalex.org/W2007073551
https://openalex.org/W2007926530
https://openalex.org/W2015907570
https://openalex.org/W2027895187
https://openalex.org/W2029138620
https://openalex.org/W2038829644
https://openalex.org/W2041227023
https://openalex.org/W2041323755
https://openalex.org/W2043309508
https://openalex.org/W2048422366
https://openalex.org/W2050782768
https://openalex.org/W2056605648
https://openalex.org/W2061690584
https://openalex.org/W2064175532
https://openalex.org/W2066820750
https://openalex.org/W2068072330
https://openalex.org/W2074048202
https://openalex.org/W2077529210
https://openalex.org/W2083054613
https://openalex.org/W2084596896
https://openalex.org/W2095205064
https://openalex.org/W2101139352
https://openalex.org/W2112413668
https://openalex.org/W2115281302
https://openalex.org/W2115577915
https://openalex.org/W2117462302
https://openalex.org/W212335092
https://openalex.org/W2123491659
https://openalex.org/W2132358157
https://openalex.org/W2143748047
https://openalex.org/W2148028827
https://openalex.org/W2152618637
https://openalex.org/W2155341356
https://openalex.org/W2160987429
https://openalex.org/W2162130938
https://openalex.org/W2168999850
https://openalex.org/W2177366198
https://openalex.org/W2199476591
https://openalex.org/W2277153814
https://openalex.org/W2287721727
https://openalex.org/W2290068424
https://openalex.org/W2294587115
https://openalex.org/W2300419167
https://openalex.org/W2315337782
https://openalex.org/W2319454557
https://openalex.org/W2320273076
https://openalex.org/W2323262607
https://openalex.org/W2328730828
https://openalex.org/W2335623764
https://openalex.org/W2343961073
https://openalex.org/W2351731414
https://openalex.org/W2399301246
https://openalex.org/W2410367299
https://openalex.org/W2410721571
https://openalex.org/W2413699827
https://openalex.org/W2418658414
https://openalex.org/W2493799593
https://openalex.org/W2506621546
https://openalex.org/W2506648447
https://openalex.org/W2510072177
https://openalex.org/W2510153460
https://openalex.org/W2510742373
https://openalex.org/W2531420999
https://openalex.org/W2534627956
https://openalex.org/W2566682859
https://openalex.org/W25720722
https://openalex.org/W2592815587
https://openalex.org/W2597170768
https://openalex.org/W2607071200
https://openalex.org/W2635692790
https://openalex.org/W2726546951
https://openalex.org/W2741452657
https://openalex.org/W2742278405
https://openalex.org/W2750781073
https://openalex.org/W2756039892
https://openalex.org/W2767565303
https://openalex.org/W2796617784
https://openalex.org/W2888173553
https://openalex.org/W2889880189
https://openalex.org/W2895973374
https://openalex.org/W2897028904
https://openalex.org/W2905080602
https://openalex.org/W2911819176
https://openalex.org/W2912394587
https://openalex.org/W2912558294
https://openalex.org/W2941863966
https://openalex.org/W2945434209
https://openalex.org/W2950097433
https://openalex.org/W2955634864
https://openalex.org/W2964073726
https://openalex.org/W2973018161
https://openalex.org/W2978771194
https://openalex.org/W2979808406
https://openalex.org/W2995294949
https://openalex.org/W2995922853
https://openalex.org/W3000679830
https://openalex.org/W3004003175
https://openalex.org/W3007919949
https://openalex.org/W3015166531
https://openalex.org/W3024656323
https://openalex.org/W3029526115
https://openalex.org/W3031722774
https://openalex.org/W3034523201
https://openalex.org/W3081985105
https://openalex.org/W3086865293
https://openalex.org/W3087468116
https://openalex.org/W3088194754
https://openalex.org/W3089298917
https://openalex.org/W3097720493
https://openalex.org/W3108606090
https://openalex.org/W3109989038
https://openalex.org/W3119661331
https://openalex.org/W3129578358
https://openalex.org/W3133154823
https://openalex.org/W3137209430
https://openalex.org/W3138785257
https://openalex.org/W3154919970
https://openalex.org/W3164505097
https://openalex.org/W3165307223
https://openalex.org/W3181516878
https://openalex.org/W3184351776
https://openalex.org/W3189287025
https://openalex.org/W3193770182
https://openalex.org/W3202585513
https://openalex.org/W3204006782
https://openalex.org/W3205445878
https://openalex.org/W3206111050
https://openalex.org/W3206341596
https://openalex.org/W3211341480
https://openalex.org/W3212174834
https://openalex.org/W4200299782
https://openalex.org/W4200562112
https://openalex.org/W4205522883
https://openalex.org/W4211048940
https://openalex.org/W4213009464
https://openalex.org/W4214858502
https://openalex.org/W4214933297
https://openalex.org/W4221109614
https://openalex.org/W4225663866
https://openalex.org/W4226307246
https://openalex.org/W4233663434
https://openalex.org/W4236972607
https://openalex.org/W4249845848
https://openalex.org/W4283167081
https://openalex.org/W4283521504
https://openalex.org/W4285095551
https://openalex.org/W4285384739
https://openalex.org/W4286647977
https://openalex.org/W4287009615
https://openalex.org/W4288428459
https://openalex.org/W4294584248
https://openalex.org/W4294584294
https://openalex.org/W4296829070
https://openalex.org/W4297826557
https://openalex.org/W4300817429
https://openalex.org/W4303186294
https://openalex.org/W4306317429
https://openalex.org/W4307840149
https://openalex.org/W4308309877
https://openalex.org/W4313334451
https://openalex.org/W4318022737
https://openalex.org/W4324142650
https://openalex.org/W4361278205
https://openalex.org/W4365445776
https://openalex.org/W115892911
https://openalex.org/W1446382730
https://openalex.org/W1483935383
https://openalex.org/W1504921046
https://openalex.org/W1574033991
https://openalex.org/W1585848329
https://openalex.org/W1594059387
https://openalex.org/W1602767346
https://openalex.org/W1604962185
https://openalex.org/W1652392476
https://openalex.org/W1895416291
https://openalex.org/W1965206516
https://openalex.org/W1965672332
https://openalex.org/W1969031734
https://openalex.org/W1973498083
https://openalex.org/W1976531031
https://openalex.org/W1977142540
https://openalex.org/W1978173570
https://openalex.org/W1982631575
https://openalex.org/W1984989125
https://openalex.org/W1988892299
https://openalex.org/W1989918401
https://openalex.org/W1993039507
https://openalex.org/W1994490119
https://openalex.org/W2006206460
https://openalex.org/W2008975490
https://openalex.org/W2010149200
https://openalex.org/W2011762563
https://openalex.org/W2012827291
https://openalex.org/W2014649883
https://openalex.org/W2015120612
https://openalex.org/W2016790039
https://openalex.org/W2018564601
https://openalex.org/W2021788666
https://openalex.org/W2024545955
https://openalex.org/W2030972459
https://openalex.org/W2058885720
https://openalex.org/W2072005419
https://openalex.org/W2085302565
https://openalex.org/W2087628277
https://openalex.org/W2089032503
https://openalex.org/W2093187859
https://openalex.org/W2093264671
https://openalex.org/W2093751998
https://openalex.org/W2099507802
https://openalex.org/W2110518729
https://openalex.org/W2117339347
https://openalex.org/W2120274567
https://openalex.org/W2122132038
https://openalex.org/W2128798636
https://openalex.org/W2130017261
https://openalex.org/W2132168309
https://openalex.org/W2137761521
https://openalex.org/W2140530805
https://openalex.org/W2142634605
https://openalex.org/W2151780070
https://openalex.org/W2152513970
https://openalex.org/W2153665156
https://openalex.org/W2154011855
https://openalex.org/W2157749545
https://openalex.org/W2162064312
https://openalex.org/W2180087262
https://openalex.org/W2197089872
https://openalex.org/W2241576456
https://openalex.org/W2244794389
https://openalex.org/W2261461998
https://openalex.org/W2276763949
https://openalex.org/W2286002044
https://openalex.org/W2302247786
https://openalex.org/W2312936521
https://openalex.org/W2316431014
https://openalex.org/W2318189681
https://openalex.org/W2320957465
https://openalex.org/W2323703139
https://openalex.org/W2325748501
https://openalex.org/W2336241490
https://openalex.org/W2338354117
https://openalex.org/W2339364203
https://openalex.org/W2352173533
https://openalex.org/W2355589248
https://openalex.org/W235848000
https://openalex.org/W2358725106
https://openalex.org/W239375162
https://openalex.org/W2400528950
https://openalex.org/W2409705097
https://openalex.org/W2410402251
https://openalex.org/W2410627839
https://openalex.org/W2411867587
https://openalex.org/W24148621
https://openalex.org/W2417534741
https://openalex.org/W2417859027
https://openalex.org/W2462111040
https://openalex.org/W2498152814
https://openalex.org/W2504020135
https://openalex.org/W2520258620
https://openalex.org/W2520552623
https://openalex.org/W2551197427
https://openalex.org/W2570878376
https://openalex.org/W2574997957
https://openalex.org/W2576121986
https://openalex.org/W2588863872
https://openalex.org/W2590208433
https://openalex.org/W2591262065
https://openalex.org/W2595112305
https://openalex.org/W2754100036
https://openalex.org/W2755362042
https://openalex.org/W2768105241
https://openalex.org/W2769339614
https://openalex.org/W2771872416
https://openalex.org/W2772308144
https://openalex.org/W2785255400
https://openalex.org/W2807416640
https://openalex.org/W2825501527
https://openalex.org/W2883025622
https://openalex.org/W2885691629
https://openalex.org/W2898043006
https://openalex.org/W2898966711
https://openalex.org/W2902670961
https://openalex.org/W2904170449
https://openalex.org/W2909321573
https://openalex.org/W2924915553
https://openalex.org/W2943884050
https://openalex.org/W2949956903
https://openalex.org/W2950660575
https://openalex.org/W2966211404
https://openalex.org/W2969361716
https://openalex.org/W2970517255
https://openalex.org/W2970746665
https://openalex.org/W2975390191
https://openalex.org/W2979367265
https://openalex.org/W2980277423
https://openalex.org/W2990041154
https://openalex.org/W2990813687
https://openalex.org/W2991987862
https://openalex.org/W3007439935
https://openalex.org/W3007862968
https://openalex.org/W3015935040
https://openalex.org/W3020506410
https://openalex.org/W3025430607
https://openalex.org/W3027841273
https://openalex.org/W3040722322
https://openalex.org/W3042708824
https://openalex.org/W3080902137
https://openalex.org/W3093938448
https://openalex.org/W3094167047
https://openalex.org/W3108568304
https://openalex.org/W3112518600
https://openalex.org/W3118949422
https://openalex.org/W3120818045
https://openalex.org/W3131120421
https://openalex.org/W3135419074
https://openalex.org/W3137193496
https://openalex.org/W3139464244
https://openalex.org/W3139492899
https://openalex.org/W3144484021
https://openalex.org/W3152258633
https://openalex.org/W3160411940
https://openalex.org/W3160750537
https://openalex.org/W3173112889
https://openalex.org/W3175216677
https://openalex.org/W3176566752
https://openalex.org/W3179856097
https://openalex.org/W3187004543
https://openalex.org/W3195583063
https://openalex.org/W3197507930
https://openalex.org/W3201046475
https://openalex.org/W3201542484
https://openalex.org/W3208679051
https://openalex.org/W3208743048
https://openalex.org/W3209887518
https://openalex.org/W3212762610
https://openalex.org/W3212922378
https://openalex.org/W3213542814
https://openalex.org/W3217041532
https://openalex.org/W4200148700
https://openalex.org/W4205164422
https://openalex.org/W4210844015
https://openalex.org/W4211121875
https://openalex.org/W4212822806
https://openalex.org/W4212845336
https://openalex.org/W4213221935
https://openalex.org/W4213270514
https://openalex.org/W4214672816
https://openalex.org/W4214765241
https://openalex.org/W4220887401
https://openalex.org/W4221080017
https://openalex.org/W4223464554
https://openalex.org/W4223641020
https://openalex.org/W4243740885
https://openalex.org/W4245004193
https://openalex.org/W4246710858
https://openalex.org/W4256615532
https://openalex.org/W4280489310
https://openalex.org/W4280546366
https://openalex.org/W4280570626
https://openalex.org/W4280612881
https://openalex.org/W4283075153
https://openalex.org/W4284702521
https://openalex.org/W4285035401
https://openalex.org/W4285587574
https://openalex.org/W4286486509
https://openalex.org/W4293084856
https://openalex.org/W4296782460
https://openalex.org/W4297394779
https://openalex.org/W4300609355
https://openalex.org/W4303188275
https://openalex.org/W4306377936
https://openalex.org/W4307960502
https://openalex.org/W4308603407
https://openalex.org/W4308800457
https://openalex.org/W4310863564
https://openalex.org/W4312036106
https://openalex.org/W4313243337
https://openalex.org/W4315796166
https://openalex.org/W4324395200
https://openalex.org/W4366816499
https://openalex.org/W53858905
https://openalex.org/W572976666
https://openalex.org/W574539229
https://openalex.org/W581708358
https://openalex.org/W629854878
https://openalex.org/W80689637
https://openalex.org/W126101598
https://openalex.org/W144406425
https://openalex.org/W1481965742
https://openalex.org/W1517777085
https://openalex.org/W153135598
https://openalex.org/W1548122127
https://openalex.org/W155932860
https://openalex.org/W1578794404
https://openalex.org/W163362334
https://openalex.org/W1633964222
https://openalex.org/W1877965609
https://openalex.org/W1903316255
https://openalex.org/W1913496377
https://openalex.org/W1932152196
https://openalex.org/W193552405
https://openalex.org/W193798260
https://openalex.org/W1956680461
https://openalex.org/W1970294115
https://openalex.org/W1976543736
https://openalex.org/W1981601064
https://openalex.org/W1982120071
https://openalex.org/W1982335011
https://openalex.org/W198333665
https://openalex.org/W1984829081
https://openalex.org/W1987152343
https://openalex.org/W1995576488
https://openalex.org/W1997545399
https://openalex.org/W1998756022
https://openalex.org/W2004249573
https://openalex.org/W2008857446
https://openalex.org/W2009605769
https://openalex.org/W2009868553
https://openalex.org/W2021700402
https://openalex.org/W2039363138
https://openalex.org/W2041844223
https://openalex.org/W2044107718
https://openalex.org/W2046098230
https://openalex.org/W2048682952
https://openalex.org/W2049692043
https://openalex.org/W2051215411
https://openalex.org/W2055612026
https://openalex.org/W2056247186
https://openalex.org/W2057242620
https://openalex.org/W2061852600
https://openalex.org/W2072393382
https://openalex.org/W2076658911
https://openalex.org/W2087123535
https://openalex.org/W2088551880
https://openalex.org/W2090850323
https://openalex.org/W2107940645
https://openalex.org/W2113352270
https://openalex.org/W2113473589
https://openalex.org/W2116341781
https://openalex.org/W2120493443
https://openalex.org/W2125152676
https://openalex.org/W2145462067
https://openalex.org/W2155894230
https://openalex.org/W2156139617
https://openalex.org/W2160023987
https://openalex.org/W2163247645
https://openalex.org/W2165139524
https://openalex.org/W2166455207
https://openalex.org/W2168589630
https://openalex.org/W2168906493
https://openalex.org/W2175731733
https://openalex.org/W2181703862
https://openalex.org/W2186388161
https://openalex.org/W2220999202
https://openalex.org/W2233942230
https://openalex.org/W2258871014
https://openalex.org/W2296811295
https://openalex.org/W2306313359
https://openalex.org/W2312246619
https://openalex.org/W2312943382
https://openalex.org/W2315181552
https://openalex.org/W2315634067
https://openalex.org/W2325242958
https://openalex.org/W2327931745
https://openalex.org/W2329247337
https://openalex.org/W2334720916
https://openalex.org/W2334729359
https://openalex.org/W2340373150
https://openalex.org/W2344889484
https://openalex.org/W2346081273
https://openalex.org/W2352978560
https://openalex.org/W2353385084
https://openalex.org/W2354812086
https://openalex.org/W2373743047
https://openalex.org/W2376897642
https://openalex.org/W2381867478
https://openalex.org/W2395641710
https://openalex.org/W2400305377
https://openalex.org/W2401772490
https://openalex.org/W2404458504
https://openalex.org/W2410694486
https://openalex.org/W2410855599
https://openalex.org/W2413588376
https://openalex.org/W2418072398
https://openalex.org/W2431992677
https://openalex.org/W2435601309
https://openalex.org/W2479892300
https://openalex.org/W2500838812
https://openalex.org/W2505673505
https://openalex.org/W2518111714
https://openalex.org/W2525313078
https://openalex.org/W2526639239
https://openalex.org/W2545995512
https://openalex.org/W2551901393
https://openalex.org/W2552990460
https://openalex.org/W2562195796
https://openalex.org/W2562592143
https://openalex.org/W2587806653
https://openalex.org/W259067983
https://openalex.org/W2591632773
https://openalex.org/W2608606395
https://openalex.org/W2610015351
https://openalex.org/W2618909266
https://openalex.org/W2619353065
https://openalex.org/W2724495850
https://openalex.org/W2736809220
https://openalex.org/W2746219038
https://openalex.org/W2754551074
https://openalex.org/W2765815065
https://openalex.org/W2782479090
https://openalex.org/W2791373293
https://openalex.org/W2791761538
https://openalex.org/W2792743924
https://openalex.org/W2794698383
https://openalex.org/W2795674874
https://openalex.org/W2797446622
https://openalex.org/W2798280127
https://openalex.org/W2801377971
https://openalex.org/W2806767015
https://openalex.org/W2809048075
https://openalex.org/W2885444355
https://openalex.org/W2886609888
https://openalex.org/W2887588312
https://openalex.org/W2890899317
https://openalex.org/W2896789379
https://openalex.org/W2905148253
https://openalex.org/W2906832550
https://openalex.org/W2908688470
https://openalex.org/W2909014745
https://openalex.org/W2909335197
https://openalex.org/W2909600603
https://openalex.org/W2937983640
https://openalex.org/W2943540084
https://openalex.org/W2944930569
https://openalex.org/W2945795435
https://openalex.org/W2956327629
https://openalex.org/W2959280325
https://openalex.org/W2977661718
https://openalex.org/W2983264677
https://openalex.org/W2984707463
https://openalex.org/W2993273735
https://openalex.org/W2995372211
https://openalex.org/W2996429422
https://openalex.org/W3002010984
https://openalex.org/W3009644581
https://openalex.org/W3014686014
https://openalex.org/W3025235644
https://openalex.org/W3027512962
https://openalex.org/W3032386426
https://openalex.org/W3037840374
https://openalex.org/W3037868430
https://openalex.org/W3042361053
https://openalex.org/W3043326412
https://openalex.org/W3045649770
https://openalex.org/W3046132835
https://openalex.org/W3048862773
https://openalex.org/W3049370475
https://openalex.org/W3091488858
https://openalex.org/W3092169828
https://openalex.org/W3096758028
https://openalex.org/W3112272577
https://openalex.org/W3112569126
https://openalex.org/W3112734645
https://openalex.org/W3114913314
https://openalex.org/W3116042041
https://openalex.org/W3117751797
https://openalex.org/W3118306963
https://openalex.org/W3122494192
https://openalex.org/W3122876593
https://openalex.org/W3130694281
https://openalex.org/W3133193564
https://openalex.org/W3138331713
https://openalex.org/W3139241936
https://openalex.org/W3159170836
https://openalex.org/W3162379151
https://openalex.org/W3163499873
https://openalex.org/W3165510883
https://openalex.org/W3167469052
https://openalex.org/W3174803221
https://openalex.org/W3189661547
https://openalex.org/W3192271310
https://openalex.org/W3195186005
https://openalex.org/W3196143913
https://openalex.org/W3198123148
https://openalex.org/W3198187078
https://openalex.org/W3198330309
https://openalex.org/W3203880400
https://openalex.org/W3204970988
https://openalex.org/W3209117110
https://openalex.org/W3209304911
https://openalex.org/W3211978535
https://openalex.org/W3215391350
https://openalex.org/W346414719
https://openalex.org/W400052464
https://openalex.org/W404961681
https://openalex.org/W4200051185
https://openalex.org/W4200439790
https://openalex.org/W4200565453
https://openalex.org/W4205342226
https://openalex.org/W4206007025
https://openalex.org/W4206958588
https://openalex.org/W4210569264
https://openalex.org/W4210729866
https://openalex.org/W4223500670
https://openalex.org/W4224251415
https://openalex.org/W4224309238
https://openalex.org/W4224985404
https://openalex.org/W4229332487
https://openalex.org/W4232745438
https://openalex.org/W4241031175
https://openalex.org/W4241922390
https://openalex.org/W4246976223
https://openalex.org/W4250474817
https://openalex.org/W4251300660
https://openalex.org/W4253165799
https://openalex.org/W4253712225
https://openalex.org/W4280646336
https://openalex.org/W4281654225
https://openalex.org/W4283688701
https://openalex.org/W4283716535
https://openalex.org/W4289333663
https://openalex.org/W4289638525
https://openalex.org/W4291825463
https://openalex.org/W4292684366
https://openalex.org/W4293104244
https://openalex.org/W4293426506
https://openalex.org/W4293473954
https://openalex.org/W4294190829
https://openalex.org/W4294584230
https://openalex.org/W4294584290
https://openalex.org/W4295221016
https://openalex.org/W4295222378
https://openalex.org/W4295336810
https://openalex.org/W4295755032
https://openalex.org/W4296261075
https://openalex.org/W4303958851
https://openalex.org/W4304607034
https://openalex.org/W4306406424
https://openalex.org/W4306685145
https://openalex.org/W4308460414
https://openalex.org/W4309080457
https://openalex.org/W4309891357
https://openalex.org/W4310155402
https://openalex.org/W4310875074
https://openalex.org/W4311961886
https://openalex.org/W4312041711
https://openalex.org/W4313420199
https://openalex.org/W4313424262
https://openalex.org/W4324378647
https://openalex.org/W4361758526
https://openalex.org/W4362465776
https://openalex.org/W4362523816
https://openalex.org/W4362677540
https://openalex.org/W4362703988
https://openalex.org/W4366226290
https://openalex.org/W4366463096
https://openalex.org/W4375864347
https://openalex.org/W4376225453
https://openalex.org/W71603602
https://openalex.org/W798068542
https://openalex.org/W105646105
https://openalex.org/W108540541
https://openalex.org/W1090996214
https://openalex.org/W114379192
https://openalex.org/W116154189
https://openalex.org/W13282579
https://openalex.org/W13922194
https://openalex.org/W142602564
https://openalex.org/W1467962178
https://openalex.org/W1487941790
https://openalex.org/W1488284497
https://openalex.org/W1501991039
https://openalex.org/W1512773435
https://openalex.org/W1521094096
https://openalex.org/W1535128156
https://openalex.org/W1549746496
https://openalex.org/W1579609258
https://openalex.org/W1586539214
https://openalex.org/W1591404330
https://openalex.org/W1605330108
https://openalex.org/W1616090456
https://openalex.org/W161633526
https://openalex.org/W1657502942
https://openalex.org/W1748387680
https://openalex.org/W1857469748
https://openalex.org/W1860781035
https://openalex.org/W1873547900
https://openalex.org/W1873760262
https://openalex.org/W1888574825
https://openalex.org/W1928039246
https://openalex.org/W1933028200
https://openalex.org/W1954074651
https://openalex.org/W1967928387
https://openalex.org/W1970076036
https://openalex.org/W1972048987
https://openalex.org/W1974195914
https://openalex.org/W1974614999
https://openalex.org/W1976450874
https://openalex.org/W1980917003
https://openalex.org/W1981858990
https://openalex.org/W1982661773
https://openalex.org/W1985227538
https://openalex.org/W1985495869
https://openalex.org/W1986927222
https://openalex.org/W1992506223
https://openalex.org/W1994715732
https://openalex.org/W2002365183
https://openalex.org/W2006754990
https://openalex.org/W2012189587
https://openalex.org/W2013216668
https://openalex.org/W2013609401
https://openalex.org/W2017769362
https://openalex.org/W2019156142
https://openalex.org/W2020504555
https://openalex.org/W2023772968
https://openalex.org/W2024014460
https://openalex.org/W203060453
https://openalex.org/W2031768386
https://openalex.org/W2047411734
https://openalex.org/W2055989038
https://openalex.org/W2056308203
https://openalex.org/W2056659425
https://openalex.org/W2059635765
https://openalex.org/W2061904151
https://openalex.org/W2063857576
https://openalex.org/W2067870769
https://openalex.org/W2069312011
https://openalex.org/W2069656270
https://openalex.org/W2069775402
https://openalex.org/W2072252074
https://openalex.org/W2078757733
https://openalex.org/W2078894979
https://openalex.org/W2079675869
https://openalex.org/W2080788009
https://openalex.org/W2085153829
https://openalex.org/W2091739292
https://openalex.org/W2094090001
https://openalex.org/W2095582261
https://openalex.org/W2097050046
https://openalex.org/W2097079141
https://openalex.org/W2100674081
https://openalex.org/W2105190965
https://openalex.org/W2109925838
https://openalex.org/W2132237875
https://openalex.org/W2138272107
https://openalex.org/W2146452273
https://openalex.org/W2150853280
https://openalex.org/W2152264134
https://openalex.org/W2157389382
https://openalex.org/W2157476216
https://openalex.org/W2158502726
https://openalex.org/W2162799328
https://openalex.org/W2165413205
https://openalex.org/W2166631588
https://openalex.org/W2185579068
https://openalex.org/W2186235381
https://openalex.org/W2187493398
https://openalex.org/W2187961824
https://openalex.org/W2254134178
https://openalex.org/W2255653365
https://openalex.org/W2279075193
https://openalex.org/W2292191720
https://openalex.org/W2297322142
https://openalex.org/W2312769514
https://openalex.org/W2313553359
https://openalex.org/W231477913
https://openalex.org/W2316428014
https://openalex.org/W2318722640
https://openalex.org/W2318926008
https://openalex.org/W2320555325
https://openalex.org/W2321519889
https://openalex.org/W2323439831
https://openalex.org/W2324539480
https://openalex.org/W2325429038
https://openalex.org/W2329246320
https://openalex.org/W2329542210
https://openalex.org/W2330798322
https://openalex.org/W2331750573
https://openalex.org/W2334029373
https://openalex.org/W2336175598
https://openalex.org/W2337416415
https://openalex.org/W233775828
https://openalex.org/W2339190500
https://openalex.org/W2339518787
https://openalex.org/W2343176779
https://openalex.org/W2346608689
https://openalex.org/W2350527284
https://openalex.org/W2352381401
https://openalex.org/W2356110061
https://openalex.org/W2358944705
https://openalex.org/W2359715341
https://openalex.org/W2360304476
https://openalex.org/W2362079901
https://openalex.org/W2362466961
https://openalex.org/W2364759762
https://openalex.org/W2366038894
https://openalex.org/W2371132164
https://openalex.org/W2373956546
https://openalex.org/W2377476607
https://openalex.org/W2382454085
https://openalex.org/W2386622392
https://openalex.org/W2391445945
https://openalex.org/W2391717314
https://openalex.org/W2396798110
https://openalex.org/W239681589
https://openalex.org/W2398891544
https://openalex.org/W2400596889
https://openalex.org/W2401932247
https://openalex.org/W2403319670
https://openalex.org/W2404828488
https://openalex.org/W2405123772
https://openalex.org/W2408974443
https://openalex.org/W2409725584
https://openalex.org/W2412115259
https://openalex.org/W2412298971
https://openalex.org/W2412651093
https://openalex.org/W2413212710
https://openalex.org/W2413464126
https://openalex.org/W2414618168
https://openalex.org/W2415089926
https://openalex.org/W2415442859
https://openalex.org/W2415759487
https://openalex.org/W2416078505
https://openalex.org/W2416965661
https://openalex.org/W2417585080
https://openalex.org/W2417964717
https://openalex.org/W2418240340
https://openalex.org/W2419626678
https://openalex.org/W2444574059
https://openalex.org/W2461297628
https://openalex.org/W2471200671
https://openalex.org/W2487344807
https://openalex.org/W2490960494
https://openalex.org/W2497068003
https://openalex.org/W2498612241
https://openalex.org/W2507329220
https://openalex.org/W2512728401
https://openalex.org/W2515294546
https://openalex.org/W2517840952
https://openalex.org/W2518198901
https://openalex.org/W2518665252
https://openalex.org/W2529970951
https://openalex.org/W2532149352
https://openalex.org/W2548924894
https://openalex.org/W2553993616
https://openalex.org/W2556763172
https://openalex.org/W2558637926
https://openalex.org/W2559999175
https://openalex.org/W2561818732
https://openalex.org/W2566102356
https://openalex.org/W2572842537
https://openalex.org/W2576086608
https://openalex.org/W2584804868
https://openalex.org/W2585428353
https://openalex.org/W2589200775
https://openalex.org/W2589333953
https://openalex.org/W2593034443
https://openalex.org/W2593777596
https://openalex.org/W2600056726
https://openalex.org/W2600612015
https://openalex.org/W2604043081
https://openalex.org/W2604395689
https://openalex.org/W2604669584
https://openalex.org/W2604738039
https://openalex.org/W2607825809
https://openalex.org/W2620644581
https://openalex.org/W2628796728
https://openalex.org/W2732588369
https://openalex.org/W2732937419
https://openalex.org/W2736965813
https://openalex.org/W2737099467
https://openalex.org/W2738544362
https://openalex.org/W2741652662
https://openalex.org/W2743832854
https://openalex.org/W2745777040
https://openalex.org/W2747112619
https://openalex.org/W2758605580
https://openalex.org/W2769400335
https://openalex.org/W2771557906
https://openalex.org/W2773791286
https://openalex.org/W2774902688
https://openalex.org/W2774986905
https://openalex.org/W2777826317
https://openalex.org/W2783731972
https://openalex.org/W2788023371
https://openalex.org/W2791953420
https://openalex.org/W2795422090
https://openalex.org/W2801099699
https://openalex.org/W2802139242
https://openalex.org/W2803459315
https://openalex.org/W2805332526
https://openalex.org/W2808883393
https://openalex.org/W2809369505
https://openalex.org/W2810736052
https://openalex.org/W2884274857
https://openalex.org/W2887613112
https://openalex.org/W2887802050
https://openalex.org/W2895767297
https://openalex.org/W2896445121
https://openalex.org/W2899455688
https://openalex.org/W2899749002
https://openalex.org/W2903577543
https://openalex.org/W2903989216
https://openalex.org/W2904535002
https://openalex.org/W2906953375
https://openalex.org/W2907409589
https://openalex.org/W2911898477
https://openalex.org/W2912460405
https://openalex.org/W2916955698
https://openalex.org/W2918881758
https://openalex.org/W2920763200
https://openalex.org/W2921157486
https://openalex.org/W2931006717
https://openalex.org/W2943679750
https://openalex.org/W2949951672
https://openalex.org/W2951091977
https://openalex.org/W2951678067
https://openalex.org/W2951702007
https://openalex.org/W2967904844
https://openalex.org/W2975416619
https://openalex.org/W2990151766
https://openalex.org/W2990676017
https://openalex.org/W2990741997
https://openalex.org/W2997444719
https://openalex.org/W2998614802
https://openalex.org/W2999630292
https://openalex.org/W3000073724
https://openalex.org/W3000883487
https://openalex.org/W3001872004
https://openalex.org/W3007233894
https://openalex.org/W3011181181
https://openalex.org/W3011507691
https://openalex.org/W3021020617
https://openalex.org/W3022838434
https://openalex.org/W3024294163
https://openalex.org/W3024315963
https://openalex.org/W3025453364
https://openalex.org/W3027978215
https://openalex.org/W3031757508
https://openalex.org/W3033213324
https://openalex.org/W3034446804
https://openalex.org/W3036753659
https://openalex.org/W3042154546
https://openalex.org/W3042636243
https://openalex.org/W3045366489
https://openalex.org/W3046918899
https://openalex.org/W3083507152
https://openalex.org/W3083667624
https://openalex.org/W3085151723
https://openalex.org/W3086702476
https://openalex.org/W3088312501
https://openalex.org/W3089038174
https://openalex.org/W3092675234
https://openalex.org/W3096439960
https://openalex.org/W3097659364
https://openalex.org/W3107045725
https://openalex.org/W3110576540
https://openalex.org/W3112087324
https://openalex.org/W3112641790
https://openalex.org/W3115223623
https://openalex.org/W3125829923
https://openalex.org/W3130197457
https://openalex.org/W3132425326
https://openalex.org/W3132859946
https://openalex.org/W3132861085
https://openalex.org/W3133970395
https://openalex.org/W3134631972
https://openalex.org/W3137238026
https://openalex.org/W3155089356
https://openalex.org/W3156447603
https://openalex.org/W3159508083
https://openalex.org/W3160228263
https://openalex.org/W3162775303
https://openalex.org/W3165011654
https://openalex.org/W3165115155
https://openalex.org/W3173980811
https://openalex.org/W3174247759
https://openalex.org/W3174537712
https://openalex.org/W3182616738
https://openalex.org/W3189189671
https://openalex.org/W3189596706
https://openalex.org/W3191852631
https://openalex.org/W3193227184
https://openalex.org/W3196594953
https://openalex.org/W3198636257
https://openalex.org/W320028333
https://openalex.org/W3201789155
https://openalex.org/W3203773384
https://openalex.org/W3204961723
https://openalex.org/W3205007493
https://openalex.org/W3205617775
https://openalex.org/W3210591602
https://openalex.org/W3212820911
https://openalex.org/W3215953771
https://openalex.org/W360493940
https://openalex.org/W4200079433
https://openalex.org/W4200299286
https://openalex.org/W4206629035
https://openalex.org/W4206918430
https://openalex.org/W4210794679
https://openalex.org/W4210863309
https://openalex.org/W4213015092
https://openalex.org/W4213148713
https://openalex.org/W4213180052
https://openalex.org/W4213335309
https://openalex.org/W4214546547
https://openalex.org/W4214873847
https://openalex.org/W4214941109
https://openalex.org/W4220678280
https://openalex.org/W4220903673
https://openalex.org/W4221087556
https://openalex.org/W4221109409
https://openalex.org/W4224271618
https://openalex.org/W4225743925
https://openalex.org/W4232081064
https://openalex.org/W4235226806
https://openalex.org/W4235708510
https://openalex.org/W4237643006
https://openalex.org/W4237714640
https://openalex.org/W4239283285
https://openalex.org/W4239964916
https://openalex.org/W4241022175
https://openalex.org/W4241677495
https://openalex.org/W4242552794
https://openalex.org/W4243975934
https://openalex.org/W4245007666
https://openalex.org/W4245545302
https://openalex.org/W4245730680
https://openalex.org/W4246668896
https://openalex.org/W4248238732
https://openalex.org/W4248967504
https://openalex.org/W4249885968
https://openalex.org/W4250576300
https://openalex.org/W4250751973
https://openalex.org/W4252934745
https://openalex.org/W4254365667
https://openalex.org/W4254801835
https://openalex.org/W4255083103
https://openalex.org/W4255942950
https://openalex.org/W4256548736
https://openalex.org/W4256574901
https://openalex.org/W4280508209
https://openalex.org/W4280557821
https://openalex.org/W4280571979
https://openalex.org/W4281289165
https://openalex.org/W4281552532
https://openalex.org/W4281679248
https://openalex.org/W4281733422
https://openalex.org/W4281897159
https://openalex.org/W4282824090
https://openalex.org/W4282942416
https://openalex.org/W4283025551
https://openalex.org/W4285094042
https://openalex.org/W4285111923
https://openalex.org/W4285343783
https://openalex.org/W4285390224
https://openalex.org/W4286632753
https://openalex.org/W4287146918
https://openalex.org/W4287981204
https://openalex.org/W4288067157
https://openalex.org/W4288479238
https://openalex.org/W4288855222
https://openalex.org/W4288950012
https://openalex.org/W4289886680
https://openalex.org/W4289986253
https://openalex.org/W4290098841
https://openalex.org/W4290997023
https://openalex.org/W4292099431
https://openalex.org/W4293171054
https://openalex.org/W4293171248
https://openalex.org/W4295233305
https://openalex.org/W4295733225
https://openalex.org/W4295750100
https://openalex.org/W4295794901
https://openalex.org/W4295795867
https://openalex.org/W4295796300
https://openalex.org/W4296546679
https://openalex.org/W4296619087
https://openalex.org/W4296764614
https://openalex.org/W4297198680
https://openalex.org/W4303195278
https://openalex.org/W4307240049
https://openalex.org/W4307726934
https://openalex.org/W4307787507
https://openalex.org/W4308372884
https://openalex.org/W4308404201
https://openalex.org/W4308724294
https://openalex.org/W4309394643
https://openalex.org/W4309908691
https://openalex.org/W4309946776
https://openalex.org/W4310207270
https://openalex.org/W4310935487
https://openalex.org/W4311970271
https://openalex.org/W4312186681
https://openalex.org/W4312775507
https://openalex.org/W4313368336
https://openalex.org/W4313372661
https://openalex.org/W4315488017
https://openalex.org/W4317513363
https://openalex.org/W4319059979
https://openalex.org/W4319597932
https://openalex.org/W4321434618
https://openalex.org/W4321439082
https://openalex.org/W4321498435
https://openalex.org/W4322210199
https://openalex.org/W4323033041
https://openalex.org/W4323341593
https://openalex.org/W4323363803
https://openalex.org/W4323865836
https://openalex.org/W4327571697
https://openalex.org/W4327680997
https://openalex.org/W4327740397
https://openalex.org/W4328048498
https://openalex.org/W4353072664
https://openalex.org/W4360599742
https://openalex.org/W4362703464
https://openalex.org/W4362715684
https://openalex.org/W4362735113
https://openalex.org/W4363649801
https://openalex.org/W4366091100
https://openalex.org/W4366420362
https://openalex.org/W4366742233
https://openalex.org/W4366759835
https://openalex.org/W4367669411
https://openalex.org/W4367838969
https://openalex.org/W4377822924
https://openalex.org/W4378470025
https://openalex.org/W4378895357
https://openalex.org/W4378903476
https://openalex.org/W4380590300
https://openalex.org/W4381801677
https://openalex.org/W4381887164
https://openalex.org/W4383562376
https://openalex.org/W4384486061
https://openalex.org/W4384700947
https://openalex.org/W4385201676
https://openalex.org/W4385629063
https://openalex.org/W574996086
https://openalex.org/W787560040
https://openalex.org/W95430645
https://openalex.org/W959755525
https://openalex.org/W1008582197
https://openalex.org/W1034587013
https://openalex.org/W105725008
https://openalex.org/W108461056
https://openalex.org/W108469576
https://openalex.org/W1153856026
https://openalex.org/W116524497
https://openalex.org/W117070536
https://openalex.org/W1179708811
https://openalex.org/W122041084
https://openalex.org/W1425355962
https://openalex.org/W1490221333
https://openalex.org/W1496826625
https://openalex.org/W1503157279
https://openalex.org/W1506110833
https://openalex.org/W1510699441
https://openalex.org/W1512602069
https://openalex.org/W1515557643
https://openalex.org/W1516178699
https://openalex.org/W1521717876
https://openalex.org/W152218898
https://openalex.org/W1523956581
https://openalex.org/W1526579800
https://openalex.org/W1531100226
https://openalex.org/W153146344
https://openalex.org/W1533260407
https://openalex.org/W1536468609
https://openalex.org/W1537383769
https://openalex.org/W1537402664
https://openalex.org/W1538255994
https://openalex.org/W1538385313
https://openalex.org/W1543990657
https://openalex.org/W1544756876
https://openalex.org/W1544811157
https://openalex.org/W1558815622
https://openalex.org/W155895550
https://openalex.org/W1559753420
https://openalex.org/W1567782878
https://openalex.org/W1568878065
https://openalex.org/W156985053
https://openalex.org/W1570532451
https://openalex.org/W1574831220
https://openalex.org/W1578490127
https://openalex.org/W1579899127
https://openalex.org/W1581906242
https://openalex.org/W1582318358
https://openalex.org/W1589326031
https://openalex.org/W1591859977
https://openalex.org/W1595300108
https://openalex.org/W1598069226
https://openalex.org/W1599534027
https://openalex.org/W160411288
https://openalex.org/W1613982742
https://openalex.org/W1616704056
https://openalex.org/W1623743019
https://openalex.org/W1630588797
https://openalex.org/W1636006199
https://openalex.org/W1649210190
https://openalex.org/W165689517
https://openalex.org/W1659794513
https://openalex.org/W1662480830
https://openalex.org/W166896398
https://openalex.org/W166960291
https://openalex.org/W167627597
https://openalex.org/W1678441374
https://openalex.org/W168481076
https://openalex.org/W1707438493
https://openalex.org/W1715537927
https://openalex.org/W1723009115
https://openalex.org/W173237352
https://openalex.org/W1747621893
https://openalex.org/W1748118392
https://openalex.org/W1776539077
https://openalex.org/W17871886
https://openalex.org/W179343535
https://openalex.org/W1794500341
https://openalex.org/W180980588
https://openalex.org/W181372741
https://openalex.org/W1826604748
https://openalex.org/W18293405
https://openalex.org/W1834830050
https://openalex.org/W1845298409
https://openalex.org/W1852142760
https://openalex.org/W1855574353
https://openalex.org/W188359416
https://openalex.org/W18894449
https://openalex.org/W1892946067
https://openalex.org/W1894915824
https://openalex.org/W1899494590
https://openalex.org/W1901334859
https://openalex.org/W1906606352
https://openalex.org/W1909919914
https://openalex.org/W1918785716
https://openalex.org/W1918803303
https://openalex.org/W193684755
https://openalex.org/W1947457127
https://openalex.org/W1952665630
https://openalex.org/W1955067762
https://openalex.org/W195595675
https://openalex.org/W1956934504
https://openalex.org/W1963694649
https://openalex.org/W1965432865
https://openalex.org/W1966005863
https://openalex.org/W1966424816
https://openalex.org/W1967538145
https://openalex.org/W1967805290
https://openalex.org/W1967871992
https://openalex.org/W1967911366
https://openalex.org/W1968813877
https://openalex.org/W1970770691
https://openalex.org/W1970826508
https://openalex.org/W1972460885
https://openalex.org/W1972824294
https://openalex.org/W1972958298
https://openalex.org/W1973689853
https://openalex.org/W1973840067
https://openalex.org/W1974059842
https://openalex.org/W1974874691
https://openalex.org/W1976226365
https://openalex.org/W1976658090
https://openalex.org/W1978741741
https://openalex.org/W1978837115
https://openalex.org/W1979979175
https://openalex.org/W1983949699
https://openalex.org/W1984388255
https://openalex.org/W1985402971
https://openalex.org/W1985570255
https://openalex.org/W1987974950
https://openalex.org/W1988561329
https://openalex.org/W1991070195
https://openalex.org/W1991198436
https://openalex.org/W1991689806
https://openalex.org/W1992649111
https://openalex.org/W1993473650
https://openalex.org/W1993869549
https://openalex.org/W1994096057
https://openalex.org/W1994989472
https://openalex.org/W1995948964
https://openalex.org/W1996924753
https://openalex.org/W1997473252
https://openalex.org/W1998452211
https://openalex.org/W2002012417
https://openalex.org/W2002597121
https://openalex.org/W2003114910
https://openalex.org/W2004102798
https://openalex.org/W2006071346
https://openalex.org/W2006569626
https://openalex.org/W2006761214
https://openalex.org/W2008030619
https://openalex.org/W2009112805
https://openalex.org/W2009300404
https://openalex.org/W2009896842
https://openalex.org/W2011351425
https://openalex.org/W2013905640
https://openalex.org/W2013944679
https://openalex.org/W2014253170
https://openalex.org/W2014359470
https://openalex.org/W2015086772
https://openalex.org/W2015209532
https://openalex.org/W2015224746
https://openalex.org/W2017496646
https://openalex.org/W2017924141
https://openalex.org/W2018047473
https://openalex.org/W2020186853
https://openalex.org/W2020238606
https://openalex.org/W2020272928
https://openalex.org/W2020860604
https://openalex.org/W2021019710
https://openalex.org/W2021313034
https://openalex.org/W2021497981
https://openalex.org/W2022265401
https://openalex.org/W202366103
https://openalex.org/W2023869461
https://openalex.org/W2024184523
https://openalex.org/W2026883656
https://openalex.org/W2028882671
https://openalex.org/W2029016940
https://openalex.org/W2029167258
https://openalex.org/W2029417420
https://openalex.org/W2033319453
https://openalex.org/W2033676474
https://openalex.org/W2034290929
https://openalex.org/W2035300478
https://openalex.org/W2035636845
https://openalex.org/W2036825921
https://openalex.org/W2036971122
https://openalex.org/W2037479657
https://openalex.org/W2037576624
https://openalex.org/W2038097714
https://openalex.org/W2041178060
https://openalex.org/W2041215495
https://openalex.org/W2042110512
https://openalex.org/W2042390964
https://openalex.org/W2042803713
https://openalex.org/W2043400344
https://openalex.org/W2043686979
https://openalex.org/W2046139540
https://openalex.org/W2047560669
https://openalex.org/W2048708427
https://openalex.org/W2048833809
https://openalex.org/W2049158794
https://openalex.org/W2049313224
https://openalex.org/W2049335781
https://openalex.org/W2049662255
https://openalex.org/W2050417063
https://openalex.org/W2050964087
https://openalex.org/W2051042709
https://openalex.org/W2051242010
https://openalex.org/W2052654651
https://openalex.org/W2052778976
https://openalex.org/W2052961615
https://openalex.org/W2053007123
https://openalex.org/W2053784885
https://openalex.org/W2055667372
https://openalex.org/W2055792160
https://openalex.org/W2056138621
https://openalex.org/W2056191175
https://openalex.org/W2056744742
https://openalex.org/W2057261332
https://openalex.org/W2058131080
https://openalex.org/W2059348802
https://openalex.org/W2060061830
https://openalex.org/W2060419044
https://openalex.org/W2060716050
https://openalex.org/W2061504058
https://openalex.org/W2065277298
https://openalex.org/W2065645001
https://openalex.org/W2065828532
https://openalex.org/W2068408387
https://openalex.org/W2069035648
https://openalex.org/W2069037962
https://openalex.org/W2069308909
https://openalex.org/W206932328
https://openalex.org/W2069511422
https://openalex.org/W2069622846
https://openalex.org/W2069880863
https://openalex.org/W2070150612
https://openalex.org/W2070345454
https://openalex.org/W2070734523
https://openalex.org/W2072545762
https://openalex.org/W2073487781
https://openalex.org/W2074422488
https://openalex.org/W2075114150
https://openalex.org/W2076510058
https://openalex.org/W2076524656
https://openalex.org/W2078686294
https://openalex.org/W2078911128
https://openalex.org/W2084404492
https://openalex.org/W2084799446
https://openalex.org/W2085823072
https://openalex.org/W2090078332
https://openalex.org/W2092942676
https://openalex.org/W2093304399
https://openalex.org/W2093495714
https://openalex.org/W2093779878
https://openalex.org/W2094182039
https://openalex.org/W2094191831
https://openalex.org/W2095167783
https://openalex.org/W2095978953
https://openalex.org/W2095996937
https://openalex.org/W2096505687
https://openalex.org/W2096834486
https://openalex.org/W209715363
https://openalex.org/W2098134682
https://openalex.org/W2100370710
https://openalex.org/W2100539920
https://openalex.org/W2101155588
https://openalex.org/W210896236
https://openalex.org/W2111054218
https://openalex.org/W2111666909
https://openalex.org/W2113069725
https://openalex.org/W2113903948
https://openalex.org/W2114882699
https://openalex.org/W2117971876
https://openalex.org/W2118217842
https://openalex.org/W2121439929
https://openalex.org/W2121491537
https://openalex.org/W2123677048
https://openalex.org/W2125344836
https://openalex.org/W2126181256
https://openalex.org/W2126367633
https://openalex.org/W2127146390
https://openalex.org/W2129627824
https://openalex.org/W2135767763
https://openalex.org/W2135793707
https://openalex.org/W2138849122
https://openalex.org/W2143982946
https://openalex.org/W2146975285
https://openalex.org/W2148204909
https://openalex.org/W2149637634
https://openalex.org/W2152523820
https://openalex.org/W2154352438
https://openalex.org/W2155300060
https://openalex.org/W2159680952
https://openalex.org/W2160389600
https://openalex.org/W2161699930
https://openalex.org/W2163844850
https://openalex.org/W2164698150
https://openalex.org/W2167263266
https://openalex.org/W2168152016
https://openalex.org/W2168836065
https://openalex.org/W2169450554
https://openalex.org/W2181796702
https://openalex.org/W2182793881
https://openalex.org/W2185440396
https://openalex.org/W2186217974
https://openalex.org/W2186306158
https://openalex.org/W2186353097
https://openalex.org/W2186673358
https://openalex.org/W2186940274
https://openalex.org/W2187281146
https://openalex.org/W2187316293
https://openalex.org/W2187328077
https://openalex.org/W2187867141
https://openalex.org/W2188085759
https://openalex.org/W2189294681
https://openalex.org/W2189477201
https://openalex.org/W2203497789
https://openalex.org/W2205809518
https://openalex.org/W2206697063
https://openalex.org/W2207958299
https://openalex.org/W2211144869
https://openalex.org/W2212251749
https://openalex.org/W2212357065
https://openalex.org/W2218685661
https://openalex.org/W2221791432
https://openalex.org/W2228032002
https://openalex.org/W2240501972
https://openalex.org/W2242328595
https://openalex.org/W2245686604
https://openalex.org/W224606040
https://openalex.org/W2246402363
https://openalex.org/W2248766118
https://openalex.org/W2254216998
https://openalex.org/W2256858475
https://openalex.org/W2258627750
https://openalex.org/W2259651784
https://openalex.org/W2261706295
https://openalex.org/W22629425
https://openalex.org/W2262992373
https://openalex.org/W2264750917
https://openalex.org/W2265051475
https://openalex.org/W2265383523
https://openalex.org/W2266456057
https://openalex.org/W2266960790
https://openalex.org/W2269007398
https://openalex.org/W2271336493
https://openalex.org/W2271522709
https://openalex.org/W2274115052
https://openalex.org/W2276580906
https://openalex.org/W2277106580
https://openalex.org/W2277498183
https://openalex.org/W2278422027
https://openalex.org/W2278498650
https://openalex.org/W2278594427
https://openalex.org/W2279269098
https://openalex.org/W2280343703
https://openalex.org/W2281579986
https://openalex.org/W2282080113
https://openalex.org/W2283590775
https://openalex.org/W2284959193
https://openalex.org/W2285491142
https://openalex.org/W2286761601
https://openalex.org/W2289152225
https://openalex.org/W2289577151
https://openalex.org/W2290364606
https://openalex.org/W2290407757
https://openalex.org/W2290527886
https://openalex.org/W2294744595
https://openalex.org/W2295434316
https://openalex.org/W2297490119
https://openalex.org/W2301343739
https://openalex.org/W2301439611
https://openalex.org/W2302252273
https://openalex.org/W2302947025
https://openalex.org/W2303329512
https://openalex.org/W2308421118
https://openalex.org/W2310378041
https://openalex.org/W2312235997
https://openalex.org/W2313332366
https://openalex.org/W2313973327
https://openalex.org/W2314063953
https://openalex.org/W2315732316
https://openalex.org/W2315892590
https://openalex.org/W2316035371
https://openalex.org/W2316445401
https://openalex.org/W2316577799
https://openalex.org/W2316667472
https://openalex.org/W2316702261
https://openalex.org/W2316768786
https://openalex.org/W2317251173
https://openalex.org/W2318035253
https://openalex.org/W2318340328
https://openalex.org/W2318909930
https://openalex.org/W2319814864
https://openalex.org/W2320092278
https://openalex.org/W2320100187
https://openalex.org/W2320497953
https://openalex.org/W2320862098
https://openalex.org/W2321120941
https://openalex.org/W2321312067
https://openalex.org/W2322361891
https://openalex.org/W2322513781
https://openalex.org/W2323198827
https://openalex.org/W2323492557
https://openalex.org/W2323779769
https://openalex.org/W2323809200
https://openalex.org/W2324354843
https://openalex.org/W2324441420
https://openalex.org/W2324499535
https://openalex.org/W2325225740
https://openalex.org/W2325232784
https://openalex.org/W2325531626
https://openalex.org/W2325783915
https://openalex.org/W2325810717
https://openalex.org/W2325911680
https://openalex.org/W2326010746
https://openalex.org/W2326208069
https://openalex.org/W2326221417
https://openalex.org/W2327050052
https://openalex.org/W2327336368
https://openalex.org/W2327711796
https://openalex.org/W2327720196
https://openalex.org/W232793
https://openalex.org/W2328094128
https://openalex.org/W2328871360
https://openalex.org/W2329018661
https://openalex.org/W2329467647
https://openalex.org/W2330109807
https://openalex.org/W2330926877
https://openalex.org/W2331225243
https://openalex.org/W2332255015
https://openalex.org/W2333536728
https://openalex.org/W2334256387
https://openalex.org/W2334603249
https://openalex.org/W2336736654
https://openalex.org/W2337463976
https://openalex.org/W2339332120
https://openalex.org/W2340839441
https://openalex.org/W2343355478
https://openalex.org/W2344616268
https://openalex.org/W2345248264
https://openalex.org/W2346243313
https://openalex.org/W2346933348
https://openalex.org/W2347513019
https://openalex.org/W2347745489
https://openalex.org/W2347817463
https://openalex.org/W2348093571
https://openalex.org/W2348213730
https://openalex.org/W2348239152
https://openalex.org/W2349017647
https://openalex.org/W2350177004
https://openalex.org/W2350730575
https://openalex.org/W2350760628
https://openalex.org/W2351079620
https://openalex.org/W2351812789
https://openalex.org/W2352618950
https://openalex.org/W2352686123
https://openalex.org/W2353225965
https://openalex.org/W2354219541
https://openalex.org/W2354466595
https://openalex.org/W2356687770
https://openalex.org/W2357020309
https://openalex.org/W2357066921
https://openalex.org/W2357488114
https://openalex.org/W2357803205
https://openalex.org/W2357976816
https://openalex.org/W2358113757
https://openalex.org/W2358546812
https://openalex.org/W2358678297
https://openalex.org/W2358835053
https://openalex.org/W2358920018
https://openalex.org/W2359579380
https://openalex.org/W2360160216
https://openalex.org/W2360824492
https://openalex.org/W2361121352
https://openalex.org/W2361496462
https://openalex.org/W2361696525
https://openalex.org/W2364633730
https://openalex.org/W2365304469
https://openalex.org/W2365359908
https://openalex.org/W2365367599
https://openalex.org/W2366267625
https://openalex.org/W2366399610
https://openalex.org/W2366426666
https://openalex.org/W2366434955
https://openalex.org/W2366452395
https://openalex.org/W2367969730
https://openalex.org/W2368023518
https://openalex.org/W2368747907
https://openalex.org/W2369391226
https://openalex.org/W2370945376
https://openalex.org/W2372040514
https://openalex.org/W2372321470
https://openalex.org/W2372505070
https://openalex.org/W2372523478
https://openalex.org/W2372757808
https://openalex.org/W2372861382
https://openalex.org/W2372954340
https://openalex.org/W2373708031
https://openalex.org/W2373970939
https://openalex.org/W2374412028
https://openalex.org/W2375200291
https://openalex.org/W2376553295
https://openalex.org/W2377618254
https://openalex.org/W2377647155
https://openalex.org/W2377672265
https://openalex.org/W2378377491
https://openalex.org/W2379159200
https://openalex.org/W2379605486
https://openalex.org/W2379791909
https://openalex.org/W2379937469
https://openalex.org/W2380409925
https://openalex.org/W2380887109
https://openalex.org/W2382025727
https://openalex.org/W2382152354
https://openalex.org/W2382638649
https://openalex.org/W2382700085
https://openalex.org/W2383500354
https://openalex.org/W2385552000
https://openalex.org/W2385726619
https://openalex.org/W2385946482
https://openalex.org/W2386917428
https://openalex.org/W2386938759
https://openalex.org/W2387814790
https://openalex.org/W2388011298
https://openalex.org/W2388155323
https://openalex.org/W2389211931
https://openalex.org/W2390395028
https://openalex.org/W2390662876
https://openalex.org/W2391006836
https://openalex.org/W2391566454
https://openalex.org/W2393506551
https://openalex.org/W2393725691
https://openalex.org/W2394758373
https://openalex.org/W2395329278
https://openalex.org/W2395628872
https://openalex.org/W2396063067
https://openalex.org/W2399805856
https://openalex.org/W2399903118
https://openalex.org/W2401801062
https://openalex.org/W2401825057
https://openalex.org/W2402016391
https://openalex.org/W2403018291
https://openalex.org/W2403151548
https://openalex.org/W2403218132
https://openalex.org/W2403367851
https://openalex.org/W2405498438
https://openalex.org/W2406556381
https://openalex.org/W2408214283
https://openalex.org/W2408730484
https://openalex.org/W2408758601
https://openalex.org/W2409065723
https://openalex.org/W2409076684
https://openalex.org/W2409316971
https://openalex.org/W2409884442
https://openalex.org/W2410181274
https://openalex.org/W2410659353
https://openalex.org/W2411012190
https://openalex.org/W2411142725
https://openalex.org/W2411530213
https://openalex.org/W2411549014
https://openalex.org/W2411753265
https://openalex.org/W2411815668
https://openalex.org/W2411906462
https://openalex.org/W2412033814
https://openalex.org/W2412269866
https://openalex.org/W2412762457
https://openalex.org/W2412798714
https://openalex.org/W2413055122
https://openalex.org/W2413110727
https://openalex.org/W2413312649
https://openalex.org/W2413928272
https://openalex.org/W2414157251
https://openalex.org/W2414312434
https://openalex.org/W2414503631
https://openalex.org/W2414810223
https://openalex.org/W2415490167
https://openalex.org/W2415946345
https://openalex.org/W2416837057
https://openalex.org/W2416878792
https://openalex.org/W2417796347
https://openalex.org/W2417898123
https://openalex.org/W2418396663
https://openalex.org/W2418718886
https://openalex.org/W2418816715
https://openalex.org/W2419009008
https://openalex.org/W2419171078
https://openalex.org/W2419391194
https://openalex.org/W2421659533
https://openalex.org/W2423800469
https://openalex.org/W2430146198
https://openalex.org/W2432210446
https://openalex.org/W2432497576
https://openalex.org/W2442347913
https://openalex.org/W2442632794
https://openalex.org/W244749450
https://openalex.org/W2460856702
https://openalex.org/W2461247659
https://openalex.org/W2461392908
https://openalex.org/W2462158954
https://openalex.org/W2462841721
https://openalex.org/W2462977451
https://openalex.org/W2463977811
https://openalex.org/W2464841805
https://openalex.org/W2465260282
https://openalex.org/W2466369137
https://openalex.org/W2467270346
https://openalex.org/W2467306125
https://openalex.org/W2467493425
https://openalex.org/W2467893950
https://openalex.org/W2468081975
https://openalex.org/W2468321066
https://openalex.org/W2469397557
https://openalex.org/W2469410325
https://openalex.org/W2470104122
https://openalex.org/W2472061069
https://openalex.org/W2472983183
https://openalex.org/W2473064800
https://openalex.org/W2473344808
https://openalex.org/W2474270073
https://openalex.org/W2474405037
https://openalex.org/W2476011687
https://openalex.org/W2476724243
https://openalex.org/W2479072654
https://openalex.org/W2479157293
https://openalex.org/W2479308071
https://openalex.org/W2480573190
https://openalex.org/W2481247820
https://openalex.org/W2482456236
https://openalex.org/W2482742987
https://openalex.org/W2483358674
https://openalex.org/W2483358836
https://openalex.org/W2483487829
https://openalex.org/W2485255361
https://openalex.org/W2485529661
https://openalex.org/W2485715476
https://openalex.org/W2487445068
https://openalex.org/W2487931027
https://openalex.org/W2487969048
https://openalex.org/W2489824086
https://openalex.org/W2496286674
https://openalex.org/W2496877546
https://openalex.org/W2499207011
https://openalex.org/W2500161705
https://openalex.org/W2500882415
https://openalex.org/W2503172226
https://openalex.org/W2503309258
https://openalex.org/W2504359976
https://openalex.org/W2507363681
https://openalex.org/W2508443692
https://openalex.org/W2509248457
https://openalex.org/W2509286107
https://openalex.org/W2510178539
https://openalex.org/W2511463524
https://openalex.org/W2511776727
https://openalex.org/W2512205593
https://openalex.org/W2512321850
https://openalex.org/W251243465
https://openalex.org/W2512465040
https://openalex.org/W2513015356
https://openalex.org/W2513345138
https://openalex.org/W2513741879
https://openalex.org/W2514877247
https://openalex.org/W2515924723
https://openalex.org/W2516334190
https://openalex.org/W2516464534
https://openalex.org/W2517410511
https://openalex.org/W2517623366
https://openalex.org/W2519145199
https://openalex.org/W2519247089
https://openalex.org/W2519608808
https://openalex.org/W2524029616
https://openalex.org/W2524563434
https://openalex.org/W2525195040
https://openalex.org/W2525501616
https://openalex.org/W2525610667
https://openalex.org/W2525883132
https://openalex.org/W2526966139
https://openalex.org/W2527355969
https://openalex.org/W2527703292
https://openalex.org/W2528172779
https://openalex.org/W2528652925
https://openalex.org/W2528708716
https://openalex.org/W2528851842
https://openalex.org/W2529249060
https://openalex.org/W2529290323
https://openalex.org/W2529441648
https://openalex.org/W2529494839
https://openalex.org/W2529588404
https://openalex.org/W2529811356
https://openalex.org/W2530413093
https://openalex.org/W2530578523
https://openalex.org/W2530862064
https://openalex.org/W2531112570
https://openalex.org/W2531171089
https://openalex.org/W2531181048
https://openalex.org/W2531876605
https://openalex.org/W253243101
https://openalex.org/W2538246456
https://openalex.org/W2541560865
https://openalex.org/W2542068076
https://openalex.org/W2547305264
https://openalex.org/W2551148494
https://openalex.org/W2552355961
https://openalex.org/W2552748822
https://openalex.org/W2552920160
https://openalex.org/W2553871261
https://openalex.org/W2553946032
https://openalex.org/W2554191208
https://openalex.org/W2554664943
https://openalex.org/W2555694517
https://openalex.org/W2555866588
https://openalex.org/W2556025862
https://openalex.org/W2556905297
https://openalex.org/W2557210801
https://openalex.org/W2557213613
https://openalex.org/W2559372680
https://openalex.org/W2560030590
https://openalex.org/W2560092251
https://openalex.org/W2560511143
https://openalex.org/W2560597340
https://openalex.org/W2560658320
https://openalex.org/W2561824969
https://openalex.org/W2563069787
https://openalex.org/W2563186929
https://openalex.org/W2564159461
https://openalex.org/W2564162082
https://openalex.org/W2565143969
https://openalex.org/W2566719489
https://openalex.org/W256690211
https://openalex.org/W2567043808
https://openalex.org/W2567212488
https://openalex.org/W2567237195
https://openalex.org/W2567719129
https://openalex.org/W2568169410
https://openalex.org/W2569468845
https://openalex.org/W2571693011
https://openalex.org/W2572182642
https://openalex.org/W2572688551
https://openalex.org/W2574262538
https://openalex.org/W2577916951
https://openalex.org/W2580431699
https://openalex.org/W2580539224
https://openalex.org/W2580746287
https://openalex.org/W2581846883
https://openalex.org/W258420251
https://openalex.org/W2585444806
https://openalex.org/W2586105465
https://openalex.org/W2586134788
https://openalex.org/W2586819704
https://openalex.org/W2587369432
https://openalex.org/W2587392817
https://openalex.org/W2587486740
https://openalex.org/W2587579061
https://openalex.org/W2588541946
https://openalex.org/W2588716626
https://openalex.org/W2588752613
https://openalex.org/W2589374077
https://openalex.org/W2589515438
https://openalex.org/W2589550120
https://openalex.org/W2589649615
https://openalex.org/W2590027182
https://openalex.org/W2590466466
https://openalex.org/W2590518610
https://openalex.org/W2590594182
https://openalex.org/W2590796506
https://openalex.org/W2590869111
https://openalex.org/W2591024894
https://openalex.org/W2591276412
https://openalex.org/W2591706651
https://openalex.org/W2591722235
https://openalex.org/W2591997427
https://openalex.org/W2592020907
https://openalex.org/W2592076287
https://openalex.org/W2592307320
https://openalex.org/W2592418632
https://openalex.org/W2593506365
https://openalex.org/W2593712379
https://openalex.org/W2593726745
https://openalex.org/W2593739104
https://openalex.org/W2593853986
https://openalex.org/W2594049559
https://openalex.org/W25940521
https://openalex.org/W2594077030
https://openalex.org/W2594478622
https://openalex.org/W2594504908
https://openalex.org/W2594581991
https://openalex.org/W2594720122
https://openalex.org/W2594847211
https://openalex.org/W2595147701
https://openalex.org/W2595781701
https://openalex.org/W2595999321
https://openalex.org/W2596274300
https://openalex.org/W2597257086
https://openalex.org/W2597411961
https://openalex.org/W2598027654
https://openalex.org/W2598143657
https://openalex.org/W2598211987
https://openalex.org/W2598835068
https://openalex.org/W2599015001
https://openalex.org/W2599359608
https://openalex.org/W2599480222
https://openalex.org/W2599668509
https://openalex.org/W2599756994
https://openalex.org/W2599831338
https://openalex.org/W2600716551
https://openalex.org/W2601141980
https://openalex.org/W2601955651
https://openalex.org/W2601961641
https://openalex.org/W2602673187
https://openalex.org/W2603545960
https://openalex.org/W2603683918
https://openalex.org/W2603962931
https://openalex.org/W2604493737
https://openalex.org/W2605064550
https://openalex.org/W2605131800
https://openalex.org/W2605174540
https://openalex.org/W2605188303
https://openalex.org/W2605195617
https://openalex.org/W2605221785
https://openalex.org/W2606531872
https://openalex.org/W2607650829
https://openalex.org/W2607786713
https://openalex.org/W2607865740
https://openalex.org/W2608048487
https://openalex.org/W2609138017
https://openalex.org/W2609243798
https://openalex.org/W2609620656
https://openalex.org/W2610255058
https://openalex.org/W2610458033
https://openalex.org/W2610874588
https://openalex.org/W2611540266
https://openalex.org/W2612652118
https://openalex.org/W2612822801
https://openalex.org/W2613114637
https://openalex.org/W2613597080
https://openalex.org/W2613743047
https://openalex.org/W2613818866
https://openalex.org/W2615760157
https://openalex.org/W2616557323
https://openalex.org/W2616906191
https://openalex.org/W2617404313
https://openalex.org/W2617540708
https://openalex.org/W2618345068
https://openalex.org/W2620125310
https://openalex.org/W2620290217
https://openalex.org/W2620773447
https://openalex.org/W2621040581
https://openalex.org/W2621170512
https://openalex.org/W2621257064
https://openalex.org/W2621841897
https://openalex.org/W2621994345
https://openalex.org/W2622384694
https://openalex.org/W2622741629
https://openalex.org/W2622745702
https://openalex.org/W2623863053
https://openalex.org/W2625126084
https://openalex.org/W2625903245
https://openalex.org/W2626301342
https://openalex.org/W2626667277
https://openalex.org/W2626767604
https://openalex.org/W263754595
https://openalex.org/W2638499204
https://openalex.org/W2640865582
https://openalex.org/W2700347513
https://openalex.org/W2703633741
https://openalex.org/W2703681762
https://openalex.org/W2705178556
https://openalex.org/W2707314570
https://openalex.org/W2724560960
https://openalex.org/W2725352790
https://openalex.org/W2726665677
https://openalex.org/W2727094705
https://openalex.org/W2727161737
https://openalex.org/W2727420555
https://openalex.org/W2727713787
https://openalex.org/W2730388299
https://openalex.org/W2731037378
https://openalex.org/W2732028147
https://openalex.org/W2732231015
https://openalex.org/W2733192002
https://openalex.org/W2733503579
https://openalex.org/W2734221766
https://openalex.org/W2734391868
https://openalex.org/W2734411569
https://openalex.org/W2734431705
https://openalex.org/W2734437814
https://openalex.org/W2734472712
https://openalex.org/W2734565572
https://openalex.org/W2735037715
https://openalex.org/W2735128507
https://openalex.org/W2735143272
https://openalex.org/W2735549904
https://openalex.org/W2735825734
https://openalex.org/W2736034564
https://openalex.org/W2736407596
https://openalex.org/W2736741429
https://openalex.org/W2736761441
https://openalex.org/W2737331190
https://openalex.org/W2737366816
https://openalex.org/W2737418682
https://openalex.org/W2738084377
https://openalex.org/W2738140102
https://openalex.org/W2738173094
https://openalex.org/W2738226298
https://openalex.org/W2738240422
https://openalex.org/W2738244104
https://openalex.org/W2738332580
https://openalex.org/W2738389131
https://openalex.org/W2738451567
https://openalex.org/W2738761020
https://openalex.org/W2738912656
https://openalex.org/W2739435687
https://openalex.org/W2739993077
https://openalex.org/W2740579284
https://openalex.org/W2740995472
https://openalex.org/W2741169693
https://openalex.org/W2741975963
https://openalex.org/W2742961130
https://openalex.org/W2743109013
https://openalex.org/W2743112565
https://openalex.org/W2743215490
https://openalex.org/W2743471322
https://openalex.org/W2743487395
https://openalex.org/W2743884766
https://openalex.org/W2744275327
https://openalex.org/W2744471326
https://openalex.org/W2744933476
https://openalex.org/W2745002195
https://openalex.org/W2745009942
https://openalex.org/W2746088446
https://openalex.org/W2746199738
https://openalex.org/W2746777246
https://openalex.org/W2746953391
https://openalex.org/W2747566997
https://openalex.org/W2747633736
https://openalex.org/W2747902132
https://openalex.org/W2748057299
https://openalex.org/W2748059692
https://openalex.org/W2748169293
https://openalex.org/W2748892933
https://openalex.org/W2748909816
https://openalex.org/W2749163366
https://openalex.org/W2750042753
https://openalex.org/W2750045661
https://openalex.org/W2750064206
https://openalex.org/W2750243620
https://openalex.org/W2750248443
https://openalex.org/W2750315035
https://openalex.org/W2750441381
https://openalex.org/W2750565703
https://openalex.org/W2750842658
https://openalex.org/W2751042764
https://openalex.org/W2751163457
https://openalex.org/W2751318697
https://openalex.org/W2752341419
https://openalex.org/W2752887812
https://openalex.org/W2752889995
https://openalex.org/W2753260747
https://openalex.org/W2754132259
https://openalex.org/W2754326350
https://openalex.org/W2754705123
https://openalex.org/W2755314961
https://openalex.org/W2755704608
https://openalex.org/W2755814751
https://openalex.org/W2755818302
https://openalex.org/W2756415279
https://openalex.org/W2756737545
https://openalex.org/W2757038090
https://openalex.org/W2757279743
https://openalex.org/W2757402465
https://openalex.org/W2757492562
https://openalex.org/W2757666065
https://openalex.org/W2757804982
https://openalex.org/W2757964857
https://openalex.org/W2758532938
https://openalex.org/W2758674218
https://openalex.org/W2759196888
https://openalex.org/W2760301363
https://openalex.org/W2760756069
https://openalex.org/W2761289484
https://openalex.org/W2762580712
https://openalex.org/W2765243560
https://openalex.org/W2765752573
https://openalex.org/W2766669136
https://openalex.org/W2768507883
https://openalex.org/W2768791489
https://openalex.org/W2769275263
https://openalex.org/W2770585217
https://openalex.org/W2770760052
https://openalex.org/W2770969112
https://openalex.org/W2771377182
https://openalex.org/W2771460250
https://openalex.org/W2771502405
https://openalex.org/W2771630578
https://openalex.org/W2771666227
https://openalex.org/W2772418084
https://openalex.org/W2772528588
https://openalex.org/W2772726493
https://openalex.org/W2773151295
https://openalex.org/W2773313511
https://openalex.org/W2774124593
https://openalex.org/W2774181750
https://openalex.org/W2774362527
https://openalex.org/W277440941
https://openalex.org/W2774792172
https://openalex.org/W2774898078
https://openalex.org/W2774988704
https://openalex.org/W2775272578
https://openalex.org/W2775344976
https://openalex.org/W2775522051
https://openalex.org/W2776259928
https://openalex.org/W2777838240
https://openalex.org/W2779526712
https://openalex.org/W2781171680
https://openalex.org/W2782974386
https://openalex.org/W2783580737
https://openalex.org/W2783594453
https://openalex.org/W2783753510
https://openalex.org/W2784028003
https://openalex.org/W2784830382
https://openalex.org/W2787341234
https://openalex.org/W2788125383
https://openalex.org/W2788295161
https://openalex.org/W2788587897
https://openalex.org/W2788967899
https://openalex.org/W2788985597
https://openalex.org/W2789668104
https://openalex.org/W2789732423
https://openalex.org/W2789986120
https://openalex.org/W2790210416
https://openalex.org/W2790450006
https://openalex.org/W2791424947
https://openalex.org/W2791912630
https://openalex.org/W2791914047
https://openalex.org/W2792108598
https://openalex.org/W2792240244
https://openalex.org/W2792739103
https://openalex.org/W2793235240
https://openalex.org/W2793313979
https://openalex.org/W2793328627
https://openalex.org/W2793406157
https://openalex.org/W2793472406
https://openalex.org/W2793732945
https://openalex.org/W2793942318
https://openalex.org/W2794306549
https://openalex.org/W2795430030
https://openalex.org/W2797011787
https://openalex.org/W2799600106
https://openalex.org/W2801574572
https://openalex.org/W2801826908
https://openalex.org/W2802460866
https://openalex.org/W2802609643
https://openalex.org/W2803477399
https://openalex.org/W2803777292
https://openalex.org/W2803820323
https://openalex.org/W2805557622
https://openalex.org/W28056405
https://openalex.org/W2806884208
https://openalex.org/W2807311047
https://openalex.org/W2808632289
https://openalex.org/W2810017669
https://openalex.org/W2811074238
https://openalex.org/W2811419373
https://openalex.org/W2811505518
https://openalex.org/W2876399695
https://openalex.org/W2883045565
https://openalex.org/W2883913359
https://openalex.org/W2884837027
https://openalex.org/W2885487883
https://openalex.org/W2885579170
https://openalex.org/W2887382282
https://openalex.org/W2887561274
https://openalex.org/W2887828606
https://openalex.org/W2888002430
https://openalex.org/W2889664154
https://openalex.org/W2889664287
https://openalex.org/W2890372739
https://openalex.org/W2891398307
https://openalex.org/W2891745774
https://openalex.org/W2892095217
https://openalex.org/W2892523746
https://openalex.org/W2892570657
https://openalex.org/W2895459704
https://openalex.org/W2895874963
https://openalex.org/W2896853172
https://openalex.org/W2897236108
https://openalex.org/W2897417034
https://openalex.org/W2897939527
https://openalex.org/W2898098135
https://openalex.org/W2898118655
https://openalex.org/W2898154197
https://openalex.org/W2898208806
https://openalex.org/W2898608368
https://openalex.org/W2898917527
https://openalex.org/W2899256815
https://openalex.org/W2899416370
https://openalex.org/W2899840061
https://openalex.org/W2901385455
https://openalex.org/W2901846148
https://openalex.org/W2907447614
https://openalex.org/W2908093230
https://openalex.org/W2908649668
https://openalex.org/W2908697846
https://openalex.org/W2908719301
https://openalex.org/W2908945789
https://openalex.org/W2909450568
https://openalex.org/W2909857837
https://openalex.org/W2911128951
https://openalex.org/W2911989003
https://openalex.org/W2912038107
https://openalex.org/W2912395398
https://openalex.org/W2912704167
https://openalex.org/W2913236508
https://openalex.org/W2913457237
https://openalex.org/W2914149034
https://openalex.org/W2914821012
https://openalex.org/W2915361532
https://openalex.org/W2915390580
https://openalex.org/W2915577169
https://openalex.org/W2915924568
https://openalex.org/W2916949899
https://openalex.org/W2917188198
https://openalex.org/W2917594937
https://openalex.org/W2918220126
https://openalex.org/W2918435544
https://openalex.org/W2921253765
https://openalex.org/W2921402210
https://openalex.org/W2921656068
https://openalex.org/W2921754373
https://openalex.org/W2922322289
https://openalex.org/W2922369884
https://openalex.org/W2923918605
https://openalex.org/W2923945488
https://openalex.org/W2925136586
https://openalex.org/W2933354556
https://openalex.org/W2934434721
https://openalex.org/W2934867782
https://openalex.org/W2934954148
https://openalex.org/W2936187207
https://openalex.org/W2937102462
https://openalex.org/W2937634111
https://openalex.org/W2939714161
https://openalex.org/W2941634492
https://openalex.org/W2941994549
https://openalex.org/W2942188398
https://openalex.org/W2942191653
https://openalex.org/W2942588204
https://openalex.org/W2942648572
https://openalex.org/W2942653937
https://openalex.org/W2942688105
https://openalex.org/W2943121792
https://openalex.org/W2943325734
https://openalex.org/W2943342259
https://openalex.org/W2944099004
https://openalex.org/W2944275178
https://openalex.org/W2944654926
https://openalex.org/W2944974068
https://openalex.org/W2945069465
https://openalex.org/W2946611559
https://openalex.org/W2948129663
https://openalex.org/W2948229338
https://openalex.org/W2948662528
https://openalex.org/W2949263850
https://openalex.org/W2949522798
https://openalex.org/W2949594336
https://openalex.org/W2949596269
https://openalex.org/W2949624166
https://openalex.org/W2952114866
https://openalex.org/W2952308989
https://openalex.org/W2953368232
https://openalex.org/W2953419831
https://openalex.org/W2953630222
https://openalex.org/W2953829523
https://openalex.org/W2954264557
https://openalex.org/W2955186184
https://openalex.org/W2955492981
https://openalex.org/W2956065241
https://openalex.org/W2958934369
https://openalex.org/W2959601733
https://openalex.org/W2962723386
https://openalex.org/W2963075017
https://openalex.org/W2964181954
https://openalex.org/W2964871300
https://openalex.org/W2965255892
https://openalex.org/W2965582740
https://openalex.org/W2965970971
https://openalex.org/W2966288142
https://openalex.org/W2966615221
https://openalex.org/W2967772249
https://openalex.org/W2968312892
https://openalex.org/W2968481282
https://openalex.org/W2969464092
https://openalex.org/W2969529035
https://openalex.org/W2969825334
https://openalex.org/W2970118274
https://openalex.org/W2971014884
https://openalex.org/W2972294311
https://openalex.org/W2972494915
https://openalex.org/W2973187630
https://openalex.org/W2974439773
https://openalex.org/W2974503264
https://openalex.org/W2974879687
https://openalex.org/W2977585806
https://openalex.org/W2978014802
https://openalex.org/W2978089909
https://openalex.org/W2978483171
https://openalex.org/W2978721943
https://openalex.org/W2979674793
https://openalex.org/W2980016051
https://openalex.org/W2980462416
https://openalex.org/W2980486667
https://openalex.org/W2980939951
https://openalex.org/W2981067712
https://openalex.org/W2981458399
https://openalex.org/W2981476041
https://openalex.org/W2981495210
https://openalex.org/W2981520190
https://openalex.org/W2981673393
https://openalex.org/W2981697436
https://openalex.org/W2981727567
https://openalex.org/W2981732849
https://openalex.org/W2981896513
https://openalex.org/W2982003231
https://openalex.org/W2982012981
https://openalex.org/W2982055108
https://openalex.org/W2982546855
https://openalex.org/W2982975427
https://openalex.org/W2984484212
https://openalex.org/W2984967970
https://openalex.org/W2985075705
https://openalex.org/W2985639368
https://openalex.org/W2985680070
https://openalex.org/W2985996099
https://openalex.org/W2986512508
https://openalex.org/W2986566028
https://openalex.org/W2986758372
https://openalex.org/W2987033411
https://openalex.org/W2987234913
https://openalex.org/W2987252687
https://openalex.org/W2987542017
https://openalex.org/W2989794905
https://openalex.org/W2989821205
https://openalex.org/W2990174141
https://openalex.org/W2990178720
https://openalex.org/W2990327997
https://openalex.org/W2990490151
https://openalex.org/W2990641920
https://openalex.org/W2990778415
https://openalex.org/W2990927154
https://openalex.org/W2991249691
https://openalex.org/W2991373362
https://openalex.org/W2991496748
https://openalex.org/W2991497567
https://openalex.org/W2991523070
https://openalex.org/W2991625159
https://openalex.org/W2991838292
https://openalex.org/W2991898115
https://openalex.org/W2993001338
https://openalex.org/W2993891532
https://openalex.org/W2993956867
https://openalex.org/W2994060920
https://openalex.org/W2994614607
https://openalex.org/W2994668191
https://openalex.org/W2994990356
https://openalex.org/W2995082293
https://openalex.org/W2995098616
https://openalex.org/W2995124661
https://openalex.org/W2995335708
https://openalex.org/W2995442858
https://openalex.org/W2995456901
https://openalex.org/W2995679270
https://openalex.org/W2995983009
https://openalex.org/W2996045388
https://openalex.org/W2996288692
https://openalex.org/W2996473466
https://openalex.org/W2996616615
https://openalex.org/W2997025157
https://openalex.org/W2997080708
https://openalex.org/W2997150679
https://openalex.org/W2997414705
https://openalex.org/W2997605020
https://openalex.org/W2997613080
https://openalex.org/W2997824860
https://openalex.org/W2998205325
https://openalex.org/W2998229954
https://openalex.org/W2998252354
https://openalex.org/W2998262226
https://openalex.org/W2998474385
https://openalex.org/W2998770052
https://openalex.org/W2998800788
https://openalex.org/W2999228894
https://openalex.org/W2999562455
https://openalex.org/W2999693810
https://openalex.org/W2999713800
https://openalex.org/W2999807801
https://openalex.org/W2999895914
https://openalex.org/W3000376120
https://openalex.org/W3002020158
https://openalex.org/W3003018480
https://openalex.org/W3003430715
https://openalex.org/W3003520271
https://openalex.org/W3003574295
https://openalex.org/W3003608038
https://openalex.org/W3003702184
https://openalex.org/W3003764465
https://openalex.org/W3003808614
https://openalex.org/W3003866287
https://openalex.org/W3003940420
https://openalex.org/W3003980331
https://openalex.org/W3004009031
https://openalex.org/W3004137505
https://openalex.org/W3004256776
https://openalex.org/W3004263419
https://openalex.org/W3004476781
https://openalex.org/W3004649248
https://openalex.org/W3004701630
https://openalex.org/W3004723742
https://openalex.org/W3004940716
https://openalex.org/W3004969008
https://openalex.org/W3005052554
https://openalex.org/W3005065960
https://openalex.org/W3005493791
https://openalex.org/W3005786248
https://openalex.org/W3005905681
https://openalex.org/W3005913267
https://openalex.org/W3006028687
https://openalex.org/W3006074840
https://openalex.org/W3006373259
https://openalex.org/W3006690243
https://openalex.org/W3006729658
https://openalex.org/W3007197445
https://openalex.org/W3007540841
https://openalex.org/W3008006405
https://openalex.org/W3008097261
https://openalex.org/W3008288641
https://openalex.org/W3008648419
https://openalex.org/W3008652761
https://openalex.org/W3009077979
https://openalex.org/W3009371227
https://openalex.org/W3009885258
https://openalex.org/W3010073613
https://openalex.org/W3010133711
https://openalex.org/W3010206085
https://openalex.org/W3010247070
https://openalex.org/W3010461637
https://openalex.org/W3010636211
https://openalex.org/W3010750086
https://openalex.org/W3010773877
https://openalex.org/W3011179708
https://openalex.org/W3011250497
https://openalex.org/W3011585338
https://openalex.org/W3011595370
https://openalex.org/W3011661808
https://openalex.org/W3011719346
https://openalex.org/W3011802270
https://openalex.org/W3011810307
https://openalex.org/W3012060412
https://openalex.org/W3012120734
https://openalex.org/W3012246534
https://openalex.org/W3012336158
https://openalex.org/W3012505644
https://openalex.org/W3013229856
https://openalex.org/W3013344195
https://openalex.org/W3013402645
https://openalex.org/W3013567435
https://openalex.org/W3013574505
https://openalex.org/W3013579380
https://openalex.org/W3013650783
https://openalex.org/W3013693295
https://openalex.org/W3013699011
https://openalex.org/W3013744183
https://openalex.org/W3013799782
https://openalex.org/W3013941672
https://openalex.org/W3013996974
https://openalex.org/W3014127337
https://openalex.org/W3014503601
https://openalex.org/W3014631895
https://openalex.org/W3014737924
https://openalex.org/W3014852649
https://openalex.org/W3014974066
https://openalex.org/W3015008835
https://openalex.org/W3015058629
https://openalex.org/W3015423110
https://openalex.org/W3015779217
https://openalex.org/W3015897694
https://openalex.org/W3015941841
https://openalex.org/W3015992327
https://openalex.org/W3015999076
https://openalex.org/W3016004187
https://openalex.org/W3016057406
https://openalex.org/W3016169674
https://openalex.org/W3016536395
https://openalex.org/W3016835357
https://openalex.org/W3016947263
https://openalex.org/W3017096087
https://openalex.org/W3017249838
https://openalex.org/W3017251962
https://openalex.org/W3019304869
https://openalex.org/W3019685542
https://openalex.org/W3019728333
https://openalex.org/W3019877367
https://openalex.org/W3019991205
https://openalex.org/W3020173436
https://openalex.org/W3020318836
https://openalex.org/W3020338098
https://openalex.org/W3020349588
https://openalex.org/W3021261856
https://openalex.org/W3021267543
https://openalex.org/W3022027299
https://openalex.org/W3022364904
https://openalex.org/W3022398800
https://openalex.org/W3022432263
https://openalex.org/W3022829871
https://openalex.org/W3022853892
https://openalex.org/W3022893293
https://openalex.org/W3023048125
https://openalex.org/W3023084296
https://openalex.org/W3023110696
https://openalex.org/W3023152457
https://openalex.org/W3023209528
https://openalex.org/W3023214197
https://openalex.org/W3023248262
https://openalex.org/W3023989836
https://openalex.org/W3024053182
https://openalex.org/W3024411572
https://openalex.org/W3024449658
https://openalex.org/W3024456558
https://openalex.org/W302489148
https://openalex.org/W3024998354
https://openalex.org/W3025051791
https://openalex.org/W3025235657
https://openalex.org/W3025374633
https://openalex.org/W3025697042
https://openalex.org/W3025874704
https://openalex.org/W3026031128
https://openalex.org/W3026178585
https://openalex.org/W3026766601
https://openalex.org/W3027158094
https://openalex.org/W3027289483
https://openalex.org/W3027467196
https://openalex.org/W3027487940
https://openalex.org/W3027960206
https://openalex.org/W3028366971
https://openalex.org/W3028671068
https://openalex.org/W3028833042
https://openalex.org/W3028950310
https://openalex.org/W3029090340
https://openalex.org/W3029175420
https://openalex.org/W3029390231
https://openalex.org/W3029986774
https://openalex.org/W3030023017
https://openalex.org/W3030040570
https://openalex.org/W3030290751
https://openalex.org/W3030354386
https://openalex.org/W3030514683
https://openalex.org/W3030534304
https://openalex.org/W3030540916
https://openalex.org/W3030562287
https://openalex.org/W3030629919
https://openalex.org/W3030630968
https://openalex.org/W3030767468
https://openalex.org/W3030952237
https://openalex.org/W3031045851
https://openalex.org/W3031138956
https://openalex.org/W3031170414
https://openalex.org/W3031238049
https://openalex.org/W3031430243
https://openalex.org/W3031616325
https://openalex.org/W3031636749
https://openalex.org/W3031649184
https://openalex.org/W3031750550
https://openalex.org/W3031835322
https://openalex.org/W3031910322
https://openalex.org/W3032009917
https://openalex.org/W3032066716
https://openalex.org/W3032110590
https://openalex.org/W3032162019
https://openalex.org/W3032439417
https://openalex.org/W3032542708
https://openalex.org/W3032671448
https://openalex.org/W3032736692
https://openalex.org/W3032803979
https://openalex.org/W3033130456
https://openalex.org/W3033654650
https://openalex.org/W3033710889
https://openalex.org/W3033824138
https://openalex.org/W3033866835
https://openalex.org/W3034063132
https://openalex.org/W3034260519
https://openalex.org/W3034346458
https://openalex.org/W3034428066
https://openalex.org/W3034657547
https://openalex.org/W3034714009
https://openalex.org/W3034718059
https://openalex.org/W3034724584
https://openalex.org/W3034827316
https://openalex.org/W3035000635
https://openalex.org/W3035585399
https://openalex.org/W3035863294
https://openalex.org/W3036023678
https://openalex.org/W3036506667
https://openalex.org/W3036520402
https://openalex.org/W3037179010
https://openalex.org/W3037410082
https://openalex.org/W3037645643
https://openalex.org/W3038108736
https://openalex.org/W3039440902
https://openalex.org/W3039649083
https://openalex.org/W3039971820
https://openalex.org/W3040923389
https://openalex.org/W3040953075
https://openalex.org/W3040998210
https://openalex.org/W3041434395
https://openalex.org/W3041439427
https://openalex.org/W3041781324
https://openalex.org/W3042227555
https://openalex.org/W3042518177
https://openalex.org/W3043088789
https://openalex.org/W3043106221
https://openalex.org/W3043168195
https://openalex.org/W3043465604
https://openalex.org/W3043709483
https://openalex.org/W3043996604
https://openalex.org/W3044464388
https://openalex.org/W3044903556
https://openalex.org/W3044941465
https://openalex.org/W3045527022
https://openalex.org/W3046230534
https://openalex.org/W3046757560
https://openalex.org/W3046786844
https://openalex.org/W3047110727
https://openalex.org/W3047732310
https://openalex.org/W3047951775
https://openalex.org/W3047960518
https://openalex.org/W3048531709
https://openalex.org/W3048608279
https://openalex.org/W3048910824
https://openalex.org/W3049146072
https://openalex.org/W3049350174
https://openalex.org/W3049732600
https://openalex.org/W3053379321
https://openalex.org/W305586087
https://openalex.org/W306419845
https://openalex.org/W3067580280
https://openalex.org/W3080400066
https://openalex.org/W3081301044
https://openalex.org/W3081743848
https://openalex.org/W3081786019
https://openalex.org/W3082203706
https://openalex.org/W3082440806
https://openalex.org/W3082709959
https://openalex.org/W3082996790
https://openalex.org/W3083288213
https://openalex.org/W3083585858
https://openalex.org/W3083964025
https://openalex.org/W3084289331
https://openalex.org/W3084368474
https://openalex.org/W3084902280
https://openalex.org/W3085042379
https://openalex.org/W3085049382
https://openalex.org/W3085445894
https://openalex.org/W3085909352
https://openalex.org/W3086182125
https://openalex.org/W3086198945
https://openalex.org/W3086229569
https://openalex.org/W3086643903
https://openalex.org/W3086799301
https://openalex.org/W3086924183
https://openalex.org/W3086960759
https://openalex.org/W3087202153
https://openalex.org/W3087632809
https://openalex.org/W3087748218
https://openalex.org/W3087770708
https://openalex.org/W3088124544
https://openalex.org/W3088145185
https://openalex.org/W3088354765
https://openalex.org/W3088544235
https://openalex.org/W3088803634
https://openalex.org/W3088839412
https://openalex.org/W3089106594
https://openalex.org/W3089227354
https://openalex.org/W3089406064
https://openalex.org/W3089777247
https://openalex.org/W3089867131
https://openalex.org/W3089868576
https://openalex.org/W3090083627
https://openalex.org/W3090287199
https://openalex.org/W3090518335
https://openalex.org/W3090626698
https://openalex.org/W3090741981
https://openalex.org/W3091113850
https://openalex.org/W3091525482
https://openalex.org/W3091749552
https://openalex.org/W3092090621
https://openalex.org/W3092109805
https://openalex.org/W3092467195
https://openalex.org/W3092521870
https://openalex.org/W3092702308
https://openalex.org/W3092854269
https://openalex.org/W3092865398
https://openalex.org/W3092969856
https://openalex.org/W3093065905
https://openalex.org/W3093702677
https://openalex.org/W3093830009
https://openalex.org/W3094140513
https://openalex.org/W3094300896
https://openalex.org/W3094339021
https://openalex.org/W3094619216
https://openalex.org/W3094793054
https://openalex.org/W3094991072
https://openalex.org/W3095027383
https://openalex.org/W3095329636
https://openalex.org/W3095530131
https://openalex.org/W3095773302
https://openalex.org/W3095942476
https://openalex.org/W3095998046
https://openalex.org/W3096039070
https://openalex.org/W3096509188
https://openalex.org/W3097075412
https://openalex.org/W3097143542
https://openalex.org/W3097164008
https://openalex.org/W3097180023
https://openalex.org/W3097197641
https://openalex.org/W3097647901
https://openalex.org/W3097761397
https://openalex.org/W3097816094
https://openalex.org/W3098449139
https://openalex.org/W3098621251
https://openalex.org/W3098699251
https://openalex.org/W3098974481
https://openalex.org/W3099283231
https://openalex.org/W3099992495
https://openalex.org/W3100860267
https://openalex.org/W3102103837
https://openalex.org/W3103777292
https://openalex.org/W310529531
https://openalex.org/W3106015701
https://openalex.org/W3106486834
https://openalex.org/W3107553725
https://openalex.org/W3107925023
https://openalex.org/W3107998115
https://openalex.org/W3108545158
https://openalex.org/W3108640095
https://openalex.org/W3109707808
https://openalex.org/W3109796772
https://openalex.org/W3110783050
https://openalex.org/W3110874249
https://openalex.org/W3110983853
https://openalex.org/W3111060693
https://openalex.org/W3111432532
https://openalex.org/W3111681188
https://openalex.org/W3111778270
https://openalex.org/W3111959693
https://openalex.org/W3111981476
https://openalex.org/W3112068520
https://openalex.org/W3112779298
https://openalex.org/W3112854906
https://openalex.org/W3112911904
https://openalex.org/W3112963419
https://openalex.org/W3113035444
https://openalex.org/W3113180688
https://openalex.org/W3113346094
https://openalex.org/W3113572232
https://openalex.org/W3114401841
https://openalex.org/W3114675017
https://openalex.org/W3115785619
https://openalex.org/W3116740641
https://openalex.org/W3117087203
https://openalex.org/W3117174810
https://openalex.org/W3117596159
https://openalex.org/W3118472896
https://openalex.org/W3119267453
https://openalex.org/W3119282569
https://openalex.org/W3119474609
https://openalex.org/W3119522776
https://openalex.org/W3119939044
https://openalex.org/W3120577502
https://openalex.org/W3121146715
https://openalex.org/W3122356507
https://openalex.org/W3123114551
https://openalex.org/W3124802280
https://openalex.org/W3124884545
https://openalex.org/W3125729287
https://openalex.org/W3127102808
https://openalex.org/W3127896552
https://openalex.org/W3128227564
https://openalex.org/W3129399427
https://openalex.org/W3131695922
https://openalex.org/W3132739192
https://openalex.org/W3132784281
https://openalex.org/W3134651437
https://openalex.org/W3134773800
https://openalex.org/W3134842942
https://openalex.org/W3135147641
https://openalex.org/W3135256519
https://openalex.org/W3135885343
https://openalex.org/W3135914690
https://openalex.org/W3135927654
https://openalex.org/W3136081787
https://openalex.org/W3136279266
https://openalex.org/W3136938973
https://openalex.org/W3136980275
https://openalex.org/W3137304829
https://openalex.org/W3137937350
https://openalex.org/W3138812180
https://openalex.org/W3139153864
https://openalex.org/W3139340890
https://openalex.org/W3139922793
https://openalex.org/W3141309370
https://openalex.org/W3141709652
https://openalex.org/W3143313787
https://openalex.org/W3145699297
https://openalex.org/W3145857391
https://openalex.org/W3146015540
https://openalex.org/W3146247836
https://openalex.org/W3147441829
https://openalex.org/W3148183496
https://openalex.org/W3148662787
https://openalex.org/W3148956444
https://openalex.org/W3149346073
https://openalex.org/W3149753145
https://openalex.org/W3150783043
https://openalex.org/W3152786718
https://openalex.org/W3152832057
https://openalex.org/W3153119292
https://openalex.org/W3153209759
https://openalex.org/W3153209794
https://openalex.org/W3153910938
https://openalex.org/W3154215892
https://openalex.org/W3154653509
https://openalex.org/W3155592479
https://openalex.org/W3156056647
https://openalex.org/W3156285121
https://openalex.org/W3156423660
https://openalex.org/W3157043028
https://openalex.org/W3157450715
https://openalex.org/W3158065301
https://openalex.org/W3158432307
https://openalex.org/W3158462879
https://openalex.org/W3158585197
https://openalex.org/W3158869979
https://openalex.org/W3158923644
https://openalex.org/W3159192940
https://openalex.org/W3159613836
https://openalex.org/W3159622282
https://openalex.org/W3159635275
https://openalex.org/W3159868008
https://openalex.org/W3161053767
https://openalex.org/W3161187103
https://openalex.org/W3161406517
https://openalex.org/W3162625010
https://openalex.org/W3163234706
https://openalex.org/W3163358164
https://openalex.org/W3163381067
https://openalex.org/W3163734967
https://openalex.org/W3163759398
https://openalex.org/W3163799662
https://openalex.org/W3164477847
https://openalex.org/W3164638989
https://openalex.org/W3164976382
https://openalex.org/W3165573806
https://openalex.org/W3165900821
https://openalex.org/W3166031421
https://openalex.org/W3166048030
https://openalex.org/W3166441085
https://openalex.org/W3166607242
https://openalex.org/W3166728406
https://openalex.org/W3167700195
https://openalex.org/W3168925042
https://openalex.org/W3169025179
https://openalex.org/W3169108074
https://openalex.org/W3169649056
https://openalex.org/W3169938275
https://openalex.org/W3170149675
https://openalex.org/W3170321022
https://openalex.org/W3170609516
https://openalex.org/W3170742336
https://openalex.org/W3171432729
https://openalex.org/W3171674521
https://openalex.org/W3171777279
https://openalex.org/W3171951202
https://openalex.org/W3172228269
https://openalex.org/W3172260356
https://openalex.org/W3172394905
https://openalex.org/W3172573025
https://openalex.org/W3172792031
https://openalex.org/W3173694649
https://openalex.org/W3173971365
https://openalex.org/W3174138810
https://openalex.org/W3174679002
https://openalex.org/W3174911264
https://openalex.org/W3175059137
https://openalex.org/W3175481736
https://openalex.org/W3175647847
https://openalex.org/W3175745052
https://openalex.org/W3175789271
https://openalex.org/W3175981486
https://openalex.org/W3175984321
https://openalex.org/W3176994339
https://openalex.org/W3177357772
https://openalex.org/W3177661559
https://openalex.org/W3177701026
https://openalex.org/W3178253152
https://openalex.org/W3178580412
https://openalex.org/W3178602916
https://openalex.org/W3178887155
https://openalex.org/W3179071365
https://openalex.org/W3179639074
https://openalex.org/W3180385477
https://openalex.org/W3180490781
https://openalex.org/W3180609417
https://openalex.org/W3180899174
https://openalex.org/W3181000923
https://openalex.org/W3181784040
https://openalex.org/W3182457961
https://openalex.org/W3183108055
https://openalex.org/W3183180407
https://openalex.org/W3184439921
https://openalex.org/W3184687985
https://openalex.org/W3184761004
https://openalex.org/W3184941023
https://openalex.org/W3184955013
https://openalex.org/W3185387132
https://openalex.org/W318578515
https://openalex.org/W3186235446
https://openalex.org/W3186638619
https://openalex.org/W3186899577
https://openalex.org/W3187007142
https://openalex.org/W3187315337
https://openalex.org/W3187882339
https://openalex.org/W3188003615
https://openalex.org/W3188160154
https://openalex.org/W3188487312
https://openalex.org/W3188578135
https://openalex.org/W3189324151
https://openalex.org/W3189500082
https://openalex.org/W3189652730
https://openalex.org/W3190738852
https://openalex.org/W3191856751
https://openalex.org/W3192593089
https://openalex.org/W3192999541
https://openalex.org/W3194466904
https://openalex.org/W3194631326
https://openalex.org/W3194797980
https://openalex.org/W3194801149
https://openalex.org/W3195002852
https://openalex.org/W3195067517
https://openalex.org/W3195442632
https://openalex.org/W3195451714
https://openalex.org/W3195558592
https://openalex.org/W3196042977
https://openalex.org/W3196090701
https://openalex.org/W3196126568
https://openalex.org/W3196233743
https://openalex.org/W3196434311
https://openalex.org/W3197018186
https://openalex.org/W3197235858
https://openalex.org/W3197426293
https://openalex.org/W3197766710
https://openalex.org/W3197873219
https://openalex.org/W3198298918
https://openalex.org/W3198327061
https://openalex.org/W3198362582
https://openalex.org/W3198540329
https://openalex.org/W3198648848
https://openalex.org/W3198680835
https://openalex.org/W3198933649
https://openalex.org/W3199248370
https://openalex.org/W3200618822
https://openalex.org/W3200809449
https://openalex.org/W3201184681
https://openalex.org/W3201319086
https://openalex.org/W3201941659
https://openalex.org/W3202113197
https://openalex.org/W3202484766
https://openalex.org/W3202783189
https://openalex.org/W3202916975
https://openalex.org/W3203069532
https://openalex.org/W3203553761
https://openalex.org/W3203759455
https://openalex.org/W3203863705
https://openalex.org/W3204050644
https://openalex.org/W3204545136
https://openalex.org/W3204936310
https://openalex.org/W3205736582
https://openalex.org/W3206509449
https://openalex.org/W3206585559
https://openalex.org/W3206595812
https://openalex.org/W3208121042
https://openalex.org/W3208601738
https://openalex.org/W3208701992
https://openalex.org/W3208773461
https://openalex.org/W3208865508
https://openalex.org/W3209130148
https://openalex.org/W3209564119
https://openalex.org/W3209637796
https://openalex.org/W3209838635
https://openalex.org/W3209862263
https://openalex.org/W3209907494
https://openalex.org/W3210052718
https://openalex.org/W3210064978
https://openalex.org/W3210084874
https://openalex.org/W3210099186
https://openalex.org/W3210221639
https://openalex.org/W3210243193
https://openalex.org/W3211142036
https://openalex.org/W3211216345
https://openalex.org/W3211278658
https://openalex.org/W3211472222
https://openalex.org/W3211600904
https://openalex.org/W3211724512
https://openalex.org/W3211766863
https://openalex.org/W3212057921
https://openalex.org/W3212482456
https://openalex.org/W3212522179
https://openalex.org/W3212852509
https://openalex.org/W3212879137
https://openalex.org/W3215118332
https://openalex.org/W3215209767
https://openalex.org/W3216130844
https://openalex.org/W3216239021
https://openalex.org/W3216339031
https://openalex.org/W3216346486
https://openalex.org/W3216547068
https://openalex.org/W3216560034
https://openalex.org/W3216818414
https://openalex.org/W3216867140
https://openalex.org/W3217695304
https://openalex.org/W32296540
https://openalex.org/W32331164
https://openalex.org/W324086092
https://openalex.org/W331456233
https://openalex.org/W331667676
https://openalex.org/W332716718
https://openalex.org/W380974389
https://openalex.org/W387254575
https://openalex.org/W41501858
https://openalex.org/W4200059831
https://openalex.org/W4200086999
https://openalex.org/W4200222290
https://openalex.org/W4200277997
https://openalex.org/W4200349323
https://openalex.org/W4200391550
https://openalex.org/W4200486632
https://openalex.org/W4205361267
https://openalex.org/W4205450974
https://openalex.org/W4205701379
https://openalex.org/W4205745196
https://openalex.org/W4205845857
https://openalex.org/W4205967963
https://openalex.org/W4206303451
https://openalex.org/W4206540615
https://openalex.org/W4206630432
https://openalex.org/W4206666463
https://openalex.org/W4206840436
https://openalex.org/W4206873539
https://openalex.org/W4206884886
https://openalex.org/W4207089138
https://openalex.org/W4210584946
https://openalex.org/W4210597650
https://openalex.org/W4210710462
https://openalex.org/W4210787055
https://openalex.org/W4211025581
https://openalex.org/W4211043153
https://openalex.org/W4212886638
https://openalex.org/W4213106962
https://openalex.org/W4213136695
https://openalex.org/W4213366076
https://openalex.org/W4213367671
https://openalex.org/W4214594318
https://openalex.org/W4220658160
https://openalex.org/W4220721642
https://openalex.org/W4220846183
https://openalex.org/W4220868750
https://openalex.org/W4220876785
https://openalex.org/W4220880629
https://openalex.org/W4220999604
https://openalex.org/W4221007061
https://openalex.org/W4221035886
https://openalex.org/W4221081479
https://openalex.org/W4223499939
https://openalex.org/W4223515226
https://openalex.org/W4223531292
https://openalex.org/W4224077571
https://openalex.org/W4224239718
https://openalex.org/W4224240880
https://openalex.org/W4224312317
https://openalex.org/W4224320406
https://openalex.org/W4224948013
https://openalex.org/W4225006780
https://openalex.org/W4225083135
https://openalex.org/W4225321822
https://openalex.org/W4225377416
https://openalex.org/W4225381822
https://openalex.org/W4225395666
https://openalex.org/W4225426912
https://openalex.org/W4225934424
https://openalex.org/W4226026644
https://openalex.org/W4226157829
https://openalex.org/W4226399574
https://openalex.org/W4226441831
https://openalex.org/W4226501064
https://openalex.org/W4229441204
https://openalex.org/W4229849425
https://openalex.org/W4230668896
https://openalex.org/W4230946277
https://openalex.org/W4231549026
https://openalex.org/W4231934383
https://openalex.org/W4232332653
https://openalex.org/W4232496650
https://openalex.org/W4232519881
https://openalex.org/W4232638967
https://openalex.org/W4232646859
https://openalex.org/W4232661046
https://openalex.org/W4232873992
https://openalex.org/W4232948250
https://openalex.org/W4233020703
https://openalex.org/W4233034177
https://openalex.org/W4233235519
https://openalex.org/W4233286505
https://openalex.org/W4233409161
https://openalex.org/W4233487726
https://openalex.org/W4233530604
https://openalex.org/W4233784500
https://openalex.org/W4234127495
https://openalex.org/W4234356869
https://openalex.org/W4234726391
https://openalex.org/W4235146166
https://openalex.org/W4235509145
https://openalex.org/W4235546048
https://openalex.org/W4235587861
https://openalex.org/W4235653267
https://openalex.org/W4235717584
https://openalex.org/W4235824961
https://openalex.org/W4235930456
https://openalex.org/W4236036299
https://openalex.org/W4236045948
https://openalex.org/W4236076061
https://openalex.org/W4236083701
https://openalex.org/W4236150404
https://openalex.org/W4236288193
https://openalex.org/W4236556283
https://openalex.org/W4236571203
https://openalex.org/W4236866911
https://openalex.org/W4236946695
https://openalex.org/W4237006513
https://openalex.org/W4237909009
https://openalex.org/W4238005250
https://openalex.org/W4238440064
https://openalex.org/W4238492949
https://openalex.org/W4238900931
https://openalex.org/W4239699788
https://openalex.org/W4240590742
https://openalex.org/W4240771798
https://openalex.org/W4240836187
https://openalex.org/W4241016932
https://openalex.org/W4241040779
https://openalex.org/W4242001657
https://openalex.org/W4242570611
https://openalex.org/W4242689654
https://openalex.org/W4242949103
https://openalex.org/W4243311461
https://openalex.org/W4243586362
https://openalex.org/W4243883942
https://openalex.org/W4244202877
https://openalex.org/W4244458829
https://openalex.org/W4244673572
https://openalex.org/W4245126918
https://openalex.org/W4245703855
https://openalex.org/W4245712285
https://openalex.org/W4246109443
https://openalex.org/W4246447547
https://openalex.org/W4246471143
https://openalex.org/W4247282942
https://openalex.org/W4247416592
https://openalex.org/W4247663397
https://openalex.org/W4247811500
https://openalex.org/W4247874090
https://openalex.org/W4248119584
https://openalex.org/W4248191043
https://openalex.org/W4248327011
https://openalex.org/W4248388208
https://openalex.org/W4249039209
https://openalex.org/W4249056824
https://openalex.org/W4249091679
https://openalex.org/W4249189771
https://openalex.org/W4249217205
https://openalex.org/W4249422097
https://openalex.org/W4249453150
https://openalex.org/W4249535083
https://openalex.org/W4249927053
https://openalex.org/W4250229595
https://openalex.org/W4250439812
https://openalex.org/W4250767099
https://openalex.org/W4251010862
https://openalex.org/W4251099703
https://openalex.org/W4251147420
https://openalex.org/W4251199536
https://openalex.org/W4251613224
https://openalex.org/W4251627126
https://openalex.org/W4252059945
https://openalex.org/W4252256463
https://openalex.org/W4252500713
https://openalex.org/W4252646895
https://openalex.org/W4252913324
https://openalex.org/W4253148466
https://openalex.org/W4253156409
https://openalex.org/W4253193091
https://openalex.org/W4253212887
https://openalex.org/W4253445063
https://openalex.org/W4253522853
https://openalex.org/W4253855852
https://openalex.org/W4253872069
https://openalex.org/W4253979783
https://openalex.org/W4254157665
https://openalex.org/W4254157822
https://openalex.org/W4254348832
https://openalex.org/W4254564071
https://openalex.org/W4254592410
https://openalex.org/W4255105533
https://openalex.org/W4255400925
https://openalex.org/W4255531726
https://openalex.org/W4255670124
https://openalex.org/W4255697095
https://openalex.org/W4256131088
https://openalex.org/W4256386669
https://openalex.org/W4256469921
https://openalex.org/W4256570875
https://openalex.org/W4280644680
https://openalex.org/W4281738549
https://openalex.org/W4281900486
https://openalex.org/W4281911202
https://openalex.org/W4281928537
https://openalex.org/W4281998822
https://openalex.org/W4282840674
https://openalex.org/W4283273179
https://openalex.org/W4283372947
https://openalex.org/W4283656787
https://openalex.org/W4283721844
https://openalex.org/W4283805127
https://openalex.org/W4284884836
https://openalex.org/W4285058882
https://openalex.org/W4285094897
https://openalex.org/W4285122825
https://openalex.org/W4285130933
https://openalex.org/W4285149227
https://openalex.org/W4285288976
https://openalex.org/W4285740365
https://openalex.org/W4285741378
https://openalex.org/W4285800310
https://openalex.org/W4286308701
https://openalex.org/W4286311327
https://openalex.org/W4286383417
https://openalex.org/W4286561302
https://openalex.org/W4286633007
https://openalex.org/W4286718009
https://openalex.org/W4286963799
https://openalex.org/W4287552471
https://openalex.org/W4287565218
https://openalex.org/W4287838611
https://openalex.org/W4287992231
https://openalex.org/W4287992368
https://openalex.org/W4288021101
https://openalex.org/W4288021112
https://openalex.org/W4288264568
https://openalex.org/W4288439807
https://openalex.org/W4288479156
https://openalex.org/W4288479331
https://openalex.org/W4288479366
https://openalex.org/W4289122671
https://openalex.org/W4289352259
https://openalex.org/W4289357392
https://openalex.org/W4289435232
https://openalex.org/W4289650916
https://openalex.org/W4289764934
https://openalex.org/W4289764955
https://openalex.org/W4290802911
https://openalex.org/W4290994690
https://openalex.org/W4290994711
https://openalex.org/W4291163831
https://openalex.org/W4291216817
https://openalex.org/W4292247989
https://openalex.org/W4293154480
https://openalex.org/W4293166644
https://openalex.org/W4293210645
https://openalex.org/W4293221914
https://openalex.org/W4293511987
https://openalex.org/W4293767774
https://openalex.org/W4294292923
https://openalex.org/W4294679757
https://openalex.org/W4295795051
https://openalex.org/W4296295616
https://openalex.org/W4296340965
https://openalex.org/W4296414230
https://openalex.org/W4296537673
https://openalex.org/W4296736478
https://openalex.org/W4296822663
https://openalex.org/W4296824212
https://openalex.org/W4296836912
https://openalex.org/W4296878529
https://openalex.org/W4296878660
https://openalex.org/W4296897141
https://openalex.org/W4296993567
https://openalex.org/W4296995262
https://openalex.org/W4296998832
https://openalex.org/W4297009930
https://openalex.org/W4297064834
https://openalex.org/W4297147596
https://openalex.org/W4297180539
https://openalex.org/W4297349362
https://openalex.org/W4297445945
https://openalex.org/W4297621263
https://openalex.org/W4297738672
https://openalex.org/W4297823990
https://openalex.org/W4297836413
https://openalex.org/W4297880120
https://openalex.org/W4297897524
https://openalex.org/W4297948299
https://openalex.org/W4298053024
https://openalex.org/W4298168005
https://openalex.org/W4300485941
https://openalex.org/W430054862
https://openalex.org/W4300551606
https://openalex.org/W4300560638
https://openalex.org/W4301396197
https://openalex.org/W4302231862
https://openalex.org/W4302571714
https://openalex.org/W4303856983
https://openalex.org/W4303859231
https://openalex.org/W4306158317
https://openalex.org/W4306410163
https://openalex.org/W4307099437
https://openalex.org/W4307117564
https://openalex.org/W4307830338
https://openalex.org/W4308145030
https://openalex.org/W4308187420
https://openalex.org/W4308259589
https://openalex.org/W4308692676
https://openalex.org/W4308717454
https://openalex.org/W4308965200
https://openalex.org/W4308990733
https://openalex.org/W4308993812
https://openalex.org/W4308994907
https://openalex.org/W4309164265
https://openalex.org/W4309223893
https://openalex.org/W4309261921
https://openalex.org/W4309840153
https://openalex.org/W4309928168
https://openalex.org/W4310099838
https://openalex.org/W4310255277
https://openalex.org/W4310291828
https://openalex.org/W4310797984
https://openalex.org/W4310836696
https://openalex.org/W4310997837
https://openalex.org/W4311079560
https://openalex.org/W4311243835
https://openalex.org/W4311284540
https://openalex.org/W4311430664
https://openalex.org/W4311463211
https://openalex.org/W4311464495
https://openalex.org/W4311486897
https://openalex.org/W4311495735
https://openalex.org/W4311578149
https://openalex.org/W4311769693
https://openalex.org/W4312000404
https://openalex.org/W4312039700
https://openalex.org/W4312039820
https://openalex.org/W4312060419
https://openalex.org/W4312101573
https://openalex.org/W4312195018
https://openalex.org/W4312381798
https://openalex.org/W4312390738
https://openalex.org/W4312454591
https://openalex.org/W4312570527
https://openalex.org/W4312678615
https://openalex.org/W4312687225
https://openalex.org/W4312761376
https://openalex.org/W4312832762
https://openalex.org/W4313026862
https://openalex.org/W4313123570
https://openalex.org/W4313197173
https://openalex.org/W4313221186
https://openalex.org/W4313262126
https://openalex.org/W4313326339
https://openalex.org/W4313334765
https://openalex.org/W4313382949
https://openalex.org/W4313431754
https://openalex.org/W4313490301
https://openalex.org/W4313547904
https://openalex.org/W4313554874
https://openalex.org/W4313596976
https://openalex.org/W4313622172
https://openalex.org/W4313650861
https://openalex.org/W4313654712
https://openalex.org/W4313855464
https://openalex.org/W4315484238
https://openalex.org/W4315926567
https://openalex.org/W4316041481
https://openalex.org/W4316664941
https://openalex.org/W4317035217
https://openalex.org/W4317564851
https://openalex.org/W4317652025
https://openalex.org/W4317930090
https://openalex.org/W4318389354
https://openalex.org/W4318611695
https://openalex.org/W4318815895
https://openalex.org/W4318828714
https://openalex.org/W4318973545
https://openalex.org/W4318984615
https://openalex.org/W4319295397
https://openalex.org/W4319430775
https://openalex.org/W4319430818
https://openalex.org/W4319454431
https://openalex.org/W4319788943
https://openalex.org/W4319984289
https://openalex.org/W4319986429
https://openalex.org/W4320352251
https://openalex.org/W4320730941
https://openalex.org/W4320894707
https://openalex.org/W4321105087
https://openalex.org/W4321248622
https://openalex.org/W4321350681
https://openalex.org/W4321395358
https://openalex.org/W4321429296
https://openalex.org/W4321443428
https://openalex.org/W4321481321
https://openalex.org/W4321482085
https://openalex.org/W4321489114
https://openalex.org/W4321748900
https://openalex.org/W4321764710
https://openalex.org/W4321790159
https://openalex.org/W4322001317
https://openalex.org/W4322001457
https://openalex.org/W4322003068
https://openalex.org/W4322005020
https://openalex.org/W4322005899
https://openalex.org/W4322010617
https://openalex.org/W4322011509
https://openalex.org/W4322209098
https://openalex.org/W4322720176
https://openalex.org/W4322722643
https://openalex.org/W4322770886
https://openalex.org/W4322772172
https://openalex.org/W4323029608
https://openalex.org/W4323029625
https://openalex.org/W4323029690
https://openalex.org/W4323032237
https://openalex.org/W4323033400
https://openalex.org/W4323033707
https://openalex.org/W4323034439
https://openalex.org/W4323040116
https://openalex.org/W4323042177
https://openalex.org/W4323048586
https://openalex.org/W4323317473
https://openalex.org/W4323318703
https://openalex.org/W4323655678
https://openalex.org/W4323655932
https://openalex.org/W4323656884
https://openalex.org/W4323661537
https://openalex.org/W4323663708
https://openalex.org/W4323922289
https://openalex.org/W4324137096
https://openalex.org/W4324142622
https://openalex.org/W4324142652
https://openalex.org/W4324142911
https://openalex.org/W4324142934
https://openalex.org/W4324155084
https://openalex.org/W4324157338
https://openalex.org/W4324157358
https://openalex.org/W4327606252
https://openalex.org/W4327681948
https://openalex.org/W4327737136
https://openalex.org/W4327738678
https://openalex.org/W4327915440
https://openalex.org/W4327931898
https://openalex.org/W4328049702
https://openalex.org/W4328050594
https://openalex.org/W4328054303
https://openalex.org/W4360584540
https://openalex.org/W4360584758
https://openalex.org/W4360832127
https://openalex.org/W4360860549
https://openalex.org/W4361250155
https://openalex.org/W4361293729
https://openalex.org/W4361825009
https://openalex.org/W4361825498
https://openalex.org/W4361825508
https://openalex.org/W4361825526
https://openalex.org/W4361825552
https://openalex.org/W4361825636
https://openalex.org/W4361825656
https://openalex.org/W4361825658
https://openalex.org/W4361826757
https://openalex.org/W4361879428
https://openalex.org/W4361879434
https://openalex.org/W4361879439
https://openalex.org/W4361879441
https://openalex.org/W4361879473
https://openalex.org/W4361879618
https://openalex.org/W4361879633
https://openalex.org/W4361898553
https://openalex.org/W4361935835
https://openalex.org/W4361937871
https://openalex.org/W4361937873
https://openalex.org/W4361937897
https://openalex.org/W4361937946
https://openalex.org/W4361942570
https://openalex.org/W4361947142
https://openalex.org/W4361948301
https://openalex.org/W4361953361
https://openalex.org/W4361953551
https://openalex.org/W4361960003
https://openalex.org/W4361972222
https://openalex.org/W4362407927
https://openalex.org/W4362415865
https://openalex.org/W4362416247
https://openalex.org/W4362417299
https://openalex.org/W4362425210
https://openalex.org/W4362425302
https://openalex.org/W4362425422
https://openalex.org/W4362425423
https://openalex.org/W4362425740
https://openalex.org/W4362425870
https://openalex.org/W4362431891
https://openalex.org/W4362432490
https://openalex.org/W4362482727
https://openalex.org/W4362482750
https://openalex.org/W4362482770
https://openalex.org/W4362488352
https://openalex.org/W4362488445
https://openalex.org/W4362488446
https://openalex.org/W4362488577
https://openalex.org/W4362488664
https://openalex.org/W4362488793
https://openalex.org/W4362523809
https://openalex.org/W4362545753
https://openalex.org/W4362547660
https://openalex.org/W4362547760
https://openalex.org/W4362568016
https://openalex.org/W4362592425
https://openalex.org/W4362592770
https://openalex.org/W4362594646
https://openalex.org/W4362596248
https://openalex.org/W4362620777
https://openalex.org/W4362620803
https://openalex.org/W4362623725
https://openalex.org/W4362623891
https://openalex.org/W4362623895
https://openalex.org/W4362665215
https://openalex.org/W4362679653
https://openalex.org/W4363682981
https://openalex.org/W4364381750
https://openalex.org/W4364856390
https://openalex.org/W4365483762
https://openalex.org/W4366135220
https://openalex.org/W4366389463
https://openalex.org/W4366389466
https://openalex.org/W4366389870
https://openalex.org/W4366403872
https://openalex.org/W4366403930
https://openalex.org/W4366403936
https://openalex.org/W4366403995
https://openalex.org/W4366404004
https://openalex.org/W4366404005
https://openalex.org/W4366404046
https://openalex.org/W4366404053
https://openalex.org/W4366404057
https://openalex.org/W4366404087
https://openalex.org/W4366404099
https://openalex.org/W4366404190
https://openalex.org/W4366404457
https://openalex.org/W4366404486
https://openalex.org/W4366404488
https://openalex.org/W4366404523
https://openalex.org/W4366404524
https://openalex.org/W4366404596
https://openalex.org/W4366404974
https://openalex.org/W4366464240
https://openalex.org/W4366526197
https://openalex.org/W4366602805
https://openalex.org/W4367053427
https://openalex.org/W4367186265
https://openalex.org/W4367298900
https://openalex.org/W4367307370
https://openalex.org/W4368232954
https://openalex.org/W4368248142
https://openalex.org/W4375868033
https://openalex.org/W4376115803
https://openalex.org/W4376116709
https://openalex.org/W4376129418
https://openalex.org/W4376141192
https://openalex.org/W4376618804
https://openalex.org/W4376873701
https://openalex.org/W4377000448
https://openalex.org/W4377016041
https://openalex.org/W4377022550
https://openalex.org/W4377023008
https://openalex.org/W4377023254
https://openalex.org/W4377081742
https://openalex.org/W4377696096
https://openalex.org/W4377865000
https://openalex.org/W4377971656
https://openalex.org/W4378230674
https://openalex.org/W4378982606
https://openalex.org/W4378982607
https://openalex.org/W4378982608
https://openalex.org/W4378982609
https://openalex.org/W4378982610
https://openalex.org/W4379012515
https://openalex.org/W4379012625
https://openalex.org/W4379012799
https://openalex.org/W4379012829
https://openalex.org/W4379012854
https://openalex.org/W4379012868
https://openalex.org/W4379012976
https://openalex.org/W4379013063
https://openalex.org/W4379013106
https://openalex.org/W4379013122
https://openalex.org/W4379013181
https://openalex.org/W4379013255
https://openalex.org/W4379013300
https://openalex.org/W4379013334
https://openalex.org/W4379013344
https://openalex.org/W4379013353
https://openalex.org/W4379013467
https://openalex.org/W4379013530
https://openalex.org/W4379013609
https://openalex.org/W4379013728
https://openalex.org/W4379013831
https://openalex.org/W4379014001
https://openalex.org/W4379014103
https://openalex.org/W4379014156
https://openalex.org/W4379051605
https://openalex.org/W4379194012
https://openalex.org/W4379202776
https://openalex.org/W4379346598
https://openalex.org/W4380301626
https://openalex.org/W4380301745
https://openalex.org/W4380372833
https://openalex.org/W4380449608
https://openalex.org/W4380449637
https://openalex.org/W4380450783
https://openalex.org/W4380450929
https://openalex.org/W4380627290
https://openalex.org/W4380681589
https://openalex.org/W4380875424
https://openalex.org/W4380882371
https://openalex.org/W4380987279
https://openalex.org/W4381249632
https://openalex.org/W4381383359
https://openalex.org/W4381433572
https://openalex.org/W4381714994
https://openalex.org/W4381716708
https://openalex.org/W4381926502
https://openalex.org/W4381942451
https://openalex.org/W4381950447
https://openalex.org/W4382193094
https://openalex.org/W4382319530
https://openalex.org/W4382344281
https://openalex.org/W4382344350
https://openalex.org/W4382363396
https://openalex.org/W4382398288
https://openalex.org/W4382652430
https://openalex.org/W4382652550
https://openalex.org/W4382656908
https://openalex.org/W4383097977
https://openalex.org/W4383224945
https://openalex.org/W4383227868
https://openalex.org/W4383295252
https://openalex.org/W4383472930
https://openalex.org/W4383535159
https://openalex.org/W4383668369
https://openalex.org/W4383737176
https://openalex.org/W4383738849
https://openalex.org/W4383875385
https://openalex.org/W4383959207
https://openalex.org/W4383987228
https://openalex.org/W4384468525
https://openalex.org/W4384502413
https://openalex.org/W4384643912
https://openalex.org/W4384932893
https://openalex.org/W4384937618
https://openalex.org/W4385146596
https://openalex.org/W4385192968
https://openalex.org/W4385193173
https://openalex.org/W4385193259
https://openalex.org/W4385210748
https://openalex.org/W4385215236
https://openalex.org/W4385252479
https://openalex.org/W4385261825
https://openalex.org/W4385298636
https://openalex.org/W4385329897
https://openalex.org/W4385355744
https://openalex.org/W4385381196
https://openalex.org/W4385398285
https://openalex.org/W4385398308
https://openalex.org/W4385570532
https://openalex.org/W4385572922
https://openalex.org/W4385632928
https://openalex.org/W4385636606
https://openalex.org/W4385644607
https://openalex.org/W4385647860
https://openalex.org/W4385652229
https://openalex.org/W4385665820
https://openalex.org/W4385728421
https://openalex.org/W4385757689
https://openalex.org/W4385797898
https://openalex.org/W4385801884
https://openalex.org/W4385805461
https://openalex.org/W4385830092
https://openalex.org/W4385839695
https://openalex.org/W4385962878
https://openalex.org/W4385973999
https://openalex.org/W4385988536
https://openalex.org/W4385988772
https://openalex.org/W4385988899
https://openalex.org/W4386025775
https://openalex.org/W4386027408
https://openalex.org/W4386073739
https://openalex.org/W4386119121
https://openalex.org/W4386158130
https://openalex.org/W4386173672
https://openalex.org/W4386187505
https://openalex.org/W4386207209
https://openalex.org/W4386258515
https://openalex.org/W4386268070
https://openalex.org/W4386324004
https://openalex.org/W4386422713
https://openalex.org/W4386424192
https://openalex.org/W4386444078
https://openalex.org/W4386456429
https://openalex.org/W4386477743
https://openalex.org/W4386485256
https://openalex.org/W4386501475
https://openalex.org/W4386523336
https://openalex.org/W4386560103
https://openalex.org/W4386602847
https://openalex.org/W4386637044
https://openalex.org/W4386704985
https://openalex.org/W4386782545
https://openalex.org/W4386813911
https://openalex.org/W4386880212
https://openalex.org/W4386959265
https://openalex.org/W4387005198
https://openalex.org/W4387021081
https://openalex.org/W4685399
https://openalex.org/W47694517
https://openalex.org/W50082118
https://openalex.org/W50127963
https://openalex.org/W5576542
https://openalex.org/W560692206
https://openalex.org/W570381132
https://openalex.org/W573130585
https://openalex.org/W584384092
https://openalex.org/W61864611
https://openalex.org/W630968227
https://openalex.org/W640463886
https://openalex.org/W642304999
https://openalex.org/W643959943
https://openalex.org/W659527014
https://openalex.org/W69548905
https://openalex.org/W70466101
https://openalex.org/W73028052
https://openalex.org/W747771399
https://openalex.org/W749480159
https://openalex.org/W77318676
https://openalex.org/W77485184
https://openalex.org/W778714740
https://openalex.org/W800122058
https://openalex.org/W804210265
https://openalex.org/W804451201
https://openalex.org/W805933287
https://openalex.org/W808868805
https://openalex.org/W826715985
https://openalex.org/W867325862
https://openalex.org/W87040906
https://openalex.org/W874320391
https://openalex.org/W892638931
https://openalex.org/W895843938
https://openalex.org/W89820769
https://openalex.org/W92067534
https://openalex.org/W943927622
https://openalex.org/W2154940301
https://openalex.org/W2049354794
https://openalex.org/W2154240563
https://openalex.org/W2161291398
https://openalex.org/W2145806440
https://openalex.org/W2157824068
https://openalex.org/W2127806759
https://openalex.org/W2165019590
https://openalex.org/W1861098396
https://openalex.org/W2153525556
https://openalex.org/W1926183048
https://openalex.org/W2082748378
https://openalex.org/W2002359955
https://openalex.org/W2023532191
https://openalex.org/W1997005541
https://openalex.org/W2430132928
https://openalex.org/W2143199916
https://openalex.org/W2927351257
https://openalex.org/W2081106067
https://openalex.org/W2006754278
https://openalex.org/W2137405984
https://openalex.org/W2073297072
https://openalex.org/W1976282831
https://openalex.org/W2003794641
https://openalex.org/W2035543709
https://openalex.org/W2098453507
https://openalex.org/W2156007429
https://openalex.org/W2166936874
https://openalex.org/W2137580945
https://openalex.org/W2155766871
https://openalex.org/W1996045753
https://openalex.org/W2067884710
https://openalex.org/W2103224436
https://openalex.org/W1968293067
https://openalex.org/W1994179625
https://openalex.org/W2072620493
https://openalex.org/W2014737409
https://openalex.org/W2098499635
https://openalex.org/W2107790148
https://openalex.org/W2069443403
https://openalex.org/W1988544363
https://openalex.org/W2092491518
https://openalex.org/W2168136518
https://openalex.org/W2041299660
https://openalex.org/W2019791304
https://openalex.org/W1976678735
https://openalex.org/W2027446674
https://openalex.org/W2095389688
https://openalex.org/W2156286678
https://openalex.org/W2129471862
https://openalex.org/W2024362853
https://openalex.org/W2118669458
https://openalex.org/W2065850291
https://openalex.org/W2109879006
https://openalex.org/W1855529995
https://openalex.org/W2066549535
https://openalex.org/W1963733410
https://openalex.org/W2137728535
https://openalex.org/W2011215117
https://openalex.org/W2092950196
https://openalex.org/W2034098793
https://openalex.org/W2137715268
https://openalex.org/W1561921956
https://openalex.org/W2044732314
https://openalex.org/W2130483234
https://openalex.org/W2093657574
https://openalex.org/W1978139515
https://openalex.org/W2013899055
https://openalex.org/W1540095279
https://openalex.org/W2128593076
https://openalex.org/W2145658582
https://openalex.org/W2106832044
https://openalex.org/W2019953132
https://openalex.org/W2273029215
https://openalex.org/W2055501133
https://openalex.org/W2034308779
https://openalex.org/W2461769126
https://openalex.org/W1991151742
https://openalex.org/W2114486584
https://openalex.org/W2102843862
https://openalex.org/W2553463105
https://openalex.org/W1994501150
https://openalex.org/W1983459355
https://openalex.org/W2059848485
https://openalex.org/W2074274895
https://openalex.org/W2126078440
https://openalex.org/W1982260172
https://openalex.org/W2117362890
https://openalex.org/W2052749920
https://openalex.org/W1540285469
https://openalex.org/W2012097350
https://openalex.org/W2025279396
https://openalex.org/W2036551748
https://openalex.org/W2007033932
https://openalex.org/W2164621133
https://openalex.org/W2078129398
https://openalex.org/W2005787424
https://openalex.org/W2053670171
https://openalex.org/W2110680638
https://openalex.org/W2016584130
https://openalex.org/W2014843222
https://openalex.org/W2044535743
https://openalex.org/W2072346518
https://openalex.org/W2147771351
https://openalex.org/W2530768869
https://openalex.org/W2735200095
https://openalex.org/W2033340092
https://openalex.org/W1969339813
https://openalex.org/W2027188394
https://openalex.org/W2148300747
https://openalex.org/W1965307211
https://openalex.org/W2108525019
https://openalex.org/W2087576138
https://openalex.org/W2004145886
https://openalex.org/W2586648405
https://openalex.org/W1976347030
https://openalex.org/W2600002013
https://openalex.org/W2020811802
https://openalex.org/W2142207707
https://openalex.org/W2147098614
https://openalex.org/W2066447113
https://openalex.org/W2181244039
https://openalex.org/W2169832447
https://openalex.org/W2943053066
https://openalex.org/W1998948011
https://openalex.org/W2076383107
https://openalex.org/W2185994871
https://openalex.org/W2106779926
https://openalex.org/W3037804099
https://openalex.org/W2149906170
https://openalex.org/W2112580641
https://openalex.org/W2160009899
https://openalex.org/W2009425005
https://openalex.org/W1822127850
https://openalex.org/W2056253513
https://openalex.org/W2043884503
https://openalex.org/W2108647075
https://openalex.org/W2037785408
https://openalex.org/W2169409181
https://openalex.org/W2124374021
https://openalex.org/W2166565358
https://openalex.org/W2119975203
https://openalex.org/W2144818233
https://openalex.org/W2753184672
https://openalex.org/W2000559031
https://openalex.org/W1967857218
https://openalex.org/W2005027557
https://openalex.org/W2018302717
https://openalex.org/W2143142630
https://openalex.org/W2159806870
https://openalex.org/W2130037402
https://openalex.org/W1964914880
https://openalex.org/W1973641158
https://openalex.org/W2016671984
https://openalex.org/W2600481469
https://openalex.org/W2063825866
https://openalex.org/W2128866712
https://openalex.org/W2136326394
https://openalex.org/W2159084987
https://openalex.org/W2084543989
https://openalex.org/W2121334889
https://openalex.org/W2059041109
https://openalex.org/W2294335173
https://openalex.org/W2166946563
https://openalex.org/W1537499542
https://openalex.org/W1990114106
https://openalex.org/W2000081794
https://openalex.org/W2037275314
https://openalex.org/W2101045591
https://openalex.org/W2113249787
https://openalex.org/W2011661565
https://openalex.org/W2101520058
https://openalex.org/W2142787693
https://openalex.org/W2137855409
https://openalex.org/W2053643033
https://openalex.org/W2083577779
https://openalex.org/W1915803833
https://openalex.org/W2100342702
https://openalex.org/W2093469424
https://openalex.org/W2337771521
https://openalex.org/W146700098
https://openalex.org/W1966566190
https://openalex.org/W2033815356
https://openalex.org/W2163499953
https://openalex.org/W2149099455
https://openalex.org/W3045530700
https://openalex.org/W2135528729
https://openalex.org/W2122362673
https://openalex.org/W1988715014
https://openalex.org/W2048780993
https://openalex.org/W2008777641
https://openalex.org/W2527837648
https://openalex.org/W2040253875
https://openalex.org/W2079162384
https://openalex.org/W2080669569
https://openalex.org/W2794746077
https://openalex.org/W2171133481
https://openalex.org/W2136662934
https://openalex.org/W2593990129
https://openalex.org/W1989336677
https://openalex.org/W2069322182
https://openalex.org/W2097970756
https://openalex.org/W2140441381
https://openalex.org/W4237097915
https://openalex.org/W2077701181
https://openalex.org/W2079251683
https://openalex.org/W2419627211
https://openalex.org/W2796990937
https://openalex.org/W2160398747
https://openalex.org/W2081818625
https://openalex.org/W2147001311
https://openalex.org/W2141722925
https://openalex.org/W2884071049
https://openalex.org/W1594881666
https://openalex.org/W2113336835
https://openalex.org/W2472925387
https://openalex.org/W2625353712
https://openalex.org/W2017134832
https://openalex.org/W2135259419
https://openalex.org/W2153028657
https://openalex.org/W1968786608
https://openalex.org/W2129806101
https://openalex.org/W2422055578
https://openalex.org/W2959892584
https://openalex.org/W2291183135
https://openalex.org/W1495130493
https://openalex.org/W2025796648
https://openalex.org/W2950731393
https://openalex.org/W2093870492
https://openalex.org/W2128873194
https://openalex.org/W2161645275
https://openalex.org/W2003202991
https://openalex.org/W2067384921
https://openalex.org/W1973248969
https://openalex.org/W2087539300
https://openalex.org/W2132137584
https://openalex.org/W1978462231
https://openalex.org/W2133502523
https://openalex.org/W2013331123
https://openalex.org/W2105299336
https://openalex.org/W2123909650
https://openalex.org/W2129727826
https://openalex.org/W2152681964
https://openalex.org/W2170630666
https://openalex.org/W2288093809
https://openalex.org/W2123702717
https://openalex.org/W2766917220
https://openalex.org/W2026541961
https://openalex.org/W2090099768
https://openalex.org/W2091259491
https://openalex.org/W2990393399
https://openalex.org/W1986498388
https://openalex.org/W2003708730
https://openalex.org/W2071460404
https://openalex.org/W2131205381
https://openalex.org/W2132522929
https://openalex.org/W1931430060
https://openalex.org/W2044330584
https://openalex.org/W1543609544
https://openalex.org/W2056208433
https://openalex.org/W2059055993
https://openalex.org/W2137762121
https://openalex.org/W2150457199
https://openalex.org/W2161067284
https://openalex.org/W2134877699
https://openalex.org/W2171315731
https://openalex.org/W4226150755
https://openalex.org/W1986655758
https://openalex.org/W2018488725
https://openalex.org/W2101341633
https://openalex.org/W2104576980
https://openalex.org/W2113281969
https://openalex.org/W2913205676
https://openalex.org/W1565002540
https://openalex.org/W1965591108
https://openalex.org/W2018870460
https://openalex.org/W2116429471
https://openalex.org/W216216434
https://openalex.org/W56816649
https://openalex.org/W1994710872
https://openalex.org/W2028908767
https://openalex.org/W2053259926
https://openalex.org/W2141887017
https://openalex.org/W2002897733
https://openalex.org/W2091116096
https://openalex.org/W2058599282
https://openalex.org/W2062203427
https://openalex.org/W2090705035
https://openalex.org/W2110481100
https://openalex.org/W1525006850
https://openalex.org/W2036704696
https://openalex.org/W2084290677
https://openalex.org/W1981406331
https://openalex.org/W2146682154
https://openalex.org/W2904691870
https://openalex.org/W1579749290
https://openalex.org/W2069858974
https://openalex.org/W2072908173
https://openalex.org/W2081576217
https://openalex.org/W2124096393
https://openalex.org/W2136038257
https://openalex.org/W2148402935
https://openalex.org/W2167426031
https://openalex.org/W1996795208
https://openalex.org/W2040223070
https://openalex.org/W2062461141
https://openalex.org/W2115884214
https://openalex.org/W2151337741
https://openalex.org/W88297472
https://openalex.org/W2117821204
https://openalex.org/W2152922502
https://openalex.org/W2168000221
https://openalex.org/W1977464142
https://openalex.org/W1997216192
https://openalex.org/W2061937899
https://openalex.org/W1998626477
https://openalex.org/W2061841671
https://openalex.org/W2146017809
https://openalex.org/W2146602272
https://openalex.org/W1564626500
https://openalex.org/W1937217752
https://openalex.org/W2020067933
https://openalex.org/W2064860971
https://openalex.org/W2083854040
https://openalex.org/W2103898381
https://openalex.org/W2155217789
https://openalex.org/W2165304530
https://openalex.org/W2169596690
https://openalex.org/W2465107426
https://openalex.org/W2002054713
https://openalex.org/W2065566863
https://openalex.org/W2083192581
https://openalex.org/W2094211763
https://openalex.org/W2123259196
https://openalex.org/W1972864922
https://openalex.org/W1983665800
https://openalex.org/W2058477651
https://openalex.org/W2074445285
https://openalex.org/W1647867403
https://openalex.org/W2030870722
https://openalex.org/W2069564877
https://openalex.org/W2090596605
https://openalex.org/W2129563393
https://openalex.org/W2407055585
https://openalex.org/W944953298
https://openalex.org/W1509538899
https://openalex.org/W2567439679
https://openalex.org/W132224581
https://openalex.org/W2017992668
https://openalex.org/W2110135444
https://openalex.org/W1849889294
https://openalex.org/W2038649557
https://openalex.org/W2042848861
https://openalex.org/W2075082971
https://openalex.org/W2140194939
https://openalex.org/W2140738072
https://openalex.org/W2145365757
https://openalex.org/W2600361628
https://openalex.org/W2001327495
https://openalex.org/W2060461010
https://openalex.org/W1990763472
https://openalex.org/W2015684200
https://openalex.org/W2038195784
https://openalex.org/W2157052122
https://openalex.org/W2165918117
https://openalex.org/W2902000867
https://openalex.org/W2038147585
https://openalex.org/W2127138573
https://openalex.org/W2136929548
https://openalex.org/W2138207815
https://openalex.org/W2143869349
https://openalex.org/W2764306162
https://openalex.org/W2883180544
https://openalex.org/W3089513473
https://openalex.org/W1968913992
https://openalex.org/W2007257475
https://openalex.org/W2113737470
https://openalex.org/W2146664802
https://openalex.org/W2169798151
https://openalex.org/W2048047523
https://openalex.org/W2065320551
https://openalex.org/W2074138863
https://openalex.org/W1569463778
https://openalex.org/W1998577012
https://openalex.org/W2017668006
https://openalex.org/W2152684651
https://openalex.org/W2153742001
https://openalex.org/W2156827480
https://openalex.org/W2198920617
https://openalex.org/W2696553036
https://openalex.org/W2766976376
https://openalex.org/W2776179883
https://openalex.org/W2786015437
https://openalex.org/W3156579229
https://openalex.org/W1888402693
https://openalex.org/W1996361330
https://openalex.org/W2021875328
https://openalex.org/W2041881619
https://openalex.org/W2164760076
https://openalex.org/W2782635830
https://openalex.org/W4246888693
https://openalex.org/W1590029920
https://openalex.org/W2085352402
https://openalex.org/W2155142602
https://openalex.org/W2164547863
https://openalex.org/W1573920646
https://openalex.org/W2052623809
https://openalex.org/W2072111013
https://openalex.org/W2106211514
https://openalex.org/W2114045290
https://openalex.org/W2139837418
https://openalex.org/W2145945997
https://openalex.org/W2153270424
https://openalex.org/W2154557465
https://openalex.org/W2346897039
https://openalex.org/W4248586401
https://openalex.org/W1532841594
https://openalex.org/W1969019040
https://openalex.org/W1989675620
https://openalex.org/W1998159795
https://openalex.org/W2027731747
https://openalex.org/W2053736028
https://openalex.org/W2129750291
https://openalex.org/W1491283712
https://openalex.org/W1563796886
https://openalex.org/W2021348911
https://openalex.org/W2030923986
https://openalex.org/W2066794986
https://openalex.org/W2099431883
https://openalex.org/W2117994236
https://openalex.org/W2404045298
https://openalex.org/W1984116274
https://openalex.org/W1992382421
https://openalex.org/W2011371370
https://openalex.org/W2064477632
https://openalex.org/W2073599706
https://openalex.org/W2093822310
https://openalex.org/W2122351631
https://openalex.org/W2738029341
https://openalex.org/W1970471130
https://openalex.org/W1992561979
https://openalex.org/W1995472148
https://openalex.org/W2010499569
https://openalex.org/W2085644949
https://openalex.org/W2156097464
https://openalex.org/W1603281144
https://openalex.org/W1646970599
https://openalex.org/W2056822978
https://openalex.org/W2077970718
https://openalex.org/W2094339005
https://openalex.org/W2526407243
https://openalex.org/W2790950219
https://openalex.org/W2896915337
https://openalex.org/W1968701105
https://openalex.org/W1986388303
https://openalex.org/W2001563626
https://openalex.org/W2012160149
https://openalex.org/W2019361870
https://openalex.org/W2049011919
https://openalex.org/W2081427545
https://openalex.org/W266390880
https://openalex.org/W1650090243
https://openalex.org/W1979732101
https://openalex.org/W1991416980
https://openalex.org/W2060560104
https://openalex.org/W2080561371
https://openalex.org/W2121920214
https://openalex.org/W2417344553
https://openalex.org/W2797403168
https://openalex.org/W1606761338
https://openalex.org/W1982467516
https://openalex.org/W2061001430
https://openalex.org/W2081492913
https://openalex.org/W2124522095
https://openalex.org/W2139187785
https://openalex.org/W2152443694
https://openalex.org/W2324775231
https://openalex.org/W1520155137
https://openalex.org/W2012724461
https://openalex.org/W2058730737
https://openalex.org/W2086680948
https://openalex.org/W2092684195
https://openalex.org/W2114774678
https://openalex.org/W2119365587
https://openalex.org/W2123364745
https://openalex.org/W2131060092
https://openalex.org/W2163978483
https://openalex.org/W1569136877
https://openalex.org/W2024991581
https://openalex.org/W2030270828
https://openalex.org/W2051512562
https://openalex.org/W2067161291
https://openalex.org/W2095816295
https://openalex.org/W2141010721
https://openalex.org/W2746620130
https://openalex.org/W1641177013
https://openalex.org/W1969762654
https://openalex.org/W1981874274
https://openalex.org/W1982156025
https://openalex.org/W1997680159
https://openalex.org/W2021054542
https://openalex.org/W2029317617
https://openalex.org/W2064790354
https://openalex.org/W2115991242
https://openalex.org/W2152043562
https://openalex.org/W2470601847
https://openalex.org/W1980847733
https://openalex.org/W1996497791
https://openalex.org/W2045446039
https://openalex.org/W2049902830
https://openalex.org/W2120617481
https://openalex.org/W2127233981
https://openalex.org/W2147620209
https://openalex.org/W2155448627
https://openalex.org/W2225856091
https://openalex.org/W2560143099
https://openalex.org/W1534715980
https://openalex.org/W1596362540
https://openalex.org/W1641528217
https://openalex.org/W2000775162
https://openalex.org/W2078924067
https://openalex.org/W2084138834
https://openalex.org/W2129716222
https://openalex.org/W2279575242
https://openalex.org/W1561713829
https://openalex.org/W1944519762
https://openalex.org/W1966541541
https://openalex.org/W1974517357
https://openalex.org/W1975602859
https://openalex.org/W1990886151
https://openalex.org/W2018331822
https://openalex.org/W2069544818
https://openalex.org/W2078818498
https://openalex.org/W2091321140
https://openalex.org/W2112852386
https://openalex.org/W2415501981
https://openalex.org/W1964619095
https://openalex.org/W1995950951
https://openalex.org/W2019409985
https://openalex.org/W2100983586
https://openalex.org/W2104401221
https://openalex.org/W2107472302
https://openalex.org/W2139748674
https://openalex.org/W2147001637
https://openalex.org/W2148599181
https://openalex.org/W2332990795
https://openalex.org/W38619313
https://openalex.org/W1988326665
https://openalex.org/W2003120234
https://openalex.org/W2049961939
https://openalex.org/W2092785015
https://openalex.org/W2098855741
https://openalex.org/W2116587224
https://openalex.org/W2121251645
https://openalex.org/W2150614632
https://openalex.org/W2154066348
https://openalex.org/W2156028795
https://openalex.org/W2163777386
https://openalex.org/W2460163653
https://openalex.org/W2586526737
https://openalex.org/W2913144047
https://openalex.org/W1966270555
https://openalex.org/W1980554703
https://openalex.org/W2005628918
https://openalex.org/W2036238930
https://openalex.org/W2091818335
https://openalex.org/W2152059258
https://openalex.org/W1965855935
https://openalex.org/W1996825102
https://openalex.org/W2004826442
https://openalex.org/W2008482491
https://openalex.org/W2012507614
https://openalex.org/W2068599597
https://openalex.org/W2106021402
https://openalex.org/W2150672333
https://openalex.org/W1905802871
https://openalex.org/W1975490404
https://openalex.org/W2022659005
https://openalex.org/W2042749334
https://openalex.org/W2091245788
https://openalex.org/W2134529368
https://openalex.org/W2262609120
https://openalex.org/W1510411365
https://openalex.org/W1529181601
https://openalex.org/W1652408136
https://openalex.org/W1946930664
https://openalex.org/W1972805722
https://openalex.org/W2032349048
https://openalex.org/W2035026632
https://openalex.org/W2054335437
https://openalex.org/W2077604083
https://openalex.org/W2082743633
https://openalex.org/W2105753791
https://openalex.org/W2105832905
https://openalex.org/W2112203241
https://openalex.org/W2137945947
https://openalex.org/W2141066687
https://openalex.org/W2161215474
https://openalex.org/W2269316997
https://openalex.org/W3005879325
https://openalex.org/W1509774153
https://openalex.org/W1593704530
https://openalex.org/W1807832669
https://openalex.org/W1935471775
https://openalex.org/W1976526032
https://openalex.org/W2001805811
https://openalex.org/W2147779274
https://openalex.org/W2781844221
https://openalex.org/W2883919174
https://openalex.org/W3184987452
https://openalex.org/W1505962820
https://openalex.org/W1987566172
https://openalex.org/W2005438095
https://openalex.org/W2015354890
https://openalex.org/W2042434147
https://openalex.org/W2053808212
https://openalex.org/W2067822612
https://openalex.org/W2082500764
https://openalex.org/W2161713694
https://openalex.org/W2171933050
https://openalex.org/W2414699309
https://openalex.org/W2891028686
https://openalex.org/W2891460256
https://openalex.org/W2994663759
https://openalex.org/W3155057011
https://openalex.org/W1656639346
https://openalex.org/W2011705293
https://openalex.org/W2026669619
https://openalex.org/W2034355601
https://openalex.org/W2048954429
https://openalex.org/W2061686528
https://openalex.org/W2095179147
https://openalex.org/W2101847949
https://openalex.org/W2139536154
https://openalex.org/W4248254965
https://openalex.org/W1965639021
https://openalex.org/W1993443375
https://openalex.org/W2038225703
https://openalex.org/W2040651358
https://openalex.org/W2064807170
https://openalex.org/W2110113280
https://openalex.org/W2111206525
https://openalex.org/W2125719454
https://openalex.org/W2151942048
https://openalex.org/W2464916660
https://openalex.org/W2768498814
https://openalex.org/W31474329
https://openalex.org/W1552376883
https://openalex.org/W1753886663
https://openalex.org/W1984014561
https://openalex.org/W2030065890
https://openalex.org/W2037684276
https://openalex.org/W2038088563
https://openalex.org/W2105294107
https://openalex.org/W2115491025
https://openalex.org/W2127718379
https://openalex.org/W2128262069
https://openalex.org/W2136608152
https://openalex.org/W2168677301
https://openalex.org/W2896600084
https://openalex.org/W2940303196
https://openalex.org/W3009852948
https://openalex.org/W1483026516
https://openalex.org/W1862886492
https://openalex.org/W1975239118
https://openalex.org/W1998671943
https://openalex.org/W2002316566
https://openalex.org/W2005163922
https://openalex.org/W2053560526
https://openalex.org/W2059498883
https://openalex.org/W2088832772
https://openalex.org/W2098697495
https://openalex.org/W2335242130
https://openalex.org/W2410123768
https://openalex.org/W3092500022
https://openalex.org/W123098684
https://openalex.org/W1506600482
https://openalex.org/W1545789736
https://openalex.org/W2001469267
https://openalex.org/W2042995772
https://openalex.org/W2078136604
https://openalex.org/W2089144046
https://openalex.org/W2092494320
https://openalex.org/W2093635099
https://openalex.org/W2109959696
https://openalex.org/W2134251991
https://openalex.org/W2138743196
https://openalex.org/W2139833466
https://openalex.org/W2296017078
https://openalex.org/W2316810571
https://openalex.org/W2514225666
https://openalex.org/W2592065003
https://openalex.org/W4250564484
https://openalex.org/W1554627945
https://openalex.org/W1657278782
https://openalex.org/W1985882364
https://openalex.org/W2002223432
https://openalex.org/W2006575886
https://openalex.org/W2007440905
https://openalex.org/W2039005502
https://openalex.org/W2054339480
https://openalex.org/W2059551883
https://openalex.org/W2106692050
https://openalex.org/W2127218965
https://openalex.org/W2324783763
https://openalex.org/W2529940632
https://openalex.org/W2607707626
https://openalex.org/W2802498898
https://openalex.org/W583555876
https://openalex.org/W1517205951
https://openalex.org/W1863257706
https://openalex.org/W2024740401
https://openalex.org/W2035323934
https://openalex.org/W2040584311
https://openalex.org/W2080066540
https://openalex.org/W2080613823
https://openalex.org/W2102397801
https://openalex.org/W2108070429
https://openalex.org/W2111613770
https://openalex.org/W2114751597
https://openalex.org/W2155795381
https://openalex.org/W2170899456
https://openalex.org/W2563094871
https://openalex.org/W2766534109
https://openalex.org/W2845417761
https://openalex.org/W1501893453
https://openalex.org/W1927942213
https://openalex.org/W1947010865
https://openalex.org/W1958409279
https://openalex.org/W1967327991
https://openalex.org/W1975221809
https://openalex.org/W1988205500
https://openalex.org/W1993822077
https://openalex.org/W2019527035
https://openalex.org/W2034005763
https://openalex.org/W2045086988
https://openalex.org/W2077354680
https://openalex.org/W2114128165
https://openalex.org/W2365180619
https://openalex.org/W2055670158
https://openalex.org/W2063880012
https://openalex.org/W2086626321
https://openalex.org/W2099844899
https://openalex.org/W2328208194
https://openalex.org/W2548286640
https://openalex.org/W2774753208
https://openalex.org/W2800258246
https://openalex.org/W1516991981
https://openalex.org/W1976242476
https://openalex.org/W1991579968
https://openalex.org/W2006414954
https://openalex.org/W2032814621
https://openalex.org/W2047776317
https://openalex.org/W2048865408
https://openalex.org/W2081042705
https://openalex.org/W2159134046
https://openalex.org/W2332264896
https://openalex.org/W2337481134
https://openalex.org/W2895529474
https://openalex.org/W3036565587
https://openalex.org/W1980506310
https://openalex.org/W1999922625
https://openalex.org/W2030609319
https://openalex.org/W2035197857
https://openalex.org/W2074112076
https://openalex.org/W2078826331
https://openalex.org/W2099144698
https://openalex.org/W2107237825
https://openalex.org/W2108908978
https://openalex.org/W2110393219
https://openalex.org/W2134033871
https://openalex.org/W2144863621
https://openalex.org/W2883843403
https://openalex.org/W1965316457
https://openalex.org/W1984539641
https://openalex.org/W2001357372
https://openalex.org/W2005767317
https://openalex.org/W2071237175
https://openalex.org/W2106567560
https://openalex.org/W2106832927
https://openalex.org/W2111981815
https://openalex.org/W2118091192
https://openalex.org/W2119146659
https://openalex.org/W2130687646
https://openalex.org/W2196204028
https://openalex.org/W2316755404
https://openalex.org/W2731112398
https://openalex.org/W2802628999
https://openalex.org/W2891365275
https://openalex.org/W3008940713
https://openalex.org/W622098099
https://openalex.org/W104182526
https://openalex.org/W1965012778
https://openalex.org/W1991948602
https://openalex.org/W2000511923
https://openalex.org/W2009393477
https://openalex.org/W2025247689
https://openalex.org/W2030060871
https://openalex.org/W2070938678
https://openalex.org/W2078165601
https://openalex.org/W2079842211
https://openalex.org/W2085525635
https://openalex.org/W2089333275
https://openalex.org/W2102293090
https://openalex.org/W2110222320
https://openalex.org/W2157901602
https://openalex.org/W2795232695
https://openalex.org/W2986952774
https://openalex.org/W4230841153
https://openalex.org/W1569104868
https://openalex.org/W2026248610
https://openalex.org/W2105023680
https://openalex.org/W2127068467
https://openalex.org/W2163752249
https://openalex.org/W2316934182
https://openalex.org/W31463848
https://openalex.org/W1491369579
https://openalex.org/W1661850314
https://openalex.org/W1964645105
https://openalex.org/W1980893127
https://openalex.org/W1985990263
https://openalex.org/W1993659333
https://openalex.org/W2026369859
https://openalex.org/W2035634053
https://openalex.org/W2042063083
https://openalex.org/W2049443356
https://openalex.org/W2054310636
https://openalex.org/W2057303680
https://openalex.org/W2112417673
https://openalex.org/W2114216938
https://openalex.org/W2159481096
https://openalex.org/W2168632265
https://openalex.org/W2170855614
https://openalex.org/W2251036787
https://openalex.org/W2340078041
https://openalex.org/W2394792759
https://openalex.org/W2412698829
https://openalex.org/W2414929276
https://openalex.org/W25550038
https://openalex.org/W2892272827
https://openalex.org/W2979927426
https://openalex.org/W3121425062
https://openalex.org/W1982174595
https://openalex.org/W2007574449
https://openalex.org/W2015974859
https://openalex.org/W2084986158
https://openalex.org/W2119191206
https://openalex.org/W2145063190
https://openalex.org/W2155364553
https://openalex.org/W2342278475
https://openalex.org/W2520245417
https://openalex.org/W2560168388
https://openalex.org/W2753016068
https://openalex.org/W2792502960
https://openalex.org/W2883077741
https://openalex.org/W3093029727
https://openalex.org/W1534995893
https://openalex.org/W1906359961
https://openalex.org/W1986773884
https://openalex.org/W1988207012
https://openalex.org/W2005336718
https://openalex.org/W2023295300
https://openalex.org/W2039131031
https://openalex.org/W2091524596
https://openalex.org/W2149717944
https://openalex.org/W2153335398
https://openalex.org/W2184053193
https://openalex.org/W2741011360
https://openalex.org/W2784637262
https://openalex.org/W2899360657
https://openalex.org/W2917152313
https://openalex.org/W2980441224
https://openalex.org/W3028837315
https://openalex.org/W2013684154
https://openalex.org/W2024812079
https://openalex.org/W2041466818
https://openalex.org/W2046915459
https://openalex.org/W2054442471
https://openalex.org/W2068194104
https://openalex.org/W2073668065
https://openalex.org/W2092425642
https://openalex.org/W2112027683
https://openalex.org/W2121630812
https://openalex.org/W2127161567
https://openalex.org/W2130691985
https://openalex.org/W2136505532
https://openalex.org/W2155113097
https://openalex.org/W2157914072
https://openalex.org/W2171132051
https://openalex.org/W2904452117
https://openalex.org/W3119331783
https://openalex.org/W3157888397
https://openalex.org/W3158308100
https://openalex.org/W40808844
https://openalex.org/W1964556196
https://openalex.org/W1964645103
https://openalex.org/W1975734283
https://openalex.org/W1986018035
https://openalex.org/W2001482635
https://openalex.org/W2011526233
https://openalex.org/W2037037907
https://openalex.org/W2038356057
https://openalex.org/W2061891251
https://openalex.org/W2067076189
https://openalex.org/W2067282311
https://openalex.org/W2086371450
https://openalex.org/W2113861293
https://openalex.org/W2132283764
https://openalex.org/W2138314493
https://openalex.org/W2138879959
https://openalex.org/W2146807421
https://openalex.org/W2919066319
https://openalex.org/W2938210343
https://openalex.org/W2950058592
https://openalex.org/W2965425949
https://openalex.org/W2972028258
https://openalex.org/W4224243429
https://openalex.org/W113283175
https://openalex.org/W1572611940
https://openalex.org/W1965291655
https://openalex.org/W1970852412
https://openalex.org/W1991176239
https://openalex.org/W1992832263
https://openalex.org/W1999651884
https://openalex.org/W2004483102
https://openalex.org/W2021680163
https://openalex.org/W2023021949
https://openalex.org/W2029117672
https://openalex.org/W2031926941
https://openalex.org/W2039036357
https://openalex.org/W2044801138
https://openalex.org/W2044965296
https://openalex.org/W2047952085
https://openalex.org/W2083239972
https://openalex.org/W2096854262
https://openalex.org/W2116919939
https://openalex.org/W2135475273
https://openalex.org/W2144333758
https://openalex.org/W2172112551
https://openalex.org/W2297753892
https://openalex.org/W2589736107
https://openalex.org/W2802181355
https://openalex.org/W2895879284
https://openalex.org/W2901205495
https://openalex.org/W3106016258
https://openalex.org/W4220747142
https://openalex.org/W4252285135
https://openalex.org/W1267518751
https://openalex.org/W2007260948
https://openalex.org/W2042939618
https://openalex.org/W2049000257
https://openalex.org/W2056362812
https://openalex.org/W2061983447
https://openalex.org/W2074518794
https://openalex.org/W2074743007
https://openalex.org/W2096270930
https://openalex.org/W2097641261
https://openalex.org/W2100406833
https://openalex.org/W2222540944
https://openalex.org/W2550689119
https://openalex.org/W2607034898
https://openalex.org/W2607078608
https://openalex.org/W2749922856
https://openalex.org/W2946189086
https://openalex.org/W3127271969
https://openalex.org/W4319304408
https://openalex.org/W1964032714
https://openalex.org/W1969469274
https://openalex.org/W1988600932
https://openalex.org/W1999802834
https://openalex.org/W2000292371
https://openalex.org/W2016726013
https://openalex.org/W2022214468
https://openalex.org/W2058525244
https://openalex.org/W2058683089
https://openalex.org/W2066928379
https://openalex.org/W2120688564
https://openalex.org/W2144152529
https://openalex.org/W2268421085
https://openalex.org/W2335274386
https://openalex.org/W2467633622
https://openalex.org/W2487723527
https://openalex.org/W2517300034
https://openalex.org/W2589609817
https://openalex.org/W2924944897
https://openalex.org/W2945870701
https://openalex.org/W1566671445
https://openalex.org/W1967389941
https://openalex.org/W1971458788
https://openalex.org/W1994531902
https://openalex.org/W2001695913
https://openalex.org/W2003015252
https://openalex.org/W2014578238
https://openalex.org/W2021730620
https://openalex.org/W2037248915
https://openalex.org/W2037809316
https://openalex.org/W2047478576
https://openalex.org/W2059595370
https://openalex.org/W2084409850
https://openalex.org/W2131159634
https://openalex.org/W2200070360
https://openalex.org/W2332417565
https://openalex.org/W2522736967
https://openalex.org/W2616973692
https://openalex.org/W3043078851
https://openalex.org/W1966240715
https://openalex.org/W1971631125
https://openalex.org/W1985454402
https://openalex.org/W2014652811
https://openalex.org/W2020319740
https://openalex.org/W2026744958
https://openalex.org/W2049168649
https://openalex.org/W2055196229
https://openalex.org/W2061203040
https://openalex.org/W2075531003
https://openalex.org/W2083857745
https://openalex.org/W2090381473
https://openalex.org/W2100597606
https://openalex.org/W2132920458
https://openalex.org/W2135215694
https://openalex.org/W2149023459
https://openalex.org/W2154376045
https://openalex.org/W2169108947
https://openalex.org/W2337465575
https://openalex.org/W2983686695
https://openalex.org/W2987429305
https://openalex.org/W1969635558
https://openalex.org/W1971399180
https://openalex.org/W1971828366
https://openalex.org/W1982615776
https://openalex.org/W1984982517
https://openalex.org/W1987865306
https://openalex.org/W2001970809
https://openalex.org/W2008056268
https://openalex.org/W2015044744
https://openalex.org/W2017264489
https://openalex.org/W2018344777
https://openalex.org/W2022891929
https://openalex.org/W2031588870
https://openalex.org/W2054572519
https://openalex.org/W2108995075
https://openalex.org/W2143479924
https://openalex.org/W2150211927
https://openalex.org/W2161101704
https://openalex.org/W2169088693
https://openalex.org/W2508264892
https://openalex.org/W2528771903
https://openalex.org/W2591126194
https://openalex.org/W2769066285
https://openalex.org/W2797991358
https://openalex.org/W2976861271
https://openalex.org/W3134063524
https://openalex.org/W4220833397
https://openalex.org/W1498397413
https://openalex.org/W1538493668
https://openalex.org/W1898069771
https://openalex.org/W1971854007
https://openalex.org/W1971966285
https://openalex.org/W1972528244
https://openalex.org/W2010585389
https://openalex.org/W2011341421
https://openalex.org/W2011531714
https://openalex.org/W2012152598
https://openalex.org/W2013094419
https://openalex.org/W2019356087
https://openalex.org/W2029123725
https://openalex.org/W2064595037
https://openalex.org/W2074175784
https://openalex.org/W2074747285
https://openalex.org/W2113048157
https://openalex.org/W2125513512
https://openalex.org/W2130367469
https://openalex.org/W2149482935
https://openalex.org/W2260087333
https://openalex.org/W2329394811
https://openalex.org/W2810887228
https://openalex.org/W2912577434
https://openalex.org/W2933324386
https://openalex.org/W2948271538
https://openalex.org/W3004495025
https://openalex.org/W3014242413
https://openalex.org/W583743770
https://openalex.org/W101078660
https://openalex.org/W1978250347
https://openalex.org/W1982086999
https://openalex.org/W1995874962
https://openalex.org/W2006004434
https://openalex.org/W2012548915
https://openalex.org/W2020505185
https://openalex.org/W2023746869
https://openalex.org/W2038996352
https://openalex.org/W2039474668
https://openalex.org/W2045088396
https://openalex.org/W2045705831
https://openalex.org/W2057376736
https://openalex.org/W2063181312
https://openalex.org/W2101131855
https://openalex.org/W2165846519
https://openalex.org/W2330072869
https://openalex.org/W2402106508
https://openalex.org/W2770087546
https://openalex.org/W2883787207
https://openalex.org/W2977597545
https://openalex.org/W3006480371
https://openalex.org/W3206259065
https://openalex.org/W4239676697
https://openalex.org/W1599060210
https://openalex.org/W160369438
https://openalex.org/W1976864091
https://openalex.org/W1977985211
https://openalex.org/W1986343884
https://openalex.org/W1989671366
https://openalex.org/W1994153811
https://openalex.org/W1995441478
https://openalex.org/W2002018907
https://openalex.org/W2011164125
https://openalex.org/W2014849856
https://openalex.org/W2035691108
https://openalex.org/W2053714631
https://openalex.org/W2079582422
https://openalex.org/W2099818483
https://openalex.org/W2104426099
https://openalex.org/W2122366877
https://openalex.org/W2170860934
https://openalex.org/W2416254975
https://openalex.org/W2559426163
https://openalex.org/W2562014133
https://openalex.org/W2585353684
https://openalex.org/W2755365362
https://openalex.org/W2759434971
https://openalex.org/W2799941673
https://openalex.org/W2803617364
https://openalex.org/W2891707166
https://openalex.org/W2980965903
https://openalex.org/W3010577680
https://openalex.org/W3034799511
https://openalex.org/W4225966229
https://openalex.org/W1245415032
https://openalex.org/W1521063009
https://openalex.org/W1977155152
https://openalex.org/W1982090868
https://openalex.org/W1992040244
https://openalex.org/W1996078049
https://openalex.org/W2002442315
https://openalex.org/W2006132614
https://openalex.org/W2024272478
https://openalex.org/W2028176388
https://openalex.org/W2042052106
https://openalex.org/W2065791193
https://openalex.org/W2080430544
https://openalex.org/W2082920532
https://openalex.org/W2091181736
https://openalex.org/W2091779572
https://openalex.org/W2094030171
https://openalex.org/W2105467109
https://openalex.org/W2140875904
https://openalex.org/W2158797550
https://openalex.org/W2409839128
https://openalex.org/W2415725773
https://openalex.org/W2514849536
https://openalex.org/W2567677177
https://openalex.org/W2743269670
https://openalex.org/W2806269756
https://openalex.org/W2910124993
https://openalex.org/W3112867477
https://openalex.org/W3156623332
https://openalex.org/W3164110096
https://openalex.org/W1925274372
https://openalex.org/W1966416528
https://openalex.org/W1980000361
https://openalex.org/W1995826147
https://openalex.org/W2005234798
https://openalex.org/W2008226700
https://openalex.org/W2017977987
https://openalex.org/W2039632455
https://openalex.org/W2042737071
https://openalex.org/W2057763559
https://openalex.org/W2071624118
https://openalex.org/W2071983981
https://openalex.org/W2073089343
https://openalex.org/W2082072426
https://openalex.org/W2084733270
https://openalex.org/W2135992742
https://openalex.org/W2155089111
https://openalex.org/W21652043
https://openalex.org/W2170286426
https://openalex.org/W2198986100
https://openalex.org/W2255525318
https://openalex.org/W2275240614
https://openalex.org/W2333357099
https://openalex.org/W2410321620
https://openalex.org/W2527273808
https://openalex.org/W2550583578
https://openalex.org/W2616976855
https://openalex.org/W2796216203
https://openalex.org/W2937160969
https://openalex.org/W2937626558
https://openalex.org/W2952655373
https://openalex.org/W345117294
https://openalex.org/W1593075812
https://openalex.org/W1841280633
https://openalex.org/W1964434580
https://openalex.org/W1967919827
https://openalex.org/W1972044396
https://openalex.org/W1976572083
https://openalex.org/W1980654215
https://openalex.org/W1990463437
https://openalex.org/W1996661975
https://openalex.org/W2004122657
https://openalex.org/W2011583562
https://openalex.org/W2023690571
https://openalex.org/W2026896605
https://openalex.org/W2121275259
https://openalex.org/W2125274710
https://openalex.org/W2403040164
https://openalex.org/W2416804799
https://openalex.org/W2606600338
https://openalex.org/W2767082884
https://openalex.org/W2791754881
https://openalex.org/W2980263934
https://openalex.org/W3000434011
https://openalex.org/W3118330765
https://openalex.org/W3208836603
https://openalex.org/W4251969798
https://openalex.org/W800819952
https://openalex.org/W829680658
https://openalex.org/W1602082099
https://openalex.org/W1968616974
https://openalex.org/W1985262370
https://openalex.org/W2012015854
https://openalex.org/W2015441800
https://openalex.org/W2015906791
https://openalex.org/W2016197150
https://openalex.org/W2024497349
https://openalex.org/W2035150859
https://openalex.org/W2036220928
https://openalex.org/W2050690510
https://openalex.org/W2065312619
https://openalex.org/W2069351267
https://openalex.org/W2074167431
https://openalex.org/W2074299172
https://openalex.org/W2081405221
https://openalex.org/W2086323264
https://openalex.org/W2086722783
https://openalex.org/W2129160236
https://openalex.org/W2146931634
https://openalex.org/W2147387695
https://openalex.org/W2163640352
https://openalex.org/W2165416314
https://openalex.org/W2188917294
https://openalex.org/W2331735233
https://openalex.org/W2332215486
https://openalex.org/W2413253413
https://openalex.org/W2417179625
https://openalex.org/W2740306530
https://openalex.org/W2896196743
https://openalex.org/W2982064668
https://openalex.org/W2982830161
https://openalex.org/W2995120640
https://openalex.org/W3015951507
https://openalex.org/W3018822740
https://openalex.org/W3024371412
https://openalex.org/W4210737568
https://openalex.org/W4236342605
https://openalex.org/W1497579349
https://openalex.org/W183682535
https://openalex.org/W1970193221
https://openalex.org/W1974682797
https://openalex.org/W1979005358
https://openalex.org/W2003042656
https://openalex.org/W2023469184
https://openalex.org/W2031487078
https://openalex.org/W2034512401
https://openalex.org/W2044403560
https://openalex.org/W2084368708
https://openalex.org/W2089962995
https://openalex.org/W2094451404
https://openalex.org/W2118687456
https://openalex.org/W2128249752
https://openalex.org/W2131725760
https://openalex.org/W2153734739
https://openalex.org/W2256408596
https://openalex.org/W2293328405
https://openalex.org/W2420907511
https://openalex.org/W2548827023
https://openalex.org/W2766954316
https://openalex.org/W2809011548
https://openalex.org/W2909449027
https://openalex.org/W2952622652
https://openalex.org/W2965589451
https://openalex.org/W3006806011
https://openalex.org/W3021462543
https://openalex.org/W3087765799
https://openalex.org/W4220808645
https://openalex.org/W4224213144
https://openalex.org/W4225164803
https://openalex.org/W47557130
https://openalex.org/W1511620813
https://openalex.org/W1531790424
https://openalex.org/W1922856282
https://openalex.org/W1989429936
https://openalex.org/W2010056036
https://openalex.org/W2018781664
https://openalex.org/W2058840789
https://openalex.org/W2059429986
https://openalex.org/W2059758433
https://openalex.org/W2061240375
https://openalex.org/W2069341566
https://openalex.org/W2070930890
https://openalex.org/W2087142672
https://openalex.org/W2092050462
https://openalex.org/W2121034065
https://openalex.org/W2138205299
https://openalex.org/W2158724309
https://openalex.org/W2163107339
https://openalex.org/W2164492120
https://openalex.org/W2191949594
https://openalex.org/W2225414156
https://openalex.org/W2325330181
https://openalex.org/W2334758636
https://openalex.org/W2409830322
https://openalex.org/W2428540848
https://openalex.org/W25238691
https://openalex.org/W2537819282
https://openalex.org/W2587245385
https://openalex.org/W2588029775
https://openalex.org/W2604111346
https://openalex.org/W2767015233
https://openalex.org/W2888445175
https://openalex.org/W2908425082
https://openalex.org/W2993745833
https://openalex.org/W3014799524
https://openalex.org/W3046189533
https://openalex.org/W3142828731
https://openalex.org/W3175625704
https://openalex.org/W4223452958
https://openalex.org/W4242536395
https://openalex.org/W4253110880
https://openalex.org/W1525702510
https://openalex.org/W1571841354
https://openalex.org/W1743961222
https://openalex.org/W194695898
https://openalex.org/W1966163600
https://openalex.org/W1966415068
https://openalex.org/W1997718167
https://openalex.org/W2009338074
https://openalex.org/W2027795299
https://openalex.org/W2037938133
https://openalex.org/W2075796018
https://openalex.org/W2084612108
https://openalex.org/W2084908385
https://openalex.org/W2088196072
https://openalex.org/W2098589489
https://openalex.org/W2098617458
https://openalex.org/W2105454326
https://openalex.org/W2122982146
https://openalex.org/W2321061964
https://openalex.org/W24129392
https://openalex.org/W2488595850
https://openalex.org/W2510154680
https://openalex.org/W2530779900
https://openalex.org/W2551324928
https://openalex.org/W286136137
https://openalex.org/W2872607475
https://openalex.org/W2883802339
https://openalex.org/W2884316892
https://openalex.org/W2886231942
https://openalex.org/W2943901098
https://openalex.org/W2945510459
https://openalex.org/W2949344128
https://openalex.org/W2950415163
https://openalex.org/W3094001580
https://openalex.org/W3197662083
https://openalex.org/W4200362342
https://openalex.org/W4253310942
https://openalex.org/W437012466
https://openalex.org/W1486105442
https://openalex.org/W1522302858
https://openalex.org/W1532997663
https://openalex.org/W1554789506
https://openalex.org/W1582828571
https://openalex.org/W1980452981
https://openalex.org/W1986722246
https://openalex.org/W2000365797
https://openalex.org/W2034422415
https://openalex.org/W2041252409
https://openalex.org/W2056006391
https://openalex.org/W2058066332
https://openalex.org/W2065026530
https://openalex.org/W2076390333
https://openalex.org/W2078253945
https://openalex.org/W2079137679
https://openalex.org/W2086408796
https://openalex.org/W2087197661
https://openalex.org/W2106474853
https://openalex.org/W2118279017
https://openalex.org/W2119148656
https://openalex.org/W2137676575
https://openalex.org/W2152780528
https://openalex.org/W2153567865
https://openalex.org/W2158039500
https://openalex.org/W2167922226
https://openalex.org/W2181329134
https://openalex.org/W2326734254
https://openalex.org/W2341622713
https://openalex.org/W2416087888
https://openalex.org/W2418533359
https://openalex.org/W2576602937
https://openalex.org/W2755295250
https://openalex.org/W2770249692
https://openalex.org/W2807147335
https://openalex.org/W2904638676
https://openalex.org/W2940957915
https://openalex.org/W2968236234
https://openalex.org/W3096356496
https://openalex.org/W3116978750
https://openalex.org/W4220903528
https://openalex.org/W4243986281
https://openalex.org/W12633189
https://openalex.org/W148924540
https://openalex.org/W172574786
https://openalex.org/W1963729574
https://openalex.org/W1963864097
https://openalex.org/W1984560809
https://openalex.org/W1989332765
https://openalex.org/W1996786624
https://openalex.org/W2046078098
https://openalex.org/W2047817694
https://openalex.org/W2053504157
https://openalex.org/W2062834903
https://openalex.org/W2065000283
https://openalex.org/W2065466424
https://openalex.org/W2067229624
https://openalex.org/W2076020403
https://openalex.org/W2083989311
https://openalex.org/W2089403185
https://openalex.org/W2093158608
https://openalex.org/W2095093323
https://openalex.org/W2131048910
https://openalex.org/W2151925750
https://openalex.org/W2156026162
https://openalex.org/W2336209861
https://openalex.org/W2340478626
https://openalex.org/W2466580326
https://openalex.org/W2538487508
https://openalex.org/W2589458066
https://openalex.org/W2772666361
https://openalex.org/W2964824083
https://openalex.org/W3007129885
https://openalex.org/W3034229995
https://openalex.org/W3040982522
https://openalex.org/W3138167506
https://openalex.org/W3146792628
https://openalex.org/W3161625045
https://openalex.org/W3162032267
https://openalex.org/W3198920451
https://openalex.org/W4250769897
https://openalex.org/W17527230
https://openalex.org/W1879213842
https://openalex.org/W1973852264
https://openalex.org/W1983327267
https://openalex.org/W1984178570
https://openalex.org/W1991867446
https://openalex.org/W2007608933
https://openalex.org/W2014987897
https://openalex.org/W2021636323
https://openalex.org/W2022113895
https://openalex.org/W2026909468
https://openalex.org/W2028892687
https://openalex.org/W2031046200
https://openalex.org/W2033645284
https://openalex.org/W2035900169
https://openalex.org/W2045022920
https://openalex.org/W2049861708
https://openalex.org/W2052822991
https://openalex.org/W2060839981
https://openalex.org/W2089144445
https://openalex.org/W2090234994
https://openalex.org/W2093216013
https://openalex.org/W2099979628
https://openalex.org/W2141800518
https://openalex.org/W2143935112
https://openalex.org/W2146065246
https://openalex.org/W2247111570
https://openalex.org/W2288520313
https://openalex.org/W2329062892
https://openalex.org/W2556311538
https://openalex.org/W2755993283
https://openalex.org/W2778546331
https://openalex.org/W2792252675
https://openalex.org/W2792454697
https://openalex.org/W2891500741
https://openalex.org/W2909956881
https://openalex.org/W3005540314
https://openalex.org/W3008362548
https://openalex.org/W3012780108
https://openalex.org/W3024066699
https://openalex.org/W4210964967
https://openalex.org/W47941278
https://openalex.org/W175277958
https://openalex.org/W1968857796
https://openalex.org/W1970983230
https://openalex.org/W1986676722
https://openalex.org/W1994675663
https://openalex.org/W2003897626
https://openalex.org/W2014824112
https://openalex.org/W2018953650
https://openalex.org/W2023561771
https://openalex.org/W2040624062
https://openalex.org/W2096840730
https://openalex.org/W2134618066
https://openalex.org/W2155660931
https://openalex.org/W2267123376
https://openalex.org/W23620893
https://openalex.org/W2510291743
https://openalex.org/W2530293326
https://openalex.org/W2564647023
https://openalex.org/W2603202658
https://openalex.org/W2751155262
https://openalex.org/W2766844072
https://openalex.org/W2778263079
https://openalex.org/W2911945252
https://openalex.org/W2967815626
https://openalex.org/W2981783415
https://openalex.org/W3045926807
https://openalex.org/W3094501972
https://openalex.org/W3097947115
https://openalex.org/W3143363995
https://openalex.org/W3170840405
https://openalex.org/W3202397238
https://openalex.org/W4232542498
https://openalex.org/W4252341925
https://openalex.org/W49329161
https://openalex.org/W1490954319
https://openalex.org/W1533180318
https://openalex.org/W1569090400
https://openalex.org/W1607859230
https://openalex.org/W165037300
https://openalex.org/W1925374521
https://openalex.org/W1965364812
https://openalex.org/W1969473028
https://openalex.org/W1973983272
https://openalex.org/W1974278211
https://openalex.org/W1988383075
https://openalex.org/W1995055615
https://openalex.org/W1996065330
https://openalex.org/W2000724999
https://openalex.org/W2003387704
https://openalex.org/W2004577744
https://openalex.org/W2005146215
https://openalex.org/W2012002751
https://openalex.org/W2040032437
https://openalex.org/W2050364597
https://openalex.org/W2059202246
https://openalex.org/W2066069806
https://openalex.org/W2066142140
https://openalex.org/W2075625285
https://openalex.org/W2077886522
https://openalex.org/W2093800650
https://openalex.org/W2114451339
https://openalex.org/W2130045980
https://openalex.org/W2148544992
https://openalex.org/W2158415088
https://openalex.org/W2159633851
https://openalex.org/W2167091089
https://openalex.org/W2317572048
https://openalex.org/W2325071088
https://openalex.org/W2362166418
https://openalex.org/W2410073954
https://openalex.org/W2417828681
https://openalex.org/W2434808681
https://openalex.org/W2502772544
https://openalex.org/W2604427595
https://openalex.org/W2725757941
https://openalex.org/W2766348850
https://openalex.org/W2810576308
https://openalex.org/W2888001667
https://openalex.org/W2910486899
https://openalex.org/W2947981398
https://openalex.org/W2964787551
https://openalex.org/W3009728349
https://openalex.org/W3014828669
https://openalex.org/W3021148393
https://openalex.org/W3118236938
https://openalex.org/W3135052919
https://openalex.org/W3156225493
https://openalex.org/W36497849
https://openalex.org/W4213012668
https://openalex.org/W4250482595
https://openalex.org/W4281867267
https://openalex.org/W4282542011
https://openalex.org/W4292264352
https://openalex.org/W1207405423
https://openalex.org/W1553767783
https://openalex.org/W1697629702
https://openalex.org/W1972593802
https://openalex.org/W1987230166
https://openalex.org/W1993614589
https://openalex.org/W1999230108
https://openalex.org/W2001676828
https://openalex.org/W2002408367
https://openalex.org/W2013236381
https://openalex.org/W2014245800
https://openalex.org/W2018037557
https://openalex.org/W2028132744
https://openalex.org/W2043321192
https://openalex.org/W2054336836
https://openalex.org/W2062193577
https://openalex.org/W2078133739
https://openalex.org/W2092861686
https://openalex.org/W2102738259
https://openalex.org/W2106110409
https://openalex.org/W2114421495
https://openalex.org/W2142563680
https://openalex.org/W2142593860
https://openalex.org/W2143961293
https://openalex.org/W2326082597
https://openalex.org/W2340165363
https://openalex.org/W2402310899
https://openalex.org/W2481431957
https://openalex.org/W2484383579
https://openalex.org/W2605453529
https://openalex.org/W2617286171
https://openalex.org/W2754608107
https://openalex.org/W2791993525
https://openalex.org/W2969883358
https://openalex.org/W2973454750
https://openalex.org/W2997420125
https://openalex.org/W3092318169
https://openalex.org/W3128230442
https://openalex.org/W315838250
https://openalex.org/W3204853831
https://openalex.org/W4200253641
https://openalex.org/W4229065849
https://openalex.org/W1508817322
https://openalex.org/W1514167735
https://openalex.org/W1957612552
https://openalex.org/W1971731401
https://openalex.org/W1972616586
https://openalex.org/W1977498439
https://openalex.org/W1988930866
https://openalex.org/W1991150276
https://openalex.org/W1993754159
https://openalex.org/W2004039675
https://openalex.org/W2005601530
https://openalex.org/W2011237296
https://openalex.org/W2011790766
https://openalex.org/W2024545377
https://openalex.org/W2028828723
https://openalex.org/W2035639899
https://openalex.org/W2038537313
https://openalex.org/W2047429585
https://openalex.org/W2048246674
https://openalex.org/W2067421262
https://openalex.org/W2104544275
https://openalex.org/W2121393675
https://openalex.org/W2129491654
https://openalex.org/W2149437470
https://openalex.org/W2154735909
https://openalex.org/W2175125168
https://openalex.org/W2199880040
https://openalex.org/W2295800701
https://openalex.org/W2311186916
https://openalex.org/W2322742750
https://openalex.org/W2418465674
https://openalex.org/W2472328474
https://openalex.org/W2523859575
https://openalex.org/W2571324288
https://openalex.org/W2601199424
https://openalex.org/W2605373570
https://openalex.org/W2607132002
https://openalex.org/W2754031944
https://openalex.org/W2763268468
https://openalex.org/W2769681183
https://openalex.org/W2887280897
https://openalex.org/W2901252702
https://openalex.org/W2914411933
https://openalex.org/W2914758064
https://openalex.org/W2960406956
https://openalex.org/W2963525979
https://openalex.org/W2966850537
https://openalex.org/W3003451231
https://openalex.org/W3011652891
https://openalex.org/W3011688412
https://openalex.org/W3013283358
https://openalex.org/W3016775981
https://openalex.org/W3119346674
https://openalex.org/W3130802175
https://openalex.org/W3191358677
https://openalex.org/W3215327302
https://openalex.org/W4200314750
https://openalex.org/W4237144809
https://openalex.org/W4288736489
https://openalex.org/W4313491431
https://openalex.org/W958596774
https://openalex.org/W1967615382
https://openalex.org/W1970015641
https://openalex.org/W1982206997
https://openalex.org/W2003874089
https://openalex.org/W2004305764
https://openalex.org/W2007147937
https://openalex.org/W2013705400
https://openalex.org/W2035158153
https://openalex.org/W2036664915
https://openalex.org/W2048927942
https://openalex.org/W2050953720
https://openalex.org/W2052873910
https://openalex.org/W2055734057
https://openalex.org/W2069443900
https://openalex.org/W2078279583
https://openalex.org/W2079164608
https://openalex.org/W2079259623
https://openalex.org/W2079828826
https://openalex.org/W2081338890
https://openalex.org/W2097285241
https://openalex.org/W2113449170
https://openalex.org/W2133504139
https://openalex.org/W2141630307
https://openalex.org/W2157470025
https://openalex.org/W2164894674
https://openalex.org/W2176616113
https://openalex.org/W2214947471
https://openalex.org/W2304421186
https://openalex.org/W2411132579
https://openalex.org/W2491439618
https://openalex.org/W2529654956
https://openalex.org/W2617295458
https://openalex.org/W2625143706
https://openalex.org/W262664168
https://openalex.org/W2732109957
https://openalex.org/W2786499558
https://openalex.org/W2793715824
https://openalex.org/W2809512267
https://openalex.org/W2902207227
https://openalex.org/W2950193335
https://openalex.org/W2970100957
https://openalex.org/W2980778337
https://openalex.org/W3003723200
https://openalex.org/W3006206862
https://openalex.org/W3014757175
https://openalex.org/W3023129246
https://openalex.org/W3034918568
https://openalex.org/W3083334066
https://openalex.org/W3091796250
https://openalex.org/W3108462188
https://openalex.org/W3127891146
https://openalex.org/W3131551146
https://openalex.org/W3156265516
https://openalex.org/W3160078921
https://openalex.org/W3160523609
https://openalex.org/W3197885622
https://openalex.org/W3212539554
https://openalex.org/W3217063696
https://openalex.org/W4200504935
https://openalex.org/W4289519228
https://openalex.org/W77809807
https://openalex.org/W1178044863
https://openalex.org/W1568327855
https://openalex.org/W1619101203
https://openalex.org/W1848818239
https://openalex.org/W1969340972
https://openalex.org/W1994786477
https://openalex.org/W2014687927
https://openalex.org/W2021608192
https://openalex.org/W2021647335
https://openalex.org/W2025990113
https://openalex.org/W2028250447
https://openalex.org/W2050525664
https://openalex.org/W2056799556
https://openalex.org/W2057391117
https://openalex.org/W2058595759
https://openalex.org/W2060834879
https://openalex.org/W2061160624
https://openalex.org/W2069125453
https://openalex.org/W2075771794
https://openalex.org/W2084548520
https://openalex.org/W2087013736
https://openalex.org/W2111227046
https://openalex.org/W2119479835
https://openalex.org/W2132008486
https://openalex.org/W2144413805
https://openalex.org/W2144735170
https://openalex.org/W2274664690
https://openalex.org/W2315869577
https://openalex.org/W2394918697
https://openalex.org/W2403838533
https://openalex.org/W2412289325
https://openalex.org/W2487957413
https://openalex.org/W2506755700
https://openalex.org/W2510509111
https://openalex.org/W2780218958
https://openalex.org/W2806353239
https://openalex.org/W2894720056
https://openalex.org/W2900461855
https://openalex.org/W2911232664
https://openalex.org/W2913748624
https://openalex.org/W2921506584
https://openalex.org/W2960551567
https://openalex.org/W2966443090
https://openalex.org/W2971733545
https://openalex.org/W2981033856
https://openalex.org/W2984356888
https://openalex.org/W3011374085
https://openalex.org/W3021880239
https://openalex.org/W3028553899
https://openalex.org/W3038558486
https://openalex.org/W3041178555
https://openalex.org/W3047109534
https://openalex.org/W3085658958
https://openalex.org/W3092593946
https://openalex.org/W3162817598
https://openalex.org/W3181900112
https://openalex.org/W3199205989
https://openalex.org/W3212349177
https://openalex.org/W4212832278
https://openalex.org/W4252838751
https://openalex.org/W4256044724
https://openalex.org/W4281770255
https://openalex.org/W4284897572
https://openalex.org/W4310496439
https://openalex.org/W4313625306
https://openalex.org/W852577751
https://openalex.org/W1505602644
https://openalex.org/W1569279154
https://openalex.org/W1571962732
https://openalex.org/W1585718618
https://openalex.org/W1600199965
https://openalex.org/W1668280728
https://openalex.org/W1964440520
https://openalex.org/W1981149809
https://openalex.org/W1981461414
https://openalex.org/W1982397340
https://openalex.org/W1983773141
https://openalex.org/W1987928029
https://openalex.org/W1997489161
https://openalex.org/W2001043380
https://openalex.org/W2009063798
https://openalex.org/W2010526140
https://openalex.org/W2011841676
https://openalex.org/W2012472404
https://openalex.org/W2016765310
https://openalex.org/W2032889056
https://openalex.org/W2034891710
https://openalex.org/W2035918808
https://openalex.org/W2040294205
https://openalex.org/W2041501507
https://openalex.org/W2044188147
https://openalex.org/W2056483268
https://openalex.org/W2059050118
https://openalex.org/W2074169088
https://openalex.org/W2074379571
https://openalex.org/W2096945702
https://openalex.org/W2097753904
https://openalex.org/W2129092003
https://openalex.org/W2161547398
https://openalex.org/W2164078143
https://openalex.org/W2178772959
https://openalex.org/W2233376621
https://openalex.org/W2326045922
https://openalex.org/W2413043649
https://openalex.org/W2468889983
https://openalex.org/W2544210495
https://openalex.org/W2590835934
https://openalex.org/W2624180586
https://openalex.org/W2745647823
https://openalex.org/W2801640067
https://openalex.org/W2808581595
https://openalex.org/W2898091340
https://openalex.org/W2908340256
https://openalex.org/W2920718980
https://openalex.org/W2921048553
https://openalex.org/W2973226470
https://openalex.org/W2979954979
https://openalex.org/W3001610010
https://openalex.org/W3016484545
https://openalex.org/W3016557464
https://openalex.org/W3021681299
https://openalex.org/W3023502815
https://openalex.org/W3025963892
https://openalex.org/W3033819997
https://openalex.org/W3093533526
https://openalex.org/W3113363666
https://openalex.org/W3121724267
https://openalex.org/W3130207537
https://openalex.org/W3135204836
https://openalex.org/W3157259953
https://openalex.org/W3159111977
https://openalex.org/W3160055079
https://openalex.org/W3174176689
https://openalex.org/W3181179358
https://openalex.org/W3182551260
https://openalex.org/W3205991176
https://openalex.org/W3214818881
https://openalex.org/W4210922819
https://openalex.org/W4211152083
https://openalex.org/W4220814361
https://openalex.org/W4221080450
https://openalex.org/W4232159111
https://openalex.org/W4242499196
https://openalex.org/W4281785481
https://openalex.org/W4292289470
https://openalex.org/W4296954426
https://openalex.org/W81433666
https://openalex.org/W14765727
https://openalex.org/W1493758473
https://openalex.org/W1560544667
https://openalex.org/W1566242161
https://openalex.org/W164715853
https://openalex.org/W1662385536
https://openalex.org/W1969264410
https://openalex.org/W1971925075
https://openalex.org/W1972622160
https://openalex.org/W1973317234
https://openalex.org/W1980722434
https://openalex.org/W1987770137
https://openalex.org/W1987979961
https://openalex.org/W1999184341
https://openalex.org/W2000972986
https://openalex.org/W2020711033
https://openalex.org/W2024729918
https://openalex.org/W2032270445
https://openalex.org/W2032663880
https://openalex.org/W2038195441
https://openalex.org/W2044306408
https://openalex.org/W2047610898
https://openalex.org/W2052443787
https://openalex.org/W2053719280
https://openalex.org/W2060079453
https://openalex.org/W2063894885
https://openalex.org/W2065178360
https://openalex.org/W2066808408
https://openalex.org/W2071498933
https://openalex.org/W2073075586
https://openalex.org/W2075913518
https://openalex.org/W2082325051
https://openalex.org/W2086103117
https://openalex.org/W2086931707
https://openalex.org/W2095205254
https://openalex.org/W2111274601
https://openalex.org/W2119951574
https://openalex.org/W2135264572
https://openalex.org/W2140397610
https://openalex.org/W2157924024
https://openalex.org/W2206046065
https://openalex.org/W2253969166
https://openalex.org/W2317041595
https://openalex.org/W2323325314
https://openalex.org/W2400764181
https://openalex.org/W2411625285
https://openalex.org/W2415383033
https://openalex.org/W2419396980
https://openalex.org/W2545426107
https://openalex.org/W2549321221
https://openalex.org/W2592133263
https://openalex.org/W2597440273
https://openalex.org/W2598325066
https://openalex.org/W2610285560
https://openalex.org/W2784770089
https://openalex.org/W2810694128
https://openalex.org/W2884600926
https://openalex.org/W2884955503
https://openalex.org/W2887562068
https://openalex.org/W2896190461
https://openalex.org/W2900949040
https://openalex.org/W2902528150
https://openalex.org/W2989672525
https://openalex.org/W3015722212
https://openalex.org/W3049030658
https://openalex.org/W3111514633
https://openalex.org/W3129836213
https://openalex.org/W3133771048
https://openalex.org/W3188550308
https://openalex.org/W3207185928
https://openalex.org/W3215540304
https://openalex.org/W337418419
https://openalex.org/W4205089747
https://openalex.org/W4210422824
https://openalex.org/W4220917764
https://openalex.org/W4247817091
https://openalex.org/W4285594812
https://openalex.org/W4291036706
https://openalex.org/W4310465156
https://openalex.org/W4360610848
https://openalex.org/W13686736
https://openalex.org/W1601443082
https://openalex.org/W1610435038
https://openalex.org/W1618047044
https://openalex.org/W1655207671
https://openalex.org/W1820165976
https://openalex.org/W1852641087
https://openalex.org/W1866304867
https://openalex.org/W1966070701
https://openalex.org/W1971301689
https://openalex.org/W1975739977
https://openalex.org/W1985783998
https://openalex.org/W1987691481
https://openalex.org/W1991695417
https://openalex.org/W1994889274
https://openalex.org/W1996259658
https://openalex.org/W2000601327
https://openalex.org/W2005587951
https://openalex.org/W2013837047
https://openalex.org/W2017776028
https://openalex.org/W2018550788
https://openalex.org/W2023940752
https://openalex.org/W2041555282
https://openalex.org/W2052043011
https://openalex.org/W2059442848
https://openalex.org/W2062184336
https://openalex.org/W2065946952
https://openalex.org/W2068436355
https://openalex.org/W2072371262
https://openalex.org/W2083411634
https://openalex.org/W2095974018
https://openalex.org/W2107770125
https://openalex.org/W2113142460
https://openalex.org/W2135812363
https://openalex.org/W2146930244
https://openalex.org/W2150252329
https://openalex.org/W2173446883
https://openalex.org/W2175485894
https://openalex.org/W2227158797
https://openalex.org/W2264562538
https://openalex.org/W22986190
https://openalex.org/W2313801793
https://openalex.org/W2332109911
https://openalex.org/W2333590343
https://openalex.org/W2394512334
https://openalex.org/W2406754095
https://openalex.org/W2408910645
https://openalex.org/W2414126042
https://openalex.org/W2466278750
https://openalex.org/W2474328361
https://openalex.org/W2545110826
https://openalex.org/W2568475992
https://openalex.org/W2580489086
https://openalex.org/W2768494343
https://openalex.org/W2772695524
https://openalex.org/W2791423800
https://openalex.org/W2792788098
https://openalex.org/W2800422575
https://openalex.org/W2884049660
https://openalex.org/W2886321473
https://openalex.org/W2889337400
https://openalex.org/W2896408244
https://openalex.org/W2896743827
https://openalex.org/W2921807704
https://openalex.org/W2950294093
https://openalex.org/W2953109741
https://openalex.org/W2965993173
https://openalex.org/W2992080173
https://openalex.org/W3047367577
https://openalex.org/W3082141412
https://openalex.org/W3093739540
https://openalex.org/W3103851208
https://openalex.org/W3128608557
https://openalex.org/W3133843644
https://openalex.org/W3164425610
https://openalex.org/W3172782366
https://openalex.org/W3177421445
https://openalex.org/W3178933886
https://openalex.org/W3184786149
https://openalex.org/W3185388285
https://openalex.org/W3188393170
https://openalex.org/W3207542969
https://openalex.org/W4200543578
https://openalex.org/W4205850509
https://openalex.org/W4210328248
https://openalex.org/W4220952847
https://openalex.org/W4226410133
https://openalex.org/W4247281026
https://openalex.org/W4248009972
https://openalex.org/W4251705419
https://openalex.org/W4308363107
https://openalex.org/W58492466
https://openalex.org/W875497624
https://openalex.org/W122390487
https://openalex.org/W1490303888
https://openalex.org/W1507307906
https://openalex.org/W1522003879
https://openalex.org/W177293446
https://openalex.org/W188995870
https://openalex.org/W1916071360
https://openalex.org/W1977519625
https://openalex.org/W1977677554
https://openalex.org/W1984862130
https://openalex.org/W1991348834
https://openalex.org/W1994946314
https://openalex.org/W1997442752
https://openalex.org/W1998014147
https://openalex.org/W1998095742
https://openalex.org/W1998409579
https://openalex.org/W2002073972
https://openalex.org/W2003688780
https://openalex.org/W2018038292
https://openalex.org/W2021050386
https://openalex.org/W2022705113
https://openalex.org/W2027485948
https://openalex.org/W2033926551
https://openalex.org/W2035828663
https://openalex.org/W2040811820
https://openalex.org/W2041217478
https://openalex.org/W2043918739
https://openalex.org/W2044056665
https://openalex.org/W2044235236
https://openalex.org/W2049064223
https://openalex.org/W2051615626
https://openalex.org/W2052231967
https://openalex.org/W2052747870
https://openalex.org/W2054579018
https://openalex.org/W2064373211
https://openalex.org/W2067607972
https://openalex.org/W2076511695
https://openalex.org/W2079435488
https://openalex.org/W2089259289
https://openalex.org/W2091252200
https://openalex.org/W2103819200
https://openalex.org/W2104869121
https://openalex.org/W2150271022
https://openalex.org/W2156206630
https://openalex.org/W2163218098
https://openalex.org/W2165877300
https://openalex.org/W2304731865
https://openalex.org/W2313779166
https://openalex.org/W2321386606
https://openalex.org/W2325495877
https://openalex.org/W2327363934
https://openalex.org/W2334551636
https://openalex.org/W2395832423
https://openalex.org/W2406571578
https://openalex.org/W2412536474
https://openalex.org/W2417065420
https://openalex.org/W2417264068
https://openalex.org/W2461647924
https://openalex.org/W2465546423
https://openalex.org/W2492490738
https://openalex.org/W2518909461
https://openalex.org/W2537632934
https://openalex.org/W2580780426
https://openalex.org/W2599680232
https://openalex.org/W2611208737
https://openalex.org/W269840600
https://openalex.org/W2748059064
https://openalex.org/W2752179150
https://openalex.org/W2791820670
https://openalex.org/W2793562913
https://openalex.org/W2890800644
https://openalex.org/W2892328687
https://openalex.org/W2916703452
https://openalex.org/W2921553253
https://openalex.org/W2939366553
https://openalex.org/W2943726162
https://openalex.org/W2979358091
https://openalex.org/W2999256304
https://openalex.org/W3008068634
https://openalex.org/W3009359514
https://openalex.org/W3017226320
https://openalex.org/W3022611142
https://openalex.org/W3030534615
https://openalex.org/W3032412462
https://openalex.org/W3036818400
https://openalex.org/W3092000535
https://openalex.org/W3110872131
https://openalex.org/W3123062686
https://openalex.org/W3125268564
https://openalex.org/W3132318670
https://openalex.org/W3138375724
https://openalex.org/W3139339625
https://openalex.org/W3156726688
https://openalex.org/W3159728811
https://openalex.org/W3162086099
https://openalex.org/W3184231345
https://openalex.org/W3199449631
https://openalex.org/W3207336069
https://openalex.org/W3208719991
https://openalex.org/W3210929850
https://openalex.org/W3214502107
https://openalex.org/W4200190996
https://openalex.org/W4200235216
https://openalex.org/W4223513943
https://openalex.org/W4223599771
https://openalex.org/W4224313849
https://openalex.org/W4231289243
https://openalex.org/W4242890060
https://openalex.org/W4245138270
https://openalex.org/W4246312428
https://openalex.org/W4254723075
https://openalex.org/W4281729766
https://openalex.org/W4283716031
https://openalex.org/W4296385137
https://openalex.org/W4310567881
https://openalex.org/W4316114771
https://openalex.org/W4362706030
https://openalex.org/W104577596
https://openalex.org/W1476290072
https://openalex.org/W180950963
https://openalex.org/W1820171795
https://openalex.org/W182275272
https://openalex.org/W1840978486
https://openalex.org/W1952833084
https://openalex.org/W1976817827
https://openalex.org/W1977083360
https://openalex.org/W1977879424
https://openalex.org/W1979634772
https://openalex.org/W1984172493
https://openalex.org/W1984605649
https://openalex.org/W1984854796
https://openalex.org/W1984876734
https://openalex.org/W1986381110
https://openalex.org/W1987223278
https://openalex.org/W1992314086
https://openalex.org/W2006119234
https://openalex.org/W2015784947
https://openalex.org/W2019046073
https://openalex.org/W2034741810
https://openalex.org/W2038136468
https://openalex.org/W2040905869
https://openalex.org/W2047432732
https://openalex.org/W2053614114
https://openalex.org/W2059707911
https://openalex.org/W2074602976
https://openalex.org/W2080405677
https://openalex.org/W2087339428
https://openalex.org/W2111658925
https://openalex.org/W2118280951
https://openalex.org/W2130561108
https://openalex.org/W2131890291
https://openalex.org/W2138914306
https://openalex.org/W2144291572
https://openalex.org/W2147446561
https://openalex.org/W2151538466
https://openalex.org/W2153590841
https://openalex.org/W2168205098
https://openalex.org/W2181332777
https://openalex.org/W2185445858
https://openalex.org/W2195422906
https://openalex.org/W2216157707
https://openalex.org/W2224150545
https://openalex.org/W2226850851
https://openalex.org/W225269372
https://openalex.org/W2291277143
https://openalex.org/W2315879162
https://openalex.org/W2340032759
https://openalex.org/W2402352081
https://openalex.org/W2409484667
https://openalex.org/W2462588150
https://openalex.org/W2464507144
https://openalex.org/W2532542862
https://openalex.org/W2549816765
https://openalex.org/W2550205774
https://openalex.org/W2586390075
https://openalex.org/W2594804120
https://openalex.org/W2785186396
https://openalex.org/W2865570455
https://openalex.org/W2887220804
https://openalex.org/W2911507068
https://openalex.org/W2943907638
https://openalex.org/W2948131696
https://openalex.org/W2951007971
https://openalex.org/W2952703580
https://openalex.org/W2953360949
https://openalex.org/W2953820709
https://openalex.org/W2955908619
https://openalex.org/W2956381436
https://openalex.org/W2975643021
https://openalex.org/W2985479850
https://openalex.org/W3000669169
https://openalex.org/W3003339282
https://openalex.org/W3030055248
https://openalex.org/W3111728244
https://openalex.org/W3115252797
https://openalex.org/W3132319732
https://openalex.org/W3136969916
https://openalex.org/W3137083341
https://openalex.org/W3157707688
https://openalex.org/W3167841915
https://openalex.org/W3170886320
https://openalex.org/W3171134815
https://openalex.org/W3174960759
https://openalex.org/W3195448543
https://openalex.org/W3212340346
https://openalex.org/W369199978
https://openalex.org/W4200436646
https://openalex.org/W4200562653
https://openalex.org/W4213387229
https://openalex.org/W4220858755
https://openalex.org/W4223636408
https://openalex.org/W4229005169
https://openalex.org/W4234482656
https://openalex.org/W4239311247
https://openalex.org/W4244556930
https://openalex.org/W4246866700
https://openalex.org/W4280639445
https://openalex.org/W4281263141
https://openalex.org/W4290759718
https://openalex.org/W4290973328
https://openalex.org/W4296536339
https://openalex.org/W4297785715
https://openalex.org/W4307564177
https://openalex.org/W4318943895
https://openalex.org/W4319058778
https://openalex.org/W4323652587
https://openalex.org/W4361270446
https://openalex.org/W750621822
https://openalex.org/W777764840
https://openalex.org/W837157744
https://openalex.org/W105278693
https://openalex.org/W1453451436
https://openalex.org/W1474636361
https://openalex.org/W1493811843
https://openalex.org/W1496312292
https://openalex.org/W1522522633
https://openalex.org/W1538397346
https://openalex.org/W1610465667
https://openalex.org/W1755801113
https://openalex.org/W1760501643
https://openalex.org/W1900251845
https://openalex.org/W1964786040
https://openalex.org/W1968730370
https://openalex.org/W1973193141
https://openalex.org/W1978171535
https://openalex.org/W1980413382
https://openalex.org/W1987687899
https://openalex.org/W1988075938
https://openalex.org/W1988140622
https://openalex.org/W1988448370
https://openalex.org/W1991986055
https://openalex.org/W1996235323
https://openalex.org/W1996724712
https://openalex.org/W1997579395
https://openalex.org/W2005803088
https://openalex.org/W2008557007
https://openalex.org/W2011802948
https://openalex.org/W2014486546
https://openalex.org/W2019613425
https://openalex.org/W2022447082
https://openalex.org/W2024131749
https://openalex.org/W2024771032
https://openalex.org/W2032729036
https://openalex.org/W2034824401
https://openalex.org/W2036002562
https://openalex.org/W2044821392
https://openalex.org/W20456496
https://openalex.org/W2048644927
https://openalex.org/W2054435469
https://openalex.org/W2055287517
https://openalex.org/W2062210022
https://openalex.org/W2076641033
https://openalex.org/W2086778039
https://openalex.org/W2087305810
https://openalex.org/W2087753496
https://openalex.org/W2090726621
https://openalex.org/W2094165779
https://openalex.org/W2101273262
https://openalex.org/W2117708649
https://openalex.org/W2129306085
https://openalex.org/W2136216289
https://openalex.org/W2161194849
https://openalex.org/W2212761103
https://openalex.org/W2227803499
https://openalex.org/W2243216215
https://openalex.org/W2243865834
https://openalex.org/W2263485303
https://openalex.org/W226594720
https://openalex.org/W2292945138
https://openalex.org/W2300839012
https://openalex.org/W2301460745
https://openalex.org/W2302231793
https://openalex.org/W2325026189
https://openalex.org/W2333323510
https://openalex.org/W2347106269
https://openalex.org/W2354563978
https://openalex.org/W2395587536
https://openalex.org/W2396254119
https://openalex.org/W2396764908
https://openalex.org/W2396776340
https://openalex.org/W2397145567
https://openalex.org/W2397815854
https://openalex.org/W2399820501
https://openalex.org/W2405264122
https://openalex.org/W2408754491
https://openalex.org/W2408984466
https://openalex.org/W2410438278
https://openalex.org/W2410810603
https://openalex.org/W2411314626
https://openalex.org/W2411554559
https://openalex.org/W2411678729
https://openalex.org/W2411829850
https://openalex.org/W2414493857
https://openalex.org/W2415791575
https://openalex.org/W2416463974
https://openalex.org/W2416823407
https://openalex.org/W2418875188
https://openalex.org/W2439219171
https://openalex.org/W2464397158
https://openalex.org/W2464944652
https://openalex.org/W2486217224
https://openalex.org/W2487240372
https://openalex.org/W2489736099
https://openalex.org/W2499792311
https://openalex.org/W2519734215
https://openalex.org/W2563669218
https://openalex.org/W2588751235
https://openalex.org/W2590626739
https://openalex.org/W2740110244
https://openalex.org/W2780382874
https://openalex.org/W2800666266
https://openalex.org/W2802616800
https://openalex.org/W2803153540
https://openalex.org/W2809345060
https://openalex.org/W2888156714
https://openalex.org/W2889023565
https://openalex.org/W2914034442
https://openalex.org/W2921468198
https://openalex.org/W2941280767
https://openalex.org/W2942681878
https://openalex.org/W2947166275
https://openalex.org/W2948996677
https://openalex.org/W2949925982
https://openalex.org/W2954647651
https://openalex.org/W2960953431
https://openalex.org/W2966068385
https://openalex.org/W2968278562
https://openalex.org/W2974274320
https://openalex.org/W2978882993
https://openalex.org/W2979939099
https://openalex.org/W2980564192
https://openalex.org/W2981305412
https://openalex.org/W2989954926
https://openalex.org/W2992041316
https://openalex.org/W3000921869
https://openalex.org/W3010187948
https://openalex.org/W3021777573
https://openalex.org/W3026826843
https://openalex.org/W3028435784
https://openalex.org/W3046633117
https://openalex.org/W3080405462
https://openalex.org/W3081427915
https://openalex.org/W3082153141
https://openalex.org/W3083176053
https://openalex.org/W3084417017
https://openalex.org/W3084798780
https://openalex.org/W3092782181
https://openalex.org/W3105733100
https://openalex.org/W3128293365
https://openalex.org/W3130010517
https://openalex.org/W3134699924
https://openalex.org/W3135436956
https://openalex.org/W3135489222
https://openalex.org/W3136374443
https://openalex.org/W3148973450
https://openalex.org/W3156312499
https://openalex.org/W3167481520
https://openalex.org/W3174571362
https://openalex.org/W3176573201
https://openalex.org/W3178176928
https://openalex.org/W3185267662
https://openalex.org/W3189128903
https://openalex.org/W3206892751
https://openalex.org/W3208973898
https://openalex.org/W3211275708
https://openalex.org/W3212571329
https://openalex.org/W337982604
https://openalex.org/W346338156
https://openalex.org/W4200337224
https://openalex.org/W4200461975
https://openalex.org/W4205763911
https://openalex.org/W4210265244
https://openalex.org/W4210349942
https://openalex.org/W4212824107
https://openalex.org/W4212949789
https://openalex.org/W4224272607
https://openalex.org/W4230161111
https://openalex.org/W4231762423
https://openalex.org/W4237339694
https://openalex.org/W4240689226
https://openalex.org/W4245600225
https://openalex.org/W4245801658
https://openalex.org/W4256110462
https://openalex.org/W4280505234
https://openalex.org/W4281609676
https://openalex.org/W4281701385
https://openalex.org/W4282033656
https://openalex.org/W4287080075
https://openalex.org/W4292662049
https://openalex.org/W4294052431
https://openalex.org/W4297224958
https://openalex.org/W4308739454
https://openalex.org/W4365484728
https://openalex.org/W4367842455
https://openalex.org/W62741128
https://openalex.org/W635730470
https://openalex.org/W799295963
https://openalex.org/W85566650
https://openalex.org/W104709281
https://openalex.org/W1217234075
https://openalex.org/W1439909537
https://openalex.org/W1482419597
https://openalex.org/W1483718053
https://openalex.org/W152453960
https://openalex.org/W1543780701
https://openalex.org/W1570963079
https://openalex.org/W1644501535
https://openalex.org/W165294287
https://openalex.org/W1740243883
https://openalex.org/W176793844
https://openalex.org/W1805063200
https://openalex.org/W1862967530
https://openalex.org/W1894774270
https://openalex.org/W1917794014
https://openalex.org/W1947549857
https://openalex.org/W1968726633
https://openalex.org/W1973034884
https://openalex.org/W1973126687
https://openalex.org/W1973184486
https://openalex.org/W1973465957
https://openalex.org/W1978419779
https://openalex.org/W1982208562
https://openalex.org/W1984951626
https://openalex.org/W1986963771
https://openalex.org/W1988198014
https://openalex.org/W1991366558
https://openalex.org/W1991552445
https://openalex.org/W1992424698
https://openalex.org/W1995702958
https://openalex.org/W1996198677
https://openalex.org/W1998120719
https://openalex.org/W1999182974
https://openalex.org/W2003578223
https://openalex.org/W2006136845
https://openalex.org/W2007141675
https://openalex.org/W2015053151
https://openalex.org/W2018407416
https://openalex.org/W2024412151
https://openalex.org/W2030715649
https://openalex.org/W2032133836
https://openalex.org/W2033562977
https://openalex.org/W2040204326
https://openalex.org/W2044394927
https://openalex.org/W2045255457
https://openalex.org/W20490694
https://openalex.org/W2051739070
https://openalex.org/W2059173850
https://openalex.org/W2060532536
https://openalex.org/W2063323136
https://openalex.org/W2067829135
https://openalex.org/W2070263321
https://openalex.org/W2073176263
https://openalex.org/W2073622374
https://openalex.org/W2074546776
https://openalex.org/W2075313039
https://openalex.org/W2075799067
https://openalex.org/W2078947307
https://openalex.org/W2082090690
https://openalex.org/W2082876152
https://openalex.org/W2087917824
https://openalex.org/W2093460101
https://openalex.org/W2095523914
https://openalex.org/W2107429626
https://openalex.org/W2148670198
https://openalex.org/W2154729579
https://openalex.org/W2154854148
https://openalex.org/W2156468411
https://openalex.org/W2163963687
https://openalex.org/W2167344941
https://openalex.org/W220618509
https://openalex.org/W2259836746
https://openalex.org/W2262819074
https://openalex.org/W2282286478
https://openalex.org/W2284415606
https://openalex.org/W2310988804
https://openalex.org/W2314248286
https://openalex.org/W2315240366
https://openalex.org/W2316269077
https://openalex.org/W2317001651
https://openalex.org/W2319607287
https://openalex.org/W2321561132
https://openalex.org/W2325345750
https://openalex.org/W2333969948
https://openalex.org/W2398021212
https://openalex.org/W2399103183
https://openalex.org/W2402937133
https://openalex.org/W2403416253
https://openalex.org/W2409683917
https://openalex.org/W2411315688
https://openalex.org/W2412492683
https://openalex.org/W2412880034
https://openalex.org/W2413293093
https://openalex.org/W2413640886
https://openalex.org/W2413721158
https://openalex.org/W2414226616
https://openalex.org/W2417711176
https://openalex.org/W2424645031
https://openalex.org/W2440739316
https://openalex.org/W2462177749
https://openalex.org/W2463991222
https://openalex.org/W2472341117
https://openalex.org/W2474253650
https://openalex.org/W2474314436
https://openalex.org/W2497932902
https://openalex.org/W2506455652
https://openalex.org/W2507648930
https://openalex.org/W2512163597
https://openalex.org/W2521734434
https://openalex.org/W2529204373
https://openalex.org/W2532527828
https://openalex.org/W2544378592
https://openalex.org/W2554299678
https://openalex.org/W2565264679
https://openalex.org/W2565528957
https://openalex.org/W2570465887
https://openalex.org/W2572522899
https://openalex.org/W2575491878
https://openalex.org/W2584901082
https://openalex.org/W2590318654
https://openalex.org/W2598058631
https://openalex.org/W2598093895
https://openalex.org/W2599052952
https://openalex.org/W2601583441
https://openalex.org/W2605352292
https://openalex.org/W2606977665
https://openalex.org/W2609360213
https://openalex.org/W263002222
https://openalex.org/W2663083474
https://openalex.org/W2734925720
https://openalex.org/W2770320483
https://openalex.org/W2774997786
https://openalex.org/W2793043184
https://openalex.org/W2797440988
https://openalex.org/W2800796789
https://openalex.org/W2806527235
https://openalex.org/W2807762790
https://openalex.org/W2810683796
https://openalex.org/W281188096
https://openalex.org/W2887863817
https://openalex.org/W2888237967
https://openalex.org/W2893772422
https://openalex.org/W2916305675
https://openalex.org/W2923210547
https://openalex.org/W2946881988
https://openalex.org/W2950398635
https://openalex.org/W2954118799
https://openalex.org/W2955866554
https://openalex.org/W2972236094
https://openalex.org/W2977355405
https://openalex.org/W2978546699
https://openalex.org/W2979320480
https://openalex.org/W2979830235
https://openalex.org/W2989778753
https://openalex.org/W3006640675
https://openalex.org/W3006734422
https://openalex.org/W3013582022
https://openalex.org/W3024847904
https://openalex.org/W3026264469
https://openalex.org/W3027896760
https://openalex.org/W3028099738
https://openalex.org/W3041289020
https://openalex.org/W3048666448
https://openalex.org/W3080665636
https://openalex.org/W3083056940
https://openalex.org/W3092845099
https://openalex.org/W3093590431
https://openalex.org/W3101588434
https://openalex.org/W3107296127
https://openalex.org/W3107624279
https://openalex.org/W3110915229
https://openalex.org/W3111916321
https://openalex.org/W3117208391
https://openalex.org/W3120804655
https://openalex.org/W3124032384
https://openalex.org/W3124789335
https://openalex.org/W3133172104
https://openalex.org/W3136968425
https://openalex.org/W3142970443
https://openalex.org/W3152178128
https://openalex.org/W3159358650
https://openalex.org/W3163576059
https://openalex.org/W3164713245
https://openalex.org/W3164814978
https://openalex.org/W3166582206
https://openalex.org/W3173267991
https://openalex.org/W3173457779
https://openalex.org/W3195861772
https://openalex.org/W3196492335
https://openalex.org/W3198127656
https://openalex.org/W3205101599
https://openalex.org/W3207766357
https://openalex.org/W3208875346
https://openalex.org/W3214315607
https://openalex.org/W330731685
https://openalex.org/W4210911239
https://openalex.org/W4210959488
https://openalex.org/W4213337183
https://openalex.org/W4214874163
https://openalex.org/W4220666579
https://openalex.org/W4223481563
https://openalex.org/W4231090591
https://openalex.org/W4232436588
https://openalex.org/W4234506478
https://openalex.org/W4235699586
https://openalex.org/W4237805355
https://openalex.org/W4237906569
https://openalex.org/W4238227148
https://openalex.org/W4238525401
https://openalex.org/W4238530511
https://openalex.org/W4247859970
https://openalex.org/W4250740777
https://openalex.org/W4253035428
https://openalex.org/W4253061474
https://openalex.org/W4255669108
https://openalex.org/W4280530585
https://openalex.org/W4280576387
https://openalex.org/W4281706198
https://openalex.org/W4283797781
https://openalex.org/W4285180432
https://openalex.org/W4285390946
https://openalex.org/W4285741141
https://openalex.org/W4286298166
https://openalex.org/W4286717249
https://openalex.org/W4287448223
https://openalex.org/W4292381834
https://openalex.org/W4293193027
https://openalex.org/W4293241451
https://openalex.org/W4295015128
https://openalex.org/W4295510639
https://openalex.org/W4300861848
https://openalex.org/W4307497563
https://openalex.org/W4308970432
https://openalex.org/W4309473743
https://openalex.org/W4309511176
https://openalex.org/W4311227738
https://openalex.org/W4312018500
https://openalex.org/W4312220947
https://openalex.org/W4313531636
https://openalex.org/W4319298519
https://openalex.org/W4319442188
https://openalex.org/W4321503003
https://openalex.org/W4324129113
https://openalex.org/W4324147071
https://openalex.org/W4361199708
https://openalex.org/W4366393490
https://openalex.org/W4366680930
https://openalex.org/W4367298550
https://openalex.org/W4368364795
https://openalex.org/W4376630199
https://openalex.org/W4377088915
https://openalex.org/W4378906547
https://openalex.org/W4380052051
https://openalex.org/W4380742300
https://openalex.org/W4381612678
https://openalex.org/W4385064547
https://openalex.org/W622221830
https://openalex.org/W638620117
https://openalex.org/W73031391
https://openalex.org/W748398956
https://openalex.org/W751038725
https://openalex.org/W78737889
https://openalex.org/W1021154501
https://openalex.org/W1125438770
https://openalex.org/W112876347
https://openalex.org/W1130401140
https://openalex.org/W1155178916
https://openalex.org/W1160112442
https://openalex.org/W1163176599
https://openalex.org/W116460197
https://openalex.org/W1166002618
https://openalex.org/W1167835885
https://openalex.org/W1168624129
https://openalex.org/W1170979098
https://openalex.org/W1175395132
https://openalex.org/W117558145
https://openalex.org/W123628247
https://openalex.org/W124298249
https://openalex.org/W126394152
https://openalex.org/W129713993
https://openalex.org/W1425188025
https://openalex.org/W1439122904
https://openalex.org/W1452761930
https://openalex.org/W1454528772
https://openalex.org/W1480009561
https://openalex.org/W148262892
https://openalex.org/W1488576885
https://openalex.org/W1498376599
https://openalex.org/W1500314165
https://openalex.org/W1505105463
https://openalex.org/W1518407600
https://openalex.org/W152474997
https://openalex.org/W1530577558
https://openalex.org/W155085059
https://openalex.org/W1554349086
https://openalex.org/W1555485722
https://openalex.org/W1560919836
https://openalex.org/W1586484315
https://openalex.org/W1589478948
https://openalex.org/W1595527098
https://openalex.org/W1600917323
https://openalex.org/W1612294622
https://openalex.org/W1651758273
https://openalex.org/W1654579521
https://openalex.org/W1670425336
https://openalex.org/W1673947466
https://openalex.org/W1680107054
https://openalex.org/W1686147242
https://openalex.org/W1704145341
https://openalex.org/W1705981475
https://openalex.org/W1717764685
https://openalex.org/W1730332721
https://openalex.org/W1795193683
https://openalex.org/W1811878488
https://openalex.org/W1819548753
https://openalex.org/W1819877886
https://openalex.org/W1829725295
https://openalex.org/W1850523823
https://openalex.org/W1856534637
https://openalex.org/W1862889482
https://openalex.org/W1887947182
https://openalex.org/W188958195
https://openalex.org/W1897041464
https://openalex.org/W192063541
https://openalex.org/W1959036788
https://openalex.org/W1963668519
https://openalex.org/W1963927131
https://openalex.org/W1964105981
https://openalex.org/W1965254342
https://openalex.org/W1966055871
https://openalex.org/W1966098089
https://openalex.org/W1966880029
https://openalex.org/W1967015108
https://openalex.org/W1967741533
https://openalex.org/W1968477171
https://openalex.org/W1968481217
https://openalex.org/W1968832849
https://openalex.org/W1969883348
https://openalex.org/W1970689865
https://openalex.org/W1970823013
https://openalex.org/W197104901
https://openalex.org/W1972336985
https://openalex.org/W1973197441
https://openalex.org/W1973658525
https://openalex.org/W1975089158
https://openalex.org/W1976053078
https://openalex.org/W1976487138
https://openalex.org/W1977756644
https://openalex.org/W1978460465
https://openalex.org/W1978814188
https://openalex.org/W1978904161
https://openalex.org/W1981551996
https://openalex.org/W1981782995
https://openalex.org/W1982326974
https://openalex.org/W1982800066
https://openalex.org/W1985474710
https://openalex.org/W1985865148
https://openalex.org/W1986962319
https://openalex.org/W1988736434
https://openalex.org/W1988872697
https://openalex.org/W1989322806
https://openalex.org/W1991776913
https://openalex.org/W1992314876
https://openalex.org/W1992646259
https://openalex.org/W1993223009
https://openalex.org/W1994856157
https://openalex.org/W1995793964
https://openalex.org/W1995961056
https://openalex.org/W1997111422
https://openalex.org/W1998222807
https://openalex.org/W1998448478
https://openalex.org/W1998652080
https://openalex.org/W1999197146
https://openalex.org/W1999433932
https://openalex.org/W1999959864
https://openalex.org/W2000037317
https://openalex.org/W2001272235
https://openalex.org/W2001535754
https://openalex.org/W2002119143
https://openalex.org/W2003747121
https://openalex.org/W2004612556
https://openalex.org/W2004662406
https://openalex.org/W2004944459
https://openalex.org/W2005195205
https://openalex.org/W2005202634
https://openalex.org/W2006741072
https://openalex.org/W2008800536
https://openalex.org/W2010152173
https://openalex.org/W2010641907
https://openalex.org/W201120267
https://openalex.org/W2011358743
https://openalex.org/W2012918304
https://openalex.org/W2014449854
https://openalex.org/W2015058989
https://openalex.org/W2017335294
https://openalex.org/W2017582145
https://openalex.org/W2018919084
https://openalex.org/W2019646208
https://openalex.org/W2019848026
https://openalex.org/W2020948683
https://openalex.org/W2023817886
https://openalex.org/W2025010232
https://openalex.org/W2025800255
https://openalex.org/W2026309127
https://openalex.org/W2026862191
https://openalex.org/W2026969752
https://openalex.org/W2028675703
https://openalex.org/W2029740700
https://openalex.org/W2031285739
https://openalex.org/W2032330887
https://openalex.org/W2032543328
https://openalex.org/W2033064566
https://openalex.org/W2034323909
https://openalex.org/W2036143289
https://openalex.org/W2036249224
https://openalex.org/W2037837886
https://openalex.org/W2038365047
https://openalex.org/W2039923276
https://openalex.org/W2041269965
https://openalex.org/W2042270540
https://openalex.org/W2042879233
https://openalex.org/W2043012571
https://openalex.org/W2044582224
https://openalex.org/W2048539233
https://openalex.org/W2049241678
https://openalex.org/W2050400590
https://openalex.org/W2050535474
https://openalex.org/W2051384540
https://openalex.org/W2051782107
https://openalex.org/W2054017628
https://openalex.org/W2054154756
https://openalex.org/W2054647870
https://openalex.org/W2055660399
https://openalex.org/W2056111889
https://openalex.org/W2058302059
https://openalex.org/W2059823045
https://openalex.org/W2061284339
https://openalex.org/W2062126800
https://openalex.org/W2063790913
https://openalex.org/W2067395142
https://openalex.org/W2068998684
https://openalex.org/W2069297660
https://openalex.org/W2069999517
https://openalex.org/W2071397460
https://openalex.org/W2071721360
https://openalex.org/W2071768162
https://openalex.org/W2072281815
https://openalex.org/W2074138838
https://openalex.org/W2074244022
https://openalex.org/W2077925810
https://openalex.org/W2078787526
https://openalex.org/W2080839725
https://openalex.org/W2080877342
https://openalex.org/W2083944630
https://openalex.org/W2085571916
https://openalex.org/W2086070920
https://openalex.org/W2086750304
https://openalex.org/W2088843668
https://openalex.org/W2088992509
https://openalex.org/W2089131451
https://openalex.org/W2090379311
https://openalex.org/W2090518061
https://openalex.org/W2091272481
https://openalex.org/W2091942978
https://openalex.org/W2092367298
https://openalex.org/W2092782742
https://openalex.org/W2092896129
https://openalex.org/W2094264167
https://openalex.org/W2095078986
https://openalex.org/W2095694468
https://openalex.org/W2105090577
https://openalex.org/W2113594104
https://openalex.org/W2115281235
https://openalex.org/W2115772189
https://openalex.org/W2122061599
https://openalex.org/W2122750814
https://openalex.org/W2124347444
https://openalex.org/W2127892411
https://openalex.org/W2128048974
https://openalex.org/W2139745175
https://openalex.org/W2142853564
https://openalex.org/W2149314743
https://openalex.org/W2151095911
https://openalex.org/W2152491302
https://openalex.org/W2153549815
https://openalex.org/W2155804574
https://openalex.org/W2159793770
https://openalex.org/W2164544265
https://openalex.org/W2164897414
https://openalex.org/W2169849322
https://openalex.org/W2177011442
https://openalex.org/W2184239863
https://openalex.org/W2184503846
https://openalex.org/W218522427
https://openalex.org/W2185306585
https://openalex.org/W2186135813
https://openalex.org/W2186711047
https://openalex.org/W2189009150
https://openalex.org/W2193573635
https://openalex.org/W2200944440
https://openalex.org/W2200966825
https://openalex.org/W2207079772
https://openalex.org/W2209208048
https://openalex.org/W221244974
https://openalex.org/W2220559162
https://openalex.org/W2222233377
https://openalex.org/W2223183174
https://openalex.org/W2223712248
https://openalex.org/W2235675440
https://openalex.org/W2241830208
https://openalex.org/W2244837180
https://openalex.org/W2245937339
https://openalex.org/W2246214680
https://openalex.org/W2246835032
https://openalex.org/W2248291269
https://openalex.org/W2249789613
https://openalex.org/W2249888995
https://openalex.org/W2251597344
https://openalex.org/W2259796856
https://openalex.org/W2259939787
https://openalex.org/W2262147303
https://openalex.org/W2265847182
https://openalex.org/W2269431860
https://openalex.org/W2270218166
https://openalex.org/W2278846479
https://openalex.org/W2278995221
https://openalex.org/W2280971211
https://openalex.org/W2281851815
https://openalex.org/W2281935856
https://openalex.org/W2283311784
https://openalex.org/W2284627957
https://openalex.org/W2285967598
https://openalex.org/W2286155522
https://openalex.org/W2287967180
https://openalex.org/W2289406809
https://openalex.org/W2289436736
https://openalex.org/W2289675424
https://openalex.org/W2290562274
https://openalex.org/W2290590485
https://openalex.org/W2291717086
https://openalex.org/W2291928670
https://openalex.org/W2292081306
https://openalex.org/W2292177489
https://openalex.org/W2292690182
https://openalex.org/W2299706901
https://openalex.org/W2307374003
https://openalex.org/W2312195563
https://openalex.org/W2312550329
https://openalex.org/W2312605528
https://openalex.org/W2314295988
https://openalex.org/W2315193916
https://openalex.org/W2315976207
https://openalex.org/W2318984339
https://openalex.org/W2319385580
https://openalex.org/W2319628959
https://openalex.org/W2321275959
https://openalex.org/W2321832806
https://openalex.org/W2322435799
https://openalex.org/W2322569816
https://openalex.org/W2322708356
https://openalex.org/W2322873975
https://openalex.org/W2324493626
https://openalex.org/W2324732016
https://openalex.org/W2324949194
https://openalex.org/W2326364870
https://openalex.org/W2326470090
https://openalex.org/W2327880071
https://openalex.org/W2328742468
https://openalex.org/W2329018815
https://openalex.org/W2329907943
https://openalex.org/W2330600135
https://openalex.org/W2330807057
https://openalex.org/W2331510645
https://openalex.org/W2331837235
https://openalex.org/W2332078791
https://openalex.org/W2332334180
https://openalex.org/W2332876839
https://openalex.org/W2333257245
https://openalex.org/W2333324411
https://openalex.org/W2333742763
https://openalex.org/W2334092903
https://openalex.org/W2334613640
https://openalex.org/W2336405241
https://openalex.org/W2336958340
https://openalex.org/W2338857711
https://openalex.org/W2339124585
https://openalex.org/W2341201056
https://openalex.org/W2341956885
https://openalex.org/W2342839342
https://openalex.org/W2342944429
https://openalex.org/W2344992193
https://openalex.org/W2346161865
https://openalex.org/W2346256800
https://openalex.org/W2346816517
https://openalex.org/W2348740366
https://openalex.org/W2350083046
https://openalex.org/W2350621780
https://openalex.org/W2351000483
https://openalex.org/W2351802809
https://openalex.org/W2353535649
https://openalex.org/W2361478520
https://openalex.org/W2365768898
https://openalex.org/W2366563024
https://openalex.org/W2366848845
https://openalex.org/W2374034420
https://openalex.org/W2378305085
https://openalex.org/W2378692169
https://openalex.org/W2380919225
https://openalex.org/W2382607307
https://openalex.org/W2389363178
https://openalex.org/W2389810357
https://openalex.org/W2390414462
https://openalex.org/W2393399346
https://openalex.org/W2394224145
https://openalex.org/W2397616145
https://openalex.org/W2398116859
https://openalex.org/W2399847679
https://openalex.org/W2400589838
https://openalex.org/W2401547567
https://openalex.org/W2401840233
https://openalex.org/W2403303254
https://openalex.org/W2403344511
https://openalex.org/W2404468308
https://openalex.org/W2406469200
https://openalex.org/W2406978486
https://openalex.org/W2407805866
https://openalex.org/W2407842725
https://openalex.org/W2409282519
https://openalex.org/W2410272511
https://openalex.org/W2410549952
https://openalex.org/W2410969448
https://openalex.org/W2413448412
https://openalex.org/W2414025927
https://openalex.org/W2414086459
https://openalex.org/W2414703942
https://openalex.org/W2415531152
https://openalex.org/W2415772548
https://openalex.org/W2415786767
https://openalex.org/W2416712521
https://openalex.org/W2417103385
https://openalex.org/W2417195700
https://openalex.org/W2417245075
https://openalex.org/W2417322383
https://openalex.org/W2417346281
https://openalex.org/W2417929650
https://openalex.org/W2418302711
https://openalex.org/W2418525329
https://openalex.org/W2418664712
https://openalex.org/W2418946580
https://openalex.org/W2419168733
https://openalex.org/W2419642404
https://openalex.org/W2420303789
https://openalex.org/W2422239320
https://openalex.org/W2430834689
https://openalex.org/W2439731031
https://openalex.org/W2442666705
https://openalex.org/W2443034401
https://openalex.org/W2443251310
https://openalex.org/W2443963395
https://openalex.org/W2462062808
https://openalex.org/W2462177125
https://openalex.org/W2464580946
https://openalex.org/W2467460609
https://openalex.org/W2469134370
https://openalex.org/W2469712237
https://openalex.org/W2473768300
https://openalex.org/W2477443700
https://openalex.org/W248167508
https://openalex.org/W2482918632
https://openalex.org/W2487514922
https://openalex.org/W2487804729
https://openalex.org/W2492358481
https://openalex.org/W2493795000
https://openalex.org/W2494337297
https://openalex.org/W2505330259
https://openalex.org/W2508822167
https://openalex.org/W2510443235
https://openalex.org/W2510468974
https://openalex.org/W2510782206
https://openalex.org/W2512365469
https://openalex.org/W2512989588
https://openalex.org/W2513310700
https://openalex.org/W2513496748
https://openalex.org/W2515733934
https://openalex.org/W2517424224
https://openalex.org/W2517451051
https://openalex.org/W2518766594
https://openalex.org/W2518933820
https://openalex.org/W2520146670
https://openalex.org/W2521077366
https://openalex.org/W2521693028
https://openalex.org/W2525830252
https://openalex.org/W2528221088
https://openalex.org/W2529142295
https://openalex.org/W2530116948
https://openalex.org/W2530948487
https://openalex.org/W2537874978
https://openalex.org/W2542862211
https://openalex.org/W2543898544
https://openalex.org/W2554483316
https://openalex.org/W2558275925
https://openalex.org/W2560888481
https://openalex.org/W2560917867
https://openalex.org/W2561998562
https://openalex.org/W2562318952
https://openalex.org/W2563226792
https://openalex.org/W2563435484
https://openalex.org/W2564321939
https://openalex.org/W2565068298
https://openalex.org/W2565992121
https://openalex.org/W2567012412
https://openalex.org/W2568811709
https://openalex.org/W2569317231
https://openalex.org/W2573490377
https://openalex.org/W2576520841
https://openalex.org/W2578114128
https://openalex.org/W2583681108
https://openalex.org/W2586586516
https://openalex.org/W2590038021
https://openalex.org/W2591554109
https://openalex.org/W2594441363
https://openalex.org/W2595309701
https://openalex.org/W2595691400
https://openalex.org/W2596191775
https://openalex.org/W2596305551
https://openalex.org/W2596524874
https://openalex.org/W2598719985
https://openalex.org/W2600209277
https://openalex.org/W2600358536
https://openalex.org/W2600954314
https://openalex.org/W2602381933
https://openalex.org/W2603869021
https://openalex.org/W2604055285
https://openalex.org/W2604392223
https://openalex.org/W2604984938
https://openalex.org/W2605224758
https://openalex.org/W2607208087
https://openalex.org/W2608312262
https://openalex.org/W2610001866
https://openalex.org/W2610973451
https://openalex.org/W2613743944
https://openalex.org/W2615789388
https://openalex.org/W2615908341
https://openalex.org/W2618900916
https://openalex.org/W2619987042
https://openalex.org/W2620409197
https://openalex.org/W2623607717
https://openalex.org/W2623690141
https://openalex.org/W2624413904
https://openalex.org/W2624593552
https://openalex.org/W263295083
https://openalex.org/W2659306869
https://openalex.org/W2665577105
https://openalex.org/W2684859256
https://openalex.org/W2739758730
https://openalex.org/W2740776800
https://openalex.org/W2741809765
https://openalex.org/W2743727136
https://openalex.org/W2744485930
https://openalex.org/W2745076654
https://openalex.org/W2748375462
https://openalex.org/W2751026424
https://openalex.org/W2751802833
https://openalex.org/W2754729125
https://openalex.org/W2756812485
https://openalex.org/W2765657747
https://openalex.org/W2769072669
https://openalex.org/W2771643699
https://openalex.org/W2772171402
https://openalex.org/W2776395609
https://openalex.org/W2779848382
https://openalex.org/W2781289160
https://openalex.org/W2783289996
https://openalex.org/W2783726083
https://openalex.org/W2784978459
https://openalex.org/W2788796129
https://openalex.org/W2789621044
https://openalex.org/W2789797097
https://openalex.org/W2790128058
https://openalex.org/W2790841635
https://openalex.org/W2792108638
https://openalex.org/W2792331130
https://openalex.org/W2792978947
https://openalex.org/W2794733001
https://openalex.org/W2794983481
https://openalex.org/W2795229323
https://openalex.org/W2795262340
https://openalex.org/W2795344497
https://openalex.org/W2795620653
https://openalex.org/W2795997052
https://openalex.org/W2797224674
https://openalex.org/W2799683066
https://openalex.org/W2800914043
https://openalex.org/W280564724
https://openalex.org/W2806632628
https://openalex.org/W2806675818
https://openalex.org/W2806678806
https://openalex.org/W282241166
https://openalex.org/W282398981
https://openalex.org/W284396842
https://openalex.org/W2884078304
https://openalex.org/W2884433836
https://openalex.org/W2884846458
https://openalex.org/W2891500969
https://openalex.org/W2892182619
https://openalex.org/W2897850996
https://openalex.org/W2898205169
https://openalex.org/W2899166799
https://openalex.org/W2901986678
https://openalex.org/W2903920154
https://openalex.org/W2903959185
https://openalex.org/W2904358424
https://openalex.org/W2905799118
https://openalex.org/W2907709244
https://openalex.org/W2909180454
https://openalex.org/W2909266988
https://openalex.org/W2910362017
https://openalex.org/W2911737666
https://openalex.org/W2913796442
https://openalex.org/W2915241496
https://openalex.org/W2915385550
https://openalex.org/W2916310458
https://openalex.org/W2916536876
https://openalex.org/W2916957884
https://openalex.org/W2917408368
https://openalex.org/W2921620213
https://openalex.org/W2921749036
https://openalex.org/W2921802507
https://openalex.org/W2922032338
https://openalex.org/W2922339409
https://openalex.org/W2923939664
https://openalex.org/W2924459613
https://openalex.org/W2924998090
https://openalex.org/W2941087559
https://openalex.org/W2942237779
https://openalex.org/W2947192766
https://openalex.org/W2947348172
https://openalex.org/W2947973812
https://openalex.org/W2948976352
https://openalex.org/W2949496619
https://openalex.org/W2949776689
https://openalex.org/W2949810179
https://openalex.org/W2950329759
https://openalex.org/W2950905684
https://openalex.org/W2950996322
https://openalex.org/W2951226994
https://openalex.org/W2951727721
https://openalex.org/W2952405251
https://openalex.org/W2953313287
https://openalex.org/W2953663544
https://openalex.org/W2954502276
https://openalex.org/W2963560806
https://openalex.org/W2964786975
https://openalex.org/W2966670931
https://openalex.org/W2967610927
https://openalex.org/W2968539080
https://openalex.org/W2969361786
https://openalex.org/W2969719414
https://openalex.org/W2969747597
https://openalex.org/W2970886918
https://openalex.org/W2971611189
https://openalex.org/W2972954254
https://openalex.org/W2974528453
https://openalex.org/W2974698946
https://openalex.org/W2974765476
https://openalex.org/W2976004524
https://openalex.org/W2976103624
https://openalex.org/W2976349443
https://openalex.org/W2977041787
https://openalex.org/W2977119140
https://openalex.org/W2977248503
https://openalex.org/W2977489791
https://openalex.org/W2977606049
https://openalex.org/W2977648755
https://openalex.org/W2978385931
https://openalex.org/W2978722298
https://openalex.org/W2979049559
https://openalex.org/W2979154650
https://openalex.org/W2979274349
https://openalex.org/W2979579013
https://openalex.org/W2980030520
https://openalex.org/W2980454417
https://openalex.org/W2980508820
https://openalex.org/W2981166028
https://openalex.org/W2986098558
https://openalex.org/W2987189118
https://openalex.org/W2988647742
https://openalex.org/W2989744208
https://openalex.org/W2990586148
https://openalex.org/W2991863273
https://openalex.org/W2994137948
https://openalex.org/W2995954887
https://openalex.org/W2997271011
https://openalex.org/W2998292086
https://openalex.org/W2998978640
https://openalex.org/W3002090434
https://openalex.org/W3003363534
https://openalex.org/W3003702071
https://openalex.org/W3003866791
https://openalex.org/W3004091560
https://openalex.org/W3004109447
https://openalex.org/W3005704516
https://openalex.org/W3007436798
https://openalex.org/W3007498667
https://openalex.org/W3010123800
https://openalex.org/W3013728393
https://openalex.org/W3016410725
https://openalex.org/W3019760954
https://openalex.org/W3020464666
https://openalex.org/W3021717739
https://openalex.org/W3022289249
https://openalex.org/W3023598052
https://openalex.org/W3024633066
https://openalex.org/W3024713200
https://openalex.org/W3025137360
https://openalex.org/W3025147056
https://openalex.org/W3026544092
https://openalex.org/W3026949632
https://openalex.org/W3027418475
https://openalex.org/W3027752593
https://openalex.org/W3028139662
https://openalex.org/W3028619844
https://openalex.org/W3029053729
https://openalex.org/W3029794804
https://openalex.org/W3030249275
https://openalex.org/W3030362257
https://openalex.org/W3030724546
https://openalex.org/W3031057439
https://openalex.org/W3031318715
https://openalex.org/W3031514753
https://openalex.org/W3031725816
https://openalex.org/W3031749430
https://openalex.org/W3031834818
https://openalex.org/W3032949622
https://openalex.org/W3033073564
https://openalex.org/W3033301530
https://openalex.org/W3033895756
https://openalex.org/W3034184457
https://openalex.org/W3034394405
https://openalex.org/W3042475841
https://openalex.org/W3049126620
https://openalex.org/W3055261230
https://openalex.org/W3080487221
https://openalex.org/W3081808601
https://openalex.org/W3081932478
https://openalex.org/W3081989845
https://openalex.org/W3082889836
https://openalex.org/W3084902953
https://openalex.org/W3085180590
https://openalex.org/W3087921361
https://openalex.org/W3088781841
https://openalex.org/W3089544420
https://openalex.org/W3091880611
https://openalex.org/W3092642295
https://openalex.org/W3093544641
https://openalex.org/W3093587584
https://openalex.org/W3093681957
https://openalex.org/W3094429351
https://openalex.org/W3094462328
https://openalex.org/W3094487759
https://openalex.org/W3094550306
https://openalex.org/W3094553705
https://openalex.org/W3095672548
https://openalex.org/W3096426931
https://openalex.org/W3097349282
https://openalex.org/W3101966891
https://openalex.org/W3106985733
https://openalex.org/W3108442774
https://openalex.org/W3109272332
https://openalex.org/W3110914295
https://openalex.org/W3112369854
https://openalex.org/W3114499995
https://openalex.org/W3121000744
https://openalex.org/W3121414565
https://openalex.org/W3123714237
https://openalex.org/W3124033447
https://openalex.org/W3124094749
https://openalex.org/W3124898108
https://openalex.org/W3128354247
https://openalex.org/W3130034895
https://openalex.org/W3130611086
https://openalex.org/W3130775057
https://openalex.org/W3134202598
https://openalex.org/W3134496156
https://openalex.org/W3134638816
https://openalex.org/W3134879758
https://openalex.org/W3135123649
https://openalex.org/W3135440558
https://openalex.org/W3135692952
https://openalex.org/W3136048729
https://openalex.org/W3137115087
https://openalex.org/W3137654678
https://openalex.org/W3138072133
https://openalex.org/W3138237235
https://openalex.org/W3139248719
https://openalex.org/W314358185
https://openalex.org/W3146252513
https://openalex.org/W3148993424
https://openalex.org/W3151849732
https://openalex.org/W3152844892
https://openalex.org/W3153660854
https://openalex.org/W3154332869
https://openalex.org/W3154387082
https://openalex.org/W3155665110
https://openalex.org/W3156802920
https://openalex.org/W3156854106
https://openalex.org/W3157203884
https://openalex.org/W3159435913
https://openalex.org/W316050913
https://openalex.org/W3161050022
https://openalex.org/W3162493973
https://openalex.org/W3163012192
https://openalex.org/W3163133338
https://openalex.org/W3165506743
https://openalex.org/W3165660006
https://openalex.org/W3166861492
https://openalex.org/W3168580925
https://openalex.org/W3168737569
https://openalex.org/W3171228181
https://openalex.org/W3171720041
https://openalex.org/W3172229710
https://openalex.org/W3173397711
https://openalex.org/W3173680981
https://openalex.org/W3173948315
https://openalex.org/W3174022733
https://openalex.org/W3174905441
https://openalex.org/W3175703836
https://openalex.org/W3179187159
https://openalex.org/W3180340239
https://openalex.org/W3180422433
https://openalex.org/W3183312863
https://openalex.org/W3183360133
https://openalex.org/W3184042836
https://openalex.org/W3184087149
https://openalex.org/W3184555249
https://openalex.org/W3185556889
https://openalex.org/W3185822669
https://openalex.org/W3185937082
https://openalex.org/W3185960611
https://openalex.org/W3186364680
https://openalex.org/W3186474449
https://openalex.org/W3186593161
https://openalex.org/W3186689886
https://openalex.org/W3186813903
https://openalex.org/W31874272
https://openalex.org/W3188663408
https://openalex.org/W3191563709
https://openalex.org/W3191731466
https://openalex.org/W3192224278
https://openalex.org/W3193991535
https://openalex.org/W3194417551
https://openalex.org/W3195129445
https://openalex.org/W3196261187
https://openalex.org/W3196862631
https://openalex.org/W3197025626
https://openalex.org/W3200210477
https://openalex.org/W3203273948
https://openalex.org/W3203691971
https://openalex.org/W3204395708
https://openalex.org/W3204620617
https://openalex.org/W3206007045
https://openalex.org/W3206684324
https://openalex.org/W3206894195
https://openalex.org/W3207576124
https://openalex.org/W3208175195
https://openalex.org/W3209242523
https://openalex.org/W3209311773
https://openalex.org/W3209962857
https://openalex.org/W3210382520
https://openalex.org/W3210501342
https://openalex.org/W3210519132
https://openalex.org/W3215848781
https://openalex.org/W3216296300
https://openalex.org/W338224565
https://openalex.org/W34906608
https://openalex.org/W35319108
https://openalex.org/W361547420
https://openalex.org/W368241100
https://openalex.org/W411890451
https://openalex.org/W414346304
https://openalex.org/W4200080199
https://openalex.org/W4200082119
https://openalex.org/W4200507321
https://openalex.org/W4205194172
https://openalex.org/W4205257234
https://openalex.org/W4205542466
https://openalex.org/W4205572737
https://openalex.org/W4205684655
https://openalex.org/W4205767104
https://openalex.org/W4206157496
https://openalex.org/W4206235775
https://openalex.org/W4206432704
https://openalex.org/W4206456606
https://openalex.org/W4207084785
https://openalex.org/W4210462720
https://openalex.org/W4210660924
https://openalex.org/W4210847584
https://openalex.org/W4210849098
https://openalex.org/W4211115096
https://openalex.org/W4213354501
https://openalex.org/W4213408925
https://openalex.org/W4213424614
https://openalex.org/W4213445659
https://openalex.org/W4213476927
https://openalex.org/W4214765021
https://openalex.org/W4214807727
https://openalex.org/W4214927592
https://openalex.org/W4214971350
https://openalex.org/W4224081551
https://openalex.org/W4225773287
https://openalex.org/W4226049282
https://openalex.org/W4226105312
https://openalex.org/W4226203018
https://openalex.org/W4228998869
https://openalex.org/W4229002292
https://openalex.org/W4229067181
https://openalex.org/W4229453213
https://openalex.org/W4229585085
https://openalex.org/W4229600702
https://openalex.org/W4229879821
https://openalex.org/W4230298460
https://openalex.org/W4230472164
https://openalex.org/W4230509614
https://openalex.org/W4230729504
https://openalex.org/W4230753909
https://openalex.org/W4230876773
https://openalex.org/W4231359425
https://openalex.org/W4232934918
https://openalex.org/W4232985780
https://openalex.org/W4233497089
https://openalex.org/W4235712447
https://openalex.org/W4236164483
https://openalex.org/W4236182792
https://openalex.org/W4236576145
https://openalex.org/W4236582595
https://openalex.org/W4237228139
https://openalex.org/W4237260675
https://openalex.org/W4237369571
https://openalex.org/W4237405720
https://openalex.org/W4237495639
https://openalex.org/W4238015872
https://openalex.org/W4238266011
https://openalex.org/W4238921733
https://openalex.org/W4239270594
https://openalex.org/W4239568726
https://openalex.org/W4240613277
https://openalex.org/W4241033495
https://openalex.org/W4241185550
https://openalex.org/W4242607357
https://openalex.org/W4244253283
https://openalex.org/W4244843749
https://openalex.org/W4245075310
https://openalex.org/W4245648086
https://openalex.org/W4245974773
https://openalex.org/W4246971162
https://openalex.org/W4247032826
https://openalex.org/W4247161112
https://openalex.org/W4248260582
https://openalex.org/W4248317528
https://openalex.org/W4248593091
https://openalex.org/W4248712872
https://openalex.org/W4248756133
https://openalex.org/W4250193616
https://openalex.org/W4250508116
https://openalex.org/W4250639918
https://openalex.org/W4250961842
https://openalex.org/W4251000945
https://openalex.org/W4251384245
https://openalex.org/W4251465706
https://openalex.org/W4251646427
https://openalex.org/W4251877623
https://openalex.org/W4252103828
https://openalex.org/W4252371958
https://openalex.org/W4253781690
https://openalex.org/W4254376483
https://openalex.org/W4254503468
https://openalex.org/W4254989572
https://openalex.org/W4255229898
https://openalex.org/W4255380778
https://openalex.org/W4256010496
https://openalex.org/W4256071407
https://openalex.org/W4281251847
https://openalex.org/W4281669402
https://openalex.org/W4281722330
https://openalex.org/W4283511231
https://openalex.org/W4283821426
https://openalex.org/W4285065425
https://openalex.org/W4285193762
https://openalex.org/W4286293773
https://openalex.org/W4286297241
https://openalex.org/W4287106985
https://openalex.org/W4287672008
https://openalex.org/W4288077897
https://openalex.org/W4289711197
https://openalex.org/W4289888750
https://openalex.org/W4292372241
https://openalex.org/W4292448665
https://openalex.org/W4293312772
https://openalex.org/W4293723429
https://openalex.org/W4294275903
https://openalex.org/W4295717810
https://openalex.org/W4296716029
https://openalex.org/W4297282356
https://openalex.org/W4297783707
https://openalex.org/W4297783735
https://openalex.org/W4297952670
https://openalex.org/W4298121041
https://openalex.org/W4298251599
https://openalex.org/W4298291448
https://openalex.org/W4298411333
https://openalex.org/W4299346787
https://openalex.org/W4299580669
https://openalex.org/W4299615323
https://openalex.org/W4299636313
https://openalex.org/W4299694261
https://openalex.org/W4299845328
https://openalex.org/W4300818850
https://openalex.org/W4300898460
https://openalex.org/W4301398835
https://openalex.org/W4302283401
https://openalex.org/W4302414789
https://openalex.org/W4303514209
https://openalex.org/W4306920200
https://openalex.org/W4307017815
https://openalex.org/W4307216120
https://openalex.org/W4307446603
https://openalex.org/W4307628843
https://openalex.org/W4307745169
https://openalex.org/W4308149123
https://openalex.org/W4308734132
https://openalex.org/W4309077693
https://openalex.org/W4309343194
https://openalex.org/W4309489057
https://openalex.org/W4309609587
https://openalex.org/W4309873797
https://openalex.org/W4310103737
https://openalex.org/W4310738412
https://openalex.org/W4311027014
https://openalex.org/W4311963451
https://openalex.org/W4312101494
https://openalex.org/W4312125374
https://openalex.org/W4312199471
https://openalex.org/W4312213051
https://openalex.org/W4312351343
https://openalex.org/W4312400154
https://openalex.org/W4313260364
https://openalex.org/W4313486182
https://openalex.org/W4313533915
https://openalex.org/W4313590309
https://openalex.org/W4313706952
https://openalex.org/W4316078518
https://openalex.org/W4316078677
https://openalex.org/W4316081026
https://openalex.org/W4317603971
https://openalex.org/W4317863055
https://openalex.org/W4317891410
https://openalex.org/W4318224806
https://openalex.org/W4318818214
https://openalex.org/W4319082785
https://openalex.org/W4321101496
https://openalex.org/W4321180192
https://openalex.org/W4321452314
https://openalex.org/W4321459251
https://openalex.org/W4321855072
https://openalex.org/W4323038398
https://openalex.org/W4323064029
https://openalex.org/W4323364859
https://openalex.org/W4327715493
https://openalex.org/W4328048590
https://openalex.org/W434395853
https://openalex.org/W4353090136
https://openalex.org/W435837063
https://openalex.org/W4359247
https://openalex.org/W4360584378
https://openalex.org/W4360803552
https://openalex.org/W4360952109
https://openalex.org/W4361213925
https://openalex.org/W4361227238
https://openalex.org/W4361252528
https://openalex.org/W4361252534
https://openalex.org/W4361252632
https://openalex.org/W4361254957
https://openalex.org/W4361255055
https://openalex.org/W4361255058
https://openalex.org/W4361255060
https://openalex.org/W4361255067
https://openalex.org/W4361255074
https://openalex.org/W4361255140
https://openalex.org/W4361255144
https://openalex.org/W4361255147
https://openalex.org/W4361255149
https://openalex.org/W4361255189
https://openalex.org/W4361255200
https://openalex.org/W4361255202
https://openalex.org/W4361265883
https://openalex.org/W4361266458
https://openalex.org/W4361266668
https://openalex.org/W4361266672
https://openalex.org/W4361266681
https://openalex.org/W4361266683
https://openalex.org/W4361266691
https://openalex.org/W4361804821
https://openalex.org/W4361804832
https://openalex.org/W4361804884
https://openalex.org/W4361820395
https://openalex.org/W4361820527
https://openalex.org/W4361820859
https://openalex.org/W4361821410
https://openalex.org/W4361821775
https://openalex.org/W4361821889
https://openalex.org/W4361821915
https://openalex.org/W4361821917
https://openalex.org/W4361822448
https://openalex.org/W4361822709
https://openalex.org/W4361822958
https://openalex.org/W4361823450
https://openalex.org/W4361823727
https://openalex.org/W4361824003
https://openalex.org/W4361824045
https://openalex.org/W4361825087
https://openalex.org/W4361826570
https://openalex.org/W4361827339
https://openalex.org/W4361827437
https://openalex.org/W4361831417
https://openalex.org/W4361831418
https://openalex.org/W4361831479
https://openalex.org/W4361834934
https://openalex.org/W4361835007
https://openalex.org/W436184433
https://openalex.org/W4361875578
https://openalex.org/W4361875591
https://openalex.org/W4361875671
https://openalex.org/W4361875694
https://openalex.org/W4361875716
https://openalex.org/W4361875801
https://openalex.org/W4361875892
https://openalex.org/W4361877900
https://openalex.org/W4361878102
https://openalex.org/W4361884221
https://openalex.org/W4361884314
https://openalex.org/W4361884364
https://openalex.org/W4361884742
https://openalex.org/W4361885370
https://openalex.org/W4361885411
https://openalex.org/W4361886392
https://openalex.org/W4361892794
https://openalex.org/W4361892965
https://openalex.org/W4361892972
https://openalex.org/W4361892977
https://openalex.org/W4361893070
https://openalex.org/W4361897254
https://openalex.org/W4361897270
https://openalex.org/W4361897310
https://openalex.org/W4361897387
https://openalex.org/W4361897514
https://openalex.org/W4361897531
https://openalex.org/W4361897536
https://openalex.org/W4361901417
https://openalex.org/W4361911168
https://openalex.org/W4361911209
https://openalex.org/W4361911552
https://openalex.org/W4361911572
https://openalex.org/W4361911591
https://openalex.org/W4361920042
https://openalex.org/W4361920214
https://openalex.org/W4361920244
https://openalex.org/W4361920354
https://openalex.org/W4361942669
https://openalex.org/W4361942731
https://openalex.org/W4361945340
https://openalex.org/W4361947635
https://openalex.org/W4361948229
https://openalex.org/W4361952227
https://openalex.org/W4361953987
https://openalex.org/W4361958494
https://openalex.org/W4361959685
https://openalex.org/W4361970472
https://openalex.org/W4361970560
https://openalex.org/W4361972106
https://openalex.org/W4361972213
https://openalex.org/W4361972255
https://openalex.org/W436232631
https://openalex.org/W4362329932
https://openalex.org/W4362333584
https://openalex.org/W4362333602
https://openalex.org/W4362333615
https://openalex.org/W4362333616
https://openalex.org/W4362334102
https://openalex.org/W4362335700
https://openalex.org/W4362335737
https://openalex.org/W4362350403
https://openalex.org/W4362391431
https://openalex.org/W4362412772
https://openalex.org/W4362421032
https://openalex.org/W4362421039
https://openalex.org/W4362421083
https://openalex.org/W4362421165
https://openalex.org/W4362421174
https://openalex.org/W4362421176
https://openalex.org/W4362421181
https://openalex.org/W4362421264
https://openalex.org/W4362421267
https://openalex.org/W4362421641
https://openalex.org/W4362421818
https://openalex.org/W4362421819
https://openalex.org/W4362421859
https://openalex.org/W4362422041
https://openalex.org/W4362422066
https://openalex.org/W4362422160
https://openalex.org/W4362422251
https://openalex.org/W4362461653
https://openalex.org/W4362461701
https://openalex.org/W4362461794
https://openalex.org/W4362471115
https://openalex.org/W4362480476
https://openalex.org/W4362480504
https://openalex.org/W4362480519
https://openalex.org/W4362480565
https://openalex.org/W4362480995
https://openalex.org/W4362481032
https://openalex.org/W4362481039
https://openalex.org/W4362481042
https://openalex.org/W4362481045
https://openalex.org/W4362481052
https://openalex.org/W4362481061
https://openalex.org/W4362481062
https://openalex.org/W4362481082
https://openalex.org/W4362481098
https://openalex.org/W4362481131
https://openalex.org/W4362481185
https://openalex.org/W4362484737
https://openalex.org/W4362484747
https://openalex.org/W4362484862
https://openalex.org/W4362522098
https://openalex.org/W4362525667
https://openalex.org/W4362530351
https://openalex.org/W4362532162
https://openalex.org/W4362532343
https://openalex.org/W4362533453
https://openalex.org/W4362533551
https://openalex.org/W4362533643
https://openalex.org/W4362533676
https://openalex.org/W4362533681
https://openalex.org/W4362533684
https://openalex.org/W4362533692
https://openalex.org/W4362533696
https://openalex.org/W4362533707
https://openalex.org/W4362534233
https://openalex.org/W4362537375
https://openalex.org/W4362538817
https://openalex.org/W4362538984
https://openalex.org/W4362539040
https://openalex.org/W4362539408
https://openalex.org/W4362539637
https://openalex.org/W4362539655
https://openalex.org/W4362539672
https://openalex.org/W4362539710
https://openalex.org/W4362539926
https://openalex.org/W4362539930
https://openalex.org/W4362540024
https://openalex.org/W4362540049
https://openalex.org/W4362540079
https://openalex.org/W4362540591
https://openalex.org/W4362540759
https://openalex.org/W4362540782
https://openalex.org/W4362540787
https://openalex.org/W4362540821
https://openalex.org/W4362540829
https://openalex.org/W4362540859
https://openalex.org/W4362540869
https://openalex.org/W4362540894
https://openalex.org/W4362540916
https://openalex.org/W4362541005
https://openalex.org/W4362541053
https://openalex.org/W4362542356
https://openalex.org/W4362545410
https://openalex.org/W4362545436
https://openalex.org/W4362545457
https://openalex.org/W4362545511
https://openalex.org/W4362546209
https://openalex.org/W4362551119
https://openalex.org/W4362551195
https://openalex.org/W4362551449
https://openalex.org/W4362567120
https://openalex.org/W4362568617
https://openalex.org/W4362568618
https://openalex.org/W4362568750
https://openalex.org/W4362568796
https://openalex.org/W4362594629
https://openalex.org/W4362596872
https://openalex.org/W4362617087
https://openalex.org/W4362617105
https://openalex.org/W4362617162
https://openalex.org/W4362617554
https://openalex.org/W4362617555
https://openalex.org/W4362617560
https://openalex.org/W4362617568
https://openalex.org/W4362617580
https://openalex.org/W4362617586
https://openalex.org/W4362617587
https://openalex.org/W4362617592
https://openalex.org/W4362617593
https://openalex.org/W4362617595
https://openalex.org/W4362617598
https://openalex.org/W4362617660
https://openalex.org/W4362617669
https://openalex.org/W4362617673
https://openalex.org/W4362617675
https://openalex.org/W4362617686
https://openalex.org/W4362617690
https://openalex.org/W4362617694
https://openalex.org/W4362617695
https://openalex.org/W4362617699
https://openalex.org/W4362618628
https://openalex.org/W4362618633
https://openalex.org/W4362618774
https://openalex.org/W4362618851
https://openalex.org/W4362627650
https://openalex.org/W4362627738
https://openalex.org/W4362627744
https://openalex.org/W4362627888
https://openalex.org/W4362627892
https://openalex.org/W4362627899
https://openalex.org/W4362627903
https://openalex.org/W4362627938
https://openalex.org/W4362627945
https://openalex.org/W4362628031
https://openalex.org/W4362628033
https://openalex.org/W4362628040
https://openalex.org/W4362628050
https://openalex.org/W4362629103
https://openalex.org/W4362629105
https://openalex.org/W4362629238
https://openalex.org/W4362629250
https://openalex.org/W4362657262
https://openalex.org/W4362721156
https://openalex.org/W4366005779
https://openalex.org/W4366352602
https://openalex.org/W4366823058
https://openalex.org/W4366975210
https://openalex.org/W4366986088
https://openalex.org/W4367181722
https://openalex.org/W4367293854
https://openalex.org/W4367601904
https://openalex.org/W4367602083
https://openalex.org/W4367602166
https://openalex.org/W4367602511
https://openalex.org/W4367602714
https://openalex.org/W4367602715
https://openalex.org/W4367602972
https://openalex.org/W4367602994
https://openalex.org/W4367602995
https://openalex.org/W4367603498
https://openalex.org/W4367603608
https://openalex.org/W4367603609
https://openalex.org/W4367603618
https://openalex.org/W4367603647
https://openalex.org/W4367603705
https://openalex.org/W4367603825
https://openalex.org/W4367603865
https://openalex.org/W4367603870
https://openalex.org/W4367603876
https://openalex.org/W4367603898
https://openalex.org/W4368340159
https://openalex.org/W4376132434
https://openalex.org/W4376876465
https://openalex.org/W4377028712
https://openalex.org/W4378347678
https://openalex.org/W4378469142
https://openalex.org/W4378782110
https://openalex.org/W4379280674
https://openalex.org/W4379281188
https://openalex.org/W4379281363
https://openalex.org/W4379282074
https://openalex.org/W4379339674
https://openalex.org/W4379346501
https://openalex.org/W4379346511
https://openalex.org/W4379377800
https://openalex.org/W4379380859
https://openalex.org/W4379408619
https://openalex.org/W4380203431
https://openalex.org/W4380269569
https://openalex.org/W4380324193
https://openalex.org/W4380447761
https://openalex.org/W4380448038
https://openalex.org/W4380448506
https://openalex.org/W4380536644
https://openalex.org/W4380625683
https://openalex.org/W4380625882
https://openalex.org/W4380626181
https://openalex.org/W4380626256
https://openalex.org/W4380626430
https://openalex.org/W4381309201
https://openalex.org/W4381436677
https://openalex.org/W4381612979
https://openalex.org/W4381715159
https://openalex.org/W4381716295
https://openalex.org/W4382047950
https://openalex.org/W4382138927
https://openalex.org/W4382358247
https://openalex.org/W4382467162
https://openalex.org/W4382602748
https://openalex.org/W4382932654
https://openalex.org/W4382986792
https://openalex.org/W4383041444
https://openalex.org/W4383092813
https://openalex.org/W4383373031
https://openalex.org/W4383383974
https://openalex.org/W4383385079
https://openalex.org/W4383388579
https://openalex.org/W4383420252
https://openalex.org/W4383710039
https://openalex.org/W4383998850
https://openalex.org/W4384157083
https://openalex.org/W4384276721
https://openalex.org/W4384664575
https://openalex.org/W4384827678
https://openalex.org/W4384933393
https://openalex.org/W4384942117
https://openalex.org/W4385330271
https://openalex.org/W4385509170
https://openalex.org/W4385604976
https://openalex.org/W4386022683
https://openalex.org/W4386120814
https://openalex.org/W4386271965
https://openalex.org/W4386285419
https://openalex.org/W4386363209
https://openalex.org/W4386438721
https://openalex.org/W4386476691
https://openalex.org/W4386606574
https://openalex.org/W4386767934
https://openalex.org/W4386849116
https://openalex.org/W4386874004
https://openalex.org/W4386929180
https://openalex.org/W48693727
https://openalex.org/W54947841
https://openalex.org/W573602908
https://openalex.org/W580038140
https://openalex.org/W582260337
https://openalex.org/W583151935
https://openalex.org/W598267908
https://openalex.org/W602322874
https://openalex.org/W602940544
https://openalex.org/W607171288
https://openalex.org/W617973359
https://openalex.org/W6392330
https://openalex.org/W658533075
https://openalex.org/W66554308
https://openalex.org/W72494681
https://openalex.org/W793829720
https://openalex.org/W799384619
https://openalex.org/W800959025
https://openalex.org/W8009907
https://openalex.org/W840832889
https://openalex.org/W847127
https://openalex.org/W86455733
https://openalex.org/W891336522
https://openalex.org/W898635944
https://openalex.org/W89983113
https://openalex.org/W918747058
https://openalex.org/W92556060
https://openalex.org/W979665291
https://openalex.org/W999279254
https://openalex.org/W2139440433
https://openalex.org/W2004966039
https://openalex.org/W2060484997
https://openalex.org/W2171423639
https://openalex.org/W2155705849
https://openalex.org/W2158454843
https://openalex.org/W2156856858
https://openalex.org/W2099827831
https://openalex.org/W2058759573
https://openalex.org/W2138721573
https://openalex.org/W2052741482
https://openalex.org/W2161682775
https://openalex.org/W2069157810
https://openalex.org/W1989779456
https://openalex.org/W1927325176
https://openalex.org/W1967386006
https://openalex.org/W2106766431
https://openalex.org/W1993833615
https://openalex.org/W2038207393
https://openalex.org/W2127569230
https://openalex.org/W2089353735
https://openalex.org/W2138802639
https://openalex.org/W2013785611
https://openalex.org/W2042040860
https://openalex.org/W2091142003
https://openalex.org/W1995676967
https://openalex.org/W2009826896
https://openalex.org/W631895740
https://openalex.org/W2027257508
https://openalex.org/W2076561065
https://openalex.org/W2064057617
https://openalex.org/W3124280327
https://openalex.org/W2017899735
https://openalex.org/W2136262030
https://openalex.org/W1990660916
https://openalex.org/W2045478141
https://openalex.org/W2129677617
https://openalex.org/W2949096495
https://openalex.org/W2038264484
https://openalex.org/W2043810482
https://openalex.org/W1482820024
https://openalex.org/W2069039144
https://openalex.org/W2102089867
https://openalex.org/W1976398898
https://openalex.org/W2048113580
https://openalex.org/W2071551577
https://openalex.org/W2130690907
https://openalex.org/W1600471557
https://openalex.org/W2763836527
https://openalex.org/W1991432513
https://openalex.org/W2076994772
https://openalex.org/W2031582484
https://openalex.org/W2155113775
https://openalex.org/W2160700135
https://openalex.org/W3121611509
https://openalex.org/W2000138407
https://openalex.org/W1994403682
https://openalex.org/W2070883648
https://openalex.org/W2117364932
https://openalex.org/W2081722110
https://openalex.org/W2003387085
https://openalex.org/W2100675674
https://openalex.org/W2123090800
https://openalex.org/W2159511512
https://openalex.org/W2097485803
https://openalex.org/W3106041657
https://openalex.org/W4251743604
https://openalex.org/W2153185762
https://openalex.org/W3105077379
https://openalex.org/W2129301880
https://openalex.org/W2949778081
https://openalex.org/W2005425934
https://openalex.org/W2041997590
https://openalex.org/W1981219795
https://openalex.org/W1996307960
https://openalex.org/W2004361534
https://openalex.org/W2025646176
https://openalex.org/W1495274944
https://openalex.org/W1494815324
https://openalex.org/W2134965738
https://openalex.org/W1824849326
https://openalex.org/W2175721333
https://openalex.org/W2088408099
https://openalex.org/W1924960875
https://openalex.org/W2045553984
https://openalex.org/W2052692052
https://openalex.org/W2152450950
https://openalex.org/W2053336246
https://openalex.org/W2941132662
https://openalex.org/W2005838348
https://openalex.org/W2917680953
https://openalex.org/W2801371576
https://openalex.org/W2021415192
https://openalex.org/W1982502140
https://openalex.org/W1897518387
https://openalex.org/W2038716450
https://openalex.org/W3105995737
https://openalex.org/W366206648
https://openalex.org/W2076243780
https://openalex.org/W2080040564
https://openalex.org/W2019283908
https://openalex.org/W2783716685
https://openalex.org/W2112333027
https://openalex.org/W2162392441
https://openalex.org/W3098931532
https://openalex.org/W2766512489
https://openalex.org/W2111354960
https://openalex.org/W2038134540
https://openalex.org/W2081812306
https://openalex.org/W2149221864
https://openalex.org/W2024109244
https://openalex.org/W1539383686
https://openalex.org/W2153921000
https://openalex.org/W3123956260
https://openalex.org/W2011226251
https://openalex.org/W2082378517
https://openalex.org/W2066222660
https://openalex.org/W1761628643
https://openalex.org/W2092966600
https://openalex.org/W2126945811
https://openalex.org/W2089249230
https://openalex.org/W2099436620
https://openalex.org/W2736895630
https://openalex.org/W2809659047
https://openalex.org/W2023250031
https://openalex.org/W2019851584
https://openalex.org/W2029685877
https://openalex.org/W2006301245
https://openalex.org/W2121411052
https://openalex.org/W2093904577
https://openalex.org/W2100676859
https://openalex.org/W2147019065
https://openalex.org/W2102083376
https://openalex.org/W2083436148
https://openalex.org/W2143288516
https://openalex.org/W2808136147
https://openalex.org/W1996482061
https://openalex.org/W2004123088
https://openalex.org/W2043460027
https://openalex.org/W2120400290
https://openalex.org/W2074892757
https://openalex.org/W1595736506
https://openalex.org/W2005281689
https://openalex.org/W1670573078
https://openalex.org/W2090652656
https://openalex.org/W2093884797
https://openalex.org/W2161611906
https://openalex.org/W2103751591
https://openalex.org/W2075910859
https://openalex.org/W2073521181
https://openalex.org/W2078805041
https://openalex.org/W2294803096
https://openalex.org/W2401910189
https://openalex.org/W2262142531
https://openalex.org/W1978678445
https://openalex.org/W2064724011
https://openalex.org/W2092748333
https://openalex.org/W2163722518
https://openalex.org/W1981444242
https://openalex.org/W2052157498
https://openalex.org/W2163360515
https://openalex.org/W2163984201
https://openalex.org/W1775535351
https://openalex.org/W2153999292
https://openalex.org/W2023191886
https://openalex.org/W1972775808
https://openalex.org/W2009620328
https://openalex.org/W2056057915
https://openalex.org/W2078036324
https://openalex.org/W3106164755
https://openalex.org/W2126301468
https://openalex.org/W2068674192
https://openalex.org/W3099752103
https://openalex.org/W1991616035
https://openalex.org/W1974985562
https://openalex.org/W1988595550
https://openalex.org/W2104422107
https://openalex.org/W1988298680
https://openalex.org/W1953739912
https://openalex.org/W2138762030
https://openalex.org/W3098513389
https://openalex.org/W2172224369
https://openalex.org/W2742126033
https://openalex.org/W2018869629
https://openalex.org/W2030959372
https://openalex.org/W2083374520
https://openalex.org/W2094062881
https://openalex.org/W1841090399
https://openalex.org/W2033022462
https://openalex.org/W1985214659
https://openalex.org/W2001465642
https://openalex.org/W2047540842
https://openalex.org/W2145664571
https://openalex.org/W2137899149
https://openalex.org/W3104110191
https://openalex.org/W1970690750
https://openalex.org/W1986665516
https://openalex.org/W2040136903
https://openalex.org/W2110873096
https://openalex.org/W2054984177
https://openalex.org/W2056598170
https://openalex.org/W2332212774
https://openalex.org/W2048733262
https://openalex.org/W2168234007
https://openalex.org/W2024616274
https://openalex.org/W2065212227
https://openalex.org/W2252652140
https://openalex.org/W2072575586
https://openalex.org/W3105146190
https://openalex.org/W2050321497
https://openalex.org/W2165764474
https://openalex.org/W2216924858
https://openalex.org/W1992014520
https://openalex.org/W2159011164
https://openalex.org/W2059739763
https://openalex.org/W1970980171
https://openalex.org/W1992384753
https://openalex.org/W2029794585
https://openalex.org/W1503573373
https://openalex.org/W1574576475
https://openalex.org/W2084382121
https://openalex.org/W2161510888
https://openalex.org/W2006406952
https://openalex.org/W1972381627
https://openalex.org/W2091605398
https://openalex.org/W2168575903
https://openalex.org/W2807964941
https://openalex.org/W3102616519
https://openalex.org/W2921846932
https://openalex.org/W1995077681
https://openalex.org/W2028434128
https://openalex.org/W2162960825
https://openalex.org/W1994924375
https://openalex.org/W3097995022
https://openalex.org/W1567999338
https://openalex.org/W2039663338
https://openalex.org/W2072774455
https://openalex.org/W2330398072
https://openalex.org/W2670484694
https://openalex.org/W1544126343
https://openalex.org/W1921554691
https://openalex.org/W2022036412
https://openalex.org/W2097486734
https://openalex.org/W1962188645
https://openalex.org/W2094018535
https://openalex.org/W2124769501
https://openalex.org/W2461726251
https://openalex.org/W2028620017
https://openalex.org/W2089032963
https://openalex.org/W2053064720
https://openalex.org/W2080172457
https://openalex.org/W3157598024
https://openalex.org/W2006441045
https://openalex.org/W2046078251
https://openalex.org/W2150773871
https://openalex.org/W3122457873
https://openalex.org/W1771301420
https://openalex.org/W1995756653
https://openalex.org/W2034195644
https://openalex.org/W2034736385
https://openalex.org/W2103474895
https://openalex.org/W2186076234
https://openalex.org/W2051859776
https://openalex.org/W2115455978
https://openalex.org/W2017464838
https://openalex.org/W2056843519
https://openalex.org/W2141368739
https://openalex.org/W1504756577
https://openalex.org/W1992945980
https://openalex.org/W2127771541
https://openalex.org/W1975488587
https://openalex.org/W3098283750
https://openalex.org/W2083775070
https://openalex.org/W2100320793
https://openalex.org/W987751915
https://openalex.org/W2119087494
https://openalex.org/W2129618124
https://openalex.org/W2132199053
https://openalex.org/W2140639390
https://openalex.org/W2143760364
https://openalex.org/W1546639195
https://openalex.org/W2069651416
https://openalex.org/W2112364034
https://openalex.org/W2153276545
https://openalex.org/W2003550508
https://openalex.org/W2020025312
https://openalex.org/W2032179964
https://openalex.org/W2073418222
https://openalex.org/W2079766822
https://openalex.org/W2941225386
https://openalex.org/W2038622658
https://openalex.org/W2094364456
https://openalex.org/W2158187434
https://openalex.org/W2046701189
https://openalex.org/W1541248898
https://openalex.org/W2343879804
https://openalex.org/W2802636397
https://openalex.org/W2943333115
https://openalex.org/W3103432118
https://openalex.org/W1904470742
https://openalex.org/W2022043362
https://openalex.org/W2040549887
https://openalex.org/W2048131145
https://openalex.org/W2123984852
https://openalex.org/W2034582824
https://openalex.org/W2082184462
https://openalex.org/W2151331867
https://openalex.org/W1989426564
https://openalex.org/W2056804541
https://openalex.org/W2060839332
https://openalex.org/W2079955972
https://openalex.org/W2142191033
https://openalex.org/W2018836338
https://openalex.org/W2094803867
https://openalex.org/W1992960211
https://openalex.org/W2012829886
https://openalex.org/W2294639133
https://openalex.org/W1552520990
https://openalex.org/W2093807736
https://openalex.org/W2150817537
https://openalex.org/W1969885189
https://openalex.org/W1993420825
https://openalex.org/W2021748911
https://openalex.org/W2071107976
https://openalex.org/W2083117490
https://openalex.org/W2104951407
https://openalex.org/W1965305769
https://openalex.org/W1973156542
https://openalex.org/W1982779444
https://openalex.org/W2026659052
https://openalex.org/W2133086710
https://openalex.org/W2139968424
https://openalex.org/W1985919127
https://openalex.org/W1987412849
https://openalex.org/W1995576455
https://openalex.org/W2034361490
https://openalex.org/W2135907850
https://openalex.org/W1980400989
https://openalex.org/W2012270457
https://openalex.org/W2038241210
https://openalex.org/W2124412304
https://openalex.org/W2156096901
https://openalex.org/W2886112809
https://openalex.org/W2061930985
https://openalex.org/W2067613039
https://openalex.org/W2153739292
https://openalex.org/W3106041295
https://openalex.org/W2079580753
https://openalex.org/W1481122512
https://openalex.org/W1497364567
https://openalex.org/W1565436417
https://openalex.org/W2003540996
https://openalex.org/W2032366308
https://openalex.org/W2039816131
https://openalex.org/W2044294779
https://openalex.org/W2085230415
https://openalex.org/W2086239553
https://openalex.org/W3125534149
https://openalex.org/W1984576087
https://openalex.org/W1986175619
https://openalex.org/W2064252858
https://openalex.org/W2119201396
https://openalex.org/W2369673429
https://openalex.org/W2908433735
https://openalex.org/W1986426748
https://openalex.org/W1877677658
https://openalex.org/W2106581640
https://openalex.org/W2347192758
https://openalex.org/W1967476791
https://openalex.org/W1974787610
https://openalex.org/W2075929294
https://openalex.org/W2944127423
https://openalex.org/W3095331736
https://openalex.org/W2032408510
https://openalex.org/W2041349097
https://openalex.org/W2070089851
https://openalex.org/W2088296403
https://openalex.org/W2555261317
https://openalex.org/W1599896917
https://openalex.org/W1996638297
https://openalex.org/W2009888336
https://openalex.org/W2051240093
https://openalex.org/W2095577553
https://openalex.org/W2141836607
https://openalex.org/W2340961533
https://openalex.org/W2064423615
https://openalex.org/W2095946344
https://openalex.org/W2127616922
https://openalex.org/W2418940280
https://openalex.org/W1980181932
https://openalex.org/W2052608081
https://openalex.org/W2052941795
https://openalex.org/W2070692790
https://openalex.org/W2084055030
https://openalex.org/W2091574012
https://openalex.org/W2097788092
https://openalex.org/W2156358436
https://openalex.org/W2018996375
https://openalex.org/W2062518448
https://openalex.org/W2072877021
https://openalex.org/W2128304515
https://openalex.org/W2130951311
https://openalex.org/W2138709225
https://openalex.org/W2171611727
https://openalex.org/W2082455878
https://openalex.org/W2091512205
https://openalex.org/W2124410472
https://openalex.org/W2140086366
https://openalex.org/W2160388080
https://openalex.org/W2894172608
https://openalex.org/W1970178346
https://openalex.org/W2065733477
https://openalex.org/W2108505199
https://openalex.org/W2127150492
https://openalex.org/W2146969589
https://openalex.org/W1968026783
https://openalex.org/W2017477263
https://openalex.org/W2029020698
https://openalex.org/W2108023684
https://openalex.org/W2115784657
https://openalex.org/W2150379015
https://openalex.org/W2995665396
https://openalex.org/W3071340143
https://openalex.org/W2050657605
https://openalex.org/W2063313294
https://openalex.org/W2075125227
https://openalex.org/W2099127112
https://openalex.org/W2123581489
https://openalex.org/W2152951981
https://openalex.org/W1519993433
https://openalex.org/W1981079086
https://openalex.org/W2021196163
https://openalex.org/W2027231471
https://openalex.org/W2132662156
https://openalex.org/W1992434362
https://openalex.org/W2037119620
https://openalex.org/W2117090355
https://openalex.org/W3102805555
https://openalex.org/W1516528212
https://openalex.org/W2133170921
https://openalex.org/W2146952192
https://openalex.org/W2233901648
https://openalex.org/W1909115912
https://openalex.org/W1968013756
https://openalex.org/W2062216455
https://openalex.org/W2064330929
https://openalex.org/W2134410087
https://openalex.org/W2147015680
https://openalex.org/W2151386319
https://openalex.org/W1500600592
https://openalex.org/W1533007641
https://openalex.org/W1537452440
https://openalex.org/W1596639944
https://openalex.org/W1967493515
https://openalex.org/W2002726940
https://openalex.org/W2049848136
https://openalex.org/W2062887395
https://openalex.org/W2076835654
https://openalex.org/W2025986981
https://openalex.org/W2042166542
https://openalex.org/W2088949649
https://openalex.org/W2133225626
https://openalex.org/W2133677309
https://openalex.org/W2146537431
https://openalex.org/W3099189872
https://openalex.org/W1965322990
https://openalex.org/W1974315095
https://openalex.org/W2087599334
https://openalex.org/W2119013150
https://openalex.org/W1559671199
https://openalex.org/W2098761607
https://openalex.org/W2100369468
https://openalex.org/W2115221527
https://openalex.org/W2122714818
https://openalex.org/W2126944043
https://openalex.org/W2138851908
https://openalex.org/W2166663445
https://openalex.org/W3103664737
https://openalex.org/W4250944084
https://openalex.org/W1969288215
https://openalex.org/W2028372541
https://openalex.org/W2036643534
https://openalex.org/W2114490527
https://openalex.org/W2138483275
https://openalex.org/W2163005238
https://openalex.org/W2168205652
https://openalex.org/W1906848821
https://openalex.org/W1995832422
https://openalex.org/W2018101209
https://openalex.org/W2091470808
https://openalex.org/W2097869532
https://openalex.org/W2098455918
https://openalex.org/W2155808017
https://openalex.org/W3120466377
https://openalex.org/W1973873377
https://openalex.org/W1979452460
https://openalex.org/W1982044334
https://openalex.org/W2008202638
https://openalex.org/W2028928739
https://openalex.org/W2131078746
https://openalex.org/W2135773117
https://openalex.org/W2139625901
https://openalex.org/W2272000518
https://openalex.org/W2911292434
https://openalex.org/W1984772767
https://openalex.org/W1998017339
https://openalex.org/W2057275427
https://openalex.org/W2083011960
https://openalex.org/W2083947405
https://openalex.org/W2105310051
https://openalex.org/W2730080362
https://openalex.org/W2810772305
https://openalex.org/W1994126134
https://openalex.org/W2055515033
https://openalex.org/W2075212277
https://openalex.org/W2155656008
https://openalex.org/W2425372053
https://openalex.org/W2752473528
https://openalex.org/W2000383881
https://openalex.org/W2027072793
https://openalex.org/W2068906754
https://openalex.org/W2119452287
https://openalex.org/W2157534860
https://openalex.org/W2544944039
https://openalex.org/W1756176550
https://openalex.org/W1964062366
https://openalex.org/W1989103499
https://openalex.org/W1989160861
https://openalex.org/W2000849336
https://openalex.org/W2044420736
https://openalex.org/W2070307358
https://openalex.org/W2088312101
https://openalex.org/W2134185611
https://openalex.org/W2170385113
https://openalex.org/W2626536887
https://openalex.org/W2767464609
https://openalex.org/W4200571602
https://openalex.org/W1966783581
https://openalex.org/W2047079094
https://openalex.org/W2072238256
https://openalex.org/W2095424703
https://openalex.org/W2108751101
https://openalex.org/W2151430711
https://openalex.org/W2156983919
https://openalex.org/W2161225298
https://openalex.org/W2013908731
https://openalex.org/W2062174769
https://openalex.org/W2151862112
https://openalex.org/W2167608586
https://openalex.org/W2895991294
https://openalex.org/W1972058341
https://openalex.org/W2011158387
https://openalex.org/W2017814274
https://openalex.org/W2019225398
https://openalex.org/W2044328107
https://openalex.org/W2055897035
https://openalex.org/W2074559017
https://openalex.org/W2082501401
https://openalex.org/W2095716115
https://openalex.org/W2122662377
https://openalex.org/W2171521025
https://openalex.org/W1955703337
https://openalex.org/W2015937582
https://openalex.org/W2047574411
https://openalex.org/W2052467411
https://openalex.org/W2056369008
https://openalex.org/W2132309021
https://openalex.org/W2155181856
https://openalex.org/W2231657635
https://openalex.org/W4231406756
https://openalex.org/W2021428006
https://openalex.org/W2035399723
https://openalex.org/W2037477032
https://openalex.org/W2041918927
https://openalex.org/W2062772097
https://openalex.org/W2078187223
https://openalex.org/W2125312046
https://openalex.org/W2284859003
https://openalex.org/W2737390635
https://openalex.org/W2770134339
https://openalex.org/W2789652838
https://openalex.org/W4249880655
https://openalex.org/W1480773420
https://openalex.org/W1514703007
https://openalex.org/W1570428180
https://openalex.org/W1969882554
https://openalex.org/W1971451977
https://openalex.org/W1994288767
https://openalex.org/W2001232167
https://openalex.org/W2011353204
https://openalex.org/W2039408471
https://openalex.org/W2048964173
https://openalex.org/W2437827734
https://openalex.org/W4205740972
https://openalex.org/W1961646213
https://openalex.org/W1981464009
https://openalex.org/W2020840279
https://openalex.org/W2054179633
https://openalex.org/W2067075412
https://openalex.org/W2138104183
https://openalex.org/W2983800014
https://openalex.org/W1938890915
https://openalex.org/W2047538436
https://openalex.org/W2062461955
https://openalex.org/W2079765994
https://openalex.org/W2081434237
https://openalex.org/W2290008573
https://openalex.org/W3091017234
https://openalex.org/W1987100352
https://openalex.org/W2002227034
https://openalex.org/W2082000620
https://openalex.org/W2093616715
https://openalex.org/W2512364223
https://openalex.org/W2537186165
https://openalex.org/W2566586514
https://openalex.org/W2796650156
https://openalex.org/W2808045592
https://openalex.org/W3125337845
https://openalex.org/W2071593496
https://openalex.org/W2088821630
https://openalex.org/W2093175433
https://openalex.org/W2747348737
https://openalex.org/W2917003203
https://openalex.org/W2103211200
https://openalex.org/W2117235867
https://openalex.org/W2144533474
https://openalex.org/W2323609614
https://openalex.org/W2783453232
https://openalex.org/W2982630887
https://openalex.org/W4292671780
https://openalex.org/W1969269540
https://openalex.org/W2010635282
https://openalex.org/W2022850188
https://openalex.org/W2027976948
https://openalex.org/W2055879591
https://openalex.org/W2066731933
https://openalex.org/W2076574971
https://openalex.org/W2091390437
https://openalex.org/W2119048297
https://openalex.org/W2334395527
https://openalex.org/W2593685093
https://openalex.org/W2944376344
https://openalex.org/W3014369329
https://openalex.org/W3091076281
https://openalex.org/W4226183288
https://openalex.org/W1978757864
https://openalex.org/W1986495460
https://openalex.org/W2000973677
https://openalex.org/W2009196024
https://openalex.org/W2014630295
https://openalex.org/W2028490030
https://openalex.org/W2154220647
https://openalex.org/W2169466465
https://openalex.org/W2180544024
https://openalex.org/W2416117013
https://openalex.org/W2513836549
https://openalex.org/W2576965438
https://openalex.org/W1585707496
https://openalex.org/W2027851510
https://openalex.org/W2042378842
https://openalex.org/W2095599824
https://openalex.org/W2158653574
https://openalex.org/W2405950370
https://openalex.org/W2972867305
https://openalex.org/W1998558137
https://openalex.org/W2069591455
https://openalex.org/W2086226210
https://openalex.org/W2089575387
https://openalex.org/W2091993777
https://openalex.org/W2141696332
https://openalex.org/W2142714734
https://openalex.org/W2152874971
https://openalex.org/W2157306201
https://openalex.org/W1611640819
https://openalex.org/W1638453242
https://openalex.org/W1752880314
https://openalex.org/W1966434897
https://openalex.org/W1978854347
https://openalex.org/W2105455224
https://openalex.org/W2157382661
https://openalex.org/W2513547418
https://openalex.org/W1958280850
https://openalex.org/W1967435236
https://openalex.org/W2022652416
https://openalex.org/W2024423715
https://openalex.org/W2095873931
https://openalex.org/W2125560549
https://openalex.org/W2164151634
https://openalex.org/W1554040626
https://openalex.org/W1987951943
https://openalex.org/W2025854486
https://openalex.org/W2039305263
https://openalex.org/W2052639317
https://openalex.org/W2084792986
https://openalex.org/W2111956108
https://openalex.org/W2137257232
https://openalex.org/W2295745415
https://openalex.org/W2346880338
https://openalex.org/W2590313625
https://openalex.org/W2890669055
https://openalex.org/W3023777614
https://openalex.org/W3100742836
https://openalex.org/W3128456160
https://openalex.org/W1975470952
https://openalex.org/W1978738556
https://openalex.org/W1987711483
https://openalex.org/W2063631657
https://openalex.org/W2070181212
https://openalex.org/W2071972966
https://openalex.org/W2166355493
https://openalex.org/W2168825322
https://openalex.org/W2179707727
https://openalex.org/W2404737222
https://openalex.org/W2786521634
https://openalex.org/W3043393587
https://openalex.org/W1495353088
https://openalex.org/W1715981931
https://openalex.org/W1980980781
https://openalex.org/W2049873182
https://openalex.org/W2062069937
https://openalex.org/W2107930829
https://openalex.org/W2122597515
https://openalex.org/W2133731135
https://openalex.org/W2150952561
https://openalex.org/W2156464600
https://openalex.org/W2156744613
https://openalex.org/W2404531077
https://openalex.org/W2791676212
https://openalex.org/W3104008351
https://openalex.org/W1576010668
https://openalex.org/W1929098349
https://openalex.org/W1996921414
https://openalex.org/W2002556767
https://openalex.org/W2022696064
https://openalex.org/W2024729521
https://openalex.org/W2052391289
https://openalex.org/W2108781667
https://openalex.org/W2149213278
https://openalex.org/W2582505177
https://openalex.org/W3105640270
https://openalex.org/W1961689119
https://openalex.org/W2061332707
https://openalex.org/W2095257093
https://openalex.org/W2103832852
https://openalex.org/W2169823687
https://openalex.org/W2792106974
https://openalex.org/W3009706545
https://openalex.org/W3098257731
https://openalex.org/W4250376227
https://openalex.org/W1986536728
https://openalex.org/W2005400110
https://openalex.org/W2039857658
https://openalex.org/W2069748150
https://openalex.org/W2112722862
https://openalex.org/W2117572180
https://openalex.org/W2147585745
https://openalex.org/W2974574046
https://openalex.org/W3038215479
https://openalex.org/W1964525191
https://openalex.org/W1980312294
https://openalex.org/W1991728251
https://openalex.org/W2076499894
https://openalex.org/W2131028614
https://openalex.org/W2140129347
https://openalex.org/W2146111380
https://openalex.org/W2171944642
https://openalex.org/W2624533223
https://openalex.org/W2792356942
https://openalex.org/W3002209846
https://openalex.org/W1604486239
https://openalex.org/W1971351397
https://openalex.org/W1998623238
https://openalex.org/W2010342547
https://openalex.org/W2029008895
https://openalex.org/W2034052267
https://openalex.org/W2055015929
https://openalex.org/W2057508137
https://openalex.org/W2064114108
https://openalex.org/W2081252938
https://openalex.org/W2100321916
https://openalex.org/W2117017183
https://openalex.org/W2766465005
https://openalex.org/W2896940162
https://openalex.org/W1493970090
https://openalex.org/W1503015332
https://openalex.org/W1931642121
https://openalex.org/W1978828898
https://openalex.org/W1978957122
https://openalex.org/W2013128081
https://openalex.org/W2037286236
https://openalex.org/W2041007044
https://openalex.org/W2041399161
https://openalex.org/W2079035862
https://openalex.org/W2092008655
https://openalex.org/W2102966074
https://openalex.org/W2120958488
https://openalex.org/W2134418706
https://openalex.org/W2150632176
https://openalex.org/W2580637276
https://openalex.org/W2805602747
https://openalex.org/W3104357960
https://openalex.org/W1592127020
https://openalex.org/W1986973205
https://openalex.org/W1990499484
https://openalex.org/W1997830784
https://openalex.org/W2043784411
https://openalex.org/W2054215717
https://openalex.org/W2055977064
https://openalex.org/W2060418661
https://openalex.org/W2060803891
https://openalex.org/W2067725123
https://openalex.org/W2072910979
https://openalex.org/W2088333647
https://openalex.org/W2097547889
https://openalex.org/W2098758482
https://openalex.org/W2102576330
https://openalex.org/W2124622153
https://openalex.org/W2125663932
https://openalex.org/W2132478920
https://openalex.org/W2140470361
https://openalex.org/W3030777618
https://openalex.org/W1503380210
https://openalex.org/W1929670267
https://openalex.org/W1971077159
https://openalex.org/W1971626632
https://openalex.org/W1981108080
https://openalex.org/W1984190331
https://openalex.org/W2008116423
https://openalex.org/W2009015128
https://openalex.org/W2037334869
https://openalex.org/W2078209340
https://openalex.org/W2080400742
https://openalex.org/W2089590188
https://openalex.org/W2107453358
https://openalex.org/W2113898365
https://openalex.org/W2323738088
https://openalex.org/W2625259639
https://openalex.org/W2804840597
https://openalex.org/W3181788155
https://openalex.org/W3211471395
https://openalex.org/W4226061033
https://openalex.org/W1487367160
https://openalex.org/W150871787
https://openalex.org/W1583342078
https://openalex.org/W1964219486
https://openalex.org/W1969344942
https://openalex.org/W2034716199
https://openalex.org/W2058683210
https://openalex.org/W2070010854
https://openalex.org/W2084833588
https://openalex.org/W2089645691
https://openalex.org/W2112288125
https://openalex.org/W2138727425
https://openalex.org/W2148302847
https://openalex.org/W2152415592
https://openalex.org/W2161935485
https://openalex.org/W2303242534
https://openalex.org/W2725814441
https://openalex.org/W2975493583
https://openalex.org/W3007480455
https://openalex.org/W3113356906
https://openalex.org/W1488754041
https://openalex.org/W1549860184
https://openalex.org/W1969998689
https://openalex.org/W1971933579
https://openalex.org/W1985533973
https://openalex.org/W1993588293
https://openalex.org/W1996165462
https://openalex.org/W2007948724
https://openalex.org/W2036388908
https://openalex.org/W2073651377
https://openalex.org/W2084750726
https://openalex.org/W2119497307
https://openalex.org/W2172190335
https://openalex.org/W2418986012
https://openalex.org/W2564071287
https://openalex.org/W2603218126
https://openalex.org/W2725724131
https://openalex.org/W2945002553
https://openalex.org/W3044059964
https://openalex.org/W4220845609
https://openalex.org/W1542183560
https://openalex.org/W1987363612
https://openalex.org/W1988705646
https://openalex.org/W2017605160
https://openalex.org/W2021202119
https://openalex.org/W2035963542
https://openalex.org/W2037863214
https://openalex.org/W2040673982
https://openalex.org/W2042801782
https://openalex.org/W2046891861
https://openalex.org/W2048050345
https://openalex.org/W2052218598
https://openalex.org/W2070900717
https://openalex.org/W2071948255
https://openalex.org/W2075352883
https://openalex.org/W2110024744
https://openalex.org/W2147558297
https://openalex.org/W2160911779
https://openalex.org/W2304069640
https://openalex.org/W2515822527
https://openalex.org/W2597869393
https://openalex.org/W2615852472
https://openalex.org/W2809941059
https://openalex.org/W3011774296
https://openalex.org/W1963747091
https://openalex.org/W1968168761
https://openalex.org/W1973771188
https://openalex.org/W1980848079
https://openalex.org/W1984646060
https://openalex.org/W1986623863
https://openalex.org/W1988002070
https://openalex.org/W2024330084
https://openalex.org/W2061431926
https://openalex.org/W2079128322
https://openalex.org/W2117405110
https://openalex.org/W2125594544
https://openalex.org/W2160918633
https://openalex.org/W2187302260
https://openalex.org/W2330419906
https://openalex.org/W2884482057
https://openalex.org/W2909004720
https://openalex.org/W2980916803
https://openalex.org/W1632335268
https://openalex.org/W1633146272
https://openalex.org/W1975600486
https://openalex.org/W1977402770
https://openalex.org/W1977838804
https://openalex.org/W1978379992
https://openalex.org/W1987461385
https://openalex.org/W2001207460
https://openalex.org/W2007489591
https://openalex.org/W2013227026
https://openalex.org/W2019200461
https://openalex.org/W2019424072
https://openalex.org/W2034502130
https://openalex.org/W2042607874
https://openalex.org/W2056180222
https://openalex.org/W2093223535
https://openalex.org/W2118583506
https://openalex.org/W2129061204
https://openalex.org/W2136098326
https://openalex.org/W2140648098
https://openalex.org/W2142862980
https://openalex.org/W2158585467
https://openalex.org/W2169472622
https://openalex.org/W2272937153
https://openalex.org/W2794354979
https://openalex.org/W2936452832
https://openalex.org/W2953129364
https://openalex.org/W2989656878
https://openalex.org/W4280558216
https://openalex.org/W1498617063
https://openalex.org/W1512986957
https://openalex.org/W1784900417
https://openalex.org/W179255244
https://openalex.org/W1929620844
https://openalex.org/W1981457682
https://openalex.org/W1989047142
https://openalex.org/W2035417313
https://openalex.org/W2055752262
https://openalex.org/W2073974797
https://openalex.org/W2074059463
https://openalex.org/W2094861471
https://openalex.org/W2097006178
https://openalex.org/W2102140330
https://openalex.org/W2112793742
https://openalex.org/W2121670421
https://openalex.org/W2125163586
https://openalex.org/W2141181824
https://openalex.org/W2300132537
https://openalex.org/W3083447616
https://openalex.org/W1760723315
https://openalex.org/W1863302125
https://openalex.org/W1968882883
https://openalex.org/W1975594270
https://openalex.org/W1996218814
https://openalex.org/W2002818240
https://openalex.org/W2005476719
https://openalex.org/W2020070980
https://openalex.org/W2027600497
https://openalex.org/W2038880748
https://openalex.org/W2040830599
https://openalex.org/W2077579999
https://openalex.org/W2095818818
https://openalex.org/W2097576509
https://openalex.org/W2098205221
https://openalex.org/W2140549871
https://openalex.org/W2238278349
https://openalex.org/W2606758277
https://openalex.org/W2739813802
https://openalex.org/W2751497219
https://openalex.org/W2782048313
https://openalex.org/W2803084690
https://openalex.org/W3007673925
https://openalex.org/W3083189918
https://openalex.org/W1806149096
https://openalex.org/W1964970715
https://openalex.org/W1995453332
https://openalex.org/W2010594632
https://openalex.org/W2013075784
https://openalex.org/W2017923383
https://openalex.org/W2038422488
https://openalex.org/W2059113563
https://openalex.org/W2075570655
https://openalex.org/W2095137494
https://openalex.org/W2108922151
https://openalex.org/W2117872799
https://openalex.org/W2135281871
https://openalex.org/W2154031769
https://openalex.org/W2168651392
https://openalex.org/W2179569018
https://openalex.org/W2329114578
https://openalex.org/W2418619868
https://openalex.org/W2513010745
https://openalex.org/W2592069288
https://openalex.org/W2781922735
https://openalex.org/W2922208190
https://openalex.org/W3086050818
https://openalex.org/W3137802079
https://openalex.org/W3146674346
https://openalex.org/W1551581799
https://openalex.org/W1981375261
https://openalex.org/W1983520097
https://openalex.org/W1984745483
https://openalex.org/W1992086584
https://openalex.org/W2050003957
https://openalex.org/W2056098065
https://openalex.org/W2077035886
https://openalex.org/W2079630207
https://openalex.org/W2086502915
https://openalex.org/W2094353131
https://openalex.org/W2123660592
https://openalex.org/W2133230682
https://openalex.org/W2164472659
https://openalex.org/W2168687971
https://openalex.org/W2883359544
https://openalex.org/W4299506417
https://openalex.org/W137682548
https://openalex.org/W1511636861
https://openalex.org/W1975481795
https://openalex.org/W1986453870
https://openalex.org/W2006086206
https://openalex.org/W2009570237
https://openalex.org/W2015513226
https://openalex.org/W2024885339
https://openalex.org/W2037843977
https://openalex.org/W2038828550
https://openalex.org/W2040202280
https://openalex.org/W2054479004
https://openalex.org/W2076490837
https://openalex.org/W2144026573
https://openalex.org/W2334666313
https://openalex.org/W2409204019
https://openalex.org/W2559272732
https://openalex.org/W2770200004
https://openalex.org/W2774750870
https://openalex.org/W2807925566
https://openalex.org/W2896254079
https://openalex.org/W3044996947
https://openalex.org/W3107091302
https://openalex.org/W1548204630
https://openalex.org/W19244877
https://openalex.org/W1968598278
https://openalex.org/W1984785516
https://openalex.org/W1984849074
https://openalex.org/W1990427059
https://openalex.org/W1999212504
https://openalex.org/W2010076684
https://openalex.org/W2016738146
https://openalex.org/W2018950721
https://openalex.org/W2019674303
https://openalex.org/W2044221744
https://openalex.org/W2054930867
https://openalex.org/W2057817391
https://openalex.org/W2078728660
https://openalex.org/W2091815612
https://openalex.org/W2112535691
https://openalex.org/W2117390131
https://openalex.org/W2141344482
https://openalex.org/W2164377009
https://openalex.org/W2267863453
https://openalex.org/W2326266029
https://openalex.org/W2804283715
https://openalex.org/W2804447763
https://openalex.org/W3102490652
https://openalex.org/W130537168
https://openalex.org/W1541938398
https://openalex.org/W1795046808
https://openalex.org/W1811421440
https://openalex.org/W1968982341
https://openalex.org/W1976080466
https://openalex.org/W2017218915
https://openalex.org/W2056365020
https://openalex.org/W2068641283
https://openalex.org/W2070432566
https://openalex.org/W2072520777
https://openalex.org/W2089668607
https://openalex.org/W2097468798
https://openalex.org/W2128790744
https://openalex.org/W2142316851
https://openalex.org/W2157325520
https://openalex.org/W2170933938
https://openalex.org/W2260383106
https://openalex.org/W2410319157
https://openalex.org/W2414611621
https://openalex.org/W2574840074
https://openalex.org/W2600376481
https://openalex.org/W2604288732
https://openalex.org/W2911564386
https://openalex.org/W3017897403
https://openalex.org/W1519993168
https://openalex.org/W1616865606
https://openalex.org/W1992802203
https://openalex.org/W1998825871
https://openalex.org/W2014262959
https://openalex.org/W2020126643
https://openalex.org/W2022986204
https://openalex.org/W2025588393
https://openalex.org/W2026566085
https://openalex.org/W2046088950
https://openalex.org/W2052812233
https://openalex.org/W2056335234
https://openalex.org/W2063441428
https://openalex.org/W2083046237
https://openalex.org/W2086714446
https://openalex.org/W2120320233
https://openalex.org/W2171185672
https://openalex.org/W2315103522
https://openalex.org/W2472506299
https://openalex.org/W2546794801
https://openalex.org/W2755060100
https://openalex.org/W2775718107
https://openalex.org/W2780513371
https://openalex.org/W3158396453
https://openalex.org/W116956073
https://openalex.org/W1501883815
https://openalex.org/W1975779810
https://openalex.org/W2001699287
https://openalex.org/W2015242919
https://openalex.org/W2017318545
https://openalex.org/W2038705255
https://openalex.org/W2039087197
https://openalex.org/W2043885058
https://openalex.org/W2047757236
https://openalex.org/W2060579749
https://openalex.org/W2061982304
https://openalex.org/W2064003371
https://openalex.org/W2068376334
https://openalex.org/W2070387839
https://openalex.org/W2070699534
https://openalex.org/W2076027999
https://openalex.org/W2082273531
https://openalex.org/W2084086095
https://openalex.org/W2092804122
https://openalex.org/W2098131758
https://openalex.org/W2106208497
https://openalex.org/W2147190645
https://openalex.org/W2155155903
https://openalex.org/W2156333139
https://openalex.org/W2157769809
https://openalex.org/W2170822304
https://openalex.org/W2582748976
https://openalex.org/W2805690282
https://openalex.org/W2904614975
https://openalex.org/W3104082029
https://openalex.org/W4205632037
https://openalex.org/W1108624835
https://openalex.org/W1507449606
https://openalex.org/W1935456730
https://openalex.org/W1988784196
https://openalex.org/W1989193811
https://openalex.org/W1993028583
https://openalex.org/W1993587025
https://openalex.org/W2004614352
https://openalex.org/W2005046417
https://openalex.org/W2008941184
https://openalex.org/W2023592176
https://openalex.org/W2042012078
https://openalex.org/W2042196434
https://openalex.org/W2045792033
https://openalex.org/W2050106520
https://openalex.org/W2052163841
https://openalex.org/W2065249219
https://openalex.org/W2070050882
https://openalex.org/W2076753859
https://openalex.org/W2085533582
https://openalex.org/W2093316642
https://openalex.org/W2110144091
https://openalex.org/W2115546888
https://openalex.org/W2137002973
https://openalex.org/W2212811793
https://openalex.org/W2330697475
https://openalex.org/W2332439301
https://openalex.org/W2419414287
https://openalex.org/W2421767414
https://openalex.org/W2565223958
https://openalex.org/W2756349779
https://openalex.org/W2805520957
https://openalex.org/W2991069154
https://openalex.org/W3022794757
https://openalex.org/W3043972736
https://openalex.org/W3088913508
https://openalex.org/W3090363408
https://openalex.org/W3101041147
https://openalex.org/W4213293403
https://openalex.org/W1969122285
https://openalex.org/W1992687944
https://openalex.org/W1996266144
https://openalex.org/W1998953049
https://openalex.org/W1999413669
https://openalex.org/W2025861531
https://openalex.org/W2036767637
https://openalex.org/W2039843025
https://openalex.org/W2056212545
https://openalex.org/W2073796511
https://openalex.org/W2085772627
https://openalex.org/W2104273525
https://openalex.org/W2111895426
https://openalex.org/W2148810336
https://openalex.org/W2312246671
https://openalex.org/W2567309032
https://openalex.org/W2926981293
https://openalex.org/W2942341414
https://openalex.org/W3108972885
https://openalex.org/W3115215162
https://openalex.org/W3124244660
https://openalex.org/W3134325890
https://openalex.org/W1973105488
https://openalex.org/W1974215115
https://openalex.org/W1981922399
https://openalex.org/W1984513787
https://openalex.org/W1986289109
https://openalex.org/W2003335636
https://openalex.org/W2024926845
https://openalex.org/W2033877785
https://openalex.org/W2042806958
https://openalex.org/W2045158594
https://openalex.org/W2056082715
https://openalex.org/W2057471372
https://openalex.org/W2072271073
https://openalex.org/W2078747195
https://openalex.org/W2092610351
https://openalex.org/W2137890268
https://openalex.org/W2144887101
https://openalex.org/W2161749131
https://openalex.org/W2168016794
https://openalex.org/W2564927566
https://openalex.org/W2879779474
https://openalex.org/W2885815722
https://openalex.org/W2939732873
https://openalex.org/W3119816807
https://openalex.org/W3158597611
https://openalex.org/W1567748463
https://openalex.org/W1585049873
https://openalex.org/W1722511898
https://openalex.org/W1972058513
https://openalex.org/W1973233395
https://openalex.org/W1980009493
https://openalex.org/W1983972413
https://openalex.org/W1987413018
https://openalex.org/W1989690896
https://openalex.org/W2003995400
https://openalex.org/W2007864277
https://openalex.org/W2037135332
https://openalex.org/W2054163945
https://openalex.org/W2056835617
https://openalex.org/W2060490247
https://openalex.org/W2068122845
https://openalex.org/W2074141093
https://openalex.org/W2075170510
https://openalex.org/W2078181644
https://openalex.org/W2079043903
https://openalex.org/W2089154017
https://openalex.org/W2128492177
https://openalex.org/W2155762470
https://openalex.org/W2169727323
https://openalex.org/W2319966138
https://openalex.org/W2332380254
https://openalex.org/W2409769001
https://openalex.org/W2418164474
https://openalex.org/W2549793933
https://openalex.org/W2587309647
https://openalex.org/W2594884493
https://openalex.org/W2605849425
https://openalex.org/W2605910748
https://openalex.org/W2800397219
https://openalex.org/W2903111396
https://openalex.org/W2964003344
https://openalex.org/W3006844234
https://openalex.org/W3069272213
https://openalex.org/W1581777415
https://openalex.org/W1781662602
https://openalex.org/W1883670959
https://openalex.org/W1965711115
https://openalex.org/W1977801566
https://openalex.org/W1979486878
https://openalex.org/W1986850424
https://openalex.org/W1987347033
https://openalex.org/W1987947113
https://openalex.org/W1993613953
https://openalex.org/W1997108776
https://openalex.org/W1997257914
https://openalex.org/W2003193738
https://openalex.org/W2010842816
https://openalex.org/W2020383667
https://openalex.org/W2025216875
https://openalex.org/W2026820913
https://openalex.org/W2035939605
https://openalex.org/W2037633507
https://openalex.org/W2042105901
https://openalex.org/W2051207135
https://openalex.org/W2059677449
https://openalex.org/W2072915210
https://openalex.org/W2102737482
https://openalex.org/W2131489806
https://openalex.org/W2136198848
https://openalex.org/W2147513048
https://openalex.org/W2158660073
https://openalex.org/W2161921147
https://openalex.org/W2166319310
https://openalex.org/W2284046924
https://openalex.org/W2335581143
https://openalex.org/W2534748875
https://openalex.org/W2560229522
https://openalex.org/W2589670972
https://openalex.org/W2589886123
https://openalex.org/W2591608980
https://openalex.org/W2738078156
https://openalex.org/W2790559294
https://openalex.org/W2791404893
https://openalex.org/W2904644432
https://openalex.org/W2943113867
https://openalex.org/W3038359909
https://openalex.org/W3183266614
https://openalex.org/W14143
https://openalex.org/W1898450704
https://openalex.org/W1963741702
https://openalex.org/W1969494625
https://openalex.org/W1976566490
https://openalex.org/W1978526047
https://openalex.org/W1979068825
https://openalex.org/W1979381424
https://openalex.org/W1984043536
https://openalex.org/W1985394306
https://openalex.org/W1991594419
https://openalex.org/W2010115265
https://openalex.org/W2011794770
https://openalex.org/W2020356355
https://openalex.org/W2028987542
https://openalex.org/W2061294615
https://openalex.org/W2063637339
https://openalex.org/W2068579268
https://openalex.org/W2068685224
https://openalex.org/W2069533406
https://openalex.org/W2074998422
https://openalex.org/W2081545593
https://openalex.org/W2083124791
https://openalex.org/W2085630676
https://openalex.org/W2086986312
https://openalex.org/W2104405022
https://openalex.org/W2125377878
https://openalex.org/W2129735760
https://openalex.org/W2154345925
https://openalex.org/W2309133376
https://openalex.org/W2312407490
https://openalex.org/W2320131953
https://openalex.org/W2410439218
https://openalex.org/W2801319896
https://openalex.org/W2808470406
https://openalex.org/W2943084148
https://openalex.org/W2977522386
https://openalex.org/W3107890017
https://openalex.org/W3125289623
https://openalex.org/W3189862955
https://openalex.org/W1857296891
https://openalex.org/W1965148620
https://openalex.org/W1975518430
https://openalex.org/W1975649612
https://openalex.org/W1976534023
https://openalex.org/W1984076368
https://openalex.org/W1988702648
https://openalex.org/W1995280056
https://openalex.org/W2001169151
https://openalex.org/W2004549182
https://openalex.org/W2006943717
https://openalex.org/W2029038613
https://openalex.org/W2029870992
https://openalex.org/W2050596361
https://openalex.org/W2098939545
https://openalex.org/W2103699606
https://openalex.org/W2109298003
https://openalex.org/W2111302454
https://openalex.org/W2115942087
https://openalex.org/W2149972440
https://openalex.org/W2171436483
https://openalex.org/W2258434529
https://openalex.org/W2335822969
https://openalex.org/W2524315500
https://openalex.org/W2734575741
https://openalex.org/W2790718590
https://openalex.org/W279500359
https://openalex.org/W2947772986
https://openalex.org/W2947840063
https://openalex.org/W2993423978
https://openalex.org/W3096548793
https://openalex.org/W3111899370
https://openalex.org/W3158823549
https://openalex.org/W3179396287
https://openalex.org/W4226506636
https://openalex.org/W124521468
https://openalex.org/W1583785296
https://openalex.org/W1608118754
https://openalex.org/W1918454776
https://openalex.org/W1967329210
https://openalex.org/W1978588026
https://openalex.org/W1979051802
https://openalex.org/W1979290301
https://openalex.org/W1981103325
https://openalex.org/W1991616342
https://openalex.org/W1991821649
https://openalex.org/W1994068661
https://openalex.org/W1999298554
https://openalex.org/W2006880581
https://openalex.org/W2008619057
https://openalex.org/W2012218587
https://openalex.org/W2013242479
https://openalex.org/W2014403305
https://openalex.org/W2019991364
https://openalex.org/W2031749215
https://openalex.org/W2037490801
https://openalex.org/W2037869285
https://openalex.org/W2041133683
https://openalex.org/W2050217487
https://openalex.org/W2061670376
https://openalex.org/W2063055977
https://openalex.org/W2070329648
https://openalex.org/W2077186412
https://openalex.org/W2080181833
https://openalex.org/W2081560739
https://openalex.org/W2083488509
https://openalex.org/W2084301298
https://openalex.org/W2084597649
https://openalex.org/W2086639805
https://openalex.org/W2112774080
https://openalex.org/W2119935784
https://openalex.org/W2125853595
https://openalex.org/W2130597689
https://openalex.org/W2271638103
https://openalex.org/W2317259537
https://openalex.org/W2484380362
https://openalex.org/W2495067872
https://openalex.org/W2516577703
https://openalex.org/W2522635360
https://openalex.org/W2580808407
https://openalex.org/W2604998089
https://openalex.org/W2740665395
https://openalex.org/W2788920070
https://openalex.org/W2904641193
https://openalex.org/W2974798785
https://openalex.org/W2974862574
https://openalex.org/W2975986659
https://openalex.org/W2982780144
https://openalex.org/W2990486908
https://openalex.org/W3031534691
https://openalex.org/W3034364156
https://openalex.org/W3045450469
https://openalex.org/W3110911168
https://openalex.org/W3203758520
https://openalex.org/W1584031550
https://openalex.org/W1836207266
https://openalex.org/W1980679527
https://openalex.org/W1987740832
https://openalex.org/W1989850251
https://openalex.org/W1992064509
https://openalex.org/W1996607196
https://openalex.org/W1999281805
https://openalex.org/W1999366771
https://openalex.org/W2006291226
https://openalex.org/W2011654515
https://openalex.org/W2011791141
https://openalex.org/W2023482583
https://openalex.org/W2036811122
https://openalex.org/W2055553798
https://openalex.org/W2067746706
https://openalex.org/W2072626966
https://openalex.org/W2073695094
https://openalex.org/W2105280587
https://openalex.org/W2113302690
https://openalex.org/W2118135861
https://openalex.org/W2150567611
https://openalex.org/W2153125357
https://openalex.org/W2229382718
https://openalex.org/W2424654094
https://openalex.org/W2470430286
https://openalex.org/W2511415478
https://openalex.org/W2626735072
https://openalex.org/W2747473685
https://openalex.org/W2781324280
https://openalex.org/W2792272358
https://openalex.org/W2946260711
https://openalex.org/W3009221433
https://openalex.org/W3015895136
https://openalex.org/W3034051922
https://openalex.org/W3082222549
https://openalex.org/W423076282
https://openalex.org/W4241636057
https://openalex.org/W630322457
https://openalex.org/W813132809
https://openalex.org/W1620428978
https://openalex.org/W1971650533
https://openalex.org/W1971894156
https://openalex.org/W1974315457
https://openalex.org/W1999228868
https://openalex.org/W2000088188
https://openalex.org/W2016910849
https://openalex.org/W2019225888
https://openalex.org/W2028318040
https://openalex.org/W2032843027
https://openalex.org/W2055371452
https://openalex.org/W2056755930
https://openalex.org/W2065305647
https://openalex.org/W2068314821
https://openalex.org/W2069433239
https://openalex.org/W2072394210
https://openalex.org/W2073366054
https://openalex.org/W2077181153
https://openalex.org/W2080239160
https://openalex.org/W2091257456
https://openalex.org/W2095323298
https://openalex.org/W2095935252
https://openalex.org/W2098994142
https://openalex.org/W2107050311
https://openalex.org/W2107949360
https://openalex.org/W2108692800
https://openalex.org/W2121807234
https://openalex.org/W2124703923
https://openalex.org/W2135955724
https://openalex.org/W2153948085
https://openalex.org/W2171911360
https://openalex.org/W2188897725
https://openalex.org/W2337081974
https://openalex.org/W2399706939
https://openalex.org/W2736958994
https://openalex.org/W2741128653
https://openalex.org/W2756473890
https://openalex.org/W2785587412
https://openalex.org/W2895459563
https://openalex.org/W2946880377
https://openalex.org/W3031051879
https://openalex.org/W3099847937
https://openalex.org/W4237322338
https://openalex.org/W1564601974
https://openalex.org/W1595607110
https://openalex.org/W1974884309
https://openalex.org/W1974889166
https://openalex.org/W1980156858
https://openalex.org/W1995042223
https://openalex.org/W2002089493
https://openalex.org/W2007651149
https://openalex.org/W2018640795
https://openalex.org/W2036123538
https://openalex.org/W2040597495
https://openalex.org/W2041635832
https://openalex.org/W2053043814
https://openalex.org/W2057734395
https://openalex.org/W2058853769
https://openalex.org/W2063681879
https://openalex.org/W2079639548
https://openalex.org/W2090115108
https://openalex.org/W2100994063
https://openalex.org/W2107939958
https://openalex.org/W2115621316
https://openalex.org/W2126142023
https://openalex.org/W2150466764
https://openalex.org/W2151670971
https://openalex.org/W2151966263
https://openalex.org/W2157575067
https://openalex.org/W2168285814
https://openalex.org/W2260212085
https://openalex.org/W2313880582
https://openalex.org/W2338353056
https://openalex.org/W2400132000
https://openalex.org/W2403280424
https://openalex.org/W2411859194
https://openalex.org/W2611743753
https://openalex.org/W2767578742
https://openalex.org/W2776087721
https://openalex.org/W2909854604
https://openalex.org/W2969067181
https://openalex.org/W3006265234
https://openalex.org/W3101113390
https://openalex.org/W3184968922
https://openalex.org/W1483957240
https://openalex.org/W1575890696
https://openalex.org/W1967199495
https://openalex.org/W1968275810
https://openalex.org/W1973346549
https://openalex.org/W1983253843
https://openalex.org/W1985421203
https://openalex.org/W1996160283
https://openalex.org/W2010309783
https://openalex.org/W2014505252
https://openalex.org/W2020281644
https://openalex.org/W2020614670
https://openalex.org/W2025042181
https://openalex.org/W2036282988
https://openalex.org/W2037589937
https://openalex.org/W2047653075
https://openalex.org/W2047915454
https://openalex.org/W2072775705
https://openalex.org/W2081951707
https://openalex.org/W2084774635
https://openalex.org/W2092443955
https://openalex.org/W2095342105
https://openalex.org/W2104082382
https://openalex.org/W2128863566
https://openalex.org/W2129086586
https://openalex.org/W2148949360
https://openalex.org/W2162327368
https://openalex.org/W2167142596
https://openalex.org/W2231658181
https://openalex.org/W2287571754
https://openalex.org/W2489108376
https://openalex.org/W2552990906
https://openalex.org/W2553218682
https://openalex.org/W2580856903
https://openalex.org/W2615537965
https://openalex.org/W2620770323
https://openalex.org/W2727387827
https://openalex.org/W2769973426
https://openalex.org/W2952450741
https://openalex.org/W4295204307
https://openalex.org/W1499095623
https://openalex.org/W1967500637
https://openalex.org/W1967844500
https://openalex.org/W1969052534
https://openalex.org/W1973695698
https://openalex.org/W1978951669
https://openalex.org/W1995921850
https://openalex.org/W1996233118
https://openalex.org/W2003636871
https://openalex.org/W2007604580
https://openalex.org/W2018838067
https://openalex.org/W2019659993
https://openalex.org/W2020333462
https://openalex.org/W2030842976
https://openalex.org/W2031285535
https://openalex.org/W2035108381
https://openalex.org/W2037191195
https://openalex.org/W2043588576
https://openalex.org/W2052442897
https://openalex.org/W2053616816
https://openalex.org/W2057039702
https://openalex.org/W2058815099
https://openalex.org/W2061228755
https://openalex.org/W2061811270
https://openalex.org/W2064569262
https://openalex.org/W2064771424
https://openalex.org/W2069756179
https://openalex.org/W2075031835
https://openalex.org/W2078879290
https://openalex.org/W2088390171
https://openalex.org/W2088965882
https://openalex.org/W2114334846
https://openalex.org/W2128572614
https://openalex.org/W2140845311
https://openalex.org/W2144242023
https://openalex.org/W2145575207
https://openalex.org/W2172054082
https://openalex.org/W2316469698
https://openalex.org/W2322516248
https://openalex.org/W2331993734
https://openalex.org/W2415250205
https://openalex.org/W2577186395
https://openalex.org/W2581436463
https://openalex.org/W2594186852
https://openalex.org/W2608564133
https://openalex.org/W2765944989
https://openalex.org/W2766426483
https://openalex.org/W2769694624
https://openalex.org/W2806828280
https://openalex.org/W2888807388
https://openalex.org/W2889111078
https://openalex.org/W2926007602
https://openalex.org/W2938357920
https://openalex.org/W3172271694
https://openalex.org/W4230820398
https://openalex.org/W4250012705
https://openalex.org/W106722260
https://openalex.org/W141476233
https://openalex.org/W1588051222
https://openalex.org/W1633532612
https://openalex.org/W183132696
https://openalex.org/W1964510786
https://openalex.org/W1966010275
https://openalex.org/W1969360065
https://openalex.org/W1969448841
https://openalex.org/W1972154575
https://openalex.org/W1985202000
https://openalex.org/W1986821044
https://openalex.org/W1986885740
https://openalex.org/W1988376259
https://openalex.org/W1989708075
https://openalex.org/W2003158195
https://openalex.org/W2006616601
https://openalex.org/W2008256876
https://openalex.org/W2011321006
https://openalex.org/W2021831676
https://openalex.org/W2032240806
https://openalex.org/W2056461201
https://openalex.org/W2060240750
https://openalex.org/W2076749936
https://openalex.org/W2079221932
https://openalex.org/W2098237961
https://openalex.org/W2103005678
https://openalex.org/W2104662830
https://openalex.org/W2137068000
https://openalex.org/W2144652262
https://openalex.org/W2146285369
https://openalex.org/W2147399671
https://openalex.org/W2167834966
https://openalex.org/W2206677403
https://openalex.org/W2256589189
https://openalex.org/W2267246552
https://openalex.org/W2415032283
https://openalex.org/W2568980355
https://openalex.org/W2728184191
https://openalex.org/W2765372409
https://openalex.org/W2808974764
https://openalex.org/W2921150010
https://openalex.org/W2952926332
https://openalex.org/W2966402589
https://openalex.org/W2966559870
https://openalex.org/W2980513452
https://openalex.org/W2981723855
https://openalex.org/W3095318125
https://openalex.org/W3104625323
https://openalex.org/W3136402416
https://openalex.org/W3162894112
https://openalex.org/W3197807047
https://openalex.org/W4206260392
https://openalex.org/W4251976846
https://openalex.org/W46396291
https://openalex.org/W132308913
https://openalex.org/W1541212883
https://openalex.org/W1888802861
https://openalex.org/W1915454275
https://openalex.org/W1968210078
https://openalex.org/W1974847378
https://openalex.org/W1988654522
https://openalex.org/W2005240254
https://openalex.org/W2012803933
https://openalex.org/W2014185192
https://openalex.org/W2027263699
https://openalex.org/W2029117902
https://openalex.org/W2035435507
https://openalex.org/W2038188339
https://openalex.org/W2049688949
https://openalex.org/W2050861725
https://openalex.org/W2058188107
https://openalex.org/W2065264777
https://openalex.org/W2065795151
https://openalex.org/W207045277
https://openalex.org/W2071321256
https://openalex.org/W2071407428
https://openalex.org/W2077630113
https://openalex.org/W2077908299
https://openalex.org/W2080119449
https://openalex.org/W2095379053
https://openalex.org/W2109899156
https://openalex.org/W2125707313
https://openalex.org/W2142046499
https://openalex.org/W2142319029
https://openalex.org/W2145942038
https://openalex.org/W2162301263
https://openalex.org/W2169558844
https://openalex.org/W2186590467
https://openalex.org/W2198597258
https://openalex.org/W2460762678
https://openalex.org/W2574433171
https://openalex.org/W2782515118
https://openalex.org/W2789805367
https://openalex.org/W2888068323
https://openalex.org/W2890353045
https://openalex.org/W2952853082
https://openalex.org/W2969431162
https://openalex.org/W2996139835
https://openalex.org/W3002611913
https://openalex.org/W3021480285
https://openalex.org/W3040418847
https://openalex.org/W3093584090
https://openalex.org/W3097922107
https://openalex.org/W47653686
https://openalex.org/W1660103710
https://openalex.org/W1937320012
https://openalex.org/W1963887368
https://openalex.org/W1974876048
https://openalex.org/W1979176667
https://openalex.org/W1984908142
https://openalex.org/W1988008854
https://openalex.org/W1991136936
https://openalex.org/W2000017507
https://openalex.org/W2000526838
https://openalex.org/W2006303213
https://openalex.org/W2019548956
https://openalex.org/W2023514048
https://openalex.org/W2024769389
https://openalex.org/W2037428981
https://openalex.org/W2051780543
https://openalex.org/W2064293328
https://openalex.org/W2065009215
https://openalex.org/W2066255218
https://openalex.org/W2076742582
https://openalex.org/W2076781346
https://openalex.org/W2079232064
https://openalex.org/W2083168053
https://openalex.org/W2092380473
https://openalex.org/W2093033671
https://openalex.org/W2109440461
https://openalex.org/W2123810049
https://openalex.org/W2132268343
https://openalex.org/W2163245418
https://openalex.org/W2185613397
https://openalex.org/W2314415971
https://openalex.org/W2341103882
https://openalex.org/W2407379222
https://openalex.org/W2408198940
https://openalex.org/W2582574787
https://openalex.org/W2617399822
https://openalex.org/W2621850397
https://openalex.org/W2707342418
https://openalex.org/W2767115758
https://openalex.org/W2926298714
https://openalex.org/W2951422800
https://openalex.org/W2984990106
https://openalex.org/W3104816849
https://openalex.org/W3207274439
https://openalex.org/W4214855834
https://openalex.org/W566620740
https://openalex.org/W1965362347
https://openalex.org/W1975618418
https://openalex.org/W1986438402
https://openalex.org/W1993109347
https://openalex.org/W1999680163
https://openalex.org/W2002306368
https://openalex.org/W2002497051
https://openalex.org/W2006080772
https://openalex.org/W2009461157
https://openalex.org/W2022226618
https://openalex.org/W2027377224
https://openalex.org/W2035162760
https://openalex.org/W2042693841
https://openalex.org/W2042847156
https://openalex.org/W2043461574
https://openalex.org/W2044281531
https://openalex.org/W2046899485
https://openalex.org/W2047328193
https://openalex.org/W2048511827
https://openalex.org/W2054017065
https://openalex.org/W2054924199
https://openalex.org/W2062243284
https://openalex.org/W2063185905
https://openalex.org/W2065817656
https://openalex.org/W2087587258
https://openalex.org/W2093624959
https://openalex.org/W2094296399
https://openalex.org/W2104502832
https://openalex.org/W2124477866
https://openalex.org/W2126193245
https://openalex.org/W2140626222
https://openalex.org/W2158912211
https://openalex.org/W2169007455
https://openalex.org/W2268310548
https://openalex.org/W2296433711
https://openalex.org/W2321503582
https://openalex.org/W2328802966
https://openalex.org/W2531521954
https://openalex.org/W2558021646
https://openalex.org/W2615707970
https://openalex.org/W2730935947
https://openalex.org/W2739917842
https://openalex.org/W2745328465
https://openalex.org/W2751381723
https://openalex.org/W2802168570
https://openalex.org/W2895940925
https://openalex.org/W2901717477
https://openalex.org/W2936677272
https://openalex.org/W3014303690
https://openalex.org/W3119098185
https://openalex.org/W3129056454
https://openalex.org/W3133625860
https://openalex.org/W3137700859
https://openalex.org/W3198245230
https://openalex.org/W1487492200
https://openalex.org/W1505733588
https://openalex.org/W1508598000
https://openalex.org/W1522286867
https://openalex.org/W1537692217
https://openalex.org/W1658725198
https://openalex.org/W1867690642
https://openalex.org/W1969502625
https://openalex.org/W1974113534
https://openalex.org/W1978050919
https://openalex.org/W1979827224
https://openalex.org/W1989175210
https://openalex.org/W1991520525
https://openalex.org/W2003190767
https://openalex.org/W2016850791
https://openalex.org/W2019895563
https://openalex.org/W2021122964
https://openalex.org/W2025998692
https://openalex.org/W2033295431
https://openalex.org/W2039333785
https://openalex.org/W2045186407
https://openalex.org/W2046246641
https://openalex.org/W2051517159
https://openalex.org/W2063017829
https://openalex.org/W2069634264
https://openalex.org/W2071968992
https://openalex.org/W2072708443
https://openalex.org/W2076161902
https://openalex.org/W2087151982
https://openalex.org/W2090764596
https://openalex.org/W2113507485
https://openalex.org/W2113902058
https://openalex.org/W2114904907
https://openalex.org/W2127107074
https://openalex.org/W2159547160
https://openalex.org/W2166452373
https://openalex.org/W2169608922
https://openalex.org/W2178994780
https://openalex.org/W2235563853
https://openalex.org/W2296262905
https://openalex.org/W2300370745
https://openalex.org/W2331452393
https://openalex.org/W2398660285
https://openalex.org/W2519296746
https://openalex.org/W2523713824
https://openalex.org/W2625037528
https://openalex.org/W2671102296
https://openalex.org/W2765131297
https://openalex.org/W2765764143
https://openalex.org/W2770362195
https://openalex.org/W2789529663
https://openalex.org/W2789593717
https://openalex.org/W2792051806
https://openalex.org/W2797832353
https://openalex.org/W2810275762
https://openalex.org/W2889558367
https://openalex.org/W2940275649
https://openalex.org/W2942940975
https://openalex.org/W2951628805
https://openalex.org/W2952660336
https://openalex.org/W2955989127
https://openalex.org/W3015062814
https://openalex.org/W3043330159
https://openalex.org/W3162144332
https://openalex.org/W3213576579
https://openalex.org/W4220748359
https://openalex.org/W4226192468
https://openalex.org/W4233232518
https://openalex.org/W4283734450
https://openalex.org/W1514640654
https://openalex.org/W1806550594
https://openalex.org/W1932900920
https://openalex.org/W1968449331
https://openalex.org/W1969747508
https://openalex.org/W1972054044
https://openalex.org/W1996021626
https://openalex.org/W2002237865
https://openalex.org/W2006382043
https://openalex.org/W2006394325
https://openalex.org/W2007236652
https://openalex.org/W2010171216
https://openalex.org/W2010404373
https://openalex.org/W2017020361
https://openalex.org/W2017585794
https://openalex.org/W2019621563
https://openalex.org/W2023235335
https://openalex.org/W2023292784
https://openalex.org/W2028109341
https://openalex.org/W2032018667
https://openalex.org/W2038269775
https://openalex.org/W2045368092
https://openalex.org/W2048741058
https://openalex.org/W2052483717
https://openalex.org/W2062538661
https://openalex.org/W2065576958
https://openalex.org/W2070148650
https://openalex.org/W2090305500
https://openalex.org/W2092106025
https://openalex.org/W2111882958
https://openalex.org/W2130333290
https://openalex.org/W2132847072
https://openalex.org/W2134035552
https://openalex.org/W2135038276
https://openalex.org/W2150333434
https://openalex.org/W2151945351
https://openalex.org/W2155548776
https://openalex.org/W2285438928
https://openalex.org/W2289885312
https://openalex.org/W2329253978
https://openalex.org/W2340765472
https://openalex.org/W2529689368
https://openalex.org/W2555436176
https://openalex.org/W2582926905
https://openalex.org/W2589232843
https://openalex.org/W2598706302
https://openalex.org/W2604830661
https://openalex.org/W2772731977
https://openalex.org/W2783926272
https://openalex.org/W2790348890
https://openalex.org/W2825018496
https://openalex.org/W2903631229
https://openalex.org/W2907264418
https://openalex.org/W2928330015
https://openalex.org/W2941813464
https://openalex.org/W2948056774
https://openalex.org/W2981958039
https://openalex.org/W3002478508
https://openalex.org/W3005595495
https://openalex.org/W3015500762
https://openalex.org/W3037044877
https://openalex.org/W3046008507
https://openalex.org/W3118944647
https://openalex.org/W3137355517
https://openalex.org/W3156370667
https://openalex.org/W3162963751
https://openalex.org/W4232060570
https://openalex.org/W4256278690
https://openalex.org/W4283735298
https://openalex.org/W1487944578
https://openalex.org/W1501608509
https://openalex.org/W1584880779
https://openalex.org/W1607689866
https://openalex.org/W182691984
https://openalex.org/W1841460813
https://openalex.org/W184382090
https://openalex.org/W1925832310
https://openalex.org/W1964283547
https://openalex.org/W1967258345
https://openalex.org/W1971705456
https://openalex.org/W1975420489
https://openalex.org/W1992595392
https://openalex.org/W1993199454
https://openalex.org/W1993491148
https://openalex.org/W1994623007
https://openalex.org/W1996190547
https://openalex.org/W1996571662
https://openalex.org/W2005559744
https://openalex.org/W2013798182
https://openalex.org/W2015631653
https://openalex.org/W2016037940
https://openalex.org/W2023064276
https://openalex.org/W2027706074
https://openalex.org/W2038031835
https://openalex.org/W2049219648
https://openalex.org/W2050564195
https://openalex.org/W2053041441
https://openalex.org/W2054175775
https://openalex.org/W2054193394
https://openalex.org/W2059120078
https://openalex.org/W2067376880
https://openalex.org/W2067500921
https://openalex.org/W2073658486
https://openalex.org/W2078968251
https://openalex.org/W2079475110
https://openalex.org/W2081722459
https://openalex.org/W2082538399
https://openalex.org/W2082687044
https://openalex.org/W2086351130
https://openalex.org/W2086768580
https://openalex.org/W2098624010
https://openalex.org/W2099492923
https://openalex.org/W2108641788
https://openalex.org/W2110557536
https://openalex.org/W2113754606
https://openalex.org/W2114372548
https://openalex.org/W2129720568
https://openalex.org/W2143930593
https://openalex.org/W2154727204
https://openalex.org/W2166120605
https://openalex.org/W2173682870
https://openalex.org/W2174044138
https://openalex.org/W2288374706
https://openalex.org/W2330541728
https://openalex.org/W2343753469
https://openalex.org/W2412957531
https://openalex.org/W2413087762
https://openalex.org/W2471237154
https://openalex.org/W2500576056
https://openalex.org/W2516160897
https://openalex.org/W2534012653
https://openalex.org/W2557056018
https://openalex.org/W2579884423
https://openalex.org/W2579994369
https://openalex.org/W2809181197
https://openalex.org/W2885610335
https://openalex.org/W2885963155
https://openalex.org/W2900781557
https://openalex.org/W2951143962
https://openalex.org/W2984164014
https://openalex.org/W3005484577
https://openalex.org/W3006043589
https://openalex.org/W3044587683
https://openalex.org/W3098479672
https://openalex.org/W3127042927
https://openalex.org/W3129880054
https://openalex.org/W3160191010
https://openalex.org/W3217189159
https://openalex.org/W4206943057
https://openalex.org/W1146729157
https://openalex.org/W132255524
https://openalex.org/W1505393161
https://openalex.org/W1565185028
https://openalex.org/W1657784458
https://openalex.org/W1881604308
https://openalex.org/W1967452596
https://openalex.org/W1975388198
https://openalex.org/W1982668711
https://openalex.org/W1983759048
https://openalex.org/W1985163355
https://openalex.org/W1988635536
https://openalex.org/W1989475827
https://openalex.org/W1992300451
https://openalex.org/W1992946914
https://openalex.org/W1996733102
https://openalex.org/W2008302204
https://openalex.org/W2010039196
https://openalex.org/W2011190696
https://openalex.org/W2014733394
https://openalex.org/W2017415860
https://openalex.org/W2028271883
https://openalex.org/W2029336392
https://openalex.org/W2030233716
https://openalex.org/W2031108238
https://openalex.org/W2036431767
https://openalex.org/W2039121168
https://openalex.org/W2053927686
https://openalex.org/W2057128327
https://openalex.org/W2061326999
https://openalex.org/W2074690614
https://openalex.org/W2075457468
https://openalex.org/W2081651105
https://openalex.org/W2083940513
https://openalex.org/W2084225215
https://openalex.org/W2087743538
https://openalex.org/W2123049513
https://openalex.org/W2142850488
https://openalex.org/W2150427591
https://openalex.org/W2160843873
https://openalex.org/W2161480905
https://openalex.org/W2190909839
https://openalex.org/W2254479484
https://openalex.org/W2287795650
https://openalex.org/W2302267079
https://openalex.org/W2307701968
https://openalex.org/W2416965834
https://openalex.org/W2475657639
https://openalex.org/W2508217043
https://openalex.org/W2561582700
https://openalex.org/W2591524871
https://openalex.org/W2735923087
https://openalex.org/W2764323018
https://openalex.org/W2771039130
https://openalex.org/W2888998542
https://openalex.org/W2915277235
https://openalex.org/W2918193821
https://openalex.org/W2936817913
https://openalex.org/W2954267266
https://openalex.org/W2954929693
https://openalex.org/W2955589982
https://openalex.org/W3008766770
https://openalex.org/W3033906483
https://openalex.org/W3040270067
https://openalex.org/W3048410110
https://openalex.org/W3095464074
https://openalex.org/W3123693940
https://openalex.org/W3134230360
https://openalex.org/W3135180090
https://openalex.org/W3152548979
https://openalex.org/W3182695529
https://openalex.org/W3197905962
https://openalex.org/W3212423150
https://openalex.org/W4207052379
https://openalex.org/W4220694868
https://openalex.org/W4230868487
https://openalex.org/W4282588519
https://openalex.org/W1500452303
https://openalex.org/W1894130839
https://openalex.org/W1965624364
https://openalex.org/W1966828828
https://openalex.org/W1967303057
https://openalex.org/W1968630547
https://openalex.org/W1971675995
https://openalex.org/W1985940622
https://openalex.org/W1991208990
https://openalex.org/W1996950011
https://openalex.org/W2002063343
https://openalex.org/W2008462325
https://openalex.org/W2017477240
https://openalex.org/W2021547450
https://openalex.org/W2021719663
https://openalex.org/W2036156418
https://openalex.org/W2038396064
https://openalex.org/W2039335592
https://openalex.org/W2044900759
https://openalex.org/W2047851924
https://openalex.org/W2048539328
https://openalex.org/W2059777630
https://openalex.org/W2060487636
https://openalex.org/W2069118995
https://openalex.org/W2069822215
https://openalex.org/W2077192614
https://openalex.org/W2079735918
https://openalex.org/W2088590508
https://openalex.org/W2120002246
https://openalex.org/W2124042074
https://openalex.org/W2126318740
https://openalex.org/W2127262075
https://openalex.org/W2139362494
https://openalex.org/W2157546399
https://openalex.org/W2158249355
https://openalex.org/W2171272826
https://openalex.org/W2257419013
https://openalex.org/W2258978467
https://openalex.org/W2285216426
https://openalex.org/W2299199930
https://openalex.org/W2341393945
https://openalex.org/W2406066522
https://openalex.org/W2412314284
https://openalex.org/W2417586067
https://openalex.org/W2472339156
https://openalex.org/W2523678443
https://openalex.org/W2551897746
https://openalex.org/W2611214881
https://openalex.org/W2616578228
https://openalex.org/W2617956524
https://openalex.org/W2742516064
https://openalex.org/W2770165727
https://openalex.org/W2778829966
https://openalex.org/W2791477113
https://openalex.org/W2888169540
https://openalex.org/W2902562833
https://openalex.org/W2910031809
https://openalex.org/W2933163763
https://openalex.org/W2945162469
https://openalex.org/W2947033454
https://openalex.org/W2979251898
https://openalex.org/W2988781878
https://openalex.org/W2991155446
https://openalex.org/W2994798893
https://openalex.org/W3009922806
https://openalex.org/W3118655485
https://openalex.org/W3154135515
https://openalex.org/W3160159637
https://openalex.org/W3175528025
https://openalex.org/W3198305644
https://openalex.org/W3203558366
https://openalex.org/W3206028687
https://openalex.org/W1519830748
https://openalex.org/W1547575129
https://openalex.org/W1567943664
https://openalex.org/W1605404867
https://openalex.org/W1966938210
https://openalex.org/W1967024424
https://openalex.org/W1967954744
https://openalex.org/W1971830539
https://openalex.org/W1997827023
https://openalex.org/W1998156820
https://openalex.org/W2006851628
https://openalex.org/W2011237727
https://openalex.org/W2014354650
https://openalex.org/W2014531539
https://openalex.org/W2015089619
https://openalex.org/W2019378246
https://openalex.org/W2025390220
https://openalex.org/W2025829486
https://openalex.org/W2029736110
https://openalex.org/W2030157232
https://openalex.org/W2032194758
https://openalex.org/W2037635033
https://openalex.org/W2039795742
https://openalex.org/W2041184214
https://openalex.org/W2042919586
https://openalex.org/W2044948260
https://openalex.org/W2047524987
https://openalex.org/W2050778086
https://openalex.org/W2059147117
https://openalex.org/W2059302650
https://openalex.org/W2061382443
https://openalex.org/W2065761813
https://openalex.org/W2067093311
https://openalex.org/W2067543385
https://openalex.org/W2074261652
https://openalex.org/W2077773877
https://openalex.org/W2084743478
https://openalex.org/W2087862358
https://openalex.org/W2089407638
https://openalex.org/W2094184637
https://openalex.org/W2096234095
https://openalex.org/W2101911018
https://openalex.org/W2101952018
https://openalex.org/W2109473394
https://openalex.org/W2111463558
https://openalex.org/W2128336445
https://openalex.org/W2134854582
https://openalex.org/W2203513819
https://openalex.org/W2245551075
https://openalex.org/W2279397937
https://openalex.org/W2305839990
https://openalex.org/W2339574792
https://openalex.org/W2402149932
https://openalex.org/W2404278332
https://openalex.org/W2488838759
https://openalex.org/W2531211359
https://openalex.org/W2582526247
https://openalex.org/W2757839470
https://openalex.org/W2768553970
https://openalex.org/W2774868940
https://openalex.org/W2783500240
https://openalex.org/W2786795492
https://openalex.org/W2792121495
https://openalex.org/W2805789972
https://openalex.org/W2883880519
https://openalex.org/W2896408407
https://openalex.org/W2900082915
https://openalex.org/W2908839122
https://openalex.org/W2913963972
https://openalex.org/W2980505640
https://openalex.org/W3013178113
https://openalex.org/W3033130896
https://openalex.org/W3034648175
https://openalex.org/W3037577984
https://openalex.org/W3040949234
https://openalex.org/W3088041464
https://openalex.org/W3101147580
https://openalex.org/W3139741344
https://openalex.org/W3159576463
https://openalex.org/W3165414187
https://openalex.org/W3170106267
https://openalex.org/W3179502276
https://openalex.org/W3207251132
https://openalex.org/W3213446090
https://openalex.org/W4212833081
https://openalex.org/W4290744463
https://openalex.org/W4298303573
https://openalex.org/W5651039
https://openalex.org/W773161085
https://openalex.org/W8079610
https://openalex.org/W99632360
https://openalex.org/W1097435872
https://openalex.org/W1577402628
https://openalex.org/W1600164807
https://openalex.org/W170078046
https://openalex.org/W1863298072
https://openalex.org/W1934452675
https://openalex.org/W1968384968
https://openalex.org/W1973067810
https://openalex.org/W1974679181
https://openalex.org/W1976429704
https://openalex.org/W1987512471
https://openalex.org/W1996918333
https://openalex.org/W2001658209
https://openalex.org/W2002085302
https://openalex.org/W2017703292
https://openalex.org/W2022935302
https://openalex.org/W2029721875
https://openalex.org/W2030558982
https://openalex.org/W2037795300
https://openalex.org/W2039381283
https://openalex.org/W2040509665
https://openalex.org/W2045577480
https://openalex.org/W2047462302
https://openalex.org/W2047517309
https://openalex.org/W2061395549
https://openalex.org/W2065736894
https://openalex.org/W2069081843
https://openalex.org/W2090306945
https://openalex.org/W2110345898
https://openalex.org/W2120936779
https://openalex.org/W2121591642
https://openalex.org/W2125024080
https://openalex.org/W2130500737
https://openalex.org/W2155177767
https://openalex.org/W2162934973
https://openalex.org/W2164266437
https://openalex.org/W2180156167
https://openalex.org/W2204324557
https://openalex.org/W2329383255
https://openalex.org/W2333792803
https://openalex.org/W2391788451
https://openalex.org/W2403860527
https://openalex.org/W2410134967
https://openalex.org/W2417474548
https://openalex.org/W245336085
https://openalex.org/W2491005499
https://openalex.org/W2541579060
https://openalex.org/W2556372460
https://openalex.org/W2617766910
https://openalex.org/W2766958532
https://openalex.org/W2767226533
https://openalex.org/W2795342013
https://openalex.org/W2797797187
https://openalex.org/W2803524617
https://openalex.org/W2889394961
https://openalex.org/W2905105855
https://openalex.org/W2917375480
https://openalex.org/W2931766833
https://openalex.org/W2942909746
https://openalex.org/W2951508776
https://openalex.org/W2984661639
https://openalex.org/W2999157820
https://openalex.org/W3002551729
https://openalex.org/W3012575010
https://openalex.org/W3046743620
https://openalex.org/W3049103159
https://openalex.org/W3080803103
https://openalex.org/W3082453618
https://openalex.org/W3083913476
https://openalex.org/W3092841380
https://openalex.org/W3124022265
https://openalex.org/W3195702241
https://openalex.org/W3197963837
https://openalex.org/W3200895168
https://openalex.org/W342929111
https://openalex.org/W4283786190
https://openalex.org/W4285806431
https://openalex.org/W4291109385
https://openalex.org/W654229498
https://openalex.org/W1590966229
https://openalex.org/W1959222711
https://openalex.org/W1966130972
https://openalex.org/W1969737457
https://openalex.org/W1970788165
https://openalex.org/W1973180660
https://openalex.org/W1975170834
https://openalex.org/W1979708348
https://openalex.org/W1983586021
https://openalex.org/W1998267767
https://openalex.org/W2007853043
https://openalex.org/W2011529123
https://openalex.org/W2012646893
https://openalex.org/W2016305033
https://openalex.org/W2025175190
https://openalex.org/W2028610135
https://openalex.org/W2029611171
https://openalex.org/W2035220217
https://openalex.org/W2037896553
https://openalex.org/W2038992555
https://openalex.org/W2039752200
https://openalex.org/W2039849794
https://openalex.org/W2042469813
https://openalex.org/W2043366969
https://openalex.org/W2043538933
https://openalex.org/W2046904685
https://openalex.org/W2048550970
https://openalex.org/W2052869111
https://openalex.org/W2083564883
https://openalex.org/W2083590249
https://openalex.org/W2097862184
https://openalex.org/W2103131183
https://openalex.org/W2105503117
https://openalex.org/W2109010681
https://openalex.org/W2112416212
https://openalex.org/W2131863629
https://openalex.org/W2133697061
https://openalex.org/W2161281389
https://openalex.org/W2168061824
https://openalex.org/W2230129396
https://openalex.org/W2319143042
https://openalex.org/W2325386257
https://openalex.org/W2412410495
https://openalex.org/W2417050404
https://openalex.org/W2426535589
https://openalex.org/W2490041175
https://openalex.org/W2498379442
https://openalex.org/W2518923950
https://openalex.org/W2519126802
https://openalex.org/W2599052490
https://openalex.org/W2604947511
https://openalex.org/W2725847181
https://openalex.org/W2740779401
https://openalex.org/W2746084162
https://openalex.org/W2761863249
https://openalex.org/W2765272720
https://openalex.org/W2769227119
https://openalex.org/W2770757287
https://openalex.org/W2884439276
https://openalex.org/W2891951983
https://openalex.org/W2900531236
https://openalex.org/W2953869209
https://openalex.org/W2955178070
https://openalex.org/W2966974094
https://openalex.org/W2972419972
https://openalex.org/W2998739088
https://openalex.org/W3004451618
https://openalex.org/W3017582847
https://openalex.org/W3022064470
https://openalex.org/W3028851136
https://openalex.org/W3033202066
https://openalex.org/W3046765737
https://openalex.org/W3155836343
https://openalex.org/W3167255032
https://openalex.org/W3172434652
https://openalex.org/W3195477357
https://openalex.org/W3210353734
https://openalex.org/W4206002853
https://openalex.org/W4226150298
https://openalex.org/W4236000215
https://openalex.org/W4240409697
https://openalex.org/W4250908436
https://openalex.org/W4283711245
https://openalex.org/W47905980
https://openalex.org/W70081788
https://openalex.org/W9608450
https://openalex.org/W130890057
https://openalex.org/W1494748422
https://openalex.org/W157016233
https://openalex.org/W1572195475
https://openalex.org/W1605570509
https://openalex.org/W1823949699
https://openalex.org/W1880937256
https://openalex.org/W1966786895
https://openalex.org/W1968299656
https://openalex.org/W1979450288
https://openalex.org/W1985243307
https://openalex.org/W1986938226
https://openalex.org/W1995404560
https://openalex.org/W2006504027
https://openalex.org/W2011147784
https://openalex.org/W2011925050
https://openalex.org/W2019042147
https://openalex.org/W2022023449
https://openalex.org/W2024387942
https://openalex.org/W2035124375
https://openalex.org/W2040176905
https://openalex.org/W2043967008
https://openalex.org/W2045022056
https://openalex.org/W2047929075
https://openalex.org/W2047946797
https://openalex.org/W2050109892
https://openalex.org/W2054363818
https://openalex.org/W2059033246
https://openalex.org/W2060305415
https://openalex.org/W2067232265
https://openalex.org/W2067340051
https://openalex.org/W2068890837
https://openalex.org/W2074383932
https://openalex.org/W2077492146
https://openalex.org/W2077746101
https://openalex.org/W2078204199
https://openalex.org/W2081332084
https://openalex.org/W2084174452
https://openalex.org/W2084233660
https://openalex.org/W2085208125
https://openalex.org/W2086138172
https://openalex.org/W2087552230
https://openalex.org/W2094762936
https://openalex.org/W2100584689
https://openalex.org/W2103292131
https://openalex.org/W2109266360
https://openalex.org/W2111584620
https://openalex.org/W2115464261
https://openalex.org/W2129508004
https://openalex.org/W2146921901
https://openalex.org/W2164735804
https://openalex.org/W2207716963
https://openalex.org/W2283165993
https://openalex.org/W2287030880
https://openalex.org/W2291892208
https://openalex.org/W2308765808
https://openalex.org/W2320553864
https://openalex.org/W2325146545
https://openalex.org/W2338300098
https://openalex.org/W2345861234
https://openalex.org/W2470398643
https://openalex.org/W2484022772
https://openalex.org/W2574739011
https://openalex.org/W2603829900
https://openalex.org/W2605592204
https://openalex.org/W2766194260
https://openalex.org/W2768440116
https://openalex.org/W2791270809
https://openalex.org/W2793878236
https://openalex.org/W2899680440
https://openalex.org/W2905385430
https://openalex.org/W2913785052
https://openalex.org/W2936428113
https://openalex.org/W2978022053
https://openalex.org/W2987224075
https://openalex.org/W2992661343
https://openalex.org/W2998788184
https://openalex.org/W3011577579
https://openalex.org/W3012320181
https://openalex.org/W3018285977
https://openalex.org/W3040063576
https://openalex.org/W3093123864
https://openalex.org/W3107362993
https://openalex.org/W3108277869
https://openalex.org/W3144685534
https://openalex.org/W3174284341
https://openalex.org/W3183970014
https://openalex.org/W3186006651
https://openalex.org/W3193241339
https://openalex.org/W3193517871
https://openalex.org/W3195733018
https://openalex.org/W3196671101
https://openalex.org/W3207163198
https://openalex.org/W4200551127
https://openalex.org/W4205243932
https://openalex.org/W4206803765
https://openalex.org/W4224325999
https://openalex.org/W4225435105
https://openalex.org/W4284970895
https://openalex.org/W4313308996
https://openalex.org/W935876958
https://openalex.org/W1544898666
https://openalex.org/W1606932722
https://openalex.org/W1802476567
https://openalex.org/W1967417237
https://openalex.org/W1982808914
https://openalex.org/W1982934943
https://openalex.org/W1983034237
https://openalex.org/W1983948012
https://openalex.org/W1987059320
https://openalex.org/W1992246456
https://openalex.org/W1995016485
https://openalex.org/W2000451657
https://openalex.org/W2002162426
https://openalex.org/W2009302956
https://openalex.org/W2009874839
https://openalex.org/W2010459825
https://openalex.org/W2011681743
https://openalex.org/W2014023896
https://openalex.org/W2026581573
https://openalex.org/W2029064728
https://openalex.org/W2034290872
https://openalex.org/W2037203984
https://openalex.org/W2041641118
https://openalex.org/W2051562371
https://openalex.org/W2051618301
https://openalex.org/W2058750218
https://openalex.org/W2061692356
https://openalex.org/W2064570200
https://openalex.org/W2067979158
https://openalex.org/W2072275057
https://openalex.org/W2075351973
https://openalex.org/W2076224614
https://openalex.org/W2079564103
https://openalex.org/W2082013603
https://openalex.org/W2086052056
https://openalex.org/W2089744876
https://openalex.org/W2095598810
https://openalex.org/W2099592577
https://openalex.org/W2108379518
https://openalex.org/W2110924556
https://openalex.org/W2113100023
https://openalex.org/W2125413810
https://openalex.org/W2130918944
https://openalex.org/W2136454367
https://openalex.org/W2137465416
https://openalex.org/W2141947727
https://openalex.org/W2145963667
https://openalex.org/W2146181273
https://openalex.org/W2150443653
https://openalex.org/W2158919751
https://openalex.org/W2160304524
https://openalex.org/W2162127017
https://openalex.org/W2169608342
https://openalex.org/W2239439610
https://openalex.org/W2271567423
https://openalex.org/W2299755707
https://openalex.org/W2320135750
https://openalex.org/W2338727922
https://openalex.org/W2345749033
https://openalex.org/W2395653284
https://openalex.org/W2403932544
https://openalex.org/W2417433792
https://openalex.org/W2418878146
https://openalex.org/W2425417636
https://openalex.org/W2467311467
https://openalex.org/W2468522833
https://openalex.org/W2469253042
https://openalex.org/W2521084201
https://openalex.org/W2524801775
https://openalex.org/W2546214714
https://openalex.org/W2583143952
https://openalex.org/W2593092776
https://openalex.org/W2600604425
https://openalex.org/W2603453800
https://openalex.org/W2606202064
https://openalex.org/W2735727876
https://openalex.org/W2747174113
https://openalex.org/W2748684190
https://openalex.org/W2758884655
https://openalex.org/W2773730386
https://openalex.org/W2790096110
https://openalex.org/W2790136948
https://openalex.org/W2790307757
https://openalex.org/W2795254157
https://openalex.org/W279678009
https://openalex.org/W2806501504
https://openalex.org/W2810258898
https://openalex.org/W2895257576
https://openalex.org/W2911713377
https://openalex.org/W2913796766
https://openalex.org/W2918059357
https://openalex.org/W2921644952
https://openalex.org/W2921701628
https://openalex.org/W2943426000
https://openalex.org/W2950264238
https://openalex.org/W2953852992
https://openalex.org/W2969136867
https://openalex.org/W2969138083
https://openalex.org/W2989594523
https://openalex.org/W3001054109
https://openalex.org/W3040090517
https://openalex.org/W3043149624
https://openalex.org/W3083074262
https://openalex.org/W3087066937
https://openalex.org/W3094422905
https://openalex.org/W3096746448
https://openalex.org/W3097853533
https://openalex.org/W3099279863
https://openalex.org/W3113514998
https://openalex.org/W3121181990
https://openalex.org/W3127995537
https://openalex.org/W3135535477
https://openalex.org/W3145127709
https://openalex.org/W3176083883
https://openalex.org/W3186002894
https://openalex.org/W3197788190
https://openalex.org/W3200305843
https://openalex.org/W3217448159
https://openalex.org/W4205224897
https://openalex.org/W4210347411
https://openalex.org/W4223486389
https://openalex.org/W1082572505
https://openalex.org/W1429008849
https://openalex.org/W1487685066
https://openalex.org/W1488798160
https://openalex.org/W1509059113
https://openalex.org/W1874017149
https://openalex.org/W1964981624
https://openalex.org/W1968485770
https://openalex.org/W1971647709
https://openalex.org/W1973847656
https://openalex.org/W1975040229
https://openalex.org/W1978389050
https://openalex.org/W1984824571
https://openalex.org/W1988251749
https://openalex.org/W1989080374
https://openalex.org/W1990311012
https://openalex.org/W1993621308
https://openalex.org/W1993805570
https://openalex.org/W1994767165
https://openalex.org/W1996696415
https://openalex.org/W1997923976
https://openalex.org/W1998545769
https://openalex.org/W1998844855
https://openalex.org/W2006662098
https://openalex.org/W2009409420
https://openalex.org/W2009563611
https://openalex.org/W2009774191
https://openalex.org/W2011582734
https://openalex.org/W2012647297
https://openalex.org/W2019222606
https://openalex.org/W2022532596
https://openalex.org/W2031912229
https://openalex.org/W2033542032
https://openalex.org/W2045436039
https://openalex.org/W2045808917
https://openalex.org/W2046046287
https://openalex.org/W2053869314
https://openalex.org/W2059221810
https://openalex.org/W2060935696
https://openalex.org/W2066450124
https://openalex.org/W2067876949
https://openalex.org/W2068574912
https://openalex.org/W2073786077
https://openalex.org/W2074806767
https://openalex.org/W2080432032
https://openalex.org/W2081324695
https://openalex.org/W2082213857
https://openalex.org/W2089184382
https://openalex.org/W2089685636
https://openalex.org/W2089948907
https://openalex.org/W2094603705
https://openalex.org/W2120486068
https://openalex.org/W2121196643
https://openalex.org/W2123906207
https://openalex.org/W2136126669
https://openalex.org/W2144047555
https://openalex.org/W2147779731
https://openalex.org/W2148105015
https://openalex.org/W2155265686
https://openalex.org/W2155792585
https://openalex.org/W2201868637
https://openalex.org/W2212890579
https://openalex.org/W2240881374
https://openalex.org/W2254569753
https://openalex.org/W2264779148
https://openalex.org/W2285943140
https://openalex.org/W2295264821
https://openalex.org/W2317703184
https://openalex.org/W2343584477
https://openalex.org/W2396367486
https://openalex.org/W2399751429
https://openalex.org/W2404172510
https://openalex.org/W2406419383
https://openalex.org/W2407177453
https://openalex.org/W2412488121
https://openalex.org/W2417785867
https://openalex.org/W2476034006
https://openalex.org/W2525175558
https://openalex.org/W2532156450
https://openalex.org/W2560136440
https://openalex.org/W2571104554
https://openalex.org/W2599343821
https://openalex.org/W2604951517
https://openalex.org/W2614864508
https://openalex.org/W2735473709
https://openalex.org/W2767611548
https://openalex.org/W2775732302
https://openalex.org/W2811128826
https://openalex.org/W2889074997
https://openalex.org/W2893213780
https://openalex.org/W2895740223
https://openalex.org/W2898281580
https://openalex.org/W2905716194
https://openalex.org/W2906543148
https://openalex.org/W2915264756
https://openalex.org/W2915739752
https://openalex.org/W2917591941
https://openalex.org/W2919096355
https://openalex.org/W2921281835
https://openalex.org/W2921803816
https://openalex.org/W2939442125
https://openalex.org/W2943555542
https://openalex.org/W2978085943
https://openalex.org/W2982681008
https://openalex.org/W2991455337
https://openalex.org/W2998065525
https://openalex.org/W2999781721
https://openalex.org/W3003787954
https://openalex.org/W3009571577
https://openalex.org/W3016051144
https://openalex.org/W3095695304
https://openalex.org/W3096516776
https://openalex.org/W3099167073
https://openalex.org/W3105463705
https://openalex.org/W3108414676
https://openalex.org/W3129988808
https://openalex.org/W3151262081
https://openalex.org/W3158584473
https://openalex.org/W3189458691
https://openalex.org/W3194896189
https://openalex.org/W3200669500
https://openalex.org/W3201549363
https://openalex.org/W406616628
https://openalex.org/W4200074881
https://openalex.org/W4213186332
https://openalex.org/W4220975374
https://openalex.org/W4280573214
https://openalex.org/W4313315407
https://openalex.org/W65436085
https://openalex.org/W86275101
https://openalex.org/W1542019334
https://openalex.org/W1545337807
https://openalex.org/W1546355338
https://openalex.org/W1550251073
https://openalex.org/W1580571529
https://openalex.org/W1589739876
https://openalex.org/W167613477
https://openalex.org/W1870025998
https://openalex.org/W1971806815
https://openalex.org/W1981628217
https://openalex.org/W1992081366
https://openalex.org/W1993235178
https://openalex.org/W1994276595
https://openalex.org/W1997190088
https://openalex.org/W1999518189
https://openalex.org/W2001495004
https://openalex.org/W2001769400
https://openalex.org/W2004089592
https://openalex.org/W2004218841
https://openalex.org/W2005407837
https://openalex.org/W2007157909
https://openalex.org/W2007162939
https://openalex.org/W2010181266
https://openalex.org/W2020868429
https://openalex.org/W2022823046
https://openalex.org/W2024912425
https://openalex.org/W2025252311
https://openalex.org/W202755983
https://openalex.org/W2031275177
https://openalex.org/W2031625783
https://openalex.org/W2033082850
https://openalex.org/W2036686962
https://openalex.org/W2038290902
https://openalex.org/W2040488494
https://openalex.org/W2041896737
https://openalex.org/W2044718240
https://openalex.org/W2046785086
https://openalex.org/W2051128945
https://openalex.org/W2055111479
https://openalex.org/W2057370003
https://openalex.org/W2058209890
https://openalex.org/W2061686747
https://openalex.org/W2066997201
https://openalex.org/W2068020808
https://openalex.org/W2080315133
https://openalex.org/W2086040883
https://openalex.org/W2089416547
https://openalex.org/W2093180508
https://openalex.org/W2097512443
https://openalex.org/W2107870736
https://openalex.org/W2108388070
https://openalex.org/W2126186296
https://openalex.org/W2131272778
https://openalex.org/W2135736731
https://openalex.org/W2142187747
https://openalex.org/W2153216922
https://openalex.org/W2166373453
https://openalex.org/W2219190749
https://openalex.org/W2229480877
https://openalex.org/W2261395433
https://openalex.org/W2283866816
https://openalex.org/W2305013510
https://openalex.org/W2312223056
https://openalex.org/W2324564160
https://openalex.org/W2335330413
https://openalex.org/W2336913822
https://openalex.org/W2409796617
https://openalex.org/W2410118391
https://openalex.org/W2411063518
https://openalex.org/W2415642861
https://openalex.org/W2465131886
https://openalex.org/W2488781438
https://openalex.org/W2517377297
https://openalex.org/W2525816521
https://openalex.org/W2571752074
https://openalex.org/W2585044301
https://openalex.org/W2586565549
https://openalex.org/W2588303867
https://openalex.org/W2588560340
https://openalex.org/W2601967968
https://openalex.org/W2605603253
https://openalex.org/W2609223034
https://openalex.org/W2730952051
https://openalex.org/W2768464390
https://openalex.org/W2805219078
https://openalex.org/W2891100575
https://openalex.org/W2899189077
https://openalex.org/W2904185643
https://openalex.org/W2904825030
https://openalex.org/W2916819389
https://openalex.org/W2924958593
https://openalex.org/W2934331805
https://openalex.org/W2947828375
https://openalex.org/W2949583606
https://openalex.org/W2951535532
https://openalex.org/W2969793659
https://openalex.org/W2981708464
https://openalex.org/W2993980215
https://openalex.org/W3002920254
https://openalex.org/W3004093566
https://openalex.org/W3005042626
https://openalex.org/W3007234933
https://openalex.org/W3030759464
https://openalex.org/W3035386575
https://openalex.org/W3038765689
https://openalex.org/W3041601469
https://openalex.org/W3061380072
https://openalex.org/W3089152440
https://openalex.org/W3093214504
https://openalex.org/W3094114617
https://openalex.org/W3101452385
https://openalex.org/W3104113570
https://openalex.org/W3108730362
https://openalex.org/W3109977147
https://openalex.org/W3111026965
https://openalex.org/W3116712778
https://openalex.org/W3120513193
https://openalex.org/W3123493078
https://openalex.org/W3125451654
https://openalex.org/W3127886302
https://openalex.org/W3156089273
https://openalex.org/W3156373306
https://openalex.org/W3172413452
https://openalex.org/W3193673042
https://openalex.org/W3196576097
https://openalex.org/W3199293742
https://openalex.org/W3199482318
https://openalex.org/W3200063262
https://openalex.org/W3213276838
https://openalex.org/W3215418601
https://openalex.org/W4205630064
https://openalex.org/W4205838971
https://openalex.org/W4207021249
https://openalex.org/W4220707414
https://openalex.org/W4220854244
https://openalex.org/W4223432919
https://openalex.org/W4223502422
https://openalex.org/W4243523044
https://openalex.org/W4246293199
https://openalex.org/W4246875455
https://openalex.org/W4281289115
https://openalex.org/W4283216063
https://openalex.org/W4283793689
https://openalex.org/W4285745312
https://openalex.org/W4296823039
https://openalex.org/W646713515
https://openalex.org/W101352517
https://openalex.org/W1241699514
https://openalex.org/W1471294076
https://openalex.org/W1504106956
https://openalex.org/W1533603336
https://openalex.org/W1557243592
https://openalex.org/W1822777779
https://openalex.org/W1846257356
https://openalex.org/W1966574539
https://openalex.org/W1972242689
https://openalex.org/W1973163045
https://openalex.org/W1975870356
https://openalex.org/W1976290012
https://openalex.org/W1976519289
https://openalex.org/W1981470359
https://openalex.org/W1982477833
https://openalex.org/W1983688944
https://openalex.org/W1986549552
https://openalex.org/W1989420048
https://openalex.org/W1992209870
https://openalex.org/W1994059289
https://openalex.org/W1995793222
https://openalex.org/W1996244463
https://openalex.org/W1996509042
https://openalex.org/W1998212085
https://openalex.org/W2001667447
https://openalex.org/W2005108206
https://openalex.org/W2005647220
https://openalex.org/W2006489935
https://openalex.org/W2007694445
https://openalex.org/W2008138647
https://openalex.org/W2009929865
https://openalex.org/W2011211570
https://openalex.org/W2018184818
https://openalex.org/W2024315276
https://openalex.org/W2030134665
https://openalex.org/W2032306399
https://openalex.org/W2032919380
https://openalex.org/W2034621366
https://openalex.org/W2035290404
https://openalex.org/W2038052578
https://openalex.org/W2039382646
https://openalex.org/W2040804340
https://openalex.org/W2041130096
https://openalex.org/W2043162641
https://openalex.org/W2044058815
https://openalex.org/W2047373399
https://openalex.org/W2049285905
https://openalex.org/W2050953234
https://openalex.org/W2056347060
https://openalex.org/W2059103635
https://openalex.org/W2059146671
https://openalex.org/W2061319764
https://openalex.org/W2070103451
https://openalex.org/W2071361302
https://openalex.org/W2073666781
https://openalex.org/W2074393445
https://openalex.org/W2082786939
https://openalex.org/W2084518162
https://openalex.org/W2088540769
https://openalex.org/W2088894029
https://openalex.org/W2093430877
https://openalex.org/W2095355345
https://openalex.org/W2095383755
https://openalex.org/W2095478645
https://openalex.org/W2102320679
https://openalex.org/W2114668347
https://openalex.org/W2117557885
https://openalex.org/W2123711098
https://openalex.org/W2129144841
https://openalex.org/W2136225056
https://openalex.org/W2139548139
https://openalex.org/W2150953552
https://openalex.org/W2155535381
https://openalex.org/W2163105766
https://openalex.org/W2163949747
https://openalex.org/W2184490436
https://openalex.org/W2234565775
https://openalex.org/W2316881354
https://openalex.org/W2323218810
https://openalex.org/W2323870421
https://openalex.org/W2324335700
https://openalex.org/W2330779372
https://openalex.org/W2357835379
https://openalex.org/W2385550760
https://openalex.org/W2399270717
https://openalex.org/W2418223904
https://openalex.org/W2438736544
https://openalex.org/W2470586583
https://openalex.org/W2472435669
https://openalex.org/W2473769914
https://openalex.org/W2559971146
https://openalex.org/W2579445300
https://openalex.org/W2584072008
https://openalex.org/W2592410230
https://openalex.org/W2598383188
https://openalex.org/W2612507632
https://openalex.org/W2612930982
https://openalex.org/W2624244933
https://openalex.org/W2732352166
https://openalex.org/W2747542932
https://openalex.org/W2792231590
https://openalex.org/W2793095540
https://openalex.org/W2799384189
https://openalex.org/W2807877907
https://openalex.org/W2883306558
https://openalex.org/W2883463709
https://openalex.org/W2899281874
https://openalex.org/W2906334606
https://openalex.org/W2910700976
https://openalex.org/W2911664388
https://openalex.org/W2921699174
https://openalex.org/W2928658653
https://openalex.org/W2929372417
https://openalex.org/W2942884795
https://openalex.org/W2946209275
https://openalex.org/W2946862594
https://openalex.org/W2949419529
https://openalex.org/W2949568873
https://openalex.org/W2950167250
https://openalex.org/W2961090046
https://openalex.org/W2963180416
https://openalex.org/W2972644035
https://openalex.org/W2979515027
https://openalex.org/W2984972673
https://openalex.org/W2993195348
https://openalex.org/W2994738873
https://openalex.org/W2994787361
https://openalex.org/W2994922040
https://openalex.org/W2996600482
https://openalex.org/W3007930130
https://openalex.org/W3016503309
https://openalex.org/W3040723150
https://openalex.org/W3089709654
https://openalex.org/W3097573241
https://openalex.org/W3098596536
https://openalex.org/W3113348190
https://openalex.org/W3115261440
https://openalex.org/W3117460414
https://openalex.org/W3127181047
https://openalex.org/W3155727637
https://openalex.org/W3172889672
https://openalex.org/W3174518482
https://openalex.org/W3182372764
https://openalex.org/W3198465412
https://openalex.org/W3207801650
https://openalex.org/W3208397918
https://openalex.org/W3213539261
https://openalex.org/W361707125
https://openalex.org/W4200585197
https://openalex.org/W4206211815
https://openalex.org/W4206240007
https://openalex.org/W4210807404
https://openalex.org/W4213179402
https://openalex.org/W4220716814
https://openalex.org/W4221056973
https://openalex.org/W4226158980
https://openalex.org/W4235223553
https://openalex.org/W4245406699
https://openalex.org/W4247291662
https://openalex.org/W4251717373
https://openalex.org/W4252948190
https://openalex.org/W4286610464
https://openalex.org/W4289528952
https://openalex.org/W4292451860
https://openalex.org/W4296523136
https://openalex.org/W4303453549
https://openalex.org/W4323351961
https://openalex.org/W4360992761
https://openalex.org/W619425651
https://openalex.org/W630360058
https://openalex.org/W9489998
https://openalex.org/W1164225637
https://openalex.org/W1258182667
https://openalex.org/W1516180334
https://openalex.org/W1526972486
https://openalex.org/W1554704762
https://openalex.org/W1572270705
https://openalex.org/W165130039
https://openalex.org/W1748591765
https://openalex.org/W1860983562
https://openalex.org/W1882498307
https://openalex.org/W192954605
https://openalex.org/W1964484899
https://openalex.org/W1964883890
https://openalex.org/W1966283152
https://openalex.org/W1966921075
https://openalex.org/W1970642081
https://openalex.org/W1977294952
https://openalex.org/W1977333681
https://openalex.org/W1983648280
https://openalex.org/W1988672048
https://openalex.org/W1989001020
https://openalex.org/W1991845976
https://openalex.org/W1992580837
https://openalex.org/W1996209828
https://openalex.org/W1997471146
https://openalex.org/W2002323981
https://openalex.org/W2003114927
https://openalex.org/W2003573675
https://openalex.org/W2007513650
https://openalex.org/W2009301566
https://openalex.org/W2012279038
https://openalex.org/W2012714310
https://openalex.org/W2014697439
https://openalex.org/W2015546337
https://openalex.org/W2016005539
https://openalex.org/W2016293059
https://openalex.org/W2016521267
https://openalex.org/W2017680024
https://openalex.org/W2019582614
https://openalex.org/W2019661227
https://openalex.org/W2021654410
https://openalex.org/W2021692181
https://openalex.org/W2027606655
https://openalex.org/W2043212567
https://openalex.org/W2045938345
https://openalex.org/W2047499101
https://openalex.org/W2048271251
https://openalex.org/W2050122956
https://openalex.org/W2052254194
https://openalex.org/W2052536352
https://openalex.org/W2053411003
https://openalex.org/W2054165785
https://openalex.org/W2055110012
https://openalex.org/W2055495000
https://openalex.org/W2058656792
https://openalex.org/W2060925062
https://openalex.org/W2062943702
https://openalex.org/W2069044455
https://openalex.org/W2069423205
https://openalex.org/W2070008866
https://openalex.org/W2073750759
https://openalex.org/W2075766556
https://openalex.org/W2079193953
https://openalex.org/W2082494198
https://openalex.org/W2094611786
https://openalex.org/W2107907871
https://openalex.org/W2114580520
https://openalex.org/W2124889185
https://openalex.org/W2134568508
https://openalex.org/W2142196411
https://openalex.org/W2155143474
https://openalex.org/W2156443810
https://openalex.org/W2171003979
https://openalex.org/W2184287985
https://openalex.org/W2205341084
https://openalex.org/W2216770762
https://openalex.org/W2230817717
https://openalex.org/W2232448681
https://openalex.org/W2259679647
https://openalex.org/W2276494559
https://openalex.org/W2280008611
https://openalex.org/W2300138136
https://openalex.org/W2313271146
https://openalex.org/W2315874799
https://openalex.org/W2325277932
https://openalex.org/W2327778413
https://openalex.org/W2330265054
https://openalex.org/W2350094488
https://openalex.org/W2375110672
https://openalex.org/W2394610638
https://openalex.org/W2399931978
https://openalex.org/W2400268000
https://openalex.org/W2419119378
https://openalex.org/W2419201764
https://openalex.org/W2419247995
https://openalex.org/W2428383771
https://openalex.org/W2464268006
https://openalex.org/W2474356644
https://openalex.org/W2532108882
https://openalex.org/W2583777332
https://openalex.org/W2604239918
https://openalex.org/W2607954789
https://openalex.org/W2736932153
https://openalex.org/W2756435097
https://openalex.org/W2761519020
https://openalex.org/W2763955459
https://openalex.org/W2767687255
https://openalex.org/W2767690034
https://openalex.org/W2768652787
https://openalex.org/W2773339228
https://openalex.org/W2788592833
https://openalex.org/W2796951264
https://openalex.org/W2802274763
https://openalex.org/W2807001812
https://openalex.org/W2883177734
https://openalex.org/W2886408159
https://openalex.org/W2893625423
https://openalex.org/W2896158369
https://openalex.org/W2896298699
https://openalex.org/W2898492416
https://openalex.org/W290533260
https://openalex.org/W2909920445
https://openalex.org/W2917682862
https://openalex.org/W2926187851
https://openalex.org/W2947654224
https://openalex.org/W2948001402
https://openalex.org/W2950298547
https://openalex.org/W2953309804
https://openalex.org/W2955813263
https://openalex.org/W2966181049
https://openalex.org/W2968642698
https://openalex.org/W2972178798
https://openalex.org/W2985894298
https://openalex.org/W2990267430
https://openalex.org/W3001632516
https://openalex.org/W300549753
https://openalex.org/W3008291914
https://openalex.org/W3042709348
https://openalex.org/W3087572109
https://openalex.org/W3095877702
https://openalex.org/W3109578155
https://openalex.org/W3110817620
https://openalex.org/W3115366222
https://openalex.org/W3118745191
https://openalex.org/W3119648880
https://openalex.org/W3129088953
https://openalex.org/W3135764408
https://openalex.org/W3158052916
https://openalex.org/W3172240135
https://openalex.org/W3183183739
https://openalex.org/W3195308073
https://openalex.org/W3195873673
https://openalex.org/W3197058307
https://openalex.org/W3204263409
https://openalex.org/W4200050517
https://openalex.org/W4205243791
https://openalex.org/W4206332398
https://openalex.org/W4206936172
https://openalex.org/W4210249317
https://openalex.org/W4210533381
https://openalex.org/W4211231341
https://openalex.org/W4220931328
https://openalex.org/W4224986476
https://openalex.org/W4237470642
https://openalex.org/W4246809694
https://openalex.org/W4280491514
https://openalex.org/W4282027898
https://openalex.org/W4282837138
https://openalex.org/W4282920231
https://openalex.org/W4282934438
https://openalex.org/W4283833241
https://openalex.org/W4284968370
https://openalex.org/W4285229372
https://openalex.org/W4287124025
https://openalex.org/W4295087964
https://openalex.org/W4295940856
https://openalex.org/W4308392604
https://openalex.org/W4308842802
https://openalex.org/W4317787046
https://openalex.org/W114217633
https://openalex.org/W131187135
https://openalex.org/W1508633536
https://openalex.org/W1523226777
https://openalex.org/W1547273373
https://openalex.org/W1611251707
https://openalex.org/W1613566813
https://openalex.org/W1816407615
https://openalex.org/W1849845422
https://openalex.org/W1906339692
https://openalex.org/W1966526617
https://openalex.org/W1973539324
https://openalex.org/W1977911952
https://openalex.org/W1979119039
https://openalex.org/W1980141245
https://openalex.org/W1982038465
https://openalex.org/W1985736015
https://openalex.org/W1985923484
https://openalex.org/W1989463505
https://openalex.org/W1991427110
https://openalex.org/W1996984757
https://openalex.org/W1997983260
https://openalex.org/W2001247071
https://openalex.org/W2002328922
https://openalex.org/W2005164635
https://openalex.org/W2005208397
https://openalex.org/W2006599323
https://openalex.org/W2007195422
https://openalex.org/W2007829827
https://openalex.org/W2010540754
https://openalex.org/W2023532802
https://openalex.org/W2023781519
https://openalex.org/W2025357628
https://openalex.org/W2036487830
https://openalex.org/W2039899178
https://openalex.org/W2040766063
https://openalex.org/W2043444973
https://openalex.org/W2044923505
https://openalex.org/W2048196711
https://openalex.org/W2052650492
https://openalex.org/W2054114247
https://openalex.org/W2064542183
https://openalex.org/W2066460625
https://openalex.org/W2068138629
https://openalex.org/W2069532366
https://openalex.org/W2069607228
https://openalex.org/W2071503859
https://openalex.org/W2073439121
https://openalex.org/W2074679269
https://openalex.org/W2077281940
https://openalex.org/W2080497864
https://openalex.org/W2085188355
https://openalex.org/W2088141127
https://openalex.org/W2090813325
https://openalex.org/W2097217954
https://openalex.org/W2099827907
https://openalex.org/W2100580196
https://openalex.org/W2102884365
https://openalex.org/W2105390026
https://openalex.org/W2112496552
https://openalex.org/W2113176649
https://openalex.org/W2123112658
https://openalex.org/W2123436196
https://openalex.org/W2128021938
https://openalex.org/W2130936722
https://openalex.org/W2131153506
https://openalex.org/W2136769208
https://openalex.org/W2137273343
https://openalex.org/W2148822870
https://openalex.org/W2153421279
https://openalex.org/W2156875997
https://openalex.org/W2164513595
https://openalex.org/W2185831275
https://openalex.org/W2228797529
https://openalex.org/W2274320265
https://openalex.org/W2279865163
https://openalex.org/W2281698991
https://openalex.org/W2294750077
https://openalex.org/W2301382061
https://openalex.org/W2330692651
https://openalex.org/W2330701000
https://openalex.org/W2332237227
https://openalex.org/W2333698304
https://openalex.org/W2339592118
https://openalex.org/W2343234170
https://openalex.org/W2355720193
https://openalex.org/W2358174922
https://openalex.org/W2371974535
https://openalex.org/W2381072681
https://openalex.org/W2404614076
https://openalex.org/W2404707882
https://openalex.org/W2412020971
https://openalex.org/W2416606889
https://openalex.org/W2418269535
https://openalex.org/W2420351582
https://openalex.org/W2420595017
https://openalex.org/W2431318369
https://openalex.org/W2442283392
https://openalex.org/W25041879
https://openalex.org/W2548189455
https://openalex.org/W2556738995
https://openalex.org/W2563084340
https://openalex.org/W2597835769
https://openalex.org/W2605057536
https://openalex.org/W2606026900
https://openalex.org/W2617380111
https://openalex.org/W2619697862
https://openalex.org/W2620863773
https://openalex.org/W2724273088
https://openalex.org/W2726807689
https://openalex.org/W2741807875
https://openalex.org/W2749003437
https://openalex.org/W2754669724
https://openalex.org/W2758825824
https://openalex.org/W2762658637
https://openalex.org/W2785513282
https://openalex.org/W2792462128
https://openalex.org/W2802252645
https://openalex.org/W2802892137
https://openalex.org/W2811381978
https://openalex.org/W2884337581
https://openalex.org/W2888551319
https://openalex.org/W2904083028
https://openalex.org/W2911381075
https://openalex.org/W2921080824
https://openalex.org/W2947174100
https://openalex.org/W2953334593
https://openalex.org/W2968426270
https://openalex.org/W2968796906
https://openalex.org/W2974058177
https://openalex.org/W2976306078
https://openalex.org/W2981249022
https://openalex.org/W2981974494
https://openalex.org/W2982400966
https://openalex.org/W2985909005
https://openalex.org/W2995241790
https://openalex.org/W2996148454
https://openalex.org/W3008391625
https://openalex.org/W3014661907
https://openalex.org/W3018398738
https://openalex.org/W3023545787
https://openalex.org/W3025106377
https://openalex.org/W3035826098
https://openalex.org/W3035889740
https://openalex.org/W3045405637
https://openalex.org/W3046020188
https://openalex.org/W3080820739
https://openalex.org/W3094052037
https://openalex.org/W3120678588
https://openalex.org/W3121034177
https://openalex.org/W3125654498
https://openalex.org/W3126985608
https://openalex.org/W3128712505
https://openalex.org/W3129176451
https://openalex.org/W3129761762
https://openalex.org/W3131578939
https://openalex.org/W3155840794
https://openalex.org/W3163083827
https://openalex.org/W3172275096
https://openalex.org/W3175561972
https://openalex.org/W3185189262
https://openalex.org/W3195570652
https://openalex.org/W3195762783
https://openalex.org/W3207037731
https://openalex.org/W4200177721
https://openalex.org/W4200372749
https://openalex.org/W4200600278
https://openalex.org/W4210591379
https://openalex.org/W4213351925
https://openalex.org/W4214533965
https://openalex.org/W4221107447
https://openalex.org/W4223425203
https://openalex.org/W4223481894
https://openalex.org/W4223922908
https://openalex.org/W4224253985
https://openalex.org/W4224309560
https://openalex.org/W4225138724
https://openalex.org/W4225775905
https://openalex.org/W4226391497
https://openalex.org/W4229843462
https://openalex.org/W4237235375
https://openalex.org/W4243852123
https://openalex.org/W4280601039
https://openalex.org/W4281492458
https://openalex.org/W4281729821
https://openalex.org/W4281743129
https://openalex.org/W4283388122
https://openalex.org/W4283462164
https://openalex.org/W4283512639
https://openalex.org/W4285732989
https://openalex.org/W4286559854
https://openalex.org/W4286639496
https://openalex.org/W4288080382
https://openalex.org/W4288097012
https://openalex.org/W4289530033
https://openalex.org/W4289550869
https://openalex.org/W4293226507
https://openalex.org/W4295788270
https://openalex.org/W4296127886
https://openalex.org/W4296167533
https://openalex.org/W4307156230
https://openalex.org/W4311434583
https://openalex.org/W4313424322
https://openalex.org/W577429487
https://openalex.org/W578052839
https://openalex.org/W606513383
https://openalex.org/W73986617
https://openalex.org/W75420282
https://openalex.org/W85356098
https://openalex.org/W102228047
https://openalex.org/W1140695309
https://openalex.org/W134773187
https://openalex.org/W1503077830
https://openalex.org/W1514267130
https://openalex.org/W1526734472
https://openalex.org/W1560033181
https://openalex.org/W1574001742
https://openalex.org/W1576599943
https://openalex.org/W1580511671
https://openalex.org/W1606657419
https://openalex.org/W1653570833
https://openalex.org/W173092193
https://openalex.org/W177597646
https://openalex.org/W1898811230
https://openalex.org/W1963894150
https://openalex.org/W1968211534
https://openalex.org/W1969352209
https://openalex.org/W1974575915
https://openalex.org/W197685396
https://openalex.org/W1978457432
https://openalex.org/W1987716476
https://openalex.org/W1988726218
https://openalex.org/W1990088537
https://openalex.org/W1990096982
https://openalex.org/W1994022537
https://openalex.org/W1995639051
https://openalex.org/W200087214
https://openalex.org/W2000941014
https://openalex.org/W2002671978
https://openalex.org/W2003893813
https://openalex.org/W2005481566
https://openalex.org/W2006611290
https://openalex.org/W2008944815
https://openalex.org/W2011855957
https://openalex.org/W2015230407
https://openalex.org/W2015268900
https://openalex.org/W2023693009
https://openalex.org/W2028622174
https://openalex.org/W2029860436
https://openalex.org/W2029899951
https://openalex.org/W2029977549
https://openalex.org/W2034467034
https://openalex.org/W2037000183
https://openalex.org/W2037265613
https://openalex.org/W2039587673
https://openalex.org/W2043438306
https://openalex.org/W2051318933
https://openalex.org/W2054759025
https://openalex.org/W2057197425
https://openalex.org/W2062743060
https://openalex.org/W2064439303
https://openalex.org/W2065769896
https://openalex.org/W2069217623
https://openalex.org/W2070087067
https://openalex.org/W2070907315
https://openalex.org/W2075344710
https://openalex.org/W2077597606
https://openalex.org/W2078494059
https://openalex.org/W2089946686
https://openalex.org/W2093164737
https://openalex.org/W2093361737
https://openalex.org/W2095330168
https://openalex.org/W2095525792
https://openalex.org/W2095585302
https://openalex.org/W2105045187
https://openalex.org/W2108359227
https://openalex.org/W2108711889
https://openalex.org/W2108992815
https://openalex.org/W2110493258
https://openalex.org/W2111845558
https://openalex.org/W2112815568
https://openalex.org/W2114242129
https://openalex.org/W2115628920
https://openalex.org/W2116531544
https://openalex.org/W2128968763
https://openalex.org/W2133358657
https://openalex.org/W2138913544
https://openalex.org/W2140070396
https://openalex.org/W2149138589
https://openalex.org/W2154334489
https://openalex.org/W2160420648
https://openalex.org/W2162320063
https://openalex.org/W2196456014
https://openalex.org/W2242893737
https://openalex.org/W2247822752
https://openalex.org/W2255630331
https://openalex.org/W2258085041
https://openalex.org/W2262639129
https://openalex.org/W2279319781
https://openalex.org/W2313446961
https://openalex.org/W2315790757
https://openalex.org/W2321089503
https://openalex.org/W2322123145
https://openalex.org/W2328920586
https://openalex.org/W2329278214
https://openalex.org/W2330253217
https://openalex.org/W2331009015
https://openalex.org/W2333266771
https://openalex.org/W2334803477
https://openalex.org/W2364896064
https://openalex.org/W2395108308
https://openalex.org/W2399821895
https://openalex.org/W2402231895
https://openalex.org/W2404920914
https://openalex.org/W2406715361
https://openalex.org/W2410920047
https://openalex.org/W2411147324
https://openalex.org/W2411280158
https://openalex.org/W2416320393
https://openalex.org/W2416667978
https://openalex.org/W2419489865
https://openalex.org/W2439171142
https://openalex.org/W24503985
https://openalex.org/W2460129799
https://openalex.org/W2466907470
https://openalex.org/W2469802437
https://openalex.org/W2475269388
https://openalex.org/W2507400261
https://openalex.org/W2520927379
https://openalex.org/W2527278243
https://openalex.org/W2527548465
https://openalex.org/W2540812147
https://openalex.org/W2556665369
https://openalex.org/W2563769040
https://openalex.org/W2566228934
https://openalex.org/W2586440286
https://openalex.org/W2586816995
https://openalex.org/W2589460352
https://openalex.org/W2594552760
https://openalex.org/W2605262598
https://openalex.org/W2622637344
https://openalex.org/W2624863853
https://openalex.org/W2708559191
https://openalex.org/W2739572276
https://openalex.org/W2751484693
https://openalex.org/W2756020500
https://openalex.org/W2767029807
https://openalex.org/W2773156468
https://openalex.org/W2783734789
https://openalex.org/W2789386441
https://openalex.org/W2804385442
https://openalex.org/W2805842112
https://openalex.org/W2806233209
https://openalex.org/W2807896894
https://openalex.org/W2810729142
https://openalex.org/W2869502794
https://openalex.org/W2884725036
https://openalex.org/W2885595803
https://openalex.org/W2889553679
https://openalex.org/W2891824506
https://openalex.org/W2899249979
https://openalex.org/W2900163686
https://openalex.org/W2900578462
https://openalex.org/W2912984308
https://openalex.org/W2914517482
https://openalex.org/W2918112712
https://openalex.org/W2923380284
https://openalex.org/W2939999879
https://openalex.org/W2951610495
https://openalex.org/W2952528772
https://openalex.org/W2965096603
https://openalex.org/W2974493429
https://openalex.org/W2979868763
https://openalex.org/W2979890153
https://openalex.org/W2980908996
https://openalex.org/W2981610556
https://openalex.org/W2984606370
https://openalex.org/W2991087345
https://openalex.org/W2991530076
https://openalex.org/W3000230675
https://openalex.org/W3002295861
https://openalex.org/W3007916455
https://openalex.org/W3020886908
https://openalex.org/W3023049890
https://openalex.org/W3023960948
https://openalex.org/W3030687191
https://openalex.org/W3036796302
https://openalex.org/W3040656484
https://openalex.org/W3046417874
https://openalex.org/W3049569632
https://openalex.org/W30632405
https://openalex.org/W3088330245
https://openalex.org/W3088850003
https://openalex.org/W3090024076
https://openalex.org/W3091160558
https://openalex.org/W3093869685
https://openalex.org/W3102495866
https://openalex.org/W3104220902
https://openalex.org/W3104236019
https://openalex.org/W3122019638
https://openalex.org/W3122615539
https://openalex.org/W3123922994
https://openalex.org/W3125563060
https://openalex.org/W3127028059
https://openalex.org/W3130116607
https://openalex.org/W3134131507
https://openalex.org/W3135702169
https://openalex.org/W3135755438
https://openalex.org/W3137729955
https://openalex.org/W3156106176
https://openalex.org/W3161119183
https://openalex.org/W3163085856
https://openalex.org/W3164214524
https://openalex.org/W3166385880
https://openalex.org/W3176522655
https://openalex.org/W3176882386
https://openalex.org/W3183876440
https://openalex.org/W3187034528
https://openalex.org/W3192484395
https://openalex.org/W3195469383
https://openalex.org/W3195565513
https://openalex.org/W3197619179
https://openalex.org/W3197999922
https://openalex.org/W3201853166
https://openalex.org/W3204475368
https://openalex.org/W3206296336
https://openalex.org/W3209625873
https://openalex.org/W3217083291
https://openalex.org/W3217285774
https://openalex.org/W4205110800
https://openalex.org/W4205957820
https://openalex.org/W4206689742
https://openalex.org/W4206752198
https://openalex.org/W4207046160
https://openalex.org/W4210983886
https://openalex.org/W4213089731
https://openalex.org/W4213363652
https://openalex.org/W4214892459
https://openalex.org/W4220846566
https://openalex.org/W4221132780
https://openalex.org/W4223531897
https://openalex.org/W4223643917
https://openalex.org/W4224267595
https://openalex.org/W4229457221
https://openalex.org/W4230393250
https://openalex.org/W4239619698
https://openalex.org/W4242184364
https://openalex.org/W4246953458
https://openalex.org/W4281952521
https://openalex.org/W4282983421
https://openalex.org/W4284895570
https://openalex.org/W4285025797
https://openalex.org/W4285603253
https://openalex.org/W4288784545
https://openalex.org/W4288885990
https://openalex.org/W4293089022
https://openalex.org/W4293727938
https://openalex.org/W4295851575
https://openalex.org/W4296143881
https://openalex.org/W4296182643
https://openalex.org/W4302028227
https://openalex.org/W4306755649
https://openalex.org/W4309942536
https://openalex.org/W4310191039
https://openalex.org/W4313546268
https://openalex.org/W4317910461
https://openalex.org/W4318484726
https://openalex.org/W4320879843
https://openalex.org/W4321370697
https://openalex.org/W4323349126
https://openalex.org/W4327969678
https://openalex.org/W4328047903
https://openalex.org/W4353106148
https://openalex.org/W77706338
https://openalex.org/W8131201
https://openalex.org/W851945179
https://openalex.org/W129612218
https://openalex.org/W1412082974
https://openalex.org/W1500297747
https://openalex.org/W1517650654
https://openalex.org/W1524222986
https://openalex.org/W1541376804
https://openalex.org/W1552368157
https://openalex.org/W1563201655
https://openalex.org/W1599211933
https://openalex.org/W1614702547
https://openalex.org/W1680966053
https://openalex.org/W173064505
https://openalex.org/W181727063
https://openalex.org/W1963535154
https://openalex.org/W1963539674
https://openalex.org/W1965072906
https://openalex.org/W1967603452
https://openalex.org/W1969335945
https://openalex.org/W1971421762
https://openalex.org/W1974772465
https://openalex.org/W1976374908
https://openalex.org/W1983529151
https://openalex.org/W1985464231
https://openalex.org/W1986460132
https://openalex.org/W198836409
https://openalex.org/W1990883750
https://openalex.org/W1993788498
https://openalex.org/W1995910287
https://openalex.org/W2001693546
https://openalex.org/W2003692706
https://openalex.org/W2004855844
https://openalex.org/W2005737650
https://openalex.org/W2007034790
https://openalex.org/W201091801
https://openalex.org/W2011211195
https://openalex.org/W2013934122
https://openalex.org/W2014751587
https://openalex.org/W2015051332
https://openalex.org/W2025914994
https://openalex.org/W2028010288
https://openalex.org/W2029824545
https://openalex.org/W2038055805
https://openalex.org/W2040801981
https://openalex.org/W2042266762
https://openalex.org/W2046179541
https://openalex.org/W2046470970
https://openalex.org/W2048215963
https://openalex.org/W2048335282
https://openalex.org/W2055814064
https://openalex.org/W2055942911
https://openalex.org/W2055960678
https://openalex.org/W2062680398
https://openalex.org/W2062759429
https://openalex.org/W2063385417
https://openalex.org/W2068421344
https://openalex.org/W2068645226
https://openalex.org/W2070798153
https://openalex.org/W2073129984
https://openalex.org/W2074963970
https://openalex.org/W2077944385
https://openalex.org/W2078382951
https://openalex.org/W2081315506
https://openalex.org/W2090995644
https://openalex.org/W2095403561
https://openalex.org/W2098052279
https://openalex.org/W2102500479
https://openalex.org/W2111707875
https://openalex.org/W2112241410
https://openalex.org/W2112414478
https://openalex.org/W2112744726
https://openalex.org/W2114692986
https://openalex.org/W2116962372
https://openalex.org/W21196028
https://openalex.org/W2127087706
https://openalex.org/W2142431847
https://openalex.org/W2146947817
https://openalex.org/W2148864568
https://openalex.org/W2150340020
https://openalex.org/W2157563133
https://openalex.org/W2162943282
https://openalex.org/W2163992071
https://openalex.org/W2165374243
https://openalex.org/W2173770279
https://openalex.org/W2181476992
https://openalex.org/W2198462458
https://openalex.org/W2213454022
https://openalex.org/W2237091781
https://openalex.org/W2242528769
https://openalex.org/W2245544263
https://openalex.org/W2273840237
https://openalex.org/W2279003941
https://openalex.org/W229505843
https://openalex.org/W2312408226
https://openalex.org/W2312757903
https://openalex.org/W2313305580
https://openalex.org/W2314557374
https://openalex.org/W2317607404
https://openalex.org/W2318942390
https://openalex.org/W2321596864
https://openalex.org/W2321684235
https://openalex.org/W2324557655
https://openalex.org/W2325510318
https://openalex.org/W2326587367
https://openalex.org/W2331267619
https://openalex.org/W2331311612
https://openalex.org/W2334501446
https://openalex.org/W2345423971
https://openalex.org/W2345786955
https://openalex.org/W2352100831
https://openalex.org/W2359325572
https://openalex.org/W2369177630
https://openalex.org/W2378169289
https://openalex.org/W2394577566
https://openalex.org/W2394826344
https://openalex.org/W2395055279
https://openalex.org/W2399768955
https://openalex.org/W2402836980
https://openalex.org/W2403226128
https://openalex.org/W2407472137
https://openalex.org/W2407563181
https://openalex.org/W2410455668
https://openalex.org/W2410581657
https://openalex.org/W2413154545
https://openalex.org/W2414557987
https://openalex.org/W2415118923
https://openalex.org/W2418494573
https://openalex.org/W2420889754
https://openalex.org/W2425515500
https://openalex.org/W2432779052
https://openalex.org/W2444622955
https://openalex.org/W2470017481
https://openalex.org/W2475340558
https://openalex.org/W2476846496
https://openalex.org/W2498314609
https://openalex.org/W2498973919
https://openalex.org/W2512454478
https://openalex.org/W2520662908
https://openalex.org/W2535631265
https://openalex.org/W2544272185
https://openalex.org/W2546163796
https://openalex.org/W2546234166
https://openalex.org/W2548947723
https://openalex.org/W2550060214
https://openalex.org/W2556554068
https://openalex.org/W2560343786
https://openalex.org/W2564034319
https://openalex.org/W2573145568
https://openalex.org/W2596828462
https://openalex.org/W2605192090
https://openalex.org/W2610297562
https://openalex.org/W2616445408
https://openalex.org/W2623919003
https://openalex.org/W2626538849
https://openalex.org/W2652638049
https://openalex.org/W2732484400
https://openalex.org/W2738112768
https://openalex.org/W2768678884
https://openalex.org/W2769798339
https://openalex.org/W2773636272
https://openalex.org/W2788970891
https://openalex.org/W2790916559
https://openalex.org/W2791564401
https://openalex.org/W2799540088
https://openalex.org/W2806907245
https://openalex.org/W2886484762
https://openalex.org/W2889134473
https://openalex.org/W2895910238
https://openalex.org/W2897757633
https://openalex.org/W2898113474
https://openalex.org/W2901924495
https://openalex.org/W2905779010
https://openalex.org/W2912297499
https://openalex.org/W2921001883
https://openalex.org/W2921458353
https://openalex.org/W2945206427
https://openalex.org/W2946197213
https://openalex.org/W2946837939
https://openalex.org/W2947757621
https://openalex.org/W2951158278
https://openalex.org/W2963426750
https://openalex.org/W2977564634
https://openalex.org/W2978389014
https://openalex.org/W2978915016
https://openalex.org/W2981782711
https://openalex.org/W2982413474
https://openalex.org/W2991005435
https://openalex.org/W2991355529
https://openalex.org/W2998264143
https://openalex.org/W3001573092
https://openalex.org/W3004693107
https://openalex.org/W3005546043
https://openalex.org/W3012467373
https://openalex.org/W3014802736
https://openalex.org/W3015163741
https://openalex.org/W3015985165
https://openalex.org/W3022295793
https://openalex.org/W3024286923
https://openalex.org/W3024331982
https://openalex.org/W3032045950
https://openalex.org/W3033803578
https://openalex.org/W3037371095
https://openalex.org/W3041927101
https://openalex.org/W3043136075
https://openalex.org/W3043261179
https://openalex.org/W3046190159
https://openalex.org/W3091494220
https://openalex.org/W3094248992
https://openalex.org/W3097779284
https://openalex.org/W3099416238
https://openalex.org/W3100353150
https://openalex.org/W3102169869
https://openalex.org/W3103708205
https://openalex.org/W3116663949
https://openalex.org/W3127127925
https://openalex.org/W3128774994
https://openalex.org/W3136993545
https://openalex.org/W3138432151
https://openalex.org/W3144294049
https://openalex.org/W3155484405
https://openalex.org/W3163377868
https://openalex.org/W3169600701
https://openalex.org/W3180547881
https://openalex.org/W3187818390
https://openalex.org/W3191841494
https://openalex.org/W3194351570
https://openalex.org/W3196790784
https://openalex.org/W3198602583
https://openalex.org/W3199882600
https://openalex.org/W3205433245
https://openalex.org/W3210103401
https://openalex.org/W3214459545
https://openalex.org/W3216060747
https://openalex.org/W3216885126
https://openalex.org/W35012752
https://openalex.org/W40119719
https://openalex.org/W4205439807
https://openalex.org/W4205996083
https://openalex.org/W4207016911
https://openalex.org/W4207023114
https://openalex.org/W4212856354
https://openalex.org/W4212966432
https://openalex.org/W4213365767
https://openalex.org/W4214907193
https://openalex.org/W4220720175
https://openalex.org/W4220928093
https://openalex.org/W4220954161
https://openalex.org/W4221078541
https://openalex.org/W4223526658
https://openalex.org/W4225377365
https://openalex.org/W4226298073
https://openalex.org/W4226306015
https://openalex.org/W4226427520
https://openalex.org/W4229005171
https://openalex.org/W4230282897
https://openalex.org/W4236422727
https://openalex.org/W4237033707
https://openalex.org/W4237472996
https://openalex.org/W4238357386
https://openalex.org/W4239944691
https://openalex.org/W4240487618
https://openalex.org/W4242613298
https://openalex.org/W4246562929
https://openalex.org/W4247088307
https://openalex.org/W4247477658
https://openalex.org/W4247844926
https://openalex.org/W4248566010
https://openalex.org/W4250629550
https://openalex.org/W4251416602
https://openalex.org/W4252486074
https://openalex.org/W4280519207
https://openalex.org/W4281658846
https://openalex.org/W4281829344
https://openalex.org/W4282023241
https://openalex.org/W4282832607
https://openalex.org/W4282841324
https://openalex.org/W4284703356
https://openalex.org/W4285007716
https://openalex.org/W4285009957
https://openalex.org/W4285611320
https://openalex.org/W4285744150
https://openalex.org/W4285890956
https://openalex.org/W4286218940
https://openalex.org/W4286497137
https://openalex.org/W4286669399
https://openalex.org/W4289889580
https://openalex.org/W4290739308
https://openalex.org/W4292079579
https://openalex.org/W4294838687
https://openalex.org/W4294990942
https://openalex.org/W4296139755
https://openalex.org/W4296468279
https://openalex.org/W4297259501
https://openalex.org/W4303043618
https://openalex.org/W4306408303
https://openalex.org/W4306734337
https://openalex.org/W4306756792
https://openalex.org/W4307233467
https://openalex.org/W4309518389
https://openalex.org/W4310565021
https://openalex.org/W4311765023
https://openalex.org/W4311947214
https://openalex.org/W4312065126
https://openalex.org/W4312067137
https://openalex.org/W4312190877
https://openalex.org/W4313343310
https://openalex.org/W4313426469
https://openalex.org/W4313642691
https://openalex.org/W4313909162
https://openalex.org/W4316039064
https://openalex.org/W4317387825
https://openalex.org/W4318478174
https://openalex.org/W4318567043
https://openalex.org/W4319833051
https://openalex.org/W4320035463
https://openalex.org/W4320491696
https://openalex.org/W4321641532
https://openalex.org/W4322494179
https://openalex.org/W4323313775
https://openalex.org/W4324303378
https://openalex.org/W4362631541
https://openalex.org/W4366347112
https://openalex.org/W4368348170
https://openalex.org/W4382394376
https://openalex.org/W4385190276
https://openalex.org/W46838902
https://openalex.org/W47823319
https://openalex.org/W636909965
https://openalex.org/W88531870
https://openalex.org/W91091048
https://openalex.org/W1036547161
https://openalex.org/W112397182
https://openalex.org/W1258579879
https://openalex.org/W131279013
https://openalex.org/W1484355113
https://openalex.org/W1486104663
https://openalex.org/W1496939340
https://openalex.org/W1502478523
https://openalex.org/W1527535012
https://openalex.org/W1528699404
https://openalex.org/W1541727412
https://openalex.org/W1546692724
https://openalex.org/W1587986370
https://openalex.org/W158916123
https://openalex.org/W169171040
https://openalex.org/W173169127
https://openalex.org/W1736487128
https://openalex.org/W1755135911
https://openalex.org/W181472634
https://openalex.org/W1874412256
https://openalex.org/W194116580
https://openalex.org/W1950216896
https://openalex.org/W1960589764
https://openalex.org/W1964860744
https://openalex.org/W1965075875
https://openalex.org/W1965189736
https://openalex.org/W1966135535
https://openalex.org/W1969058364
https://openalex.org/W1970937826
https://openalex.org/W1971645061
https://openalex.org/W1972785957
https://openalex.org/W1973431627
https://openalex.org/W1979043869
https://openalex.org/W1979229275
https://openalex.org/W1980333630
https://openalex.org/W1981994172
https://openalex.org/W1982899007
https://openalex.org/W1984363260
https://openalex.org/W1984408141
https://openalex.org/W1988867878
https://openalex.org/W1990688989
https://openalex.org/W1990928711
https://openalex.org/W1991045928
https://openalex.org/W1991275989
https://openalex.org/W1991909248
https://openalex.org/W1991913543
https://openalex.org/W1994348524
https://openalex.org/W1995401004
https://openalex.org/W1997945031
https://openalex.org/W2000510257
https://openalex.org/W2001083810
https://openalex.org/W2005716215
https://openalex.org/W2009676767
https://openalex.org/W2009903245
https://openalex.org/W2011156929
https://openalex.org/W2011456272
https://openalex.org/W2011472264
https://openalex.org/W2011848343
https://openalex.org/W2012068204
https://openalex.org/W2012088351
https://openalex.org/W2014259569
https://openalex.org/W2014656453
https://openalex.org/W2016648098
https://openalex.org/W2016777578
https://openalex.org/W2018887819
https://openalex.org/W2019553545
https://openalex.org/W2020721279
https://openalex.org/W2021299837
https://openalex.org/W2021581132
https://openalex.org/W2024515196
https://openalex.org/W2025418714
https://openalex.org/W2029631902
https://openalex.org/W2031204845
https://openalex.org/W2032511993
https://openalex.org/W2035716816
https://openalex.org/W2036209409
https://openalex.org/W2037607798
https://openalex.org/W2038540746
https://openalex.org/W2039852957
https://openalex.org/W2040464128
https://openalex.org/W2041413218
https://openalex.org/W2045616964
https://openalex.org/W2047883174
https://openalex.org/W2049483154
https://openalex.org/W2049523709
https://openalex.org/W2050596340
https://openalex.org/W2051593803
https://openalex.org/W2052147401
https://openalex.org/W2052776194
https://openalex.org/W2054448890
https://openalex.org/W2054526995
https://openalex.org/W2055010492
https://openalex.org/W2057928738
https://openalex.org/W2060559917
https://openalex.org/W2060689102
https://openalex.org/W2061083622
https://openalex.org/W2062654048
https://openalex.org/W2065430093
https://openalex.org/W2066963790
https://openalex.org/W2069814058
https://openalex.org/W2071038642
https://openalex.org/W2072591648
https://openalex.org/W2080539621
https://openalex.org/W2085978053
https://openalex.org/W2086965743
https://openalex.org/W2087340513
https://openalex.org/W2088248085
https://openalex.org/W2088845876
https://openalex.org/W2091971852
https://openalex.org/W2097070156
https://openalex.org/W2099477594
https://openalex.org/W2100525777
https://openalex.org/W2101175140
https://openalex.org/W2102597892
https://openalex.org/W2103643346
https://openalex.org/W2109689227
https://openalex.org/W2109852370
https://openalex.org/W2110887575
https://openalex.org/W2111318657
https://openalex.org/W2112003307
https://openalex.org/W2112872991
https://openalex.org/W2113149359
https://openalex.org/W2116803653
https://openalex.org/W2120309802
https://openalex.org/W2123369994
https://openalex.org/W2127926156
https://openalex.org/W2128805434
https://openalex.org/W2129918273
https://openalex.org/W2144575234
https://openalex.org/W2145036570
https://openalex.org/W2146442713
https://openalex.org/W2147587082
https://openalex.org/W2148513521
https://openalex.org/W2154313521
https://openalex.org/W2157417702
https://openalex.org/W2157691646
https://openalex.org/W2166969937
https://openalex.org/W2171498394
https://openalex.org/W2174542737
https://openalex.org/W2175195626
https://openalex.org/W2182448086
https://openalex.org/W2187655318
https://openalex.org/W2189510397
https://openalex.org/W2192387712
https://openalex.org/W2209154915
https://openalex.org/W2215944811
https://openalex.org/W2227623918
https://openalex.org/W2231310459
https://openalex.org/W2237768380
https://openalex.org/W2245896030
https://openalex.org/W2247346675
https://openalex.org/W2252445155
https://openalex.org/W2254590442
https://openalex.org/W2257846359
https://openalex.org/W2267688411
https://openalex.org/W2267775447
https://openalex.org/W2271475037
https://openalex.org/W2271878448
https://openalex.org/W2274543134
https://openalex.org/W2274941101
https://openalex.org/W2279344667
https://openalex.org/W2283799577
https://openalex.org/W2284030062
https://openalex.org/W2284038956
https://openalex.org/W2291892771
https://openalex.org/W2294008353
https://openalex.org/W2299458503
https://openalex.org/W2307645527
https://openalex.org/W2314034165
https://openalex.org/W2314631485
https://openalex.org/W2314850910
https://openalex.org/W2316100993
https://openalex.org/W2316760311
https://openalex.org/W2317572707
https://openalex.org/W2320900410
https://openalex.org/W2325057120
https://openalex.org/W2327359993
https://openalex.org/W2328607268
https://openalex.org/W2329312540
https://openalex.org/W2330672666
https://openalex.org/W2331066636
https://openalex.org/W2332459442
https://openalex.org/W2332635587
https://openalex.org/W2334792610
https://openalex.org/W2343889926
https://openalex.org/W2348147166
https://openalex.org/W2348420376
https://openalex.org/W2349955864
https://openalex.org/W2351979450
https://openalex.org/W2353146878
https://openalex.org/W2357284240
https://openalex.org/W2363509721
https://openalex.org/W2366310622
https://openalex.org/W2368671933
https://openalex.org/W2371058187
https://openalex.org/W2371236349
https://openalex.org/W2372710436
https://openalex.org/W2375625104
https://openalex.org/W2376766920
https://openalex.org/W2377092134
https://openalex.org/W2384632501
https://openalex.org/W2386308034
https://openalex.org/W2388283933
https://openalex.org/W2394702604
https://openalex.org/W2396257144
https://openalex.org/W2402244483
https://openalex.org/W2402439608
https://openalex.org/W2402914305
https://openalex.org/W2405741013
https://openalex.org/W2406840758
https://openalex.org/W2410343885
https://openalex.org/W2411454289
https://openalex.org/W2412377645
https://openalex.org/W2413597906
https://openalex.org/W2413678673
https://openalex.org/W2413889400
https://openalex.org/W2414716353
https://openalex.org/W2414794589
https://openalex.org/W2416061174
https://openalex.org/W2416151251
https://openalex.org/W2416278634
https://openalex.org/W2416367603
https://openalex.org/W2417648600
https://openalex.org/W2418892240
https://openalex.org/W2422671252
https://openalex.org/W2433852625
https://openalex.org/W2435344125
https://openalex.org/W2437527895
https://openalex.org/W2443101689
https://openalex.org/W2444617638
https://openalex.org/W2444636335
https://openalex.org/W245350299
https://openalex.org/W2463108076
https://openalex.org/W2466752538
https://openalex.org/W2467322625
https://openalex.org/W2469450732
https://openalex.org/W2470991274
https://openalex.org/W2471745475
https://openalex.org/W2475022712
https://openalex.org/W2477339852
https://openalex.org/W2482450584
https://openalex.org/W2485632471
https://openalex.org/W2488380024
https://openalex.org/W2508181001
https://openalex.org/W2508786595
https://openalex.org/W2511861408
https://openalex.org/W2514823534
https://openalex.org/W2515415321
https://openalex.org/W2516420332
https://openalex.org/W2518135787
https://openalex.org/W2518366156
https://openalex.org/W2521379534
https://openalex.org/W2527911707
https://openalex.org/W2530945882
https://openalex.org/W2531537747
https://openalex.org/W2535287722
https://openalex.org/W2540420743
https://openalex.org/W2547826854
https://openalex.org/W2548031653
https://openalex.org/W2552639222
https://openalex.org/W2555098783
https://openalex.org/W2556127917
https://openalex.org/W2561575977
https://openalex.org/W2576337075
https://openalex.org/W2584501655
https://openalex.org/W2588023626
https://openalex.org/W2589716133
https://openalex.org/W2591513665
https://openalex.org/W2594636423
https://openalex.org/W2604712060
https://openalex.org/W2604898075
https://openalex.org/W2610007562
https://openalex.org/W2612510941
https://openalex.org/W2623076591
https://openalex.org/W2625790308
https://openalex.org/W2654817807
https://openalex.org/W2666513291
https://openalex.org/W2726046656
https://openalex.org/W2734975566
https://openalex.org/W2739434910
https://openalex.org/W2743276846
https://openalex.org/W2746340774
https://openalex.org/W2752460198
https://openalex.org/W2754048840
https://openalex.org/W275608339
https://openalex.org/W2756868264
https://openalex.org/W2760806413
https://openalex.org/W2760889613
https://openalex.org/W2766462423
https://openalex.org/W2769067221
https://openalex.org/W2769287195
https://openalex.org/W2788723547
https://openalex.org/W2790223859
https://openalex.org/W2790465244
https://openalex.org/W2790654217
https://openalex.org/W2790925082
https://openalex.org/W2792473953
https://openalex.org/W2794079594
https://openalex.org/W2795478278
https://openalex.org/W2795542649
https://openalex.org/W2799809082
https://openalex.org/W2801375941
https://openalex.org/W2802426130
https://openalex.org/W2808532808
https://openalex.org/W2809237461
https://openalex.org/W2810250828
https://openalex.org/W286611971
https://openalex.org/W2883368023
https://openalex.org/W2883679873
https://openalex.org/W2892896291
https://openalex.org/W2894222146
https://openalex.org/W2897068113
https://openalex.org/W2898964019
https://openalex.org/W2899234725
https://openalex.org/W2899771838
https://openalex.org/W2906911099
https://openalex.org/W2907444164
https://openalex.org/W2912083347
https://openalex.org/W2921145704
https://openalex.org/W2921672274
https://openalex.org/W2921708918
https://openalex.org/W2921987153
https://openalex.org/W2929660107
https://openalex.org/W2930613564
https://openalex.org/W2944327644
https://openalex.org/W2946979588
https://openalex.org/W2947776397
https://openalex.org/W2951941305
https://openalex.org/W2953810786
https://openalex.org/W2960931639
https://openalex.org/W2966126945
https://openalex.org/W2966912364
https://openalex.org/W2967036764
https://openalex.org/W2973155155
https://openalex.org/W2974191320
https://openalex.org/W2977333096
https://openalex.org/W2978583848
https://openalex.org/W2982490287
https://openalex.org/W2984719155
https://openalex.org/W2987631158
https://openalex.org/W2987799015
https://openalex.org/W2989739587
https://openalex.org/W2991009891
https://openalex.org/W2991402398
https://openalex.org/W2994914137
https://openalex.org/W3003833508
https://openalex.org/W3005423273
https://openalex.org/W3008031822
https://openalex.org/W3011141949
https://openalex.org/W3011262942
https://openalex.org/W3011443784
https://openalex.org/W3013591643
https://openalex.org/W3015730756
https://openalex.org/W3017243005
https://openalex.org/W3018539917
https://openalex.org/W3019955214
https://openalex.org/W3023599958
https://openalex.org/W3024115050
https://openalex.org/W3024122893
https://openalex.org/W3025461007
https://openalex.org/W3033733949
https://openalex.org/W3035147854
https://openalex.org/W3036768990
https://openalex.org/W3041427228
https://openalex.org/W3041886743
https://openalex.org/W3042102412
https://openalex.org/W3044189967
https://openalex.org/W3044509000
https://openalex.org/W3048836353
https://openalex.org/W3083334652
https://openalex.org/W3084859987
https://openalex.org/W3091603067
https://openalex.org/W3093861424
https://openalex.org/W3099238509
https://openalex.org/W3101778488
https://openalex.org/W3103479569
https://openalex.org/W3103966224
https://openalex.org/W3104783618
https://openalex.org/W3105980805
https://openalex.org/W3113166039
https://openalex.org/W3118184556
https://openalex.org/W3118475328
https://openalex.org/W3119284931
https://openalex.org/W3120979953
https://openalex.org/W3124141134
https://openalex.org/W3134957290
https://openalex.org/W3135963933
https://openalex.org/W3139094673
https://openalex.org/W3145392876
https://openalex.org/W3145607525
https://openalex.org/W3156855758
https://openalex.org/W3157648074
https://openalex.org/W3160393604
https://openalex.org/W3161751733
https://openalex.org/W3161796388
https://openalex.org/W3162097601
https://openalex.org/W3162445306
https://openalex.org/W3162450726
https://openalex.org/W3162899669
https://openalex.org/W3165902963
https://openalex.org/W3174469713
https://openalex.org/W3176887759
https://openalex.org/W3180578630
https://openalex.org/W3180855211
https://openalex.org/W3185414177
https://openalex.org/W3189202397
https://openalex.org/W3192223089
https://openalex.org/W3193216575
https://openalex.org/W3194167389
https://openalex.org/W3198106562
https://openalex.org/W3198319524
https://openalex.org/W3200633629
https://openalex.org/W3200782201
https://openalex.org/W3201319284
https://openalex.org/W3201990274
https://openalex.org/W3202152380
https://openalex.org/W3205509762
https://openalex.org/W3208944183
https://openalex.org/W3212604108
https://openalex.org/W321593597
https://openalex.org/W3217003234
https://openalex.org/W391434175
https://openalex.org/W4200402870
https://openalex.org/W4200594809
https://openalex.org/W4205701267
https://openalex.org/W4206051722
https://openalex.org/W4206779468
https://openalex.org/W4206928814
https://openalex.org/W4211080147
https://openalex.org/W4211103378
https://openalex.org/W4213148821
https://openalex.org/W4214492166
https://openalex.org/W4220753842
https://openalex.org/W4220896851
https://openalex.org/W4220987851
https://openalex.org/W4221086386
https://openalex.org/W4223431269
https://openalex.org/W4224099441
https://openalex.org/W4224136035
https://openalex.org/W4224287147
https://openalex.org/W4224311725
https://openalex.org/W4225759277
https://openalex.org/W4225856506
https://openalex.org/W4226086026
https://openalex.org/W4229027794
https://openalex.org/W4231845362
https://openalex.org/W4232605821
https://openalex.org/W4233471410
https://openalex.org/W4234536097
https://openalex.org/W4236881599
https://openalex.org/W4240032372
https://openalex.org/W4242481444
https://openalex.org/W4244855569
https://openalex.org/W4245213438
https://openalex.org/W4245225332
https://openalex.org/W4245656304
https://openalex.org/W4247493054
https://openalex.org/W4247526552
https://openalex.org/W4251120271
https://openalex.org/W4251652489
https://openalex.org/W4253504670
https://openalex.org/W4253910628
https://openalex.org/W4255150024
https://openalex.org/W4255252890
https://openalex.org/W4256021380
https://openalex.org/W4256473067
https://openalex.org/W4280577663
https://openalex.org/W4280609474
https://openalex.org/W4281397611
https://openalex.org/W4281838498
https://openalex.org/W4281988404
https://openalex.org/W4282548213
https://openalex.org/W4283457485
https://openalex.org/W4283657916
https://openalex.org/W4283689261
https://openalex.org/W4283742718
https://openalex.org/W4283828287
https://openalex.org/W4285234763
https://openalex.org/W4285496740
https://openalex.org/W4287414025
https://openalex.org/W4287463697
https://openalex.org/W4288045487
https://openalex.org/W4288056879
https://openalex.org/W4289012740
https://openalex.org/W4289878897
https://openalex.org/W4290205451
https://openalex.org/W4291151300
https://openalex.org/W4292683654
https://openalex.org/W4293206338
https://openalex.org/W4293347931
https://openalex.org/W4293581765
https://openalex.org/W4294724546
https://openalex.org/W4295954033
https://openalex.org/W4296168022
https://openalex.org/W4296544112
https://openalex.org/W4298009610
https://openalex.org/W4298179793
https://openalex.org/W4300548912
https://openalex.org/W4303649240
https://openalex.org/W4306403561
https://openalex.org/W4307339955
https://openalex.org/W4307425936
https://openalex.org/W4307633527
https://openalex.org/W4308648767
https://openalex.org/W4308736559
https://openalex.org/W4308874748
https://openalex.org/W4309189150
https://openalex.org/W4309879534
https://openalex.org/W4309922100
https://openalex.org/W4310040849
https://openalex.org/W4310506649
https://openalex.org/W4310673809
https://openalex.org/W4310817035
https://openalex.org/W4310962317
https://openalex.org/W4310967291
https://openalex.org/W4311283352
https://openalex.org/W4311363773
https://openalex.org/W4311514558
https://openalex.org/W4312082913
https://openalex.org/W4312084778
https://openalex.org/W4312094086
https://openalex.org/W4312107573
https://openalex.org/W4312140339
https://openalex.org/W4312190347
https://openalex.org/W4312219889
https://openalex.org/W4312317614
https://openalex.org/W4313030211
https://openalex.org/W4313216266
https://openalex.org/W4313349006
https://openalex.org/W4313443506
https://openalex.org/W4313509444
https://openalex.org/W4313529915
https://openalex.org/W4313655309
https://openalex.org/W4315929167
https://openalex.org/W4317103732
https://openalex.org/W4318618777
https://openalex.org/W4318911859
https://openalex.org/W4319787795
https://openalex.org/W4319966483
https://openalex.org/W4322632034
https://openalex.org/W4323567190
https://openalex.org/W4324136789
https://openalex.org/W4324136845
https://openalex.org/W4360858580
https://openalex.org/W4360938448
https://openalex.org/W4361248295
https://openalex.org/W4362556782
https://openalex.org/W4367042865
https://openalex.org/W4367051066
https://openalex.org/W4376150891
https://openalex.org/W4376223702
https://openalex.org/W4377090921
https://openalex.org/W4377094220
https://openalex.org/W4377221466
https://openalex.org/W4377292211
https://openalex.org/W4378190878
https://openalex.org/W4378347882
https://openalex.org/W4378472444
https://openalex.org/W4379614966
https://openalex.org/W4381056933
https://openalex.org/W4382181626
https://openalex.org/W4383067110
https://openalex.org/W4384206925
https://openalex.org/W4385324485
https://openalex.org/W569539110
https://openalex.org/W569684056
https://openalex.org/W652625825
https://openalex.org/W655596401
https://openalex.org/W70092874
https://openalex.org/W74852862
https://openalex.org/W83621072
https://openalex.org/W86532153
https://openalex.org/W895998674
https://openalex.org/W91163195
https://openalex.org/W97333565
https://openalex.org/W1005265112
https://openalex.org/W1013456256
https://openalex.org/W1018910455
https://openalex.org/W1034256709
https://openalex.org/W105169206
https://openalex.org/W1119377993
https://openalex.org/W1121374316
https://openalex.org/W115131799
https://openalex.org/W115812728
https://openalex.org/W1160860990
https://openalex.org/W1172452476
https://openalex.org/W1201582553
https://openalex.org/W1220538508
https://openalex.org/W1227683597
https://openalex.org/W123521497
https://openalex.org/W1239853768
https://openalex.org/W1240772741
https://openalex.org/W1252452157
https://openalex.org/W125380447
https://openalex.org/W125451504
https://openalex.org/W1262825647
https://openalex.org/W126781510
https://openalex.org/W1269223849
https://openalex.org/W12756331
https://openalex.org/W130875107
https://openalex.org/W131761143
https://openalex.org/W138039492
https://openalex.org/W1417282483
https://openalex.org/W1429704881
https://openalex.org/W1430237099
https://openalex.org/W1441689784
https://openalex.org/W1445796880
https://openalex.org/W1449622181
https://openalex.org/W1450102867
https://openalex.org/W1462084277
https://openalex.org/W1465534356
https://openalex.org/W1466336429
https://openalex.org/W1467238234
https://openalex.org/W1468773438
https://openalex.org/W1469176348
https://openalex.org/W1469204409
https://openalex.org/W1469518744
https://openalex.org/W1474015893
https://openalex.org/W1477642863
https://openalex.org/W1485448095
https://openalex.org/W1486545908
https://openalex.org/W1488111273
https://openalex.org/W1490868761
https://openalex.org/W1494840391
https://openalex.org/W1496078838
https://openalex.org/W1497263703
https://openalex.org/W1497797541
https://openalex.org/W1498267321
https://openalex.org/W1498801960
https://openalex.org/W1503174552
https://openalex.org/W1505663690
https://openalex.org/W150650071
https://openalex.org/W1509432864
https://openalex.org/W1510681015
https://openalex.org/W151527034
https://openalex.org/W1517822441
https://openalex.org/W1520136286
https://openalex.org/W1523117612
https://openalex.org/W1524769389
https://openalex.org/W1527246250
https://openalex.org/W1530881778
https://openalex.org/W1541151614
https://openalex.org/W1541599378
https://openalex.org/W1548174887
https://openalex.org/W1550855634
https://openalex.org/W1551048749
https://openalex.org/W1556113256
https://openalex.org/W1557512659
https://openalex.org/W1558793017
https://openalex.org/W1559249010
https://openalex.org/W1564997790
https://openalex.org/W156901998
https://openalex.org/W1571269187
https://openalex.org/W1582012149
https://openalex.org/W1583561963
https://openalex.org/W1584961527
https://openalex.org/W1586805947
https://openalex.org/W1589352659
https://openalex.org/W1591281201
https://openalex.org/W1591684515
https://openalex.org/W1591703795
https://openalex.org/W1592844947
https://openalex.org/W1592989407
https://openalex.org/W159308800
https://openalex.org/W1594120144
https://openalex.org/W1596576478
https://openalex.org/W1605313733
https://openalex.org/W1606312931
https://openalex.org/W1609724536
https://openalex.org/W1615612343
https://openalex.org/W162735320
https://openalex.org/W1637842319
https://openalex.org/W1638412250
https://openalex.org/W164200113
https://openalex.org/W1655618391
https://openalex.org/W1659727417
https://openalex.org/W168162332
https://openalex.org/W1705899382
https://openalex.org/W17294828
https://openalex.org/W176020507
https://openalex.org/W1764817407
https://openalex.org/W1786470392
https://openalex.org/W1800963317
https://openalex.org/W180220150
https://openalex.org/W1803088618
https://openalex.org/W1819868486
https://openalex.org/W1822387467
https://openalex.org/W1823891633
https://openalex.org/W1841076132
https://openalex.org/W1864613058
https://openalex.org/W1866973660
https://openalex.org/W1881354190
https://openalex.org/W190252727
https://openalex.org/W1908281935
https://openalex.org/W192684125
https://openalex.org/W1948890760
https://openalex.org/W1963744365
https://openalex.org/W1963915201
https://openalex.org/W1964881921
https://openalex.org/W1965751848
https://openalex.org/W1966694145
https://openalex.org/W1967604578
https://openalex.org/W1968051881
https://openalex.org/W1968058256
https://openalex.org/W1968335247
https://openalex.org/W1968819169
https://openalex.org/W1969151907
https://openalex.org/W1969269175
https://openalex.org/W1970709302
https://openalex.org/W1971115552
https://openalex.org/W1972091383
https://openalex.org/W1972707298
https://openalex.org/W1973098276
https://openalex.org/W1974222618
https://openalex.org/W1975012430
https://openalex.org/W1975433183
https://openalex.org/W1975548896
https://openalex.org/W1976335510
https://openalex.org/W1978164761
https://openalex.org/W1978467412
https://openalex.org/W1978640557
https://openalex.org/W1978703344
https://openalex.org/W1978973345
https://openalex.org/W1979416749
https://openalex.org/W1980160882
https://openalex.org/W1981795312
https://openalex.org/W1982962648
https://openalex.org/W1982995088
https://openalex.org/W1983502542
https://openalex.org/W198529014
https://openalex.org/W1985991912
https://openalex.org/W1987048523
https://openalex.org/W1987226795
https://openalex.org/W1988701889
https://openalex.org/W1988852085
https://openalex.org/W1989858507
https://openalex.org/W1990536670
https://openalex.org/W1990578433
https://openalex.org/W1990700016
https://openalex.org/W1991356547
https://openalex.org/W1991466777
https://openalex.org/W1991516104
https://openalex.org/W1992380120
https://openalex.org/W1993118743
https://openalex.org/W1994215280
https://openalex.org/W1994724444
https://openalex.org/W1995758318
https://openalex.org/W1998001027
https://openalex.org/W1998030917
https://openalex.org/W2000378506
https://openalex.org/W2000478060
https://openalex.org/W2002117707
https://openalex.org/W2002124838
https://openalex.org/W2003036660
https://openalex.org/W200304576
https://openalex.org/W2004067216
https://openalex.org/W2004255559
https://openalex.org/W2004390250
https://openalex.org/W2005967232
https://openalex.org/W2006063977
https://openalex.org/W2006109643
https://openalex.org/W2006146966
https://openalex.org/W2006622518
https://openalex.org/W2006955607
https://openalex.org/W2007506953
https://openalex.org/W2007969500
https://openalex.org/W2008922961
https://openalex.org/W2009416753
https://openalex.org/W2009684174
https://openalex.org/W2009842413
https://openalex.org/W2010034446
https://openalex.org/W2010475614
https://openalex.org/W2010554383
https://openalex.org/W2011184877
https://openalex.org/W2014840089
https://openalex.org/W2015686959
https://openalex.org/W2018034395
https://openalex.org/W2020518306
https://openalex.org/W2020643085
https://openalex.org/W2021445674
https://openalex.org/W2021952722
https://openalex.org/W2022320846
https://openalex.org/W2022431859
https://openalex.org/W2022435984
https://openalex.org/W2022514870
https://openalex.org/W2022926116
https://openalex.org/W2023062941
https://openalex.org/W2023079105
https://openalex.org/W2023223361
https://openalex.org/W2023691597
https://openalex.org/W2024303710
https://openalex.org/W2026584672
https://openalex.org/W2026799989
https://openalex.org/W2028204171
https://openalex.org/W2028412563
https://openalex.org/W2028426377
https://openalex.org/W2030851110
https://openalex.org/W2030864927
https://openalex.org/W2031058647
https://openalex.org/W2031464304
https://openalex.org/W2032644235
https://openalex.org/W2034216146
https://openalex.org/W2034327327
https://openalex.org/W2034828665
https://openalex.org/W2034976130
https://openalex.org/W2037107020
https://openalex.org/W2037400341
https://openalex.org/W2037721723
https://openalex.org/W2038161272
https://openalex.org/W2038410011
https://openalex.org/W2039633366
https://openalex.org/W2041434156
https://openalex.org/W2041533706
https://openalex.org/W2041982039
https://openalex.org/W2042267573
https://openalex.org/W2042984344
https://openalex.org/W2043701286
https://openalex.org/W2043826136
https://openalex.org/W2043983179
https://openalex.org/W2044991834
https://openalex.org/W2045793654
https://openalex.org/W2045987597
https://openalex.org/W2046380966
https://openalex.org/W2047537749
https://openalex.org/W2047863502
https://openalex.org/W2049222722
https://openalex.org/W2049382600
https://openalex.org/W2050118631
https://openalex.org/W2050129307
https://openalex.org/W2052037545
https://openalex.org/W2055126867
https://openalex.org/W2055433607
https://openalex.org/W2055516218
https://openalex.org/W2058776137
https://openalex.org/W2058920252
https://openalex.org/W2059068444
https://openalex.org/W2059105623
https://openalex.org/W2060214494
https://openalex.org/W2060327129
https://openalex.org/W2062651430
https://openalex.org/W2063501390
https://openalex.org/W2063743907
https://openalex.org/W2064987462
https://openalex.org/W2065247578
https://openalex.org/W2065274108
https://openalex.org/W2065884618
https://openalex.org/W2066081552
https://openalex.org/W2066154108
https://openalex.org/W2066339472
https://openalex.org/W2066434640
https://openalex.org/W206649930
https://openalex.org/W2066519677
https://openalex.org/W2067078535
https://openalex.org/W2067492833
https://openalex.org/W2067520847
https://openalex.org/W2067875390
https://openalex.org/W2069992726
https://openalex.org/W2070008577
https://openalex.org/W2070056773
https://openalex.org/W2070128479
https://openalex.org/W2070861262
https://openalex.org/W2071902033
https://openalex.org/W2072119901
https://openalex.org/W2073341074
https://openalex.org/W2073556686
https://openalex.org/W2074484135
https://openalex.org/W2075513857
https://openalex.org/W2077443637
https://openalex.org/W2077563189
https://openalex.org/W2078610907
https://openalex.org/W2078753055
https://openalex.org/W2079566484
https://openalex.org/W2080256743
https://openalex.org/W2080788862
https://openalex.org/W2081538801
https://openalex.org/W2081638595
https://openalex.org/W2083230403
https://openalex.org/W208333897
https://openalex.org/W2083870976
https://openalex.org/W2084131002
https://openalex.org/W2085063180
https://openalex.org/W2085209665
https://openalex.org/W2085646119
https://openalex.org/W2085694664
https://openalex.org/W2086106597
https://openalex.org/W2086229458
https://openalex.org/W2086522415
https://openalex.org/W2086982307
https://openalex.org/W2087357488
https://openalex.org/W2088968179
https://openalex.org/W2089197026
https://openalex.org/W2089391371
https://openalex.org/W2089910540
https://openalex.org/W2090476917
https://openalex.org/W2090550407
https://openalex.org/W2091088436
https://openalex.org/W2093413988
https://openalex.org/W2094035039
https://openalex.org/W2094364883
https://openalex.org/W2095013012
https://openalex.org/W2095352130
https://openalex.org/W2095368139
https://openalex.org/W2095431431
https://openalex.org/W2095485934
https://openalex.org/W2095670554
https://openalex.org/W2097509093
https://openalex.org/W2098915539
https://openalex.org/W2100675155
https://openalex.org/W2104049376
https://openalex.org/W2105691168
https://openalex.org/W2108553703
https://openalex.org/W2111861585
https://openalex.org/W2113221877
https://openalex.org/W2115640865
https://openalex.org/W2117760612
https://openalex.org/W2122175867
https://openalex.org/W2123683344
https://openalex.org/W2125925080
https://openalex.org/W2126846951
https://openalex.org/W2130584002
https://openalex.org/W2130985242
https://openalex.org/W213193488
https://openalex.org/W2133228649
https://openalex.org/W2133425280
https://openalex.org/W2133784474
https://openalex.org/W2134464549
https://openalex.org/W2140054196
https://openalex.org/W2143648235
https://openalex.org/W2147608157
https://openalex.org/W2149937409
https://openalex.org/W2151161945
https://openalex.org/W2151379260
https://openalex.org/W2153367326
https://openalex.org/W2156997461
https://openalex.org/W2157006499
https://openalex.org/W2159373012
https://openalex.org/W2160068140
https://openalex.org/W2160610318
https://openalex.org/W2160964072
https://openalex.org/W2163091160
https://openalex.org/W2163814701
https://openalex.org/W2163832934
https://openalex.org/W2166115411
https://openalex.org/W2170092324
https://openalex.org/W2170465203
https://openalex.org/W2172572542
https://openalex.org/W2173518727
https://openalex.org/W2177117831
https://openalex.org/W2177950311
https://openalex.org/W2178598197
https://openalex.org/W2180035396
https://openalex.org/W2180541597
https://openalex.org/W2182412854
https://openalex.org/W2182440143
https://openalex.org/W2183306352
https://openalex.org/W2183718123
https://openalex.org/W2184976254
https://openalex.org/W2186563132
https://openalex.org/W2186732990
https://openalex.org/W2187299423
https://openalex.org/W2187891974
https://openalex.org/W2187892495
https://openalex.org/W2188237861
https://openalex.org/W2189111142
https://openalex.org/W2189439057
https://openalex.org/W219046002
https://openalex.org/W21931664
https://openalex.org/W2195898455
https://openalex.org/W2196782810
https://openalex.org/W2197507842
https://openalex.org/W2198480080
https://openalex.org/W2198971015
https://openalex.org/W2200007111
https://openalex.org/W2200765899
https://openalex.org/W2201367035
https://openalex.org/W2201537459
https://openalex.org/W2202104826
https://openalex.org/W2202108866
https://openalex.org/W2202305915
https://openalex.org/W2202755418
https://openalex.org/W2204553157
https://openalex.org/W2205038181
https://openalex.org/W2208156264
https://openalex.org/W2209958075
https://openalex.org/W2213261728
https://openalex.org/W2213367060
https://openalex.org/W2217478438
https://openalex.org/W2217618257
https://openalex.org/W2217721654
https://openalex.org/W2218154574
https://openalex.org/W2218213016
https://openalex.org/W2219545703
https://openalex.org/W2221690804
https://openalex.org/W2222661780
https://openalex.org/W2223070719
https://openalex.org/W2223441217
https://openalex.org/W2225242084
https://openalex.org/W2225323692
https://openalex.org/W2226103003
https://openalex.org/W2227703910
https://openalex.org/W2227976072
https://openalex.org/W2228444290
https://openalex.org/W2230922093
https://openalex.org/W2231335849
https://openalex.org/W2231567490
https://openalex.org/W2231989977
https://openalex.org/W2232547522
https://openalex.org/W2234758492
https://openalex.org/W2235865988
https://openalex.org/W2242183190
https://openalex.org/W2244837336
https://openalex.org/W2245383942
https://openalex.org/W2245899462
https://openalex.org/W2248092562
https://openalex.org/W2249280663
https://openalex.org/W2249893384
https://openalex.org/W2253049668
https://openalex.org/W2254572132
https://openalex.org/W2254867525
https://openalex.org/W2258173254
https://openalex.org/W2259905981
https://openalex.org/W2260464915
https://openalex.org/W2260780650
https://openalex.org/W2264984380
https://openalex.org/W2269115730
https://openalex.org/W2269802399
https://openalex.org/W2270541001
https://openalex.org/W2270816389
https://openalex.org/W2271701443
https://openalex.org/W2272135553
https://openalex.org/W2272604020
https://openalex.org/W2273134386
https://openalex.org/W2273571503
https://openalex.org/W2275100815
https://openalex.org/W2276026247
https://openalex.org/W2276279783
https://openalex.org/W2277192392
https://openalex.org/W2280410710
https://openalex.org/W2280875962
https://openalex.org/W2281829331
https://openalex.org/W2281944170
https://openalex.org/W2282863574
https://openalex.org/W2283051993
https://openalex.org/W2285328830
https://openalex.org/W2285885263
https://openalex.org/W2286026368
https://openalex.org/W2286622838
https://openalex.org/W2288138403
https://openalex.org/W2288175397
https://openalex.org/W2288909114
https://openalex.org/W2289490560
https://openalex.org/W2289579183
https://openalex.org/W2290808868
https://openalex.org/W2291729554
https://openalex.org/W2292099933
https://openalex.org/W2293616906
https://openalex.org/W2293970359
https://openalex.org/W2294565365
https://openalex.org/W2295077590
https://openalex.org/W2295464040
https://openalex.org/W2296257473
https://openalex.org/W2299210050
https://openalex.org/W2299985086
https://openalex.org/W2301168554
https://openalex.org/W2301200975
https://openalex.org/W2302318522
https://openalex.org/W2302401278
https://openalex.org/W2302494137
https://openalex.org/W2303245750
https://openalex.org/W2304670565
https://openalex.org/W2305240331
https://openalex.org/W2305447046
https://openalex.org/W2310003001
https://openalex.org/W2312661749
https://openalex.org/W2312921124
https://openalex.org/W231294001
https://openalex.org/W2313070286
https://openalex.org/W2313190315
https://openalex.org/W2313357200
https://openalex.org/W2313763508
https://openalex.org/W2314175745
https://openalex.org/W2314287196
https://openalex.org/W2315274355
https://openalex.org/W2315730572
https://openalex.org/W2315988474
https://openalex.org/W2316395325
https://openalex.org/W2317419797
https://openalex.org/W2317620726
https://openalex.org/W2317620850
https://openalex.org/W2317963677
https://openalex.org/W2319401767
https://openalex.org/W2321078365
https://openalex.org/W2321169174
https://openalex.org/W2321239566
https://openalex.org/W2321951102
https://openalex.org/W2322316620
https://openalex.org/W2322328666
https://openalex.org/W2322462497
https://openalex.org/W2322623251
https://openalex.org/W2322645903
https://openalex.org/W2323032207
https://openalex.org/W2323129073
https://openalex.org/W232369306
https://openalex.org/W2323802148
https://openalex.org/W2324330507
https://openalex.org/W2324846341
https://openalex.org/W2325210518
https://openalex.org/W2325242480
https://openalex.org/W2325639452
https://openalex.org/W2326333893
https://openalex.org/W2327070719
https://openalex.org/W2327483322
https://openalex.org/W2327520546
https://openalex.org/W2328737640
https://openalex.org/W2329444725
https://openalex.org/W2329586193
https://openalex.org/W2329891894
https://openalex.org/W2330231389
https://openalex.org/W2330572590
https://openalex.org/W2330827146
https://openalex.org/W2330848641
https://openalex.org/W233136228
https://openalex.org/W2331365678
https://openalex.org/W2331506543
https://openalex.org/W2331548219
https://openalex.org/W2331564269
https://openalex.org/W2331784317
https://openalex.org/W2332132398
https://openalex.org/W2332321120
https://openalex.org/W2332497124
https://openalex.org/W2332741223
https://openalex.org/W2332888680
https://openalex.org/W2333200539
https://openalex.org/W2333415661
https://openalex.org/W2333523087
https://openalex.org/W2334757453
https://openalex.org/W2336091045
https://openalex.org/W2336986330
https://openalex.org/W2339752462
https://openalex.org/W2339977483
https://openalex.org/W2340021748
https://openalex.org/W2343045894
https://openalex.org/W2344313947
https://openalex.org/W2345104774
https://openalex.org/W2346856746
https://openalex.org/W2347131879
https://openalex.org/W2347219404
https://openalex.org/W2347542740
https://openalex.org/W2347643384
https://openalex.org/W2347720161
https://openalex.org/W2348351420
https://openalex.org/W2349007532
https://openalex.org/W2349088399
https://openalex.org/W2349264817
https://openalex.org/W2349456912
https://openalex.org/W2349514992
https://openalex.org/W2349530998
https://openalex.org/W2349684792
https://openalex.org/W2349958823
https://openalex.org/W2351001270
https://openalex.org/W2351249776
https://openalex.org/W2352008777
https://openalex.org/W2352194972
https://openalex.org/W2352220913
https://openalex.org/W2353001569
https://openalex.org/W2353563579
https://openalex.org/W2353749893
https://openalex.org/W2354027519
https://openalex.org/W2354878271
https://openalex.org/W2355184413
https://openalex.org/W2355611195
https://openalex.org/W2356151800
https://openalex.org/W2356333645
https://openalex.org/W2356940011
https://openalex.org/W23573765
https://openalex.org/W2358357958
https://openalex.org/W2358947763
https://openalex.org/W2359000013
https://openalex.org/W2359358888
https://openalex.org/W2359652413
https://openalex.org/W2359942282
https://openalex.org/W2360124231
https://openalex.org/W2360379093
https://openalex.org/W2360926603
https://openalex.org/W2361996670
https://openalex.org/W2362530301
https://openalex.org/W2362781228
https://openalex.org/W2362977862
https://openalex.org/W2363512335
https://openalex.org/W2364046697
https://openalex.org/W2364094294
https://openalex.org/W2364218521
https://openalex.org/W2364814575
https://openalex.org/W2365574154
https://openalex.org/W2365660180
https://openalex.org/W2365701929
https://openalex.org/W2365726090
https://openalex.org/W2366264134
https://openalex.org/W2366386520
https://openalex.org/W2366421432
https://openalex.org/W2366624835
https://openalex.org/W2366888697
https://openalex.org/W2367185352
https://openalex.org/W2367615971
https://openalex.org/W2367840925
https://openalex.org/W2368148888
https://openalex.org/W2369026318
https://openalex.org/W2369365638
https://openalex.org/W2369518984
https://openalex.org/W2369764839
https://openalex.org/W2369932414
https://openalex.org/W2370223045
https://openalex.org/W2370444087
https://openalex.org/W2370568170
https://openalex.org/W2370689123
https://openalex.org/W2371092568
https://openalex.org/W2371317545
https://openalex.org/W2371959634
https://openalex.org/W2372061180
https://openalex.org/W2372274687
https://openalex.org/W2372358756
https://openalex.org/W2372627620
https://openalex.org/W2372683935
https://openalex.org/W2373674679
https://openalex.org/W2374016889
https://openalex.org/W2374402123
https://openalex.org/W2374487503
https://openalex.org/W2374492871
https://openalex.org/W2374493135
https://openalex.org/W2375106651
https://openalex.org/W2375242439
https://openalex.org/W2375419867
https://openalex.org/W2375506053
https://openalex.org/W2375803686
https://openalex.org/W2375912349
https://openalex.org/W2376353957
https://openalex.org/W2377141340
https://openalex.org/W2377235259
https://openalex.org/W2377931112
https://openalex.org/W2378118222
https://openalex.org/W2378629218
https://openalex.org/W2378941597
https://openalex.org/W2379017799
https://openalex.org/W2380188063
https://openalex.org/W2380588633
https://openalex.org/W2380667166
https://openalex.org/W2380824571
https://openalex.org/W2380932862
https://openalex.org/W2381657875
https://openalex.org/W2381808836
https://openalex.org/W2381848035
https://openalex.org/W2382048118
https://openalex.org/W2382207068
https://openalex.org/W2382346846
https://openalex.org/W2382921124
https://openalex.org/W2382973111
https://openalex.org/W2383269865
https://openalex.org/W2383421693
https://openalex.org/W2384098879
https://openalex.org/W2384175452
https://openalex.org/W2384593548
https://openalex.org/W2384934396
https://openalex.org/W2385123024
https://openalex.org/W2385823270
https://openalex.org/W2386029611
https://openalex.org/W2386049063
https://openalex.org/W2386466288
https://openalex.org/W2387066954
https://openalex.org/W2387561306
https://openalex.org/W2387703759
https://openalex.org/W2388066093
https://openalex.org/W2388515701
https://openalex.org/W2388786236
https://openalex.org/W2388808246
https://openalex.org/W2389218980
https://openalex.org/W2389517822
https://openalex.org/W2389531705
https://openalex.org/W2389743716
https://openalex.org/W2390332912
https://openalex.org/W2390436147
https://openalex.org/W2390500841
https://openalex.org/W2390591101
https://openalex.org/W2390691531
https://openalex.org/W2391248899
https://openalex.org/W2391351322
https://openalex.org/W2391416298
https://openalex.org/W2391646983
https://openalex.org/W2392235238
https://openalex.org/W2392553475
https://openalex.org/W2392587254
https://openalex.org/W2393463486
https://openalex.org/W2393918898
https://openalex.org/W2394222773
https://openalex.org/W2394285671
https://openalex.org/W2394554416
https://openalex.org/W2394688196
https://openalex.org/W2395090031
https://openalex.org/W2396575341
https://openalex.org/W2397868314
https://openalex.org/W2398798659
https://openalex.org/W2398976631
https://openalex.org/W2400284520
https://openalex.org/W2400391735
https://openalex.org/W2400420143
https://openalex.org/W2400946183
https://openalex.org/W2400971879
https://openalex.org/W2401942840
https://openalex.org/W2402073614
https://openalex.org/W2402090597
https://openalex.org/W2403350899
https://openalex.org/W2403436874
https://openalex.org/W2403970451
https://openalex.org/W2404117143
https://openalex.org/W2404176876
https://openalex.org/W2404239033
https://openalex.org/W2404931895
https://openalex.org/W2405472022
https://openalex.org/W2405495863
https://openalex.org/W2405814964
https://openalex.org/W2406384961
https://openalex.org/W2406543273
https://openalex.org/W2407200326
https://openalex.org/W2407248115
https://openalex.org/W2407260393
https://openalex.org/W2407366321
https://openalex.org/W2408222297
https://openalex.org/W2408509123
https://openalex.org/W2408993596
https://openalex.org/W2409553373
https://openalex.org/W2409910965
https://openalex.org/W2409976675
https://openalex.org/W2410312224
https://openalex.org/W2410402975
https://openalex.org/W2410459209
https://openalex.org/W2410681731
https://openalex.org/W2410741833
https://openalex.org/W2410969134
https://openalex.org/W2410988175
https://openalex.org/W2411088979
https://openalex.org/W2411148462
https://openalex.org/W2411155972
https://openalex.org/W2411687077
https://openalex.org/W2411729345
https://openalex.org/W2411986814
https://openalex.org/W2412041640
https://openalex.org/W2412439765
https://openalex.org/W2412446021
https://openalex.org/W2412706734
https://openalex.org/W2413264654
https://openalex.org/W2413354091
https://openalex.org/W2413417809
https://openalex.org/W2413488057
https://openalex.org/W2413783639
https://openalex.org/W2413820002
https://openalex.org/W2413840888
https://openalex.org/W2413860510
https://openalex.org/W2413863909
https://openalex.org/W2414040378
https://openalex.org/W2414205370
https://openalex.org/W2414774845
https://openalex.org/W2415311640
https://openalex.org/W2415323831
https://openalex.org/W2415899476
https://openalex.org/W2415939377
https://openalex.org/W2415955164
https://openalex.org/W2416010027
https://openalex.org/W2416120521
https://openalex.org/W2416186584
https://openalex.org/W2416206292
https://openalex.org/W2416563244
https://openalex.org/W2416768023
https://openalex.org/W2416922934
https://openalex.org/W2417267551
https://openalex.org/W2418117610
https://openalex.org/W2418135523
https://openalex.org/W2418144312
https://openalex.org/W2418770786
https://openalex.org/W2418861724
https://openalex.org/W2418922592
https://openalex.org/W2418964893
https://openalex.org/W2419105663
https://openalex.org/W2419367884
https://openalex.org/W2420748214
https://openalex.org/W2423862749
https://openalex.org/W2426103018
https://openalex.org/W2426408827
https://openalex.org/W2426797224
https://openalex.org/W2427331450
https://openalex.org/W2428661059
https://openalex.org/W2430447912
https://openalex.org/W2430691242
https://openalex.org/W2430751703
https://openalex.org/W2431055958
https://openalex.org/W2431124114
https://openalex.org/W2431290788
https://openalex.org/W2431807624
https://openalex.org/W2433837398
https://openalex.org/W243532067
https://openalex.org/W2436124187
https://openalex.org/W2440234891
https://openalex.org/W2443544137
https://openalex.org/W2462131448
https://openalex.org/W2462421637
https://openalex.org/W2462838969
https://openalex.org/W2462918206
https://openalex.org/W2463357218
https://openalex.org/W2464378350
https://openalex.org/W2465330099
https://openalex.org/W2465546652
https://openalex.org/W2465600646
https://openalex.org/W2466538111
https://openalex.org/W2467572427
https://openalex.org/W2467818643
https://openalex.org/W2467979667
https://openalex.org/W2468190756
https://openalex.org/W2468528886
https://openalex.org/W2468947892
https://openalex.org/W2469033666
https://openalex.org/W2469097587
https://openalex.org/W2469459047
https://openalex.org/W2469949695
https://openalex.org/W2470191034
https://openalex.org/W2471081997
https://openalex.org/W2471169896
https://openalex.org/W2471417226
https://openalex.org/W2471699505
https://openalex.org/W2471781213
https://openalex.org/W2472347726
https://openalex.org/W2472757464
https://openalex.org/W2472919466
https://openalex.org/W2474313435
https://openalex.org/W2474445560
https://openalex.org/W2476820813
https://openalex.org/W2476900449
https://openalex.org/W2478134885
https://openalex.org/W2478259931
https://openalex.org/W2480356258
https://openalex.org/W248157802
https://openalex.org/W2482870076
https://openalex.org/W2485052354
https://openalex.org/W2489017944
https://openalex.org/W2489149232
https://openalex.org/W2493527661
https://openalex.org/W2494506815
https://openalex.org/W2495292695
https://openalex.org/W2495875693
https://openalex.org/W2496960899
https://openalex.org/W2498498962
https://openalex.org/W2499354790
https://openalex.org/W2500892956
https://openalex.org/W2502093466
https://openalex.org/W2503798766
https://openalex.org/W2504123083
https://openalex.org/W2507602812
https://openalex.org/W2508084746
https://openalex.org/W2509621918
https://openalex.org/W2510070982
https://openalex.org/W2511937269
https://openalex.org/W2513656984
https://openalex.org/W2516242507
https://openalex.org/W2516759705
https://openalex.org/W2516957799
https://openalex.org/W2518365933
https://openalex.org/W2518900887
https://openalex.org/W2521544519
https://openalex.org/W2522174437
https://openalex.org/W2522297383
https://openalex.org/W2523440236
https://openalex.org/W2524341513
https://openalex.org/W2524921584
https://openalex.org/W2525549015
https://openalex.org/W2525807096
https://openalex.org/W2525965984
https://openalex.org/W2525969641
https://openalex.org/W2526196119
https://openalex.org/W2526375207
https://openalex.org/W2528127296
https://openalex.org/W2528693006
https://openalex.org/W2528808854
https://openalex.org/W2529177029
https://openalex.org/W2529399929
https://openalex.org/W2530659989
https://openalex.org/W2530838948
https://openalex.org/W2531255328
https://openalex.org/W2531870767
https://openalex.org/W2533761633
https://openalex.org/W2534198611
https://openalex.org/W2534555739
https://openalex.org/W2540670289
https://openalex.org/W254426851
https://openalex.org/W254507231
https://openalex.org/W2546740908
https://openalex.org/W2547592075
https://openalex.org/W2549779868
https://openalex.org/W2553451384
https://openalex.org/W2555034082
https://openalex.org/W2555202334
https://openalex.org/W2556107617
https://openalex.org/W2559418872
https://openalex.org/W2560825102
https://openalex.org/W2561275191
https://openalex.org/W2561321228
https://openalex.org/W2561577223
https://openalex.org/W2564572461
https://openalex.org/W2564671197
https://openalex.org/W2565014143
https://openalex.org/W2565150193
https://openalex.org/W2565515670
https://openalex.org/W2566344726
https://openalex.org/W2566368627
https://openalex.org/W2570688572
https://openalex.org/W2571562521
https://openalex.org/W2571789564
https://openalex.org/W2573902314
https://openalex.org/W2575849011
https://openalex.org/W2576485238
https://openalex.org/W2576758553
https://openalex.org/W2576830522
https://openalex.org/W2577703684
https://openalex.org/W2579832246
https://openalex.org/W2581157634
https://openalex.org/W2581294004
https://openalex.org/W2581799558
https://openalex.org/W2582286001
https://openalex.org/W2584159845
https://openalex.org/W2584358939
https://openalex.org/W2586361745
https://openalex.org/W2587830659
https://openalex.org/W2588080341
https://openalex.org/W2588309315
https://openalex.org/W2588382360
https://openalex.org/W2588522512
https://openalex.org/W2588645946
https://openalex.org/W2588663837
https://openalex.org/W2589464040
https://openalex.org/W2589929784
https://openalex.org/W2590034209
https://openalex.org/W2590050124
https://openalex.org/W2590096820
https://openalex.org/W2590938913
https://openalex.org/W2591573444
https://openalex.org/W2591653579
https://openalex.org/W2592441937
https://openalex.org/W2592860889
https://openalex.org/W2593354485
https://openalex.org/W2593380159
https://openalex.org/W2593438528
https://openalex.org/W2593557594
https://openalex.org/W2593949838
https://openalex.org/W2594928156
https://openalex.org/W2595195725
https://openalex.org/W2596033427
https://openalex.org/W2596134422
https://openalex.org/W2596285899
https://openalex.org/W2597258469
https://openalex.org/W2597873331
https://openalex.org/W2598172364
https://openalex.org/W2599408616
https://openalex.org/W2599999292
https://openalex.org/W2600375523
https://openalex.org/W2600649680
https://openalex.org/W2601047779
https://openalex.org/W2601538469
https://openalex.org/W2602139996
https://openalex.org/W2602665660
https://openalex.org/W2604008386
https://openalex.org/W2604067292
https://openalex.org/W2604728614
https://openalex.org/W2605540679
https://openalex.org/W2605630500
https://openalex.org/W2606817910
https://openalex.org/W2606823926
https://openalex.org/W2607155393
https://openalex.org/W2608129885
https://openalex.org/W2608771650
https://openalex.org/W2609123621
https://openalex.org/W2610516469
https://openalex.org/W2611281089
https://openalex.org/W2612405412
https://openalex.org/W2612448643
https://openalex.org/W2612738363
https://openalex.org/W2613698491
https://openalex.org/W2614271793
https://openalex.org/W2616218730
https://openalex.org/W2616370689
https://openalex.org/W2616883924
https://openalex.org/W2618215300
https://openalex.org/W2620961498
https://openalex.org/W2620988220
https://openalex.org/W2622322099
https://openalex.org/W2624341789
https://openalex.org/W2624959731
https://openalex.org/W2625474995
https://openalex.org/W2625762343
https://openalex.org/W2625769231
https://openalex.org/W2625780181
https://openalex.org/W2625929600
https://openalex.org/W2626824381
https://openalex.org/W2634961844
https://openalex.org/W2637430464
https://openalex.org/W2642663693
https://openalex.org/W2650261938
https://openalex.org/W2654820990
https://openalex.org/W2663150379
https://openalex.org/W2723181464
https://openalex.org/W2724446841
https://openalex.org/W2726400108
https://openalex.org/W2729253481
https://openalex.org/W2729342866
https://openalex.org/W2732453868
https://openalex.org/W2733973665
https://openalex.org/W273563707
https://openalex.org/W2736196520
https://openalex.org/W2736868000
https://openalex.org/W2737601454
https://openalex.org/W2737617928
https://openalex.org/W2738571491
https://openalex.org/W273874195
https://openalex.org/W2740172781
https://openalex.org/W2740883771
https://openalex.org/W2741370624
https://openalex.org/W2741625688
https://openalex.org/W2741802729
https://openalex.org/W2742199862
https://openalex.org/W2742218231
https://openalex.org/W2742265543
https://openalex.org/W2742301733
https://openalex.org/W2742314775
https://openalex.org/W2742370663
https://openalex.org/W2742472106
https://openalex.org/W2742633997
https://openalex.org/W2742729275
https://openalex.org/W2742767340
https://openalex.org/W2742783502
https://openalex.org/W2742795873
https://openalex.org/W2742830777
https://openalex.org/W2742840394
https://openalex.org/W2742854765
https://openalex.org/W2743094037
https://openalex.org/W2743159549
https://openalex.org/W2743195822
https://openalex.org/W2743209310
https://openalex.org/W2743209540
https://openalex.org/W2743248910
https://openalex.org/W2743251111
https://openalex.org/W2743373672
https://openalex.org/W2743416972
https://openalex.org/W2743428527
https://openalex.org/W2743478753
https://openalex.org/W2743524720
https://openalex.org/W2743578068
https://openalex.org/W2743584289
https://openalex.org/W2743719536
https://openalex.org/W2743897725
https://openalex.org/W2743950707
https://openalex.org/W2744028565
https://openalex.org/W2744103528
https://openalex.org/W2744151702
https://openalex.org/W2744404553
https://openalex.org/W2744510503
https://openalex.org/W2744569945
https://openalex.org/W2744626520
https://openalex.org/W2744657589
https://openalex.org/W2744693309
https://openalex.org/W2744710879
https://openalex.org/W2744711317
https://openalex.org/W2744724826
https://openalex.org/W2744731135
https://openalex.org/W2744807306
https://openalex.org/W2744857010
https://openalex.org/W2744858510
https://openalex.org/W2744914211
https://openalex.org/W2745041982
https://openalex.org/W2745056516
https://openalex.org/W2745091072
https://openalex.org/W2745220583
https://openalex.org/W2745249052
https://openalex.org/W2745348673
https://openalex.org/W2745409850
https://openalex.org/W2745430441
https://openalex.org/W2745453321
https://openalex.org/W2745608819
https://openalex.org/W2745619362
https://openalex.org/W2745629188
https://openalex.org/W2745682699
https://openalex.org/W2745686067
https://openalex.org/W2745763377
https://openalex.org/W2745763561
https://openalex.org/W2745791358
https://openalex.org/W2745926269
https://openalex.org/W2745930363
https://openalex.org/W2745997533
https://openalex.org/W2746066146
https://openalex.org/W2746125845
https://openalex.org/W2746139963
https://openalex.org/W2746144733
https://openalex.org/W2746216871
https://openalex.org/W2746264835
https://openalex.org/W2746278940
https://openalex.org/W2746284682
https://openalex.org/W2746307950
https://openalex.org/W2746334096
https://openalex.org/W2746521561
https://openalex.org/W2746538343
https://openalex.org/W2746566982
https://openalex.org/W2746781807
https://openalex.org/W2746809761
https://openalex.org/W2746844079
https://openalex.org/W2746880561
https://openalex.org/W2747069753
https://openalex.org/W2747131429
https://openalex.org/W2747142785
https://openalex.org/W2747413508
https://openalex.org/W2747439367
https://openalex.org/W2747487816
https://openalex.org/W2747552897
https://openalex.org/W2747575162
https://openalex.org/W2747693983
https://openalex.org/W2747823624
https://openalex.org/W2748158443
https://openalex.org/W2748187936
https://openalex.org/W2748196040
https://openalex.org/W2748331268
https://openalex.org/W2748427202
https://openalex.org/W2748437673
https://openalex.org/W2748640745
https://openalex.org/W2748656115
https://openalex.org/W2748671809
https://openalex.org/W2748697949
https://openalex.org/W2748711192
https://openalex.org/W2748751671
https://openalex.org/W2748753673
https://openalex.org/W2748866473
https://openalex.org/W2748971200
https://openalex.org/W2749029500
https://openalex.org/W2749083149
https://openalex.org/W2749089350
https://openalex.org/W2749243031
https://openalex.org/W2749401265
https://openalex.org/W2749487265
https://openalex.org/W2749543314
https://openalex.org/W2749627019
https://openalex.org/W2749642899
https://openalex.org/W2749686573
https://openalex.org/W2749831717
https://openalex.org/W2749926479
https://openalex.org/W2749935185
https://openalex.org/W2749981499
https://openalex.org/W2750055215
https://openalex.org/W2750186097
https://openalex.org/W2750269162
https://openalex.org/W2750276334
https://openalex.org/W2750335271
https://openalex.org/W2750467834
https://openalex.org/W2750493908
https://openalex.org/W2750613765
https://openalex.org/W2750719158
https://openalex.org/W2750867049
https://openalex.org/W2750906782
https://openalex.org/W2751043117
https://openalex.org/W2751089526
https://openalex.org/W2751111029
https://openalex.org/W2751128397
https://openalex.org/W2751146324
https://openalex.org/W2751197396
https://openalex.org/W2751235183
https://openalex.org/W2751335729
https://openalex.org/W2751545348
https://openalex.org/W2751580429
https://openalex.org/W2752254669
https://openalex.org/W2752288374
https://openalex.org/W2752372134
https://openalex.org/W2752378302
https://openalex.org/W2752381304
https://openalex.org/W2752385154
https://openalex.org/W2752385179
https://openalex.org/W2752510681
https://openalex.org/W2752652555
https://openalex.org/W2752690634
https://openalex.org/W2752775287
https://openalex.org/W2752867737
https://openalex.org/W2752879256
https://openalex.org/W2752977855
https://openalex.org/W2753006948
https://openalex.org/W2753062204
https://openalex.org/W2753093897
https://openalex.org/W2753133742
https://openalex.org/W2753162649
https://openalex.org/W2753287165
https://openalex.org/W2753323709
https://openalex.org/W2753325647
https://openalex.org/W2753397904
https://openalex.org/W2753489516
https://openalex.org/W2753553221
https://openalex.org/W2753577182
https://openalex.org/W2753847240
https://openalex.org/W2754488040
https://openalex.org/W2754676664
https://openalex.org/W2754694476
https://openalex.org/W2754739917
https://openalex.org/W2754796254
https://openalex.org/W2755105405
https://openalex.org/W2755367525
https://openalex.org/W2755504722
https://openalex.org/W2755694169
https://openalex.org/W2755957065
https://openalex.org/W2756216340
https://openalex.org/W2756474394
https://openalex.org/W2756721992
https://openalex.org/W2757995940
https://openalex.org/W2758331896
https://openalex.org/W2758436125
https://openalex.org/W2760188373
https://openalex.org/W2761656445
https://openalex.org/W2761811832
https://openalex.org/W2762189013
https://openalex.org/W2764116902
https://openalex.org/W2764670952
https://openalex.org/W2765598296
https://openalex.org/W2766089057
https://openalex.org/W2766574023
https://openalex.org/W2766848339
https://openalex.org/W2767297259
https://openalex.org/W2767672048
https://openalex.org/W2768720659
https://openalex.org/W2768764072
https://openalex.org/W2768864357
https://openalex.org/W2768892659
https://openalex.org/W2770007761
https://openalex.org/W2772409727
https://openalex.org/W2772648512
https://openalex.org/W2772960975
https://openalex.org/W2773746068
https://openalex.org/W2775188702
https://openalex.org/W2775341557
https://openalex.org/W2776263972
https://openalex.org/W2776634898
https://openalex.org/W2777694587
https://openalex.org/W2782174213
https://openalex.org/W2782493833
https://openalex.org/W2782946043
https://openalex.org/W2783483239
https://openalex.org/W2784588823
https://openalex.org/W2784798386
https://openalex.org/W2785062166
https://openalex.org/W2785165590
https://openalex.org/W2788966692
https://openalex.org/W2789286211
https://openalex.org/W2789621126
https://openalex.org/W2789681896
https://openalex.org/W2790128697
https://openalex.org/W2790322521
https://openalex.org/W2790400380
https://openalex.org/W2790802871
https://openalex.org/W2790995537
https://openalex.org/W2791021049
https://openalex.org/W2791052808
https://openalex.org/W2791152377
https://openalex.org/W2791601773
https://openalex.org/W2791711193
https://openalex.org/W2791987361
https://openalex.org/W2792213477
https://openalex.org/W2792218421
https://openalex.org/W2792396551
https://openalex.org/W2792427914
https://openalex.org/W2792669971
https://openalex.org/W2792754038
https://openalex.org/W2792865988
https://openalex.org/W2792999978
https://openalex.org/W2793107615
https://openalex.org/W2793136256
https://openalex.org/W2793295824
https://openalex.org/W279388101
https://openalex.org/W2794219517
https://openalex.org/W2794558879
https://openalex.org/W2794785310
https://openalex.org/W2795068472
https://openalex.org/W2797170059
https://openalex.org/W2797505706
https://openalex.org/W2798718470
https://openalex.org/W2799342592
https://openalex.org/W2799451969
https://openalex.org/W2800219412
https://openalex.org/W2800461784
https://openalex.org/W2800695627
https://openalex.org/W2803674803
https://openalex.org/W2803819244
https://openalex.org/W2803825905
https://openalex.org/W2803915178
https://openalex.org/W2803942336
https://openalex.org/W2804984528
https://openalex.org/W280519643
https://openalex.org/W2805661323
https://openalex.org/W2806833226
https://openalex.org/W2807266534
https://openalex.org/W2807838732
https://openalex.org/W2808677867
https://openalex.org/W2810656945
https://openalex.org/W2811036128
https://openalex.org/W2825543197
https://openalex.org/W2843039577
https://openalex.org/W2844475433
https://openalex.org/W2883422257
https://openalex.org/W2884111950
https://openalex.org/W2884370708
https://openalex.org/W2884707491
https://openalex.org/W2885709028
https://openalex.org/W2886152426
https://openalex.org/W2886226264
https://openalex.org/W2886735573
https://openalex.org/W2887717284
https://openalex.org/W2888792860
https://openalex.org/W2889877203
https://openalex.org/W2890438872
https://openalex.org/W2890977778
https://openalex.org/W2891619008
https://openalex.org/W2891864913
https://openalex.org/W2891875741
https://openalex.org/W2893473977
https://openalex.org/W2893697876
https://openalex.org/W2893882277
https://openalex.org/W2894452336
https://openalex.org/W2895843714
https://openalex.org/W2895951153
https://openalex.org/W2896029244
https://openalex.org/W2896393911
https://openalex.org/W2896490904
https://openalex.org/W2896955599
https://openalex.org/W2897429381
https://openalex.org/W2897645022
https://openalex.org/W2897703846
https://openalex.org/W2898081256
https://openalex.org/W2898428416
https://openalex.org/W2898478555
https://openalex.org/W2898544715
https://openalex.org/W2899121778
https://openalex.org/W2899452740
https://openalex.org/W2899826804
https://openalex.org/W2899934408
https://openalex.org/W2899943100
https://openalex.org/W2900203262
https://openalex.org/W2900274687
https://openalex.org/W2900754909
https://openalex.org/W2900887656
https://openalex.org/W2901323577
https://openalex.org/W2901355043
https://openalex.org/W2901652074
https://openalex.org/W2901749920
https://openalex.org/W2902366347
https://openalex.org/W2903633525
https://openalex.org/W2904510257
https://openalex.org/W2904642972
https://openalex.org/W2904648630
https://openalex.org/W2904783314
https://openalex.org/W2905797186
https://openalex.org/W2905898688
https://openalex.org/W2906251730
https://openalex.org/W2906262833
https://openalex.org/W2906599652
https://openalex.org/W2906783104
https://openalex.org/W2906978897
https://openalex.org/W2907179611
https://openalex.org/W2907289600
https://openalex.org/W2907937904
https://openalex.org/W2908044822
https://openalex.org/W2909425841
https://openalex.org/W2911264070
https://openalex.org/W2911526205
https://openalex.org/W2911662204
https://openalex.org/W2911686250
https://openalex.org/W2911693565
https://openalex.org/W2911963125
https://openalex.org/W2912376855
https://openalex.org/W2912907559
https://openalex.org/W2913290044
https://openalex.org/W2913336161
https://openalex.org/W2913364035
https://openalex.org/W2913774043
https://openalex.org/W2913833769
https://openalex.org/W2914699788
https://openalex.org/W2914704480
https://openalex.org/W2915009484
https://openalex.org/W2915656143
https://openalex.org/W2915736932
https://openalex.org/W2916425053
https://openalex.org/W2916827960
https://openalex.org/W2916939416
https://openalex.org/W2917017581
https://openalex.org/W2917442222
https://openalex.org/W2917788856
https://openalex.org/W2920160963
https://openalex.org/W2920269315
https://openalex.org/W2921074766
https://openalex.org/W2921115537
https://openalex.org/W2921317907
https://openalex.org/W2921322337
https://openalex.org/W2921325575
https://openalex.org/W2921424926
https://openalex.org/W2921803528
https://openalex.org/W2921809203
https://openalex.org/W29222541
https://openalex.org/W2924610310
https://openalex.org/W2926669618
https://openalex.org/W2929815197
https://openalex.org/W2931629684
https://openalex.org/W293330965
https://openalex.org/W2935822743
https://openalex.org/W2937573265
https://openalex.org/W2939086401
https://openalex.org/W2942611981
https://openalex.org/W2943862191
https://openalex.org/W2944673983
https://openalex.org/W2945167095
https://openalex.org/W2945325094
https://openalex.org/W2947597380
https://openalex.org/W2948012625
https://openalex.org/W2948666989
https://openalex.org/W2949277617
https://openalex.org/W2949663602
https://openalex.org/W2949686843
https://openalex.org/W2950054072
https://openalex.org/W2950179570
https://openalex.org/W2950364488
https://openalex.org/W2950424998
https://openalex.org/W2950442915
https://openalex.org/W2950486286
https://openalex.org/W2950608664
https://openalex.org/W2950753323
https://openalex.org/W2950785640
https://openalex.org/W2951448611
https://openalex.org/W2951627352
https://openalex.org/W2951754098
https://openalex.org/W2951857824
https://openalex.org/W2952033766
https://openalex.org/W2952123780
https://openalex.org/W2952198846
https://openalex.org/W2952593308
https://openalex.org/W2952770392
https://openalex.org/W2952958817
https://openalex.org/W2952962073
https://openalex.org/W2953020887
https://openalex.org/W2953189695
https://openalex.org/W2953328154
https://openalex.org/W2953370910
https://openalex.org/W2954336943
https://openalex.org/W2954436221
https://openalex.org/W2954714359
https://openalex.org/W2954866630
https://openalex.org/W2957305733
https://openalex.org/W2958011424
https://openalex.org/W2962999829
https://openalex.org/W2963515004
https://openalex.org/W2963805208
https://openalex.org/W2964210289
https://openalex.org/W296559704
https://openalex.org/W2967189640
https://openalex.org/W2968884160
https://openalex.org/W2970575682
https://openalex.org/W2972301655
https://openalex.org/W297235991
https://openalex.org/W2972796088
https://openalex.org/W2972855179
https://openalex.org/W2973575024
https://openalex.org/W2974916826
https://openalex.org/W2976849399
https://openalex.org/W2977187506
https://openalex.org/W2977309289
https://openalex.org/W2977750154
https://openalex.org/W2977888233
https://openalex.org/W2978021328
https://openalex.org/W2978463014
https://openalex.org/W2978646470
https://openalex.org/W2978662294
https://openalex.org/W2978716596
https://openalex.org/W2979418282
https://openalex.org/W2979824642
https://openalex.org/W2980059161
https://openalex.org/W2980170966
https://openalex.org/W2980228673
https://openalex.org/W2980550083
https://openalex.org/W2980728257
https://openalex.org/W2980935238
https://openalex.org/W2981432723
https://openalex.org/W2981541946
https://openalex.org/W2981692406
https://openalex.org/W2982265575
https://openalex.org/W2982388962
https://openalex.org/W2982607818
https://openalex.org/W2984124377
https://openalex.org/W2984726473
https://openalex.org/W2985676349
https://openalex.org/W2986289820
https://openalex.org/W2989055786
https://openalex.org/W2989728771
https://openalex.org/W2989914758
https://openalex.org/W2990461319
https://openalex.org/W2990623701
https://openalex.org/W2990918046
https://openalex.org/W2992119655
https://openalex.org/W2992606526
https://openalex.org/W2994081699
https://openalex.org/W2994128686
https://openalex.org/W2994280314
https://openalex.org/W2994826479
https://openalex.org/W2994904863
https://openalex.org/W2995143888
https://openalex.org/W2995926441
https://openalex.org/W2996671455
https://openalex.org/W2996857446
https://openalex.org/W2997822433
https://openalex.org/W2998082689
https://openalex.org/W2998138467
https://openalex.org/W2998222424
https://openalex.org/W2998230167
https://openalex.org/W2998697082
https://openalex.org/W2998858082
https://openalex.org/W2998973765
https://openalex.org/W2999219508
https://openalex.org/W2999721761
https://openalex.org/W3000264898
https://openalex.org/W3000546603
https://openalex.org/W3000730964
https://openalex.org/W3000987963
https://openalex.org/W3003491559
https://openalex.org/W3003846332
https://openalex.org/W3004855323
https://openalex.org/W3005922886
https://openalex.org/W3007455559
https://openalex.org/W3008700046
https://openalex.org/W3009165307
https://openalex.org/W3009259191
https://openalex.org/W3009320956
https://openalex.org/W3009434129
https://openalex.org/W3009630024
https://openalex.org/W3010874446
https://openalex.org/W3011028358
https://openalex.org/W3011285004
https://openalex.org/W3011407707
https://openalex.org/W3012227162
https://openalex.org/W3012294539
https://openalex.org/W3012483507
https://openalex.org/W3012488208
https://openalex.org/W3012541939
https://openalex.org/W3012627278
https://openalex.org/W3012654693
https://openalex.org/W3012845357
https://openalex.org/W3012879309
https://openalex.org/W3012990876
https://openalex.org/W3013280088
https://openalex.org/W3013815184
https://openalex.org/W3014455607
https://openalex.org/W3014610236
https://openalex.org/W3014767591
https://openalex.org/W3015091900
https://openalex.org/W3015684077
https://openalex.org/W3015749480
https://openalex.org/W3016992260
https://openalex.org/W3017232082
https://openalex.org/W3017268618
https://openalex.org/W3017300479
https://openalex.org/W3017892986
https://openalex.org/W3018156560
https://openalex.org/W3018584592
https://openalex.org/W3018868358
https://openalex.org/W3019345979
https://openalex.org/W3019724997
https://openalex.org/W3020017937
https://openalex.org/W3020176283
https://openalex.org/W3020350738
https://openalex.org/W3020418032
https://openalex.org/W3020608069
https://openalex.org/W3020815100
https://openalex.org/W3020939945
https://openalex.org/W3021022181
https://openalex.org/W3022237357
https://openalex.org/W3022344882
https://openalex.org/W3022699105
https://openalex.org/W3022839361
https://openalex.org/W3022969850
https://openalex.org/W3023118393
https://openalex.org/W3023702320
https://openalex.org/W3023860058
https://openalex.org/W3024330958
https://openalex.org/W3024386609
https://openalex.org/W3024399860
https://openalex.org/W3024410440
https://openalex.org/W3024672231
https://openalex.org/W3024842037
https://openalex.org/W3024934449
https://openalex.org/W3025117239
https://openalex.org/W3025219409
https://openalex.org/W3025285657
https://openalex.org/W3025355723
https://openalex.org/W3025715675
https://openalex.org/W3026416589
https://openalex.org/W3028283787
https://openalex.org/W3028286593
https://openalex.org/W3028622510
https://openalex.org/W3028664302
https://openalex.org/W3028706951
https://openalex.org/W3028797871
https://openalex.org/W3028871236
https://openalex.org/W3028937331
https://openalex.org/W3029006146
https://openalex.org/W3029042861
https://openalex.org/W3029086537
https://openalex.org/W3029104439
https://openalex.org/W3029148914
https://openalex.org/W3029164437
https://openalex.org/W3029209706
https://openalex.org/W3029237460
https://openalex.org/W3029357907
https://openalex.org/W3029600677
https://openalex.org/W3029604522
https://openalex.org/W3029652852
https://openalex.org/W3029741265
https://openalex.org/W3029752680
https://openalex.org/W3029809285
https://openalex.org/W3029838465
https://openalex.org/W3029864474
https://openalex.org/W3029901269
https://openalex.org/W3030123384
https://openalex.org/W3030124507
https://openalex.org/W3030176004
https://openalex.org/W3030182176
https://openalex.org/W3030318263
https://openalex.org/W3030430591
https://openalex.org/W3030530950
https://openalex.org/W3030589539
https://openalex.org/W3030667517
https://openalex.org/W3030805076
https://openalex.org/W3030961705
https://openalex.org/W3030985109
https://openalex.org/W3031008520
https://openalex.org/W3031038459
https://openalex.org/W3031145095
https://openalex.org/W3031271611
https://openalex.org/W3031471598
https://openalex.org/W3031484910
https://openalex.org/W3031565296
https://openalex.org/W3031615428
https://openalex.org/W3031707838
https://openalex.org/W3031753108
https://openalex.org/W3031762821
https://openalex.org/W3031869175
https://openalex.org/W3031906622
https://openalex.org/W3032174613
https://openalex.org/W3032175059
https://openalex.org/W3032219824
https://openalex.org/W3032229144
https://openalex.org/W3032277411
https://openalex.org/W3032288570
https://openalex.org/W3032426459
https://openalex.org/W3032681818
https://openalex.org/W3032798512
https://openalex.org/W3033024710
https://openalex.org/W3033567372
https://openalex.org/W3033691847
https://openalex.org/W3034022023
https://openalex.org/W3034061948
https://openalex.org/W3034380251
https://openalex.org/W3034402173
https://openalex.org/W3034421363
https://openalex.org/W3034730518
https://openalex.org/W3034806864
https://openalex.org/W3035079769
https://openalex.org/W3035219907
https://openalex.org/W3036217849
https://openalex.org/W3036588742
https://openalex.org/W3037194557
https://openalex.org/W3040670343
https://openalex.org/W3041171320
https://openalex.org/W304123608
https://openalex.org/W3041481645
https://openalex.org/W3041747358
https://openalex.org/W3042332818
https://openalex.org/W3042387945
https://openalex.org/W3042795934
https://openalex.org/W3043059269
https://openalex.org/W3043075766
https://openalex.org/W3043302291
https://openalex.org/W3043364945
https://openalex.org/W3043437184
https://openalex.org/W3043586016
https://openalex.org/W3043715329
https://openalex.org/W3043732760
https://openalex.org/W3043830189
https://openalex.org/W3046809082
https://openalex.org/W3046886605
https://openalex.org/W3046889731
https://openalex.org/W3047121270
https://openalex.org/W3049299379
https://openalex.org/W3049434825
https://openalex.org/W3049656304
https://openalex.org/W3080541242
https://openalex.org/W3081149173
https://openalex.org/W3081925820
https://openalex.org/W3082696456
https://openalex.org/W3082804237
https://openalex.org/W3082891541
https://openalex.org/W3083047815
https://openalex.org/W3083190449
https://openalex.org/W3083210297
https://openalex.org/W3083290300
https://openalex.org/W3083570461
https://openalex.org/W3083582893
https://openalex.org/W3083582902
https://openalex.org/W3083688237
https://openalex.org/W3083861136
https://openalex.org/W3083936869
https://openalex.org/W3084166574
https://openalex.org/W3084372521
https://openalex.org/W3084388707
https://openalex.org/W3084399843
https://openalex.org/W3084406820
https://openalex.org/W3084630918
https://openalex.org/W3084983861
https://openalex.org/W3086324221
https://openalex.org/W3087464471
https://openalex.org/W3087712773
https://openalex.org/W3087736976
https://openalex.org/W3088327971
https://openalex.org/W3088899883
https://openalex.org/W3089241339
https://openalex.org/W3089866263
https://openalex.org/W3090793378
https://openalex.org/W3091556231
https://openalex.org/W3091589306
https://openalex.org/W3092501934
https://openalex.org/W3092824400
https://openalex.org/W3093167190
https://openalex.org/W3093556897
https://openalex.org/W30951843
https://openalex.org/W3097322192
https://openalex.org/W3097611398
https://openalex.org/W3097750075
https://openalex.org/W3098223727
https://openalex.org/W3098341109
https://openalex.org/W3098416970
https://openalex.org/W3098663092
https://openalex.org/W3098820049
https://openalex.org/W3098836469
https://openalex.org/W3098897232
https://openalex.org/W3098950136
https://openalex.org/W3099067766
https://openalex.org/W3099136498
https://openalex.org/W3099214497
https://openalex.org/W3099693200
https://openalex.org/W3099694700
https://openalex.org/W3099814565
https://openalex.org/W3099843443
https://openalex.org/W3100233679
https://openalex.org/W3100315611
https://openalex.org/W3100458047
https://openalex.org/W3100560035
https://openalex.org/W3100570026
https://openalex.org/W3100891358
https://openalex.org/W3101069819
https://openalex.org/W3101110857
https://openalex.org/W3101330789
https://openalex.org/W3101393746
https://openalex.org/W3101432516
https://openalex.org/W3101654917
https://openalex.org/W3101779101
https://openalex.org/W3101833760
https://openalex.org/W3101862878
https://openalex.org/W3101872416
https://openalex.org/W3102000668
https://openalex.org/W3102015943
https://openalex.org/W3102163573
https://openalex.org/W3102346856
https://openalex.org/W3102436735
https://openalex.org/W3102588174
https://openalex.org/W3102652304
https://openalex.org/W3102918321
https://openalex.org/W3103123449
https://openalex.org/W3103182909
https://openalex.org/W3103220333
https://openalex.org/W3103251715
https://openalex.org/W3103391367
https://openalex.org/W3103472888
https://openalex.org/W3103560507
https://openalex.org/W3103594028
https://openalex.org/W3103732099
https://openalex.org/W3103842432
https://openalex.org/W3103929380
https://openalex.org/W3103981559
https://openalex.org/W3104174835
https://openalex.org/W3104254206
https://openalex.org/W3104442342
https://openalex.org/W3104504877
https://openalex.org/W3104543897
https://openalex.org/W3104548332
https://openalex.org/W3104564834
https://openalex.org/W3104676032
https://openalex.org/W3104715517
https://openalex.org/W3104953565
https://openalex.org/W3104963570
https://openalex.org/W3105032959
https://openalex.org/W3105039805
https://openalex.org/W3105051495
https://openalex.org/W3105139803
https://openalex.org/W3105266928
https://openalex.org/W3105351331
https://openalex.org/W3105463711
https://openalex.org/W3105480122
https://openalex.org/W3105641396
https://openalex.org/W3105698246
https://openalex.org/W3105735374
https://openalex.org/W3106095701
https://openalex.org/W3106105982
https://openalex.org/W3106252607
https://openalex.org/W3106412916
https://openalex.org/W3107220689
https://openalex.org/W3107574525
https://openalex.org/W3107855712
https://openalex.org/W3108036010
https://openalex.org/W3108159964
https://openalex.org/W3109140888
https://openalex.org/W3109283936
https://openalex.org/W3109486539
https://openalex.org/W3109782704
https://openalex.org/W3110259251
https://openalex.org/W3111499878
https://openalex.org/W3111816109
https://openalex.org/W3111884958
https://openalex.org/W3112146643
https://openalex.org/W3112913993
https://openalex.org/W3113404708
https://openalex.org/W3113429368
https://openalex.org/W3114170238
https://openalex.org/W3116357175
https://openalex.org/W3117062900
https://openalex.org/W3119022109
https://openalex.org/W3119509626
https://openalex.org/W3119556655
https://openalex.org/W3120047704
https://openalex.org/W3120473345
https://openalex.org/W3120707805
https://openalex.org/W3121379337
https://openalex.org/W3121447654
https://openalex.org/W3121830392
https://openalex.org/W3121971441
https://openalex.org/W3122026270
https://openalex.org/W3122470130
https://openalex.org/W3122777027
https://openalex.org/W3122848090
https://openalex.org/W3124474021
https://openalex.org/W3125742321
https://openalex.org/W3125983613
https://openalex.org/W3126266900
https://openalex.org/W3126330030
https://openalex.org/W3126479845
https://openalex.org/W3126625819
https://openalex.org/W3126721982
https://openalex.org/W3126835237
https://openalex.org/W3126874051
https://openalex.org/W3127994977
https://openalex.org/W3128240570
https://openalex.org/W3128649795
https://openalex.org/W3128898205
https://openalex.org/W3129603540
https://openalex.org/W3130096119
https://openalex.org/W3130438276
https://openalex.org/W3130672771
https://openalex.org/W3130820337
https://openalex.org/W3131711671
https://openalex.org/W3132122985
https://openalex.org/W3132642021
https://openalex.org/W3133429862
https://openalex.org/W3133611507
https://openalex.org/W3135360920
https://openalex.org/W3135397834
https://openalex.org/W3135686799
https://openalex.org/W3136097489
https://openalex.org/W3136658959
https://openalex.org/W3136880356
https://openalex.org/W3137790271
https://openalex.org/W3138487238
https://openalex.org/W3138658411
https://openalex.org/W3138992544
https://openalex.org/W3139152741
https://openalex.org/W3139393232
https://openalex.org/W3140832785
https://openalex.org/W3141233705
https://openalex.org/W3141543448
https://openalex.org/W3142381891
https://openalex.org/W3143001577
https://openalex.org/W3144397031
https://openalex.org/W3144757321
https://openalex.org/W3145230442
https://openalex.org/W3145683271
https://openalex.org/W3146992937
https://openalex.org/W3147256288
https://openalex.org/W3147373140
https://openalex.org/W3151698841
https://openalex.org/W3151933713
https://openalex.org/W3154447594
https://openalex.org/W3155686447
https://openalex.org/W3157126456
https://openalex.org/W3157141934
https://openalex.org/W3157938571
https://openalex.org/W3158089321
https://openalex.org/W3158164865
https://openalex.org/W3158270195
https://openalex.org/W3158676807
https://openalex.org/W3159949860
https://openalex.org/W3160275607
https://openalex.org/W3160302227
https://openalex.org/W3160482875
https://openalex.org/W3160545785
https://openalex.org/W3160698804
https://openalex.org/W3160893281
https://openalex.org/W3160946698
https://openalex.org/W3161347842
https://openalex.org/W3161600173
https://openalex.org/W3161728834
https://openalex.org/W3161733388
https://openalex.org/W3161843597
https://openalex.org/W3161903541
https://openalex.org/W3161971454
https://openalex.org/W3162759285
https://openalex.org/W3163023154
https://openalex.org/W3163111171
https://openalex.org/W3163312145
https://openalex.org/W3163940254
https://openalex.org/W3164007846
https://openalex.org/W3164459614
https://openalex.org/W3164528101
https://openalex.org/W3164529318
https://openalex.org/W3164625327
https://openalex.org/W3164861896
https://openalex.org/W3165186791
https://openalex.org/W3167249200
https://openalex.org/W3167877823
https://openalex.org/W3168462386
https://openalex.org/W3168672224
https://openalex.org/W3169035343
https://openalex.org/W3170163871
https://openalex.org/W3172615102
https://openalex.org/W3173818839
https://openalex.org/W3173929216
https://openalex.org/W3174027278
https://openalex.org/W3174479550
https://openalex.org/W3174774017
https://openalex.org/W3174840704
https://openalex.org/W3174943196
https://openalex.org/W3175460446
https://openalex.org/W3175895665
https://openalex.org/W3175975699
https://openalex.org/W3176391570
https://openalex.org/W3177620849
https://openalex.org/W3177870014
https://openalex.org/W3177996522
https://openalex.org/W3178811358
https://openalex.org/W3179127270
https://openalex.org/W3180238568
https://openalex.org/W3180608852
https://openalex.org/W3180967489
https://openalex.org/W3181635519
https://openalex.org/W3182249825
https://openalex.org/W3183616595
https://openalex.org/W3184351391
https://openalex.org/W3184601654
https://openalex.org/W3184689767
https://openalex.org/W3184725928
https://openalex.org/W3185136489
https://openalex.org/W3186946173
https://openalex.org/W3187085961
https://openalex.org/W3187232514
https://openalex.org/W3187312769
https://openalex.org/W3187592823
https://openalex.org/W3187847579
https://openalex.org/W3188086880
https://openalex.org/W3188107171
https://openalex.org/W3188117075
https://openalex.org/W3188680740
https://openalex.org/W3189192278
https://openalex.org/W3189370499
https://openalex.org/W3189579043
https://openalex.org/W3189863988
https://openalex.org/W3189916346
https://openalex.org/W3189956650
https://openalex.org/W3190986744
https://openalex.org/W3191429077
https://openalex.org/W3191475873
https://openalex.org/W3191704221
https://openalex.org/W3192081924
https://openalex.org/W3192468358
https://openalex.org/W3192756800
https://openalex.org/W3192806494
https://openalex.org/W3193532532
https://openalex.org/W3193659352
https://openalex.org/W3193695342
https://openalex.org/W3193772072
https://openalex.org/W3195512833
https://openalex.org/W3195849029
https://openalex.org/W3196131845
https://openalex.org/W3196510151
https://openalex.org/W3196816344
https://openalex.org/W3196980820
https://openalex.org/W3197430651
https://openalex.org/W3198173896
https://openalex.org/W3198281517
https://openalex.org/W3198932285
https://openalex.org/W3199006770
https://openalex.org/W3199450033
https://openalex.org/W3199543942
https://openalex.org/W3200356067
https://openalex.org/W3200468616
https://openalex.org/W3201861484
https://openalex.org/W3202372904
https://openalex.org/W3202542740
https://openalex.org/W3203150442
https://openalex.org/W3203368392
https://openalex.org/W3203658213
https://openalex.org/W3203965233
https://openalex.org/W3203982854
https://openalex.org/W3204769466
https://openalex.org/W3204809333
https://openalex.org/W3205308438
https://openalex.org/W3205326790
https://openalex.org/W3205484056
https://openalex.org/W3205625636
https://openalex.org/W3206339675
https://openalex.org/W3206482207
https://openalex.org/W3207175657
https://openalex.org/W3207277860
https://openalex.org/W3207316834
https://openalex.org/W3208294529
https://openalex.org/W3208442642
https://openalex.org/W3208997982
https://openalex.org/W3209243618
https://openalex.org/W3209461916
https://openalex.org/W3209555751
https://openalex.org/W3209926820
https://openalex.org/W3210051543
https://openalex.org/W3210447623
https://openalex.org/W3211030590
https://openalex.org/W3211252287
https://openalex.org/W3212389242
https://openalex.org/W3212485268
https://openalex.org/W3212851081
https://openalex.org/W3213236677
https://openalex.org/W3213396875
https://openalex.org/W3214706001
https://openalex.org/W3215348288
https://openalex.org/W3215779918
https://openalex.org/W3216182321
https://openalex.org/W3216651584
https://openalex.org/W3216710824
https://openalex.org/W3216825937
https://openalex.org/W3216845763
https://openalex.org/W3216974102
https://openalex.org/W3217700461
https://openalex.org/W3217738496
https://openalex.org/W325226547
https://openalex.org/W326844253
https://openalex.org/W335831034
https://openalex.org/W338565057
https://openalex.org/W344309180
https://openalex.org/W350149494
https://openalex.org/W363726550
https://openalex.org/W365617421
https://openalex.org/W385117330
https://openalex.org/W393967976
https://openalex.org/W396083033
https://openalex.org/W405930331
https://openalex.org/W410791807
https://openalex.org/W413135824
https://openalex.org/W4200041886
https://openalex.org/W4200132696
https://openalex.org/W4200177691
https://openalex.org/W4200238147
https://openalex.org/W4200248843
https://openalex.org/W4200421745
https://openalex.org/W4200428755
https://openalex.org/W4200443238
https://openalex.org/W4200513576
https://openalex.org/W4200581774
https://openalex.org/W4205159104
https://openalex.org/W4205273076
https://openalex.org/W4205417678
https://openalex.org/W4205886054
https://openalex.org/W4206055192
https://openalex.org/W4206317729
https://openalex.org/W4206317990
https://openalex.org/W4206334558
https://openalex.org/W4206351848
https://openalex.org/W4206597136
https://openalex.org/W4206851331
https://openalex.org/W4206881605
https://openalex.org/W4206932470
https://openalex.org/W4206998215
https://openalex.org/W4210695103
https://openalex.org/W4210801476
https://openalex.org/W4210862646
https://openalex.org/W4210959647
https://openalex.org/W4211066938
https://openalex.org/W4211220923
https://openalex.org/W4211243275
https://openalex.org/W4212884193
https://openalex.org/W4212905333
https://openalex.org/W4213026912
https://openalex.org/W4213038657
https://openalex.org/W4213093283
https://openalex.org/W4213145349
https://openalex.org/W4213236019
https://openalex.org/W4213303767
https://openalex.org/W4213398200
https://openalex.org/W4214497841
https://openalex.org/W4214550954
https://openalex.org/W4214552405
https://openalex.org/W4214594435
https://openalex.org/W4214684187
https://openalex.org/W4214785865
https://openalex.org/W4220680537
https://openalex.org/W4220695446
https://openalex.org/W4220761443
https://openalex.org/W4220792957
https://openalex.org/W4220837979
https://openalex.org/W4220955567
https://openalex.org/W4221018860
https://openalex.org/W4221032025
https://openalex.org/W4221121615
https://openalex.org/W4221127090
https://openalex.org/W4221149751
https://openalex.org/W4221166055
https://openalex.org/W4224211483
https://openalex.org/W4224220984
https://openalex.org/W4224221094
https://openalex.org/W4224237057
https://openalex.org/W4224238472
https://openalex.org/W4224243183
https://openalex.org/W4224244678
https://openalex.org/W4224244719
https://openalex.org/W4224245314
https://openalex.org/W4224245519
https://openalex.org/W4224255144
https://openalex.org/W4224266956
https://openalex.org/W4224274354
https://openalex.org/W4224282593
https://openalex.org/W4224284928
https://openalex.org/W4224290398
https://openalex.org/W4224306092
https://openalex.org/W4224612649
https://openalex.org/W4225280514
https://openalex.org/W4225284355
https://openalex.org/W4225293621
https://openalex.org/W4225324846
https://openalex.org/W4225402053
https://openalex.org/W4225418912
https://openalex.org/W4225607459
https://openalex.org/W4225626420
https://openalex.org/W4225851451
https://openalex.org/W4225881336
https://openalex.org/W4225909367
https://openalex.org/W4225987189
https://openalex.org/W4226024726
https://openalex.org/W4226062984
https://openalex.org/W4226070188
https://openalex.org/W4226162950
https://openalex.org/W4226250144
https://openalex.org/W4226257530
https://openalex.org/W4226375832
https://openalex.org/W4226391700
https://openalex.org/W4226436022
https://openalex.org/W4226454889
https://openalex.org/W4226456720
https://openalex.org/W4226524655
https://openalex.org/W4226551904
https://openalex.org/W4229027590
https://openalex.org/W4229061070
https://openalex.org/W4229333644
https://openalex.org/W4229677525
https://openalex.org/W4229714820
https://openalex.org/W4229800650
https://openalex.org/W4229883836
https://openalex.org/W4230011784
https://openalex.org/W4230422294
https://openalex.org/W4230937200
https://openalex.org/W4231034675
https://openalex.org/W4231089073
https://openalex.org/W4231253243
https://openalex.org/W4231416849
https://openalex.org/W4231433735
https://openalex.org/W4231556532
https://openalex.org/W4231647134
https://openalex.org/W4231708400
https://openalex.org/W4231712361
https://openalex.org/W4231807604
https://openalex.org/W4231983601
https://openalex.org/W4232072480
https://openalex.org/W4232997302
https://openalex.org/W4233134018
https://openalex.org/W4233164265
https://openalex.org/W4233371668
https://openalex.org/W4233448129
https://openalex.org/W4233525547
https://openalex.org/W4233546279
https://openalex.org/W4233593967
https://openalex.org/W4234529447
https://openalex.org/W4235815896
https://openalex.org/W4235840373
https://openalex.org/W4235905549
https://openalex.org/W4235905632
https://openalex.org/W4236076504
https://openalex.org/W4236173914
https://openalex.org/W4236479677
https://openalex.org/W4237610592
https://openalex.org/W4237625833
https://openalex.org/W4237816663
https://openalex.org/W4237892424
https://openalex.org/W4237912428
https://openalex.org/W4238325912
https://openalex.org/W4238381308
https://openalex.org/W4238433625
https://openalex.org/W4238968433
https://openalex.org/W4239344865
https://openalex.org/W4239529252
https://openalex.org/W4239999583
https://openalex.org/W4240959682
https://openalex.org/W4240977534
https://openalex.org/W4241039985
https://openalex.org/W4241172211
https://openalex.org/W4241246726
https://openalex.org/W4241470473
https://openalex.org/W4241682841
https://openalex.org/W4241873563
https://openalex.org/W4242070056
https://openalex.org/W4242198325
https://openalex.org/W4242199177
https://openalex.org/W4242334832
https://openalex.org/W4242402958
https://openalex.org/W4242503594
https://openalex.org/W4242709160
https://openalex.org/W4242781297
https://openalex.org/W4243968106
https://openalex.org/W4243982728
https://openalex.org/W4244397903
https://openalex.org/W4244438891
https://openalex.org/W4244826791
https://openalex.org/W4244855178
https://openalex.org/W4244900794
https://openalex.org/W4245478888
https://openalex.org/W4245576413
https://openalex.org/W4245600638
https://openalex.org/W4245771626
https://openalex.org/W4246024189
https://openalex.org/W4246331192
https://openalex.org/W4246583665
https://openalex.org/W4246865373
https://openalex.org/W4246868308
https://openalex.org/W4247116469
https://openalex.org/W4247324810
https://openalex.org/W4247562595
https://openalex.org/W4247580066
https://openalex.org/W4248240157
https://openalex.org/W4248373447
https://openalex.org/W4248374224
https://openalex.org/W4248493395
https://openalex.org/W4248686082
https://openalex.org/W4248807711
https://openalex.org/W4249031904
https://openalex.org/W4249450165
https://openalex.org/W4249678750
https://openalex.org/W4249840407
https://openalex.org/W4249992662
https://openalex.org/W4250340057
https://openalex.org/W4250833477
https://openalex.org/W4250846008
https://openalex.org/W4250972691
https://openalex.org/W4250982579
https://openalex.org/W4251067048
https://openalex.org/W4251245157
https://openalex.org/W4251306238
https://openalex.org/W4251535242
https://openalex.org/W4251642649
https://openalex.org/W4251782288
https://openalex.org/W4251969871
https://openalex.org/W4252155295
https://openalex.org/W4252182768
https://openalex.org/W4252219935
https://openalex.org/W4252314696
https://openalex.org/W4252518572
https://openalex.org/W4252606679
https://openalex.org/W4252777788
https://openalex.org/W4252840818
https://openalex.org/W4252859349
https://openalex.org/W4253037769
https://openalex.org/W4253125553
https://openalex.org/W4253203515
https://openalex.org/W4253240413
https://openalex.org/W4253986353
https://openalex.org/W4254218713
https://openalex.org/W4254475141
https://openalex.org/W4254533173
https://openalex.org/W4254961558
https://openalex.org/W4254981907
https://openalex.org/W4255030162
https://openalex.org/W4255290687
https://openalex.org/W4255470828
https://openalex.org/W4255666305
https://openalex.org/W4256052183
https://openalex.org/W4256218807
https://openalex.org/W4256485508
https://openalex.org/W4256680373
https://openalex.org/W4256704198
https://openalex.org/W426368889
https://openalex.org/W4280561331
https://openalex.org/W4281263255
https://openalex.org/W4281628191
https://openalex.org/W4281628694
https://openalex.org/W4281632208
https://openalex.org/W4281725540
https://openalex.org/W4281734759
https://openalex.org/W4281857581
https://openalex.org/W4281884867
https://openalex.org/W4281934259
https://openalex.org/W4282933481
https://openalex.org/W4282938735
https://openalex.org/W4282946179
https://openalex.org/W4282946919
https://openalex.org/W4282963389
https://openalex.org/W4282963458
https://openalex.org/W4283023240
https://openalex.org/W4283172030
https://openalex.org/W4283213641
https://openalex.org/W4283388324
https://openalex.org/W4283698120
https://openalex.org/W4283708803
https://openalex.org/W4283742242
https://openalex.org/W4283799296
https://openalex.org/W4283809629
https://openalex.org/W4283834213
https://openalex.org/W4283835624
https://openalex.org/W4283835917
https://openalex.org/W4285037541
https://openalex.org/W4285045141
https://openalex.org/W4285089363
https://openalex.org/W4285132101
https://openalex.org/W4285133277
https://openalex.org/W4285195954
https://openalex.org/W4285214068
https://openalex.org/W4285244403
https://openalex.org/W4285245838
https://openalex.org/W4285265625
https://openalex.org/W4285267346
https://openalex.org/W4285503989
https://openalex.org/W4285661757
https://openalex.org/W4285818442
https://openalex.org/W4286265190
https://openalex.org/W4286457415
https://openalex.org/W4286462405
https://openalex.org/W4286470846
https://openalex.org/W4286510177
https://openalex.org/W4286510715
https://openalex.org/W4286613474
https://openalex.org/W4286863552
https://openalex.org/W4287654578
https://openalex.org/W4287883649
https://openalex.org/W4288062827
https://openalex.org/W4288066730
https://openalex.org/W4288078466
https://openalex.org/W4288080914
https://openalex.org/W4288081648
https://openalex.org/W4288092296
https://openalex.org/W4288724462
https://openalex.org/W4288769142
https://openalex.org/W4288884108
https://openalex.org/W4289132592
https://openalex.org/W4289220194
https://openalex.org/W4290062056
https://openalex.org/W4290547581
https://openalex.org/W4290547942
https://openalex.org/W4290643778
https://openalex.org/W4290715202
https://openalex.org/W4290829663
https://openalex.org/W4291004163
https://openalex.org/W4291227645
https://openalex.org/W4292061050
https://openalex.org/W4292122356
https://openalex.org/W4292154882
https://openalex.org/W4292423286
https://openalex.org/W4292657732
https://openalex.org/W4292682634
https://openalex.org/W4292714603
https://openalex.org/W4293067420
https://openalex.org/W4293075649
https://openalex.org/W4293093302
https://openalex.org/W4293150283
https://openalex.org/W4293163135
https://openalex.org/W4293233705
https://openalex.org/W4293233991
https://openalex.org/W4293377767
https://openalex.org/W4293420073
https://openalex.org/W4293438121
https://openalex.org/W4293716658
https://openalex.org/W4294124096
https://openalex.org/W4294199419
https://openalex.org/W4294732726
https://openalex.org/W4295414111
https://openalex.org/W4295419388
https://openalex.org/W4295868861
https://openalex.org/W4295942746
https://openalex.org/W4296060306
https://openalex.org/W4296111876
https://openalex.org/W4296161032
https://openalex.org/W4296167530
https://openalex.org/W4296283845
https://openalex.org/W4296390446
https://openalex.org/W4296396035
https://openalex.org/W4296508123
https://openalex.org/W4296991825
https://openalex.org/W4296996471
https://openalex.org/W4297347871
https://openalex.org/W4297737181
https://openalex.org/W4297874689
https://openalex.org/W4297927006
https://openalex.org/W4297933413
https://openalex.org/W4297946507
https://openalex.org/W4297947455
https://openalex.org/W4297966811
https://openalex.org/W4297980737
https://openalex.org/W4297992993
https://openalex.org/W4298126373
https://openalex.org/W4298132822
https://openalex.org/W4298141245
https://openalex.org/W4298184698
https://openalex.org/W4298191521
https://openalex.org/W4298261747
https://openalex.org/W4298266812
https://openalex.org/W4298289463
https://openalex.org/W4298297680
https://openalex.org/W4298344517
https://openalex.org/W4298413081
https://openalex.org/W4298559976
https://openalex.org/W4298758632
https://openalex.org/W4298845557
https://openalex.org/W4299494052
https://openalex.org/W4299504604
https://openalex.org/W4299631706
https://openalex.org/W4299642209
https://openalex.org/W4299712193
https://openalex.org/W4299732516
https://openalex.org/W4299735380
https://openalex.org/W4300042961
https://openalex.org/W4300167519
https://openalex.org/W4300375078
https://openalex.org/W4300449448
https://openalex.org/W4300533178
https://openalex.org/W4300561933
https://openalex.org/W4300624104
https://openalex.org/W4300714442
https://openalex.org/W4300812558
https://openalex.org/W4301315163
https://openalex.org/W4301374982
https://openalex.org/W4301376630
https://openalex.org/W4301392096
https://openalex.org/W4301513015
https://openalex.org/W4301630898
https://openalex.org/W4301659139
https://openalex.org/W4301760916
https://openalex.org/W4301912524
https://openalex.org/W4302289119
https://openalex.org/W4302394182
https://openalex.org/W4302802429
https://openalex.org/W4303520854
https://openalex.org/W4303614401
https://openalex.org/W4306248371
https://openalex.org/W4306254200
https://openalex.org/W4306683004
https://openalex.org/W4306711236
https://openalex.org/W4306736980
https://openalex.org/W4306775344
https://openalex.org/W4306835826
https://openalex.org/W4306849728
https://openalex.org/W4306951359
https://openalex.org/W4307162833
https://openalex.org/W4307482820
https://openalex.org/W4307569560
https://openalex.org/W4307686596
https://openalex.org/W4307938968
https://openalex.org/W4307994246
https://openalex.org/W4308136517
https://openalex.org/W4308166127
https://openalex.org/W4308267656
https://openalex.org/W4308301934
https://openalex.org/W4308433472
https://openalex.org/W4308477743
https://openalex.org/W4308509966
https://openalex.org/W4308858297
https://openalex.org/W4308992765
https://openalex.org/W4309210203
https://openalex.org/W4309397346
https://openalex.org/W4309467524
https://openalex.org/W4309498014
https://openalex.org/W4309532254
https://openalex.org/W4309590835
https://openalex.org/W4309683985
https://openalex.org/W4309694897
https://openalex.org/W4309800376
https://openalex.org/W4309878907
https://openalex.org/W4310170714
https://openalex.org/W4310222859
https://openalex.org/W4310378881
https://openalex.org/W4310452412
https://openalex.org/W4310480349
https://openalex.org/W4310623881
https://openalex.org/W4310658453
https://openalex.org/W4310891622
https://openalex.org/W4311183415
https://openalex.org/W4311541615
https://openalex.org/W4311611901
https://openalex.org/W4311613572
https://openalex.org/W4311635465
https://openalex.org/W4311655324
https://openalex.org/W4311815518
https://openalex.org/W4311855933
https://openalex.org/W4311972023
https://openalex.org/W4311979288
https://openalex.org/W4312070897
https://openalex.org/W4312081481
https://openalex.org/W4312113578
https://openalex.org/W4312124243
https://openalex.org/W4312124258
https://openalex.org/W4312194994
https://openalex.org/W4312284085
https://openalex.org/W4312293322
https://openalex.org/W4312371961
https://openalex.org/W4312516317
https://openalex.org/W4312537149
https://openalex.org/W4312608391
https://openalex.org/W4312709177
https://openalex.org/W4312756109
https://openalex.org/W4312858467
https://openalex.org/W4312913309
https://openalex.org/W4313032393
https://openalex.org/W4313168000
https://openalex.org/W4313245125
https://openalex.org/W4313348980
https://openalex.org/W4313374511
https://openalex.org/W4313394589
https://openalex.org/W4313395564
https://openalex.org/W4313463670
https://openalex.org/W4313509702
https://openalex.org/W4313519976
https://openalex.org/W4313521545
https://openalex.org/W4313575462
https://openalex.org/W4313638517
https://openalex.org/W4313638518
https://openalex.org/W4313638900
https://openalex.org/W4313816319
https://openalex.org/W4313816383
https://openalex.org/W4313826142
https://openalex.org/W4313857813
https://openalex.org/W4313893881
https://openalex.org/W4313895249
https://openalex.org/W4314935913
https://openalex.org/W4315630206
https://openalex.org/W4315753920
https://openalex.org/W4315853102
https://openalex.org/W4316042070
https://openalex.org/W4316662000
https://openalex.org/W4317104885
https://openalex.org/W4317434789
https://openalex.org/W4317436955
https://openalex.org/W4317531590
https://openalex.org/W4317565763
https://openalex.org/W4317763902
https://openalex.org/W4317779195
https://openalex.org/W4317830742
https://openalex.org/W4317886584
https://openalex.org/W4317937247
https://openalex.org/W4317937323
https://openalex.org/W4318026982
https://openalex.org/W4318577455
https://openalex.org/W4318602062
https://openalex.org/W4318602931
https://openalex.org/W4318691562
https://openalex.org/W4318704719
https://openalex.org/W4318711565
https://openalex.org/W4318777828
https://openalex.org/W4318825944
https://openalex.org/W4318950773
https://openalex.org/W4318960890
https://openalex.org/W4319321465
https://openalex.org/W4319432168
https://openalex.org/W4319445578
https://openalex.org/W4319812727
https://openalex.org/W4319827487
https://openalex.org/W4319838994
https://openalex.org/W4320011851
https://openalex.org/W4320037682
https://openalex.org/W4320068543
https://openalex.org/W4320880054
https://openalex.org/W4320915770
https://openalex.org/W4320915840
https://openalex.org/W4320916040
https://openalex.org/W4320916813
https://openalex.org/W4320922540
https://openalex.org/W4320930462
https://openalex.org/W4321375491
https://openalex.org/W4321453108
https://openalex.org/W4321487501
https://openalex.org/W4321788379
https://openalex.org/W4322490171
https://openalex.org/W4322618566
https://openalex.org/W4322626222
https://openalex.org/W4322757840
https://openalex.org/W4322763647
https://openalex.org/W4323026155
https://openalex.org/W4323030176
https://openalex.org/W4323293849
https://openalex.org/W4323306854
https://openalex.org/W4323306920
https://openalex.org/W4323317647
https://openalex.org/W4324136983
https://openalex.org/W4324145555
https://openalex.org/W4324282553
https://openalex.org/W4324324990
https://openalex.org/W4327521723
https://openalex.org/W4327571607
https://openalex.org/W4327621730
https://openalex.org/W4327736856
https://openalex.org/W4327747393
https://openalex.org/W4327796578
https://openalex.org/W4328027566
https://openalex.org/W4328027613
https://openalex.org/W4328049080
https://openalex.org/W4328125632
https://openalex.org/W4328140384
https://openalex.org/W435773057
https://openalex.org/W4360606713
https://openalex.org/W4360615915
https://openalex.org/W4360779544
https://openalex.org/W4360874927
https://openalex.org/W4360965206
https://openalex.org/W4361000641
https://openalex.org/W4361731393
https://openalex.org/W4361812605
https://openalex.org/W4361812798
https://openalex.org/W4361812888
https://openalex.org/W4361812893
https://openalex.org/W4361813766
https://openalex.org/W4361813937
https://openalex.org/W4361813987
https://openalex.org/W4361813988
https://openalex.org/W4361813991
https://openalex.org/W4361814111
https://openalex.org/W4361814122
https://openalex.org/W4361814150
https://openalex.org/W4361814179
https://openalex.org/W4361814216
https://openalex.org/W4361814220
https://openalex.org/W4361814221
https://openalex.org/W4361814298
https://openalex.org/W4361814323
https://openalex.org/W4361814442
https://openalex.org/W4361815027
https://openalex.org/W4361823151
https://openalex.org/W4361824848
https://openalex.org/W4361828206
https://openalex.org/W4361862412
https://openalex.org/W4361865264
https://openalex.org/W4361877829
https://openalex.org/W4361886011
https://openalex.org/W4361886090
https://openalex.org/W4361886196
https://openalex.org/W4361886264
https://openalex.org/W4361886281
https://openalex.org/W4361887184
https://openalex.org/W4361887258
https://openalex.org/W4361887405
https://openalex.org/W4361887417
https://openalex.org/W4361887430
https://openalex.org/W4361889463
https://openalex.org/W4361889532
https://openalex.org/W4361889536
https://openalex.org/W4361898814
https://openalex.org/W4361924996
https://openalex.org/W4361925035
https://openalex.org/W4361925037
https://openalex.org/W4361925163
https://openalex.org/W4361925168
https://openalex.org/W4361925223
https://openalex.org/W4361933489
https://openalex.org/W4361933637
https://openalex.org/W4361933677
https://openalex.org/W4361933678
https://openalex.org/W4361933785
https://openalex.org/W4361933994
https://openalex.org/W4361934027
https://openalex.org/W4361934143
https://openalex.org/W4361938232
https://openalex.org/W4361938359
https://openalex.org/W4361938538
https://openalex.org/W4361945919
https://openalex.org/W4361952269
https://openalex.org/W4361952877
https://openalex.org/W4361953858
https://openalex.org/W4361959432
https://openalex.org/W4361959753
https://openalex.org/W4361969757
https://openalex.org/W4361969857
https://openalex.org/W4362405838
https://openalex.org/W4362481253
https://openalex.org/W4362481278
https://openalex.org/W4362481279
https://openalex.org/W4362481283
https://openalex.org/W4362481291
https://openalex.org/W4362481311
https://openalex.org/W4362481356
https://openalex.org/W4362481382
https://openalex.org/W4362481383
https://openalex.org/W4362481459
https://openalex.org/W4362481615
https://openalex.org/W4362481641
https://openalex.org/W4362481701
https://openalex.org/W4362481721
https://openalex.org/W4362481770
https://openalex.org/W4362481776
https://openalex.org/W4362482481
https://openalex.org/W4362482701
https://openalex.org/W4362506556
https://openalex.org/W4362521261
https://openalex.org/W4362532008
https://openalex.org/W4362532331
https://openalex.org/W4362532344
https://openalex.org/W4362532465
https://openalex.org/W4362532607
https://openalex.org/W4362532741
https://openalex.org/W4362539084
https://openalex.org/W4362539503
https://openalex.org/W4362540012
https://openalex.org/W4362545350
https://openalex.org/W4362545397
https://openalex.org/W4362546186
https://openalex.org/W4362551485
https://openalex.org/W4362575212
https://openalex.org/W4362592348
https://openalex.org/W4362594783
https://openalex.org/W4362595482
https://openalex.org/W4362606256
https://openalex.org/W4362618039
https://openalex.org/W4362618120
https://openalex.org/W4362625977
https://openalex.org/W4362628960
https://openalex.org/W4362628962
https://openalex.org/W4362629003
https://openalex.org/W4362629019
https://openalex.org/W4362636024
https://openalex.org/W4362638721
https://openalex.org/W4362639792
https://openalex.org/W4362658715
https://openalex.org/W4362684535
https://openalex.org/W4362722725
https://openalex.org/W4363648747
https://openalex.org/W4364376210
https://openalex.org/W4365174384
https://openalex.org/W4365441208
https://openalex.org/W4365442291
https://openalex.org/W4365453878
https://openalex.org/W4365512004
https://openalex.org/W4365788067
https://openalex.org/W4365791808
https://openalex.org/W4365799070
https://openalex.org/W4366078512
https://openalex.org/W4366084070
https://openalex.org/W4366351641
https://openalex.org/W4366596869
https://openalex.org/W4366603588
https://openalex.org/W4366748173
https://openalex.org/W4366770767
https://openalex.org/W4366978401
https://openalex.org/W4366983118
https://openalex.org/W4367011982
https://openalex.org/W4367556780
https://openalex.org/W4367623748
https://openalex.org/W4367664441
https://openalex.org/W4372160513
https://openalex.org/W4372203542
https://openalex.org/W4372260339
https://openalex.org/W4372329082
https://openalex.org/W4375857575
https://openalex.org/W4376103944
https://openalex.org/W4376107129
https://openalex.org/W4376114349
https://openalex.org/W4376465744
https://openalex.org/W4376477533
https://openalex.org/W4377091327
https://openalex.org/W4377724403
https://openalex.org/W4377862045
https://openalex.org/W4377940546
https://openalex.org/W43780869
https://openalex.org/W4378212038
https://openalex.org/W4378212586
https://openalex.org/W4378516105
https://openalex.org/W4378574567
https://openalex.org/W4379340809
https://openalex.org/W4379741018
https://openalex.org/W4379742713
https://openalex.org/W4379791384
https://openalex.org/W4379802758
https://openalex.org/W4379919720
https://openalex.org/W4379984839
https://openalex.org/W4380050670
https://openalex.org/W4380136644
https://openalex.org/W4380204334
https://openalex.org/W4380357645
https://openalex.org/W4380558555
https://openalex.org/W4380576471
https://openalex.org/W4381113033
https://openalex.org/W4381158206
https://openalex.org/W4381251863
https://openalex.org/W4381322476
https://openalex.org/W4381620166
https://openalex.org/W4381620370
https://openalex.org/W4381684527
https://openalex.org/W4381716585
https://openalex.org/W4381885248
https://openalex.org/W4381892924
https://openalex.org/W4382011317
https://openalex.org/W4382318770
https://openalex.org/W4382519888
https://openalex.org/W4382599930
https://openalex.org/W4382630889
https://openalex.org/W4382727943
https://openalex.org/W4382776696
https://openalex.org/W4382786724
https://openalex.org/W4382787149
https://openalex.org/W4382897063
https://openalex.org/W4383105605
https://openalex.org/W4383215621
https://openalex.org/W4383262997
https://openalex.org/W4383421027
https://openalex.org/W4383555455
https://openalex.org/W4383570474
https://openalex.org/W4383570510
https://openalex.org/W4383621003
https://openalex.org/W4383684605
https://openalex.org/W4383817892
https://openalex.org/W4383868230
https://openalex.org/W4383996901
https://openalex.org/W4384133311
https://openalex.org/W4384156864
https://openalex.org/W4384199966
https://openalex.org/W4384205884
https://openalex.org/W4384281981
https://openalex.org/W4384471222
https://openalex.org/W4384823376
https://openalex.org/W4384830671
https://openalex.org/W4385071222
https://openalex.org/W4385075328
https://openalex.org/W4385193156
https://openalex.org/W4385218249
https://openalex.org/W4385251232
https://openalex.org/W4385297888
https://openalex.org/W4385324711
https://openalex.org/W4385337114
https://openalex.org/W4385416579
https://openalex.org/W4385442867
https://openalex.org/W4385477866
https://openalex.org/W4385478192
https://openalex.org/W4385549522
https://openalex.org/W4385564308
https://openalex.org/W4385568985
https://openalex.org/W4385584921
https://openalex.org/W4385637771
https://openalex.org/W4385657315
https://openalex.org/W4385670667
https://openalex.org/W4385681468
https://openalex.org/W4385719792
https://openalex.org/W4385723496
https://openalex.org/W4385723577
https://openalex.org/W4385740227
https://openalex.org/W4385752115
https://openalex.org/W4385776160
https://openalex.org/W4385811939
https://openalex.org/W4385840418
https://openalex.org/W4385841289
https://openalex.org/W4385876451
https://openalex.org/W4385892976
https://openalex.org/W4385895972
https://openalex.org/W4386012873
https://openalex.org/W4386028861
https://openalex.org/W4386048718
https://openalex.org/W4386070899
https://openalex.org/W4386086608
https://openalex.org/W4386091867
https://openalex.org/W4386160776
https://openalex.org/W4386176305
https://openalex.org/W4386185234
https://openalex.org/W4386188122
https://openalex.org/W4386196685
https://openalex.org/W4386216209
https://openalex.org/W4386250375
https://openalex.org/W4386255522
https://openalex.org/W4386272749
https://openalex.org/W4386453582
https://openalex.org/W4386463143
https://openalex.org/W4386466789
https://openalex.org/W4386510484
https://openalex.org/W4386529615
https://openalex.org/W4386596208
https://openalex.org/W4386604302
https://openalex.org/W4386604342
https://openalex.org/W4386606942
https://openalex.org/W4386608251
https://openalex.org/W4386624146
https://openalex.org/W4386634010
https://openalex.org/W4386651338
https://openalex.org/W4386690353
https://openalex.org/W4386710164
https://openalex.org/W4386727511
https://openalex.org/W4386837257
https://openalex.org/W4386885931
https://openalex.org/W4386893887
https://openalex.org/W4386896994
https://openalex.org/W4386921889
https://openalex.org/W4386951343
https://openalex.org/W4387023262
https://openalex.org/W4387030183
https://openalex.org/W454001794
https://openalex.org/W4646671
https://openalex.org/W51620980
https://openalex.org/W562658267
https://openalex.org/W566175501
https://openalex.org/W56617883
https://openalex.org/W567884134
https://openalex.org/W569357138
https://openalex.org/W571566773
https://openalex.org/W573930492
https://openalex.org/W575063257
https://openalex.org/W578458550
https://openalex.org/W578494487
https://openalex.org/W579625239
https://openalex.org/W581060938
https://openalex.org/W589987329
https://openalex.org/W590476015
https://openalex.org/W593151860
https://openalex.org/W599715778
https://openalex.org/W60266861
https://openalex.org/W605689779
https://openalex.org/W608848894
https://openalex.org/W609915049
https://openalex.org/W612407504
https://openalex.org/W613409703
https://openalex.org/W620855784
https://openalex.org/W621217031
https://openalex.org/W623606570
https://openalex.org/W626079058
https://openalex.org/W631276212
https://openalex.org/W633413208
https://openalex.org/W636992078
https://openalex.org/W641997334
https://openalex.org/W648776771
https://openalex.org/W654304241
https://openalex.org/W656856631
https://openalex.org/W658186529
https://openalex.org/W659205727
https://openalex.org/W659567712
https://openalex.org/W751553280
https://openalex.org/W78579935
https://openalex.org/W834496821
https://openalex.org/W83698604
https://openalex.org/W862583739
https://openalex.org/W866334262
https://openalex.org/W867305112
https://openalex.org/W8725906
https://openalex.org/W887677604
https://openalex.org/W889344830
https://openalex.org/W896985238
https://openalex.org/W906902309
https://openalex.org/W913546551
https://openalex.org/W914605769
https://openalex.org/W931217549
https://openalex.org/W95698464
https://openalex.org/W99613114
https://openalex.org/W2097467169
https://openalex.org/W2042851093
https://openalex.org/W2052554412
https://openalex.org/W2068972095
https://openalex.org/W2123347941
https://openalex.org/W1993450321
https://openalex.org/W2129777487
https://openalex.org/W1974540615
https://openalex.org/W2082376470
https://openalex.org/W2081653606
https://openalex.org/W2170140374
https://openalex.org/W2032109089
https://openalex.org/W202019503
https://openalex.org/W2022237004
https://openalex.org/W2048666997
https://openalex.org/W1998865212
https://openalex.org/W1967586345
https://openalex.org/W2125865087
https://openalex.org/W1997466838
https://openalex.org/W2998795963
https://openalex.org/W2792720753
https://openalex.org/W2148395963
https://openalex.org/W1996625702
https://openalex.org/W2055127006
https://openalex.org/W2062106032
https://openalex.org/W2157421405
https://openalex.org/W2468397085
https://openalex.org/W2946931470
https://openalex.org/W2087181226
https://openalex.org/W1974190222
https://openalex.org/W2791777930
https://openalex.org/W2068699645
https://openalex.org/W2131753057
https://openalex.org/W2886557383
https://openalex.org/W2151026975
https://openalex.org/W2142162924
https://openalex.org/W1488614375
https://openalex.org/W1992623092
https://openalex.org/W2132754300
https://openalex.org/W2201248084
https://openalex.org/W2216340177
https://openalex.org/W2070271010
https://openalex.org/W2013171182
https://openalex.org/W2519408637
https://openalex.org/W2029615838
https://openalex.org/W2048233403
https://openalex.org/W1991952124
https://openalex.org/W2110663167
https://openalex.org/W2007839434
https://openalex.org/W1511964634
https://openalex.org/W1547610032
https://openalex.org/W2581028200
https://openalex.org/W2830368892
https://openalex.org/W2142441840
https://openalex.org/W2161651587
https://openalex.org/W2007942027
https://openalex.org/W2064883616
https://openalex.org/W2097337853
https://openalex.org/W2893484390
https://openalex.org/W1983650428
https://openalex.org/W2801359147
https://openalex.org/W2756249964
https://openalex.org/W2799989333
https://openalex.org/W2119855916
https://openalex.org/W2091133721
https://openalex.org/W1746080159
https://openalex.org/W2082524242
https://openalex.org/W2100189018
https://openalex.org/W2170960877
https://openalex.org/W1986215971
https://openalex.org/W2018732798
https://openalex.org/W2108518448
https://openalex.org/W2217705777
https://openalex.org/W3134793758
https://openalex.org/W2008501264
https://openalex.org/W2003973869
https://openalex.org/W2153365069
https://openalex.org/W2147966104
https://openalex.org/W2031621381
https://openalex.org/W2226349369
https://openalex.org/W2061304668
https://openalex.org/W2159477924
https://openalex.org/W2115390875
https://openalex.org/W2118613904
https://openalex.org/W2083081144
https://openalex.org/W2609398719
https://openalex.org/W2100861475
https://openalex.org/W2116803744
https://openalex.org/W2071979087
https://openalex.org/W1857239282
https://openalex.org/W2125932918
https://openalex.org/W3119326312
https://openalex.org/W2152116743
https://openalex.org/W1993023587
https://openalex.org/W2995681102
https://openalex.org/W1968625808
https://openalex.org/W1990955264
https://openalex.org/W2183339174
https://openalex.org/W1985567721
https://openalex.org/W2887257799
https://openalex.org/W2080475118
https://openalex.org/W2115630982
https://openalex.org/W2107286738
https://openalex.org/W2320895600
https://openalex.org/W1981296963
https://openalex.org/W1987083929
https://openalex.org/W2744784871
https://openalex.org/W1547838594
https://openalex.org/W2994593011
https://openalex.org/W2082324571
https://openalex.org/W2741710022
https://openalex.org/W1964056324
https://openalex.org/W2114431265
https://openalex.org/W2747334613
https://openalex.org/W2039146594
https://openalex.org/W2107097573
https://openalex.org/W2288369558
https://openalex.org/W2075811345
https://openalex.org/W2920163517
https://openalex.org/W2126538542
https://openalex.org/W2143377660
https://openalex.org/W2146146778
https://openalex.org/W1563899879
https://openalex.org/W2025971310
https://openalex.org/W2036760181
https://openalex.org/W2071580019
https://openalex.org/W2925290838
https://openalex.org/W2956337168
https://openalex.org/W2902411700
https://openalex.org/W2406629693
https://openalex.org/W1848478814
https://openalex.org/W1981183620
https://openalex.org/W2156988725
https://openalex.org/W1967065056
https://openalex.org/W2015810327
https://openalex.org/W2112578550
https://openalex.org/W2170672009
https://openalex.org/W2015377623
https://openalex.org/W2161085345
https://openalex.org/W2102865780
https://openalex.org/W1606634120
https://openalex.org/W2129695504
https://openalex.org/W2899131445
https://openalex.org/W2085812999
https://openalex.org/W2117933664
https://openalex.org/W4231307067
https://openalex.org/W2077657264
https://openalex.org/W2794222065
https://openalex.org/W1975636362
https://openalex.org/W2060621228
https://openalex.org/W2156918228
https://openalex.org/W2793361285
https://openalex.org/W2023042079
https://openalex.org/W2068984761
https://openalex.org/W1971884165
https://openalex.org/W2018027831
https://openalex.org/W2125976324
https://openalex.org/W1990927663
https://openalex.org/W1993024177
https://openalex.org/W2050139272
https://openalex.org/W2110911881
https://openalex.org/W2150754072
https://openalex.org/W2025352501
https://openalex.org/W1966082666
https://openalex.org/W2034277066
https://openalex.org/W2110919070
https://openalex.org/W2118325402
https://openalex.org/W1911576916
https://openalex.org/W2137217801
https://openalex.org/W2480575086
https://openalex.org/W2030638302
https://openalex.org/W2530580864
https://openalex.org/W2769723616
https://openalex.org/W1981286174
https://openalex.org/W2019673194
https://openalex.org/W2073321532
https://openalex.org/W2093001237
https://openalex.org/W2107926078
https://openalex.org/W2119649681
https://openalex.org/W2157089756
https://openalex.org/W2595038369
https://openalex.org/W1993190475
https://openalex.org/W2044892825
https://openalex.org/W2141567950
https://openalex.org/W2617969253
https://openalex.org/W2801011555
https://openalex.org/W2792109376
https://openalex.org/W1973414265
https://openalex.org/W2054271458
https://openalex.org/W2032582749
https://openalex.org/W2118180129
https://openalex.org/W2522255615
https://openalex.org/W1999417302
https://openalex.org/W2052029142
https://openalex.org/W2139298191
https://openalex.org/W1608452054
https://openalex.org/W2022179732
https://openalex.org/W2057793212
https://openalex.org/W1985222393
https://openalex.org/W2149860969
https://openalex.org/W2149133709
https://openalex.org/W1999728682
https://openalex.org/W2111269209
https://openalex.org/W225683512
https://openalex.org/W2388891674
https://openalex.org/W2050186814
https://openalex.org/W2088883508
https://openalex.org/W2091671568
https://openalex.org/W1568532368
https://openalex.org/W2089301027
https://openalex.org/W1881765845
https://openalex.org/W2148326208
https://openalex.org/W2171195586
https://openalex.org/W2129784054
https://openalex.org/W1969729000
https://openalex.org/W2060217571
https://openalex.org/W2072256637
https://openalex.org/W2119375414
https://openalex.org/W2791927620
https://openalex.org/W1995912453
https://openalex.org/W2039900178
https://openalex.org/W2085009992
https://openalex.org/W2098124513
https://openalex.org/W2135375985
https://openalex.org/W2025040806
https://openalex.org/W2038340280
https://openalex.org/W2083281693
https://openalex.org/W1976840830
https://openalex.org/W2017690475
https://openalex.org/W2045189723
https://openalex.org/W2146812142
https://openalex.org/W3080435270
https://openalex.org/W1989671664
https://openalex.org/W2081484893
https://openalex.org/W2131029305
https://openalex.org/W2024320298
https://openalex.org/W2147088548
https://openalex.org/W2950356153
https://openalex.org/W1979582511
https://openalex.org/W2100965959
https://openalex.org/W2144104511
https://openalex.org/W2015619851
https://openalex.org/W2007430436
https://openalex.org/W2095402954
https://openalex.org/W2106734110
https://openalex.org/W2274299408
https://openalex.org/W2394191490
https://openalex.org/W2754260538
https://openalex.org/W1481548475
https://openalex.org/W2073825815
https://openalex.org/W2153448038
https://openalex.org/W2333413219
https://openalex.org/W3170696603
https://openalex.org/W2115323801
https://openalex.org/W2128232019
https://openalex.org/W2765451895
https://openalex.org/W2956235322
https://openalex.org/W1984863045
https://openalex.org/W2621682661
https://openalex.org/W2762956602
https://openalex.org/W1968320037
https://openalex.org/W2059697362
https://openalex.org/W2122796670
https://openalex.org/W2267359798
https://openalex.org/W2601255746
https://openalex.org/W1964084344
https://openalex.org/W1964578632
https://openalex.org/W2051112888
https://openalex.org/W2063486767
https://openalex.org/W1501051149
https://openalex.org/W1577666052
https://openalex.org/W2002544582
https://openalex.org/W2033749819
https://openalex.org/W2053668814
https://openalex.org/W2397032853
https://openalex.org/W2029129951
https://openalex.org/W2291168073
https://openalex.org/W1983068409
https://openalex.org/W1997041468
https://openalex.org/W2121789051
https://openalex.org/W2159952104
https://openalex.org/W2289443669
https://openalex.org/W3135098047
https://openalex.org/W2133326351
https://openalex.org/W1543188612
https://openalex.org/W1984068326
https://openalex.org/W2087206540
https://openalex.org/W2109270526
https://openalex.org/W2111035451
https://openalex.org/W2122800348
https://openalex.org/W2159955141
https://openalex.org/W1996349694
https://openalex.org/W2030744918
https://openalex.org/W2137075933
https://openalex.org/W2055713033
https://openalex.org/W2063753877
https://openalex.org/W2143431383
https://openalex.org/W2780227486
https://openalex.org/W1569836364
https://openalex.org/W1985545194
https://openalex.org/W2082066476
https://openalex.org/W2093874872
https://openalex.org/W2170036207
https://openalex.org/W2065845491
https://openalex.org/W2097521595
https://openalex.org/W2237724631
https://openalex.org/W2790778594
https://openalex.org/W2022561383
https://openalex.org/W2092888258
https://openalex.org/W2144126736
https://openalex.org/W2152510426
https://openalex.org/W2791245151
https://openalex.org/W1992642201
https://openalex.org/W2948761898
https://openalex.org/W2040480381
https://openalex.org/W2095261376
https://openalex.org/W2268072246
https://openalex.org/W284911816
https://openalex.org/W3009694030
https://openalex.org/W1982159679
https://openalex.org/W1982720434
https://openalex.org/W2053883010
https://openalex.org/W2159262034
https://openalex.org/W1974689168
https://openalex.org/W2032987493
https://openalex.org/W2138265230
https://openalex.org/W2083312414
https://openalex.org/W2094390378
https://openalex.org/W2944460039
https://openalex.org/W3014776423
https://openalex.org/W2008413532
https://openalex.org/W2059108270
https://openalex.org/W2105995327
https://openalex.org/W2410958869
https://openalex.org/W2513162336
https://openalex.org/W2024474048
https://openalex.org/W2083059107
https://openalex.org/W2127462420
https://openalex.org/W2487133399
https://openalex.org/W1671726658
https://openalex.org/W1986135791
https://openalex.org/W2010079235
https://openalex.org/W2035191293
https://openalex.org/W2038777044
https://openalex.org/W2076932539
https://openalex.org/W2118474281
https://openalex.org/W2131915734
https://openalex.org/W2607592153
https://openalex.org/W2614778484
https://openalex.org/W2026303401
https://openalex.org/W2061171033
https://openalex.org/W2090044631
https://openalex.org/W2116649910
https://openalex.org/W2169115903
https://openalex.org/W2260426525
https://openalex.org/W2754105231
https://openalex.org/W1996816592
https://openalex.org/W2064924872
https://openalex.org/W2092688220
https://openalex.org/W2122045573
https://openalex.org/W2044808061
https://openalex.org/W2111067924
https://openalex.org/W2138836979
https://openalex.org/W2151747543
https://openalex.org/W2401225309
https://openalex.org/W1996352179
https://openalex.org/W2471854094
https://openalex.org/W2922039446
https://openalex.org/W3131956693
https://openalex.org/W2015113538
https://openalex.org/W2049607351
https://openalex.org/W2079150927
https://openalex.org/W2105399157
https://openalex.org/W2131609666
https://openalex.org/W2154755275
https://openalex.org/W2161663883
https://openalex.org/W2164464775
https://openalex.org/W2166844117
https://openalex.org/W2490097450
https://openalex.org/W1992520189
https://openalex.org/W1994760546
https://openalex.org/W2041844431
https://openalex.org/W2062230979
https://openalex.org/W2169631423
https://openalex.org/W2029244677
https://openalex.org/W2030799955
https://openalex.org/W2061266080
https://openalex.org/W2061839474
https://openalex.org/W2152248806
https://openalex.org/W2270574616
https://openalex.org/W788464573
https://openalex.org/W1955463801
https://openalex.org/W1971218169
https://openalex.org/W1999780173
https://openalex.org/W2048269322
https://openalex.org/W2004386176
https://openalex.org/W2055175949
https://openalex.org/W2163061133
https://openalex.org/W2166353609
https://openalex.org/W2789920657
https://openalex.org/W2040646406
https://openalex.org/W2068185377
https://openalex.org/W2072872305
https://openalex.org/W2103136476
https://openalex.org/W2949932450
https://openalex.org/W1977546087
https://openalex.org/W2019595402
https://openalex.org/W2037979189
https://openalex.org/W2088881176
https://openalex.org/W2090619917
https://openalex.org/W3124979555
https://openalex.org/W3175731140
https://openalex.org/W2039037177
https://openalex.org/W2094056478
https://openalex.org/W2911513897
https://openalex.org/W1965105610
https://openalex.org/W1993269701
https://openalex.org/W2001921478
https://openalex.org/W2024411435
https://openalex.org/W2083363252
https://openalex.org/W2084096180
https://openalex.org/W2101129009
https://openalex.org/W2146071146
https://openalex.org/W2146073081
https://openalex.org/W2152074591
https://openalex.org/W2343608145
https://openalex.org/W2955339211
https://openalex.org/W2021949742
https://openalex.org/W2034601852
https://openalex.org/W2053139975
https://openalex.org/W2102687942
https://openalex.org/W2752742138
https://openalex.org/W2902200420
https://openalex.org/W2008539931
https://openalex.org/W2009016750
https://openalex.org/W2018702546
https://openalex.org/W2090703839
https://openalex.org/W2110475373
https://openalex.org/W1994730019
https://openalex.org/W2108416006
https://openalex.org/W1945427273
https://openalex.org/W2022216619
https://openalex.org/W2052893614
https://openalex.org/W2089557964
https://openalex.org/W2091200433
https://openalex.org/W2106938748
https://openalex.org/W2113533701
https://openalex.org/W2462200035
https://openalex.org/W2560819823
https://openalex.org/W2071673300
https://openalex.org/W2074947747
https://openalex.org/W2104992994
https://openalex.org/W2112291482
https://openalex.org/W4220938135
https://openalex.org/W2006001147
https://openalex.org/W2081160763
https://openalex.org/W2104656080
https://openalex.org/W2162384798
https://openalex.org/W2185697766
https://openalex.org/W2562117986
https://openalex.org/W3009384267
https://openalex.org/W3041655488
https://openalex.org/W1966639607
https://openalex.org/W2006092269
https://openalex.org/W2047258619
https://openalex.org/W2066788548
https://openalex.org/W2133693223
https://openalex.org/W2154726954
https://openalex.org/W2157295729
https://openalex.org/W2496380540
https://openalex.org/W2810263512
https://openalex.org/W2991326939
https://openalex.org/W1732355436
https://openalex.org/W1962749263
https://openalex.org/W2042909392
https://openalex.org/W2088079762
https://openalex.org/W1617966488
https://openalex.org/W1925668413
https://openalex.org/W1980805749
https://openalex.org/W2030908882
https://openalex.org/W2128537201
https://openalex.org/W2164221723
https://openalex.org/W2911188303
https://openalex.org/W2912737047
https://openalex.org/W2916683250
https://openalex.org/W2936189785
https://openalex.org/W3084345333
https://openalex.org/W3139533848
https://openalex.org/W4251594723
https://openalex.org/W2005629850
https://openalex.org/W2033670400
https://openalex.org/W2043047461
https://openalex.org/W2048931739
https://openalex.org/W2073887196
https://openalex.org/W2529202618
https://openalex.org/W1484203766
https://openalex.org/W1594538340
https://openalex.org/W1931481506
https://openalex.org/W1987183412
https://openalex.org/W1996298192
https://openalex.org/W2007224829
https://openalex.org/W2142346427
https://openalex.org/W2512101833
https://openalex.org/W2912140230
https://openalex.org/W2941250459
https://openalex.org/W854589012
https://openalex.org/W1988305431
https://openalex.org/W2025274960
https://openalex.org/W2057868224
https://openalex.org/W2083817607
https://openalex.org/W2098970674
https://openalex.org/W2120729918
https://openalex.org/W2131685973
https://openalex.org/W2525184662
https://openalex.org/W2940413253
https://openalex.org/W3033941919
https://openalex.org/W197668788
https://openalex.org/W2010630026
https://openalex.org/W2055617812
https://openalex.org/W2110224836
https://openalex.org/W2315301226
https://openalex.org/W2801229390
https://openalex.org/W1949600958
https://openalex.org/W1973839240
https://openalex.org/W2003183067
https://openalex.org/W2006518765
https://openalex.org/W2025795093
https://openalex.org/W2073543481
https://openalex.org/W2087276842
https://openalex.org/W2090870669
https://openalex.org/W2263606767
https://openalex.org/W2581679362
https://openalex.org/W2785179972
https://openalex.org/W2803201545
https://openalex.org/W3033975213
https://openalex.org/W1785757387
https://openalex.org/W2048724456
https://openalex.org/W2052605603
https://openalex.org/W2067507596
https://openalex.org/W2072784237
https://openalex.org/W2156607947
https://openalex.org/W2162668672
https://openalex.org/W2412327464
https://openalex.org/W2601932379
https://openalex.org/W2755782141
https://openalex.org/W2800734869
https://openalex.org/W1838326446
https://openalex.org/W1984765229
https://openalex.org/W2000252839
https://openalex.org/W2072247583
https://openalex.org/W2107120887
https://openalex.org/W2134221163
https://openalex.org/W2147845438
https://openalex.org/W2339163193
https://openalex.org/W1971012578
https://openalex.org/W2032021003
https://openalex.org/W2080814773
https://openalex.org/W2127791456
https://openalex.org/W2128877931
https://openalex.org/W2141855324
https://openalex.org/W2158627589
https://openalex.org/W2515073808
https://openalex.org/W2945479245
https://openalex.org/W2952478782
https://openalex.org/W3042645798
https://openalex.org/W4252547754
https://openalex.org/W1513722824
https://openalex.org/W1999965625
https://openalex.org/W2004366674
https://openalex.org/W2008638145
https://openalex.org/W2042794405
https://openalex.org/W2052464706
https://openalex.org/W2061862351
https://openalex.org/W2161092838
https://openalex.org/W2161928639
https://openalex.org/W2310124348
https://openalex.org/W2799558701
https://openalex.org/W2949055440
https://openalex.org/W4210320149
https://openalex.org/W1520734568
https://openalex.org/W1982510601
https://openalex.org/W2057658002
https://openalex.org/W2116937868
https://openalex.org/W2128483415
https://openalex.org/W2549809554
https://openalex.org/W2782341620
https://openalex.org/W4224993495
https://openalex.org/W4295907477
https://openalex.org/W1975589376
https://openalex.org/W1987269295
https://openalex.org/W2008142658
https://openalex.org/W2083366923
https://openalex.org/W2136397732
https://openalex.org/W2178112289
https://openalex.org/W2890550886
https://openalex.org/W1970693403
https://openalex.org/W1997539216
https://openalex.org/W2145629533
https://openalex.org/W2201314357
https://openalex.org/W2507359892
https://openalex.org/W2765605372
https://openalex.org/W2941541668
https://openalex.org/W3179765034
https://openalex.org/W3204011092
https://openalex.org/W1982044218
https://openalex.org/W2027975165
https://openalex.org/W2072946751
https://openalex.org/W2074414073
https://openalex.org/W2099700250
https://openalex.org/W2117611648
https://openalex.org/W2131543516
https://openalex.org/W2133736515
https://openalex.org/W2144839053
https://openalex.org/W2728810930
https://openalex.org/W2766626624
https://openalex.org/W1989927406
https://openalex.org/W2018505025
https://openalex.org/W2037472857
https://openalex.org/W2071658345
https://openalex.org/W2113494828
https://openalex.org/W2799403255
https://openalex.org/W3000229260
https://openalex.org/W3130327360
https://openalex.org/W1989303071
https://openalex.org/W1991436440
https://openalex.org/W2035538493
https://openalex.org/W2069117646
https://openalex.org/W2070409051
https://openalex.org/W2082790441
https://openalex.org/W2125777146
https://openalex.org/W2402789933
https://openalex.org/W2411908043
https://openalex.org/W2419458700
https://openalex.org/W2888801415
https://openalex.org/W2980700825
https://openalex.org/W1677330418
https://openalex.org/W1853170314
https://openalex.org/W2001310992
https://openalex.org/W2018122573
https://openalex.org/W2044221239
https://openalex.org/W2054910277
https://openalex.org/W2082928755
https://openalex.org/W2165562276
https://openalex.org/W2346245458
https://openalex.org/W2527423419
https://openalex.org/W2761627563
https://openalex.org/W2883363159
https://openalex.org/W3012932440
https://openalex.org/W3025697489
https://openalex.org/W3087660157
https://openalex.org/W1911905720
https://openalex.org/W1979316859
https://openalex.org/W2007825238
https://openalex.org/W2016294374
https://openalex.org/W2024798912
https://openalex.org/W2049049175
https://openalex.org/W2157184487
https://openalex.org/W2290175428
https://openalex.org/W2315766173
https://openalex.org/W2398092487
https://openalex.org/W2519769066
https://openalex.org/W2560101882
https://openalex.org/W2595203266
https://openalex.org/W2743507606
https://openalex.org/W2902981003
https://openalex.org/W2937989772
https://openalex.org/W3085740521
https://openalex.org/W4242118621
https://openalex.org/W2018875143
https://openalex.org/W2045211951
https://openalex.org/W2122806408
https://openalex.org/W2141540552
https://openalex.org/W2166605824
https://openalex.org/W2177426927
https://openalex.org/W2904711730
https://openalex.org/W3013888424
https://openalex.org/W3083520584
https://openalex.org/W1901325218
https://openalex.org/W1959040427
https://openalex.org/W2057504553
https://openalex.org/W2070734444
https://openalex.org/W2085538774
https://openalex.org/W2100874193
https://openalex.org/W2130920908
https://openalex.org/W2135234314
https://openalex.org/W2155453027
https://openalex.org/W2165095944
https://openalex.org/W2320079826
https://openalex.org/W2586481393
https://openalex.org/W2610458239
https://openalex.org/W2626550929
https://openalex.org/W3153288875
https://openalex.org/W1554646681
https://openalex.org/W1969285678
https://openalex.org/W1996995255
https://openalex.org/W2012338905
https://openalex.org/W2032130254
https://openalex.org/W2034335854
https://openalex.org/W2045776795
https://openalex.org/W2064565785
https://openalex.org/W2084024140
https://openalex.org/W2132112994
https://openalex.org/W2170341852
https://openalex.org/W2509640436
https://openalex.org/W2945880281
https://openalex.org/W2985317947
https://openalex.org/W3023604022
https://openalex.org/W3082059062
https://openalex.org/W1607718588
https://openalex.org/W1963628449
https://openalex.org/W1966702924
https://openalex.org/W1971316084
https://openalex.org/W1994622664
https://openalex.org/W1995486061
https://openalex.org/W2002968895
https://openalex.org/W2019256042
https://openalex.org/W2023571784
https://openalex.org/W2029870402
https://openalex.org/W2076439371
https://openalex.org/W2091319703
https://openalex.org/W2099785190
https://openalex.org/W2111880792
https://openalex.org/W2125320714
https://openalex.org/W2134577537
https://openalex.org/W2136641683
https://openalex.org/W2331349690
https://openalex.org/W2547995893
https://openalex.org/W2560469524
https://openalex.org/W2897515101
https://openalex.org/W2024268102
https://openalex.org/W2054736099
https://openalex.org/W2058551926
https://openalex.org/W2062781709
https://openalex.org/W2071263729
https://openalex.org/W2090801581
https://openalex.org/W2158274196
https://openalex.org/W2164095754
https://openalex.org/W2215623132
https://openalex.org/W2553761594
https://openalex.org/W2562891271
https://openalex.org/W2740559292
https://openalex.org/W2995705373
https://openalex.org/W3081114473
https://openalex.org/W3120355399
https://openalex.org/W840408977
https://openalex.org/W1652751844
https://openalex.org/W1971923407
https://openalex.org/W2034544547
https://openalex.org/W2041870354
https://openalex.org/W2074862371
https://openalex.org/W2087646541
https://openalex.org/W2101488544
https://openalex.org/W2139701594
https://openalex.org/W2293175847
https://openalex.org/W2316640709
https://openalex.org/W1930696210
https://openalex.org/W1964757862
https://openalex.org/W1965025331
https://openalex.org/W1972263142
https://openalex.org/W2024876072
https://openalex.org/W2026457385
https://openalex.org/W2034473489
https://openalex.org/W2053522635
https://openalex.org/W2061875780
https://openalex.org/W2085616178
https://openalex.org/W2097698087
https://openalex.org/W2121893159
https://openalex.org/W2133864205
https://openalex.org/W2134333215
https://openalex.org/W2183096649
https://openalex.org/W2328205711
https://openalex.org/W2903256487
https://openalex.org/W3025533245
https://openalex.org/W1989384860
https://openalex.org/W2020435976
https://openalex.org/W2026054224
https://openalex.org/W2026644480
https://openalex.org/W2035779570
https://openalex.org/W2036577995
https://openalex.org/W2040322582
https://openalex.org/W2041061691
https://openalex.org/W2058032318
https://openalex.org/W2083434150
https://openalex.org/W2159462264
https://openalex.org/W2167321421
https://openalex.org/W2283199492
https://openalex.org/W2625095347
https://openalex.org/W2790810929
https://openalex.org/W1490254228
https://openalex.org/W1547222516
https://openalex.org/W1988247703
https://openalex.org/W1996275701
https://openalex.org/W2011357821
https://openalex.org/W2022551903
https://openalex.org/W2074101936
https://openalex.org/W2083509955
https://openalex.org/W2107749175
https://openalex.org/W2108135250
https://openalex.org/W2270910375
https://openalex.org/W2298676270
https://openalex.org/W2589364729
https://openalex.org/W2609511631
https://openalex.org/W2754447749
https://openalex.org/W2764429830
https://openalex.org/W2793001556
https://openalex.org/W2939763155
https://openalex.org/W3127743149
https://openalex.org/W3191902365
https://openalex.org/W4234269322
https://openalex.org/W1543407689
https://openalex.org/W159383671
https://openalex.org/W1913832973
https://openalex.org/W2012891484
https://openalex.org/W2015324455
https://openalex.org/W2015970158
https://openalex.org/W2077735181
https://openalex.org/W2095501749
https://openalex.org/W2105190486
https://openalex.org/W2117288716
https://openalex.org/W2125475436
https://openalex.org/W2282737989
https://openalex.org/W2317619851
https://openalex.org/W2461010831
https://openalex.org/W2750402203
https://openalex.org/W2806867289
https://openalex.org/W2905370817
https://openalex.org/W2954987068
https://openalex.org/W2965318046
https://openalex.org/W2999518331
https://openalex.org/W1964901213
https://openalex.org/W1968219054
https://openalex.org/W1972713313
https://openalex.org/W2006389020
https://openalex.org/W2027664961
https://openalex.org/W2029906019
https://openalex.org/W2044748643
https://openalex.org/W2051908555
https://openalex.org/W2054388556
https://openalex.org/W2066428287
https://openalex.org/W2090510283
https://openalex.org/W2121245636
https://openalex.org/W2135325345
https://openalex.org/W2136499073
https://openalex.org/W2141733032
https://openalex.org/W2159940458
https://openalex.org/W2545950851
https://openalex.org/W2759728403
https://openalex.org/W2794118575
https://openalex.org/W2984228678
https://openalex.org/W3032944639
https://openalex.org/W1968221884
https://openalex.org/W1972426490
https://openalex.org/W1994109718
https://openalex.org/W2025022308
https://openalex.org/W2093588363
https://openalex.org/W2139275312
https://openalex.org/W2158249129
https://openalex.org/W2170348714
https://openalex.org/W2176663709
https://openalex.org/W2256012332
https://openalex.org/W2614199773
https://openalex.org/W2616803114
https://openalex.org/W2790009891
https://openalex.org/W2962849241
https://openalex.org/W3033632305
https://openalex.org/W3108435957
https://openalex.org/W1992521638
https://openalex.org/W2046628033
https://openalex.org/W2058923599
https://openalex.org/W2117350824
https://openalex.org/W2117373553
https://openalex.org/W2126213351
https://openalex.org/W2150513783
https://openalex.org/W2623200915
https://openalex.org/W4239168238
https://openalex.org/W1979047527
https://openalex.org/W1984771649
https://openalex.org/W2018787469
https://openalex.org/W2027811715
https://openalex.org/W2039209582
https://openalex.org/W2048127942
https://openalex.org/W2065501613
https://openalex.org/W2099038549
https://openalex.org/W2160458317
https://openalex.org/W2168095403
https://openalex.org/W2275079230
https://openalex.org/W2405076003
https://openalex.org/W2412057309
https://openalex.org/W2461790430
https://openalex.org/W2531384079
https://openalex.org/W2553330194
https://openalex.org/W3170184056
https://openalex.org/W4226169891
https://openalex.org/W2011553407
https://openalex.org/W2021748998
https://openalex.org/W2047091045
https://openalex.org/W2056351424
https://openalex.org/W2057021757
https://openalex.org/W2073618147
https://openalex.org/W2075339979
https://openalex.org/W2115301364
https://openalex.org/W2137878037
https://openalex.org/W2141238536
https://openalex.org/W2145778671
https://openalex.org/W2151686684
https://openalex.org/W2159920176
https://openalex.org/W2170304928
https://openalex.org/W2246821326
https://openalex.org/W2266944874
https://openalex.org/W2463791158
https://openalex.org/W2554428249
https://openalex.org/W2744763211
https://openalex.org/W2808026512
https://openalex.org/W2891930398
https://openalex.org/W2944763030
https://openalex.org/W2959598675
https://openalex.org/W3008199108
https://openalex.org/W3197833327
https://openalex.org/W174933173
https://openalex.org/W1964654444
https://openalex.org/W1965961551
https://openalex.org/W1973458368
https://openalex.org/W1978975870
https://openalex.org/W1992903574
https://openalex.org/W2016437170
https://openalex.org/W2023179180
https://openalex.org/W2025465981
https://openalex.org/W2027533925
https://openalex.org/W2029561999
https://openalex.org/W2039505903
https://openalex.org/W2049064830
https://openalex.org/W2063104329
https://openalex.org/W2110063992
https://openalex.org/W2114542270
https://openalex.org/W2121812557
https://openalex.org/W2142700288
https://openalex.org/W2150858423
https://openalex.org/W2163184986
https://openalex.org/W2332500890
https://openalex.org/W2353507202
https://openalex.org/W2411612054
https://openalex.org/W2474641216
https://openalex.org/W2563416909
https://openalex.org/W2578391106
https://openalex.org/W2766382507
https://openalex.org/W2792436441
https://openalex.org/W2795241760
https://openalex.org/W2941824090
https://openalex.org/W2946034711
https://openalex.org/W3132039144
https://openalex.org/W3167377101
https://openalex.org/W1576391907
https://openalex.org/W1970765120
https://openalex.org/W1982806023
https://openalex.org/W2004119519
https://openalex.org/W2029897208
https://openalex.org/W2041699201
https://openalex.org/W2049739036
https://openalex.org/W2052736709
https://openalex.org/W2052784211
https://openalex.org/W2066192691
https://openalex.org/W2106568364
https://openalex.org/W2110125367
https://openalex.org/W2126912152
https://openalex.org/W2213200355
https://openalex.org/W2337593625
https://openalex.org/W2543322588
https://openalex.org/W2783883849
https://openalex.org/W2967897991
https://openalex.org/W2986368751
https://openalex.org/W3037922260
https://openalex.org/W1566296267
https://openalex.org/W1568068024
https://openalex.org/W1592748822
https://openalex.org/W1766289688
https://openalex.org/W1928735362
https://openalex.org/W2025480552
https://openalex.org/W2060204932
https://openalex.org/W2068007726
https://openalex.org/W2071052662
https://openalex.org/W2117727689
https://openalex.org/W2149966875
https://openalex.org/W2157647985
https://openalex.org/W2161035003
https://openalex.org/W2218989363
https://openalex.org/W2330517404
https://openalex.org/W2803856234
https://openalex.org/W2803940178
https://openalex.org/W2907376020
https://openalex.org/W2966429766
https://openalex.org/W2975195699
https://openalex.org/W3031895491
https://openalex.org/W3113241844
https://openalex.org/W3113364790
https://openalex.org/W3208016689
https://openalex.org/W4378905467
https://openalex.org/W1691698803
https://openalex.org/W1826789245
https://openalex.org/W1891683364
https://openalex.org/W1995256558
https://openalex.org/W2032007772
https://openalex.org/W2036563533
https://openalex.org/W2056688778
https://openalex.org/W2071442499
https://openalex.org/W2082057540
https://openalex.org/W2090756673
https://openalex.org/W2109572866
https://openalex.org/W2166938774
https://openalex.org/W2172127536
https://openalex.org/W2292975070
https://openalex.org/W2345736093
https://openalex.org/W2409816030
https://openalex.org/W2415263763
https://openalex.org/W2546699910
https://openalex.org/W2552839635
https://openalex.org/W2806599368
https://openalex.org/W2901067668
https://openalex.org/W3014575578
https://openalex.org/W1414398267
https://openalex.org/W1984096401
https://openalex.org/W2007412948
https://openalex.org/W2018360110
https://openalex.org/W2025468503
https://openalex.org/W2030808086
https://openalex.org/W2055816465
https://openalex.org/W2060521646
https://openalex.org/W2088007173
https://openalex.org/W2090275949
https://openalex.org/W2091304378
https://openalex.org/W2110847096
https://openalex.org/W2136578951
https://openalex.org/W2140713326
https://openalex.org/W2142572379
https://openalex.org/W2142870685
https://openalex.org/W2153822599
https://openalex.org/W2164944253
https://openalex.org/W2581504419
https://openalex.org/W2808993584
https://openalex.org/W2908784629
https://openalex.org/W3112183991
https://openalex.org/W3202047184
https://openalex.org/W1519246417
https://openalex.org/W1749021106
https://openalex.org/W1811827948
https://openalex.org/W1966241616
https://openalex.org/W1972795561
https://openalex.org/W1978942716
https://openalex.org/W1988378190
https://openalex.org/W1988511928
https://openalex.org/W1994169065
https://openalex.org/W2026073733
https://openalex.org/W2029750056
https://openalex.org/W2035747081
https://openalex.org/W2079707337
https://openalex.org/W2100400283
https://openalex.org/W2103925726
https://openalex.org/W2135377350
https://openalex.org/W2139592230
https://openalex.org/W2155233906
https://openalex.org/W2161677635
https://openalex.org/W2166562642
https://openalex.org/W2176866075
https://openalex.org/W2201901373
https://openalex.org/W2293828174
https://openalex.org/W2297552206
https://openalex.org/W2622367676
https://openalex.org/W2623614238
https://openalex.org/W2758293205
https://openalex.org/W2795379331
https://openalex.org/W2953016756
https://openalex.org/W3111728695
https://openalex.org/W3213652906
https://openalex.org/W4214843556
https://openalex.org/W4223518424
https://openalex.org/W4256315501
https://openalex.org/W1538515148
https://openalex.org/W1983683674
https://openalex.org/W1989006630
https://openalex.org/W2048280826
https://openalex.org/W2056701871
https://openalex.org/W2081471842
https://openalex.org/W2092034239
https://openalex.org/W2102890153
https://openalex.org/W2134054762
https://openalex.org/W2323176591
https://openalex.org/W2403721528
https://openalex.org/W2462612884
https://openalex.org/W2512362326
https://openalex.org/W2524918985
https://openalex.org/W2530922844
https://openalex.org/W2531811470
https://openalex.org/W2600036383
https://openalex.org/W2600133253
https://openalex.org/W2610026592
https://openalex.org/W2930587833
https://openalex.org/W2936199309
https://openalex.org/W2941115316
https://openalex.org/W3089941662
https://openalex.org/W3206494476
https://openalex.org/W4214509151
https://openalex.org/W1731546782
https://openalex.org/W1842809719
https://openalex.org/W1973314363
https://openalex.org/W2015789964
https://openalex.org/W2018039402
https://openalex.org/W2034409691
https://openalex.org/W2044322459
https://openalex.org/W2096762069
https://openalex.org/W2099552242
https://openalex.org/W2122159737
https://openalex.org/W2122566180
https://openalex.org/W2125606942
https://openalex.org/W2126138776
https://openalex.org/W2132994777
https://openalex.org/W2487722884
https://openalex.org/W251158863
https://openalex.org/W2620494805
https://openalex.org/W2747136245
https://openalex.org/W2757077322
https://openalex.org/W2802448066
https://openalex.org/W2804645812
https://openalex.org/W2806943561
https://openalex.org/W2888024829
https://openalex.org/W2948559055
https://openalex.org/W2972642707
https://openalex.org/W3031550556
https://openalex.org/W3113397623
https://openalex.org/W4200311801
https://openalex.org/W100888688
https://openalex.org/W1537997821
https://openalex.org/W1974235746
https://openalex.org/W1979231441
https://openalex.org/W1986640964
https://openalex.org/W1989734480
https://openalex.org/W2008683489
https://openalex.org/W2025258982
https://openalex.org/W2026324671
https://openalex.org/W2042591605
https://openalex.org/W2052771951
https://openalex.org/W2068340120
https://openalex.org/W2125867035
https://openalex.org/W2135239447
https://openalex.org/W2174747552
https://openalex.org/W2517022145
https://openalex.org/W2605430615
https://openalex.org/W2785225490
https://openalex.org/W2794297004
https://openalex.org/W2911543110
https://openalex.org/W2967085185
https://openalex.org/W2991604295
https://openalex.org/W3084439837
https://openalex.org/W3085147748
https://openalex.org/W3087060632
https://openalex.org/W4210354793
https://openalex.org/W608698783
https://openalex.org/W132891140
https://openalex.org/W1501159206
https://openalex.org/W2009053999
https://openalex.org/W2010748667
https://openalex.org/W2011731560
https://openalex.org/W2015018223
https://openalex.org/W2040184420
https://openalex.org/W2060924386
https://openalex.org/W2090871887
https://openalex.org/W2092285206
https://openalex.org/W2105032506
https://openalex.org/W2114248081
https://openalex.org/W2135498888
https://openalex.org/W2154682005
https://openalex.org/W2171084717
https://openalex.org/W2411776944
https://openalex.org/W2419435560
https://openalex.org/W2560087222
https://openalex.org/W2746115313
https://openalex.org/W2777258218
https://openalex.org/W2898065672
https://openalex.org/W2898206700
https://openalex.org/W2953213166
https://openalex.org/W2995535728
https://openalex.org/W3005800430
https://openalex.org/W3007964519
https://openalex.org/W3033303957
https://openalex.org/W3048178655
https://openalex.org/W3049568686
https://openalex.org/W3082056985
https://openalex.org/W3102865214
https://openalex.org/W3117386985
https://openalex.org/W4309825668
https://openalex.org/W560063835
https://openalex.org/W1949259689
https://openalex.org/W1950361995
https://openalex.org/W1964280642
https://openalex.org/W1966765351
https://openalex.org/W1991613991
https://openalex.org/W2034216534
https://openalex.org/W2042141680
https://openalex.org/W2051184704
https://openalex.org/W2067165902
https://openalex.org/W2083392101
https://openalex.org/W2125458420
https://openalex.org/W2164997649
https://openalex.org/W2319154988
https://openalex.org/W2324336658
https://openalex.org/W2521821475
https://openalex.org/W2569251136
https://openalex.org/W2569735419
https://openalex.org/W2574652490
https://openalex.org/W2609961495
https://openalex.org/W2782749196
https://openalex.org/W2789475698
https://openalex.org/W2801009360
https://openalex.org/W2845375889
https://openalex.org/W2907757032
https://openalex.org/W2959585492
https://openalex.org/W3022419505
https://openalex.org/W3183681047
https://openalex.org/W4226540438
https://openalex.org/W1515408155
https://openalex.org/W1970400369
https://openalex.org/W1981660051
https://openalex.org/W1991428300
https://openalex.org/W1995580754
https://openalex.org/W2003417291
https://openalex.org/W2003952406
https://openalex.org/W2014809387
https://openalex.org/W2016830573
https://openalex.org/W2017094476
https://openalex.org/W2022026882
https://openalex.org/W2040611369
https://openalex.org/W2047038311
https://openalex.org/W2052921362
https://openalex.org/W2054675011
https://openalex.org/W2066006830
https://openalex.org/W2101930852
https://openalex.org/W2111131233
https://openalex.org/W2120559929
https://openalex.org/W2149437571
https://openalex.org/W2275423449
https://openalex.org/W2552309493
https://openalex.org/W2565169944
https://openalex.org/W2759749210
https://openalex.org/W2781836458
https://openalex.org/W2791679432
https://openalex.org/W2806718095
https://openalex.org/W2808272360
https://openalex.org/W2964397402
https://openalex.org/W2968504830
https://openalex.org/W3036885589
https://openalex.org/W3081593519
https://openalex.org/W3096212954
https://openalex.org/W3109999463
https://openalex.org/W3132958779
https://openalex.org/W3136769403
https://openalex.org/W3217735674
https://openalex.org/W1872683528
https://openalex.org/W1965646696
https://openalex.org/W1978758357
https://openalex.org/W1994838688
https://openalex.org/W2011115272
https://openalex.org/W2029390092
https://openalex.org/W2034741747
https://openalex.org/W2040141548
https://openalex.org/W2044819685
https://openalex.org/W2049833319
https://openalex.org/W2054381804
https://openalex.org/W2059659299
https://openalex.org/W2060433764
https://openalex.org/W2080101610
https://openalex.org/W2092478377
https://openalex.org/W2096708923
https://openalex.org/W2101175892
https://openalex.org/W2108117177
https://openalex.org/W2113512598
https://openalex.org/W2118633739
https://openalex.org/W2122384892
https://openalex.org/W2124562194
https://openalex.org/W2140870649
https://openalex.org/W2154064613
https://openalex.org/W2158578591
https://openalex.org/W2161416638
https://openalex.org/W2166999288
https://openalex.org/W2342210718
https://openalex.org/W2411693728
https://openalex.org/W2500011070
https://openalex.org/W2564266514
https://openalex.org/W2596293589
https://openalex.org/W2761877158
https://openalex.org/W2837558051
https://openalex.org/W2899247009
https://openalex.org/W2900641549
https://openalex.org/W2908617349
https://openalex.org/W2956559236
https://openalex.org/W2999625215
https://openalex.org/W3036640180
https://openalex.org/W3112230964
https://openalex.org/W3179213655
https://openalex.org/W3210530987
https://openalex.org/W4290973379
https://openalex.org/W4308751137
https://openalex.org/W7273665
https://openalex.org/W1472106638
https://openalex.org/W1929510242
https://openalex.org/W1979209815
https://openalex.org/W1996352775
https://openalex.org/W2014112525
https://openalex.org/W2019776847
https://openalex.org/W2054958708
https://openalex.org/W2076458407
https://openalex.org/W2090279941
https://openalex.org/W2093852457
https://openalex.org/W2094349623
https://openalex.org/W2101711179
https://openalex.org/W2118875847
https://openalex.org/W2158036055
https://openalex.org/W2234270094
https://openalex.org/W2278901087
https://openalex.org/W2293271628
https://openalex.org/W2365139511
https://openalex.org/W2525717472
https://openalex.org/W2549802534
https://openalex.org/W2554507335
https://openalex.org/W2735969443
https://openalex.org/W2760804519
https://openalex.org/W2911680403
https://openalex.org/W2913433124
https://openalex.org/W2942412543
https://openalex.org/W3097316992
https://openalex.org/W3123264537
https://openalex.org/W3162055979
https://openalex.org/W3174460531
https://openalex.org/W3200220471
https://openalex.org/W1016819215
https://openalex.org/W1947250198
https://openalex.org/W1984630615
https://openalex.org/W1986085242
https://openalex.org/W2016536618
https://openalex.org/W2027427028
https://openalex.org/W2037385658
https://openalex.org/W2056104450
https://openalex.org/W2083172777
https://openalex.org/W2117082803
https://openalex.org/W2319791533
https://openalex.org/W2325421774
https://openalex.org/W2327252263
https://openalex.org/W2334458235
https://openalex.org/W2339135864
https://openalex.org/W2399610187
https://openalex.org/W2432474432
https://openalex.org/W2535688722
https://openalex.org/W2744736570
https://openalex.org/W2771735505
https://openalex.org/W2790163549
https://openalex.org/W2809087812
https://openalex.org/W2839189114
https://openalex.org/W2884635124
https://openalex.org/W2931924072
https://openalex.org/W2952049055
https://openalex.org/W2974893648
https://openalex.org/W3038387753
https://openalex.org/W3106618492
https://openalex.org/W3120357413
https://openalex.org/W3122264110
https://openalex.org/W3199657908
https://openalex.org/W4244738224
https://openalex.org/W1535572550
https://openalex.org/W1966828639
https://openalex.org/W1976114120
https://openalex.org/W1983272757
https://openalex.org/W1987687737
https://openalex.org/W2011930998
https://openalex.org/W2012956237
https://openalex.org/W2043653554
https://openalex.org/W2047120780
https://openalex.org/W2054407059
https://openalex.org/W2067010126
https://openalex.org/W2070203165
https://openalex.org/W2121154336
https://openalex.org/W2125460539
https://openalex.org/W2125720895
https://openalex.org/W2143840088
https://openalex.org/W2164737815
https://openalex.org/W2308977122
https://openalex.org/W2336765008
https://openalex.org/W2545500652
https://openalex.org/W2607302714
https://openalex.org/W2612877026
https://openalex.org/W2766966762
https://openalex.org/W2786636497
https://openalex.org/W2790000061
https://openalex.org/W2799376910
https://openalex.org/W2801650944
https://openalex.org/W2898108751
https://openalex.org/W2936832187
https://openalex.org/W3007178385
https://openalex.org/W3081395131
https://openalex.org/W4221051815
https://openalex.org/W610252131
https://openalex.org/W1569524640
https://openalex.org/W1828169963
https://openalex.org/W1976482044
https://openalex.org/W2009879762
https://openalex.org/W2012909691
https://openalex.org/W2027253946
https://openalex.org/W2029453581
https://openalex.org/W2037816786
https://openalex.org/W2046086623
https://openalex.org/W2052245514
https://openalex.org/W2064235723
https://openalex.org/W2067518962
https://openalex.org/W2089497372
https://openalex.org/W2093758344
https://openalex.org/W2103674881
https://openalex.org/W2106996925
https://openalex.org/W2124268021
https://openalex.org/W2128908981
https://openalex.org/W2139860378
https://openalex.org/W2149774553
https://openalex.org/W2159697627
https://openalex.org/W2164415857
https://openalex.org/W2399488568
https://openalex.org/W2468090370
https://openalex.org/W2520694393
https://openalex.org/W2577298899
https://openalex.org/W2612773318
https://openalex.org/W2735054920
https://openalex.org/W2768556997
https://openalex.org/W2810992333
https://openalex.org/W2820248265
https://openalex.org/W2899790114
https://openalex.org/W2903044949
https://openalex.org/W3019673336
https://openalex.org/W3027993482
https://openalex.org/W3043400034
https://openalex.org/W3093870705
https://openalex.org/W3097808327
https://openalex.org/W3390919
https://openalex.org/W54038954
https://openalex.org/W1433692297
https://openalex.org/W1484587262
https://openalex.org/W1972272477
https://openalex.org/W1983461390
https://openalex.org/W2000731387
https://openalex.org/W2047068147
https://openalex.org/W2049986069
https://openalex.org/W2060929072
https://openalex.org/W2062472076
https://openalex.org/W2079343411
https://openalex.org/W2088453959
https://openalex.org/W2095278791
https://openalex.org/W2109839525
https://openalex.org/W2134944841
https://openalex.org/W2180844441
https://openalex.org/W2232065041
https://openalex.org/W2413534741
https://openalex.org/W2593968311
https://openalex.org/W2745116388
https://openalex.org/W2777953247
https://openalex.org/W2785993657
https://openalex.org/W2804964047
https://openalex.org/W2883270643
https://openalex.org/W2898929008
https://openalex.org/W2971994587
https://openalex.org/W2989698346
https://openalex.org/W2989827860
https://openalex.org/W2994786754
https://openalex.org/W3015533628
https://openalex.org/W3093706783
https://openalex.org/W3106648421
https://openalex.org/W3130585455
https://openalex.org/W3196891656
https://openalex.org/W3199853662
https://openalex.org/W4200019935
https://openalex.org/W1959566911
https://openalex.org/W1972175193
https://openalex.org/W1972202911
https://openalex.org/W1974419278
https://openalex.org/W1975173267
https://openalex.org/W1982433360
https://openalex.org/W1983752059
https://openalex.org/W1994122409
https://openalex.org/W1994929008
https://openalex.org/W1994960564
https://openalex.org/W2017247804
https://openalex.org/W2020926027
https://openalex.org/W2045888745
https://openalex.org/W2055618275
https://openalex.org/W2061929337
https://openalex.org/W2065664014
https://openalex.org/W2087197970
https://openalex.org/W2087984635
https://openalex.org/W2094821674
https://openalex.org/W2095247199
https://openalex.org/W2099272565
https://openalex.org/W2142522110
https://openalex.org/W2146496588
https://openalex.org/W2162635154
https://openalex.org/W2333789182
https://openalex.org/W2341997976
https://openalex.org/W2342177121
https://openalex.org/W2412534099
https://openalex.org/W2509635329
https://openalex.org/W2509651562
https://openalex.org/W2557847731
https://openalex.org/W2601604902
https://openalex.org/W2756968688
https://openalex.org/W2769547442
https://openalex.org/W2803976916
https://openalex.org/W2808870153
https://openalex.org/W2884685419
https://openalex.org/W2897203988
https://openalex.org/W2903116106
https://openalex.org/W2909000832
https://openalex.org/W2952924611
https://openalex.org/W2984849720
https://openalex.org/W3023596466
https://openalex.org/W3028111052
https://openalex.org/W3047687289
https://openalex.org/W3089929467
https://openalex.org/W3090606147
https://openalex.org/W3094337632
https://openalex.org/W3096464307
https://openalex.org/W3118936183
https://openalex.org/W3135458402
https://openalex.org/W3163069417
https://openalex.org/W4205470407
https://openalex.org/W4241347722
https://openalex.org/W1757545082
https://openalex.org/W1829455616
https://openalex.org/W1839957399
https://openalex.org/W1897750445
https://openalex.org/W1967718769
https://openalex.org/W1971064216
https://openalex.org/W1971607264
https://openalex.org/W1988726646
https://openalex.org/W1992945755
https://openalex.org/W2037951208
https://openalex.org/W2041075648
https://openalex.org/W2041824869
https://openalex.org/W2054955157
https://openalex.org/W2060181440
https://openalex.org/W2097851646
https://openalex.org/W2108276026
https://openalex.org/W2115407540
https://openalex.org/W2120574817
https://openalex.org/W2128356179
https://openalex.org/W2131270501
https://openalex.org/W2157997286
https://openalex.org/W2168615516
https://openalex.org/W2183430859
https://openalex.org/W2188607541
https://openalex.org/W2193904104
https://openalex.org/W2204348457
https://openalex.org/W2207149705
https://openalex.org/W2226019408
https://openalex.org/W2401334626
https://openalex.org/W2515306637
https://openalex.org/W2516533355
https://openalex.org/W2520557113
https://openalex.org/W2573702138
https://openalex.org/W2618399580
https://openalex.org/W2755397268
https://openalex.org/W2762442505
https://openalex.org/W2806912865
https://openalex.org/W2816428498
https://openalex.org/W3003394905
https://openalex.org/W3037058142
https://openalex.org/W3043523966
https://openalex.org/W3091415592
https://openalex.org/W3146817018
https://openalex.org/W3167598152
https://openalex.org/W3176013519
https://openalex.org/W3186030980
https://openalex.org/W3201265236
https://openalex.org/W3202467707
https://openalex.org/W4211072514
https://openalex.org/W4213424613
https://openalex.org/W4308887390
https://openalex.org/W91650828
https://openalex.org/W101525073
https://openalex.org/W1964801073
https://openalex.org/W1965618469
https://openalex.org/W1983193759
https://openalex.org/W1988564462
https://openalex.org/W1997246546
https://openalex.org/W2006055979
https://openalex.org/W2011176468
https://openalex.org/W2017110746
https://openalex.org/W2037220217
https://openalex.org/W2044667048
https://openalex.org/W2075969450
https://openalex.org/W2119768794
https://openalex.org/W2139436317
https://openalex.org/W2143968520
https://openalex.org/W2281941893
https://openalex.org/W2292442177
https://openalex.org/W2341899858
https://openalex.org/W2416632714
https://openalex.org/W2514796754
https://openalex.org/W2522495340
https://openalex.org/W2525905489
https://openalex.org/W2585574939
https://openalex.org/W2594205132
https://openalex.org/W2766841330
https://openalex.org/W2769638909
https://openalex.org/W2799860619
https://openalex.org/W2800686726
https://openalex.org/W2805137440
https://openalex.org/W2899122778
https://openalex.org/W2903940180
https://openalex.org/W2905555727
https://openalex.org/W2922067812
https://openalex.org/W2957070098
https://openalex.org/W2964783445
https://openalex.org/W2973775321
https://openalex.org/W3009583403
https://openalex.org/W3012529181
https://openalex.org/W3082211052
https://openalex.org/W3090283744
https://openalex.org/W3158658769
https://openalex.org/W3167980754
https://openalex.org/W3201174245
https://openalex.org/W4206834950
https://openalex.org/W4210793981
https://openalex.org/W4220794101
https://openalex.org/W4238277074
https://openalex.org/W4307380779
https://openalex.org/W88315564
https://openalex.org/W1489895418
https://openalex.org/W1553180188
https://openalex.org/W1585911700
https://openalex.org/W1864442893
https://openalex.org/W1869371862
https://openalex.org/W2005341081
https://openalex.org/W2023178859
https://openalex.org/W2023720304
https://openalex.org/W2045466775
https://openalex.org/W2077664235
https://openalex.org/W2091134763
https://openalex.org/W2092819373
https://openalex.org/W2099756641
https://openalex.org/W2109272274
https://openalex.org/W2115726560
https://openalex.org/W2118402843
https://openalex.org/W2119868071
https://openalex.org/W2121501279
https://openalex.org/W2140713392
https://openalex.org/W2149757770
https://openalex.org/W2153514489
https://openalex.org/W2154210417
https://openalex.org/W2161031977
https://openalex.org/W2166981372
https://openalex.org/W2178996653
https://openalex.org/W2188438878
https://openalex.org/W2189643479
https://openalex.org/W2222277557
https://openalex.org/W2278342183
https://openalex.org/W2279583050
https://openalex.org/W2336537413
https://openalex.org/W2621161955
https://openalex.org/W2761735791
https://openalex.org/W2768038993
https://openalex.org/W2794146437
https://openalex.org/W279922103
https://openalex.org/W2800245990
https://openalex.org/W2804763122
https://openalex.org/W2891907584
https://openalex.org/W2942695362
https://openalex.org/W2977734582
https://openalex.org/W2990255027
https://openalex.org/W3081013793
https://openalex.org/W3086054464
https://openalex.org/W3099085504
https://openalex.org/W3189752678
https://openalex.org/W3204561955
https://openalex.org/W3216450720
https://openalex.org/W4200009532
https://openalex.org/W4200380143
https://openalex.org/W4205357982
https://openalex.org/W4294391404
https://openalex.org/W4322765974
https://openalex.org/W10647134
https://openalex.org/W1490249361
https://openalex.org/W1953719981
https://openalex.org/W1981559894
https://openalex.org/W1989311462
https://openalex.org/W1992373506
https://openalex.org/W2002685908
https://openalex.org/W2003488028
https://openalex.org/W2023989329
https://openalex.org/W2024492013
https://openalex.org/W2030419004
https://openalex.org/W2048305220
https://openalex.org/W2048907421
https://openalex.org/W2056867295
https://openalex.org/W2059952410
https://openalex.org/W2088837063
https://openalex.org/W2090117683
https://openalex.org/W2095250174
https://openalex.org/W2096278118
https://openalex.org/W2136450060
https://openalex.org/W2154917151
https://openalex.org/W2165088647
https://openalex.org/W2314881396
https://openalex.org/W2400307825
https://openalex.org/W2409010462
https://openalex.org/W2409646442
https://openalex.org/W2411933383
https://openalex.org/W2412140217
https://openalex.org/W2474584205
https://openalex.org/W2553038058
https://openalex.org/W2604352854
https://openalex.org/W2620941136
https://openalex.org/W2749480387
https://openalex.org/W2790056425
https://openalex.org/W2791501923
https://openalex.org/W2800071855
https://openalex.org/W2803671548
https://openalex.org/W2805701067
https://openalex.org/W2889451001
https://openalex.org/W2895372099
https://openalex.org/W2908861308
https://openalex.org/W2948507054
https://openalex.org/W2983162807
https://openalex.org/W2996351685
https://openalex.org/W3007283087
https://openalex.org/W3011565025
https://openalex.org/W3014149959
https://openalex.org/W3014940818
https://openalex.org/W3049544950
https://openalex.org/W3080601148
https://openalex.org/W3119678570
https://openalex.org/W3136458211
https://openalex.org/W3137595666
https://openalex.org/W3167242571
https://openalex.org/W3185521175
https://openalex.org/W3195458217
https://openalex.org/W3207451600
https://openalex.org/W4200229952
https://openalex.org/W4283317643
https://openalex.org/W4292994868
https://openalex.org/W4310729006
https://openalex.org/W1967470719
https://openalex.org/W1972248601
https://openalex.org/W1987566449
https://openalex.org/W1992184166
https://openalex.org/W2001202213
https://openalex.org/W2003311034
https://openalex.org/W2037709815
https://openalex.org/W2039707977
https://openalex.org/W2045352746
https://openalex.org/W2049010215
https://openalex.org/W2079758538
https://openalex.org/W2096536272
https://openalex.org/W2109846872
https://openalex.org/W2164463854
https://openalex.org/W2169553475
https://openalex.org/W2169569047
https://openalex.org/W2185119939
https://openalex.org/W2272308177
https://openalex.org/W2342765561
https://openalex.org/W2392044668
https://openalex.org/W2407547446
https://openalex.org/W2468571739
https://openalex.org/W2476257418
https://openalex.org/W2492364329
https://openalex.org/W2548868068
https://openalex.org/W2553421006
https://openalex.org/W2555533680
https://openalex.org/W2564277814
https://openalex.org/W2566925943
https://openalex.org/W2789264334
https://openalex.org/W2800481769
https://openalex.org/W2802585851
https://openalex.org/W2806843696
https://openalex.org/W2911022816
https://openalex.org/W2911610106
https://openalex.org/W2921903133
https://openalex.org/W2950077492
https://openalex.org/W2967842934
https://openalex.org/W2996419143
https://openalex.org/W2999996522
https://openalex.org/W3008564975
https://openalex.org/W3023783527
https://openalex.org/W3047954161
https://openalex.org/W3093506051
https://openalex.org/W3116636394
https://openalex.org/W3134286197
https://openalex.org/W3182794478
https://openalex.org/W4283212560
https://openalex.org/W4294549672
https://openalex.org/W4311654199
https://openalex.org/W1443504970
https://openalex.org/W1515446407
https://openalex.org/W1579066558
https://openalex.org/W1678752645
https://openalex.org/W1773732450
https://openalex.org/W1982291446
https://openalex.org/W1985064543
https://openalex.org/W2007580925
https://openalex.org/W2008040088
https://openalex.org/W2023817666
https://openalex.org/W2070854397
https://openalex.org/W2071229330
https://openalex.org/W2082794356
https://openalex.org/W2112581627
https://openalex.org/W2140510511
https://openalex.org/W2161389879
https://openalex.org/W2165916184
https://openalex.org/W2173856988
https://openalex.org/W2196548624
https://openalex.org/W2237195334
https://openalex.org/W2295442500
https://openalex.org/W2323713429
https://openalex.org/W2460299241
https://openalex.org/W252856138
https://openalex.org/W2563441218
https://openalex.org/W2618415579
https://openalex.org/W2625213604
https://openalex.org/W2756350004
https://openalex.org/W2768349150
https://openalex.org/W2769836560
https://openalex.org/W2791118424
https://openalex.org/W2806355130
https://openalex.org/W2810541292
https://openalex.org/W2887746005
https://openalex.org/W2900683736
https://openalex.org/W2911623803
https://openalex.org/W2918858418
https://openalex.org/W2931561488
https://openalex.org/W2945494470
https://openalex.org/W2983345359
https://openalex.org/W2983416774
https://openalex.org/W2987530898
https://openalex.org/W3004118706
https://openalex.org/W3017274968
https://openalex.org/W3033584815
https://openalex.org/W3036892793
https://openalex.org/W3092016343
https://openalex.org/W3125717137
https://openalex.org/W3127739458
https://openalex.org/W3158376581
https://openalex.org/W3187088431
https://openalex.org/W3188291659
https://openalex.org/W3190035138
https://openalex.org/W4229020365
https://openalex.org/W4286492114
https://openalex.org/W4295292710
https://openalex.org/W4376604832
https://openalex.org/W841575259
https://openalex.org/W1631313897
https://openalex.org/W1824276670
https://openalex.org/W1941163759
https://openalex.org/W1955056102
https://openalex.org/W1956564789
https://openalex.org/W1979551993
https://openalex.org/W1981782668
https://openalex.org/W2002371968
https://openalex.org/W2008641449
https://openalex.org/W2018745991
https://openalex.org/W2040384470
https://openalex.org/W2047040469
https://openalex.org/W2063679543
https://openalex.org/W2083999973
https://openalex.org/W2094341980
https://openalex.org/W2094402810
https://openalex.org/W2100927277
https://openalex.org/W2108842420
https://openalex.org/W2121510638
https://openalex.org/W2126792999
https://openalex.org/W2131046304
https://openalex.org/W2136260547
https://openalex.org/W2140683334
https://openalex.org/W2150813843
https://openalex.org/W2162114187
https://openalex.org/W2171864049
https://openalex.org/W2181693984
https://openalex.org/W2207123188
https://openalex.org/W227814446
https://openalex.org/W2314620236
https://openalex.org/W2314865790
https://openalex.org/W2318717947
https://openalex.org/W2319882664
https://openalex.org/W2324828283
https://openalex.org/W2328444545
https://openalex.org/W2342522918
https://openalex.org/W2414613128
https://openalex.org/W2481490887
https://openalex.org/W2522459027
https://openalex.org/W2528718244
https://openalex.org/W2529860386
https://openalex.org/W2619964313
https://openalex.org/W2743560830
https://openalex.org/W2791764186
https://openalex.org/W2792267578
https://openalex.org/W2793606663
https://openalex.org/W2800377449
https://openalex.org/W2801207976
https://openalex.org/W2888451670
https://openalex.org/W2894604576
https://openalex.org/W2897053509
https://openalex.org/W2906900659
https://openalex.org/W2919083976
https://openalex.org/W2922418895
https://openalex.org/W2950825102
https://openalex.org/W2966582948
https://openalex.org/W2969366164
https://openalex.org/W2999754279
https://openalex.org/W3003416491
https://openalex.org/W3008341188
https://openalex.org/W3048330286
https://openalex.org/W3092196951
https://openalex.org/W3093017658
https://openalex.org/W3111119209
https://openalex.org/W3112971553
https://openalex.org/W3113216408
https://openalex.org/W3120236169
https://openalex.org/W3134208727
https://openalex.org/W3157836505
https://openalex.org/W3183465155
https://openalex.org/W3187351487
https://openalex.org/W3188790447
https://openalex.org/W3189754117
https://openalex.org/W3191003875
https://openalex.org/W34034975
https://openalex.org/W4220927168
https://openalex.org/W4295519625
https://openalex.org/W4307227932
https://openalex.org/W130907081
https://openalex.org/W1460266113
https://openalex.org/W1504640466
https://openalex.org/W1536961281
https://openalex.org/W1609094307
https://openalex.org/W1964397013
https://openalex.org/W1966635525
https://openalex.org/W2006133268
https://openalex.org/W2018332501
https://openalex.org/W2018845989
https://openalex.org/W2043736780
https://openalex.org/W2072571447
https://openalex.org/W2073780815
https://openalex.org/W2078677198
https://openalex.org/W2088729617
https://openalex.org/W2094810349
https://openalex.org/W2127053620
https://openalex.org/W2132207965
https://openalex.org/W2133496617
https://openalex.org/W2161524701
https://openalex.org/W2162040579
https://openalex.org/W2222390575
https://openalex.org/W2236614207
https://openalex.org/W2265145264
https://openalex.org/W2280850953
https://openalex.org/W2327279154
https://openalex.org/W2346812451
https://openalex.org/W2463007927
https://openalex.org/W2494152452
https://openalex.org/W2569715865
https://openalex.org/W2582379740
https://openalex.org/W2613350738
https://openalex.org/W2762926052
https://openalex.org/W2765791353
https://openalex.org/W2765941866
https://openalex.org/W2897786829
https://openalex.org/W2908456337
https://openalex.org/W2912039474
https://openalex.org/W2913961121
https://openalex.org/W2929752829
https://openalex.org/W2936738962
https://openalex.org/W2939301377
https://openalex.org/W2970948390
https://openalex.org/W2986017629
https://openalex.org/W2990587277
https://openalex.org/W3006938917
https://openalex.org/W3008226567
https://openalex.org/W3015420069
https://openalex.org/W3035189776
https://openalex.org/W3036176033
https://openalex.org/W3041268935
https://openalex.org/W3042532294
https://openalex.org/W3046915389
https://openalex.org/W3082077480
https://openalex.org/W3093777034
https://openalex.org/W3096229391
https://openalex.org/W3118761886
https://openalex.org/W3134264331
https://openalex.org/W3158840293
https://openalex.org/W3159544301
https://openalex.org/W3160750727
https://openalex.org/W3170076852
https://openalex.org/W3171186350
https://openalex.org/W3174500467
https://openalex.org/W3180043906
https://openalex.org/W3184951177
https://openalex.org/W3194236519
https://openalex.org/W3200424716
https://openalex.org/W3205729744
https://openalex.org/W3208652248
https://openalex.org/W4200295656
https://openalex.org/W4220690236
https://openalex.org/W4221069544
https://openalex.org/W4294191051
https://openalex.org/W4308296207
https://openalex.org/W4311121641
https://openalex.org/W4319262265
https://openalex.org/W48695403
https://openalex.org/W50887680
https://openalex.org/W1554169639
https://openalex.org/W1967189489
https://openalex.org/W1976446921
https://openalex.org/W1981205961
https://openalex.org/W1994909920
https://openalex.org/W2005980897
https://openalex.org/W2013023475
https://openalex.org/W2019924982
https://openalex.org/W2029260526
https://openalex.org/W2034706728
https://openalex.org/W2042425148
https://openalex.org/W2054086028
https://openalex.org/W2070010474
https://openalex.org/W2098464471
https://openalex.org/W2103707955
https://openalex.org/W2117270136
https://openalex.org/W2144827839
https://openalex.org/W2155382299
https://openalex.org/W2219893857
https://openalex.org/W2237541985
https://openalex.org/W2291343761
https://openalex.org/W2308558378
https://openalex.org/W2321816358
https://openalex.org/W2326830252
https://openalex.org/W2339907185
https://openalex.org/W2340106309
https://openalex.org/W2340405420
https://openalex.org/W2345536414
https://openalex.org/W2477891526
https://openalex.org/W2490984262
https://openalex.org/W2521636208
https://openalex.org/W2524120515
https://openalex.org/W2549823749
https://openalex.org/W2552016529
https://openalex.org/W2556800451
https://openalex.org/W2594808960
https://openalex.org/W2790154126
https://openalex.org/W279323682
https://openalex.org/W2898405952
https://openalex.org/W2901444643
https://openalex.org/W2901744720
https://openalex.org/W2912958101
https://openalex.org/W2922833231
https://openalex.org/W2932971361
https://openalex.org/W2956435176
https://openalex.org/W2968377840
https://openalex.org/W2971493005
https://openalex.org/W2976724055
https://openalex.org/W2987077155
https://openalex.org/W2990777799
https://openalex.org/W3012687254
https://openalex.org/W3016194059
https://openalex.org/W3017059345
https://openalex.org/W3036633695
https://openalex.org/W3090135457
https://openalex.org/W3092693074
https://openalex.org/W3134856607
https://openalex.org/W3139671788
https://openalex.org/W3146237876
https://openalex.org/W3158876904
https://openalex.org/W3195600029
https://openalex.org/W3199742544
https://openalex.org/W3204673241
https://openalex.org/W3207324751
https://openalex.org/W4200260136
https://openalex.org/W4205285763
https://openalex.org/W4214617861
https://openalex.org/W4225768539
https://openalex.org/W4252437062
https://openalex.org/W4281639318
https://openalex.org/W4281957486
https://openalex.org/W4285802720
https://openalex.org/W4324258973
https://openalex.org/W1503922975
https://openalex.org/W1543040836
https://openalex.org/W154956300
https://openalex.org/W1576706291
https://openalex.org/W1900078458
https://openalex.org/W1973543459
https://openalex.org/W1986344760
https://openalex.org/W1989820705
https://openalex.org/W1998706968
https://openalex.org/W2002051009
https://openalex.org/W2015503032
https://openalex.org/W2018814571
https://openalex.org/W2018975048
https://openalex.org/W2036687690
https://openalex.org/W2040918943
https://openalex.org/W2049896668
https://openalex.org/W2053672279
https://openalex.org/W2061675603
https://openalex.org/W2066208429
https://openalex.org/W2083626985
https://openalex.org/W2094341186
https://openalex.org/W2110041604
https://openalex.org/W2130327458
https://openalex.org/W2131367575
https://openalex.org/W2134708810
https://openalex.org/W2163647566
https://openalex.org/W2185929541
https://openalex.org/W2196733932
https://openalex.org/W2196838128
https://openalex.org/W2228938063
https://openalex.org/W2272234104
https://openalex.org/W2319630412
https://openalex.org/W2329504222
https://openalex.org/W2367178732
https://openalex.org/W2409546366
https://openalex.org/W2412458517
https://openalex.org/W2483708965
https://openalex.org/W2507002813
https://openalex.org/W2511743793
https://openalex.org/W2606648327
https://openalex.org/W2626483091
https://openalex.org/W2752197394
https://openalex.org/W2765340539
https://openalex.org/W2768743640
https://openalex.org/W2770682077
https://openalex.org/W2806839627
https://openalex.org/W2810528465
https://openalex.org/W2901529099
https://openalex.org/W2904349757
https://openalex.org/W2905647610
https://openalex.org/W2917332628
https://openalex.org/W2921599430
https://openalex.org/W2923912333
https://openalex.org/W2925237549
https://openalex.org/W2964200560
https://openalex.org/W2969984701
https://openalex.org/W2973131425
https://openalex.org/W2990710037
https://openalex.org/W3001291398
https://openalex.org/W3001853778
https://openalex.org/W3012657508
https://openalex.org/W3033993499
https://openalex.org/W3036027156
https://openalex.org/W3037320070
https://openalex.org/W3073035879
https://openalex.org/W3081171184
https://openalex.org/W3118850262
https://openalex.org/W3134859399
https://openalex.org/W3135462008
https://openalex.org/W3136368086
https://openalex.org/W3151141141
https://openalex.org/W3155047817
https://openalex.org/W3163539940
https://openalex.org/W3173579962
https://openalex.org/W3191493938
https://openalex.org/W3195668134
https://openalex.org/W3195707644
https://openalex.org/W3198870530
https://openalex.org/W3202461223
https://openalex.org/W3207886333
https://openalex.org/W3210368897
https://openalex.org/W3210960422
https://openalex.org/W3215853445
https://openalex.org/W4206185239
https://openalex.org/W4210359591
https://openalex.org/W4224024212
https://openalex.org/W4225597504
https://openalex.org/W4235056289
https://openalex.org/W4235827425
https://openalex.org/W4280550516
https://openalex.org/W4281555324
https://openalex.org/W4283165019
https://openalex.org/W4297961579
https://openalex.org/W4379471068
https://openalex.org/W646250519
https://openalex.org/W117816688
https://openalex.org/W1606249165
https://openalex.org/W1971309936
https://openalex.org/W1983121633
https://openalex.org/W1987975843
https://openalex.org/W1999636031
https://openalex.org/W2001504028
https://openalex.org/W2002816569
https://openalex.org/W2012967378
https://openalex.org/W2048442452
https://openalex.org/W2057203947
https://openalex.org/W2059325826
https://openalex.org/W2067417890
https://openalex.org/W2069641994
https://openalex.org/W2069740459
https://openalex.org/W2072366562
https://openalex.org/W2074795104
https://openalex.org/W2077507739
https://openalex.org/W2077646576
https://openalex.org/W2086127388
https://openalex.org/W2090222083
https://openalex.org/W2117051393
https://openalex.org/W2119459405
https://openalex.org/W2151577334
https://openalex.org/W2151967332
https://openalex.org/W2155462460
https://openalex.org/W2158924804
https://openalex.org/W2167481634
https://openalex.org/W2189367368
https://openalex.org/W2201049945
https://openalex.org/W2240324912
https://openalex.org/W2319867557
https://openalex.org/W2366745785
https://openalex.org/W2396708543
https://openalex.org/W2399485260
https://openalex.org/W2409729492
https://openalex.org/W2412824056
https://openalex.org/W2414490429
https://openalex.org/W2415148577
https://openalex.org/W2416145475
https://openalex.org/W2417071877
https://openalex.org/W2429947530
https://openalex.org/W2438209924
https://openalex.org/W2468402281
https://openalex.org/W2479608094
https://openalex.org/W2508569004
https://openalex.org/W2516018324
https://openalex.org/W2523217558
https://openalex.org/W2587392904
https://openalex.org/W2610361732
https://openalex.org/W2769755880
https://openalex.org/W2782313839
https://openalex.org/W2807668625
https://openalex.org/W2832386669
https://openalex.org/W2886092902
https://openalex.org/W2890729994
https://openalex.org/W2896145035
https://openalex.org/W2963784334
https://openalex.org/W2978150563
https://openalex.org/W2981250759
https://openalex.org/W2989746357
https://openalex.org/W2996615752
https://openalex.org/W2997934463
https://openalex.org/W3006932598
https://openalex.org/W3016041894
https://openalex.org/W3025020554
https://openalex.org/W3041044671
https://openalex.org/W3058379939
https://openalex.org/W3083416281
https://openalex.org/W3085512321
https://openalex.org/W3086166373
https://openalex.org/W3104932208
https://openalex.org/W3110813436
https://openalex.org/W3113088172
https://openalex.org/W3113368774
https://openalex.org/W3125546951
https://openalex.org/W3132387984
https://openalex.org/W3132910615
https://openalex.org/W3133542350
https://openalex.org/W3139499680
https://openalex.org/W3162452355
https://openalex.org/W3170206749
https://openalex.org/W3181731900
https://openalex.org/W3181813373
https://openalex.org/W3197992149
https://openalex.org/W3209176845
https://openalex.org/W3215556377
https://openalex.org/W3217049987
https://openalex.org/W4214528229
https://openalex.org/W4220894576
https://openalex.org/W4226247105
https://openalex.org/W4231466479
https://openalex.org/W4251888487
https://openalex.org/W4281680527
https://openalex.org/W4285450974
https://openalex.org/W4293769564
https://openalex.org/W4294543767
https://openalex.org/W4295008457
https://openalex.org/W4302013324
https://openalex.org/W4302773679
https://openalex.org/W4306249766
https://openalex.org/W4308125656
https://openalex.org/W4308600755
https://openalex.org/W4321612649
https://openalex.org/W4324144704
https://openalex.org/W1153436050
https://openalex.org/W1576324000
https://openalex.org/W1703131932
https://openalex.org/W1753424365
https://openalex.org/W1769714355
https://openalex.org/W1963574115
https://openalex.org/W1963898056
https://openalex.org/W1984654328
https://openalex.org/W1989390016
https://openalex.org/W1990286815
https://openalex.org/W2005742480
https://openalex.org/W2010378231
https://openalex.org/W2019290693
https://openalex.org/W2030959653
https://openalex.org/W2039547831
https://openalex.org/W2066936375
https://openalex.org/W2069321469
https://openalex.org/W2076852844
https://openalex.org/W2079299727
https://openalex.org/W2081170859
https://openalex.org/W2081659526
https://openalex.org/W2082704890
https://openalex.org/W2082820664
https://openalex.org/W2090902632
https://openalex.org/W2093835226
https://openalex.org/W2098854110
https://openalex.org/W20999605
https://openalex.org/W2102690601
https://openalex.org/W2107747983
https://openalex.org/W2155753340
https://openalex.org/W2186949271
https://openalex.org/W2208536164
https://openalex.org/W2262158549
https://openalex.org/W2291761707
https://openalex.org/W2296158482
https://openalex.org/W2297602112
https://openalex.org/W2299091471
https://openalex.org/W2305957322
https://openalex.org/W2308493704
https://openalex.org/W2314653666
https://openalex.org/W2318922257
https://openalex.org/W2321782084
https://openalex.org/W2326437057
https://openalex.org/W2333268610
https://openalex.org/W2340732729
https://openalex.org/W2344234227
https://openalex.org/W2399922511
https://openalex.org/W2415445078
https://openalex.org/W2419167987
https://openalex.org/W2421697732
https://openalex.org/W2434230102
https://openalex.org/W2461468982
https://openalex.org/W2472066114
https://openalex.org/W2494787792
https://openalex.org/W2528092753
https://openalex.org/W2568564935
https://openalex.org/W2591190523
https://openalex.org/W2719392173
https://openalex.org/W2726453948
https://openalex.org/W2746620839
https://openalex.org/W2747689119
https://openalex.org/W2784762129
https://openalex.org/W2808627346
https://openalex.org/W2889069268
https://openalex.org/W2898813168
https://openalex.org/W2904219481
https://openalex.org/W2906975268
https://openalex.org/W2912856250
https://openalex.org/W2915763527
https://openalex.org/W2919267881
https://openalex.org/W2939546432
https://openalex.org/W2950332615
https://openalex.org/W2955179069
https://openalex.org/W2972297766
https://openalex.org/W2980327427
https://openalex.org/W2982821103
https://openalex.org/W2984728178
https://openalex.org/W2988532607
https://openalex.org/W2995289106
https://openalex.org/W2998821361
https://openalex.org/W3002969867
https://openalex.org/W3006620277
https://openalex.org/W3008525254
https://openalex.org/W3012463861
https://openalex.org/W3028566912
https://openalex.org/W3030050250
https://openalex.org/W3035619743
https://openalex.org/W3037985946
https://openalex.org/W3039357163
https://openalex.org/W3040248764
https://openalex.org/W3040997457
https://openalex.org/W3049068278
https://openalex.org/W3049287653
https://openalex.org/W3080461477
https://openalex.org/W3082497967
https://openalex.org/W3096707539
https://openalex.org/W3103174571
https://openalex.org/W3112454127
https://openalex.org/W3123516227
https://openalex.org/W3126871563
https://openalex.org/W3127588234
https://openalex.org/W3144426587
https://openalex.org/W3149691654
https://openalex.org/W3161364753
https://openalex.org/W3165337915
https://openalex.org/W3172535929
https://openalex.org/W3173514613
https://openalex.org/W3175082094
https://openalex.org/W3197592545
https://openalex.org/W3198030606
https://openalex.org/W3207455296
https://openalex.org/W3208493125
https://openalex.org/W3208761099
https://openalex.org/W3208850788
https://openalex.org/W3214212274
https://openalex.org/W3214436577
https://openalex.org/W3216647338
https://openalex.org/W3216876953
https://openalex.org/W4200304919
https://openalex.org/W4200509737
https://openalex.org/W4210364991
https://openalex.org/W4210677792
https://openalex.org/W4210805571
https://openalex.org/W4214577739
https://openalex.org/W4220818791
https://openalex.org/W4223452562
https://openalex.org/W4223554727
https://openalex.org/W4234114349
https://openalex.org/W4236859592
https://openalex.org/W4241260392
https://openalex.org/W4253971805
https://openalex.org/W4280542639
https://openalex.org/W4280647078
https://openalex.org/W4281629341
https://openalex.org/W4281774504
https://openalex.org/W4283835939
https://openalex.org/W4285045561
https://openalex.org/W4288448381
https://openalex.org/W4288802454
https://openalex.org/W4291023077
https://openalex.org/W4292573459
https://openalex.org/W4296482980
https://openalex.org/W4300455630
https://openalex.org/W4304845564
https://openalex.org/W4306843400
https://openalex.org/W4307139573
https://openalex.org/W4309342359
https://openalex.org/W4311404657
https://openalex.org/W4313887854
https://openalex.org/W4320489896
https://openalex.org/W4323532768
https://openalex.org/W4384156863
https://openalex.org/W81910530
https://openalex.org/W960547044
https://openalex.org/W114411597
https://openalex.org/W1162799713
https://openalex.org/W127032526
https://openalex.org/W1505437158
https://openalex.org/W1540209963
https://openalex.org/W1579877464
https://openalex.org/W1966734939
https://openalex.org/W1970861376
https://openalex.org/W1986301943
https://openalex.org/W1986717073
https://openalex.org/W1993390183
https://openalex.org/W1996338279
https://openalex.org/W2001667405
https://openalex.org/W2028632525
https://openalex.org/W2028782907
https://openalex.org/W2034437794
https://openalex.org/W2049063110
https://openalex.org/W2054325906
https://openalex.org/W2060109893
https://openalex.org/W2062316946
https://openalex.org/W2063717733
https://openalex.org/W2067352832
https://openalex.org/W2079560824
https://openalex.org/W2080511967
https://openalex.org/W2081597058
https://openalex.org/W2082394911
https://openalex.org/W2085069651
https://openalex.org/W2131232413
https://openalex.org/W2146866514
https://openalex.org/W2171141366
https://openalex.org/W2176916307
https://openalex.org/W219723427
https://openalex.org/W2197517580
https://openalex.org/W2279519689
https://openalex.org/W2281337590
https://openalex.org/W2288286858
https://openalex.org/W2296813138
https://openalex.org/W2317235189
https://openalex.org/W2321589861
https://openalex.org/W2331075171
https://openalex.org/W2336938287
https://openalex.org/W2402115637
https://openalex.org/W2402739235
https://openalex.org/W2403561021
https://openalex.org/W2406923313
https://openalex.org/W2409191100
https://openalex.org/W2410751607
https://openalex.org/W2416239870
https://openalex.org/W2428771916
https://openalex.org/W2460454869
https://openalex.org/W2473606826
https://openalex.org/W2480649046
https://openalex.org/W2492335587
https://openalex.org/W2495737109
https://openalex.org/W2501612034
https://openalex.org/W2511675225
https://openalex.org/W2561508300
https://openalex.org/W2581052400
https://openalex.org/W2584831458
https://openalex.org/W2611185260
https://openalex.org/W268357824
https://openalex.org/W2735543982
https://openalex.org/W2739764296
https://openalex.org/W2745042137
https://openalex.org/W2748647882
https://openalex.org/W2774323066
https://openalex.org/W2776353562
https://openalex.org/W2793010457
https://openalex.org/W2794040547
https://openalex.org/W2800379444
https://openalex.org/W2802297114
https://openalex.org/W2806634129
https://openalex.org/W2811011468
https://openalex.org/W2886141316
https://openalex.org/W2889107617
https://openalex.org/W2890107447
https://openalex.org/W2899713639
https://openalex.org/W2940833399
https://openalex.org/W2965209585
https://openalex.org/W2965490954
https://openalex.org/W2969271315
https://openalex.org/W2974200001
https://openalex.org/W2976410518
https://openalex.org/W2979494966
https://openalex.org/W2981927616
https://openalex.org/W2984624770
https://openalex.org/W2995477355
https://openalex.org/W2996378938
https://openalex.org/W2997947181
https://openalex.org/W2998603394
https://openalex.org/W3004276887
https://openalex.org/W3014709884
https://openalex.org/W3016295324
https://openalex.org/W3042908250
https://openalex.org/W3048149644
https://openalex.org/W3088915554
https://openalex.org/W3090666656
https://openalex.org/W3091533309
https://openalex.org/W3113353225
https://openalex.org/W3124323004
https://openalex.org/W3126729389
https://openalex.org/W3135338070
https://openalex.org/W3137050663
https://openalex.org/W3164976556
https://openalex.org/W3169081774
https://openalex.org/W3174634991
https://openalex.org/W3179032963
https://openalex.org/W3180089501
https://openalex.org/W3183967008
https://openalex.org/W3184822267
https://openalex.org/W3185168171
https://openalex.org/W3186525939
https://openalex.org/W3193838563
https://openalex.org/W3195009280
https://openalex.org/W3196888472
https://openalex.org/W3197026018
https://openalex.org/W3197932257
https://openalex.org/W3204415399
https://openalex.org/W3209561208
https://openalex.org/W3210853333
https://openalex.org/W3213116493
https://openalex.org/W33216148
https://openalex.org/W4200021681
https://openalex.org/W4200090030
https://openalex.org/W4200396237
https://openalex.org/W4200476580
https://openalex.org/W4205391654
https://openalex.org/W4206171973
https://openalex.org/W4210804624
https://openalex.org/W4220921098
https://openalex.org/W4225260018
https://openalex.org/W4225380101
https://openalex.org/W4226214099
https://openalex.org/W4226376573
https://openalex.org/W4229332521
https://openalex.org/W4254288695
https://openalex.org/W4282913634
https://openalex.org/W4282915790
https://openalex.org/W4282920674
https://openalex.org/W4282920772
https://openalex.org/W4285098273
https://openalex.org/W4285992133
https://openalex.org/W4286750108
https://openalex.org/W4287092365
https://openalex.org/W4295077801
https://openalex.org/W4297478100
https://openalex.org/W4297977988
https://openalex.org/W4301732277
https://openalex.org/W4303699407
https://openalex.org/W4304813538
https://openalex.org/W4309070428
https://openalex.org/W4312117127
https://openalex.org/W4313419057
https://openalex.org/W4316928205
https://openalex.org/W4318542681
https://openalex.org/W4318774132
https://openalex.org/W4321351209
https://openalex.org/W4322201899
https://openalex.org/W4322621490
https://openalex.org/W4360602278
https://openalex.org/W4383302943
https://openalex.org/W4384665040
https://openalex.org/W92961326
https://openalex.org/W103024660
https://openalex.org/W1187725364
https://openalex.org/W1504730374
https://openalex.org/W1524598021
https://openalex.org/W1530544828
https://openalex.org/W1553434681
https://openalex.org/W1569945353
https://openalex.org/W1903852911
https://openalex.org/W1925741347
https://openalex.org/W1970807488
https://openalex.org/W1979087984
https://openalex.org/W1983279191
https://openalex.org/W1998034210
https://openalex.org/W2009527593
https://openalex.org/W2020787667
https://openalex.org/W2022031486
https://openalex.org/W2026800984
https://openalex.org/W2030514308
https://openalex.org/W2031890609
https://openalex.org/W2036412610
https://openalex.org/W2039218489
https://openalex.org/W2041799996
https://openalex.org/W2042087980
https://openalex.org/W2045259561
https://openalex.org/W2055325304
https://openalex.org/W2056929592
https://openalex.org/W2058704340
https://openalex.org/W2062301217
https://openalex.org/W2065481280
https://openalex.org/W2071300092
https://openalex.org/W2074789952
https://openalex.org/W2079355567
https://openalex.org/W2085300682
https://openalex.org/W2087196822
https://openalex.org/W2091126117
https://openalex.org/W2092422237
https://openalex.org/W2097729300
https://openalex.org/W2100658857
https://openalex.org/W2112876295
https://openalex.org/W2117099651
https://openalex.org/W2121365356
https://openalex.org/W2129099435
https://openalex.org/W2136684582
https://openalex.org/W2153121977
https://openalex.org/W2154704887
https://openalex.org/W2170959109
https://openalex.org/W2176670528
https://openalex.org/W2177627459
https://openalex.org/W2182625000
https://openalex.org/W2183520793
https://openalex.org/W2223004482
https://openalex.org/W2237919178
https://openalex.org/W2300284272
https://openalex.org/W2319543051
https://openalex.org/W2323709401
https://openalex.org/W2323897781
https://openalex.org/W2325452373
https://openalex.org/W2335716899
https://openalex.org/W2396699955
https://openalex.org/W2397548381
https://openalex.org/W2397563841
https://openalex.org/W2397704555
https://openalex.org/W2397832222
https://openalex.org/W2403227979
https://openalex.org/W2404654737
https://openalex.org/W2404823324
https://openalex.org/W2409173186
https://openalex.org/W2409276264
https://openalex.org/W2411852855
https://openalex.org/W2413054256
https://openalex.org/W2414180329
https://openalex.org/W2415588135
https://openalex.org/W2415815527
https://openalex.org/W2417876989
https://openalex.org/W2418142142
https://openalex.org/W2418638829
https://openalex.org/W2427687723
https://openalex.org/W2432826367
https://openalex.org/W2466416789
https://openalex.org/W2474019825
https://openalex.org/W2500044144
https://openalex.org/W2508411092
https://openalex.org/W2509981634
https://openalex.org/W2525954119
https://openalex.org/W2538461663
https://openalex.org/W2560705849
https://openalex.org/W2587513562
https://openalex.org/W2587568800
https://openalex.org/W2587589746
https://openalex.org/W2587869769
https://openalex.org/W2589109808
https://openalex.org/W2591268286
https://openalex.org/W2591836875
https://openalex.org/W2608230208
https://openalex.org/W2612852911
https://openalex.org/W2616072025
https://openalex.org/W2619060085
https://openalex.org/W2734628570
https://openalex.org/W2745410840
https://openalex.org/W2753259257
https://openalex.org/W2756284634
https://openalex.org/W2763153251
https://openalex.org/W2769700615
https://openalex.org/W2770726218
https://openalex.org/W2772602013
https://openalex.org/W2773793778
https://openalex.org/W2775624229
https://openalex.org/W2782311003
https://openalex.org/W2782985257
https://openalex.org/W2790044671
https://openalex.org/W2790943253
https://openalex.org/W2793635113
https://openalex.org/W2801142743
https://openalex.org/W28221937
https://openalex.org/W2886260926
https://openalex.org/W2886470613
https://openalex.org/W2902753589
https://openalex.org/W2904427599
https://openalex.org/W2909870825
https://openalex.org/W2913506560
https://openalex.org/W2913827154
https://openalex.org/W2921143263
https://openalex.org/W2922442340
https://openalex.org/W2936851180
https://openalex.org/W2937654491
https://openalex.org/W2943751873
https://openalex.org/W2946249274
https://openalex.org/W2963553078
https://openalex.org/W2974916410
https://openalex.org/W2975902395
https://openalex.org/W2979484968
https://openalex.org/W2979813551
https://openalex.org/W2982368369
https://openalex.org/W2988020147
https://openalex.org/W2988857160
https://openalex.org/W2999125945
https://openalex.org/W3018245712
https://openalex.org/W3020861019
https://openalex.org/W3023961767
https://openalex.org/W3027615325
https://openalex.org/W3032955166
https://openalex.org/W3033633684
https://openalex.org/W3034339771
https://openalex.org/W3036513599
https://openalex.org/W3036762956
https://openalex.org/W3044721600
https://openalex.org/W3044737551
https://openalex.org/W3080280755
https://openalex.org/W3089692943
https://openalex.org/W3092428831
https://openalex.org/W3092435163
https://openalex.org/W3106102245
https://openalex.org/W3107760684
https://openalex.org/W3108848117
https://openalex.org/W3109411594
https://openalex.org/W3120264158
https://openalex.org/W3130323118
https://openalex.org/W3131221066
https://openalex.org/W3133546346
https://openalex.org/W3133999665
https://openalex.org/W3138901247
https://openalex.org/W3140854402
https://openalex.org/W3154986944
https://openalex.org/W3156120170
https://openalex.org/W3159055599
https://openalex.org/W3161223222
https://openalex.org/W3161933188
https://openalex.org/W3162620292
https://openalex.org/W3164161450
https://openalex.org/W3165232314
https://openalex.org/W3173722583
https://openalex.org/W3173754768
https://openalex.org/W3176875626
https://openalex.org/W3177642385
https://openalex.org/W3180505129
https://openalex.org/W3181623866
https://openalex.org/W3182605449
https://openalex.org/W3183923959
https://openalex.org/W3185215183
https://openalex.org/W3189386050
https://openalex.org/W3193581949
https://openalex.org/W3197057357
https://openalex.org/W3200196038
https://openalex.org/W3200856835
https://openalex.org/W3203662568
https://openalex.org/W3206517183
https://openalex.org/W3209148074
https://openalex.org/W3211136351
https://openalex.org/W3211501702
https://openalex.org/W3211977021
https://openalex.org/W3212952216
https://openalex.org/W3213647923
https://openalex.org/W3214513653
https://openalex.org/W4200058638
https://openalex.org/W4200516380
https://openalex.org/W4200582442
https://openalex.org/W4200621403
https://openalex.org/W4205729819
https://openalex.org/W4206080870
https://openalex.org/W4206304628
https://openalex.org/W4206560256
https://openalex.org/W4210256399
https://openalex.org/W4210542036
https://openalex.org/W4210828511
https://openalex.org/W4210860473
https://openalex.org/W4212938035
https://openalex.org/W4212957710
https://openalex.org/W4220781953
https://openalex.org/W4220785099
https://openalex.org/W4221080397
https://openalex.org/W4223976199
https://openalex.org/W4226329962
https://openalex.org/W4226343881
https://openalex.org/W4230049394
https://openalex.org/W4232969735
https://openalex.org/W4235844279
https://openalex.org/W4236845262
https://openalex.org/W4239618248
https://openalex.org/W4241518364
https://openalex.org/W4242188446
https://openalex.org/W4242933018
https://openalex.org/W4243007134
https://openalex.org/W4245507810
https://openalex.org/W4251035602
https://openalex.org/W4251059848
https://openalex.org/W4251837338
https://openalex.org/W4252854808
https://openalex.org/W4280491646
https://openalex.org/W4281618862
https://openalex.org/W4282926055
https://openalex.org/W4282937503
https://openalex.org/W4282941847
https://openalex.org/W4284973044
https://openalex.org/W4285728785
https://openalex.org/W4285786994
https://openalex.org/W4286600638
https://openalex.org/W4288762110
https://openalex.org/W4289918834
https://openalex.org/W4290861075
https://openalex.org/W4291377723
https://openalex.org/W4293276339
https://openalex.org/W4295537341
https://openalex.org/W4295760958
https://openalex.org/W4296186476
https://openalex.org/W4296466690
https://openalex.org/W4296625334
https://openalex.org/W4296701027
https://openalex.org/W4297252765
https://openalex.org/W4297461908
https://openalex.org/W4297523344
https://openalex.org/W4300772203
https://openalex.org/W4307227567
https://openalex.org/W4307931053
https://openalex.org/W4308645045
https://openalex.org/W4310959635
https://openalex.org/W4312187218
https://openalex.org/W4313320704
https://openalex.org/W4315754177
https://openalex.org/W4318303038
https://openalex.org/W4318754818
https://openalex.org/W4319078270
https://openalex.org/W4319600518
https://openalex.org/W4319983385
https://openalex.org/W4320495735
https://openalex.org/W4322503473
https://openalex.org/W4322617507
https://openalex.org/W4323364258
https://openalex.org/W4353018833
https://openalex.org/W4361305556
https://openalex.org/W4362532739
https://openalex.org/W4362698947
https://openalex.org/W4364353593
https://openalex.org/W4366463737
https://openalex.org/W4367054064
https://openalex.org/W4367600925
https://openalex.org/W4367670499
https://openalex.org/W4376641726
https://openalex.org/W4381248906
https://openalex.org/W4381599128
https://openalex.org/W4385252620
https://openalex.org/W54712299
https://openalex.org/W611089389
https://openalex.org/W639815560
https://openalex.org/W80397553
https://openalex.org/W80935736
https://openalex.org/W816810706
https://openalex.org/W103053819
https://openalex.org/W105390461
https://openalex.org/W109043271
https://openalex.org/W1179811012
https://openalex.org/W1187680663
https://openalex.org/W1199274712
https://openalex.org/W1200439496
https://openalex.org/W122722148
https://openalex.org/W124216679
https://openalex.org/W126721322
https://openalex.org/W134237644
https://openalex.org/W134323679
https://openalex.org/W135866482
https://openalex.org/W140153626
https://openalex.org/W143772133
https://openalex.org/W1454460559
https://openalex.org/W1454598167
https://openalex.org/W1482257525
https://openalex.org/W1496854062
https://openalex.org/W1498052504
https://openalex.org/W150432261
https://openalex.org/W1506787482
https://openalex.org/W1507597846
https://openalex.org/W1509659421
https://openalex.org/W1509829436
https://openalex.org/W1516036979
https://openalex.org/W1518037409
https://openalex.org/W1518457524
https://openalex.org/W1520448780
https://openalex.org/W1530050517
https://openalex.org/W1543104312
https://openalex.org/W1551104432
https://openalex.org/W1552849408
https://openalex.org/W1556277765
https://openalex.org/W1556774877
https://openalex.org/W1556928480
https://openalex.org/W1569372988
https://openalex.org/W1570021132
https://openalex.org/W1574895771
https://openalex.org/W1580087726
https://openalex.org/W1587601833
https://openalex.org/W1588414744
https://openalex.org/W1596378476
https://openalex.org/W1602660131
https://openalex.org/W1630219229
https://openalex.org/W1648825535
https://openalex.org/W169675364
https://openalex.org/W1772080007
https://openalex.org/W1792945221
https://openalex.org/W1830997152
https://openalex.org/W1837760698
https://openalex.org/W1858607637
https://openalex.org/W188329970
https://openalex.org/W1896305122
https://openalex.org/W1914473719
https://openalex.org/W192410274
https://openalex.org/W1959326377
https://openalex.org/W1964886415
https://openalex.org/W1965430981
https://openalex.org/W1966302811
https://openalex.org/W1966357331
https://openalex.org/W1966778755
https://openalex.org/W1966961561
https://openalex.org/W1967926853
https://openalex.org/W1968484713
https://openalex.org/W1969070349
https://openalex.org/W1969669391
https://openalex.org/W1969936771
https://openalex.org/W1975725723
https://openalex.org/W1976203866
https://openalex.org/W1976983767
https://openalex.org/W1978033050
https://openalex.org/W1978095598
https://openalex.org/W1979694989
https://openalex.org/W1980912311
https://openalex.org/W1981096171
https://openalex.org/W1981833007
https://openalex.org/W1986485183
https://openalex.org/W1988886161
https://openalex.org/W1990007224
https://openalex.org/W1990703387
https://openalex.org/W1991461023
https://openalex.org/W1993031730
https://openalex.org/W1994060163
https://openalex.org/W1995099571
https://openalex.org/W1997092048
https://openalex.org/W1999834313
https://openalex.org/W2000015291
https://openalex.org/W2000550242
https://openalex.org/W2001859196
https://openalex.org/W2001926638
https://openalex.org/W2002778471
https://openalex.org/W2003568408
https://openalex.org/W2003958992
https://openalex.org/W2004650788
https://openalex.org/W2007470403
https://openalex.org/W2007838340
https://openalex.org/W2011157582
https://openalex.org/W2013013311
https://openalex.org/W2013918202
https://openalex.org/W2015583036
https://openalex.org/W2016070433
https://openalex.org/W2016517142
https://openalex.org/W2017984842
https://openalex.org/W2019009711
https://openalex.org/W2019632857
https://openalex.org/W2019646784
https://openalex.org/W2022747193
https://openalex.org/W2023145052
https://openalex.org/W2023642177
https://openalex.org/W2024473254
https://openalex.org/W2026054746
https://openalex.org/W2028071571
https://openalex.org/W2028971578
https://openalex.org/W2029044152
https://openalex.org/W2033186467
https://openalex.org/W2036279395
https://openalex.org/W2038139918
https://openalex.org/W2038435268
https://openalex.org/W2038653984
https://openalex.org/W2038920309
https://openalex.org/W2038964203
https://openalex.org/W2040439303
https://openalex.org/W2041325229
https://openalex.org/W2046471676
https://openalex.org/W2048335448
https://openalex.org/W2048994200
https://openalex.org/W2049780308
https://openalex.org/W2050208288
https://openalex.org/W2051089567
https://openalex.org/W2053017996
https://openalex.org/W2054634841
https://openalex.org/W2055182214
https://openalex.org/W2055938019
https://openalex.org/W2056187839
https://openalex.org/W2059127670
https://openalex.org/W2064371492
https://openalex.org/W2064381210
https://openalex.org/W2065187826
https://openalex.org/W2066036399
https://openalex.org/W2067602563
https://openalex.org/W2068657299
https://openalex.org/W2069520075
https://openalex.org/W2070192340
https://openalex.org/W2071255400
https://openalex.org/W2071418440
https://openalex.org/W2072323403
https://openalex.org/W2073116027
https://openalex.org/W2075281286
https://openalex.org/W2075324135
https://openalex.org/W2075494792
https://openalex.org/W2075503465
https://openalex.org/W2076510634
https://openalex.org/W2077229431
https://openalex.org/W2077462581
https://openalex.org/W2080080760
https://openalex.org/W2080244486
https://openalex.org/W2080454748
https://openalex.org/W2080787514
https://openalex.org/W2081198218
https://openalex.org/W2081319240
https://openalex.org/W2085364604
https://openalex.org/W2085657848
https://openalex.org/W2087643710
https://openalex.org/W2088114432
https://openalex.org/W2088323350
https://openalex.org/W2088533544
https://openalex.org/W2092605689
https://openalex.org/W2094327669
https://openalex.org/W2094993402
https://openalex.org/W2097762811
https://openalex.org/W2103613875
https://openalex.org/W2115001954
https://openalex.org/W2121740727
https://openalex.org/W2123332007
https://openalex.org/W2127172274
https://openalex.org/W2129202744
https://openalex.org/W2135583587
https://openalex.org/W2136700384
https://openalex.org/W2139927325
https://openalex.org/W2141357700
https://openalex.org/W2153594908
https://openalex.org/W2155080133
https://openalex.org/W2155658603
https://openalex.org/W2169318534
https://openalex.org/W2170643114
https://openalex.org/W2170960214
https://openalex.org/W2173113879
https://openalex.org/W2174657937
https://openalex.org/W2176373629
https://openalex.org/W2176998547
https://openalex.org/W2177232924
https://openalex.org/W2183320727
https://openalex.org/W2183446993
https://openalex.org/W2184642662
https://openalex.org/W2185051697
https://openalex.org/W2187249046
https://openalex.org/W2187501986
https://openalex.org/W2192753965
https://openalex.org/W2192971423
https://openalex.org/W2193651638
https://openalex.org/W2194072121
https://openalex.org/W2195902736
https://openalex.org/W2200572104
https://openalex.org/W2206582509
https://openalex.org/W2208625712
https://openalex.org/W2208896774
https://openalex.org/W2212942824
https://openalex.org/W2222908656
https://openalex.org/W2226520337
https://openalex.org/W2231532387
https://openalex.org/W2241766804
https://openalex.org/W2242054725
https://openalex.org/W2244774962
https://openalex.org/W2253984757
https://openalex.org/W2254167389
https://openalex.org/W2258845227
https://openalex.org/W2261664368
https://openalex.org/W2265851638
https://openalex.org/W2277386517
https://openalex.org/W2285743878
https://openalex.org/W2286591710
https://openalex.org/W2288098110
https://openalex.org/W2289249985
https://openalex.org/W2291526868
https://openalex.org/W2296802588
https://openalex.org/W2298178452
https://openalex.org/W2310561780
https://openalex.org/W2312191558
https://openalex.org/W2312843874
https://openalex.org/W2317961653
https://openalex.org/W2319163184
https://openalex.org/W2319639659
https://openalex.org/W2320309427
https://openalex.org/W2320384609
https://openalex.org/W2320580839
https://openalex.org/W2320713539
https://openalex.org/W2321957127
https://openalex.org/W2326448033
https://openalex.org/W2326450578
https://openalex.org/W2327260437
https://openalex.org/W2327988898
https://openalex.org/W2328285863
https://openalex.org/W2328291511
https://openalex.org/W2328398702
https://openalex.org/W2328435388
https://openalex.org/W2328438173
https://openalex.org/W2328452236
https://openalex.org/W2328726176
https://openalex.org/W2329949480
https://openalex.org/W2330016593
https://openalex.org/W2330731174
https://openalex.org/W2331662344
https://openalex.org/W2331966277
https://openalex.org/W2332334119
https://openalex.org/W2332404404
https://openalex.org/W2333759058
https://openalex.org/W2334765704
https://openalex.org/W2334880887
https://openalex.org/W2334900007
https://openalex.org/W2334977363
https://openalex.org/W2336401726
https://openalex.org/W2337554638
https://openalex.org/W2340467464
https://openalex.org/W2340490128
https://openalex.org/W2341717777
https://openalex.org/W2341906996
https://openalex.org/W2344748823
https://openalex.org/W2348889886
https://openalex.org/W2352025826
https://openalex.org/W2353945838
https://openalex.org/W2354530455
https://openalex.org/W2357394949
https://openalex.org/W2358061619
https://openalex.org/W2360437166
https://openalex.org/W2362185704
https://openalex.org/W2363001148
https://openalex.org/W2363196807
https://openalex.org/W2364372446
https://openalex.org/W2365115179
https://openalex.org/W2368438217
https://openalex.org/W2370080901
https://openalex.org/W2370511695
https://openalex.org/W2370780944
https://openalex.org/W2370894562
https://openalex.org/W2374639646
https://openalex.org/W2377587047
https://openalex.org/W2379122549
https://openalex.org/W2379669828
https://openalex.org/W2380227230
https://openalex.org/W2384078807
https://openalex.org/W2384515336
https://openalex.org/W2384580466
https://openalex.org/W2387821631
https://openalex.org/W2388438561
https://openalex.org/W2389280935
https://openalex.org/W2390496546
https://openalex.org/W2391989327
https://openalex.org/W2392422921
https://openalex.org/W2393666270
https://openalex.org/W2394978712
https://openalex.org/W2395120780
https://openalex.org/W2395587657
https://openalex.org/W2396003745
https://openalex.org/W2397212232
https://openalex.org/W2397760607
https://openalex.org/W2399585125
https://openalex.org/W2399646575
https://openalex.org/W2399669420
https://openalex.org/W2399795244
https://openalex.org/W2399807648
https://openalex.org/W2403755483
https://openalex.org/W2404068702
https://openalex.org/W2406832542
https://openalex.org/W2409856559
https://openalex.org/W2409955024
https://openalex.org/W2410060831
https://openalex.org/W2410072631
https://openalex.org/W2410519860
https://openalex.org/W2411095652
https://openalex.org/W2411283777
https://openalex.org/W2411868016
https://openalex.org/W2412209546
https://openalex.org/W2412473214
https://openalex.org/W2412563663
https://openalex.org/W2413040060
https://openalex.org/W2413641251
https://openalex.org/W2414935254
https://openalex.org/W2414978683
https://openalex.org/W2415148869
https://openalex.org/W2415317094
https://openalex.org/W2416568412
https://openalex.org/W2417144299
https://openalex.org/W2417303895
https://openalex.org/W2417633173
https://openalex.org/W2418025555
https://openalex.org/W2418186232
https://openalex.org/W2419621101
https://openalex.org/W2431624072
https://openalex.org/W2431847356
https://openalex.org/W2433403048
https://openalex.org/W2438464299
https://openalex.org/W2463873376
https://openalex.org/W2466620181
https://openalex.org/W2467679185
https://openalex.org/W2467690224
https://openalex.org/W2468718268
https://openalex.org/W2468721365
https://openalex.org/W2469232341
https://openalex.org/W2469899824
https://openalex.org/W2469986300
https://openalex.org/W2470836099
https://openalex.org/W2471505219
https://openalex.org/W247172630
https://openalex.org/W2475076645
https://openalex.org/W2479565166
https://openalex.org/W2479960709
https://openalex.org/W2485515846
https://openalex.org/W2486203666
https://openalex.org/W2492791200
https://openalex.org/W2501181454
https://openalex.org/W2501879548
https://openalex.org/W2503115197
https://openalex.org/W2504574204
https://openalex.org/W2505500827
https://openalex.org/W2508626045
https://openalex.org/W250965187
https://openalex.org/W2510173986
https://openalex.org/W2510223758
https://openalex.org/W2510376995
https://openalex.org/W251117402
https://openalex.org/W2511803270
https://openalex.org/W2516248173
https://openalex.org/W2517884917
https://openalex.org/W2518365428
https://openalex.org/W2520096650
https://openalex.org/W2521065994
https://openalex.org/W2521077500
https://openalex.org/W2522638538
https://openalex.org/W2522724058
https://openalex.org/W2526328411
https://openalex.org/W2529593255
https://openalex.org/W2530239321
https://openalex.org/W2531206132
https://openalex.org/W2539643097
https://openalex.org/W2549115194
https://openalex.org/W2550222473
https://openalex.org/W2552492205
https://openalex.org/W2553505079
https://openalex.org/W2563323841
https://openalex.org/W2565363387
https://openalex.org/W2568409019
https://openalex.org/W2574387934
https://openalex.org/W2581532665
https://openalex.org/W2582313453
https://openalex.org/W2583357465
https://openalex.org/W2585033246
https://openalex.org/W2585438290
https://openalex.org/W2585651878
https://openalex.org/W2585993375
https://openalex.org/W2586083064
https://openalex.org/W2586247374
https://openalex.org/W2586426770
https://openalex.org/W2586976164
https://openalex.org/W2587187516
https://openalex.org/W2587529791
https://openalex.org/W2587646121
https://openalex.org/W2587841745
https://openalex.org/W2588608618
https://openalex.org/W2590794368
https://openalex.org/W2590940262
https://openalex.org/W2591380883
https://openalex.org/W2594223800
https://openalex.org/W2594622271
https://openalex.org/W2594714269
https://openalex.org/W2595062098
https://openalex.org/W2595127418
https://openalex.org/W2595189027
https://openalex.org/W2595257461
https://openalex.org/W2596420529
https://openalex.org/W2597093072
https://openalex.org/W2605069405
https://openalex.org/W2610289732
https://openalex.org/W2613126463
https://openalex.org/W2615584627
https://openalex.org/W2622801098
https://openalex.org/W2624976048
https://openalex.org/W2632818993
https://openalex.org/W2634520996
https://openalex.org/W267258095
https://openalex.org/W268586494
https://openalex.org/W2714133936
https://openalex.org/W2725089133
https://openalex.org/W2734819484
https://openalex.org/W2737044147
https://openalex.org/W2741597925
https://openalex.org/W2743879570
https://openalex.org/W2745389790
https://openalex.org/W2746246589
https://openalex.org/W2746294929
https://openalex.org/W2748899707
https://openalex.org/W2750017765
https://openalex.org/W2750089741
https://openalex.org/W2750229936
https://openalex.org/W2751172495
https://openalex.org/W2751493580
https://openalex.org/W2751803925
https://openalex.org/W2752129369
https://openalex.org/W2752702473
https://openalex.org/W2752969551
https://openalex.org/W2753208320
https://openalex.org/W2753359358
https://openalex.org/W2753384683
https://openalex.org/W2753807664
https://openalex.org/W2754087242
https://openalex.org/W2754565118
https://openalex.org/W2754825926
https://openalex.org/W2754931467
https://openalex.org/W2755329898
https://openalex.org/W2755824665
https://openalex.org/W2756237558
https://openalex.org/W2757640381
https://openalex.org/W2760896882
https://openalex.org/W2766043469
https://openalex.org/W2767492975
https://openalex.org/W2767513100
https://openalex.org/W2767624121
https://openalex.org/W2769751653
https://openalex.org/W277028123
https://openalex.org/W2771050045
https://openalex.org/W2771629091
https://openalex.org/W2773957383
https://openalex.org/W2776186756
https://openalex.org/W2779577706
https://openalex.org/W2782169255
https://openalex.org/W2782782895
https://openalex.org/W2783372564
https://openalex.org/W2783494197
https://openalex.org/W2788545503
https://openalex.org/W2791092111
https://openalex.org/W2791203352
https://openalex.org/W2791700912
https://openalex.org/W2792122509
https://openalex.org/W2792564876
https://openalex.org/W2792935066
https://openalex.org/W2793626415
https://openalex.org/W2793976106
https://openalex.org/W2794307314
https://openalex.org/W2796569911
https://openalex.org/W2799700794
https://openalex.org/W2802717736
https://openalex.org/W2803617728
https://openalex.org/W2803680127
https://openalex.org/W2805002023
https://openalex.org/W2807486667
https://openalex.org/W2808424141
https://openalex.org/W287464791
https://openalex.org/W2884588504
https://openalex.org/W2887472910
https://openalex.org/W2889724343
https://openalex.org/W2890025175
https://openalex.org/W2891197292
https://openalex.org/W2891580970
https://openalex.org/W2895726187
https://openalex.org/W2895859155
https://openalex.org/W2895860081
https://openalex.org/W2896794598
https://openalex.org/W2897065248
https://openalex.org/W2897361473
https://openalex.org/W2897743978
https://openalex.org/W2897785048
https://openalex.org/W2898375525
https://openalex.org/W2899050633
https://openalex.org/W2899120239
https://openalex.org/W2900764116
https://openalex.org/W2901295708
https://openalex.org/W2901313993
https://openalex.org/W2901560996
https://openalex.org/W2901746545
https://openalex.org/W2901755114
https://openalex.org/W2901850743
https://openalex.org/W2903605802
https://openalex.org/W2905894406
https://openalex.org/W2907084105
https://openalex.org/W2909808323
https://openalex.org/W2909916012
https://openalex.org/W2910654006
https://openalex.org/W2910706530
https://openalex.org/W2910753776
https://openalex.org/W2910788036
https://openalex.org/W2910915460
https://openalex.org/W2911492631
https://openalex.org/W2911629541
https://openalex.org/W2911801099
https://openalex.org/W2911876828
https://openalex.org/W2913271033
https://openalex.org/W2914109889
https://openalex.org/W2914280273
https://openalex.org/W2915056333
https://openalex.org/W2915308416
https://openalex.org/W2916085844
https://openalex.org/W2917272403
https://openalex.org/W2917306380
https://openalex.org/W2919831382
https://openalex.org/W2920963532
https://openalex.org/W2921516887
https://openalex.org/W2921824806
https://openalex.org/W2921893317
https://openalex.org/W2921936149
https://openalex.org/W2922472537
https://openalex.org/W2922687805
https://openalex.org/W2923591319
https://openalex.org/W2928902888
https://openalex.org/W2937545590
https://openalex.org/W2944062390
https://openalex.org/W2944064311
https://openalex.org/W2944206187
https://openalex.org/W2945156645
https://openalex.org/W2946279004
https://openalex.org/W2947340612
https://openalex.org/W2948183992
https://openalex.org/W2948233706
https://openalex.org/W2948338972
https://openalex.org/W2948742124
https://openalex.org/W2949570991
https://openalex.org/W2950085352
https://openalex.org/W2950688323
https://openalex.org/W2951073071
https://openalex.org/W2951706316
https://openalex.org/W2951924651
https://openalex.org/W2953530156
https://openalex.org/W2953963186
https://openalex.org/W2954638985
https://openalex.org/W2954789964
https://openalex.org/W2955404382
https://openalex.org/W2956140086
https://openalex.org/W2957205571
https://openalex.org/W2960861358
https://openalex.org/W2962198913
https://openalex.org/W2963777426
https://openalex.org/W2963863261
https://openalex.org/W2964193993
https://openalex.org/W2965062826
https://openalex.org/W2966046573
https://openalex.org/W2966411583
https://openalex.org/W2967816405
https://openalex.org/W2968775751
https://openalex.org/W2969484277
https://openalex.org/W2970103111
https://openalex.org/W2970447094
https://openalex.org/W2972988221
https://openalex.org/W2974822258
https://openalex.org/W2975575188
https://openalex.org/W2977283150
https://openalex.org/W2977618236
https://openalex.org/W2977811034
https://openalex.org/W2977911691
https://openalex.org/W2978231334
https://openalex.org/W2978706756
https://openalex.org/W2979207525
https://openalex.org/W2980782947
https://openalex.org/W2980794399
https://openalex.org/W2981794932
https://openalex.org/W2981841467
https://openalex.org/W2983537701
https://openalex.org/W2984940420
https://openalex.org/W2986781782
https://openalex.org/W2988231853
https://openalex.org/W2989225468
https://openalex.org/W2990353232
https://openalex.org/W2990641553
https://openalex.org/W2992198734
https://openalex.org/W2994642360
https://openalex.org/W2995414095
https://openalex.org/W299616892
https://openalex.org/W2996948598
https://openalex.org/W2997191905
https://openalex.org/W2999585838
https://openalex.org/W2999706531
https://openalex.org/W3004458857
https://openalex.org/W3004914548
https://openalex.org/W3006762518
https://openalex.org/W3009609777
https://openalex.org/W3009815307
https://openalex.org/W3011185621
https://openalex.org/W3011927877
https://openalex.org/W3015109713
https://openalex.org/W3017254647
https://openalex.org/W3017511541
https://openalex.org/W3021095346
https://openalex.org/W3021340544
https://openalex.org/W3022012861
https://openalex.org/W3022354178
https://openalex.org/W3022493286
https://openalex.org/W3022754494
https://openalex.org/W3023355972
https://openalex.org/W3024910328
https://openalex.org/W30271139
https://openalex.org/W3027477016
https://openalex.org/W3028861350
https://openalex.org/W3028932146
https://openalex.org/W3029697031
https://openalex.org/W3029893329
https://openalex.org/W3030215939
https://openalex.org/W3030836641
https://openalex.org/W3031522354
https://openalex.org/W3032889146
https://openalex.org/W3034004952
https://openalex.org/W3034324333
https://openalex.org/W3034379370
https://openalex.org/W3034831738
https://openalex.org/W3034847909
https://openalex.org/W3035189171
https://openalex.org/W3035639436
https://openalex.org/W3035664779
https://openalex.org/W3036304289
https://openalex.org/W3044359909
https://openalex.org/W3045471803
https://openalex.org/W3045548634
https://openalex.org/W3045743611
https://openalex.org/W3045780088
https://openalex.org/W3045992337
https://openalex.org/W3046068309
https://openalex.org/W3047668147
https://openalex.org/W3048478144
https://openalex.org/W3048504127
https://openalex.org/W3048965965
https://openalex.org/W3049111089
https://openalex.org/W3049639142
https://openalex.org/W3082266644
https://openalex.org/W3083730137
https://openalex.org/W3084006491
https://openalex.org/W3084204070
https://openalex.org/W3086840681
https://openalex.org/W3086969328
https://openalex.org/W3087897752
https://openalex.org/W3088783036
https://openalex.org/W3089628746
https://openalex.org/W3090040781
https://openalex.org/W3090500297
https://openalex.org/W3091142847
https://openalex.org/W3092030671
https://openalex.org/W3092040662
https://openalex.org/W3092146192
https://openalex.org/W3092233269
https://openalex.org/W3093663902
https://openalex.org/W3093749730
https://openalex.org/W3097283444
https://openalex.org/W3098095410
https://openalex.org/W3104501403
https://openalex.org/W3105210389
https://openalex.org/W3106610381
https://openalex.org/W3107184390
https://openalex.org/W3110685314
https://openalex.org/W3110927061
https://openalex.org/W3111068895
https://openalex.org/W3111455163
https://openalex.org/W3112627793
https://openalex.org/W3113861427
https://openalex.org/W3114602490
https://openalex.org/W3114877848
https://openalex.org/W3116273385
https://openalex.org/W3118314733
https://openalex.org/W3118492282
https://openalex.org/W3118885012
https://openalex.org/W3118919508
https://openalex.org/W3119057640
https://openalex.org/W3119301555
https://openalex.org/W3119468336
https://openalex.org/W3119665815
https://openalex.org/W3120022184
https://openalex.org/W3120043633
https://openalex.org/W3120056837
https://openalex.org/W3120124343
https://openalex.org/W3120496757
https://openalex.org/W3120668746
https://openalex.org/W3121439330
https://openalex.org/W3122853573
https://openalex.org/W3123388228
https://openalex.org/W3125155840
https://openalex.org/W3126533921
https://openalex.org/W3128892146
https://openalex.org/W3131080744
https://openalex.org/W3131569883
https://openalex.org/W3131581880
https://openalex.org/W3131733171
https://openalex.org/W3132680265
https://openalex.org/W3134906543
https://openalex.org/W3136154241
https://openalex.org/W3136389273
https://openalex.org/W3136735417
https://openalex.org/W3137509804
https://openalex.org/W3137705310
https://openalex.org/W3137843621
https://openalex.org/W3138634546
https://openalex.org/W3139043913
https://openalex.org/W3139914410
https://openalex.org/W3142625495
https://openalex.org/W3143917762
https://openalex.org/W3144832097
https://openalex.org/W3145256526
https://openalex.org/W3150200271
https://openalex.org/W3151388321
https://openalex.org/W3152508094
https://openalex.org/W3152614199
https://openalex.org/W3152649135
https://openalex.org/W3154154115
https://openalex.org/W3154293965
https://openalex.org/W3154600368
https://openalex.org/W3154742892
https://openalex.org/W3154745630
https://openalex.org/W3158976997
https://openalex.org/W3159147001
https://openalex.org/W3161269433
https://openalex.org/W3161904448
https://openalex.org/W3162461556
https://openalex.org/W3163404672
https://openalex.org/W3164489176
https://openalex.org/W3164504182
https://openalex.org/W3167035687
https://openalex.org/W3167830717
https://openalex.org/W3169213919
https://openalex.org/W3169822820
https://openalex.org/W3170996267
https://openalex.org/W3172576398
https://openalex.org/W3173251542
https://openalex.org/W3173286470
https://openalex.org/W3174154650
https://openalex.org/W3174469164
https://openalex.org/W3174840582
https://openalex.org/W3175330910
https://openalex.org/W31766254
https://openalex.org/W3176831352
https://openalex.org/W3177367881
https://openalex.org/W3177894820
https://openalex.org/W3179242897
https://openalex.org/W3179437873
https://openalex.org/W3180129279
https://openalex.org/W3181096580
https://openalex.org/W3183082803
https://openalex.org/W3184013635
https://openalex.org/W3185734379
https://openalex.org/W3186516928
https://openalex.org/W3187301571
https://openalex.org/W3187936008
https://openalex.org/W3189721711
https://openalex.org/W3190171736
https://openalex.org/W3190396547
https://openalex.org/W3191084341
https://openalex.org/W3192244725
https://openalex.org/W3192450522
https://openalex.org/W3193034756
https://openalex.org/W3193230623
https://openalex.org/W3195070830
https://openalex.org/W3195241142
https://openalex.org/W3195733364
https://openalex.org/W3198863280
https://openalex.org/W3198981986
https://openalex.org/W3199954983
https://openalex.org/W3201610942
https://openalex.org/W3201843906
https://openalex.org/W3202015398
https://openalex.org/W3202179606
https://openalex.org/W3202802420
https://openalex.org/W3205423350
https://openalex.org/W3205580152
https://openalex.org/W3206051923
https://openalex.org/W3206674875
https://openalex.org/W3206755378
https://openalex.org/W3207503430
https://openalex.org/W3207966281
https://openalex.org/W3208187549
https://openalex.org/W3209599236
https://openalex.org/W3209850645
https://openalex.org/W3210233814
https://openalex.org/W3210465490
https://openalex.org/W3211173216
https://openalex.org/W3211550470
https://openalex.org/W3212366736
https://openalex.org/W3212668194
https://openalex.org/W3213708040
https://openalex.org/W3214493377
https://openalex.org/W3215215581
https://openalex.org/W3215730066
https://openalex.org/W3216735015
https://openalex.org/W32343889
https://openalex.org/W331937877
https://openalex.org/W399949700
https://openalex.org/W402760097
https://openalex.org/W4200061028
https://openalex.org/W4200083699
https://openalex.org/W4200269105
https://openalex.org/W4200412271
https://openalex.org/W4205454071
https://openalex.org/W4205692474
https://openalex.org/W4205967973
https://openalex.org/W4206117432
https://openalex.org/W4206128682
https://openalex.org/W4206129558
https://openalex.org/W4206261437
https://openalex.org/W4206633313
https://openalex.org/W4206793101
https://openalex.org/W4206793129
https://openalex.org/W4206856164
https://openalex.org/W4206856674
https://openalex.org/W4206886936
https://openalex.org/W4207087603
https://openalex.org/W4210256412
https://openalex.org/W4210380122
https://openalex.org/W4210496426
https://openalex.org/W4210536739
https://openalex.org/W4211023719
https://openalex.org/W4211164423
https://openalex.org/W4211207889
https://openalex.org/W4212766846
https://openalex.org/W4212934278
https://openalex.org/W4213397632
https://openalex.org/W4213429808
https://openalex.org/W4214481497
https://openalex.org/W4214974129
https://openalex.org/W4220875735
https://openalex.org/W4220878693
https://openalex.org/W4221056612
https://openalex.org/W4223510307
https://openalex.org/W4224088107
https://openalex.org/W4224274570
https://openalex.org/W4224287437
https://openalex.org/W4224816978
https://openalex.org/W4224858471
https://openalex.org/W4225401327
https://openalex.org/W4225524066
https://openalex.org/W4225838169
https://openalex.org/W4226073864
https://openalex.org/W4226104268
https://openalex.org/W4226413445
https://openalex.org/W4226526522
https://openalex.org/W4229576704
https://openalex.org/W4229796288
https://openalex.org/W4229856293
https://openalex.org/W4229857100
https://openalex.org/W4230116857
https://openalex.org/W4230270974
https://openalex.org/W4230596024
https://openalex.org/W4230721520
https://openalex.org/W4230878910
https://openalex.org/W4231282622
https://openalex.org/W4231579085
https://openalex.org/W4231662198
https://openalex.org/W4231732785
https://openalex.org/W4233143651
https://openalex.org/W4233962459
https://openalex.org/W4234026824
https://openalex.org/W4234083447
https://openalex.org/W4234578162
https://openalex.org/W4234579416
https://openalex.org/W4235170855
https://openalex.org/W4235402352
https://openalex.org/W4235536096
https://openalex.org/W4236791010
https://openalex.org/W4237192511
https://openalex.org/W4237340521
https://openalex.org/W4237634677
https://openalex.org/W4237809635
https://openalex.org/W4238097763
https://openalex.org/W4238382641
https://openalex.org/W4238441950
https://openalex.org/W4239284427
https://openalex.org/W4239477684
https://openalex.org/W4239571367
https://openalex.org/W4240239136
https://openalex.org/W4240450953
https://openalex.org/W4240803789
https://openalex.org/W4241368774
https://openalex.org/W4242157630
https://openalex.org/W4242245133
https://openalex.org/W4242292998
https://openalex.org/W4242685727
https://openalex.org/W4242884472
https://openalex.org/W4243207836
https://openalex.org/W4243271089
https://openalex.org/W4243530153
https://openalex.org/W4243793171
https://openalex.org/W4244115869
https://openalex.org/W4244611802
https://openalex.org/W4244868406
https://openalex.org/W4245677685
https://openalex.org/W4245788437
https://openalex.org/W4246054622
https://openalex.org/W4246733279
https://openalex.org/W4247177611
https://openalex.org/W4247923449
https://openalex.org/W4247962251
https://openalex.org/W4248486227
https://openalex.org/W4248567202
https://openalex.org/W4249055943
https://openalex.org/W4249106995
https://openalex.org/W4249164325
https://openalex.org/W4249344322
https://openalex.org/W4249388718
https://openalex.org/W4250119025
https://openalex.org/W4250215423
https://openalex.org/W4250287152
https://openalex.org/W4250783951
https://openalex.org/W4250929138
https://openalex.org/W4251585865
https://openalex.org/W4252628396
https://openalex.org/W4253067998
https://openalex.org/W4253383917
https://openalex.org/W4253965360
https://openalex.org/W4254299445
https://openalex.org/W4254639821
https://openalex.org/W4254795584
https://openalex.org/W4254803056
https://openalex.org/W4254937000
https://openalex.org/W4255032300
https://openalex.org/W4255116353
https://openalex.org/W4255352713
https://openalex.org/W4255442171
https://openalex.org/W4255530265
https://openalex.org/W4255586735
https://openalex.org/W4255992608
https://openalex.org/W4256441124
https://openalex.org/W4280503253
https://openalex.org/W4280612108
https://openalex.org/W4281255899
https://openalex.org/W4281623241
https://openalex.org/W4281648625
https://openalex.org/W4281650985
https://openalex.org/W4281734718
https://openalex.org/W4281876095
https://openalex.org/W4281934097
https://openalex.org/W4282048046
https://openalex.org/W4282913381
https://openalex.org/W4282974242
https://openalex.org/W4282982745
https://openalex.org/W4283728847
https://openalex.org/W4283794076
https://openalex.org/W4285022468
https://openalex.org/W4285191596
https://openalex.org/W4285341083
https://openalex.org/W4285729151
https://openalex.org/W4285782506
https://openalex.org/W4285786442
https://openalex.org/W4285786921
https://openalex.org/W4288017269
https://openalex.org/W4288096589
https://openalex.org/W4288623543
https://openalex.org/W4288826011
https://openalex.org/W4289017504
https://openalex.org/W4289238502
https://openalex.org/W4289241184
https://openalex.org/W4289783095
https://openalex.org/W4289824049
https://openalex.org/W4290036911
https://openalex.org/W4290886209
https://openalex.org/W4290952338
https://openalex.org/W4290981195
https://openalex.org/W4290982952
https://openalex.org/W4291115186
https://openalex.org/W4291178453
https://openalex.org/W4291186648
https://openalex.org/W4291248665
https://openalex.org/W4291248871
https://openalex.org/W4291270292
https://openalex.org/W4291270407
https://openalex.org/W4291276380
https://openalex.org/W4291370622
https://openalex.org/W4291399093
https://openalex.org/W4291954833
https://openalex.org/W4291984256
https://openalex.org/W4292497246
https://openalex.org/W4292660113
https://openalex.org/W4292660410
https://openalex.org/W4292679623
https://openalex.org/W4292706813
https://openalex.org/W4292755677
https://openalex.org/W4293021138
https://openalex.org/W4293222019
https://openalex.org/W4293267934
https://openalex.org/W4293355915
https://openalex.org/W4293761287
https://openalex.org/W4294598977
https://openalex.org/W4294631418
https://openalex.org/W4295027512
https://openalex.org/W4295037279
https://openalex.org/W4295123311
https://openalex.org/W4295721988
https://openalex.org/W4296129375
https://openalex.org/W4296295410
https://openalex.org/W4296468491
https://openalex.org/W4296546805
https://openalex.org/W4296613311
https://openalex.org/W4297036532
https://openalex.org/W4297229494
https://openalex.org/W4297480272
https://openalex.org/W4297584916
https://openalex.org/W4297799152
https://openalex.org/W4297889771
https://openalex.org/W4297933551
https://openalex.org/W4297935609
https://openalex.org/W4298029701
https://openalex.org/W4298079217
https://openalex.org/W4298163054
https://openalex.org/W4298313288
https://openalex.org/W4298379968
https://openalex.org/W4298385843
https://openalex.org/W4298420698
https://openalex.org/W4298739751
https://openalex.org/W4299109650
https://openalex.org/W4299350687
https://openalex.org/W4299419193
https://openalex.org/W4299452050
https://openalex.org/W4299564268
https://openalex.org/W4299590967
https://openalex.org/W4299716150
https://openalex.org/W4300015474
https://openalex.org/W4300079674
https://openalex.org/W4300511646
https://openalex.org/W4300514560
https://openalex.org/W4300699199
https://openalex.org/W4300722219
https://openalex.org/W4300822279
https://openalex.org/W4301150969
https://openalex.org/W4301264632
https://openalex.org/W4301280523
https://openalex.org/W4301353793
https://openalex.org/W4301736668
https://openalex.org/W4301915051
https://openalex.org/W4302026745
https://openalex.org/W4302028743
https://openalex.org/W4302064184
https://openalex.org/W4302338490
https://openalex.org/W4302391616
https://openalex.org/W4302488766
https://openalex.org/W4303198207
https://openalex.org/W4306249752
https://openalex.org/W4306734798
https://openalex.org/W4306824870
https://openalex.org/W4306842610
https://openalex.org/W4308380055
https://openalex.org/W4308393174
https://openalex.org/W4308398265
https://openalex.org/W4308509720
https://openalex.org/W4308518358
https://openalex.org/W4308788699
https://openalex.org/W4308834282
https://openalex.org/W4308834492
https://openalex.org/W4308905601
https://openalex.org/W4309246226
https://openalex.org/W4309313094
https://openalex.org/W4309708212
https://openalex.org/W4309842736
https://openalex.org/W4309929547
https://openalex.org/W4309938186
https://openalex.org/W4310006034
https://openalex.org/W4310265370
https://openalex.org/W4310693316
https://openalex.org/W4311060835
https://openalex.org/W4311175745
https://openalex.org/W4311213468
https://openalex.org/W4311290490
https://openalex.org/W4311305887
https://openalex.org/W4311633278
https://openalex.org/W4311781577
https://openalex.org/W4312066229
https://openalex.org/W4312086786
https://openalex.org/W4312087313
https://openalex.org/W4312087482
https://openalex.org/W4312087721
https://openalex.org/W4312112685
https://openalex.org/W4312139643
https://openalex.org/W4312299273
https://openalex.org/W4312367238
https://openalex.org/W4313014467
https://openalex.org/W4313148813
https://openalex.org/W4313177959
https://openalex.org/W4313306400
https://openalex.org/W4313366325
https://openalex.org/W4313373382
https://openalex.org/W4313386600
https://openalex.org/W4313479872
https://openalex.org/W4313558134
https://openalex.org/W4313816339
https://openalex.org/W4314437374
https://openalex.org/W4315865204
https://openalex.org/W4317036915
https://openalex.org/W4317532750
https://openalex.org/W4317881837
https://openalex.org/W4318203599
https://openalex.org/W4318595380
https://openalex.org/W4319339285
https://openalex.org/W4319439894
https://openalex.org/W4319969367
https://openalex.org/W4320018574
https://openalex.org/W4321366009
https://openalex.org/W4321371954
https://openalex.org/W4321783152
https://openalex.org/W4322487667
https://openalex.org/W4322494683
https://openalex.org/W4322736027
https://openalex.org/W4322758406
https://openalex.org/W4322762144
https://openalex.org/W4323352709
https://openalex.org/W4323357663
https://openalex.org/W4323567349
https://openalex.org/W4323781380
https://openalex.org/W4323850604
https://openalex.org/W4323852754
https://openalex.org/W4323980425
https://openalex.org/W4324020797
https://openalex.org/W4324088512
https://openalex.org/W4324117503
https://openalex.org/W4324259154
https://openalex.org/W4327938256
https://openalex.org/W4360607809
https://openalex.org/W4360609907
https://openalex.org/W4360960456
https://openalex.org/W4361235685
https://openalex.org/W4361235686
https://openalex.org/W4361235798
https://openalex.org/W4361235827
https://openalex.org/W4361235841
https://openalex.org/W4361235927
https://openalex.org/W4361236090
https://openalex.org/W4361236091
https://openalex.org/W4361236973
https://openalex.org/W4361237784
https://openalex.org/W4361237866
https://openalex.org/W4361237912
https://openalex.org/W4361238000
https://openalex.org/W4361257141
https://openalex.org/W4361257149
https://openalex.org/W4361257220
https://openalex.org/W4361258035
https://openalex.org/W4361280413
https://openalex.org/W4361819260
https://openalex.org/W4361819410
https://openalex.org/W4361819422
https://openalex.org/W4361819456
https://openalex.org/W4361819732
https://openalex.org/W4361819781
https://openalex.org/W4361820073
https://openalex.org/W4361820410
https://openalex.org/W4361821281
https://openalex.org/W4361821337
https://openalex.org/W4361821418
https://openalex.org/W4361822510
https://openalex.org/W4361823583
https://openalex.org/W4361824449
https://openalex.org/W4361825142
https://openalex.org/W4361827208
https://openalex.org/W4361827462
https://openalex.org/W4361827551
https://openalex.org/W4361827554
https://openalex.org/W4361833691
https://openalex.org/W4361839516
https://openalex.org/W4361839543
https://openalex.org/W4361839554
https://openalex.org/W4361839629
https://openalex.org/W4361839636
https://openalex.org/W4361842817
https://openalex.org/W4361843199
https://openalex.org/W4361845365
https://openalex.org/W4361845433
https://openalex.org/W4361845561
https://openalex.org/W4361845688
https://openalex.org/W4361845838
https://openalex.org/W4361846399
https://openalex.org/W4361850573
https://openalex.org/W4361850605
https://openalex.org/W4361866278
https://openalex.org/W4361870584
https://openalex.org/W4361870611
https://openalex.org/W4361871865
https://openalex.org/W4361871946
https://openalex.org/W4361874413
https://openalex.org/W4361874526
https://openalex.org/W4361874542
https://openalex.org/W4361874546
https://openalex.org/W4361874735
https://openalex.org/W4361874750
https://openalex.org/W4361875100
https://openalex.org/W4361875155
https://openalex.org/W4361876274
https://openalex.org/W4361878030
https://openalex.org/W4361882862
https://openalex.org/W4361883117
https://openalex.org/W4361883119
https://openalex.org/W4361894651
https://openalex.org/W4361894692
https://openalex.org/W4361897866
https://openalex.org/W4361908580
https://openalex.org/W4361944417
https://openalex.org/W4361958687
https://openalex.org/W4361968238
https://openalex.org/W4361968467
https://openalex.org/W4362014413
https://openalex.org/W4362240229
https://openalex.org/W4362240435
https://openalex.org/W4362240442
https://openalex.org/W4362240478
https://openalex.org/W4362240480
https://openalex.org/W4362240709
https://openalex.org/W4362240907
https://openalex.org/W4362417862
https://openalex.org/W4362417926
https://openalex.org/W4362417957
https://openalex.org/W4362420585
https://openalex.org/W4362420609
https://openalex.org/W4362420693
https://openalex.org/W4362420697
https://openalex.org/W4362420827
https://openalex.org/W4362420846
https://openalex.org/W4362421114
https://openalex.org/W4362421197
https://openalex.org/W4362460140
https://openalex.org/W4362460524
https://openalex.org/W4362461101
https://openalex.org/W4362520798
https://openalex.org/W4362596725
https://openalex.org/W4362727461
https://openalex.org/W4364361191
https://openalex.org/W4365150358
https://openalex.org/W4365479614
https://openalex.org/W4365795222
https://openalex.org/W4366977909
https://openalex.org/W4367047804
https://openalex.org/W4367050272
https://openalex.org/W4367285316
https://openalex.org/W4367602741
https://openalex.org/W4367602984
https://openalex.org/W4367603784
https://openalex.org/W4367608256
https://openalex.org/W4367609137
https://openalex.org/W4367625246
https://openalex.org/W4367628114
https://openalex.org/W4367836499
https://openalex.org/W436947547
https://openalex.org/W4372047119
https://openalex.org/W4372262269
https://openalex.org/W4375860376
https://openalex.org/W4376121949
https://openalex.org/W4376141248
https://openalex.org/W4376276127
https://openalex.org/W4376279160
https://openalex.org/W4376504445
https://openalex.org/W4376641540
https://openalex.org/W4376643240
https://openalex.org/W4376877221
https://openalex.org/W4377097037
https://openalex.org/W4377103651
https://openalex.org/W4377862452
https://openalex.org/W4377989935
https://openalex.org/W4378215396
https://openalex.org/W4378468975
https://openalex.org/W4378530218
https://openalex.org/W4378675066
https://openalex.org/W4378839765
https://openalex.org/W4378903091
https://openalex.org/W4378982785
https://openalex.org/W4379328294
https://openalex.org/W4379332748
https://openalex.org/W4379515734
https://openalex.org/W4379598780
https://openalex.org/W4379780333
https://openalex.org/W4379883574
https://openalex.org/W4380049684
https://openalex.org/W4380077538
https://openalex.org/W4380225003
https://openalex.org/W4380318516
https://openalex.org/W4380364051
https://openalex.org/W4380550470
https://openalex.org/W4380550653
https://openalex.org/W4380686845
https://openalex.org/W4380794134
https://openalex.org/W4380852789
https://openalex.org/W4380877273
https://openalex.org/W4380893730
https://openalex.org/W4380894048
https://openalex.org/W4381296041
https://openalex.org/W4381469997
https://openalex.org/W4381550568
https://openalex.org/W4381619975
https://openalex.org/W4381620149
https://openalex.org/W4381854492
https://openalex.org/W4381892916
https://openalex.org/W4382010592
https://openalex.org/W4382345049
https://openalex.org/W4382632336
https://openalex.org/W4382679588
https://openalex.org/W4382680715
https://openalex.org/W4382701750
https://openalex.org/W4383421716
https://openalex.org/W4383557222
https://openalex.org/W4383695073
https://openalex.org/W4383760637
https://openalex.org/W4383997911
https://openalex.org/W4384276961
https://openalex.org/W4384277092
https://openalex.org/W4384698356
https://openalex.org/W4384818216
https://openalex.org/W4384822640
https://openalex.org/W4384824742
https://openalex.org/W4384925757
https://openalex.org/W4385067743
https://openalex.org/W4385163595
https://openalex.org/W4385198531
https://openalex.org/W4385253524
https://openalex.org/W4385254453
https://openalex.org/W4385269883
https://openalex.org/W4385309408
https://openalex.org/W4385330716
https://openalex.org/W4385330838
https://openalex.org/W4385376275
https://openalex.org/W4385440858
https://openalex.org/W4385476956
https://openalex.org/W4385617392
https://openalex.org/W4385874256
https://openalex.org/W4385912205
https://openalex.org/W4385970603
https://openalex.org/W4385989189
https://openalex.org/W4385997206
https://openalex.org/W4386030601
https://openalex.org/W4386053116
https://openalex.org/W4386059600
https://openalex.org/W4386116628
https://openalex.org/W4386117125
https://openalex.org/W4386119254
https://openalex.org/W4386156377
https://openalex.org/W4386246576
https://openalex.org/W4386252625
https://openalex.org/W4386254397
https://openalex.org/W4386280169
https://openalex.org/W4386466955
https://openalex.org/W4386468166
https://openalex.org/W4386471732
https://openalex.org/W4386484150
https://openalex.org/W4386512155
https://openalex.org/W4386584467
https://openalex.org/W4386604308
https://openalex.org/W4386694456
https://openalex.org/W4386704546
https://openalex.org/W4386719344
https://openalex.org/W4386811447
https://openalex.org/W4386834225
https://openalex.org/W4386901995
https://openalex.org/W4386909932
https://openalex.org/W4386934336
https://openalex.org/W4386944199
https://openalex.org/W4386955326
https://openalex.org/W4387008782
https://openalex.org/W471231810
https://openalex.org/W53597087
https://openalex.org/W54314849
https://openalex.org/W565619402
https://openalex.org/W574022460
https://openalex.org/W587301021
https://openalex.org/W609378751
https://openalex.org/W633247899
https://openalex.org/W650843631
https://openalex.org/W651589541
https://openalex.org/W65706918
https://openalex.org/W658835019
https://openalex.org/W74666305
https://openalex.org/W763375199
https://openalex.org/W76479383
https://openalex.org/W818088860
https://openalex.org/W837854365
https://openalex.org/W85412443
https://openalex.org/W90218438
https://openalex.org/W976739493
https://openalex.org/W978023651
https://openalex.org/W985534844
https://openalex.org/W986044702
https://openalex.org/W3042833857
https://openalex.org/W4225711802
https://openalex.org/W2227598340
https://openalex.org/W3131762051
https://openalex.org/W2032666422
https://openalex.org/W3131995220
https://openalex.org/W3174017401
https://openalex.org/W3019119825
https://openalex.org/W1249058925
https://openalex.org/W2040294496
https://openalex.org/W1968331471
https://openalex.org/W3172858351
https://openalex.org/W1964146094
https://openalex.org/W3152490217
https://openalex.org/W2136104403
https://openalex.org/W3142246475
https://openalex.org/W2112013596
https://openalex.org/W3108666979
https://openalex.org/W3129558828
https://openalex.org/W3145977403
https://openalex.org/W2100807457
https://openalex.org/W3189762432
https://openalex.org/W2324964582
https://openalex.org/W2135281747
https://openalex.org/W2016493882
https://openalex.org/W2141830087
https://openalex.org/W2942673049
https://openalex.org/W1988067027
https://openalex.org/W2131550900
https://openalex.org/W2058440954
https://openalex.org/W2051474133
https://openalex.org/W2113001027
https://openalex.org/W2143917069
https://openalex.org/W3087639085
https://openalex.org/W2155737151
https://openalex.org/W2155986121
https://openalex.org/W2021669986
https://openalex.org/W3117649460
https://openalex.org/W2037053580
https://openalex.org/W1980026593
https://openalex.org/W1981298192
https://openalex.org/W2043545239
https://openalex.org/W2944872709
https://openalex.org/W1997303368
https://openalex.org/W2161182253
https://openalex.org/W2342023283
https://openalex.org/W2203163745
https://openalex.org/W2085945130
https://openalex.org/W2004518184
https://openalex.org/W1994470514
https://openalex.org/W2062557806
https://openalex.org/W1488352592
https://openalex.org/W3111128314
https://openalex.org/W2142175048
https://openalex.org/W1498760971
https://openalex.org/W2144836165
https://openalex.org/W2113474040
https://openalex.org/W2121640835
https://openalex.org/W2166448515
https://openalex.org/W3005233576
https://openalex.org/W2070592678
https://openalex.org/W2789615344
https://openalex.org/W2002057781
https://openalex.org/W2034752841
https://openalex.org/W2899101060
https://openalex.org/W2134391000
https://openalex.org/W2060193712
https://openalex.org/W2006003725
https://openalex.org/W2078153169
https://openalex.org/W3198390285
https://openalex.org/W2767216588
https://openalex.org/W2119832209
https://openalex.org/W1965321123
https://openalex.org/W2171819173
https://openalex.org/W3176498209
https://openalex.org/W2153734927
https://openalex.org/W1983620845
https://openalex.org/W2001900513
https://openalex.org/W2161913871
https://openalex.org/W2041571301
https://openalex.org/W2123048620
https://openalex.org/W2611714487
https://openalex.org/W2000613531
https://openalex.org/W2944634466
https://openalex.org/W3034957268
https://openalex.org/W1986361578
https://openalex.org/W2120579879
https://openalex.org/W2071366090
https://openalex.org/W2112002895
https://openalex.org/W2127759482
https://openalex.org/W3116482072
https://openalex.org/W4200133104
https://openalex.org/W2113812441
https://openalex.org/W128964624
https://openalex.org/W2080932226
https://openalex.org/W2157142987
https://openalex.org/W2161212365
https://openalex.org/W1984402322
https://openalex.org/W2005982190
https://openalex.org/W2075793373
https://openalex.org/W2041350542
https://openalex.org/W2122587604
https://openalex.org/W4220939068
https://openalex.org/W2109087317
https://openalex.org/W2141584825
https://openalex.org/W2236650526
https://openalex.org/W1973022314
https://openalex.org/W2009245754
https://openalex.org/W2156255088
https://openalex.org/W1968788542
https://openalex.org/W2001808493
https://openalex.org/W2094119710
https://openalex.org/W2121318814
https://openalex.org/W2911450448
https://openalex.org/W2135411743
https://openalex.org/W3087990214
https://openalex.org/W2131544724
https://openalex.org/W3192790212
https://openalex.org/W2952539125
https://openalex.org/W2047669866
https://openalex.org/W3199964764
https://openalex.org/W1674900236
https://openalex.org/W3008061956
https://openalex.org/W2010481157
https://openalex.org/W2052543720
https://openalex.org/W2041604586
https://openalex.org/W2086322923
https://openalex.org/W2553822547
https://openalex.org/W2965122891
https://openalex.org/W2763314163
https://openalex.org/W3091789543
https://openalex.org/W1970026023
https://openalex.org/W2008956690
https://openalex.org/W1981126128
https://openalex.org/W2150527785
https://openalex.org/W2164356486
https://openalex.org/W2474083423
https://openalex.org/W2073403831
https://openalex.org/W2106382404
https://openalex.org/W3099517149
https://openalex.org/W2596680179
https://openalex.org/W2078435622
https://openalex.org/W2087178648
https://openalex.org/W2172249841
https://openalex.org/W2170116512
https://openalex.org/W2116534834
https://openalex.org/W1980708481
https://openalex.org/W2091356778
https://openalex.org/W2313688287
https://openalex.org/W2032557757
https://openalex.org/W2120805922
https://openalex.org/W2899838818
https://openalex.org/W2162251569
https://openalex.org/W1482476186
https://openalex.org/W2061900171
https://openalex.org/W2107138353
https://openalex.org/W2170951059
https://openalex.org/W1553366182
https://openalex.org/W2001117698
https://openalex.org/W2062803251
https://openalex.org/W2152082480
https://openalex.org/W4210689197
https://openalex.org/W1500685374
https://openalex.org/W1931561994
https://openalex.org/W2034030158
https://openalex.org/W2080151150
https://openalex.org/W2771874921
https://openalex.org/W56924691
https://openalex.org/W1842284815
https://openalex.org/W2161599754
https://openalex.org/W3083934892
https://openalex.org/W1485073568
https://openalex.org/W2147243980
https://openalex.org/W2766839249
https://openalex.org/W2888668105
https://openalex.org/W2048655731
https://openalex.org/W2059803300
https://openalex.org/W2114965688
https://openalex.org/W2057331734
https://openalex.org/W2066143389
https://openalex.org/W2099751660
https://openalex.org/W2135573372
https://openalex.org/W1598717489
https://openalex.org/W1978936699
https://openalex.org/W4210828134
https://openalex.org/W1990988318
https://openalex.org/W2075857665
https://openalex.org/W2170274551
https://openalex.org/W2250701677
https://openalex.org/W2317510322
https://openalex.org/W2154884690
https://openalex.org/W1841656363
https://openalex.org/W1991402582
https://openalex.org/W1991646855
https://openalex.org/W2002201903
https://openalex.org/W2081192595
https://openalex.org/W2141178018
https://openalex.org/W2145422594
https://openalex.org/W2943141319
https://openalex.org/W2074225483
https://openalex.org/W2120907747
https://openalex.org/W4282009180
https://openalex.org/W2039503253
https://openalex.org/W2911538911
https://openalex.org/W1966240299
https://openalex.org/W2148371986
https://openalex.org/W2174584480
https://openalex.org/W2002478448
https://openalex.org/W2029091203
https://openalex.org/W2118600492
https://openalex.org/W3135567908
https://openalex.org/W1963575484
https://openalex.org/W1982590785
https://openalex.org/W2008501231
https://openalex.org/W2009292422
https://openalex.org/W2083603757
https://openalex.org/W2102000199
https://openalex.org/W2123989493
https://openalex.org/W2146339805
https://openalex.org/W2944623206
https://openalex.org/W1997901827
https://openalex.org/W2077070362
https://openalex.org/W2079298628
https://openalex.org/W2103363823
https://openalex.org/W2117746617
https://openalex.org/W2022954930
https://openalex.org/W2029467310
https://openalex.org/W3026808997
https://openalex.org/W1511659675
https://openalex.org/W1948575437
https://openalex.org/W2030307914
https://openalex.org/W2098837289
https://openalex.org/W2108677652
https://openalex.org/W2129282252
https://openalex.org/W2136243031
https://openalex.org/W2167233003
https://openalex.org/W2235483012
https://openalex.org/W2807682250
https://openalex.org/W2034659049
https://openalex.org/W1984040375
https://openalex.org/W2093360791
https://openalex.org/W1582439925
https://openalex.org/W1985537864
https://openalex.org/W2061032154
https://openalex.org/W2110080317
https://openalex.org/W2154920902
https://openalex.org/W3205820418
https://openalex.org/W1998774798
https://openalex.org/W2090843150
https://openalex.org/W2100882589
https://openalex.org/W2130316368
https://openalex.org/W3202955428
https://openalex.org/W2021296418
https://openalex.org/W2071215419
https://openalex.org/W2074102731
https://openalex.org/W3122029808
https://openalex.org/W2075959531
https://openalex.org/W2163542654
https://openalex.org/W2608942627
https://openalex.org/W3202567135
https://openalex.org/W1496057550
https://openalex.org/W1567044748
https://openalex.org/W2001645066
https://openalex.org/W2015961680
https://openalex.org/W2056894987
https://openalex.org/W2068220861
https://openalex.org/W2194793824
https://openalex.org/W1987496654
https://openalex.org/W3009253059
https://openalex.org/W3206340201
https://openalex.org/W1902899524
https://openalex.org/W1994803160
https://openalex.org/W2054234416
https://openalex.org/W3196235362
https://openalex.org/W2013600323
https://openalex.org/W2055107205
https://openalex.org/W3016882079
https://openalex.org/W2052540867
https://openalex.org/W2056168945
https://openalex.org/W2096195476
https://openalex.org/W2118589033
https://openalex.org/W2121149783
https://openalex.org/W2126908512
https://openalex.org/W2131974327
https://openalex.org/W2513688259
https://openalex.org/W4226067571
https://openalex.org/W2028977723
https://openalex.org/W2057386959
https://openalex.org/W2083951200
https://openalex.org/W2131834051
https://openalex.org/W2083273231
https://openalex.org/W2117963081
https://openalex.org/W2120524592
https://openalex.org/W2209972431
https://openalex.org/W2330085032
https://openalex.org/W2025353517
https://openalex.org/W2046510939
https://openalex.org/W2081361537
https://openalex.org/W2135768629
https://openalex.org/W2807646321
https://openalex.org/W3110820260
https://openalex.org/W1979719847
https://openalex.org/W1999063422
https://openalex.org/W2090535508
https://openalex.org/W2137452721
https://openalex.org/W2154468638
https://openalex.org/W2441069795
https://openalex.org/W2009803258
https://openalex.org/W2074698699
https://openalex.org/W2123535211
https://openalex.org/W2148160345
https://openalex.org/W2160132305
https://openalex.org/W2202377502
https://openalex.org/W2219130416
https://openalex.org/W2333528090
https://openalex.org/W2887306055
https://openalex.org/W2991310815
https://openalex.org/W2104523754
https://openalex.org/W2106669156
https://openalex.org/W2106984740
https://openalex.org/W2162934100
https://openalex.org/W2165237210
https://openalex.org/W2804487366
https://openalex.org/W3202289966
https://openalex.org/W4212780264
https://openalex.org/W1985011586
https://openalex.org/W2008781986
https://openalex.org/W2030634197
https://openalex.org/W2063145834
https://openalex.org/W2084915122
https://openalex.org/W2103644619
https://openalex.org/W2116327641
https://openalex.org/W2132160195
https://openalex.org/W2146623652
https://openalex.org/W2147365681
https://openalex.org/W2962522375
https://openalex.org/W1978879452
https://openalex.org/W1997746871
https://openalex.org/W2063803872
https://openalex.org/W2095306708
https://openalex.org/W2100836088
https://openalex.org/W2101415631
https://openalex.org/W2106127294
https://openalex.org/W2122622292
https://openalex.org/W1588073158
https://openalex.org/W1862973122
https://openalex.org/W2002443527
https://openalex.org/W2041351646
https://openalex.org/W2102223413
https://openalex.org/W2105396558
https://openalex.org/W2117100763
https://openalex.org/W2484172152
https://openalex.org/W2559832357
https://openalex.org/W2597029977
https://openalex.org/W2733728533
https://openalex.org/W2789913372
https://openalex.org/W3210997132
https://openalex.org/W1986150323
https://openalex.org/W2020626331
https://openalex.org/W2139202246
https://openalex.org/W3008041853
https://openalex.org/W3135409170
https://openalex.org/W1520457539
https://openalex.org/W1974270184
https://openalex.org/W2013594804
https://openalex.org/W2028232456
https://openalex.org/W2034827316
https://openalex.org/W2060205830
https://openalex.org/W2090285110
https://openalex.org/W2137693585
https://openalex.org/W2162290408
https://openalex.org/W2802180998
https://openalex.org/W2902982487
https://openalex.org/W1512159018
https://openalex.org/W1978741208
https://openalex.org/W2031348815
https://openalex.org/W2130732326
https://openalex.org/W2140553755
https://openalex.org/W2333727219
https://openalex.org/W3150781331
https://openalex.org/W3165325429
https://openalex.org/W4241477266
https://openalex.org/W1979023551
https://openalex.org/W2008540733
https://openalex.org/W2015315533
https://openalex.org/W2048790445
https://openalex.org/W2062180380
https://openalex.org/W2087030316
https://openalex.org/W2119833275
https://openalex.org/W2168555857
https://openalex.org/W2299139004
https://openalex.org/W2511780926
https://openalex.org/W2004168703
https://openalex.org/W2058371498
https://openalex.org/W2085663653
https://openalex.org/W2086329596
https://openalex.org/W2093527526
https://openalex.org/W2112035100
https://openalex.org/W2149762349
https://openalex.org/W2395727467
https://openalex.org/W2965089175
https://openalex.org/W3153262091
https://openalex.org/W1972712245
https://openalex.org/W1973255069
https://openalex.org/W1991093265
https://openalex.org/W2020659819
https://openalex.org/W2022789026
https://openalex.org/W2043393762
https://openalex.org/W2047682618
https://openalex.org/W2053906998
https://openalex.org/W2078216480
https://openalex.org/W2083211507
https://openalex.org/W2133722656
https://openalex.org/W2321953326
https://openalex.org/W2752363848
https://openalex.org/W2890257474
https://openalex.org/W3004990489
https://openalex.org/W3022383804
https://openalex.org/W3135440421
https://openalex.org/W1500655869
https://openalex.org/W1992239016
https://openalex.org/W2036729517
https://openalex.org/W2037882780
https://openalex.org/W2050828759
https://openalex.org/W2062069215
https://openalex.org/W2079829025
https://openalex.org/W2094122283
https://openalex.org/W2111088545
https://openalex.org/W2116417389
https://openalex.org/W2148348730
https://openalex.org/W2148362802
https://openalex.org/W2153329499
https://openalex.org/W2159667364
https://openalex.org/W2178512749
https://openalex.org/W2600950206
https://openalex.org/W3008233947
https://openalex.org/W3027306034
https://openalex.org/W3029223092
https://openalex.org/W1997416500
https://openalex.org/W2125600968
https://openalex.org/W2330566617
https://openalex.org/W2998871239
https://openalex.org/W3031666286
https://openalex.org/W4207037659
https://openalex.org/W77772709
https://openalex.org/W1864149609
https://openalex.org/W1950794459
https://openalex.org/W1998863371
https://openalex.org/W2012100512
https://openalex.org/W2044004681
https://openalex.org/W2070401728
https://openalex.org/W2084952058
https://openalex.org/W2104337780
https://openalex.org/W2120518749
https://openalex.org/W2159645861
https://openalex.org/W2908198444
https://openalex.org/W2010826750
https://openalex.org/W2087108592
https://openalex.org/W2128191992
https://openalex.org/W2342569159
https://openalex.org/W2482056802
https://openalex.org/W2907617661
https://openalex.org/W3158401813
https://openalex.org/W1830128330
https://openalex.org/W1965931563
https://openalex.org/W1984549067
https://openalex.org/W1994503207
https://openalex.org/W1999455927
https://openalex.org/W2020907600
https://openalex.org/W2025053472
https://openalex.org/W2034866245
https://openalex.org/W2040991358
https://openalex.org/W2068757821
https://openalex.org/W2084297961
https://openalex.org/W2096208396
https://openalex.org/W2141014386
https://openalex.org/W2159541971
https://openalex.org/W2894160329
https://openalex.org/W1527640895
https://openalex.org/W1592061050
https://openalex.org/W2011267646
https://openalex.org/W2062163908
https://openalex.org/W2113452821
https://openalex.org/W2121382401
https://openalex.org/W2277822746
https://openalex.org/W1822306804
https://openalex.org/W1967646053
https://openalex.org/W1984146723
https://openalex.org/W1989685637
https://openalex.org/W1997902907
https://openalex.org/W2044206791
https://openalex.org/W2099617249
https://openalex.org/W2152666667
https://openalex.org/W2297661929
https://openalex.org/W2343884055
https://openalex.org/W2417782425
https://openalex.org/W2460533281
https://openalex.org/W2493139598
https://openalex.org/W2789628455
https://openalex.org/W2907196325
https://openalex.org/W2950237782
https://openalex.org/W3137205095
https://openalex.org/W1860574331
https://openalex.org/W1972880960
https://openalex.org/W2046812671
https://openalex.org/W2052160233
https://openalex.org/W2087760909
https://openalex.org/W2089561337
https://openalex.org/W2145717921
https://openalex.org/W2536171077
https://openalex.org/W2613854135
https://openalex.org/W2949338307
https://openalex.org/W1496048547
https://openalex.org/W1971967634
https://openalex.org/W2022989129
https://openalex.org/W2027459302
https://openalex.org/W2038253582
https://openalex.org/W2051991301
https://openalex.org/W2089804680
https://openalex.org/W2155441706
https://openalex.org/W2161450154
https://openalex.org/W2626008306
https://openalex.org/W2769117317
https://openalex.org/W2769264324
https://openalex.org/W2804228789
https://openalex.org/W2922442784
https://openalex.org/W3163150160
https://openalex.org/W1875385976
https://openalex.org/W1954095713
https://openalex.org/W1973593040
https://openalex.org/W1977875875
https://openalex.org/W2020156243
https://openalex.org/W2074638249
https://openalex.org/W2087803890
https://openalex.org/W2089872996
https://openalex.org/W2095273007
https://openalex.org/W2095692367
https://openalex.org/W2107291089
https://openalex.org/W2158342176
https://openalex.org/W2163342153
https://openalex.org/W2315020225
https://openalex.org/W2676152599
https://openalex.org/W2765558015
https://openalex.org/W2799367965
https://openalex.org/W2921094310
https://openalex.org/W2948417392
https://openalex.org/W2954801389
https://openalex.org/W3081849522
https://openalex.org/W1570621181
https://openalex.org/W1964824734
https://openalex.org/W1967353847
https://openalex.org/W1979909696
https://openalex.org/W1981959390
https://openalex.org/W2026678858
https://openalex.org/W2029795632
https://openalex.org/W2091294875
https://openalex.org/W2115114064
https://openalex.org/W2121513063
https://openalex.org/W2147184284
https://openalex.org/W2162319850
https://openalex.org/W2193285498
https://openalex.org/W2316988855
https://openalex.org/W2409884919
https://openalex.org/W2606860543
https://openalex.org/W3139352690
https://openalex.org/W4283655556
https://openalex.org/W2026095925
https://openalex.org/W2058603523
https://openalex.org/W2070431459
https://openalex.org/W2136781347
https://openalex.org/W2328190893
https://openalex.org/W2771588899
https://openalex.org/W2887233061
https://openalex.org/W2891460155
https://openalex.org/W2923156194
https://openalex.org/W2944182760
https://openalex.org/W3008299510
https://openalex.org/W3089606548
https://openalex.org/W749449077
https://openalex.org/W1235774467
https://openalex.org/W1512821481
https://openalex.org/W1983915711
https://openalex.org/W1985595052
https://openalex.org/W1988885054
https://openalex.org/W2003900256
https://openalex.org/W2025138304
https://openalex.org/W2029942805
https://openalex.org/W2058155923
https://openalex.org/W2115170017
https://openalex.org/W2121900585
https://openalex.org/W2137532917
https://openalex.org/W2145480569
https://openalex.org/W2328342206
https://openalex.org/W2343138361
https://openalex.org/W2405533405
https://openalex.org/W2477760884
https://openalex.org/W2588974700
https://openalex.org/W2766210555
https://openalex.org/W2964599549
https://openalex.org/W3016270993
https://openalex.org/W3126909485
https://openalex.org/W1509731766
https://openalex.org/W1681382327
https://openalex.org/W1998135252
https://openalex.org/W1999832455
https://openalex.org/W2032298912
https://openalex.org/W2032465513
https://openalex.org/W2033017897
https://openalex.org/W2058253680
https://openalex.org/W2111573861
https://openalex.org/W2739855013
https://openalex.org/W2994613301
https://openalex.org/W2996042090
https://openalex.org/W1505847197
https://openalex.org/W1929205560
https://openalex.org/W1983919388
https://openalex.org/W2005092413
https://openalex.org/W2007994574
https://openalex.org/W2013319266
https://openalex.org/W2015657866
https://openalex.org/W2016250965
https://openalex.org/W2057320210
https://openalex.org/W2081724805
https://openalex.org/W2082498511
https://openalex.org/W2085198453
https://openalex.org/W2089411437
https://openalex.org/W2133161343
https://openalex.org/W2327475170
https://openalex.org/W2511994914
https://openalex.org/W3015397993
https://openalex.org/W3016845801
https://openalex.org/W3023613420
https://openalex.org/W3090269420
https://openalex.org/W3111642447
https://openalex.org/W390117428
https://openalex.org/W1571556591
https://openalex.org/W1989114247
https://openalex.org/W2019705950
https://openalex.org/W2024787415
https://openalex.org/W2056485276
https://openalex.org/W2061449689
https://openalex.org/W2068620877
https://openalex.org/W2069558722
https://openalex.org/W2082092289
https://openalex.org/W2097968669
https://openalex.org/W2145631260
https://openalex.org/W2168714810
https://openalex.org/W2314152483
https://openalex.org/W2316033274
https://openalex.org/W2530968811
https://openalex.org/W2586457957
https://openalex.org/W2737072833
https://openalex.org/W2770682269
https://openalex.org/W2950377709
https://openalex.org/W2995429862
https://openalex.org/W3007980007
https://openalex.org/W3015694861
https://openalex.org/W3200514610
https://openalex.org/W1553007924
https://openalex.org/W1969805218
https://openalex.org/W2005327503
https://openalex.org/W2014572122
https://openalex.org/W2023465131
https://openalex.org/W2045250982
https://openalex.org/W2046210156
https://openalex.org/W2060714085
https://openalex.org/W2087556761
https://openalex.org/W2094101252
https://openalex.org/W2105882175
https://openalex.org/W2118464700
https://openalex.org/W2145581781
https://openalex.org/W2166688976
https://openalex.org/W2171930081
https://openalex.org/W2242423840
https://openalex.org/W2567697145
https://openalex.org/W2569567044
https://openalex.org/W2594037863
https://openalex.org/W2643120481
https://openalex.org/W2936162970
https://openalex.org/W2972394403
https://openalex.org/W2995099348
https://openalex.org/W3085127757
https://openalex.org/W1481552417
https://openalex.org/W1942604080
https://openalex.org/W2003669440
https://openalex.org/W2015094428
https://openalex.org/W2021736972
https://openalex.org/W2051055899
https://openalex.org/W2058854093
https://openalex.org/W2059327779
https://openalex.org/W2108680698
https://openalex.org/W2124676333
https://openalex.org/W2131001327
https://openalex.org/W2469921431
https://openalex.org/W2529301809
https://openalex.org/W2538635968
https://openalex.org/W2585158587
https://openalex.org/W2737967590
https://openalex.org/W2889329682
https://openalex.org/W2898025967
https://openalex.org/W2985610527
https://openalex.org/W2995925857
https://openalex.org/W2996391591
https://openalex.org/W3042728240
https://openalex.org/W3173320393
https://openalex.org/W1973786968
https://openalex.org/W1975296572
https://openalex.org/W1976807460
https://openalex.org/W1986416778
https://openalex.org/W1999993265
https://openalex.org/W2006161369
https://openalex.org/W2017315269
https://openalex.org/W2022090768
https://openalex.org/W2028969057
https://openalex.org/W2040188978
https://openalex.org/W2054116391
https://openalex.org/W2059025336
https://openalex.org/W2060493035
https://openalex.org/W2061737632
https://openalex.org/W2108790155
https://openalex.org/W2112428507
https://openalex.org/W2158160125
https://openalex.org/W2161558944
https://openalex.org/W2800151512
https://openalex.org/W2826617513
https://openalex.org/W2921483894
https://openalex.org/W3093735551
https://openalex.org/W3207763616
https://openalex.org/W1741696797
https://openalex.org/W1965608908
https://openalex.org/W1983943461
https://openalex.org/W2008489112
https://openalex.org/W2015277768
https://openalex.org/W2030466763
https://openalex.org/W2039634425
https://openalex.org/W2052404351
https://openalex.org/W2062099920
https://openalex.org/W2067300666
https://openalex.org/W2091995909
https://openalex.org/W2107353241
https://openalex.org/W2137964907
https://openalex.org/W2159494988
https://openalex.org/W2161302929
https://openalex.org/W2163162985
https://openalex.org/W2177413045
https://openalex.org/W2272298846
https://openalex.org/W2295410397
https://openalex.org/W2326424527
https://openalex.org/W2461710472
https://openalex.org/W2563965704
https://openalex.org/W2565662091
https://openalex.org/W2593775196
https://openalex.org/W2744457060
https://openalex.org/W2765626197
https://openalex.org/W2766482990
https://openalex.org/W2908824212
https://openalex.org/W2945629662
https://openalex.org/W2990433276
https://openalex.org/W3112075167
https://openalex.org/W1919969226
https://openalex.org/W1977339631
https://openalex.org/W2007470938
https://openalex.org/W2010755830
https://openalex.org/W2043252256
https://openalex.org/W2060761545
https://openalex.org/W2145702730
https://openalex.org/W2151501525
https://openalex.org/W2154066315
https://openalex.org/W2160876595
https://openalex.org/W2420850455
https://openalex.org/W2508117488
https://openalex.org/W258916841
https://openalex.org/W2593812160
https://openalex.org/W2733995876
https://openalex.org/W2752559824
https://openalex.org/W2943956201
https://openalex.org/W3040695558
https://openalex.org/W3041452222
https://openalex.org/W3134799609
https://openalex.org/W4211061521
https://openalex.org/W1971062441
https://openalex.org/W1979542633
https://openalex.org/W1988507711
https://openalex.org/W2013634191
https://openalex.org/W2045076321
https://openalex.org/W2051150963
https://openalex.org/W2062186063
https://openalex.org/W2067176097
https://openalex.org/W2071207973
https://openalex.org/W2072472629
https://openalex.org/W2078558943
https://openalex.org/W2082465594
https://openalex.org/W2098048883
https://openalex.org/W2101403398
https://openalex.org/W2103319344
https://openalex.org/W2107375007
https://openalex.org/W2147431060
https://openalex.org/W2165012663
https://openalex.org/W2167342943
https://openalex.org/W2287113864
https://openalex.org/W2325688876
https://openalex.org/W2406169832
https://openalex.org/W2790538688
https://openalex.org/W2806382193
https://openalex.org/W2809836290
https://openalex.org/W2891547120
https://openalex.org/W2922342166
https://openalex.org/W2981342650
https://openalex.org/W2996547355
https://openalex.org/W3033664871
https://openalex.org/W4200450426
https://openalex.org/W1581448972
https://openalex.org/W1979417621
https://openalex.org/W2012622984
https://openalex.org/W2033358817
https://openalex.org/W2035692501
https://openalex.org/W2064148512
https://openalex.org/W2066575759
https://openalex.org/W2081675884
https://openalex.org/W2098965315
https://openalex.org/W2107691574
https://openalex.org/W2145827622
https://openalex.org/W2206221714
https://openalex.org/W2271181364
https://openalex.org/W2510510366
https://openalex.org/W2530319835
https://openalex.org/W2610304972
https://openalex.org/W2619785118
https://openalex.org/W2765474855
https://openalex.org/W2768303410
https://openalex.org/W2794968884
https://openalex.org/W2884676083
https://openalex.org/W3093374266
https://openalex.org/W3118552161
https://openalex.org/W3206528488
https://openalex.org/W4205860533
https://openalex.org/W1901478118
https://openalex.org/W1966915807
https://openalex.org/W1972785223
https://openalex.org/W1976014708
https://openalex.org/W1990894443
https://openalex.org/W1995305096
https://openalex.org/W2012824126
https://openalex.org/W2016575632
https://openalex.org/W2030426329
https://openalex.org/W2040184351
https://openalex.org/W2046661186
https://openalex.org/W2047771562
https://openalex.org/W2066518461
https://openalex.org/W2075790263
https://openalex.org/W2102556218
https://openalex.org/W2111159500
https://openalex.org/W2113066261
https://openalex.org/W2155575395
https://openalex.org/W2156474259
https://openalex.org/W2257341800
https://openalex.org/W258759347
https://openalex.org/W2591329288
https://openalex.org/W2781259759
https://openalex.org/W2793573782
https://openalex.org/W2804442781
https://openalex.org/W2808159834
https://openalex.org/W2921706318
https://openalex.org/W2973464142
https://openalex.org/W2980255878
https://openalex.org/W3015992630
https://openalex.org/W3047305671
https://openalex.org/W3123446603
https://openalex.org/W3126578322
https://openalex.org/W3173321728
https://openalex.org/W4293579432
https://openalex.org/W1969355005
https://openalex.org/W2007138191
https://openalex.org/W2009115111
https://openalex.org/W2016596720
https://openalex.org/W2020981042
https://openalex.org/W2068101285
https://openalex.org/W2075965678
https://openalex.org/W2081437038
https://openalex.org/W2088767480
https://openalex.org/W2122396067
https://openalex.org/W2131568480
https://openalex.org/W2132402901
https://openalex.org/W2156321554
https://openalex.org/W2163775006
https://openalex.org/W2312313629
https://openalex.org/W2398519749
https://openalex.org/W2491888095
https://openalex.org/W2533675856
https://openalex.org/W2580370570
https://openalex.org/W2589916357
https://openalex.org/W2901208637
https://openalex.org/W2941575002
https://openalex.org/W2955491055
https://openalex.org/W2978961644
https://openalex.org/W2990865390
https://openalex.org/W3019246961
https://openalex.org/W3043519868
https://openalex.org/W4242140216
https://openalex.org/W4304974831
https://openalex.org/W1528086324
https://openalex.org/W1992226822
https://openalex.org/W1995113442
https://openalex.org/W2000860035
https://openalex.org/W2008857546
https://openalex.org/W2012924695
https://openalex.org/W2016505263
https://openalex.org/W2017403889
https://openalex.org/W2025544133
https://openalex.org/W2027264504
https://openalex.org/W2029359792
https://openalex.org/W2030905164
https://openalex.org/W2040514396
https://openalex.org/W2062848539
https://openalex.org/W2074942970
https://openalex.org/W2081798731
https://openalex.org/W2104097862
https://openalex.org/W2104866472
https://openalex.org/W2108258880
https://openalex.org/W2128982661
https://openalex.org/W2136321177
https://openalex.org/W2137303649
https://openalex.org/W2139078639
https://openalex.org/W2144732494
https://openalex.org/W2154615474
https://openalex.org/W2171585056
https://openalex.org/W2198280560
https://openalex.org/W2331129083
https://openalex.org/W2338877921
https://openalex.org/W2417596961
https://openalex.org/W2746520379
https://openalex.org/W2891887110
https://openalex.org/W2951370104
https://openalex.org/W2982198933
https://openalex.org/W3113375436
https://openalex.org/W3189325936
https://openalex.org/W4281664746
https://openalex.org/W4281732488
https://openalex.org/W1553312628
https://openalex.org/W1582131919
https://openalex.org/W1964039740
https://openalex.org/W1967409556
https://openalex.org/W1973271618
https://openalex.org/W1993491943
https://openalex.org/W2005153815
https://openalex.org/W2005260046
https://openalex.org/W2025768885
https://openalex.org/W2032334056
https://openalex.org/W2070411999
https://openalex.org/W2125402533
https://openalex.org/W2149151643
https://openalex.org/W2171280186
https://openalex.org/W2187537403
https://openalex.org/W2297952319
https://openalex.org/W2315931060
https://openalex.org/W2421994535
https://openalex.org/W2556909260
https://openalex.org/W2606603158
https://openalex.org/W2762848262
https://openalex.org/W2783701814
https://openalex.org/W2791198375
https://openalex.org/W2791342801
https://openalex.org/W2792093313
https://openalex.org/W2799615229
https://openalex.org/W2889253814
https://openalex.org/W2906558528
https://openalex.org/W2917676422
https://openalex.org/W2923659739
https://openalex.org/W2964386947
https://openalex.org/W2995067780
https://openalex.org/W2996887063
https://openalex.org/W3004745618
https://openalex.org/W3026276701
https://openalex.org/W3039267132
https://openalex.org/W3045863309
https://openalex.org/W3095271256
https://openalex.org/W3120901683
https://openalex.org/W3139126142
https://openalex.org/W3217506233
https://openalex.org/W4253371020
https://openalex.org/W4318475810
https://openalex.org/W824290099
https://openalex.org/W967201164
https://openalex.org/W1500166674
https://openalex.org/W15132678
https://openalex.org/W1545636867
https://openalex.org/W1840719905
https://openalex.org/W1974064684
https://openalex.org/W1987876482
https://openalex.org/W1994186168
https://openalex.org/W1997405731
https://openalex.org/W2040708962
https://openalex.org/W2071867492
https://openalex.org/W2073742838
https://openalex.org/W2074624819
https://openalex.org/W2089968837
https://openalex.org/W2090405044
https://openalex.org/W2129807432
https://openalex.org/W2147659561
https://openalex.org/W2148090490
https://openalex.org/W2150727780
https://openalex.org/W2157909395
https://openalex.org/W2163110707
https://openalex.org/W2172143329
https://openalex.org/W2188569126
https://openalex.org/W2190136637
https://openalex.org/W2322099990
https://openalex.org/W2496209049
https://openalex.org/W2770970215
https://openalex.org/W2955877080
https://openalex.org/W2973120644
https://openalex.org/W3045243899
https://openalex.org/W3046455140
https://openalex.org/W3080798159
https://openalex.org/W3087289948
https://openalex.org/W4220701641
https://openalex.org/W1964784370
https://openalex.org/W2022082709
https://openalex.org/W2034136798
https://openalex.org/W2041019508
https://openalex.org/W2049173786
https://openalex.org/W2106560340
https://openalex.org/W2122444588
https://openalex.org/W2124337127
https://openalex.org/W2124528224
https://openalex.org/W2143523521
https://openalex.org/W2163116809
https://openalex.org/W2281954786
https://openalex.org/W2329298118
https://openalex.org/W2614983118
https://openalex.org/W2735115134
https://openalex.org/W2799376872
https://openalex.org/W2882975413
https://openalex.org/W2903959798
https://openalex.org/W2914466450
https://openalex.org/W2967251939
https://openalex.org/W2972314767
https://openalex.org/W3015341965
https://openalex.org/W3019470381
https://openalex.org/W3045379991
https://openalex.org/W3045526555
https://openalex.org/W3092210331
https://openalex.org/W4286717012
https://openalex.org/W105772679
https://openalex.org/W1508578578
https://openalex.org/W1963734449
https://openalex.org/W1969543261
https://openalex.org/W1985644525
https://openalex.org/W1986912303
https://openalex.org/W2033900907
https://openalex.org/W2041553844
https://openalex.org/W2046834095
https://openalex.org/W2060150931
https://openalex.org/W2060808223
https://openalex.org/W2074680290
https://openalex.org/W2088359925
https://openalex.org/W2096959668
https://openalex.org/W2111336939
https://openalex.org/W2114194229
https://openalex.org/W2150260062
https://openalex.org/W2164104544
https://openalex.org/W2212557788
https://openalex.org/W2263144146
https://openalex.org/W2345971810
https://openalex.org/W2462896658
https://openalex.org/W2530763082
https://openalex.org/W2534329056
https://openalex.org/W2552551718
https://openalex.org/W2581743920
https://openalex.org/W2598303470
https://openalex.org/W2775798713
https://openalex.org/W2779303351
https://openalex.org/W2897154471
https://openalex.org/W2914560780
https://openalex.org/W2919392407
https://openalex.org/W2963607034
https://openalex.org/W2969952932
https://openalex.org/W3003690291
https://openalex.org/W3023537185
https://openalex.org/W3025646095
https://openalex.org/W3122493183
https://openalex.org/W3127913048
https://openalex.org/W4206443107
https://openalex.org/W4251014074
https://openalex.org/W1570360045
https://openalex.org/W1971081743
https://openalex.org/W1972755971
https://openalex.org/W1979339208
https://openalex.org/W1992762535
https://openalex.org/W2015593023
https://openalex.org/W2020262853
https://openalex.org/W2027359936
https://openalex.org/W2034088066
https://openalex.org/W2052618432
https://openalex.org/W2111523511
https://openalex.org/W2134910757
https://openalex.org/W2139341250
https://openalex.org/W2150841910
https://openalex.org/W2189205242
https://openalex.org/W2222829363
https://openalex.org/W2530068287
https://openalex.org/W2727644093
https://openalex.org/W2742901058
https://openalex.org/W2776638930
https://openalex.org/W2885735878
https://openalex.org/W2886909764
https://openalex.org/W2901562359
https://openalex.org/W2947602028
https://openalex.org/W2963501663
https://openalex.org/W3003312755
https://openalex.org/W3004397388
https://openalex.org/W3092732169
https://openalex.org/W3111820164
https://openalex.org/W3135800465
https://openalex.org/W3151188084
https://openalex.org/W3205084628
https://openalex.org/W4226107243
https://openalex.org/W4245501226
https://openalex.org/W4309711138
https://openalex.org/W1588398412
https://openalex.org/W1877964399
https://openalex.org/W1970983235
https://openalex.org/W1984003447
https://openalex.org/W1988840455
https://openalex.org/W1992029271
https://openalex.org/W1995663772
https://openalex.org/W2013517211
https://openalex.org/W2044543316
https://openalex.org/W2057263917
https://openalex.org/W2090228161
https://openalex.org/W2094158098
https://openalex.org/W2095198085
https://openalex.org/W2115236824
https://openalex.org/W2129102547
https://openalex.org/W2133648590
https://openalex.org/W2134399717
https://openalex.org/W2143584424
https://openalex.org/W2188744635
https://openalex.org/W2193155293
https://openalex.org/W2250212803
https://openalex.org/W2415136027
https://openalex.org/W2464035826
https://openalex.org/W2471487023
https://openalex.org/W2593361841
https://openalex.org/W2594594343
https://openalex.org/W2762391165
https://openalex.org/W2774816252
https://openalex.org/W2802156227
https://openalex.org/W2883697179
https://openalex.org/W2888835639
https://openalex.org/W2902208641
https://openalex.org/W2912644575
https://openalex.org/W2950578934
https://openalex.org/W2954996679
https://openalex.org/W2965061974
https://openalex.org/W2977664549
https://openalex.org/W2981266725
https://openalex.org/W3032186083
https://openalex.org/W3049729039
https://openalex.org/W3053720591
https://openalex.org/W3093495061
https://openalex.org/W3162868831
https://openalex.org/W3178488753
https://openalex.org/W3196132483
https://openalex.org/W3212726336
https://openalex.org/W4285806058
https://openalex.org/W1594496534
https://openalex.org/W1967418671
https://openalex.org/W1972078440
https://openalex.org/W1976031257
https://openalex.org/W1996413290
https://openalex.org/W2003671371
https://openalex.org/W2012751143
https://openalex.org/W2026117936
https://openalex.org/W2027371815
https://openalex.org/W2036295459
https://openalex.org/W2059964721
https://openalex.org/W2074485545
https://openalex.org/W2076044562
https://openalex.org/W2097402764
https://openalex.org/W2111870695
https://openalex.org/W2117277603
https://openalex.org/W2123419890
https://openalex.org/W2139141103
https://openalex.org/W2149405177
https://openalex.org/W2186596830
https://openalex.org/W2237485713
https://openalex.org/W2298069302
https://openalex.org/W2345399364
https://openalex.org/W2502126468
https://openalex.org/W2521904140
https://openalex.org/W2594169424
https://openalex.org/W2613121122
https://openalex.org/W2755513602
https://openalex.org/W2758217043
https://openalex.org/W2803393074
https://openalex.org/W2896711355
https://openalex.org/W2903479391
https://openalex.org/W2904630020
https://openalex.org/W2923143687
https://openalex.org/W3004966984
https://openalex.org/W3026976007
https://openalex.org/W3034460082
https://openalex.org/W3048788804
https://openalex.org/W3052130098
https://openalex.org/W3114315049
https://openalex.org/W3175803552
https://openalex.org/W3194812669
https://openalex.org/W3214228243
https://openalex.org/W4241553839
https://openalex.org/W1652896914
https://openalex.org/W1979739305
https://openalex.org/W1986160748
https://openalex.org/W1989358881
https://openalex.org/W1994339298
https://openalex.org/W2001921992
https://openalex.org/W2002020477
https://openalex.org/W2014956884
https://openalex.org/W2020691134
https://openalex.org/W2033337085
https://openalex.org/W2038836320
https://openalex.org/W2042411741
https://openalex.org/W2057455362
https://openalex.org/W2058590014
https://openalex.org/W2061664704
https://openalex.org/W2065273926
https://openalex.org/W2068475627
https://openalex.org/W2077819584
https://openalex.org/W2082479830
https://openalex.org/W2087291052
https://openalex.org/W2104960829
https://openalex.org/W2110532772
https://openalex.org/W2143035148
https://openalex.org/W2249982978
https://openalex.org/W2262184243
https://openalex.org/W2287068534
https://openalex.org/W2327282883
https://openalex.org/W2415262063
https://openalex.org/W2533556261
https://openalex.org/W2562023089
https://openalex.org/W2564096334
https://openalex.org/W2566241326
https://openalex.org/W2601713098
https://openalex.org/W2611560802
https://openalex.org/W2613255529
https://openalex.org/W2752591963
https://openalex.org/W2752701602
https://openalex.org/W2769082361
https://openalex.org/W2782874372
https://openalex.org/W2791251528
https://openalex.org/W2894864104
https://openalex.org/W2939822974
https://openalex.org/W2958600454
https://openalex.org/W2958679431
https://openalex.org/W2970071508
https://openalex.org/W2972402989
https://openalex.org/W2980542130
https://openalex.org/W2993178599
https://openalex.org/W2995155984
https://openalex.org/W3010661390
https://openalex.org/W3013544146
https://openalex.org/W3013984880
https://openalex.org/W3015641357
https://openalex.org/W3194224635
https://openalex.org/W3199467520
https://openalex.org/W3206486597
https://openalex.org/W3208037030
https://openalex.org/W4200462649
https://openalex.org/W4245760007
https://openalex.org/W4303856844
https://openalex.org/W1499206829
https://openalex.org/W1648841296
https://openalex.org/W1876563776
https://openalex.org/W1894484601
https://openalex.org/W1901519302
https://openalex.org/W1908588488
https://openalex.org/W1971804967
https://openalex.org/W1973925919
https://openalex.org/W2001631089
https://openalex.org/W2003099825
https://openalex.org/W2004291919
https://openalex.org/W2029078507
https://openalex.org/W2041006852
https://openalex.org/W2051698818
https://openalex.org/W2061547121
https://openalex.org/W2080866189
https://openalex.org/W2097589927
https://openalex.org/W2127846058
https://openalex.org/W2129114582
https://openalex.org/W2147790829
https://openalex.org/W2152978773
https://openalex.org/W2189428991
https://openalex.org/W2230378922
https://openalex.org/W2244347330
https://openalex.org/W2261276191
https://openalex.org/W2297926762
https://openalex.org/W2529609302
https://openalex.org/W2533732610
https://openalex.org/W2616761374
https://openalex.org/W2617785009
https://openalex.org/W2739716671
https://openalex.org/W2765276707
https://openalex.org/W2796165409
https://openalex.org/W2797544262
https://openalex.org/W2807722563
https://openalex.org/W2904520596
https://openalex.org/W2908620237
https://openalex.org/W2954873358
https://openalex.org/W2972519211
https://openalex.org/W2976597620
https://openalex.org/W2985980049
https://openalex.org/W2987401047
https://openalex.org/W3009431277
https://openalex.org/W3016538310
https://openalex.org/W3026941537
https://openalex.org/W3032049081
https://openalex.org/W3080126594
https://openalex.org/W3085440523
https://openalex.org/W3092363840
https://openalex.org/W3092470618
https://openalex.org/W3093977047
https://openalex.org/W3094011301
https://openalex.org/W3094469626
https://openalex.org/W3098534690
https://openalex.org/W3100642798
https://openalex.org/W3107098839
https://openalex.org/W3107515615
https://openalex.org/W3133184849
https://openalex.org/W3134560716
https://openalex.org/W3142137090
https://openalex.org/W3158455687
https://openalex.org/W3185567652
https://openalex.org/W3213667102
https://openalex.org/W4223559265
https://openalex.org/W4235991319
https://openalex.org/W4249230623
https://openalex.org/W4294627640
https://openalex.org/W4294719015
https://openalex.org/W77242598
https://openalex.org/W120219526
https://openalex.org/W154280181
https://openalex.org/W1557844006
https://openalex.org/W1969080071
https://openalex.org/W1977285907
https://openalex.org/W1979968632
https://openalex.org/W1980223447
https://openalex.org/W2002546883
https://openalex.org/W2021880782
https://openalex.org/W2030368077
https://openalex.org/W2036848717
https://openalex.org/W2037964765
https://openalex.org/W2041462901
https://openalex.org/W2042816949
https://openalex.org/W2068730767
https://openalex.org/W2073576792
https://openalex.org/W2084420161
https://openalex.org/W2086725462
https://openalex.org/W2091245095
https://openalex.org/W2098079403
https://openalex.org/W2101332743
https://openalex.org/W2104852925
https://openalex.org/W2109440862
https://openalex.org/W2116422838
https://openalex.org/W2133415172
https://openalex.org/W2143135940
https://openalex.org/W2146635721
https://openalex.org/W2157954585
https://openalex.org/W2162026459
https://openalex.org/W2188704737
https://openalex.org/W2285673764
https://openalex.org/W2347118655
https://openalex.org/W2539051643
https://openalex.org/W2563700600
https://openalex.org/W2573785295
https://openalex.org/W2733546735
https://openalex.org/W2769267312
https://openalex.org/W2792362243
https://openalex.org/W2883633988
https://openalex.org/W2954965269
https://openalex.org/W2955569909
https://openalex.org/W2956140374
https://openalex.org/W2962489585
https://openalex.org/W2965415045
https://openalex.org/W2969381685
https://openalex.org/W2971184620
https://openalex.org/W2971322536
https://openalex.org/W2986367700
https://openalex.org/W2990140370
https://openalex.org/W3014583194
https://openalex.org/W3023511091
https://openalex.org/W3083112503
https://openalex.org/W3087374867
https://openalex.org/W3092510835
https://openalex.org/W3111028634
https://openalex.org/W3125757311
https://openalex.org/W3129305053
https://openalex.org/W3151225338
https://openalex.org/W3157686542
https://openalex.org/W3160529109
https://openalex.org/W3196763562
https://openalex.org/W3207257583
https://openalex.org/W3215701084
https://openalex.org/W4210287778
https://openalex.org/W4304190044
https://openalex.org/W941390763
https://openalex.org/W1481526731
https://openalex.org/W1959613090
https://openalex.org/W1967626442
https://openalex.org/W1977883033
https://openalex.org/W1997503404
https://openalex.org/W2002165983
https://openalex.org/W2003420290
https://openalex.org/W2003973959
https://openalex.org/W2017135165
https://openalex.org/W2021943324
https://openalex.org/W2026261232
https://openalex.org/W2041750181
https://openalex.org/W2064337969
https://openalex.org/W2090710731
https://openalex.org/W2094820306
https://openalex.org/W2096913760
https://openalex.org/W2115903253
https://openalex.org/W2129173469
https://openalex.org/W2170818800
https://openalex.org/W2181667057
https://openalex.org/W2406314133
https://openalex.org/W2415266168
https://openalex.org/W2428372364
https://openalex.org/W2464233691
https://openalex.org/W2548149753
https://openalex.org/W2581066182
https://openalex.org/W2604485864
https://openalex.org/W2612291767
https://openalex.org/W2735084193
https://openalex.org/W2736267842
https://openalex.org/W2756424109
https://openalex.org/W2793863295
https://openalex.org/W2799373351
https://openalex.org/W2810337418
https://openalex.org/W2892365481
https://openalex.org/W2899362060
https://openalex.org/W2900103038
https://openalex.org/W2919779231
https://openalex.org/W2931128016
https://openalex.org/W2984201646
https://openalex.org/W2987061446
https://openalex.org/W3002702040
https://openalex.org/W3007697043
https://openalex.org/W3011882489
https://openalex.org/W3015406531
https://openalex.org/W3022552194
https://openalex.org/W3024395388
https://openalex.org/W3036997528
https://openalex.org/W3040026319
https://openalex.org/W3047475227
https://openalex.org/W3090262198
https://openalex.org/W3102462840
https://openalex.org/W3112994060
https://openalex.org/W3155331018
https://openalex.org/W3158436306
https://openalex.org/W3199441146
https://openalex.org/W4207072927
https://openalex.org/W4225742096
https://openalex.org/W4285008390
https://openalex.org/W4301391888
https://openalex.org/W67890020
https://openalex.org/W1540490770
https://openalex.org/W1743340346
https://openalex.org/W1968982904
https://openalex.org/W1970967844
https://openalex.org/W1974807624
https://openalex.org/W1975363940
https://openalex.org/W1993273554
https://openalex.org/W2000331240
https://openalex.org/W2011330381
https://openalex.org/W2013836309
https://openalex.org/W2026101105
https://openalex.org/W2026765345
https://openalex.org/W2033421154
https://openalex.org/W2039060883
https://openalex.org/W2049779036
https://openalex.org/W2056691024
https://openalex.org/W2061138616
https://openalex.org/W2062730000
https://openalex.org/W2065440557
https://openalex.org/W2072122053
https://openalex.org/W2091605048
https://openalex.org/W2097881089
https://openalex.org/W2109853649
https://openalex.org/W2128538601
https://openalex.org/W2133862918
https://openalex.org/W2142000923
https://openalex.org/W2146208813
https://openalex.org/W2164169073
https://openalex.org/W2181898736
https://openalex.org/W2183944243
https://openalex.org/W2236650310
https://openalex.org/W2250166220
https://openalex.org/W2326735692
https://openalex.org/W2408780131
https://openalex.org/W2416749689
https://openalex.org/W2416909097
https://openalex.org/W2462309048
https://openalex.org/W2573562240
https://openalex.org/W2583368248
https://openalex.org/W2601071245
https://openalex.org/W2742810474
https://openalex.org/W2756841451
https://openalex.org/W2768064431
https://openalex.org/W2789248209
https://openalex.org/W2793938487
https://openalex.org/W2884721191
https://openalex.org/W2900406232
https://openalex.org/W2902595371
https://openalex.org/W2908019589
https://openalex.org/W2908869007
https://openalex.org/W2950575341
https://openalex.org/W2971123474
https://openalex.org/W2971886610
https://openalex.org/W2995615856
https://openalex.org/W3021472545
https://openalex.org/W3034538806
https://openalex.org/W3036509266
https://openalex.org/W3040992225
https://openalex.org/W3092273143
https://openalex.org/W3092976515
https://openalex.org/W3097521228
https://openalex.org/W3097809372
https://openalex.org/W3109764949
https://openalex.org/W3111014385
https://openalex.org/W3125202435
https://openalex.org/W3125570773
https://openalex.org/W3138548817
https://openalex.org/W3165512477
https://openalex.org/W3171904372
https://openalex.org/W3191138265
https://openalex.org/W3192283103
https://openalex.org/W3203131255
https://openalex.org/W3207705610
https://openalex.org/W4210329947
https://openalex.org/W4210608131
https://openalex.org/W4214542323
https://openalex.org/W4242879076
https://openalex.org/W4283723085
https://openalex.org/W4316926702
https://openalex.org/W1500019972
https://openalex.org/W1596242350
https://openalex.org/W1974484978
https://openalex.org/W1981116053
https://openalex.org/W1989825561
https://openalex.org/W1996544464
https://openalex.org/W2011398341
https://openalex.org/W2024641816
https://openalex.org/W2037969101
https://openalex.org/W2042950306
https://openalex.org/W2051975802
https://openalex.org/W2075737871
https://openalex.org/W2078319565
https://openalex.org/W2078535510
https://openalex.org/W2085423276
https://openalex.org/W2096206988
https://openalex.org/W2099562349
https://openalex.org/W2104033554
https://openalex.org/W210754748
https://openalex.org/W2122464079
https://openalex.org/W2128466629
https://openalex.org/W2129621216
https://openalex.org/W2140598718
https://openalex.org/W2146319305
https://openalex.org/W2158471120
https://openalex.org/W2168711908
https://openalex.org/W2175694772
https://openalex.org/W2183368039
https://openalex.org/W2206096662
https://openalex.org/W2411791779
https://openalex.org/W2473093862
https://openalex.org/W2507185444
https://openalex.org/W2512045971
https://openalex.org/W2523386243
https://openalex.org/W2538825093
https://openalex.org/W2600335631
https://openalex.org/W2612446037
https://openalex.org/W2769473238
https://openalex.org/W2793477978
https://openalex.org/W2810622125
https://openalex.org/W2900069037
https://openalex.org/W2900365681
https://openalex.org/W2902181117
https://openalex.org/W2904756835
https://openalex.org/W2938547364
https://openalex.org/W2947492879
https://openalex.org/W2948523648
https://openalex.org/W2980156560
https://openalex.org/W3003013186
https://openalex.org/W3003688715
https://openalex.org/W3007322987
https://openalex.org/W3010315053
https://openalex.org/W3010981115
https://openalex.org/W3027613146
https://openalex.org/W3035771648
https://openalex.org/W3049220094
https://openalex.org/W3087322953
https://openalex.org/W3092589012
https://openalex.org/W3110849659
https://openalex.org/W3119283762
https://openalex.org/W3131461806
https://openalex.org/W3131945860
https://openalex.org/W3150084559
https://openalex.org/W3153170241
https://openalex.org/W3160243900
https://openalex.org/W3163561142
https://openalex.org/W3174319446
https://openalex.org/W3178016388
https://openalex.org/W3178269856
https://openalex.org/W3186475895
https://openalex.org/W3205697366
https://openalex.org/W3211873831
https://openalex.org/W3216140718
https://openalex.org/W4210753224
https://openalex.org/W4221017595
https://openalex.org/W4281293568
https://openalex.org/W4283317655
https://openalex.org/W4291398733
https://openalex.org/W4293353759
https://openalex.org/W4307582688
https://openalex.org/W4309510660
https://openalex.org/W4310531188
https://openalex.org/W4360600944
https://openalex.org/W915529849
https://openalex.org/W94623441
https://openalex.org/W113379131
https://openalex.org/W1182542988
https://openalex.org/W132898223
https://openalex.org/W155838079
https://openalex.org/W1593206516
https://openalex.org/W1891584779
https://openalex.org/W1966271892
https://openalex.org/W1971199457
https://openalex.org/W1971239050
https://openalex.org/W1992605052
https://openalex.org/W202068198
https://openalex.org/W2024074686
https://openalex.org/W2025683677
https://openalex.org/W2058134049
https://openalex.org/W2061099087
https://openalex.org/W2062911465
https://openalex.org/W2063783402
https://openalex.org/W2065516203
https://openalex.org/W2069676473
https://openalex.org/W2082144289
https://openalex.org/W2086424815
https://openalex.org/W2088162613
https://openalex.org/W2100116905
https://openalex.org/W2128507165
https://openalex.org/W2133359439
https://openalex.org/W2151255581
https://openalex.org/W2170739189
https://openalex.org/W2184972156
https://openalex.org/W2188402297
https://openalex.org/W2312082492
https://openalex.org/W2321656494
https://openalex.org/W2325533992
https://openalex.org/W2340239065
https://openalex.org/W2343812871
https://openalex.org/W2411096103
https://openalex.org/W2411338055
https://openalex.org/W2417108640
https://openalex.org/W2491698906
https://openalex.org/W2508825369
https://openalex.org/W2555610936
https://openalex.org/W2559230753
https://openalex.org/W2586987170
https://openalex.org/W2587095814
https://openalex.org/W2608161332
https://openalex.org/W2619749247
https://openalex.org/W2743095485
https://openalex.org/W2804892997
https://openalex.org/W2805351419
https://openalex.org/W2890141088
https://openalex.org/W2891513451
https://openalex.org/W2901790305
https://openalex.org/W2945229851
https://openalex.org/W2952311493
https://openalex.org/W2962961580
https://openalex.org/W2962976082
https://openalex.org/W2963191538
https://openalex.org/W2983190089
https://openalex.org/W2998041306
https://openalex.org/W3003040984
https://openalex.org/W3003328300
https://openalex.org/W3014428584
https://openalex.org/W3020915589
https://openalex.org/W3037676907
https://openalex.org/W3041089261
https://openalex.org/W3043288533
https://openalex.org/W3092852686
https://openalex.org/W3093382685
https://openalex.org/W3123221379
https://openalex.org/W3123861794
https://openalex.org/W3125088291
https://openalex.org/W3135476416
https://openalex.org/W3147929943
https://openalex.org/W3152017481
https://openalex.org/W3159257281
https://openalex.org/W3184003959
https://openalex.org/W3195727878
https://openalex.org/W3199488360
https://openalex.org/W3199942885
https://openalex.org/W3200936901
https://openalex.org/W3201030831
https://openalex.org/W3204471479
https://openalex.org/W379013059
https://openalex.org/W4200386179
https://openalex.org/W4200524157
https://openalex.org/W4206915925
https://openalex.org/W4210475488
https://openalex.org/W4210616106
https://openalex.org/W4214595776
https://openalex.org/W4233225534
https://openalex.org/W4233708142
https://openalex.org/W4241991156
https://openalex.org/W4242008690
https://openalex.org/W4281770859
https://openalex.org/W4282942864
https://openalex.org/W4283311401
https://openalex.org/W4291145320
https://openalex.org/W4298087639
https://openalex.org/W4308584897
https://openalex.org/W565465829
https://openalex.org/W995281466
https://openalex.org/W1045127561
https://openalex.org/W1119812871
https://openalex.org/W1187331067
https://openalex.org/W1585242762
https://openalex.org/W1600125269
https://openalex.org/W1644600041
https://openalex.org/W1655471290
https://openalex.org/W1723350363
https://openalex.org/W1895681791
https://openalex.org/W1971575764
https://openalex.org/W1978560488
https://openalex.org/W1990480886
https://openalex.org/W1998109605
https://openalex.org/W1999211545
https://openalex.org/W2017905520
https://openalex.org/W2018848788
https://openalex.org/W2038235951
https://openalex.org/W2044021494
https://openalex.org/W2046274465
https://openalex.org/W2067164919
https://openalex.org/W2070106095
https://openalex.org/W2081435167
https://openalex.org/W2088994440
https://openalex.org/W2089274465
https://openalex.org/W2107248428
https://openalex.org/W2108572041
https://openalex.org/W2113655307
https://openalex.org/W2114705552
https://openalex.org/W2139459803
https://openalex.org/W2158646529
https://openalex.org/W2169857423
https://openalex.org/W2183757286
https://openalex.org/W2192248531
https://openalex.org/W2195718141
https://openalex.org/W2241648639
https://openalex.org/W2241837990
https://openalex.org/W2278427329
https://openalex.org/W2340083901
https://openalex.org/W2342221672
https://openalex.org/W2409919691
https://openalex.org/W2434577538
https://openalex.org/W2470248356
https://openalex.org/W2490182655
https://openalex.org/W2570264120
https://openalex.org/W2738204515
https://openalex.org/W2747639290
https://openalex.org/W2752933989
https://openalex.org/W2761625450
https://openalex.org/W2769973745
https://openalex.org/W2781373279
https://openalex.org/W2792006050
https://openalex.org/W2794278971
https://openalex.org/W2883100530
https://openalex.org/W2898461177
https://openalex.org/W2900850469
https://openalex.org/W2905681587
https://openalex.org/W2924369397
https://openalex.org/W2951681738
https://openalex.org/W2951946195
https://openalex.org/W2953105260
https://openalex.org/W2971398408
https://openalex.org/W2974315011
https://openalex.org/W2984418514
https://openalex.org/W2987950777
https://openalex.org/W2988911464
https://openalex.org/W2989996833
https://openalex.org/W2990583674
https://openalex.org/W2991488284
https://openalex.org/W2991999659
https://openalex.org/W2997021995
https://openalex.org/W2998532335
https://openalex.org/W3004950243
https://openalex.org/W3011121871
https://openalex.org/W3014888375
https://openalex.org/W3016376443
https://openalex.org/W3021850345
https://openalex.org/W3034519280
https://openalex.org/W3045992135
https://openalex.org/W3046871040
https://openalex.org/W3083972364
https://openalex.org/W3087871595
https://openalex.org/W3092588332
https://openalex.org/W3096247404
https://openalex.org/W3098276990
https://openalex.org/W3121430854
https://openalex.org/W3122840412
https://openalex.org/W3123221799
https://openalex.org/W3126479475
https://openalex.org/W3129745281
https://openalex.org/W3129897236
https://openalex.org/W3132820329
https://openalex.org/W3135017444
https://openalex.org/W3138738309
https://openalex.org/W3144216475
https://openalex.org/W3146969999
https://openalex.org/W3157507740
https://openalex.org/W3160032229
https://openalex.org/W3162870890
https://openalex.org/W3163966602
https://openalex.org/W3179171658
https://openalex.org/W3184701482
https://openalex.org/W3208462082
https://openalex.org/W3210111860
https://openalex.org/W3213363909
https://openalex.org/W3213874625
https://openalex.org/W335270134
https://openalex.org/W4205637893
https://openalex.org/W4210612298
https://openalex.org/W4210998016
https://openalex.org/W4213245584
https://openalex.org/W4214613067
https://openalex.org/W4221005095
https://openalex.org/W4226020609
https://openalex.org/W4246896809
https://openalex.org/W4281289040
https://openalex.org/W4281611628
https://openalex.org/W4283365052
https://openalex.org/W4283777196
https://openalex.org/W4285102418
https://openalex.org/W4294631300
https://openalex.org/W4296916291
https://openalex.org/W4311974705
https://openalex.org/W4312187508
https://openalex.org/W4313419749
https://openalex.org/W4318203713
https://openalex.org/W4322619388
https://openalex.org/W4361281151
https://openalex.org/W90448830
https://openalex.org/W1040509076
https://openalex.org/W135690483
https://openalex.org/W1468213514
https://openalex.org/W149592356
https://openalex.org/W1595982313
https://openalex.org/W1619677
https://openalex.org/W1621839500
https://openalex.org/W1968690740
https://openalex.org/W1979049585
https://openalex.org/W1991612818
https://openalex.org/W2009230270
https://openalex.org/W2020098036
https://openalex.org/W2029281464
https://openalex.org/W2041289705
https://openalex.org/W2041618281
https://openalex.org/W2044758334
https://openalex.org/W2050970687
https://openalex.org/W2073375058
https://openalex.org/W2080874046
https://openalex.org/W2081273920
https://openalex.org/W2081872110
https://openalex.org/W2092092667
https://openalex.org/W2100524679
https://openalex.org/W2107553017
https://openalex.org/W2134692789
https://openalex.org/W2153574786
https://openalex.org/W2163671629
https://openalex.org/W2179975926
https://openalex.org/W2180648456
https://openalex.org/W2189601226
https://openalex.org/W2198953346
https://openalex.org/W2252421341
https://openalex.org/W2267334939
https://openalex.org/W227669790
https://openalex.org/W2298921869
https://openalex.org/W2321412542
https://openalex.org/W2330305938
https://openalex.org/W2395033283
https://openalex.org/W2408403933
https://openalex.org/W2409132119
https://openalex.org/W2410226426
https://openalex.org/W2413541363
https://openalex.org/W2418786856
https://openalex.org/W2420256970
https://openalex.org/W2431592711
https://openalex.org/W2436065958
https://openalex.org/W2437158812
https://openalex.org/W2465402165
https://openalex.org/W2513898535
https://openalex.org/W2527365135
https://openalex.org/W2567967123
https://openalex.org/W2612843515
https://openalex.org/W2735548952
https://openalex.org/W2754033283
https://openalex.org/W2769522940
https://openalex.org/W2778646975
https://openalex.org/W2797819285
https://openalex.org/W2869401119
https://openalex.org/W2889196263
https://openalex.org/W2889275005
https://openalex.org/W2890900801
https://openalex.org/W2898507551
https://openalex.org/W2901718558
https://openalex.org/W2906677575
https://openalex.org/W2911111381
https://openalex.org/W2916035773
https://openalex.org/W2920732163
https://openalex.org/W2948205996
https://openalex.org/W2949792882
https://openalex.org/W2953655252
https://openalex.org/W2975702859
https://openalex.org/W2981089394
https://openalex.org/W2990755330
https://openalex.org/W2991802131
https://openalex.org/W2992718684
https://openalex.org/W2994105018
https://openalex.org/W2994682777
https://openalex.org/W2994949918
https://openalex.org/W2997708649
https://openalex.org/W3002326658
https://openalex.org/W3005032746
https://openalex.org/W3007885151
https://openalex.org/W3010622688
https://openalex.org/W3023548765
https://openalex.org/W3044652217
https://openalex.org/W3051482155
https://openalex.org/W3087276255
https://openalex.org/W3088091815
https://openalex.org/W3088940663
https://openalex.org/W3103660511
https://openalex.org/W3109377782
https://openalex.org/W3121268713
https://openalex.org/W3123087991
https://openalex.org/W3124278948
https://openalex.org/W3125352458
https://openalex.org/W3129193919
https://openalex.org/W3137334784
https://openalex.org/W3137486362
https://openalex.org/W3146010495
https://openalex.org/W3151346091
https://openalex.org/W3155372442
https://openalex.org/W3162000282
https://openalex.org/W3170255631
https://openalex.org/W3194965793
https://openalex.org/W3196923260
https://openalex.org/W3199821414
https://openalex.org/W3203779888
https://openalex.org/W3207261647
https://openalex.org/W3212336310
https://openalex.org/W3212799721
https://openalex.org/W3217450738
https://openalex.org/W4200487107
https://openalex.org/W4205464237
https://openalex.org/W4205923377
https://openalex.org/W4212937559
https://openalex.org/W4230016169
https://openalex.org/W4243460494
https://openalex.org/W4248269224
https://openalex.org/W4250620842
https://openalex.org/W4253800142
https://openalex.org/W4255037650
https://openalex.org/W4255357831
https://openalex.org/W4280535845
https://openalex.org/W4280573823
https://openalex.org/W4281657683
https://openalex.org/W4282930703
https://openalex.org/W4285391318
https://openalex.org/W4288430655
https://openalex.org/W4291282846
https://openalex.org/W4296794109
https://openalex.org/W4306668195
https://openalex.org/W4307722359
https://openalex.org/W4307968857
https://openalex.org/W4308974117
https://openalex.org/W4310222430
https://openalex.org/W4312084385
https://openalex.org/W4312381959
https://openalex.org/W4312405267
https://openalex.org/W4323361873
https://openalex.org/W4361293551
https://openalex.org/W4362587479
https://openalex.org/W4367052992
https://openalex.org/W4380986855
https://openalex.org/W4383956914
https://openalex.org/W81299203
https://openalex.org/W106477845
https://openalex.org/W1416150312
https://openalex.org/W1444597819
https://openalex.org/W1464414528
https://openalex.org/W1484855009
https://openalex.org/W1490756848
https://openalex.org/W1542104042
https://openalex.org/W1542474732
https://openalex.org/W1573721569
https://openalex.org/W1584741623
https://openalex.org/W1588039295
https://openalex.org/W1682824787
https://openalex.org/W1758486697
https://openalex.org/W1778809419
https://openalex.org/W1833320989
https://openalex.org/W1885350542
https://openalex.org/W189240120
https://openalex.org/W1899596136
https://openalex.org/W1943843619
https://openalex.org/W1964688235
https://openalex.org/W1966393711
https://openalex.org/W1970571434
https://openalex.org/W1970928973
https://openalex.org/W1985194963
https://openalex.org/W1985914243
https://openalex.org/W1987235589
https://openalex.org/W1989463614
https://openalex.org/W1994917698
https://openalex.org/W1995111701
https://openalex.org/W2004466894
https://openalex.org/W2011865859
https://openalex.org/W2016969665
https://openalex.org/W2019102746
https://openalex.org/W2024706045
https://openalex.org/W2044483017
https://openalex.org/W2048122201
https://openalex.org/W2055598924
https://openalex.org/W2060509759
https://openalex.org/W2066212387
https://openalex.org/W2079516467
https://openalex.org/W2091749327
https://openalex.org/W2108943894
https://openalex.org/W2118287448
https://openalex.org/W2122133629
https://openalex.org/W2126796063
https://openalex.org/W2128697059
https://openalex.org/W2139628704
https://openalex.org/W2141055057
https://openalex.org/W2166671
https://openalex.org/W2174657252
https://openalex.org/W2187137825
https://openalex.org/W2187901546
https://openalex.org/W2189232323
https://openalex.org/W219618598
https://openalex.org/W2221626180
https://openalex.org/W2222755948
https://openalex.org/W2227921469
https://openalex.org/W2241090127
https://openalex.org/W2242860034
https://openalex.org/W2253474328
https://openalex.org/W2263709548
https://openalex.org/W2285868189
https://openalex.org/W2291235307
https://openalex.org/W2301898787
https://openalex.org/W2320505833
https://openalex.org/W2339031806
https://openalex.org/W2345653830
https://openalex.org/W2394816469
https://openalex.org/W2398634718
https://openalex.org/W2405416074
https://openalex.org/W2405573767
https://openalex.org/W2409284939
https://openalex.org/W2409442668
https://openalex.org/W2410661439
https://openalex.org/W2412009001
https://openalex.org/W2412771074
https://openalex.org/W2413543835
https://openalex.org/W2413665462
https://openalex.org/W2415068175
https://openalex.org/W2415593891
https://openalex.org/W2418633661
https://openalex.org/W2418882398
https://openalex.org/W2419559899
https://openalex.org/W2419906759
https://openalex.org/W2435897778
https://openalex.org/W2471612736
https://openalex.org/W2474731265
https://openalex.org/W2476633052
https://openalex.org/W2481469243
https://openalex.org/W2508972353
https://openalex.org/W2567318507
https://openalex.org/W2582524328
https://openalex.org/W2590587786
https://openalex.org/W2597326445
https://openalex.org/W2598116818
https://openalex.org/W266283041
https://openalex.org/W2731420522
https://openalex.org/W2752013254
https://openalex.org/W2757993233
https://openalex.org/W2770126363
https://openalex.org/W2791451916
https://openalex.org/W2795568633
https://openalex.org/W2800216736
https://openalex.org/W2800492837
https://openalex.org/W2887723903
https://openalex.org/W2887752637
https://openalex.org/W2898303388
https://openalex.org/W2904921805
https://openalex.org/W2907944017
https://openalex.org/W2909473591
https://openalex.org/W2912604102
https://openalex.org/W2939598589
https://openalex.org/W2941626447
https://openalex.org/W2944128404
https://openalex.org/W2971356790
https://openalex.org/W2976029545
https://openalex.org/W2979486522
https://openalex.org/W2979543845
https://openalex.org/W2980817077
https://openalex.org/W2992678931
https://openalex.org/W2996150772
https://openalex.org/W2997708926
https://openalex.org/W3001669146
https://openalex.org/W3004719370
https://openalex.org/W3005200724
https://openalex.org/W3006199227
https://openalex.org/W3007468351
https://openalex.org/W3007849497
https://openalex.org/W3008837651
https://openalex.org/W3010683219
https://openalex.org/W3011169581
https://openalex.org/W3016974763
https://openalex.org/W3017952597
https://openalex.org/W3020950522
https://openalex.org/W3044061533
https://openalex.org/W3048971136
https://openalex.org/W3084613925
https://openalex.org/W3092102762
https://openalex.org/W3092581885
https://openalex.org/W3096369134
https://openalex.org/W3096537870
https://openalex.org/W3112720059
https://openalex.org/W3113308599
https://openalex.org/W3121494364
https://openalex.org/W3122015351
https://openalex.org/W3123105012
https://openalex.org/W3123158614
https://openalex.org/W3123430221
https://openalex.org/W3124609787
https://openalex.org/W3134511176
https://openalex.org/W3137095272
https://openalex.org/W3139588323
https://openalex.org/W3148475377
https://openalex.org/W3154080679
https://openalex.org/W3156885350
https://openalex.org/W3156899965
https://openalex.org/W3157112796
https://openalex.org/W3158815397
https://openalex.org/W3161728032
https://openalex.org/W3161863789
https://openalex.org/W3172562568
https://openalex.org/W3183475728
https://openalex.org/W3185210904
https://openalex.org/W3186963594
https://openalex.org/W3187842119
https://openalex.org/W3193909267
https://openalex.org/W3195963846
https://openalex.org/W3196948541
https://openalex.org/W3197194123
https://openalex.org/W3197777530
https://openalex.org/W3201584499
https://openalex.org/W3204990260
https://openalex.org/W3206132167
https://openalex.org/W3210375256
https://openalex.org/W3210603316
https://openalex.org/W3211270068
https://openalex.org/W3211292141
https://openalex.org/W326672596
https://openalex.org/W4213444791
https://openalex.org/W4214883342
https://openalex.org/W4229446474
https://openalex.org/W4229596003
https://openalex.org/W4230266377
https://openalex.org/W4234522365
https://openalex.org/W4240290859
https://openalex.org/W4242966341
https://openalex.org/W4246444956
https://openalex.org/W4252463339
https://openalex.org/W4254509468
https://openalex.org/W4280511551
https://openalex.org/W4281394100
https://openalex.org/W4282917398
https://openalex.org/W4285494345
https://openalex.org/W4285520494
https://openalex.org/W4286560615
https://openalex.org/W4293755098
https://openalex.org/W4294308263
https://openalex.org/W4294992621
https://openalex.org/W4296107210
https://openalex.org/W4296246653
https://openalex.org/W4298213164
https://openalex.org/W4304890772
https://openalex.org/W4306168274
https://openalex.org/W4306646173
https://openalex.org/W4309325506
https://openalex.org/W4310057520
https://openalex.org/W4312345669
https://openalex.org/W4312492713
https://openalex.org/W4313422839
https://openalex.org/W4313546391
https://openalex.org/W4316466624
https://openalex.org/W4320486660
https://openalex.org/W4321506116
https://openalex.org/W4322720281
https://openalex.org/W4324046583
https://openalex.org/W4361270355
https://openalex.org/W4362636646
https://openalex.org/W4364376025
https://openalex.org/W4367182798
https://openalex.org/W4378533429
https://openalex.org/W4380839981
https://openalex.org/W4380995982
https://openalex.org/W4383313560
https://openalex.org/W829791336
https://openalex.org/W91477851
https://openalex.org/W98745727
https://openalex.org/W997376129
https://openalex.org/W1006781114
https://openalex.org/W1018497249
https://openalex.org/W1024566381
https://openalex.org/W1024586194
https://openalex.org/W104164575
https://openalex.org/W1043741656
https://openalex.org/W1128437648
https://openalex.org/W1168185324
https://openalex.org/W1183794702
https://openalex.org/W1199094910
https://openalex.org/W1200637175
https://openalex.org/W1222490571
https://openalex.org/W130438950
https://openalex.org/W1412002617
https://openalex.org/W1417427981
https://openalex.org/W1421800956
https://openalex.org/W1422533108
https://openalex.org/W1422671889
https://openalex.org/W1426969510
https://openalex.org/W1427037345
https://openalex.org/W1440406390
https://openalex.org/W1440899790
https://openalex.org/W1443696435
https://openalex.org/W1454680599
https://openalex.org/W1457690947
https://openalex.org/W1458347866
https://openalex.org/W1461209215
https://openalex.org/W1461683055
https://openalex.org/W1461818261
https://openalex.org/W1461918661
https://openalex.org/W1462152250
https://openalex.org/W1462268643
https://openalex.org/W1463859144
https://openalex.org/W1467536817
https://openalex.org/W1468879006
https://openalex.org/W1469327648
https://openalex.org/W1470158998
https://openalex.org/W1470513965
https://openalex.org/W1474503473
https://openalex.org/W1478609145
https://openalex.org/W1488625685
https://openalex.org/W1492946287
https://openalex.org/W1514379483
https://openalex.org/W1516070484
https://openalex.org/W1516590049
https://openalex.org/W1520355505
https://openalex.org/W1520911228
https://openalex.org/W1540768428
https://openalex.org/W1543204488
https://openalex.org/W1548738105
https://openalex.org/W1548991387
https://openalex.org/W1551475410
https://openalex.org/W1555653857
https://openalex.org/W1562672139
https://openalex.org/W1584720105
https://openalex.org/W1595831982
https://openalex.org/W1599578856
https://openalex.org/W161397700
https://openalex.org/W161707923
https://openalex.org/W1624932275
https://openalex.org/W1687345943
https://openalex.org/W1693860281
https://openalex.org/W1749131036
https://openalex.org/W1758256296
https://openalex.org/W1761134851
https://openalex.org/W1797021215
https://openalex.org/W1798809515
https://openalex.org/W1818624197
https://openalex.org/W18423415
https://openalex.org/W1859813184
https://openalex.org/W1861971807
https://openalex.org/W186550204
https://openalex.org/W1891151294
https://openalex.org/W1903454072
https://openalex.org/W1939675936
https://openalex.org/W1965352982
https://openalex.org/W1965609220
https://openalex.org/W1968175107
https://openalex.org/W1970907076
https://openalex.org/W1973780547
https://openalex.org/W1979478895
https://openalex.org/W1984394545
https://openalex.org/W1987284648
https://openalex.org/W1988454949
https://openalex.org/W1991214809
https://openalex.org/W1997307941
https://openalex.org/W1997582740
https://openalex.org/W2001780195
https://openalex.org/W2004280102
https://openalex.org/W2005516504
https://openalex.org/W2005970289
https://openalex.org/W2007549218
https://openalex.org/W2012051623
https://openalex.org/W2014289569
https://openalex.org/W2017551985
https://openalex.org/W2017568874
https://openalex.org/W2018197593
https://openalex.org/W2022769839
https://openalex.org/W2028496910
https://openalex.org/W2028593284
https://openalex.org/W2029656500
https://openalex.org/W2031624546
https://openalex.org/W2032209392
https://openalex.org/W2036248654
https://openalex.org/W2036493466
https://openalex.org/W2038050218
https://openalex.org/W2038626612
https://openalex.org/W2040573224
https://openalex.org/W2040949038
https://openalex.org/W2043254477
https://openalex.org/W2047453901
https://openalex.org/W2047929657
https://openalex.org/W2049816059
https://openalex.org/W2050173983
https://openalex.org/W2051010295
https://openalex.org/W2051113042
https://openalex.org/W2052305379
https://openalex.org/W2054158963
https://openalex.org/W2055863490
https://openalex.org/W2059811324
https://openalex.org/W2060838553
https://openalex.org/W2061094098
https://openalex.org/W2061652778
https://openalex.org/W2063856962
https://openalex.org/W2064108373
https://openalex.org/W2066661359
https://openalex.org/W2074524834
https://openalex.org/W2074529642
https://openalex.org/W2075737197
https://openalex.org/W2077676527
https://openalex.org/W2078507008
https://openalex.org/W2085818896
https://openalex.org/W2088141580
https://openalex.org/W2090702679
https://openalex.org/W20912170
https://openalex.org/W2092068277
https://openalex.org/W2093285196
https://openalex.org/W2106033398
https://openalex.org/W2109098981
https://openalex.org/W2116844417
https://openalex.org/W2118887026
https://openalex.org/W2119166566
https://openalex.org/W2120196399
https://openalex.org/W2127824334
https://openalex.org/W212962767
https://openalex.org/W2136531603
https://openalex.org/W2146166090
https://openalex.org/W2147630293
https://openalex.org/W2150101484
https://openalex.org/W2154320460
https://openalex.org/W2155015907
https://openalex.org/W2157368945
https://openalex.org/W2158279164
https://openalex.org/W2163047717
https://openalex.org/W2166535646
https://openalex.org/W2174749083
https://openalex.org/W2176434838
https://openalex.org/W2183754986
https://openalex.org/W2208271225
https://openalex.org/W2209718319
https://openalex.org/W2211613216
https://openalex.org/W2212919996
https://openalex.org/W2214306298
https://openalex.org/W2217171961
https://openalex.org/W2217229879
https://openalex.org/W2218260986
https://openalex.org/W2220327642
https://openalex.org/W2225074793
https://openalex.org/W2225471732
https://openalex.org/W2228200043
https://openalex.org/W2230829702
https://openalex.org/W2233852659
https://openalex.org/W2240741692
https://openalex.org/W2241309258
https://openalex.org/W22414009
https://openalex.org/W2245030647
https://openalex.org/W2245415844
https://openalex.org/W2246689793
https://openalex.org/W2246948590
https://openalex.org/W2247317541
https://openalex.org/W2247610167
https://openalex.org/W2252526397
https://openalex.org/W2255536717
https://openalex.org/W2257318966
https://openalex.org/W2259267469
https://openalex.org/W2260946112
https://openalex.org/W2262951945
https://openalex.org/W2266355441
https://openalex.org/W2267392201
https://openalex.org/W2270045925
https://openalex.org/W2272845640
https://openalex.org/W2276418950
https://openalex.org/W2276479014
https://openalex.org/W2276992698
https://openalex.org/W2277598981
https://openalex.org/W2279379647
https://openalex.org/W2281630622
https://openalex.org/W2284795140
https://openalex.org/W2284806459
https://openalex.org/W2285448471
https://openalex.org/W2287959298
https://openalex.org/W2291456282
https://openalex.org/W2291619704
https://openalex.org/W2291793477
https://openalex.org/W2292104035
https://openalex.org/W2293557544
https://openalex.org/W2298077301
https://openalex.org/W2298974824
https://openalex.org/W2299213980
https://openalex.org/W2307277065
https://openalex.org/W2307383396
https://openalex.org/W2309441733
https://openalex.org/W2312424624
https://openalex.org/W2313287240
https://openalex.org/W231420465
https://openalex.org/W2316869789
https://openalex.org/W2318775634
https://openalex.org/W2319649190
https://openalex.org/W2321552667
https://openalex.org/W2323547910
https://openalex.org/W2327992333
https://openalex.org/W2332045836
https://openalex.org/W2333467312
https://openalex.org/W2336433905
https://openalex.org/W2337048456
https://openalex.org/W2337604198
https://openalex.org/W2338962066
https://openalex.org/W2340018876
https://openalex.org/W2340629758
https://openalex.org/W2343375338
https://openalex.org/W235442678
https://openalex.org/W2360050197
https://openalex.org/W2376895554
https://openalex.org/W2395021628
https://openalex.org/W2395158781
https://openalex.org/W2395816575
https://openalex.org/W2397030315
https://openalex.org/W2397834480
https://openalex.org/W2398028464
https://openalex.org/W2398561191
https://openalex.org/W2399060904
https://openalex.org/W2401371061
https://openalex.org/W2401597931
https://openalex.org/W2401718411
https://openalex.org/W2402665569
https://openalex.org/W2403024374
https://openalex.org/W2404601316
https://openalex.org/W2405054133
https://openalex.org/W2405153180
https://openalex.org/W2405248547
https://openalex.org/W2405450538
https://openalex.org/W2405756248
https://openalex.org/W2405996881
https://openalex.org/W2406981385
https://openalex.org/W2407233539
https://openalex.org/W2407533324
https://openalex.org/W2407601972
https://openalex.org/W2408158876
https://openalex.org/W2408525800
https://openalex.org/W2408874174
https://openalex.org/W2409029480
https://openalex.org/W2409553003
https://openalex.org/W2409561270
https://openalex.org/W2409633469
https://openalex.org/W2409926848
https://openalex.org/W2410096900
https://openalex.org/W2410140771
https://openalex.org/W2410702316
https://openalex.org/W2410804910
https://openalex.org/W2411307498
https://openalex.org/W2411520103
https://openalex.org/W2411958267
https://openalex.org/W2412112177
https://openalex.org/W2412340875
https://openalex.org/W2412425551
https://openalex.org/W2412552563
https://openalex.org/W2412581382
https://openalex.org/W2412666629
https://openalex.org/W2413482771
https://openalex.org/W2413809021
https://openalex.org/W2413822812
https://openalex.org/W2414693558
https://openalex.org/W2414778004
https://openalex.org/W2414802829
https://openalex.org/W2415127400
https://openalex.org/W2415236849
https://openalex.org/W2415739381
https://openalex.org/W2415785958
https://openalex.org/W2416372829
https://openalex.org/W2417112492
https://openalex.org/W2417195951
https://openalex.org/W2417317597
https://openalex.org/W2417482280
https://openalex.org/W2417890338
https://openalex.org/W2418801677
https://openalex.org/W2419278282
https://openalex.org/W2419580501
https://openalex.org/W2422950791
https://openalex.org/W2423955238
https://openalex.org/W2424185548
https://openalex.org/W2427200957
https://openalex.org/W2428233347
https://openalex.org/W2428611965
https://openalex.org/W2429442630
https://openalex.org/W2430962570
https://openalex.org/W2431821786
https://openalex.org/W2432089494
https://openalex.org/W2432720248
https://openalex.org/W2434382576
https://openalex.org/W2437196915
https://openalex.org/W2441824437
https://openalex.org/W2461678015
https://openalex.org/W2462574733
https://openalex.org/W2463473665
https://openalex.org/W2464525568
https://openalex.org/W2464546551
https://openalex.org/W2464564710
https://openalex.org/W2465249854
https://openalex.org/W2466036372
https://openalex.org/W2466183578
https://openalex.org/W2467778125
https://openalex.org/W2469046628
https://openalex.org/W2475198167
https://openalex.org/W2477928148
https://openalex.org/W2478454404
https://openalex.org/W2481970011
https://openalex.org/W2485033129
https://openalex.org/W2485638984
https://openalex.org/W2488104841
https://openalex.org/W2492189188
https://openalex.org/W2492546110
https://openalex.org/W2492968275
https://openalex.org/W2495775957
https://openalex.org/W2498279944
https://openalex.org/W2500742219
https://openalex.org/W2503927102
https://openalex.org/W2508554965
https://openalex.org/W2510422599
https://openalex.org/W2519188039
https://openalex.org/W2520109107
https://openalex.org/W2521460474
https://openalex.org/W2524775113
https://openalex.org/W2526768652
https://openalex.org/W2528008373
https://openalex.org/W2528357931
https://openalex.org/W2529413721
https://openalex.org/W2537246690
https://openalex.org/W2539726102
https://openalex.org/W2542355131
https://openalex.org/W2543191829
https://openalex.org/W2555224867
https://openalex.org/W2556229809
https://openalex.org/W2557008369
https://openalex.org/W2563867297
https://openalex.org/W2566925529
https://openalex.org/W2573926396
https://openalex.org/W2577160998
https://openalex.org/W2581815503
https://openalex.org/W2585683928
https://openalex.org/W2588864852
https://openalex.org/W2589047093
https://openalex.org/W2589191456
https://openalex.org/W2595179443
https://openalex.org/W2595545602
https://openalex.org/W2595945262
https://openalex.org/W2596257732
https://openalex.org/W2597594279
https://openalex.org/W2598977654
https://openalex.org/W2599602700
https://openalex.org/W2600010638
https://openalex.org/W2600153452
https://openalex.org/W2600395695
https://openalex.org/W2601518277
https://openalex.org/W2603973416
https://openalex.org/W2604205256
https://openalex.org/W2604461207
https://openalex.org/W2604818340
https://openalex.org/W2605950128
https://openalex.org/W2606782357
https://openalex.org/W2612077219
https://openalex.org/W2612331984
https://openalex.org/W2613563613
https://openalex.org/W2615456816
https://openalex.org/W2615793158
https://openalex.org/W2619417350
https://openalex.org/W262123302
https://openalex.org/W2625430268
https://openalex.org/W2626967945
https://openalex.org/W2724369314
https://openalex.org/W2725186552
https://openalex.org/W2725810125
https://openalex.org/W2728496517
https://openalex.org/W2728615472
https://openalex.org/W2734634446
https://openalex.org/W2736445290
https://openalex.org/W2739621597
https://openalex.org/W2749801967
https://openalex.org/W2752257375
https://openalex.org/W2753368100
https://openalex.org/W2754725692
https://openalex.org/W2755658673
https://openalex.org/W2756465395
https://openalex.org/W2759349483
https://openalex.org/W2759445284
https://openalex.org/W2759756676
https://openalex.org/W2763160120
https://openalex.org/W2763771462
https://openalex.org/W2765796347
https://openalex.org/W2766238556
https://openalex.org/W2766819803
https://openalex.org/W2770824862
https://openalex.org/W277178487
https://openalex.org/W2772235935
https://openalex.org/W2781326419
https://openalex.org/W2781995867
https://openalex.org/W2782140012
https://openalex.org/W2787651856
https://openalex.org/W2788499318
https://openalex.org/W2788849224
https://openalex.org/W2789988689
https://openalex.org/W2791275656
https://openalex.org/W2792002304
https://openalex.org/W2792123618
https://openalex.org/W2792322334
https://openalex.org/W2792843311
https://openalex.org/W2794354234
https://openalex.org/W2795108723
https://openalex.org/W2796314375
https://openalex.org/W2799501366
https://openalex.org/W2799952502
https://openalex.org/W2801245357
https://openalex.org/W2802739582
https://openalex.org/W2804206425
https://openalex.org/W2805037946
https://openalex.org/W2808261683
https://openalex.org/W2808389316
https://openalex.org/W2808594849
https://openalex.org/W2808730726
https://openalex.org/W2809325767
https://openalex.org/W2829226534
https://openalex.org/W2883406133
https://openalex.org/W2884536782
https://openalex.org/W2884618149
https://openalex.org/W2884856190
https://openalex.org/W2887505600
https://openalex.org/W2889691125
https://openalex.org/W2890926064
https://openalex.org/W2892114719
https://openalex.org/W2893214649
https://openalex.org/W2894812799
https://openalex.org/W2895112225
https://openalex.org/W2898277889
https://openalex.org/W2901028977
https://openalex.org/W2902494659
https://openalex.org/W2903908160
https://openalex.org/W2904215773
https://openalex.org/W2904329271
https://openalex.org/W2906525026
https://openalex.org/W2906532230
https://openalex.org/W2908985854
https://openalex.org/W2908998142
https://openalex.org/W2909365969
https://openalex.org/W2909379920
https://openalex.org/W2910289491
https://openalex.org/W2910422861
https://openalex.org/W2910621957
https://openalex.org/W2911481906
https://openalex.org/W2912210974
https://openalex.org/W2912264198
https://openalex.org/W2912620198
https://openalex.org/W2916188351
https://openalex.org/W2916916575
https://openalex.org/W2920228668
https://openalex.org/W2920988746
https://openalex.org/W2921819952
https://openalex.org/W2922102026
https://openalex.org/W2922571544
https://openalex.org/W2922980224
https://openalex.org/W2923476335
https://openalex.org/W2924311762
https://openalex.org/W2924788582
https://openalex.org/W2938746326
https://openalex.org/W2938937179
https://openalex.org/W2940064360
https://openalex.org/W2940288126
https://openalex.org/W2941386934
https://openalex.org/W2941841309
https://openalex.org/W2943914758
https://openalex.org/W2943930030
https://openalex.org/W2943949981
https://openalex.org/W2943987306
https://openalex.org/W2945192736
https://openalex.org/W2945569549
https://openalex.org/W2947483723
https://openalex.org/W2947688512
https://openalex.org/W2947739997
https://openalex.org/W2948251459
https://openalex.org/W2948359271
https://openalex.org/W2948773514
https://openalex.org/W2948779628
https://openalex.org/W2949747230
https://openalex.org/W2950230243
https://openalex.org/W2951120439
https://openalex.org/W2954199623
https://openalex.org/W2954567102
https://openalex.org/W2955258848
https://openalex.org/W2956124204
https://openalex.org/W2958976663
https://openalex.org/W2964732895
https://openalex.org/W2965063745
https://openalex.org/W2965374133
https://openalex.org/W2966222058
https://openalex.org/W2968034444
https://openalex.org/W2969381174
https://openalex.org/W2970684449
https://openalex.org/W2971479041
https://openalex.org/W2971625627
https://openalex.org/W2972639731
https://openalex.org/W2973834921
https://openalex.org/W2977379594
https://openalex.org/W2977900488
https://openalex.org/W2978417167
https://openalex.org/W2978456158
https://openalex.org/W2979332387
https://openalex.org/W2980042561
https://openalex.org/W2981535179
https://openalex.org/W2982595199
https://openalex.org/W2982997324
https://openalex.org/W2983435577
https://openalex.org/W2984368285
https://openalex.org/W2987461822
https://openalex.org/W2988250231
https://openalex.org/W2989087041
https://openalex.org/W2990436676
https://openalex.org/W2990501829
https://openalex.org/W2991431728
https://openalex.org/W2993289231
https://openalex.org/W2993446446
https://openalex.org/W2994718113
https://openalex.org/W2996029368
https://openalex.org/W2998139483
https://openalex.org/W2998815166
https://openalex.org/W2999751285
https://openalex.org/W2999920636
https://openalex.org/W3002682955
https://openalex.org/W3004403253
https://openalex.org/W3004488998
https://openalex.org/W3004636749
https://openalex.org/W3005440140
https://openalex.org/W3005446819
https://openalex.org/W3005479101
https://openalex.org/W3005921571
https://openalex.org/W3006726666
https://openalex.org/W3006926709
https://openalex.org/W3007182743
https://openalex.org/W3007323640
https://openalex.org/W3007406570
https://openalex.org/W3007513285
https://openalex.org/W3007578122
https://openalex.org/W3007858298
https://openalex.org/W3007939271
https://openalex.org/W3007949935
https://openalex.org/W3007987580
https://openalex.org/W3008106819
https://openalex.org/W3008140807
https://openalex.org/W3008187753
https://openalex.org/W3008210304
https://openalex.org/W3008413597
https://openalex.org/W3008481163
https://openalex.org/W3008487740
https://openalex.org/W3008549481
https://openalex.org/W3008674025
https://openalex.org/W3008750768
https://openalex.org/W3008995286
https://openalex.org/W3009523554
https://openalex.org/W3009992753
https://openalex.org/W3010047877
https://openalex.org/W3010981336
https://openalex.org/W3011619935
https://openalex.org/W3012033329
https://openalex.org/W3012120586
https://openalex.org/W3012307898
https://openalex.org/W3012441774
https://openalex.org/W3012641478
https://openalex.org/W3016623910
https://openalex.org/W3021976814
https://openalex.org/W30238207
https://openalex.org/W3024419755
https://openalex.org/W3025219054
https://openalex.org/W3025510559
https://openalex.org/W3026547072
https://openalex.org/W3026784884
https://openalex.org/W3029613823
https://openalex.org/W3029898558
https://openalex.org/W3031768620
https://openalex.org/W3033182327
https://openalex.org/W3033247575
https://openalex.org/W3033803597
https://openalex.org/W3035998040
https://openalex.org/W3037270929
https://openalex.org/W3037454930
https://openalex.org/W3038215255
https://openalex.org/W3039533994
https://openalex.org/W3040212484
https://openalex.org/W3040678202
https://openalex.org/W3044417397
https://openalex.org/W3044509774
https://openalex.org/W3044779211
https://openalex.org/W3046263479
https://openalex.org/W3046266252
https://openalex.org/W3046914986
https://openalex.org/W3047202393
https://openalex.org/W3047469079
https://openalex.org/W3048740200
https://openalex.org/W3049610672
https://openalex.org/W30621237
https://openalex.org/W3084214847
https://openalex.org/W3085537751
https://openalex.org/W3087021404
https://openalex.org/W3087340989
https://openalex.org/W3089958347
https://openalex.org/W3092870005
https://openalex.org/W3093435792
https://openalex.org/W3094398728
https://openalex.org/W30944956
https://openalex.org/W3095958410
https://openalex.org/W3102388740
https://openalex.org/W3103150794
https://openalex.org/W3106552108
https://openalex.org/W3107042125
https://openalex.org/W3107260361
https://openalex.org/W3107296183
https://openalex.org/W3107554505
https://openalex.org/W3107689560
https://openalex.org/W3107796211
https://openalex.org/W3107926602
https://openalex.org/W3108078472
https://openalex.org/W3108177900
https://openalex.org/W3108927005
https://openalex.org/W3109217530
https://openalex.org/W3109478221
https://openalex.org/W3109715104
https://openalex.org/W3110357065
https://openalex.org/W3110948858
https://openalex.org/W3111188929
https://openalex.org/W3111410166
https://openalex.org/W3112105662
https://openalex.org/W3112213816
https://openalex.org/W3113925640
https://openalex.org/W3115069521
https://openalex.org/W3115817685
https://openalex.org/W3116061779
https://openalex.org/W3120469587
https://openalex.org/W3120617420
https://openalex.org/W3122118887
https://openalex.org/W3122171059
https://openalex.org/W3122289345
https://openalex.org/W3122551581
https://openalex.org/W3122953774
https://openalex.org/W3123923856
https://openalex.org/W3124163069
https://openalex.org/W3124300500
https://openalex.org/W3124597925
https://openalex.org/W3124919067
https://openalex.org/W3125980653
https://openalex.org/W3126064901
https://openalex.org/W3126207159
https://openalex.org/W3127453253
https://openalex.org/W3127651701
https://openalex.org/W3127744390
https://openalex.org/W3127770133
https://openalex.org/W3127774704
https://openalex.org/W3127903754
https://openalex.org/W3128820534
https://openalex.org/W3131860538
https://openalex.org/W3134239152
https://openalex.org/W3134385513
https://openalex.org/W3134538090
https://openalex.org/W3135169287
https://openalex.org/W3135637209
https://openalex.org/W3136416149
https://openalex.org/W3137375489
https://openalex.org/W3138507558
https://openalex.org/W3138971997
https://openalex.org/W3139475300
https://openalex.org/W3139689433
https://openalex.org/W3141470929
https://openalex.org/W3144347067
https://openalex.org/W3144719902
https://openalex.org/W3144856965
https://openalex.org/W3145074745
https://openalex.org/W3145593588
https://openalex.org/W3146856308
https://openalex.org/W3148301480
https://openalex.org/W3149692375
https://openalex.org/W3152858947
https://openalex.org/W3158004071
https://openalex.org/W3158233532
https://openalex.org/W3158296739
https://openalex.org/W3159540948
https://openalex.org/W3159790742
https://openalex.org/W3160394050
https://openalex.org/W3162676821
https://openalex.org/W3162681561
https://openalex.org/W3163350241
https://openalex.org/W3164018708
https://openalex.org/W3166456760
https://openalex.org/W3166524593
https://openalex.org/W3166608638
https://openalex.org/W3168236651
https://openalex.org/W3171945168
https://openalex.org/W3172772504
https://openalex.org/W3173367047
https://openalex.org/W3174334751
https://openalex.org/W3174389515
https://openalex.org/W3175654543
https://openalex.org/W3176550053
https://openalex.org/W3176577094
https://openalex.org/W3177430830
https://openalex.org/W3177544553
https://openalex.org/W3180355632
https://openalex.org/W3180620253
https://openalex.org/W3181175984
https://openalex.org/W3181682814
https://openalex.org/W3181731787
https://openalex.org/W3182039857
https://openalex.org/W3182163771
https://openalex.org/W3183389419
https://openalex.org/W3183524984
https://openalex.org/W3186086313
https://openalex.org/W3187677078
https://openalex.org/W3188114764
https://openalex.org/W3188222869
https://openalex.org/W3188400869
https://openalex.org/W3190432448
https://openalex.org/W3191091480
https://openalex.org/W3192643501
https://openalex.org/W3192961001
https://openalex.org/W3193465654
https://openalex.org/W3193536971
https://openalex.org/W3193856980
https://openalex.org/W3194250958
https://openalex.org/W3194321109
https://openalex.org/W3194874339
https://openalex.org/W3195269561
https://openalex.org/W3195384099
https://openalex.org/W3196064310
https://openalex.org/W3196574765
https://openalex.org/W3196782284
https://openalex.org/W3196913622
https://openalex.org/W3197066394
https://openalex.org/W3197461600
https://openalex.org/W3198003707
https://openalex.org/W3198442380
https://openalex.org/W3199565757
https://openalex.org/W3199588192
https://openalex.org/W3199640504
https://openalex.org/W3200143099
https://openalex.org/W3200214921
https://openalex.org/W3201742195
https://openalex.org/W3202096783
https://openalex.org/W3202432797
https://openalex.org/W3203098167
https://openalex.org/W3203128295
https://openalex.org/W3203622519
https://openalex.org/W3204146713
https://openalex.org/W3204826606
https://openalex.org/W3207520453
https://openalex.org/W3208446808
https://openalex.org/W3210669176
https://openalex.org/W3213368258
https://openalex.org/W3215347229
https://openalex.org/W3215542433
https://openalex.org/W3216145536
https://openalex.org/W3217385824
https://openalex.org/W3217454826
https://openalex.org/W3217576500
https://openalex.org/W387462232
https://openalex.org/W394353901
https://openalex.org/W418230341
https://openalex.org/W4200052899
https://openalex.org/W4200098583
https://openalex.org/W4200166387
https://openalex.org/W4200179735
https://openalex.org/W4205369815
https://openalex.org/W4205396488
https://openalex.org/W4205730570
https://openalex.org/W4206135695
https://openalex.org/W4206263812
https://openalex.org/W4210341515
https://openalex.org/W4210634432
https://openalex.org/W4210947215
https://openalex.org/W4211096969
https://openalex.org/W4213120772
https://openalex.org/W4213165518
https://openalex.org/W4213250938
https://openalex.org/W4213310941
https://openalex.org/W4213319317
https://openalex.org/W4214719767
https://openalex.org/W4214835768
https://openalex.org/W4214840676
https://openalex.org/W4214900344
https://openalex.org/W4220905641
https://openalex.org/W4221007687
https://openalex.org/W4224095228
https://openalex.org/W4225424096
https://openalex.org/W4226210460
https://openalex.org/W423004436
https://openalex.org/W4230357851
https://openalex.org/W4231094566
https://openalex.org/W4231626910
https://openalex.org/W4233330985
https://openalex.org/W4233604562
https://openalex.org/W4233990002
https://openalex.org/W4234020830
https://openalex.org/W4234339304
https://openalex.org/W4234393217
https://openalex.org/W4235432638
https://openalex.org/W4235977854
https://openalex.org/W4236234704
https://openalex.org/W4237564893
https://openalex.org/W4237760841
https://openalex.org/W4238075336
https://openalex.org/W4239162098
https://openalex.org/W4239757026
https://openalex.org/W4239783579
https://openalex.org/W4240086313
https://openalex.org/W4240278871
https://openalex.org/W4240280965
https://openalex.org/W4240918694
https://openalex.org/W4243587768
https://openalex.org/W4243624463
https://openalex.org/W4243871056
https://openalex.org/W4244151191
https://openalex.org/W4244291218
https://openalex.org/W4244379506
https://openalex.org/W4244588485
https://openalex.org/W4245294520
https://openalex.org/W4245903353
https://openalex.org/W4247132710
https://openalex.org/W4247233617
https://openalex.org/W4247651799
https://openalex.org/W4247687167
https://openalex.org/W4247765935
https://openalex.org/W4248522788
https://openalex.org/W4251722350
https://openalex.org/W4252359049
https://openalex.org/W4252491825
https://openalex.org/W4253523208
https://openalex.org/W4253588196
https://openalex.org/W4253775953
https://openalex.org/W4253968005
https://openalex.org/W4255826713
https://openalex.org/W4255847523
https://openalex.org/W4256105428
https://openalex.org/W4256499955
https://openalex.org/W4281487834
https://openalex.org/W4281561015
https://openalex.org/W4281624464
https://openalex.org/W4281798752
https://openalex.org/W4281821151
https://openalex.org/W4283010773
https://openalex.org/W4283033149
https://openalex.org/W4283311604
https://openalex.org/W4283756497
https://openalex.org/W4283807367
https://openalex.org/W4285081434
https://openalex.org/W4285158442
https://openalex.org/W4285170490
https://openalex.org/W4285202750
https://openalex.org/W4285205751
https://openalex.org/W4285254772
https://openalex.org/W4285262511
https://openalex.org/W4285407347
https://openalex.org/W4285999462
https://openalex.org/W4287027636
https://openalex.org/W4287028736
https://openalex.org/W4287207848
https://openalex.org/W4288049826
https://openalex.org/W4288065538
https://openalex.org/W4289029597
https://openalex.org/W4289033233
https://openalex.org/W4289517202
https://openalex.org/W4289734477
https://openalex.org/W4292324933
https://openalex.org/W4292589873
https://openalex.org/W4292623257
https://openalex.org/W4293061054
https://openalex.org/W4293096011
https://openalex.org/W4293207562
https://openalex.org/W4293241263
https://openalex.org/W4293319870
https://openalex.org/W4293327927
https://openalex.org/W4293503099
https://openalex.org/W4294192385
https://openalex.org/W4294991332
https://openalex.org/W4295935464
https://openalex.org/W4296414217
https://openalex.org/W4296414618
https://openalex.org/W4296454036
https://openalex.org/W4296566286
https://openalex.org/W4296713914
https://openalex.org/W4297005115
https://openalex.org/W4297019259
https://openalex.org/W4297225592
https://openalex.org/W4297237094
https://openalex.org/W4297580690
https://openalex.org/W4297632327
https://openalex.org/W4297857531
https://openalex.org/W4297899514
https://openalex.org/W4297917524
https://openalex.org/W4297917659
https://openalex.org/W4297947427
https://openalex.org/W4298025970
https://openalex.org/W4298067980
https://openalex.org/W4298130535
https://openalex.org/W4298275254
https://openalex.org/W4299324462
https://openalex.org/W4299593637
https://openalex.org/W4299845770
https://openalex.org/W4300528674
https://openalex.org/W4300867026
https://openalex.org/W4300913079
https://openalex.org/W4301877137
https://openalex.org/W4301968424
https://openalex.org/W4302030672
https://openalex.org/W4302565666
https://openalex.org/W4306320520
https://openalex.org/W4306673017
https://openalex.org/W4306949651
https://openalex.org/W4307032997
https://openalex.org/W4307441662
https://openalex.org/W4307530211
https://openalex.org/W4308138240
https://openalex.org/W4308585252
https://openalex.org/W4309221542
https://openalex.org/W4309540828
https://openalex.org/W4310433260
https://openalex.org/W4310502218
https://openalex.org/W4310506255
https://openalex.org/W4310514131
https://openalex.org/W4310529623
https://openalex.org/W4310680065
https://openalex.org/W4310957282
https://openalex.org/W4312086425
https://openalex.org/W4312189262
https://openalex.org/W4312273753
https://openalex.org/W4312444844
https://openalex.org/W4312592247
https://openalex.org/W4312776921
https://openalex.org/W4312841650
https://openalex.org/W4313034975
https://openalex.org/W4313385468
https://openalex.org/W4313476357
https://openalex.org/W4313637917
https://openalex.org/W4313638983
https://openalex.org/W4313639361
https://openalex.org/W4313643233
https://openalex.org/W4315487939
https://openalex.org/W4315881784
https://openalex.org/W4318924150
https://openalex.org/W4319029740
https://openalex.org/W4319293825
https://openalex.org/W4319915695
https://openalex.org/W4320351246
https://openalex.org/W4320486865
https://openalex.org/W4321350846
https://openalex.org/W4321476795
https://openalex.org/W4321599916
https://openalex.org/W4321769149
https://openalex.org/W4321994425
https://openalex.org/W4323075000
https://openalex.org/W4323350730
https://openalex.org/W4323350924
https://openalex.org/W4323355816
https://openalex.org/W4324144964
https://openalex.org/W4327518756
https://openalex.org/W4327761223
https://openalex.org/W433041274
https://openalex.org/W4361762378
https://openalex.org/W4362548986
https://openalex.org/W4362703518
https://openalex.org/W4363646300
https://openalex.org/W4365800256
https://openalex.org/W4366599151
https://openalex.org/W4366777945
https://openalex.org/W4366850971
https://openalex.org/W4375861554
https://openalex.org/W4375954844
https://openalex.org/W4377194946
https://openalex.org/W4377968229
https://openalex.org/W4378191033
https://openalex.org/W4378194722
https://openalex.org/W4378907125
https://openalex.org/W4379054979
https://openalex.org/W4379231992
https://openalex.org/W4379525106
https://openalex.org/W4379796098
https://openalex.org/W4379980829
https://openalex.org/W4380234935
https://openalex.org/W4380302240
https://openalex.org/W4380363762
https://openalex.org/W4381190418
https://openalex.org/W4381194838
https://openalex.org/W4381199603
https://openalex.org/W4381488493
https://openalex.org/W4381685212
https://openalex.org/W4381893445
https://openalex.org/W4382940974
https://openalex.org/W4383058123
https://openalex.org/W4383066419
https://openalex.org/W4383102086
https://openalex.org/W4383108505
https://openalex.org/W4383217951
https://openalex.org/W4383302347
https://openalex.org/W4383314905
https://openalex.org/W4383378632
https://openalex.org/W4383389065
https://openalex.org/W4383819476
https://openalex.org/W4384203479
https://openalex.org/W4384301744
https://openalex.org/W4384821571
https://openalex.org/W4385264600
https://openalex.org/W4385401171
https://openalex.org/W4385447575
https://openalex.org/W4385605777
https://openalex.org/W4385615703
https://openalex.org/W4385736805
https://openalex.org/W4385795842
https://openalex.org/W4385827758
https://openalex.org/W4385830779
https://openalex.org/W4385897776
https://openalex.org/W4385977903
https://openalex.org/W4386023083
https://openalex.org/W4386051944
https://openalex.org/W4386064758
https://openalex.org/W4386114274
https://openalex.org/W4386116776
https://openalex.org/W4386128437
https://openalex.org/W4386275767
https://openalex.org/W4386449390
https://openalex.org/W4386465524
https://openalex.org/W4386467096
https://openalex.org/W4386480071
https://openalex.org/W4386568648
https://openalex.org/W4386572977
https://openalex.org/W4386704114
https://openalex.org/W4386727397
https://openalex.org/W4386902595
https://openalex.org/W4386954910
https://openalex.org/W45672250
https://openalex.org/W6444392
https://openalex.org/W647268967
https://openalex.org/W647709915
https://openalex.org/W647974744
https://openalex.org/W651932324
https://openalex.org/W749860511
https://openalex.org/W75811240
https://openalex.org/W763164222
https://openalex.org/W765367408
https://openalex.org/W770825216
https://openalex.org/W775644708
https://openalex.org/W781445063
https://openalex.org/W813809100
https://openalex.org/W815027866
https://openalex.org/W820335520
https://openalex.org/W830421871
https://openalex.org/W836633558
https://openalex.org/W840346730
https://openalex.org/W847791043
https://openalex.org/W850573726
https://openalex.org/W854571418
https://openalex.org/W863780644
https://openalex.org/W871787171
https://openalex.org/W874549833
https://openalex.org/W885823766
https://openalex.org/W886929092
https://openalex.org/W887306651
https://openalex.org/W901734491
https://openalex.org/W909687227
https://openalex.org/W910132197
https://openalex.org/W911174949
https://openalex.org/W912687438
https://openalex.org/W913698056
https://openalex.org/W919527073
https://openalex.org/W920077703
https://openalex.org/W921425625
https://openalex.org/W938020220
https://openalex.org/W938133739
https://openalex.org/W940491425
https://openalex.org/W943948987
https://openalex.org/W946892764
https://openalex.org/W951760214
https://openalex.org/W953198469
https://openalex.org/W957945924
https://openalex.org/W974118544
https://openalex.org/W976608958
https://openalex.org/W991395281
