.
https://openalex.org/W1980789245
https://openalex.org/W2154083639
https://openalex.org/W2003868383
https://openalex.org/W1982372752
https://openalex.org/W2019819424
https://openalex.org/W2030132123
https://openalex.org/W2018336040
https://openalex.org/W1995196615
https://openalex.org/W1909310469
https://openalex.org/W1987352360
https://openalex.org/W1531836615
https://openalex.org/W2064492226
https://openalex.org/W2027249140
https://openalex.org/W2016147073
https://openalex.org/W3137107306
https://openalex.org/W2162356386
https://openalex.org/W2110949627
https://openalex.org/W2553534905
https://openalex.org/W2051454588
https://openalex.org/W2155397830
https://openalex.org/W2155307968
https://openalex.org/W162707081
https://openalex.org/W2128486648
https://openalex.org/W2018640103
https://openalex.org/W2019226095
https://openalex.org/W2020841930
https://openalex.org/W1963940108
https://openalex.org/W2141042450
https://openalex.org/W1995213905
https://openalex.org/W2996386659
https://openalex.org/W2924938615
https://openalex.org/W2073471495
https://openalex.org/W2094980562
https://openalex.org/W2094136190
https://openalex.org/W2036479590
https://openalex.org/W2083300154
https://openalex.org/W3099447764
https://openalex.org/W2062940189
https://openalex.org/W2159116032
https://openalex.org/W2508300267
https://openalex.org/W1520575087
https://openalex.org/W2151686210
https://openalex.org/W2099838915
https://openalex.org/W2045324886
https://openalex.org/W2108274925
https://openalex.org/W2136912209
https://openalex.org/W1986347122
https://openalex.org/W2105792845
https://openalex.org/W1526020041
https://openalex.org/W2155633307
https://openalex.org/W2135546443
https://openalex.org/W1994601622
https://openalex.org/W2049045569
https://openalex.org/W2135219321
https://openalex.org/W2010035014
https://openalex.org/W2998796002
https://openalex.org/W2330462839
https://openalex.org/W2758552192
https://openalex.org/W1971892313
https://openalex.org/W2099322603
https://openalex.org/W2020832630
https://openalex.org/W2113263393
https://openalex.org/W2787462104
https://openalex.org/W2093786414
https://openalex.org/W2003642403
https://openalex.org/W2579308250
https://openalex.org/W2007500450
https://openalex.org/W1961674496
https://openalex.org/W2151776398
https://openalex.org/W2073011425
https://openalex.org/W2618590668
https://openalex.org/W2302174873
https://openalex.org/W2024111736
https://openalex.org/W1983865870
https://openalex.org/W2155622354
https://openalex.org/W2123481070
https://openalex.org/W2080534437
https://openalex.org/W2124821475
https://openalex.org/W1983011005
https://openalex.org/W2051620263
https://openalex.org/W2014027971
https://openalex.org/W2017768662
https://openalex.org/W2081779271
https://openalex.org/W2146742867
https://openalex.org/W4311436944
https://openalex.org/W1608374437
https://openalex.org/W4283331743
https://openalex.org/W2149343499
https://openalex.org/W2059070026
https://openalex.org/W2027398905
https://openalex.org/W2095943622
https://openalex.org/W2079581428
https://openalex.org/W2073307065
https://openalex.org/W2171230527
https://openalex.org/W2964174147
https://openalex.org/W2036515446
https://openalex.org/W2091402406
https://openalex.org/W2081203294
https://openalex.org/W1971609423
https://openalex.org/W2049493795
https://openalex.org/W2078078152
https://openalex.org/W2101103881
https://openalex.org/W1546729346
https://openalex.org/W2132849547
https://openalex.org/W1965120572
https://openalex.org/W2186017317
https://openalex.org/W1895571288
https://openalex.org/W2056904598
https://openalex.org/W2159720890
https://openalex.org/W2018505754
https://openalex.org/W1980822710
https://openalex.org/W2103288831
https://openalex.org/W2047425716
https://openalex.org/W2125036135
https://openalex.org/W1986647641
https://openalex.org/W2043036294
https://openalex.org/W2161003505
https://openalex.org/W1979548105
https://openalex.org/W2051316680
https://openalex.org/W2088575848
https://openalex.org/W1984626101
https://openalex.org/W1989983958
https://openalex.org/W2045682190
https://openalex.org/W2046573128
https://openalex.org/W2127277747
https://openalex.org/W1995025951
https://openalex.org/W2068214718
https://openalex.org/W2056551576
https://openalex.org/W2064652073
https://openalex.org/W2340938366
https://openalex.org/W2128674875
https://openalex.org/W2334779921
https://openalex.org/W2150296976
https://openalex.org/W1998816668
https://openalex.org/W2021693662
https://openalex.org/W2099956701
https://openalex.org/W2083134078
https://openalex.org/W2409578844
https://openalex.org/W2005650084
https://openalex.org/W2024091788
https://openalex.org/W2005048584
https://openalex.org/W2038001934
https://openalex.org/W2898061669
https://openalex.org/W2129406101
https://openalex.org/W1977339956
https://openalex.org/W2013362071
https://openalex.org/W2039956992
https://openalex.org/W2071402420
https://openalex.org/W2025440333
https://openalex.org/W2166716713
https://openalex.org/W2780749587
https://openalex.org/W2034299622
https://openalex.org/W2119317520
https://openalex.org/W1660842594
https://openalex.org/W2016162633
https://openalex.org/W2034021612
https://openalex.org/W2114284647
https://openalex.org/W2090766687
https://openalex.org/W2150089969
https://openalex.org/W2911224044
https://openalex.org/W2009816016
https://openalex.org/W2989843993
https://openalex.org/W1992678427
https://openalex.org/W2012429567
https://openalex.org/W2131007362
https://openalex.org/W2015316493
https://openalex.org/W2062916042
https://openalex.org/W2070741080
https://openalex.org/W2005933589
https://openalex.org/W2059020920
https://openalex.org/W2407514981
https://openalex.org/W2909905004
https://openalex.org/W1892380407
https://openalex.org/W2018518355
https://openalex.org/W2043548405
https://openalex.org/W2087883010
https://openalex.org/W2137776025
https://openalex.org/W2018798426
https://openalex.org/W2099110822
https://openalex.org/W2163478082
https://openalex.org/W1974440970
https://openalex.org/W2004498427
https://openalex.org/W2034014162
https://openalex.org/W1983912885
https://openalex.org/W2031998854
https://openalex.org/W2073107598
https://openalex.org/W1879784700
https://openalex.org/W2080139779
https://openalex.org/W2127120957
https://openalex.org/W2027482785
https://openalex.org/W2085593694
https://openalex.org/W2320891287
https://openalex.org/W2602069611
https://openalex.org/W2948088150
https://openalex.org/W2112198917
https://openalex.org/W2323939159
https://openalex.org/W1898752838
https://openalex.org/W1576073791
https://openalex.org/W1851325672
https://openalex.org/W1963824741
https://openalex.org/W1999062038
https://openalex.org/W2101071909
https://openalex.org/W1955080810
https://openalex.org/W2163332816
https://openalex.org/W2287966185
https://openalex.org/W1784720670
https://openalex.org/W2017850328
https://openalex.org/W2039340172
https://openalex.org/W2044845884
https://openalex.org/W2066004845
https://openalex.org/W1982327881
https://openalex.org/W1985670522
https://openalex.org/W1994552664
https://openalex.org/W2032619723
https://openalex.org/W2097424228
https://openalex.org/W1973381742
https://openalex.org/W2021218107
https://openalex.org/W2061652622
https://openalex.org/W1528118032
https://openalex.org/W2006190082
https://openalex.org/W2081900016
https://openalex.org/W2142656313
https://openalex.org/W2155134292
https://openalex.org/W2793087166
https://openalex.org/W2975499462
https://openalex.org/W4249014180
https://openalex.org/W1519897323
https://openalex.org/W1987270095
https://openalex.org/W2086779589
https://openalex.org/W2124032835
https://openalex.org/W2041218355
https://openalex.org/W2053280764
https://openalex.org/W2159254116
https://openalex.org/W2286606582
https://openalex.org/W2060638458
https://openalex.org/W2083577646
https://openalex.org/W2888100913
https://openalex.org/W3033371289
https://openalex.org/W3109330936
https://openalex.org/W2049140820
https://openalex.org/W2081319152
https://openalex.org/W2085778655
https://openalex.org/W2144762015
https://openalex.org/W2971268498
https://openalex.org/W3035487097
https://openalex.org/W2084615382
https://openalex.org/W2133667646
https://openalex.org/W2416288928
https://openalex.org/W2921699026
https://openalex.org/W2970182266
https://openalex.org/W4249003903
https://openalex.org/W1972158787
https://openalex.org/W2024118707
https://openalex.org/W2026518721
https://openalex.org/W2047254053
https://openalex.org/W2088295889
https://openalex.org/W2137913311
https://openalex.org/W2289722897
https://openalex.org/W2742134432
https://openalex.org/W1987848877
https://openalex.org/W2272218722
https://openalex.org/W1913337589
https://openalex.org/W1998376910
https://openalex.org/W2059483820
https://openalex.org/W2061763344
https://openalex.org/W2080789669
https://openalex.org/W2086120961
https://openalex.org/W1965744238
https://openalex.org/W2094722501
https://openalex.org/W1983772639
https://openalex.org/W2053434296
https://openalex.org/W2067546597
https://openalex.org/W2086708879
https://openalex.org/W2092116487
https://openalex.org/W2113687557
https://openalex.org/W2070164024
https://openalex.org/W2152069022
https://openalex.org/W1992046125
https://openalex.org/W2765531531
https://openalex.org/W1690238483
https://openalex.org/W1999900134
https://openalex.org/W2040159169
https://openalex.org/W2051238224
https://openalex.org/W2079721338
https://openalex.org/W2084975953
https://openalex.org/W2098060422
https://openalex.org/W2274220969
https://openalex.org/W1994528984
https://openalex.org/W1998342699
https://openalex.org/W2002147281
https://openalex.org/W2084717026
https://openalex.org/W2113350900
https://openalex.org/W2258309090
https://openalex.org/W1974303957
https://openalex.org/W1993303027
https://openalex.org/W2005006705
https://openalex.org/W2101659996
https://openalex.org/W1498995552
https://openalex.org/W2011058830
https://openalex.org/W2012195402
https://openalex.org/W2065940035
https://openalex.org/W2552775152
https://openalex.org/W1978626717
https://openalex.org/W2083650330
https://openalex.org/W2124799425
https://openalex.org/W2765750906
https://openalex.org/W2985951380
https://openalex.org/W1978946785
https://openalex.org/W1981534003
https://openalex.org/W2059578188
https://openalex.org/W3169953297
https://openalex.org/W2142525788
https://openalex.org/W2144700396
https://openalex.org/W2612513953
https://openalex.org/W2790627285
https://openalex.org/W1978454013
https://openalex.org/W2001099081
https://openalex.org/W2005455363
https://openalex.org/W2019622223
https://openalex.org/W2036847094
https://openalex.org/W2044757657
https://openalex.org/W2062525847
https://openalex.org/W2164478392
https://openalex.org/W2172248236
https://openalex.org/W2080901540
https://openalex.org/W2428161609
https://openalex.org/W1986315117
https://openalex.org/W2025230351
https://openalex.org/W2063338557
https://openalex.org/W2069849516
https://openalex.org/W2111263392
https://openalex.org/W2955404225
https://openalex.org/W1973062639
https://openalex.org/W1995507415
https://openalex.org/W1996172665
https://openalex.org/W2057839027
https://openalex.org/W2125177287
https://openalex.org/W2144110439
https://openalex.org/W2951987914
https://openalex.org/W3210316066
https://openalex.org/W1575274804
https://openalex.org/W1963541496
https://openalex.org/W1978934863
https://openalex.org/W2020062388
https://openalex.org/W2035934388
https://openalex.org/W2090930833
https://openalex.org/W2316647275
https://openalex.org/W1970464019
https://openalex.org/W2075952763
https://openalex.org/W2100531526
https://openalex.org/W2248001437
https://openalex.org/W4200346031
https://openalex.org/W8106285
https://openalex.org/W1988683319
https://openalex.org/W2012636089
https://openalex.org/W2136568760
https://openalex.org/W2226811668
https://openalex.org/W1854884714
https://openalex.org/W2006148647
https://openalex.org/W2028387585
https://openalex.org/W2049544869
https://openalex.org/W2122027004
https://openalex.org/W2953036232
https://openalex.org/W4200231439
https://openalex.org/W1924527617
https://openalex.org/W1924607299
https://openalex.org/W2001804102
https://openalex.org/W2070662351
https://openalex.org/W2088655832
https://openalex.org/W2619166940
https://openalex.org/W1497748144
https://openalex.org/W2036196149
https://openalex.org/W2060577328
https://openalex.org/W2090360496
https://openalex.org/W2122238125
https://openalex.org/W4233773907
https://openalex.org/W1968109963
https://openalex.org/W2067682305
https://openalex.org/W2098523767
https://openalex.org/W2964583576
https://openalex.org/W1507064797
https://openalex.org/W2014976223
https://openalex.org/W2050299094
https://openalex.org/W2071202016
https://openalex.org/W2079970579
https://openalex.org/W2080601908
https://openalex.org/W2171557195
https://openalex.org/W2332348302
https://openalex.org/W2404559620
https://openalex.org/W2534606192
https://openalex.org/W1496035665
https://openalex.org/W2016642541
https://openalex.org/W2025257352
https://openalex.org/W2074427868
https://openalex.org/W2081716930
https://openalex.org/W2114372896
https://openalex.org/W2121731183
https://openalex.org/W2414103418
https://openalex.org/W2972009500
https://openalex.org/W1606446077
https://openalex.org/W2047497826
https://openalex.org/W2114952553
https://openalex.org/W2166822600
https://openalex.org/W2277950136
https://openalex.org/W2596793039
https://openalex.org/W2767840926
https://openalex.org/W2993367238
https://openalex.org/W1527562139
https://openalex.org/W1969934450
https://openalex.org/W2000995272
https://openalex.org/W2010278988
https://openalex.org/W2011582475
https://openalex.org/W2016487282
https://openalex.org/W2022567576
https://openalex.org/W2085071324
https://openalex.org/W2812031262
https://openalex.org/W1963820046
https://openalex.org/W1971674952
https://openalex.org/W1987827799
https://openalex.org/W2023879656
https://openalex.org/W2048353097
https://openalex.org/W2289733881
https://openalex.org/W2339993148
https://openalex.org/W2986873677
https://openalex.org/W3206775184
https://openalex.org/W2118084082
https://openalex.org/W2123487899
https://openalex.org/W2161560530
https://openalex.org/W2595379700
https://openalex.org/W2914182231
https://openalex.org/W2969738176
https://openalex.org/W1607251093
https://openalex.org/W1983218333
https://openalex.org/W2008940314
https://openalex.org/W2038948629
https://openalex.org/W2052423029
https://openalex.org/W2114605799
https://openalex.org/W2127041402
https://openalex.org/W2164292937
https://openalex.org/W10103814
https://openalex.org/W2033367417
https://openalex.org/W2074591731
https://openalex.org/W2136142339
https://openalex.org/W1988664574
https://openalex.org/W2053575506
https://openalex.org/W2059363355
https://openalex.org/W2061525428
https://openalex.org/W2140252540
https://openalex.org/W2151464548
https://openalex.org/W2591048484
https://openalex.org/W2732704102
https://openalex.org/W2892104600
https://openalex.org/W1485829830
https://openalex.org/W1868601001
https://openalex.org/W1966722545
https://openalex.org/W1980265558
https://openalex.org/W1989370282
https://openalex.org/W1995059870
https://openalex.org/W2041299871
https://openalex.org/W2067243996
https://openalex.org/W2090938782
https://openalex.org/W2115315000
https://openalex.org/W2156938617
https://openalex.org/W3005153693
https://openalex.org/W4250231532
https://openalex.org/W1984098406
https://openalex.org/W2048607058
https://openalex.org/W2091315546
https://openalex.org/W2102138421
https://openalex.org/W2156966478
https://openalex.org/W2731847432
https://openalex.org/W2953537155
https://openalex.org/W3120750913
https://openalex.org/W1703267963
https://openalex.org/W2002948772
https://openalex.org/W2020767016
https://openalex.org/W2025519250
https://openalex.org/W2052696818
https://openalex.org/W2056396634
https://openalex.org/W2075607134
https://openalex.org/W2081670295
https://openalex.org/W2103928627
https://openalex.org/W2130290319
https://openalex.org/W2136910311
https://openalex.org/W2168968228
https://openalex.org/W2905003681
https://openalex.org/W3000221245
https://openalex.org/W1195173312
https://openalex.org/W1634187189
https://openalex.org/W1951064483
https://openalex.org/W1973568082
https://openalex.org/W1975045159
https://openalex.org/W1988439256
https://openalex.org/W1998699102
https://openalex.org/W2001567005
https://openalex.org/W2006973333
https://openalex.org/W2044459021
https://openalex.org/W2055530121
https://openalex.org/W2081403405
https://openalex.org/W2099378312
https://openalex.org/W2099530938
https://openalex.org/W2113858286
https://openalex.org/W2155625664
https://openalex.org/W1533423510
https://openalex.org/W1969183396
https://openalex.org/W2003968090
https://openalex.org/W2006505811
https://openalex.org/W2054330148
https://openalex.org/W2148539082
https://openalex.org/W2168377523
https://openalex.org/W2168566366
https://openalex.org/W2542262075
https://openalex.org/W2920844074
https://openalex.org/W3015218594
https://openalex.org/W1983870685
https://openalex.org/W2051374862
https://openalex.org/W2083696903
https://openalex.org/W2110969749
https://openalex.org/W2124000047
https://openalex.org/W2125374373
https://openalex.org/W2461676461
https://openalex.org/W1871045070
https://openalex.org/W1979555042
https://openalex.org/W1991243191
https://openalex.org/W2059916560
https://openalex.org/W2068642814
https://openalex.org/W3205538970
https://openalex.org/W1168002348
https://openalex.org/W1965218672
https://openalex.org/W1968920995
https://openalex.org/W2016526337
https://openalex.org/W2030186754
https://openalex.org/W2048848819
https://openalex.org/W2049519101
https://openalex.org/W2071892970
https://openalex.org/W2079678856
https://openalex.org/W2108286617
https://openalex.org/W2113968856
https://openalex.org/W2171931949
https://openalex.org/W2475344517
https://openalex.org/W2744861199
https://openalex.org/W1525290983
https://openalex.org/W2003943777
https://openalex.org/W2069502793
https://openalex.org/W2093339798
https://openalex.org/W2808544650
https://openalex.org/W2916474299
https://openalex.org/W1986114067
https://openalex.org/W1995223302
https://openalex.org/W2010814865
https://openalex.org/W2027858785
https://openalex.org/W2040652269
https://openalex.org/W2046867306
https://openalex.org/W2730442514
https://openalex.org/W2892015226
https://openalex.org/W2950408608
https://openalex.org/W2971247054
https://openalex.org/W1543046993
https://openalex.org/W1646320886
https://openalex.org/W1978493335
https://openalex.org/W1993026259
https://openalex.org/W2005888474
https://openalex.org/W2066971352
https://openalex.org/W3014700771
https://openalex.org/W3088233835
https://openalex.org/W1547410992
https://openalex.org/W2086422435
https://openalex.org/W2112614667
https://openalex.org/W2481647432
https://openalex.org/W2801487100
https://openalex.org/W2992750863
https://openalex.org/W3004503436
https://openalex.org/W31466051
https://openalex.org/W1766782436
https://openalex.org/W1972283931
https://openalex.org/W1984923874
https://openalex.org/W1985064772
https://openalex.org/W2053683907
https://openalex.org/W2057603100
https://openalex.org/W2070250286
https://openalex.org/W2102017987
https://openalex.org/W2251929465
https://openalex.org/W2325682770
https://openalex.org/W2416683793
https://openalex.org/W2617327209
https://openalex.org/W2789807375
https://openalex.org/W3023246449
https://openalex.org/W1754478382
https://openalex.org/W1967481151
https://openalex.org/W1977643626
https://openalex.org/W1977797185
https://openalex.org/W1978630086
https://openalex.org/W1986892641
https://openalex.org/W1995645104
https://openalex.org/W2037249336
https://openalex.org/W2037786609
https://openalex.org/W2057713602
https://openalex.org/W2061948071
https://openalex.org/W2084070901
https://openalex.org/W2087516271
https://openalex.org/W2087731066
https://openalex.org/W2324490223
https://openalex.org/W2540854764
https://openalex.org/W2963960370
https://openalex.org/W2994772260
https://openalex.org/W1442259858
https://openalex.org/W1984051438
https://openalex.org/W2005535240
https://openalex.org/W2006948867
https://openalex.org/W2017633680
https://openalex.org/W2032500606
https://openalex.org/W2047039583
https://openalex.org/W2057542901
https://openalex.org/W2058668072
https://openalex.org/W2058718727
https://openalex.org/W2116991926
https://openalex.org/W2413567631
https://openalex.org/W2936174408
https://openalex.org/W1504285676
https://openalex.org/W1581870304
https://openalex.org/W2033044694
https://openalex.org/W2043523046
https://openalex.org/W2062338979
https://openalex.org/W2076069220
https://openalex.org/W2079422705
https://openalex.org/W2140379476
https://openalex.org/W2146187731
https://openalex.org/W2147314790
https://openalex.org/W2171431610
https://openalex.org/W2216666738
https://openalex.org/W3084246142
https://openalex.org/W3131364017
https://openalex.org/W3191885320
https://openalex.org/W1522068247
https://openalex.org/W1964991685
https://openalex.org/W2000467213
https://openalex.org/W2001556933
https://openalex.org/W2013907892
https://openalex.org/W2084893008
https://openalex.org/W2167210454
https://openalex.org/W2195898406
https://openalex.org/W2791021059
https://openalex.org/W2805484370
https://openalex.org/W2900826672
https://openalex.org/W2943900104
https://openalex.org/W3012148958
https://openalex.org/W1759675687
https://openalex.org/W1968926036
https://openalex.org/W1997826544
https://openalex.org/W2006767257
https://openalex.org/W2052018686
https://openalex.org/W2076645988
https://openalex.org/W2076668932
https://openalex.org/W2083394183
https://openalex.org/W2093117881
https://openalex.org/W2094972135
https://openalex.org/W2095033554
https://openalex.org/W2120044059
https://openalex.org/W2169791162
https://openalex.org/W2545602411
https://openalex.org/W2588390459
https://openalex.org/W2616342414
https://openalex.org/W2788109308
https://openalex.org/W2921773252
https://openalex.org/W1973212590
https://openalex.org/W2005617196
https://openalex.org/W2010073280
https://openalex.org/W2026150658
https://openalex.org/W2032158640
https://openalex.org/W2036176571
https://openalex.org/W2042682870
https://openalex.org/W2058157276
https://openalex.org/W2068637064
https://openalex.org/W2327218803
https://openalex.org/W2423360064
https://openalex.org/W2563018501
https://openalex.org/W2908294448
https://openalex.org/W2992043654
https://openalex.org/W1970241197
https://openalex.org/W1970624369
https://openalex.org/W1990194029
https://openalex.org/W2033952609
https://openalex.org/W2037195808
https://openalex.org/W2044749643
https://openalex.org/W2051905624
https://openalex.org/W2070738479
https://openalex.org/W2075750468
https://openalex.org/W2082840763
https://openalex.org/W2091491861
https://openalex.org/W2094724396
https://openalex.org/W2097168188
https://openalex.org/W2097721721
https://openalex.org/W2117364171
https://openalex.org/W2128087851
https://openalex.org/W2254632932
https://openalex.org/W2747515842
https://openalex.org/W2803774802
https://openalex.org/W2922671339
https://openalex.org/W3011829837
https://openalex.org/W3029793598
https://openalex.org/W1806656779
https://openalex.org/W1972882966
https://openalex.org/W2051390317
https://openalex.org/W2055704410
https://openalex.org/W2059992022
https://openalex.org/W2081099764
https://openalex.org/W2082078575
https://openalex.org/W2123969902
https://openalex.org/W2174787689
https://openalex.org/W2227489293
https://openalex.org/W2750537464
https://openalex.org/W2766118835
https://openalex.org/W2800773888
https://openalex.org/W2911849769
https://openalex.org/W1538439713
https://openalex.org/W1753767060
https://openalex.org/W1974524021
https://openalex.org/W1990155507
https://openalex.org/W1996925400
https://openalex.org/W1998534699
https://openalex.org/W2028293623
https://openalex.org/W2054374465
https://openalex.org/W2057826899
https://openalex.org/W2087463279
https://openalex.org/W2098529870
https://openalex.org/W2765748845
https://openalex.org/W2913325570
https://openalex.org/W3032319932
https://openalex.org/W4255791855
https://openalex.org/W1972290870
https://openalex.org/W1973475710
https://openalex.org/W1983583122
https://openalex.org/W2010839032
https://openalex.org/W2012148513
https://openalex.org/W2016495948
https://openalex.org/W2033526897
https://openalex.org/W2075375744
https://openalex.org/W2081124173
https://openalex.org/W2093394206
https://openalex.org/W2099873396
https://openalex.org/W2106793164
https://openalex.org/W2110395676
https://openalex.org/W2143402740
https://openalex.org/W2143962934
https://openalex.org/W2542245064
https://openalex.org/W2553874547
https://openalex.org/W2587176951
https://openalex.org/W2765445970
https://openalex.org/W2773348725
https://openalex.org/W2887089764
https://openalex.org/W2898324619
https://openalex.org/W3013885790
https://openalex.org/W148963448
https://openalex.org/W1580009258
https://openalex.org/W2011515604
https://openalex.org/W2018997779
https://openalex.org/W2021355794
https://openalex.org/W2022347519
https://openalex.org/W2063988607
https://openalex.org/W2071073583
https://openalex.org/W2075475744
https://openalex.org/W2082574536
https://openalex.org/W2108823810
https://openalex.org/W2179266718
https://openalex.org/W2289283950
https://openalex.org/W2297753866
https://openalex.org/W2316621738
https://openalex.org/W2519301426
https://openalex.org/W2739120259
https://openalex.org/W2891070625
https://openalex.org/W2927908763
https://openalex.org/W2947879778
https://openalex.org/W3108970185
https://openalex.org/W16870745
https://openalex.org/W1967931230
https://openalex.org/W1978130279
https://openalex.org/W1982093052
https://openalex.org/W2040132228
https://openalex.org/W2054927552
https://openalex.org/W2094753170
https://openalex.org/W2154046072
https://openalex.org/W2465015102
https://openalex.org/W2565779045
https://openalex.org/W2604248105
https://openalex.org/W2891369653
https://openalex.org/W2991282487
https://openalex.org/W2999057984
https://openalex.org/W3175187641
https://openalex.org/W1966898047
https://openalex.org/W1971421983
https://openalex.org/W1978189384
https://openalex.org/W1983247018
https://openalex.org/W2000127311
https://openalex.org/W2027524436
https://openalex.org/W2034779239
https://openalex.org/W2039584734
https://openalex.org/W2046309942
https://openalex.org/W2047760955
https://openalex.org/W2082162627
https://openalex.org/W2083509492
https://openalex.org/W2157481354
https://openalex.org/W2320066500
https://openalex.org/W2557322399
https://openalex.org/W2769848981
https://openalex.org/W2972005859
https://openalex.org/W2987913301
https://openalex.org/W2996315366
https://openalex.org/W3010656285
https://openalex.org/W3111153115
https://openalex.org/W3119077469
https://openalex.org/W3130366704
https://openalex.org/W66152339
https://openalex.org/W1667724106
https://openalex.org/W2016814093
https://openalex.org/W2031287902
https://openalex.org/W2053786608
https://openalex.org/W2063009332
https://openalex.org/W2069051357
https://openalex.org/W2079729015
https://openalex.org/W2083380475
https://openalex.org/W2157352972
https://openalex.org/W2321911344
https://openalex.org/W2436031915
https://openalex.org/W2924997225
https://openalex.org/W1969227168
https://openalex.org/W1970330567
https://openalex.org/W1974769031
https://openalex.org/W1986731363
https://openalex.org/W2019054441
https://openalex.org/W2029042312
https://openalex.org/W2033750456
https://openalex.org/W2043797848
https://openalex.org/W2071883298
https://openalex.org/W2141385700
https://openalex.org/W2205353295
https://openalex.org/W2312901289
https://openalex.org/W2322011954
https://openalex.org/W2334295798
https://openalex.org/W2398499051
https://openalex.org/W2417897123
https://openalex.org/W2507269543
https://openalex.org/W2510325530
https://openalex.org/W2556513144
https://openalex.org/W3002656348
https://openalex.org/W3106393083
https://openalex.org/W3177906579
https://openalex.org/W1552316445
https://openalex.org/W1554255383
https://openalex.org/W1966440485
https://openalex.org/W2032446469
https://openalex.org/W2052187353
https://openalex.org/W2055769427
https://openalex.org/W2062473833
https://openalex.org/W2075355458
https://openalex.org/W2086659995
https://openalex.org/W2089255758
https://openalex.org/W2144657155
https://openalex.org/W2146854986
https://openalex.org/W2148071201
https://openalex.org/W2154644475
https://openalex.org/W2157622742
https://openalex.org/W2161394494
https://openalex.org/W2161414611
https://openalex.org/W2168724942
https://openalex.org/W2203968569
https://openalex.org/W2326509599
https://openalex.org/W2463317218
https://openalex.org/W2541714591
https://openalex.org/W254558973
https://openalex.org/W2602728061
https://openalex.org/W2887042408
https://openalex.org/W2890676872
https://openalex.org/W2900692074
https://openalex.org/W2922348688
https://openalex.org/W2929496924
https://openalex.org/W3082619696
https://openalex.org/W1710846749
https://openalex.org/W1890645185
https://openalex.org/W189961024
https://openalex.org/W1915335500
https://openalex.org/W1980781560
https://openalex.org/W1994831257
https://openalex.org/W2006485140
https://openalex.org/W2008913706
https://openalex.org/W2040578757
https://openalex.org/W2052242027
https://openalex.org/W2053706254
https://openalex.org/W2066181763
https://openalex.org/W2092746301
https://openalex.org/W2111598525
https://openalex.org/W2167643905
https://openalex.org/W2170180217
https://openalex.org/W2314105921
https://openalex.org/W2338638160
https://openalex.org/W2464452183
https://openalex.org/W2586752288
https://openalex.org/W3039132403
https://openalex.org/W4239287547
https://openalex.org/W1593992070
https://openalex.org/W1929612950
https://openalex.org/W1963554608
https://openalex.org/W1963810307
https://openalex.org/W1979180092
https://openalex.org/W1989728835
https://openalex.org/W2020974607
https://openalex.org/W2040014648
https://openalex.org/W2050014312
https://openalex.org/W2051558820
https://openalex.org/W2066424003
https://openalex.org/W2075751495
https://openalex.org/W2106413917
https://openalex.org/W2119050861
https://openalex.org/W2145341787
https://openalex.org/W2232420189
https://openalex.org/W2259146450
https://openalex.org/W2365276244
https://openalex.org/W2565533640
https://openalex.org/W2775244332
https://openalex.org/W2849390201
https://openalex.org/W2906529234
https://openalex.org/W2972794808
https://openalex.org/W2982308128
https://openalex.org/W3021934261
https://openalex.org/W3097033047
https://openalex.org/W3115089900
https://openalex.org/W3120701370
https://openalex.org/W3157348189
https://openalex.org/W55085679
https://openalex.org/W1618328770
https://openalex.org/W1941403918
https://openalex.org/W1989770335
https://openalex.org/W1997501500
https://openalex.org/W2007702361
https://openalex.org/W200892562
https://openalex.org/W2010736004
https://openalex.org/W2016365427
https://openalex.org/W2027910176
https://openalex.org/W2036455058
https://openalex.org/W2051142061
https://openalex.org/W2063010663
https://openalex.org/W2070045993
https://openalex.org/W2094232147
https://openalex.org/W2128847674
https://openalex.org/W2147944988
https://openalex.org/W2154145045
https://openalex.org/W2159099732
https://openalex.org/W2172843684
https://openalex.org/W2208505871
https://openalex.org/W2275175777
https://openalex.org/W2290301321
https://openalex.org/W2323410768
https://openalex.org/W2794701432
https://openalex.org/W2871814895
https://openalex.org/W2888379965
https://openalex.org/W2896145300
https://openalex.org/W2964488221
https://openalex.org/W2969778646
https://openalex.org/W3028720963
https://openalex.org/W3091853027
https://openalex.org/W3097035060
https://openalex.org/W3191116136
https://openalex.org/W327231654
https://openalex.org/W1571685558
https://openalex.org/W1926259429
https://openalex.org/W1941804971
https://openalex.org/W1965543070
https://openalex.org/W1965994189
https://openalex.org/W1973156715
https://openalex.org/W1978334733
https://openalex.org/W1986178992
https://openalex.org/W2042189258
https://openalex.org/W2045804370
https://openalex.org/W2050819632
https://openalex.org/W2054300090
https://openalex.org/W2062787016
https://openalex.org/W2063368348
https://openalex.org/W2064052085
https://openalex.org/W2093125580
https://openalex.org/W2128866480
https://openalex.org/W2154471868
https://openalex.org/W2493745194
https://openalex.org/W2515400174
https://openalex.org/W2542908041
https://openalex.org/W2767948279
https://openalex.org/W3013662736
https://openalex.org/W3112100052
https://openalex.org/W3125059242
https://openalex.org/W4210308998
https://openalex.org/W4220700445
https://openalex.org/W1463770534
https://openalex.org/W1473969488
https://openalex.org/W1518875128
https://openalex.org/W1550900176
https://openalex.org/W1864629116
https://openalex.org/W1975572268
https://openalex.org/W1991440117
https://openalex.org/W1999199512
https://openalex.org/W2003912195
https://openalex.org/W2015479749
https://openalex.org/W2015776011
https://openalex.org/W2020314537
https://openalex.org/W2035880876
https://openalex.org/W2038681553
https://openalex.org/W2040025678
https://openalex.org/W2045568472
https://openalex.org/W2054677296
https://openalex.org/W2055519211
https://openalex.org/W2072603533
https://openalex.org/W2087328460
https://openalex.org/W2108533834
https://openalex.org/W2125753450
https://openalex.org/W2157075753
https://openalex.org/W2167761667
https://openalex.org/W2420655579
https://openalex.org/W2588828993
https://openalex.org/W2591853526
https://openalex.org/W2766249266
https://openalex.org/W2768499207
https://openalex.org/W2894970744
https://openalex.org/W2907381729
https://openalex.org/W2911340193
https://openalex.org/W1920674043
https://openalex.org/W1965501216
https://openalex.org/W1968077739
https://openalex.org/W1973338905
https://openalex.org/W1974165152
https://openalex.org/W1975337288
https://openalex.org/W1977154809
https://openalex.org/W1985359407
https://openalex.org/W2001183296
https://openalex.org/W2011625328
https://openalex.org/W2020563449
https://openalex.org/W2041513666
https://openalex.org/W2078745301
https://openalex.org/W2117137011
https://openalex.org/W2158728573
https://openalex.org/W2240702545
https://openalex.org/W2284825358
https://openalex.org/W2568416995
https://openalex.org/W2586371069
https://openalex.org/W2612259296
https://openalex.org/W2790945429
https://openalex.org/W2803051840
https://openalex.org/W2875622141
https://openalex.org/W2884403128
https://openalex.org/W2914066120
https://openalex.org/W2922159962
https://openalex.org/W2980162537
https://openalex.org/W3043429453
https://openalex.org/W3086924286
https://openalex.org/W3094433291
https://openalex.org/W3134259935
https://openalex.org/W3155240037
https://openalex.org/W3161569736
https://openalex.org/W4280567542
https://openalex.org/W1908346834
https://openalex.org/W1963723106
https://openalex.org/W1969519625
https://openalex.org/W1973311902
https://openalex.org/W1975663554
https://openalex.org/W1979379575
https://openalex.org/W1997633068
https://openalex.org/W2002514968
https://openalex.org/W2030865688
https://openalex.org/W2052611128
https://openalex.org/W2063420436
https://openalex.org/W2108736057
https://openalex.org/W2318469952
https://openalex.org/W2444327107
https://openalex.org/W2541824669
https://openalex.org/W2544391081
https://openalex.org/W2551892677
https://openalex.org/W2552386391
https://openalex.org/W2569396570
https://openalex.org/W2601712675
https://openalex.org/W2607210007
https://openalex.org/W2625080654
https://openalex.org/W2626328256
https://openalex.org/W2754602729
https://openalex.org/W2772888251
https://openalex.org/W2793994500
https://openalex.org/W2808011553
https://openalex.org/W2846401785
https://openalex.org/W2891940902
https://openalex.org/W2908802515
https://openalex.org/W2912414294
https://openalex.org/W2914981446
https://openalex.org/W2915909542
https://openalex.org/W2948847418
https://openalex.org/W2969147804
https://openalex.org/W2997330044
https://openalex.org/W3006544271
https://openalex.org/W3007023615
https://openalex.org/W3045139370
https://openalex.org/W3045789258
https://openalex.org/W3087086711
https://openalex.org/W3106952207
https://openalex.org/W3111192406
https://openalex.org/W3201013131
https://openalex.org/W1833146786
https://openalex.org/W1931684879
https://openalex.org/W1933267858
https://openalex.org/W1991756152
https://openalex.org/W2001716657
https://openalex.org/W2012995953
https://openalex.org/W2014560364
https://openalex.org/W2015026335
https://openalex.org/W2021011998
https://openalex.org/W2023038024
https://openalex.org/W2024009026
https://openalex.org/W2034709105
https://openalex.org/W2036786328
https://openalex.org/W2038278333
https://openalex.org/W2038440978
https://openalex.org/W2039261847
https://openalex.org/W2043733941
https://openalex.org/W2044755379
https://openalex.org/W2045722767
https://openalex.org/W2050813359
https://openalex.org/W2063398866
https://openalex.org/W2066325277
https://openalex.org/W2067684829
https://openalex.org/W2119509339
https://openalex.org/W2184775623
https://openalex.org/W2294123583
https://openalex.org/W2331495167
https://openalex.org/W2342564387
https://openalex.org/W2396947903
https://openalex.org/W2464212497
https://openalex.org/W2587528942
https://openalex.org/W2766982056
https://openalex.org/W2892363976
https://openalex.org/W2904231823
https://openalex.org/W2993090681
https://openalex.org/W3134996968
https://openalex.org/W3155469598
https://openalex.org/W3205233468
https://openalex.org/W96761266
https://openalex.org/W975906999
https://openalex.org/W110801934
https://openalex.org/W1522955534
https://openalex.org/W1532514889
https://openalex.org/W1601207004
https://openalex.org/W1784211721
https://openalex.org/W1967828705
https://openalex.org/W1985854233
https://openalex.org/W1987144725
https://openalex.org/W1996498656
https://openalex.org/W1997533772
https://openalex.org/W2009661940
https://openalex.org/W2024312715
https://openalex.org/W2025428103
https://openalex.org/W2026313467
https://openalex.org/W2049574706
https://openalex.org/W2062586231
https://openalex.org/W2062595039
https://openalex.org/W2072653185
https://openalex.org/W2140598897
https://openalex.org/W2339106418
https://openalex.org/W2394770220
https://openalex.org/W2413050899
https://openalex.org/W2502573189
https://openalex.org/W2732654585
https://openalex.org/W2732887394
https://openalex.org/W2749828055
https://openalex.org/W2763463882
https://openalex.org/W2885191823
https://openalex.org/W2899341369
https://openalex.org/W2907515350
https://openalex.org/W2914439462
https://openalex.org/W2955615517
https://openalex.org/W2994520852
https://openalex.org/W3002124090
https://openalex.org/W3087272647
https://openalex.org/W3211034644
https://openalex.org/W4200143262
https://openalex.org/W4200335291
https://openalex.org/W154448913
https://openalex.org/W1974334627
https://openalex.org/W1983564899
https://openalex.org/W2007764515
https://openalex.org/W2019839175
https://openalex.org/W2021718403
https://openalex.org/W2023042410
https://openalex.org/W2027316322
https://openalex.org/W2031322786
https://openalex.org/W2043508411
https://openalex.org/W2050885181
https://openalex.org/W2050994142
https://openalex.org/W2059868283
https://openalex.org/W2076448233
https://openalex.org/W2081202403
https://openalex.org/W2085465834
https://openalex.org/W2105481837
https://openalex.org/W2167529836
https://openalex.org/W2206309859
https://openalex.org/W2214794448
https://openalex.org/W2296252891
https://openalex.org/W2510652761
https://openalex.org/W2592909401
https://openalex.org/W2602830847
https://openalex.org/W2746085626
https://openalex.org/W2767335241
https://openalex.org/W2787387368
https://openalex.org/W2806016149
https://openalex.org/W2947633642
https://openalex.org/W2953067676
https://openalex.org/W2998269268
https://openalex.org/W3018080144
https://openalex.org/W3162123732
https://openalex.org/W3207437352
https://openalex.org/W3208103019
https://openalex.org/W4235042184
https://openalex.org/W4237946990
https://openalex.org/W4296672892
https://openalex.org/W1260271273
https://openalex.org/W1612875716
https://openalex.org/W1777470336
https://openalex.org/W1969727933
https://openalex.org/W1975029003
https://openalex.org/W1984752347
https://openalex.org/W1988747068
https://openalex.org/W1991917623
https://openalex.org/W1991978127
https://openalex.org/W1999742067
https://openalex.org/W2002015548
https://openalex.org/W2005636679
https://openalex.org/W2011751688
https://openalex.org/W2020173906
https://openalex.org/W2020812575
https://openalex.org/W2039597951
https://openalex.org/W2041259737
https://openalex.org/W2041685465
https://openalex.org/W2067487867
https://openalex.org/W2068596305
https://openalex.org/W2072931110
https://openalex.org/W2086722508
https://openalex.org/W2092555360
https://openalex.org/W2095583552
https://openalex.org/W2096045915
https://openalex.org/W2116327166
https://openalex.org/W2120742447
https://openalex.org/W2130512062
https://openalex.org/W2153974279
https://openalex.org/W2159281067
https://openalex.org/W2162563932
https://openalex.org/W2162744688
https://openalex.org/W2185121916
https://openalex.org/W2309058664
https://openalex.org/W2410101348
https://openalex.org/W2417870412
https://openalex.org/W2521826633
https://openalex.org/W2665748877
https://openalex.org/W2752304220
https://openalex.org/W2782844941
https://openalex.org/W2920843070
https://openalex.org/W2965685044
https://openalex.org/W3006375012
https://openalex.org/W3012263731
https://openalex.org/W3014160975
https://openalex.org/W3046099519
https://openalex.org/W3105414109
https://openalex.org/W3128836651
https://openalex.org/W846692595
https://openalex.org/W1483655656
https://openalex.org/W1487796095
https://openalex.org/W1540058365
https://openalex.org/W1855701050
https://openalex.org/W1978032647
https://openalex.org/W1986853092
https://openalex.org/W1995691719
https://openalex.org/W1999930878
https://openalex.org/W2003086806
https://openalex.org/W2010188787
https://openalex.org/W2015171741
https://openalex.org/W2025587693
https://openalex.org/W2036696850
https://openalex.org/W2042777321
https://openalex.org/W2060589272
https://openalex.org/W2072128388
https://openalex.org/W2081375471
https://openalex.org/W2086409566
https://openalex.org/W2223391610
https://openalex.org/W2281804424
https://openalex.org/W2330949754
https://openalex.org/W2399036417
https://openalex.org/W2429884453
https://openalex.org/W2571460469
https://openalex.org/W2773752100
https://openalex.org/W2885325582
https://openalex.org/W2911354433
https://openalex.org/W2950273193
https://openalex.org/W3026870747
https://openalex.org/W3031823050
https://openalex.org/W3043773374
https://openalex.org/W3084116252
https://openalex.org/W3092840046
https://openalex.org/W3167725056
https://openalex.org/W3178403178
https://openalex.org/W3211785790
https://openalex.org/W3215176266
https://openalex.org/W4281789609
https://openalex.org/W1487507609
https://openalex.org/W1492204391
https://openalex.org/W1565290798
https://openalex.org/W1590813353
https://openalex.org/W1964732931
https://openalex.org/W1974331514
https://openalex.org/W1976857685
https://openalex.org/W1984375270
https://openalex.org/W1985591998
https://openalex.org/W1991877222
https://openalex.org/W2007970938
https://openalex.org/W2014331000
https://openalex.org/W2022401561
https://openalex.org/W2027723465
https://openalex.org/W2028006253
https://openalex.org/W2035311574
https://openalex.org/W2045915887
https://openalex.org/W2046070714
https://openalex.org/W2049087107
https://openalex.org/W2049327526
https://openalex.org/W2050153520
https://openalex.org/W2063992823
https://openalex.org/W2071132389
https://openalex.org/W2074316635
https://openalex.org/W2082456285
https://openalex.org/W2091347655
https://openalex.org/W2105306247
https://openalex.org/W2108916653
https://openalex.org/W2140103349
https://openalex.org/W2140336884
https://openalex.org/W2157008038
https://openalex.org/W2163113653
https://openalex.org/W2176775394
https://openalex.org/W2237379253
https://openalex.org/W2316708321
https://openalex.org/W2391075418
https://openalex.org/W2406223068
https://openalex.org/W2541171006
https://openalex.org/W2580972926
https://openalex.org/W2581592206
https://openalex.org/W2625770773
https://openalex.org/W2756629439
https://openalex.org/W2769232605
https://openalex.org/W2773726004
https://openalex.org/W2903064373
https://openalex.org/W2910656364
https://openalex.org/W2947403719
https://openalex.org/W2983248876
https://openalex.org/W2995766422
https://openalex.org/W3026668592
https://openalex.org/W3046083531
https://openalex.org/W3048435729
https://openalex.org/W3069426427
https://openalex.org/W3105678992
https://openalex.org/W3151193019
https://openalex.org/W3159813479
https://openalex.org/W3169840262
https://openalex.org/W3177843959
https://openalex.org/W4298264319
https://openalex.org/W55653860
https://openalex.org/W175568490
https://openalex.org/W1761610203
https://openalex.org/W1971435824
https://openalex.org/W1973707312
https://openalex.org/W1975586907
https://openalex.org/W1983607867
https://openalex.org/W1985274403
https://openalex.org/W1998185635
https://openalex.org/W2002575777
https://openalex.org/W2019961503
https://openalex.org/W2019983594
https://openalex.org/W2027429065
https://openalex.org/W2027939106
https://openalex.org/W2027955216
https://openalex.org/W2036627003
https://openalex.org/W2047250263
https://openalex.org/W2075734963
https://openalex.org/W2081741375
https://openalex.org/W2083219833
https://openalex.org/W2086171895
https://openalex.org/W2087504897
https://openalex.org/W2089512774
https://openalex.org/W2097293889
https://openalex.org/W2110708196
https://openalex.org/W2138486218
https://openalex.org/W2159547184
https://openalex.org/W2166685958
https://openalex.org/W2183740540
https://openalex.org/W2324529991
https://openalex.org/W2417735863
https://openalex.org/W2471572171
https://openalex.org/W2531544752
https://openalex.org/W2540814007
https://openalex.org/W2541661271
https://openalex.org/W2585649620
https://openalex.org/W2771227388
https://openalex.org/W2885401061
https://openalex.org/W2904923658
https://openalex.org/W2964071678
https://openalex.org/W2971380115
https://openalex.org/W3009292614
https://openalex.org/W3135336656
https://openalex.org/W3169968042
https://openalex.org/W3175668940
https://openalex.org/W3206724623
https://openalex.org/W3209999467
https://openalex.org/W4229672945
https://openalex.org/W4308518349
https://openalex.org/W599280937
https://openalex.org/W1574005105
https://openalex.org/W1579866929
https://openalex.org/W1904620348
https://openalex.org/W1965366139
https://openalex.org/W1968531696
https://openalex.org/W1971305230
https://openalex.org/W1975385154
https://openalex.org/W1977875054
https://openalex.org/W1994390041
https://openalex.org/W1995725747
https://openalex.org/W1998758318
https://openalex.org/W1999717807
https://openalex.org/W2008022288
https://openalex.org/W2015024659
https://openalex.org/W2016358791
https://openalex.org/W2024492909
https://openalex.org/W2055544564
https://openalex.org/W2074358374
https://openalex.org/W2079973654
https://openalex.org/W2084210181
https://openalex.org/W2085509637
https://openalex.org/W2089192691
https://openalex.org/W2092413764
https://openalex.org/W2094541633
https://openalex.org/W2129653211
https://openalex.org/W2161765976
https://openalex.org/W2172198500
https://openalex.org/W2345341168
https://openalex.org/W2406247496
https://openalex.org/W2408792821
https://openalex.org/W2548022058
https://openalex.org/W2572679509
https://openalex.org/W2602933517
https://openalex.org/W2603544958
https://openalex.org/W2767590487
https://openalex.org/W2779468850
https://openalex.org/W2886022628
https://openalex.org/W2910062312
https://openalex.org/W2961497906
https://openalex.org/W2964745057
https://openalex.org/W2967464272
https://openalex.org/W2995264953
https://openalex.org/W3010908737
https://openalex.org/W3024689079
https://openalex.org/W3025381720
https://openalex.org/W3093693820
https://openalex.org/W3094612495
https://openalex.org/W3110864697
https://openalex.org/W3122454821
https://openalex.org/W3129926395
https://openalex.org/W3130300781
https://openalex.org/W3136417093
https://openalex.org/W4200005182
https://openalex.org/W4254383545
https://openalex.org/W44140225
https://openalex.org/W1520096009
https://openalex.org/W1963809182
https://openalex.org/W1964884272
https://openalex.org/W1964943247
https://openalex.org/W1973225805
https://openalex.org/W1977839103
https://openalex.org/W1980691791
https://openalex.org/W1984561180
https://openalex.org/W1988747272
https://openalex.org/W1990109998
https://openalex.org/W2005005959
https://openalex.org/W2006972284
https://openalex.org/W2014773658
https://openalex.org/W2016859384
https://openalex.org/W2022616984
https://openalex.org/W2025263089
https://openalex.org/W2026037582
https://openalex.org/W2030669383
https://openalex.org/W2031726686
https://openalex.org/W2045779609
https://openalex.org/W2069021932
https://openalex.org/W2071927682
https://openalex.org/W2078894279
https://openalex.org/W2081453688
https://openalex.org/W2086094632
https://openalex.org/W2095948490
https://openalex.org/W2100312773
https://openalex.org/W2110421588
https://openalex.org/W2129031582
https://openalex.org/W2129605064
https://openalex.org/W2146288698
https://openalex.org/W2148277778
https://openalex.org/W2149150656
https://openalex.org/W2158959868
https://openalex.org/W2160072921
https://openalex.org/W2166266662
https://openalex.org/W2170816478
https://openalex.org/W2245195763
https://openalex.org/W2334866138
https://openalex.org/W2414072274
https://openalex.org/W2568614793
https://openalex.org/W2571312264
https://openalex.org/W2585488071
https://openalex.org/W261463393
https://openalex.org/W2745137808
https://openalex.org/W2769836555
https://openalex.org/W2963876110
https://openalex.org/W2976849067
https://openalex.org/W3035726749
https://openalex.org/W3047728115
https://openalex.org/W3088187402
https://openalex.org/W3088514918
https://openalex.org/W3089675417
https://openalex.org/W3096643361
https://openalex.org/W3107196257
https://openalex.org/W3119972056
https://openalex.org/W4212909866
https://openalex.org/W4225806551
https://openalex.org/W1235269249
https://openalex.org/W1512096942
https://openalex.org/W1846146864
https://openalex.org/W188405599
https://openalex.org/W1974999963
https://openalex.org/W1981116537
https://openalex.org/W1984224507
https://openalex.org/W1984550817
https://openalex.org/W1997975667
https://openalex.org/W2004350813
https://openalex.org/W2008567184
https://openalex.org/W2010569602
https://openalex.org/W2013663725
https://openalex.org/W2017349309
https://openalex.org/W2023496452
https://openalex.org/W2027716372
https://openalex.org/W2034699975
https://openalex.org/W2035983462
https://openalex.org/W2042348138
https://openalex.org/W2046919163
https://openalex.org/W2055869576
https://openalex.org/W2065943188
https://openalex.org/W2067624440
https://openalex.org/W2086963844
https://openalex.org/W2089651124
https://openalex.org/W2095295631
https://openalex.org/W2095388289
https://openalex.org/W2096585901
https://openalex.org/W2100520097
https://openalex.org/W2111019580
https://openalex.org/W2112948930
https://openalex.org/W2129554156
https://openalex.org/W2156627377
https://openalex.org/W2181490038
https://openalex.org/W2299747239
https://openalex.org/W2328823196
https://openalex.org/W2337304847
https://openalex.org/W2409627217
https://openalex.org/W2509144782
https://openalex.org/W2517489572
https://openalex.org/W2565941502
https://openalex.org/W2615726364
https://openalex.org/W2619764592
https://openalex.org/W268214701
https://openalex.org/W2738113829
https://openalex.org/W2738963603
https://openalex.org/W2767354689
https://openalex.org/W2781581721
https://openalex.org/W2803261271
https://openalex.org/W2933577697
https://openalex.org/W2960192948
https://openalex.org/W2963432090
https://openalex.org/W2972935756
https://openalex.org/W2991263242
https://openalex.org/W2992130730
https://openalex.org/W2999746121
https://openalex.org/W3009957739
https://openalex.org/W3026322128
https://openalex.org/W3026374759
https://openalex.org/W3049652624
https://openalex.org/W3113038842
https://openalex.org/W3119060005
https://openalex.org/W3119881415
https://openalex.org/W3128316141
https://openalex.org/W3134676310
https://openalex.org/W3177008350
https://openalex.org/W3183895848
https://openalex.org/W3200390117
https://openalex.org/W3202837716
https://openalex.org/W3217709697
https://openalex.org/W375231869
https://openalex.org/W4206597280
https://openalex.org/W4255795722
https://openalex.org/W47266907
https://openalex.org/W613256976
https://openalex.org/W78774290
https://openalex.org/W1563140931
https://openalex.org/W1964876421
https://openalex.org/W1966301155
https://openalex.org/W1966760745
https://openalex.org/W1969065989
https://openalex.org/W1969622457
https://openalex.org/W1973253659
https://openalex.org/W1977057705
https://openalex.org/W1986743654
https://openalex.org/W1991782095
https://openalex.org/W1994275747
https://openalex.org/W2002434801
https://openalex.org/W2008874606
https://openalex.org/W2013758429
https://openalex.org/W2018715126
https://openalex.org/W2023883294
https://openalex.org/W2025475633
https://openalex.org/W2038825693
https://openalex.org/W2055825834
https://openalex.org/W2079114853
https://openalex.org/W2085123080
https://openalex.org/W2086302148
https://openalex.org/W2097423034
https://openalex.org/W2122778630
https://openalex.org/W2138284795
https://openalex.org/W2139806932
https://openalex.org/W2151324859
https://openalex.org/W2154239235
https://openalex.org/W2162900923
https://openalex.org/W2178618869
https://openalex.org/W2180634722
https://openalex.org/W2189262857
https://openalex.org/W2263344904
https://openalex.org/W2273565668
https://openalex.org/W2316849582
https://openalex.org/W2320301594
https://openalex.org/W2321515780
https://openalex.org/W2336151428
https://openalex.org/W2539555432
https://openalex.org/W2554927689
https://openalex.org/W2560441544
https://openalex.org/W2561129947
https://openalex.org/W2562426778
https://openalex.org/W2587621706
https://openalex.org/W2739112500
https://openalex.org/W2794212418
https://openalex.org/W2796645356
https://openalex.org/W2898498690
https://openalex.org/W2917843490
https://openalex.org/W2921853080
https://openalex.org/W2938000756
https://openalex.org/W2950729933
https://openalex.org/W2951192597
https://openalex.org/W2981454991
https://openalex.org/W2997116560
https://openalex.org/W3040565465
https://openalex.org/W3081905761
https://openalex.org/W3112692686
https://openalex.org/W3136161072
https://openalex.org/W3164737142
https://openalex.org/W345034284
https://openalex.org/W4206483152
https://openalex.org/W4224112030
https://openalex.org/W4249957315
https://openalex.org/W4281701285
https://openalex.org/W4284894107
https://openalex.org/W58405134
https://openalex.org/W1545266784
https://openalex.org/W1804638562
https://openalex.org/W1826856616
https://openalex.org/W1969672009
https://openalex.org/W1981815285
https://openalex.org/W1987321139
https://openalex.org/W1991012564
https://openalex.org/W1996363649
https://openalex.org/W2002524063
https://openalex.org/W2011713535
https://openalex.org/W2024179454
https://openalex.org/W2026280120
https://openalex.org/W2027975012
https://openalex.org/W2031416394
https://openalex.org/W2037670145
https://openalex.org/W2058805278
https://openalex.org/W2060574168
https://openalex.org/W2061101554
https://openalex.org/W2075532922
https://openalex.org/W2082836005
https://openalex.org/W2088401108
https://openalex.org/W2098886382
https://openalex.org/W2108327568
https://openalex.org/W2112167296
https://openalex.org/W2117874894
https://openalex.org/W2120963435
https://openalex.org/W2131426585
https://openalex.org/W2134894286
https://openalex.org/W2142536379
https://openalex.org/W2158341879
https://openalex.org/W2187391938
https://openalex.org/W2198011538
https://openalex.org/W2257198069
https://openalex.org/W2294285980
https://openalex.org/W2319984943
https://openalex.org/W2541191955
https://openalex.org/W2560298094
https://openalex.org/W2594563906
https://openalex.org/W2753396768
https://openalex.org/W2762979501
https://openalex.org/W2948283202
https://openalex.org/W2958805007
https://openalex.org/W2995048244
https://openalex.org/W3005508261
https://openalex.org/W3013846464
https://openalex.org/W3014171279
https://openalex.org/W3045764819
https://openalex.org/W3083097483
https://openalex.org/W3120340136
https://openalex.org/W3128692877
https://openalex.org/W3153338493
https://openalex.org/W3156036017
https://openalex.org/W3158814951
https://openalex.org/W3168043659
https://openalex.org/W3174236001
https://openalex.org/W3182689414
https://openalex.org/W3182980069
https://openalex.org/W3185941023
https://openalex.org/W3194571974
https://openalex.org/W3198701703
https://openalex.org/W3201616919
https://openalex.org/W3207927810
https://openalex.org/W3208616888
https://openalex.org/W3213347174
https://openalex.org/W4206924846
https://openalex.org/W4226026984
https://openalex.org/W4311933077
https://openalex.org/W582698422
https://openalex.org/W1249672467
https://openalex.org/W139230918
https://openalex.org/W1495447187
https://openalex.org/W1592970191
https://openalex.org/W1596033547
https://openalex.org/W1906133809
https://openalex.org/W1969114834
https://openalex.org/W1969988560
https://openalex.org/W1972124512
https://openalex.org/W1973833994
https://openalex.org/W1979186412
https://openalex.org/W1998150102
https://openalex.org/W2005761779
https://openalex.org/W2008308365
https://openalex.org/W2008475599
https://openalex.org/W2016364201
https://openalex.org/W2018053662
https://openalex.org/W2023140036
https://openalex.org/W2048442039
https://openalex.org/W2052461110
https://openalex.org/W2057051107
https://openalex.org/W2058959036
https://openalex.org/W2060516118
https://openalex.org/W2069739147
https://openalex.org/W2077647685
https://openalex.org/W2080124743
https://openalex.org/W2085678179
https://openalex.org/W2092340263
https://openalex.org/W2127298779
https://openalex.org/W2134303459
https://openalex.org/W2158004857
https://openalex.org/W2168979869
https://openalex.org/W2225715786
https://openalex.org/W2272231611
https://openalex.org/W2316494063
https://openalex.org/W2328865724
https://openalex.org/W2334927571
https://openalex.org/W2410804380
https://openalex.org/W2421560299
https://openalex.org/W2514153651
https://openalex.org/W2521584075
https://openalex.org/W2545617420
https://openalex.org/W2572782999
https://openalex.org/W2724439162
https://openalex.org/W2766007660
https://openalex.org/W2767486092
https://openalex.org/W2770800837
https://openalex.org/W2774141764
https://openalex.org/W2903675469
https://openalex.org/W2907163217
https://openalex.org/W2908848276
https://openalex.org/W2919132490
https://openalex.org/W2922830859
https://openalex.org/W2991378561
https://openalex.org/W3010950505
https://openalex.org/W3011286221
https://openalex.org/W3012294125
https://openalex.org/W3020111870
https://openalex.org/W3026899000
https://openalex.org/W3044766243
https://openalex.org/W3046817909
https://openalex.org/W3047640655
https://openalex.org/W3090036336
https://openalex.org/W3111227182
https://openalex.org/W3121096322
https://openalex.org/W3138869443
https://openalex.org/W3161312740
https://openalex.org/W3169955951
https://openalex.org/W4206206196
https://openalex.org/W4211251926
https://openalex.org/W4220674627
https://openalex.org/W4225283876
https://openalex.org/W4229370324
https://openalex.org/W4235778741
https://openalex.org/W4237755926
https://openalex.org/W4294946139
https://openalex.org/W4297324800
https://openalex.org/W101021881
https://openalex.org/W109893552
https://openalex.org/W15290779
https://openalex.org/W1570167429
https://openalex.org/W1823341384
https://openalex.org/W1850795289
https://openalex.org/W1965105156
https://openalex.org/W1977604472
https://openalex.org/W1981278550
https://openalex.org/W1986725343
https://openalex.org/W1987376348
https://openalex.org/W1987892098
https://openalex.org/W1989815156
https://openalex.org/W1996530814
https://openalex.org/W1998394402
https://openalex.org/W1998442481
https://openalex.org/W2002792496
https://openalex.org/W2005375223
https://openalex.org/W2007291304
https://openalex.org/W2014175089
https://openalex.org/W2035715000
https://openalex.org/W2043905768
https://openalex.org/W2048674109
https://openalex.org/W2052743428
https://openalex.org/W2053409153
https://openalex.org/W2059602541
https://openalex.org/W2060992336
https://openalex.org/W2061040401
https://openalex.org/W2064195396
https://openalex.org/W2064353261
https://openalex.org/W2081147557
https://openalex.org/W2081645339
https://openalex.org/W2083585644
https://openalex.org/W2086284316
https://openalex.org/W2086618356
https://openalex.org/W2086708336
https://openalex.org/W2098952502
https://openalex.org/W2101071988
https://openalex.org/W2113374080
https://openalex.org/W2118837268
https://openalex.org/W2120645402
https://openalex.org/W2137526677
https://openalex.org/W2144601039
https://openalex.org/W2150132250
https://openalex.org/W2150907155
https://openalex.org/W2156522066
https://openalex.org/W2168707985
https://openalex.org/W2181057774
https://openalex.org/W2182178044
https://openalex.org/W2314816522
https://openalex.org/W2314820788
https://openalex.org/W2319665177
https://openalex.org/W2321791466
https://openalex.org/W2341672206
https://openalex.org/W2344196943
https://openalex.org/W2346863126
https://openalex.org/W2416308312
https://openalex.org/W2416646744
https://openalex.org/W2418013937
https://openalex.org/W2463573203
https://openalex.org/W2479628999
https://openalex.org/W2481123723
https://openalex.org/W2496100778
https://openalex.org/W2519136272
https://openalex.org/W2748485499
https://openalex.org/W2749658339
https://openalex.org/W2765964947
https://openalex.org/W2797271476
https://openalex.org/W2888388468
https://openalex.org/W2893357027
https://openalex.org/W2906343491
https://openalex.org/W2912944847
https://openalex.org/W2913442862
https://openalex.org/W2951453314
https://openalex.org/W2963334706
https://openalex.org/W2963574603
https://openalex.org/W2985246303
https://openalex.org/W3011541260
https://openalex.org/W3048733403
https://openalex.org/W3082994958
https://openalex.org/W3090049499
https://openalex.org/W3094027882
https://openalex.org/W3122783720
https://openalex.org/W3129707478
https://openalex.org/W3134196535
https://openalex.org/W3145005909
https://openalex.org/W3186011887
https://openalex.org/W3194749210
https://openalex.org/W3212871446
https://openalex.org/W3213132525
https://openalex.org/W3214335773
https://openalex.org/W4200154378
https://openalex.org/W4200238173
https://openalex.org/W4206462372
https://openalex.org/W4211021623
https://openalex.org/W4226159191
https://openalex.org/W4243961023
https://openalex.org/W4285011848
https://openalex.org/W4285405021
https://openalex.org/W4295510700
https://openalex.org/W4295531552
https://openalex.org/W4297810968
https://openalex.org/W4313647290
https://openalex.org/W4315707446
https://openalex.org/W4322616742
https://openalex.org/W578326635
https://openalex.org/W111356835
https://openalex.org/W122304754
https://openalex.org/W1507432186
https://openalex.org/W1572120892
https://openalex.org/W157556788
https://openalex.org/W1801578279
https://openalex.org/W1952878757
https://openalex.org/W1966322823
https://openalex.org/W1969293381
https://openalex.org/W1973980346
https://openalex.org/W1974413689
https://openalex.org/W1977158963
https://openalex.org/W1982661962
https://openalex.org/W1982697821
https://openalex.org/W1984732819
https://openalex.org/W1985059642
https://openalex.org/W1986447394
https://openalex.org/W1992210023
https://openalex.org/W1995002845
https://openalex.org/W2002741035
https://openalex.org/W2003323515
https://openalex.org/W2005867467
https://openalex.org/W2010431655
https://openalex.org/W2011783411
https://openalex.org/W2016650812
https://openalex.org/W2021073885
https://openalex.org/W2024422459
https://openalex.org/W2028006837
https://openalex.org/W2035540833
https://openalex.org/W2046142104
https://openalex.org/W204656202
https://openalex.org/W2047021776
https://openalex.org/W2048452778
https://openalex.org/W2048978560
https://openalex.org/W2051233616
https://openalex.org/W2053863527
https://openalex.org/W2054382670
https://openalex.org/W2055797367
https://openalex.org/W2068330455
https://openalex.org/W2077610287
https://openalex.org/W2084979778
https://openalex.org/W2089866865
https://openalex.org/W2103547908
https://openalex.org/W2130436665
https://openalex.org/W2130678625
https://openalex.org/W2135401890
https://openalex.org/W2145359265
https://openalex.org/W2158480823
https://openalex.org/W2160151309
https://openalex.org/W2162556839
https://openalex.org/W2166041872
https://openalex.org/W2188634917
https://openalex.org/W2199853109
https://openalex.org/W2212033992
https://openalex.org/W2273510936
https://openalex.org/W2327226825
https://openalex.org/W2343170771
https://openalex.org/W2357958668
https://openalex.org/W2405141915
https://openalex.org/W2405183927
https://openalex.org/W2414852415
https://openalex.org/W2436327537
https://openalex.org/W2460535823
https://openalex.org/W2473462384
https://openalex.org/W2476941804
https://openalex.org/W2536683752
https://openalex.org/W2563163301
https://openalex.org/W2565898487
https://openalex.org/W2569126906
https://openalex.org/W2591184634
https://openalex.org/W2789244646
https://openalex.org/W2791195871
https://openalex.org/W2888241191
https://openalex.org/W2888954975
https://openalex.org/W2890646888
https://openalex.org/W2892625303
https://openalex.org/W2910655079
https://openalex.org/W2937356813
https://openalex.org/W2938196543
https://openalex.org/W2946813602
https://openalex.org/W2962337180
https://openalex.org/W2967839966
https://openalex.org/W2971350536
https://openalex.org/W2998993551
https://openalex.org/W3003445294
https://openalex.org/W3004864308
https://openalex.org/W3013889093
https://openalex.org/W3036788659
https://openalex.org/W3046643837
https://openalex.org/W3093790014
https://openalex.org/W3094012430
https://openalex.org/W3099051694
https://openalex.org/W3099252853
https://openalex.org/W3107934351
https://openalex.org/W3124243168
https://openalex.org/W3130848024
https://openalex.org/W3157402087
https://openalex.org/W3165940900
https://openalex.org/W3176770820
https://openalex.org/W3188045050
https://openalex.org/W3194630582
https://openalex.org/W4200126426
https://openalex.org/W4200465024
https://openalex.org/W4206186515
https://openalex.org/W4225961393
https://openalex.org/W4226371282
https://openalex.org/W4282030806
https://openalex.org/W4283799122
https://openalex.org/W4285094470
https://openalex.org/W4286457035
https://openalex.org/W4308580975
https://openalex.org/W4311403913
https://openalex.org/W4315630196
https://openalex.org/W99515514
https://openalex.org/W1044365432
https://openalex.org/W116006344
https://openalex.org/W1536765421
https://openalex.org/W1543710000
https://openalex.org/W1606415400
https://openalex.org/W168444409
https://openalex.org/W1858672339
https://openalex.org/W1866454848
https://openalex.org/W1958335303
https://openalex.org/W1967312663
https://openalex.org/W1969093433
https://openalex.org/W1970225912
https://openalex.org/W1971439040
https://openalex.org/W1984684736
https://openalex.org/W1985261646
https://openalex.org/W1992476487
https://openalex.org/W1995301957
https://openalex.org/W1998880670
https://openalex.org/W1998982442
https://openalex.org/W2002954407
https://openalex.org/W2006526278
https://openalex.org/W2008920098
https://openalex.org/W2017779201
https://openalex.org/W2018733603
https://openalex.org/W2023240350
https://openalex.org/W2024500390
https://openalex.org/W2040144994
https://openalex.org/W2042901536
https://openalex.org/W2058072586
https://openalex.org/W2060141559
https://openalex.org/W2064331227
https://openalex.org/W2067789077
https://openalex.org/W2070366917
https://openalex.org/W2076410848
https://openalex.org/W2081061056
https://openalex.org/W2089074640
https://openalex.org/W2092551473
https://openalex.org/W2105335176
https://openalex.org/W2119442388
https://openalex.org/W2125376567
https://openalex.org/W2127246117
https://openalex.org/W2186243919
https://openalex.org/W2186991553
https://openalex.org/W2266842312
https://openalex.org/W2290096957
https://openalex.org/W2292053009
https://openalex.org/W2316190341
https://openalex.org/W2317449972
https://openalex.org/W23667757
https://openalex.org/W2368320915
https://openalex.org/W2417034418
https://openalex.org/W2461098660
https://openalex.org/W2482519271
https://openalex.org/W2495125529
https://openalex.org/W2541715678
https://openalex.org/W2542830946
https://openalex.org/W2544013131
https://openalex.org/W2586428248
https://openalex.org/W2735925850
https://openalex.org/W2736891331
https://openalex.org/W2749614740
https://openalex.org/W2763899732
https://openalex.org/W2763936444
https://openalex.org/W2773892895
https://openalex.org/W2789570739
https://openalex.org/W2805708173
https://openalex.org/W2900059261
https://openalex.org/W2900862859
https://openalex.org/W2903683560
https://openalex.org/W2905071776
https://openalex.org/W2944839070
https://openalex.org/W2946961895
https://openalex.org/W2982550910
https://openalex.org/W2989753447
https://openalex.org/W2991947508
https://openalex.org/W2993904951
https://openalex.org/W2999652411
https://openalex.org/W3004903116
https://openalex.org/W3004961559
https://openalex.org/W3007425733
https://openalex.org/W3007635415
https://openalex.org/W3015255109
https://openalex.org/W3025012545
https://openalex.org/W3048288921
https://openalex.org/W3081189816
https://openalex.org/W3086361947
https://openalex.org/W3092648378
https://openalex.org/W3111376380
https://openalex.org/W3119584769
https://openalex.org/W3132726817
https://openalex.org/W3151394337
https://openalex.org/W3163853242
https://openalex.org/W3171821542
https://openalex.org/W3174565105
https://openalex.org/W3186229885
https://openalex.org/W3198850572
https://openalex.org/W3202298782
https://openalex.org/W4200189339
https://openalex.org/W4205777414
https://openalex.org/W4206058741
https://openalex.org/W4206453074
https://openalex.org/W4221048476
https://openalex.org/W4280501877
https://openalex.org/W4282592348
https://openalex.org/W4283390723
https://openalex.org/W4285390178
https://openalex.org/W4295136159
https://openalex.org/W4306412539
https://openalex.org/W4307744824
https://openalex.org/W4308764933
https://openalex.org/W4309046871
https://openalex.org/W4313530676
https://openalex.org/W4362636023
https://openalex.org/W4366993138
https://openalex.org/W4376638691
https://openalex.org/W594221084
https://openalex.org/W94088993
https://openalex.org/W1036352990
https://openalex.org/W1211098598
https://openalex.org/W14210784
https://openalex.org/W1487050782
https://openalex.org/W1511110873
https://openalex.org/W1521814173
https://openalex.org/W1524721335
https://openalex.org/W1552056649
https://openalex.org/W1585568405
https://openalex.org/W1603093308
https://openalex.org/W176967001
https://openalex.org/W1900903615
https://openalex.org/W1973869706
https://openalex.org/W1974061851
https://openalex.org/W1984492766
https://openalex.org/W1984529821
https://openalex.org/W1993854022
https://openalex.org/W1993936752
https://openalex.org/W1994534002
https://openalex.org/W1996267337
https://openalex.org/W2007191637
https://openalex.org/W2011206012
https://openalex.org/W2018907269
https://openalex.org/W2025794157
https://openalex.org/W2031515928
https://openalex.org/W2034791310
https://openalex.org/W2037374363
https://openalex.org/W2037409840
https://openalex.org/W2038287116
https://openalex.org/W2039884624
https://openalex.org/W2053405017
https://openalex.org/W2055196848
https://openalex.org/W2055843860
https://openalex.org/W2058982720
https://openalex.org/W2062652252
https://openalex.org/W2066950693
https://openalex.org/W2082386269
https://openalex.org/W2088742862
https://openalex.org/W2089463170
https://openalex.org/W2117368752
https://openalex.org/W21208502
https://openalex.org/W2124117833
https://openalex.org/W2127228411
https://openalex.org/W2139556701
https://openalex.org/W2146359784
https://openalex.org/W2150134449
https://openalex.org/W2152766271
https://openalex.org/W2158330264
https://openalex.org/W2171998815
https://openalex.org/W2188665446
https://openalex.org/W2205300701
https://openalex.org/W2214528651
https://openalex.org/W2215987573
https://openalex.org/W2229546226
https://openalex.org/W2318781611
https://openalex.org/W232479088
https://openalex.org/W2326640675
https://openalex.org/W2330662192
https://openalex.org/W2335441746
https://openalex.org/W233823897
https://openalex.org/W2340065362
https://openalex.org/W2381723545
https://openalex.org/W2395979315
https://openalex.org/W2412810736
https://openalex.org/W2413350550
https://openalex.org/W2414327215
https://openalex.org/W2418849786
https://openalex.org/W2437557831
https://openalex.org/W2464767315
https://openalex.org/W2475841322
https://openalex.org/W2478097201
https://openalex.org/W2478405766
https://openalex.org/W2499432839
https://openalex.org/W2523977649
https://openalex.org/W2525262852
https://openalex.org/W2534529856
https://openalex.org/W2553327219
https://openalex.org/W2573304599
https://openalex.org/W2590603334
https://openalex.org/W2591154170
https://openalex.org/W2591548616
https://openalex.org/W2594187081
https://openalex.org/W2603366017
https://openalex.org/W2611707717
https://openalex.org/W2738356943
https://openalex.org/W2739581561
https://openalex.org/W2740251272
https://openalex.org/W2748528602
https://openalex.org/W2751432770
https://openalex.org/W2767845583
https://openalex.org/W2785737984
https://openalex.org/W2789298023
https://openalex.org/W2801279534
https://openalex.org/W2892666969
https://openalex.org/W2896066145
https://openalex.org/W2931424599
https://openalex.org/W2942484605
https://openalex.org/W2962798966
https://openalex.org/W2965156906
https://openalex.org/W2965491186
https://openalex.org/W2973651019
https://openalex.org/W2973853081
https://openalex.org/W2978853121
https://openalex.org/W2994894295
https://openalex.org/W2996101433
https://openalex.org/W3037373843
https://openalex.org/W3048405058
https://openalex.org/W3082363704
https://openalex.org/W3097680606
https://openalex.org/W3111203613
https://openalex.org/W3113621620
https://openalex.org/W3116765189
https://openalex.org/W3126463719
https://openalex.org/W3127560569
https://openalex.org/W3129764588
https://openalex.org/W3134891091
https://openalex.org/W3154985381
https://openalex.org/W3156347279
https://openalex.org/W3157701498
https://openalex.org/W3158104960
https://openalex.org/W3184353409
https://openalex.org/W3211463028
https://openalex.org/W3212870907
https://openalex.org/W3213216634
https://openalex.org/W3214159858
https://openalex.org/W364598063
https://openalex.org/W4200162852
https://openalex.org/W4200477027
https://openalex.org/W4205361039
https://openalex.org/W4210373613
https://openalex.org/W4210809976
https://openalex.org/W4220664640
https://openalex.org/W4220890075
https://openalex.org/W4220947948
https://openalex.org/W4226056075
https://openalex.org/W4226093053
https://openalex.org/W4234785588
https://openalex.org/W4235234501
https://openalex.org/W4250955700
https://openalex.org/W4283376302
https://openalex.org/W4283590346
https://openalex.org/W4285125717
https://openalex.org/W4289596931
https://openalex.org/W4291179452
https://openalex.org/W4292547791
https://openalex.org/W4295063559
https://openalex.org/W4295194282
https://openalex.org/W4303413600
https://openalex.org/W4307047718
https://openalex.org/W4308891301
https://openalex.org/W4310493968
https://openalex.org/W4311127158
https://openalex.org/W4311580861
https://openalex.org/W4313251565
https://openalex.org/W4313493687
https://openalex.org/W4317951785
https://openalex.org/W4318669134
https://openalex.org/W4320710478
https://openalex.org/W4321238209
https://openalex.org/W4321483490
https://openalex.org/W4362506282
https://openalex.org/W4362657212
https://openalex.org/W4362717072
https://openalex.org/W4378576257
https://openalex.org/W4382517975
https://openalex.org/W49083152
https://openalex.org/W583480791
https://openalex.org/W628224465
https://openalex.org/W63304636
https://openalex.org/W637975498
https://openalex.org/W757268418
https://openalex.org/W1438994086
https://openalex.org/W1492756692
https://openalex.org/W1497805769
https://openalex.org/W150507098
https://openalex.org/W1521711717
https://openalex.org/W1535094178
https://openalex.org/W1594443303
https://openalex.org/W1596203105
https://openalex.org/W1713797366
https://openalex.org/W1845026499
https://openalex.org/W1856534263
https://openalex.org/W1883605559
https://openalex.org/W1884516389
https://openalex.org/W1988718999
https://openalex.org/W1991207905
https://openalex.org/W1992638904
https://openalex.org/W1993689143
https://openalex.org/W1994111032
https://openalex.org/W1996609242
https://openalex.org/W1997228360
https://openalex.org/W1998043963
https://openalex.org/W1999861739
https://openalex.org/W2005630256
https://openalex.org/W2010865441
https://openalex.org/W2024838990
https://openalex.org/W2025237184
https://openalex.org/W2036937289
https://openalex.org/W2041016525
https://openalex.org/W2048415242
https://openalex.org/W2049347831
https://openalex.org/W2049672962
https://openalex.org/W2052455327
https://openalex.org/W2056900566
https://openalex.org/W2057023924
https://openalex.org/W2062090174
https://openalex.org/W2062439745
https://openalex.org/W2063434539
https://openalex.org/W2063484011
https://openalex.org/W2074608775
https://openalex.org/W2086146580
https://openalex.org/W2090585440
https://openalex.org/W2093045472
https://openalex.org/W2093933194
https://openalex.org/W2112411324
https://openalex.org/W2120847407
https://openalex.org/W2121341006
https://openalex.org/W2124874748
https://openalex.org/W2133238000
https://openalex.org/W2137738465
https://openalex.org/W2143367926
https://openalex.org/W2147176542
https://openalex.org/W2179520926
https://openalex.org/W2217440568
https://openalex.org/W2241938808
https://openalex.org/W2257482139
https://openalex.org/W2269173805
https://openalex.org/W2275802546
https://openalex.org/W2284214670
https://openalex.org/W2316841028
https://openalex.org/W2319151304
https://openalex.org/W2319509008
https://openalex.org/W2333861388
https://openalex.org/W2334861675
https://openalex.org/W2347681554
https://openalex.org/W2360762518
https://openalex.org/W2365275751
https://openalex.org/W2374171341
https://openalex.org/W2375769477
https://openalex.org/W2400500376
https://openalex.org/W2401356827
https://openalex.org/W2403136582
https://openalex.org/W2410694723
https://openalex.org/W2416375907
https://openalex.org/W2418415513
https://openalex.org/W2463628655
https://openalex.org/W2464631960
https://openalex.org/W2464959439
https://openalex.org/W2468355874
https://openalex.org/W2477932757
https://openalex.org/W2478075519
https://openalex.org/W2484650097
https://openalex.org/W2501604660
https://openalex.org/W2503037838
https://openalex.org/W2545842558
https://openalex.org/W2547749553
https://openalex.org/W2563369492
https://openalex.org/W2565504360
https://openalex.org/W2570608497
https://openalex.org/W2587089469
https://openalex.org/W2605590761
https://openalex.org/W2616291020
https://openalex.org/W2616462673
https://openalex.org/W2625929467
https://openalex.org/W2731765301
https://openalex.org/W2741554734
https://openalex.org/W2746704408
https://openalex.org/W2762614423
https://openalex.org/W2768288922
https://openalex.org/W2772994505
https://openalex.org/W2773242331
https://openalex.org/W2792698072
https://openalex.org/W2802037545
https://openalex.org/W2804296092
https://openalex.org/W2804714463
https://openalex.org/W2805347042
https://openalex.org/W2884170369
https://openalex.org/W2884301620
https://openalex.org/W2891662025
https://openalex.org/W2901527191
https://openalex.org/W2912817954
https://openalex.org/W2927242258
https://openalex.org/W2937125
https://openalex.org/W2952687914
https://openalex.org/W2979276436
https://openalex.org/W2980474595
https://openalex.org/W2987220139
https://openalex.org/W2990437558
https://openalex.org/W2990476267
https://openalex.org/W2996770052
https://openalex.org/W2997948840
https://openalex.org/W3004729876
https://openalex.org/W3004999187
https://openalex.org/W3013327871
https://openalex.org/W3013349937
https://openalex.org/W3016166499
https://openalex.org/W3016173788
https://openalex.org/W3017489574
https://openalex.org/W3022442344
https://openalex.org/W3025928406
https://openalex.org/W3035243060
https://openalex.org/W3035375139
https://openalex.org/W3040755848
https://openalex.org/W3046295233
https://openalex.org/W3048927360
https://openalex.org/W308169031
https://openalex.org/W3089344589
https://openalex.org/W3089415175
https://openalex.org/W3090299785
https://openalex.org/W3092332161
https://openalex.org/W3093153465
https://openalex.org/W3097791221
https://openalex.org/W3112780265
https://openalex.org/W3115787353
https://openalex.org/W3126429929
https://openalex.org/W3137721384
https://openalex.org/W3147499210
https://openalex.org/W3154988725
https://openalex.org/W3155537587
https://openalex.org/W3158668009
https://openalex.org/W3165147047
https://openalex.org/W3167805356
https://openalex.org/W3172847523
https://openalex.org/W3182157457
https://openalex.org/W3190959453
https://openalex.org/W3195986253
https://openalex.org/W3198718803
https://openalex.org/W3201641500
https://openalex.org/W3207386829
https://openalex.org/W3210840308
https://openalex.org/W3212210623
https://openalex.org/W3213577964
https://openalex.org/W3213852600
https://openalex.org/W3215607368
https://openalex.org/W335432464
https://openalex.org/W342183310
https://openalex.org/W4205714996
https://openalex.org/W4206479907
https://openalex.org/W4210378413
https://openalex.org/W4210557526
https://openalex.org/W4212891549
https://openalex.org/W4214758993
https://openalex.org/W4220739063
https://openalex.org/W4226357405
https://openalex.org/W4230543362
https://openalex.org/W4231868261
https://openalex.org/W4232156580
https://openalex.org/W4233759456
https://openalex.org/W4237890055
https://openalex.org/W4238080604
https://openalex.org/W4238247278
https://openalex.org/W4247606706
https://openalex.org/W4251148030
https://openalex.org/W4254461342
https://openalex.org/W4281958640
https://openalex.org/W4282583858
https://openalex.org/W4283077115
https://openalex.org/W4284882436
https://openalex.org/W4285030864
https://openalex.org/W4285102601
https://openalex.org/W4290990002
https://openalex.org/W4293799914
https://openalex.org/W4297051836
https://openalex.org/W4297092864
https://openalex.org/W4299394629
https://openalex.org/W4302284165
https://openalex.org/W4302343376
https://openalex.org/W4303199106
https://openalex.org/W4306749292
https://openalex.org/W4307939662
https://openalex.org/W4308194840
https://openalex.org/W4309046038
https://openalex.org/W4310081309
https://openalex.org/W4313590283
https://openalex.org/W4316038571
https://openalex.org/W4319795161
https://openalex.org/W4320495837
https://openalex.org/W4321368019
https://openalex.org/W4323923087
https://openalex.org/W4376605675
https://openalex.org/W4376873076
https://openalex.org/W4377010780
https://openalex.org/W4381487445
https://openalex.org/W4384202537
https://openalex.org/W51402267
https://openalex.org/W54850431
https://openalex.org/W612019394
https://openalex.org/W68253407
https://openalex.org/W815485798
https://openalex.org/W869265966
https://openalex.org/W957794326
https://openalex.org/W1006071451
https://openalex.org/W1008370646
https://openalex.org/W1031983210
https://openalex.org/W107072995
https://openalex.org/W107235566
https://openalex.org/W1090202955
https://openalex.org/W112300804
https://openalex.org/W112968343
https://openalex.org/W11382011
https://openalex.org/W114404472
https://openalex.org/W114745434
https://openalex.org/W118517258
https://openalex.org/W1193823870
https://openalex.org/W1212721621
https://openalex.org/W1222731
https://openalex.org/W1249859249
https://openalex.org/W128952232
https://openalex.org/W131686513
https://openalex.org/W136849612
https://openalex.org/W142701645
https://openalex.org/W144116754
https://openalex.org/W1476328054
https://openalex.org/W1481641795
https://openalex.org/W14826821
https://openalex.org/W148682493
https://openalex.org/W1494947846
https://openalex.org/W150144346
https://openalex.org/W1503543062
https://openalex.org/W1505910409
https://openalex.org/W1507505976
https://openalex.org/W1509189075
https://openalex.org/W151614462
https://openalex.org/W1518242296
https://openalex.org/W1519546155
https://openalex.org/W1519835053
https://openalex.org/W15198702
https://openalex.org/W1520103823
https://openalex.org/W1521632032
https://openalex.org/W1525652833
https://openalex.org/W15286445
https://openalex.org/W153285936
https://openalex.org/W1535756197
https://openalex.org/W1536933698
https://openalex.org/W1540366011
https://openalex.org/W1546301804
https://openalex.org/W1547171246
https://openalex.org/W1550219867
https://openalex.org/W1559978548
https://openalex.org/W1565177363
https://openalex.org/W1569726490
https://openalex.org/W1571089854
https://openalex.org/W1572825487
https://openalex.org/W1577443357
https://openalex.org/W1577873122
https://openalex.org/W1581181233
https://openalex.org/W1581382895
https://openalex.org/W1581466352
https://openalex.org/W1589056600
https://openalex.org/W1597725326
https://openalex.org/W1602303156
https://openalex.org/W1603228953
https://openalex.org/W1604068465
https://openalex.org/W162122590
https://openalex.org/W1632988485
https://openalex.org/W1641036349
https://openalex.org/W1648997777
https://openalex.org/W1654937809
https://openalex.org/W1674510627
https://openalex.org/W167570585
https://openalex.org/W174653451
https://openalex.org/W1753940
https://openalex.org/W1754104930
https://openalex.org/W177152846
https://openalex.org/W178494227
https://openalex.org/W17924954
https://openalex.org/W179862718
https://openalex.org/W1836475711
https://openalex.org/W184917337
https://openalex.org/W186111268
https://openalex.org/W1869480021
https://openalex.org/W1899345922
https://openalex.org/W1918751824
https://openalex.org/W1964308842
https://openalex.org/W1964950885
https://openalex.org/W1965657866
https://openalex.org/W1966119821
https://openalex.org/W1970131562
https://openalex.org/W1970182741
https://openalex.org/W1972676735
https://openalex.org/W1973037914
https://openalex.org/W1976965597
https://openalex.org/W1978365996
https://openalex.org/W1978818946
https://openalex.org/W1980021330
https://openalex.org/W1980608114
https://openalex.org/W1980867505
https://openalex.org/W1981399071
https://openalex.org/W1983287152
https://openalex.org/W1983763357
https://openalex.org/W1984077693
https://openalex.org/W1984116851
https://openalex.org/W1986322482
https://openalex.org/W1986934545
https://openalex.org/W1989191888
https://openalex.org/W1990581223
https://openalex.org/W1991579650
https://openalex.org/W1992620181
https://openalex.org/W1992961605
https://openalex.org/W1995463019
https://openalex.org/W1995728372
https://openalex.org/W1995945557
https://openalex.org/W1996868875
https://openalex.org/W1998079513
https://openalex.org/W1999158309
https://openalex.org/W2001247854
https://openalex.org/W2001544005
https://openalex.org/W2003879825
https://openalex.org/W2003981557
https://openalex.org/W2007667325
https://openalex.org/W2010150952
https://openalex.org/W2011113437
https://openalex.org/W2011251339
https://openalex.org/W2014541459
https://openalex.org/W2014873692
https://openalex.org/W2017141881
https://openalex.org/W2017397137
https://openalex.org/W2017719392
https://openalex.org/W2020768533
https://openalex.org/W2020844236
https://openalex.org/W2024427026
https://openalex.org/W2030524243
https://openalex.org/W2034179882
https://openalex.org/W2034295735
https://openalex.org/W2035433615
https://openalex.org/W2035839815
https://openalex.org/W2036874645
https://openalex.org/W2039400342
https://openalex.org/W2040422886
https://openalex.org/W2041910062
https://openalex.org/W2042066540
https://openalex.org/W2043288476
https://openalex.org/W2043514806
https://openalex.org/W2044279170
https://openalex.org/W2051744174
https://openalex.org/W2054039056
https://openalex.org/W2055262432
https://openalex.org/W2055462298
https://openalex.org/W2055664687
https://openalex.org/W2058855040
https://openalex.org/W2059115391
https://openalex.org/W2061513782
https://openalex.org/W2061621377
https://openalex.org/W2063389337
https://openalex.org/W2063676440
https://openalex.org/W2069121421
https://openalex.org/W2069959672
https://openalex.org/W2071985148
https://openalex.org/W2074021465
https://openalex.org/W2079191137
https://openalex.org/W2080137922
https://openalex.org/W2083221035
https://openalex.org/W2084580923
https://openalex.org/W2084966765
https://openalex.org/W2086116610
https://openalex.org/W2087956169
https://openalex.org/W2091480765
https://openalex.org/W2106204696
https://openalex.org/W2107432376
https://openalex.org/W2108850408
https://openalex.org/W2112809613
https://openalex.org/W2113120908
https://openalex.org/W2115987960
https://openalex.org/W2120842297
https://openalex.org/W2122446681
https://openalex.org/W2124078713
https://openalex.org/W2128546397
https://openalex.org/W2131472960
https://openalex.org/W2132741787
https://openalex.org/W2133757319
https://openalex.org/W2134623205
https://openalex.org/W2134801236
https://openalex.org/W2137869197
https://openalex.org/W2137931423
https://openalex.org/W214043056
https://openalex.org/W2154493531
https://openalex.org/W2159964671
https://openalex.org/W2167833096
https://openalex.org/W2169447660
https://openalex.org/W2172128395
https://openalex.org/W2175254825
https://openalex.org/W2175718247
https://openalex.org/W2175977445
https://openalex.org/W2178194636
https://openalex.org/W218157317
https://openalex.org/W2185892273
https://openalex.org/W2186563443
https://openalex.org/W2187610795
https://openalex.org/W2188865006
https://openalex.org/W2189589464
https://openalex.org/W2193681808
https://openalex.org/W2197451
https://openalex.org/W2197930206
https://openalex.org/W2202619281
https://openalex.org/W2203883636
https://openalex.org/W2208713946
https://openalex.org/W2213847468
https://openalex.org/W2215467539
https://openalex.org/W2217279326
https://openalex.org/W2227317102
https://openalex.org/W2227660411
https://openalex.org/W222866043
https://openalex.org/W2238423390
https://openalex.org/W2244218751
https://openalex.org/W2246098538
https://openalex.org/W2246261905
https://openalex.org/W2253018343
https://openalex.org/W2255664617
https://openalex.org/W2256834336
https://openalex.org/W2259049568
https://openalex.org/W2266986092
https://openalex.org/W2270642055
https://openalex.org/W2273510791
https://openalex.org/W2275285970
https://openalex.org/W227641567
https://openalex.org/W2277957118
https://openalex.org/W2280839254
https://openalex.org/W2281018078
https://openalex.org/W2285243602
https://openalex.org/W2291152702
https://openalex.org/W2299070442
https://openalex.org/W2309659324
https://openalex.org/W2313577829
https://openalex.org/W2314680813
https://openalex.org/W231509671
https://openalex.org/W2315701224
https://openalex.org/W2316199802
https://openalex.org/W231746204
https://openalex.org/W2322321368
https://openalex.org/W2322775707
https://openalex.org/W2323904234
https://openalex.org/W2324367848
https://openalex.org/W2325334130
https://openalex.org/W2326238674
https://openalex.org/W2328881737
https://openalex.org/W2330746069
https://openalex.org/W2331202165
https://openalex.org/W2331598501
https://openalex.org/W2331604610
https://openalex.org/W2334282033
https://openalex.org/W2335378268
https://openalex.org/W2336143542
https://openalex.org/W2339647361
https://openalex.org/W2339910114
https://openalex.org/W2341511388
https://openalex.org/W2343419781
https://openalex.org/W2343454670
https://openalex.org/W2347923647
https://openalex.org/W2348622022
https://openalex.org/W2348696329
https://openalex.org/W2348776200
https://openalex.org/W2350872255
https://openalex.org/W2351245119
https://openalex.org/W2353159460
https://openalex.org/W2353532756
https://openalex.org/W2353537916
https://openalex.org/W2353642768
https://openalex.org/W2354371460
https://openalex.org/W2354404525
https://openalex.org/W2354663366
https://openalex.org/W2355175344
https://openalex.org/W2355224812
https://openalex.org/W2356829220
https://openalex.org/W2357014847
https://openalex.org/W2357244746
https://openalex.org/W2357865469
https://openalex.org/W2357894718
https://openalex.org/W2358901304
https://openalex.org/W2359135279
https://openalex.org/W2360297039
https://openalex.org/W2362221461
https://openalex.org/W2362921158
https://openalex.org/W2364165840
https://openalex.org/W2364253917
https://openalex.org/W2365166642
https://openalex.org/W2365421401
https://openalex.org/W2365479921
https://openalex.org/W2365641531
https://openalex.org/W2365841048
https://openalex.org/W2365885181
https://openalex.org/W2366811917
https://openalex.org/W2367261553
https://openalex.org/W2368110895
https://openalex.org/W2368960881
https://openalex.org/W2369501725
https://openalex.org/W2369928698
https://openalex.org/W2370621626
https://openalex.org/W2372009407
https://openalex.org/W2372367737
https://openalex.org/W2372886673
https://openalex.org/W2372900167
https://openalex.org/W2373074887
https://openalex.org/W2374112862
https://openalex.org/W2374428733
https://openalex.org/W2375874130
https://openalex.org/W2376012979
https://openalex.org/W2376222624
https://openalex.org/W2376856572
https://openalex.org/W2376965129
https://openalex.org/W2377007431
https://openalex.org/W2378938596
https://openalex.org/W2379859726
https://openalex.org/W2380934571
https://openalex.org/W2381433626
https://openalex.org/W2382193327
https://openalex.org/W2382603188
https://openalex.org/W2382969693
https://openalex.org/W2384276692
https://openalex.org/W2384763692
https://openalex.org/W2385552284
https://openalex.org/W2385839685
https://openalex.org/W2386582408
https://openalex.org/W2387053494
https://openalex.org/W2387205362
https://openalex.org/W2387413882
https://openalex.org/W2387964396
https://openalex.org/W2388130559
https://openalex.org/W2388562406
https://openalex.org/W2389392643
https://openalex.org/W2389667225
https://openalex.org/W2390341331
https://openalex.org/W2390451181
https://openalex.org/W2391056376
https://openalex.org/W2391728019
https://openalex.org/W2391836277
https://openalex.org/W2392177587
https://openalex.org/W2394040135
https://openalex.org/W2394817373
https://openalex.org/W2395269687
https://openalex.org/W2396844709
https://openalex.org/W2396911918
https://openalex.org/W2397061880
https://openalex.org/W2397199191
https://openalex.org/W2398288316
https://openalex.org/W2398505860
https://openalex.org/W2399678297
https://openalex.org/W2400111178
https://openalex.org/W2401099796
https://openalex.org/W2401686014
https://openalex.org/W2402668755
https://openalex.org/W2403290786
https://openalex.org/W2403470907
https://openalex.org/W2403991844
https://openalex.org/W2406454663
https://openalex.org/W2406469833
https://openalex.org/W2408750613
https://openalex.org/W2409113990
https://openalex.org/W2409193823
https://openalex.org/W2409799387
https://openalex.org/W2410216400
https://openalex.org/W2410336236
https://openalex.org/W2410341772
https://openalex.org/W2410742672
https://openalex.org/W2411444300
https://openalex.org/W2411571562
https://openalex.org/W2412021352
https://openalex.org/W2412215053
https://openalex.org/W2412411828
https://openalex.org/W2412745753
https://openalex.org/W2412760695
https://openalex.org/W2412874740
https://openalex.org/W2413849884
https://openalex.org/W2413902084
https://openalex.org/W2415095965
https://openalex.org/W2415652965
https://openalex.org/W2415760011
https://openalex.org/W2415803074
https://openalex.org/W2415960333
https://openalex.org/W2416172101
https://openalex.org/W2416718758
https://openalex.org/W2416953870
https://openalex.org/W2417358613
https://openalex.org/W2417362020
https://openalex.org/W2417534907
https://openalex.org/W2418422324
https://openalex.org/W2418563165
https://openalex.org/W2418771164
https://openalex.org/W2419988436
https://openalex.org/W2420419903
https://openalex.org/W2424770656
https://openalex.org/W2424972261
https://openalex.org/W2424973738
https://openalex.org/W2426979693
https://openalex.org/W2428888180
https://openalex.org/W2429568637
https://openalex.org/W2429896356
https://openalex.org/W2432523999
https://openalex.org/W2437809289
https://openalex.org/W2439862106
https://openalex.org/W2439908042
https://openalex.org/W2442583178
https://openalex.org/W2460091247
https://openalex.org/W2460306668
https://openalex.org/W2460568828
https://openalex.org/W2461470335
https://openalex.org/W2463002914
https://openalex.org/W2463190919
https://openalex.org/W2464081077
https://openalex.org/W2465372885
https://openalex.org/W2469837328
https://openalex.org/W2470188602
https://openalex.org/W2470733582
https://openalex.org/W2470984233
https://openalex.org/W2472067932
https://openalex.org/W2472262132
https://openalex.org/W2472449724
https://openalex.org/W2472770935
https://openalex.org/W2473386149
https://openalex.org/W2473915397
https://openalex.org/W2475673708
https://openalex.org/W2475919984
https://openalex.org/W2477327618
https://openalex.org/W2477404771
https://openalex.org/W2477956811
https://openalex.org/W2478387270
https://openalex.org/W2481128459
https://openalex.org/W2483732599
https://openalex.org/W2485138123
https://openalex.org/W2488472861
https://openalex.org/W2490719236
https://openalex.org/W2493304451
https://openalex.org/W2495478939
https://openalex.org/W2498853571
https://openalex.org/W2499458986
https://openalex.org/W2503596677
https://openalex.org/W2505034029
https://openalex.org/W2509474244
https://openalex.org/W2514743651
https://openalex.org/W2516277215
https://openalex.org/W2519813251
https://openalex.org/W2526401657
https://openalex.org/W2526484408
https://openalex.org/W252703802
https://openalex.org/W2527294629
https://openalex.org/W2527887587
https://openalex.org/W2528710696
https://openalex.org/W2529494374
https://openalex.org/W2529715255
https://openalex.org/W2531417949
https://openalex.org/W2549719059
https://openalex.org/W2550102796
https://openalex.org/W2551955027
https://openalex.org/W2554297490
https://openalex.org/W2560036997
https://openalex.org/W2560865697
https://openalex.org/W2562209125
https://openalex.org/W2564494172
https://openalex.org/W2568351812
https://openalex.org/W2572374951
https://openalex.org/W2572854559
https://openalex.org/W2580569361
https://openalex.org/W2582817007
https://openalex.org/W2587093746
https://openalex.org/W2588367971
https://openalex.org/W2590406437
https://openalex.org/W2590733322
https://openalex.org/W2590875600
https://openalex.org/W2591672726
https://openalex.org/W2592852566
https://openalex.org/W2593422062
https://openalex.org/W2593581189
https://openalex.org/W2594107408
https://openalex.org/W2595031234
https://openalex.org/W2597059698
https://openalex.org/W2598088048
https://openalex.org/W2601062682
https://openalex.org/W2601838359
https://openalex.org/W2602362821
https://openalex.org/W2603625880
https://openalex.org/W260462725
https://openalex.org/W2604728790
https://openalex.org/W2605375856
https://openalex.org/W2606275393
https://openalex.org/W2606285982
https://openalex.org/W2606343678
https://openalex.org/W2610934444
https://openalex.org/W2611065220
https://openalex.org/W261110732
https://openalex.org/W2611332758
https://openalex.org/W2611682327
https://openalex.org/W2611728124
https://openalex.org/W2611786198
https://openalex.org/W2613289554
https://openalex.org/W2614708332
https://openalex.org/W2615606497
https://openalex.org/W2615927802
https://openalex.org/W2620166322
https://openalex.org/W2620220490
https://openalex.org/W2620681633
https://openalex.org/W2621132841
https://openalex.org/W2622325219
https://openalex.org/W2623266871
https://openalex.org/W2625094222
https://openalex.org/W2625329274
https://openalex.org/W2680605214
https://openalex.org/W268661251
https://openalex.org/W2704138117
https://openalex.org/W2729311077
https://openalex.org/W2732077516
https://openalex.org/W2732530518
https://openalex.org/W2734899517
https://openalex.org/W2735154959
https://openalex.org/W2736436859
https://openalex.org/W2740855120
https://openalex.org/W2741596586
https://openalex.org/W2742216963
https://openalex.org/W2742448544
https://openalex.org/W2742573122
https://openalex.org/W2742634633
https://openalex.org/W2743267667
https://openalex.org/W2744538860
https://openalex.org/W2744714577
https://openalex.org/W2744836739
https://openalex.org/W2744960200
https://openalex.org/W2745689590
https://openalex.org/W2745864924
https://openalex.org/W2746255246
https://openalex.org/W2746600901
https://openalex.org/W2746701631
https://openalex.org/W2746943489
https://openalex.org/W2746994125
https://openalex.org/W2747322310
https://openalex.org/W2747329384
https://openalex.org/W2747538180
https://openalex.org/W2747899713
https://openalex.org/W2747915592
https://openalex.org/W2748039147
https://openalex.org/W2748401749
https://openalex.org/W2748755676
https://openalex.org/W2749675790
https://openalex.org/W2749893056
https://openalex.org/W2749986250
https://openalex.org/W2750673962
https://openalex.org/W2750677438
https://openalex.org/W2750746076
https://openalex.org/W2751341570
https://openalex.org/W2751625485
https://openalex.org/W2752513616
https://openalex.org/W2752730602
https://openalex.org/W2753456425
https://openalex.org/W2753619616
https://openalex.org/W2754217216
https://openalex.org/W2754251993
https://openalex.org/W2754635997
https://openalex.org/W2755351496
https://openalex.org/W2755472872
https://openalex.org/W2755889358
https://openalex.org/W2756315486
https://openalex.org/W2757029117
https://openalex.org/W2757040741
https://openalex.org/W2757466458
https://openalex.org/W2758606195
https://openalex.org/W2758728777
https://openalex.org/W2760149272
https://openalex.org/W2760414622
https://openalex.org/W2761769568
https://openalex.org/W2761838057
https://openalex.org/W2762172755
https://openalex.org/W2764338008
https://openalex.org/W2765782984
https://openalex.org/W2765788516
https://openalex.org/W2765922100
https://openalex.org/W2768053824
https://openalex.org/W2769360740
https://openalex.org/W2769732209
https://openalex.org/W2770608056
https://openalex.org/W2771207892
https://openalex.org/W277633624
https://openalex.org/W2777592707
https://openalex.org/W2778118056
https://openalex.org/W2778586843
https://openalex.org/W2782230801
https://openalex.org/W2782905020
https://openalex.org/W2784361689
https://openalex.org/W2789076541
https://openalex.org/W2794091355
https://openalex.org/W2794474018
https://openalex.org/W2795569396
https://openalex.org/W2796776017
https://openalex.org/W28002655
https://openalex.org/W2800703480
https://openalex.org/W2803782475
https://openalex.org/W2809804550
https://openalex.org/W2811081474
https://openalex.org/W282574584
https://openalex.org/W283027318
https://openalex.org/W28512797
https://openalex.org/W286254149
https://openalex.org/W2863900879
https://openalex.org/W2883446884
https://openalex.org/W2884728557
https://openalex.org/W2885517448
https://openalex.org/W2888663669
https://openalex.org/W2888787862
https://openalex.org/W2889491721
https://openalex.org/W2890080882
https://openalex.org/W2890219619
https://openalex.org/W2890434943
https://openalex.org/W2892280699
https://openalex.org/W2892334894
https://openalex.org/W2893485339
https://openalex.org/W2894190615
https://openalex.org/W2894279835
https://openalex.org/W2897041126
https://openalex.org/W2897538384
https://openalex.org/W2898613997
https://openalex.org/W2899612665
https://openalex.org/W2900193218
https://openalex.org/W2900363216
https://openalex.org/W2901583337
https://openalex.org/W2903144228
https://openalex.org/W2907106787
https://openalex.org/W2908657465
https://openalex.org/W291229200
https://openalex.org/W2913967129
https://openalex.org/W291399860
https://openalex.org/W2914609149
https://openalex.org/W2915949766
https://openalex.org/W2916889289
https://openalex.org/W2919694100
https://openalex.org/W2920355828
https://openalex.org/W2921150550
https://openalex.org/W2925670707
https://openalex.org/W2927845429
https://openalex.org/W2938211325
https://openalex.org/W2938483328
https://openalex.org/W2940828501
https://openalex.org/W2945497559
https://openalex.org/W2948137126
https://openalex.org/W2950244760
https://openalex.org/W2950464723
https://openalex.org/W2950605209
https://openalex.org/W2952407961
https://openalex.org/W2953029224
https://openalex.org/W2955497504
https://openalex.org/W2963114340
https://openalex.org/W2963392167
https://openalex.org/W2967620581
https://openalex.org/W2969070078
https://openalex.org/W2969516710
https://openalex.org/W2972264899
https://openalex.org/W2972430695
https://openalex.org/W2972446779
https://openalex.org/W2976006419
https://openalex.org/W2976904796
https://openalex.org/W2977532973
https://openalex.org/W2977547839
https://openalex.org/W2978585718
https://openalex.org/W2979011074
https://openalex.org/W2979517662
https://openalex.org/W2979584003
https://openalex.org/W2980277211
https://openalex.org/W2980942015
https://openalex.org/W2986419288
https://openalex.org/W2989739214
https://openalex.org/W2989828815
https://openalex.org/W2989923353
https://openalex.org/W2990133157
https://openalex.org/W2990672190
https://openalex.org/W2990742078
https://openalex.org/W2991572951
https://openalex.org/W2994747282
https://openalex.org/W2994866467
https://openalex.org/W2995899280
https://openalex.org/W2996127426
https://openalex.org/W2996326547
https://openalex.org/W2998091943
https://openalex.org/W2998629351
https://openalex.org/W3000925934
https://openalex.org/W3003290414
https://openalex.org/W3003562931
https://openalex.org/W3004137489
https://openalex.org/W3004674037
https://openalex.org/W3005156788
https://openalex.org/W3005463401
https://openalex.org/W3006889786
https://openalex.org/W3007686627
https://openalex.org/W3008276389
https://openalex.org/W3009059516
https://openalex.org/W3009602791
https://openalex.org/W3010673003
https://openalex.org/W3010935506
https://openalex.org/W3011253837
https://openalex.org/W3011296684
https://openalex.org/W3012725484
https://openalex.org/W3014238854
https://openalex.org/W3014755271
https://openalex.org/W3015352553
https://openalex.org/W3015403148
https://openalex.org/W3015409349
https://openalex.org/W3016098922
https://openalex.org/W3016402553
https://openalex.org/W3016500662
https://openalex.org/W3016765186
https://openalex.org/W3017476291
https://openalex.org/W3019076433
https://openalex.org/W3021020073
https://openalex.org/W3021438372
https://openalex.org/W3021466236
https://openalex.org/W3022498931
https://openalex.org/W3022768702
https://openalex.org/W3024026427
https://openalex.org/W3024509786
https://openalex.org/W3025144872
https://openalex.org/W3025378199
https://openalex.org/W3025650517
https://openalex.org/W3026872413
https://openalex.org/W3026907018
https://openalex.org/W3028349529
https://openalex.org/W3028669081
https://openalex.org/W3030137604
https://openalex.org/W3030618325
https://openalex.org/W3031945235
https://openalex.org/W3031993025
https://openalex.org/W3032370516
https://openalex.org/W3033673951
https://openalex.org/W3034887528
https://openalex.org/W3035020340
https://openalex.org/W3035602346
https://openalex.org/W3036768281
https://openalex.org/W3038026760
https://openalex.org/W3041678265
https://openalex.org/W3043431629
https://openalex.org/W3043452249
https://openalex.org/W3043777018
https://openalex.org/W3043980803
https://openalex.org/W3045084798
https://openalex.org/W3045253361
https://openalex.org/W3045312428
https://openalex.org/W3046478255
https://openalex.org/W3047343730
https://openalex.org/W304737945
https://openalex.org/W3048416775
https://openalex.org/W3049167545
https://openalex.org/W3049454794
https://openalex.org/W3082021302
https://openalex.org/W3082897114
https://openalex.org/W3083501494
https://openalex.org/W3083621860
https://openalex.org/W3084426831
https://openalex.org/W3085684949
https://openalex.org/W3086275575
https://openalex.org/W3089967104
https://openalex.org/W30911173
https://openalex.org/W3091198826
https://openalex.org/W3091395662
https://openalex.org/W3092694040
https://openalex.org/W3093050815
https://openalex.org/W3095982467
https://openalex.org/W3096041271
https://openalex.org/W3096816971
https://openalex.org/W3097076943
https://openalex.org/W3097699457
https://openalex.org/W3097700752
https://openalex.org/W3100339780
https://openalex.org/W3102761865
https://openalex.org/W3102915685
https://openalex.org/W3105015692
https://openalex.org/W3107842983
https://openalex.org/W3107901338
https://openalex.org/W3108164931
https://openalex.org/W3108636670
https://openalex.org/W3110018662
https://openalex.org/W3112331219
https://openalex.org/W3112989160
https://openalex.org/W3116346427
https://openalex.org/W3117176997
https://openalex.org/W3119116277
https://openalex.org/W3119354434
https://openalex.org/W3119467908
https://openalex.org/W3120036497
https://openalex.org/W3121742905
https://openalex.org/W3121823149
https://openalex.org/W3123744805
https://openalex.org/W3124056196
https://openalex.org/W3124080397
https://openalex.org/W3124115878
https://openalex.org/W3124613160
https://openalex.org/W3125432309
https://openalex.org/W3125762289
https://openalex.org/W3126269654
https://openalex.org/W3126887611
https://openalex.org/W3127289367
https://openalex.org/W3128055886
https://openalex.org/W3132817632
https://openalex.org/W3134133684
https://openalex.org/W3134504990
https://openalex.org/W3135263140
https://openalex.org/W3137412523
https://openalex.org/W314604016
https://openalex.org/W3146926580
https://openalex.org/W3151914467
https://openalex.org/W3153013124
https://openalex.org/W3154041680
https://openalex.org/W3154157833
https://openalex.org/W315523470
https://openalex.org/W3156016905
https://openalex.org/W3157505829
https://openalex.org/W3157602482
https://openalex.org/W3157970481
https://openalex.org/W3158128722
https://openalex.org/W3158291804
https://openalex.org/W3158811604
https://openalex.org/W3159695593
https://openalex.org/W3159808657
https://openalex.org/W3160379026
https://openalex.org/W3163158724
https://openalex.org/W3165756113
https://openalex.org/W3166070972
https://openalex.org/W3167470025
https://openalex.org/W3168415137
https://openalex.org/W3169202643
https://openalex.org/W3169490825
https://openalex.org/W3170226329
https://openalex.org/W3172402316
https://openalex.org/W3172475085
https://openalex.org/W3172897158
https://openalex.org/W3173183563
https://openalex.org/W3173189376
https://openalex.org/W3173956285
https://openalex.org/W3174161226
https://openalex.org/W317459989
https://openalex.org/W3175305561
https://openalex.org/W3175918394
https://openalex.org/W3176416691
https://openalex.org/W3176516253
https://openalex.org/W3176701610
https://openalex.org/W3176739245
https://openalex.org/W3180251368
https://openalex.org/W3182029438
https://openalex.org/W3182101470
https://openalex.org/W3184649026
https://openalex.org/W3184868840
https://openalex.org/W3185509854
https://openalex.org/W3185803976
https://openalex.org/W3186017824
https://openalex.org/W3186116647
https://openalex.org/W3186999057
https://openalex.org/W3187209226
https://openalex.org/W3187505431
https://openalex.org/W3192409923
https://openalex.org/W3195042649
https://openalex.org/W3196082459
https://openalex.org/W3196389287
https://openalex.org/W3197505556
https://openalex.org/W3197797890
https://openalex.org/W3198016965
https://openalex.org/W3198723970
https://openalex.org/W3199223281
https://openalex.org/W3199649324
https://openalex.org/W3200219194
https://openalex.org/W3200520631
https://openalex.org/W3200990289
https://openalex.org/W3201095967
https://openalex.org/W3201797623
https://openalex.org/W3203055921
https://openalex.org/W3203197030
https://openalex.org/W3203801398
https://openalex.org/W3204353888
https://openalex.org/W3204945054
https://openalex.org/W3204968108
https://openalex.org/W3205185105
https://openalex.org/W3205279143
https://openalex.org/W3206253224
https://openalex.org/W3208643444
https://openalex.org/W3209410028
https://openalex.org/W3209495511
https://openalex.org/W3210615288
https://openalex.org/W3211830490
https://openalex.org/W3212773481
https://openalex.org/W3213265857
https://openalex.org/W3214578192
https://openalex.org/W3214689007
https://openalex.org/W3215425957
https://openalex.org/W3215852382
https://openalex.org/W3215953320
https://openalex.org/W3216295457
https://openalex.org/W3216485795
https://openalex.org/W3216731864
https://openalex.org/W3216901230
https://openalex.org/W345485781
https://openalex.org/W367523222
https://openalex.org/W4200013654
https://openalex.org/W4200132746
https://openalex.org/W4200158029
https://openalex.org/W4200272570
https://openalex.org/W4200316790
https://openalex.org/W4200419104
https://openalex.org/W4200621180
https://openalex.org/W4205410787
https://openalex.org/W4206044611
https://openalex.org/W4206358484
https://openalex.org/W4206389984
https://openalex.org/W4206504107
https://openalex.org/W4206883264
https://openalex.org/W4211260731
https://openalex.org/W4212811246
https://openalex.org/W4212984128
https://openalex.org/W4213262429
https://openalex.org/W4213411941
https://openalex.org/W4213479958
https://openalex.org/W4220653932
https://openalex.org/W4220656865
https://openalex.org/W4220674812
https://openalex.org/W4220810703
https://openalex.org/W4220958610
https://openalex.org/W4224104983
https://openalex.org/W4224262263
https://openalex.org/W4226377105
https://openalex.org/W4226497211
https://openalex.org/W4231263784
https://openalex.org/W4231914050
https://openalex.org/W4232171227
https://openalex.org/W4232226371
https://openalex.org/W4233694086
https://openalex.org/W4233909894
https://openalex.org/W4234628568
https://openalex.org/W4235072371
https://openalex.org/W4235454457
https://openalex.org/W4235802601
https://openalex.org/W4237182641
https://openalex.org/W4237560244
https://openalex.org/W4238533075
https://openalex.org/W4238546368
https://openalex.org/W4238951768
https://openalex.org/W4241232940
https://openalex.org/W4241295926
https://openalex.org/W4241443820
https://openalex.org/W4242622333
https://openalex.org/W4244797315
https://openalex.org/W4244912193
https://openalex.org/W4244964022
https://openalex.org/W4246349841
https://openalex.org/W4246877087
https://openalex.org/W4246957811
https://openalex.org/W4246981791
https://openalex.org/W4248187885
https://openalex.org/W4248537764
https://openalex.org/W4248731603
https://openalex.org/W4248920443
https://openalex.org/W4249242625
https://openalex.org/W4249820612
https://openalex.org/W4249979739
https://openalex.org/W4250313496
https://openalex.org/W4250466489
https://openalex.org/W4250651595
https://openalex.org/W4250879731
https://openalex.org/W4251183514
https://openalex.org/W4251539089
https://openalex.org/W4252329012
https://openalex.org/W4253329351
https://openalex.org/W4253648152
https://openalex.org/W4256412083
https://openalex.org/W4280494042
https://openalex.org/W4280615923
https://openalex.org/W4280636956
https://openalex.org/W4281254792
https://openalex.org/W4282553329
https://openalex.org/W4282922785
https://openalex.org/W4283168146
https://openalex.org/W4284969365
https://openalex.org/W4285057836
https://openalex.org/W4285093132
https://openalex.org/W4285214571
https://openalex.org/W4285267718
https://openalex.org/W4285309256
https://openalex.org/W4285494953
https://openalex.org/W4286715740
https://openalex.org/W4287958669
https://openalex.org/W4289835192
https://openalex.org/W4289927721
https://openalex.org/W4291020948
https://openalex.org/W4291158183
https://openalex.org/W4292365321
https://openalex.org/W4292375784
https://openalex.org/W4292449017
https://openalex.org/W4292744791
https://openalex.org/W4292965688
https://openalex.org/W4295411376
https://openalex.org/W4298025343
https://openalex.org/W4300189518
https://openalex.org/W4300769761
https://openalex.org/W4300950537
https://openalex.org/W4301188090
https://openalex.org/W4301948997
https://openalex.org/W4302038866
https://openalex.org/W4302425356
https://openalex.org/W4304687350
https://openalex.org/W4307719748
https://openalex.org/W4308026806
https://openalex.org/W4308186930
https://openalex.org/W4308312134
https://openalex.org/W4308515139
https://openalex.org/W4309170259
https://openalex.org/W4309775502
https://openalex.org/W4310437718
https://openalex.org/W4310977714
https://openalex.org/W4311617354
https://openalex.org/W4311687375
https://openalex.org/W4312156718
https://openalex.org/W4312326340
https://openalex.org/W4312332904
https://openalex.org/W4312793972
https://openalex.org/W4312838065
https://openalex.org/W4313432861
https://openalex.org/W4317426327
https://openalex.org/W4317771212
https://openalex.org/W4317808935
https://openalex.org/W4317809210
https://openalex.org/W4317937918
https://openalex.org/W4318541444
https://openalex.org/W4318616794
https://openalex.org/W4318691829
https://openalex.org/W4319299221
https://openalex.org/W4319301554
https://openalex.org/W4320038496
https://openalex.org/W4320728215
https://openalex.org/W4321097589
https://openalex.org/W4321168161
https://openalex.org/W4321441636
https://openalex.org/W4321749546
https://openalex.org/W4321788085
https://openalex.org/W4321850074
https://openalex.org/W4322630899
https://openalex.org/W4322630900
https://openalex.org/W4322749152
https://openalex.org/W4323035628
https://openalex.org/W4323048540
https://openalex.org/W4323528515
https://openalex.org/W4323537208
https://openalex.org/W4327639156
https://openalex.org/W4327709626
https://openalex.org/W4353056907
https://openalex.org/W4361824164
https://openalex.org/W4361876356
https://openalex.org/W4361876405
https://openalex.org/W4361876406
https://openalex.org/W4361876409
https://openalex.org/W4361876411
https://openalex.org/W4361876416
https://openalex.org/W4361876429
https://openalex.org/W4361876442
https://openalex.org/W4361880554
https://openalex.org/W4361908294
https://openalex.org/W4361908302
https://openalex.org/W4361943765
https://openalex.org/W4361944334
https://openalex.org/W4361949465
https://openalex.org/W4361949953
https://openalex.org/W4361951114
https://openalex.org/W4361960817
https://openalex.org/W4362394099
https://openalex.org/W4362394126
https://openalex.org/W4362395168
https://openalex.org/W4362395175
https://openalex.org/W4362422556
https://openalex.org/W4362422569
https://openalex.org/W4362422600
https://openalex.org/W4362422629
https://openalex.org/W4362422667
https://openalex.org/W4362422699
https://openalex.org/W4362422702
https://openalex.org/W4362422822
https://openalex.org/W4362427331
https://openalex.org/W4362429114
https://openalex.org/W4362430249
https://openalex.org/W4362493453
https://openalex.org/W4362493475
https://openalex.org/W4362493477
https://openalex.org/W4362493558
https://openalex.org/W4362493561
https://openalex.org/W4362493570
https://openalex.org/W4362493575
https://openalex.org/W4362493583
https://openalex.org/W4362493587
https://openalex.org/W4362493589
https://openalex.org/W4362493590
https://openalex.org/W4362493613
https://openalex.org/W4362493658
https://openalex.org/W4362493659
https://openalex.org/W4362493672
https://openalex.org/W4362493722
https://openalex.org/W4362493730
https://openalex.org/W4362493818
https://openalex.org/W4362538397
https://openalex.org/W4362538467
https://openalex.org/W4362538531
https://openalex.org/W4362538669
https://openalex.org/W4362538671
https://openalex.org/W4362538915
https://openalex.org/W4362538930
https://openalex.org/W4362539012
https://openalex.org/W4362539017
https://openalex.org/W4362539056
https://openalex.org/W4362539096
https://openalex.org/W4362539246
https://openalex.org/W4362546532
https://openalex.org/W4362550723
https://openalex.org/W4362550738
https://openalex.org/W4362550746
https://openalex.org/W4362550801
https://openalex.org/W4362550853
https://openalex.org/W4362550876
https://openalex.org/W4362550880
https://openalex.org/W4362550974
https://openalex.org/W4362550981
https://openalex.org/W4362550982
https://openalex.org/W4362550986
https://openalex.org/W4362551510
https://openalex.org/W4362559681
https://openalex.org/W4362559764
https://openalex.org/W4362559769
https://openalex.org/W4362559814
https://openalex.org/W4362559815
https://openalex.org/W4362559820
https://openalex.org/W4362559919
https://openalex.org/W4362582999
https://openalex.org/W4362692237
https://openalex.org/W4365443823
https://openalex.org/W4366179029
https://openalex.org/W4366495505
https://openalex.org/W4366504145
https://openalex.org/W4366771633
https://openalex.org/W4366828716
https://openalex.org/W4366963210
https://openalex.org/W4367314182
https://openalex.org/W4367625346
https://openalex.org/W4368357511
https://openalex.org/W4375859370
https://openalex.org/W4376114389
https://openalex.org/W4376605727
https://openalex.org/W4376868848
https://openalex.org/W4377089285
https://openalex.org/W4377089375
https://openalex.org/W4377089416
https://openalex.org/W4377089553
https://openalex.org/W4377089579
https://openalex.org/W4377939687
https://openalex.org/W4378651343
https://openalex.org/W4378714142
https://openalex.org/W4378841411
https://openalex.org/W4378982205
https://openalex.org/W4379056398
https://openalex.org/W4379094999
https://openalex.org/W4379599388
https://openalex.org/W4379768460
https://openalex.org/W4379880848
https://openalex.org/W4379977680
https://openalex.org/W4380785309
https://openalex.org/W4380793752
https://openalex.org/W4380928476
https://openalex.org/W4381510812
https://openalex.org/W4382279453
https://openalex.org/W4382317836
https://openalex.org/W4382407289
https://openalex.org/W4382652520
https://openalex.org/W4382927527
https://openalex.org/W4383301783
https://openalex.org/W4383345352
https://openalex.org/W4383474002
https://openalex.org/W4383898451
https://openalex.org/W4383998414
https://openalex.org/W4384028871
https://openalex.org/W4384133821
https://openalex.org/W4384297319
https://openalex.org/W4384405918
https://openalex.org/W4384616595
https://openalex.org/W4384626181
https://openalex.org/W4384664456
https://openalex.org/W4384933189
https://openalex.org/W4385146149
https://openalex.org/W4385218813
https://openalex.org/W4385262011
https://openalex.org/W4385355674
https://openalex.org/W4385385582
https://openalex.org/W4385759197
https://openalex.org/W4385823207
https://openalex.org/W4385971680
https://openalex.org/W4385998077
https://openalex.org/W4386003659
https://openalex.org/W4386109999
https://openalex.org/W4386297910
https://openalex.org/W4386316013
https://openalex.org/W4386440567
https://openalex.org/W4386454312
https://openalex.org/W4386473400
https://openalex.org/W4386519985
https://openalex.org/W4386648208
https://openalex.org/W4386662469
https://openalex.org/W4386796593
https://openalex.org/W4386826558
https://openalex.org/W4386935910
https://openalex.org/W4387022629
https://openalex.org/W44484722
https://openalex.org/W44637271
https://openalex.org/W583748747
https://openalex.org/W58629604
https://openalex.org/W60447228
https://openalex.org/W606011799
https://openalex.org/W624098507
https://openalex.org/W628106299
https://openalex.org/W643696484
https://openalex.org/W65271418
https://openalex.org/W658234406
https://openalex.org/W69120766
https://openalex.org/W768300834
https://openalex.org/W782241328
https://openalex.org/W795154440
https://openalex.org/W79523020
https://openalex.org/W805352296
https://openalex.org/W811113280
https://openalex.org/W823424262
https://openalex.org/W82387722
https://openalex.org/W835142220
https://openalex.org/W855224630
https://openalex.org/W87273696
https://openalex.org/W89580463
https://openalex.org/W89791654
https://openalex.org/W93240213
https://openalex.org/W936057889
https://openalex.org/W94777017
https://openalex.org/W951157510
https://openalex.org/W97641386
https://openalex.org/W994068597
https://openalex.org/W998394927
https://openalex.org/W2142437744
https://openalex.org/W2084373725
https://openalex.org/W2043288745
https://openalex.org/W2068353535
https://openalex.org/W2912555658
https://openalex.org/W2803802119
https://openalex.org/W2124614231
https://openalex.org/W2952165521
https://openalex.org/W2047283050
https://openalex.org/W2172283179
https://openalex.org/W2146794662
https://openalex.org/W2038953523
https://openalex.org/W2140116051
https://openalex.org/W1532205670
https://openalex.org/W2000099020
https://openalex.org/W2117631891
https://openalex.org/W2151102304
https://openalex.org/W2162957160
https://openalex.org/W2130084494
https://openalex.org/W1993608360
https://openalex.org/W2112718635
https://openalex.org/W1987359352
https://openalex.org/W2066280893
https://openalex.org/W2146133266
https://openalex.org/W2002336468
https://openalex.org/W1995837138
https://openalex.org/W2139311359
https://openalex.org/W2070342831
https://openalex.org/W2009793053
https://openalex.org/W2115227615
https://openalex.org/W1975369353
https://openalex.org/W2346098055
https://openalex.org/W2142666504
https://openalex.org/W2988991070
https://openalex.org/W3175995708
https://openalex.org/W2047884875
https://openalex.org/W1994080507
https://openalex.org/W2552895678
https://openalex.org/W1966937303
https://openalex.org/W2030246288
https://openalex.org/W2017811046
https://openalex.org/W2035692319
https://openalex.org/W2098973334
https://openalex.org/W2041535910
https://openalex.org/W2169859562
https://openalex.org/W2069842022
https://openalex.org/W2620238341
https://openalex.org/W2136970997
https://openalex.org/W2154074565
https://openalex.org/W2037033559
https://openalex.org/W119353100
https://openalex.org/W2099036911
https://openalex.org/W1997338710
https://openalex.org/W2131901831
https://openalex.org/W2025236698
https://openalex.org/W2965299749
https://openalex.org/W2995369098
https://openalex.org/W2140534161
https://openalex.org/W2128112636
https://openalex.org/W2140756516
https://openalex.org/W2151265018
https://openalex.org/W2097813641
https://openalex.org/W2003548070
https://openalex.org/W2096310657
https://openalex.org/W3033304019
https://openalex.org/W1990311482
https://openalex.org/W2066251405
https://openalex.org/W1989236722
https://openalex.org/W1980237482
https://openalex.org/W2136262272
https://openalex.org/W2558837609
https://openalex.org/W1861698313
https://openalex.org/W2062866220
https://openalex.org/W2364895978
https://openalex.org/W2073962268
https://openalex.org/W2140591264
https://openalex.org/W2120921261
https://openalex.org/W1997315571
https://openalex.org/W2049263137
https://openalex.org/W2012600443
https://openalex.org/W2047129111
https://openalex.org/W1579140970
https://openalex.org/W1963704941
https://openalex.org/W2047161129
https://openalex.org/W2076024644
https://openalex.org/W2082708750
https://openalex.org/W2162281122
https://openalex.org/W1583731893
https://openalex.org/W2062940877
https://openalex.org/W2000525505
https://openalex.org/W2169989696
https://openalex.org/W2137317157
https://openalex.org/W2102390524
https://openalex.org/W1994889974
https://openalex.org/W1997480648
https://openalex.org/W2112852315
https://openalex.org/W2025914134
https://openalex.org/W2075684271
https://openalex.org/W2135717264
https://openalex.org/W2104024203
https://openalex.org/W3019363986
https://openalex.org/W3159951467
https://openalex.org/W1969769040
https://openalex.org/W2038860354
https://openalex.org/W2914089962
https://openalex.org/W2095949683
https://openalex.org/W2113358355
https://openalex.org/W2170338824
https://openalex.org/W2015693274
https://openalex.org/W1048267848
https://openalex.org/W2154827797
https://openalex.org/W2150307432
https://openalex.org/W2785267239
https://openalex.org/W2082590808
https://openalex.org/W2914015090
https://openalex.org/W2088267724
https://openalex.org/W2937378659
https://openalex.org/W1965764875
https://openalex.org/W1986633321
https://openalex.org/W2080665741
https://openalex.org/W2166020741
https://openalex.org/W2130038062
https://openalex.org/W2897353357
https://openalex.org/W2123366208
https://openalex.org/W2151335341
https://openalex.org/W2156510885
https://openalex.org/W2253606929
https://openalex.org/W1968052631
https://openalex.org/W2035657846
https://openalex.org/W2323524803
https://openalex.org/W2105757606
https://openalex.org/W2155440484
https://openalex.org/W2519616827
https://openalex.org/W2071637386
https://openalex.org/W2128327031
https://openalex.org/W2996896267
https://openalex.org/W2728893983
https://openalex.org/W3002782576
https://openalex.org/W2162897974
https://openalex.org/W2057977668
https://openalex.org/W2062525278
https://openalex.org/W2123275987
https://openalex.org/W2046263029
https://openalex.org/W2156262248
https://openalex.org/W2264924852
https://openalex.org/W2750255095
https://openalex.org/W2416982532
https://openalex.org/W2897498392
https://openalex.org/W2028668632
https://openalex.org/W2165882703
https://openalex.org/W1964998975
https://openalex.org/W2105790555
https://openalex.org/W2168072307
https://openalex.org/W2161381063
https://openalex.org/W2795918445
https://openalex.org/W2070589883
https://openalex.org/W2079489686
https://openalex.org/W1973526984
https://openalex.org/W2005517722
https://openalex.org/W2036615961
https://openalex.org/W2039637995
https://openalex.org/W2024607985
https://openalex.org/W2167460781
https://openalex.org/W2170303106
https://openalex.org/W2097349477
https://openalex.org/W2033079929
https://openalex.org/W2041635902
https://openalex.org/W2132708409
https://openalex.org/W1999802541
https://openalex.org/W2014166790
https://openalex.org/W2140112671
https://openalex.org/W1026266142
https://openalex.org/W2110930460
https://openalex.org/W2626895392
https://openalex.org/W2013834855
https://openalex.org/W2088907469
https://openalex.org/W2135010794
https://openalex.org/W2094803368
https://openalex.org/W2127063691
https://openalex.org/W2552457465
https://openalex.org/W2060536206
https://openalex.org/W2071738481
https://openalex.org/W2105712999
https://openalex.org/W2338978258
https://openalex.org/W2087701232
https://openalex.org/W2148781763
https://openalex.org/W2170618168
https://openalex.org/W2303301650
https://openalex.org/W2009235291
https://openalex.org/W2114324231
https://openalex.org/W2161887055
https://openalex.org/W2284951282
https://openalex.org/W2903095208
https://openalex.org/W1985735581
https://openalex.org/W1992681202
https://openalex.org/W2006575165
https://openalex.org/W2008913148
https://openalex.org/W2047765437
https://openalex.org/W2069423243
https://openalex.org/W2118588003
https://openalex.org/W2324428367
https://openalex.org/W2963431726
https://openalex.org/W92855703
https://openalex.org/W2052212833
https://openalex.org/W2053417989
https://openalex.org/W2057286377
https://openalex.org/W2066938684
https://openalex.org/W2078619188
https://openalex.org/W2127588963
https://openalex.org/W2153792037
https://openalex.org/W1600150583
https://openalex.org/W1980831278
https://openalex.org/W2019268848
https://openalex.org/W2024112495
https://openalex.org/W2029480272
https://openalex.org/W2129808545
https://openalex.org/W2407374040
https://openalex.org/W2981074437
https://openalex.org/W2159713326
https://openalex.org/W2991298899
https://openalex.org/W2018288956
https://openalex.org/W2080559785
https://openalex.org/W3102589670
https://openalex.org/W1964723003
https://openalex.org/W2003648673
https://openalex.org/W2058105122
https://openalex.org/W2416123413
https://openalex.org/W2005147031
https://openalex.org/W2066668961
https://openalex.org/W2068726687
https://openalex.org/W2151587318
https://openalex.org/W2753460377
https://openalex.org/W2767858663
https://openalex.org/W2951260739
https://openalex.org/W1685359092
https://openalex.org/W1912633131
https://openalex.org/W2001136810
https://openalex.org/W2283874854
https://openalex.org/W2883990687
https://openalex.org/W2076150020
https://openalex.org/W1995981953
https://openalex.org/W2057848329
https://openalex.org/W2156643271
https://openalex.org/W2516918670
https://openalex.org/W3004043984
https://openalex.org/W3093422181
https://openalex.org/W2165164441
https://openalex.org/W2884295418
https://openalex.org/W2061545244
https://openalex.org/W2170566208
https://openalex.org/W2061039645
https://openalex.org/W2770692750
https://openalex.org/W3049413318
https://openalex.org/W1963970654
https://openalex.org/W1997432409
https://openalex.org/W2026469956
https://openalex.org/W2049977123
https://openalex.org/W2140538089
https://openalex.org/W2166431115
https://openalex.org/W3125504885
https://openalex.org/W2050820961
https://openalex.org/W2092040989
https://openalex.org/W2773829100
https://openalex.org/W3010299238
https://openalex.org/W3060024767
https://openalex.org/W2621435552
https://openalex.org/W2782244323
https://openalex.org/W1553126460
https://openalex.org/W2042577703
https://openalex.org/W2150773888
https://openalex.org/W2041028691
https://openalex.org/W2567888144
https://openalex.org/W1969604517
https://openalex.org/W2004867792
https://openalex.org/W2028503428
https://openalex.org/W2045482165
https://openalex.org/W2995345901
https://openalex.org/W2037582805
https://openalex.org/W2053621092
https://openalex.org/W2791691463
https://openalex.org/W1973577677
https://openalex.org/W2002937122
https://openalex.org/W2076056181
https://openalex.org/W2335594465
https://openalex.org/W1523385797
https://openalex.org/W1586173730
https://openalex.org/W1893479695
https://openalex.org/W2033145313
https://openalex.org/W2048878988
https://openalex.org/W2112289579
https://openalex.org/W2152707379
https://openalex.org/W2299742279
https://openalex.org/W2340271041
https://openalex.org/W1974352788
https://openalex.org/W2041041817
https://openalex.org/W2055185339
https://openalex.org/W2974383887
https://openalex.org/W4252911839
https://openalex.org/W1967435033
https://openalex.org/W2139632504
https://openalex.org/W268125961
https://openalex.org/W2005272015
https://openalex.org/W1951409921
https://openalex.org/W2032070006
https://openalex.org/W2129967190
https://openalex.org/W2149377540
https://openalex.org/W2902585338
https://openalex.org/W3033350508
https://openalex.org/W3103121305
https://openalex.org/W2021208459
https://openalex.org/W2135699452
https://openalex.org/W2149938274
https://openalex.org/W1970448853
https://openalex.org/W2020897568
https://openalex.org/W2026656008
https://openalex.org/W2070627423
https://openalex.org/W2104609414
https://openalex.org/W2004806214
https://openalex.org/W2022673339
https://openalex.org/W2141257679
https://openalex.org/W2143980949
https://openalex.org/W2164147693
https://openalex.org/W2252220274
https://openalex.org/W2416789202
https://openalex.org/W2003810829
https://openalex.org/W2011015579
https://openalex.org/W2015614769
https://openalex.org/W2128060049
https://openalex.org/W2171552319
https://openalex.org/W2180628720
https://openalex.org/W2345640555
https://openalex.org/W3034811978
https://openalex.org/W1596556920
https://openalex.org/W1966644316
https://openalex.org/W1983279771
https://openalex.org/W2050235487
https://openalex.org/W2102559409
https://openalex.org/W2168922361
https://openalex.org/W2409563688
https://openalex.org/W3021125815
https://openalex.org/W1976661984
https://openalex.org/W2103342057
https://openalex.org/W2167768501
https://openalex.org/W2528703433
https://openalex.org/W3165051008
https://openalex.org/W1992980705
https://openalex.org/W2020774747
https://openalex.org/W2064419098
https://openalex.org/W2102423632
https://openalex.org/W2182332127
https://openalex.org/W3043823404
https://openalex.org/W2079969082
https://openalex.org/W2922850357
https://openalex.org/W2937638951
https://openalex.org/W3178557273
https://openalex.org/W98229199
https://openalex.org/W2073702460
https://openalex.org/W2095671347
https://openalex.org/W2128150066
https://openalex.org/W2165542135
https://openalex.org/W2294822945
https://openalex.org/W1981852811
https://openalex.org/W2038255344
https://openalex.org/W2093531601
https://openalex.org/W2151468115
https://openalex.org/W2517597316
https://openalex.org/W2888722423
https://openalex.org/W3122499681
https://openalex.org/W1594018090
https://openalex.org/W1997218960
https://openalex.org/W2025456062
https://openalex.org/W2043436769
https://openalex.org/W2119892808
https://openalex.org/W2335704619
https://openalex.org/W2755856832
https://openalex.org/W3120463483
https://openalex.org/W1974386299
https://openalex.org/W1990273277
https://openalex.org/W1999393895
https://openalex.org/W2024106828
https://openalex.org/W2039977572
https://openalex.org/W2119873204
https://openalex.org/W2896299752
https://openalex.org/W3016341691
https://openalex.org/W1771854906
https://openalex.org/W2029853880
https://openalex.org/W2064187123
https://openalex.org/W2087308788
https://openalex.org/W2105009359
https://openalex.org/W2129532437
https://openalex.org/W2550981837
https://openalex.org/W2892330506
https://openalex.org/W2975184127
https://openalex.org/W4212858066
https://openalex.org/W1968715864
https://openalex.org/W2053768649
https://openalex.org/W2059450456
https://openalex.org/W2099822712
https://openalex.org/W2109120434
https://openalex.org/W2171240432
https://openalex.org/W2728810930
https://openalex.org/W2972944913
https://openalex.org/W1988799324
https://openalex.org/W2034939167
https://openalex.org/W2045799172
https://openalex.org/W2087930531
https://openalex.org/W2100432997
https://openalex.org/W2155534551
https://openalex.org/W2172177551
https://openalex.org/W2615760564
https://openalex.org/W2752475926
https://openalex.org/W623732614
https://openalex.org/W1966257814
https://openalex.org/W1991587375
https://openalex.org/W2009859571
https://openalex.org/W2100826840
https://openalex.org/W2157519999
https://openalex.org/W2163539648
https://openalex.org/W2553990959
https://openalex.org/W2936560152
https://openalex.org/W3021999147
https://openalex.org/W3111782606
https://openalex.org/W1905514604
https://openalex.org/W2004254364
https://openalex.org/W2018510207
https://openalex.org/W2027301697
https://openalex.org/W2095033084
https://openalex.org/W2097595411
https://openalex.org/W2101216249
https://openalex.org/W2123263336
https://openalex.org/W2136056144
https://openalex.org/W2149865697
https://openalex.org/W2186782318
https://openalex.org/W3125012412
https://openalex.org/W1605064689
https://openalex.org/W2042460386
https://openalex.org/W2063152751
https://openalex.org/W2146726753
https://openalex.org/W2270851947
https://openalex.org/W2888009287
https://openalex.org/W3011443373
https://openalex.org/W3044622889
https://openalex.org/W3093320059
https://openalex.org/W1964271874
https://openalex.org/W1971744848
https://openalex.org/W2041014303
https://openalex.org/W2041820996
https://openalex.org/W2057819956
https://openalex.org/W2124893712
https://openalex.org/W2145465485
https://openalex.org/W2777607725
https://openalex.org/W1982293592
https://openalex.org/W1985510520
https://openalex.org/W2054678629
https://openalex.org/W2112307116
https://openalex.org/W2140781673
https://openalex.org/W2171092853
https://openalex.org/W2577853745
https://openalex.org/W2587692983
https://openalex.org/W3012046398
https://openalex.org/W1514802418
https://openalex.org/W1534901545
https://openalex.org/W1983942478
https://openalex.org/W1992048993
https://openalex.org/W2014783572
https://openalex.org/W2080804168
https://openalex.org/W2085082797
https://openalex.org/W2092755857
https://openalex.org/W2163753243
https://openalex.org/W2318610990
https://openalex.org/W2323761967
https://openalex.org/W2408806165
https://openalex.org/W2737767877
https://openalex.org/W1988206115
https://openalex.org/W1993741962
https://openalex.org/W1997487495
https://openalex.org/W1998226423
https://openalex.org/W2010491075
https://openalex.org/W2013443201
https://openalex.org/W2017994475
https://openalex.org/W2018560770
https://openalex.org/W2050872728
https://openalex.org/W2075290393
https://openalex.org/W2136505124
https://openalex.org/W2141751803
https://openalex.org/W2155765554
https://openalex.org/W2505063554
https://openalex.org/W2802783353
https://openalex.org/W2973589951
https://openalex.org/W3000107169
https://openalex.org/W1971119448
https://openalex.org/W1993511655
https://openalex.org/W1996608831
https://openalex.org/W2004691425
https://openalex.org/W2005963770
https://openalex.org/W2025370240
https://openalex.org/W2037886822
https://openalex.org/W2078338858
https://openalex.org/W2105672824
https://openalex.org/W2124874779
https://openalex.org/W2164329106
https://openalex.org/W2169701496
https://openalex.org/W2345501671
https://openalex.org/W2409755653
https://openalex.org/W2777064013
https://openalex.org/W51643566
https://openalex.org/W1559942333
https://openalex.org/W1966617052
https://openalex.org/W1966732827
https://openalex.org/W1995472248
https://openalex.org/W2005285144
https://openalex.org/W2097890713
https://openalex.org/W2122629082
https://openalex.org/W2125315587
https://openalex.org/W2126591103
https://openalex.org/W2150551408
https://openalex.org/W2180729848
https://openalex.org/W2516551788
https://openalex.org/W2791323298
https://openalex.org/W2949557532
https://openalex.org/W1491742958
https://openalex.org/W2005635539
https://openalex.org/W2018342570
https://openalex.org/W2024145119
https://openalex.org/W2035255623
https://openalex.org/W2068398215
https://openalex.org/W2127352922
https://openalex.org/W2134667982
https://openalex.org/W2142624163
https://openalex.org/W2145722531
https://openalex.org/W2161651346
https://openalex.org/W2346674006
https://openalex.org/W2555116909
https://openalex.org/W2743614385
https://openalex.org/W2751959986
https://openalex.org/W2803906512
https://openalex.org/W2865782570
https://openalex.org/W2890140503
https://openalex.org/W2950967683
https://openalex.org/W3004302379
https://openalex.org/W2004827268
https://openalex.org/W2015362019
https://openalex.org/W2017394635
https://openalex.org/W2021796808
https://openalex.org/W2089592802
https://openalex.org/W2123040915
https://openalex.org/W2748439839
https://openalex.org/W2782639609
https://openalex.org/W2908065952
https://openalex.org/W1973538670
https://openalex.org/W1978409351
https://openalex.org/W2006749076
https://openalex.org/W2013782211
https://openalex.org/W2027055106
https://openalex.org/W2043846449
https://openalex.org/W2075965904
https://openalex.org/W2128241818
https://openalex.org/W2133198677
https://openalex.org/W2315582655
https://openalex.org/W2342346369
https://openalex.org/W2599211667
https://openalex.org/W1973094094
https://openalex.org/W1975104632
https://openalex.org/W1982736817
https://openalex.org/W1998401231
https://openalex.org/W2032589105
https://openalex.org/W2039265299
https://openalex.org/W2073427542
https://openalex.org/W2077819605
https://openalex.org/W2093035804
https://openalex.org/W2113303991
https://openalex.org/W2118788910
https://openalex.org/W2142205351
https://openalex.org/W2143491860
https://openalex.org/W2515331930
https://openalex.org/W2595685619
https://openalex.org/W2606942426
https://openalex.org/W2742837602
https://openalex.org/W2767493014
https://openalex.org/W2801667917
https://openalex.org/W3098732209
https://openalex.org/W1901978149
https://openalex.org/W1958419648
https://openalex.org/W1981630116
https://openalex.org/W2003767975
https://openalex.org/W2071810694
https://openalex.org/W2080537697
https://openalex.org/W2134386780
https://openalex.org/W2141632728
https://openalex.org/W2186139465
https://openalex.org/W2415770806
https://openalex.org/W2770928390
https://openalex.org/W2892041857
https://openalex.org/W3118206376
https://openalex.org/W1963573396
https://openalex.org/W1973037442
https://openalex.org/W1984231051
https://openalex.org/W2112761057
https://openalex.org/W2138511518
https://openalex.org/W2577008907
https://openalex.org/W2029155502
https://openalex.org/W2036530886
https://openalex.org/W2050633058
https://openalex.org/W2064230266
https://openalex.org/W2068076567
https://openalex.org/W2081756479
https://openalex.org/W2150309320
https://openalex.org/W2280011325
https://openalex.org/W2480452482
https://openalex.org/W2898339925
https://openalex.org/W2911507406
https://openalex.org/W3091490551
https://openalex.org/W3127928328
https://openalex.org/W1978235667
https://openalex.org/W1978398350
https://openalex.org/W1980564791
https://openalex.org/W1982825670
https://openalex.org/W1995579748
https://openalex.org/W1995864540
https://openalex.org/W2022145987
https://openalex.org/W2023809052
https://openalex.org/W2038653699
https://openalex.org/W2082164919
https://openalex.org/W2113198878
https://openalex.org/W2118084511
https://openalex.org/W2136142581
https://openalex.org/W2138372269
https://openalex.org/W2154150203
https://openalex.org/W2159172353
https://openalex.org/W2715903285
https://openalex.org/W2951492457
https://openalex.org/W1499136266
https://openalex.org/W1597518231
https://openalex.org/W1879293523
https://openalex.org/W1972289934
https://openalex.org/W1973502180
https://openalex.org/W1976605195
https://openalex.org/W1976788414
https://openalex.org/W2002372751
https://openalex.org/W202562867
https://openalex.org/W2029767858
https://openalex.org/W2040226659
https://openalex.org/W2051930584
https://openalex.org/W2054890225
https://openalex.org/W2074617952
https://openalex.org/W2076177667
https://openalex.org/W2081199109
https://openalex.org/W2086765669
https://openalex.org/W2091806755
https://openalex.org/W2099975825
https://openalex.org/W2105983159
https://openalex.org/W2115788905
https://openalex.org/W2129585241
https://openalex.org/W2138837535
https://openalex.org/W2183145492
https://openalex.org/W2409434514
https://openalex.org/W2548796881
https://openalex.org/W2752279516
https://openalex.org/W2766750128
https://openalex.org/W2795920053
https://openalex.org/W2997021234
https://openalex.org/W3036476767
https://openalex.org/W3095203508
https://openalex.org/W1963635516
https://openalex.org/W1984473542
https://openalex.org/W2020803503
https://openalex.org/W2052031543
https://openalex.org/W2079343056
https://openalex.org/W2080188564
https://openalex.org/W2084173093
https://openalex.org/W2104144532
https://openalex.org/W2154517647
https://openalex.org/W2162303639
https://openalex.org/W2333377189
https://openalex.org/W2895658579
https://openalex.org/W1963897043
https://openalex.org/W1971060488
https://openalex.org/W1993556245
https://openalex.org/W1993816805
https://openalex.org/W2008848381
https://openalex.org/W2014509838
https://openalex.org/W2049208351
https://openalex.org/W2049768226
https://openalex.org/W2054024627
https://openalex.org/W2054494992
https://openalex.org/W2077664509
https://openalex.org/W2080267060
https://openalex.org/W2092627080
https://openalex.org/W2094433127
https://openalex.org/W2096826362
https://openalex.org/W2098495385
https://openalex.org/W2106044481
https://openalex.org/W2111132726
https://openalex.org/W2135359257
https://openalex.org/W2163234754
https://openalex.org/W2167656707
https://openalex.org/W2773904775
https://openalex.org/W2800835849
https://openalex.org/W2809224002
https://openalex.org/W3033531916
https://openalex.org/W560848126
https://openalex.org/W1978798002
https://openalex.org/W1993945102
https://openalex.org/W2001183300
https://openalex.org/W2010300316
https://openalex.org/W2013463156
https://openalex.org/W2025255499
https://openalex.org/W2039973320
https://openalex.org/W2040452605
https://openalex.org/W2072260099
https://openalex.org/W2073377580
https://openalex.org/W2074972792
https://openalex.org/W2081578772
https://openalex.org/W2081764492
https://openalex.org/W2102492144
https://openalex.org/W2163078473
https://openalex.org/W2330326937
https://openalex.org/W2334996443
https://openalex.org/W2409709568
https://openalex.org/W2418503143
https://openalex.org/W2562182407
https://openalex.org/W2801284943
https://openalex.org/W1549900211
https://openalex.org/W1970783367
https://openalex.org/W1972945800
https://openalex.org/W1985716609
https://openalex.org/W1990463861
https://openalex.org/W1996944776
https://openalex.org/W2006222303
https://openalex.org/W2032494244
https://openalex.org/W2036673345
https://openalex.org/W2042160553
https://openalex.org/W2048562370
https://openalex.org/W2118703581
https://openalex.org/W2146426387
https://openalex.org/W2160309737
https://openalex.org/W2265492468
https://openalex.org/W2335698719
https://openalex.org/W2969967872
https://openalex.org/W3048727629
https://openalex.org/W3095407672
https://openalex.org/W4224029945
https://openalex.org/W1993532207
https://openalex.org/W1999759288
https://openalex.org/W2007519622
https://openalex.org/W2025210002
https://openalex.org/W2027371137
https://openalex.org/W2042394574
https://openalex.org/W2064721969
https://openalex.org/W2082095884
https://openalex.org/W2097432934
https://openalex.org/W2126720592
https://openalex.org/W2134610294
https://openalex.org/W2135850589
https://openalex.org/W2151593979
https://openalex.org/W2160643567
https://openalex.org/W2187658599
https://openalex.org/W2805163386
https://openalex.org/W2955573038
https://openalex.org/W3007985497
https://openalex.org/W754205595
https://openalex.org/W1975806095
https://openalex.org/W1977497935
https://openalex.org/W1978216844
https://openalex.org/W1979838969
https://openalex.org/W1992425816
https://openalex.org/W2001760866
https://openalex.org/W2006650352
https://openalex.org/W2023205978
https://openalex.org/W2023629499
https://openalex.org/W2033245995
https://openalex.org/W2046067583
https://openalex.org/W2058309061
https://openalex.org/W2062199824
https://openalex.org/W2075949551
https://openalex.org/W2092763875
https://openalex.org/W2092986708
https://openalex.org/W2115674146
https://openalex.org/W2170036424
https://openalex.org/W2310294680
https://openalex.org/W2329112309
https://openalex.org/W2412496353
https://openalex.org/W2413246109
https://openalex.org/W2738574531
https://openalex.org/W2768362760
https://openalex.org/W2897798075
https://openalex.org/W2968605519
https://openalex.org/W3120644626
https://openalex.org/W1775926857
https://openalex.org/W1947049540
https://openalex.org/W1969943342
https://openalex.org/W1986914213
https://openalex.org/W2019334516
https://openalex.org/W2025881016
https://openalex.org/W2039477328
https://openalex.org/W2041146884
https://openalex.org/W2045910360
https://openalex.org/W2048567566
https://openalex.org/W2063403350
https://openalex.org/W2403794256
https://openalex.org/W2520019527
https://openalex.org/W2593325847
https://openalex.org/W2595992204
https://openalex.org/W2740998852
https://openalex.org/W2803744340
https://openalex.org/W2948002396
https://openalex.org/W3007010359
https://openalex.org/W3151115352
https://openalex.org/W771276518
https://openalex.org/W1480006323
https://openalex.org/W1569979756
https://openalex.org/W1982397573
https://openalex.org/W1994422884
https://openalex.org/W1999644093
https://openalex.org/W2014466169
https://openalex.org/W2024232875
https://openalex.org/W2024602444
https://openalex.org/W2025205258
https://openalex.org/W2027226506
https://openalex.org/W2044442869
https://openalex.org/W2052745015
https://openalex.org/W2056279264
https://openalex.org/W2091326947
https://openalex.org/W2101519177
https://openalex.org/W2117489991
https://openalex.org/W2127956005
https://openalex.org/W2142229304
https://openalex.org/W2145952332
https://openalex.org/W2163139222
https://openalex.org/W2175360010
https://openalex.org/W2189324241
https://openalex.org/W2220859729
https://openalex.org/W2768142987
https://openalex.org/W3035086153
https://openalex.org/W3187018120
https://openalex.org/W4300349998
https://openalex.org/W1491019122
https://openalex.org/W1562921574
https://openalex.org/W1975204177
https://openalex.org/W2006040529
https://openalex.org/W2031179282
https://openalex.org/W2049162053
https://openalex.org/W2083761663
https://openalex.org/W2091641057
https://openalex.org/W2118585570
https://openalex.org/W2119544426
https://openalex.org/W2125726153
https://openalex.org/W2142656730
https://openalex.org/W2192822359
https://openalex.org/W2221975472
https://openalex.org/W2265538738
https://openalex.org/W2463618705
https://openalex.org/W2518640827
https://openalex.org/W2794017235
https://openalex.org/W2916118156
https://openalex.org/W3128988805
https://openalex.org/W1821819832
https://openalex.org/W1903289617
https://openalex.org/W1988138213
https://openalex.org/W2010690933
https://openalex.org/W2011854568
https://openalex.org/W2016537409
https://openalex.org/W2033572023
https://openalex.org/W2049288534
https://openalex.org/W2053927629
https://openalex.org/W2055662534
https://openalex.org/W2057683129
https://openalex.org/W2064332115
https://openalex.org/W2089183687
https://openalex.org/W2091661236
https://openalex.org/W2104711613
https://openalex.org/W2111133933
https://openalex.org/W2147048442
https://openalex.org/W2160345880
https://openalex.org/W2171403434
https://openalex.org/W2179719743
https://openalex.org/W2438281743
https://openalex.org/W244190868
https://openalex.org/W2568929495
https://openalex.org/W2607108452
https://openalex.org/W2783555054
https://openalex.org/W2900571927
https://openalex.org/W2900600779
https://openalex.org/W2910317561
https://openalex.org/W2912346008
https://openalex.org/W2980190037
https://openalex.org/W3007567388
https://openalex.org/W3011545636
https://openalex.org/W3120878078
https://openalex.org/W3140662285
https://openalex.org/W1838740286
https://openalex.org/W1918722456
https://openalex.org/W1966945529
https://openalex.org/W1972419938
https://openalex.org/W1986367272
https://openalex.org/W2002360516
https://openalex.org/W2022923077
https://openalex.org/W2027317575
https://openalex.org/W2035555431
https://openalex.org/W2036831961
https://openalex.org/W2046257345
https://openalex.org/W2084624127
https://openalex.org/W2089049957
https://openalex.org/W2119214115
https://openalex.org/W2142568574
https://openalex.org/W2805743500
https://openalex.org/W2889665763
https://openalex.org/W2944868754
https://openalex.org/W3029530523
https://openalex.org/W3114741003
https://openalex.org/W1972036923
https://openalex.org/W1981543856
https://openalex.org/W1989474605
https://openalex.org/W2004732821
https://openalex.org/W2013859309
https://openalex.org/W2035122827
https://openalex.org/W2055652094
https://openalex.org/W2066297851
https://openalex.org/W2070226636
https://openalex.org/W2075260213
https://openalex.org/W2076471356
https://openalex.org/W2085572136
https://openalex.org/W2090649531
https://openalex.org/W2090946375
https://openalex.org/W2099384359
https://openalex.org/W2119335436
https://openalex.org/W2125089510
https://openalex.org/W2131025105
https://openalex.org/W2162351294
https://openalex.org/W2163840073
https://openalex.org/W2168202805
https://openalex.org/W2315474490
https://openalex.org/W2410611132
https://openalex.org/W2414026595
https://openalex.org/W2782868757
https://openalex.org/W2954160734
https://openalex.org/W3013679199
https://openalex.org/W3217202108
https://openalex.org/W4293476201
https://openalex.org/W1498696496
https://openalex.org/W1623018586
https://openalex.org/W1873375728
https://openalex.org/W1967018614
https://openalex.org/W1973488358
https://openalex.org/W1985310657
https://openalex.org/W1988521171
https://openalex.org/W2003058856
https://openalex.org/W2007402076
https://openalex.org/W2034190875
https://openalex.org/W2072621832
https://openalex.org/W2103264701
https://openalex.org/W2121436188
https://openalex.org/W2131790947
https://openalex.org/W2136726799
https://openalex.org/W2162710589
https://openalex.org/W2318611940
https://openalex.org/W2327992815
https://openalex.org/W2604882846
https://openalex.org/W2789256356
https://openalex.org/W2896225459
https://openalex.org/W2913192002
https://openalex.org/W2980186336
https://openalex.org/W3036588547
https://openalex.org/W3037596176
https://openalex.org/W3103030712
https://openalex.org/W3159342690
https://openalex.org/W3196247867
https://openalex.org/W3206773356
https://openalex.org/W1559655974
https://openalex.org/W1968875235
https://openalex.org/W1981438427
https://openalex.org/W1983269394
https://openalex.org/W2002238164
https://openalex.org/W2014840684
https://openalex.org/W2016715030
https://openalex.org/W2017959685
https://openalex.org/W2019287029
https://openalex.org/W2031329146
https://openalex.org/W2057641600
https://openalex.org/W2059348073
https://openalex.org/W2060695788
https://openalex.org/W2067155830
https://openalex.org/W2072458105
https://openalex.org/W2072874300
https://openalex.org/W2074804070
https://openalex.org/W2082749193
https://openalex.org/W2083435969
https://openalex.org/W2111482433
https://openalex.org/W2138504955
https://openalex.org/W2169264462
https://openalex.org/W2175609161
https://openalex.org/W2186481073
https://openalex.org/W2317393531
https://openalex.org/W2411919746
https://openalex.org/W2577492692
https://openalex.org/W2746152766
https://openalex.org/W2793483091
https://openalex.org/W2945749991
https://openalex.org/W2961974611
https://openalex.org/W2984134080
https://openalex.org/W3010661340
https://openalex.org/W3110558354
https://openalex.org/W3215648870
https://openalex.org/W602649261
https://openalex.org/W1782305488
https://openalex.org/W1966746232
https://openalex.org/W2007393992
https://openalex.org/W2017294847
https://openalex.org/W2040664836
https://openalex.org/W2047716149
https://openalex.org/W2065560044
https://openalex.org/W2093640775
https://openalex.org/W2101976179
https://openalex.org/W2107387586
https://openalex.org/W2131066268
https://openalex.org/W2138580391
https://openalex.org/W2155081919
https://openalex.org/W2337284360
https://openalex.org/W2337638159
https://openalex.org/W2515432088
https://openalex.org/W2516152350
https://openalex.org/W2528305308
https://openalex.org/W2767739064
https://openalex.org/W2783033498
https://openalex.org/W2804543858
https://openalex.org/W2961148205
https://openalex.org/W2963310375
https://openalex.org/W2976439467
https://openalex.org/W2991370763
https://openalex.org/W2995602635
https://openalex.org/W2999656131
https://openalex.org/W3087434364
https://openalex.org/W3099562535
https://openalex.org/W3107381548
https://openalex.org/W3116875198
https://openalex.org/W1591316722
https://openalex.org/W1963959462
https://openalex.org/W1970937166
https://openalex.org/W1985866185
https://openalex.org/W2002346156
https://openalex.org/W2012148214
https://openalex.org/W2021518963
https://openalex.org/W2027249194
https://openalex.org/W2042729246
https://openalex.org/W2058261532
https://openalex.org/W2061656945
https://openalex.org/W2062679882
https://openalex.org/W2066307347
https://openalex.org/W2071976956
https://openalex.org/W2078000718
https://openalex.org/W2095587171
https://openalex.org/W2124614707
https://openalex.org/W2132708255
https://openalex.org/W2134189923
https://openalex.org/W2151230192
https://openalex.org/W2154052594
https://openalex.org/W2166294744
https://openalex.org/W2253270656
https://openalex.org/W2327097926
https://openalex.org/W2328709461
https://openalex.org/W2421041605
https://openalex.org/W2508711466
https://openalex.org/W2555893477
https://openalex.org/W2557839755
https://openalex.org/W2571066736
https://openalex.org/W2606265287
https://openalex.org/W2753913305
https://openalex.org/W2803963452
https://openalex.org/W2887583519
https://openalex.org/W2889637910
https://openalex.org/W2956112268
https://openalex.org/W2969291280
https://openalex.org/W2996262407
https://openalex.org/W3018056662
https://openalex.org/W3087727860
https://openalex.org/W3161898289
https://openalex.org/W4205135529
https://openalex.org/W80928204
https://openalex.org/W1485631877
https://openalex.org/W1496704117
https://openalex.org/W1842156531
https://openalex.org/W1966714323
https://openalex.org/W1971657025
https://openalex.org/W1979216323
https://openalex.org/W1980302670
https://openalex.org/W1981998848
https://openalex.org/W2025388271
https://openalex.org/W2033450370
https://openalex.org/W2051656753
https://openalex.org/W2052638839
https://openalex.org/W2057197140
https://openalex.org/W2063348961
https://openalex.org/W2075868088
https://openalex.org/W2077750858
https://openalex.org/W2113211180
https://openalex.org/W2125135541
https://openalex.org/W2189106117
https://openalex.org/W2189585007
https://openalex.org/W2256094953
https://openalex.org/W2340499537
https://openalex.org/W2528342091
https://openalex.org/W2590509695
https://openalex.org/W2747183233
https://openalex.org/W2791297379
https://openalex.org/W2800539819
https://openalex.org/W2981211277
https://openalex.org/W2982381186
https://openalex.org/W3008608217
https://openalex.org/W3095804551
https://openalex.org/W3118155107
https://openalex.org/W3203373961
https://openalex.org/W969735836
https://openalex.org/W1846491462
https://openalex.org/W1985815192
https://openalex.org/W1988823810
https://openalex.org/W2006365908
https://openalex.org/W2007652520
https://openalex.org/W2019505003
https://openalex.org/W2026130512
https://openalex.org/W2026818509
https://openalex.org/W2031754616
https://openalex.org/W2033047806
https://openalex.org/W2045899422
https://openalex.org/W2046550435
https://openalex.org/W2055675212
https://openalex.org/W2067134835
https://openalex.org/W2076925193
https://openalex.org/W2088251513
https://openalex.org/W2089824877
https://openalex.org/W2093017521
https://openalex.org/W2093213499
https://openalex.org/W2116104962
https://openalex.org/W2154986266
https://openalex.org/W2159379423
https://openalex.org/W2163767835
https://openalex.org/W2221458218
https://openalex.org/W2402429692
https://openalex.org/W2480763859
https://openalex.org/W2593777988
https://openalex.org/W2626706212
https://openalex.org/W2724615481
https://openalex.org/W2761036028
https://openalex.org/W2765174023
https://openalex.org/W2906461926
https://openalex.org/W2947433467
https://openalex.org/W2983020287
https://openalex.org/W3025693284
https://openalex.org/W3081675791
https://openalex.org/W3158762372
https://openalex.org/W3161760065
https://openalex.org/W3182356969
https://openalex.org/W3213579566
https://openalex.org/W4289313513
https://openalex.org/W1608115274
https://openalex.org/W1895359231
https://openalex.org/W1965268846
https://openalex.org/W1966511641
https://openalex.org/W1967621552
https://openalex.org/W1981192466
https://openalex.org/W2014783334
https://openalex.org/W2017304479
https://openalex.org/W2020035561
https://openalex.org/W2025455211
https://openalex.org/W2031062184
https://openalex.org/W2041319663
https://openalex.org/W2045821422
https://openalex.org/W2054985162
https://openalex.org/W2055451381
https://openalex.org/W2061184309
https://openalex.org/W2062374300
https://openalex.org/W2066828676
https://openalex.org/W2076798401
https://openalex.org/W2079995597
https://openalex.org/W2084838487
https://openalex.org/W2091795636
https://openalex.org/W2092552492
https://openalex.org/W2104405979
https://openalex.org/W2145257384
https://openalex.org/W2159542852
https://openalex.org/W2267622944
https://openalex.org/W2303956298
https://openalex.org/W2415119042
https://openalex.org/W2790040437
https://openalex.org/W2808899522
https://openalex.org/W2809214543
https://openalex.org/W2888795395
https://openalex.org/W2896374103
https://openalex.org/W290081751
https://openalex.org/W2924143542
https://openalex.org/W2955527549
https://openalex.org/W2981277841
https://openalex.org/W2981781633
https://openalex.org/W2995008997
https://openalex.org/W3082660946
https://openalex.org/W4200385664
https://openalex.org/W4313335967
https://openalex.org/W138422237
https://openalex.org/W1909233579
https://openalex.org/W1969547213
https://openalex.org/W1974060973
https://openalex.org/W1987932861
https://openalex.org/W1992972492
https://openalex.org/W1997802338
https://openalex.org/W2004418978
https://openalex.org/W2010637997
https://openalex.org/W2011617830
https://openalex.org/W2012833208
https://openalex.org/W2026062067
https://openalex.org/W2033162408
https://openalex.org/W2039193707
https://openalex.org/W2044823971
https://openalex.org/W2058040996
https://openalex.org/W2058473121
https://openalex.org/W2066975814
https://openalex.org/W2069793082
https://openalex.org/W2076575902
https://openalex.org/W2092759151
https://openalex.org/W2101744753
https://openalex.org/W2118333014
https://openalex.org/W2162980663
https://openalex.org/W2164528131
https://openalex.org/W2212202209
https://openalex.org/W2238761636
https://openalex.org/W2319008115
https://openalex.org/W2330764340
https://openalex.org/W2419509636
https://openalex.org/W2539529206
https://openalex.org/W2775807622
https://openalex.org/W2808165120
https://openalex.org/W2883866979
https://openalex.org/W2904686902
https://openalex.org/W2908205686
https://openalex.org/W2923856915
https://openalex.org/W2924456233
https://openalex.org/W2942577646
https://openalex.org/W2943925003
https://openalex.org/W2944329129
https://openalex.org/W2978537230
https://openalex.org/W2981512690
https://openalex.org/W3048377064
https://openalex.org/W3084222041
https://openalex.org/W3092150873
https://openalex.org/W3093796077
https://openalex.org/W3095453427
https://openalex.org/W3106183804
https://openalex.org/W3108625483
https://openalex.org/W3200938791
https://openalex.org/W1182540799
https://openalex.org/W1596265159
https://openalex.org/W1805008928
https://openalex.org/W1968465351
https://openalex.org/W1989475807
https://openalex.org/W1991352926
https://openalex.org/W1993864468
https://openalex.org/W2022984790
https://openalex.org/W2028684706
https://openalex.org/W2064891587
https://openalex.org/W2067845083
https://openalex.org/W2081174749
https://openalex.org/W2089017303
https://openalex.org/W2093035583
https://openalex.org/W2097324682
https://openalex.org/W2112335625
https://openalex.org/W2142009178
https://openalex.org/W2158562597
https://openalex.org/W2176122787
https://openalex.org/W2227322027
https://openalex.org/W2333336088
https://openalex.org/W2443848008
https://openalex.org/W2461569660
https://openalex.org/W2472091048
https://openalex.org/W2564097357
https://openalex.org/W2589852745
https://openalex.org/W2620423851
https://openalex.org/W2802362209
https://openalex.org/W2824555201
https://openalex.org/W2890783624
https://openalex.org/W2909894602
https://openalex.org/W2911991998
https://openalex.org/W2955931629
https://openalex.org/W2970089143
https://openalex.org/W2977717029
https://openalex.org/W2979425342
https://openalex.org/W2989793756
https://openalex.org/W3009536070
https://openalex.org/W3022255793
https://openalex.org/W3027124449
https://openalex.org/W3091227297
https://openalex.org/W3116772497
https://openalex.org/W3135957253
https://openalex.org/W3144837093
https://openalex.org/W3193639141
https://openalex.org/W3204109254
https://openalex.org/W3211300399
https://openalex.org/W4233685507
https://openalex.org/W1496143303
https://openalex.org/W1578551628
https://openalex.org/W1825325706
https://openalex.org/W1966891845
https://openalex.org/W1979077683
https://openalex.org/W1981775368
https://openalex.org/W1987308360
https://openalex.org/W2000899357
https://openalex.org/W2004138121
https://openalex.org/W2011693754
https://openalex.org/W2014378324
https://openalex.org/W2026763832
https://openalex.org/W2028971196
https://openalex.org/W2031992855
https://openalex.org/W2033479835
https://openalex.org/W2045652382
https://openalex.org/W2046008448
https://openalex.org/W2067264356
https://openalex.org/W2084721051
https://openalex.org/W2093918970
https://openalex.org/W2104029938
https://openalex.org/W2105009095
https://openalex.org/W2124964529
https://openalex.org/W2148029992
https://openalex.org/W2149241614
https://openalex.org/W2161453659
https://openalex.org/W2165247220
https://openalex.org/W2182991822
https://openalex.org/W2218230545
https://openalex.org/W2239671197
https://openalex.org/W2248946093
https://openalex.org/W2334764930
https://openalex.org/W2400305662
https://openalex.org/W2409235246
https://openalex.org/W2568605199
https://openalex.org/W2571806997
https://openalex.org/W2592049189
https://openalex.org/W2592924968
https://openalex.org/W2751461356
https://openalex.org/W2789390652
https://openalex.org/W2789719977
https://openalex.org/W2884971700
https://openalex.org/W2889866132
https://openalex.org/W2928835311
https://openalex.org/W2939663232
https://openalex.org/W2982291463
https://openalex.org/W3034766280
https://openalex.org/W3105129414
https://openalex.org/W4233729105
https://openalex.org/W4237752435
https://openalex.org/W593376319
https://openalex.org/W818537591
https://openalex.org/W132388043
https://openalex.org/W159853434
https://openalex.org/W1996815663
https://openalex.org/W2009819825
https://openalex.org/W2010028189
https://openalex.org/W2014071287
https://openalex.org/W2014139563
https://openalex.org/W2015276946
https://openalex.org/W2024103315
https://openalex.org/W2043986298
https://openalex.org/W2058901078
https://openalex.org/W2075487628
https://openalex.org/W2085956470
https://openalex.org/W2090324468
https://openalex.org/W2090665503
https://openalex.org/W2091165239
https://openalex.org/W2094447555
https://openalex.org/W2095076988
https://openalex.org/W2116294237
https://openalex.org/W2131168393
https://openalex.org/W2136635034
https://openalex.org/W2138433347
https://openalex.org/W2168623296
https://openalex.org/W2173790591
https://openalex.org/W2392810631
https://openalex.org/W2411564825
https://openalex.org/W2483994580
https://openalex.org/W2511788518
https://openalex.org/W2513163153
https://openalex.org/W2522571546
https://openalex.org/W2547540453
https://openalex.org/W2548994635
https://openalex.org/W2549741141
https://openalex.org/W2557901514
https://openalex.org/W2616961038
https://openalex.org/W2760342573
https://openalex.org/W2771062525
https://openalex.org/W2796227821
https://openalex.org/W2883730920
https://openalex.org/W2892760810
https://openalex.org/W2898043284
https://openalex.org/W2907365184
https://openalex.org/W2946136390
https://openalex.org/W2982183132
https://openalex.org/W3003669181
https://openalex.org/W3036787128
https://openalex.org/W3045011005
https://openalex.org/W3096054009
https://openalex.org/W3099138606
https://openalex.org/W3207517540
https://openalex.org/W4200012810
https://openalex.org/W4220940506
https://openalex.org/W4225518059
https://openalex.org/W4226344294
https://openalex.org/W4299417151
https://openalex.org/W1410998619
https://openalex.org/W1879641720
https://openalex.org/W1967167997
https://openalex.org/W1968512350
https://openalex.org/W1979824584
https://openalex.org/W1983238397
https://openalex.org/W1986235085
https://openalex.org/W1995003576
https://openalex.org/W1998955461
https://openalex.org/W1999892862
https://openalex.org/W2000356515
https://openalex.org/W2003080986
https://openalex.org/W2007427643
https://openalex.org/W2013475097
https://openalex.org/W2015765079
https://openalex.org/W2026541616
https://openalex.org/W2026944707
https://openalex.org/W2033792553
https://openalex.org/W2035046601
https://openalex.org/W2039764842
https://openalex.org/W2039915988
https://openalex.org/W2043427748
https://openalex.org/W2048639981
https://openalex.org/W2052547470
https://openalex.org/W2052549343
https://openalex.org/W2054494247
https://openalex.org/W2071353875
https://openalex.org/W2071549326
https://openalex.org/W2074569123
https://openalex.org/W2075072411
https://openalex.org/W2082126380
https://openalex.org/W2082746199
https://openalex.org/W2085866555
https://openalex.org/W2093267840
https://openalex.org/W2097155533
https://openalex.org/W2111333746
https://openalex.org/W2115983338
https://openalex.org/W2140665429
https://openalex.org/W2176854334
https://openalex.org/W2298885607
https://openalex.org/W2304299389
https://openalex.org/W2314423941
https://openalex.org/W2339790867
https://openalex.org/W2418131793
https://openalex.org/W2440498745
https://openalex.org/W2441078954
https://openalex.org/W2473158265
https://openalex.org/W2606843696
https://openalex.org/W2752997882
https://openalex.org/W2782126822
https://openalex.org/W2791496323
https://openalex.org/W2887756356
https://openalex.org/W2890233569
https://openalex.org/W2892090778
https://openalex.org/W2901452482
https://openalex.org/W2971724802
https://openalex.org/W2972102574
https://openalex.org/W2993870853
https://openalex.org/W3002267764
https://openalex.org/W3033994826
https://openalex.org/W3087355026
https://openalex.org/W3095756101
https://openalex.org/W3134381202
https://openalex.org/W3161888153
https://openalex.org/W3187379854
https://openalex.org/W3215290543
https://openalex.org/W328694624
https://openalex.org/W4220768139
https://openalex.org/W4232115807
https://openalex.org/W4232312726
https://openalex.org/W61257829
https://openalex.org/W61708863
https://openalex.org/W1936099244
https://openalex.org/W1966309197
https://openalex.org/W1977338105
https://openalex.org/W1985303884
https://openalex.org/W1987484425
https://openalex.org/W1991466569
https://openalex.org/W1991936219
https://openalex.org/W1993528131
https://openalex.org/W1998531243
https://openalex.org/W2012503707
https://openalex.org/W2014213389
https://openalex.org/W2019018887
https://openalex.org/W2024470601
https://openalex.org/W2031591420
https://openalex.org/W2032142298
https://openalex.org/W2034563456
https://openalex.org/W2035196514
https://openalex.org/W2047349115
https://openalex.org/W2048680346
https://openalex.org/W2055204248
https://openalex.org/W2062387527
https://openalex.org/W2062818421
https://openalex.org/W2069958999
https://openalex.org/W2072289613
https://openalex.org/W2074076147
https://openalex.org/W2076454259
https://openalex.org/W2087287561
https://openalex.org/W2090893750
https://openalex.org/W2108609863
https://openalex.org/W2115170054
https://openalex.org/W2118138311
https://openalex.org/W2181522052
https://openalex.org/W2189686579
https://openalex.org/W2322904311
https://openalex.org/W2341992716
https://openalex.org/W2404185941
https://openalex.org/W2411167527
https://openalex.org/W2588452980
https://openalex.org/W2736414866
https://openalex.org/W2770083039
https://openalex.org/W2781497342
https://openalex.org/W2797459509
https://openalex.org/W2800710429
https://openalex.org/W2884142647
https://openalex.org/W2917059388
https://openalex.org/W2974841947
https://openalex.org/W3016281630
https://openalex.org/W3023957629
https://openalex.org/W3026289729
https://openalex.org/W3035309240
https://openalex.org/W3080863564
https://openalex.org/W3084152531
https://openalex.org/W3090156794
https://openalex.org/W3100905919
https://openalex.org/W3103301089
https://openalex.org/W3127199222
https://openalex.org/W3135472825
https://openalex.org/W3176105395
https://openalex.org/W3199402061
https://openalex.org/W3214403769
https://openalex.org/W1003587145
https://openalex.org/W1488272728
https://openalex.org/W1499279596
https://openalex.org/W1506864260
https://openalex.org/W1534843446
https://openalex.org/W1600909228
https://openalex.org/W1942316962
https://openalex.org/W1978588667
https://openalex.org/W1994031099
https://openalex.org/W1994534490
https://openalex.org/W2003463450
https://openalex.org/W2004174064
https://openalex.org/W2005588115
https://openalex.org/W2012062627
https://openalex.org/W2020451684
https://openalex.org/W2020942378
https://openalex.org/W2033607720
https://openalex.org/W2043324456
https://openalex.org/W2046652906
https://openalex.org/W2054596184
https://openalex.org/W2060233390
https://openalex.org/W2066549564
https://openalex.org/W2066814602
https://openalex.org/W2070320845
https://openalex.org/W2094310631
https://openalex.org/W2103500800
https://openalex.org/W2114750914
https://openalex.org/W2133273144
https://openalex.org/W2133731783
https://openalex.org/W2159286203
https://openalex.org/W2162175396
https://openalex.org/W2166381208
https://openalex.org/W2284094037
https://openalex.org/W2329997404
https://openalex.org/W2340628890
https://openalex.org/W2407737560
https://openalex.org/W2409099281
https://openalex.org/W2414029251
https://openalex.org/W2471170515
https://openalex.org/W2541690679
https://openalex.org/W2768352241
https://openalex.org/W2778536888
https://openalex.org/W2789580531
https://openalex.org/W2800630701
https://openalex.org/W2809883665
https://openalex.org/W2951166574
https://openalex.org/W2955521286
https://openalex.org/W2964513308
https://openalex.org/W2991623677
https://openalex.org/W2998175176
https://openalex.org/W3011740394
https://openalex.org/W3014128921
https://openalex.org/W3024177729
https://openalex.org/W3046039867
https://openalex.org/W3047870254
https://openalex.org/W3080481753
https://openalex.org/W3100484965
https://openalex.org/W3108071401
https://openalex.org/W3125421988
https://openalex.org/W3201248331
https://openalex.org/W3210203741
https://openalex.org/W4206250025
https://openalex.org/W4220790583
https://openalex.org/W4223466648
https://openalex.org/W4224221575
https://openalex.org/W4232635274
https://openalex.org/W81355887
https://openalex.org/W147272213
https://openalex.org/W1480095112
https://openalex.org/W1504135090
https://openalex.org/W1555888089
https://openalex.org/W1567734126
https://openalex.org/W1792111761
https://openalex.org/W1851085985
https://openalex.org/W1930378994
https://openalex.org/W1972878109
https://openalex.org/W1983010678
https://openalex.org/W1983075307
https://openalex.org/W1991017196
https://openalex.org/W1992429944
https://openalex.org/W2006319143
https://openalex.org/W2013474189
https://openalex.org/W2030509909
https://openalex.org/W2037283961
https://openalex.org/W2044341747
https://openalex.org/W2055158972
https://openalex.org/W2058458424
https://openalex.org/W2063491083
https://openalex.org/W2067195286
https://openalex.org/W2071707673
https://openalex.org/W2076211999
https://openalex.org/W2080492954
https://openalex.org/W2084169585
https://openalex.org/W2092951804
https://openalex.org/W2093193925
https://openalex.org/W2093319659
https://openalex.org/W2094219842
https://openalex.org/W2094497150
https://openalex.org/W2105391081
https://openalex.org/W2122101461
https://openalex.org/W2123017450
https://openalex.org/W2131032426
https://openalex.org/W2133880764
https://openalex.org/W2139711514
https://openalex.org/W2143117905
https://openalex.org/W2154931554
https://openalex.org/W2155380326
https://openalex.org/W2156771712
https://openalex.org/W2294691067
https://openalex.org/W2301406650
https://openalex.org/W2329497966
https://openalex.org/W2399834931
https://openalex.org/W2460506856
https://openalex.org/W2469730231
https://openalex.org/W2542194956
https://openalex.org/W2589594734
https://openalex.org/W2592742437
https://openalex.org/W2762993595
https://openalex.org/W2768019239
https://openalex.org/W2783876038
https://openalex.org/W2791794324
https://openalex.org/W2886053330
https://openalex.org/W2887105511
https://openalex.org/W2925529864
https://openalex.org/W2955779186
https://openalex.org/W2982092453
https://openalex.org/W2985831570
https://openalex.org/W2999079169
https://openalex.org/W3021920166
https://openalex.org/W3091777071
https://openalex.org/W3094657082
https://openalex.org/W3102091063
https://openalex.org/W3104781716
https://openalex.org/W3130477062
https://openalex.org/W3138501625
https://openalex.org/W3204190298
https://openalex.org/W4241489525
https://openalex.org/W4241924729
https://openalex.org/W4283643929
https://openalex.org/W4283836489
https://openalex.org/W4294707527
https://openalex.org/W4297221502
https://openalex.org/W1492028854
https://openalex.org/W1510029642
https://openalex.org/W1550722843
https://openalex.org/W1584642194
https://openalex.org/W1626751946
https://openalex.org/W1966842250
https://openalex.org/W1969608219
https://openalex.org/W1970697347
https://openalex.org/W1971145707
https://openalex.org/W1975322859
https://openalex.org/W1981096757
https://openalex.org/W1986530443
https://openalex.org/W1988158313
https://openalex.org/W1997063096
https://openalex.org/W2002622365
https://openalex.org/W2007688669
https://openalex.org/W2013950465
https://openalex.org/W2014456847
https://openalex.org/W2016046413
https://openalex.org/W2016961773
https://openalex.org/W2021134177
https://openalex.org/W2021719486
https://openalex.org/W2022493019
https://openalex.org/W2023421270
https://openalex.org/W2028369112
https://openalex.org/W2030928694
https://openalex.org/W2035764874
https://openalex.org/W2043026329
https://openalex.org/W2048921227
https://openalex.org/W2049012437
https://openalex.org/W2057959561
https://openalex.org/W2067985811
https://openalex.org/W2068036942
https://openalex.org/W2068765239
https://openalex.org/W2074366198
https://openalex.org/W2082884879
https://openalex.org/W2089226038
https://openalex.org/W2104814794
https://openalex.org/W2115308209
https://openalex.org/W2151604569
https://openalex.org/W2161250488
https://openalex.org/W2171198622
https://openalex.org/W2222491064
https://openalex.org/W2287720578
https://openalex.org/W2288281173
https://openalex.org/W2300618515
https://openalex.org/W2327332575
https://openalex.org/W2399531113
https://openalex.org/W2411925800
https://openalex.org/W2418887682
https://openalex.org/W2432494029
https://openalex.org/W2440497785
https://openalex.org/W2476283125
https://openalex.org/W2493499720
https://openalex.org/W249747170
https://openalex.org/W2552766162
https://openalex.org/W2560175117
https://openalex.org/W2562709212
https://openalex.org/W2590162302
https://openalex.org/W2614779518
https://openalex.org/W2716839344
https://openalex.org/W2737396042
https://openalex.org/W2783351767
https://openalex.org/W2809607669
https://openalex.org/W2908139906
https://openalex.org/W2936129652
https://openalex.org/W2945718722
https://openalex.org/W2984454195
https://openalex.org/W2990904367
https://openalex.org/W3003481353
https://openalex.org/W3005157076
https://openalex.org/W3012142928
https://openalex.org/W3013268518
https://openalex.org/W3021737783
https://openalex.org/W3088612484
https://openalex.org/W3092436562
https://openalex.org/W3108381395
https://openalex.org/W3127619811
https://openalex.org/W3151387358
https://openalex.org/W3155503043
https://openalex.org/W3196518720
https://openalex.org/W4206194371
https://openalex.org/W4211149262
https://openalex.org/W4224284910
https://openalex.org/W4307139637
https://openalex.org/W70048806
https://openalex.org/W7851626
https://openalex.org/W1521592052
https://openalex.org/W1594475795
https://openalex.org/W179086272
https://openalex.org/W185054091
https://openalex.org/W1863089860
https://openalex.org/W1867301864
https://openalex.org/W1977606072
https://openalex.org/W1980662357
https://openalex.org/W1989248547
https://openalex.org/W1992642059
https://openalex.org/W1995030261
https://openalex.org/W1995851699
https://openalex.org/W1997834581
https://openalex.org/W2002995065
https://openalex.org/W2003115999
https://openalex.org/W2006262935
https://openalex.org/W2017989806
https://openalex.org/W2024630287
https://openalex.org/W2028091857
https://openalex.org/W2029803021
https://openalex.org/W2034238688
https://openalex.org/W2042820955
https://openalex.org/W2045983088
https://openalex.org/W2057583465
https://openalex.org/W2061838088
https://openalex.org/W2064668452
https://openalex.org/W2065245808
https://openalex.org/W2066296357
https://openalex.org/W2068890049
https://openalex.org/W2070880317
https://openalex.org/W2085779826
https://openalex.org/W2089846738
https://openalex.org/W2093986501
https://openalex.org/W2101138063
https://openalex.org/W2108026050
https://openalex.org/W2113165116
https://openalex.org/W2117946310
https://openalex.org/W2134191256
https://openalex.org/W2141594459
https://openalex.org/W2147689239
https://openalex.org/W2160957233
https://openalex.org/W2167675485
https://openalex.org/W2171326838
https://openalex.org/W2237294905
https://openalex.org/W2323780326
https://openalex.org/W2398104850
https://openalex.org/W2399843781
https://openalex.org/W2401604094
https://openalex.org/W2403356378
https://openalex.org/W2403832645
https://openalex.org/W2405613743
https://openalex.org/W2409327921
https://openalex.org/W2410374986
https://openalex.org/W2415552839
https://openalex.org/W2417211930
https://openalex.org/W2466441963
https://openalex.org/W2513513463
https://openalex.org/W2611828697
https://openalex.org/W2731201277
https://openalex.org/W2767450578
https://openalex.org/W2788761518
https://openalex.org/W2793392697
https://openalex.org/W2804508399
https://openalex.org/W2889619501
https://openalex.org/W2899936666
https://openalex.org/W2913728892
https://openalex.org/W2980938804
https://openalex.org/W2982803441
https://openalex.org/W3021386617
https://openalex.org/W3033910150
https://openalex.org/W3080748172
https://openalex.org/W3087028777
https://openalex.org/W3087544338
https://openalex.org/W3096235638
https://openalex.org/W3102518714
https://openalex.org/W3105333749
https://openalex.org/W3121063037
https://openalex.org/W3135048033
https://openalex.org/W3178830541
https://openalex.org/W3180852439
https://openalex.org/W3203972411
https://openalex.org/W3210109550
https://openalex.org/W3215778862
https://openalex.org/W324001278
https://openalex.org/W34311502
https://openalex.org/W4200233825
https://openalex.org/W4206566211
https://openalex.org/W4210814846
https://openalex.org/W4221006344
https://openalex.org/W4229511595
https://openalex.org/W4235404476
https://openalex.org/W4249701490
https://openalex.org/W4251353524
https://openalex.org/W4253890673
https://openalex.org/W4254270102
https://openalex.org/W4254866159
https://openalex.org/W4255497298
https://openalex.org/W4282570336
https://openalex.org/W4289173419
https://openalex.org/W4290771406
https://openalex.org/W4366598884
https://openalex.org/W789608710
https://openalex.org/W87298779
https://openalex.org/W88927561
https://openalex.org/W1576669397
https://openalex.org/W1645750763
https://openalex.org/W1679696029
https://openalex.org/W1717080453
https://openalex.org/W1829473299
https://openalex.org/W1873961280
https://openalex.org/W1966901678
https://openalex.org/W1970522051
https://openalex.org/W1972366126
https://openalex.org/W1975289419
https://openalex.org/W1977262063
https://openalex.org/W1981855072
https://openalex.org/W1994165772
https://openalex.org/W1999079569
https://openalex.org/W1999653047
https://openalex.org/W1999977400
https://openalex.org/W2002069585
https://openalex.org/W2006881316
https://openalex.org/W2007138919
https://openalex.org/W2017699137
https://openalex.org/W2018933613
https://openalex.org/W2021897445
https://openalex.org/W2024128273
https://openalex.org/W2030607678
https://openalex.org/W2031418675
https://openalex.org/W2032241478
https://openalex.org/W2046300450
https://openalex.org/W2053880250
https://openalex.org/W2057357497
https://openalex.org/W2065614784
https://openalex.org/W2066314397
https://openalex.org/W2068034042
https://openalex.org/W2077009467
https://openalex.org/W2077168759
https://openalex.org/W2089107973
https://openalex.org/W2098894768
https://openalex.org/W2140064228
https://openalex.org/W2154045006
https://openalex.org/W2157911975
https://openalex.org/W2171328610
https://openalex.org/W2188237190
https://openalex.org/W2295529805
https://openalex.org/W2315455845
https://openalex.org/W2327805730
https://openalex.org/W2336888479
https://openalex.org/W2343650740
https://openalex.org/W2378575950
https://openalex.org/W2396144992
https://openalex.org/W2398773524
https://openalex.org/W2406400747
https://openalex.org/W2417242204
https://openalex.org/W2419608641
https://openalex.org/W2432652886
https://openalex.org/W2437313233
https://openalex.org/W2463629129
https://openalex.org/W2464294807
https://openalex.org/W2470555139
https://openalex.org/W2499688765
https://openalex.org/W2515649134
https://openalex.org/W2535344042
https://openalex.org/W2607228317
https://openalex.org/W2725252423
https://openalex.org/W2731789235
https://openalex.org/W2749580428
https://openalex.org/W2753031991
https://openalex.org/W2762919678
https://openalex.org/W2766047366
https://openalex.org/W2791886095
https://openalex.org/W2795327102
https://openalex.org/W2803634901
https://openalex.org/W2805125629
https://openalex.org/W2913479270
https://openalex.org/W2922404360
https://openalex.org/W2953808948
https://openalex.org/W2954193660
https://openalex.org/W2955101511
https://openalex.org/W2965416001
https://openalex.org/W2968650841
https://openalex.org/W2983008661
https://openalex.org/W2986473973
https://openalex.org/W2996213063
https://openalex.org/W3002895777
https://openalex.org/W304673649
https://openalex.org/W3087727842
https://openalex.org/W3090713918
https://openalex.org/W3091497643
https://openalex.org/W3092973520
https://openalex.org/W3100687186
https://openalex.org/W3102268945
https://openalex.org/W3104222342
https://openalex.org/W3105584229
https://openalex.org/W3127168957
https://openalex.org/W3137349031
https://openalex.org/W3154144044
https://openalex.org/W3165366854
https://openalex.org/W3174036368
https://openalex.org/W3184915007
https://openalex.org/W3197180453
https://openalex.org/W3200183991
https://openalex.org/W3206644204
https://openalex.org/W3209737055
https://openalex.org/W3217005919
https://openalex.org/W4200008498
https://openalex.org/W4230714704
https://openalex.org/W4236966087
https://openalex.org/W4242831016
https://openalex.org/W4255261354
https://openalex.org/W4281676663
https://openalex.org/W4281731801
https://openalex.org/W4285405080
https://openalex.org/W4292213002
https://openalex.org/W4309340885
https://openalex.org/W4311672127
https://openalex.org/W4315927028
https://openalex.org/W992450517
https://openalex.org/W1440803885
https://openalex.org/W1482473587
https://openalex.org/W1485821207
https://openalex.org/W1508363884
https://openalex.org/W1595542967
https://openalex.org/W1695767395
https://openalex.org/W1820879810
https://openalex.org/W1966927024
https://openalex.org/W1976721694
https://openalex.org/W1981109786
https://openalex.org/W1990119454
https://openalex.org/W1991732099
https://openalex.org/W1994812694
https://openalex.org/W2001313972
https://openalex.org/W2004812507
https://openalex.org/W2011402480
https://openalex.org/W2011760208
https://openalex.org/W2013064007
https://openalex.org/W2014863514
https://openalex.org/W2021034131
https://openalex.org/W2037021458
https://openalex.org/W2053716656
https://openalex.org/W2058793705
https://openalex.org/W2075562666
https://openalex.org/W2077514287
https://openalex.org/W2078231004
https://openalex.org/W2082510795
https://openalex.org/W2097326387
https://openalex.org/W2103647333
https://openalex.org/W2112282741
https://openalex.org/W2126169894
https://openalex.org/W2141309883
https://openalex.org/W2152098322
https://openalex.org/W2154216141
https://openalex.org/W2169475095
https://openalex.org/W2244647911
https://openalex.org/W2285473698
https://openalex.org/W2325330706
https://openalex.org/W2326346214
https://openalex.org/W2345455679
https://openalex.org/W2384146695
https://openalex.org/W2397308402
https://openalex.org/W2401301023
https://openalex.org/W2404190436
https://openalex.org/W2405470526
https://openalex.org/W2410095437
https://openalex.org/W2412322073
https://openalex.org/W2416206946
https://openalex.org/W2417801362
https://openalex.org/W2423868024
https://openalex.org/W2428145714
https://openalex.org/W2465347803
https://openalex.org/W2467422184
https://openalex.org/W2496787346
https://openalex.org/W2515955948
https://openalex.org/W2521307146
https://openalex.org/W2529507994
https://openalex.org/W2562333531
https://openalex.org/W2562591160
https://openalex.org/W2590621199
https://openalex.org/W2595819100
https://openalex.org/W2596843188
https://openalex.org/W2608523657
https://openalex.org/W267926061
https://openalex.org/W268581236
https://openalex.org/W2799709126
https://openalex.org/W2805003120
https://openalex.org/W2891271356
https://openalex.org/W2901425423
https://openalex.org/W2901754093
https://openalex.org/W2912703046
https://openalex.org/W2923900453
https://openalex.org/W2943934706
https://openalex.org/W2945092170
https://openalex.org/W2947576520
https://openalex.org/W2949090172
https://openalex.org/W2957981675
https://openalex.org/W2971993616
https://openalex.org/W2982598159
https://openalex.org/W2994426394
https://openalex.org/W3001197453
https://openalex.org/W3007492700
https://openalex.org/W3007722403
https://openalex.org/W3012083455
https://openalex.org/W3035033423
https://openalex.org/W3039156239
https://openalex.org/W3090336596
https://openalex.org/W3095043311
https://openalex.org/W3107169212
https://openalex.org/W3117073972
https://openalex.org/W3125061059
https://openalex.org/W3126858934
https://openalex.org/W3130139031
https://openalex.org/W3133617761
https://openalex.org/W3134788205
https://openalex.org/W3150833882
https://openalex.org/W3163415973
https://openalex.org/W3171729545
https://openalex.org/W3172042984
https://openalex.org/W3191394678
https://openalex.org/W3196476785
https://openalex.org/W3203724144
https://openalex.org/W3205078091
https://openalex.org/W3208826877
https://openalex.org/W364759557
https://openalex.org/W412326211
https://openalex.org/W4200525416
https://openalex.org/W4206181642
https://openalex.org/W4210709191
https://openalex.org/W4210855686
https://openalex.org/W4213121163
https://openalex.org/W4214898261
https://openalex.org/W4220656028
https://openalex.org/W4220745158
https://openalex.org/W4220811826
https://openalex.org/W4220973401
https://openalex.org/W4224211727
https://openalex.org/W4226166815
https://openalex.org/W4226193514
https://openalex.org/W4232256336
https://openalex.org/W4232465929
https://openalex.org/W4236336347
https://openalex.org/W4238732042
https://openalex.org/W4239758085
https://openalex.org/W4242117929
https://openalex.org/W4250204063
https://openalex.org/W4251081793
https://openalex.org/W4253158971
https://openalex.org/W4253651308
https://openalex.org/W4282827504
https://openalex.org/W4283814716
https://openalex.org/W4284885982
https://openalex.org/W4286005099
https://openalex.org/W4290998805
https://openalex.org/W4291020420
https://openalex.org/W4307777237
https://openalex.org/W4308509931
https://openalex.org/W4309075473
https://openalex.org/W4309491069
https://openalex.org/W4317214520
https://openalex.org/W4318924217
https://openalex.org/W4319460245
https://openalex.org/W4321097879
https://openalex.org/W4361197571
https://openalex.org/W4362510367
https://openalex.org/W604465241
https://openalex.org/W1036416397
https://openalex.org/W1171628651
https://openalex.org/W11964298
https://openalex.org/W147005138
https://openalex.org/W1486637251
https://openalex.org/W1512967592
https://openalex.org/W153909320
https://openalex.org/W1553042859
https://openalex.org/W1602310560
https://openalex.org/W172926881
https://openalex.org/W1913976029
https://openalex.org/W1976406542
https://openalex.org/W1979659921
https://openalex.org/W1979703803
https://openalex.org/W1982135311
https://openalex.org/W1983014936
https://openalex.org/W1984603599
https://openalex.org/W1986321367
https://openalex.org/W1988664826
https://openalex.org/W1997503084
https://openalex.org/W2000916566
https://openalex.org/W200320813
https://openalex.org/W2003722021
https://openalex.org/W2004642204
https://openalex.org/W2007790777
https://openalex.org/W2008173542
https://openalex.org/W2024503379
https://openalex.org/W202456163
https://openalex.org/W2026334353
https://openalex.org/W2027336164
https://openalex.org/W2033312688
https://openalex.org/W2056489293
https://openalex.org/W2061419299
https://openalex.org/W2063170761
https://openalex.org/W2063733929
https://openalex.org/W2066716738
https://openalex.org/W2108052818
https://openalex.org/W2108229716
https://openalex.org/W2118847629
https://openalex.org/W2128195863
https://openalex.org/W2133713269
https://openalex.org/W2147982949
https://openalex.org/W2150105720
https://openalex.org/W2150809799
https://openalex.org/W2150939663
https://openalex.org/W2168306477
https://openalex.org/W2180456397
https://openalex.org/W2183114149
https://openalex.org/W2184593904
https://openalex.org/W2185921741
https://openalex.org/W2191511604
https://openalex.org/W2228073035
https://openalex.org/W2236618034
https://openalex.org/W2242188547
https://openalex.org/W2255437208
https://openalex.org/W2258225971
https://openalex.org/W226128606
https://openalex.org/W2269862821
https://openalex.org/W2280034725
https://openalex.org/W2297260932
https://openalex.org/W2317001399
https://openalex.org/W2320814405
https://openalex.org/W2323231236
https://openalex.org/W2328779655
https://openalex.org/W2328780439
https://openalex.org/W2328856375
https://openalex.org/W2334222868
https://openalex.org/W2341893391
https://openalex.org/W2346815733
https://openalex.org/W2395291944
https://openalex.org/W2396166688
https://openalex.org/W2398923342
https://openalex.org/W2398944779
https://openalex.org/W2400160982
https://openalex.org/W2400362931
https://openalex.org/W2404256465
https://openalex.org/W2404505297
https://openalex.org/W2406831600
https://openalex.org/W2407663145
https://openalex.org/W2409827257
https://openalex.org/W2409869356
https://openalex.org/W2410724737
https://openalex.org/W2416054482
https://openalex.org/W2416840519
https://openalex.org/W2418374537
https://openalex.org/W2418856059
https://openalex.org/W2419517014
https://openalex.org/W2420163781
https://openalex.org/W242520380
https://openalex.org/W242859575
https://openalex.org/W2443887000
https://openalex.org/W2460546163
https://openalex.org/W2465411174
https://openalex.org/W2467639774
https://openalex.org/W2473436329
https://openalex.org/W2473795653
https://openalex.org/W2523298816
https://openalex.org/W2541696426
https://openalex.org/W2600855026
https://openalex.org/W2600859836
https://openalex.org/W2609987309
https://openalex.org/W2613054551
https://openalex.org/W2614036515
https://openalex.org/W2620825874
https://openalex.org/W2624901255
https://openalex.org/W2738152013
https://openalex.org/W2761389645
https://openalex.org/W2778045815
https://openalex.org/W2899206809
https://openalex.org/W2901431373
https://openalex.org/W2903506515
https://openalex.org/W2909136825
https://openalex.org/W2925914054
https://openalex.org/W2945504030
https://openalex.org/W2946214973
https://openalex.org/W2952088158
https://openalex.org/W2971330339
https://openalex.org/W2971599500
https://openalex.org/W2978951752
https://openalex.org/W2981697226
https://openalex.org/W2981903879
https://openalex.org/W2982155686
https://openalex.org/W3004487682
https://openalex.org/W3027259369
https://openalex.org/W3040727546
https://openalex.org/W3042017132
https://openalex.org/W3047147630
https://openalex.org/W3100537919
https://openalex.org/W3109129616
https://openalex.org/W3113671327
https://openalex.org/W3120470527
https://openalex.org/W3124555781
https://openalex.org/W3128133523
https://openalex.org/W3130061601
https://openalex.org/W3134022693
https://openalex.org/W3161440070
https://openalex.org/W3168531740
https://openalex.org/W3175390690
https://openalex.org/W3183360775
https://openalex.org/W3189007349
https://openalex.org/W3191272221
https://openalex.org/W3194313341
https://openalex.org/W3198347232
https://openalex.org/W3201251308
https://openalex.org/W3201890103
https://openalex.org/W3215064636
https://openalex.org/W342825176
https://openalex.org/W382928164
https://openalex.org/W4200345620
https://openalex.org/W4205911238
https://openalex.org/W4210796235
https://openalex.org/W4220789860
https://openalex.org/W4221021066
https://openalex.org/W4221083200
https://openalex.org/W4223896860
https://openalex.org/W4224041312
https://openalex.org/W4224046492
https://openalex.org/W4231940962
https://openalex.org/W4233195663
https://openalex.org/W4235521465
https://openalex.org/W4239673548
https://openalex.org/W4245033033
https://openalex.org/W4247009892
https://openalex.org/W4248645054
https://openalex.org/W4255324488
https://openalex.org/W4281483521
https://openalex.org/W4281561838
https://openalex.org/W4281631502
https://openalex.org/W4283582036
https://openalex.org/W4283741120
https://openalex.org/W4283821185
https://openalex.org/W4284966282
https://openalex.org/W4291115679
https://openalex.org/W4297324804
https://openalex.org/W4307500242
https://openalex.org/W4308635001
https://openalex.org/W4313531458
https://openalex.org/W4313598106
https://openalex.org/W4318482094
https://openalex.org/W4360612723
https://openalex.org/W4365813739
https://openalex.org/W4381309528
https://openalex.org/W4382601964
https://openalex.org/W591514668
https://openalex.org/W609403075
https://openalex.org/W637994381
https://openalex.org/W71277727
https://openalex.org/W744601071
https://openalex.org/W834915500
https://openalex.org/W840990298
https://openalex.org/W968380107
https://openalex.org/W1025186050
https://openalex.org/W1036842830
https://openalex.org/W1041250788
https://openalex.org/W110548612
https://openalex.org/W1440477023
https://openalex.org/W1482835529
https://openalex.org/W1490482233
https://openalex.org/W1499303867
https://openalex.org/W1526995143
https://openalex.org/W1554307790
https://openalex.org/W1564840980
https://openalex.org/W1579877005
https://openalex.org/W1602099178
https://openalex.org/W161095313
https://openalex.org/W1618095093
https://openalex.org/W1636060096
https://openalex.org/W1656974210
https://openalex.org/W175569338
https://openalex.org/W1765553604
https://openalex.org/W1805923402
https://openalex.org/W186709612
https://openalex.org/W191834978
https://openalex.org/W1932995518
https://openalex.org/W1950137913
https://openalex.org/W1953883204
https://openalex.org/W1965233082
https://openalex.org/W1966964971
https://openalex.org/W1970086675
https://openalex.org/W1970917402
https://openalex.org/W1971840953
https://openalex.org/W1975982064
https://openalex.org/W1976141368
https://openalex.org/W1984190223
https://openalex.org/W1984345392
https://openalex.org/W1996212329
https://openalex.org/W2003651824
https://openalex.org/W2003786794
https://openalex.org/W2015699346
https://openalex.org/W2027931203
https://openalex.org/W2028291768
https://openalex.org/W2028614782
https://openalex.org/W2028952984
https://openalex.org/W2034410486
https://openalex.org/W2034902200
https://openalex.org/W2035973382
https://openalex.org/W2037280208
https://openalex.org/W2037287239
https://openalex.org/W2038424328
https://openalex.org/W2041137101
https://openalex.org/W2051423211
https://openalex.org/W2053120887
https://openalex.org/W2054458851
https://openalex.org/W2061119920
https://openalex.org/W2065099875
https://openalex.org/W2065601721
https://openalex.org/W2067125815
https://openalex.org/W2068804293
https://openalex.org/W2071921765
https://openalex.org/W2076288689
https://openalex.org/W2083568735
https://openalex.org/W2088809714
https://openalex.org/W2097567687
https://openalex.org/W2102537695
https://openalex.org/W2103112247
https://openalex.org/W2108319142
https://openalex.org/W2119117316
https://openalex.org/W2122620683
https://openalex.org/W2127434045
https://openalex.org/W212844498
https://openalex.org/W2142934952
https://openalex.org/W2143143200
https://openalex.org/W2149516209
https://openalex.org/W2161091951
https://openalex.org/W2172030379
https://openalex.org/W2172672269
https://openalex.org/W217337344
https://openalex.org/W2177925984
https://openalex.org/W2187658415
https://openalex.org/W2188605890
https://openalex.org/W2192131273
https://openalex.org/W2214636082
https://openalex.org/W2233971306
https://openalex.org/W2234029817
https://openalex.org/W2238368757
https://openalex.org/W224265462
https://openalex.org/W2247633825
https://openalex.org/W2262092807
https://openalex.org/W2265417748
https://openalex.org/W2268470382
https://openalex.org/W2274315844
https://openalex.org/W228035698
https://openalex.org/W2284069035
https://openalex.org/W2287244020
https://openalex.org/W2291071614
https://openalex.org/W2292409751
https://openalex.org/W2298997799
https://openalex.org/W2299244681
https://openalex.org/W2317032880
https://openalex.org/W2321154185
https://openalex.org/W2323159819
https://openalex.org/W2325458857
https://openalex.org/W2331902454
https://openalex.org/W2331902694
https://openalex.org/W2339543688
https://openalex.org/W2354763652
https://openalex.org/W2372284211
https://openalex.org/W238788278
https://openalex.org/W2395279520
https://openalex.org/W2400428067
https://openalex.org/W2402680221
https://openalex.org/W2404362512
https://openalex.org/W2407099197
https://openalex.org/W2407518470
https://openalex.org/W2408863114
https://openalex.org/W2409215994
https://openalex.org/W2409292716
https://openalex.org/W2409955976
https://openalex.org/W2410571472
https://openalex.org/W2411028543
https://openalex.org/W2411383650
https://openalex.org/W2412934688
https://openalex.org/W2413235434
https://openalex.org/W2414408892
https://openalex.org/W2415018994
https://openalex.org/W2415634954
https://openalex.org/W2416030988
https://openalex.org/W2416067872
https://openalex.org/W2416279998
https://openalex.org/W2416462554
https://openalex.org/W2416750294
https://openalex.org/W2417075026
https://openalex.org/W2417172446
https://openalex.org/W2417390510
https://openalex.org/W2418886849
https://openalex.org/W2420656883
https://openalex.org/W2434633508
https://openalex.org/W2442376788
https://openalex.org/W244293551
https://openalex.org/W2443934882
https://openalex.org/W2466241271
https://openalex.org/W2467567535
https://openalex.org/W246843388
https://openalex.org/W2468818048
https://openalex.org/W2475847152
https://openalex.org/W2477846479
https://openalex.org/W249807230
https://openalex.org/W2498315301
https://openalex.org/W2507701059
https://openalex.org/W2512115162
https://openalex.org/W251965673
https://openalex.org/W2527638813
https://openalex.org/W2535544011
https://openalex.org/W2538534296
https://openalex.org/W2561228461
https://openalex.org/W2562741737
https://openalex.org/W256870356
https://openalex.org/W2588131189
https://openalex.org/W2588198784
https://openalex.org/W2589560865
https://openalex.org/W2594515767
https://openalex.org/W2597765122
https://openalex.org/W2602528049
https://openalex.org/W2604338244
https://openalex.org/W2604771678
https://openalex.org/W2606265812
https://openalex.org/W2608627772
https://openalex.org/W2610714478
https://openalex.org/W2618032055
https://openalex.org/W2619290144
https://openalex.org/W2621158338
https://openalex.org/W2624575759
https://openalex.org/W2764051792
https://openalex.org/W276587434
https://openalex.org/W2766198763
https://openalex.org/W2777850696
https://openalex.org/W2778005566
https://openalex.org/W2788412209
https://openalex.org/W2788681774
https://openalex.org/W2789691165
https://openalex.org/W2794250229
https://openalex.org/W2796743234
https://openalex.org/W2797761614
https://openalex.org/W2803689186
https://openalex.org/W2808542295
https://openalex.org/W2882991324
https://openalex.org/W2886421892
https://openalex.org/W2889676785
https://openalex.org/W2903008992
https://openalex.org/W2911224832
https://openalex.org/W2926702554
https://openalex.org/W2936588045
https://openalex.org/W2944514536
https://openalex.org/W295127673
https://openalex.org/W2953981830
https://openalex.org/W296262775
https://openalex.org/W2968939138
https://openalex.org/W2973071922
https://openalex.org/W2977381459
https://openalex.org/W2978724412
https://openalex.org/W2981870854
https://openalex.org/W2984741401
https://openalex.org/W2995742811
https://openalex.org/W2999130522
https://openalex.org/W3013996084
https://openalex.org/W3014686303
https://openalex.org/W3015785124
https://openalex.org/W3017361831
https://openalex.org/W3018247674
https://openalex.org/W3041674147
https://openalex.org/W306307635
https://openalex.org/W3067816725
https://openalex.org/W3081728287
https://openalex.org/W3082654522
https://openalex.org/W3085638708
https://openalex.org/W3087941843
https://openalex.org/W3088228126
https://openalex.org/W3090440849
https://openalex.org/W3091438299
https://openalex.org/W3092845834
https://openalex.org/W3097027079
https://openalex.org/W3099100880
https://openalex.org/W3099790971
https://openalex.org/W3104574095
https://openalex.org/W3106327312
https://openalex.org/W3115013227
https://openalex.org/W3115828174
https://openalex.org/W3119861616
https://openalex.org/W3120543836
https://openalex.org/W3122983542
https://openalex.org/W3127018873
https://openalex.org/W3128154956
https://openalex.org/W3133071342
https://openalex.org/W3134228817
https://openalex.org/W3140007029
https://openalex.org/W316070681
https://openalex.org/W3163834396
https://openalex.org/W3166950651
https://openalex.org/W3167102803
https://openalex.org/W3176742746
https://openalex.org/W3191663385
https://openalex.org/W3191834446
https://openalex.org/W3194502091
https://openalex.org/W3198979778
https://openalex.org/W3200712324
https://openalex.org/W3200769261
https://openalex.org/W3201066532
https://openalex.org/W3209700661
https://openalex.org/W3211272131
https://openalex.org/W3214845062
https://openalex.org/W321515078
https://openalex.org/W3215489950
https://openalex.org/W326342474
https://openalex.org/W33582475
https://openalex.org/W339507419
https://openalex.org/W345606933
https://openalex.org/W345744048
https://openalex.org/W4206891475
https://openalex.org/W4207018393
https://openalex.org/W4210860122
https://openalex.org/W4211184949
https://openalex.org/W4211203396
https://openalex.org/W4214553863
https://openalex.org/W4214575105
https://openalex.org/W4220954903
https://openalex.org/W4223640855
https://openalex.org/W4224321015
https://openalex.org/W422450903
https://openalex.org/W4224587850
https://openalex.org/W4225162741
https://openalex.org/W4229027753
https://openalex.org/W4229365519
https://openalex.org/W4230827822
https://openalex.org/W4232168161
https://openalex.org/W4234542551
https://openalex.org/W4237400501
https://openalex.org/W4237652445
https://openalex.org/W4237750289
https://openalex.org/W4237956609
https://openalex.org/W4240594268
https://openalex.org/W4245051659
https://openalex.org/W4246507484
https://openalex.org/W4248101051
https://openalex.org/W4248308589
https://openalex.org/W4249993171
https://openalex.org/W4251012033
https://openalex.org/W4253821569
https://openalex.org/W4253954501
https://openalex.org/W4255956027
https://openalex.org/W4256465355
https://openalex.org/W4283011138
https://openalex.org/W4283168551
https://openalex.org/W4284878966
https://openalex.org/W4285091781
https://openalex.org/W4286851733
https://openalex.org/W4293569123
https://openalex.org/W4294671316
https://openalex.org/W4295751061
https://openalex.org/W4295757111
https://openalex.org/W4296831547
https://openalex.org/W4299807014
https://openalex.org/W4304187835
https://openalex.org/W4307282716
https://openalex.org/W4307373769
https://openalex.org/W4308304674
https://openalex.org/W4309013954
https://openalex.org/W4309265014
https://openalex.org/W4309767304
https://openalex.org/W4312065283
https://openalex.org/W4313180959
https://openalex.org/W4315703357
https://openalex.org/W4316371634
https://openalex.org/W4320916076
https://openalex.org/W4321482701
https://openalex.org/W4321597592
https://openalex.org/W4323033912
https://openalex.org/W4327921252
https://openalex.org/W4353062197
https://openalex.org/W4360992617
https://openalex.org/W4362696638
https://openalex.org/W4367299283
https://openalex.org/W4377097869
https://openalex.org/W4377861642
https://openalex.org/W4380757858
https://openalex.org/W4380852824
https://openalex.org/W4381327710
https://openalex.org/W4382133614
https://openalex.org/W4383535274
https://openalex.org/W4385619630
https://openalex.org/W57429235
https://openalex.org/W595677628
https://openalex.org/W598362683
https://openalex.org/W651419358
https://openalex.org/W745438784
https://openalex.org/W748865190
https://openalex.org/W758038742
https://openalex.org/W76106689
https://openalex.org/W820235123
https://openalex.org/W828948421
https://openalex.org/W829225214
https://openalex.org/W841412661
https://openalex.org/W855132973
https://openalex.org/W88041637
https://openalex.org/W901351152
https://openalex.org/W934840283
https://openalex.org/W952586471
https://openalex.org/W976234868
https://openalex.org/W992197452
https://openalex.org/W1001271360
https://openalex.org/W1008969446
https://openalex.org/W1009162684
https://openalex.org/W1012623157
https://openalex.org/W1013023663
https://openalex.org/W1027638772
https://openalex.org/W104137754
https://openalex.org/W1045171405
https://openalex.org/W104716256
https://openalex.org/W107787097
https://openalex.org/W110147842
https://openalex.org/W110192343
https://openalex.org/W1125047740
https://openalex.org/W1155033852
https://openalex.org/W1155369617
https://openalex.org/W1157468777
https://openalex.org/W116030438
https://openalex.org/W116184799
https://openalex.org/W1161955621
https://openalex.org/W116662078
https://openalex.org/W118006449
https://openalex.org/W1191419070
https://openalex.org/W1193348797
https://openalex.org/W122874857
https://openalex.org/W1237036505
https://openalex.org/W1246224972
https://openalex.org/W126194604
https://openalex.org/W1272495784
https://openalex.org/W1278328809
https://openalex.org/W127933910
https://openalex.org/W129908438
https://openalex.org/W131685323
https://openalex.org/W133276834
https://openalex.org/W1417406156
https://openalex.org/W1418358120
https://openalex.org/W1421735161
https://openalex.org/W1424893001
https://openalex.org/W1425426438
https://openalex.org/W1433146293
https://openalex.org/W1438533873
https://openalex.org/W1440450877
https://openalex.org/W1449393760
https://openalex.org/W1449644158
https://openalex.org/W1451796130
https://openalex.org/W1452704940
https://openalex.org/W1453703395
https://openalex.org/W1453855043
https://openalex.org/W1454730589
https://openalex.org/W1460039887
https://openalex.org/W1462909033
https://openalex.org/W1463485720
https://openalex.org/W1467948344
https://openalex.org/W1468066469
https://openalex.org/W1469748891
https://openalex.org/W1470142785
https://openalex.org/W1471243181
https://openalex.org/W1471638737
https://openalex.org/W1472532084
https://openalex.org/W1480923036
https://openalex.org/W1486168938
https://openalex.org/W1493444612
https://openalex.org/W1495012848
https://openalex.org/W1496340947
https://openalex.org/W1497992530
https://openalex.org/W1505676729
https://openalex.org/W1508058747
https://openalex.org/W1511038993
https://openalex.org/W1511721935
https://openalex.org/W1512606619
https://openalex.org/W1515303484
https://openalex.org/W1519219087
https://openalex.org/W1524686041
https://openalex.org/W1530688905
https://openalex.org/W1535380777
https://openalex.org/W1538663933
https://openalex.org/W1548162513
https://openalex.org/W1553136556
https://openalex.org/W1553581362
https://openalex.org/W1561277971
https://openalex.org/W1563933168
https://openalex.org/W1567624399
https://openalex.org/W1569892474
https://openalex.org/W1569980312
https://openalex.org/W1573240668
https://openalex.org/W1576539828
https://openalex.org/W1579562295
https://openalex.org/W1589886347
https://openalex.org/W1590135479
https://openalex.org/W1591192448
https://openalex.org/W159130117
https://openalex.org/W1599715434
https://openalex.org/W1601050894
https://openalex.org/W1604572665
https://openalex.org/W1615143974
https://openalex.org/W1621422102
https://openalex.org/W1621491810
https://openalex.org/W162587119
https://openalex.org/W1626738121
https://openalex.org/W1632831467
https://openalex.org/W163715360
https://openalex.org/W1639358986
https://openalex.org/W1643467982
https://openalex.org/W1648467745
https://openalex.org/W1670334493
https://openalex.org/W1679890526
https://openalex.org/W1693713599
https://openalex.org/W1697725562
https://openalex.org/W1710308469
https://openalex.org/W1714237257
https://openalex.org/W171495125
https://openalex.org/W1730114130
https://openalex.org/W1734334093
https://openalex.org/W1736346989
https://openalex.org/W1738031231
https://openalex.org/W1744958641
https://openalex.org/W1778705526
https://openalex.org/W1785571439
https://openalex.org/W1802237509
https://openalex.org/W1819925876
https://openalex.org/W1850100254
https://openalex.org/W1859990845
https://openalex.org/W1865824280
https://openalex.org/W1868630728
https://openalex.org/W187731922
https://openalex.org/W188570302
https://openalex.org/W1888864163
https://openalex.org/W1896820008
https://openalex.org/W1923512280
https://openalex.org/W192396621
https://openalex.org/W1924515523
https://openalex.org/W192748512
https://openalex.org/W1935351062
https://openalex.org/W1945422487
https://openalex.org/W1957198409
https://openalex.org/W196344791
https://openalex.org/W1966383778
https://openalex.org/W1966514068
https://openalex.org/W1967311898
https://openalex.org/W1968071706
https://openalex.org/W1971754440
https://openalex.org/W1971872502
https://openalex.org/W1971986612
https://openalex.org/W1973054742
https://openalex.org/W1973767551
https://openalex.org/W1974073110
https://openalex.org/W1976179501
https://openalex.org/W1976973975
https://openalex.org/W1976980876
https://openalex.org/W1977170175
https://openalex.org/W1978048347
https://openalex.org/W198088923
https://openalex.org/W1981149560
https://openalex.org/W1982037663
https://openalex.org/W1985535363
https://openalex.org/W1985553138
https://openalex.org/W1985839810
https://openalex.org/W1986488294
https://openalex.org/W1987574157
https://openalex.org/W1989740850
https://openalex.org/W199315490
https://openalex.org/W1993360459
https://openalex.org/W1993938741
https://openalex.org/W1995281992
https://openalex.org/W1997045418
https://openalex.org/W1998235891
https://openalex.org/W1998968351
https://openalex.org/W2000145136
https://openalex.org/W2001465381
https://openalex.org/W2001890730
https://openalex.org/W2002008612
https://openalex.org/W2002324435
https://openalex.org/W2002680913
https://openalex.org/W2003939928
https://openalex.org/W2004018942
https://openalex.org/W20043462
https://openalex.org/W2009591712
https://openalex.org/W2013877259
https://openalex.org/W2013881917
https://openalex.org/W2014241500
https://openalex.org/W2014254929
https://openalex.org/W2014596995
https://openalex.org/W2016493085
https://openalex.org/W2018439627
https://openalex.org/W2021222121
https://openalex.org/W2022104410
https://openalex.org/W2023323656
https://openalex.org/W2023345767
https://openalex.org/W2024351308
https://openalex.org/W2028744758
https://openalex.org/W2032670356
https://openalex.org/W2034096458
https://openalex.org/W2034281274
https://openalex.org/W2036525109
https://openalex.org/W2037909252
https://openalex.org/W2038086460
https://openalex.org/W2039678446
https://openalex.org/W2041797127
https://openalex.org/W2042681796
https://openalex.org/W2046298738
https://openalex.org/W2047066042
https://openalex.org/W2048095021
https://openalex.org/W2048418289
https://openalex.org/W2048546859
https://openalex.org/W2048591756
https://openalex.org/W2049893407
https://openalex.org/W2050203689
https://openalex.org/W2050333215
https://openalex.org/W2052326184
https://openalex.org/W2052568366
https://openalex.org/W2052767969
https://openalex.org/W2053027353
https://openalex.org/W2056706068
https://openalex.org/W2056882718
https://openalex.org/W2057391806
https://openalex.org/W2057549856
https://openalex.org/W2057741121
https://openalex.org/W2058357614
https://openalex.org/W2059387610
https://openalex.org/W206228457
https://openalex.org/W2063785670
https://openalex.org/W2064217941
https://openalex.org/W2064714912
https://openalex.org/W2067336633
https://openalex.org/W2067740498
https://openalex.org/W2068738435
https://openalex.org/W2069959597
https://openalex.org/W2071207114
https://openalex.org/W2071476599
https://openalex.org/W2072930725
https://openalex.org/W2073661058
https://openalex.org/W2074103399
https://openalex.org/W20747970
https://openalex.org/W2075118884
https://openalex.org/W2075601711
https://openalex.org/W2077020281
https://openalex.org/W2081296309
https://openalex.org/W2081479916
https://openalex.org/W2083354985
https://openalex.org/W2083566883
https://openalex.org/W2084084300
https://openalex.org/W2087165710
https://openalex.org/W2087603767
https://openalex.org/W208948330
https://openalex.org/W2091103990
https://openalex.org/W2093479255
https://openalex.org/W2097764051
https://openalex.org/W2098290936
https://openalex.org/W2102513652
https://openalex.org/W2103133857
https://openalex.org/W2104566004
https://openalex.org/W2108969628
https://openalex.org/W2113477799
https://openalex.org/W2116937117
https://openalex.org/W2117306631
https://openalex.org/W2119234810
https://openalex.org/W2120281691
https://openalex.org/W2120634446
https://openalex.org/W2122858833
https://openalex.org/W2124196463
https://openalex.org/W2126041908
https://openalex.org/W212762139
https://openalex.org/W2133339626
https://openalex.org/W2133945248
https://openalex.org/W213502136
https://openalex.org/W2136402814
https://openalex.org/W2139408329
https://openalex.org/W2139805808
https://openalex.org/W2140312738
https://openalex.org/W2142729371
https://openalex.org/W2147000553
https://openalex.org/W2151257195
https://openalex.org/W2151599684
https://openalex.org/W215399512
https://openalex.org/W2155315457
https://openalex.org/W2157615005
https://openalex.org/W215847487
https://openalex.org/W2162611014
https://openalex.org/W2162709428
https://openalex.org/W2163035619
https://openalex.org/W2164363639
https://openalex.org/W2164972610
https://openalex.org/W2165805810
https://openalex.org/W2166558337
https://openalex.org/W2166704243
https://openalex.org/W2166727139
https://openalex.org/W2167468023
https://openalex.org/W216799563
https://openalex.org/W2172452728
https://openalex.org/W2172511602
https://openalex.org/W2172815980
https://openalex.org/W217302027
https://openalex.org/W2174718189
https://openalex.org/W2178605449
https://openalex.org/W2178911229
https://openalex.org/W2180506428
https://openalex.org/W2182321938
https://openalex.org/W2183752788
https://openalex.org/W2184466447
https://openalex.org/W2186473512
https://openalex.org/W2186508676
https://openalex.org/W2186672636
https://openalex.org/W2186793502
https://openalex.org/W2187827597
https://openalex.org/W2187902202
https://openalex.org/W2188262777
https://openalex.org/W2189377747
https://openalex.org/W21902206
https://openalex.org/W2190839151
https://openalex.org/W2191822078
https://openalex.org/W2194898798
https://openalex.org/W2195854375
https://openalex.org/W2198221743
https://openalex.org/W2198463099
https://openalex.org/W2198996580
https://openalex.org/W2201554262
https://openalex.org/W2202881891
https://openalex.org/W2203736920
https://openalex.org/W2205591825
https://openalex.org/W2206763776
https://openalex.org/W2207653796
https://openalex.org/W2207661622
https://openalex.org/W2208007025
https://openalex.org/W2208181443
https://openalex.org/W2212289602
https://openalex.org/W2214040032
https://openalex.org/W2217466860
https://openalex.org/W2217913718
https://openalex.org/W2218509576
https://openalex.org/W2219468600
https://openalex.org/W2219517807
https://openalex.org/W2220556548
https://openalex.org/W2221887527
https://openalex.org/W2223902723
https://openalex.org/W2225165350
https://openalex.org/W2230862450
https://openalex.org/W2230925825
https://openalex.org/W2233142457
https://openalex.org/W223338788
https://openalex.org/W2234641362
https://openalex.org/W2235124354
https://openalex.org/W2235920337
https://openalex.org/W2236149943
https://openalex.org/W2236150996
https://openalex.org/W2236254233
https://openalex.org/W2237012408
https://openalex.org/W2237614092
https://openalex.org/W2238077837
https://openalex.org/W2240306032
https://openalex.org/W2240353523
https://openalex.org/W2240655394
https://openalex.org/W2240715510
https://openalex.org/W2240968091
https://openalex.org/W2241170537
https://openalex.org/W2241301032
https://openalex.org/W2242255699
https://openalex.org/W2242323522
https://openalex.org/W2242911295
https://openalex.org/W2243682830
https://openalex.org/W2244112598
https://openalex.org/W224413786
https://openalex.org/W2244239261
https://openalex.org/W2245006824
https://openalex.org/W2245071373
https://openalex.org/W2245661718
https://openalex.org/W2247247025
https://openalex.org/W2252639250
https://openalex.org/W2253427385
https://openalex.org/W2253546426
https://openalex.org/W225449823
https://openalex.org/W2254621720
https://openalex.org/W2255673648
https://openalex.org/W2255688325
https://openalex.org/W2255890008
https://openalex.org/W2256661111
https://openalex.org/W2257155069
https://openalex.org/W2257569999
https://openalex.org/W2258198590
https://openalex.org/W2260074799
https://openalex.org/W2260998670
https://openalex.org/W2261342252
https://openalex.org/W2261367419
https://openalex.org/W2262058348
https://openalex.org/W2262465916
https://openalex.org/W2264179945
https://openalex.org/W2265721823
https://openalex.org/W2267087173
https://openalex.org/W2268021556
https://openalex.org/W2268191933
https://openalex.org/W226837385
https://openalex.org/W2268574295
https://openalex.org/W2269053079
https://openalex.org/W2269653256
https://openalex.org/W2270559791
https://openalex.org/W2271348458
https://openalex.org/W2272032019
https://openalex.org/W2272135227
https://openalex.org/W2272510786
https://openalex.org/W2272520877
https://openalex.org/W2272840950
https://openalex.org/W2272959977
https://openalex.org/W227349629
https://openalex.org/W2274175697
https://openalex.org/W2274265387
https://openalex.org/W2274852038
https://openalex.org/W2275562345
https://openalex.org/W2276801827
https://openalex.org/W2277407989
https://openalex.org/W2277993965
https://openalex.org/W2278111691
https://openalex.org/W2278811115
https://openalex.org/W2279017261
https://openalex.org/W2279175733
https://openalex.org/W2281076848
https://openalex.org/W2281354403
https://openalex.org/W228198033
https://openalex.org/W2282448274
https://openalex.org/W2283847462
https://openalex.org/W2284134570
https://openalex.org/W2284542693
https://openalex.org/W2285595899
https://openalex.org/W228590504
https://openalex.org/W2286431689
https://openalex.org/W2286500173
https://openalex.org/W2287839241
https://openalex.org/W2288643913
https://openalex.org/W2288835010
https://openalex.org/W228978563
https://openalex.org/W2291102736
https://openalex.org/W2291366330
https://openalex.org/W2291662467
https://openalex.org/W2291704942
https://openalex.org/W2292106365
https://openalex.org/W2292500098
https://openalex.org/W2294016084
https://openalex.org/W2294051589
https://openalex.org/W2294840111
https://openalex.org/W2297827125
https://openalex.org/W2299868215
https://openalex.org/W2301841497
https://openalex.org/W2302749994
https://openalex.org/W2303066863
https://openalex.org/W2303736840
https://openalex.org/W2304210067
https://openalex.org/W2304444850
https://openalex.org/W2305909264
https://openalex.org/W2305992269
https://openalex.org/W2310018326
https://openalex.org/W231056811
https://openalex.org/W2311271061
https://openalex.org/W2312391811
https://openalex.org/W2314915501
https://openalex.org/W2316349723
https://openalex.org/W2316663348
https://openalex.org/W2317261950
https://openalex.org/W231910228
https://openalex.org/W2319127935
https://openalex.org/W2319185296
https://openalex.org/W2319362158
https://openalex.org/W2319574753
https://openalex.org/W2320427364
https://openalex.org/W2321245826
https://openalex.org/W2323442810
https://openalex.org/W2323584340
https://openalex.org/W2324819277
https://openalex.org/W2326423652
https://openalex.org/W2328313042
https://openalex.org/W2329733266
https://openalex.org/W2329752593
https://openalex.org/W2330190330
https://openalex.org/W2330255539
https://openalex.org/W2332432254
https://openalex.org/W2335017700
https://openalex.org/W2335854392
https://openalex.org/W2336257667
https://openalex.org/W2336476085
https://openalex.org/W2336519824
https://openalex.org/W2336795364
https://openalex.org/W2337613441
https://openalex.org/W2338384813
https://openalex.org/W2338827158
https://openalex.org/W2339230931
https://openalex.org/W2339850984
https://openalex.org/W2340086700
https://openalex.org/W2340335206
https://openalex.org/W2340641425
https://openalex.org/W2341468149
https://openalex.org/W2341693340
https://openalex.org/W2342067814
https://openalex.org/W2342226977
https://openalex.org/W2343128351
https://openalex.org/W2343264778
https://openalex.org/W2344613089
https://openalex.org/W2344642420
https://openalex.org/W2345642822
https://openalex.org/W2347107368
https://openalex.org/W2349705295
https://openalex.org/W2349908149
https://openalex.org/W2351318075
https://openalex.org/W235163375
https://openalex.org/W2352955901
https://openalex.org/W2353614163
https://openalex.org/W2353722676
https://openalex.org/W2355059684
https://openalex.org/W2356646405
https://openalex.org/W2356779106
https://openalex.org/W2359933407
https://openalex.org/W2361460934
https://openalex.org/W2369994800
https://openalex.org/W2370659720
https://openalex.org/W2370699782
https://openalex.org/W2371261393
https://openalex.org/W2372271613
https://openalex.org/W2375213995
https://openalex.org/W2376254398
https://openalex.org/W2377296392
https://openalex.org/W2377834048
https://openalex.org/W2379618713
https://openalex.org/W2380815572
https://openalex.org/W2382737309
https://openalex.org/W2382923477
https://openalex.org/W2383065920
https://openalex.org/W2384383050
https://openalex.org/W238564859
https://openalex.org/W23864842
https://openalex.org/W2387392497
https://openalex.org/W2389805558
https://openalex.org/W2390705756
https://openalex.org/W2391398108
https://openalex.org/W2391510630
https://openalex.org/W2393546769
https://openalex.org/W2394177705
https://openalex.org/W2394721393
https://openalex.org/W2394985540
https://openalex.org/W2395065444
https://openalex.org/W2395154571
https://openalex.org/W2395392806
https://openalex.org/W2395571734
https://openalex.org/W2396140443
https://openalex.org/W2397270424
https://openalex.org/W2397323767
https://openalex.org/W2397985282
https://openalex.org/W2398388321
https://openalex.org/W2398862386
https://openalex.org/W2398910113
https://openalex.org/W2399451699
https://openalex.org/W2400323950
https://openalex.org/W2400694974
https://openalex.org/W2400793605
https://openalex.org/W2400992405
https://openalex.org/W2401535934
https://openalex.org/W2401797597
https://openalex.org/W2401837332
https://openalex.org/W2402333015
https://openalex.org/W2402423231
https://openalex.org/W2402638096
https://openalex.org/W2403406391
https://openalex.org/W2404364094
https://openalex.org/W2404366003
https://openalex.org/W2404710559
https://openalex.org/W2404737971
https://openalex.org/W2404783183
https://openalex.org/W2405642904
https://openalex.org/W2405909069
https://openalex.org/W2407124094
https://openalex.org/W2407267755
https://openalex.org/W2407495435
https://openalex.org/W2408085611
https://openalex.org/W2408451610
https://openalex.org/W2408730945
https://openalex.org/W2409287337
https://openalex.org/W2409307290
https://openalex.org/W2410001617
https://openalex.org/W2410077163
https://openalex.org/W2410147234
https://openalex.org/W2410752626
https://openalex.org/W2411378288
https://openalex.org/W2411840737
https://openalex.org/W2412619625
https://openalex.org/W2412632736
https://openalex.org/W2412759159
https://openalex.org/W2412858877
https://openalex.org/W2412912116
https://openalex.org/W2413130541
https://openalex.org/W2414397257
https://openalex.org/W2414545449
https://openalex.org/W2414987305
https://openalex.org/W2415178865
https://openalex.org/W2415266747
https://openalex.org/W2415536998
https://openalex.org/W2415579790
https://openalex.org/W2415654950
https://openalex.org/W2416247840
https://openalex.org/W2416367326
https://openalex.org/W2416813410
https://openalex.org/W2416905023
https://openalex.org/W2416945369
https://openalex.org/W2417099945
https://openalex.org/W2417229020
https://openalex.org/W2417299311
https://openalex.org/W2417340526
https://openalex.org/W2417452023
https://openalex.org/W2417670551
https://openalex.org/W2417879460
https://openalex.org/W2418032326
https://openalex.org/W2418274946
https://openalex.org/W2418521113
https://openalex.org/W2418645490
https://openalex.org/W2418789905
https://openalex.org/W2419398609
https://openalex.org/W2419548234
https://openalex.org/W2420535678
https://openalex.org/W2422768424
https://openalex.org/W2422817373
https://openalex.org/W2423672368
https://openalex.org/W2424476468
https://openalex.org/W2428545922
https://openalex.org/W2428921438
https://openalex.org/W2429611344
https://openalex.org/W2430447926
https://openalex.org/W2431298804
https://openalex.org/W2431591360
https://openalex.org/W2431759166
https://openalex.org/W2432291979
https://openalex.org/W2435262720
https://openalex.org/W2437022992
https://openalex.org/W2437883510
https://openalex.org/W2438957679
https://openalex.org/W2441392977
https://openalex.org/W2442052250
https://openalex.org/W2443212177
https://openalex.org/W2461087980
https://openalex.org/W2462127122
https://openalex.org/W2463337007
https://openalex.org/W2463936473
https://openalex.org/W2464204109
https://openalex.org/W2464409037
https://openalex.org/W2464558442
https://openalex.org/W2464906428
https://openalex.org/W2465417775
https://openalex.org/W2467678548
https://openalex.org/W2469156268
https://openalex.org/W2470082496
https://openalex.org/W2470190988
https://openalex.org/W2470763327
https://openalex.org/W2470909079
https://openalex.org/W2471220087
https://openalex.org/W2471278592
https://openalex.org/W2471695244
https://openalex.org/W2473593957
https://openalex.org/W2473601275
https://openalex.org/W2477347198
https://openalex.org/W2478850712
https://openalex.org/W2479258618
https://openalex.org/W2483565804
https://openalex.org/W2485046005
https://openalex.org/W2488563130
https://openalex.org/W2488603339
https://openalex.org/W2491599852
https://openalex.org/W2494683052
https://openalex.org/W2495669027
https://openalex.org/W2496118401
https://openalex.org/W2497365746
https://openalex.org/W249787689
https://openalex.org/W2500635215
https://openalex.org/W2502021428
https://openalex.org/W2506191018
https://openalex.org/W2506505680
https://openalex.org/W2506605525
https://openalex.org/W2507133874
https://openalex.org/W2508170230
https://openalex.org/W2509523678
https://openalex.org/W2511026892
https://openalex.org/W2512083600
https://openalex.org/W2515208719
https://openalex.org/W2516746987
https://openalex.org/W2517732075
https://openalex.org/W2518781407
https://openalex.org/W2519328159
https://openalex.org/W2519801378
https://openalex.org/W2519820770
https://openalex.org/W2522439220
https://openalex.org/W2525149931
https://openalex.org/W2527192670
https://openalex.org/W2529738837
https://openalex.org/W2535928027
https://openalex.org/W2538541265
https://openalex.org/W2546514894
https://openalex.org/W2548779475
https://openalex.org/W2549668697
https://openalex.org/W2553254998
https://openalex.org/W2555278157
https://openalex.org/W2557165976
https://openalex.org/W2558213954
https://openalex.org/W2560665716
https://openalex.org/W2560817733
https://openalex.org/W2562420087
https://openalex.org/W2566572026
https://openalex.org/W257117781
https://openalex.org/W2575951808
https://openalex.org/W2576510839
https://openalex.org/W2580898900
https://openalex.org/W2584440089
https://openalex.org/W2585787331
https://openalex.org/W2587176500
https://openalex.org/W2587837965
https://openalex.org/W2587847023
https://openalex.org/W2590413517
https://openalex.org/W2591929038
https://openalex.org/W2592308665
https://openalex.org/W2592802829
https://openalex.org/W2595825034
https://openalex.org/W259788236
https://openalex.org/W2598198232
https://openalex.org/W2599314618
https://openalex.org/W2599556768
https://openalex.org/W2600363178
https://openalex.org/W2600398834
https://openalex.org/W2601692373
https://openalex.org/W2603586480
https://openalex.org/W2604064790
https://openalex.org/W2605060275
https://openalex.org/W2606541847
https://openalex.org/W2607837558
https://openalex.org/W2608267479
https://openalex.org/W2610614008
https://openalex.org/W2610712181
https://openalex.org/W2611074789
https://openalex.org/W2612053019
https://openalex.org/W2612389281
https://openalex.org/W261259598
https://openalex.org/W2614016760
https://openalex.org/W2614300065
https://openalex.org/W2616197851
https://openalex.org/W2616270291
https://openalex.org/W2616682702
https://openalex.org/W2617311658
https://openalex.org/W2617667251
https://openalex.org/W2620813028
https://openalex.org/W2620814691
https://openalex.org/W2622559389
https://openalex.org/W2622593853
https://openalex.org/W2623752451
https://openalex.org/W2624209476
https://openalex.org/W2625041518
https://openalex.org/W2625273861
https://openalex.org/W2626476359
https://openalex.org/W2626910092
https://openalex.org/W2627050542
https://openalex.org/W262923616
https://openalex.org/W264148190
https://openalex.org/W265920071
https://openalex.org/W266228397
https://openalex.org/W267731609
https://openalex.org/W268330015
https://openalex.org/W2697903184
https://openalex.org/W270091016
https://openalex.org/W270234707
https://openalex.org/W270248985
https://openalex.org/W271078789
https://openalex.org/W271560986
https://openalex.org/W2734851886
https://openalex.org/W2735802190
https://openalex.org/W2735821558
https://openalex.org/W2736660751
https://openalex.org/W2736800298
https://openalex.org/W2738311637
https://openalex.org/W2738824379
https://openalex.org/W2740121287
https://openalex.org/W274093991
https://openalex.org/W2743505626
https://openalex.org/W2746314520
https://openalex.org/W2748842377
https://openalex.org/W2748848929
https://openalex.org/W2748975476
https://openalex.org/W2749253818
https://openalex.org/W274962091
https://openalex.org/W2749972489
https://openalex.org/W2750113417
https://openalex.org/W2751173401
https://openalex.org/W2751738142
https://openalex.org/W2752502534
https://openalex.org/W2752804758
https://openalex.org/W275330870
https://openalex.org/W2753547079
https://openalex.org/W2754137147
https://openalex.org/W275469283
https://openalex.org/W2756319953
https://openalex.org/W2757226212
https://openalex.org/W2758584806
https://openalex.org/W2763219172
https://openalex.org/W2763958262
https://openalex.org/W2766629420
https://openalex.org/W2769867315
https://openalex.org/W2774040658
https://openalex.org/W2778013005
https://openalex.org/W2778353437
https://openalex.org/W2778496025
https://openalex.org/W2778989633
https://openalex.org/W2787153743
https://openalex.org/W2789201563
https://openalex.org/W2790190049
https://openalex.org/W2791162403
https://openalex.org/W2791382386
https://openalex.org/W2792461012
https://openalex.org/W2794972378
https://openalex.org/W2796315029
https://openalex.org/W2797499526
https://openalex.org/W2799392516
https://openalex.org/W2801991688
https://openalex.org/W2803250095
https://openalex.org/W2804021554
https://openalex.org/W2804749153
https://openalex.org/W2805321020
https://openalex.org/W2805818788
https://openalex.org/W2807441587
https://openalex.org/W2807800272
https://openalex.org/W2807856489
https://openalex.org/W2808571533
https://openalex.org/W2809318674
https://openalex.org/W281389256
https://openalex.org/W283460940
https://openalex.org/W283580501
https://openalex.org/W285146462
https://openalex.org/W286249906
https://openalex.org/W2883808351
https://openalex.org/W2884689849
https://openalex.org/W2885248891
https://openalex.org/W2889074852
https://openalex.org/W2889185638
https://openalex.org/W2889484866
https://openalex.org/W2889577683
https://openalex.org/W2889629028
https://openalex.org/W2889742256
https://openalex.org/W2890217554
https://openalex.org/W2892087041
https://openalex.org/W289303119
https://openalex.org/W2893727952
https://openalex.org/W2895932260
https://openalex.org/W2896049357
https://openalex.org/W2897903051
https://openalex.org/W2898099821
https://openalex.org/W2898504854
https://openalex.org/W2901056257
https://openalex.org/W290111235
https://openalex.org/W2904006895
https://openalex.org/W2905557635
https://openalex.org/W2905707263
https://openalex.org/W2905727065
https://openalex.org/W2905809215
https://openalex.org/W2906066190
https://openalex.org/W2906190837
https://openalex.org/W2908068456
https://openalex.org/W2908391792
https://openalex.org/W2908635058
https://openalex.org/W2910360871
https://openalex.org/W2911708961
https://openalex.org/W2914492513
https://openalex.org/W2914782449
https://openalex.org/W2915204726
https://openalex.org/W2915344888
https://openalex.org/W2915396223
https://openalex.org/W2915467964
https://openalex.org/W2915506687
https://openalex.org/W2915940226
https://openalex.org/W2916030166
https://openalex.org/W2916202230
https://openalex.org/W2916204943
https://openalex.org/W2916711420
https://openalex.org/W2916732160
https://openalex.org/W2916764359
https://openalex.org/W2916993688
https://openalex.org/W2917019283
https://openalex.org/W2917087721
https://openalex.org/W2917220742
https://openalex.org/W2917229654
https://openalex.org/W2917254347
https://openalex.org/W2917286685
https://openalex.org/W2917431331
https://openalex.org/W2917458881
https://openalex.org/W2917701410
https://openalex.org/W2917848812
https://openalex.org/W2917866381
https://openalex.org/W2918008999
https://openalex.org/W2918140515
https://openalex.org/W2918153174
https://openalex.org/W2922082883
https://openalex.org/W292283808
https://openalex.org/W292308487
https://openalex.org/W2938705483
https://openalex.org/W294122798
https://openalex.org/W2943257837
https://openalex.org/W2944336418
https://openalex.org/W2944743047
https://openalex.org/W2948270498
https://openalex.org/W2949195101
https://openalex.org/W2949239577
https://openalex.org/W2949420826
https://openalex.org/W2949522047
https://openalex.org/W2949526405
https://openalex.org/W2949572603
https://openalex.org/W2949850726
https://openalex.org/W2950385962
https://openalex.org/W2950539634
https://openalex.org/W2950606852
https://openalex.org/W2950704084
https://openalex.org/W2950800913
https://openalex.org/W2950927298
https://openalex.org/W2951022794
https://openalex.org/W295146381
https://openalex.org/W2951777419
https://openalex.org/W2951867127
https://openalex.org/W2952348686
https://openalex.org/W2952481096
https://openalex.org/W2952850462
https://openalex.org/W2954207853
https://openalex.org/W2954575952
https://openalex.org/W29545914
https://openalex.org/W2960439608
https://openalex.org/W2960963310
https://openalex.org/W2963255140
https://openalex.org/W2963444657
https://openalex.org/W2966322193
https://openalex.org/W2966491445
https://openalex.org/W2966856580
https://openalex.org/W2969820387
https://openalex.org/W297055019
https://openalex.org/W2971384350
https://openalex.org/W2971429663
https://openalex.org/W2971542167
https://openalex.org/W2971591836
https://openalex.org/W2972058250
https://openalex.org/W2972134625
https://openalex.org/W2972157795
https://openalex.org/W2976978968
https://openalex.org/W2977318109
https://openalex.org/W2978273041
https://openalex.org/W2978458967
https://openalex.org/W2978523315
https://openalex.org/W2978570815
https://openalex.org/W2979030707
https://openalex.org/W2981263200
https://openalex.org/W2981342669
https://openalex.org/W2981808408
https://openalex.org/W2981915581
https://openalex.org/W2984604993
https://openalex.org/W2988460115
https://openalex.org/W298920784
https://openalex.org/W2989744217
https://openalex.org/W2989921618
https://openalex.org/W2989967276
https://openalex.org/W299022861
https://openalex.org/W2990340233
https://openalex.org/W2991059361
https://openalex.org/W299117740
https://openalex.org/W2991619844
https://openalex.org/W2992415642
https://openalex.org/W2992516856
https://openalex.org/W2992600845
https://openalex.org/W2993239929
https://openalex.org/W2993793704
https://openalex.org/W2994236577
https://openalex.org/W2994708928
https://openalex.org/W2994785979
https://openalex.org/W2994791988
https://openalex.org/W2994892023
https://openalex.org/W2995255181
https://openalex.org/W2995964913
https://openalex.org/W2996082503
https://openalex.org/W2996110301
https://openalex.org/W2996160106
https://openalex.org/W2996260741
https://openalex.org/W2996418190
https://openalex.org/W2996770648
https://openalex.org/W2996842909
https://openalex.org/W2997061409
https://openalex.org/W2997471007
https://openalex.org/W2997619117
https://openalex.org/W2997685615
https://openalex.org/W2997859545
https://openalex.org/W2998239364
https://openalex.org/W2998299014
https://openalex.org/W2998573335
https://openalex.org/W2998661852
https://openalex.org/W2999724675
https://openalex.org/W2999753935
https://openalex.org/W3000481320
https://openalex.org/W3000634510
https://openalex.org/W3001642304
https://openalex.org/W3001982285
https://openalex.org/W3002844844
https://openalex.org/W3002861474
https://openalex.org/W3003619658
https://openalex.org/W3003962542
https://openalex.org/W3004276339
https://openalex.org/W3004363600
https://openalex.org/W3005772757
https://openalex.org/W3008780165
https://openalex.org/W3009128564
https://openalex.org/W3009175202
https://openalex.org/W3009395028
https://openalex.org/W3009961376
https://openalex.org/W3010059707
https://openalex.org/W3010314945
https://openalex.org/W3010491359
https://openalex.org/W3010881663
https://openalex.org/W3011218754
https://openalex.org/W3011287578
https://openalex.org/W3011816218
https://openalex.org/W3012260194
https://openalex.org/W3012553445
https://openalex.org/W3012686581
https://openalex.org/W3013945076
https://openalex.org/W3015080964
https://openalex.org/W3015261241
https://openalex.org/W3016284998
https://openalex.org/W3016373569
https://openalex.org/W3016615992
https://openalex.org/W3016742280
https://openalex.org/W301808183
https://openalex.org/W3018942927
https://openalex.org/W3020157564
https://openalex.org/W3020839131
https://openalex.org/W3020976795
https://openalex.org/W3021443073
https://openalex.org/W3021710762
https://openalex.org/W3021745340
https://openalex.org/W3022518034
https://openalex.org/W3023348112
https://openalex.org/W3023381258
https://openalex.org/W3023433535
https://openalex.org/W3023969493
https://openalex.org/W3024030425
https://openalex.org/W3024077228
https://openalex.org/W3024462868
https://openalex.org/W3024609954
https://openalex.org/W3024821908
https://openalex.org/W3024943714
https://openalex.org/W3025276929
https://openalex.org/W3025280959
https://openalex.org/W3025338079
https://openalex.org/W3025342902
https://openalex.org/W3025589120
https://openalex.org/W3025676884
https://openalex.org/W3025712628
https://openalex.org/W3025730683
https://openalex.org/W3025742349
https://openalex.org/W3026494891
https://openalex.org/W3027310909
https://openalex.org/W3027554543
https://openalex.org/W3027676403
https://openalex.org/W3027991133
https://openalex.org/W3028374469
https://openalex.org/W3028990848
https://openalex.org/W3030020226
https://openalex.org/W3030557825
https://openalex.org/W3031585759
https://openalex.org/W3033790824
https://openalex.org/W3033967415
https://openalex.org/W3034030458
https://openalex.org/W3035112804
https://openalex.org/W3035597464
https://openalex.org/W3037343552
https://openalex.org/W3040063602
https://openalex.org/W3040498115
https://openalex.org/W3040838870
https://openalex.org/W3041131266
https://openalex.org/W3041449091
https://openalex.org/W3041485626
https://openalex.org/W3041614997
https://openalex.org/W3041706508
https://openalex.org/W3041758641
https://openalex.org/W3042214565
https://openalex.org/W3042354719
https://openalex.org/W3042521573
https://openalex.org/W3043105671
https://openalex.org/W3043505459
https://openalex.org/W3044149061
https://openalex.org/W3044867389
https://openalex.org/W3045814262
https://openalex.org/W3045916785
https://openalex.org/W3046304073
https://openalex.org/W3046721630
https://openalex.org/W3046957059
https://openalex.org/W3048293182
https://openalex.org/W3049761478
https://openalex.org/W305133625
https://openalex.org/W3066314091
https://openalex.org/W307428739
https://openalex.org/W3080345140
https://openalex.org/W3080531778
https://openalex.org/W3082086538
https://openalex.org/W3083525138
https://openalex.org/W3083640589
https://openalex.org/W3084016045
https://openalex.org/W308416903
https://openalex.org/W3085204916
https://openalex.org/W3086304810
https://openalex.org/W3087461085
https://openalex.org/W3087641867
https://openalex.org/W3088073113
https://openalex.org/W3088307032
https://openalex.org/W3088441206
https://openalex.org/W3088560499
https://openalex.org/W3089181850
https://openalex.org/W3089767917
https://openalex.org/W308986063
https://openalex.org/W309084742
https://openalex.org/W3091687814
https://openalex.org/W3092382846
https://openalex.org/W3092861363
https://openalex.org/W3093049514
https://openalex.org/W3093820497
https://openalex.org/W3094904859
https://openalex.org/W3095375272
https://openalex.org/W3098340262
https://openalex.org/W3098834776
https://openalex.org/W3099987483
https://openalex.org/W3103111843
https://openalex.org/W3103122154
https://openalex.org/W3105862704
https://openalex.org/W3107709036
https://openalex.org/W310959506
https://openalex.org/W3109878145
https://openalex.org/W3110183629
https://openalex.org/W3110911307
https://openalex.org/W3111423803
https://openalex.org/W3111915468
https://openalex.org/W3112926843
https://openalex.org/W3118185595
https://openalex.org/W3118497655
https://openalex.org/W3119703374
https://openalex.org/W3121115801
https://openalex.org/W3122724814
https://openalex.org/W3124616123
https://openalex.org/W3125643741
https://openalex.org/W3125736141
https://openalex.org/W3126212523
https://openalex.org/W3126821123
https://openalex.org/W3127760476
https://openalex.org/W3128163979
https://openalex.org/W3128274810
https://openalex.org/W3128866233
https://openalex.org/W3132544932
https://openalex.org/W3132880403
https://openalex.org/W3132923692
https://openalex.org/W3132956572
https://openalex.org/W3133632644
https://openalex.org/W3133937979
https://openalex.org/W3134097500
https://openalex.org/W3134312541
https://openalex.org/W3134776574
https://openalex.org/W3134816671
https://openalex.org/W3135036395
https://openalex.org/W3135225212
https://openalex.org/W3135634223
https://openalex.org/W3135877759
https://openalex.org/W3136720958
https://openalex.org/W3136962865
https://openalex.org/W3138483619
https://openalex.org/W314415221
https://openalex.org/W3146255348
https://openalex.org/W3148464055
https://openalex.org/W3150871256
https://openalex.org/W3151262766
https://openalex.org/W3152029633
https://openalex.org/W3153491932
https://openalex.org/W3154312637
https://openalex.org/W3154716286
https://openalex.org/W3156098650
https://openalex.org/W3156148090
https://openalex.org/W3156304786
https://openalex.org/W3158118297
https://openalex.org/W3158771528
https://openalex.org/W3159268449
https://openalex.org/W315939216
https://openalex.org/W3160012187
https://openalex.org/W3160157009
https://openalex.org/W3160185767
https://openalex.org/W3160649951
https://openalex.org/W3161501332
https://openalex.org/W3162746930
https://openalex.org/W3162747783
https://openalex.org/W3163330813
https://openalex.org/W3163826495
https://openalex.org/W3164341355
https://openalex.org/W3164539517
https://openalex.org/W3164552180
https://openalex.org/W3164594758
https://openalex.org/W3164933877
https://openalex.org/W3165179810
https://openalex.org/W3165352052
https://openalex.org/W3165943479
https://openalex.org/W3166280750
https://openalex.org/W3166564607
https://openalex.org/W3167491880
https://openalex.org/W3167592749
https://openalex.org/W3167685678
https://openalex.org/W3168992692
https://openalex.org/W3169132123
https://openalex.org/W3169721291
https://openalex.org/W3169810571
https://openalex.org/W3169854562
https://openalex.org/W3170923789
https://openalex.org/W3171961653
https://openalex.org/W3172203968
https://openalex.org/W3172398530
https://openalex.org/W3172467115
https://openalex.org/W3173026518
https://openalex.org/W3173405956
https://openalex.org/W3174697406
https://openalex.org/W3175133731
https://openalex.org/W3175269677
https://openalex.org/W3176067833
https://openalex.org/W3176119917
https://openalex.org/W3176294120
https://openalex.org/W3176814621
https://openalex.org/W3176843673
https://openalex.org/W3176978215
https://openalex.org/W3177303617
https://openalex.org/W3178370850
https://openalex.org/W3179109998
https://openalex.org/W3179495857
https://openalex.org/W3180138650
https://openalex.org/W3180496018
https://openalex.org/W3182445249
https://openalex.org/W3182918241
https://openalex.org/W3183096659
https://openalex.org/W3185011351
https://openalex.org/W3186460343
https://openalex.org/W3187153067
https://openalex.org/W3187193926
https://openalex.org/W3187235802
https://openalex.org/W3188626739
https://openalex.org/W3189575742
https://openalex.org/W319018327
https://openalex.org/W3190222522
https://openalex.org/W3191489880
https://openalex.org/W3192095483
https://openalex.org/W3193065437
https://openalex.org/W3193244769
https://openalex.org/W3193423770
https://openalex.org/W3194208351
https://openalex.org/W3194878118
https://openalex.org/W3195700526
https://openalex.org/W3196380399
https://openalex.org/W3196756247
https://openalex.org/W3197928953
https://openalex.org/W3198081470
https://openalex.org/W3198287964
https://openalex.org/W3198315295
https://openalex.org/W3198374790
https://openalex.org/W3198647428
https://openalex.org/W3199993351
https://openalex.org/W3201846014
https://openalex.org/W3202575354
https://openalex.org/W320288035
https://openalex.org/W3202925651
https://openalex.org/W3203272448
https://openalex.org/W3204101709
https://openalex.org/W3205821436
https://openalex.org/W3206492452
https://openalex.org/W3207400933
https://openalex.org/W3208414046
https://openalex.org/W3208920479
https://openalex.org/W3209788907
https://openalex.org/W3210239506
https://openalex.org/W3210341798
https://openalex.org/W3210381119
https://openalex.org/W3210391167
https://openalex.org/W3211111039
https://openalex.org/W3211538988
https://openalex.org/W321254406
https://openalex.org/W3213005332
https://openalex.org/W3213749575
https://openalex.org/W3213994525
https://openalex.org/W3214349106
https://openalex.org/W3215614793
https://openalex.org/W3216380709
https://openalex.org/W3216527721
https://openalex.org/W3217748722
https://openalex.org/W323229483
https://openalex.org/W32665569
https://openalex.org/W330609111
https://openalex.org/W332090847
https://openalex.org/W334914840
https://openalex.org/W335493929
https://openalex.org/W336696742
https://openalex.org/W336790305
https://openalex.org/W338609017
https://openalex.org/W339381628
https://openalex.org/W341138045
https://openalex.org/W343934465
https://openalex.org/W346185509
https://openalex.org/W346386407
https://openalex.org/W347533606
https://openalex.org/W347594937
https://openalex.org/W34809273
https://openalex.org/W348216548
https://openalex.org/W348291620
https://openalex.org/W351507286
https://openalex.org/W355413750
https://openalex.org/W357101114
https://openalex.org/W358864659
https://openalex.org/W370193904
https://openalex.org/W381459768
https://openalex.org/W381678814
https://openalex.org/W384431332
https://openalex.org/W3914480
https://openalex.org/W392132738
https://openalex.org/W40043759
https://openalex.org/W406525305
https://openalex.org/W411386038
https://openalex.org/W415776573
https://openalex.org/W4200477059
https://openalex.org/W4200482937
https://openalex.org/W4200496961
https://openalex.org/W4205258028
https://openalex.org/W4205887170
https://openalex.org/W4206002817
https://openalex.org/W4206347840
https://openalex.org/W4206785969
https://openalex.org/W4206866366
https://openalex.org/W4206895590
https://openalex.org/W4210487593
https://openalex.org/W4210504983
https://openalex.org/W4210659537
https://openalex.org/W4210664139
https://openalex.org/W4210669769
https://openalex.org/W4210706419
https://openalex.org/W4211036715
https://openalex.org/W4213023932
https://openalex.org/W4213296903
https://openalex.org/W4214906222
https://openalex.org/W4214920414
https://openalex.org/W4220671949
https://openalex.org/W4220692393
https://openalex.org/W4220754768
https://openalex.org/W4220764236
https://openalex.org/W4220775940
https://openalex.org/W4220814968
https://openalex.org/W4220836390
https://openalex.org/W4220839132
https://openalex.org/W4220843543
https://openalex.org/W4220848616
https://openalex.org/W4220850926
https://openalex.org/W4220858386
https://openalex.org/W4220874892
https://openalex.org/W4220885157
https://openalex.org/W4220940888
https://openalex.org/W4220951236
https://openalex.org/W4220954494
https://openalex.org/W4220983436
https://openalex.org/W4223606434
https://openalex.org/W4224297505
https://openalex.org/W4225393437
https://openalex.org/W4225513409
https://openalex.org/W4226052706
https://openalex.org/W4226054501
https://openalex.org/W4226098780
https://openalex.org/W4226171654
https://openalex.org/W4226190490
https://openalex.org/W4229010318
https://openalex.org/W4229494790
https://openalex.org/W4230036062
https://openalex.org/W4231341406
https://openalex.org/W4231363575
https://openalex.org/W4231435081
https://openalex.org/W4231618020
https://openalex.org/W4232020591
https://openalex.org/W4232943402
https://openalex.org/W4233218068
https://openalex.org/W4233385175
https://openalex.org/W4234494978
https://openalex.org/W4234666414
https://openalex.org/W4234707414
https://openalex.org/W4235074141
https://openalex.org/W4235280236
https://openalex.org/W4235495303
https://openalex.org/W4235607706
https://openalex.org/W4235743630
https://openalex.org/W4236070769
https://openalex.org/W4237156898
https://openalex.org/W4237163647
https://openalex.org/W4237267716
https://openalex.org/W4237347479
https://openalex.org/W4237706665
https://openalex.org/W4238136648
https://openalex.org/W4238755246
https://openalex.org/W4238904583
https://openalex.org/W4239262196
https://openalex.org/W4239465983
https://openalex.org/W4239762344
https://openalex.org/W4239803053
https://openalex.org/W4239994922
https://openalex.org/W4240415180
https://openalex.org/W4240672309
https://openalex.org/W4240674958
https://openalex.org/W4240962830
https://openalex.org/W4241336158
https://openalex.org/W4241818883
https://openalex.org/W4241823571
https://openalex.org/W4241918584
https://openalex.org/W4242084678
https://openalex.org/W4242177826
https://openalex.org/W4242180817
https://openalex.org/W4242401635
https://openalex.org/W4242896512
https://openalex.org/W4242965421
https://openalex.org/W4243321209
https://openalex.org/W4243491400
https://openalex.org/W4243899477
https://openalex.org/W4245035553
https://openalex.org/W4245150170
https://openalex.org/W4245396289
https://openalex.org/W4245790600
https://openalex.org/W4245884424
https://openalex.org/W4245984845
https://openalex.org/W4246485321
https://openalex.org/W4246943652
https://openalex.org/W4246987618
https://openalex.org/W4247075057
https://openalex.org/W4247824098
https://openalex.org/W4247974290
https://openalex.org/W4248047900
https://openalex.org/W4248048620
https://openalex.org/W4248582897
https://openalex.org/W4248710014
https://openalex.org/W4248754320
https://openalex.org/W4248812109
https://openalex.org/W4249800253
https://openalex.org/W4249924076
https://openalex.org/W4250025971
https://openalex.org/W4250225273
https://openalex.org/W4250386712
https://openalex.org/W4250929888
https://openalex.org/W4251085883
https://openalex.org/W4251126512
https://openalex.org/W4253212029
https://openalex.org/W4253428651
https://openalex.org/W4253514175
https://openalex.org/W4253587294
https://openalex.org/W4253634223
https://openalex.org/W4253646657
https://openalex.org/W4253751805
https://openalex.org/W4254083872
https://openalex.org/W4254626299
https://openalex.org/W4254707172
https://openalex.org/W4254718030
https://openalex.org/W4254924671
https://openalex.org/W4255324484
https://openalex.org/W4256240767
https://openalex.org/W4256240795
https://openalex.org/W427860662
https://openalex.org/W4280534986
https://openalex.org/W4280542247
https://openalex.org/W4280611312
https://openalex.org/W4280645297
https://openalex.org/W4281712299
https://openalex.org/W4282974725
https://openalex.org/W4282983511
https://openalex.org/W4283010827
https://openalex.org/W4283810148
https://openalex.org/W4285049371
https://openalex.org/W4285050226
https://openalex.org/W4285235308
https://openalex.org/W4285282251
https://openalex.org/W4287330519
https://openalex.org/W4287692347
https://openalex.org/W4288045968
https://openalex.org/W428806622
https://openalex.org/W4289143757
https://openalex.org/W4290987428
https://openalex.org/W4291296738
https://openalex.org/W4291297167
https://openalex.org/W4292469027
https://openalex.org/W4292702939
https://openalex.org/W4293199647
https://openalex.org/W4293205517
https://openalex.org/W4293584275
https://openalex.org/W4293798287
https://openalex.org/W4294054954
https://openalex.org/W4295817497
https://openalex.org/W4298007252
https://openalex.org/W4298064816
https://openalex.org/W4298348009
https://openalex.org/W4298408250
https://openalex.org/W4299029833
https://openalex.org/W4299395059
https://openalex.org/W4299848264
https://openalex.org/W4299976269
https://openalex.org/W4299995345
https://openalex.org/W4300072409
https://openalex.org/W4300124855
https://openalex.org/W4300871343
https://openalex.org/W4300887222
https://openalex.org/W4301881648
https://openalex.org/W4302039549
https://openalex.org/W4306176461
https://openalex.org/W4308374916
https://openalex.org/W4309323262
https://openalex.org/W4311610338
https://openalex.org/W4311610611
https://openalex.org/W4311855749
https://openalex.org/W4312038988
https://openalex.org/W4312225797
https://openalex.org/W4312240344
https://openalex.org/W4312299857
https://openalex.org/W4312754246
https://openalex.org/W4313056558
https://openalex.org/W4313136459
https://openalex.org/W4313140596
https://openalex.org/W4313201784
https://openalex.org/W4313339579
https://openalex.org/W4313341481
https://openalex.org/W4313344795
https://openalex.org/W4313351595
https://openalex.org/W4313351623
https://openalex.org/W4313439375
https://openalex.org/W4313886342
https://openalex.org/W4315778249
https://openalex.org/W4316463938
https://openalex.org/W4317627064
https://openalex.org/W4317866980
https://openalex.org/W4318994115
https://openalex.org/W4319006535
https://openalex.org/W4319065983
https://openalex.org/W4319216529
https://openalex.org/W4320916120
https://openalex.org/W432107788
https://openalex.org/W4321452796
https://openalex.org/W4321453124
https://openalex.org/W4322001985
https://openalex.org/W4322002701
https://openalex.org/W4322004551
https://openalex.org/W4322006379
https://openalex.org/W4322007255
https://openalex.org/W4322011434
https://openalex.org/W4322208475
https://openalex.org/W4322208898
https://openalex.org/W4322210599
https://openalex.org/W4322211618
https://openalex.org/W4322763048
https://openalex.org/W4322771881
https://openalex.org/W4323313018
https://openalex.org/W4323539615
https://openalex.org/W4324293745
https://openalex.org/W4327556533
https://openalex.org/W433110617
https://openalex.org/W4360610742
https://openalex.org/W4361188840
https://openalex.org/W4361188857
https://openalex.org/W4361190710
https://openalex.org/W4361235279
https://openalex.org/W4361235312
https://openalex.org/W4361235489
https://openalex.org/W4361235634
https://openalex.org/W4361236108
https://openalex.org/W4361236226
https://openalex.org/W4361237075
https://openalex.org/W4361248653
https://openalex.org/W4361256745
https://openalex.org/W4361256903
https://openalex.org/W4361257085
https://openalex.org/W4361816806
https://openalex.org/W4361879769
https://openalex.org/W4361884740
https://openalex.org/W4361884826
https://openalex.org/W4361884931
https://openalex.org/W4361884964
https://openalex.org/W4361919967
https://openalex.org/W4361919970
https://openalex.org/W4361942738
https://openalex.org/W4361948615
https://openalex.org/W4361952604
https://openalex.org/W4361968053
https://openalex.org/W4361968162
https://openalex.org/W4362425682
https://openalex.org/W4362550652
https://openalex.org/W4362550667
https://openalex.org/W4362550696
https://openalex.org/W4362616839
https://openalex.org/W4362616851
https://openalex.org/W4362616856
https://openalex.org/W4362616920
https://openalex.org/W4362616942
https://openalex.org/W4362616956
https://openalex.org/W4362616978
https://openalex.org/W4362616999
https://openalex.org/W4362627118
https://openalex.org/W4362627162
https://openalex.org/W4362627178
https://openalex.org/W4362627233
https://openalex.org/W4362627240
https://openalex.org/W4362627296
https://openalex.org/W4362627306
https://openalex.org/W4362627330
https://openalex.org/W4362639157
https://openalex.org/W4362690449
https://openalex.org/W4366219517
https://openalex.org/W4366247281
https://openalex.org/W4366393615
https://openalex.org/W4366602018
https://openalex.org/W4366606951
https://openalex.org/W4366771309
https://openalex.org/W4366824690
https://openalex.org/W4375955674
https://openalex.org/W4376279532
https://openalex.org/W4376643450
https://openalex.org/W4377702042
https://openalex.org/W4378172900
https://openalex.org/W4378516437
https://openalex.org/W4379094180
https://openalex.org/W4379378753
https://openalex.org/W4379792164
https://openalex.org/W4379958590
https://openalex.org/W4380272415
https://openalex.org/W4380762783
https://openalex.org/W4380852851
https://openalex.org/W4380989669
https://openalex.org/W4382011730
https://openalex.org/W4382344095
https://openalex.org/W4382344170
https://openalex.org/W4382537012
https://openalex.org/W4383534029
https://openalex.org/W4383878525
https://openalex.org/W4384407252
https://openalex.org/W4384696472
https://openalex.org/W4385185755
https://openalex.org/W4385188969
https://openalex.org/W4385266070
https://openalex.org/W4385294828
https://openalex.org/W4385302269
https://openalex.org/W4385330542
https://openalex.org/W4385330712
https://openalex.org/W4385348875
https://openalex.org/W4385433887
https://openalex.org/W4385698790
https://openalex.org/W4385828672
https://openalex.org/W4386026177
https://openalex.org/W4386143211
https://openalex.org/W4386155433
https://openalex.org/W4386219436
https://openalex.org/W4386238877
https://openalex.org/W4386317581
https://openalex.org/W4386329166
https://openalex.org/W4386361970
https://openalex.org/W4386443067
https://openalex.org/W4386725068
https://openalex.org/W4386757696
https://openalex.org/W4386918173
https://openalex.org/W51823978
https://openalex.org/W53574123
https://openalex.org/W562269981
https://openalex.org/W562660306
https://openalex.org/W563698752
https://openalex.org/W564950798
https://openalex.org/W567455371
https://openalex.org/W569886937
https://openalex.org/W571148581
https://openalex.org/W57427508
https://openalex.org/W575992762
https://openalex.org/W579450972
https://openalex.org/W581372562
https://openalex.org/W581497925
https://openalex.org/W58193087
https://openalex.org/W591951887
https://openalex.org/W593421155
https://openalex.org/W593982523
https://openalex.org/W594619072
https://openalex.org/W599125219
https://openalex.org/W601845117
https://openalex.org/W604312477
https://openalex.org/W605825605
https://openalex.org/W608598704
https://openalex.org/W615794073
https://openalex.org/W616159037
https://openalex.org/W622053420
https://openalex.org/W622997218
https://openalex.org/W623772620
https://openalex.org/W624043105
https://openalex.org/W631643236
https://openalex.org/W6317144
https://openalex.org/W634510207
https://openalex.org/W639765471
https://openalex.org/W647390003
https://openalex.org/W653127245
https://openalex.org/W654921298
https://openalex.org/W656080108
https://openalex.org/W656531456
https://openalex.org/W657763397
https://openalex.org/W658135518
https://openalex.org/W69044610
https://openalex.org/W73862605
https://openalex.org/W748970657
https://openalex.org/W749974702
https://openalex.org/W784455747
https://openalex.org/W787952165
https://openalex.org/W788105086
https://openalex.org/W792233010
https://openalex.org/W797645833
https://openalex.org/W799831269
https://openalex.org/W818214703
https://openalex.org/W819282966
https://openalex.org/W820024273
https://openalex.org/W826757844
https://openalex.org/W826847789
https://openalex.org/W82805338
https://openalex.org/W829961545
https://openalex.org/W832459621
https://openalex.org/W836857968
https://openalex.org/W838837168
https://openalex.org/W839147999
https://openalex.org/W84879536
https://openalex.org/W850600808
https://openalex.org/W850893411
https://openalex.org/W853144746
https://openalex.org/W853583234
https://openalex.org/W854386446
https://openalex.org/W854637073
https://openalex.org/W855146808
https://openalex.org/W855720402
https://openalex.org/W866685209
https://openalex.org/W870428582
https://openalex.org/W874338860
https://openalex.org/W884335133
https://openalex.org/W889679118
https://openalex.org/W893621335
https://openalex.org/W90032588
https://openalex.org/W906310868
https://openalex.org/W930463421
https://openalex.org/W931244135
https://openalex.org/W935002837
https://openalex.org/W949031228
https://openalex.org/W971361426
https://openalex.org/W999096447
https://openalex.org/W99970044
https://openalex.org/W2102304447
https://openalex.org/W2150678612
https://openalex.org/W2063007022
https://openalex.org/W2078059415
https://openalex.org/W1964963969
https://openalex.org/W1755902553
https://openalex.org/W2588003345
https://openalex.org/W2001245625
https://openalex.org/W1991543373
https://openalex.org/W2023529808
https://openalex.org/W2053353274
https://openalex.org/W2156475745
https://openalex.org/W1636205509
https://openalex.org/W2227598340
https://openalex.org/W2102005838
https://openalex.org/W2101723279
https://openalex.org/W1983750916
https://openalex.org/W2049627175
https://openalex.org/W2130560194
https://openalex.org/W2119451273
https://openalex.org/W2008051478
https://openalex.org/W2007832956
https://openalex.org/W2317170628
https://openalex.org/W2020258831
https://openalex.org/W2121611717
https://openalex.org/W2019215987
https://openalex.org/W2028534114
https://openalex.org/W1978285405
https://openalex.org/W2031556832
https://openalex.org/W2012493622
https://openalex.org/W1950462993
https://openalex.org/W2048659444
https://openalex.org/W1574766328
https://openalex.org/W2021793377
https://openalex.org/W4223591189
https://openalex.org/W2067478074
https://openalex.org/W2793912109
https://openalex.org/W1965597456
https://openalex.org/W2044004977
https://openalex.org/W2004106713
https://openalex.org/W2152799367
https://openalex.org/W1975810740
https://openalex.org/W2039176012
https://openalex.org/W2081141657
https://openalex.org/W1995633773
https://openalex.org/W2037919363
https://openalex.org/W2096860860
https://openalex.org/W2039937488
https://openalex.org/W2048252761
https://openalex.org/W2064695569
https://openalex.org/W2102272864
https://openalex.org/W2092899472
https://openalex.org/W1988721344
https://openalex.org/W1970306306
https://openalex.org/W2021489997
https://openalex.org/W2106380210
https://openalex.org/W2158040013
https://openalex.org/W2069588389
https://openalex.org/W1979027729
https://openalex.org/W2755724212
https://openalex.org/W1964684127
https://openalex.org/W2048716562
https://openalex.org/W2320865101
https://openalex.org/W2096735689
https://openalex.org/W2050036217
https://openalex.org/W1981810309
https://openalex.org/W2061491882
https://openalex.org/W1996857098
https://openalex.org/W1985155144
https://openalex.org/W2570871164
https://openalex.org/W2057327074
https://openalex.org/W2158609492
https://openalex.org/W2012406893
https://openalex.org/W2137743549
https://openalex.org/W2155755694
https://openalex.org/W2053399545
https://openalex.org/W2783489228
https://openalex.org/W1716807906
https://openalex.org/W2156097710
https://openalex.org/W2159987319
https://openalex.org/W1981036332
https://openalex.org/W2095950601
https://openalex.org/W2137784504
https://openalex.org/W2011087246
https://openalex.org/W2058293216
https://openalex.org/W2010844989
https://openalex.org/W2023578257
https://openalex.org/W2099437683
https://openalex.org/W2048782554
https://openalex.org/W2078817374
https://openalex.org/W2131487299
https://openalex.org/W2153133692
https://openalex.org/W2020615609
https://openalex.org/W2159846469
https://openalex.org/W1819407996
https://openalex.org/W2038972833
https://openalex.org/W1533421035
https://openalex.org/W2175899267
https://openalex.org/W2196090674
https://openalex.org/W2056701846
https://openalex.org/W1995768948
https://openalex.org/W2128121902
https://openalex.org/W2127967682
https://openalex.org/W2745728372
https://openalex.org/W2145773868
https://openalex.org/W2154539652
https://openalex.org/W2807448259
https://openalex.org/W1987320425
https://openalex.org/W2147966233
https://openalex.org/W2072418373
https://openalex.org/W1980890110
https://openalex.org/W2008583523
https://openalex.org/W2136875829
https://openalex.org/W2036445035
https://openalex.org/W1977153578
https://openalex.org/W1989989032
https://openalex.org/W2029162694
https://openalex.org/W1984107812
https://openalex.org/W2113868526
https://openalex.org/W2151213774
https://openalex.org/W3046196569
https://openalex.org/W2099991247
https://openalex.org/W2060810286
https://openalex.org/W2112929496
https://openalex.org/W2168042083
https://openalex.org/W2067957115
https://openalex.org/W1971159577
https://openalex.org/W1988367343
https://openalex.org/W1989223984
https://openalex.org/W3046013264
https://openalex.org/W1979023816
https://openalex.org/W2047190176
https://openalex.org/W2004863887
https://openalex.org/W2153181758
https://openalex.org/W2016522200
https://openalex.org/W3109004077
https://openalex.org/W2019613843
https://openalex.org/W1992133790
https://openalex.org/W2092145486
https://openalex.org/W2094384124
https://openalex.org/W2110194939
https://openalex.org/W2117161143
https://openalex.org/W1964402875
https://openalex.org/W2066185646
https://openalex.org/W2100348820
https://openalex.org/W4297993676
https://openalex.org/W1985134652
https://openalex.org/W1987471086
https://openalex.org/W2036913686
https://openalex.org/W2049586153
https://openalex.org/W1479725456
https://openalex.org/W2092026452
https://openalex.org/W2129236064
https://openalex.org/W1924378188
https://openalex.org/W1848483485
https://openalex.org/W2132770231
https://openalex.org/W2017461762
https://openalex.org/W2046256458
https://openalex.org/W1980571723
https://openalex.org/W2091835858
https://openalex.org/W2027558298
https://openalex.org/W1959878221
https://openalex.org/W2020852552
https://openalex.org/W2010316693
https://openalex.org/W2060227896
https://openalex.org/W2109962259
https://openalex.org/W2107060351
https://openalex.org/W2157966776
https://openalex.org/W2172102198
https://openalex.org/W2330422027
https://openalex.org/W2617333075
https://openalex.org/W1981139388
https://openalex.org/W3130861457
https://openalex.org/W2092658694
https://openalex.org/W2170116576
https://openalex.org/W2273997940
https://openalex.org/W1995937428
https://openalex.org/W2031426969
https://openalex.org/W2064110242
https://openalex.org/W2127720515
https://openalex.org/W2130503648
https://openalex.org/W2030754842
https://openalex.org/W2138127858
https://openalex.org/W2537499819
https://openalex.org/W2560862806
https://openalex.org/W2964977741
https://openalex.org/W2035029147
https://openalex.org/W2039461396
https://openalex.org/W2095331480
https://openalex.org/W2020910063
https://openalex.org/W2151843635
https://openalex.org/W2164269498
https://openalex.org/W2465894492
https://openalex.org/W2119030711
https://openalex.org/W2099791036
https://openalex.org/W2143822507
https://openalex.org/W2039164793
https://openalex.org/W2075006590
https://openalex.org/W2123705849
https://openalex.org/W2131239750
https://openalex.org/W2136717810
https://openalex.org/W2167563796
https://openalex.org/W1973720271
https://openalex.org/W2054086436
https://openalex.org/W2078925105
https://openalex.org/W2080262979
https://openalex.org/W2116788425
https://openalex.org/W2129087581
https://openalex.org/W2329849534
https://openalex.org/W4213435307
https://openalex.org/W2050548515
https://openalex.org/W2129200287
https://openalex.org/W2507223071
https://openalex.org/W56880216
https://openalex.org/W2075311815
https://openalex.org/W2078514615
https://openalex.org/W2116985126
https://openalex.org/W2315914439
https://openalex.org/W1976987297
https://openalex.org/W2170576524
https://openalex.org/W2200489980
https://openalex.org/W2888228615
https://openalex.org/W2007137426
https://openalex.org/W2091189474
https://openalex.org/W1984349751
https://openalex.org/W2079905439
https://openalex.org/W2066810404
https://openalex.org/W2139441575
https://openalex.org/W1965107210
https://openalex.org/W2335129156
https://openalex.org/W2573231488
https://openalex.org/W2077845548
https://openalex.org/W2112695178
https://openalex.org/W2750644180
https://openalex.org/W1498418270
https://openalex.org/W1983732602
https://openalex.org/W2734627099
https://openalex.org/W2901661105
https://openalex.org/W1977665472
https://openalex.org/W1990512690
https://openalex.org/W3172294552
https://openalex.org/W1966987082
https://openalex.org/W2042040029
https://openalex.org/W2060155115
https://openalex.org/W2070088887
https://openalex.org/W2087410244
https://openalex.org/W2125860091
https://openalex.org/W2141884808
https://openalex.org/W1967888146
https://openalex.org/W2009589033
https://openalex.org/W2048632096
https://openalex.org/W1971069764
https://openalex.org/W2023040110
https://openalex.org/W2129889115
https://openalex.org/W2149375241
https://openalex.org/W2154864666
https://openalex.org/W2323921318
https://openalex.org/W1852666210
https://openalex.org/W1984274686
https://openalex.org/W2083283822
https://openalex.org/W2090909524
https://openalex.org/W2162563526
https://openalex.org/W231013579
https://openalex.org/W2110668499
https://openalex.org/W2004153932
https://openalex.org/W2004912302
https://openalex.org/W2005840741
https://openalex.org/W2008406441
https://openalex.org/W2016315173
https://openalex.org/W2082339111
https://openalex.org/W2121148864
https://openalex.org/W1512702437
https://openalex.org/W2580076816
https://openalex.org/W2157300795
https://openalex.org/W2164800803
https://openalex.org/W2956252856
https://openalex.org/W1976095615
https://openalex.org/W2040225616
https://openalex.org/W2060509875
https://openalex.org/W2094011250
https://openalex.org/W3003832989
https://openalex.org/W3145545686
https://openalex.org/W1970393644
https://openalex.org/W1994475294
https://openalex.org/W2279956772
https://openalex.org/W2034872654
https://openalex.org/W2015454370
https://openalex.org/W2065801888
https://openalex.org/W2166671758
https://openalex.org/W2782548987
https://openalex.org/W2025795146
https://openalex.org/W2108102133
https://openalex.org/W2146597908
https://openalex.org/W2032563075
https://openalex.org/W2152044766
https://openalex.org/W2532993658
https://openalex.org/W2056257976
https://openalex.org/W2123429348
https://openalex.org/W2148914337
https://openalex.org/W2171563656
https://openalex.org/W1985605378
https://openalex.org/W2018719076
https://openalex.org/W2071247400
https://openalex.org/W2092674515
https://openalex.org/W2106163662
https://openalex.org/W2346570814
https://openalex.org/W1997538602
https://openalex.org/W2050004659
https://openalex.org/W2063869544
https://openalex.org/W2091184634
https://openalex.org/W2108882629
https://openalex.org/W2132549052
https://openalex.org/W2142820689
https://openalex.org/W2002501328
https://openalex.org/W2025091340
https://openalex.org/W2068146945
https://openalex.org/W2140014421
https://openalex.org/W2587811402
https://openalex.org/W1607911699
https://openalex.org/W2091475315
https://openalex.org/W3100555718
https://openalex.org/W2019508955
https://openalex.org/W2102528705
https://openalex.org/W1972738316
https://openalex.org/W1980045219
https://openalex.org/W2007080030
https://openalex.org/W2007937551
https://openalex.org/W2122656243
https://openalex.org/W2135688339
https://openalex.org/W2040697129
https://openalex.org/W2056411168
https://openalex.org/W2094195005
https://openalex.org/W2104276917
https://openalex.org/W2572841643
https://openalex.org/W2600604755
https://openalex.org/W2320734044
https://openalex.org/W3022454814
https://openalex.org/W2106406927
https://openalex.org/W2501247018
https://openalex.org/W2901324595
https://openalex.org/W2088529320
https://openalex.org/W2113247673
https://openalex.org/W1968308376
https://openalex.org/W2317269439
https://openalex.org/W1894994468
https://openalex.org/W1970975124
https://openalex.org/W2040631413
https://openalex.org/W2065497116
https://openalex.org/W2108161140
https://openalex.org/W2130426795
https://openalex.org/W2130110018
https://openalex.org/W2038268269
https://openalex.org/W2122690956
https://openalex.org/W2123019546
https://openalex.org/W2146438882
https://openalex.org/W2021184911
https://openalex.org/W2025869445
https://openalex.org/W2110448743
https://openalex.org/W2257823342
https://openalex.org/W1534263375
https://openalex.org/W1541316315
https://openalex.org/W1925281100
https://openalex.org/W1967351091
https://openalex.org/W1989854110
https://openalex.org/W2126841678
https://openalex.org/W2149019121
https://openalex.org/W1942752920
https://openalex.org/W2042945618
https://openalex.org/W2042975675
https://openalex.org/W2060140195
https://openalex.org/W1979408959
https://openalex.org/W1981591487
https://openalex.org/W1993485046
https://openalex.org/W2069250521
https://openalex.org/W2581807008
https://openalex.org/W2594091522
https://openalex.org/W1991251582
https://openalex.org/W2148289779
https://openalex.org/W2177346457
https://openalex.org/W2969244006
https://openalex.org/W2013082657
https://openalex.org/W2026126341
https://openalex.org/W2079002822
https://openalex.org/W2083198374
https://openalex.org/W2154499015
https://openalex.org/W2617467488
https://openalex.org/W2921749306
https://openalex.org/W2061975824
https://openalex.org/W2085094837
https://openalex.org/W2801240507
https://openalex.org/W3088116652
https://openalex.org/W2014857898
https://openalex.org/W2034001137
https://openalex.org/W2553559444
https://openalex.org/W3217249822
https://openalex.org/W2040485271
https://openalex.org/W2042471581
https://openalex.org/W2051824588
https://openalex.org/W2066958520
https://openalex.org/W2142296100
https://openalex.org/W2148987777
https://openalex.org/W2158531800
https://openalex.org/W2172289513
https://openalex.org/W2195149224
https://openalex.org/W2793154560
https://openalex.org/W2793798183
https://openalex.org/W3104356151
https://openalex.org/W33695110
https://openalex.org/W1980546169
https://openalex.org/W2009307013
https://openalex.org/W2053723512
https://openalex.org/W2101719074
https://openalex.org/W2133438307
https://openalex.org/W2255938446
https://openalex.org/W2754342317
https://openalex.org/W2981204878
https://openalex.org/W1821527048
https://openalex.org/W1982731503
https://openalex.org/W2063946519
https://openalex.org/W2069121050
https://openalex.org/W2103797337
https://openalex.org/W1564770936
https://openalex.org/W2051844881
https://openalex.org/W2073383364
https://openalex.org/W2075321940
https://openalex.org/W2082171764
https://openalex.org/W2084714327
https://openalex.org/W2048958947
https://openalex.org/W2129629605
https://openalex.org/W2148120026
https://openalex.org/W2967956895
https://openalex.org/W1963903219
https://openalex.org/W1991451477
https://openalex.org/W2008317601
https://openalex.org/W2020421525
https://openalex.org/W2033093332
https://openalex.org/W2083630412
https://openalex.org/W2109737489
https://openalex.org/W2139099188
https://openalex.org/W2160303979
https://openalex.org/W2801095534
https://openalex.org/W2965431248
https://openalex.org/W2995628808
https://openalex.org/W2009075801
https://openalex.org/W2083433123
https://openalex.org/W2163910313
https://openalex.org/W2738307791
https://openalex.org/W2903878666
https://openalex.org/W1976163977
https://openalex.org/W2035176363
https://openalex.org/W2040947796
https://openalex.org/W2072401522
https://openalex.org/W2092141275
https://openalex.org/W2142550614
https://openalex.org/W2582457346
https://openalex.org/W2754198449
https://openalex.org/W1989932559
https://openalex.org/W2086684406
https://openalex.org/W2314799258
https://openalex.org/W3138914074
https://openalex.org/W1970171132
https://openalex.org/W1981675906
https://openalex.org/W1992353388
https://openalex.org/W2001943949
https://openalex.org/W2005370061
https://openalex.org/W2012149542
https://openalex.org/W2032793876
https://openalex.org/W2057223529
https://openalex.org/W2061440291
https://openalex.org/W2782871236
https://openalex.org/W2012129344
https://openalex.org/W2047341115
https://openalex.org/W2055251331
https://openalex.org/W2080483991
https://openalex.org/W2519919846
https://openalex.org/W1971695034
https://openalex.org/W2045353727
https://openalex.org/W2056895951
https://openalex.org/W2071032975
https://openalex.org/W2266716435
https://openalex.org/W2497771329
https://openalex.org/W2946750457
https://openalex.org/W1977963159
https://openalex.org/W2079289080
https://openalex.org/W2084746297
https://openalex.org/W2799978323
https://openalex.org/W3157426162
https://openalex.org/W1991243950
https://openalex.org/W2022418562
https://openalex.org/W2046567929
https://openalex.org/W2049475617
https://openalex.org/W2086368252
https://openalex.org/W2094273701
https://openalex.org/W3088289932
https://openalex.org/W1636462132
https://openalex.org/W1976678739
https://openalex.org/W2078132504
https://openalex.org/W2080331439
https://openalex.org/W2263606767
https://openalex.org/W2034337124
https://openalex.org/W2108272661
https://openalex.org/W2324491568
https://openalex.org/W2594215903
https://openalex.org/W2903355596
https://openalex.org/W2909511188
https://openalex.org/W2918145442
https://openalex.org/W1971047390
https://openalex.org/W1971677011
https://openalex.org/W2035958143
https://openalex.org/W2055088098
https://openalex.org/W2166580329
https://openalex.org/W2905523487
https://openalex.org/W2921015168
https://openalex.org/W2954134793
https://openalex.org/W2972483996
https://openalex.org/W4240014061
https://openalex.org/W2066178842
https://openalex.org/W2109048296
https://openalex.org/W2161459996
https://openalex.org/W2783984519
https://openalex.org/W1996327749
https://openalex.org/W2015540146
https://openalex.org/W2027148860
https://openalex.org/W2049206589
https://openalex.org/W2057859562
https://openalex.org/W2079691173
https://openalex.org/W2083734586
https://openalex.org/W2163744485
https://openalex.org/W1523134239
https://openalex.org/W1965248862
https://openalex.org/W1989142525
https://openalex.org/W2057586674
https://openalex.org/W2075950651
https://openalex.org/W2083671011
https://openalex.org/W2139686510
https://openalex.org/W2143262193
https://openalex.org/W2152485983
https://openalex.org/W2156865116
https://openalex.org/W1968503033
https://openalex.org/W1977843940
https://openalex.org/W2010873667
https://openalex.org/W2022784502
https://openalex.org/W2029893832
https://openalex.org/W2031865052
https://openalex.org/W2040534112
https://openalex.org/W2074092248
https://openalex.org/W2090980206
https://openalex.org/W2130134227
https://openalex.org/W2140257571
https://openalex.org/W2143606192
https://openalex.org/W2157152207
https://openalex.org/W3005394826
https://openalex.org/W3125357239
https://openalex.org/W2001826201
https://openalex.org/W2052309120
https://openalex.org/W2102282157
https://openalex.org/W2141422576
https://openalex.org/W2151285266
https://openalex.org/W2324123425
https://openalex.org/W3011088045
https://openalex.org/W3180807731
https://openalex.org/W1552379166
https://openalex.org/W1972531483
https://openalex.org/W2089823851
https://openalex.org/W2117254278
https://openalex.org/W2120802464
https://openalex.org/W2288703169
https://openalex.org/W2329713629
https://openalex.org/W1849315941
https://openalex.org/W1970046129
https://openalex.org/W2008413343
https://openalex.org/W2103105860
https://openalex.org/W2109135929
https://openalex.org/W2130407013
https://openalex.org/W2167212673
https://openalex.org/W2238849551
https://openalex.org/W2296034633
https://openalex.org/W2750715393
https://openalex.org/W1563553221
https://openalex.org/W2009134909
https://openalex.org/W2070774323
https://openalex.org/W2117179195
https://openalex.org/W2143251005
https://openalex.org/W2401016962
https://openalex.org/W2519147460
https://openalex.org/W2734738690
https://openalex.org/W2905251100
https://openalex.org/W1971861376
https://openalex.org/W2131453428
https://openalex.org/W2144431040
https://openalex.org/W2144851593
https://openalex.org/W2169462947
https://openalex.org/W2554964204
https://openalex.org/W3015103140
https://openalex.org/W1971862881
https://openalex.org/W1996288926
https://openalex.org/W2036984006
https://openalex.org/W2099889854
https://openalex.org/W2598051373
https://openalex.org/W2766166281
https://openalex.org/W2032421478
https://openalex.org/W2084335303
https://openalex.org/W2141618557
https://openalex.org/W2142652950
https://openalex.org/W2159775348
https://openalex.org/W2320017053
https://openalex.org/W2468329560
https://openalex.org/W2489094904
https://openalex.org/W2497190052
https://openalex.org/W1792884234
https://openalex.org/W1999473428
https://openalex.org/W2018976735
https://openalex.org/W2047374996
https://openalex.org/W2128154130
https://openalex.org/W2157805869
https://openalex.org/W2170921245
https://openalex.org/W2461330378
https://openalex.org/W2971806466
https://openalex.org/W2997017923
https://openalex.org/W3032394972
https://openalex.org/W3158165514
https://openalex.org/W1828534018
https://openalex.org/W1974842543
https://openalex.org/W2055996393
https://openalex.org/W2115627440
https://openalex.org/W2118993128
https://openalex.org/W2119874828
https://openalex.org/W2133341649
https://openalex.org/W2147785686
https://openalex.org/W2169169103
https://openalex.org/W2767363977
https://openalex.org/W2883010627
https://openalex.org/W2883343357
https://openalex.org/W2994163542
https://openalex.org/W3082991015
https://openalex.org/W1994160613
https://openalex.org/W2037224956
https://openalex.org/W2043899393
https://openalex.org/W2071104644
https://openalex.org/W2142945152
https://openalex.org/W2324135689
https://openalex.org/W2592851111
https://openalex.org/W2735550373
https://openalex.org/W2793329152
https://openalex.org/W3127143684
https://openalex.org/W1512776463
https://openalex.org/W1551412888
https://openalex.org/W1792765240
https://openalex.org/W1976973072
https://openalex.org/W1982130779
https://openalex.org/W1994141265
https://openalex.org/W2020917170
https://openalex.org/W2100373099
https://openalex.org/W2171189291
https://openalex.org/W2294164295
https://openalex.org/W2469110210
https://openalex.org/W2527707617
https://openalex.org/W2589286460
https://openalex.org/W271071060
https://openalex.org/W2772859019
https://openalex.org/W787570466
https://openalex.org/W104858761
https://openalex.org/W1974147347
https://openalex.org/W1974472004
https://openalex.org/W1988178762
https://openalex.org/W2003083724
https://openalex.org/W2006044879
https://openalex.org/W2085710563
https://openalex.org/W2096963663
https://openalex.org/W2125974811
https://openalex.org/W2128081744
https://openalex.org/W2151204920
https://openalex.org/W2527856861
https://openalex.org/W2775671257
https://openalex.org/W2799970366
https://openalex.org/W2963865882
https://openalex.org/W3016487092
https://openalex.org/W3092052854
https://openalex.org/W3157926142
https://openalex.org/W1988119741
https://openalex.org/W2020338721
https://openalex.org/W2023825207
https://openalex.org/W2085169106
https://openalex.org/W2125119415
https://openalex.org/W2134599333
https://openalex.org/W2884710848
https://openalex.org/W1527056435
https://openalex.org/W1964093095
https://openalex.org/W1973851949
https://openalex.org/W1983914487
https://openalex.org/W1995859674
https://openalex.org/W2031780824
https://openalex.org/W2038862083
https://openalex.org/W2040760699
https://openalex.org/W2043503085
https://openalex.org/W2045823692
https://openalex.org/W2064516151
https://openalex.org/W2345575901
https://openalex.org/W2570883978
https://openalex.org/W3023952586
https://openalex.org/W1981238140
https://openalex.org/W2007425597
https://openalex.org/W2043596490
https://openalex.org/W2479673743
https://openalex.org/W2564621427
https://openalex.org/W2765718183
https://openalex.org/W2947270480
https://openalex.org/W2038855245
https://openalex.org/W2040648628
https://openalex.org/W2063022446
https://openalex.org/W2066919659
https://openalex.org/W2087264849
https://openalex.org/W2092407244
https://openalex.org/W2109707657
https://openalex.org/W2114853602
https://openalex.org/W2230663733
https://openalex.org/W2605880142
https://openalex.org/W2750704026
https://openalex.org/W2768474284
https://openalex.org/W2769604812
https://openalex.org/W3093871853
https://openalex.org/W3112059656
https://openalex.org/W3166092062
https://openalex.org/W4229513000
https://openalex.org/W1965918170
https://openalex.org/W1972972580
https://openalex.org/W1979727164
https://openalex.org/W1991558940
https://openalex.org/W1991914082
https://openalex.org/W2014190951
https://openalex.org/W2036649710
https://openalex.org/W2067246799
https://openalex.org/W2085944968
https://openalex.org/W2112973802
https://openalex.org/W2121410183
https://openalex.org/W2142531445
https://openalex.org/W2151044710
https://openalex.org/W2153030645
https://openalex.org/W2418511665
https://openalex.org/W2550788627
https://openalex.org/W2946637615
https://openalex.org/W2999623046
https://openalex.org/W3056241491
https://openalex.org/W3116367215
https://openalex.org/W1981043154
https://openalex.org/W1982225017
https://openalex.org/W1989344401
https://openalex.org/W2002997979
https://openalex.org/W2006737182
https://openalex.org/W2026790538
https://openalex.org/W2081835663
https://openalex.org/W2096882204
https://openalex.org/W2112927151
https://openalex.org/W2159163884
https://openalex.org/W2534206460
https://openalex.org/W2926094834
https://openalex.org/W2965931362
https://openalex.org/W3114988636
https://openalex.org/W1876742058
https://openalex.org/W1923036402
https://openalex.org/W1966030922
https://openalex.org/W2021872374
https://openalex.org/W2054375821
https://openalex.org/W2066371865
https://openalex.org/W2084741694
https://openalex.org/W2148466050
https://openalex.org/W2153923150
https://openalex.org/W2539499762
https://openalex.org/W2605177588
https://openalex.org/W2770692934
https://openalex.org/W2883680429
https://openalex.org/W3049229588
https://openalex.org/W1983480990
https://openalex.org/W1991895035
https://openalex.org/W1995749693
https://openalex.org/W2038280640
https://openalex.org/W2064194764
https://openalex.org/W2120619510
https://openalex.org/W2137174740
https://openalex.org/W2157563264
https://openalex.org/W2189925267
https://openalex.org/W2337267035
https://openalex.org/W2788689776
https://openalex.org/W2916752772
https://openalex.org/W3021313794
https://openalex.org/W3039675671
https://openalex.org/W3122709477
https://openalex.org/W4233969170
https://openalex.org/W1967204126
https://openalex.org/W1976513788
https://openalex.org/W1993311390
https://openalex.org/W2004486910
https://openalex.org/W2005548162
https://openalex.org/W2062474236
https://openalex.org/W2095686962
https://openalex.org/W2154784111
https://openalex.org/W2171189643
https://openalex.org/W2173592911
https://openalex.org/W2529397552
https://openalex.org/W2566955250
https://openalex.org/W2576863788
https://openalex.org/W2790681850
https://openalex.org/W2901119435
https://openalex.org/W2944323741
https://openalex.org/W143365024
https://openalex.org/W1838809250
https://openalex.org/W1983231729
https://openalex.org/W1995402091
https://openalex.org/W1999491245
https://openalex.org/W2011465130
https://openalex.org/W2019551603
https://openalex.org/W2059465044
https://openalex.org/W2077287406
https://openalex.org/W2078860142
https://openalex.org/W2093836776
https://openalex.org/W2095413176
https://openalex.org/W2103926765
https://openalex.org/W2161997444
https://openalex.org/W2163829399
https://openalex.org/W2167161150
https://openalex.org/W2192319054
https://openalex.org/W2734519931
https://openalex.org/W2801079032
https://openalex.org/W2804435956
https://openalex.org/W2943942975
https://openalex.org/W2957202275
https://openalex.org/W3014548195
https://openalex.org/W3154070630
https://openalex.org/W4238324335
https://openalex.org/W90335517
https://openalex.org/W1496926187
https://openalex.org/W1780716740
https://openalex.org/W1969965099
https://openalex.org/W1990543688
https://openalex.org/W1994973519
https://openalex.org/W2008479013
https://openalex.org/W2063287157
https://openalex.org/W2074023029
https://openalex.org/W2086395534
https://openalex.org/W2088389251
https://openalex.org/W2126197455
https://openalex.org/W2152234582
https://openalex.org/W2515202081
https://openalex.org/W2563300217
https://openalex.org/W2793465462
https://openalex.org/W2899118619
https://openalex.org/W2976029637
https://openalex.org/W3083355936
https://openalex.org/W3092551244
https://openalex.org/W3199445929
https://openalex.org/W1975699261
https://openalex.org/W1983523655
https://openalex.org/W1994270195
https://openalex.org/W2015229113
https://openalex.org/W2021421037
https://openalex.org/W2037394566
https://openalex.org/W2039848974
https://openalex.org/W2044972398
https://openalex.org/W2073730340
https://openalex.org/W2089762082
https://openalex.org/W2096514882
https://openalex.org/W2136451654
https://openalex.org/W2292744381
https://openalex.org/W2297031858
https://openalex.org/W2312948848
https://openalex.org/W2409871063
https://openalex.org/W2479719181
https://openalex.org/W2607593875
https://openalex.org/W2627216728
https://openalex.org/W2744602868
https://openalex.org/W2892840352
https://openalex.org/W3119207194
https://openalex.org/W4251186726
https://openalex.org/W4280556815
https://openalex.org/W1813057959
https://openalex.org/W1967865093
https://openalex.org/W1977086791
https://openalex.org/W1979939263
https://openalex.org/W2025865696
https://openalex.org/W2037216376
https://openalex.org/W2066875257
https://openalex.org/W2068783548
https://openalex.org/W2072591511
https://openalex.org/W2116391129
https://openalex.org/W2167392602
https://openalex.org/W2214770433
https://openalex.org/W2418862200
https://openalex.org/W2906512145
https://openalex.org/W2924913318
https://openalex.org/W3183904023
https://openalex.org/W1993225668
https://openalex.org/W2009814409
https://openalex.org/W2021758808
https://openalex.org/W2029903159
https://openalex.org/W2044134615
https://openalex.org/W2063539705
https://openalex.org/W2068152759
https://openalex.org/W2080735794
https://openalex.org/W2107477183
https://openalex.org/W2137218206
https://openalex.org/W2145239580
https://openalex.org/W2336984089
https://openalex.org/W2490661349
https://openalex.org/W2510809097
https://openalex.org/W2619796375
https://openalex.org/W2765310072
https://openalex.org/W2797269056
https://openalex.org/W2808982442
https://openalex.org/W2904505420
https://openalex.org/W2941731247
https://openalex.org/W2978394341
https://openalex.org/W3190871991
https://openalex.org/W4255874033
https://openalex.org/W1949175914
https://openalex.org/W1979424480
https://openalex.org/W1993056412
https://openalex.org/W1997248856
https://openalex.org/W2000096903
https://openalex.org/W2002182243
https://openalex.org/W2019432530
https://openalex.org/W2023769252
https://openalex.org/W2060437172
https://openalex.org/W2066687632
https://openalex.org/W2071090734
https://openalex.org/W2080517276
https://openalex.org/W2090318902
https://openalex.org/W2097931069
https://openalex.org/W2130712984
https://openalex.org/W2136701078
https://openalex.org/W2167510303
https://openalex.org/W2328011698
https://openalex.org/W2330867352
https://openalex.org/W2405544922
https://openalex.org/W2791260474
https://openalex.org/W2793971339
https://openalex.org/W2918960992
https://openalex.org/W3000251291
https://openalex.org/W3082997689
https://openalex.org/W3083521542
https://openalex.org/W3136306838
https://openalex.org/W1968201777
https://openalex.org/W1971842120
https://openalex.org/W2011742964
https://openalex.org/W2015257971
https://openalex.org/W2018503449
https://openalex.org/W2021032155
https://openalex.org/W2068480474
https://openalex.org/W2075820742
https://openalex.org/W2083019879
https://openalex.org/W2111363311
https://openalex.org/W2128840125
https://openalex.org/W2139795720
https://openalex.org/W2161507758
https://openalex.org/W2165912974
https://openalex.org/W2519570619
https://openalex.org/W2766138481
https://openalex.org/W2777564170
https://openalex.org/W2790508820
https://openalex.org/W3015106885
https://openalex.org/W1936208266
https://openalex.org/W1973374424
https://openalex.org/W1984555642
https://openalex.org/W1990551554
https://openalex.org/W2007819044
https://openalex.org/W2011228251
https://openalex.org/W2032882686
https://openalex.org/W2034139211
https://openalex.org/W2036078296
https://openalex.org/W2046997495
https://openalex.org/W2052759529
https://openalex.org/W2052812717
https://openalex.org/W2064044114
https://openalex.org/W2085933677
https://openalex.org/W2087753650
https://openalex.org/W2090220078
https://openalex.org/W2132199521
https://openalex.org/W2134998818
https://openalex.org/W2163785699
https://openalex.org/W2330216058
https://openalex.org/W2399422540
https://openalex.org/W2560790563
https://openalex.org/W2563337094
https://openalex.org/W2606424434
https://openalex.org/W2778067008
https://openalex.org/W2778527746
https://openalex.org/W2897763782
https://openalex.org/W2951090153
https://openalex.org/W2997674033
https://openalex.org/W3010156943
https://openalex.org/W3046818234
https://openalex.org/W310242320
https://openalex.org/W3211554189
https://openalex.org/W4225570447
https://openalex.org/W1589505758
https://openalex.org/W1917436420
https://openalex.org/W1979053703
https://openalex.org/W2044373988
https://openalex.org/W2052937644
https://openalex.org/W2062533769
https://openalex.org/W2114688500
https://openalex.org/W2115236595
https://openalex.org/W2130215290
https://openalex.org/W2151282923
https://openalex.org/W2171042293
https://openalex.org/W2274587847
https://openalex.org/W2337844096
https://openalex.org/W2562424070
https://openalex.org/W2587916018
https://openalex.org/W2604599595
https://openalex.org/W2726274361
https://openalex.org/W2783520674
https://openalex.org/W2789767914
https://openalex.org/W2906908865
https://openalex.org/W2941676638
https://openalex.org/W2946641686
https://openalex.org/W2950712626
https://openalex.org/W3197305365
https://openalex.org/W4232257719
https://openalex.org/W1938959953
https://openalex.org/W1978122720
https://openalex.org/W2008051089
https://openalex.org/W2023895808
https://openalex.org/W2041086726
https://openalex.org/W2061441784
https://openalex.org/W2073239066
https://openalex.org/W2078348234
https://openalex.org/W2089692300
https://openalex.org/W2097847832
https://openalex.org/W2128098611
https://openalex.org/W2142826273
https://openalex.org/W2153963854
https://openalex.org/W2158415712
https://openalex.org/W2162975410
https://openalex.org/W2164287390
https://openalex.org/W2322204065
https://openalex.org/W2334883358
https://openalex.org/W2605723435
https://openalex.org/W2908565338
https://openalex.org/W2940822123
https://openalex.org/W2988273612
https://openalex.org/W3039816702
https://openalex.org/W3122161578
https://openalex.org/W3124362928
https://openalex.org/W3156004002
https://openalex.org/W3181827495
https://openalex.org/W4211187930
https://openalex.org/W4230423401
https://openalex.org/W4237653964
https://openalex.org/W1969767421
https://openalex.org/W1986353873
https://openalex.org/W1988367710
https://openalex.org/W1990818727
https://openalex.org/W2001193186
https://openalex.org/W2009787348
https://openalex.org/W2014853459
https://openalex.org/W2058831544
https://openalex.org/W2062274746
https://openalex.org/W2070542194
https://openalex.org/W2074232444
https://openalex.org/W2128102708
https://openalex.org/W2131942038
https://openalex.org/W2312261796
https://openalex.org/W2335641112
https://openalex.org/W2461135313
https://openalex.org/W2569659233
https://openalex.org/W2573870703
https://openalex.org/W2889157745
https://openalex.org/W2925074081
https://openalex.org/W2958993548
https://openalex.org/W2965071191
https://openalex.org/W3006235962
https://openalex.org/W3015692302
https://openalex.org/W3096584903
https://openalex.org/W3118471424
https://openalex.org/W3147231728
https://openalex.org/W1965784429
https://openalex.org/W1969114020
https://openalex.org/W1971626087
https://openalex.org/W1979081727
https://openalex.org/W1984231532
https://openalex.org/W1996820303
https://openalex.org/W2049154906
https://openalex.org/W2107371554
https://openalex.org/W2124552324
https://openalex.org/W2153926016
https://openalex.org/W2170678181
https://openalex.org/W2179855833
https://openalex.org/W2545175051
https://openalex.org/W2613474796
https://openalex.org/W2782674017
https://openalex.org/W2884293347
https://openalex.org/W2896562143
https://openalex.org/W2908043024
https://openalex.org/W2910888319
https://openalex.org/W2919977258
https://openalex.org/W2940154837
https://openalex.org/W2999166181
https://openalex.org/W3015398758
https://openalex.org/W3038962401
https://openalex.org/W3046466115
https://openalex.org/W3214426294
https://openalex.org/W4310700277
https://openalex.org/W95153153
https://openalex.org/W1969856982
https://openalex.org/W1974849889
https://openalex.org/W2007793401
https://openalex.org/W2040207688
https://openalex.org/W2050019790
https://openalex.org/W2054271667
https://openalex.org/W2054338734
https://openalex.org/W2054907871
https://openalex.org/W2055305002
https://openalex.org/W2091791436
https://openalex.org/W2093523269
https://openalex.org/W2132027882
https://openalex.org/W2314222581
https://openalex.org/W2914606059
https://openalex.org/W2996622707
https://openalex.org/W3113009095
https://openalex.org/W4293267502
https://openalex.org/W1504905464
https://openalex.org/W1699776750
https://openalex.org/W1820369420
https://openalex.org/W1977719969
https://openalex.org/W1986163380
https://openalex.org/W1997974027
https://openalex.org/W2012851109
https://openalex.org/W2014482005
https://openalex.org/W2018211541
https://openalex.org/W2018252970
https://openalex.org/W2020029077
https://openalex.org/W2021502715
https://openalex.org/W2030353557
https://openalex.org/W2036583214
https://openalex.org/W2047429646
https://openalex.org/W2059772131
https://openalex.org/W2081844466
https://openalex.org/W2317376097
https://openalex.org/W2465862769
https://openalex.org/W2466024799
https://openalex.org/W2515574994
https://openalex.org/W2516587588
https://openalex.org/W2606990765
https://openalex.org/W2731528188
https://openalex.org/W2773470069
https://openalex.org/W2987599888
https://openalex.org/W3088315058
https://openalex.org/W3208168088
https://openalex.org/W4206170303
https://openalex.org/W1968546213
https://openalex.org/W1981994548
https://openalex.org/W2005137415
https://openalex.org/W2006791588
https://openalex.org/W2007103248
https://openalex.org/W2007426428
https://openalex.org/W2011616685
https://openalex.org/W2022129337
https://openalex.org/W2022613742
https://openalex.org/W2027391231
https://openalex.org/W2044070810
https://openalex.org/W2047259939
https://openalex.org/W2050790927
https://openalex.org/W2059705946
https://openalex.org/W2133838568
https://openalex.org/W2151934317
https://openalex.org/W2162274490
https://openalex.org/W2164221289
https://openalex.org/W2168723101
https://openalex.org/W2887650017
https://openalex.org/W2947181433
https://openalex.org/W2984638050
https://openalex.org/W3003775237
https://openalex.org/W3119315100
https://openalex.org/W4214847338
https://openalex.org/W4225356316
https://openalex.org/W67209670
https://openalex.org/W1981010060
https://openalex.org/W1984314496
https://openalex.org/W1990046089
https://openalex.org/W1994192753
https://openalex.org/W1998787323
https://openalex.org/W2019081318
https://openalex.org/W2023756800
https://openalex.org/W2025275394
https://openalex.org/W2035207641
https://openalex.org/W2040466015
https://openalex.org/W2084967708
https://openalex.org/W2085114397
https://openalex.org/W2123885351
https://openalex.org/W2169134908
https://openalex.org/W2171853383
https://openalex.org/W2289958382
https://openalex.org/W2331263027
https://openalex.org/W2338160446
https://openalex.org/W2576357047
https://openalex.org/W2594137545
https://openalex.org/W2726368680
https://openalex.org/W2763122727
https://openalex.org/W2795584281
https://openalex.org/W2886506932
https://openalex.org/W2964808436
https://openalex.org/W3011609700
https://openalex.org/W3081473526
https://openalex.org/W4240081325
https://openalex.org/W4248274822
https://openalex.org/W61488655
https://openalex.org/W1514244736
https://openalex.org/W1858495790
https://openalex.org/W1867028497
https://openalex.org/W1963613511
https://openalex.org/W1997609504
https://openalex.org/W1999895324
https://openalex.org/W2005356356
https://openalex.org/W2008075951
https://openalex.org/W2032818675
https://openalex.org/W2050032075
https://openalex.org/W2052338497
https://openalex.org/W2056875661
https://openalex.org/W2061746427
https://openalex.org/W2101238023
https://openalex.org/W2130422765
https://openalex.org/W2162919661
https://openalex.org/W2190877376
https://openalex.org/W2202583381
https://openalex.org/W2207091619
https://openalex.org/W2492268104
https://openalex.org/W2515308818
https://openalex.org/W2578949456
https://openalex.org/W2761313527
https://openalex.org/W2779414705
https://openalex.org/W2783774700
https://openalex.org/W2889251965
https://openalex.org/W2898453512
https://openalex.org/W2938221794
https://openalex.org/W2944149045
https://openalex.org/W2985654507
https://openalex.org/W2995248467
https://openalex.org/W3006561612
https://openalex.org/W3034524586
https://openalex.org/W3092725190
https://openalex.org/W3104332933
https://openalex.org/W3171201490
https://openalex.org/W4200542639
https://openalex.org/W4230075674
https://openalex.org/W4243641336
https://openalex.org/W4280492803
https://openalex.org/W4281556208
https://openalex.org/W1969534397
https://openalex.org/W1979996330
https://openalex.org/W1985624989
https://openalex.org/W2024411602
https://openalex.org/W2044737785
https://openalex.org/W2070832499
https://openalex.org/W2074862655
https://openalex.org/W2090818463
https://openalex.org/W2098033708
https://openalex.org/W2114769530
https://openalex.org/W2118839809
https://openalex.org/W2232572465
https://openalex.org/W2266714545
https://openalex.org/W2289888861
https://openalex.org/W2621199836
https://openalex.org/W2736921783
https://openalex.org/W2743266339
https://openalex.org/W2765890460
https://openalex.org/W2769860461
https://openalex.org/W2787551631
https://openalex.org/W2792327572
https://openalex.org/W2800399178
https://openalex.org/W2922001018
https://openalex.org/W2933141058
https://openalex.org/W2992046138
https://openalex.org/W3006467876
https://openalex.org/W3034522113
https://openalex.org/W3047250369
https://openalex.org/W3192181207
https://openalex.org/W3214567319
https://openalex.org/W4250586443
https://openalex.org/W4283523175
https://openalex.org/W1622905573
https://openalex.org/W1970839461
https://openalex.org/W1979916976
https://openalex.org/W2019105505
https://openalex.org/W2020465481
https://openalex.org/W2034041967
https://openalex.org/W2035926323
https://openalex.org/W2038652569
https://openalex.org/W2051228509
https://openalex.org/W2058117666
https://openalex.org/W2061981545
https://openalex.org/W2067464836
https://openalex.org/W2074306242
https://openalex.org/W2079253127
https://openalex.org/W2082355641
https://openalex.org/W2085706150
https://openalex.org/W2091169701
https://openalex.org/W2105643497
https://openalex.org/W2114947960
https://openalex.org/W2126676653
https://openalex.org/W2151188240
https://openalex.org/W2298316823
https://openalex.org/W2469976997
https://openalex.org/W2570948243
https://openalex.org/W2739069427
https://openalex.org/W2770444827
https://openalex.org/W2781765047
https://openalex.org/W2970104912
https://openalex.org/W3126424697
https://openalex.org/W3214787171
https://openalex.org/W4235575731
https://openalex.org/W936835582
https://openalex.org/W10225387
https://openalex.org/W1570985448
https://openalex.org/W1846414732
https://openalex.org/W1969764048
https://openalex.org/W1975576489
https://openalex.org/W1983351714
https://openalex.org/W1985270830
https://openalex.org/W1988799961
https://openalex.org/W1990351837
https://openalex.org/W1992292886
https://openalex.org/W2020256536
https://openalex.org/W2060503367
https://openalex.org/W2061544493
https://openalex.org/W2065161050
https://openalex.org/W2082661731
https://openalex.org/W2083813728
https://openalex.org/W2084311671
https://openalex.org/W2103965762
https://openalex.org/W2123403574
https://openalex.org/W2129041824
https://openalex.org/W2138835044
https://openalex.org/W2171884788
https://openalex.org/W2261904018
https://openalex.org/W2333438304
https://openalex.org/W2560676934
https://openalex.org/W2588228857
https://openalex.org/W2605513762
https://openalex.org/W2607369859
https://openalex.org/W2740943468
https://openalex.org/W2761005526
https://openalex.org/W2793009940
https://openalex.org/W2905290879
https://openalex.org/W2950801830
https://openalex.org/W2969892179
https://openalex.org/W2995060205
https://openalex.org/W2999373624
https://openalex.org/W3118696585
https://openalex.org/W3129958258
https://openalex.org/W4243854828
https://openalex.org/W75584515
https://openalex.org/W1860364544
https://openalex.org/W1879977401
https://openalex.org/W1969186431
https://openalex.org/W1971864482
https://openalex.org/W1976603240
https://openalex.org/W1978466977
https://openalex.org/W1980700824
https://openalex.org/W1982639175
https://openalex.org/W1984892191
https://openalex.org/W2000403034
https://openalex.org/W2003838528
https://openalex.org/W2036311591
https://openalex.org/W2058998652
https://openalex.org/W2063922091
https://openalex.org/W2071231183
https://openalex.org/W2074767689
https://openalex.org/W2077590520
https://openalex.org/W2094280413
https://openalex.org/W2099464448
https://openalex.org/W2128878996
https://openalex.org/W2129002541
https://openalex.org/W2132818166
https://openalex.org/W2137784725
https://openalex.org/W2236272786
https://openalex.org/W2327377041
https://openalex.org/W2736431893
https://openalex.org/W2745583641
https://openalex.org/W2794950708
https://openalex.org/W2884115535
https://openalex.org/W2904173926
https://openalex.org/W2913879094
https://openalex.org/W2919101263
https://openalex.org/W2920858698
https://openalex.org/W2922377684
https://openalex.org/W2946883703
https://openalex.org/W2978126835
https://openalex.org/W3005523777
https://openalex.org/W3018525942
https://openalex.org/W3029337306
https://openalex.org/W3048124272
https://openalex.org/W3120616305
https://openalex.org/W3127896527
https://openalex.org/W3138649757
https://openalex.org/W3200487003
https://openalex.org/W3207361350
https://openalex.org/W3212638599
https://openalex.org/W4206953229
https://openalex.org/W4235602041
https://openalex.org/W4308361142
https://openalex.org/W1531417821
https://openalex.org/W1774733085
https://openalex.org/W1933565936
https://openalex.org/W1965400115
https://openalex.org/W2004329203
https://openalex.org/W2018051765
https://openalex.org/W2027993515
https://openalex.org/W2028496760
https://openalex.org/W2031917196
https://openalex.org/W2040677073
https://openalex.org/W2047978604
https://openalex.org/W2049566963
https://openalex.org/W2076160700
https://openalex.org/W2091837531
https://openalex.org/W2100076554
https://openalex.org/W2137538399
https://openalex.org/W2181225776
https://openalex.org/W2297852109
https://openalex.org/W2565259512
https://openalex.org/W2792128283
https://openalex.org/W2795945108
https://openalex.org/W2884754118
https://openalex.org/W2896872838
https://openalex.org/W2938215178
https://openalex.org/W2959432596
https://openalex.org/W2987993718
https://openalex.org/W2989589879
https://openalex.org/W2989865347
https://openalex.org/W3012529190
https://openalex.org/W3014385654
https://openalex.org/W3026715184
https://openalex.org/W3090315537
https://openalex.org/W3120679095
https://openalex.org/W3138787538
https://openalex.org/W4210653332
https://openalex.org/W4223425883
https://openalex.org/W4233421912
https://openalex.org/W4286681722
https://openalex.org/W1566553376
https://openalex.org/W1597967420
https://openalex.org/W1902270369
https://openalex.org/W1967784996
https://openalex.org/W1977587883
https://openalex.org/W1994816501
https://openalex.org/W1997552657
https://openalex.org/W2011110907
https://openalex.org/W2031603369
https://openalex.org/W2034386222
https://openalex.org/W2050116079
https://openalex.org/W2054336058
https://openalex.org/W2071147356
https://openalex.org/W2094235338
https://openalex.org/W2128498309
https://openalex.org/W2134534726
https://openalex.org/W2229079428
https://openalex.org/W2312039708
https://openalex.org/W2321609820
https://openalex.org/W2321618186
https://openalex.org/W2475950333
https://openalex.org/W2488383541
https://openalex.org/W2553269871
https://openalex.org/W2568391934
https://openalex.org/W2581708200
https://openalex.org/W2602180023
https://openalex.org/W2739692819
https://openalex.org/W2914890239
https://openalex.org/W2941733534
https://openalex.org/W2950140913
https://openalex.org/W2950950796
https://openalex.org/W2995717095
https://openalex.org/W2995877538
https://openalex.org/W2999748281
https://openalex.org/W3026061754
https://openalex.org/W3028093285
https://openalex.org/W3036442321
https://openalex.org/W3044871789
https://openalex.org/W3047511733
https://openalex.org/W3085178699
https://openalex.org/W3089223217
https://openalex.org/W3123828067
https://openalex.org/W3130158585
https://openalex.org/W3167983121
https://openalex.org/W3185000403
https://openalex.org/W3215702319
https://openalex.org/W3216658538
https://openalex.org/W4200283079
https://openalex.org/W4230057696
https://openalex.org/W4239878715
https://openalex.org/W4281637959
https://openalex.org/W4281655967
https://openalex.org/W1733892826
https://openalex.org/W1905120366
https://openalex.org/W1967199012
https://openalex.org/W1971029753
https://openalex.org/W1971607868
https://openalex.org/W1973122009
https://openalex.org/W1976115243
https://openalex.org/W1983723765
https://openalex.org/W1989329367
https://openalex.org/W2002274477
https://openalex.org/W2035200233
https://openalex.org/W2036726553
https://openalex.org/W2044806647
https://openalex.org/W2049570704
https://openalex.org/W2052013689
https://openalex.org/W2052876944
https://openalex.org/W2060743510
https://openalex.org/W2063984603
https://openalex.org/W2064484825
https://openalex.org/W2066159725
https://openalex.org/W2067421971
https://openalex.org/W2110125059
https://openalex.org/W2126465420
https://openalex.org/W2129197146
https://openalex.org/W2284328411
https://openalex.org/W2339720454
https://openalex.org/W2341159995
https://openalex.org/W2492627609
https://openalex.org/W2521266129
https://openalex.org/W2611427736
https://openalex.org/W2754789057
https://openalex.org/W2782141052
https://openalex.org/W2802370341
https://openalex.org/W2803396110
https://openalex.org/W2887051752
https://openalex.org/W2951552683
https://openalex.org/W3000911455
https://openalex.org/W3017622528
https://openalex.org/W3037001905
https://openalex.org/W3080987600
https://openalex.org/W3085243427
https://openalex.org/W3091821821
https://openalex.org/W3112568088
https://openalex.org/W3122933696
https://openalex.org/W3128947982
https://openalex.org/W3134018746
https://openalex.org/W3154444200
https://openalex.org/W3164397478
https://openalex.org/W3179927935
https://openalex.org/W3195214647
https://openalex.org/W4225511258
https://openalex.org/W4225745787
https://openalex.org/W625013415
https://openalex.org/W1020408292
https://openalex.org/W13016640
https://openalex.org/W1491387188
https://openalex.org/W1870947487
https://openalex.org/W1965689071
https://openalex.org/W1985451904
https://openalex.org/W1987892338
https://openalex.org/W2006451095
https://openalex.org/W2011383164
https://openalex.org/W2011904029
https://openalex.org/W2024033001
https://openalex.org/W2040439849
https://openalex.org/W2045901999
https://openalex.org/W2052061151
https://openalex.org/W2054781527
https://openalex.org/W2076321746
https://openalex.org/W2082295741
https://openalex.org/W2095392669
https://openalex.org/W2096990055
https://openalex.org/W2113291366
https://openalex.org/W2128754989
https://openalex.org/W2138042535
https://openalex.org/W2144121592
https://openalex.org/W2150350748
https://openalex.org/W2160508435
https://openalex.org/W2168339290
https://openalex.org/W2185415964
https://openalex.org/W2202823136
https://openalex.org/W2218229293
https://openalex.org/W2267462400
https://openalex.org/W2301919533
https://openalex.org/W2312501083
https://openalex.org/W2331327135
https://openalex.org/W2463986623
https://openalex.org/W2470045236
https://openalex.org/W2532268346
https://openalex.org/W2575449234
https://openalex.org/W2618736292
https://openalex.org/W2779606936
https://openalex.org/W2782725032
https://openalex.org/W2792753758
https://openalex.org/W2920526790
https://openalex.org/W2937121423
https://openalex.org/W2938054019
https://openalex.org/W2947470934
https://openalex.org/W2968791636
https://openalex.org/W2981714810
https://openalex.org/W3006413351
https://openalex.org/W3019935330
https://openalex.org/W3031684924
https://openalex.org/W3032548595
https://openalex.org/W3043239113
https://openalex.org/W3093615923
https://openalex.org/W3110297852
https://openalex.org/W3128547172
https://openalex.org/W3139902671
https://openalex.org/W3215409704
https://openalex.org/W4205242151
https://openalex.org/W4223528884
https://openalex.org/W4288447244
https://openalex.org/W83083456
https://openalex.org/W116107458
https://openalex.org/W1489554222
https://openalex.org/W1902660989
https://openalex.org/W1966888553
https://openalex.org/W1971413458
https://openalex.org/W1975604040
https://openalex.org/W1982621677
https://openalex.org/W1984977946
https://openalex.org/W1995292342
https://openalex.org/W1996735311
https://openalex.org/W2002812608
https://openalex.org/W2004547923
https://openalex.org/W2021922390
https://openalex.org/W2022997837
https://openalex.org/W2035052708
https://openalex.org/W2048456190
https://openalex.org/W2061488549
https://openalex.org/W2063441175
https://openalex.org/W2073459729
https://openalex.org/W2090107636
https://openalex.org/W2102921293
https://openalex.org/W2153542413
https://openalex.org/W2160521197
https://openalex.org/W2161936581
https://openalex.org/W2181498302
https://openalex.org/W2256252524
https://openalex.org/W2323690158
https://openalex.org/W2400742962
https://openalex.org/W2414709565
https://openalex.org/W2493552667
https://openalex.org/W2531803614
https://openalex.org/W2590095146
https://openalex.org/W2597944979
https://openalex.org/W2608752802
https://openalex.org/W2772773194
https://openalex.org/W2794192009
https://openalex.org/W2890223960
https://openalex.org/W2915968755
https://openalex.org/W2940918460
https://openalex.org/W2942743684
https://openalex.org/W2977257860
https://openalex.org/W3013809671
https://openalex.org/W3048334776
https://openalex.org/W3090917030
https://openalex.org/W3106557825
https://openalex.org/W3125692709
https://openalex.org/W3130147123
https://openalex.org/W3208107899
https://openalex.org/W4200369077
https://openalex.org/W4205410751
https://openalex.org/W4206213687
https://openalex.org/W4213269074
https://openalex.org/W4245255548
https://openalex.org/W4245294886
https://openalex.org/W4289333816
https://openalex.org/W4292606884
https://openalex.org/W4292954935
https://openalex.org/W4296483658
https://openalex.org/W4318753612
https://openalex.org/W1572012396
https://openalex.org/W1614681614
https://openalex.org/W163743158
https://openalex.org/W1963497841
https://openalex.org/W1965707109
https://openalex.org/W1972993413
https://openalex.org/W1999357644
https://openalex.org/W2004108263
https://openalex.org/W2015910992
https://openalex.org/W2029633657
https://openalex.org/W2042755042
https://openalex.org/W2043284866
https://openalex.org/W2066801116
https://openalex.org/W2076826159
https://openalex.org/W2083995751
https://openalex.org/W2094586668
https://openalex.org/W2111733400
https://openalex.org/W2115510173
https://openalex.org/W2168889489
https://openalex.org/W2170569425
https://openalex.org/W2171441865
https://openalex.org/W2409502380
https://openalex.org/W2497299560
https://openalex.org/W2502274422
https://openalex.org/W2592854983
https://openalex.org/W2593554927
https://openalex.org/W2608949751
https://openalex.org/W2806199555
https://openalex.org/W2888142654
https://openalex.org/W2908211960
https://openalex.org/W2911479396
https://openalex.org/W2983712008
https://openalex.org/W2997496272
https://openalex.org/W3031196387
https://openalex.org/W3038821871
https://openalex.org/W3090106026
https://openalex.org/W3107257413
https://openalex.org/W3111631896
https://openalex.org/W3132261856
https://openalex.org/W3133498478
https://openalex.org/W3150728948
https://openalex.org/W3156141522
https://openalex.org/W3163142692
https://openalex.org/W3197792981
https://openalex.org/W3199072960
https://openalex.org/W3200495886
https://openalex.org/W4205865551
https://openalex.org/W4221014982
https://openalex.org/W4247627986
https://openalex.org/W4253230646
https://openalex.org/W4284897060
https://openalex.org/W4289782500
https://openalex.org/W4303832861
https://openalex.org/W4310155660
https://openalex.org/W601190914
https://openalex.org/W72384013
https://openalex.org/W159091562
https://openalex.org/W1960009807
https://openalex.org/W1964094384
https://openalex.org/W1967877155
https://openalex.org/W1973261162
https://openalex.org/W1974874295
https://openalex.org/W1987522463
https://openalex.org/W1993432937
https://openalex.org/W1999421122
https://openalex.org/W1999508519
https://openalex.org/W2009340480
https://openalex.org/W2024835249
https://openalex.org/W2033022886
https://openalex.org/W2037952234
https://openalex.org/W2048632359
https://openalex.org/W206550913
https://openalex.org/W2069439110
https://openalex.org/W2103579570
https://openalex.org/W2134866630
https://openalex.org/W2159794627
https://openalex.org/W2160719328
https://openalex.org/W2163685391
https://openalex.org/W2183208659
https://openalex.org/W2255593750
https://openalex.org/W2318200130
https://openalex.org/W2406479956
https://openalex.org/W2463081140
https://openalex.org/W2529657532
https://openalex.org/W2547387846
https://openalex.org/W2561552642
https://openalex.org/W2737680681
https://openalex.org/W2742309029
https://openalex.org/W2784218399
https://openalex.org/W2789639648
https://openalex.org/W2792614716
https://openalex.org/W2888857037
https://openalex.org/W2898418403
https://openalex.org/W2904326505
https://openalex.org/W2914859684
https://openalex.org/W2928147406
https://openalex.org/W2946819319
https://openalex.org/W2971386642
https://openalex.org/W2999363620
https://openalex.org/W3026838757
https://openalex.org/W3043559353
https://openalex.org/W3049590568
https://openalex.org/W3082295855
https://openalex.org/W3087145739
https://openalex.org/W3093346600
https://openalex.org/W3098982474
https://openalex.org/W3120347402
https://openalex.org/W3136142108
https://openalex.org/W3152783474
https://openalex.org/W3154347457
https://openalex.org/W3175580822
https://openalex.org/W3186260169
https://openalex.org/W3204531006
https://openalex.org/W3215601542
https://openalex.org/W4205445039
https://openalex.org/W4207024051
https://openalex.org/W4210518176
https://openalex.org/W4220920817
https://openalex.org/W4249486927
https://openalex.org/W4280589836
https://openalex.org/W4281685138
https://openalex.org/W4281720625
https://openalex.org/W4282922591
https://openalex.org/W4283697159
https://openalex.org/W4310676130
https://openalex.org/W77982015
https://openalex.org/W102205451
https://openalex.org/W1041727331
https://openalex.org/W112926832
https://openalex.org/W13495961
https://openalex.org/W1598478521
https://openalex.org/W1630510569
https://openalex.org/W1907376792
https://openalex.org/W191514640
https://openalex.org/W1975609650
https://openalex.org/W1993734933
https://openalex.org/W1994523276
https://openalex.org/W2004756119
https://openalex.org/W2028319013
https://openalex.org/W2036755614
https://openalex.org/W2049961841
https://openalex.org/W2058387292
https://openalex.org/W2072477994
https://openalex.org/W2085510056
https://openalex.org/W2085750476
https://openalex.org/W2086810507
https://openalex.org/W2088701742
https://openalex.org/W2132077754
https://openalex.org/W2145756664
https://openalex.org/W2147803578
https://openalex.org/W2185486286
https://openalex.org/W2323781961
https://openalex.org/W2344501582
https://openalex.org/W2402922602
https://openalex.org/W2416566267
https://openalex.org/W2466224833
https://openalex.org/W2509258537
https://openalex.org/W2563605377
https://openalex.org/W2590819635
https://openalex.org/W2605162753
https://openalex.org/W2610179189
https://openalex.org/W2618287874
https://openalex.org/W2623806957
https://openalex.org/W2807442761
https://openalex.org/W2891480643
https://openalex.org/W2894195120
https://openalex.org/W2904807284
https://openalex.org/W2915098783
https://openalex.org/W2931931347
https://openalex.org/W2941656809
https://openalex.org/W2945565452
https://openalex.org/W2985689773
https://openalex.org/W3009345873
https://openalex.org/W3036660908
https://openalex.org/W3040445094
https://openalex.org/W3045878564
https://openalex.org/W3081129988
https://openalex.org/W3082234934
https://openalex.org/W3096661941
https://openalex.org/W3111203228
https://openalex.org/W3124284039
https://openalex.org/W3130478907
https://openalex.org/W3162018356
https://openalex.org/W3166497674
https://openalex.org/W3177911002
https://openalex.org/W3192067220
https://openalex.org/W3199474346
https://openalex.org/W3205249774
https://openalex.org/W3208392810
https://openalex.org/W3211414584
https://openalex.org/W4200076249
https://openalex.org/W4206035691
https://openalex.org/W4211094059
https://openalex.org/W4220786551
https://openalex.org/W4236474808
https://openalex.org/W4252650135
https://openalex.org/W4252785307
https://openalex.org/W4281838596
https://openalex.org/W4282824967
https://openalex.org/W4288695436
https://openalex.org/W4293920613
https://openalex.org/W4295828408
https://openalex.org/W4306361600
https://openalex.org/W4318753663
https://openalex.org/W148380911
https://openalex.org/W1533738496
https://openalex.org/W1593781903
https://openalex.org/W1829199227
https://openalex.org/W1893930890
https://openalex.org/W1970662883
https://openalex.org/W1986535805
https://openalex.org/W1987477595
https://openalex.org/W1989805458
https://openalex.org/W1997206206
https://openalex.org/W1997747392
https://openalex.org/W1998741939
https://openalex.org/W2001100011
https://openalex.org/W2016043158
https://openalex.org/W2017751212
https://openalex.org/W2020151226
https://openalex.org/W2028658779
https://openalex.org/W2036459666
https://openalex.org/W2036906171
https://openalex.org/W2039391507
https://openalex.org/W2043640852
https://openalex.org/W2046464557
https://openalex.org/W2051047762
https://openalex.org/W2063103668
https://openalex.org/W2077877206
https://openalex.org/W2103485092
https://openalex.org/W2105486700
https://openalex.org/W2106186134
https://openalex.org/W2112193396
https://openalex.org/W2129856113
https://openalex.org/W2136065259
https://openalex.org/W2142526867
https://openalex.org/W2219386809
https://openalex.org/W2234430968
https://openalex.org/W2290468900
https://openalex.org/W2415635009
https://openalex.org/W2418965060
https://openalex.org/W2462804290
https://openalex.org/W2507317760
https://openalex.org/W2514575939
https://openalex.org/W2514874407
https://openalex.org/W2536621134
https://openalex.org/W2563727257
https://openalex.org/W2577550577
https://openalex.org/W2736503502
https://openalex.org/W2785755740
https://openalex.org/W27873856
https://openalex.org/W2809978224
https://openalex.org/W2811000545
https://openalex.org/W2900188788
https://openalex.org/W2905077133
https://openalex.org/W2906801418
https://openalex.org/W2946051113
https://openalex.org/W2966056851
https://openalex.org/W2971662491
https://openalex.org/W2974459048
https://openalex.org/W2993076519
https://openalex.org/W2998774833
https://openalex.org/W3000358092
https://openalex.org/W3001518735
https://openalex.org/W3004068257
https://openalex.org/W3080442078
https://openalex.org/W3113211214
https://openalex.org/W3119006220
https://openalex.org/W3150881325
https://openalex.org/W3155557626
https://openalex.org/W3174505759
https://openalex.org/W3175859807
https://openalex.org/W3186159330
https://openalex.org/W3193824332
https://openalex.org/W3202652663
https://openalex.org/W3216277409
https://openalex.org/W4200127815
https://openalex.org/W4206383119
https://openalex.org/W4224221342
https://openalex.org/W4225286345
https://openalex.org/W4229064787
https://openalex.org/W4232419391
https://openalex.org/W4238514242
https://openalex.org/W4241175937
https://openalex.org/W4280580088
https://openalex.org/W4281769943
https://openalex.org/W4285727364
https://openalex.org/W4292851045
https://openalex.org/W4295328717
https://openalex.org/W4297260217
https://openalex.org/W4304698256
https://openalex.org/W4308916008
https://openalex.org/W4315628255
https://openalex.org/W4322009704
https://openalex.org/W4382394400
https://openalex.org/W564586781
https://openalex.org/W1029364646
https://openalex.org/W1490930967
https://openalex.org/W1506112029
https://openalex.org/W1965362944
https://openalex.org/W1968063048
https://openalex.org/W1968682709
https://openalex.org/W1986429356
https://openalex.org/W1990791411
https://openalex.org/W1995981810
https://openalex.org/W2019191636
https://openalex.org/W2029483882
https://openalex.org/W2048086176
https://openalex.org/W2053750776
https://openalex.org/W2055703856
https://openalex.org/W2058886330
https://openalex.org/W2080057418
https://openalex.org/W2108615004
https://openalex.org/W2112420456
https://openalex.org/W2112807888
https://openalex.org/W2137224946
https://openalex.org/W2137854467
https://openalex.org/W2139300698
https://openalex.org/W2143749085
https://openalex.org/W2147948271
https://openalex.org/W2155413455
https://openalex.org/W2187471864
https://openalex.org/W2201434717
https://openalex.org/W2244266978
https://openalex.org/W2293621053
https://openalex.org/W2321186405
https://openalex.org/W2322198382
https://openalex.org/W2322359588
https://openalex.org/W2322821704
https://openalex.org/W2410010105
https://openalex.org/W2444468717
https://openalex.org/W2494137899
https://openalex.org/W2517100070
https://openalex.org/W2522420820
https://openalex.org/W2530842849
https://openalex.org/W2565442257
https://openalex.org/W265085676
https://openalex.org/W2786339155
https://openalex.org/W2793441298
https://openalex.org/W2804528142
https://openalex.org/W2808123302
https://openalex.org/W2883643027
https://openalex.org/W2884359271
https://openalex.org/W2885221751
https://openalex.org/W2888465140
https://openalex.org/W2900596527
https://openalex.org/W2914797139
https://openalex.org/W2919885841
https://openalex.org/W2935596646
https://openalex.org/W2971963571
https://openalex.org/W2980288335
https://openalex.org/W2983009428
https://openalex.org/W2985381568
https://openalex.org/W2990682716
https://openalex.org/W2997751788
https://openalex.org/W2998865796
https://openalex.org/W3000066567
https://openalex.org/W3003072667
https://openalex.org/W3017941445
https://openalex.org/W3023824277
https://openalex.org/W3034330793
https://openalex.org/W3037910124
https://openalex.org/W3041843537
https://openalex.org/W3044955297
https://openalex.org/W3047931892
https://openalex.org/W3082895472
https://openalex.org/W3083292796
https://openalex.org/W3088336860
https://openalex.org/W3096644318
https://openalex.org/W3127707072
https://openalex.org/W3134380100
https://openalex.org/W3134407454
https://openalex.org/W3136138507
https://openalex.org/W3140712717
https://openalex.org/W3145519539
https://openalex.org/W3154056720
https://openalex.org/W3162352015
https://openalex.org/W3163578357
https://openalex.org/W3167680393
https://openalex.org/W3184052707
https://openalex.org/W3194139703
https://openalex.org/W3200494454
https://openalex.org/W3200728090
https://openalex.org/W3211438346
https://openalex.org/W3216638804
https://openalex.org/W4200193423
https://openalex.org/W4200461849
https://openalex.org/W4205385588
https://openalex.org/W4210463700
https://openalex.org/W4211113006
https://openalex.org/W4213418977
https://openalex.org/W4214504341
https://openalex.org/W4214567888
https://openalex.org/W4220942337
https://openalex.org/W4224324789
https://openalex.org/W4229333208
https://openalex.org/W4229335244
https://openalex.org/W4230479962
https://openalex.org/W4234467717
https://openalex.org/W4253262933
https://openalex.org/W4282934301
https://openalex.org/W4282940708
https://openalex.org/W4283208047
https://openalex.org/W4283388560
https://openalex.org/W4283757564
https://openalex.org/W4284963545
https://openalex.org/W4285729548
https://openalex.org/W4286454738
https://openalex.org/W4287836325
https://openalex.org/W4289544253
https://openalex.org/W4290851286
https://openalex.org/W4292976252
https://openalex.org/W4293230394
https://openalex.org/W4306778050
https://openalex.org/W4311419085
https://openalex.org/W4312000373
https://openalex.org/W4320856410
https://openalex.org/W582568604
https://openalex.org/W11838809
https://openalex.org/W142456059
https://openalex.org/W1545781196
https://openalex.org/W1558312099
https://openalex.org/W1565412750
https://openalex.org/W1597193471
https://openalex.org/W1769653440
https://openalex.org/W1792122468
https://openalex.org/W188761952
https://openalex.org/W1911726361
https://openalex.org/W1932184125
https://openalex.org/W1971800516
https://openalex.org/W1972766374
https://openalex.org/W1978252617
https://openalex.org/W1988066352
https://openalex.org/W1988787466
https://openalex.org/W2000226266
https://openalex.org/W2008938957
https://openalex.org/W2009914047
https://openalex.org/W2015549810
https://openalex.org/W2023354807
https://openalex.org/W2043086474
https://openalex.org/W2045803884
https://openalex.org/W2052580991
https://openalex.org/W2052755203
https://openalex.org/W2056658456
https://openalex.org/W2062326837
https://openalex.org/W2069427799
https://openalex.org/W2074248241
https://openalex.org/W2085436594
https://openalex.org/W2094004998
https://openalex.org/W2102962488
https://openalex.org/W2111434323
https://openalex.org/W2114692024
https://openalex.org/W2133032557
https://openalex.org/W2136495727
https://openalex.org/W2137083935
https://openalex.org/W2141824811
https://openalex.org/W2145150404
https://openalex.org/W2153365237
https://openalex.org/W2155677256
https://openalex.org/W2180398790
https://openalex.org/W2184125538
https://openalex.org/W2202063496
https://openalex.org/W2221883705
https://openalex.org/W2273895712
https://openalex.org/W2276653544
https://openalex.org/W2305826285
https://openalex.org/W2316670922
https://openalex.org/W2319948762
https://openalex.org/W2403194840
https://openalex.org/W2408679235
https://openalex.org/W2496685506
https://openalex.org/W2515044529
https://openalex.org/W2519925807
https://openalex.org/W2520822398
https://openalex.org/W2524247070
https://openalex.org/W2566316741
https://openalex.org/W2736563954
https://openalex.org/W2767064166
https://openalex.org/W2787696532
https://openalex.org/W2789659715
https://openalex.org/W2792327737
https://openalex.org/W2799376199
https://openalex.org/W2803316372
https://openalex.org/W2897291879
https://openalex.org/W2900824634
https://openalex.org/W2925583892
https://openalex.org/W2943562564
https://openalex.org/W2946515979
https://openalex.org/W2946974060
https://openalex.org/W2948026268
https://openalex.org/W2966125157
https://openalex.org/W2987925359
https://openalex.org/W3002266122
https://openalex.org/W3004547390
https://openalex.org/W3014613731
https://openalex.org/W3017235645
https://openalex.org/W3017357530
https://openalex.org/W3025738778
https://openalex.org/W3034103336
https://openalex.org/W3036445559
https://openalex.org/W3044023846
https://openalex.org/W3087366527
https://openalex.org/W3091029803
https://openalex.org/W3105514384
https://openalex.org/W3107440259
https://openalex.org/W3108174710
https://openalex.org/W3130423374
https://openalex.org/W3132930350
https://openalex.org/W3134290781
https://openalex.org/W3161343430
https://openalex.org/W3164472337
https://openalex.org/W3164611895
https://openalex.org/W3174196207
https://openalex.org/W3177367100
https://openalex.org/W3183247687
https://openalex.org/W3183554689
https://openalex.org/W3192239861
https://openalex.org/W3198116565
https://openalex.org/W3198269581
https://openalex.org/W3211480862
https://openalex.org/W3212173456
https://openalex.org/W3217301275
https://openalex.org/W3217423135
https://openalex.org/W4200425878
https://openalex.org/W4200466662
https://openalex.org/W4206670850
https://openalex.org/W4206813654
https://openalex.org/W4211252158
https://openalex.org/W4214605266
https://openalex.org/W4220900367
https://openalex.org/W4225337585
https://openalex.org/W4225795223
https://openalex.org/W4233050195
https://openalex.org/W4234532204
https://openalex.org/W4248346016
https://openalex.org/W4254590181
https://openalex.org/W4254595165
https://openalex.org/W4280573759
https://openalex.org/W4285204108
https://openalex.org/W4289837399
https://openalex.org/W4296887847
https://openalex.org/W4297018451
https://openalex.org/W4298119809
https://openalex.org/W4299290949
https://openalex.org/W4303859220
https://openalex.org/W4307893880
https://openalex.org/W4308038508
https://openalex.org/W4308114037
https://openalex.org/W4308549924
https://openalex.org/W4308770045
https://openalex.org/W4308908542
https://openalex.org/W4309089330
https://openalex.org/W4309778902
https://openalex.org/W4310072352
https://openalex.org/W4311808417
https://openalex.org/W4313640134
https://openalex.org/W4313889244
https://openalex.org/W4318574708
https://openalex.org/W4319063341
https://openalex.org/W4319079548
https://openalex.org/W4321014851
https://openalex.org/W99889979
https://openalex.org/W1179517283
https://openalex.org/W120413442
https://openalex.org/W1426642222
https://openalex.org/W1434866328
https://openalex.org/W1487888518
https://openalex.org/W1522886743
https://openalex.org/W1530790023
https://openalex.org/W153269575
https://openalex.org/W1576458217
https://openalex.org/W1645655667
https://openalex.org/W1694052333
https://openalex.org/W1800885264
https://openalex.org/W185994568
https://openalex.org/W1905377432
https://openalex.org/W1915027618
https://openalex.org/W19243322
https://openalex.org/W1928525442
https://openalex.org/W1967236496
https://openalex.org/W1968602566
https://openalex.org/W1970341984
https://openalex.org/W1972560890
https://openalex.org/W1979052158
https://openalex.org/W1983109048
https://openalex.org/W1983446349
https://openalex.org/W1983501301
https://openalex.org/W1984488274
https://openalex.org/W1986680269
https://openalex.org/W1994214000
https://openalex.org/W1996303823
https://openalex.org/W2006742268
https://openalex.org/W2009249758
https://openalex.org/W2013673723
https://openalex.org/W2030519946
https://openalex.org/W2035724637
https://openalex.org/W2037636319
https://openalex.org/W2044009206
https://openalex.org/W2046598459
https://openalex.org/W2047016094
https://openalex.org/W2050784989
https://openalex.org/W2057065093
https://openalex.org/W2065007929
https://openalex.org/W2073866403
https://openalex.org/W2076126064
https://openalex.org/W2086467968
https://openalex.org/W2088185812
https://openalex.org/W2089757937
https://openalex.org/W2130481458
https://openalex.org/W2187410761
https://openalex.org/W2203150258
https://openalex.org/W2245088860
https://openalex.org/W2269416260
https://openalex.org/W2282440217
https://openalex.org/W2297983754
https://openalex.org/W2316078940
https://openalex.org/W2318407629
https://openalex.org/W2321317903
https://openalex.org/W2327053130
https://openalex.org/W2374611560
https://openalex.org/W2394269005
https://openalex.org/W2396200667
https://openalex.org/W2397553717
https://openalex.org/W2397876987
https://openalex.org/W2400377659
https://openalex.org/W2414234405
https://openalex.org/W2415428900
https://openalex.org/W2416724805
https://openalex.org/W2418292653
https://openalex.org/W2418844093
https://openalex.org/W2419655490
https://openalex.org/W2427304183
https://openalex.org/W2432933369
https://openalex.org/W2465513092
https://openalex.org/W2470528193
https://openalex.org/W2479735055
https://openalex.org/W2483910280
https://openalex.org/W2491090950
https://openalex.org/W2497287324
https://openalex.org/W2521537143
https://openalex.org/W2549837594
https://openalex.org/W25669874
https://openalex.org/W2569365258
https://openalex.org/W2577838924
https://openalex.org/W2582636698
https://openalex.org/W2590946054
https://openalex.org/W2594483298
https://openalex.org/W2608929566
https://openalex.org/W2732214002
https://openalex.org/W2738694763
https://openalex.org/W2739899840
https://openalex.org/W2747549761
https://openalex.org/W2749411352
https://openalex.org/W2783580571
https://openalex.org/W2787249861
https://openalex.org/W2792531353
https://openalex.org/W2799487952
https://openalex.org/W2807089698
https://openalex.org/W2810191081
https://openalex.org/W2810392471
https://openalex.org/W2888472647
https://openalex.org/W2890670713
https://openalex.org/W2903007421
https://openalex.org/W2951154723
https://openalex.org/W2957359970
https://openalex.org/W2962851091
https://openalex.org/W2965294411
https://openalex.org/W2968717918
https://openalex.org/W2970655227
https://openalex.org/W2971932891
https://openalex.org/W2982605721
https://openalex.org/W2983952148
https://openalex.org/W2991801902
https://openalex.org/W2998876396
https://openalex.org/W3000727275
https://openalex.org/W3001842317
https://openalex.org/W3005182014
https://openalex.org/W3015861970
https://openalex.org/W3016599383
https://openalex.org/W3029526567
https://openalex.org/W3043152686
https://openalex.org/W3097861416
https://openalex.org/W3104639596
https://openalex.org/W3105936992
https://openalex.org/W3111399914
https://openalex.org/W3112008795
https://openalex.org/W3119913760
https://openalex.org/W3123077195
https://openalex.org/W3127939569
https://openalex.org/W3131366922
https://openalex.org/W3131715229
https://openalex.org/W3136021416
https://openalex.org/W3138574296
https://openalex.org/W3160516639
https://openalex.org/W3198105471
https://openalex.org/W3199897188
https://openalex.org/W3200856732
https://openalex.org/W3204925369
https://openalex.org/W3215513654
https://openalex.org/W38618296
https://openalex.org/W4200598841
https://openalex.org/W4205232715
https://openalex.org/W4206266277
https://openalex.org/W4210803475
https://openalex.org/W4213270138
https://openalex.org/W4214947486
https://openalex.org/W4221117803
https://openalex.org/W4223524015
https://openalex.org/W4238083000
https://openalex.org/W4240583938
https://openalex.org/W4245665020
https://openalex.org/W4246456573
https://openalex.org/W4246824145
https://openalex.org/W4251372943
https://openalex.org/W4280558594
https://openalex.org/W4280593397
https://openalex.org/W4281607063
https://openalex.org/W4281750228
https://openalex.org/W4283396071
https://openalex.org/W4285589259
https://openalex.org/W4285742279
https://openalex.org/W4287976580
https://openalex.org/W4289779149
https://openalex.org/W4289884330
https://openalex.org/W4292635960
https://openalex.org/W4293363958
https://openalex.org/W4293555065
https://openalex.org/W4296645896
https://openalex.org/W4298176767
https://openalex.org/W4303413696
https://openalex.org/W4308015682
https://openalex.org/W4309413274
https://openalex.org/W4309912958
https://openalex.org/W4310465425
https://openalex.org/W4311952389
https://openalex.org/W4312917290
https://openalex.org/W4313572565
https://openalex.org/W4313640295
https://openalex.org/W4313878785
https://openalex.org/W4317771606
https://openalex.org/W4317871241
https://openalex.org/W4318916934
https://openalex.org/W4319057930
https://openalex.org/W4319298560
https://openalex.org/W4321349132
https://openalex.org/W4324144079
https://openalex.org/W4328048299
https://openalex.org/W4362519961
https://openalex.org/W4362636871
https://openalex.org/W4365451935
https://openalex.org/W4365482827
https://openalex.org/W4381685438
https://openalex.org/W4385986877
https://openalex.org/W782895694
https://openalex.org/W1022163095
https://openalex.org/W1034370907
https://openalex.org/W112342356
https://openalex.org/W1125455104
https://openalex.org/W1132541011
https://openalex.org/W1153928558
https://openalex.org/W1158996167
https://openalex.org/W119153095
https://openalex.org/W123044049
https://openalex.org/W1242386148
https://openalex.org/W130866667
https://openalex.org/W136438924
https://openalex.org/W141349397
https://openalex.org/W1473061997
https://openalex.org/W1484802472
https://openalex.org/W1489721836
https://openalex.org/W1494232058
https://openalex.org/W1502784020
https://openalex.org/W151683344
https://openalex.org/W152336515
https://openalex.org/W1533112977
https://openalex.org/W1534975027
https://openalex.org/W1538173366
https://openalex.org/W1546904917
https://openalex.org/W1548650207
https://openalex.org/W1551930550
https://openalex.org/W1555949004
https://openalex.org/W1556486266
https://openalex.org/W1561997787
https://openalex.org/W1568055079
https://openalex.org/W1584036980
https://openalex.org/W1585624501
https://openalex.org/W1589903673
https://openalex.org/W1591800541
https://openalex.org/W1600191459
https://openalex.org/W1615495149
https://openalex.org/W1633113940
https://openalex.org/W1764045515
https://openalex.org/W1795793467
https://openalex.org/W1805889862
https://openalex.org/W181673376
https://openalex.org/W1833228976
https://openalex.org/W1848281084
https://openalex.org/W1857259359
https://openalex.org/W187313299
https://openalex.org/W188504222
https://openalex.org/W1910777798
https://openalex.org/W1918292171
https://openalex.org/W192744877
https://openalex.org/W1936095234
https://openalex.org/W1941054989
https://openalex.org/W196729447
https://openalex.org/W1973583610
https://openalex.org/W1974601589
https://openalex.org/W1976713127
https://openalex.org/W1978469731
https://openalex.org/W1979038141
https://openalex.org/W1979705373
https://openalex.org/W1980227226
https://openalex.org/W1982330058
https://openalex.org/W1988070449
https://openalex.org/W1988504412
https://openalex.org/W1992017173
https://openalex.org/W1992039107
https://openalex.org/W1993475666
https://openalex.org/W1994306434
https://openalex.org/W1995245498
https://openalex.org/W1995917406
https://openalex.org/W1996243373
https://openalex.org/W1998184426
https://openalex.org/W1998932213
https://openalex.org/W2000075348
https://openalex.org/W2000410803
https://openalex.org/W2004410834
https://openalex.org/W2006541771
https://openalex.org/W2010023815
https://openalex.org/W2010493753
https://openalex.org/W2011059273
https://openalex.org/W2015819228
https://openalex.org/W2016447837
https://openalex.org/W2026722803
https://openalex.org/W2027210098
https://openalex.org/W2028603814
https://openalex.org/W2030464575
https://openalex.org/W2033590633
https://openalex.org/W2034447154
https://openalex.org/W203454316
https://openalex.org/W2034705392
https://openalex.org/W2038205384
https://openalex.org/W2042443606
https://openalex.org/W2043209423
https://openalex.org/W2046034876
https://openalex.org/W2051111664
https://openalex.org/W2051448937
https://openalex.org/W2055657743
https://openalex.org/W2056234630
https://openalex.org/W2056375364
https://openalex.org/W2056985246
https://openalex.org/W2057864716
https://openalex.org/W2063721261
https://openalex.org/W2064340325
https://openalex.org/W2064770563
https://openalex.org/W2065226214
https://openalex.org/W2065311423
https://openalex.org/W2066511103
https://openalex.org/W2067832954
https://openalex.org/W2068660532
https://openalex.org/W2069221373
https://openalex.org/W2072636699
https://openalex.org/W2074591836
https://openalex.org/W2075917456
https://openalex.org/W2076060227
https://openalex.org/W2077239382
https://openalex.org/W2078905663
https://openalex.org/W2079201281
https://openalex.org/W2079544179
https://openalex.org/W2085283300
https://openalex.org/W2090783180
https://openalex.org/W2092454238
https://openalex.org/W2092497110
https://openalex.org/W2094318822
https://openalex.org/W2096535497
https://openalex.org/W2098499755
https://openalex.org/W2099861026
https://openalex.org/W210546248
https://openalex.org/W2106333247
https://openalex.org/W2107023409
https://openalex.org/W2119535790
https://openalex.org/W2121670462
https://openalex.org/W2123517906
https://openalex.org/W2124932811
https://openalex.org/W2148357078
https://openalex.org/W2159183928
https://openalex.org/W2162111595
https://openalex.org/W2164043991
https://openalex.org/W2164720426
https://openalex.org/W2165553265
https://openalex.org/W2167968700
https://openalex.org/W2186535958
https://openalex.org/W2186798576
https://openalex.org/W2186856910
https://openalex.org/W2187755374
https://openalex.org/W2188341619
https://openalex.org/W2189002912
https://openalex.org/W2189308888
https://openalex.org/W2201123926
https://openalex.org/W2202311404
https://openalex.org/W2204877787
https://openalex.org/W2205660993
https://openalex.org/W2205687527
https://openalex.org/W2206268582
https://openalex.org/W2213947818
https://openalex.org/W2223569006
https://openalex.org/W2223634896
https://openalex.org/W2234058925
https://openalex.org/W2239199318
https://openalex.org/W2244422404
https://openalex.org/W2244815853
https://openalex.org/W2245311879
https://openalex.org/W2246833224
https://openalex.org/W2248031262
https://openalex.org/W2248081366
https://openalex.org/W2248860712
https://openalex.org/W2256648550
https://openalex.org/W2259089342
https://openalex.org/W2262199639
https://openalex.org/W226259943
https://openalex.org/W2264108970
https://openalex.org/W2268371954
https://openalex.org/W2270260138
https://openalex.org/W2283426603
https://openalex.org/W2286256771
https://openalex.org/W2288632750
https://openalex.org/W2291519813
https://openalex.org/W2297092755
https://openalex.org/W2311060187
https://openalex.org/W2313617521
https://openalex.org/W2313789732
https://openalex.org/W2313842292
https://openalex.org/W2314188452
https://openalex.org/W2314230875
https://openalex.org/W2316099423
https://openalex.org/W2316809046
https://openalex.org/W2317149578
https://openalex.org/W2319523162
https://openalex.org/W2319832646
https://openalex.org/W2320180280
https://openalex.org/W2321551357
https://openalex.org/W2321889128
https://openalex.org/W2321937077
https://openalex.org/W2326558405
https://openalex.org/W2327850427
https://openalex.org/W2328099808
https://openalex.org/W2328461476
https://openalex.org/W2330343298
https://openalex.org/W2330898950
https://openalex.org/W2333192427
https://openalex.org/W2334871055
https://openalex.org/W2335056604
https://openalex.org/W2335649098
https://openalex.org/W2337778367
https://openalex.org/W2338504099
https://openalex.org/W2340700843
https://openalex.org/W2341607749
https://openalex.org/W2344381225
https://openalex.org/W2351068816
https://openalex.org/W2351398895
https://openalex.org/W2352007911
https://openalex.org/W2352298328
https://openalex.org/W2354629339
https://openalex.org/W2355164402
https://openalex.org/W2355558505
https://openalex.org/W2355567975
https://openalex.org/W2357345488
https://openalex.org/W2359552711
https://openalex.org/W2360176973
https://openalex.org/W2360241173
https://openalex.org/W2361218360
https://openalex.org/W2361948259
https://openalex.org/W2362486751
https://openalex.org/W2362536085
https://openalex.org/W2363278821
https://openalex.org/W2363969275
https://openalex.org/W2365381147
https://openalex.org/W2365759888
https://openalex.org/W2368241743
https://openalex.org/W2369820223
https://openalex.org/W2370306015
https://openalex.org/W2371936436
https://openalex.org/W2372282558
https://openalex.org/W2372531419
https://openalex.org/W2372545214
https://openalex.org/W2372611794
https://openalex.org/W2372746152
https://openalex.org/W2373421341
https://openalex.org/W2377683889
https://openalex.org/W2379578936
https://openalex.org/W2379734207
https://openalex.org/W2380124549
https://openalex.org/W2380735368
https://openalex.org/W2384479004
https://openalex.org/W2385684422
https://openalex.org/W2387521716
https://openalex.org/W2388451554
https://openalex.org/W2388747500
https://openalex.org/W2389618724
https://openalex.org/W2390011592
https://openalex.org/W2390632273
https://openalex.org/W2391340298
https://openalex.org/W2391545203
https://openalex.org/W2391698862
https://openalex.org/W2393992350
https://openalex.org/W2394213309
https://openalex.org/W2397872810
https://openalex.org/W2398474527
https://openalex.org/W2398546332
https://openalex.org/W2398906804
https://openalex.org/W2399821324
https://openalex.org/W2399939034
https://openalex.org/W2401746859
https://openalex.org/W2402606585
https://openalex.org/W2404970225
https://openalex.org/W2405038088
https://openalex.org/W2407307205
https://openalex.org/W2408606550
https://openalex.org/W2410211552
https://openalex.org/W2410319041
https://openalex.org/W2410797698
https://openalex.org/W2411500165
https://openalex.org/W2411625917
https://openalex.org/W2411693199
https://openalex.org/W2412065424
https://openalex.org/W2412968255
https://openalex.org/W2413593893
https://openalex.org/W2413893602
https://openalex.org/W2415226511
https://openalex.org/W2415368912
https://openalex.org/W2416906697
https://openalex.org/W2417877904
https://openalex.org/W2418617352
https://openalex.org/W2419587064
https://openalex.org/W2423482368
https://openalex.org/W2436953800
https://openalex.org/W2463699082
https://openalex.org/W2465215300
https://openalex.org/W2471863458
https://openalex.org/W2473123824
https://openalex.org/W2476990815
https://openalex.org/W2477021229
https://openalex.org/W2477023655
https://openalex.org/W2477222368
https://openalex.org/W2477733130
https://openalex.org/W2478167090
https://openalex.org/W2478271856
https://openalex.org/W2478307399
https://openalex.org/W2479158636
https://openalex.org/W2480607359
https://openalex.org/W2486915620
https://openalex.org/W2488754991
https://openalex.org/W2495270836
https://openalex.org/W2495321064
https://openalex.org/W2496624908
https://openalex.org/W2497097326
https://openalex.org/W2497890296
https://openalex.org/W2501917089
https://openalex.org/W2502112138
https://openalex.org/W2502206577
https://openalex.org/W2502740707
https://openalex.org/W2503005133
https://openalex.org/W2505475890
https://openalex.org/W2505582622
https://openalex.org/W2505993282
https://openalex.org/W2507014646
https://openalex.org/W2507071235
https://openalex.org/W2507497813
https://openalex.org/W2508088287
https://openalex.org/W2515184347
https://openalex.org/W2521468756
https://openalex.org/W2523380883
https://openalex.org/W2524640590
https://openalex.org/W2525952145
https://openalex.org/W2526058064
https://openalex.org/W2529080955
https://openalex.org/W2529211747
https://openalex.org/W2529803192
https://openalex.org/W2536382066
https://openalex.org/W2538989057
https://openalex.org/W2540823240
https://openalex.org/W2541195706
https://openalex.org/W2545709272
https://openalex.org/W2547927631
https://openalex.org/W2550760652
https://openalex.org/W2553421296
https://openalex.org/W2555496876
https://openalex.org/W2556801846
https://openalex.org/W2558237764
https://openalex.org/W2558526140
https://openalex.org/W2560060195
https://openalex.org/W2561845473
https://openalex.org/W2562318957
https://openalex.org/W2563305030
https://openalex.org/W2564848658
https://openalex.org/W2564907629
https://openalex.org/W2566505407
https://openalex.org/W2567396697
https://openalex.org/W2573259260
https://openalex.org/W2577396568
https://openalex.org/W2579554833
https://openalex.org/W2579972108
https://openalex.org/W2580516494
https://openalex.org/W2580578480
https://openalex.org/W2581859350
https://openalex.org/W2582285708
https://openalex.org/W2582295915
https://openalex.org/W2582349059
https://openalex.org/W2582378185
https://openalex.org/W2582836786
https://openalex.org/W2583555987
https://openalex.org/W2583930224
https://openalex.org/W2584004919
https://openalex.org/W2584255049
https://openalex.org/W2584521816
https://openalex.org/W2584622799
https://openalex.org/W2584819410
https://openalex.org/W2585654303
https://openalex.org/W2586290435
https://openalex.org/W2586519065
https://openalex.org/W2586673896
https://openalex.org/W2586936837
https://openalex.org/W2588015162
https://openalex.org/W2588207433
https://openalex.org/W2588381256
https://openalex.org/W2588682714
https://openalex.org/W2588900259
https://openalex.org/W2590010955
https://openalex.org/W2590985930
https://openalex.org/W2591124936
https://openalex.org/W2591877887
https://openalex.org/W2593044048
https://openalex.org/W2593281663
https://openalex.org/W2593316194
https://openalex.org/W2593853163
https://openalex.org/W2593887103
https://openalex.org/W2595614317
https://openalex.org/W2596406128
https://openalex.org/W2596524153
https://openalex.org/W2596614732
https://openalex.org/W2596784692
https://openalex.org/W2597919668
https://openalex.org/W2598778918
https://openalex.org/W2599530849
https://openalex.org/W2600427727
https://openalex.org/W2601352785
https://openalex.org/W2602867389
https://openalex.org/W2603366915
https://openalex.org/W2603755825
https://openalex.org/W2604972875
https://openalex.org/W2605654184
https://openalex.org/W2606274308
https://openalex.org/W2606429947
https://openalex.org/W2606547239
https://openalex.org/W2606573308
https://openalex.org/W2606857516
https://openalex.org/W2607519729
https://openalex.org/W2607589781
https://openalex.org/W2607615963
https://openalex.org/W2607626093
https://openalex.org/W2607630496
https://openalex.org/W2607650127
https://openalex.org/W2607676838
https://openalex.org/W2607777463
https://openalex.org/W2607857511
https://openalex.org/W2607870853
https://openalex.org/W2607895488
https://openalex.org/W2607901386
https://openalex.org/W2607907375
https://openalex.org/W2607925891
https://openalex.org/W2607946279
https://openalex.org/W2607952374
https://openalex.org/W2607966204
https://openalex.org/W2607992876
https://openalex.org/W2608008684
https://openalex.org/W2608022513
https://openalex.org/W2608033214
https://openalex.org/W2608084717
https://openalex.org/W2608112465
https://openalex.org/W2608160411
https://openalex.org/W2608198258
https://openalex.org/W2608285479
https://openalex.org/W2608292272
https://openalex.org/W2608320332
https://openalex.org/W2608361438
https://openalex.org/W2608404710
https://openalex.org/W2608409451
https://openalex.org/W2608448467
https://openalex.org/W2608448974
https://openalex.org/W2608460325
https://openalex.org/W2608470426
https://openalex.org/W2608537171
https://openalex.org/W2608555528
https://openalex.org/W2608558113
https://openalex.org/W2608655271
https://openalex.org/W2608664848
https://openalex.org/W2608670628
https://openalex.org/W2608706514
https://openalex.org/W2608711217
https://openalex.org/W2608722429
https://openalex.org/W2608757209
https://openalex.org/W2608773832
https://openalex.org/W2608838470
https://openalex.org/W2608918777
https://openalex.org/W2608920666
https://openalex.org/W2608936886
https://openalex.org/W2608938827
https://openalex.org/W2608950983
https://openalex.org/W2608974941
https://openalex.org/W2609017023
https://openalex.org/W2609028198
https://openalex.org/W2609077456
https://openalex.org/W2609105348
https://openalex.org/W2609108669
https://openalex.org/W2609109771
https://openalex.org/W2609121148
https://openalex.org/W2609124956
https://openalex.org/W2609218963
https://openalex.org/W2609230912
https://openalex.org/W2609290328
https://openalex.org/W2609316694
https://openalex.org/W2609324146
https://openalex.org/W2609388983
https://openalex.org/W2609408053
https://openalex.org/W2609427698
https://openalex.org/W2609432166
https://openalex.org/W2609434968
https://openalex.org/W2609466450
https://openalex.org/W2609480140
https://openalex.org/W2609493437
https://openalex.org/W2609611836
https://openalex.org/W2609611990
https://openalex.org/W2609687742
https://openalex.org/W2609692246
https://openalex.org/W2609711700
https://openalex.org/W2609713557
https://openalex.org/W2609714151
https://openalex.org/W2609749874
https://openalex.org/W2609763214
https://openalex.org/W2609766834
https://openalex.org/W2609774947
https://openalex.org/W2609797259
https://openalex.org/W2609808322
https://openalex.org/W2609942087
https://openalex.org/W2609980608
https://openalex.org/W2609980634
https://openalex.org/W2609987732
https://openalex.org/W2609998164
https://openalex.org/W2610010207
https://openalex.org/W2610013337
https://openalex.org/W2610041646
https://openalex.org/W2610049284
https://openalex.org/W2610059428
https://openalex.org/W2610087857
https://openalex.org/W2610114414
https://openalex.org/W2610327709
https://openalex.org/W2610393550
https://openalex.org/W2610447210
https://openalex.org/W2611300579
https://openalex.org/W2611457256
https://openalex.org/W2613084666
https://openalex.org/W2613586098
https://openalex.org/W2614029437
https://openalex.org/W2614861531
https://openalex.org/W2614989485
https://openalex.org/W2615750802
https://openalex.org/W2615993611
https://openalex.org/W2618184599
https://openalex.org/W2618351757
https://openalex.org/W2618557951
https://openalex.org/W2619076180
https://openalex.org/W2619195311
https://openalex.org/W2619583736
https://openalex.org/W2619954376
https://openalex.org/W2620544105
https://openalex.org/W2621525144
https://openalex.org/W2623307888
https://openalex.org/W2625227460
https://openalex.org/W2625515242
https://openalex.org/W2625672787
https://openalex.org/W2625994019
https://openalex.org/W2626127390
https://openalex.org/W2626583433
https://openalex.org/W2626675515
https://openalex.org/W2626907500
https://openalex.org/W267876439
https://openalex.org/W2683408349
https://openalex.org/W2722613244
https://openalex.org/W2724117026
https://openalex.org/W2724496285
https://openalex.org/W2724645972
https://openalex.org/W2724718121
https://openalex.org/W2724847688
https://openalex.org/W2725265956
https://openalex.org/W2725310132
https://openalex.org/W2725504110
https://openalex.org/W2726061243
https://openalex.org/W2726911171
https://openalex.org/W2727366096
https://openalex.org/W2727369308
https://openalex.org/W2727498990
https://openalex.org/W2727705912
https://openalex.org/W2727764118
https://openalex.org/W2727967552
https://openalex.org/W2728593201
https://openalex.org/W2728925171
https://openalex.org/W2729198874
https://openalex.org/W2729203780
https://openalex.org/W2729370493
https://openalex.org/W2729933256
https://openalex.org/W2730476267
https://openalex.org/W2731520629
https://openalex.org/W2731564783
https://openalex.org/W2731613994
https://openalex.org/W2731757810
https://openalex.org/W2731939228
https://openalex.org/W2732253750
https://openalex.org/W2732391449
https://openalex.org/W2732703492
https://openalex.org/W2733133347
https://openalex.org/W2733182358
https://openalex.org/W2733607388
https://openalex.org/W2733617850
https://openalex.org/W2733828688
https://openalex.org/W2734048180
https://openalex.org/W2734267179
https://openalex.org/W2734560241
https://openalex.org/W2734871844
https://openalex.org/W2735218938
https://openalex.org/W2735395752
https://openalex.org/W2735451173
https://openalex.org/W2735935565
https://openalex.org/W2739181934
https://openalex.org/W2739910651
https://openalex.org/W2740617592
https://openalex.org/W2741918322
https://openalex.org/W2742026705
https://openalex.org/W2744094242
https://openalex.org/W2746060338
https://openalex.org/W2748717978
https://openalex.org/W2748828036
https://openalex.org/W2749725728
https://openalex.org/W2750327021
https://openalex.org/W2750608720
https://openalex.org/W2765822945
https://openalex.org/W2767507242
https://openalex.org/W2767703850
https://openalex.org/W2772617782
https://openalex.org/W2774330142
https://openalex.org/W2775651650
https://openalex.org/W2775946229
https://openalex.org/W2776079974
https://openalex.org/W2776366641
https://openalex.org/W2777009016
https://openalex.org/W2777595428
https://openalex.org/W2777718357
https://openalex.org/W2778836720
https://openalex.org/W2783648764
https://openalex.org/W2784764331
https://openalex.org/W2785142827
https://openalex.org/W2785786952
https://openalex.org/W2786121845
https://openalex.org/W2786801952
https://openalex.org/W2786974023
https://openalex.org/W2791400129
https://openalex.org/W2791785169
https://openalex.org/W2791813111
https://openalex.org/W2791957294
https://openalex.org/W2793723872
https://openalex.org/W2794701390
https://openalex.org/W2795560894
https://openalex.org/W2796337441
https://openalex.org/W2799870232
https://openalex.org/W2803383398
https://openalex.org/W2803751912
https://openalex.org/W2807234062
https://openalex.org/W2808993017
https://openalex.org/W2809459275
https://openalex.org/W2810134275
https://openalex.org/W2810154626
https://openalex.org/W2810198970
https://openalex.org/W2810488790
https://openalex.org/W2810547066
https://openalex.org/W2810558247
https://openalex.org/W286380796
https://openalex.org/W2883764029
https://openalex.org/W2883826972
https://openalex.org/W2883847490
https://openalex.org/W2885406775
https://openalex.org/W2886754159
https://openalex.org/W2886756658
https://openalex.org/W2887550207
https://openalex.org/W2887848515
https://openalex.org/W2887899046
https://openalex.org/W2889261991
https://openalex.org/W2889479951
https://openalex.org/W2890873474
https://openalex.org/W2892196296
https://openalex.org/W2892846758
https://openalex.org/W2897465301
https://openalex.org/W2897503210
https://openalex.org/W2897518986
https://openalex.org/W2897852690
https://openalex.org/W2897934353
https://openalex.org/W2899550819
https://openalex.org/W2900132668
https://openalex.org/W2900924849
https://openalex.org/W2901577277
https://openalex.org/W2905510012
https://openalex.org/W2905715496
https://openalex.org/W2906372517
https://openalex.org/W2906433309
https://openalex.org/W2908722889
https://openalex.org/W2909248408
https://openalex.org/W2910286839
https://openalex.org/W2910762891
https://openalex.org/W2911452022
https://openalex.org/W2912496674
https://openalex.org/W2912534482
https://openalex.org/W2915982698
https://openalex.org/W2917307196
https://openalex.org/W2917661374
https://openalex.org/W2919768078
https://openalex.org/W2922385830
https://openalex.org/W292241299
https://openalex.org/W2931743988
https://openalex.org/W2937168945
https://openalex.org/W2944313898
https://openalex.org/W2944618620
https://openalex.org/W2945642074
https://openalex.org/W2946015666
https://openalex.org/W2946277599
https://openalex.org/W2949274369
https://openalex.org/W2951089300
https://openalex.org/W2951891237
https://openalex.org/W2952217377
https://openalex.org/W2952279948
https://openalex.org/W2952330839
https://openalex.org/W2954130638
https://openalex.org/W2954491717
https://openalex.org/W2954897399
https://openalex.org/W2954933447
https://openalex.org/W2955115321
https://openalex.org/W2955133780
https://openalex.org/W2955598050
https://openalex.org/W2966678349
https://openalex.org/W2968148252
https://openalex.org/W2970919048
https://openalex.org/W2971760783
https://openalex.org/W2973027497
https://openalex.org/W297410995
https://openalex.org/W2975558200
https://openalex.org/W2975769939
https://openalex.org/W2976024441
https://openalex.org/W2977764009
https://openalex.org/W2978104521
https://openalex.org/W2979124126
https://openalex.org/W2979477229
https://openalex.org/W2979510021
https://openalex.org/W2980143003
https://openalex.org/W2980245210
https://openalex.org/W2980647116
https://openalex.org/W2980872465
https://openalex.org/W2980924502
https://openalex.org/W2981321688
https://openalex.org/W2981543868
https://openalex.org/W2982332545
https://openalex.org/W2985363201
https://openalex.org/W2986998538
https://openalex.org/W2987491343
https://openalex.org/W2987835657
https://openalex.org/W2989582045
https://openalex.org/W2989940610
https://openalex.org/W2990660168
https://openalex.org/W2991121231
https://openalex.org/W2991578394
https://openalex.org/W2992201391
https://openalex.org/W2995927054
https://openalex.org/W2996296651
https://openalex.org/W2996666359
https://openalex.org/W2998134997
https://openalex.org/W2998291174
https://openalex.org/W2998439996
https://openalex.org/W2999334196
https://openalex.org/W2999667862
https://openalex.org/W3003167608
https://openalex.org/W3005178745
https://openalex.org/W3005651145
https://openalex.org/W3006815689
https://openalex.org/W3007151563
https://openalex.org/W3008311058
https://openalex.org/W3008623897
https://openalex.org/W3009551927
https://openalex.org/W3010443800
https://openalex.org/W3010744363
https://openalex.org/W3011017003
https://openalex.org/W3011086073
https://openalex.org/W3011485869
https://openalex.org/W3012001125
https://openalex.org/W3012392100
https://openalex.org/W3012432556
https://openalex.org/W3012657203
https://openalex.org/W3013054585
https://openalex.org/W3013472149
https://openalex.org/W3013773550
https://openalex.org/W3014472087
https://openalex.org/W3015218521
https://openalex.org/W3015501242
https://openalex.org/W3015547257
https://openalex.org/W3016080322
https://openalex.org/W3016677353
https://openalex.org/W3016765578
https://openalex.org/W3017736916
https://openalex.org/W3020276748
https://openalex.org/W3020389212
https://openalex.org/W3021082577
https://openalex.org/W3021588657
https://openalex.org/W3021683852
https://openalex.org/W3021764661
https://openalex.org/W3021832338
https://openalex.org/W3022190660
https://openalex.org/W3023167409
https://openalex.org/W3024068505
https://openalex.org/W3025095250
https://openalex.org/W3028682564
https://openalex.org/W3028849696
https://openalex.org/W3028850380
https://openalex.org/W3029519818
https://openalex.org/W3029933202
https://openalex.org/W3029980722
https://openalex.org/W3030958514
https://openalex.org/W3032051139
https://openalex.org/W3032612899
https://openalex.org/W3032693183
https://openalex.org/W3033511653
https://openalex.org/W3033637836
https://openalex.org/W3033752448
https://openalex.org/W3033789082
https://openalex.org/W3034194453
https://openalex.org/W3035344337
https://openalex.org/W3035499112
https://openalex.org/W3037028357
https://openalex.org/W3039252373
https://openalex.org/W3040706139
https://openalex.org/W3041069380
https://openalex.org/W3041247512
https://openalex.org/W3041538656
https://openalex.org/W3041957058
https://openalex.org/W3042584800
https://openalex.org/W3043893590
https://openalex.org/W3043943342
https://openalex.org/W3043989356
https://openalex.org/W3044038534
https://openalex.org/W3044041714
https://openalex.org/W3044467627
https://openalex.org/W3044669224
https://openalex.org/W3044760372
https://openalex.org/W3044786421
https://openalex.org/W3044876412
https://openalex.org/W3044904762
https://openalex.org/W3045028337
https://openalex.org/W3045225517
https://openalex.org/W3045391882
https://openalex.org/W3045395716
https://openalex.org/W3045451880
https://openalex.org/W3045473864
https://openalex.org/W3046496330
https://openalex.org/W3046617564
https://openalex.org/W3046649048
https://openalex.org/W3047440804
https://openalex.org/W3048587704
https://openalex.org/W3048784053
https://openalex.org/W3048827738
https://openalex.org/W3079945582
https://openalex.org/W3082121271
https://openalex.org/W3082950938
https://openalex.org/W3083021952
https://openalex.org/W3083294839
https://openalex.org/W3083532594
https://openalex.org/W3083587334
https://openalex.org/W3084412540
https://openalex.org/W3086495168
https://openalex.org/W3087631783
https://openalex.org/W3088048968
https://openalex.org/W3088563943
https://openalex.org/W3088827778
https://openalex.org/W3088905876
https://openalex.org/W3088995208
https://openalex.org/W3089463645
https://openalex.org/W3089529765
https://openalex.org/W3089588754
https://openalex.org/W3090348267
https://openalex.org/W3090609228
https://openalex.org/W3090896046
https://openalex.org/W3092011749
https://openalex.org/W3092203139
https://openalex.org/W3092525708
https://openalex.org/W3093203942
https://openalex.org/W3093219429
https://openalex.org/W3094721434
https://openalex.org/W3094974961
https://openalex.org/W3095552930
https://openalex.org/W3095931984
https://openalex.org/W3096370276
https://openalex.org/W3096956536
https://openalex.org/W3097962791
https://openalex.org/W3098265144
https://openalex.org/W3100459036
https://openalex.org/W3101273624
https://openalex.org/W3102807497
https://openalex.org/W3103097084
https://openalex.org/W3103450339
https://openalex.org/W3103531608
https://openalex.org/W3104181102
https://openalex.org/W3107225412
https://openalex.org/W3107732361
https://openalex.org/W3107777884
https://openalex.org/W3107947431
https://openalex.org/W3108089701
https://openalex.org/W3109928229
https://openalex.org/W3110362401
https://openalex.org/W3110972356
https://openalex.org/W3112005882
https://openalex.org/W3112760569
https://openalex.org/W3115150592
https://openalex.org/W3115608578
https://openalex.org/W3115919064
https://openalex.org/W3118099579
https://openalex.org/W3118613430
https://openalex.org/W3118823556
https://openalex.org/W3119679113
https://openalex.org/W3120427631
https://openalex.org/W3120788225
https://openalex.org/W3122165512
https://openalex.org/W3122412370
https://openalex.org/W3122878344
https://openalex.org/W3124532855
https://openalex.org/W3125983785
https://openalex.org/W3126527208
https://openalex.org/W3126621747
https://openalex.org/W3127942725
https://openalex.org/W3128524766
https://openalex.org/W3129045816
https://openalex.org/W3129251541
https://openalex.org/W3129632117
https://openalex.org/W3130003387
https://openalex.org/W3130058489
https://openalex.org/W3130084849
https://openalex.org/W3131420473
https://openalex.org/W3131616375
https://openalex.org/W3131952545
https://openalex.org/W3132728435
https://openalex.org/W3132886112
https://openalex.org/W3133174957
https://openalex.org/W3133638662
https://openalex.org/W3133998557
https://openalex.org/W3136265602
https://openalex.org/W3137106824
https://openalex.org/W3141417053
https://openalex.org/W3143199291
https://openalex.org/W3144851073
https://openalex.org/W3146752556
https://openalex.org/W3147622796
https://openalex.org/W3147672625
https://openalex.org/W3148756206
https://openalex.org/W3149459940
https://openalex.org/W3150865255
https://openalex.org/W3152581065
https://openalex.org/W315299766
https://openalex.org/W3153319358
https://openalex.org/W3153514570
https://openalex.org/W3154277770
https://openalex.org/W3156379306
https://openalex.org/W3158503973
https://openalex.org/W3161142343
https://openalex.org/W3161501419
https://openalex.org/W316189887
https://openalex.org/W3164178984
https://openalex.org/W3169346168
https://openalex.org/W3170656031
https://openalex.org/W3170732842
https://openalex.org/W3171007748
https://openalex.org/W3172135032
https://openalex.org/W3172534527
https://openalex.org/W3172557246
https://openalex.org/W3173091845
https://openalex.org/W3174202425
https://openalex.org/W3174355962
https://openalex.org/W3174451839
https://openalex.org/W3175073859
https://openalex.org/W3175253725
https://openalex.org/W3175818022
https://openalex.org/W3176142311
https://openalex.org/W3177142092
https://openalex.org/W3177484153
https://openalex.org/W3178610845
https://openalex.org/W3182204744
https://openalex.org/W3182303210
https://openalex.org/W3183739908
https://openalex.org/W3184840414
https://openalex.org/W3185239765
https://openalex.org/W3185608132
https://openalex.org/W3185900819
https://openalex.org/W3186591868
https://openalex.org/W3187410760
https://openalex.org/W3190193198
https://openalex.org/W3191106722
https://openalex.org/W3192899779
https://openalex.org/W3193209933
https://openalex.org/W3193973621
https://openalex.org/W3195952613
https://openalex.org/W3196171986
https://openalex.org/W3197652414
https://openalex.org/W3199941544
https://openalex.org/W3200064933
https://openalex.org/W3200423548
https://openalex.org/W3200929321
https://openalex.org/W3201185351
https://openalex.org/W3202887518
https://openalex.org/W3202964715
https://openalex.org/W3204657013
https://openalex.org/W3206064526
https://openalex.org/W3206201166
https://openalex.org/W3206269306
https://openalex.org/W3206407893
https://openalex.org/W3207342601
https://openalex.org/W3207543778
https://openalex.org/W3210620696
https://openalex.org/W3210622353
https://openalex.org/W3210858481
https://openalex.org/W3211052280
https://openalex.org/W3212269451
https://openalex.org/W3213907289
https://openalex.org/W3215227968
https://openalex.org/W3216939557
https://openalex.org/W3217137367
https://openalex.org/W3217157469
https://openalex.org/W3217669331
https://openalex.org/W32738489
https://openalex.org/W345039490
https://openalex.org/W345087382
https://openalex.org/W399871697
https://openalex.org/W4200089875
https://openalex.org/W4200093945
https://openalex.org/W4200163627
https://openalex.org/W4200222285
https://openalex.org/W4200448097
https://openalex.org/W4205116618
https://openalex.org/W4205493805
https://openalex.org/W4205825569
https://openalex.org/W4205868294
https://openalex.org/W4206183934
https://openalex.org/W4206227564
https://openalex.org/W4206580669
https://openalex.org/W4212843703
https://openalex.org/W4212949151
https://openalex.org/W4213077736
https://openalex.org/W4213116981
https://openalex.org/W4213161391
https://openalex.org/W4214650619
https://openalex.org/W4214702703
https://openalex.org/W4214911561
https://openalex.org/W4220681335
https://openalex.org/W4220705291
https://openalex.org/W4220805048
https://openalex.org/W4220826281
https://openalex.org/W4221016900
https://openalex.org/W4221018041
https://openalex.org/W4221028290
https://openalex.org/W4224213109
https://openalex.org/W4224278309
https://openalex.org/W4224299196
https://openalex.org/W4226026518
https://openalex.org/W4226397054
https://openalex.org/W4226420590
https://openalex.org/W4229074707
https://openalex.org/W4229576212
https://openalex.org/W4230083598
https://openalex.org/W4230178320
https://openalex.org/W4230589783
https://openalex.org/W4230618726
https://openalex.org/W4230765477
https://openalex.org/W4230792763
https://openalex.org/W4231327974
https://openalex.org/W4232216498
https://openalex.org/W4232671100
https://openalex.org/W4232687588
https://openalex.org/W4233045782
https://openalex.org/W4233488328
https://openalex.org/W4233666997
https://openalex.org/W4234362389
https://openalex.org/W4234423917
https://openalex.org/W4235030191
https://openalex.org/W4236106331
https://openalex.org/W4236689617
https://openalex.org/W4236829419
https://openalex.org/W4237321703
https://openalex.org/W4237856174
https://openalex.org/W4239034924
https://openalex.org/W4239886959
https://openalex.org/W4240043003
https://openalex.org/W4240432923
https://openalex.org/W4240543996
https://openalex.org/W4240698856
https://openalex.org/W4241124828
https://openalex.org/W4241285008
https://openalex.org/W4241392164
https://openalex.org/W4241398637
https://openalex.org/W4241999734
https://openalex.org/W4242174427
https://openalex.org/W4242523054
https://openalex.org/W4242899127
https://openalex.org/W4243258000
https://openalex.org/W4243413556
https://openalex.org/W4243567227
https://openalex.org/W4243993547
https://openalex.org/W4244047060
https://openalex.org/W4244365480
https://openalex.org/W4244819682
https://openalex.org/W4244996727
https://openalex.org/W4245231359
https://openalex.org/W4245533167
https://openalex.org/W4245671825
https://openalex.org/W4246093822
https://openalex.org/W4246517600
https://openalex.org/W4246930031
https://openalex.org/W4247635462
https://openalex.org/W4247645576
https://openalex.org/W4247760601
https://openalex.org/W4247838498
https://openalex.org/W4247878355
https://openalex.org/W4248007321
https://openalex.org/W4248083869
https://openalex.org/W4248582145
https://openalex.org/W42509486
https://openalex.org/W4250953838
https://openalex.org/W4250969119
https://openalex.org/W4251213566
https://openalex.org/W4251469338
https://openalex.org/W4251528755
https://openalex.org/W4251825303
https://openalex.org/W4253284421
https://openalex.org/W4253873411
https://openalex.org/W4253932990
https://openalex.org/W4253988538
https://openalex.org/W4254207196
https://openalex.org/W4254408252
https://openalex.org/W4254477762
https://openalex.org/W4254529338
https://openalex.org/W4255470640
https://openalex.org/W4256562259
https://openalex.org/W4256564532
https://openalex.org/W4280581917
https://openalex.org/W4281289369
https://openalex.org/W4281296494
https://openalex.org/W4281559268
https://openalex.org/W4281662957
https://openalex.org/W4281739887
https://openalex.org/W4282923286
https://openalex.org/W4282924309
https://openalex.org/W4282926398
https://openalex.org/W4282946947
https://openalex.org/W4282962188
https://openalex.org/W4282974729
https://openalex.org/W4282975065
https://openalex.org/W4282979934
https://openalex.org/W4283074850
https://openalex.org/W4283384544
https://openalex.org/W4283738256
https://openalex.org/W4285169787
https://openalex.org/W4286234987
https://openalex.org/W4287201092
https://openalex.org/W4287829007
https://openalex.org/W4287904568
https://openalex.org/W4288023568
https://openalex.org/W4289076416
https://openalex.org/W4289545605
https://openalex.org/W4289596837
https://openalex.org/W4289653601
https://openalex.org/W4290714448
https://openalex.org/W4292103604
https://openalex.org/W4293054607
https://openalex.org/W4293397953
https://openalex.org/W4293637111
https://openalex.org/W4293919555
https://openalex.org/W4294921303
https://openalex.org/W4294970311
https://openalex.org/W4295048803
https://openalex.org/W429761365
https://openalex.org/W4298112368
https://openalex.org/W4298875924
https://openalex.org/W4299528082
https://openalex.org/W4301253059
https://openalex.org/W4301270066
https://openalex.org/W4301368362
https://openalex.org/W4301966605
https://openalex.org/W4306667685
https://openalex.org/W4307379653
https://openalex.org/W4307846402
https://openalex.org/W4309066466
https://openalex.org/W4309218543
https://openalex.org/W4309519152
https://openalex.org/W4309595611
https://openalex.org/W4309617390
https://openalex.org/W4310124475
https://openalex.org/W4310465749
https://openalex.org/W4310589414
https://openalex.org/W4311335941
https://openalex.org/W4311856699
https://openalex.org/W4311903052
https://openalex.org/W4311952078
https://openalex.org/W4312210722
https://openalex.org/W4312297005
https://openalex.org/W4312391866
https://openalex.org/W4313247472
https://openalex.org/W4313343149
https://openalex.org/W4313407810
https://openalex.org/W4313414337
https://openalex.org/W4313427461
https://openalex.org/W4313518624
https://openalex.org/W4316511208
https://openalex.org/W4317781478
https://openalex.org/W4318477624
https://openalex.org/W4319298436
https://openalex.org/W4319333570
https://openalex.org/W4319825849
https://openalex.org/W4320888117
https://openalex.org/W4320913457
https://openalex.org/W4320913510
https://openalex.org/W4321226078
https://openalex.org/W4321349588
https://openalex.org/W4321440265
https://openalex.org/W4321502237
https://openalex.org/W4322001277
https://openalex.org/W4322209762
https://openalex.org/W4322210223
https://openalex.org/W4322211965
https://openalex.org/W4322722592
https://openalex.org/W4323342097
https://openalex.org/W4323544170
https://openalex.org/W4323774915
https://openalex.org/W4323804426
https://openalex.org/W4323808932
https://openalex.org/W4327855695
https://openalex.org/W4360813677
https://openalex.org/W4360979254
https://openalex.org/W4361208616
https://openalex.org/W4361219420
https://openalex.org/W4361231764
https://openalex.org/W4361236295
https://openalex.org/W4361236431
https://openalex.org/W4361236519
https://openalex.org/W4361236756
https://openalex.org/W4361246049
https://openalex.org/W4361246071
https://openalex.org/W4361254884
https://openalex.org/W4361255209
https://openalex.org/W4361255613
https://openalex.org/W4361257268
https://openalex.org/W4361257311
https://openalex.org/W4361263698
https://openalex.org/W4361266771
https://openalex.org/W4361266785
https://openalex.org/W4361275831
https://openalex.org/W4361832321
https://openalex.org/W4361838964
https://openalex.org/W4361838970
https://openalex.org/W4361838988
https://openalex.org/W4361839025
https://openalex.org/W4361839136
https://openalex.org/W4361844023
https://openalex.org/W4361844574
https://openalex.org/W4361844763
https://openalex.org/W4361846258
https://openalex.org/W4361846285
https://openalex.org/W4361846651
https://openalex.org/W4361871645
https://openalex.org/W4361943438
https://openalex.org/W4361950614
https://openalex.org/W4362393669
https://openalex.org/W4362417867
https://openalex.org/W4362426046
https://openalex.org/W4362535625
https://openalex.org/W4362535757
https://openalex.org/W4362545266
https://openalex.org/W4362567809
https://openalex.org/W4362612303
https://openalex.org/W4362612826
https://openalex.org/W4362632082
https://openalex.org/W4362657952
https://openalex.org/W4362661807
https://openalex.org/W4362686139
https://openalex.org/W4365135515
https://openalex.org/W4366083869
https://openalex.org/W4366236439
https://openalex.org/W4366332247
https://openalex.org/W4366823363
https://openalex.org/W4366827046
https://openalex.org/W4368617942
https://openalex.org/W437035249
https://openalex.org/W4375859869
https://openalex.org/W4378379149
https://openalex.org/W4378902172
https://openalex.org/W4378953565
https://openalex.org/W4378975733
https://openalex.org/W4379382441
https://openalex.org/W4379384084
https://openalex.org/W4380081255
https://openalex.org/W4380318008
https://openalex.org/W4380361150
https://openalex.org/W4380589145
https://openalex.org/W4380880237
https://openalex.org/W4380904717
https://openalex.org/W4380985915
https://openalex.org/W4381190613
https://openalex.org/W4381251275
https://openalex.org/W4381330532
https://openalex.org/W4381736225
https://openalex.org/W4381736289
https://openalex.org/W4381736358
https://openalex.org/W4382073693
https://openalex.org/W4382132709
https://openalex.org/W4382132736
https://openalex.org/W4382203060
https://openalex.org/W4383501212
https://openalex.org/W4383849392
https://openalex.org/W4383959883
https://openalex.org/W4384207548
https://openalex.org/W4384407369
https://openalex.org/W4384701846
https://openalex.org/W4385143961
https://openalex.org/W4385186383
https://openalex.org/W4385186709
https://openalex.org/W4385186830
https://openalex.org/W4385271987
https://openalex.org/W4385326055
https://openalex.org/W4385360807
https://openalex.org/W4385607548
https://openalex.org/W4385629512
https://openalex.org/W4385662837
https://openalex.org/W4385691070
https://openalex.org/W4385827412
https://openalex.org/W4385950309
https://openalex.org/W4385972017
https://openalex.org/W4386025099
https://openalex.org/W4386048121
https://openalex.org/W4386350093
https://openalex.org/W4386356943
https://openalex.org/W4386373916
https://openalex.org/W4386373920
https://openalex.org/W4386373974
https://openalex.org/W4386374065
https://openalex.org/W4386374078
https://openalex.org/W4386374079
https://openalex.org/W4386377430
https://openalex.org/W4386377441
https://openalex.org/W4386377512
https://openalex.org/W4386377585
https://openalex.org/W4386379766
https://openalex.org/W4386387798
https://openalex.org/W4386401636
https://openalex.org/W4386466444
https://openalex.org/W4386736129
https://openalex.org/W4386769780
https://openalex.org/W4386817626
https://openalex.org/W4386832834
https://openalex.org/W4386833800
https://openalex.org/W4386834021
https://openalex.org/W4386896824
https://openalex.org/W4386947358
https://openalex.org/W4386951046
https://openalex.org/W4386980694
https://openalex.org/W4387004892
https://openalex.org/W610323527
https://openalex.org/W622516213
https://openalex.org/W623930127
https://openalex.org/W624313273
https://openalex.org/W62831680
https://openalex.org/W655645119
https://openalex.org/W754366432
https://openalex.org/W773555536
https://openalex.org/W793353874
https://openalex.org/W794558609
https://openalex.org/W797141742
https://openalex.org/W80072645
https://openalex.org/W81516133
https://openalex.org/W946542312
https://openalex.org/W97173230
https://openalex.org/W2164847484
https://openalex.org/W2124560610
https://openalex.org/W2056967289
https://openalex.org/W2076205488
https://openalex.org/W2123634131
https://openalex.org/W1981906666
https://openalex.org/W2005220728
https://openalex.org/W2093409635
https://openalex.org/W1978849007
https://openalex.org/W4245461700
https://openalex.org/W2059957319
https://openalex.org/W2464880876
https://openalex.org/W3187163767
https://openalex.org/W2156005120
https://openalex.org/W2140579395
https://openalex.org/W2098776203
https://openalex.org/W2139321584
https://openalex.org/W1972372902
https://openalex.org/W2098393925
https://openalex.org/W2955080078
https://openalex.org/W2077729746
https://openalex.org/W2031551268
https://openalex.org/W2060488209
https://openalex.org/W3025424660
https://openalex.org/W2058865216
https://openalex.org/W2041108420
https://openalex.org/W2111650326
https://openalex.org/W1970347475
https://openalex.org/W1516223106
https://openalex.org/W2940627982
https://openalex.org/W1584114617
https://openalex.org/W2080713489
https://openalex.org/W2902706178
https://openalex.org/W2102309264
https://openalex.org/W2070623500
https://openalex.org/W2107831538
https://openalex.org/W2074798388
https://openalex.org/W2153674650
https://openalex.org/W2067804932
https://openalex.org/W2070954147
https://openalex.org/W1238910916
https://openalex.org/W1974695350
https://openalex.org/W2549926987
https://openalex.org/W2050781047
https://openalex.org/W1983467099
https://openalex.org/W2018363788
https://openalex.org/W2949311293
https://openalex.org/W1989740966
https://openalex.org/W2018440937
https://openalex.org/W2017560084
https://openalex.org/W2945717944
https://openalex.org/W2136242594
https://openalex.org/W2048555293
https://openalex.org/W2172399490
https://openalex.org/W2119282152
https://openalex.org/W2009835588
https://openalex.org/W2021628309
https://openalex.org/W2075233595
https://openalex.org/W1972877074
https://openalex.org/W3125713404
https://openalex.org/W2107054609
https://openalex.org/W1981914421
https://openalex.org/W2090022948
https://openalex.org/W2884797508
https://openalex.org/W1976741239
https://openalex.org/W1994163441
https://openalex.org/W2160603568
https://openalex.org/W2045261504
https://openalex.org/W2159195400
https://openalex.org/W2168713493
https://openalex.org/W1973777091
https://openalex.org/W3101846945
https://openalex.org/W2141028120
https://openalex.org/W2607970143
https://openalex.org/W2027767599
https://openalex.org/W2039622942
https://openalex.org/W2004991378
https://openalex.org/W1982737710
https://openalex.org/W2155781531
https://openalex.org/W2020056288
https://openalex.org/W2134779664
https://openalex.org/W2053855935
https://openalex.org/W1986913894
https://openalex.org/W2114582003
https://openalex.org/W3104755560
https://openalex.org/W2041551841
https://openalex.org/W2020975260
https://openalex.org/W4232937112
https://openalex.org/W1967394016
https://openalex.org/W2887567733
https://openalex.org/W2048499176
https://openalex.org/W2334083603
https://openalex.org/W2009161132
https://openalex.org/W2148305047
https://openalex.org/W2095164928
https://openalex.org/W1949710612
https://openalex.org/W2027063112
https://openalex.org/W2082909360
https://openalex.org/W2094242581
https://openalex.org/W2123427177
https://openalex.org/W2076216515
https://openalex.org/W2024606078
https://openalex.org/W2103397874
https://openalex.org/W2105663335
https://openalex.org/W2026944918
https://openalex.org/W2049992691
https://openalex.org/W3014806409
https://openalex.org/W1986491522
https://openalex.org/W1991597601
https://openalex.org/W2171071495
https://openalex.org/W3122018353
https://openalex.org/W2135672876
https://openalex.org/W1984109801
https://openalex.org/W2137558988
https://openalex.org/W2344820924
https://openalex.org/W1994402165
https://openalex.org/W2129659050
https://openalex.org/W2140918059
https://openalex.org/W1989803279
https://openalex.org/W2313833628
https://openalex.org/W1973920773
https://openalex.org/W2014764365
https://openalex.org/W2043859984
https://openalex.org/W2132581487
https://openalex.org/W2059018982
https://openalex.org/W1795273528
https://openalex.org/W2966110023
https://openalex.org/W2060908679
https://openalex.org/W2136627573
https://openalex.org/W2333536181
https://openalex.org/W2072972683
https://openalex.org/W2044806364
https://openalex.org/W2323559945
https://openalex.org/W1981715409
https://openalex.org/W2084393474
https://openalex.org/W2092371358
https://openalex.org/W2105694240
https://openalex.org/W2165974443
https://openalex.org/W1793190047
https://openalex.org/W2064756920
https://openalex.org/W2156622588
https://openalex.org/W2785540442
https://openalex.org/W4214851746
https://openalex.org/W2171660514
https://openalex.org/W2016985186
https://openalex.org/W1794039173
https://openalex.org/W1968739255
https://openalex.org/W2029414958
https://openalex.org/W1555022287
https://openalex.org/W1567805507
https://openalex.org/W1979848038
https://openalex.org/W2504414049
https://openalex.org/W1672106159
https://openalex.org/W2130143898
https://openalex.org/W2921259698
https://openalex.org/W1967506980
https://openalex.org/W1985535918
https://openalex.org/W2033640619
https://openalex.org/W2146387548
https://openalex.org/W2320048325
https://openalex.org/W1964867633
https://openalex.org/W2041060615
https://openalex.org/W2079099245
https://openalex.org/W2104286731
https://openalex.org/W1265763149
https://openalex.org/W1966353152
https://openalex.org/W1842059934
https://openalex.org/W1972660710
https://openalex.org/W2019280851
https://openalex.org/W2155958967
https://openalex.org/W2154134481
https://openalex.org/W2193713099
https://openalex.org/W1830376997
https://openalex.org/W2910063137
https://openalex.org/W1965259644
https://openalex.org/W2054291808
https://openalex.org/W2130897236
https://openalex.org/W2120903627
https://openalex.org/W1994717708
https://openalex.org/W2105690005
https://openalex.org/W2113915325
https://openalex.org/W2031255933
https://openalex.org/W2146461996
https://openalex.org/W1996613199
https://openalex.org/W2001203782
https://openalex.org/W1549662870
https://openalex.org/W1981599075
https://openalex.org/W1994800554
https://openalex.org/W2000246028
https://openalex.org/W2002675422
https://openalex.org/W2009003909
https://openalex.org/W2066234978
https://openalex.org/W2065506962
https://openalex.org/W2133096930
https://openalex.org/W3204722966
https://openalex.org/W1523114181
https://openalex.org/W1555497756
https://openalex.org/W1592233687
https://openalex.org/W1966562800
https://openalex.org/W2595110778
https://openalex.org/W2014062503
https://openalex.org/W2560874509
https://openalex.org/W2033639968
https://openalex.org/W2104639993
https://openalex.org/W1523887533
https://openalex.org/W1650514797
https://openalex.org/W2009648894
https://openalex.org/W2016349392
https://openalex.org/W2099462841
https://openalex.org/W2170908719
https://openalex.org/W2529190198
https://openalex.org/W1861640504
https://openalex.org/W1985064733
https://openalex.org/W1988743261
https://openalex.org/W2044080354
https://openalex.org/W2044543194
https://openalex.org/W2379359886
https://openalex.org/W1539258258
https://openalex.org/W1573306131
https://openalex.org/W2075513360
https://openalex.org/W2081244579
https://openalex.org/W2590355494
https://openalex.org/W2789919621
https://openalex.org/W2098136731
https://openalex.org/W2000003193
https://openalex.org/W2025717580
https://openalex.org/W2068321480
https://openalex.org/W1933537186
https://openalex.org/W2050554527
https://openalex.org/W2696777316
https://openalex.org/W2063156985
https://openalex.org/W2138062462
https://openalex.org/W2153353104
https://openalex.org/W2032850625
https://openalex.org/W2062082813
https://openalex.org/W2071932199
https://openalex.org/W2090942794
https://openalex.org/W2134803682
https://openalex.org/W3145610828
https://openalex.org/W1972196227
https://openalex.org/W1993581461
https://openalex.org/W2155580858
https://openalex.org/W2478932238
https://openalex.org/W1985014165
https://openalex.org/W2171814111
https://openalex.org/W2011944259
https://openalex.org/W2048464332
https://openalex.org/W2145555176
https://openalex.org/W2579951724
https://openalex.org/W2073221318
https://openalex.org/W2012743312
https://openalex.org/W2013837057
https://openalex.org/W2023584437
https://openalex.org/W2037682543
https://openalex.org/W2162188832
https://openalex.org/W1996808560
https://openalex.org/W2009732797
https://openalex.org/W2075175403
https://openalex.org/W2088631979
https://openalex.org/W2091833120
https://openalex.org/W2083825511
https://openalex.org/W2144459212
https://openalex.org/W1568588831
https://openalex.org/W2075864908
https://openalex.org/W2945809413
https://openalex.org/W1972093070
https://openalex.org/W2109993123
https://openalex.org/W2155684087
https://openalex.org/W2463707297
https://openalex.org/W1985269791
https://openalex.org/W1993865694
https://openalex.org/W1567533051
https://openalex.org/W2022393478
https://openalex.org/W2033807019
https://openalex.org/W2058061393
https://openalex.org/W2076407447
https://openalex.org/W2000074463
https://openalex.org/W2036678686
https://openalex.org/W2044536618
https://openalex.org/W2048646378
https://openalex.org/W2946228845
https://openalex.org/W2090956415
https://openalex.org/W2136889940
https://openalex.org/W2766948867
https://openalex.org/W2015600899
https://openalex.org/W2048343993
https://openalex.org/W2098400092
https://openalex.org/W1993829250
https://openalex.org/W2009203851
https://openalex.org/W2089763234
https://openalex.org/W2068322570
https://openalex.org/W2101869062
https://openalex.org/W2297676769
https://openalex.org/W3031873629
https://openalex.org/W2006885922
https://openalex.org/W2162655669
https://openalex.org/W2315485424
https://openalex.org/W2773484378
https://openalex.org/W1998853075
https://openalex.org/W1999866349
https://openalex.org/W2070764393
https://openalex.org/W2103209594
https://openalex.org/W1965137822
https://openalex.org/W2023611664
https://openalex.org/W2030890432
https://openalex.org/W2057616909
https://openalex.org/W2073113603
https://openalex.org/W2896323304
https://openalex.org/W2009047878
https://openalex.org/W2039602589
https://openalex.org/W2060181932
https://openalex.org/W2100786069
https://openalex.org/W2125612450
https://openalex.org/W1987282101
https://openalex.org/W2061778218
https://openalex.org/W2079372195
https://openalex.org/W2101428088
https://openalex.org/W2110938265
https://openalex.org/W2160848010
https://openalex.org/W301040576
https://openalex.org/W181671415
https://openalex.org/W1976545886
https://openalex.org/W1997853046
https://openalex.org/W2005341654
https://openalex.org/W2080990289
https://openalex.org/W2159887517
https://openalex.org/W2249122870
https://openalex.org/W1971272088
https://openalex.org/W1987375982
https://openalex.org/W2077168582
https://openalex.org/W2101901913
https://openalex.org/W2417753533
https://openalex.org/W2026726900
https://openalex.org/W2028922161
https://openalex.org/W2036437543
https://openalex.org/W2135993898
https://openalex.org/W3164950860
https://openalex.org/W1987725158
https://openalex.org/W39220136
https://openalex.org/W1525073372
https://openalex.org/W2000308721
https://openalex.org/W2006684199
https://openalex.org/W2116518037
https://openalex.org/W2573563632
https://openalex.org/W2796068395
https://openalex.org/W1553075948
https://openalex.org/W1595605534
https://openalex.org/W1602703583
https://openalex.org/W2025558369
https://openalex.org/W2087520524
https://openalex.org/W2129599357
https://openalex.org/W2159777894
https://openalex.org/W2335638236
https://openalex.org/W2604776233
https://openalex.org/W1964247198
https://openalex.org/W1988199938
https://openalex.org/W2010413118
https://openalex.org/W2048646176
https://openalex.org/W3093532012
https://openalex.org/W580015407
https://openalex.org/W2011029633
https://openalex.org/W2029610176
https://openalex.org/W2036769084
https://openalex.org/W2055615567
https://openalex.org/W2300075112
https://openalex.org/W1986482911
https://openalex.org/W2001381093
https://openalex.org/W2006154732
https://openalex.org/W2045728044
https://openalex.org/W2091181395
https://openalex.org/W2130621269
https://openalex.org/W2157662250
https://openalex.org/W1648480377
https://openalex.org/W2008195884
https://openalex.org/W2037871192
https://openalex.org/W2063356431
https://openalex.org/W2093019857
https://openalex.org/W2136714205
https://openalex.org/W2601080948
https://openalex.org/W1967281691
https://openalex.org/W1970732268
https://openalex.org/W1990723830
https://openalex.org/W2084214117
https://openalex.org/W2969397400
https://openalex.org/W1965917814
https://openalex.org/W2061268549
https://openalex.org/W2069990903
https://openalex.org/W2225856091
https://openalex.org/W2323106747
https://openalex.org/W1547673187
https://openalex.org/W1984949498
https://openalex.org/W1993873281
https://openalex.org/W2026659382
https://openalex.org/W2069870640
https://openalex.org/W2406435026
https://openalex.org/W3084240423
https://openalex.org/W4230839259
https://openalex.org/W1523750156
https://openalex.org/W1978081858
https://openalex.org/W2031720244
https://openalex.org/W2052946597
https://openalex.org/W2102448807
https://openalex.org/W2105337774
https://openalex.org/W3128609655
https://openalex.org/W4986152
https://openalex.org/W1984692506
https://openalex.org/W1987233379
https://openalex.org/W2003058719
https://openalex.org/W2023538913
https://openalex.org/W2066361981
https://openalex.org/W2066529573
https://openalex.org/W2102876278
https://openalex.org/W2112069942
https://openalex.org/W2126427198
https://openalex.org/W1861216951
https://openalex.org/W1971876814
https://openalex.org/W2037817334
https://openalex.org/W2064639374
https://openalex.org/W2064870910
https://openalex.org/W2093676296
https://openalex.org/W2404653733
https://openalex.org/W2752706132
https://openalex.org/W3018663706
https://openalex.org/W2042175942
https://openalex.org/W2050730094
https://openalex.org/W2093126609
https://openalex.org/W2123311900
https://openalex.org/W2127824679
https://openalex.org/W2560735472
https://openalex.org/W3010722397
https://openalex.org/W2008644563
https://openalex.org/W2011170808
https://openalex.org/W2524546386
https://openalex.org/W1486856038
https://openalex.org/W2025625847
https://openalex.org/W2080644144
https://openalex.org/W2117060330
https://openalex.org/W2160605951
https://openalex.org/W2409413489
https://openalex.org/W2792420730
https://openalex.org/W1993655150
https://openalex.org/W2015955352
https://openalex.org/W2075373490
https://openalex.org/W2298545792
https://openalex.org/W2547460493
https://openalex.org/W2888390418
https://openalex.org/W1563484750
https://openalex.org/W1821936365
https://openalex.org/W1980234010
https://openalex.org/W1999303553
https://openalex.org/W2003440832
https://openalex.org/W2015605423
https://openalex.org/W2017109677
https://openalex.org/W2026175145
https://openalex.org/W2034974372
https://openalex.org/W2081823076
https://openalex.org/W2082475945
https://openalex.org/W2088936920
https://openalex.org/W2125162604
https://openalex.org/W2168061251
https://openalex.org/W2261215494
https://openalex.org/W3116660810
https://openalex.org/W1504063594
https://openalex.org/W1972130599
https://openalex.org/W1993916129
https://openalex.org/W2007459038
https://openalex.org/W2024283474
https://openalex.org/W2045771392
https://openalex.org/W2070469639
https://openalex.org/W1982245123
https://openalex.org/W2023265142
https://openalex.org/W2095392479
https://openalex.org/W2169487497
https://openalex.org/W2230490579
https://openalex.org/W2400733059
https://openalex.org/W2514013593
https://openalex.org/W4200454380
https://openalex.org/W1993743405
https://openalex.org/W2015649689
https://openalex.org/W2092532469
https://openalex.org/W2104345319
https://openalex.org/W2110691351
https://openalex.org/W2154584561
https://openalex.org/W2316613929
https://openalex.org/W2331143515
https://openalex.org/W2555329940
https://openalex.org/W2906010804
https://openalex.org/W2918067884
https://openalex.org/W1970456420
https://openalex.org/W1982932657
https://openalex.org/W1985288833
https://openalex.org/W1988715082
https://openalex.org/W2007613067
https://openalex.org/W2022839328
https://openalex.org/W2051103116
https://openalex.org/W2123724147
https://openalex.org/W2145813177
https://openalex.org/W2278916484
https://openalex.org/W3196342043
https://openalex.org/W1496897999
https://openalex.org/W1973061735
https://openalex.org/W1997174429
https://openalex.org/W2013524844
https://openalex.org/W2056006882
https://openalex.org/W2084964268
https://openalex.org/W2087906885
https://openalex.org/W2297184086
https://openalex.org/W2408652178
https://openalex.org/W2895822422
https://openalex.org/W3196089955
https://openalex.org/W1571748845
https://openalex.org/W1997743536
https://openalex.org/W2008789473
https://openalex.org/W2034888739
https://openalex.org/W2071888350
https://openalex.org/W2159842221
https://openalex.org/W1980244194
https://openalex.org/W1986097748
https://openalex.org/W2024195232
https://openalex.org/W2057517517
https://openalex.org/W2077934395
https://openalex.org/W2099701440
https://openalex.org/W2168038294
https://openalex.org/W2346991065
https://openalex.org/W2902165116
https://openalex.org/W1999900113
https://openalex.org/W2013800976
https://openalex.org/W2023373684
https://openalex.org/W2046107342
https://openalex.org/W2054228935
https://openalex.org/W2057543035
https://openalex.org/W2120002856
https://openalex.org/W2135529787
https://openalex.org/W2151345909
https://openalex.org/W2296922785
https://openalex.org/W2554647387
https://openalex.org/W2775220959
https://openalex.org/W3197411192
https://openalex.org/W4299305718
https://openalex.org/W1964036395
https://openalex.org/W2073879953
https://openalex.org/W2087591804
https://openalex.org/W2093928473
https://openalex.org/W2094234199
https://openalex.org/W2107434716
https://openalex.org/W2194859264
https://openalex.org/W2208310478
https://openalex.org/W4254401858
https://openalex.org/W1513508804
https://openalex.org/W17313414
https://openalex.org/W1963755850
https://openalex.org/W2054621544
https://openalex.org/W2056394711
https://openalex.org/W2069489407
https://openalex.org/W2257961953
https://openalex.org/W2808857353
https://openalex.org/W1685298462
https://openalex.org/W1973589490
https://openalex.org/W1993274125
https://openalex.org/W2017618016
https://openalex.org/W2047819641
https://openalex.org/W2053099089
https://openalex.org/W2061198199
https://openalex.org/W2066863439
https://openalex.org/W2072904034
https://openalex.org/W2074137529
https://openalex.org/W2080010602
https://openalex.org/W2103812039
https://openalex.org/W2154147910
https://openalex.org/W2158262458
https://openalex.org/W2166825482
https://openalex.org/W2577902534
https://openalex.org/W2908127702
https://openalex.org/W2995911330
https://openalex.org/W4292169314
https://openalex.org/W95668976
https://openalex.org/W1922812725
https://openalex.org/W1963743357
https://openalex.org/W2006360694
https://openalex.org/W2019612822
https://openalex.org/W2023179211
https://openalex.org/W2032430407
https://openalex.org/W2048590726
https://openalex.org/W2068470689
https://openalex.org/W2172097837
https://openalex.org/W2410723150
https://openalex.org/W2588905513
https://openalex.org/W1983075697
https://openalex.org/W1998283118
https://openalex.org/W2511596605
https://openalex.org/W2594277845
https://openalex.org/W1483870578
https://openalex.org/W1519556854
https://openalex.org/W1616296131
https://openalex.org/W1965294702
https://openalex.org/W1976606774
https://openalex.org/W2046622285
https://openalex.org/W2050788243
https://openalex.org/W2057268724
https://openalex.org/W2064675421
https://openalex.org/W2083785905
https://openalex.org/W2091467173
https://openalex.org/W2099812191
https://openalex.org/W2111046163
https://openalex.org/W2128427687
https://openalex.org/W2143745742
https://openalex.org/W2465407547
https://openalex.org/W2575762264
https://openalex.org/W2897137858
https://openalex.org/W1266459132
https://openalex.org/W1974894322
https://openalex.org/W1984533078
https://openalex.org/W1984816716
https://openalex.org/W2029879416
https://openalex.org/W2039546460
https://openalex.org/W2040546784
https://openalex.org/W2049984342
https://openalex.org/W2052396332
https://openalex.org/W2088892585
https://openalex.org/W2262832347
https://openalex.org/W2284634644
https://openalex.org/W2621099619
https://openalex.org/W2625151799
https://openalex.org/W1965705003
https://openalex.org/W1968275388
https://openalex.org/W1968801774
https://openalex.org/W1973204614
https://openalex.org/W2000356571
https://openalex.org/W2020931690
https://openalex.org/W2028708779
https://openalex.org/W2031050963
https://openalex.org/W2043217830
https://openalex.org/W2049060804
https://openalex.org/W2061981830
https://openalex.org/W2077091219
https://openalex.org/W2086425330
https://openalex.org/W2105149867
https://openalex.org/W2324526057
https://openalex.org/W2549786261
https://openalex.org/W3092122663
https://openalex.org/W1972501025
https://openalex.org/W1985177747
https://openalex.org/W2019655462
https://openalex.org/W2056856269
https://openalex.org/W2057559151
https://openalex.org/W2059558051
https://openalex.org/W2063005475
https://openalex.org/W2067854605
https://openalex.org/W2075663625
https://openalex.org/W2092369657
https://openalex.org/W2155672987
https://openalex.org/W2160254164
https://openalex.org/W2782655220
https://openalex.org/W2791635405
https://openalex.org/W2794138072
https://openalex.org/W2899563932
https://openalex.org/W2962845766
https://openalex.org/W3103434519
https://openalex.org/W1517451970
https://openalex.org/W1593806672
https://openalex.org/W182649757
https://openalex.org/W1932964332
https://openalex.org/W1992215271
https://openalex.org/W2018940865
https://openalex.org/W2050969211
https://openalex.org/W2093237586
https://openalex.org/W2147725888
https://openalex.org/W2161703502
https://openalex.org/W2169392744
https://openalex.org/W2431821209
https://openalex.org/W2560450176
https://openalex.org/W2739877756
https://openalex.org/W2765527682
https://openalex.org/W3132900806
https://openalex.org/W1673422704
https://openalex.org/W1958561858
https://openalex.org/W2002238801
https://openalex.org/W2036695215
https://openalex.org/W2045179479
https://openalex.org/W2057830059
https://openalex.org/W2062464512
https://openalex.org/W2067455022
https://openalex.org/W2069146173
https://openalex.org/W2096778176
https://openalex.org/W2098396950
https://openalex.org/W2133075595
https://openalex.org/W2161363785
https://openalex.org/W2162397750
https://openalex.org/W2257737341
https://openalex.org/W2529833503
https://openalex.org/W2624943466
https://openalex.org/W2760089992
https://openalex.org/W3180153317
https://openalex.org/W4224252727
https://openalex.org/W4296793624
https://openalex.org/W1495859677
https://openalex.org/W1826929253
https://openalex.org/W1972602604
https://openalex.org/W1973739933
https://openalex.org/W1977670132
https://openalex.org/W1987138237
https://openalex.org/W1991101739
https://openalex.org/W1996117418
https://openalex.org/W2020871581
https://openalex.org/W2031889396
https://openalex.org/W2032196214
https://openalex.org/W2047254012
https://openalex.org/W2084271684
https://openalex.org/W2111120558
https://openalex.org/W2130770309
https://openalex.org/W2330534794
https://openalex.org/W2408492154
https://openalex.org/W2767245079
https://openalex.org/W2790479487
https://openalex.org/W2797960827
https://openalex.org/W2941190366
https://openalex.org/W2981079812
https://openalex.org/W3000213001
https://openalex.org/W1964088841
https://openalex.org/W1980890915
https://openalex.org/W2009254356
https://openalex.org/W2017258123
https://openalex.org/W2022004282
https://openalex.org/W2038186795
https://openalex.org/W2064811357
https://openalex.org/W2069598500
https://openalex.org/W2081595027
https://openalex.org/W2082528104
https://openalex.org/W2090871105
https://openalex.org/W2122051745
https://openalex.org/W2124004491
https://openalex.org/W2168419089
https://openalex.org/W2344602949
https://openalex.org/W2516037862
https://openalex.org/W2795708515
https://openalex.org/W2960701889
https://openalex.org/W3007028946
https://openalex.org/W3123401708
https://openalex.org/W3134521757
https://openalex.org/W4220847391
https://openalex.org/W1807447872
https://openalex.org/W1985688260
https://openalex.org/W1988636255
https://openalex.org/W2009228300
https://openalex.org/W2012057203
https://openalex.org/W2044072783
https://openalex.org/W2050800126
https://openalex.org/W2051311807
https://openalex.org/W2063046155
https://openalex.org/W2317039312
https://openalex.org/W2745641617
https://openalex.org/W2943286431
https://openalex.org/W2971156007
https://openalex.org/W3213828470
https://openalex.org/W1785204103
https://openalex.org/W1965636431
https://openalex.org/W1969331231
https://openalex.org/W1972163087
https://openalex.org/W1999085802
https://openalex.org/W2004487054
https://openalex.org/W2084795861
https://openalex.org/W2091146475
https://openalex.org/W2091383103
https://openalex.org/W2101381091
https://openalex.org/W2115372281
https://openalex.org/W2122164376
https://openalex.org/W2122434780
https://openalex.org/W2144831962
https://openalex.org/W2148849175
https://openalex.org/W2317852648
https://openalex.org/W2624237344
https://openalex.org/W1509707135
https://openalex.org/W1604922980
https://openalex.org/W2012674582
https://openalex.org/W2035068979
https://openalex.org/W2042636441
https://openalex.org/W2086032132
https://openalex.org/W2110501986
https://openalex.org/W2116148024
https://openalex.org/W2122807953
https://openalex.org/W2176749097
https://openalex.org/W2407518766
https://openalex.org/W2620844555
https://openalex.org/W2753528798
https://openalex.org/W2786159790
https://openalex.org/W2793885068
https://openalex.org/W2970137255
https://openalex.org/W4307728974
https://openalex.org/W1677901049
https://openalex.org/W1966464553
https://openalex.org/W1998667234
https://openalex.org/W2003083739
https://openalex.org/W2020184915
https://openalex.org/W2023414436
https://openalex.org/W2035446694
https://openalex.org/W2040518238
https://openalex.org/W2052075001
https://openalex.org/W2054185634
https://openalex.org/W2054259663
https://openalex.org/W2082321083
https://openalex.org/W2093964014
https://openalex.org/W2110273043
https://openalex.org/W2122443624
https://openalex.org/W2158759660
https://openalex.org/W2287193714
https://openalex.org/W2979356967
https://openalex.org/W3007775395
https://openalex.org/W3039479109
https://openalex.org/W4296086149
https://openalex.org/W1535735436
https://openalex.org/W1602149400
https://openalex.org/W1937185569
https://openalex.org/W1974832036
https://openalex.org/W1982640920
https://openalex.org/W2013387626
https://openalex.org/W2022598321
https://openalex.org/W2026688705
https://openalex.org/W2044244614
https://openalex.org/W2060109210
https://openalex.org/W2094205715
https://openalex.org/W2105888414
https://openalex.org/W2146478436
https://openalex.org/W2169658117
https://openalex.org/W2171945571
https://openalex.org/W2234474547
https://openalex.org/W2543320303
https://openalex.org/W3014114663
https://openalex.org/W3177272482
https://openalex.org/W1911212022
https://openalex.org/W1973564101
https://openalex.org/W1977284810
https://openalex.org/W1998175056
https://openalex.org/W2016939813
https://openalex.org/W2032582595
https://openalex.org/W2056301827
https://openalex.org/W2080434497
https://openalex.org/W2107748171
https://openalex.org/W2136113645
https://openalex.org/W2320562554
https://openalex.org/W2333771774
https://openalex.org/W2415777776
https://openalex.org/W2480154525
https://openalex.org/W2560801473
https://openalex.org/W2563483539
https://openalex.org/W2728682010
https://openalex.org/W2801047983
https://openalex.org/W2895720129
https://openalex.org/W2989939821
https://openalex.org/W3033759770
https://openalex.org/W3084049874
https://openalex.org/W1962010179
https://openalex.org/W1995912428
https://openalex.org/W2004028620
https://openalex.org/W2009682880
https://openalex.org/W2018441633
https://openalex.org/W2037042714
https://openalex.org/W2068411599
https://openalex.org/W2077885643
https://openalex.org/W2125289775
https://openalex.org/W2139461854
https://openalex.org/W2155450383
https://openalex.org/W2483608876
https://openalex.org/W2594524883
https://openalex.org/W2784078729
https://openalex.org/W2883454785
https://openalex.org/W2952686607
https://openalex.org/W2953638444
https://openalex.org/W3010591211
https://openalex.org/W3102775179
https://openalex.org/W3102960860
https://openalex.org/W1575240903
https://openalex.org/W1606096349
https://openalex.org/W1607310269
https://openalex.org/W1968043211
https://openalex.org/W1991569612
https://openalex.org/W2002186021
https://openalex.org/W2011035079
https://openalex.org/W2024961442
https://openalex.org/W2030873416
https://openalex.org/W2032844366
https://openalex.org/W2067049305
https://openalex.org/W2068587405
https://openalex.org/W2068914323
https://openalex.org/W2090129301
https://openalex.org/W2105455972
https://openalex.org/W2112425271
https://openalex.org/W2115052440
https://openalex.org/W2121403735
https://openalex.org/W2136028359
https://openalex.org/W2178916009
https://openalex.org/W2231898329
https://openalex.org/W2281024247
https://openalex.org/W2421895218
https://openalex.org/W245815894
https://openalex.org/W3038317801
https://openalex.org/W3096408202
https://openalex.org/W3200931283
https://openalex.org/W3214513393
https://openalex.org/W4200032702
https://openalex.org/W4210409577
https://openalex.org/W72354729
https://openalex.org/W1490607704
https://openalex.org/W1492804030
https://openalex.org/W1522026181
https://openalex.org/W1805103048
https://openalex.org/W1978370473
https://openalex.org/W1979526683
https://openalex.org/W1992653371
https://openalex.org/W1994091227
https://openalex.org/W2000269766
https://openalex.org/W2002873925
https://openalex.org/W2039701273
https://openalex.org/W2045723651
https://openalex.org/W2048450767
https://openalex.org/W2049863417
https://openalex.org/W2065583283
https://openalex.org/W2066346193
https://openalex.org/W2084244183
https://openalex.org/W2086951303
https://openalex.org/W2088182135
https://openalex.org/W2100620354
https://openalex.org/W2112939318
https://openalex.org/W2142389228
https://openalex.org/W2160101125
https://openalex.org/W2227261327
https://openalex.org/W2230138890
https://openalex.org/W2253264048
https://openalex.org/W2285283060
https://openalex.org/W2485260707
https://openalex.org/W2560655088
https://openalex.org/W2766744487
https://openalex.org/W2883643931
https://openalex.org/W2966412490
https://openalex.org/W3160371086
https://openalex.org/W3187377124
https://openalex.org/W4282584046
https://openalex.org/W89509516
https://openalex.org/W1970043264
https://openalex.org/W2006990491
https://openalex.org/W2024436843
https://openalex.org/W2043963560
https://openalex.org/W2077182571
https://openalex.org/W2081408255
https://openalex.org/W2092472359
https://openalex.org/W2093968868
https://openalex.org/W2094103485
https://openalex.org/W2121959270
https://openalex.org/W2139313696
https://openalex.org/W2610702061
https://openalex.org/W2890613332
https://openalex.org/W2896626709
https://openalex.org/W3005312454
https://openalex.org/W3091409651
https://openalex.org/W4238779138
https://openalex.org/W4293769577
https://openalex.org/W1558813157
https://openalex.org/W1941333725
https://openalex.org/W1965917206
https://openalex.org/W1971028125
https://openalex.org/W1984412742
https://openalex.org/W1994667684
https://openalex.org/W2000908800
https://openalex.org/W2041831103
https://openalex.org/W2049687840
https://openalex.org/W2060508862
https://openalex.org/W2065991417
https://openalex.org/W2077795300
https://openalex.org/W2079554791
https://openalex.org/W2131529953
https://openalex.org/W2139397153
https://openalex.org/W2142703656
https://openalex.org/W2290147359
https://openalex.org/W3003743813
https://openalex.org/W585265037
https://openalex.org/W1516232312
https://openalex.org/W1547901223
https://openalex.org/W1549178235
https://openalex.org/W1754047618
https://openalex.org/W1980932837
https://openalex.org/W2005992332
https://openalex.org/W2014177987
https://openalex.org/W2016496428
https://openalex.org/W2023426353
https://openalex.org/W2024485514
https://openalex.org/W2035123822
https://openalex.org/W2044827126
https://openalex.org/W2052422567
https://openalex.org/W2056507812
https://openalex.org/W2060278084
https://openalex.org/W2066235947
https://openalex.org/W2072156420
https://openalex.org/W2087463371
https://openalex.org/W2094813212
https://openalex.org/W2095533459
https://openalex.org/W2097489038
https://openalex.org/W2100827917
https://openalex.org/W2142226101
https://openalex.org/W2150541000
https://openalex.org/W2172474070
https://openalex.org/W2197625736
https://openalex.org/W2319087402
https://openalex.org/W2531871002
https://openalex.org/W2607370168
https://openalex.org/W2768804870
https://openalex.org/W2921848651
https://openalex.org/W2970466021
https://openalex.org/W2989952835
https://openalex.org/W4212991814
https://openalex.org/W4235134027
https://openalex.org/W42713825
https://openalex.org/W106281173
https://openalex.org/W1512631028
https://openalex.org/W1526098201
https://openalex.org/W1603539226
https://openalex.org/W1939449911
https://openalex.org/W2005973538
https://openalex.org/W2009628449
https://openalex.org/W2016750702
https://openalex.org/W2019680883
https://openalex.org/W2034100536
https://openalex.org/W2035107954
https://openalex.org/W2061618651
https://openalex.org/W2083085238
https://openalex.org/W2115341647
https://openalex.org/W2120621856
https://openalex.org/W2134395817
https://openalex.org/W2142282316
https://openalex.org/W2147024386
https://openalex.org/W2152551341
https://openalex.org/W2153842036
https://openalex.org/W2164814467
https://openalex.org/W2187582538
https://openalex.org/W2265451389
https://openalex.org/W2319504515
https://openalex.org/W2469209703
https://openalex.org/W2599990538
https://openalex.org/W2756381354
https://openalex.org/W2785453957
https://openalex.org/W2808100691
https://openalex.org/W3005026501
https://openalex.org/W3034306643
https://openalex.org/W3098784400
https://openalex.org/W3102158178
https://openalex.org/W3103591564
https://openalex.org/W3164461962
https://openalex.org/W4292583029
https://openalex.org/W4297229373
https://openalex.org/W10726251
https://openalex.org/W1636896107
https://openalex.org/W1957561053
https://openalex.org/W1963628354
https://openalex.org/W1994638610
https://openalex.org/W1996359266
https://openalex.org/W2002772025
https://openalex.org/W2004023710
https://openalex.org/W2012910639
https://openalex.org/W2022242865
https://openalex.org/W2026684101
https://openalex.org/W2030025795
https://openalex.org/W2046925562
https://openalex.org/W2070424091
https://openalex.org/W2070898099
https://openalex.org/W2077590497
https://openalex.org/W2079441800
https://openalex.org/W2080655127
https://openalex.org/W2083104940
https://openalex.org/W2086941719
https://openalex.org/W2136185129
https://openalex.org/W2188337300
https://openalex.org/W2262172742
https://openalex.org/W2482053191
https://openalex.org/W2979601611
https://openalex.org/W2979717982
https://openalex.org/W2988977772
https://openalex.org/W3025996457
https://openalex.org/W3121552165
https://openalex.org/W3178747838
https://openalex.org/W3189631160
https://openalex.org/W4311729376
https://openalex.org/W1542971082
https://openalex.org/W1709827615
https://openalex.org/W1964753523
https://openalex.org/W1965878517
https://openalex.org/W1969137587
https://openalex.org/W1974767963
https://openalex.org/W1982073271
https://openalex.org/W1984051694
https://openalex.org/W1986574750
https://openalex.org/W1994006298
https://openalex.org/W2023039502
https://openalex.org/W2038102638
https://openalex.org/W2050036910
https://openalex.org/W2065131818
https://openalex.org/W2068963127
https://openalex.org/W2069617729
https://openalex.org/W2090207194
https://openalex.org/W2091453782
https://openalex.org/W2108136425
https://openalex.org/W2134274512
https://openalex.org/W2318277080
https://openalex.org/W2389628792
https://openalex.org/W2416778160
https://openalex.org/W2483960323
https://openalex.org/W2793763831
https://openalex.org/W2919590712
https://openalex.org/W2951853875
https://openalex.org/W3134455264
https://openalex.org/W3164960251
https://openalex.org/W3208814954
https://openalex.org/W4205731962
https://openalex.org/W4249474513
https://openalex.org/W4251498103
https://openalex.org/W4308209279
https://openalex.org/W1485903761
https://openalex.org/W1788075660
https://openalex.org/W1975486325
https://openalex.org/W1979187854
https://openalex.org/W2006767309
https://openalex.org/W2010590859
https://openalex.org/W2017936981
https://openalex.org/W2021559903
https://openalex.org/W2026457880
https://openalex.org/W2029574087
https://openalex.org/W2039331682
https://openalex.org/W2054758903
https://openalex.org/W2055326487
https://openalex.org/W2056987713
https://openalex.org/W2059619973
https://openalex.org/W2072602341
https://openalex.org/W2073641059
https://openalex.org/W2089424082
https://openalex.org/W2092235705
https://openalex.org/W2110820422
https://openalex.org/W2112636787
https://openalex.org/W2115447335
https://openalex.org/W2171553148
https://openalex.org/W2323636406
https://openalex.org/W2405985809
https://openalex.org/W2576314235
https://openalex.org/W2590860349
https://openalex.org/W2615825590
https://openalex.org/W2762841731
https://openalex.org/W2793620108
https://openalex.org/W2902964709
https://openalex.org/W2914886781
https://openalex.org/W2938118264
https://openalex.org/W2947496020
https://openalex.org/W2992943363
https://openalex.org/W3016888241
https://openalex.org/W3017389603
https://openalex.org/W3054530020
https://openalex.org/W3091942082
https://openalex.org/W3137195023
https://openalex.org/W4206584351
https://openalex.org/W4213182844
https://openalex.org/W4282918642
https://openalex.org/W138530069
https://openalex.org/W1509209363
https://openalex.org/W1712114855
https://openalex.org/W1981987570
https://openalex.org/W1985696006
https://openalex.org/W2001356147
https://openalex.org/W2001833257
https://openalex.org/W2026232704
https://openalex.org/W2052095705
https://openalex.org/W2053582869
https://openalex.org/W2058909106
https://openalex.org/W2066360494
https://openalex.org/W2067622966
https://openalex.org/W2076114158
https://openalex.org/W2082577419
https://openalex.org/W2102812883
https://openalex.org/W2112987574
https://openalex.org/W2119643442
https://openalex.org/W2125188843
https://openalex.org/W2141700820
https://openalex.org/W2145759205
https://openalex.org/W2295849681
https://openalex.org/W2321576163
https://openalex.org/W2418919635
https://openalex.org/W2622442898
https://openalex.org/W2741632062
https://openalex.org/W2768564824
https://openalex.org/W2889053693
https://openalex.org/W2921070294
https://openalex.org/W2949728773
https://openalex.org/W2979967801
https://openalex.org/W3092702366
https://openalex.org/W3102458775
https://openalex.org/W3127754866
https://openalex.org/W3170952885
https://openalex.org/W3198510501
https://openalex.org/W1759161252
https://openalex.org/W1968678672
https://openalex.org/W1997368511
https://openalex.org/W2006071249
https://openalex.org/W2007823906
https://openalex.org/W2009433457
https://openalex.org/W2016314393
https://openalex.org/W2016930547
https://openalex.org/W2025161324
https://openalex.org/W2038052393
https://openalex.org/W2040691824
https://openalex.org/W2043259001
https://openalex.org/W2046843258
https://openalex.org/W2056451828
https://openalex.org/W2062857591
https://openalex.org/W2063507722
https://openalex.org/W2065495600
https://openalex.org/W2070009127
https://openalex.org/W2084799648
https://openalex.org/W2091834366
https://openalex.org/W2121490865
https://openalex.org/W2124006362
https://openalex.org/W2159427191
https://openalex.org/W2171259511
https://openalex.org/W2317950669
https://openalex.org/W2395847118
https://openalex.org/W2412121700
https://openalex.org/W2564793703
https://openalex.org/W2610955150
https://openalex.org/W2755006311
https://openalex.org/W2883941606
https://openalex.org/W2884083389
https://openalex.org/W2890867667
https://openalex.org/W2967925847
https://openalex.org/W2990261404
https://openalex.org/W3025285158
https://openalex.org/W3087737424
https://openalex.org/W3151459895
https://openalex.org/W3164258788
https://openalex.org/W3184710857
https://openalex.org/W3202978488
https://openalex.org/W4239871343
https://openalex.org/W4280599106
https://openalex.org/W140796295
https://openalex.org/W144275910
https://openalex.org/W1830014782
https://openalex.org/W1940285125
https://openalex.org/W1966059147
https://openalex.org/W1982497079
https://openalex.org/W1995636503
https://openalex.org/W2021037115
https://openalex.org/W2047606529
https://openalex.org/W2054075777
https://openalex.org/W2062064479
https://openalex.org/W2067334895
https://openalex.org/W2078177166
https://openalex.org/W2091712454
https://openalex.org/W2098591335
https://openalex.org/W2113153610
https://openalex.org/W2117858431
https://openalex.org/W2138272321
https://openalex.org/W2166577662
https://openalex.org/W2564357299
https://openalex.org/W2603010800
https://openalex.org/W2732612903
https://openalex.org/W2810088916
https://openalex.org/W2888270424
https://openalex.org/W2914501688
https://openalex.org/W2919670929
https://openalex.org/W2947522550
https://openalex.org/W2950465903
https://openalex.org/W2954623207
https://openalex.org/W2964571813
https://openalex.org/W2969838772
https://openalex.org/W2980695417
https://openalex.org/W2987382367
https://openalex.org/W3015872513
https://openalex.org/W3044175378
https://openalex.org/W3134965259
https://openalex.org/W3153035996
https://openalex.org/W3162737360
https://openalex.org/W3163715802
https://openalex.org/W4205328602
https://openalex.org/W4242991111
https://openalex.org/W87747955
https://openalex.org/W1502870395
https://openalex.org/W1543283434
https://openalex.org/W1558985690
https://openalex.org/W1915290077
https://openalex.org/W1965968866
https://openalex.org/W1966597626
https://openalex.org/W1977048493
https://openalex.org/W1979060717
https://openalex.org/W1979699339
https://openalex.org/W1985562128
https://openalex.org/W1995375913
https://openalex.org/W2010529152
https://openalex.org/W2017821369
https://openalex.org/W2023010125
https://openalex.org/W2033738683
https://openalex.org/W2053375377
https://openalex.org/W2057907483
https://openalex.org/W2079871400
https://openalex.org/W2081545229
https://openalex.org/W2119612422
https://openalex.org/W2132534323
https://openalex.org/W2165347539
https://openalex.org/W2259959521
https://openalex.org/W2313672476
https://openalex.org/W2344371917
https://openalex.org/W2379641682
https://openalex.org/W2518665868
https://openalex.org/W2529466976
https://openalex.org/W2589549041
https://openalex.org/W2752418385
https://openalex.org/W2765480003
https://openalex.org/W2785269911
https://openalex.org/W2888499655
https://openalex.org/W2895790017
https://openalex.org/W2909552685
https://openalex.org/W2941947794
https://openalex.org/W2945791304
https://openalex.org/W2960973249
https://openalex.org/W2971299739
https://openalex.org/W2990240126
https://openalex.org/W3003989755
https://openalex.org/W3013433125
https://openalex.org/W3112215430
https://openalex.org/W3134890267
https://openalex.org/W3184564537
https://openalex.org/W3194374579
https://openalex.org/W4214667310
https://openalex.org/W4297359767
https://openalex.org/W1631642545
https://openalex.org/W1695978760
https://openalex.org/W1727395303
https://openalex.org/W1764222576
https://openalex.org/W1948376941
https://openalex.org/W1971585597
https://openalex.org/W1976414803
https://openalex.org/W1985361860
https://openalex.org/W1998252630
https://openalex.org/W2004701896
https://openalex.org/W2013359248
https://openalex.org/W2020954381
https://openalex.org/W2040658791
https://openalex.org/W2044913011
https://openalex.org/W2048665993
https://openalex.org/W2051046068
https://openalex.org/W2065542333
https://openalex.org/W2074476151
https://openalex.org/W2075226848
https://openalex.org/W2082648413
https://openalex.org/W2085195412
https://openalex.org/W2086155271
https://openalex.org/W2104077501
https://openalex.org/W2104712834
https://openalex.org/W2107764745
https://openalex.org/W2130265025
https://openalex.org/W2163686639
https://openalex.org/W2186348325
https://openalex.org/W2313147910
https://openalex.org/W2321574516
https://openalex.org/W2345101118
https://openalex.org/W2407268770
https://openalex.org/W2417517195
https://openalex.org/W2444149964
https://openalex.org/W2505068179
https://openalex.org/W2524482360
https://openalex.org/W2558796399
https://openalex.org/W2589057659
https://openalex.org/W2613543212
https://openalex.org/W2760410542
https://openalex.org/W3028834351
https://openalex.org/W3036941636
https://openalex.org/W3049171925
https://openalex.org/W3086086011
https://openalex.org/W3097660390
https://openalex.org/W3108169644
https://openalex.org/W3182917457
https://openalex.org/W3193998270
https://openalex.org/W4206008937
https://openalex.org/W4213286786
https://openalex.org/W4225426317
https://openalex.org/W4241997210
https://openalex.org/W4281612903
https://openalex.org/W1581488550
https://openalex.org/W1583318051
https://openalex.org/W1594508384
https://openalex.org/W1808786573
https://openalex.org/W1963577022
https://openalex.org/W1972467047
https://openalex.org/W198606985
https://openalex.org/W1995508119
https://openalex.org/W1998422523
https://openalex.org/W2002665085
https://openalex.org/W2004857932
https://openalex.org/W2009008562
https://openalex.org/W2024350616
https://openalex.org/W2027533649
https://openalex.org/W2033742018
https://openalex.org/W2038156171
https://openalex.org/W2057950220
https://openalex.org/W2061153987
https://openalex.org/W2068627763
https://openalex.org/W2082027986
https://openalex.org/W2099722116
https://openalex.org/W2104096900
https://openalex.org/W2116831543
https://openalex.org/W2117167047
https://openalex.org/W2162242825
https://openalex.org/W2165726800
https://openalex.org/W2265778108
https://openalex.org/W2296019156
https://openalex.org/W2315739653
https://openalex.org/W2335588531
https://openalex.org/W2337970359
https://openalex.org/W2401338167
https://openalex.org/W2474931197
https://openalex.org/W2550380480
https://openalex.org/W2803569339
https://openalex.org/W2807207632
https://openalex.org/W2897345794
https://openalex.org/W2911695179
https://openalex.org/W2977862964
https://openalex.org/W2983020157
https://openalex.org/W2989268911
https://openalex.org/W2994201103
https://openalex.org/W3002202883
https://openalex.org/W3016169822
https://openalex.org/W3020074019
https://openalex.org/W3049339052
https://openalex.org/W3080470385
https://openalex.org/W3102556424
https://openalex.org/W3145596383
https://openalex.org/W3166288914
https://openalex.org/W3184198514
https://openalex.org/W4205108246
https://openalex.org/W1533605926
https://openalex.org/W1552016217
https://openalex.org/W1785960192
https://openalex.org/W1954224626
https://openalex.org/W1969181463
https://openalex.org/W1976457375
https://openalex.org/W1981963152
https://openalex.org/W1990625585
https://openalex.org/W1991106373
https://openalex.org/W1992761411
https://openalex.org/W1993563210
https://openalex.org/W2004734629
https://openalex.org/W2012684467
https://openalex.org/W2020136532
https://openalex.org/W2028312252
https://openalex.org/W2028565012
https://openalex.org/W2029452313
https://openalex.org/W2035306833
https://openalex.org/W2038970258
https://openalex.org/W2039502887
https://openalex.org/W2052350799
https://openalex.org/W2055859358
https://openalex.org/W2057029545
https://openalex.org/W2060331865
https://openalex.org/W2075915977
https://openalex.org/W2081524151
https://openalex.org/W2084962130
https://openalex.org/W2100586884
https://openalex.org/W2106519203
https://openalex.org/W2108475931
https://openalex.org/W2114141349
https://openalex.org/W2121951857
https://openalex.org/W2134348856
https://openalex.org/W2135818459
https://openalex.org/W2169494602
https://openalex.org/W2281459396
https://openalex.org/W2315815581
https://openalex.org/W2318462884
https://openalex.org/W2337842324
https://openalex.org/W2598113726
https://openalex.org/W2766173594
https://openalex.org/W2766391592
https://openalex.org/W2766838845
https://openalex.org/W2785698633
https://openalex.org/W2901071138
https://openalex.org/W2903777300
https://openalex.org/W2914790137
https://openalex.org/W2953640564
https://openalex.org/W2973530142
https://openalex.org/W3008175582
https://openalex.org/W3015564636
https://openalex.org/W3015703169
https://openalex.org/W3102404673
https://openalex.org/W3179826505
https://openalex.org/W3196179266
https://openalex.org/W4220664895
https://openalex.org/W4224325157
https://openalex.org/W4293730016
https://openalex.org/W1170836000
https://openalex.org/W1482281934
https://openalex.org/W1555259737
https://openalex.org/W1608565953
https://openalex.org/W1650279389
https://openalex.org/W1871194928
https://openalex.org/W1979017959
https://openalex.org/W1981653245
https://openalex.org/W1987870250
https://openalex.org/W1988194168
https://openalex.org/W2005313799
https://openalex.org/W2020667327
https://openalex.org/W2021273399
https://openalex.org/W2026261341
https://openalex.org/W2034197662
https://openalex.org/W2037045608
https://openalex.org/W2044409674
https://openalex.org/W2053705086
https://openalex.org/W2074781258
https://openalex.org/W2076529265
https://openalex.org/W2080119806
https://openalex.org/W2082944027
https://openalex.org/W2112877148
https://openalex.org/W2136248475
https://openalex.org/W2137639450
https://openalex.org/W2139055891
https://openalex.org/W2151200035
https://openalex.org/W2151416702
https://openalex.org/W2152292523
https://openalex.org/W2159101059
https://openalex.org/W2163870038
https://openalex.org/W2164286130
https://openalex.org/W2258318985
https://openalex.org/W2291277941
https://openalex.org/W2316424049
https://openalex.org/W2326010037
https://openalex.org/W2345613582
https://openalex.org/W2417989520
https://openalex.org/W2501609037
https://openalex.org/W2570105876
https://openalex.org/W2589371422
https://openalex.org/W2600821835
https://openalex.org/W2612275503
https://openalex.org/W2704086455
https://openalex.org/W2732462525
https://openalex.org/W2744717507
https://openalex.org/W2785582138
https://openalex.org/W2801276884
https://openalex.org/W2808435921
https://openalex.org/W2887920669
https://openalex.org/W2899471363
https://openalex.org/W2910399819
https://openalex.org/W2949102490
https://openalex.org/W2955785510
https://openalex.org/W2968781001
https://openalex.org/W2979629712
https://openalex.org/W2981617321
https://openalex.org/W3011492687
https://openalex.org/W3014815968
https://openalex.org/W3090925585
https://openalex.org/W3092571812
https://openalex.org/W3114759157
https://openalex.org/W3120302881
https://openalex.org/W3136217814
https://openalex.org/W3145091860
https://openalex.org/W3202605864
https://openalex.org/W3204943398
https://openalex.org/W4292264864
https://openalex.org/W4297229817
https://openalex.org/W4312082417
https://openalex.org/W45488698
https://openalex.org/W560726410
https://openalex.org/W117648977
https://openalex.org/W1711123749
https://openalex.org/W1784081157
https://openalex.org/W1923457571
https://openalex.org/W1928150936
https://openalex.org/W1937481811
https://openalex.org/W194852634
https://openalex.org/W1967931962
https://openalex.org/W1968566165
https://openalex.org/W1969250283
https://openalex.org/W1985549340
https://openalex.org/W1997739539
https://openalex.org/W1998303853
https://openalex.org/W1999364062
https://openalex.org/W2006687078
https://openalex.org/W2006767683
https://openalex.org/W2007286427
https://openalex.org/W2025800485
https://openalex.org/W2035650727
https://openalex.org/W2045669802
https://openalex.org/W2063573552
https://openalex.org/W2081622020
https://openalex.org/W2082026169
https://openalex.org/W2083929489
https://openalex.org/W2084980027
https://openalex.org/W2087236975
https://openalex.org/W2089404932
https://openalex.org/W2094476297
https://openalex.org/W2106095505
https://openalex.org/W2145152755
https://openalex.org/W2153086892
https://openalex.org/W2155584013
https://openalex.org/W2157127549
https://openalex.org/W2222780168
https://openalex.org/W2261698825
https://openalex.org/W2326672221
https://openalex.org/W2412695649
https://openalex.org/W2414232670
https://openalex.org/W246481239
https://openalex.org/W2483841877
https://openalex.org/W2498648502
https://openalex.org/W2590925466
https://openalex.org/W2618484085
https://openalex.org/W2731696346
https://openalex.org/W2794136044
https://openalex.org/W2795294888
https://openalex.org/W2886113791
https://openalex.org/W2887857795
https://openalex.org/W2889865327
https://openalex.org/W2897582587
https://openalex.org/W2900694112
https://openalex.org/W2901099788
https://openalex.org/W290208000
https://openalex.org/W2909363932
https://openalex.org/W2946616960
https://openalex.org/W2948378239
https://openalex.org/W2963077892
https://openalex.org/W2964360845
https://openalex.org/W2983125546
https://openalex.org/W3002164073
https://openalex.org/W3002919254
https://openalex.org/W3017164214
https://openalex.org/W3017751502
https://openalex.org/W3025290343
https://openalex.org/W3045741915
https://openalex.org/W3049030919
https://openalex.org/W3086864722
https://openalex.org/W3094521204
https://openalex.org/W3096535805
https://openalex.org/W3120232479
https://openalex.org/W3122687473
https://openalex.org/W3130516461
https://openalex.org/W3136820536
https://openalex.org/W3139932435
https://openalex.org/W3150104547
https://openalex.org/W3169186759
https://openalex.org/W3170304503
https://openalex.org/W3171659230
https://openalex.org/W3211497215
https://openalex.org/W4224271935
https://openalex.org/W4226136913
https://openalex.org/W4281706446
https://openalex.org/W4289529713
https://openalex.org/W69756214
https://openalex.org/W1847074160
https://openalex.org/W1864499029
https://openalex.org/W1966136916
https://openalex.org/W1967526929
https://openalex.org/W1970703681
https://openalex.org/W1979350832
https://openalex.org/W1987365088
https://openalex.org/W1989182176
https://openalex.org/W2000561413
https://openalex.org/W2003238603
https://openalex.org/W2017720699
https://openalex.org/W2023695069
https://openalex.org/W2038080642
https://openalex.org/W2043490074
https://openalex.org/W2043774615
https://openalex.org/W2049307986
https://openalex.org/W2055990811
https://openalex.org/W2060453197
https://openalex.org/W2072056660
https://openalex.org/W2076342734
https://openalex.org/W2081873773
https://openalex.org/W2086319067
https://openalex.org/W2092292747
https://openalex.org/W2101251306
https://openalex.org/W2104684787
https://openalex.org/W2106636658
https://openalex.org/W2114434752
https://openalex.org/W2120667381
https://openalex.org/W2123479803
https://openalex.org/W2129525425
https://openalex.org/W2136017070
https://openalex.org/W2158507833
https://openalex.org/W2213685036
https://openalex.org/W2286439849
https://openalex.org/W2321103375
https://openalex.org/W2334250375
https://openalex.org/W2336341301
https://openalex.org/W2408564455
https://openalex.org/W2416342416
https://openalex.org/W2416446503
https://openalex.org/W2417040871
https://openalex.org/W2471073614
https://openalex.org/W2496927264
https://openalex.org/W2526119406
https://openalex.org/W2551131842
https://openalex.org/W2605973024
https://openalex.org/W2800273900
https://openalex.org/W2806445786
https://openalex.org/W2897094799
https://openalex.org/W2956885133
https://openalex.org/W3011379056
https://openalex.org/W3014488763
https://openalex.org/W3014672312
https://openalex.org/W3023882272
https://openalex.org/W3031257658
https://openalex.org/W3034011358
https://openalex.org/W304364762
https://openalex.org/W3080467750
https://openalex.org/W3081011784
https://openalex.org/W3087736886
https://openalex.org/W3123062098
https://openalex.org/W3125428379
https://openalex.org/W3128508560
https://openalex.org/W3135041224
https://openalex.org/W3154466253
https://openalex.org/W3170822730
https://openalex.org/W3174934054
https://openalex.org/W3182148506
https://openalex.org/W4206502580
https://openalex.org/W4220891002
https://openalex.org/W4220942624
https://openalex.org/W4224314825
https://openalex.org/W4238967524
https://openalex.org/W4292260102
https://openalex.org/W4297002556
https://openalex.org/W4301153488
https://openalex.org/W4302303763
https://openalex.org/W4306165921
https://openalex.org/W4311725283
https://openalex.org/W4320920545
https://openalex.org/W69411837
https://openalex.org/W1501383112
https://openalex.org/W1561128387
https://openalex.org/W1648519643
https://openalex.org/W1709467564
https://openalex.org/W1814153841
https://openalex.org/W1889901170
https://openalex.org/W1910660297
https://openalex.org/W1948262365
https://openalex.org/W1952779226
https://openalex.org/W1973401783
https://openalex.org/W1979555044
https://openalex.org/W197977137
https://openalex.org/W1980521233
https://openalex.org/W1984574639
https://openalex.org/W1985404246
https://openalex.org/W1986600247
https://openalex.org/W1990935101
https://openalex.org/W1995468839
https://openalex.org/W2000973102
https://openalex.org/W2009724051
https://openalex.org/W2036204047
https://openalex.org/W2038260099
https://openalex.org/W2042929000
https://openalex.org/W2045532734
https://openalex.org/W2052824854
https://openalex.org/W2072179513
https://openalex.org/W2083969400
https://openalex.org/W2086431242
https://openalex.org/W2089649329
https://openalex.org/W2102083143
https://openalex.org/W2137814349
https://openalex.org/W2139581798
https://openalex.org/W2184465782
https://openalex.org/W2239889709
https://openalex.org/W2246263915
https://openalex.org/W2248850446
https://openalex.org/W2264765215
https://openalex.org/W2314433118
https://openalex.org/W2322633517
https://openalex.org/W2323700455
https://openalex.org/W2397325099
https://openalex.org/W2407548527
https://openalex.org/W2407786338
https://openalex.org/W2409844038
https://openalex.org/W2429058973
https://openalex.org/W2468065820
https://openalex.org/W2532135752
https://openalex.org/W2557982191
https://openalex.org/W2735053682
https://openalex.org/W2765822935
https://openalex.org/W2767318092
https://openalex.org/W2793958931
https://openalex.org/W2796866983
https://openalex.org/W2800856822
https://openalex.org/W2808959418
https://openalex.org/W2891235684
https://openalex.org/W2891625517
https://openalex.org/W2898627833
https://openalex.org/W2921102160
https://openalex.org/W2937536375
https://openalex.org/W2944486718
https://openalex.org/W2992872305
https://openalex.org/W3022638856
https://openalex.org/W3024240397
https://openalex.org/W3036219976
https://openalex.org/W3041231325
https://openalex.org/W3042123527
https://openalex.org/W3104925579
https://openalex.org/W3105914661
https://openalex.org/W3112379301
https://openalex.org/W3115475722
https://openalex.org/W3131864985
https://openalex.org/W3164674171
https://openalex.org/W3178104064
https://openalex.org/W3184677299
https://openalex.org/W3189801200
https://openalex.org/W3217314061
https://openalex.org/W4200413901
https://openalex.org/W4205920553
https://openalex.org/W4211134558
https://openalex.org/W4284676318
https://openalex.org/W4289730894
https://openalex.org/W4295004766
https://openalex.org/W4296157897
https://openalex.org/W4297473593
https://openalex.org/W4304003181
https://openalex.org/W4307704058
https://openalex.org/W4310962104
https://openalex.org/W4312212132
https://openalex.org/W4313257095
https://openalex.org/W4313545460
https://openalex.org/W4317809508
https://openalex.org/W4366461313
https://openalex.org/W4376134193
https://openalex.org/W575211817
https://openalex.org/W118876662
https://openalex.org/W1467253539
https://openalex.org/W1486024477
https://openalex.org/W1513126569
https://openalex.org/W1544362296
https://openalex.org/W1853055894
https://openalex.org/W1880585612
https://openalex.org/W1964803368
https://openalex.org/W1989862990
https://openalex.org/W1992589055
https://openalex.org/W1994713572
https://openalex.org/W2000584922
https://openalex.org/W2000989654
https://openalex.org/W2002990794
https://openalex.org/W2004734282
https://openalex.org/W2008011239
https://openalex.org/W2009182062
https://openalex.org/W2009464783
https://openalex.org/W2014514999
https://openalex.org/W2015469159
https://openalex.org/W2023241021
https://openalex.org/W2026649636
https://openalex.org/W2032187445
https://openalex.org/W2035169943
https://openalex.org/W2036982915
https://openalex.org/W2039697153
https://openalex.org/W2045147710
https://openalex.org/W2045404113
https://openalex.org/W2046503871
https://openalex.org/W2053222243
https://openalex.org/W2054031635
https://openalex.org/W2059657411
https://openalex.org/W2060033735
https://openalex.org/W2065424802
https://openalex.org/W2069368154
https://openalex.org/W2080987037
https://openalex.org/W2081481653
https://openalex.org/W2084775125
https://openalex.org/W2086606736
https://openalex.org/W2089124947
https://openalex.org/W2090587263
https://openalex.org/W2095307561
https://openalex.org/W2120602360
https://openalex.org/W2127222685
https://openalex.org/W2136284783
https://openalex.org/W2139544133
https://openalex.org/W2141637128
https://openalex.org/W2141958342
https://openalex.org/W2148665631
https://openalex.org/W2176596933
https://openalex.org/W2186368212
https://openalex.org/W2189036101
https://openalex.org/W2244617941
https://openalex.org/W2287531589
https://openalex.org/W2306045595
https://openalex.org/W2312839778
https://openalex.org/W2339355244
https://openalex.org/W2408527196
https://openalex.org/W2410738585
https://openalex.org/W2411903290
https://openalex.org/W2413586992
https://openalex.org/W2413923072
https://openalex.org/W2414313421
https://openalex.org/W2414577655
https://openalex.org/W2420488444
https://openalex.org/W2423012246
https://openalex.org/W2600851617
https://openalex.org/W2602600739
https://openalex.org/W2617796260
https://openalex.org/W2622044233
https://openalex.org/W2761496042
https://openalex.org/W2781949404
https://openalex.org/W278493060
https://openalex.org/W2790991351
https://openalex.org/W2803655483
https://openalex.org/W2803709906
https://openalex.org/W2804453659
https://openalex.org/W2819970347
https://openalex.org/W2889618036
https://openalex.org/W2895919429
https://openalex.org/W2898303201
https://openalex.org/W2901042527
https://openalex.org/W2908639651
https://openalex.org/W2912532427
https://openalex.org/W2943787661
https://openalex.org/W2948946881
https://openalex.org/W2952222136
https://openalex.org/W2955129872
https://openalex.org/W2981550333
https://openalex.org/W2981562729
https://openalex.org/W2984349219
https://openalex.org/W3013082616
https://openalex.org/W3017711026
https://openalex.org/W3027237930
https://openalex.org/W3082593071
https://openalex.org/W3092367724
https://openalex.org/W3107577261
https://openalex.org/W3110679611
https://openalex.org/W3111671176
https://openalex.org/W3112496312
https://openalex.org/W3120303568
https://openalex.org/W3155545567
https://openalex.org/W3159289453
https://openalex.org/W3168953023
https://openalex.org/W3184650394
https://openalex.org/W3190729152
https://openalex.org/W3205839597
https://openalex.org/W3211806812
https://openalex.org/W3213605438
https://openalex.org/W4200408240
https://openalex.org/W4223611761
https://openalex.org/W4224318951
https://openalex.org/W4229687782
https://openalex.org/W4252978700
https://openalex.org/W4282930656
https://openalex.org/W4283328948
https://openalex.org/W4294845561
https://openalex.org/W4307232968
https://openalex.org/W4308523224
https://openalex.org/W4309184597
https://openalex.org/W4383810233
https://openalex.org/W1124243481
https://openalex.org/W122999782
https://openalex.org/W1594802334
https://openalex.org/W1599297698
https://openalex.org/W1661989290
https://openalex.org/W1691815257
https://openalex.org/W174887160
https://openalex.org/W1975740653
https://openalex.org/W1975979843
https://openalex.org/W1988088063
https://openalex.org/W1993396399
https://openalex.org/W1994246939
https://openalex.org/W2002367039
https://openalex.org/W200313090
https://openalex.org/W2004399079
https://openalex.org/W2004913166
https://openalex.org/W2008519846
https://openalex.org/W2010575320
https://openalex.org/W2013490029
https://openalex.org/W2027406909
https://openalex.org/W2034671709
https://openalex.org/W2035039780
https://openalex.org/W2043288115
https://openalex.org/W2050287942
https://openalex.org/W2057925098
https://openalex.org/W2062006454
https://openalex.org/W2063275170
https://openalex.org/W2064895960
https://openalex.org/W2073890988
https://openalex.org/W2078269509
https://openalex.org/W2084709923
https://openalex.org/W2087769282
https://openalex.org/W2089190364
https://openalex.org/W2089713792
https://openalex.org/W2090830107
https://openalex.org/W2091392069
https://openalex.org/W2097111765
https://openalex.org/W2110171045
https://openalex.org/W2123618029
https://openalex.org/W2127348914
https://openalex.org/W2139976729
https://openalex.org/W2148944992
https://openalex.org/W2153607889
https://openalex.org/W2154444120
https://openalex.org/W2156316388
https://openalex.org/W2164654328
https://openalex.org/W2182584738
https://openalex.org/W2182734958
https://openalex.org/W2189104561
https://openalex.org/W2193631523
https://openalex.org/W2257409479
https://openalex.org/W2258585622
https://openalex.org/W2261302986
https://openalex.org/W2292611668
https://openalex.org/W2299398052
https://openalex.org/W2312258245
https://openalex.org/W2314458202
https://openalex.org/W2321491366
https://openalex.org/W2324323941
https://openalex.org/W2344391622
https://openalex.org/W2384787488
https://openalex.org/W2396205913
https://openalex.org/W2399448042
https://openalex.org/W2413443033
https://openalex.org/W2415038293
https://openalex.org/W2419563901
https://openalex.org/W2426309363
https://openalex.org/W244061953
https://openalex.org/W2464587211
https://openalex.org/W2546820767
https://openalex.org/W2547840326
https://openalex.org/W2570078052
https://openalex.org/W2586813595
https://openalex.org/W2588243155
https://openalex.org/W2590354974
https://openalex.org/W2689475623
https://openalex.org/W2729562756
https://openalex.org/W2730927238
https://openalex.org/W2763026065
https://openalex.org/W2777496629
https://openalex.org/W2781893363
https://openalex.org/W2883481501
https://openalex.org/W2891531514
https://openalex.org/W2912252138
https://openalex.org/W2914437680
https://openalex.org/W2942950066
https://openalex.org/W2943492984
https://openalex.org/W2955673400
https://openalex.org/W2973163827
https://openalex.org/W2974373490
https://openalex.org/W2975790822
https://openalex.org/W2998033887
https://openalex.org/W3000321261
https://openalex.org/W3005222795
https://openalex.org/W3023514469
https://openalex.org/W3031481892
https://openalex.org/W3046808409
https://openalex.org/W3100233240
https://openalex.org/W3105263273
https://openalex.org/W3109932450
https://openalex.org/W3110483634
https://openalex.org/W3119241793
https://openalex.org/W3122500120
https://openalex.org/W3122927896
https://openalex.org/W3130241815
https://openalex.org/W3138740558
https://openalex.org/W3148143985
https://openalex.org/W3156747783
https://openalex.org/W3180378600
https://openalex.org/W3191523665
https://openalex.org/W3194971462
https://openalex.org/W3201066573
https://openalex.org/W3208961897
https://openalex.org/W3216374394
https://openalex.org/W4200331951
https://openalex.org/W4213044806
https://openalex.org/W4214920943
https://openalex.org/W4220840936
https://openalex.org/W4221017897
https://openalex.org/W4224282162
https://openalex.org/W4243312067
https://openalex.org/W4249997071
https://openalex.org/W4285010241
https://openalex.org/W4290792319
https://openalex.org/W4292609340
https://openalex.org/W4294991764
https://openalex.org/W4295063244
https://openalex.org/W4296548362
https://openalex.org/W4302304793
https://openalex.org/W4304165622
https://openalex.org/W4307366353
https://openalex.org/W4308174777
https://openalex.org/W4313508358
https://openalex.org/W4328051927
https://openalex.org/W4378745403
https://openalex.org/W4382502444
https://openalex.org/W136642627
https://openalex.org/W1440559722
https://openalex.org/W1505317000
https://openalex.org/W1558505455
https://openalex.org/W170363613
https://openalex.org/W181417258
https://openalex.org/W1965231717
https://openalex.org/W1969106998
https://openalex.org/W1970537694
https://openalex.org/W1973075926
https://openalex.org/W1976112576
https://openalex.org/W1976162724
https://openalex.org/W1976251341
https://openalex.org/W1983634822
https://openalex.org/W1985364939
https://openalex.org/W1985833142
https://openalex.org/W1989518709
https://openalex.org/W1991050955
https://openalex.org/W1993236102
https://openalex.org/W1995096519
https://openalex.org/W200520128
https://openalex.org/W2012356451
https://openalex.org/W2013946864
https://openalex.org/W2017618619
https://openalex.org/W2021831343
https://openalex.org/W2030600794
https://openalex.org/W2033025034
https://openalex.org/W2033874029
https://openalex.org/W2047665950
https://openalex.org/W2048703823
https://openalex.org/W2050045369
https://openalex.org/W2059961860
https://openalex.org/W2061130365
https://openalex.org/W2067284365
https://openalex.org/W2077005337
https://openalex.org/W2077383558
https://openalex.org/W2079612395
https://openalex.org/W2084340800
https://openalex.org/W2084787012
https://openalex.org/W2085938081
https://openalex.org/W2095040907
https://openalex.org/W2098820283
https://openalex.org/W2102170342
https://openalex.org/W2103034245
https://openalex.org/W2116740468
https://openalex.org/W2127657544
https://openalex.org/W2141675959
https://openalex.org/W2144070954
https://openalex.org/W2146008264
https://openalex.org/W2220731565
https://openalex.org/W2247929118
https://openalex.org/W2254090837
https://openalex.org/W2259753342
https://openalex.org/W2261854500
https://openalex.org/W2284212499
https://openalex.org/W2298237579
https://openalex.org/W2313793253
https://openalex.org/W2315418952
https://openalex.org/W2316519552
https://openalex.org/W2325531487
https://openalex.org/W2326698119
https://openalex.org/W2333940824
https://openalex.org/W2352852683
https://openalex.org/W2359782363
https://openalex.org/W2371747161
https://openalex.org/W2380687732
https://openalex.org/W2382158954
https://openalex.org/W2407594270
https://openalex.org/W2408496545
https://openalex.org/W2414356357
https://openalex.org/W2415607332
https://openalex.org/W2417952289
https://openalex.org/W2418301029
https://openalex.org/W242119928
https://openalex.org/W2426301966
https://openalex.org/W2480953116
https://openalex.org/W2484632891
https://openalex.org/W2484678182
https://openalex.org/W2486896794
https://openalex.org/W2497840269
https://openalex.org/W2514307238
https://openalex.org/W2520520997
https://openalex.org/W2538980468
https://openalex.org/W2570734852
https://openalex.org/W2611346353
https://openalex.org/W2757104012
https://openalex.org/W2800617982
https://openalex.org/W28761788
https://openalex.org/W2890219134
https://openalex.org/W2894779804
https://openalex.org/W2897880075
https://openalex.org/W2910283829
https://openalex.org/W2911505379
https://openalex.org/W2919927312
https://openalex.org/W294080800
https://openalex.org/W2944061631
https://openalex.org/W2945541702
https://openalex.org/W2946668125
https://openalex.org/W2990922960
https://openalex.org/W2992047081
https://openalex.org/W2993696640
https://openalex.org/W2994336707
https://openalex.org/W2995329626
https://openalex.org/W2999339977
https://openalex.org/W3009354600
https://openalex.org/W301299851
https://openalex.org/W3031325083
https://openalex.org/W3037744895
https://openalex.org/W3047392611
https://openalex.org/W3059446020
https://openalex.org/W3082966191
https://openalex.org/W3099907196
https://openalex.org/W3110301916
https://openalex.org/W3118315133
https://openalex.org/W3118436826
https://openalex.org/W3120137484
https://openalex.org/W3123645877
https://openalex.org/W3135269410
https://openalex.org/W3135278477
https://openalex.org/W3135534349
https://openalex.org/W3143997269
https://openalex.org/W3158168874
https://openalex.org/W3164287897
https://openalex.org/W3165052512
https://openalex.org/W3181126239
https://openalex.org/W3197066917
https://openalex.org/W3199071900
https://openalex.org/W3204866269
https://openalex.org/W3204904047
https://openalex.org/W3207905921
https://openalex.org/W3211071450
https://openalex.org/W3213622246
https://openalex.org/W348903754
https://openalex.org/W4205103816
https://openalex.org/W4205833528
https://openalex.org/W4220919727
https://openalex.org/W4220942079
https://openalex.org/W4221048085
https://openalex.org/W4224308887
https://openalex.org/W4230719293
https://openalex.org/W4230981569
https://openalex.org/W4281764831
https://openalex.org/W4283319034
https://openalex.org/W4291340405
https://openalex.org/W4297240075
https://openalex.org/W4307440375
https://openalex.org/W4308624818
https://openalex.org/W4309491379
https://openalex.org/W4309518430
https://openalex.org/W4309613971
https://openalex.org/W4313451286
https://openalex.org/W4318589304
https://openalex.org/W4377293410
https://openalex.org/W4380764593
https://openalex.org/W4385761938
https://openalex.org/W581378957
https://openalex.org/W77358608
https://openalex.org/W79610030
https://openalex.org/W96224854
https://openalex.org/W1027596696
https://openalex.org/W112667378
https://openalex.org/W139618558
https://openalex.org/W140207368
https://openalex.org/W1440803898
https://openalex.org/W1488533955
https://openalex.org/W1489659826
https://openalex.org/W1520998773
https://openalex.org/W1545397496
https://openalex.org/W1578982607
https://openalex.org/W1598475436
https://openalex.org/W1632264496
https://openalex.org/W1751390591
https://openalex.org/W181282788
https://openalex.org/W1850433726
https://openalex.org/W1877518609
https://openalex.org/W1930350765
https://openalex.org/W1930821134
https://openalex.org/W1970817503
https://openalex.org/W1973860459
https://openalex.org/W1973997043
https://openalex.org/W1976238600
https://openalex.org/W1978519871
https://openalex.org/W1981608866
https://openalex.org/W1983026546
https://openalex.org/W1984259052
https://openalex.org/W1985330343
https://openalex.org/W1988454500
https://openalex.org/W1996439986
https://openalex.org/W1998570365
https://openalex.org/W2000229171
https://openalex.org/W2000848561
https://openalex.org/W2003229702
https://openalex.org/W2006362812
https://openalex.org/W2012088063
https://openalex.org/W2015605768
https://openalex.org/W2016925671
https://openalex.org/W2017533043
https://openalex.org/W2021348048
https://openalex.org/W2023112751
https://openalex.org/W2027109656
https://openalex.org/W2032752980
https://openalex.org/W2032842211
https://openalex.org/W2043122423
https://openalex.org/W2048919538
https://openalex.org/W2051505472
https://openalex.org/W2058865423
https://openalex.org/W2061283843
https://openalex.org/W2078565326
https://openalex.org/W2082884731
https://openalex.org/W2091406993
https://openalex.org/W2094310729
https://openalex.org/W2094706478
https://openalex.org/W2107856911
https://openalex.org/W2111408104
https://openalex.org/W2126075070
https://openalex.org/W2127347868
https://openalex.org/W2129007511
https://openalex.org/W2135979664
https://openalex.org/W2138390678
https://openalex.org/W2145056255
https://openalex.org/W2159332677
https://openalex.org/W2160984334
https://openalex.org/W2164465649
https://openalex.org/W2167864265
https://openalex.org/W2170938311
https://openalex.org/W2171762444
https://openalex.org/W2188160818
https://openalex.org/W2189571315
https://openalex.org/W2231557072
https://openalex.org/W2240825599
https://openalex.org/W2245053188
https://openalex.org/W2248893867
https://openalex.org/W2254926620
https://openalex.org/W2256369111
https://openalex.org/W2260930497
https://openalex.org/W2265021586
https://openalex.org/W2271616372
https://openalex.org/W2281127463
https://openalex.org/W2285517448
https://openalex.org/W2314406147
https://openalex.org/W2321476040
https://openalex.org/W2322682832
https://openalex.org/W2322819191
https://openalex.org/W2328876720
https://openalex.org/W2330351526
https://openalex.org/W2332592361
https://openalex.org/W2336628223
https://openalex.org/W2341571318
https://openalex.org/W2344913085
https://openalex.org/W2346487545
https://openalex.org/W2355287557
https://openalex.org/W2357643297
https://openalex.org/W2358364400
https://openalex.org/W2363160500
https://openalex.org/W2366812956
https://openalex.org/W2382639758
https://openalex.org/W2388002375
https://openalex.org/W2396575729
https://openalex.org/W2396881394
https://openalex.org/W2399831611
https://openalex.org/W2409445403
https://openalex.org/W2409508186
https://openalex.org/W2410361871
https://openalex.org/W2417578359
https://openalex.org/W2417755870
https://openalex.org/W2418449318
https://openalex.org/W2428017468
https://openalex.org/W2428850032
https://openalex.org/W2429220757
https://openalex.org/W2433134232
https://openalex.org/W2442891797
https://openalex.org/W2444008351
https://openalex.org/W2465341787
https://openalex.org/W2465432583
https://openalex.org/W2466158785
https://openalex.org/W2467156137
https://openalex.org/W2470790093
https://openalex.org/W2482748788
https://openalex.org/W2484047180
https://openalex.org/W2503846895
https://openalex.org/W2506782054
https://openalex.org/W2514417338
https://openalex.org/W2531435638
https://openalex.org/W2545158885
https://openalex.org/W2548054824
https://openalex.org/W2552529862
https://openalex.org/W2554818417
https://openalex.org/W2563802683
https://openalex.org/W2563947761
https://openalex.org/W2575577249
https://openalex.org/W2577857478
https://openalex.org/W2600709645
https://openalex.org/W2611832306
https://openalex.org/W2613143483
https://openalex.org/W2613371871
https://openalex.org/W2625276215
https://openalex.org/W2740500147
https://openalex.org/W2743124413
https://openalex.org/W275184179
https://openalex.org/W2762081775
https://openalex.org/W2790830462
https://openalex.org/W2801582324
https://openalex.org/W2811250655
https://openalex.org/W2865925397
https://openalex.org/W2890279458
https://openalex.org/W2890752291
https://openalex.org/W2894335675
https://openalex.org/W2897208341
https://openalex.org/W2898459202
https://openalex.org/W2903235857
https://openalex.org/W2906024593
https://openalex.org/W2908410142
https://openalex.org/W2913534918
https://openalex.org/W2943728499
https://openalex.org/W2945024304
https://openalex.org/W2946910315
https://openalex.org/W2950334793
https://openalex.org/W2953205005
https://openalex.org/W2955535929
https://openalex.org/W2965517047
https://openalex.org/W2966565316
https://openalex.org/W2980070392
https://openalex.org/W2981745317
https://openalex.org/W2995171153
https://openalex.org/W2998678079
https://openalex.org/W2998966016
https://openalex.org/W3013833063
https://openalex.org/W3017959603
https://openalex.org/W3028316498
https://openalex.org/W3037331235
https://openalex.org/W3041083572
https://openalex.org/W3041426578
https://openalex.org/W3080562131
https://openalex.org/W3094178506
https://openalex.org/W3098176334
https://openalex.org/W3098863041
https://openalex.org/W3103258132
https://openalex.org/W3103360139
https://openalex.org/W3104608345
https://openalex.org/W3108930803
https://openalex.org/W311297426
https://openalex.org/W3123646798
https://openalex.org/W3126433830
https://openalex.org/W3128564240
https://openalex.org/W3132971103
https://openalex.org/W3133917526
https://openalex.org/W3135443739
https://openalex.org/W3157015724
https://openalex.org/W3158256649
https://openalex.org/W3162242642
https://openalex.org/W3169641370
https://openalex.org/W3177999471
https://openalex.org/W3194805589
https://openalex.org/W3196375937
https://openalex.org/W3202680961
https://openalex.org/W3202873633
https://openalex.org/W3207816447
https://openalex.org/W3209817543
https://openalex.org/W3210536869
https://openalex.org/W334132815
https://openalex.org/W4200412612
https://openalex.org/W4200494933
https://openalex.org/W4205282898
https://openalex.org/W4205659485
https://openalex.org/W4206956772
https://openalex.org/W4210467195
https://openalex.org/W4210474063
https://openalex.org/W4211168277
https://openalex.org/W4214541856
https://openalex.org/W4214883636
https://openalex.org/W4226382717
https://openalex.org/W4229586668
https://openalex.org/W4233158532
https://openalex.org/W4233743602
https://openalex.org/W4236488646
https://openalex.org/W4240864454
https://openalex.org/W4242664431
https://openalex.org/W4243984858
https://openalex.org/W4249033970
https://openalex.org/W4251973002
https://openalex.org/W4256014788
https://openalex.org/W4281960900
https://openalex.org/W4283067147
https://openalex.org/W4283465123
https://openalex.org/W4283815363
https://openalex.org/W4283827857
https://openalex.org/W4284688953
https://openalex.org/W4292059337
https://openalex.org/W4293055702
https://openalex.org/W4293221301
https://openalex.org/W4293722104
https://openalex.org/W4293796288
https://openalex.org/W4294237127
https://openalex.org/W4306773858
https://openalex.org/W4307338132
https://openalex.org/W4307815502
https://openalex.org/W4309118998
https://openalex.org/W4309459892
https://openalex.org/W4309710985
https://openalex.org/W4309746171
https://openalex.org/W4311098185
https://openalex.org/W4312019944
https://openalex.org/W4313430725
https://openalex.org/W4317866137
https://openalex.org/W4318269856
https://openalex.org/W4323556839
https://openalex.org/W4324387186
https://openalex.org/W4353084633
https://openalex.org/W4360866975
https://openalex.org/W4366239100
https://openalex.org/W4366834463
https://openalex.org/W4376610029
https://openalex.org/W4379184619
https://openalex.org/W4379531655
https://openalex.org/W4381149513
https://openalex.org/W4382136572
https://openalex.org/W4382932850
https://openalex.org/W4385069565
https://openalex.org/W4385607506
https://openalex.org/W4386505453
https://openalex.org/W594331105
https://openalex.org/W72492583
https://openalex.org/W725091
https://openalex.org/W103452252
https://openalex.org/W1186097
https://openalex.org/W1234189730
https://openalex.org/W1270225644
https://openalex.org/W13802440
https://openalex.org/W1461259721
https://openalex.org/W1483191867
https://openalex.org/W1484138915
https://openalex.org/W1488081963
https://openalex.org/W149930607
https://openalex.org/W1503957000
https://openalex.org/W1508734047
https://openalex.org/W1514343143
https://openalex.org/W1515822022
https://openalex.org/W1525429427
https://openalex.org/W1532743995
https://openalex.org/W1534395393
https://openalex.org/W1545651106
https://openalex.org/W1546709166
https://openalex.org/W1547370270
https://openalex.org/W1552007654
https://openalex.org/W155714359
https://openalex.org/W1562297749
https://openalex.org/W1572162032
https://openalex.org/W1572297882
https://openalex.org/W1577883335
https://openalex.org/W1578464616
https://openalex.org/W1582261799
https://openalex.org/W1588580402
https://openalex.org/W1589866542
https://openalex.org/W1591778093
https://openalex.org/W1596735814
https://openalex.org/W1598435791
https://openalex.org/W1599376969
https://openalex.org/W1608591249
https://openalex.org/W1609943951
https://openalex.org/W1613590049
https://openalex.org/W1616176739
https://openalex.org/W1619982124
https://openalex.org/W1627470121
https://openalex.org/W1636025753
https://openalex.org/W1639199433
https://openalex.org/W1639636915
https://openalex.org/W165552939
https://openalex.org/W16654519
https://openalex.org/W1668663477
https://openalex.org/W1671809522
https://openalex.org/W1675411569
https://openalex.org/W1680618801
https://openalex.org/W174666522
https://openalex.org/W1751495619
https://openalex.org/W1768341592
https://openalex.org/W1782563293
https://openalex.org/W1806629587
https://openalex.org/W1808331824
https://openalex.org/W1809083908
https://openalex.org/W182612914
https://openalex.org/W1844140556
https://openalex.org/W1846688371
https://openalex.org/W1858048995
https://openalex.org/W1861917866
https://openalex.org/W1879172375
https://openalex.org/W188722771
https://openalex.org/W189776571
https://openalex.org/W1914431043
https://openalex.org/W1914893441
https://openalex.org/W1931951363
https://openalex.org/W1933392545
https://openalex.org/W1958793073
https://openalex.org/W1964572959
https://openalex.org/W1965911987
https://openalex.org/W1968291319
https://openalex.org/W1970692699
https://openalex.org/W1971473954
https://openalex.org/W1971933943
https://openalex.org/W1975288813
https://openalex.org/W1975669895
https://openalex.org/W1976231452
https://openalex.org/W1977163562
https://openalex.org/W197948139
https://openalex.org/W1981472700
https://openalex.org/W1982325918
https://openalex.org/W1983487123
https://openalex.org/W1983619467
https://openalex.org/W1984866967
https://openalex.org/W1985017433
https://openalex.org/W1987735076
https://openalex.org/W1987983757
https://openalex.org/W1989456071
https://openalex.org/W1989612141
https://openalex.org/W1991020691
https://openalex.org/W1992841317
https://openalex.org/W1995248852
https://openalex.org/W1999269153
https://openalex.org/W2000005119
https://openalex.org/W2000133510
https://openalex.org/W2001064359
https://openalex.org/W200213386
https://openalex.org/W2006343100
https://openalex.org/W2010032819
https://openalex.org/W2010133184
https://openalex.org/W2012019512
https://openalex.org/W2012025242
https://openalex.org/W2012118012
https://openalex.org/W2015720830
https://openalex.org/W2019257914
https://openalex.org/W2021843504
https://openalex.org/W2022162086
https://openalex.org/W2022888078
https://openalex.org/W2025639141
https://openalex.org/W2029777253
https://openalex.org/W2030492321
https://openalex.org/W2033329239
https://openalex.org/W2036017028
https://openalex.org/W2036581845
https://openalex.org/W2038394421
https://openalex.org/W2039022642
https://openalex.org/W2040517854
https://openalex.org/W2046338508
https://openalex.org/W2046806539
https://openalex.org/W2047361435
https://openalex.org/W2048200892
https://openalex.org/W2049182307
https://openalex.org/W2051571195
https://openalex.org/W2053801325
https://openalex.org/W2055004347
https://openalex.org/W2057309538
https://openalex.org/W2059166588
https://openalex.org/W2062511743
https://openalex.org/W2063206963
https://openalex.org/W2064470237
https://openalex.org/W2064906589
https://openalex.org/W2067312750
https://openalex.org/W2070257324
https://openalex.org/W2072799034
https://openalex.org/W2073936631
https://openalex.org/W2074329481
https://openalex.org/W2074877897
https://openalex.org/W2076802637
https://openalex.org/W2077361655
https://openalex.org/W2079849248
https://openalex.org/W2080546728
https://openalex.org/W2082840251
https://openalex.org/W2084310841
https://openalex.org/W2085765660
https://openalex.org/W2086250472
https://openalex.org/W2087498268
https://openalex.org/W2090111225
https://openalex.org/W2091092069
https://openalex.org/W2091535057
https://openalex.org/W2091565319
https://openalex.org/W2093098446
https://openalex.org/W2093800035
https://openalex.org/W2094293045
https://openalex.org/W2094630473
https://openalex.org/W2094895674
https://openalex.org/W2097841882
https://openalex.org/W2100494997
https://openalex.org/W2100792739
https://openalex.org/W2101336055
https://openalex.org/W2101348818
https://openalex.org/W2104080523
https://openalex.org/W2108868072
https://openalex.org/W2109152330
https://openalex.org/W2110505692
https://openalex.org/W2115617638
https://openalex.org/W2115798622
https://openalex.org/W2125570150
https://openalex.org/W2125624221
https://openalex.org/W2126318791
https://openalex.org/W2135081583
https://openalex.org/W2137584320
https://openalex.org/W2142291344
https://openalex.org/W2142984085
https://openalex.org/W2143954292
https://openalex.org/W2144310948
https://openalex.org/W2145912549
https://openalex.org/W2147257578
https://openalex.org/W2150051300
https://openalex.org/W2160786578
https://openalex.org/W2167003964
https://openalex.org/W2169094243
https://openalex.org/W2182986853
https://openalex.org/W2183633244
https://openalex.org/W2184553462
https://openalex.org/W2185038282
https://openalex.org/W2186581813
https://openalex.org/W2187171457
https://openalex.org/W2188002691
https://openalex.org/W2188403955
https://openalex.org/W2188609325
https://openalex.org/W2200037110
https://openalex.org/W2205453004
https://openalex.org/W2205934863
https://openalex.org/W2208486152
https://openalex.org/W2218450670
https://openalex.org/W2221641713
https://openalex.org/W2226791097
https://openalex.org/W2241903683
https://openalex.org/W2242205985
https://openalex.org/W2243708434
https://openalex.org/W2245188739
https://openalex.org/W2246611439
https://openalex.org/W2247946735
https://openalex.org/W2252417129
https://openalex.org/W2252926170
https://openalex.org/W2253771711
https://openalex.org/W2259396716
https://openalex.org/W2260046440
https://openalex.org/W2260758101
https://openalex.org/W2263683580
https://openalex.org/W2264243558
https://openalex.org/W2264832191
https://openalex.org/W2265355176
https://openalex.org/W2266072449
https://openalex.org/W2266122129
https://openalex.org/W2267520880
https://openalex.org/W2271323968
https://openalex.org/W2271755461
https://openalex.org/W2272350559
https://openalex.org/W2277335574
https://openalex.org/W2277670815
https://openalex.org/W2278411437
https://openalex.org/W2278541099
https://openalex.org/W2281084992
https://openalex.org/W2282664983
https://openalex.org/W2287939151
https://openalex.org/W2291130398
https://openalex.org/W2291452441
https://openalex.org/W2295151278
https://openalex.org/W2297542447
https://openalex.org/W2299564324
https://openalex.org/W2300184272
https://openalex.org/W2301996504
https://openalex.org/W2304615316
https://openalex.org/W2308149909
https://openalex.org/W2313701567
https://openalex.org/W2315401053
https://openalex.org/W2316201854
https://openalex.org/W2317310267
https://openalex.org/W2317740894
https://openalex.org/W2317759878
https://openalex.org/W2318478291
https://openalex.org/W2319467061
https://openalex.org/W2319826755
https://openalex.org/W2320892600
https://openalex.org/W2321828118
https://openalex.org/W2323038114
https://openalex.org/W2323601026
https://openalex.org/W2323626270
https://openalex.org/W2323728229
https://openalex.org/W2325094617
https://openalex.org/W2325633131
https://openalex.org/W232573311
https://openalex.org/W2325879256
https://openalex.org/W2326496698
https://openalex.org/W2328662582
https://openalex.org/W2328704757
https://openalex.org/W2328938193
https://openalex.org/W2329046341
https://openalex.org/W2329937296
https://openalex.org/W2329963306
https://openalex.org/W2331524306
https://openalex.org/W2332134102
https://openalex.org/W2332292586
https://openalex.org/W2333389659
https://openalex.org/W2333624990
https://openalex.org/W2333753243
https://openalex.org/W2333984156
https://openalex.org/W2334188297
https://openalex.org/W2334866948
https://openalex.org/W2335207687
https://openalex.org/W2335727762
https://openalex.org/W2336696116
https://openalex.org/W2338021090
https://openalex.org/W234094255
https://openalex.org/W2341236690
https://openalex.org/W2342463169
https://openalex.org/W2347228955
https://openalex.org/W2347274268
https://openalex.org/W2347485061
https://openalex.org/W2347547429
https://openalex.org/W2348044051
https://openalex.org/W2348104347
https://openalex.org/W2348296398
https://openalex.org/W2348513166
https://openalex.org/W2348532734
https://openalex.org/W2348550782
https://openalex.org/W2348566833
https://openalex.org/W2348735913
https://openalex.org/W2348759779
https://openalex.org/W2349037650
https://openalex.org/W2349184979
https://openalex.org/W2349323378
https://openalex.org/W2350737886
https://openalex.org/W2351051774
https://openalex.org/W2351320819
https://openalex.org/W2351340259
https://openalex.org/W2351425972
https://openalex.org/W2351848316
https://openalex.org/W2352238629
https://openalex.org/W2352434027
https://openalex.org/W2352439492
https://openalex.org/W2352703890
https://openalex.org/W2352862556
https://openalex.org/W2353589744
https://openalex.org/W2353650976
https://openalex.org/W2354190207
https://openalex.org/W2354438752
https://openalex.org/W2354565762
https://openalex.org/W2354666862
https://openalex.org/W2354789470
https://openalex.org/W2355300408
https://openalex.org/W2355370183
https://openalex.org/W2355830302
https://openalex.org/W2356021142
https://openalex.org/W2356172843
https://openalex.org/W2356214976
https://openalex.org/W2356377683
https://openalex.org/W2356554158
https://openalex.org/W2356704197
https://openalex.org/W2356856145
https://openalex.org/W2356945880
https://openalex.org/W2356973373
https://openalex.org/W2357192636
https://openalex.org/W2357279742
https://openalex.org/W2357454469
https://openalex.org/W2358180329
https://openalex.org/W2358798183
https://openalex.org/W2359134742
https://openalex.org/W2359287326
https://openalex.org/W2359288723
https://openalex.org/W2360225769
https://openalex.org/W2360516670
https://openalex.org/W2361043018
https://openalex.org/W2361209594
https://openalex.org/W2361303928
https://openalex.org/W2361600638
https://openalex.org/W2361935116
https://openalex.org/W2362511502
https://openalex.org/W2363488696
https://openalex.org/W2364008387
https://openalex.org/W2364076173
https://openalex.org/W2364526744
https://openalex.org/W2364734961
https://openalex.org/W2364972774
https://openalex.org/W2364989182
https://openalex.org/W2365076467
https://openalex.org/W2365128167
https://openalex.org/W2365160189
https://openalex.org/W2365463948
https://openalex.org/W2365866545
https://openalex.org/W2365940673
https://openalex.org/W2366252298
https://openalex.org/W2366295192
https://openalex.org/W2366574563
https://openalex.org/W2366713741
https://openalex.org/W2366814418
https://openalex.org/W2366993583
https://openalex.org/W2369074082
https://openalex.org/W2369095002
https://openalex.org/W2369232520
https://openalex.org/W2370373293
https://openalex.org/W2370650808
https://openalex.org/W2370943725
https://openalex.org/W2371354575
https://openalex.org/W2371595529
https://openalex.org/W2372103011
https://openalex.org/W2372249477
https://openalex.org/W2372387951
https://openalex.org/W2372500240
https://openalex.org/W2372958883
https://openalex.org/W2373611653
https://openalex.org/W2373775566
https://openalex.org/W2373819366
https://openalex.org/W2373842168
https://openalex.org/W2373848036
https://openalex.org/W2374020364
https://openalex.org/W2375271350
https://openalex.org/W2375288419
https://openalex.org/W2375811215
https://openalex.org/W2376049211
https://openalex.org/W2376051592
https://openalex.org/W2376466335
https://openalex.org/W2377776232
https://openalex.org/W2378559685
https://openalex.org/W2378610201
https://openalex.org/W2378630183
https://openalex.org/W2378852658
https://openalex.org/W2379191429
https://openalex.org/W2379434752
https://openalex.org/W2380202778
https://openalex.org/W2380389624
https://openalex.org/W2380394767
https://openalex.org/W2380404019
https://openalex.org/W2380734470
https://openalex.org/W2381230512
https://openalex.org/W2382067601
https://openalex.org/W2382388905
https://openalex.org/W2382509629
https://openalex.org/W2382641711
https://openalex.org/W2382942720
https://openalex.org/W2383281997
https://openalex.org/W2383535645
https://openalex.org/W2383572669
https://openalex.org/W2383596014
https://openalex.org/W2384053494
https://openalex.org/W2384094405
https://openalex.org/W2384921436
https://openalex.org/W2385827545
https://openalex.org/W2385989096
https://openalex.org/W2386409555
https://openalex.org/W2386843902
https://openalex.org/W2387111485
https://openalex.org/W2387152942
https://openalex.org/W2387290736
https://openalex.org/W2387640951
https://openalex.org/W2387998371
https://openalex.org/W2388295401
https://openalex.org/W2388343267
https://openalex.org/W2388747599
https://openalex.org/W2389165160
https://openalex.org/W2389255403
https://openalex.org/W2389462060
https://openalex.org/W2389890713
https://openalex.org/W2390048620
https://openalex.org/W2390176358
https://openalex.org/W2390317050
https://openalex.org/W2390419041
https://openalex.org/W2390763500
https://openalex.org/W2390781850
https://openalex.org/W2391290053
https://openalex.org/W2391595829
https://openalex.org/W2391596819
https://openalex.org/W2391915503
https://openalex.org/W2391935281
https://openalex.org/W2392001080
https://openalex.org/W2392072423
https://openalex.org/W2392551757
https://openalex.org/W2393092425
https://openalex.org/W2393573966
https://openalex.org/W2394329405
https://openalex.org/W2395360305
https://openalex.org/W2396185196
https://openalex.org/W2398728904
https://openalex.org/W2400151226
https://openalex.org/W2400439436
https://openalex.org/W2402016058
https://openalex.org/W2402761859
https://openalex.org/W2403619815
https://openalex.org/W2404950964
https://openalex.org/W2405417130
https://openalex.org/W2409049090
https://openalex.org/W2409993400
https://openalex.org/W2410414678
https://openalex.org/W2410849868
https://openalex.org/W2411372839
https://openalex.org/W2411702592
https://openalex.org/W2412997457
https://openalex.org/W2414879378
https://openalex.org/W2414968949
https://openalex.org/W2415275703
https://openalex.org/W2415351305
https://openalex.org/W2416153119
https://openalex.org/W2416607028
https://openalex.org/W2416651603
https://openalex.org/W2417008497
https://openalex.org/W2417127382
https://openalex.org/W2417313055
https://openalex.org/W2418715844
https://openalex.org/W2418897392
https://openalex.org/W2418899042
https://openalex.org/W2419592258
https://openalex.org/W2423637755
https://openalex.org/W2424507785
https://openalex.org/W2426794404
https://openalex.org/W2437174055
https://openalex.org/W2439373499
https://openalex.org/W2442269500
https://openalex.org/W2460294264
https://openalex.org/W2463706075
https://openalex.org/W2463853081
https://openalex.org/W2464455139
https://openalex.org/W2464469976
https://openalex.org/W2464806741
https://openalex.org/W2466660003
https://openalex.org/W2466982636
https://openalex.org/W2467901777
https://openalex.org/W2467950478
https://openalex.org/W2468077518
https://openalex.org/W2468438188
https://openalex.org/W2469207162
https://openalex.org/W2473825727
https://openalex.org/W2474816745
https://openalex.org/W2475327391
https://openalex.org/W2475362101
https://openalex.org/W2478555137
https://openalex.org/W2480077008
https://openalex.org/W2481509008
https://openalex.org/W2481664132
https://openalex.org/W2482907194
https://openalex.org/W2483209817
https://openalex.org/W2486000886
https://openalex.org/W2490982230
https://openalex.org/W249178896
https://openalex.org/W2492987481
https://openalex.org/W2495153538
https://openalex.org/W2496693298
https://openalex.org/W2497471702
https://openalex.org/W2499189265
https://openalex.org/W250070
https://openalex.org/W2505527650
https://openalex.org/W2510874039
https://openalex.org/W2515122940
https://openalex.org/W2516888457
https://openalex.org/W2518722289
https://openalex.org/W2520535502
https://openalex.org/W2521275742
https://openalex.org/W2521290204
https://openalex.org/W2525731833
https://openalex.org/W2527762494
https://openalex.org/W2527781270
https://openalex.org/W2531571350
https://openalex.org/W2536711716
https://openalex.org/W2543255747
https://openalex.org/W2545714426
https://openalex.org/W2547201785
https://openalex.org/W2548015917
https://openalex.org/W2549423870
https://openalex.org/W2551446889
https://openalex.org/W2551947905
https://openalex.org/W2553907979
https://openalex.org/W2555169085
https://openalex.org/W2555956897
https://openalex.org/W2559393500
https://openalex.org/W2560674930
https://openalex.org/W2562560856
https://openalex.org/W2562687927
https://openalex.org/W2564541425
https://openalex.org/W2567105321
https://openalex.org/W2567209542
https://openalex.org/W2567280325
https://openalex.org/W2568742379
https://openalex.org/W2576837560
https://openalex.org/W2581083724
https://openalex.org/W2581758462
https://openalex.org/W2581896207
https://openalex.org/W2584726980
https://openalex.org/W2585150277
https://openalex.org/W2588718042
https://openalex.org/W2590198329
https://openalex.org/W2590803974
https://openalex.org/W2591343873
https://openalex.org/W2596525541
https://openalex.org/W2596810935
https://openalex.org/W2598498802
https://openalex.org/W2598867286
https://openalex.org/W2599200127
https://openalex.org/W2600483591
https://openalex.org/W2600602403
https://openalex.org/W2602795081
https://openalex.org/W2603298613
https://openalex.org/W2604215589
https://openalex.org/W2605471728
https://openalex.org/W2606131565
https://openalex.org/W2606537809
https://openalex.org/W2607380209
https://openalex.org/W2608226714
https://openalex.org/W2609868837
https://openalex.org/W2610254123
https://openalex.org/W2613810088
https://openalex.org/W2614589160
https://openalex.org/W2618501159
https://openalex.org/W2619318050
https://openalex.org/W2619693519
https://openalex.org/W2622053907
https://openalex.org/W2622716803
https://openalex.org/W2623404037
https://openalex.org/W2623541126
https://openalex.org/W2626349353
https://openalex.org/W2646826683
https://openalex.org/W2648911860
https://openalex.org/W2656457056
https://openalex.org/W2712701508
https://openalex.org/W2730806622
https://openalex.org/W2735032522
https://openalex.org/W2740464746
https://openalex.org/W2742912252
https://openalex.org/W2743616847
https://openalex.org/W2743865685
https://openalex.org/W2744421329
https://openalex.org/W2744794249
https://openalex.org/W2746404147
https://openalex.org/W2747816111
https://openalex.org/W2748434359
https://openalex.org/W2748756130
https://openalex.org/W2749380247
https://openalex.org/W2749615340
https://openalex.org/W2749782048
https://openalex.org/W2750183688
https://openalex.org/W2751541956
https://openalex.org/W2752149723
https://openalex.org/W2752246553
https://openalex.org/W2752276737
https://openalex.org/W2752292347
https://openalex.org/W2752841214
https://openalex.org/W2753486326
https://openalex.org/W2753610562
https://openalex.org/W2756094408
https://openalex.org/W2758471796
https://openalex.org/W2763494458
https://openalex.org/W2765195095
https://openalex.org/W2766451328
https://openalex.org/W2767293339
https://openalex.org/W2767353369
https://openalex.org/W2767471758
https://openalex.org/W2767543803
https://openalex.org/W2767621806
https://openalex.org/W2767628506
https://openalex.org/W2767704053
https://openalex.org/W2767863811
https://openalex.org/W2768024339
https://openalex.org/W2768117821
https://openalex.org/W2769458254
https://openalex.org/W2770591329
https://openalex.org/W2772546430
https://openalex.org/W2774215927
https://openalex.org/W2777063620
https://openalex.org/W2779532690
https://openalex.org/W2781771108
https://openalex.org/W2783331181
https://openalex.org/W2789627666
https://openalex.org/W2791404630
https://openalex.org/W2795815461
https://openalex.org/W2796373094
https://openalex.org/W2796736516
https://openalex.org/W2797870068
https://openalex.org/W2798793405
https://openalex.org/W2799119264
https://openalex.org/W2802321662
https://openalex.org/W2802569746
https://openalex.org/W280404299
https://openalex.org/W2805513885
https://openalex.org/W2806099029
https://openalex.org/W2806702219
https://openalex.org/W2808323155
https://openalex.org/W2809309545
https://openalex.org/W2809455110
https://openalex.org/W2811197997
https://openalex.org/W2811460826
https://openalex.org/W2885149278
https://openalex.org/W2885859318
https://openalex.org/W2886168997
https://openalex.org/W2887379654
https://openalex.org/W2889167971
https://openalex.org/W2889651295
https://openalex.org/W2889754878
https://openalex.org/W2891714077
https://openalex.org/W2891766701
https://openalex.org/W2892731371
https://openalex.org/W2895822434
https://openalex.org/W2896408246
https://openalex.org/W2896699011
https://openalex.org/W2896832382
https://openalex.org/W2900583006
https://openalex.org/W2900859221
https://openalex.org/W2901536115
https://openalex.org/W2901617374
https://openalex.org/W2904548851
https://openalex.org/W2905722456
https://openalex.org/W2906441335
https://openalex.org/W2906767458
https://openalex.org/W2906795476
https://openalex.org/W2907719450
https://openalex.org/W2908101005
https://openalex.org/W2908523950
https://openalex.org/W2912226298
https://openalex.org/W2912516880
https://openalex.org/W2913957174
https://openalex.org/W2914385896
https://openalex.org/W2915312449
https://openalex.org/W2916383797
https://openalex.org/W2916687718
https://openalex.org/W2916691300
https://openalex.org/W2917079664
https://openalex.org/W291756634
https://openalex.org/W2922037678
https://openalex.org/W2934072177
https://openalex.org/W2935913763
https://openalex.org/W2936654911
https://openalex.org/W2938147030
https://openalex.org/W2940851225
https://openalex.org/W2941667751
https://openalex.org/W2942112106
https://openalex.org/W2944029010
https://openalex.org/W2945243620
https://openalex.org/W2945351819
https://openalex.org/W2945708755
https://openalex.org/W2947107884
https://openalex.org/W2947285560
https://openalex.org/W2949267285
https://openalex.org/W2949457971
https://openalex.org/W2949808381
https://openalex.org/W2950412716
https://openalex.org/W2950609942
https://openalex.org/W2950771645
https://openalex.org/W2951246801
https://openalex.org/W2951330532
https://openalex.org/W2951866476
https://openalex.org/W2953475051
https://openalex.org/W2954657563
https://openalex.org/W2955249208
https://openalex.org/W2955497698
https://openalex.org/W2955517608
https://openalex.org/W2958014258
https://openalex.org/W2958515650
https://openalex.org/W2958811546
https://openalex.org/W2959279078
https://openalex.org/W2963145667
https://openalex.org/W2965824266
https://openalex.org/W2966756489
https://openalex.org/W2969572895
https://openalex.org/W2970128369
https://openalex.org/W2975702933
https://openalex.org/W2975745533
https://openalex.org/W2975934330
https://openalex.org/W2976208930
https://openalex.org/W2977244258
https://openalex.org/W2977288606
https://openalex.org/W2977729699
https://openalex.org/W2978147716
https://openalex.org/W2978790968
https://openalex.org/W2979844585
https://openalex.org/W2980039562
https://openalex.org/W2980323850
https://openalex.org/W2980634505
https://openalex.org/W2981300408
https://openalex.org/W2982146644
https://openalex.org/W2990004154
https://openalex.org/W2991535014
https://openalex.org/W2992567307
https://openalex.org/W2993980169
https://openalex.org/W2995470814
https://openalex.org/W2995698698
https://openalex.org/W2997547964
https://openalex.org/W2998561688
https://openalex.org/W2998580249
https://openalex.org/W2998727034
https://openalex.org/W2998936952
https://openalex.org/W2999610728
https://openalex.org/W3000773662
https://openalex.org/W3004402865
https://openalex.org/W3004657359
https://openalex.org/W3005367618
https://openalex.org/W3006084181
https://openalex.org/W3006941462
https://openalex.org/W3010169168
https://openalex.org/W3010425402
https://openalex.org/W3010514998
https://openalex.org/W3010950394
https://openalex.org/W3014506500
https://openalex.org/W3014608924
https://openalex.org/W3017544263
https://openalex.org/W3017745154
https://openalex.org/W3019485281
https://openalex.org/W3021602209
https://openalex.org/W3021996844
https://openalex.org/W30226232
https://openalex.org/W3022955353
https://openalex.org/W3023019418
https://openalex.org/W3023109810
https://openalex.org/W3023283467
https://openalex.org/W3023644860
https://openalex.org/W3024740523
https://openalex.org/W3025253300
https://openalex.org/W3025364751
https://openalex.org/W3026380381
https://openalex.org/W3026618076
https://openalex.org/W3028835745
https://openalex.org/W3029134475
https://openalex.org/W3029247110
https://openalex.org/W3029377245
https://openalex.org/W3029577059
https://openalex.org/W3029731563
https://openalex.org/W3030173774
https://openalex.org/W3030831534
https://openalex.org/W3030852849
https://openalex.org/W3030959376
https://openalex.org/W3032217963
https://openalex.org/W3032231289
https://openalex.org/W3032389526
https://openalex.org/W3032548348
https://openalex.org/W3034355490
https://openalex.org/W3035021934
https://openalex.org/W3037981927
https://openalex.org/W3039478788
https://openalex.org/W3040956020
https://openalex.org/W3041034997
https://openalex.org/W3041524178
https://openalex.org/W3043347674
https://openalex.org/W3048122083
https://openalex.org/W3048126733
https://openalex.org/W3061867614
https://openalex.org/W3081480195
https://openalex.org/W3081655449
https://openalex.org/W3081715492
https://openalex.org/W3081830103
https://openalex.org/W3081984039
https://openalex.org/W3082269444
https://openalex.org/W3082644609
https://openalex.org/W3083126091
https://openalex.org/W3084118479
https://openalex.org/W3085051787
https://openalex.org/W3085705388
https://openalex.org/W3087516108
https://openalex.org/W3087524908
https://openalex.org/W3088753572
https://openalex.org/W3088934445
https://openalex.org/W3089052620
https://openalex.org/W3090030337
https://openalex.org/W3091546265
https://openalex.org/W3091741760
https://openalex.org/W3093031320
https://openalex.org/W3094372011
https://openalex.org/W3094677781
https://openalex.org/W3095661311
https://openalex.org/W3095990477
https://openalex.org/W3097306848
https://openalex.org/W3097677793
https://openalex.org/W3099457992
https://openalex.org/W3099786561
https://openalex.org/W3100619742
https://openalex.org/W3100991117
https://openalex.org/W3102733915
https://openalex.org/W3104039224
https://openalex.org/W3107411151
https://openalex.org/W3108495040
https://openalex.org/W3110036674
https://openalex.org/W3110886693
https://openalex.org/W3111305722
https://openalex.org/W3114117204
https://openalex.org/W3114187684
https://openalex.org/W3114531581
https://openalex.org/W3114861065
https://openalex.org/W3116045644
https://openalex.org/W3117716351
https://openalex.org/W3118180680
https://openalex.org/W3120210986
https://openalex.org/W3121262439
https://openalex.org/W3121888316
https://openalex.org/W3121950450
https://openalex.org/W3122370054
https://openalex.org/W3122586604
https://openalex.org/W3122766126
https://openalex.org/W3123035663
https://openalex.org/W3123082090
https://openalex.org/W3123832877
https://openalex.org/W3123917899
https://openalex.org/W3124594238
https://openalex.org/W3124893994
https://openalex.org/W3125788133
https://openalex.org/W3125845008
https://openalex.org/W3126086916
https://openalex.org/W3127190804
https://openalex.org/W3128141912
https://openalex.org/W3128353492
https://openalex.org/W3128940079
https://openalex.org/W3133974074
https://openalex.org/W3134495185
https://openalex.org/W3135208881
https://openalex.org/W3137636744
https://openalex.org/W3137804782
https://openalex.org/W3138277056
https://openalex.org/W3138767054
https://openalex.org/W3139208071
https://openalex.org/W3140423641
https://openalex.org/W3147523532
https://openalex.org/W3149212375
https://openalex.org/W3149294517
https://openalex.org/W3151588008
https://openalex.org/W3154400371
https://openalex.org/W3154625634
https://openalex.org/W3156557565
https://openalex.org/W3156687966
https://openalex.org/W3156924674
https://openalex.org/W3158012730
https://openalex.org/W3158039602
https://openalex.org/W3158647230
https://openalex.org/W3160605044
https://openalex.org/W3162551956
https://openalex.org/W3163549199
https://openalex.org/W3164349478
https://openalex.org/W3165086042
https://openalex.org/W3166569693
https://openalex.org/W3167701992
https://openalex.org/W3170361459
https://openalex.org/W3170427421
https://openalex.org/W3170558800
https://openalex.org/W3170968876
https://openalex.org/W3171522561
https://openalex.org/W3171752914
https://openalex.org/W3171898760
https://openalex.org/W3172298282
https://openalex.org/W3172801712
https://openalex.org/W3173883302
https://openalex.org/W3174252438
https://openalex.org/W3175964074
https://openalex.org/W3176372845
https://openalex.org/W3176426516
https://openalex.org/W3176854847
https://openalex.org/W3177222649
https://openalex.org/W3177618511
https://openalex.org/W3178219577
https://openalex.org/W3178663532
https://openalex.org/W3178749705
https://openalex.org/W3181195795
https://openalex.org/W3181270044
https://openalex.org/W3181442761
https://openalex.org/W3182021246
https://openalex.org/W3182124499
https://openalex.org/W3182838184
https://openalex.org/W3182869159
https://openalex.org/W3183733456
https://openalex.org/W3183756026
https://openalex.org/W3184333586
https://openalex.org/W3185503078
https://openalex.org/W3185718426
https://openalex.org/W3185882360
https://openalex.org/W3186208240
https://openalex.org/W3187119577
https://openalex.org/W3189336809
https://openalex.org/W3189403449
https://openalex.org/W3189509377
https://openalex.org/W3190036053
https://openalex.org/W3190260811
https://openalex.org/W3191578261
https://openalex.org/W3193125455
https://openalex.org/W3193600625
https://openalex.org/W3194386585
https://openalex.org/W3195168079
https://openalex.org/W3195439728
https://openalex.org/W3196840530
https://openalex.org/W3196991654
https://openalex.org/W3197531351
https://openalex.org/W3197639655
https://openalex.org/W3200512812
https://openalex.org/W3200997122
https://openalex.org/W3201644158
https://openalex.org/W3202184285
https://openalex.org/W3202698342
https://openalex.org/W3202877898
https://openalex.org/W3203040647
https://openalex.org/W3204099368
https://openalex.org/W3204219888
https://openalex.org/W3204495563
https://openalex.org/W3204514600
https://openalex.org/W3205234069
https://openalex.org/W3205487854
https://openalex.org/W3207240306
https://openalex.org/W3207365241
https://openalex.org/W3207907339
https://openalex.org/W3208557519
https://openalex.org/W3208624402
https://openalex.org/W3208730629
https://openalex.org/W3208954814
https://openalex.org/W3209293976
https://openalex.org/W3210220367
https://openalex.org/W3210913144
https://openalex.org/W3212624111
https://openalex.org/W3213610134
https://openalex.org/W3217287360
https://openalex.org/W3217372839
https://openalex.org/W3217595124
https://openalex.org/W333893619
https://openalex.org/W344415103
https://openalex.org/W347718476
https://openalex.org/W347801728
https://openalex.org/W348276387
https://openalex.org/W355556516
https://openalex.org/W365319028
https://openalex.org/W386689912
https://openalex.org/W396180561
https://openalex.org/W404315681
https://openalex.org/W4200180186
https://openalex.org/W4200278729
https://openalex.org/W4200568197
https://openalex.org/W4205095745
https://openalex.org/W4205294395
https://openalex.org/W4205649610
https://openalex.org/W4205806933
https://openalex.org/W4206056112
https://openalex.org/W4206138262
https://openalex.org/W4206210630
https://openalex.org/W4206387159
https://openalex.org/W4206950704
https://openalex.org/W4210256365
https://openalex.org/W4210270554
https://openalex.org/W4210272974
https://openalex.org/W4210395842
https://openalex.org/W4210411959
https://openalex.org/W4210412242
https://openalex.org/W4210708179
https://openalex.org/W4210723379
https://openalex.org/W4210790879
https://openalex.org/W4210801037
https://openalex.org/W4211094259
https://openalex.org/W4213072345
https://openalex.org/W4213243213
https://openalex.org/W4213257950
https://openalex.org/W4213258731
https://openalex.org/W4214710514
https://openalex.org/W4214828428
https://openalex.org/W4220797619
https://openalex.org/W4223997717
https://openalex.org/W4224010400
https://openalex.org/W4225792935
https://openalex.org/W4225856149
https://openalex.org/W4225914377
https://openalex.org/W4225968077
https://openalex.org/W4226087937
https://openalex.org/W4226297764
https://openalex.org/W4229809216
https://openalex.org/W4229880207
https://openalex.org/W4229909212
https://openalex.org/W4232324220
https://openalex.org/W4233021366
https://openalex.org/W4233247721
https://openalex.org/W4233912155
https://openalex.org/W4233917128
https://openalex.org/W4235164283
https://openalex.org/W4236037688
https://openalex.org/W4236085271
https://openalex.org/W4236374000
https://openalex.org/W4237629922
https://openalex.org/W4237802744
https://openalex.org/W4238332105
https://openalex.org/W4239576350
https://openalex.org/W4239589168
https://openalex.org/W4240367395
https://openalex.org/W4240427825
https://openalex.org/W4240733434
https://openalex.org/W4240894722
https://openalex.org/W4241074139
https://openalex.org/W4242575442
https://openalex.org/W4242701276
https://openalex.org/W4243398784
https://openalex.org/W4243556935
https://openalex.org/W4244388193
https://openalex.org/W4244534440
https://openalex.org/W4244876921
https://openalex.org/W4245619909
https://openalex.org/W4246930034
https://openalex.org/W4247271060
https://openalex.org/W4248141361
https://openalex.org/W4248600205
https://openalex.org/W4249827125
https://openalex.org/W4250367294
https://openalex.org/W4251202741
https://openalex.org/W4251724542
https://openalex.org/W4251839469
https://openalex.org/W4252564652
https://openalex.org/W4253306507
https://openalex.org/W4254419529
https://openalex.org/W4254810688
https://openalex.org/W4256521719
https://openalex.org/W4256596713
https://openalex.org/W427319130
https://openalex.org/W4280505044
https://openalex.org/W4280653734
https://openalex.org/W4281260601
https://openalex.org/W4281636229
https://openalex.org/W4281986212
https://openalex.org/W4283215870
https://openalex.org/W4283268008
https://openalex.org/W4283268714
https://openalex.org/W4283652043
https://openalex.org/W4283717178
https://openalex.org/W4283717318
https://openalex.org/W4284698312
https://openalex.org/W4284883256
https://openalex.org/W4285115774
https://openalex.org/W4285283334
https://openalex.org/W4286697583
https://openalex.org/W4286716978
https://openalex.org/W4287076523
https://openalex.org/W4288036888
https://openalex.org/W4289262466
https://openalex.org/W4290746404
https://openalex.org/W42911416
https://openalex.org/W4292097907
https://openalex.org/W4292103761
https://openalex.org/W4292553352
https://openalex.org/W4292878132
https://openalex.org/W4293217866
https://openalex.org/W4293502947
https://openalex.org/W4294275950
https://openalex.org/W4294624538
https://openalex.org/W4297732666
https://openalex.org/W4298051173
https://openalex.org/W4298280627
https://openalex.org/W4299579832
https://openalex.org/W4299975416
https://openalex.org/W4300089874
https://openalex.org/W4300572461
https://openalex.org/W4300665645
https://openalex.org/W4304175631
https://openalex.org/W4306179244
https://openalex.org/W4306403533
https://openalex.org/W4307014565
https://openalex.org/W4307038949
https://openalex.org/W4307217318
https://openalex.org/W4307380257
https://openalex.org/W4307440654
https://openalex.org/W4308444919
https://openalex.org/W4308843649
https://openalex.org/W4309119361
https://openalex.org/W4309196762
https://openalex.org/W4309314490
https://openalex.org/W4309410414
https://openalex.org/W4310682230
https://openalex.org/W4310712004
https://openalex.org/W4311114582
https://openalex.org/W4311121319
https://openalex.org/W4311448170
https://openalex.org/W4311510819
https://openalex.org/W4311668621
https://openalex.org/W4312900964
https://openalex.org/W4313179590
https://openalex.org/W4315928554
https://openalex.org/W4317567894
https://openalex.org/W4317868103
https://openalex.org/W4317905286
https://openalex.org/W4318021308
https://openalex.org/W4318820619
https://openalex.org/W4318999690
https://openalex.org/W4319011312
https://openalex.org/W4319294715
https://openalex.org/W4319656507
https://openalex.org/W4320001300
https://openalex.org/W4320001426
https://openalex.org/W4320493937
https://openalex.org/W4321463800
https://openalex.org/W4321496446
https://openalex.org/W4322758585
https://openalex.org/W4353015923
https://openalex.org/W4361822836
https://openalex.org/W4361832813
https://openalex.org/W4361833958
https://openalex.org/W4361833962
https://openalex.org/W4361841190
https://openalex.org/W4361841318
https://openalex.org/W4361846948
https://openalex.org/W4361846985
https://openalex.org/W4361847056
https://openalex.org/W4361847092
https://openalex.org/W4361847166
https://openalex.org/W4361847334
https://openalex.org/W4361873363
https://openalex.org/W4361873368
https://openalex.org/W4361873379
https://openalex.org/W4361873384
https://openalex.org/W4361873640
https://openalex.org/W4361873862
https://openalex.org/W4361873868
https://openalex.org/W4361873897
https://openalex.org/W4361894946
https://openalex.org/W4361895225
https://openalex.org/W4361895252
https://openalex.org/W4362477540
https://openalex.org/W4362479202
https://openalex.org/W4362479488
https://openalex.org/W4362480013
https://openalex.org/W4362524558
https://openalex.org/W4362525670
https://openalex.org/W4362533663
https://openalex.org/W4362682230
https://openalex.org/W4366133860
https://openalex.org/W4366975014
https://openalex.org/W4367018801
https://openalex.org/W4367152183
https://openalex.org/W4367163654
https://openalex.org/W4367304405
https://openalex.org/W4375950982
https://openalex.org/W4376638049
https://openalex.org/W4377226743
https://openalex.org/W4378610733
https://openalex.org/W4378610739
https://openalex.org/W4378744929
https://openalex.org/W4379141733
https://openalex.org/W4379798859
https://openalex.org/W4380077377
https://openalex.org/W4380577682
https://openalex.org/W4380985893
https://openalex.org/W4381296745
https://openalex.org/W4381384172
https://openalex.org/W4381571746
https://openalex.org/W4381716044
https://openalex.org/W4381745465
https://openalex.org/W4382279391
https://openalex.org/W4382726428
https://openalex.org/W4382895703
https://openalex.org/W4383221798
https://openalex.org/W4383221878
https://openalex.org/W4383371612
https://openalex.org/W4383823936
https://openalex.org/W4384341926
https://openalex.org/W4384822421
https://openalex.org/W4384925963
https://openalex.org/W4384937781
https://openalex.org/W4384944973
https://openalex.org/W4385175646
https://openalex.org/W4385281160
https://openalex.org/W4385286508
https://openalex.org/W4385318501
https://openalex.org/W4385381009
https://openalex.org/W4385507224
https://openalex.org/W4385541716
https://openalex.org/W4385541787
https://openalex.org/W4385554586
https://openalex.org/W4385580254
https://openalex.org/W4385606369
https://openalex.org/W4385613443
https://openalex.org/W4385617122
https://openalex.org/W4385898236
https://openalex.org/W4385979479
https://openalex.org/W4385997278
https://openalex.org/W4386000027
https://openalex.org/W4386127745
https://openalex.org/W4386159374
https://openalex.org/W4386172385
https://openalex.org/W4386233509
https://openalex.org/W4386254912
https://openalex.org/W4386348080
https://openalex.org/W4386419423
https://openalex.org/W4386452808
https://openalex.org/W4386485223
https://openalex.org/W4386503560
https://openalex.org/W4386530963
https://openalex.org/W4386580914
https://openalex.org/W4386596831
https://openalex.org/W4386597115
https://openalex.org/W4386704184
https://openalex.org/W4386737831
https://openalex.org/W4386832438
https://openalex.org/W4386832463
https://openalex.org/W4387012376
https://openalex.org/W4387061288
https://openalex.org/W4841456
https://openalex.org/W569110151
https://openalex.org/W572995896
https://openalex.org/W578176731
https://openalex.org/W603162332
https://openalex.org/W615834812
https://openalex.org/W637959124
https://openalex.org/W653881881
https://openalex.org/W654787853
https://openalex.org/W74663924
https://openalex.org/W750457551
https://openalex.org/W75481693
https://openalex.org/W758165674
https://openalex.org/W76176152
https://openalex.org/W773837966
https://openalex.org/W790503453
https://openalex.org/W803666831
https://openalex.org/W814635089
https://openalex.org/W817178039
https://openalex.org/W818377402
https://openalex.org/W819246802
https://openalex.org/W84474144
https://openalex.org/W853797311
https://openalex.org/W887251504
https://openalex.org/W925506871
https://openalex.org/W948416259
https://openalex.org/W960200981
https://openalex.org/W968774990
https://openalex.org/W2031964319
https://openalex.org/W2053270078
https://openalex.org/W2018291779
https://openalex.org/W2151798187
https://openalex.org/W2100159037
https://openalex.org/W2151566815
https://openalex.org/W1976421227
https://openalex.org/W2103170384
https://openalex.org/W2023471002
https://openalex.org/W2121286926
https://openalex.org/W1972162246
https://openalex.org/W2797541543
https://openalex.org/W2230443456
https://openalex.org/W2026263038
https://openalex.org/W2113604152
https://openalex.org/W2919496064
https://openalex.org/W2155609574
https://openalex.org/W2165088763
https://openalex.org/W2022339418
https://openalex.org/W2047194677
https://openalex.org/W2083625623
https://openalex.org/W2138574694
https://openalex.org/W2157820287
https://openalex.org/W2123900386
https://openalex.org/W2083279903
https://openalex.org/W2128291738
https://openalex.org/W2030202463
https://openalex.org/W2120998017
https://openalex.org/W2046705094
https://openalex.org/W2041519359
https://openalex.org/W1480384350
https://openalex.org/W1985225356
https://openalex.org/W2338326115
https://openalex.org/W2015197182
https://openalex.org/W2041341409
https://openalex.org/W2091134276
https://openalex.org/W2158230021
https://openalex.org/W2065341014
https://openalex.org/W2888909234
https://openalex.org/W2091426820
https://openalex.org/W2141480740
https://openalex.org/W2149959392
https://openalex.org/W2107390095
https://openalex.org/W1971485090
https://openalex.org/W1563557384
https://openalex.org/W1968703962
https://openalex.org/W1529788780
https://openalex.org/W2082565310
https://openalex.org/W1990782273
https://openalex.org/W2790485917
https://openalex.org/W2092418241
https://openalex.org/W2035107735
https://openalex.org/W1604272660
https://openalex.org/W2114810168
https://openalex.org/W1969099023
https://openalex.org/W2058131725
https://openalex.org/W2059770691
https://openalex.org/W2267470873
https://openalex.org/W2008704732
https://openalex.org/W1985126774
https://openalex.org/W2097315307
https://openalex.org/W2117825435
https://openalex.org/W2146315435
https://openalex.org/W2053451133
https://openalex.org/W2121042833
https://openalex.org/W2170087992
https://openalex.org/W2025886249
https://openalex.org/W2087895896
https://openalex.org/W2067759086
https://openalex.org/W2095031277
https://openalex.org/W2141713414
https://openalex.org/W2804641693
https://openalex.org/W2106201104
https://openalex.org/W2175102397
https://openalex.org/W2089331767
https://openalex.org/W2148694364
https://openalex.org/W2050023717
https://openalex.org/W2100242214
https://openalex.org/W2007507157
https://openalex.org/W2059098302
https://openalex.org/W2589006297
https://openalex.org/W2104873074
https://openalex.org/W2005574929
https://openalex.org/W2132812842
https://openalex.org/W2036729146
https://openalex.org/W2125471204
https://openalex.org/W2763133656
https://openalex.org/W2555451680
https://openalex.org/W2104377074
https://openalex.org/W2140243527
https://openalex.org/W2804828516
https://openalex.org/W3012272172
https://openalex.org/W2145231286
https://openalex.org/W2001098516
https://openalex.org/W2025913358
https://openalex.org/W2062731252
https://openalex.org/W2900753047
https://openalex.org/W2052225357
https://openalex.org/W2148019518
https://openalex.org/W2162396952
https://openalex.org/W2171730432
https://openalex.org/W2620518508
https://openalex.org/W2101392465
https://openalex.org/W2069036919
https://openalex.org/W1984320700
https://openalex.org/W2309089891
https://openalex.org/W1979921735
https://openalex.org/W2952780249
https://openalex.org/W2137418427
https://openalex.org/W2133989466
https://openalex.org/W2050572810
https://openalex.org/W2141026112
https://openalex.org/W2170530388
https://openalex.org/W2160917764
https://openalex.org/W1981556863
https://openalex.org/W1552907768
https://openalex.org/W1595325053
https://openalex.org/W2187253811
https://openalex.org/W2020955446
https://openalex.org/W2054616973
https://openalex.org/W2123733913
https://openalex.org/W2992633259
https://openalex.org/W1987369248
https://openalex.org/W2120875981
https://openalex.org/W2091905341
https://openalex.org/W2035498258
https://openalex.org/W2046426458
https://openalex.org/W2154981835
https://openalex.org/W2044533064
https://openalex.org/W1992447924
https://openalex.org/W2971964864
https://openalex.org/W2096190491
https://openalex.org/W2113837211
https://openalex.org/W1963894231
https://openalex.org/W2019993501
https://openalex.org/W2093477137
https://openalex.org/W2079011328
https://openalex.org/W1999444272
https://openalex.org/W2133300924
https://openalex.org/W1897112047
https://openalex.org/W2055596763
https://openalex.org/W2154675484
https://openalex.org/W2135241130
https://openalex.org/W2351547314
https://openalex.org/W2062951860
https://openalex.org/W2749264889
https://openalex.org/W2136003325
https://openalex.org/W2806176638
https://openalex.org/W2152585035
https://openalex.org/W2145527032
https://openalex.org/W2155281294
https://openalex.org/W1970139696
https://openalex.org/W3009701405
https://openalex.org/W2134844061
https://openalex.org/W1988928475
https://openalex.org/W2030734666
https://openalex.org/W2114418073
https://openalex.org/W2134450913
https://openalex.org/W4255480014
https://openalex.org/W2063441242
https://openalex.org/W2064879069
https://openalex.org/W2011335970
https://openalex.org/W2054542987
https://openalex.org/W2107555330
https://openalex.org/W1991835912
https://openalex.org/W1967318128
https://openalex.org/W2517195794
https://openalex.org/W1573040585
https://openalex.org/W2105805568
https://openalex.org/W1980248994
https://openalex.org/W2051055980
https://openalex.org/W2130462650
https://openalex.org/W1980001686
https://openalex.org/W2906818871
https://openalex.org/W2130697926
https://openalex.org/W1984731764
https://openalex.org/W2058519386
https://openalex.org/W1971403814
https://openalex.org/W1987530419
https://openalex.org/W2134841035
https://openalex.org/W2437820287
https://openalex.org/W2005071155
https://openalex.org/W2066317159
https://openalex.org/W2101873043
https://openalex.org/W2114916768
https://openalex.org/W2052700925
https://openalex.org/W2097006389
https://openalex.org/W2605356232
https://openalex.org/W2095486148
https://openalex.org/W2020418396
https://openalex.org/W2093643893
https://openalex.org/W2045449473
https://openalex.org/W2109969647
https://openalex.org/W2083844348
https://openalex.org/W2980845005
https://openalex.org/W3012929320
https://openalex.org/W2000622771
https://openalex.org/W2086327749
https://openalex.org/W2112821970
https://openalex.org/W2151851265
https://openalex.org/W2806173386
https://openalex.org/W2920659730
https://openalex.org/W1559776411
https://openalex.org/W2013462556
https://openalex.org/W2021579554
https://openalex.org/W2142255274
https://openalex.org/W1995887719
https://openalex.org/W2018384285
https://openalex.org/W2064342289
https://openalex.org/W2069090018
https://openalex.org/W2727344742
https://openalex.org/W2102310568
https://openalex.org/W2148249206
https://openalex.org/W3090838011
https://openalex.org/W2017790520
https://openalex.org/W2163336334
https://openalex.org/W2168068084
https://openalex.org/W1971286972
https://openalex.org/W2129418510
https://openalex.org/W1983589036
https://openalex.org/W1992030386
https://openalex.org/W2024668012
https://openalex.org/W2108041327
https://openalex.org/W2025288632
https://openalex.org/W2166477904
https://openalex.org/W3023308821
https://openalex.org/W1996353635
https://openalex.org/W2040811742
https://openalex.org/W2000184415
https://openalex.org/W2032436756
https://openalex.org/W2107606287
https://openalex.org/W2141086871
https://openalex.org/W2170750428
https://openalex.org/W2054230310
https://openalex.org/W2540583676
https://openalex.org/W2701225458
https://openalex.org/W2782133572
https://openalex.org/W1979401742
https://openalex.org/W2116990139
https://openalex.org/W2007806302
https://openalex.org/W2157895955
https://openalex.org/W2415937500
https://openalex.org/W2071802414
https://openalex.org/W2057124871
https://openalex.org/W2058784613
https://openalex.org/W2064618782
https://openalex.org/W2165983257
https://openalex.org/W1965621240
https://openalex.org/W2088121612
https://openalex.org/W1545938141
https://openalex.org/W1967522239
https://openalex.org/W2148750503
https://openalex.org/W2081308255
https://openalex.org/W2091167282
https://openalex.org/W1511355458
https://openalex.org/W2012359887
https://openalex.org/W2019465515
https://openalex.org/W2141146035
https://openalex.org/W2143277340
https://openalex.org/W2332354902
https://openalex.org/W2020011337
https://openalex.org/W2037070770
https://openalex.org/W2043593402
https://openalex.org/W2122436960
https://openalex.org/W1967253474
https://openalex.org/W2101807847
https://openalex.org/W2048569436
https://openalex.org/W2099756808
https://openalex.org/W2081273157
https://openalex.org/W2107793848
https://openalex.org/W17144041
https://openalex.org/W2088073407
https://openalex.org/W2095878672
https://openalex.org/W2009050803
https://openalex.org/W2036324161
https://openalex.org/W2049569956
https://openalex.org/W1980872243
https://openalex.org/W2094245915
https://openalex.org/W2103846588
https://openalex.org/W2129779120
https://openalex.org/W2735449222
https://openalex.org/W1991968981
https://openalex.org/W2052552454
https://openalex.org/W1968277206
https://openalex.org/W1993597268
https://openalex.org/W2002859524
https://openalex.org/W2155670433
https://openalex.org/W2160881303
https://openalex.org/W2021893804
https://openalex.org/W2004995152
https://openalex.org/W2188759087
https://openalex.org/W2037396698
https://openalex.org/W2056010030
https://openalex.org/W2102765796
https://openalex.org/W2132883009
https://openalex.org/W2163385904
https://openalex.org/W2762058314
https://openalex.org/W2886592312
https://openalex.org/W2001385404
https://openalex.org/W2003367944
https://openalex.org/W2024490488
https://openalex.org/W2096149983
https://openalex.org/W2170325108
https://openalex.org/W2303825470
https://openalex.org/W2794358105
https://openalex.org/W2069724453
https://openalex.org/W2613512560
https://openalex.org/W2963350015
https://openalex.org/W3101881145
https://openalex.org/W4238456385
https://openalex.org/W1985864093
https://openalex.org/W1968538800
https://openalex.org/W1975350101
https://openalex.org/W1993173846
https://openalex.org/W2045471895
https://openalex.org/W184329372
https://openalex.org/W2030209853
https://openalex.org/W2039558370
https://openalex.org/W2087779092
https://openalex.org/W2100826628
https://openalex.org/W1979342086
https://openalex.org/W2137910093
https://openalex.org/W1954666599
https://openalex.org/W1971240883
https://openalex.org/W2138940365
https://openalex.org/W1983920520
https://openalex.org/W2031933117
https://openalex.org/W2064423783
https://openalex.org/W2587151574
https://openalex.org/W1994647108
https://openalex.org/W2102898694
https://openalex.org/W2809966484
https://openalex.org/W3025767749
https://openalex.org/W1987374305
https://openalex.org/W2039337032
https://openalex.org/W2160329559
https://openalex.org/W2025050285
https://openalex.org/W2073593094
https://openalex.org/W2112782187
https://openalex.org/W2148417885
https://openalex.org/W2154946227
https://openalex.org/W2292255513
https://openalex.org/W2518775727
https://openalex.org/W2024525790
https://openalex.org/W2100648176
https://openalex.org/W1989321578
https://openalex.org/W2000152046
https://openalex.org/W2118759548
https://openalex.org/W2136920519
https://openalex.org/W1785214340
https://openalex.org/W2017405580
https://openalex.org/W2088004915
https://openalex.org/W2107949418
https://openalex.org/W3011604366
https://openalex.org/W1480714782
https://openalex.org/W2009699156
https://openalex.org/W2166670336
https://openalex.org/W2799380849
https://openalex.org/W2030543103
https://openalex.org/W2053755916
https://openalex.org/W2115810909
https://openalex.org/W2161968833
https://openalex.org/W1999673165
https://openalex.org/W1964144242
https://openalex.org/W1989959009
https://openalex.org/W2514427236
https://openalex.org/W2616970564
https://openalex.org/W1527296301
https://openalex.org/W1974069017
https://openalex.org/W1984988324
https://openalex.org/W1995963577
https://openalex.org/W2022921932
https://openalex.org/W2053036655
https://openalex.org/W1977041874
https://openalex.org/W1977770742
https://openalex.org/W1983602076
https://openalex.org/W2045481351
https://openalex.org/W2130634903
https://openalex.org/W2147290358
https://openalex.org/W2147861892
https://openalex.org/W2148393306
https://openalex.org/W2808288380
https://openalex.org/W1978647017
https://openalex.org/W2019503269
https://openalex.org/W2094877309
https://openalex.org/W2883461704
https://openalex.org/W2924716708
https://openalex.org/W1978953895
https://openalex.org/W2073822715
https://openalex.org/W2084502634
https://openalex.org/W2101048432
https://openalex.org/W2164793124
https://openalex.org/W2029958789
https://openalex.org/W2061356134
https://openalex.org/W2073366203
https://openalex.org/W2138301522
https://openalex.org/W2601807325
https://openalex.org/W70794497
https://openalex.org/W2030009258
https://openalex.org/W2069214084
https://openalex.org/W2084860110
https://openalex.org/W2117450920
https://openalex.org/W2122350012
https://openalex.org/W2135220248
https://openalex.org/W2601190269
https://openalex.org/W3164104340
https://openalex.org/W1980543239
https://openalex.org/W1982684466
https://openalex.org/W2001739483
https://openalex.org/W2002100946
https://openalex.org/W2122644281
https://openalex.org/W2128308758
https://openalex.org/W2322290932
https://openalex.org/W2890296937
https://openalex.org/W1601637848
https://openalex.org/W1987919183
https://openalex.org/W2142803231
https://openalex.org/W2319269644
https://openalex.org/W1525112357
https://openalex.org/W2034125877
https://openalex.org/W2056347797
https://openalex.org/W2068279700
https://openalex.org/W2088134920
https://openalex.org/W2103598247
https://openalex.org/W2129228748
https://openalex.org/W2152899288
https://openalex.org/W2162704471
https://openalex.org/W3190811994
https://openalex.org/W1967888295
https://openalex.org/W2017714577
https://openalex.org/W2033230692
https://openalex.org/W2045454247
https://openalex.org/W2068169950
https://openalex.org/W2156886772
https://openalex.org/W2290479358
https://openalex.org/W3025346321
https://openalex.org/W1985215472
https://openalex.org/W2101481749
https://openalex.org/W2810576421
https://openalex.org/W2020830004
https://openalex.org/W2161321307
https://openalex.org/W2299048498
https://openalex.org/W2617924639
https://openalex.org/W1974711337
https://openalex.org/W2042737404
https://openalex.org/W2043945174
https://openalex.org/W2063328658
https://openalex.org/W2124687151
https://openalex.org/W2164443260
https://openalex.org/W2901550388
https://openalex.org/W2965920225
https://openalex.org/W3003073247
https://openalex.org/W1998272819
https://openalex.org/W2031205485
https://openalex.org/W2035259904
https://openalex.org/W2128499008
https://openalex.org/W2331648671
https://openalex.org/W2410840366
https://openalex.org/W1991115262
https://openalex.org/W2087734842
https://openalex.org/W2112357968
https://openalex.org/W2121466242
https://openalex.org/W2312086209
https://openalex.org/W2410302390
https://openalex.org/W1537086927
https://openalex.org/W2106348380
https://openalex.org/W2787448048
https://openalex.org/W2967585292
https://openalex.org/W1557436349
https://openalex.org/W2068709470
https://openalex.org/W2086539799
https://openalex.org/W2144427644
https://openalex.org/W2318551484
https://openalex.org/W2763727818
https://openalex.org/W3198782993
https://openalex.org/W2011645692
https://openalex.org/W2038662707
https://openalex.org/W2095079984
https://openalex.org/W2129475394
https://openalex.org/W2151537482
https://openalex.org/W2740855366
https://openalex.org/W2806708050
https://openalex.org/W2107293418
https://openalex.org/W2036739122
https://openalex.org/W2048491965
https://openalex.org/W2059142737
https://openalex.org/W2148851416
https://openalex.org/W2557728047
https://openalex.org/W3207444061
https://openalex.org/W1973538793
https://openalex.org/W2005808468
https://openalex.org/W2091080535
https://openalex.org/W2019111293
https://openalex.org/W205401210
https://openalex.org/W2068773764
https://openalex.org/W2082044670
https://openalex.org/W2997239824
https://openalex.org/W2000979247
https://openalex.org/W2009534537
https://openalex.org/W2010737361
https://openalex.org/W2028301003
https://openalex.org/W2029150083
https://openalex.org/W2055901155
https://openalex.org/W2062508345
https://openalex.org/W2110804299
https://openalex.org/W2160120610
https://openalex.org/W2167412334
https://openalex.org/W3036515335
https://openalex.org/W3111287171
https://openalex.org/W2068923969
https://openalex.org/W2080985233
https://openalex.org/W2088801230
https://openalex.org/W2111989690
https://openalex.org/W2131203018
https://openalex.org/W2232961165
https://openalex.org/W2568602988
https://openalex.org/W2108050710
https://openalex.org/W2139945000
https://openalex.org/W1986956890
https://openalex.org/W1993009807
https://openalex.org/W2027734670
https://openalex.org/W2032346241
https://openalex.org/W2065481994
https://openalex.org/W2163387737
https://openalex.org/W2282736371
https://openalex.org/W2326117353
https://openalex.org/W2410684006
https://openalex.org/W2544909670
https://openalex.org/W2927657135
https://openalex.org/W2977843878
https://openalex.org/W1990242374
https://openalex.org/W2041407283
https://openalex.org/W2046713500
https://openalex.org/W2058905986
https://openalex.org/W2067953431
https://openalex.org/W2098022914
https://openalex.org/W2099546395
https://openalex.org/W2134057168
https://openalex.org/W2147826532
https://openalex.org/W2762857581
https://openalex.org/W2976695157
https://openalex.org/W1958328419
https://openalex.org/W2000812214
https://openalex.org/W2007315427
https://openalex.org/W2021062426
https://openalex.org/W2051122541
https://openalex.org/W2084771891
https://openalex.org/W2086399984
https://openalex.org/W2128198307
https://openalex.org/W2159410795
https://openalex.org/W1994364858
https://openalex.org/W1995800524
https://openalex.org/W1998830186
https://openalex.org/W2024644086
https://openalex.org/W2047295644
https://openalex.org/W2063271582
https://openalex.org/W2063912699
https://openalex.org/W2077601386
https://openalex.org/W2097563467
https://openalex.org/W2918652150
https://openalex.org/W1879957538
https://openalex.org/W1995850796
https://openalex.org/W2050120720
https://openalex.org/W2905310991
https://openalex.org/W3044869896
https://openalex.org/W157409630
https://openalex.org/W1966476427
https://openalex.org/W2000662971
https://openalex.org/W2018953310
https://openalex.org/W2067302979
https://openalex.org/W2082649698
https://openalex.org/W2083681826
https://openalex.org/W2996338887
https://openalex.org/W4297914287
https://openalex.org/W2036867157
https://openalex.org/W2054018544
https://openalex.org/W2065346991
https://openalex.org/W3042261224
https://openalex.org/W3177393183
https://openalex.org/W1484116466
https://openalex.org/W1940156094
https://openalex.org/W1988319624
https://openalex.org/W2028301593
https://openalex.org/W2044408822
https://openalex.org/W2091247660
https://openalex.org/W2132364034
https://openalex.org/W2134330069
https://openalex.org/W2604705079
https://openalex.org/W3165061799
https://openalex.org/W1970082459
https://openalex.org/W1977830119
https://openalex.org/W2004834618
https://openalex.org/W2013089450
https://openalex.org/W2023527476
https://openalex.org/W2027531766
https://openalex.org/W2036314359
https://openalex.org/W2097690951
https://openalex.org/W2132231641
https://openalex.org/W2141098661
https://openalex.org/W2154740350
https://openalex.org/W2339084102
https://openalex.org/W2345165504
https://openalex.org/W2484812372
https://openalex.org/W2523695685
https://openalex.org/W3014578986
https://openalex.org/W1073805404
https://openalex.org/W1514272198
https://openalex.org/W1977098105
https://openalex.org/W1981291057
https://openalex.org/W1996498344
https://openalex.org/W2023997201
https://openalex.org/W2060739220
https://openalex.org/W2297346659
https://openalex.org/W2334344335
https://openalex.org/W1965571950
https://openalex.org/W1969679239
https://openalex.org/W1990914866
https://openalex.org/W1995916162
https://openalex.org/W2033531253
https://openalex.org/W2049662587
https://openalex.org/W2050338204
https://openalex.org/W2119972092
https://openalex.org/W2124476733
https://openalex.org/W2155675395
https://openalex.org/W2169860550
https://openalex.org/W2589582768
https://openalex.org/W3006628140
https://openalex.org/W3048547207
https://openalex.org/W1981998898
https://openalex.org/W2017246643
https://openalex.org/W2020924905
https://openalex.org/W2021762468
https://openalex.org/W2066339717
https://openalex.org/W2076449925
https://openalex.org/W2082462537
https://openalex.org/W2082792913
https://openalex.org/W2403916222
https://openalex.org/W2416871583
https://openalex.org/W2419562378
https://openalex.org/W2742869577
https://openalex.org/W2998562037
https://openalex.org/W3137595918
https://openalex.org/W1526586150
https://openalex.org/W1964485007
https://openalex.org/W2002869303
https://openalex.org/W2020463991
https://openalex.org/W2044748977
https://openalex.org/W2091752769
https://openalex.org/W2098671848
https://openalex.org/W2148340578
https://openalex.org/W2159898914
https://openalex.org/W2624344042
https://openalex.org/W2799291895
https://openalex.org/W2892935819
https://openalex.org/W2937675841
https://openalex.org/W1792515822
https://openalex.org/W1972203543
https://openalex.org/W2014903467
https://openalex.org/W2027782073
https://openalex.org/W2037619920
https://openalex.org/W2066765872
https://openalex.org/W2076974745
https://openalex.org/W2113034825
https://openalex.org/W2781680576
https://openalex.org/W2892417995
https://openalex.org/W1496636786
https://openalex.org/W2002844147
https://openalex.org/W2016227009
https://openalex.org/W2059848978
https://openalex.org/W2093384375
https://openalex.org/W2097395369
https://openalex.org/W2102899157
https://openalex.org/W2106077379
https://openalex.org/W2133578140
https://openalex.org/W2780751950
https://openalex.org/W2810178016
https://openalex.org/W4220897376
https://openalex.org/W1971124807
https://openalex.org/W1990254075
https://openalex.org/W2058050674
https://openalex.org/W2062509237
https://openalex.org/W2082035951
https://openalex.org/W2106865790
https://openalex.org/W2308756493
https://openalex.org/W3047754341
https://openalex.org/W1482061733
https://openalex.org/W1516925799
https://openalex.org/W2013602457
https://openalex.org/W2045284949
https://openalex.org/W2050205479
https://openalex.org/W2053807578
https://openalex.org/W2079594748
https://openalex.org/W2098095038
https://openalex.org/W2113953809
https://openalex.org/W2130493294
https://openalex.org/W2135759182
https://openalex.org/W2138972275
https://openalex.org/W2154918267
https://openalex.org/W2329988658
https://openalex.org/W2400814334
https://openalex.org/W2553894895
https://openalex.org/W2577505592
https://openalex.org/W1667251932
https://openalex.org/W1765108363
https://openalex.org/W2027388164
https://openalex.org/W2028386769
https://openalex.org/W2061540541
https://openalex.org/W2087642068
https://openalex.org/W2092243795
https://openalex.org/W2133163464
https://openalex.org/W2150024705
https://openalex.org/W2150709695
https://openalex.org/W2958758308
https://openalex.org/W168206613
https://openalex.org/W1965090988
https://openalex.org/W1978683641
https://openalex.org/W2006747029
https://openalex.org/W2047515931
https://openalex.org/W2048057031
https://openalex.org/W2051844647
https://openalex.org/W2067810185
https://openalex.org/W2091465517
https://openalex.org/W2160829947
https://openalex.org/W2775792432
https://openalex.org/W1964385800
https://openalex.org/W1968535667
https://openalex.org/W1973351423
https://openalex.org/W1974121861
https://openalex.org/W1991399098
https://openalex.org/W1993714058
https://openalex.org/W2001163021
https://openalex.org/W2073788872
https://openalex.org/W2080608495
https://openalex.org/W2113923828
https://openalex.org/W2235221186
https://openalex.org/W2410399749
https://openalex.org/W2767150035
https://openalex.org/W2794621477
https://openalex.org/W2891006191
https://openalex.org/W2955402235
https://openalex.org/W3139271341
https://openalex.org/W3140039882
https://openalex.org/W1556637991
https://openalex.org/W1967375014
https://openalex.org/W1972710194
https://openalex.org/W1990223517
https://openalex.org/W2027039981
https://openalex.org/W2044955606
https://openalex.org/W2055007697
https://openalex.org/W2078147864
https://openalex.org/W2324300369
https://openalex.org/W2612724267
https://openalex.org/W2983947788
https://openalex.org/W2988922759
https://openalex.org/W3111318450
https://openalex.org/W3152923936
https://openalex.org/W1974733476
https://openalex.org/W1976010999
https://openalex.org/W1991440700
https://openalex.org/W2000622171
https://openalex.org/W2001942777
https://openalex.org/W2029142094
https://openalex.org/W2034336918
https://openalex.org/W2034625524
https://openalex.org/W2056286385
https://openalex.org/W2062712928
https://openalex.org/W2067846072
https://openalex.org/W2081253148
https://openalex.org/W2118558114
https://openalex.org/W2226595663
https://openalex.org/W2732346420
https://openalex.org/W2793652126
https://openalex.org/W2800587980
https://openalex.org/W2952800496
https://openalex.org/W3158360048
https://openalex.org/W96323331
https://openalex.org/W1970617275
https://openalex.org/W1998167244
https://openalex.org/W2011115935
https://openalex.org/W2012841084
https://openalex.org/W2017030181
https://openalex.org/W2026726512
https://openalex.org/W2075345146
https://openalex.org/W2079666877
https://openalex.org/W2081306107
https://openalex.org/W2085993358
https://openalex.org/W2134300098
https://openalex.org/W2766072916
https://openalex.org/W2788258423
https://openalex.org/W2914347330
https://openalex.org/W3037933772
https://openalex.org/W3207973404
https://openalex.org/W1592522379
https://openalex.org/W1723559853
https://openalex.org/W190349027
https://openalex.org/W1930985378
https://openalex.org/W1994637146
https://openalex.org/W2015664141
https://openalex.org/W2016744382
https://openalex.org/W2024381232
https://openalex.org/W2024936891
https://openalex.org/W2025837164
https://openalex.org/W2044729613
https://openalex.org/W2052954221
https://openalex.org/W2071889856
https://openalex.org/W2072711274
https://openalex.org/W2085444983
https://openalex.org/W2123330867
https://openalex.org/W2477405646
https://openalex.org/W2587238885
https://openalex.org/W2808990782
https://openalex.org/W2922471688
https://openalex.org/W2925898180
https://openalex.org/W3037128335
https://openalex.org/W3080514314
https://openalex.org/W3096044474
https://openalex.org/W1671039664
https://openalex.org/W1976281006
https://openalex.org/W1978441470
https://openalex.org/W1981706572
https://openalex.org/W1997951188
https://openalex.org/W1999873023
https://openalex.org/W2028362368
https://openalex.org/W2030408049
https://openalex.org/W2034297080
https://openalex.org/W2040781652
https://openalex.org/W2067501040
https://openalex.org/W2069457239
https://openalex.org/W2078576490
https://openalex.org/W2122504271
https://openalex.org/W2521480612
https://openalex.org/W2764476806
https://openalex.org/W2018314119
https://openalex.org/W2038822502
https://openalex.org/W2045906766
https://openalex.org/W2055309764
https://openalex.org/W2059488341
https://openalex.org/W2115441701
https://openalex.org/W2126151683
https://openalex.org/W2149812174
https://openalex.org/W2226409936
https://openalex.org/W2344124091
https://openalex.org/W2406758535
https://openalex.org/W2971411189
https://openalex.org/W3092241972
https://openalex.org/W3198165375
https://openalex.org/W1967064679
https://openalex.org/W1972792900
https://openalex.org/W1990952045
https://openalex.org/W1996054339
https://openalex.org/W1996179443
https://openalex.org/W2001122776
https://openalex.org/W2038269983
https://openalex.org/W2047631029
https://openalex.org/W2061867710
https://openalex.org/W2065956458
https://openalex.org/W2112488212
https://openalex.org/W2160566735
https://openalex.org/W2530722835
https://openalex.org/W2729451008
https://openalex.org/W2924104569
https://openalex.org/W2925475473
https://openalex.org/W4296701485
https://openalex.org/W1967555823
https://openalex.org/W1968400569
https://openalex.org/W1973681233
https://openalex.org/W1978858878
https://openalex.org/W1986340612
https://openalex.org/W2003751646
https://openalex.org/W2065341885
https://openalex.org/W2073059555
https://openalex.org/W2088211264
https://openalex.org/W2089498724
https://openalex.org/W2097485535
https://openalex.org/W2403879662
https://openalex.org/W2662257384
https://openalex.org/W2789821245
https://openalex.org/W2898766152
https://openalex.org/W1054124769
https://openalex.org/W1574804491
https://openalex.org/W1972242480
https://openalex.org/W1992445967
https://openalex.org/W1996942887
https://openalex.org/W2002909050
https://openalex.org/W2006120866
https://openalex.org/W2007702090
https://openalex.org/W2039523156
https://openalex.org/W2072662321
https://openalex.org/W2097999625
https://openalex.org/W2150943090
https://openalex.org/W2314624176
https://openalex.org/W2560823430
https://openalex.org/W2602825449
https://openalex.org/W2810470470
https://openalex.org/W2911121386
https://openalex.org/W2955300812
https://openalex.org/W62854991
https://openalex.org/W2000695751
https://openalex.org/W2003588603
https://openalex.org/W2009082183
https://openalex.org/W2015682942
https://openalex.org/W2029448027
https://openalex.org/W2048338025
https://openalex.org/W2067923663
https://openalex.org/W2115031933
https://openalex.org/W2121031048
https://openalex.org/W2575833719
https://openalex.org/W65120170
https://openalex.org/W1986026145
https://openalex.org/W1989470699
https://openalex.org/W1993685017
https://openalex.org/W2005554059
https://openalex.org/W2016476732
https://openalex.org/W2065639669
https://openalex.org/W2067400882
https://openalex.org/W2082724893
https://openalex.org/W2099594423
https://openalex.org/W2100897234
https://openalex.org/W2129504815
https://openalex.org/W2147452995
https://openalex.org/W2228895430
https://openalex.org/W2735079498
https://openalex.org/W2754832379
https://openalex.org/W2773052825
https://openalex.org/W2964785424
https://openalex.org/W2972399691
https://openalex.org/W3128012500
https://openalex.org/W4311676327
https://openalex.org/W1791069556
https://openalex.org/W1979203581
https://openalex.org/W1990790749
https://openalex.org/W1997131050
https://openalex.org/W2070556216
https://openalex.org/W2090055717
https://openalex.org/W2112959729
https://openalex.org/W2131075141
https://openalex.org/W2134366372
https://openalex.org/W2274514004
https://openalex.org/W2331869326
https://openalex.org/W2370606550
https://openalex.org/W2439347252
https://openalex.org/W2583968351
https://openalex.org/W2601469135
https://openalex.org/W2744620506
https://openalex.org/W2767716600
https://openalex.org/W2787435977
https://openalex.org/W2947490329
https://openalex.org/W2966611661
https://openalex.org/W3015235784
https://openalex.org/W3091646101
https://openalex.org/W3134346111
https://openalex.org/W3176264499
https://openalex.org/W1621582597
https://openalex.org/W1889456003
https://openalex.org/W1981804536
https://openalex.org/W1991449651
https://openalex.org/W2022912043
https://openalex.org/W2033075573
https://openalex.org/W2049674203
https://openalex.org/W2078880305
https://openalex.org/W2109858658
https://openalex.org/W2112438830
https://openalex.org/W2121927733
https://openalex.org/W2123906766
https://openalex.org/W2168258937
https://openalex.org/W2410833479
https://openalex.org/W2529806390
https://openalex.org/W2608019236
https://openalex.org/W2612662853
https://openalex.org/W2789588949
https://openalex.org/W3006884830
https://openalex.org/W3006906812
https://openalex.org/W3034470390
https://openalex.org/W3044368972
https://openalex.org/W3080614974
https://openalex.org/W3092176100
https://openalex.org/W1968984265
https://openalex.org/W2012701629
https://openalex.org/W2019241761
https://openalex.org/W2045764297
https://openalex.org/W2078522494
https://openalex.org/W2097949347
https://openalex.org/W2126208056
https://openalex.org/W2182796894
https://openalex.org/W2306956201
https://openalex.org/W2514090203
https://openalex.org/W2518377536
https://openalex.org/W2601031785
https://openalex.org/W2610496358
https://openalex.org/W2866587047
https://openalex.org/W2895540796
https://openalex.org/W2903468373
https://openalex.org/W2946233185
https://openalex.org/W2963233134
https://openalex.org/W3000369508
https://openalex.org/W3023468435
https://openalex.org/W1983143898
https://openalex.org/W1987660324
https://openalex.org/W1989393954
https://openalex.org/W2021116593
https://openalex.org/W2026056895
https://openalex.org/W2045337334
https://openalex.org/W2045592421
https://openalex.org/W2047020954
https://openalex.org/W2054708863
https://openalex.org/W2067172377
https://openalex.org/W2070014684
https://openalex.org/W2071077597
https://openalex.org/W2072678626
https://openalex.org/W2079527932
https://openalex.org/W2079811957
https://openalex.org/W2096917701
https://openalex.org/W2148871416
https://openalex.org/W2164603887
https://openalex.org/W2328883162
https://openalex.org/W2331564595
https://openalex.org/W2508107938
https://openalex.org/W2795985106
https://openalex.org/W3086937742
https://openalex.org/W3186226314
https://openalex.org/W4236465358
https://openalex.org/W1693891930
https://openalex.org/W1977821879
https://openalex.org/W1994917222
https://openalex.org/W2016421276
https://openalex.org/W2031361972
https://openalex.org/W2055811969
https://openalex.org/W2061963025
https://openalex.org/W2088911187
https://openalex.org/W2127819454
https://openalex.org/W2138137920
https://openalex.org/W2153190915
https://openalex.org/W2166750909
https://openalex.org/W2360007430
https://openalex.org/W2566232884
https://openalex.org/W2566998471
https://openalex.org/W2590310168
https://openalex.org/W2741195256
https://openalex.org/W2907482392
https://openalex.org/W2923860229
https://openalex.org/W2969874112
https://openalex.org/W3174491199
https://openalex.org/W1818310130
https://openalex.org/W1900280998
https://openalex.org/W1977282723
https://openalex.org/W2004732389
https://openalex.org/W2009129126
https://openalex.org/W2012627417
https://openalex.org/W2026138476
https://openalex.org/W2032830413
https://openalex.org/W2055046094
https://openalex.org/W2056057255
https://openalex.org/W2060360260
https://openalex.org/W2067147467
https://openalex.org/W2074326217
https://openalex.org/W2076894684
https://openalex.org/W2090339248
https://openalex.org/W2099585697
https://openalex.org/W2127859879
https://openalex.org/W2148034814
https://openalex.org/W2150856873
https://openalex.org/W2433826700
https://openalex.org/W2472078382
https://openalex.org/W2529030639
https://openalex.org/W2546773893
https://openalex.org/W2588911267
https://openalex.org/W2779613414
https://openalex.org/W2913079120
https://openalex.org/W3000211686
https://openalex.org/W3042715689
https://openalex.org/W1988903205
https://openalex.org/W2008973370
https://openalex.org/W2009628319
https://openalex.org/W2009829016
https://openalex.org/W2025691211
https://openalex.org/W2046725716
https://openalex.org/W2053471739
https://openalex.org/W2054117690
https://openalex.org/W2059393543
https://openalex.org/W2075457457
https://openalex.org/W2088537269
https://openalex.org/W2089360394
https://openalex.org/W2142724181
https://openalex.org/W2725692259
https://openalex.org/W2787302523
https://openalex.org/W2801167890
https://openalex.org/W2905333640
https://openalex.org/W2910610353
https://openalex.org/W2995705344
https://openalex.org/W1522666117
https://openalex.org/W1585315651
https://openalex.org/W1981028624
https://openalex.org/W1987410779
https://openalex.org/W2014172349
https://openalex.org/W2038407579
https://openalex.org/W2044671779
https://openalex.org/W2053868784
https://openalex.org/W2057195378
https://openalex.org/W2061293698
https://openalex.org/W2063349791
https://openalex.org/W2094949617
https://openalex.org/W2099180149
https://openalex.org/W2341078042
https://openalex.org/W2413458063
https://openalex.org/W2462213767
https://openalex.org/W2617127713
https://openalex.org/W2725911311
https://openalex.org/W2769989706
https://openalex.org/W2890144381
https://openalex.org/W2918903674
https://openalex.org/W3005053607
https://openalex.org/W3122319236
https://openalex.org/W3182941230
https://openalex.org/W1509737431
https://openalex.org/W1992902648
https://openalex.org/W1995378337
https://openalex.org/W1996138597
https://openalex.org/W1997834479
https://openalex.org/W2031147768
https://openalex.org/W2033903051
https://openalex.org/W2034067438
https://openalex.org/W2041615871
https://openalex.org/W2046046314
https://openalex.org/W2052350809
https://openalex.org/W2055306843
https://openalex.org/W2068597957
https://openalex.org/W2068766522
https://openalex.org/W2069859613
https://openalex.org/W2072005000
https://openalex.org/W2083632202
https://openalex.org/W2083973401
https://openalex.org/W2092871927
https://openalex.org/W2103624389
https://openalex.org/W2274040537
https://openalex.org/W2312833839
https://openalex.org/W2315723477
https://openalex.org/W2793787902
https://openalex.org/W2807736796
https://openalex.org/W2896634351
https://openalex.org/W2995269050
https://openalex.org/W3126525886
https://openalex.org/W4281756172
https://openalex.org/W4304890508
https://openalex.org/W159131106
https://openalex.org/W1967477255
https://openalex.org/W1972971721
https://openalex.org/W1999351110
https://openalex.org/W2009780958
https://openalex.org/W2054731088
https://openalex.org/W2067302608
https://openalex.org/W2071994689
https://openalex.org/W2075124721
https://openalex.org/W2116961694
https://openalex.org/W2130705580
https://openalex.org/W2133273407
https://openalex.org/W2133558081
https://openalex.org/W2133691758
https://openalex.org/W2398448537
https://openalex.org/W2552243154
https://openalex.org/W2590096498
https://openalex.org/W2890790270
https://openalex.org/W2939902612
https://openalex.org/W3094703137
https://openalex.org/W3103012774
https://openalex.org/W3127443316
https://openalex.org/W841109513
https://openalex.org/W1899963827
https://openalex.org/W1940449443
https://openalex.org/W1975910975
https://openalex.org/W1981155485
https://openalex.org/W1990059223
https://openalex.org/W1995302014
https://openalex.org/W2003144621
https://openalex.org/W2019684081
https://openalex.org/W2028400982
https://openalex.org/W2035665330
https://openalex.org/W2054950031
https://openalex.org/W2058405520
https://openalex.org/W2061793443
https://openalex.org/W2065600545
https://openalex.org/W2072521109
https://openalex.org/W2075204224
https://openalex.org/W2083043223
https://openalex.org/W2098938948
https://openalex.org/W2131004240
https://openalex.org/W2281098202
https://openalex.org/W2522973809
https://openalex.org/W2606044417
https://openalex.org/W2671428856
https://openalex.org/W2738981142
https://openalex.org/W2774860131
https://openalex.org/W2886190807
https://openalex.org/W3003536223
https://openalex.org/W3008493216
https://openalex.org/W3094588291
https://openalex.org/W4221056556
https://openalex.org/W78588214
https://openalex.org/W1554860885
https://openalex.org/W1795737833
https://openalex.org/W1822707923
https://openalex.org/W1977752112
https://openalex.org/W1980951525
https://openalex.org/W1997659564
https://openalex.org/W2007587211
https://openalex.org/W2035904412
https://openalex.org/W2073530702
https://openalex.org/W2078121284
https://openalex.org/W2107066255
https://openalex.org/W2119370147
https://openalex.org/W2150335649
https://openalex.org/W2156524770
https://openalex.org/W2158209999
https://openalex.org/W2166465642
https://openalex.org/W2800567595
https://openalex.org/W2802838214
https://openalex.org/W2996543904
https://openalex.org/W3087798489
https://openalex.org/W3098934041
https://openalex.org/W3153119069
https://openalex.org/W4213066621
https://openalex.org/W1715294105
https://openalex.org/W1976389331
https://openalex.org/W1976431559
https://openalex.org/W1981963797
https://openalex.org/W1991345702
https://openalex.org/W2000010542
https://openalex.org/W2004257946
https://openalex.org/W2025424366
https://openalex.org/W2029104258
https://openalex.org/W2032798261
https://openalex.org/W2039724960
https://openalex.org/W2043730945
https://openalex.org/W2046140823
https://openalex.org/W2073880312
https://openalex.org/W2074958076
https://openalex.org/W2078047517
https://openalex.org/W2078845244
https://openalex.org/W2084286208
https://openalex.org/W2085725452
https://openalex.org/W2090312285
https://openalex.org/W2120387632
https://openalex.org/W2147293998
https://openalex.org/W2168754066
https://openalex.org/W2747996954
https://openalex.org/W2765275914
https://openalex.org/W2767452189
https://openalex.org/W2784126180
https://openalex.org/W2808444344
https://openalex.org/W2892058057
https://openalex.org/W2895783625
https://openalex.org/W2899031002
https://openalex.org/W2955995068
https://openalex.org/W2977118319
https://openalex.org/W3000533041
https://openalex.org/W3037604720
https://openalex.org/W3043093643
https://openalex.org/W3120685134
https://openalex.org/W4205319604
https://openalex.org/W1040921219
https://openalex.org/W166971720
https://openalex.org/W1685526623
https://openalex.org/W2008561190
https://openalex.org/W2015300267
https://openalex.org/W2040036069
https://openalex.org/W2048775656
https://openalex.org/W2070058303
https://openalex.org/W2082089591
https://openalex.org/W2125960178
https://openalex.org/W2126010839
https://openalex.org/W2323230928
https://openalex.org/W2332086007
https://openalex.org/W2567328588
https://openalex.org/W2600554755
https://openalex.org/W2616587035
https://openalex.org/W2616647304
https://openalex.org/W2741158638
https://openalex.org/W2765540550
https://openalex.org/W2767672605
https://openalex.org/W2789826025
https://openalex.org/W2789894688
https://openalex.org/W2909269135
https://openalex.org/W2966203950
https://openalex.org/W2967396416
https://openalex.org/W2985987438
https://openalex.org/W2990516965
https://openalex.org/W3021021855
https://openalex.org/W3080919303
https://openalex.org/W3126231549
https://openalex.org/W1961034960
https://openalex.org/W1964141019
https://openalex.org/W1980580799
https://openalex.org/W1981939594
https://openalex.org/W1989212038
https://openalex.org/W1995020707
https://openalex.org/W1996964551
https://openalex.org/W1999790301
https://openalex.org/W2005459507
https://openalex.org/W2018456633
https://openalex.org/W2024308382
https://openalex.org/W2031997089
https://openalex.org/W2041457762
https://openalex.org/W2045503282
https://openalex.org/W2061294630
https://openalex.org/W2069129860
https://openalex.org/W2070936719
https://openalex.org/W2078750425
https://openalex.org/W2092789090
https://openalex.org/W2106535139
https://openalex.org/W2291285239
https://openalex.org/W2553783811
https://openalex.org/W2607843012
https://openalex.org/W2753269339
https://openalex.org/W2793942148
https://openalex.org/W2805106806
https://openalex.org/W2896524909
https://openalex.org/W2898380612
https://openalex.org/W2924958242
https://openalex.org/W2991479732
https://openalex.org/W3014059035
https://openalex.org/W3016722529
https://openalex.org/W3087525227
https://openalex.org/W4200083246
https://openalex.org/W1514858750
https://openalex.org/W1968426788
https://openalex.org/W1976613906
https://openalex.org/W2010437454
https://openalex.org/W2014031097
https://openalex.org/W2022702234
https://openalex.org/W2037953941
https://openalex.org/W2038954901
https://openalex.org/W2054211807
https://openalex.org/W2057469611
https://openalex.org/W2076115473
https://openalex.org/W2077841853
https://openalex.org/W2091935047
https://openalex.org/W2102297132
https://openalex.org/W2102580513
https://openalex.org/W2114102482
https://openalex.org/W2140770632
https://openalex.org/W2164306320
https://openalex.org/W2171204740
https://openalex.org/W2532294672
https://openalex.org/W2751347698
https://openalex.org/W2762494486
https://openalex.org/W2795499926
https://openalex.org/W2798236320
https://openalex.org/W2889307430
https://openalex.org/W2891535942
https://openalex.org/W2900379892
https://openalex.org/W2910573996
https://openalex.org/W2961386240
https://openalex.org/W3007447947
https://openalex.org/W3082476700
https://openalex.org/W3206768747
https://openalex.org/W1499189326
https://openalex.org/W1513148410
https://openalex.org/W1517846947
https://openalex.org/W1869386426
https://openalex.org/W1936709779
https://openalex.org/W1977101135
https://openalex.org/W2005751488
https://openalex.org/W2012397606
https://openalex.org/W2021435582
https://openalex.org/W2034484990
https://openalex.org/W2044336230
https://openalex.org/W2062311018
https://openalex.org/W2068165588
https://openalex.org/W2069394148
https://openalex.org/W2079876082
https://openalex.org/W2093328441
https://openalex.org/W2094122144
https://openalex.org/W2096770796
https://openalex.org/W2106091272
https://openalex.org/W2107979026
https://openalex.org/W2118606437
https://openalex.org/W2120110629
https://openalex.org/W2160349015
https://openalex.org/W2163222874
https://openalex.org/W2163870816
https://openalex.org/W2271795322
https://openalex.org/W2274254132
https://openalex.org/W2561151704
https://openalex.org/W2793373694
https://openalex.org/W2973104828
https://openalex.org/W3004523363
https://openalex.org/W3081972958
https://openalex.org/W3104227189
https://openalex.org/W3129436226
https://openalex.org/W3186492101
https://openalex.org/W1966198873
https://openalex.org/W1974606972
https://openalex.org/W1982172757
https://openalex.org/W1988468714
https://openalex.org/W1994369231
https://openalex.org/W2007827990
https://openalex.org/W2009018223
https://openalex.org/W2039422125
https://openalex.org/W2053658936
https://openalex.org/W2055180228
https://openalex.org/W2069366171
https://openalex.org/W2082252536
https://openalex.org/W2092344488
https://openalex.org/W2097587154
https://openalex.org/W2131123326
https://openalex.org/W2133545631
https://openalex.org/W2136890225
https://openalex.org/W2141052372
https://openalex.org/W2155878823
https://openalex.org/W2159922552
https://openalex.org/W2286500479
https://openalex.org/W2339378386
https://openalex.org/W2343827910
https://openalex.org/W2587903447
https://openalex.org/W2605733357
https://openalex.org/W2621312422
https://openalex.org/W2765218802
https://openalex.org/W286048187
https://openalex.org/W2903243066
https://openalex.org/W2941237247
https://openalex.org/W2946145162
https://openalex.org/W3013878815
https://openalex.org/W3016857467
https://openalex.org/W3017979846
https://openalex.org/W3114747471
https://openalex.org/W3135289491
https://openalex.org/W3149633317
https://openalex.org/W4233675163
https://openalex.org/W4295706063
https://openalex.org/W1833295899
https://openalex.org/W1848240821
https://openalex.org/W1965046479
https://openalex.org/W1967665532
https://openalex.org/W1970232713
https://openalex.org/W1987981495
https://openalex.org/W1988377387
https://openalex.org/W1991901467
https://openalex.org/W1995464981
https://openalex.org/W1999391831
https://openalex.org/W2000517939
https://openalex.org/W2009389651
https://openalex.org/W2015598084
https://openalex.org/W2019821944
https://openalex.org/W2020904897
https://openalex.org/W2021206226
https://openalex.org/W2037720561
https://openalex.org/W2040073530
https://openalex.org/W2075132889
https://openalex.org/W2083262243
https://openalex.org/W2087516612
https://openalex.org/W2099960124
https://openalex.org/W2103039072
https://openalex.org/W2115888600
https://openalex.org/W2116320816
https://openalex.org/W2117444071
https://openalex.org/W2135807555
https://openalex.org/W2165926387
https://openalex.org/W2167250584
https://openalex.org/W2228057138
https://openalex.org/W2291573959
https://openalex.org/W2317820729
https://openalex.org/W2410306784
https://openalex.org/W2470099993
https://openalex.org/W2531741595
https://openalex.org/W2558171253
https://openalex.org/W2783100652
https://openalex.org/W2889388780
https://openalex.org/W2903305194
https://openalex.org/W2945687901
https://openalex.org/W2948848780
https://openalex.org/W2969017473
https://openalex.org/W3093125798
https://openalex.org/W3100412315
https://openalex.org/W3108817395
https://openalex.org/W3195188032
https://openalex.org/W850981696
https://openalex.org/W1846039027
https://openalex.org/W1975686756
https://openalex.org/W1984353947
https://openalex.org/W1999065461
https://openalex.org/W2008376253
https://openalex.org/W2014787762
https://openalex.org/W2032279759
https://openalex.org/W2038477346
https://openalex.org/W2041639967
https://openalex.org/W2066666459
https://openalex.org/W2067592650
https://openalex.org/W2069968490
https://openalex.org/W2083703375
https://openalex.org/W2085021748
https://openalex.org/W2093819706
https://openalex.org/W2098193057
https://openalex.org/W2110092994
https://openalex.org/W2134825071
https://openalex.org/W2156980465
https://openalex.org/W2221525432
https://openalex.org/W2273903353
https://openalex.org/W2288737935
https://openalex.org/W2324402688
https://openalex.org/W2766744941
https://openalex.org/W2791710617
https://openalex.org/W2850167186
https://openalex.org/W2888520392
https://openalex.org/W2894549403
https://openalex.org/W2896729770
https://openalex.org/W2950811937
https://openalex.org/W2950834728
https://openalex.org/W3021566241
https://openalex.org/W3043795076
https://openalex.org/W3125236604
https://openalex.org/W3127964565
https://openalex.org/W3184028641
https://openalex.org/W4210844338
https://openalex.org/W4224289393
https://openalex.org/W154297838
https://openalex.org/W1981736151
https://openalex.org/W1982862367
https://openalex.org/W1986963534
https://openalex.org/W1989676089
https://openalex.org/W1999806760
https://openalex.org/W2012156160
https://openalex.org/W2025672393
https://openalex.org/W2027291403
https://openalex.org/W2029289572
https://openalex.org/W2033506321
https://openalex.org/W2039228405
https://openalex.org/W2039820240
https://openalex.org/W2046073116
https://openalex.org/W2049974637
https://openalex.org/W2052642708
https://openalex.org/W2057846649
https://openalex.org/W2067932335
https://openalex.org/W2074043118
https://openalex.org/W2088096162
https://openalex.org/W2090388375
https://openalex.org/W2100862064
https://openalex.org/W2107947685
https://openalex.org/W2122610064
https://openalex.org/W2126099567
https://openalex.org/W2134562734
https://openalex.org/W2142540873
https://openalex.org/W2152522699
https://openalex.org/W2158447971
https://openalex.org/W2161462407
https://openalex.org/W2511988387
https://openalex.org/W2519814742
https://openalex.org/W2529809654
https://openalex.org/W2596680732
https://openalex.org/W2606521244
https://openalex.org/W2617851320
https://openalex.org/W2754159853
https://openalex.org/W2757075025
https://openalex.org/W2763958111
https://openalex.org/W2768318977
https://openalex.org/W2790570397
https://openalex.org/W2794642014
https://openalex.org/W2898014842
https://openalex.org/W2908851256
https://openalex.org/W2910002973
https://openalex.org/W2914551689
https://openalex.org/W2969670625
https://openalex.org/W2981411509
https://openalex.org/W2983888077
https://openalex.org/W2994867044
https://openalex.org/W3005255582
https://openalex.org/W3010245045
https://openalex.org/W3160835712
https://openalex.org/W3169395540
https://openalex.org/W4234562118
https://openalex.org/W4243699706
https://openalex.org/W1511429990
https://openalex.org/W1513427534
https://openalex.org/W1598583077
https://openalex.org/W1968915089
https://openalex.org/W1979447954
https://openalex.org/W1979868000
https://openalex.org/W1981940668
https://openalex.org/W1982958420
https://openalex.org/W1986672559
https://openalex.org/W2003275697
https://openalex.org/W2009647425
https://openalex.org/W2010037987
https://openalex.org/W2010708694
https://openalex.org/W2024487165
https://openalex.org/W2030276315
https://openalex.org/W2030801120
https://openalex.org/W2033054630
https://openalex.org/W2035232378
https://openalex.org/W2041769509
https://openalex.org/W2050982497
https://openalex.org/W2056140443
https://openalex.org/W2056254288
https://openalex.org/W2057759525
https://openalex.org/W2059794436
https://openalex.org/W2064036686
https://openalex.org/W2090827531
https://openalex.org/W2093050213
https://openalex.org/W2106745500
https://openalex.org/W2113973235
https://openalex.org/W2118207835
https://openalex.org/W2134335381
https://openalex.org/W2137558037
https://openalex.org/W2169259698
https://openalex.org/W2170108866
https://openalex.org/W2170493906
https://openalex.org/W2178398744
https://openalex.org/W2283492149
https://openalex.org/W2320356601
https://openalex.org/W2325661420
https://openalex.org/W2347074513
https://openalex.org/W2410931433
https://openalex.org/W2535330569
https://openalex.org/W2541894503
https://openalex.org/W2604080054
https://openalex.org/W2726019292
https://openalex.org/W2735623158
https://openalex.org/W2741545984
https://openalex.org/W2761307613
https://openalex.org/W2771906509
https://openalex.org/W2772905637
https://openalex.org/W2799504986
https://openalex.org/W2898914383
https://openalex.org/W2917637494
https://openalex.org/W2964561663
https://openalex.org/W2995500161
https://openalex.org/W3137750777
https://openalex.org/W3197785190
https://openalex.org/W4224300622
https://openalex.org/W4283268747
https://openalex.org/W4294011741
https://openalex.org/W1480816262
https://openalex.org/W165446256
https://openalex.org/W17065653
https://openalex.org/W1968495294
https://openalex.org/W1969768095
https://openalex.org/W1971297974
https://openalex.org/W1972107587
https://openalex.org/W1974247649
https://openalex.org/W1974990514
https://openalex.org/W1978079194
https://openalex.org/W1983967092
https://openalex.org/W1996496571
https://openalex.org/W1998326882
https://openalex.org/W2002517394
https://openalex.org/W2009658967
https://openalex.org/W2015710517
https://openalex.org/W2032357852
https://openalex.org/W2033608274
https://openalex.org/W2034162084
https://openalex.org/W2041584508
https://openalex.org/W2042747950
https://openalex.org/W2045002320
https://openalex.org/W2048800054
https://openalex.org/W2057130429
https://openalex.org/W2065184457
https://openalex.org/W2066165861
https://openalex.org/W2102461030
https://openalex.org/W2116654252
https://openalex.org/W2122185104
https://openalex.org/W2125107423
https://openalex.org/W2146011648
https://openalex.org/W2158613286
https://openalex.org/W2268202679
https://openalex.org/W2318070620
https://openalex.org/W2328143662
https://openalex.org/W2345911486
https://openalex.org/W2548366592
https://openalex.org/W2551990415
https://openalex.org/W2589208173
https://openalex.org/W267744359
https://openalex.org/W2728936626
https://openalex.org/W2749419571
https://openalex.org/W2765955039
https://openalex.org/W2768958372
https://openalex.org/W2789864417
https://openalex.org/W2884383682
https://openalex.org/W2891814593
https://openalex.org/W2898973607
https://openalex.org/W2941911634
https://openalex.org/W2943842048
https://openalex.org/W2952583633
https://openalex.org/W2955909394
https://openalex.org/W2989947675
https://openalex.org/W3013463833
https://openalex.org/W3087015647
https://openalex.org/W3130554603
https://openalex.org/W3135892130
https://openalex.org/W3146963337
https://openalex.org/W3168645654
https://openalex.org/W3211433553
https://openalex.org/W4214727251
https://openalex.org/W1124303512
https://openalex.org/W1486383134
https://openalex.org/W1556242848
https://openalex.org/W1839342733
https://openalex.org/W1969344543
https://openalex.org/W1969906402
https://openalex.org/W1975102697
https://openalex.org/W1988130181
https://openalex.org/W1990334711
https://openalex.org/W1994824463
https://openalex.org/W2018109087
https://openalex.org/W2020579571
https://openalex.org/W2027314788
https://openalex.org/W2041863027
https://openalex.org/W2044368085
https://openalex.org/W2050485728
https://openalex.org/W2060984231
https://openalex.org/W2063480803
https://openalex.org/W2067014637
https://openalex.org/W2070880905
https://openalex.org/W2080143131
https://openalex.org/W2113594309
https://openalex.org/W2120049752
https://openalex.org/W2135003719
https://openalex.org/W2138035227
https://openalex.org/W2148663640
https://openalex.org/W2154482038
https://openalex.org/W2166560192
https://openalex.org/W2197708537
https://openalex.org/W2275462894
https://openalex.org/W2518041939
https://openalex.org/W2526935964
https://openalex.org/W2559155405
https://openalex.org/W2561704020
https://openalex.org/W2577290052
https://openalex.org/W2611453095
https://openalex.org/W2765105386
https://openalex.org/W2770169553
https://openalex.org/W2886268849
https://openalex.org/W2889021523
https://openalex.org/W2904443717
https://openalex.org/W2909691003
https://openalex.org/W2913653805
https://openalex.org/W2924623915
https://openalex.org/W2927967433
https://openalex.org/W2945036391
https://openalex.org/W2947006661
https://openalex.org/W2966163918
https://openalex.org/W2968245698
https://openalex.org/W2992797351
https://openalex.org/W3047937226
https://openalex.org/W3094231167
https://openalex.org/W3095769115
https://openalex.org/W3102947599
https://openalex.org/W3108347646
https://openalex.org/W3119699510
https://openalex.org/W4205272462
https://openalex.org/W4234721979
https://openalex.org/W151637059
https://openalex.org/W1535283406
https://openalex.org/W1795609845
https://openalex.org/W1976701759
https://openalex.org/W1979136359
https://openalex.org/W1987349757
https://openalex.org/W1987368256
https://openalex.org/W1988036384
https://openalex.org/W1999330695
https://openalex.org/W2000764805
https://openalex.org/W2021683247
https://openalex.org/W2050578141
https://openalex.org/W2058240155
https://openalex.org/W2069506718
https://openalex.org/W2070442808
https://openalex.org/W2074922874
https://openalex.org/W2086754727
https://openalex.org/W2088616081
https://openalex.org/W2095848645
https://openalex.org/W2108743979
https://openalex.org/W2119563494
https://openalex.org/W2132896985
https://openalex.org/W2149077848
https://openalex.org/W2156327907
https://openalex.org/W2167851035
https://openalex.org/W2238530650
https://openalex.org/W2309574602
https://openalex.org/W2337976084
https://openalex.org/W2416274758
https://openalex.org/W2562976786
https://openalex.org/W2600693628
https://openalex.org/W2605547032
https://openalex.org/W2725032736
https://openalex.org/W2741404610
https://openalex.org/W2744629383
https://openalex.org/W2745567460
https://openalex.org/W2754054654
https://openalex.org/W2887606466
https://openalex.org/W2895005517
https://openalex.org/W2895443487
https://openalex.org/W2904257011
https://openalex.org/W2954295637
https://openalex.org/W2962854624
https://openalex.org/W2997040397
https://openalex.org/W2998397626
https://openalex.org/W3011108159
https://openalex.org/W3014950754
https://openalex.org/W3042346709
https://openalex.org/W3124952415
https://openalex.org/W3131508128
https://openalex.org/W3137277001
https://openalex.org/W3176683426
https://openalex.org/W3196357425
https://openalex.org/W3204150718
https://openalex.org/W4220767890
https://openalex.org/W958557275
https://openalex.org/W1515879533
https://openalex.org/W1687471446
https://openalex.org/W1871349971
https://openalex.org/W1964984464
https://openalex.org/W1967238869
https://openalex.org/W1968777844
https://openalex.org/W1985728487
https://openalex.org/W1997801519
https://openalex.org/W2005933498
https://openalex.org/W2044603659
https://openalex.org/W2047216926
https://openalex.org/W2049822262
https://openalex.org/W2052416049
https://openalex.org/W2065713597
https://openalex.org/W2082444283
https://openalex.org/W2097754965
https://openalex.org/W2117248106
https://openalex.org/W2119965207
https://openalex.org/W2129827837
https://openalex.org/W2134546465
https://openalex.org/W2153430763
https://openalex.org/W2167938670
https://openalex.org/W2475239162
https://openalex.org/W2522060219
https://openalex.org/W2585144707
https://openalex.org/W2599135270
https://openalex.org/W2604694129
https://openalex.org/W2617380818
https://openalex.org/W2742000549
https://openalex.org/W2750452241
https://openalex.org/W2754175417
https://openalex.org/W2756103597
https://openalex.org/W2765652320
https://openalex.org/W2771102837
https://openalex.org/W2795807286
https://openalex.org/W2803978699
https://openalex.org/W2887496152
https://openalex.org/W2897730699
https://openalex.org/W2900703460
https://openalex.org/W2913565775
https://openalex.org/W2946233956
https://openalex.org/W2979951844
https://openalex.org/W2980367851
https://openalex.org/W2994780740
https://openalex.org/W3009454669
https://openalex.org/W3009484767
https://openalex.org/W3017782085
https://openalex.org/W3021318845
https://openalex.org/W3045519149
https://openalex.org/W3097780981
https://openalex.org/W3111936121
https://openalex.org/W3209261662
https://openalex.org/W147199897
https://openalex.org/W1541080843
https://openalex.org/W1559792487
https://openalex.org/W1894490140
https://openalex.org/W1967494919
https://openalex.org/W1968056862
https://openalex.org/W1969863340
https://openalex.org/W1980274933
https://openalex.org/W1983101501
https://openalex.org/W1983308125
https://openalex.org/W1985247249
https://openalex.org/W1986321251
https://openalex.org/W1989985946
https://openalex.org/W1990185504
https://openalex.org/W1990994829
https://openalex.org/W1996923309
https://openalex.org/W1997001861
https://openalex.org/W2001952701
https://openalex.org/W2011558824
https://openalex.org/W2016885905
https://openalex.org/W2018627487
https://openalex.org/W2023372949
https://openalex.org/W2028070914
https://openalex.org/W2031600415
https://openalex.org/W2058015364
https://openalex.org/W2063693201
https://openalex.org/W2075527644
https://openalex.org/W2078054347
https://openalex.org/W2078344066
https://openalex.org/W2093260921
https://openalex.org/W2103673744
https://openalex.org/W2137020194
https://openalex.org/W2138081822
https://openalex.org/W2138244361
https://openalex.org/W21397350
https://openalex.org/W2140349763
https://openalex.org/W2155418155
https://openalex.org/W218277662
https://openalex.org/W2213284244
https://openalex.org/W2264211407
https://openalex.org/W2331758694
https://openalex.org/W2592639084
https://openalex.org/W2736878006
https://openalex.org/W2746410026
https://openalex.org/W2894130039
https://openalex.org/W2898892502
https://openalex.org/W2900116549
https://openalex.org/W2903426819
https://openalex.org/W2905813970
https://openalex.org/W2907441652
https://openalex.org/W2929090201
https://openalex.org/W2943093123
https://openalex.org/W2952294209
https://openalex.org/W2962203254
https://openalex.org/W2982361026
https://openalex.org/W3004344136
https://openalex.org/W3009434884
https://openalex.org/W3009752991
https://openalex.org/W3011380652
https://openalex.org/W3022606925
https://openalex.org/W3026680101
https://openalex.org/W3080401878
https://openalex.org/W3095458372
https://openalex.org/W3175440789
https://openalex.org/W3188435915
https://openalex.org/W4296328734
https://openalex.org/W4321004849
https://openalex.org/W795729173
https://openalex.org/W1516495355
https://openalex.org/W1572148158
https://openalex.org/W1573670675
https://openalex.org/W1604065332
https://openalex.org/W1982583771
https://openalex.org/W1992348539
https://openalex.org/W1992960609
https://openalex.org/W2003581254
https://openalex.org/W2013307497
https://openalex.org/W2021683672
https://openalex.org/W2022378336
https://openalex.org/W2025369648
https://openalex.org/W2031657300
https://openalex.org/W2034932920
https://openalex.org/W2038776839
https://openalex.org/W2041114432
https://openalex.org/W2047065881
https://openalex.org/W2050524751
https://openalex.org/W2051054217
https://openalex.org/W2052083308
https://openalex.org/W2065671200
https://openalex.org/W2065950472
https://openalex.org/W2079007929
https://openalex.org/W2079470725
https://openalex.org/W2083133443
https://openalex.org/W2090928578
https://openalex.org/W2095286435
https://openalex.org/W2096665269
https://openalex.org/W2122236562
https://openalex.org/W2125882115
https://openalex.org/W2132094903
https://openalex.org/W2164601834
https://openalex.org/W2196211847
https://openalex.org/W2239967160
https://openalex.org/W2247926026
https://openalex.org/W2284791776
https://openalex.org/W2318012586
https://openalex.org/W2345771177
https://openalex.org/W2348748449
https://openalex.org/W2494512298
https://openalex.org/W2528126148
https://openalex.org/W2558948590
https://openalex.org/W2561728325
https://openalex.org/W2595422228
https://openalex.org/W2734858508
https://openalex.org/W2766308291
https://openalex.org/W2766402264
https://openalex.org/W2799344917
https://openalex.org/W2802238161
https://openalex.org/W2806045899
https://openalex.org/W2893982297
https://openalex.org/W2895988993
https://openalex.org/W2910271201
https://openalex.org/W2912478323
https://openalex.org/W2913763991
https://openalex.org/W2944524261
https://openalex.org/W2972940928
https://openalex.org/W3001451171
https://openalex.org/W3010252522
https://openalex.org/W3012271538
https://openalex.org/W3015104333
https://openalex.org/W3015649606
https://openalex.org/W3021755021
https://openalex.org/W3027086787
https://openalex.org/W3031796383
https://openalex.org/W3036779750
https://openalex.org/W3095741726
https://openalex.org/W3205110479
https://openalex.org/W3208393319
https://openalex.org/W3215151592
https://openalex.org/W1103613872
https://openalex.org/W1783049296
https://openalex.org/W1918503902
https://openalex.org/W1968008200
https://openalex.org/W1968474464
https://openalex.org/W1971786586
https://openalex.org/W1976295296
https://openalex.org/W1979921649
https://openalex.org/W1981586827
https://openalex.org/W1981651897
https://openalex.org/W1983696587
https://openalex.org/W1987964623
https://openalex.org/W1991735015
https://openalex.org/W2003850832
https://openalex.org/W2010411522
https://openalex.org/W2015245229
https://openalex.org/W2020523811
https://openalex.org/W2029440389
https://openalex.org/W2050384695
https://openalex.org/W2065627208
https://openalex.org/W2069434995
https://openalex.org/W2073362924
https://openalex.org/W2086427264
https://openalex.org/W2097317453
https://openalex.org/W2099152928
https://openalex.org/W2099494515
https://openalex.org/W2145779902
https://openalex.org/W2158476883
https://openalex.org/W2168537518
https://openalex.org/W2334834050
https://openalex.org/W2340786564
https://openalex.org/W2531365339
https://openalex.org/W2569968310
https://openalex.org/W2573151033
https://openalex.org/W2608361035
https://openalex.org/W2611069011
https://openalex.org/W2611461106
https://openalex.org/W2612711321
https://openalex.org/W2613168376
https://openalex.org/W2620953090
https://openalex.org/W2768518012
https://openalex.org/W2772505247
https://openalex.org/W2781980584
https://openalex.org/W2792941550
https://openalex.org/W2800274889
https://openalex.org/W2800298467
https://openalex.org/W2806346931
https://openalex.org/W2885158450
https://openalex.org/W2901755402
https://openalex.org/W2902756702
https://openalex.org/W2906682085
https://openalex.org/W2907013285
https://openalex.org/W2912496882
https://openalex.org/W2915063763
https://openalex.org/W2915860080
https://openalex.org/W2925961191
https://openalex.org/W2938288922
https://openalex.org/W2944881549
https://openalex.org/W2946487590
https://openalex.org/W2950711255
https://openalex.org/W2969530810
https://openalex.org/W2973601995
https://openalex.org/W2979784443
https://openalex.org/W2987171219
https://openalex.org/W2995225154
https://openalex.org/W2999723144
https://openalex.org/W3100629219
https://openalex.org/W3127735398
https://openalex.org/W3161462824
https://openalex.org/W3168923491
https://openalex.org/W3190685479
https://openalex.org/W3200248876
https://openalex.org/W3212724875
https://openalex.org/W4231939702
https://openalex.org/W4288491235
https://openalex.org/W4292548591
https://openalex.org/W4304820465
https://openalex.org/W1602871721
https://openalex.org/W170460694
https://openalex.org/W1963961811
https://openalex.org/W1964057551
https://openalex.org/W1971206898
https://openalex.org/W1971676622
https://openalex.org/W1972745345
https://openalex.org/W1977616911
https://openalex.org/W1981986106
https://openalex.org/W1982621817
https://openalex.org/W1984280960
https://openalex.org/W1986085186
https://openalex.org/W1987570480
https://openalex.org/W1989967577
https://openalex.org/W1992735432
https://openalex.org/W1995592117
https://openalex.org/W2002472146
https://openalex.org/W2024724654
https://openalex.org/W2025050579
https://openalex.org/W2028888036
https://openalex.org/W2032808103
https://openalex.org/W2040307330
https://openalex.org/W2053392992
https://openalex.org/W2054834716
https://openalex.org/W2060558484
https://openalex.org/W2061950279
https://openalex.org/W2063902943
https://openalex.org/W2067241601
https://openalex.org/W2082816012
https://openalex.org/W2084905132
https://openalex.org/W2088170339
https://openalex.org/W2090835233
https://openalex.org/W2091746461
https://openalex.org/W2111673166
https://openalex.org/W2124255796
https://openalex.org/W2130409271
https://openalex.org/W2143456156
https://openalex.org/W2149912050
https://openalex.org/W2152120170
https://openalex.org/W2161088323
https://openalex.org/W2281164413
https://openalex.org/W2330179308
https://openalex.org/W2408307579
https://openalex.org/W2412487546
https://openalex.org/W2518678780
https://openalex.org/W2614960512
https://openalex.org/W2771614478
https://openalex.org/W2775062449
https://openalex.org/W2777703552
https://openalex.org/W2782441647
https://openalex.org/W2802925598
https://openalex.org/W2806244273
https://openalex.org/W2808811039
https://openalex.org/W2808858485
https://openalex.org/W2898432467
https://openalex.org/W2898957102
https://openalex.org/W2912373951
https://openalex.org/W2920094493
https://openalex.org/W2933150635
https://openalex.org/W2942968485
https://openalex.org/W2943972873
https://openalex.org/W2953927951
https://openalex.org/W2999114205
https://openalex.org/W2999705924
https://openalex.org/W3006674455
https://openalex.org/W3009619894
https://openalex.org/W3047468511
https://openalex.org/W3101864909
https://openalex.org/W3116276997
https://openalex.org/W3119629801
https://openalex.org/W3127131865
https://openalex.org/W3147627468
https://openalex.org/W3162204783
https://openalex.org/W3174604936
https://openalex.org/W3179432180
https://openalex.org/W3180499059
https://openalex.org/W3193703304
https://openalex.org/W3197252013
https://openalex.org/W4200627546
https://openalex.org/W4210883984
https://openalex.org/W4211018505
https://openalex.org/W4252112270
https://openalex.org/W4255458528
https://openalex.org/W4281260247
https://openalex.org/W1025143706
https://openalex.org/W1518385548
https://openalex.org/W1526156798
https://openalex.org/W1588741035
https://openalex.org/W1602896232
https://openalex.org/W1604515738
https://openalex.org/W1722305132
https://openalex.org/W1966686940
https://openalex.org/W1966733648
https://openalex.org/W1967383329
https://openalex.org/W1967544686
https://openalex.org/W1972910210
https://openalex.org/W1976466350
https://openalex.org/W1978666863
https://openalex.org/W1980560984
https://openalex.org/W1980802173
https://openalex.org/W1984796639
https://openalex.org/W1985820343
https://openalex.org/W1988269993
https://openalex.org/W1991997804
https://openalex.org/W1997175943
https://openalex.org/W1997274666
https://openalex.org/W1999158059
https://openalex.org/W2004762879
https://openalex.org/W2009262687
https://openalex.org/W2011061711
https://openalex.org/W2012099691
https://openalex.org/W2032769904
https://openalex.org/W2036318987
https://openalex.org/W2037748564
https://openalex.org/W2041160713
https://openalex.org/W2046647465
https://openalex.org/W2050731508
https://openalex.org/W2051279709
https://openalex.org/W2051481663
https://openalex.org/W2055333486
https://openalex.org/W2067079110
https://openalex.org/W2088454507
https://openalex.org/W2088798876
https://openalex.org/W2098726293
https://openalex.org/W2114726714
https://openalex.org/W2120972935
https://openalex.org/W2125234344
https://openalex.org/W2141026559
https://openalex.org/W2159724610
https://openalex.org/W2161971978
https://openalex.org/W2235841434
https://openalex.org/W2263752169
https://openalex.org/W2296175078
https://openalex.org/W2344057591
https://openalex.org/W2353405895
https://openalex.org/W2413976646
https://openalex.org/W2420429943
https://openalex.org/W2440303453
https://openalex.org/W2473036125
https://openalex.org/W2525593445
https://openalex.org/W2602531418
https://openalex.org/W2742743337
https://openalex.org/W2770046552
https://openalex.org/W2770743149
https://openalex.org/W2772793178
https://openalex.org/W2775083786
https://openalex.org/W2791662784
https://openalex.org/W2871873592
https://openalex.org/W2919810028
https://openalex.org/W2940753829
https://openalex.org/W2946842153
https://openalex.org/W2949824237
https://openalex.org/W2954024706
https://openalex.org/W2972042927
https://openalex.org/W2980028227
https://openalex.org/W3000080537
https://openalex.org/W3005760949
https://openalex.org/W3007433689
https://openalex.org/W3013320284
https://openalex.org/W3027788213
https://openalex.org/W3045574328
https://openalex.org/W3047628662
https://openalex.org/W3081019734
https://openalex.org/W3088886457
https://openalex.org/W3100629005
https://openalex.org/W3108636479
https://openalex.org/W3141450518
https://openalex.org/W3169561492
https://openalex.org/W3203964242
https://openalex.org/W3215987172
https://openalex.org/W4206223475
https://openalex.org/W4210963921
https://openalex.org/W4220996429
https://openalex.org/W4245006381
https://openalex.org/W4283327445
https://openalex.org/W1183008218
https://openalex.org/W1508245009
https://openalex.org/W1564152261
https://openalex.org/W1948623743
https://openalex.org/W1953417419
https://openalex.org/W1966397519
https://openalex.org/W1968740517
https://openalex.org/W1970006259
https://openalex.org/W1977897306
https://openalex.org/W1978537904
https://openalex.org/W1980013580
https://openalex.org/W1980642053
https://openalex.org/W1989024509
https://openalex.org/W1993179092
https://openalex.org/W1997601553
https://openalex.org/W2002033653
https://openalex.org/W2006061109
https://openalex.org/W2011911339
https://openalex.org/W2030248989
https://openalex.org/W2031218614
https://openalex.org/W2052600854
https://openalex.org/W2056067943
https://openalex.org/W2056980727
https://openalex.org/W2060340847
https://openalex.org/W2065345279
https://openalex.org/W2066759626
https://openalex.org/W2074322753
https://openalex.org/W2082156959
https://openalex.org/W2089743968
https://openalex.org/W2090189130
https://openalex.org/W2091878738
https://openalex.org/W2119314217
https://openalex.org/W2125058054
https://openalex.org/W2130568711
https://openalex.org/W2154165832
https://openalex.org/W2155906572
https://openalex.org/W2167335232
https://openalex.org/W2213114099
https://openalex.org/W2281405606
https://openalex.org/W2295144488
https://openalex.org/W2306004656
https://openalex.org/W2322895162
https://openalex.org/W2398176129
https://openalex.org/W2491026646
https://openalex.org/W2512611366
https://openalex.org/W2515436650
https://openalex.org/W2560422323
https://openalex.org/W2588487746
https://openalex.org/W2588915451
https://openalex.org/W2595172749
https://openalex.org/W2754084874
https://openalex.org/W2755992311
https://openalex.org/W2759056079
https://openalex.org/W2764007462
https://openalex.org/W2774568917
https://openalex.org/W2799324057
https://openalex.org/W2890567665
https://openalex.org/W2890573200
https://openalex.org/W2898285941
https://openalex.org/W2906667112
https://openalex.org/W2951327690
https://openalex.org/W2952941553
https://openalex.org/W2969271597
https://openalex.org/W2979485853
https://openalex.org/W2981740416
https://openalex.org/W2982392828
https://openalex.org/W2988076030
https://openalex.org/W2994738171
https://openalex.org/W3015319211
https://openalex.org/W3016228731
https://openalex.org/W3027796469
https://openalex.org/W3032122114
https://openalex.org/W3081996362
https://openalex.org/W3088926235
https://openalex.org/W3101238956
https://openalex.org/W3111235799
https://openalex.org/W3130387526
https://openalex.org/W3155560067
https://openalex.org/W3160700180
https://openalex.org/W3162360224
https://openalex.org/W3163478700
https://openalex.org/W3164062973
https://openalex.org/W3164672369
https://openalex.org/W3171209618
https://openalex.org/W3174161897
https://openalex.org/W3185146399
https://openalex.org/W3196491372
https://openalex.org/W3202909430
https://openalex.org/W4206489582
https://openalex.org/W4206832070
https://openalex.org/W4220741390
https://openalex.org/W4231520132
https://openalex.org/W4251824798
https://openalex.org/W4280490589
https://openalex.org/W4280526065
https://openalex.org/W4283071426
https://openalex.org/W606873198
https://openalex.org/W1479718885
https://openalex.org/W158067851
https://openalex.org/W1620767500
https://openalex.org/W1893098178
https://openalex.org/W1931037430
https://openalex.org/W1966259629
https://openalex.org/W1974172386
https://openalex.org/W1974778664
https://openalex.org/W1976885434
https://openalex.org/W1978134798
https://openalex.org/W1979098285
https://openalex.org/W1979556610
https://openalex.org/W1982648546
https://openalex.org/W1993003967
https://openalex.org/W1995333793
https://openalex.org/W2000170988
https://openalex.org/W2003455793
https://openalex.org/W2013966186
https://openalex.org/W2022022480
https://openalex.org/W2022216824
https://openalex.org/W2030658384
https://openalex.org/W2033190117
https://openalex.org/W2034523157
https://openalex.org/W2039211548
https://openalex.org/W204439747
https://openalex.org/W2044563875
https://openalex.org/W2049839984
https://openalex.org/W2056687572
https://openalex.org/W2062251565
https://openalex.org/W2064496719
https://openalex.org/W2071456069
https://openalex.org/W2075845607
https://openalex.org/W2099541446
https://openalex.org/W2103776907
https://openalex.org/W2109892999
https://openalex.org/W2113606128
https://openalex.org/W2114901940
https://openalex.org/W2115089477
https://openalex.org/W2158769909
https://openalex.org/W2438096848
https://openalex.org/W2519651989
https://openalex.org/W2519750934
https://openalex.org/W2556122183
https://openalex.org/W256062315
https://openalex.org/W2589339973
https://openalex.org/W2608215849
https://openalex.org/W2708421820
https://openalex.org/W2739399120
https://openalex.org/W2786982536
https://openalex.org/W2797997307
https://openalex.org/W2806023135
https://openalex.org/W2810795172
https://openalex.org/W2888176315
https://openalex.org/W2902126080
https://openalex.org/W2902815426
https://openalex.org/W2909570715
https://openalex.org/W2911444354
https://openalex.org/W2934246081
https://openalex.org/W2936981041
https://openalex.org/W2945839913
https://openalex.org/W2946411583
https://openalex.org/W2952667761
https://openalex.org/W2963287440
https://openalex.org/W2964803923
https://openalex.org/W2976504530
https://openalex.org/W2998955112
https://openalex.org/W2999389152
https://openalex.org/W2999575226
https://openalex.org/W2999975525
https://openalex.org/W3000346641
https://openalex.org/W3008580500
https://openalex.org/W3014606458
https://openalex.org/W3017636784
https://openalex.org/W3023665670
https://openalex.org/W3025280368
https://openalex.org/W3049170451
https://openalex.org/W3088254357
https://openalex.org/W3092485594
https://openalex.org/W3109272883
https://openalex.org/W3129118038
https://openalex.org/W3133947056
https://openalex.org/W3154146388
https://openalex.org/W3157408641
https://openalex.org/W3167417704
https://openalex.org/W3167761454
https://openalex.org/W3170187841
https://openalex.org/W3175802192
https://openalex.org/W3179398719
https://openalex.org/W3213815754
https://openalex.org/W4214929846
https://openalex.org/W4221108272
https://openalex.org/W4223972702
https://openalex.org/W4226060438
https://openalex.org/W4233330692
https://openalex.org/W4235202275
https://openalex.org/W4235994182
https://openalex.org/W4283757259
https://openalex.org/W4285092934
https://openalex.org/W4285803892
https://openalex.org/W4293378890
https://openalex.org/W4298137243
https://openalex.org/W4309509120
https://openalex.org/W635341559
https://openalex.org/W99047679
https://openalex.org/W1583327846
https://openalex.org/W1683874947
https://openalex.org/W1817534560
https://openalex.org/W1831342684
https://openalex.org/W1960273273
https://openalex.org/W1965051964
https://openalex.org/W1969572640
https://openalex.org/W1975079373
https://openalex.org/W1978323145
https://openalex.org/W1980898165
https://openalex.org/W1986746
https://openalex.org/W1986806629
https://openalex.org/W1988944063
https://openalex.org/W1989672435
https://openalex.org/W1990735040
https://openalex.org/W1992369062
https://openalex.org/W1998223848
https://openalex.org/W2007859261
https://openalex.org/W2009559283
https://openalex.org/W2012708488
https://openalex.org/W2015103052
https://openalex.org/W2016848752
https://openalex.org/W2021143145
https://openalex.org/W2021370624
https://openalex.org/W2030249920
https://openalex.org/W2035553606
https://openalex.org/W2038367792
https://openalex.org/W2039814672
https://openalex.org/W2044108932
https://openalex.org/W2057199218
https://openalex.org/W2064607867
https://openalex.org/W2078813675
https://openalex.org/W2078883358
https://openalex.org/W2079988735
https://openalex.org/W2081577231
https://openalex.org/W2082871445
https://openalex.org/W2082947235
https://openalex.org/W2086046407
https://openalex.org/W2087401571
https://openalex.org/W2091538641
https://openalex.org/W2093569473
https://openalex.org/W2105179687
https://openalex.org/W2108740354
https://openalex.org/W2120176136
https://openalex.org/W2139518801
https://openalex.org/W2140723966
https://openalex.org/W2148932474
https://openalex.org/W2180347258
https://openalex.org/W2272187878
https://openalex.org/W2278454466
https://openalex.org/W2323944042
https://openalex.org/W2347059025
https://openalex.org/W2466059390
https://openalex.org/W2467806348
https://openalex.org/W2503666507
https://openalex.org/W2505426586
https://openalex.org/W2521519102
https://openalex.org/W2551463539
https://openalex.org/W2555743416
https://openalex.org/W2606861667
https://openalex.org/W2612802817
https://openalex.org/W2744558781
https://openalex.org/W2793802034
https://openalex.org/W2810806908
https://openalex.org/W2886025443
https://openalex.org/W2889880002
https://openalex.org/W2890003153
https://openalex.org/W2920969702
https://openalex.org/W2944714133
https://openalex.org/W2945874387
https://openalex.org/W2950008242
https://openalex.org/W2954910683
https://openalex.org/W2955322972
https://openalex.org/W2999750782
https://openalex.org/W3013827966
https://openalex.org/W3043944168
https://openalex.org/W3082789097
https://openalex.org/W3088707355
https://openalex.org/W3088928648
https://openalex.org/W3094552399
https://openalex.org/W3099399991
https://openalex.org/W3104861051
https://openalex.org/W3116483428
https://openalex.org/W3123892971
https://openalex.org/W3126379750
https://openalex.org/W3127864106
https://openalex.org/W3137789144
https://openalex.org/W3145033613
https://openalex.org/W3153020207
https://openalex.org/W3162450742
https://openalex.org/W3166239737
https://openalex.org/W3204550112
https://openalex.org/W3205568588
https://openalex.org/W3207951703
https://openalex.org/W3210460422
https://openalex.org/W3215785320
https://openalex.org/W4210652014
https://openalex.org/W4250210813
https://openalex.org/W4292739067
https://openalex.org/W4296784693
https://openalex.org/W4309541195
https://openalex.org/W983796556
https://openalex.org/W1255307100
https://openalex.org/W1514535157
https://openalex.org/W1521121433
https://openalex.org/W1572798723
https://openalex.org/W1945958541
https://openalex.org/W1966323905
https://openalex.org/W1972927986
https://openalex.org/W1984306826
https://openalex.org/W1986246062
https://openalex.org/W1987141728
https://openalex.org/W1990555057
https://openalex.org/W1990599075
https://openalex.org/W1998838087
https://openalex.org/W2002888171
https://openalex.org/W2007071286
https://openalex.org/W2014947703
https://openalex.org/W2020483555
https://openalex.org/W2027628041
https://openalex.org/W2034153253
https://openalex.org/W2034326618
https://openalex.org/W2035527302
https://openalex.org/W2036812213
https://openalex.org/W2039729576
https://openalex.org/W2048433554
https://openalex.org/W2050899386
https://openalex.org/W2051089989
https://openalex.org/W2057916113
https://openalex.org/W2058681197
https://openalex.org/W2060476158
https://openalex.org/W2062431362
https://openalex.org/W2068723221
https://openalex.org/W2076048567
https://openalex.org/W2079203743
https://openalex.org/W2096602983
https://openalex.org/W2103132003
https://openalex.org/W2110404292
https://openalex.org/W2110824336
https://openalex.org/W2111405584
https://openalex.org/W2124468303
https://openalex.org/W2128129578
https://openalex.org/W2156710223
https://openalex.org/W2173292032
https://openalex.org/W2231216706
https://openalex.org/W2295916512
https://openalex.org/W2409260551
https://openalex.org/W2410640196
https://openalex.org/W2417756087
https://openalex.org/W2419578866
https://openalex.org/W2486485721
https://openalex.org/W2521259982
https://openalex.org/W2536210489
https://openalex.org/W2559692899
https://openalex.org/W2615641490
https://openalex.org/W2710574551
https://openalex.org/W2749187839
https://openalex.org/W2779349451
https://openalex.org/W2790751028
https://openalex.org/W2791959634
https://openalex.org/W2795126403
https://openalex.org/W2809199769
https://openalex.org/W2883600205
https://openalex.org/W2895530119
https://openalex.org/W2899483047
https://openalex.org/W2902348797
https://openalex.org/W2915996091
https://openalex.org/W2917481969
https://openalex.org/W2944434490
https://openalex.org/W2946335341
https://openalex.org/W2954011945
https://openalex.org/W2964950130
https://openalex.org/W2965148987
https://openalex.org/W2968383490
https://openalex.org/W2989591968
https://openalex.org/W2991212713
https://openalex.org/W2999192636
https://openalex.org/W2999232268
https://openalex.org/W3013807729
https://openalex.org/W3017179121
https://openalex.org/W3017580640
https://openalex.org/W3037482249
https://openalex.org/W3043692645
https://openalex.org/W3080274012
https://openalex.org/W3091958967
https://openalex.org/W3093139867
https://openalex.org/W3096675378
https://openalex.org/W3109378634
https://openalex.org/W3110968084
https://openalex.org/W3127285686
https://openalex.org/W3142454280
https://openalex.org/W3163115955
https://openalex.org/W3191636408
https://openalex.org/W3193468009
https://openalex.org/W3198606076
https://openalex.org/W3202061958
https://openalex.org/W4221091572
https://openalex.org/W4224274786
https://openalex.org/W4226314900
https://openalex.org/W4287835436
https://openalex.org/W4289830263
https://openalex.org/W4296995096
https://openalex.org/W4303518114
https://openalex.org/W4312010724
https://openalex.org/W4323667041
https://openalex.org/W1481879373
https://openalex.org/W1632602478
https://openalex.org/W1708670385
https://openalex.org/W1976877761
https://openalex.org/W1979399839
https://openalex.org/W1981595155
https://openalex.org/W1988118076
https://openalex.org/W1988570495
https://openalex.org/W1990778598
https://openalex.org/W1991730383
https://openalex.org/W1999519588
https://openalex.org/W2004806452
https://openalex.org/W2006814922
https://openalex.org/W2010098693
https://openalex.org/W2010209268
https://openalex.org/W2014739484
https://openalex.org/W2015337485
https://openalex.org/W2024784927
https://openalex.org/W2030327638
https://openalex.org/W2036051789
https://openalex.org/W2053867604
https://openalex.org/W2054226924
https://openalex.org/W2061576846
https://openalex.org/W2062912873
https://openalex.org/W2075899819
https://openalex.org/W2084144223
https://openalex.org/W2085133660
https://openalex.org/W2094450668
https://openalex.org/W2098979771
https://openalex.org/W2113635046
https://openalex.org/W2117857049
https://openalex.org/W2118805363
https://openalex.org/W2128990072
https://openalex.org/W2148390421
https://openalex.org/W2150378890
https://openalex.org/W2162763630
https://openalex.org/W2162815608
https://openalex.org/W2163118548
https://openalex.org/W2166995962
https://openalex.org/W2259799515
https://openalex.org/W2274129328
https://openalex.org/W2281671786
https://openalex.org/W2329792753
https://openalex.org/W2400603863
https://openalex.org/W2404542241
https://openalex.org/W2426890963
https://openalex.org/W2468659108
https://openalex.org/W2605916221
https://openalex.org/W2606183692
https://openalex.org/W2626712346
https://openalex.org/W2766494332
https://openalex.org/W2768855950
https://openalex.org/W2771290382
https://openalex.org/W2773189665
https://openalex.org/W2784640361
https://openalex.org/W2786993387
https://openalex.org/W2791455308
https://openalex.org/W2795714546
https://openalex.org/W2795984292
https://openalex.org/W2802460285
https://openalex.org/W2806399741
https://openalex.org/W2844370782
https://openalex.org/W2892187134
https://openalex.org/W2892366841
https://openalex.org/W2894844194
https://openalex.org/W2895385510
https://openalex.org/W2896748666
https://openalex.org/W2897935734
https://openalex.org/W2901971580
https://openalex.org/W2906048156
https://openalex.org/W2909376285
https://openalex.org/W2910579949
https://openalex.org/W2919379538
https://openalex.org/W2932041434
https://openalex.org/W2978261550
https://openalex.org/W2979792582
https://openalex.org/W2981479935
https://openalex.org/W2982460033
https://openalex.org/W2992980443
https://openalex.org/W3000369003
https://openalex.org/W3004108603
https://openalex.org/W3007995948
https://openalex.org/W3017061733
https://openalex.org/W3024104148
https://openalex.org/W3024993112
https://openalex.org/W3025546900
https://openalex.org/W3028778775
https://openalex.org/W3033518333
https://openalex.org/W3034016658
https://openalex.org/W3035963723
https://openalex.org/W3036422917
https://openalex.org/W3040753643
https://openalex.org/W3080276185
https://openalex.org/W3082662710
https://openalex.org/W3082739387
https://openalex.org/W3086790295
https://openalex.org/W3087863701
https://openalex.org/W3088014755
https://openalex.org/W3091637827
https://openalex.org/W3092415745
https://openalex.org/W3095457870
https://openalex.org/W3097974232
https://openalex.org/W3104422417
https://openalex.org/W3124026185
https://openalex.org/W3128647170
https://openalex.org/W3132764605
https://openalex.org/W3137894093
https://openalex.org/W3140856936
https://openalex.org/W3151749304
https://openalex.org/W3153757253
https://openalex.org/W3162606549
https://openalex.org/W3173700723
https://openalex.org/W3177645392
https://openalex.org/W318673805
https://openalex.org/W3193797427
https://openalex.org/W3195040395
https://openalex.org/W3196425437
https://openalex.org/W3204730950
https://openalex.org/W3205160213
https://openalex.org/W3208724907
https://openalex.org/W3215016252
https://openalex.org/W4223941841
https://openalex.org/W4224068227
https://openalex.org/W4224308260
https://openalex.org/W4225264913
https://openalex.org/W4225799909
https://openalex.org/W4232567481
https://openalex.org/W4243603053
https://openalex.org/W4281832704
https://openalex.org/W4286252744
https://openalex.org/W4292816694
https://openalex.org/W4306933090
https://openalex.org/W4307405511
https://openalex.org/W4311764536
https://openalex.org/W4313645584
https://openalex.org/W89207714
https://openalex.org/W1515875892
https://openalex.org/W1607905642
https://openalex.org/W176585808
https://openalex.org/W1963932725
https://openalex.org/W1964328514
https://openalex.org/W1975113624
https://openalex.org/W1975897546
https://openalex.org/W1976595974
https://openalex.org/W1978098692
https://openalex.org/W1979605527
https://openalex.org/W1981394449
https://openalex.org/W1984024630
https://openalex.org/W1987328101
https://openalex.org/W1987466734
https://openalex.org/W1989375213
https://openalex.org/W1989385451
https://openalex.org/W2000387248
https://openalex.org/W2001108128
https://openalex.org/W2001572384
https://openalex.org/W2004579507
https://openalex.org/W2013653715
https://openalex.org/W2019773112
https://openalex.org/W2020724523
https://openalex.org/W2034103853
https://openalex.org/W2036479499
https://openalex.org/W2045973111
https://openalex.org/W2046352473
https://openalex.org/W2049226826
https://openalex.org/W2050962243
https://openalex.org/W2055944940
https://openalex.org/W2056349878
https://openalex.org/W2060493427
https://openalex.org/W2065960980
https://openalex.org/W2068806500
https://openalex.org/W2069171880
https://openalex.org/W2072485357
https://openalex.org/W2073096422
https://openalex.org/W2073918207
https://openalex.org/W2076015034
https://openalex.org/W2080171840
https://openalex.org/W2088517137
https://openalex.org/W2089440224
https://openalex.org/W2093482444
https://openalex.org/W2102136457
https://openalex.org/W2103781152
https://openalex.org/W2112127321
https://openalex.org/W2115077918
https://openalex.org/W2116412720
https://openalex.org/W2155059082
https://openalex.org/W2156864100
https://openalex.org/W2157349793
https://openalex.org/W2165959808
https://openalex.org/W2167621379
https://openalex.org/W2170032185
https://openalex.org/W2173207103
https://openalex.org/W2234131753
https://openalex.org/W2281588355
https://openalex.org/W2294698200
https://openalex.org/W2332288491
https://openalex.org/W2343145942
https://openalex.org/W2343831694
https://openalex.org/W2345943922
https://openalex.org/W2409937147
https://openalex.org/W2467441159
https://openalex.org/W2479145865
https://openalex.org/W2522580679
https://openalex.org/W2547101781
https://openalex.org/W2562269243
https://openalex.org/W2581578235
https://openalex.org/W2581860162
https://openalex.org/W2584701256
https://openalex.org/W2604856227
https://openalex.org/W269167576
https://openalex.org/W2747876664
https://openalex.org/W2767277114
https://openalex.org/W2772114747
https://openalex.org/W2790082756
https://openalex.org/W2808768422
https://openalex.org/W2886308855
https://openalex.org/W2900317020
https://openalex.org/W2902105058
https://openalex.org/W2911042556
https://openalex.org/W2915125618
https://openalex.org/W2922795021
https://openalex.org/W2942201393
https://openalex.org/W2955715416
https://openalex.org/W2956806460
https://openalex.org/W2963673739
https://openalex.org/W2971352392
https://openalex.org/W2972688585
https://openalex.org/W2980704904
https://openalex.org/W2986827383
https://openalex.org/W2997367734
https://openalex.org/W2998053008
https://openalex.org/W2999421187
https://openalex.org/W3001278640
https://openalex.org/W3010722322
https://openalex.org/W3011713519
https://openalex.org/W3014543460
https://openalex.org/W3089375544
https://openalex.org/W3092051434
https://openalex.org/W3092941097
https://openalex.org/W3097521590
https://openalex.org/W3101384019
https://openalex.org/W3101773739
https://openalex.org/W3109950963
https://openalex.org/W3121656009
https://openalex.org/W3123373822
https://openalex.org/W3130457376
https://openalex.org/W3132252624
https://openalex.org/W3134120915
https://openalex.org/W3136819288
https://openalex.org/W3147560137
https://openalex.org/W3152433106
https://openalex.org/W3153369858
https://openalex.org/W3173824539
https://openalex.org/W3177723021
https://openalex.org/W3180932135
https://openalex.org/W3184385229
https://openalex.org/W3190184690
https://openalex.org/W3190747710
https://openalex.org/W3199504379
https://openalex.org/W3201117698
https://openalex.org/W3205656362
https://openalex.org/W3211022281
https://openalex.org/W3216494765
https://openalex.org/W366489062
https://openalex.org/W4200044222
https://openalex.org/W4200079912
https://openalex.org/W4200623793
https://openalex.org/W4205169594
https://openalex.org/W4210789890
https://openalex.org/W4224929317
https://openalex.org/W4225421624
https://openalex.org/W4226162138
https://openalex.org/W4229068652
https://openalex.org/W4280519245
https://openalex.org/W4286218459
https://openalex.org/W4295021521
https://openalex.org/W4299348868
https://openalex.org/W4313225630
https://openalex.org/W53194553
https://openalex.org/W569014775
https://openalex.org/W68080476
https://openalex.org/W967637630
https://openalex.org/W138015733
https://openalex.org/W142694323
https://openalex.org/W1492813750
https://openalex.org/W1499078699
https://openalex.org/W1574514405
https://openalex.org/W1963882559
https://openalex.org/W1973386580
https://openalex.org/W1973636351
https://openalex.org/W1983401901
https://openalex.org/W1985479318
https://openalex.org/W1985672702
https://openalex.org/W1988679355
https://openalex.org/W1992468407
https://openalex.org/W1994734617
https://openalex.org/W1996742356
https://openalex.org/W1998327934
https://openalex.org/W2005854705
https://openalex.org/W2014302281
https://openalex.org/W2015441018
https://openalex.org/W2016281266
https://openalex.org/W2019270003
https://openalex.org/W2025199469
https://openalex.org/W2026523419
https://openalex.org/W2027164537
https://openalex.org/W2027397229
https://openalex.org/W2032890568
https://openalex.org/W2037031704
https://openalex.org/W2044335107
https://openalex.org/W2051813621
https://openalex.org/W2052963173
https://openalex.org/W2054654791
https://openalex.org/W2056078253
https://openalex.org/W2059445019
https://openalex.org/W2060642957
https://openalex.org/W2062938669
https://openalex.org/W2065339724
https://openalex.org/W2067096950
https://openalex.org/W2068283799
https://openalex.org/W2071044808
https://openalex.org/W2077356168
https://openalex.org/W2099660560
https://openalex.org/W2102994802
https://openalex.org/W2105488182
https://openalex.org/W2107768175
https://openalex.org/W2113273465
https://openalex.org/W2114804988
https://openalex.org/W2119527438
https://openalex.org/W2130531489
https://openalex.org/W2138555567
https://openalex.org/W2144787043
https://openalex.org/W2148240403
https://openalex.org/W2152924944
https://openalex.org/W2163142281
https://openalex.org/W2175449477
https://openalex.org/W2190360860
https://openalex.org/W2312714578
https://openalex.org/W2314024699
https://openalex.org/W2326902333
https://openalex.org/W2418539435
https://openalex.org/W2463221966
https://openalex.org/W2489193809
https://openalex.org/W2505734780
https://openalex.org/W2513829964
https://openalex.org/W2514840145
https://openalex.org/W2554464621
https://openalex.org/W2569446471
https://openalex.org/W2597886909
https://openalex.org/W2622096699
https://openalex.org/W2624230822
https://openalex.org/W2742295532
https://openalex.org/W2742826738
https://openalex.org/W2765754453
https://openalex.org/W2768964447
https://openalex.org/W2775355183
https://openalex.org/W2781651566
https://openalex.org/W2789713371
https://openalex.org/W2803992363
https://openalex.org/W2806780406
https://openalex.org/W2817340315
https://openalex.org/W2888570992
https://openalex.org/W2895888222
https://openalex.org/W2897672039
https://openalex.org/W2901022617
https://openalex.org/W2902288499
https://openalex.org/W2902560417
https://openalex.org/W2903296768
https://openalex.org/W2919720599
https://openalex.org/W2921465692
https://openalex.org/W2939327527
https://openalex.org/W2941596009
https://openalex.org/W2942801381
https://openalex.org/W2950685044
https://openalex.org/W2954170211
https://openalex.org/W2963416633
https://openalex.org/W2967395404
https://openalex.org/W2968740533
https://openalex.org/W2971966937
https://openalex.org/W2974265438
https://openalex.org/W2976685724
https://openalex.org/W2986243128
https://openalex.org/W2993413053
https://openalex.org/W2998483444
https://openalex.org/W3003333491
https://openalex.org/W3005539860
https://openalex.org/W3007483572
https://openalex.org/W3010648697
https://openalex.org/W3011284180
https://openalex.org/W3013087599
https://openalex.org/W3014249161
https://openalex.org/W3014455447
https://openalex.org/W3014995227
https://openalex.org/W3016524025
https://openalex.org/W3018130765
https://openalex.org/W3018565463
https://openalex.org/W3019865431
https://openalex.org/W3020425322
https://openalex.org/W3024273178
https://openalex.org/W3024552059
https://openalex.org/W3025757635
https://openalex.org/W3028609354
https://openalex.org/W3034980586
https://openalex.org/W3036134787
https://openalex.org/W3036390741
https://openalex.org/W3048416811
https://openalex.org/W3082177112
https://openalex.org/W3082674574
https://openalex.org/W3090718418
https://openalex.org/W3091967790
https://openalex.org/W3092169831
https://openalex.org/W3097727669
https://openalex.org/W3102182451
https://openalex.org/W3107010558
https://openalex.org/W3108942787
https://openalex.org/W3114740914
https://openalex.org/W3126318325
https://openalex.org/W3131458911
https://openalex.org/W3135442983
https://openalex.org/W3137160848
https://openalex.org/W3155994064
https://openalex.org/W3157101051
https://openalex.org/W3157433230
https://openalex.org/W3157461537
https://openalex.org/W3159380864
https://openalex.org/W3159658661
https://openalex.org/W3160192641
https://openalex.org/W3161418748
https://openalex.org/W3161978727
https://openalex.org/W3162045852
https://openalex.org/W3168627351
https://openalex.org/W3176164211
https://openalex.org/W3176466183
https://openalex.org/W3179438720
https://openalex.org/W3196855842
https://openalex.org/W3200191043
https://openalex.org/W3202240666
https://openalex.org/W3202680672
https://openalex.org/W3204569905
https://openalex.org/W3207207442
https://openalex.org/W3207584076
https://openalex.org/W4200379385
https://openalex.org/W4205118391
https://openalex.org/W4206207624
https://openalex.org/W4210686804
https://openalex.org/W4210699845
https://openalex.org/W4220853970
https://openalex.org/W4221016765
https://openalex.org/W4225307258
https://openalex.org/W4225554041
https://openalex.org/W4226089802
https://openalex.org/W4226119631
https://openalex.org/W4238364582
https://openalex.org/W4241665687
https://openalex.org/W4281746501
https://openalex.org/W4283069218
https://openalex.org/W4288074986
https://openalex.org/W4292731208
https://openalex.org/W4296047115
https://openalex.org/W4296714478
https://openalex.org/W4296769719
https://openalex.org/W4297760382
https://openalex.org/W4298009118
https://openalex.org/W4300716987
https://openalex.org/W4302275737
https://openalex.org/W4311582372
https://openalex.org/W4312064774
https://openalex.org/W4313878577
https://openalex.org/W4318827995
https://openalex.org/W4362014056
https://openalex.org/W1495584409
https://openalex.org/W149576555
https://openalex.org/W1502018637
https://openalex.org/W1513271299
https://openalex.org/W1530518878
https://openalex.org/W1541545650
https://openalex.org/W1542380739
https://openalex.org/W154406341
https://openalex.org/W1556320371
https://openalex.org/W1810842011
https://openalex.org/W1833767963
https://openalex.org/W1912722700
https://openalex.org/W1935194298
https://openalex.org/W1965774340
https://openalex.org/W1980696745
https://openalex.org/W1982101535
https://openalex.org/W1983352295
https://openalex.org/W1984682772
https://openalex.org/W1986932881
https://openalex.org/W1988507639
https://openalex.org/W1990376763
https://openalex.org/W1993624644
https://openalex.org/W1993842854
https://openalex.org/W1998822298
https://openalex.org/W1999586562
https://openalex.org/W2007924460
https://openalex.org/W2014245143
https://openalex.org/W2020811405
https://openalex.org/W2028345644
https://openalex.org/W2030240708
https://openalex.org/W2036474394
https://openalex.org/W2038417774
https://openalex.org/W2040439089
https://openalex.org/W2042346593
https://openalex.org/W2043787801
https://openalex.org/W2044515189
https://openalex.org/W2047374442
https://openalex.org/W2049238850
https://openalex.org/W2051190880
https://openalex.org/W2056319658
https://openalex.org/W2058062551
https://openalex.org/W2058856871
https://openalex.org/W2072816418
https://openalex.org/W2073155031
https://openalex.org/W2073486190
https://openalex.org/W2080390562
https://openalex.org/W2080939764
https://openalex.org/W2088909678
https://openalex.org/W2093870902
https://openalex.org/W2102384019
https://openalex.org/W2113309120
https://openalex.org/W2121855882
https://openalex.org/W2131387120
https://openalex.org/W2137351911
https://openalex.org/W2155782200
https://openalex.org/W2162752238
https://openalex.org/W2266391306
https://openalex.org/W2304324120
https://openalex.org/W2322321428
https://openalex.org/W2332485107
https://openalex.org/W2336345024
https://openalex.org/W2403867134
https://openalex.org/W2418866594
https://openalex.org/W2426798870
https://openalex.org/W2509841098
https://openalex.org/W2575048488
https://openalex.org/W2605349870
https://openalex.org/W2608610354
https://openalex.org/W2730000420
https://openalex.org/W2747753918
https://openalex.org/W2760395564
https://openalex.org/W2763585283
https://openalex.org/W2764339912
https://openalex.org/W2767511617
https://openalex.org/W2768593950
https://openalex.org/W2784325443
https://openalex.org/W2791464166
https://openalex.org/W2794416605
https://openalex.org/W2799463059
https://openalex.org/W2804931262
https://openalex.org/W2810319256
https://openalex.org/W2810897390
https://openalex.org/W2886874163
https://openalex.org/W2890254968
https://openalex.org/W2897160965
https://openalex.org/W2905599157
https://openalex.org/W2912702509
https://openalex.org/W2913231518
https://openalex.org/W2914566659
https://openalex.org/W2917650030
https://openalex.org/W2920538845
https://openalex.org/W2931243255
https://openalex.org/W2943651424
https://openalex.org/W2945154976
https://openalex.org/W2966686716
https://openalex.org/W3001537671
https://openalex.org/W3005718817
https://openalex.org/W3024008970
https://openalex.org/W3026006274
https://openalex.org/W3027249215
https://openalex.org/W3044837566
https://openalex.org/W3081535749
https://openalex.org/W3084538303
https://openalex.org/W3092731741
https://openalex.org/W3107101797
https://openalex.org/W3107898038
https://openalex.org/W3117086625
https://openalex.org/W3120983881
https://openalex.org/W3125250127
https://openalex.org/W3127389768
https://openalex.org/W3128813965
https://openalex.org/W3128992752
https://openalex.org/W3136778712
https://openalex.org/W3138162715
https://openalex.org/W3139490540
https://openalex.org/W3167440284
https://openalex.org/W3180984751
https://openalex.org/W3183866104
https://openalex.org/W3183917553
https://openalex.org/W3187971880
https://openalex.org/W3189231398
https://openalex.org/W3190096276
https://openalex.org/W3194155975
https://openalex.org/W3194371551
https://openalex.org/W3195441389
https://openalex.org/W3197360637
https://openalex.org/W3199004097
https://openalex.org/W3204094213
https://openalex.org/W3206388072
https://openalex.org/W3207025160
https://openalex.org/W3208159501
https://openalex.org/W3209156826
https://openalex.org/W3210947737
https://openalex.org/W3211967774
https://openalex.org/W3212580160
https://openalex.org/W3213362435
https://openalex.org/W3213859084
https://openalex.org/W321415533
https://openalex.org/W3214410495
https://openalex.org/W3216034220
https://openalex.org/W3217012815
https://openalex.org/W4200172639
https://openalex.org/W4200500483
https://openalex.org/W4200604662
https://openalex.org/W4206344187
https://openalex.org/W4206517951
https://openalex.org/W4213025214
https://openalex.org/W4214703545
https://openalex.org/W4220865071
https://openalex.org/W4220973076
https://openalex.org/W4223528965
https://openalex.org/W4224233222
https://openalex.org/W4224272682
https://openalex.org/W4226164976
https://openalex.org/W4280573937
https://openalex.org/W4280592089
https://openalex.org/W4281488610
https://openalex.org/W4282030655
https://openalex.org/W4289538114
https://openalex.org/W4289855878
https://openalex.org/W4290465954
https://openalex.org/W4290730904
https://openalex.org/W4292672315
https://openalex.org/W4293541940
https://openalex.org/W4294675600
https://openalex.org/W4297219829
https://openalex.org/W4297323561
https://openalex.org/W4297990444
https://openalex.org/W4310779327
https://openalex.org/W4321117800
https://openalex.org/W4327498259
https://openalex.org/W139048821
https://openalex.org/W1500876522
https://openalex.org/W1506350307
https://openalex.org/W1580075122
https://openalex.org/W1611473151
https://openalex.org/W1662700176
https://openalex.org/W185237496
https://openalex.org/W1897936819
https://openalex.org/W1946104391
https://openalex.org/W1964086133
https://openalex.org/W1966830164
https://openalex.org/W1970929249
https://openalex.org/W1973778026
https://openalex.org/W1974117945
https://openalex.org/W1976454198
https://openalex.org/W1984217883
https://openalex.org/W1989782316
https://openalex.org/W1992604984
https://openalex.org/W1994720443
https://openalex.org/W1997637579
https://openalex.org/W2005271153
https://openalex.org/W2016937073
https://openalex.org/W2019649468
https://openalex.org/W2023221275
https://openalex.org/W2026755366
https://openalex.org/W2039271338
https://openalex.org/W2042404475
https://openalex.org/W2044949625
https://openalex.org/W2047869600
https://openalex.org/W2052119384
https://openalex.org/W2058177583
https://openalex.org/W2060113462
https://openalex.org/W2061695994
https://openalex.org/W2061937774
https://openalex.org/W2062425405
https://openalex.org/W2075068668
https://openalex.org/W2076172169
https://openalex.org/W2077115967
https://openalex.org/W2079285083
https://openalex.org/W2082082831
https://openalex.org/W2085229008
https://openalex.org/W2088173749
https://openalex.org/W2088247665
https://openalex.org/W2093164171
https://openalex.org/W2103201405
https://openalex.org/W2103419125
https://openalex.org/W2105539613
https://openalex.org/W2107876482
https://openalex.org/W2114169530
https://openalex.org/W2115718135
https://openalex.org/W2117976940
https://openalex.org/W2135303547
https://openalex.org/W2135941498
https://openalex.org/W2151806261
https://openalex.org/W2163513000
https://openalex.org/W2167593796
https://openalex.org/W2171656275
https://openalex.org/W2179014155
https://openalex.org/W2182311503
https://openalex.org/W228255701
https://openalex.org/W2316084874
https://openalex.org/W2321424552
https://openalex.org/W2323720091
https://openalex.org/W2377405437
https://openalex.org/W2386090902
https://openalex.org/W2402012276
https://openalex.org/W2405315082
https://openalex.org/W2407622619
https://openalex.org/W2414597023
https://openalex.org/W2418920922
https://openalex.org/W2422904335
https://openalex.org/W2486900200
https://openalex.org/W2510700046
https://openalex.org/W2517761895
https://openalex.org/W2560235407
https://openalex.org/W2598287023
https://openalex.org/W2601950656
https://openalex.org/W2605853456
https://openalex.org/W2614280173
https://openalex.org/W2620427497
https://openalex.org/W2698554271
https://openalex.org/W2734404654
https://openalex.org/W2738166006
https://openalex.org/W2758487077
https://openalex.org/W2790654287
https://openalex.org/W2792110542
https://openalex.org/W2793685374
https://openalex.org/W2809111455
https://openalex.org/W2848057198
https://openalex.org/W2885367348
https://openalex.org/W2889231880
https://openalex.org/W2893410457
https://openalex.org/W2902738825
https://openalex.org/W2905649806
https://openalex.org/W2906845871
https://openalex.org/W2908286749
https://openalex.org/W2909157502
https://openalex.org/W2912498714
https://openalex.org/W2913226178
https://openalex.org/W2913699702
https://openalex.org/W2915119717
https://openalex.org/W2919760350
https://openalex.org/W2919933818
https://openalex.org/W2922778519
https://openalex.org/W2935667546
https://openalex.org/W2954021783
https://openalex.org/W2963784817
https://openalex.org/W2971970046
https://openalex.org/W2981378958
https://openalex.org/W2981782662
https://openalex.org/W2994882257
https://openalex.org/W2997331211
https://openalex.org/W2999466872
https://openalex.org/W3008515759
https://openalex.org/W3008656503
https://openalex.org/W3011433712
https://openalex.org/W3017007448
https://openalex.org/W3020582981
https://openalex.org/W3022028968
https://openalex.org/W3025324556
https://openalex.org/W3028067123
https://openalex.org/W3033331863
https://openalex.org/W3035009276
https://openalex.org/W3035408083
https://openalex.org/W3036709756
https://openalex.org/W3038154110
https://openalex.org/W3039889685
https://openalex.org/W3040534204
https://openalex.org/W3042289739
https://openalex.org/W3046907951
https://openalex.org/W3049530531
https://openalex.org/W3082987235
https://openalex.org/W3092678645
https://openalex.org/W3098805945
https://openalex.org/W3102968983
https://openalex.org/W3111066304
https://openalex.org/W3112055421
https://openalex.org/W3112359401
https://openalex.org/W3112557863
https://openalex.org/W3112813176
https://openalex.org/W3117482322
https://openalex.org/W3118739851
https://openalex.org/W3118799304
https://openalex.org/W3128602279
https://openalex.org/W3130121411
https://openalex.org/W3136923210
https://openalex.org/W3137315352
https://openalex.org/W3138915752
https://openalex.org/W3139360017
https://openalex.org/W3147344433
https://openalex.org/W3152516006
https://openalex.org/W3165515295
https://openalex.org/W3173611249
https://openalex.org/W3173659155
https://openalex.org/W3176349721
https://openalex.org/W3176458410
https://openalex.org/W3183129135
https://openalex.org/W3185383848
https://openalex.org/W3187261881
https://openalex.org/W3196986155
https://openalex.org/W3200787052
https://openalex.org/W3207170224
https://openalex.org/W3208125191
https://openalex.org/W3211559117
https://openalex.org/W3214414311
https://openalex.org/W3215732792
https://openalex.org/W3215822988
https://openalex.org/W324561023
https://openalex.org/W4205177060
https://openalex.org/W4206238483
https://openalex.org/W4206275101
https://openalex.org/W4206874529
https://openalex.org/W4210295906
https://openalex.org/W4210401342
https://openalex.org/W4220958110
https://openalex.org/W4224291371
https://openalex.org/W4225166767
https://openalex.org/W4226325063
https://openalex.org/W4226370998
https://openalex.org/W4229378437
https://openalex.org/W4250122740
https://openalex.org/W4252040978
https://openalex.org/W4280532120
https://openalex.org/W4280585472
https://openalex.org/W4281711417
https://openalex.org/W4282913132
https://openalex.org/W4283756049
https://openalex.org/W4287306962
https://openalex.org/W4291158679
https://openalex.org/W4292084703
https://openalex.org/W4292833846
https://openalex.org/W4293211710
https://openalex.org/W4296468582
https://openalex.org/W4297313133
https://openalex.org/W4297930606
https://openalex.org/W4300172079
https://openalex.org/W4301041991
https://openalex.org/W4303613781
https://openalex.org/W4306641925
https://openalex.org/W4308334100
https://openalex.org/W4308635655
https://openalex.org/W4310238905
https://openalex.org/W4311452392
https://openalex.org/W4311673970
https://openalex.org/W4311849802
https://openalex.org/W4313578368
https://openalex.org/W4362686311
https://openalex.org/W4367856439
https://openalex.org/W63922318
https://openalex.org/W104181871
https://openalex.org/W111437807
https://openalex.org/W120942429
https://openalex.org/W1575145906
https://openalex.org/W1720340834
https://openalex.org/W1965415136
https://openalex.org/W1966775688
https://openalex.org/W1976892970
https://openalex.org/W1981620763
https://openalex.org/W1983754952
https://openalex.org/W1984499966
https://openalex.org/W1994126061
https://openalex.org/W1996862485
https://openalex.org/W1999999188
https://openalex.org/W2000080017
https://openalex.org/W2001838966
https://openalex.org/W2002814456
https://openalex.org/W2004105112
https://openalex.org/W2005649334
https://openalex.org/W2012233784
https://openalex.org/W2020246133
https://openalex.org/W2024743450
https://openalex.org/W2026771691
https://openalex.org/W2031211184
https://openalex.org/W2032648723
https://openalex.org/W203447009
https://openalex.org/W2037327758
https://openalex.org/W2038323785
https://openalex.org/W2039655933
https://openalex.org/W2042188787
https://openalex.org/W2045541177
https://openalex.org/W2053422296
https://openalex.org/W2055460859
https://openalex.org/W2072259210
https://openalex.org/W2074914199
https://openalex.org/W2076486510
https://openalex.org/W2084123960
https://openalex.org/W2084922953
https://openalex.org/W2087726490
https://openalex.org/W2093915233
https://openalex.org/W2093936293
https://openalex.org/W2094903387
https://openalex.org/W2095384522
https://openalex.org/W2102977561
https://openalex.org/W2105446088
https://openalex.org/W2119931997
https://openalex.org/W2123571386
https://openalex.org/W2131305938
https://openalex.org/W2132053094
https://openalex.org/W2134204395
https://openalex.org/W2141167879
https://openalex.org/W2160085837
https://openalex.org/W2180437487
https://openalex.org/W2187123606
https://openalex.org/W221084312
https://openalex.org/W2215416841
https://openalex.org/W2248760638
https://openalex.org/W2254375322
https://openalex.org/W2303528918
https://openalex.org/W2312964344
https://openalex.org/W2313430575
https://openalex.org/W2327148371
https://openalex.org/W2373544903
https://openalex.org/W2388002812
https://openalex.org/W2395037577
https://openalex.org/W2410170559
https://openalex.org/W2414048319
https://openalex.org/W2417632478
https://openalex.org/W2478236807
https://openalex.org/W2513980884
https://openalex.org/W2515975762
https://openalex.org/W2518636712
https://openalex.org/W2526049782
https://openalex.org/W2533820657
https://openalex.org/W2538428617
https://openalex.org/W2549435154
https://openalex.org/W2551897132
https://openalex.org/W2560085863
https://openalex.org/W2566800302
https://openalex.org/W2578987649
https://openalex.org/W2586619194
https://openalex.org/W2589625989
https://openalex.org/W2593315317
https://openalex.org/W2734710695
https://openalex.org/W2746341392
https://openalex.org/W2749177617
https://openalex.org/W2752842281
https://openalex.org/W2771394824
https://openalex.org/W2792363565
https://openalex.org/W2795318170
https://openalex.org/W2807136615
https://openalex.org/W2883053304
https://openalex.org/W2884379296
https://openalex.org/W2889110263
https://openalex.org/W2891418416
https://openalex.org/W2899439007
https://openalex.org/W2900167919
https://openalex.org/W29073723
https://openalex.org/W2909469117
https://openalex.org/W2914357507
https://openalex.org/W2919262092
https://openalex.org/W2936517737
https://openalex.org/W2938075858
https://openalex.org/W2938729056
https://openalex.org/W2947902826
https://openalex.org/W2972457937
https://openalex.org/W2978741502
https://openalex.org/W2979313064
https://openalex.org/W2979930783
https://openalex.org/W2981615642
https://openalex.org/W2981950179
https://openalex.org/W2987623115
https://openalex.org/W2989268131
https://openalex.org/W2992245521
https://openalex.org/W2998308083
https://openalex.org/W2999356185
https://openalex.org/W3001774136
https://openalex.org/W3007333244
https://openalex.org/W3012889413
https://openalex.org/W3013980082
https://openalex.org/W3016712032
https://openalex.org/W3017288056
https://openalex.org/W3026278875
https://openalex.org/W3026467718
https://openalex.org/W3029534467
https://openalex.org/W3034947464
https://openalex.org/W3035557721
https://openalex.org/W3044105634
https://openalex.org/W3046414515
https://openalex.org/W3047344218
https://openalex.org/W3089302110
https://openalex.org/W3091059911
https://openalex.org/W3100920011
https://openalex.org/W3102517781
https://openalex.org/W3118331024
https://openalex.org/W3122225623
https://openalex.org/W3126493949
https://openalex.org/W3133271019
https://openalex.org/W3135362332
https://openalex.org/W3142616202
https://openalex.org/W3154044376
https://openalex.org/W3154382176
https://openalex.org/W3156535579
https://openalex.org/W3158182837
https://openalex.org/W3160680602
https://openalex.org/W3161902673
https://openalex.org/W3163011224
https://openalex.org/W3164815989
https://openalex.org/W3168172651
https://openalex.org/W3173101675
https://openalex.org/W3173455631
https://openalex.org/W3173803399
https://openalex.org/W3174015895
https://openalex.org/W3176605112
https://openalex.org/W3176934813
https://openalex.org/W3179781823
https://openalex.org/W3181779990
https://openalex.org/W3189524318
https://openalex.org/W3189924257
https://openalex.org/W3191410107
https://openalex.org/W3194789903
https://openalex.org/W3196567456
https://openalex.org/W3198236009
https://openalex.org/W3200863100
https://openalex.org/W3203497287
https://openalex.org/W3203949153
https://openalex.org/W3204524124
https://openalex.org/W3205519288
https://openalex.org/W3207172943
https://openalex.org/W3208341905
https://openalex.org/W3208741098
https://openalex.org/W3210457896
https://openalex.org/W3211366916
https://openalex.org/W3214958045
https://openalex.org/W3215790713
https://openalex.org/W3217562128
https://openalex.org/W4200070949
https://openalex.org/W4200272218
https://openalex.org/W4200329461
https://openalex.org/W4205642437
https://openalex.org/W4205709633
https://openalex.org/W4206456510
https://openalex.org/W4206841610
https://openalex.org/W4206988340
https://openalex.org/W4210322351
https://openalex.org/W4210522665
https://openalex.org/W4213067985
https://openalex.org/W4214615698
https://openalex.org/W4220658435
https://openalex.org/W4220670966
https://openalex.org/W4221038587
https://openalex.org/W4221132927
https://openalex.org/W4223558007
https://openalex.org/W4224215412
https://openalex.org/W4224254442
https://openalex.org/W4224979706
https://openalex.org/W4229001495
https://openalex.org/W4229019896
https://openalex.org/W4237727101
https://openalex.org/W4237905103
https://openalex.org/W4241686169
https://openalex.org/W4241813839
https://openalex.org/W4250029655
https://openalex.org/W4255385241
https://openalex.org/W4280601802
https://openalex.org/W4281250867
https://openalex.org/W4281382499
https://openalex.org/W4281624201
https://openalex.org/W4281686476
https://openalex.org/W4281724931
https://openalex.org/W4281734394
https://openalex.org/W4281785290
https://openalex.org/W4283373054
https://openalex.org/W4283807639
https://openalex.org/W4284709654
https://openalex.org/W4285141310
https://openalex.org/W4288067020
https://openalex.org/W4289711679
https://openalex.org/W4292634226
https://openalex.org/W4293101487
https://openalex.org/W4293403439
https://openalex.org/W4293773611
https://openalex.org/W4294796123
https://openalex.org/W4295014551
https://openalex.org/W4296126494
https://openalex.org/W4296400800
https://openalex.org/W4296622886
https://openalex.org/W4296929711
https://openalex.org/W4297216170
https://openalex.org/W4300427368
https://openalex.org/W4303685371
https://openalex.org/W4306918787
https://openalex.org/W4307093101
https://openalex.org/W4307303921
https://openalex.org/W4307414589
https://openalex.org/W4308144259
https://openalex.org/W4308485711
https://openalex.org/W4309566791
https://openalex.org/W4310338870
https://openalex.org/W4311003824
https://openalex.org/W4311446794
https://openalex.org/W4312209844
https://openalex.org/W4313261569
https://openalex.org/W4321486609
https://openalex.org/W4322733498
https://openalex.org/W4362578482
https://openalex.org/W4378781790
https://openalex.org/W58383490
https://openalex.org/W760100598
https://openalex.org/W88400850
https://openalex.org/W909963009
https://openalex.org/W91900662
https://openalex.org/W1045294042
https://openalex.org/W1136000919
https://openalex.org/W1183450858
https://openalex.org/W1454876849
https://openalex.org/W148941005
https://openalex.org/W1514042498
https://openalex.org/W1537020889
https://openalex.org/W1850293260
https://openalex.org/W1903210701
https://openalex.org/W1924816469
https://openalex.org/W1936850062
https://openalex.org/W1966339011
https://openalex.org/W1969677211
https://openalex.org/W1970856334
https://openalex.org/W1977626885
https://openalex.org/W1980193136
https://openalex.org/W1981047188
https://openalex.org/W1981220000
https://openalex.org/W1986381665
https://openalex.org/W1988929412
https://openalex.org/W1990500104
https://openalex.org/W1992015187
https://openalex.org/W1992328232
https://openalex.org/W1994583236
https://openalex.org/W1996544436
https://openalex.org/W1997372480
https://openalex.org/W1997390766
https://openalex.org/W2004626453
https://openalex.org/W2004778738
https://openalex.org/W2017715165
https://openalex.org/W2025764229
https://openalex.org/W2027797201
https://openalex.org/W2031649042
https://openalex.org/W2035609381
https://openalex.org/W2036119676
https://openalex.org/W2037573286
https://openalex.org/W2042489430
https://openalex.org/W2043832084
https://openalex.org/W2048223079
https://openalex.org/W2050373310
https://openalex.org/W2052780127
https://openalex.org/W2054843480
https://openalex.org/W2055774179
https://openalex.org/W2056501998
https://openalex.org/W2059140561
https://openalex.org/W2064157686
https://openalex.org/W2064320832
https://openalex.org/W2066917253
https://openalex.org/W2070562486
https://openalex.org/W2074314234
https://openalex.org/W2077459488
https://openalex.org/W2079854860
https://openalex.org/W2082206054
https://openalex.org/W2082638549
https://openalex.org/W2083254096
https://openalex.org/W2084521866
https://openalex.org/W2087344222
https://openalex.org/W2093163580
https://openalex.org/W2094928805
https://openalex.org/W2095129224
https://openalex.org/W2095878113
https://openalex.org/W2100005809
https://openalex.org/W2103510299
https://openalex.org/W2110119649
https://openalex.org/W2126820941
https://openalex.org/W2136572923
https://openalex.org/W2139462932
https://openalex.org/W2141685819
https://openalex.org/W2142471251
https://openalex.org/W2150013286
https://openalex.org/W2154021272
https://openalex.org/W2159929216
https://openalex.org/W2162519258
https://openalex.org/W2177617700
https://openalex.org/W2205325578
https://openalex.org/W2245836714
https://openalex.org/W2279648488
https://openalex.org/W2283606354
https://openalex.org/W2284193269
https://openalex.org/W2293247769
https://openalex.org/W2316003568
https://openalex.org/W2316722293
https://openalex.org/W2319144825
https://openalex.org/W2323432221
https://openalex.org/W2327247474
https://openalex.org/W2334778895
https://openalex.org/W2352710392
https://openalex.org/W2353003077
https://openalex.org/W2361285291
https://openalex.org/W2372840158
https://openalex.org/W2396096485
https://openalex.org/W2398116196
https://openalex.org/W2406606135
https://openalex.org/W2409717938
https://openalex.org/W2412044397
https://openalex.org/W2461921748
https://openalex.org/W2480819336
https://openalex.org/W2497985637
https://openalex.org/W2550682660
https://openalex.org/W2566140310
https://openalex.org/W2567123856
https://openalex.org/W2576176403
https://openalex.org/W2580935405
https://openalex.org/W2593373964
https://openalex.org/W2604720624
https://openalex.org/W2605172308
https://openalex.org/W2625382616
https://openalex.org/W2755620774
https://openalex.org/W2757976486
https://openalex.org/W2764738282
https://openalex.org/W2765142982
https://openalex.org/W2780194409
https://openalex.org/W2794368100
https://openalex.org/W2808354526
https://openalex.org/W2892017104
https://openalex.org/W2896694185
https://openalex.org/W2901885994
https://openalex.org/W2904015801
https://openalex.org/W2904831245
https://openalex.org/W2918129792
https://openalex.org/W2927979698
https://openalex.org/W2934388272
https://openalex.org/W2935383331
https://openalex.org/W2947314351
https://openalex.org/W2954000014
https://openalex.org/W2968348891
https://openalex.org/W2976183499
https://openalex.org/W2979003680
https://openalex.org/W2979026670
https://openalex.org/W2980116205
https://openalex.org/W2980244547
https://openalex.org/W2984685268
https://openalex.org/W2986448874
https://openalex.org/W2989233147
https://openalex.org/W2990899862
https://openalex.org/W2994966019
https://openalex.org/W2997657166
https://openalex.org/W3004913776
https://openalex.org/W3006601267
https://openalex.org/W3009607280
https://openalex.org/W3011215745
https://openalex.org/W3011887498
https://openalex.org/W3011970829
https://openalex.org/W3013556426
https://openalex.org/W3014877292
https://openalex.org/W3017553967
https://openalex.org/W3025953194
https://openalex.org/W3026574827
https://openalex.org/W3028433928
https://openalex.org/W3031501580
https://openalex.org/W3036295350
https://openalex.org/W3037680126
https://openalex.org/W3038275448
https://openalex.org/W3044574902
https://openalex.org/W3046059575
https://openalex.org/W3083119594
https://openalex.org/W3087242046
https://openalex.org/W3093694523
https://openalex.org/W3093748276
https://openalex.org/W3094055598
https://openalex.org/W3094906558
https://openalex.org/W3095470704
https://openalex.org/W3096031696
https://openalex.org/W3101202095
https://openalex.org/W3103774763
https://openalex.org/W3107230437
https://openalex.org/W3110096406
https://openalex.org/W3113077423
https://openalex.org/W3116427760
https://openalex.org/W3126162820
https://openalex.org/W3126181341
https://openalex.org/W3129153695
https://openalex.org/W3131728884
https://openalex.org/W3134263264
https://openalex.org/W3134888520
https://openalex.org/W3137293135
https://openalex.org/W3141094593
https://openalex.org/W3146476247
https://openalex.org/W3156645231
https://openalex.org/W3157180183
https://openalex.org/W3159976957
https://openalex.org/W3167176831
https://openalex.org/W3169714353
https://openalex.org/W3171880297
https://openalex.org/W3174443319
https://openalex.org/W3176022258
https://openalex.org/W3177367163
https://openalex.org/W3178460260
https://openalex.org/W3184645566
https://openalex.org/W3185165749
https://openalex.org/W3198395308
https://openalex.org/W3198955004
https://openalex.org/W3198988451
https://openalex.org/W3201059470
https://openalex.org/W3205625594
https://openalex.org/W3209437978
https://openalex.org/W3211522762
https://openalex.org/W3211948765
https://openalex.org/W3212037738
https://openalex.org/W3212761413
https://openalex.org/W3212927424
https://openalex.org/W3213653852
https://openalex.org/W3215974688
https://openalex.org/W3217315442
https://openalex.org/W330142670
https://openalex.org/W37003377
https://openalex.org/W4200449898
https://openalex.org/W4200481054
https://openalex.org/W4200517353
https://openalex.org/W4206955775
https://openalex.org/W4207018143
https://openalex.org/W4212852704
https://openalex.org/W4213031401
https://openalex.org/W4213324058
https://openalex.org/W4213367574
https://openalex.org/W4220662869
https://openalex.org/W4220683204
https://openalex.org/W4220813037
https://openalex.org/W4220852854
https://openalex.org/W4220947966
https://openalex.org/W4223435847
https://openalex.org/W4223653667
https://openalex.org/W4223910299
https://openalex.org/W4226191424
https://openalex.org/W4226247304
https://openalex.org/W4229459069
https://openalex.org/W4235228532
https://openalex.org/W4235887255
https://openalex.org/W4244516875
https://openalex.org/W4249682193
https://openalex.org/W4250562204
https://openalex.org/W4253704967
https://openalex.org/W4256153138
https://openalex.org/W4280588906
https://openalex.org/W4280623344
https://openalex.org/W4281483639
https://openalex.org/W4281564085
https://openalex.org/W4281672141
https://openalex.org/W4282030701
https://openalex.org/W4282569736
https://openalex.org/W4283070418
https://openalex.org/W4283513936
https://openalex.org/W4283520031
https://openalex.org/W4283641516
https://openalex.org/W4283800668
https://openalex.org/W4284676165
https://openalex.org/W4285152250
https://openalex.org/W4285225467
https://openalex.org/W4285266521
https://openalex.org/W4285391358
https://openalex.org/W4285411574
https://openalex.org/W4285499356
https://openalex.org/W4285506764
https://openalex.org/W4285593499
https://openalex.org/W4285601264
https://openalex.org/W4285798867
https://openalex.org/W4286541807
https://openalex.org/W4287838559
https://openalex.org/W4288049791
https://openalex.org/W4288071554
https://openalex.org/W4288384170
https://openalex.org/W4289337896
https://openalex.org/W4290998627
https://openalex.org/W4291022979
https://openalex.org/W4292489704
https://openalex.org/W4292552940
https://openalex.org/W4293009369
https://openalex.org/W4293079318
https://openalex.org/W4293163013
https://openalex.org/W4293492979
https://openalex.org/W4293581884
https://openalex.org/W4293658193
https://openalex.org/W4295328748
https://openalex.org/W4297252544
https://openalex.org/W4297457914
https://openalex.org/W4298087155
https://openalex.org/W4307846380
https://openalex.org/W4308156963
https://openalex.org/W4308309074
https://openalex.org/W4308374968
https://openalex.org/W4308686591
https://openalex.org/W4308705797
https://openalex.org/W4308798343
https://openalex.org/W4308937077
https://openalex.org/W4309406897
https://openalex.org/W4309605922
https://openalex.org/W4310075804
https://openalex.org/W4310081015
https://openalex.org/W4311001454
https://openalex.org/W4311069092
https://openalex.org/W4311284961
https://openalex.org/W4311453102
https://openalex.org/W4311504645
https://openalex.org/W4311766654
https://openalex.org/W4311880568
https://openalex.org/W4312008290
https://openalex.org/W4312087748
https://openalex.org/W4312351926
https://openalex.org/W4313178800
https://openalex.org/W4313272287
https://openalex.org/W4313368301
https://openalex.org/W4313487349
https://openalex.org/W4313535037
https://openalex.org/W4313800149
https://openalex.org/W4313910159
https://openalex.org/W4317609277
https://openalex.org/W4318025918
https://openalex.org/W4318218688
https://openalex.org/W4320027342
https://openalex.org/W4320890065
https://openalex.org/W4321099606
https://openalex.org/W4321458461
https://openalex.org/W4321490143
https://openalex.org/W4321767432
https://openalex.org/W4323348641
https://openalex.org/W4323652981
https://openalex.org/W4323825481
https://openalex.org/W4327676467
https://openalex.org/W4328103795
https://openalex.org/W4364377062
https://openalex.org/W4367300567
https://openalex.org/W4367674993
https://openalex.org/W4367856407
https://openalex.org/W4368246861
https://openalex.org/W4372050212
https://openalex.org/W4372332516
https://openalex.org/W4375854777
https://openalex.org/W4380876329
https://openalex.org/W4381280403
https://openalex.org/W4382371057
https://openalex.org/W4383823195
https://openalex.org/W51233534
https://openalex.org/W57864011
https://openalex.org/W6043755
https://openalex.org/W73843281
https://openalex.org/W1132951777
https://openalex.org/W1492421662
https://openalex.org/W1496950887
https://openalex.org/W1575886306
https://openalex.org/W1588186595
https://openalex.org/W1592059703
https://openalex.org/W1794560318
https://openalex.org/W1837143043
https://openalex.org/W1862352463
https://openalex.org/W1969352731
https://openalex.org/W1978035949
https://openalex.org/W1981174601
https://openalex.org/W1983979632
https://openalex.org/W1984049497
https://openalex.org/W1988055642
https://openalex.org/W1990593938
https://openalex.org/W1991805029
https://openalex.org/W1995473367
https://openalex.org/W1995524362
https://openalex.org/W2004482614
https://openalex.org/W2005731719
https://openalex.org/W2007379449
https://openalex.org/W2008450884
https://openalex.org/W2013972392
https://openalex.org/W2015334075
https://openalex.org/W2017433049
https://openalex.org/W2019680324
https://openalex.org/W2026083934
https://openalex.org/W2027390588
https://openalex.org/W2030713812
https://openalex.org/W2032847060
https://openalex.org/W2037727243
https://openalex.org/W2045008957
https://openalex.org/W2050425888
https://openalex.org/W2050687438
https://openalex.org/W2050925875
https://openalex.org/W2053476494
https://openalex.org/W2054697126
https://openalex.org/W2055911197
https://openalex.org/W2056500036
https://openalex.org/W2058487478
https://openalex.org/W2063200595
https://openalex.org/W2064114437
https://openalex.org/W2066818286
https://openalex.org/W2067020340
https://openalex.org/W2068200128
https://openalex.org/W2073263840
https://openalex.org/W2075773370
https://openalex.org/W2077363117
https://openalex.org/W2078503059
https://openalex.org/W2078686224
https://openalex.org/W2079185183
https://openalex.org/W2081972172
https://openalex.org/W2082319014
https://openalex.org/W2084960793
https://openalex.org/W2086589319
https://openalex.org/W2086980777
https://openalex.org/W2090792589
https://openalex.org/W2091322287
https://openalex.org/W2096269608
https://openalex.org/W2096386495
https://openalex.org/W2100240330
https://openalex.org/W2104455735
https://openalex.org/W2104686770
https://openalex.org/W2104774013
https://openalex.org/W2111067789
https://openalex.org/W2114724277
https://openalex.org/W2115966238
https://openalex.org/W2116435788
https://openalex.org/W2121138848
https://openalex.org/W2121572138
https://openalex.org/W2122831125
https://openalex.org/W2123291951
https://openalex.org/W2126323555
https://openalex.org/W2132827392
https://openalex.org/W2148475588
https://openalex.org/W2159664140
https://openalex.org/W2160847638
https://openalex.org/W2168628996
https://openalex.org/W2169433785
https://openalex.org/W2170819329
https://openalex.org/W2170852251
https://openalex.org/W2171387945
https://openalex.org/W2184675758
https://openalex.org/W2186811101
https://openalex.org/W2187366290
https://openalex.org/W2200717852
https://openalex.org/W2206829059
https://openalex.org/W2214064719
https://openalex.org/W2219085205
https://openalex.org/W2244186477
https://openalex.org/W2259210229
https://openalex.org/W2275798993
https://openalex.org/W2278809517
https://openalex.org/W2285294241
https://openalex.org/W2287176844
https://openalex.org/W2291038092
https://openalex.org/W2294369914
https://openalex.org/W2308134280
https://openalex.org/W2314968026
https://openalex.org/W2317701639
https://openalex.org/W2331199643
https://openalex.org/W2335500147
https://openalex.org/W2338049778
https://openalex.org/W2349703988
https://openalex.org/W2349746145
https://openalex.org/W2358164690
https://openalex.org/W2361963255
https://openalex.org/W2364671581
https://openalex.org/W2366788373
https://openalex.org/W2368032515
https://openalex.org/W2381577985
https://openalex.org/W2384499520
https://openalex.org/W2388426581
https://openalex.org/W2390476234
https://openalex.org/W2395912219
https://openalex.org/W2396986909
https://openalex.org/W2397455123
https://openalex.org/W2399820924
https://openalex.org/W2399948830
https://openalex.org/W2402176934
https://openalex.org/W2402735626
https://openalex.org/W2403587726
https://openalex.org/W2407711805
https://openalex.org/W2408445454
https://openalex.org/W2409885751
https://openalex.org/W2412749784
https://openalex.org/W2413216596
https://openalex.org/W2414945101
https://openalex.org/W2415038871
https://openalex.org/W2415885630
https://openalex.org/W2416453001
https://openalex.org/W2417032025
https://openalex.org/W2422666972
https://openalex.org/W2435665352
https://openalex.org/W2460820151
https://openalex.org/W2461440746
https://openalex.org/W2463399951
https://openalex.org/W2465806025
https://openalex.org/W2476192360
https://openalex.org/W2484604619
https://openalex.org/W2486145687
https://openalex.org/W2487068884
https://openalex.org/W2488443259
https://openalex.org/W2503320927
https://openalex.org/W2508913488
https://openalex.org/W2514432404
https://openalex.org/W2534280718
https://openalex.org/W2555027751
https://openalex.org/W2563319627
https://openalex.org/W2569054196
https://openalex.org/W2575638746
https://openalex.org/W2584811055
https://openalex.org/W2587108550
https://openalex.org/W2588845372
https://openalex.org/W2601988410
https://openalex.org/W2605339772
https://openalex.org/W2606275129
https://openalex.org/W2607432882
https://openalex.org/W2607435252
https://openalex.org/W2608978938
https://openalex.org/W2617483727
https://openalex.org/W2630350555
https://openalex.org/W2640799344
https://openalex.org/W2664323443
https://openalex.org/W2724827524
https://openalex.org/W2726396320
https://openalex.org/W2730176766
https://openalex.org/W2733371610
https://openalex.org/W2736304465
https://openalex.org/W2742715551
https://openalex.org/W2755280984
https://openalex.org/W2756383956
https://openalex.org/W2761962058
https://openalex.org/W2763005806
https://openalex.org/W2765912223
https://openalex.org/W2769047650
https://openalex.org/W2770592582
https://openalex.org/W2783400384
https://openalex.org/W2784102567
https://openalex.org/W2785807113
https://openalex.org/W2789652939
https://openalex.org/W2792609997
https://openalex.org/W2796217690
https://openalex.org/W2797689848
https://openalex.org/W2799837829
https://openalex.org/W2801336558
https://openalex.org/W2801513432
https://openalex.org/W2802894543
https://openalex.org/W2804791997
https://openalex.org/W2806518628
https://openalex.org/W2809776897
https://openalex.org/W2883146972
https://openalex.org/W2883148769
https://openalex.org/W2889597135
https://openalex.org/W2889916627
https://openalex.org/W2891423720
https://openalex.org/W2893545391
https://openalex.org/W2894163539
https://openalex.org/W2897699068
https://openalex.org/W2899366598
https://openalex.org/W2903168666
https://openalex.org/W2908564121
https://openalex.org/W2913922800
https://openalex.org/W2917794328
https://openalex.org/W2921029987
https://openalex.org/W2924732451
https://openalex.org/W2936160084
https://openalex.org/W2938308875
https://openalex.org/W2938630138
https://openalex.org/W2939583975
https://openalex.org/W2939650881
https://openalex.org/W2940515164
https://openalex.org/W2943108990
https://openalex.org/W2947567511
https://openalex.org/W2947798953
https://openalex.org/W2949713051
https://openalex.org/W2951712013
https://openalex.org/W2954345533
https://openalex.org/W2954505211
https://openalex.org/W2954757206
https://openalex.org/W2956509838
https://openalex.org/W2957215989
https://openalex.org/W2958931521
https://openalex.org/W2961295905
https://openalex.org/W2963620144
https://openalex.org/W2964931776
https://openalex.org/W2968071008
https://openalex.org/W2968911725
https://openalex.org/W2971018762
https://openalex.org/W2979120679
https://openalex.org/W2979466438
https://openalex.org/W2980969356
https://openalex.org/W2981835809
https://openalex.org/W2982604982
https://openalex.org/W2983607173
https://openalex.org/W2983694686
https://openalex.org/W2986994611
https://openalex.org/W2988784112
https://openalex.org/W2989173142
https://openalex.org/W2989849077
https://openalex.org/W2990605747
https://openalex.org/W2995993610
https://openalex.org/W2998910903
https://openalex.org/W3000035869
https://openalex.org/W3003522224
https://openalex.org/W3004276251
https://openalex.org/W3004934956
https://openalex.org/W3005725591
https://openalex.org/W3006458862
https://openalex.org/W3007222054
https://openalex.org/W3010059610
https://openalex.org/W3010365485
https://openalex.org/W3012130361
https://openalex.org/W3015666047
https://openalex.org/W3016659061
https://openalex.org/W3018829855
https://openalex.org/W3019694053
https://openalex.org/W3024508017
https://openalex.org/W3024716589
https://openalex.org/W3025399383
https://openalex.org/W3029338032
https://openalex.org/W3031893936
https://openalex.org/W3032577285
https://openalex.org/W3032608289
https://openalex.org/W3033634608
https://openalex.org/W3034289246
https://openalex.org/W3036379209
https://openalex.org/W3037742758
https://openalex.org/W3040435362
https://openalex.org/W3043389716
https://openalex.org/W3044379292
https://openalex.org/W3045268344
https://openalex.org/W3047170697
https://openalex.org/W3081062762
https://openalex.org/W3083954778
https://openalex.org/W3084012200
https://openalex.org/W3086222684
https://openalex.org/W3086249331
https://openalex.org/W3088222118
https://openalex.org/W3091871537
https://openalex.org/W3092258435
https://openalex.org/W3093680441
https://openalex.org/W3095615226
https://openalex.org/W3102641907
https://openalex.org/W3104365680
https://openalex.org/W3105435428
https://openalex.org/W3106402004
https://openalex.org/W3106941673
https://openalex.org/W3109025007
https://openalex.org/W3110341086
https://openalex.org/W3113077231
https://openalex.org/W3113270214
https://openalex.org/W3113299639
https://openalex.org/W3114164630
https://openalex.org/W3120340122
https://openalex.org/W3121996995
https://openalex.org/W3123301385
https://openalex.org/W3123532712
https://openalex.org/W3126562455
https://openalex.org/W3126653297
https://openalex.org/W3130776454
https://openalex.org/W3134843913
https://openalex.org/W3134903552
https://openalex.org/W3135392959
https://openalex.org/W3137460656
https://openalex.org/W3138249945
https://openalex.org/W3139583321
https://openalex.org/W3142354060
https://openalex.org/W3143004044
https://openalex.org/W3158244656
https://openalex.org/W3159388075
https://openalex.org/W3161273967
https://openalex.org/W3161297295
https://openalex.org/W3161315760
https://openalex.org/W3161527103
https://openalex.org/W3163785134
https://openalex.org/W3164086974
https://openalex.org/W3164407227
https://openalex.org/W3167341034
https://openalex.org/W3168064808
https://openalex.org/W3170958052
https://openalex.org/W3171630550
https://openalex.org/W3173095137
https://openalex.org/W3174191391
https://openalex.org/W3176172318
https://openalex.org/W3176659696
https://openalex.org/W3180487435
https://openalex.org/W3187021817
https://openalex.org/W3193717593
https://openalex.org/W3194648146
https://openalex.org/W3195630530
https://openalex.org/W3196517839
https://openalex.org/W3196559688
https://openalex.org/W3196605575
https://openalex.org/W3196684408
https://openalex.org/W3197446279
https://openalex.org/W3198279620
https://openalex.org/W3200499754
https://openalex.org/W3202793628
https://openalex.org/W3212230985
https://openalex.org/W3212419092
https://openalex.org/W3214549686
https://openalex.org/W3215537374
https://openalex.org/W3215577766
https://openalex.org/W3216477909
https://openalex.org/W3217393000
https://openalex.org/W4200024236
https://openalex.org/W4200151561
https://openalex.org/W4200196521
https://openalex.org/W4200285908
https://openalex.org/W4200368882
https://openalex.org/W4200448401
https://openalex.org/W4200590862
https://openalex.org/W4205215632
https://openalex.org/W4205338281
https://openalex.org/W4206028694
https://openalex.org/W4206090305
https://openalex.org/W4206112543
https://openalex.org/W4206585254
https://openalex.org/W4206755963
https://openalex.org/W4206961531
https://openalex.org/W4207001099
https://openalex.org/W4210567033
https://openalex.org/W4210944859
https://openalex.org/W4210968044
https://openalex.org/W4211040181
https://openalex.org/W4211126132
https://openalex.org/W4212845421
https://openalex.org/W4213267634
https://openalex.org/W4214601127
https://openalex.org/W4214653206
https://openalex.org/W4220766331
https://openalex.org/W4220863702
https://openalex.org/W4220934110
https://openalex.org/W4220988644
https://openalex.org/W4220991744
https://openalex.org/W4221113939
https://openalex.org/W4221129752
https://openalex.org/W4223502368
https://openalex.org/W4223600525
https://openalex.org/W4224238821
https://openalex.org/W4224275764
https://openalex.org/W4224309406
https://openalex.org/W4224309481
https://openalex.org/W4224330577
https://openalex.org/W4225273886
https://openalex.org/W4225526694
https://openalex.org/W4225896774
https://openalex.org/W4226211034
https://openalex.org/W4226268569
https://openalex.org/W4226414849
https://openalex.org/W4226457185
https://openalex.org/W4226526426
https://openalex.org/W4229082893
https://openalex.org/W4229373166
https://openalex.org/W4231014070
https://openalex.org/W4235216064
https://openalex.org/W4238617306
https://openalex.org/W4241166419
https://openalex.org/W4243080730
https://openalex.org/W4244207975
https://openalex.org/W4244229000
https://openalex.org/W4245264041
https://openalex.org/W4245314995
https://openalex.org/W4247324252
https://openalex.org/W4248328813
https://openalex.org/W4251328185
https://openalex.org/W4254079445
https://openalex.org/W4254553041
https://openalex.org/W4255673660
https://openalex.org/W4280649186
https://openalex.org/W4281386110
https://openalex.org/W4281484143
https://openalex.org/W4281627606
https://openalex.org/W4281634672
https://openalex.org/W4281653069
https://openalex.org/W4281657195
https://openalex.org/W4281762106
https://openalex.org/W4282568355
https://openalex.org/W4282939132
https://openalex.org/W4282960654
https://openalex.org/W4283067174
https://openalex.org/W4283070262
https://openalex.org/W4283321830
https://openalex.org/W4283379558
https://openalex.org/W4283392507
https://openalex.org/W4283585287
https://openalex.org/W4283697471
https://openalex.org/W4283719609
https://openalex.org/W4283786654
https://openalex.org/W4283823677
https://openalex.org/W4283834137
https://openalex.org/W4285086084
https://openalex.org/W4285587839
https://openalex.org/W4285804526
https://openalex.org/W4287219206
https://openalex.org/W4287393200
https://openalex.org/W4287478050
https://openalex.org/W4289338350
https://openalex.org/W4289520595
https://openalex.org/W4289884475
https://openalex.org/W4289948950
https://openalex.org/W4292018204
https://openalex.org/W4292485610
https://openalex.org/W4292641755
https://openalex.org/W4292693096
https://openalex.org/W4292961527
https://openalex.org/W4293089571
https://openalex.org/W4293193365
https://openalex.org/W4293232017
https://openalex.org/W4293332272
https://openalex.org/W4293864595
https://openalex.org/W4294225376
https://openalex.org/W4294631177
https://openalex.org/W4294760503
https://openalex.org/W4295211054
https://openalex.org/W4295886447
https://openalex.org/W4295950997
https://openalex.org/W4296251436
https://openalex.org/W4296382639
https://openalex.org/W4296422514
https://openalex.org/W4296641366
https://openalex.org/W4296771859
https://openalex.org/W4296965875
https://openalex.org/W4297094440
https://openalex.org/W4297237386
https://openalex.org/W4297819085
https://openalex.org/W4297902960
https://openalex.org/W4299937574
https://openalex.org/W4303647037
https://openalex.org/W4304087073
https://openalex.org/W4305057921
https://openalex.org/W4306410109
https://openalex.org/W4307431144
https://openalex.org/W4307572133
https://openalex.org/W4308196325
https://openalex.org/W4308212673
https://openalex.org/W4308237436
https://openalex.org/W4308870374
https://openalex.org/W4309332219
https://openalex.org/W4309438422
https://openalex.org/W4309553685
https://openalex.org/W4309566962
https://openalex.org/W4309866145
https://openalex.org/W4310168475
https://openalex.org/W4310243233
https://openalex.org/W4310249429
https://openalex.org/W4310598021
https://openalex.org/W4310748038
https://openalex.org/W4310974884
https://openalex.org/W4311020119
https://openalex.org/W4311696971
https://openalex.org/W4312114338
https://openalex.org/W4312120799
https://openalex.org/W4312210090
https://openalex.org/W4312756257
https://openalex.org/W4312957680
https://openalex.org/W4313152063
https://openalex.org/W4313315617
https://openalex.org/W4313388932
https://openalex.org/W4313399972
https://openalex.org/W4313400180
https://openalex.org/W4313562064
https://openalex.org/W4313652933
https://openalex.org/W4316497050
https://openalex.org/W4317721458
https://openalex.org/W4318612646
https://openalex.org/W4319160736
https://openalex.org/W4319586264
https://openalex.org/W4319758715
https://openalex.org/W4319771035
https://openalex.org/W4319939095
https://openalex.org/W4320561552
https://openalex.org/W4322217339
https://openalex.org/W4322487601
https://openalex.org/W4322747553
https://openalex.org/W4323037059
https://openalex.org/W4323073796
https://openalex.org/W4323652472
https://openalex.org/W4323667924
https://openalex.org/W4327547458
https://openalex.org/W4327560477
https://openalex.org/W4327605312
https://openalex.org/W4327622527
https://openalex.org/W4328052367
https://openalex.org/W4362523012
https://openalex.org/W4362585695
https://openalex.org/W4362681525
https://openalex.org/W4363646019
https://openalex.org/W4365516166
https://openalex.org/W4366322158
https://openalex.org/W4366748225
https://openalex.org/W4367310461
https://openalex.org/W4367310535
https://openalex.org/W4372318133
https://openalex.org/W4372342644
https://openalex.org/W4376614490
https://openalex.org/W4376871704
https://openalex.org/W4376875715
https://openalex.org/W4377221195
https://openalex.org/W4378219668
https://openalex.org/W4378746575
https://openalex.org/W4379599117
https://openalex.org/W4379966736
https://openalex.org/W4380030628
https://openalex.org/W4380877400
https://openalex.org/W4382520216
https://openalex.org/W4384298008
https://openalex.org/W4384301235
https://openalex.org/W4384652037
https://openalex.org/W4385186156
https://openalex.org/W577801751
https://openalex.org/W620517480
https://openalex.org/W641661581
https://openalex.org/W798121146
https://openalex.org/W939347394
https://openalex.org/W1006920536
https://openalex.org/W1010077572
https://openalex.org/W101379996
https://openalex.org/W1020501222
https://openalex.org/W1021861116
https://openalex.org/W1023549364
https://openalex.org/W1027915454
https://openalex.org/W1028010205
https://openalex.org/W1031370540
https://openalex.org/W1133109053
https://openalex.org/W1133130427
https://openalex.org/W1147100017
https://openalex.org/W1158379674
https://openalex.org/W1163528723
https://openalex.org/W1164326036
https://openalex.org/W1168429270
https://openalex.org/W1177077439
https://openalex.org/W1196921231
https://openalex.org/W1234600615
https://openalex.org/W126630707
https://openalex.org/W128748914
https://openalex.org/W130892502
https://openalex.org/W131438978
https://openalex.org/W137972088
https://openalex.org/W138588850
https://openalex.org/W1432512626
https://openalex.org/W1437532964
https://openalex.org/W1469686557
https://openalex.org/W1482394573
https://openalex.org/W1487869974
https://openalex.org/W1489548287
https://openalex.org/W1491498138
https://openalex.org/W1501441523
https://openalex.org/W1507542193
https://openalex.org/W1507583298
https://openalex.org/W1510613435
https://openalex.org/W1512911252
https://openalex.org/W1515399249
https://openalex.org/W1515641504
https://openalex.org/W1522611463
https://openalex.org/W1524109229
https://openalex.org/W1526841253
https://openalex.org/W1533343001
https://openalex.org/W1539068328
https://openalex.org/W1540358757
https://openalex.org/W1544975820
https://openalex.org/W1545273411
https://openalex.org/W1549841124
https://openalex.org/W1552558481
https://openalex.org/W1554143644
https://openalex.org/W1557348417
https://openalex.org/W1557782244
https://openalex.org/W1570918846
https://openalex.org/W1581762725
https://openalex.org/W1583927837
https://openalex.org/W1588820166
https://openalex.org/W1601477536
https://openalex.org/W1602146471
https://openalex.org/W1605089510
https://openalex.org/W1606070074
https://openalex.org/W1612553671
https://openalex.org/W1628599613
https://openalex.org/W1638223636
https://openalex.org/W1645300537
https://openalex.org/W1720189688
https://openalex.org/W1720976129
https://openalex.org/W1746127511
https://openalex.org/W1767702782
https://openalex.org/W1787187005
https://openalex.org/W1812391830
https://openalex.org/W1814704110
https://openalex.org/W1819874790
https://openalex.org/W18214709
https://openalex.org/W1827798401
https://openalex.org/W1830167667
https://openalex.org/W1834880355
https://openalex.org/W1839194478
https://openalex.org/W1846528200
https://openalex.org/W1864523655
https://openalex.org/W1866130020
https://openalex.org/W1871782190
https://openalex.org/W1881443299
https://openalex.org/W188441126
https://openalex.org/W1963601922
https://openalex.org/W1964190031
https://openalex.org/W1964428539
https://openalex.org/W1964608851
https://openalex.org/W1964998247
https://openalex.org/W1965238105
https://openalex.org/W1965702982
https://openalex.org/W1968273775
https://openalex.org/W1968577284
https://openalex.org/W1969204214
https://openalex.org/W1971440733
https://openalex.org/W1971919052
https://openalex.org/W1972481932
https://openalex.org/W1972650956
https://openalex.org/W1976020686
https://openalex.org/W1977034883
https://openalex.org/W1980058777
https://openalex.org/W1980238527
https://openalex.org/W1981602847
https://openalex.org/W1982455051
https://openalex.org/W1983134034
https://openalex.org/W1983638686
https://openalex.org/W1983667438
https://openalex.org/W1983670019
https://openalex.org/W1984924226
https://openalex.org/W1985150543
https://openalex.org/W1985196655
https://openalex.org/W1985330005
https://openalex.org/W1985850209
https://openalex.org/W1986247233
https://openalex.org/W1986506236
https://openalex.org/W1986935065
https://openalex.org/W1987202601
https://openalex.org/W1987786441
https://openalex.org/W1988542869
https://openalex.org/W1989619438
https://openalex.org/W1989849551
https://openalex.org/W1990922947
https://openalex.org/W1994513543
https://openalex.org/W1994819877
https://openalex.org/W1995029203
https://openalex.org/W1996133095
https://openalex.org/W1996708875
https://openalex.org/W1997043291
https://openalex.org/W1998370251
https://openalex.org/W1999115486
https://openalex.org/W2000932862
https://openalex.org/W2003902541
https://openalex.org/W2004523665
https://openalex.org/W2004661478
https://openalex.org/W2009768959
https://openalex.org/W2009799404
https://openalex.org/W2010050102
https://openalex.org/W2011290183
https://openalex.org/W2012237525
https://openalex.org/W2014978755
https://openalex.org/W2015712572
https://openalex.org/W2016105105
https://openalex.org/W2017649028
https://openalex.org/W2018692761
https://openalex.org/W2018786865
https://openalex.org/W2018799390
https://openalex.org/W2018801196
https://openalex.org/W2019366986
https://openalex.org/W2019785405
https://openalex.org/W2019922956
https://openalex.org/W2020086086
https://openalex.org/W2020118218
https://openalex.org/W2020916689
https://openalex.org/W2021150403
https://openalex.org/W2021650519
https://openalex.org/W2021883618
https://openalex.org/W2023474691
https://openalex.org/W2025842615
https://openalex.org/W2026473929
https://openalex.org/W2027435159
https://openalex.org/W2028473683
https://openalex.org/W2030981979
https://openalex.org/W2032637033
https://openalex.org/W2034079964
https://openalex.org/W2035669543
https://openalex.org/W2036696901
https://openalex.org/W2038185970
https://openalex.org/W2040002854
https://openalex.org/W2040014116
https://openalex.org/W2040280396
https://openalex.org/W2041716229
https://openalex.org/W2042171388
https://openalex.org/W2044396363
https://openalex.org/W2044866745
https://openalex.org/W2045445472
https://openalex.org/W2046105887
https://openalex.org/W2046280457
https://openalex.org/W2047344421
https://openalex.org/W2047764190
https://openalex.org/W2049394055
https://openalex.org/W2050132763
https://openalex.org/W2051307007
https://openalex.org/W2051472871
https://openalex.org/W2052042767
https://openalex.org/W2053103319
https://openalex.org/W2053345717
https://openalex.org/W2057824151
https://openalex.org/W2059057912
https://openalex.org/W2059361977
https://openalex.org/W2059364436
https://openalex.org/W2060616985
https://openalex.org/W2060702504
https://openalex.org/W2061603161
https://openalex.org/W2061609508
https://openalex.org/W2062605428
https://openalex.org/W2064414522
https://openalex.org/W2065519656
https://openalex.org/W2066527843
https://openalex.org/W2067682655
https://openalex.org/W2071366559
https://openalex.org/W2072505383
https://openalex.org/W2074052113
https://openalex.org/W2074057533
https://openalex.org/W2074476659
https://openalex.org/W2074765090
https://openalex.org/W2076731737
https://openalex.org/W2077234328
https://openalex.org/W2078067609
https://openalex.org/W2078405135
https://openalex.org/W2079097474
https://openalex.org/W2079374014
https://openalex.org/W2079793304
https://openalex.org/W2080176385
https://openalex.org/W2082122080
https://openalex.org/W2082451461
https://openalex.org/W2082564108
https://openalex.org/W2082594271
https://openalex.org/W2083778039
https://openalex.org/W2086283967
https://openalex.org/W2087368923
https://openalex.org/W2087993305
https://openalex.org/W2088756919
https://openalex.org/W2089465879
https://openalex.org/W2089546992
https://openalex.org/W2089659358
https://openalex.org/W2089707091
https://openalex.org/W2089836906
https://openalex.org/W2091136235
https://openalex.org/W2092087822
https://openalex.org/W2092994262
https://openalex.org/W2093831614
https://openalex.org/W2093887460
https://openalex.org/W209410570
https://openalex.org/W2096058939
https://openalex.org/W2101471469
https://openalex.org/W2101487602
https://openalex.org/W2101955952
https://openalex.org/W2106868246
https://openalex.org/W2110621925
https://openalex.org/W2112452987
https://openalex.org/W2116067484
https://openalex.org/W2120525180
https://openalex.org/W2121846003
https://openalex.org/W2126031977
https://openalex.org/W2126170298
https://openalex.org/W2126364433
https://openalex.org/W2128158997
https://openalex.org/W2129164033
https://openalex.org/W2132441005
https://openalex.org/W2133017216
https://openalex.org/W2135124896
https://openalex.org/W2144012625
https://openalex.org/W2146600646
https://openalex.org/W2146819862
https://openalex.org/W2159717190
https://openalex.org/W2160201216
https://openalex.org/W2160577344
https://openalex.org/W2162528052
https://openalex.org/W2163559769
https://openalex.org/W2170071877
https://openalex.org/W2172595263
https://openalex.org/W2173284130
https://openalex.org/W2182034740
https://openalex.org/W2182945718
https://openalex.org/W2184163880
https://openalex.org/W2185209367
https://openalex.org/W2185448962
https://openalex.org/W2186960696
https://openalex.org/W2188793685
https://openalex.org/W2189189641
https://openalex.org/W2189269752
https://openalex.org/W2193911677
https://openalex.org/W2203984309
https://openalex.org/W2212146541
https://openalex.org/W2216332965
https://openalex.org/W2223154354
https://openalex.org/W2230517684
https://openalex.org/W2231526124
https://openalex.org/W2234355952
https://openalex.org/W223682231
https://openalex.org/W2239242002
https://openalex.org/W2240516297
https://openalex.org/W2241467542
https://openalex.org/W2242813891
https://openalex.org/W2246781372
https://openalex.org/W2253577426
https://openalex.org/W2254987720
https://openalex.org/W2259361706
https://openalex.org/W2269532048
https://openalex.org/W2271083560
https://openalex.org/W2273879913
https://openalex.org/W2275124977
https://openalex.org/W2280776356
https://openalex.org/W2281743516
https://openalex.org/W2282982780
https://openalex.org/W2285222972
https://openalex.org/W2285317959
https://openalex.org/W2286523678
https://openalex.org/W2289804885
https://openalex.org/W2292645613
https://openalex.org/W2294537868
https://openalex.org/W2297840106
https://openalex.org/W2299249051
https://openalex.org/W2299696006
https://openalex.org/W2304686146
https://openalex.org/W2306066536
https://openalex.org/W2306701741
https://openalex.org/W2312569197
https://openalex.org/W2313483524
https://openalex.org/W2313723318
https://openalex.org/W2314054734
https://openalex.org/W2314561053
https://openalex.org/W2314838498
https://openalex.org/W2315021487
https://openalex.org/W2315924660
https://openalex.org/W2316233335
https://openalex.org/W2316282296
https://openalex.org/W2316287295
https://openalex.org/W2316328613
https://openalex.org/W2317054683
https://openalex.org/W2317333598
https://openalex.org/W2317376559
https://openalex.org/W2317557887
https://openalex.org/W2317780011
https://openalex.org/W2318183834
https://openalex.org/W2318195240
https://openalex.org/W2318670595
https://openalex.org/W2319357823
https://openalex.org/W2319521057
https://openalex.org/W2319894288
https://openalex.org/W2320147551
https://openalex.org/W2321213010
https://openalex.org/W2321326195
https://openalex.org/W2321990319
https://openalex.org/W2322064371
https://openalex.org/W2322271763
https://openalex.org/W2322417022
https://openalex.org/W2323029095
https://openalex.org/W2323702831
https://openalex.org/W2323719176
https://openalex.org/W2323823231
https://openalex.org/W2324063317
https://openalex.org/W2325768038
https://openalex.org/W2325930624
https://openalex.org/W2325998304
https://openalex.org/W2326209299
https://openalex.org/W2326807814
https://openalex.org/W2326917515
https://openalex.org/W2327112919
https://openalex.org/W2327376798
https://openalex.org/W2328822112
https://openalex.org/W2328962276
https://openalex.org/W2330622668
https://openalex.org/W2330689911
https://openalex.org/W2331096515
https://openalex.org/W2332195981
https://openalex.org/W2332444268
https://openalex.org/W2332625223
https://openalex.org/W2332661415
https://openalex.org/W2332994155
https://openalex.org/W2333064977
https://openalex.org/W2333474213
https://openalex.org/W2333769752
https://openalex.org/W2333938180
https://openalex.org/W2335398429
https://openalex.org/W2336080445
https://openalex.org/W2337202257
https://openalex.org/W2338695191
https://openalex.org/W2338761979
https://openalex.org/W2340542891
https://openalex.org/W2340734643
https://openalex.org/W2342199626
https://openalex.org/W2343462132
https://openalex.org/W2343491723
https://openalex.org/W2347892497
https://openalex.org/W2348791505
https://openalex.org/W2349154335
https://openalex.org/W2349387570
https://openalex.org/W2349603806
https://openalex.org/W2349630622
https://openalex.org/W2350112097
https://openalex.org/W2350299959
https://openalex.org/W2350705040
https://openalex.org/W2350851704
https://openalex.org/W2352780638
https://openalex.org/W2353055260
https://openalex.org/W2353142553
https://openalex.org/W2354066442
https://openalex.org/W2354281552
https://openalex.org/W2354864391
https://openalex.org/W2355330535
https://openalex.org/W2355434828
https://openalex.org/W2355576013
https://openalex.org/W2355649236
https://openalex.org/W2355766105
https://openalex.org/W2356079251
https://openalex.org/W2356271553
https://openalex.org/W2356325282
https://openalex.org/W2356353343
https://openalex.org/W2356393256
https://openalex.org/W2356468808
https://openalex.org/W2357642546
https://openalex.org/W2357812078
https://openalex.org/W2357890041
https://openalex.org/W2358129819
https://openalex.org/W2358757799
https://openalex.org/W2359110852
https://openalex.org/W2360808468
https://openalex.org/W2360932586
https://openalex.org/W2361323144
https://openalex.org/W2361710318
https://openalex.org/W2362203759
https://openalex.org/W2362379919
https://openalex.org/W2362461294
https://openalex.org/W2362777719
https://openalex.org/W2362788912
https://openalex.org/W2363071024
https://openalex.org/W2363179608
https://openalex.org/W2363386405
https://openalex.org/W2363690051
https://openalex.org/W2363706281
https://openalex.org/W2363768731
https://openalex.org/W2364104474
https://openalex.org/W2364616386
https://openalex.org/W2365950142
https://openalex.org/W2366278213
https://openalex.org/W2366315789
https://openalex.org/W2366349302
https://openalex.org/W2366524975
https://openalex.org/W2366583128
https://openalex.org/W2366640839
https://openalex.org/W2366854127
https://openalex.org/W2367244224
https://openalex.org/W2367737838
https://openalex.org/W2368028713
https://openalex.org/W2368081091
https://openalex.org/W2368379718
https://openalex.org/W2369490271
https://openalex.org/W2370756028
https://openalex.org/W2370920950
https://openalex.org/W2371024057
https://openalex.org/W2371104484
https://openalex.org/W2371191397
https://openalex.org/W2371224661
https://openalex.org/W2371526422
https://openalex.org/W2371783142
https://openalex.org/W2372162381
https://openalex.org/W2372288796
https://openalex.org/W2372747845
https://openalex.org/W2373067005
https://openalex.org/W2373175024
https://openalex.org/W2373323012
https://openalex.org/W2374073817
https://openalex.org/W2374983331
https://openalex.org/W2375121163
https://openalex.org/W2375246747
https://openalex.org/W2375327362
https://openalex.org/W2375558532
https://openalex.org/W2375737814
https://openalex.org/W2375831660
https://openalex.org/W2376531733
https://openalex.org/W2376716955
https://openalex.org/W2377000104
https://openalex.org/W2377032121
https://openalex.org/W2377068503
https://openalex.org/W2377147434
https://openalex.org/W2377241981
https://openalex.org/W2377375341
https://openalex.org/W2377797796
https://openalex.org/W2377806704
https://openalex.org/W2377813647
https://openalex.org/W2378431737
https://openalex.org/W2378550079
https://openalex.org/W2378897902
https://openalex.org/W2379035936
https://openalex.org/W2379037258
https://openalex.org/W2379115808
https://openalex.org/W2379299618
https://openalex.org/W2379369442
https://openalex.org/W2379662250
https://openalex.org/W2379967490
https://openalex.org/W2380029025
https://openalex.org/W2380132120
https://openalex.org/W2380369382
https://openalex.org/W2380767180
https://openalex.org/W2380806045
https://openalex.org/W2381209417
https://openalex.org/W2381213261
https://openalex.org/W2381861422
https://openalex.org/W2382109030
https://openalex.org/W2382249903
https://openalex.org/W2382462572
https://openalex.org/W2382639771
https://openalex.org/W2382804517
https://openalex.org/W2382876005
https://openalex.org/W2383079011
https://openalex.org/W2383699601
https://openalex.org/W2383977905
https://openalex.org/W2384092930
https://openalex.org/W2384144360
https://openalex.org/W2384496271
https://openalex.org/W2385325789
https://openalex.org/W2385454431
https://openalex.org/W2386304481
https://openalex.org/W2386626025
https://openalex.org/W2386938837
https://openalex.org/W2386941086
https://openalex.org/W2387444760
https://openalex.org/W2387598929
https://openalex.org/W2387629131
https://openalex.org/W2388081719
https://openalex.org/W2388765546
https://openalex.org/W2388819056
https://openalex.org/W2389655328
https://openalex.org/W2389719658
https://openalex.org/W2389724166
https://openalex.org/W2389770218
https://openalex.org/W2390049493
https://openalex.org/W2390565793
https://openalex.org/W2390570560
https://openalex.org/W2391136622
https://openalex.org/W2391160410
https://openalex.org/W2391338634
https://openalex.org/W2391803215
https://openalex.org/W2392034047
https://openalex.org/W2392157803
https://openalex.org/W2392426233
https://openalex.org/W2392522914
https://openalex.org/W2392645178
https://openalex.org/W2393542365
https://openalex.org/W2393554154
https://openalex.org/W2393675649
https://openalex.org/W2393773793
https://openalex.org/W2393859970
https://openalex.org/W2393930529
https://openalex.org/W2394322388
https://openalex.org/W2394650591
https://openalex.org/W2395852859
https://openalex.org/W2395971897
https://openalex.org/W2396713426
https://openalex.org/W2399383598
https://openalex.org/W2401918032
https://openalex.org/W2401934559
https://openalex.org/W2406667163
https://openalex.org/W2406915018
https://openalex.org/W2407103339
https://openalex.org/W2408748750
https://openalex.org/W2409233811
https://openalex.org/W2410256802
https://openalex.org/W2410447637
https://openalex.org/W2411020569
https://openalex.org/W2411125257
https://openalex.org/W2411184678
https://openalex.org/W2411645664
https://openalex.org/W2411732459
https://openalex.org/W2412004742
https://openalex.org/W2412135396
https://openalex.org/W2413353012
https://openalex.org/W2413587617
https://openalex.org/W2413826535
https://openalex.org/W2413887382
https://openalex.org/W2414268254
https://openalex.org/W2414305602
https://openalex.org/W2414691001
https://openalex.org/W2415956831
https://openalex.org/W2417145092
https://openalex.org/W2417325478
https://openalex.org/W2417392546
https://openalex.org/W2417412249
https://openalex.org/W2417816422
https://openalex.org/W2417849643
https://openalex.org/W2418403405
https://openalex.org/W2419123902
https://openalex.org/W2419191927
https://openalex.org/W2420235933
https://openalex.org/W2421004986
https://openalex.org/W2423194600
https://openalex.org/W2424542603
https://openalex.org/W2424620868
https://openalex.org/W2429853831
https://openalex.org/W2430470432
https://openalex.org/W2435180320
https://openalex.org/W2435241871
https://openalex.org/W2435879089
https://openalex.org/W2440534964
https://openalex.org/W2440545533
https://openalex.org/W2442724757
https://openalex.org/W2444348971
https://openalex.org/W2460189784
https://openalex.org/W2462212364
https://openalex.org/W2463269276
https://openalex.org/W2464477164
https://openalex.org/W2466697114
https://openalex.org/W2466787329
https://openalex.org/W2468644125
https://openalex.org/W2468887589
https://openalex.org/W2468927992
https://openalex.org/W2469330988
https://openalex.org/W2469470617
https://openalex.org/W2469747339
https://openalex.org/W2470006746
https://openalex.org/W2470510419
https://openalex.org/W2470789473
https://openalex.org/W2471184457
https://openalex.org/W2473282930
https://openalex.org/W2474647638
https://openalex.org/W2478438864
https://openalex.org/W2482789062
https://openalex.org/W2488707679
https://openalex.org/W2490570584
https://openalex.org/W2493629815
https://openalex.org/W2498175370
https://openalex.org/W2500505823
https://openalex.org/W2506602032
https://openalex.org/W2513185297
https://openalex.org/W2513450474
https://openalex.org/W2515017871
https://openalex.org/W2515520987
https://openalex.org/W2518629910
https://openalex.org/W2520639645
https://openalex.org/W2521203590
https://openalex.org/W2521352263
https://openalex.org/W2521659204
https://openalex.org/W2523291826
https://openalex.org/W252506560
https://openalex.org/W2529430511
https://openalex.org/W2529551183
https://openalex.org/W2537315876
https://openalex.org/W2538196668
https://openalex.org/W25415658
https://openalex.org/W2549121463
https://openalex.org/W2549705248
https://openalex.org/W2550065916
https://openalex.org/W2553299346
https://openalex.org/W2553360931
https://openalex.org/W2553755930
https://openalex.org/W2555083254
https://openalex.org/W2555953052
https://openalex.org/W2556050679
https://openalex.org/W2556119704
https://openalex.org/W2556622990
https://openalex.org/W2557572352
https://openalex.org/W2558554482
https://openalex.org/W2562495073
https://openalex.org/W2562854773
https://openalex.org/W2564979638
https://openalex.org/W2565608709
https://openalex.org/W2566541390
https://openalex.org/W2567389533
https://openalex.org/W2567457942
https://openalex.org/W2568008230
https://openalex.org/W2569753658
https://openalex.org/W2570734502
https://openalex.org/W2574657907
https://openalex.org/W2574841410
https://openalex.org/W2578592944
https://openalex.org/W2579545740
https://openalex.org/W2580467273
https://openalex.org/W2581596295
https://openalex.org/W2582170702
https://openalex.org/W2582564028
https://openalex.org/W2583451307
https://openalex.org/W2584487788
https://openalex.org/W2585129932
https://openalex.org/W2586581816
https://openalex.org/W2587234282
https://openalex.org/W2587294480
https://openalex.org/W2588056910
https://openalex.org/W2588069722
https://openalex.org/W2588202566
https://openalex.org/W2588857792
https://openalex.org/W2589014634
https://openalex.org/W2589516776
https://openalex.org/W2589613179
https://openalex.org/W2596548984
https://openalex.org/W2598570416
https://openalex.org/W2599761110
https://openalex.org/W2600034038
https://openalex.org/W2601197141
https://openalex.org/W2603983264
https://openalex.org/W2604369329
https://openalex.org/W2604709457
https://openalex.org/W2605164876
https://openalex.org/W2605401469
https://openalex.org/W2605559141
https://openalex.org/W2605752733
https://openalex.org/W2606234659
https://openalex.org/W2606715087
https://openalex.org/W2606966028
https://openalex.org/W2609991839
https://openalex.org/W2610408700
https://openalex.org/W2610464026
https://openalex.org/W2611928076
https://openalex.org/W2612746544
https://openalex.org/W2613064537
https://openalex.org/W2613988312
https://openalex.org/W2614125299
https://openalex.org/W2614437062
https://openalex.org/W2615112868
https://openalex.org/W2615137155
https://openalex.org/W2615903119
https://openalex.org/W2616111144
https://openalex.org/W2617365334
https://openalex.org/W2617874150
https://openalex.org/W2618349708
https://openalex.org/W2619006930
https://openalex.org/W2619737202
https://openalex.org/W2620345361
https://openalex.org/W2620432564
https://openalex.org/W2620727379
https://openalex.org/W2625074189
https://openalex.org/W2625281247
https://openalex.org/W2626385385
https://openalex.org/W2727177913
https://openalex.org/W2734293159
https://openalex.org/W2734422293
https://openalex.org/W2734608487
https://openalex.org/W2734908659
https://openalex.org/W2735274243
https://openalex.org/W2735942811
https://openalex.org/W2736257238
https://openalex.org/W2737895352
https://openalex.org/W2738049949
https://openalex.org/W2739464891
https://openalex.org/W2741813541
https://openalex.org/W2742360152
https://openalex.org/W2742566732
https://openalex.org/W2742589593
https://openalex.org/W2742816324
https://openalex.org/W2742855554
https://openalex.org/W2742885944
https://openalex.org/W2742893966
https://openalex.org/W2743067796
https://openalex.org/W2743160048
https://openalex.org/W2743191951
https://openalex.org/W2743247966
https://openalex.org/W2743726187
https://openalex.org/W2744100946
https://openalex.org/W2744162519
https://openalex.org/W2744266119
https://openalex.org/W2744373145
https://openalex.org/W2744434700
https://openalex.org/W2744533935
https://openalex.org/W2744575314
https://openalex.org/W2744578270
https://openalex.org/W2745039268
https://openalex.org/W2745236441
https://openalex.org/W2745546996
https://openalex.org/W2745645264
https://openalex.org/W2745970192
https://openalex.org/W2746174915
https://openalex.org/W2746270213
https://openalex.org/W2746369363
https://openalex.org/W2746498167
https://openalex.org/W2746548066
https://openalex.org/W2746613649
https://openalex.org/W2746721389
https://openalex.org/W2746809208
https://openalex.org/W2747046127
https://openalex.org/W2747214080
https://openalex.org/W2747358261
https://openalex.org/W2747665111
https://openalex.org/W2747803784
https://openalex.org/W2747869120
https://openalex.org/W2747979787
https://openalex.org/W2748077386
https://openalex.org/W2748182154
https://openalex.org/W2748192713
https://openalex.org/W2748664521
https://openalex.org/W2748802700
https://openalex.org/W2749051499
https://openalex.org/W2749347037
https://openalex.org/W2749420651
https://openalex.org/W2749480148
https://openalex.org/W2749504459
https://openalex.org/W2749538688
https://openalex.org/W2749606193
https://openalex.org/W2749797302
https://openalex.org/W2749996125
https://openalex.org/W2750238191
https://openalex.org/W2750306358
https://openalex.org/W2750580843
https://openalex.org/W2750589213
https://openalex.org/W2751003421
https://openalex.org/W275101622
https://openalex.org/W2751051750
https://openalex.org/W2751222452
https://openalex.org/W2751395962
https://openalex.org/W2751484544
https://openalex.org/W2751717312
https://openalex.org/W2752185436
https://openalex.org/W2752271365
https://openalex.org/W2752377142
https://openalex.org/W2752710423
https://openalex.org/W2752733958
https://openalex.org/W2753231393
https://openalex.org/W2753307990
https://openalex.org/W2753324117
https://openalex.org/W2753434841
https://openalex.org/W2753449236
https://openalex.org/W2753513462
https://openalex.org/W2753537339
https://openalex.org/W2753552674
https://openalex.org/W2753598605
https://openalex.org/W2753753458
https://openalex.org/W2753909968
https://openalex.org/W2753935272
https://openalex.org/W2755063462
https://openalex.org/W2755398118
https://openalex.org/W2755424275
https://openalex.org/W2755859425
https://openalex.org/W2756136774
https://openalex.org/W2756227856
https://openalex.org/W2758416155
https://openalex.org/W2759357569
https://openalex.org/W2765741107
https://openalex.org/W2766371400
https://openalex.org/W2766401083
https://openalex.org/W2767864762
https://openalex.org/W2770830631
https://openalex.org/W2770998475
https://openalex.org/W2771445342
https://openalex.org/W2774390453
https://openalex.org/W2774415163
https://openalex.org/W2774478004
https://openalex.org/W2775051887
https://openalex.org/W2776514151
https://openalex.org/W2782152948
https://openalex.org/W2782405952
https://openalex.org/W2782827428
https://openalex.org/W2783198568
https://openalex.org/W2784784862
https://openalex.org/W2785430381
https://openalex.org/W2786136967
https://openalex.org/W2786672142
https://openalex.org/W2786877561
https://openalex.org/W2787584123
https://openalex.org/W2791882430
https://openalex.org/W2792088002
https://openalex.org/W2792179029
https://openalex.org/W2792243598
https://openalex.org/W2793012905
https://openalex.org/W2793627832
https://openalex.org/W2795049197
https://openalex.org/W2795140607
https://openalex.org/W2796139327
https://openalex.org/W2796781692
https://openalex.org/W279689109
https://openalex.org/W2797083845
https://openalex.org/W2797808890
https://openalex.org/W2799968779
https://openalex.org/W2800059608
https://openalex.org/W2800501069
https://openalex.org/W2801064012
https://openalex.org/W2801349582
https://openalex.org/W2801445680
https://openalex.org/W2802627950
https://openalex.org/W28030037
https://openalex.org/W2806619357
https://openalex.org/W2807866237
https://openalex.org/W2808576265
https://openalex.org/W2809746716
https://openalex.org/W2810198753
https://openalex.org/W2810807978
https://openalex.org/W2810842809
https://openalex.org/W2883689536
https://openalex.org/W2884196402
https://openalex.org/W2884334408
https://openalex.org/W2887290679
https://openalex.org/W2887642635
https://openalex.org/W2888491238
https://openalex.org/W2888854090
https://openalex.org/W2888932642
https://openalex.org/W2888993478
https://openalex.org/W2889213279
https://openalex.org/W2891506413
https://openalex.org/W2891553181
https://openalex.org/W2892877099
https://openalex.org/W2896439382
https://openalex.org/W2896818979
https://openalex.org/W2896827996
https://openalex.org/W2897014628
https://openalex.org/W2897153318
https://openalex.org/W2897793088
https://openalex.org/W2897925168
https://openalex.org/W2898166049
https://openalex.org/W2898166819
https://openalex.org/W2898236661
https://openalex.org/W2898439471
https://openalex.org/W2898488874
https://openalex.org/W2898511535
https://openalex.org/W2899375465
https://openalex.org/W2899505171
https://openalex.org/W2899630753
https://openalex.org/W2899771365
https://openalex.org/W2900841140
https://openalex.org/W2901197564
https://openalex.org/W2901314413
https://openalex.org/W2901674482
https://openalex.org/W2903351947
https://openalex.org/W2903668029
https://openalex.org/W2904633791
https://openalex.org/W2905234099
https://openalex.org/W2905242517
https://openalex.org/W2905511334
https://openalex.org/W2905941772
https://openalex.org/W2905988673
https://openalex.org/W2906000160
https://openalex.org/W2906296119
https://openalex.org/W2907474619
https://openalex.org/W2908459464
https://openalex.org/W2908724072
https://openalex.org/W2909342556
https://openalex.org/W2910808892
https://openalex.org/W2910987537
https://openalex.org/W2911395176
https://openalex.org/W2911397197
https://openalex.org/W2911570252
https://openalex.org/W2911805155
https://openalex.org/W2912270953
https://openalex.org/W2912639908
https://openalex.org/W2913199795
https://openalex.org/W2913489662
https://openalex.org/W2913570148
https://openalex.org/W2913704967
https://openalex.org/W2914274478
https://openalex.org/W2914467483
https://openalex.org/W2914602339
https://openalex.org/W2914985280
https://openalex.org/W2915713242
https://openalex.org/W2916554012
https://openalex.org/W2919485556
https://openalex.org/W2920545431
https://openalex.org/W2921079959
https://openalex.org/W2921756682
https://openalex.org/W2922079129
https://openalex.org/W2923249256
https://openalex.org/W2924028255
https://openalex.org/W2937146108
https://openalex.org/W2937168194
https://openalex.org/W2937959547
https://openalex.org/W2939562488
https://openalex.org/W2944155320
https://openalex.org/W2944349069
https://openalex.org/W2944765962
https://openalex.org/W2944782620
https://openalex.org/W2947264004
https://openalex.org/W2947307497
https://openalex.org/W2948580685
https://openalex.org/W2948583230
https://openalex.org/W2948953288
https://openalex.org/W2949242368
https://openalex.org/W2949815290
https://openalex.org/W2950235374
https://openalex.org/W2950249036
https://openalex.org/W2950450812
https://openalex.org/W2950521695
https://openalex.org/W2951152943
https://openalex.org/W2951304855
https://openalex.org/W2952040441
https://openalex.org/W2954385893
https://openalex.org/W2954881598
https://openalex.org/W2959546750
https://openalex.org/W2963051376
https://openalex.org/W2964456067
https://openalex.org/W2964590046
https://openalex.org/W2965637445
https://openalex.org/W2965991073
https://openalex.org/W2966101308
https://openalex.org/W2966368672
https://openalex.org/W2969931601
https://openalex.org/W2969955583
https://openalex.org/W2970020760
https://openalex.org/W2970372198
https://openalex.org/W2970732919
https://openalex.org/W2970745358
https://openalex.org/W2971238059
https://openalex.org/W2972415013
https://openalex.org/W2974556241
https://openalex.org/W2974880639
https://openalex.org/W2975008255
https://openalex.org/W2975215882
https://openalex.org/W2975317714
https://openalex.org/W2975544350
https://openalex.org/W2976674617
https://openalex.org/W2976831810
https://openalex.org/W2976936446
https://openalex.org/W2977077057
https://openalex.org/W2977563057
https://openalex.org/W2977579917
https://openalex.org/W2977645855
https://openalex.org/W2978000570
https://openalex.org/W2978142990
https://openalex.org/W2978145438
https://openalex.org/W2978191865
https://openalex.org/W2978268437
https://openalex.org/W2978292267
https://openalex.org/W2978301956
https://openalex.org/W2978409962
https://openalex.org/W2978493644
https://openalex.org/W2978617561
https://openalex.org/W2978624237
https://openalex.org/W2978700516
https://openalex.org/W2979010285
https://openalex.org/W2979115203
https://openalex.org/W2979212402
https://openalex.org/W2979748789
https://openalex.org/W2979805200
https://openalex.org/W2980178186
https://openalex.org/W2980785600
https://openalex.org/W2980925842
https://openalex.org/W2981212684
https://openalex.org/W2981725222
https://openalex.org/W2981801369
https://openalex.org/W2982051336
https://openalex.org/W2985263718
https://openalex.org/W2986248584
https://openalex.org/W2990278694
https://openalex.org/W2990457047
https://openalex.org/W2990800666
https://openalex.org/W2990902605
https://openalex.org/W2990992776
https://openalex.org/W2991796618
https://openalex.org/W2992815544
https://openalex.org/W2992943054
https://openalex.org/W2993162112
https://openalex.org/W2993271206
https://openalex.org/W2993449470
https://openalex.org/W2994755990
https://openalex.org/W2995560837
https://openalex.org/W2995787145
https://openalex.org/W2997316500
https://openalex.org/W2999296223
https://openalex.org/W2999351868
https://openalex.org/W2999463431
https://openalex.org/W2999517463
https://openalex.org/W2999875055
https://openalex.org/W3000132351
https://openalex.org/W3000717521
https://openalex.org/W3001222095
https://openalex.org/W3002814669
https://openalex.org/W3004061145
https://openalex.org/W3006045114
https://openalex.org/W3006192703
https://openalex.org/W3007035735
https://openalex.org/W3007089860
https://openalex.org/W3009526631
https://openalex.org/W3009989556
https://openalex.org/W3010082643
https://openalex.org/W3010823583
https://openalex.org/W3011720545
https://openalex.org/W3012293210
https://openalex.org/W3012484785
https://openalex.org/W3013940222
https://openalex.org/W3014378139
https://openalex.org/W3015111660
https://openalex.org/W3015762613
https://openalex.org/W3016238994
https://openalex.org/W3016325162
https://openalex.org/W3017037562
https://openalex.org/W3019161395
https://openalex.org/W3022467935
https://openalex.org/W3022472793
https://openalex.org/W3022903372
https://openalex.org/W3023569981
https://openalex.org/W3023624517
https://openalex.org/W3023724298
https://openalex.org/W3023801009
https://openalex.org/W3024147272
https://openalex.org/W3024284106
https://openalex.org/W3024658967
https://openalex.org/W3025554276
https://openalex.org/W3026051142
https://openalex.org/W3026799404
https://openalex.org/W3027847606
https://openalex.org/W3028480452
https://openalex.org/W3028689349
https://openalex.org/W3028839151
https://openalex.org/W3028850452
https://openalex.org/W3028891586
https://openalex.org/W3029134866
https://openalex.org/W3029138228
https://openalex.org/W3029217972
https://openalex.org/W3029229349
https://openalex.org/W3029294181
https://openalex.org/W3029337841
https://openalex.org/W3029530283
https://openalex.org/W3029729234
https://openalex.org/W3029855440
https://openalex.org/W3030014555
https://openalex.org/W3030032982
https://openalex.org/W3030201777
https://openalex.org/W3030426441
https://openalex.org/W3030449627
https://openalex.org/W3030486707
https://openalex.org/W3030524604
https://openalex.org/W3030557385
https://openalex.org/W3030629965
https://openalex.org/W3030654435
https://openalex.org/W3031073367
https://openalex.org/W3031161829
https://openalex.org/W3031196191
https://openalex.org/W3031226911
https://openalex.org/W3031233327
https://openalex.org/W3031433624
https://openalex.org/W3031563836
https://openalex.org/W3031608151
https://openalex.org/W3031713796
https://openalex.org/W3032008315
https://openalex.org/W3032050388
https://openalex.org/W3032053096
https://openalex.org/W3032114163
https://openalex.org/W3032214957
https://openalex.org/W3032269094
https://openalex.org/W3032287662
https://openalex.org/W3032396825
https://openalex.org/W3032431038
https://openalex.org/W3032438009
https://openalex.org/W3032471382
https://openalex.org/W3032481634
https://openalex.org/W3032499186
https://openalex.org/W3032791641
https://openalex.org/W3032983063
https://openalex.org/W3033147844
https://openalex.org/W3033562223
https://openalex.org/W3033719033
https://openalex.org/W3033794327
https://openalex.org/W3034479874
https://openalex.org/W3034565618
https://openalex.org/W3034753465
https://openalex.org/W3036403712
https://openalex.org/W3036443503
https://openalex.org/W3036451936
https://openalex.org/W3037227389
https://openalex.org/W3037602088
https://openalex.org/W3037844638
https://openalex.org/W3038122582
https://openalex.org/W3039430087
https://openalex.org/W3041359578
https://openalex.org/W3041805795
https://openalex.org/W3042911512
https://openalex.org/W3045783986
https://openalex.org/W3046041196
https://openalex.org/W3047399768
https://openalex.org/W3047451056
https://openalex.org/W3047457101
https://openalex.org/W3048772269
https://openalex.org/W3056456052
https://openalex.org/W3081622401
https://openalex.org/W3082644296
https://openalex.org/W3082842768
https://openalex.org/W3083319573
https://openalex.org/W3083521153
https://openalex.org/W3084324419
https://openalex.org/W3086750465
https://openalex.org/W3087200438
https://openalex.org/W3089041284
https://openalex.org/W3089320474
https://openalex.org/W3089930643
https://openalex.org/W3091934803
https://openalex.org/W3092346721
https://openalex.org/W3093440240
https://openalex.org/W3093638319
https://openalex.org/W3094213431
https://openalex.org/W3094763359
https://openalex.org/W3095531927
https://openalex.org/W3095713296
https://openalex.org/W3095909726
https://openalex.org/W3096427706
https://openalex.org/W3100197628
https://openalex.org/W3100340401
https://openalex.org/W3101126777
https://openalex.org/W3102870691
https://openalex.org/W3103123178
https://openalex.org/W3105449837
https://openalex.org/W3105523977
https://openalex.org/W3105769169
https://openalex.org/W3106339712
https://openalex.org/W3106614445
https://openalex.org/W3107670529
https://openalex.org/W3107762697
https://openalex.org/W3108616578
https://openalex.org/W3109184695
https://openalex.org/W3109331329
https://openalex.org/W3109436280
https://openalex.org/W3109923391
https://openalex.org/W3109957058
https://openalex.org/W3110181584
https://openalex.org/W3110747979
https://openalex.org/W3111499664
https://openalex.org/W3112109810
https://openalex.org/W3112593950
https://openalex.org/W3112812244
https://openalex.org/W3113226106
https://openalex.org/W3113242682
https://openalex.org/W3115099318
https://openalex.org/W3116210995
https://openalex.org/W3119080636
https://openalex.org/W3120667365
https://openalex.org/W3121327302
https://openalex.org/W3122313599
https://openalex.org/W3124386982
https://openalex.org/W3126365229
https://openalex.org/W3127165560
https://openalex.org/W3127588826
https://openalex.org/W3130251648
https://openalex.org/W3130659678
https://openalex.org/W3131971872
https://openalex.org/W3132175880
https://openalex.org/W3132626299
https://openalex.org/W3133613348
https://openalex.org/W3134325982
https://openalex.org/W3134339108
https://openalex.org/W3134485721
https://openalex.org/W3134487001
https://openalex.org/W3134742879
https://openalex.org/W3135377018
https://openalex.org/W3135571274
https://openalex.org/W3136577090
https://openalex.org/W3137746620
https://openalex.org/W3138088600
https://openalex.org/W3138188949
https://openalex.org/W3138479480
https://openalex.org/W3138674826
https://openalex.org/W3138830983
https://openalex.org/W3138852151
https://openalex.org/W3139018320
https://openalex.org/W3141750152
https://openalex.org/W3142210728
https://openalex.org/W3143785059
https://openalex.org/W3144963461
https://openalex.org/W3145307314
https://openalex.org/W3146378810
https://openalex.org/W3146776127
https://openalex.org/W3146902425
https://openalex.org/W3148184625
https://openalex.org/W3150294986
https://openalex.org/W315286288
https://openalex.org/W3153040364
https://openalex.org/W3154829546
https://openalex.org/W3155135619
https://openalex.org/W3155150669
https://openalex.org/W3155660923
https://openalex.org/W3155727250
https://openalex.org/W3156557786
https://openalex.org/W3156987736
https://openalex.org/W3158033068
https://openalex.org/W3158358226
https://openalex.org/W3158810752
https://openalex.org/W3159519761
https://openalex.org/W3160153614
https://openalex.org/W3160159538
https://openalex.org/W3160322284
https://openalex.org/W3160346808
https://openalex.org/W3160649881
https://openalex.org/W3160859230
https://openalex.org/W3161001901
https://openalex.org/W3161387710
https://openalex.org/W3161557744
https://openalex.org/W3161851269
https://openalex.org/W3161986356
https://openalex.org/W3162381537
https://openalex.org/W3162390892
https://openalex.org/W3162692189
https://openalex.org/W3162968879
https://openalex.org/W3163100258
https://openalex.org/W3163538206
https://openalex.org/W3163937588
https://openalex.org/W3164875030
https://openalex.org/W3165728447
https://openalex.org/W3165782935
https://openalex.org/W3166022112
https://openalex.org/W3167442862
https://openalex.org/W3167648567
https://openalex.org/W3167744981
https://openalex.org/W3168570836
https://openalex.org/W3169898201
https://openalex.org/W3170089035
https://openalex.org/W3170446452
https://openalex.org/W3171400560
https://openalex.org/W3171405656
https://openalex.org/W3171811402
https://openalex.org/W3172566292
https://openalex.org/W3172626455
https://openalex.org/W3173281721
https://openalex.org/W3174166463
https://openalex.org/W3174951472
https://openalex.org/W3175317923
https://openalex.org/W3175502113
https://openalex.org/W3175670032
https://openalex.org/W3175713298
https://openalex.org/W3175990607
https://openalex.org/W3176193509
https://openalex.org/W3176198989
https://openalex.org/W3176221822
https://openalex.org/W3176553786
https://openalex.org/W3176571738
https://openalex.org/W3176675534
https://openalex.org/W3176911982
https://openalex.org/W3177463538
https://openalex.org/W3178395346
https://openalex.org/W3178968053
https://openalex.org/W3179072571
https://openalex.org/W3179777934
https://openalex.org/W3179996333
https://openalex.org/W3180103995
https://openalex.org/W3181840195
https://openalex.org/W3182221780
https://openalex.org/W3182953920
https://openalex.org/W3183003061
https://openalex.org/W3183483738
https://openalex.org/W3183935851
https://openalex.org/W3184342663
https://openalex.org/W3186015738
https://openalex.org/W3187612244
https://openalex.org/W3187696134
https://openalex.org/W3188423457
https://openalex.org/W3189132114
https://openalex.org/W3189422908
https://openalex.org/W3190345734
https://openalex.org/W3191162182
https://openalex.org/W3191309991
https://openalex.org/W3192613291
https://openalex.org/W3193521908
https://openalex.org/W3193566909
https://openalex.org/W3193877966
https://openalex.org/W3193956483
https://openalex.org/W3194317379
https://openalex.org/W3194369843
https://openalex.org/W3194371270
https://openalex.org/W3195471595
https://openalex.org/W3195820958
https://openalex.org/W3195892594
https://openalex.org/W3195973206
https://openalex.org/W3197103089
https://openalex.org/W3197213647
https://openalex.org/W3197958888
https://openalex.org/W3198858272
https://openalex.org/W3198858917
https://openalex.org/W3199027972
https://openalex.org/W3199148597
https://openalex.org/W3199224393
https://openalex.org/W3199302617
https://openalex.org/W3199463289
https://openalex.org/W3199729221
https://openalex.org/W3199796389
https://openalex.org/W3200170891
https://openalex.org/W3200188470
https://openalex.org/W320022987
https://openalex.org/W3200769363
https://openalex.org/W3201347213
https://openalex.org/W3201660018
https://openalex.org/W3201845240
https://openalex.org/W3202108558
https://openalex.org/W3202421950
https://openalex.org/W3202560956
https://openalex.org/W3202711426
https://openalex.org/W3202917726
https://openalex.org/W3203377036
https://openalex.org/W3203604549
https://openalex.org/W3204333972
https://openalex.org/W3204941840
https://openalex.org/W3205031812
https://openalex.org/W3205035283
https://openalex.org/W3205774668
https://openalex.org/W3206041512
https://openalex.org/W3207156987
https://openalex.org/W3207560645
https://openalex.org/W3207688444
https://openalex.org/W3208091118
https://openalex.org/W3208144046
https://openalex.org/W3208764618
https://openalex.org/W3208851080
https://openalex.org/W3209507865
https://openalex.org/W3209731739
https://openalex.org/W3209790078
https://openalex.org/W3209959110
https://openalex.org/W3210264995
https://openalex.org/W3211185402
https://openalex.org/W3211204627
https://openalex.org/W3211535111
https://openalex.org/W3212107571
https://openalex.org/W3212487823
https://openalex.org/W3212530508
https://openalex.org/W3212608030
https://openalex.org/W3212949302
https://openalex.org/W3213469574
https://openalex.org/W3213594656
https://openalex.org/W3213871354
https://openalex.org/W3213892019
https://openalex.org/W3213997219
https://openalex.org/W3214117843
https://openalex.org/W3214151230
https://openalex.org/W3214284256
https://openalex.org/W3214852838
https://openalex.org/W3214943170
https://openalex.org/W3215053681
https://openalex.org/W3215314919
https://openalex.org/W3215327235
https://openalex.org/W3215634494
https://openalex.org/W3216002591
https://openalex.org/W3216885538
https://openalex.org/W3216967183
https://openalex.org/W3217365031
https://openalex.org/W3217658312
https://openalex.org/W3217718422
https://openalex.org/W3217772709
https://openalex.org/W34041841
https://openalex.org/W348404727
https://openalex.org/W379407518
https://openalex.org/W396042623
https://openalex.org/W411578740
https://openalex.org/W4200110447
https://openalex.org/W4200194442
https://openalex.org/W4200255099
https://openalex.org/W4200259862
https://openalex.org/W4200274416
https://openalex.org/W4200295471
https://openalex.org/W4200508343
https://openalex.org/W4200544138
https://openalex.org/W4205138761
https://openalex.org/W4205261701
https://openalex.org/W4205361947
https://openalex.org/W4205475803
https://openalex.org/W4205571588
https://openalex.org/W4205648798
https://openalex.org/W4206153754
https://openalex.org/W4206426150
https://openalex.org/W4206451974
https://openalex.org/W4206549448
https://openalex.org/W4206666421
https://openalex.org/W4206937139
https://openalex.org/W4206959680
https://openalex.org/W4207037171
https://openalex.org/W4210255755
https://openalex.org/W4210505090
https://openalex.org/W4210510757
https://openalex.org/W4210513515
https://openalex.org/W4210557113
https://openalex.org/W4210652810
https://openalex.org/W4210658264
https://openalex.org/W4210822844
https://openalex.org/W4210870903
https://openalex.org/W4210884284
https://openalex.org/W4210891514
https://openalex.org/W4212861294
https://openalex.org/W4212863423
https://openalex.org/W4213150923
https://openalex.org/W4213433863
https://openalex.org/W4213452135
https://openalex.org/W4214538893
https://openalex.org/W4214571824
https://openalex.org/W4214758394
https://openalex.org/W4214842203
https://openalex.org/W4214862426
https://openalex.org/W4214911879
https://openalex.org/W4220667458
https://openalex.org/W4220671647
https://openalex.org/W4220678107
https://openalex.org/W4220702773
https://openalex.org/W4220726539
https://openalex.org/W4220797955
https://openalex.org/W4220803430
https://openalex.org/W4220861459
https://openalex.org/W4220868384
https://openalex.org/W4220908867
https://openalex.org/W4220925023
https://openalex.org/W4220965051
https://openalex.org/W4221108204
https://openalex.org/W4221143070
https://openalex.org/W4221143152
https://openalex.org/W4221151217
https://openalex.org/W4223891079
https://openalex.org/W4223905034
https://openalex.org/W4224240226
https://openalex.org/W4224243278
https://openalex.org/W4224262385
https://openalex.org/W4224314168
https://openalex.org/W4224326967
https://openalex.org/W4225327804
https://openalex.org/W4225494981
https://openalex.org/W4225576413
https://openalex.org/W4225647093
https://openalex.org/W4225844740
https://openalex.org/W4226145004
https://openalex.org/W4226159223
https://openalex.org/W4226161551
https://openalex.org/W4226193397
https://openalex.org/W4226205248
https://openalex.org/W4226246036
https://openalex.org/W4226297314
https://openalex.org/W4226463477
https://openalex.org/W4226475028
https://openalex.org/W4226530533
https://openalex.org/W4229002211
https://openalex.org/W4229017788
https://openalex.org/W4229036097
https://openalex.org/W4229041344
https://openalex.org/W4229066439
https://openalex.org/W4229335046
https://openalex.org/W4229458801
https://openalex.org/W4229625274
https://openalex.org/W4229734574
https://openalex.org/W4229849996
https://openalex.org/W4230442634
https://openalex.org/W4230928653
https://openalex.org/W4231469117
https://openalex.org/W4231707499
https://openalex.org/W4231763718
https://openalex.org/W4231839478
https://openalex.org/W4231935303
https://openalex.org/W4232629422
https://openalex.org/W4232667267
https://openalex.org/W4232834698
https://openalex.org/W4233451004
https://openalex.org/W4233575024
https://openalex.org/W4233590786
https://openalex.org/W4233641830
https://openalex.org/W4233765745
https://openalex.org/W4234345762
https://openalex.org/W4234490790
https://openalex.org/W4234586146
https://openalex.org/W4234791775
https://openalex.org/W4234984734
https://openalex.org/W4235115707
https://openalex.org/W4235183366
https://openalex.org/W4235346399
https://openalex.org/W4235499971
https://openalex.org/W4235984177
https://openalex.org/W4236080399
https://openalex.org/W4236623120
https://openalex.org/W4236782394
https://openalex.org/W4237274988
https://openalex.org/W4237545892
https://openalex.org/W4237919284
https://openalex.org/W4238243337
https://openalex.org/W4238294919
https://openalex.org/W4238317407
https://openalex.org/W4238433674
https://openalex.org/W4238500013
https://openalex.org/W4238665334
https://openalex.org/W4238781453
https://openalex.org/W4238941984
https://openalex.org/W4239149413
https://openalex.org/W4239520825
https://openalex.org/W4239596798
https://openalex.org/W4239895483
https://openalex.org/W4239981054
https://openalex.org/W4240171641
https://openalex.org/W4240664992
https://openalex.org/W4241779894
https://openalex.org/W4242180870
https://openalex.org/W4242389908
https://openalex.org/W4242634086
https://openalex.org/W4242762217
https://openalex.org/W4243074822
https://openalex.org/W4243446061
https://openalex.org/W4244108270
https://openalex.org/W4244211908
https://openalex.org/W4244243917
https://openalex.org/W4244790496
https://openalex.org/W4244940051
https://openalex.org/W4244940502
https://openalex.org/W4245499536
https://openalex.org/W4245758315
https://openalex.org/W4245877972
https://openalex.org/W4245897617
https://openalex.org/W4246261244
https://openalex.org/W4246867447
https://openalex.org/W4247287101
https://openalex.org/W4247698053
https://openalex.org/W4247739980
https://openalex.org/W4248341658
https://openalex.org/W4248532812
https://openalex.org/W4248782114
https://openalex.org/W4249798458
https://openalex.org/W4249840648
https://openalex.org/W4250210761
https://openalex.org/W4250480262
https://openalex.org/W4250666789
https://openalex.org/W4251007748
https://openalex.org/W4252035012
https://openalex.org/W4252268718
https://openalex.org/W4252454636
https://openalex.org/W4252719019
https://openalex.org/W4253018195
https://openalex.org/W4253273177
https://openalex.org/W4253280801
https://openalex.org/W4253834308
https://openalex.org/W4254235310
https://openalex.org/W4254261575
https://openalex.org/W4254633794
https://openalex.org/W4254839898
https://openalex.org/W4255165090
https://openalex.org/W4255227947
https://openalex.org/W4255273677
https://openalex.org/W4255305658
https://openalex.org/W4255369814
https://openalex.org/W4255407481
https://openalex.org/W4255419412
https://openalex.org/W4255718009
https://openalex.org/W4256319230
https://openalex.org/W4256375397
https://openalex.org/W4256375451
https://openalex.org/W4256486142
https://openalex.org/W4280517330
https://openalex.org/W4280606300
https://openalex.org/W4280609322
https://openalex.org/W4281254400
https://openalex.org/W4281487748
https://openalex.org/W4281559570
https://openalex.org/W4281621989
https://openalex.org/W4281662368
https://openalex.org/W4281671335
https://openalex.org/W4281707206
https://openalex.org/W4281762651
https://openalex.org/W4281876771
https://openalex.org/W4282823903
https://openalex.org/W4282824431
https://openalex.org/W4282841227
https://openalex.org/W4282933602
https://openalex.org/W4282935401
https://openalex.org/W4283014400
https://openalex.org/W4283017218
https://openalex.org/W4283459515
https://openalex.org/W4283700106
https://openalex.org/W4283702163
https://openalex.org/W4283710250
https://openalex.org/W4283727670
https://openalex.org/W4283756269
https://openalex.org/W4284896300
https://openalex.org/W4285111848
https://openalex.org/W4285123855
https://openalex.org/W4285131950
https://openalex.org/W4285144014
https://openalex.org/W4285145035
https://openalex.org/W4285147177
https://openalex.org/W4285147282
https://openalex.org/W4285156538
https://openalex.org/W4285164461
https://openalex.org/W4285176604
https://openalex.org/W4285181789
https://openalex.org/W4285183351
https://openalex.org/W4285186443
https://openalex.org/W4285211845
https://openalex.org/W4285228128
https://openalex.org/W4285233297
https://openalex.org/W4285233841
https://openalex.org/W4285235557
https://openalex.org/W4285240078
https://openalex.org/W4285270415
https://openalex.org/W4285292769
https://openalex.org/W4285292803
https://openalex.org/W4285295286
https://openalex.org/W4285346074
https://openalex.org/W4285355644
https://openalex.org/W4285428896
https://openalex.org/W4285590343
https://openalex.org/W4285743588
https://openalex.org/W4285745116
https://openalex.org/W4285761028
https://openalex.org/W4285769288
https://openalex.org/W4285798355
https://openalex.org/W4285820808
https://openalex.org/W4285821720
https://openalex.org/W4286256912
https://openalex.org/W4286285624
https://openalex.org/W4286296471
https://openalex.org/W4286381449
https://openalex.org/W4286852849
https://openalex.org/W4286900140
https://openalex.org/W4286984885
https://openalex.org/W4287117507
https://openalex.org/W4287487647
https://openalex.org/W4287690168
https://openalex.org/W4287824520
https://openalex.org/W4287855185
https://openalex.org/W4288037456
https://openalex.org/W4288195896
https://openalex.org/W4288722323
https://openalex.org/W4289170352
https://openalex.org/W4289205991
https://openalex.org/W4289339185
https://openalex.org/W4289521202
https://openalex.org/W4289523918
https://openalex.org/W4289824093
https://openalex.org/W4291163515
https://openalex.org/W4292024386
https://openalex.org/W4292084593
https://openalex.org/W4292213119
https://openalex.org/W4292262751
https://openalex.org/W4292318057
https://openalex.org/W4292464939
https://openalex.org/W4292641889
https://openalex.org/W4292714739
https://openalex.org/W4292847501
https://openalex.org/W4293059976
https://openalex.org/W4293072762
https://openalex.org/W4293089450
https://openalex.org/W4293224448
https://openalex.org/W4293225215
https://openalex.org/W4293245239
https://openalex.org/W4293245323
https://openalex.org/W4293660809
https://openalex.org/W4293660969
https://openalex.org/W4293716227
https://openalex.org/W4293729597
https://openalex.org/W4293821163
https://openalex.org/W4293821359
https://openalex.org/W4294000496
https://openalex.org/W4294225085
https://openalex.org/W4294225548
https://openalex.org/W4294242917
https://openalex.org/W4294655727
https://openalex.org/W4294816624
https://openalex.org/W4294892446
https://openalex.org/W4294926369
https://openalex.org/W4294989836
https://openalex.org/W4295269335
https://openalex.org/W4295509546
https://openalex.org/W4295833700
https://openalex.org/W4295847225
https://openalex.org/W4296012763
https://openalex.org/W4296068184
https://openalex.org/W4296103748
https://openalex.org/W4296221681
https://openalex.org/W4296259862
https://openalex.org/W4296270607
https://openalex.org/W4296310747
https://openalex.org/W4296340104
https://openalex.org/W4296826977
https://openalex.org/W4296831641
https://openalex.org/W4296832031
https://openalex.org/W4296833455
https://openalex.org/W4297192928
https://openalex.org/W4297546668
https://openalex.org/W4297676396
https://openalex.org/W4297680312
https://openalex.org/W4297860073
https://openalex.org/W4297945897
https://openalex.org/W4298076999
https://openalex.org/W4298080653
https://openalex.org/W4298346887
https://openalex.org/W4299305374
https://openalex.org/W4299350929
https://openalex.org/W4299474408
https://openalex.org/W4299526081
https://openalex.org/W4299926524
https://openalex.org/W4300222081
https://openalex.org/W4300592800
https://openalex.org/W4300859536
https://openalex.org/W4300960921
https://openalex.org/W4301398523
https://openalex.org/W4301430545
https://openalex.org/W4301477591
https://openalex.org/W4302306654
https://openalex.org/W4303440776
https://openalex.org/W4304084074
https://openalex.org/W4304190008
https://openalex.org/W4304192743
https://openalex.org/W4304687812
https://openalex.org/W4305028645
https://openalex.org/W4306249327
https://openalex.org/W4306377300
https://openalex.org/W4306410814
https://openalex.org/W4306641104
https://openalex.org/W4306814498
https://openalex.org/W4306842060
https://openalex.org/W4306884642
https://openalex.org/W4307007555
https://openalex.org/W4307289753
https://openalex.org/W4307416582
https://openalex.org/W4307774253
https://openalex.org/W4307786843
https://openalex.org/W4307834082
https://openalex.org/W4307887819
https://openalex.org/W4307902623
https://openalex.org/W4307939602
https://openalex.org/W4308041835
https://openalex.org/W4308045165
https://openalex.org/W4308113907
https://openalex.org/W4308180879
https://openalex.org/W4308243730
https://openalex.org/W4308244511
https://openalex.org/W4308271117
https://openalex.org/W4308368561
https://openalex.org/W4308386179
https://openalex.org/W4308440307
https://openalex.org/W4308448244
https://openalex.org/W4308494683
https://openalex.org/W4308573156
https://openalex.org/W4308643032
https://openalex.org/W4308643068
https://openalex.org/W4308671402
https://openalex.org/W4308798328
https://openalex.org/W4308832142
https://openalex.org/W4308917753
https://openalex.org/W4309263590
https://openalex.org/W4309267544
https://openalex.org/W4309468777
https://openalex.org/W4309646508
https://openalex.org/W4309691984
https://openalex.org/W4309801430
https://openalex.org/W4309954037
https://openalex.org/W4310461916
https://openalex.org/W4310529688
https://openalex.org/W4310772677
https://openalex.org/W4310811686
https://openalex.org/W4310901864
https://openalex.org/W4310913191
https://openalex.org/W4310924472
https://openalex.org/W4310937369
https://openalex.org/W4311099005
https://openalex.org/W4311105735
https://openalex.org/W4311250873
https://openalex.org/W4311496612
https://openalex.org/W4311537571
https://openalex.org/W4311609075
https://openalex.org/W4311903547
https://openalex.org/W4311999015
https://openalex.org/W4312085756
https://openalex.org/W4312086708
https://openalex.org/W4312087054
https://openalex.org/W4312087822
https://openalex.org/W4312091483
https://openalex.org/W4312096780
https://openalex.org/W4312126284
https://openalex.org/W4312173968
https://openalex.org/W4312179216
https://openalex.org/W4312195763
https://openalex.org/W4312203743
https://openalex.org/W4312214792
https://openalex.org/W4312220684
https://openalex.org/W4312314592
https://openalex.org/W4312328182
https://openalex.org/W4312519137
https://openalex.org/W4312570649
https://openalex.org/W4312719438
https://openalex.org/W4312760559
https://openalex.org/W4312783332
https://openalex.org/W4312875383
https://openalex.org/W4312913449
https://openalex.org/W4312919097
https://openalex.org/W4313012227
https://openalex.org/W4313024660
https://openalex.org/W4313218402
https://openalex.org/W4313257263
https://openalex.org/W4313262874
https://openalex.org/W4313281834
https://openalex.org/W4313286081
https://openalex.org/W4313353078
https://openalex.org/W4313365622
https://openalex.org/W4313366085
https://openalex.org/W4313588815
https://openalex.org/W4313624529
https://openalex.org/W4313889532
https://openalex.org/W4313897433
https://openalex.org/W4315433279
https://openalex.org/W4315434918
https://openalex.org/W4315588866
https://openalex.org/W4315621414
https://openalex.org/W4315647357
https://openalex.org/W4315752831
https://openalex.org/W4315781263
https://openalex.org/W4316193186
https://openalex.org/W4316660358
https://openalex.org/W4316663810
https://openalex.org/W4317360759
https://openalex.org/W4317388482
https://openalex.org/W4317396203
https://openalex.org/W4317538606
https://openalex.org/W4317623206
https://openalex.org/W4317733977
https://openalex.org/W4317791215
https://openalex.org/W4317926949
https://openalex.org/W4317933750
https://openalex.org/W4318046846
https://openalex.org/W4318197730
https://openalex.org/W4318217627
https://openalex.org/W4318320743
https://openalex.org/W4318711274
https://openalex.org/W4319050533
https://openalex.org/W4319078207
https://openalex.org/W4319222170
https://openalex.org/W4319263109
https://openalex.org/W4319430672
https://openalex.org/W4319438938
https://openalex.org/W4319442942
https://openalex.org/W4319456367
https://openalex.org/W4319586233
https://openalex.org/W4319596510
https://openalex.org/W4319780299
https://openalex.org/W4319783597
https://openalex.org/W4319864592
https://openalex.org/W4319988961
https://openalex.org/W4320014890
https://openalex.org/W4320156292
https://openalex.org/W4320489700
https://openalex.org/W4320502101
https://openalex.org/W4320521800
https://openalex.org/W4320560107
https://openalex.org/W4320731642
https://openalex.org/W4320918543
https://openalex.org/W4320921936
https://openalex.org/W4321350409
https://openalex.org/W4321376115
https://openalex.org/W4321377232
https://openalex.org/W4321482583
https://openalex.org/W4321486967
https://openalex.org/W4321512203
https://openalex.org/W4321523729
https://openalex.org/W4321605937
https://openalex.org/W4321788059
https://openalex.org/W4322502916
https://openalex.org/W4322580856
https://openalex.org/W4322632242
https://openalex.org/W4322706829
https://openalex.org/W4322764424
https://openalex.org/W4322770500
https://openalex.org/W4322773283
https://openalex.org/W4322775220
https://openalex.org/W4323031589
https://openalex.org/W4323256263
https://openalex.org/W4323340230
https://openalex.org/W4323353592
https://openalex.org/W4323657375
https://openalex.org/W4323669211
https://openalex.org/W4323921281
https://openalex.org/W4324086357
https://openalex.org/W4324118886
https://openalex.org/W4324142516
https://openalex.org/W4327576351
https://openalex.org/W4327909962
https://openalex.org/W4328007123
https://openalex.org/W4328009707
https://openalex.org/W4328025755
https://openalex.org/W4328029159
https://openalex.org/W4328124552
https://openalex.org/W4352997175
https://openalex.org/W4360584498
https://openalex.org/W4360618360
https://openalex.org/W4360846215
https://openalex.org/W4360865682
https://openalex.org/W4360995031
https://openalex.org/W4360996077
https://openalex.org/W4360996439
https://openalex.org/W4361011293
https://openalex.org/W4361027099
https://openalex.org/W4361186693
https://openalex.org/W4361197477
https://openalex.org/W4361246024
https://openalex.org/W4361246836
https://openalex.org/W4361253179
https://openalex.org/W4361253188
https://openalex.org/W4361259255
https://openalex.org/W4361259274
https://openalex.org/W4361259276
https://openalex.org/W4361259296
https://openalex.org/W4361259299
https://openalex.org/W4361259342
https://openalex.org/W4361259405
https://openalex.org/W4361259563
https://openalex.org/W4361259574
https://openalex.org/W4361260079
https://openalex.org/W4361306057
https://openalex.org/W4361732479
https://openalex.org/W4361794867
https://openalex.org/W4361823869
https://openalex.org/W4361858404
https://openalex.org/W4361897348
https://openalex.org/W4361897373
https://openalex.org/W4361897399
https://openalex.org/W4361897435
https://openalex.org/W4361897440
https://openalex.org/W4361897506
https://openalex.org/W4361897528
https://openalex.org/W4361897900
https://openalex.org/W4361903232
https://openalex.org/W4361903552
https://openalex.org/W4361939045
https://openalex.org/W4361939053
https://openalex.org/W4361939054
https://openalex.org/W4361939059
https://openalex.org/W4361939062
https://openalex.org/W4361939110
https://openalex.org/W4361939126
https://openalex.org/W4361939140
https://openalex.org/W4361939143
https://openalex.org/W4361939163
https://openalex.org/W4361939207
https://openalex.org/W4361939246
https://openalex.org/W4361939249
https://openalex.org/W4361939250
https://openalex.org/W4361939262
https://openalex.org/W4361939263
https://openalex.org/W4361939265
https://openalex.org/W4361939270
https://openalex.org/W4361939313
https://openalex.org/W4361944005
https://openalex.org/W4361947158
https://openalex.org/W4361950440
https://openalex.org/W4361953793
https://openalex.org/W4362340766
https://openalex.org/W4362340791
https://openalex.org/W4362340796
https://openalex.org/W4362340802
https://openalex.org/W4362340814
https://openalex.org/W4362341361
https://openalex.org/W4362342896
https://openalex.org/W4362343421
https://openalex.org/W4362394211
https://openalex.org/W4362394891
https://openalex.org/W4362410927
https://openalex.org/W4362411140
https://openalex.org/W4362411206
https://openalex.org/W4362412565
https://openalex.org/W4362412738
https://openalex.org/W4362417486
https://openalex.org/W4362432258
https://openalex.org/W4362432290
https://openalex.org/W4362432305
https://openalex.org/W4362432388
https://openalex.org/W4362432391
https://openalex.org/W4362432398
https://openalex.org/W4362432530
https://openalex.org/W4362432535
https://openalex.org/W4362432575
https://openalex.org/W4362432620
https://openalex.org/W4362432625
https://openalex.org/W4362432627
https://openalex.org/W4362432633
https://openalex.org/W4362468568
https://openalex.org/W4362496925
https://openalex.org/W4362532810
https://openalex.org/W4362563870
https://openalex.org/W4362602767
https://openalex.org/W4362610461
https://openalex.org/W4362636514
https://openalex.org/W4362671889
https://openalex.org/W4362698020
https://openalex.org/W4362716166
https://openalex.org/W4363650156
https://openalex.org/W4363673127
https://openalex.org/W436516518
https://openalex.org/W4365445577
https://openalex.org/W4365445740
https://openalex.org/W4365798889
https://openalex.org/W4365811091
https://openalex.org/W4366212876
https://openalex.org/W4366260000
https://openalex.org/W4366286052
https://openalex.org/W4366289269
https://openalex.org/W4366314441
https://openalex.org/W4366495685
https://openalex.org/W4366549118
https://openalex.org/W4366773667
https://openalex.org/W4366776524
https://openalex.org/W4366778750
https://openalex.org/W4366813403
https://openalex.org/W4366827991
https://openalex.org/W4366977640
https://openalex.org/W4367041330
https://openalex.org/W4367043559
https://openalex.org/W4367178515
https://openalex.org/W4367301595
https://openalex.org/W4367322002
https://openalex.org/W4367595696
https://openalex.org/W4367624491
https://openalex.org/W4367841158
https://openalex.org/W4367859958
https://openalex.org/W4368358273
https://openalex.org/W4368362008
https://openalex.org/W4368894449
https://openalex.org/W4372215394
https://openalex.org/W4372218583
https://openalex.org/W4372279724
https://openalex.org/W4372292431
https://openalex.org/W4375957492
https://openalex.org/W4375958261
https://openalex.org/W4376120055
https://openalex.org/W4376135304
https://openalex.org/W4376142776
https://openalex.org/W4376149483
https://openalex.org/W4376273650
https://openalex.org/W4376289050
https://openalex.org/W4376457010
https://openalex.org/W4376601653
https://openalex.org/W4376602273
https://openalex.org/W4376606844
https://openalex.org/W4376641013
https://openalex.org/W4376649056
https://openalex.org/W4376988674
https://openalex.org/W4377009793
https://openalex.org/W4377021435
https://openalex.org/W4377021895
https://openalex.org/W4377121344
https://openalex.org/W4377226513
https://openalex.org/W4377564576
https://openalex.org/W4377861238
https://openalex.org/W4377971653
https://openalex.org/W4378418067
https://openalex.org/W4378501658
https://openalex.org/W4378531281
https://openalex.org/W4378550194
https://openalex.org/W4378611197
https://openalex.org/W4378649469
https://openalex.org/W4378674288
https://openalex.org/W4378699800
https://openalex.org/W4378881400
https://openalex.org/W4379145188
https://openalex.org/W4379163804
https://openalex.org/W4379164548
https://openalex.org/W4379193129
https://openalex.org/W4379260621
https://openalex.org/W4379281294
https://openalex.org/W4379283475
https://openalex.org/W4379348299
https://openalex.org/W4379376588
https://openalex.org/W4379382693
https://openalex.org/W4379468874
https://openalex.org/W4379512138
https://openalex.org/W4379615975
https://openalex.org/W4379797829
https://openalex.org/W4379875459
https://openalex.org/W4379882749
https://openalex.org/W4379932297
https://openalex.org/W4379958510
https://openalex.org/W4379966920
https://openalex.org/W4379981479
https://openalex.org/W4380030485
https://openalex.org/W4380030710
https://openalex.org/W4380301477
https://openalex.org/W4380319630
https://openalex.org/W4380372921
https://openalex.org/W4380447775
https://openalex.org/W4380447912
https://openalex.org/W4380450085
https://openalex.org/W4380486946
https://openalex.org/W4380607191
https://openalex.org/W4380610682
https://openalex.org/W4380625871
https://openalex.org/W4380626387
https://openalex.org/W4380634222
https://openalex.org/W4380742259
https://openalex.org/W4380992722
https://openalex.org/W4381060190
https://openalex.org/W4381113008
https://openalex.org/W4381248868
https://openalex.org/W4381328149
https://openalex.org/W4381330589
https://openalex.org/W4381436238
https://openalex.org/W4381513524
https://openalex.org/W4381587248
https://openalex.org/W4381598215
https://openalex.org/W4381713699
https://openalex.org/W4381893386
https://openalex.org/W4381893975
https://openalex.org/W4381929826
https://openalex.org/W4381930595
https://openalex.org/W4382024176
https://openalex.org/W4382049351
https://openalex.org/W4382118183
https://openalex.org/W4382182503
https://openalex.org/W4382280934
https://openalex.org/W4382281899
https://openalex.org/W4382397659
https://openalex.org/W4382653936
https://openalex.org/W4382677859
https://openalex.org/W4382752571
https://openalex.org/W4382938735
https://openalex.org/W4382985475
https://openalex.org/W4383173703
https://openalex.org/W4383196798
https://openalex.org/W4383265341
https://openalex.org/W4383506035
https://openalex.org/W4383553408
https://openalex.org/W4383616818
https://openalex.org/W4383724037
https://openalex.org/W4383874238
https://openalex.org/W4383900272
https://openalex.org/W4383987923
https://openalex.org/W4384009614
https://openalex.org/W4384026546
https://openalex.org/W4384070371
https://openalex.org/W4384130901
https://openalex.org/W4384302734
https://openalex.org/W4384339713
https://openalex.org/W4384343066
https://openalex.org/W4384345632
https://openalex.org/W4384345667
https://openalex.org/W4384345730
https://openalex.org/W4384406915
https://openalex.org/W4384492766
https://openalex.org/W4384497635
https://openalex.org/W4384521492
https://openalex.org/W4384557853
https://openalex.org/W4384564452
https://openalex.org/W4384568145
https://openalex.org/W4384615697
https://openalex.org/W4384661481
https://openalex.org/W4384789301
https://openalex.org/W4385194753
https://openalex.org/W4385208388
https://openalex.org/W4385319689
https://openalex.org/W4385337428
https://openalex.org/W4385351087
https://openalex.org/W4385380595
https://openalex.org/W4385406278
https://openalex.org/W4385408608
https://openalex.org/W4385410984
https://openalex.org/W4385414962
https://openalex.org/W4385428580
https://openalex.org/W4385473472
https://openalex.org/W4385521574
https://openalex.org/W4385532589
https://openalex.org/W4385570246
https://openalex.org/W4385571382
https://openalex.org/W4385573342
https://openalex.org/W4385580183
https://openalex.org/W4385581226
https://openalex.org/W4385582184
https://openalex.org/W4385589242
https://openalex.org/W4385595971
https://openalex.org/W4385611928
https://openalex.org/W4385639069
https://openalex.org/W4385683775
https://openalex.org/W4385724682
https://openalex.org/W4385728120
https://openalex.org/W4385728886
https://openalex.org/W4385754853
https://openalex.org/W4385780238
https://openalex.org/W4385819914
https://openalex.org/W4385851445
https://openalex.org/W4385852438
https://openalex.org/W4385873019
https://openalex.org/W4385873064
https://openalex.org/W4385878161
https://openalex.org/W4385921963
https://openalex.org/W4385966913
https://openalex.org/W4385989486
https://openalex.org/W4386000151
https://openalex.org/W4386001213
https://openalex.org/W4386003842
https://openalex.org/W4386005096
https://openalex.org/W4386020830
https://openalex.org/W4386075815
https://openalex.org/W4386108246
https://openalex.org/W4386117248
https://openalex.org/W4386127211
https://openalex.org/W4386253870
https://openalex.org/W4386254368
https://openalex.org/W4386256848
https://openalex.org/W4386261866
https://openalex.org/W4386267841
https://openalex.org/W4386270883
https://openalex.org/W4386271057
https://openalex.org/W4386326816
https://openalex.org/W4386327973
https://openalex.org/W4386329614
https://openalex.org/W4386332019
https://openalex.org/W4386371404
https://openalex.org/W4386387048
https://openalex.org/W4386458618
https://openalex.org/W4386467320
https://openalex.org/W4386473947
https://openalex.org/W4386493925
https://openalex.org/W4386502194
https://openalex.org/W4386552969
https://openalex.org/W4386554477
https://openalex.org/W4386563748
https://openalex.org/W4386573958
https://openalex.org/W4386579074
https://openalex.org/W4386593266
https://openalex.org/W4386602835
https://openalex.org/W4386611705
https://openalex.org/W4386618340
https://openalex.org/W4386631456
https://openalex.org/W4386652269
https://openalex.org/W4386697251
https://openalex.org/W4386707914
https://openalex.org/W4386711403
https://openalex.org/W4386725636
https://openalex.org/W4386738578
https://openalex.org/W4386786708
https://openalex.org/W4386819689
https://openalex.org/W4386823551
https://openalex.org/W4386858325
https://openalex.org/W4386879002
https://openalex.org/W4386901355
https://openalex.org/W4386938357
https://openalex.org/W4386961139
https://openalex.org/W4386961141
https://openalex.org/W4386985284
https://openalex.org/W4386986241
https://openalex.org/W4386990182
https://openalex.org/W4386998610
https://openalex.org/W4387011528
https://openalex.org/W4387013027
https://openalex.org/W4387019159
https://openalex.org/W4387033921
https://openalex.org/W4387035104
https://openalex.org/W4387059600
https://openalex.org/W49489993
https://openalex.org/W561620487
https://openalex.org/W56304416
https://openalex.org/W57783361
https://openalex.org/W582182552
https://openalex.org/W602230912
https://openalex.org/W630056064
https://openalex.org/W656498568
https://openalex.org/W65915295
https://openalex.org/W68976604
https://openalex.org/W759295528
https://openalex.org/W759379343
https://openalex.org/W763102591
https://openalex.org/W780712120
https://openalex.org/W781015167
https://openalex.org/W793513460
https://openalex.org/W793990980
https://openalex.org/W795508894
https://openalex.org/W797318743
https://openalex.org/W804625989
https://openalex.org/W839834031
https://openalex.org/W84716942
https://openalex.org/W85086597
https://openalex.org/W874451660
https://openalex.org/W889442455
https://openalex.org/W89391799
https://openalex.org/W898692264
https://openalex.org/W934109357
https://openalex.org/W934111852
https://openalex.org/W93582289
https://openalex.org/W937749861
https://openalex.org/W942325115
https://openalex.org/W947636712
https://openalex.org/W947846924
https://openalex.org/W961910378
https://openalex.org/W972103322
https://openalex.org/W972794443
https://openalex.org/W975878975
https://openalex.org/W985836138
https://openalex.org/W2103714496
https://openalex.org/W4295750005
https://openalex.org/W2562329777
https://openalex.org/W2067456724
https://openalex.org/W2077760013
https://openalex.org/W2138597449
https://openalex.org/W2147650118
https://openalex.org/W2339616051
https://openalex.org/W2155256323
https://openalex.org/W1992803891
https://openalex.org/W2163302580
https://openalex.org/W1995731966
https://openalex.org/W2123478725
https://openalex.org/W1991720779
https://openalex.org/W2002517161
https://openalex.org/W2596500039
https://openalex.org/W2051700726
https://openalex.org/W2153360321
https://openalex.org/W2071359470
https://openalex.org/W1965707365
https://openalex.org/W2902484351
https://openalex.org/W2114668427
https://openalex.org/W2109193598
https://openalex.org/W2166089332
https://openalex.org/W2097867305
https://openalex.org/W1971510877
https://openalex.org/W2125547273
https://openalex.org/W2576869859
https://openalex.org/W2110855516
https://openalex.org/W1997447547
https://openalex.org/W1983961550
https://openalex.org/W2106531897
https://openalex.org/W2053806341
https://openalex.org/W2110579639
https://openalex.org/W2142254043
https://openalex.org/W2090343238
https://openalex.org/W2135697415
https://openalex.org/W2761516325
https://openalex.org/W2038300967
https://openalex.org/W2143298795
https://openalex.org/W2150792687
https://openalex.org/W2105886473
https://openalex.org/W2038155090
https://openalex.org/W2143815163
https://openalex.org/W2153298821
https://openalex.org/W829439847
https://openalex.org/W2128048856
https://openalex.org/W2343795401
https://openalex.org/W2043622833
https://openalex.org/W2112214249
https://openalex.org/W2161474241
https://openalex.org/W2926273414
https://openalex.org/W2533830780
https://openalex.org/W2164952242
https://openalex.org/W1969224837
https://openalex.org/W2071595697
https://openalex.org/W1996141843
https://openalex.org/W2328696096
https://openalex.org/W2044073319
https://openalex.org/W2117959132
https://openalex.org/W2139324809
https://openalex.org/W2500482667
https://openalex.org/W2057805062
https://openalex.org/W2093915334
https://openalex.org/W3014611427
https://openalex.org/W2504912000
https://openalex.org/W2011217149
https://openalex.org/W1987716198
https://openalex.org/W1989488484
https://openalex.org/W2055862332
https://openalex.org/W2087911379
https://openalex.org/W2139517175
https://openalex.org/W1800724332
https://openalex.org/W2166734660
https://openalex.org/W2469014994
https://openalex.org/W2058802246
https://openalex.org/W1534043095
https://openalex.org/W2096950793
https://openalex.org/W2079332181
https://openalex.org/W2010703053
https://openalex.org/W2114696344
https://openalex.org/W1479907856
https://openalex.org/W1979179968
https://openalex.org/W2033509429
https://openalex.org/W2087748229
https://openalex.org/W2116567847
https://openalex.org/W2026827095
https://openalex.org/W2893411620
https://openalex.org/W1981735680
https://openalex.org/W1986801129
https://openalex.org/W2081280908
https://openalex.org/W2031012150
https://openalex.org/W2132288094
https://openalex.org/W2032486197
https://openalex.org/W1968071120
https://openalex.org/W2033061407
https://openalex.org/W2899073628
https://openalex.org/W2040458308
https://openalex.org/W2104576349
https://openalex.org/W2060081565
https://openalex.org/W2910199421
https://openalex.org/W2101732077
https://openalex.org/W4238742974
https://openalex.org/W1983774546
https://openalex.org/W2025575974
https://openalex.org/W2044272444
https://openalex.org/W2131001997
https://openalex.org/W1964405387
https://openalex.org/W2073228761
https://openalex.org/W2804242740
https://openalex.org/W6064950
https://openalex.org/W2065479717
https://openalex.org/W2155278362
https://openalex.org/W2157783714
https://openalex.org/W1484549515
https://openalex.org/W2317674142
https://openalex.org/W1893491260
https://openalex.org/W2037994583
https://openalex.org/W2142412018
https://openalex.org/W2177328682
https://openalex.org/W2132323730
https://openalex.org/W1594157448
https://openalex.org/W2105549867
https://openalex.org/W2261736307
https://openalex.org/W2009292620
https://openalex.org/W2000900558
https://openalex.org/W1564336366
https://openalex.org/W2097957649
https://openalex.org/W2137628251
https://openalex.org/W2066298745
https://openalex.org/W1980704394
https://openalex.org/W2038373216
https://openalex.org/W2094720821
https://openalex.org/W2041684402
https://openalex.org/W1898209536
https://openalex.org/W2008663430
https://openalex.org/W2099986185
https://openalex.org/W2788708935
https://openalex.org/W2116304429
https://openalex.org/W2592627283
https://openalex.org/W1989661217
https://openalex.org/W2102409432
https://openalex.org/W1998566813
https://openalex.org/W2037524923
https://openalex.org/W1971306695
https://openalex.org/W2069586357
https://openalex.org/W2094065501
https://openalex.org/W2057734442
https://openalex.org/W1994741619
https://openalex.org/W2029617457
https://openalex.org/W2075110081
https://openalex.org/W2015767992
https://openalex.org/W2023973797
https://openalex.org/W3108158555
https://openalex.org/W2512227809
https://openalex.org/W1536159446
https://openalex.org/W2023639417
https://openalex.org/W2128585328
https://openalex.org/W2161453624
https://openalex.org/W1975834243
https://openalex.org/W2148369313
https://openalex.org/W1995316003
https://openalex.org/W2006137488
https://openalex.org/W2145174107
https://openalex.org/W1993299433
https://openalex.org/W2073002011
https://openalex.org/W2840355095
https://openalex.org/W1968179127
https://openalex.org/W1980172171
https://openalex.org/W2021613721
https://openalex.org/W2328338930
https://openalex.org/W2746456353
https://openalex.org/W2781642641
https://openalex.org/W3014360862
https://openalex.org/W2078157419
https://openalex.org/W1493833772
https://openalex.org/W2258876911
https://openalex.org/W1966268063
https://openalex.org/W1501993154
https://openalex.org/W2078308609
https://openalex.org/W2062994753
https://openalex.org/W2089128627
https://openalex.org/W2105445974
https://openalex.org/W3194808340
https://openalex.org/W1978574835
https://openalex.org/W2108362684
https://openalex.org/W2078463027
https://openalex.org/W2106873089
https://openalex.org/W2178993225
https://openalex.org/W2133963473
https://openalex.org/W2140683500
https://openalex.org/W2768878969
https://openalex.org/W2095023223
https://openalex.org/W2109296003
https://openalex.org/W2006560462
https://openalex.org/W2041600775
https://openalex.org/W2079705321
https://openalex.org/W2105135480
https://openalex.org/W2142757231
https://openalex.org/W1492949916
https://openalex.org/W2123155170
https://openalex.org/W2612494391
https://openalex.org/W2000747995
https://openalex.org/W2011908632
https://openalex.org/W2060618473
https://openalex.org/W2408957224
https://openalex.org/W1996504264
https://openalex.org/W1998912849
https://openalex.org/W2035816919
https://openalex.org/W2012790658
https://openalex.org/W3092762305
https://openalex.org/W1982031929
https://openalex.org/W2108150884
https://openalex.org/W2132740949
https://openalex.org/W1969417879
https://openalex.org/W2089118357
https://openalex.org/W2167396409
https://openalex.org/W2163482609
https://openalex.org/W2514286461
https://openalex.org/W3082563097
https://openalex.org/W2043259878
https://openalex.org/W2095135389
https://openalex.org/W2059907055
https://openalex.org/W2107378603
https://openalex.org/W2018202134
https://openalex.org/W2086174975
https://openalex.org/W2142912723
https://openalex.org/W1976326436
https://openalex.org/W2101590448
https://openalex.org/W2059438668
https://openalex.org/W1642996693
https://openalex.org/W2009790948
https://openalex.org/W2035813375
https://openalex.org/W2072302116
https://openalex.org/W2155193764
https://openalex.org/W2412063596
https://openalex.org/W2806005183
https://openalex.org/W2086796408
https://openalex.org/W2094497494
https://openalex.org/W2132799267
https://openalex.org/W2164771480
https://openalex.org/W2072956040
https://openalex.org/W2139537168
https://openalex.org/W1997887724
https://openalex.org/W2054962339
https://openalex.org/W2094808774
https://openalex.org/W2113436794
https://openalex.org/W2114125438
https://openalex.org/W2133261461
https://openalex.org/W1976095359
https://openalex.org/W2032281711
https://openalex.org/W2970178875
https://openalex.org/W1984590580
https://openalex.org/W2014433109
https://openalex.org/W2072653574
https://openalex.org/W2125130222
https://openalex.org/W2167488986
https://openalex.org/W2026084555
https://openalex.org/W2096915483
https://openalex.org/W1480633910
https://openalex.org/W2008754221
https://openalex.org/W2031471386
https://openalex.org/W2047308059
https://openalex.org/W2112418710
https://openalex.org/W2314179020
https://openalex.org/W2555130359
https://openalex.org/W2097108391
https://openalex.org/W2905151325
https://openalex.org/W1499155424
https://openalex.org/W1698478950
https://openalex.org/W1820315269
https://openalex.org/W2094686345
https://openalex.org/W2162928486
https://openalex.org/W2108326952
https://openalex.org/W2171166848
https://openalex.org/W1803954903
https://openalex.org/W2022188773
https://openalex.org/W2070324798
https://openalex.org/W2067548843
https://openalex.org/W1603898092
https://openalex.org/W2042974328
https://openalex.org/W2077437399
https://openalex.org/W2154160978
https://openalex.org/W3028368183
https://openalex.org/W1635509055
https://openalex.org/W2142632658
https://openalex.org/W2147122298
https://openalex.org/W1520277757
https://openalex.org/W2063046214
https://openalex.org/W2586442817
https://openalex.org/W2901131610
https://openalex.org/W2004072769
https://openalex.org/W2016956833
https://openalex.org/W2043373427
https://openalex.org/W2079818163
https://openalex.org/W2596568008
https://openalex.org/W2789873544
https://openalex.org/W1552224341
https://openalex.org/W1996714203
https://openalex.org/W2416500446
https://openalex.org/W2017887446
https://openalex.org/W2112633723
https://openalex.org/W1860400545
https://openalex.org/W1990038772
https://openalex.org/W1999812791
https://openalex.org/W2019600005
https://openalex.org/W2058196624
https://openalex.org/W2064601380
https://openalex.org/W2079644512
https://openalex.org/W4200291296
https://openalex.org/W1980471591
https://openalex.org/W2436262042
https://openalex.org/W2731018572
https://openalex.org/W1972031830
https://openalex.org/W2012135013
https://openalex.org/W2161274343
https://openalex.org/W2889233317
https://openalex.org/W2082095648
https://openalex.org/W2112172186
https://openalex.org/W284600392
https://openalex.org/W2921923651
https://openalex.org/W1998071836
https://openalex.org/W2024365255
https://openalex.org/W2074867245
https://openalex.org/W2102286300
https://openalex.org/W2268368179
https://openalex.org/W2300300693
https://openalex.org/W2314879134
https://openalex.org/W2017390708
https://openalex.org/W2022380278
https://openalex.org/W2141584776
https://openalex.org/W2144976925
https://openalex.org/W2518776480
https://openalex.org/W2753889266
https://openalex.org/W1542993162
https://openalex.org/W2037394929
https://openalex.org/W2077264767
https://openalex.org/W2105359415
https://openalex.org/W1986499415
https://openalex.org/W2016114727
https://openalex.org/W2040671370
https://openalex.org/W2063490283
https://openalex.org/W2085715185
https://openalex.org/W2909173921
https://openalex.org/W4302333388
https://openalex.org/W95697080
https://openalex.org/W2049559865
https://openalex.org/W2159238888
https://openalex.org/W4248121635
https://openalex.org/W2030506819
https://openalex.org/W2047578621
https://openalex.org/W2064920186
https://openalex.org/W2098855396
https://openalex.org/W2123158481
https://openalex.org/W2135361950
https://openalex.org/W2144658958
https://openalex.org/W2152601050
https://openalex.org/W3015959975
https://openalex.org/W1999907982
https://openalex.org/W2026697682
https://openalex.org/W2065759197
https://openalex.org/W2070803237
https://openalex.org/W3159182064
https://openalex.org/W1987312241
https://openalex.org/W2023126270
https://openalex.org/W2032051541
https://openalex.org/W2049430400
https://openalex.org/W2063691111
https://openalex.org/W2069610336
https://openalex.org/W2119401414
https://openalex.org/W2123105612
https://openalex.org/W2150750743
https://openalex.org/W2898488407
https://openalex.org/W2014834963
https://openalex.org/W2080765156
https://openalex.org/W2089311376
https://openalex.org/W3007771263
https://openalex.org/W2011022006
https://openalex.org/W2038217580
https://openalex.org/W2071178881
https://openalex.org/W2152321720
https://openalex.org/W2153505091
https://openalex.org/W2294556357
https://openalex.org/W2566451828
https://openalex.org/W2995594756
https://openalex.org/W3081848457
https://openalex.org/W2010704342
https://openalex.org/W3021926109
https://openalex.org/W1966536892
https://openalex.org/W2062069744
https://openalex.org/W2068203262
https://openalex.org/W2116302596
https://openalex.org/W2128198913
https://openalex.org/W2140288323
https://openalex.org/W2149401368
https://openalex.org/W1964576796
https://openalex.org/W2034774200
https://openalex.org/W2089462675
https://openalex.org/W2112863783
https://openalex.org/W2119529253
https://openalex.org/W2149383513
https://openalex.org/W2331449048
https://openalex.org/W2592783968
https://openalex.org/W1555682653
https://openalex.org/W1898012987
https://openalex.org/W1964812066
https://openalex.org/W1968020171
https://openalex.org/W1991786586
https://openalex.org/W2010545205
https://openalex.org/W2020498439
https://openalex.org/W2077094904
https://openalex.org/W2084577015
https://openalex.org/W2162059614
https://openalex.org/W2941772007
https://openalex.org/W1973707768
https://openalex.org/W1978382400
https://openalex.org/W1992175660
https://openalex.org/W2032760038
https://openalex.org/W2057100853
https://openalex.org/W2120540725
https://openalex.org/W2121485644
https://openalex.org/W2126491795
https://openalex.org/W2166033038
https://openalex.org/W2522695038
https://openalex.org/W3133533360
https://openalex.org/W1838477782
https://openalex.org/W1995842305
https://openalex.org/W2007688287
https://openalex.org/W2037460222
https://openalex.org/W2063285657
https://openalex.org/W2121938981
https://openalex.org/W2131629809
https://openalex.org/W2133054653
https://openalex.org/W2605073827
https://openalex.org/W2892052197
https://openalex.org/W3187698246
https://openalex.org/W1239309647
https://openalex.org/W1969460354
https://openalex.org/W2024727799
https://openalex.org/W2036376476
https://openalex.org/W2036607034
https://openalex.org/W2044240471
https://openalex.org/W2074498234
https://openalex.org/W2100202678
https://openalex.org/W2106195121
https://openalex.org/W2143455009
https://openalex.org/W2151366504
https://openalex.org/W2158614317
https://openalex.org/W2528264979
https://openalex.org/W2884205201
https://openalex.org/W1984345669
https://openalex.org/W2022057819
https://openalex.org/W2178711257
https://openalex.org/W2497269089
https://openalex.org/W2592372544
https://openalex.org/W2990679902
https://openalex.org/W1510982093
https://openalex.org/W1760204086
https://openalex.org/W1977585202
https://openalex.org/W1977961959
https://openalex.org/W1980022315
https://openalex.org/W2030386677
https://openalex.org/W2091788570
https://openalex.org/W2098572576
https://openalex.org/W2133410426
https://openalex.org/W2155203090
https://openalex.org/W2167961468
https://openalex.org/W2972983974
https://openalex.org/W1211632029
https://openalex.org/W1983994018
https://openalex.org/W1998904692
https://openalex.org/W2003288339
https://openalex.org/W2042351331
https://openalex.org/W2111248446
https://openalex.org/W2126389425
https://openalex.org/W2131193064
https://openalex.org/W2131486024
https://openalex.org/W2554464085
https://openalex.org/W2563349277
https://openalex.org/W131087488
https://openalex.org/W1964837096
https://openalex.org/W2021169931
https://openalex.org/W2027870025
https://openalex.org/W2041817951
https://openalex.org/W2069554658
https://openalex.org/W2601971369
https://openalex.org/W2992441602
https://openalex.org/W3009120236
https://openalex.org/W3085949237
https://openalex.org/W1167948849
https://openalex.org/W1809650809
https://openalex.org/W1986656652
https://openalex.org/W1994003122
https://openalex.org/W2007347912
https://openalex.org/W2019869335
https://openalex.org/W2045669714
https://openalex.org/W2105195424
https://openalex.org/W2106336173
https://openalex.org/W4284882937
https://openalex.org/W2084243684
https://openalex.org/W2094599405
https://openalex.org/W2119005679
https://openalex.org/W2132200922
https://openalex.org/W2581982962
https://openalex.org/W3042270775
https://openalex.org/W1899603055
https://openalex.org/W1980781069
https://openalex.org/W2010863338
https://openalex.org/W2024884562
https://openalex.org/W2029209421
https://openalex.org/W2048006199
https://openalex.org/W2053066048
https://openalex.org/W2113191117
https://openalex.org/W2155772898
https://openalex.org/W2509477
https://openalex.org/W2552986737
https://openalex.org/W2747513888
https://openalex.org/W2802048918
https://openalex.org/W1582890977
https://openalex.org/W1983007636
https://openalex.org/W2036558395
https://openalex.org/W2048396376
https://openalex.org/W2048686776
https://openalex.org/W2070729826
https://openalex.org/W2099589946
https://openalex.org/W2115271768
https://openalex.org/W2124707488
https://openalex.org/W2124780776
https://openalex.org/W2130628097
https://openalex.org/W2169349331
https://openalex.org/W2740689648
https://openalex.org/W2945343147
https://openalex.org/W3195108149
https://openalex.org/W1524073645
https://openalex.org/W1993448419
https://openalex.org/W1994870607
https://openalex.org/W1995511199
https://openalex.org/W2003553249
https://openalex.org/W2031461714
https://openalex.org/W2048332328
https://openalex.org/W2051407108
https://openalex.org/W2061456248
https://openalex.org/W2089783101
https://openalex.org/W2137387260
https://openalex.org/W2183357145
https://openalex.org/W1562598133
https://openalex.org/W1996768192
https://openalex.org/W2002457409
https://openalex.org/W2006602801
https://openalex.org/W2051936044
https://openalex.org/W2062841006
https://openalex.org/W2071743397
https://openalex.org/W2089367456
https://openalex.org/W2093702602
https://openalex.org/W2099440591
https://openalex.org/W2601475443
https://openalex.org/W2981993825
https://openalex.org/W1979975005
https://openalex.org/W1983230956
https://openalex.org/W2014434895
https://openalex.org/W2031347226
https://openalex.org/W2043951742
https://openalex.org/W2048700728
https://openalex.org/W2124325717
https://openalex.org/W2278569990
https://openalex.org/W2556738553
https://openalex.org/W2765574090
https://openalex.org/W2939027651
https://openalex.org/W1971057076
https://openalex.org/W1975272710
https://openalex.org/W2005328009
https://openalex.org/W2060162649
https://openalex.org/W2086725200
https://openalex.org/W2087522789
https://openalex.org/W2125699299
https://openalex.org/W3128795912
https://openalex.org/W3163986876
https://openalex.org/W4286213515
https://openalex.org/W2045987871
https://openalex.org/W2117770566
https://openalex.org/W2136613270
https://openalex.org/W2168126763
https://openalex.org/W2305487828
https://openalex.org/W2564310546
https://openalex.org/W2738786907
https://openalex.org/W2884795302
https://openalex.org/W2062970449
https://openalex.org/W2064138411
https://openalex.org/W2076989174
https://openalex.org/W2132228452
https://openalex.org/W2166046063
https://openalex.org/W2198235812
https://openalex.org/W2568554712
https://openalex.org/W2800575250
https://openalex.org/W1618885430
https://openalex.org/W1969548239
https://openalex.org/W1988674216
https://openalex.org/W1990538506
https://openalex.org/W2032892925
https://openalex.org/W2039048994
https://openalex.org/W2070175247
https://openalex.org/W2077290853
https://openalex.org/W2078710800
https://openalex.org/W2091725778
https://openalex.org/W2095004719
https://openalex.org/W2131508215
https://openalex.org/W2338647741
https://openalex.org/W2526826379
https://openalex.org/W2793417233
https://openalex.org/W2924873081
https://openalex.org/W1558835853
https://openalex.org/W1970993819
https://openalex.org/W1998741474
https://openalex.org/W2003210381
https://openalex.org/W2027682018
https://openalex.org/W2076206145
https://openalex.org/W2081299904
https://openalex.org/W2104853115
https://openalex.org/W2151343545
https://openalex.org/W2586113957
https://openalex.org/W2794298465
https://openalex.org/W2889072707
https://openalex.org/W3206811405
https://openalex.org/W129207505
https://openalex.org/W1965104333
https://openalex.org/W1971668640
https://openalex.org/W1981904952
https://openalex.org/W1994967195
https://openalex.org/W2001609175
https://openalex.org/W2054746448
https://openalex.org/W2056644443
https://openalex.org/W2105290626
https://openalex.org/W2114813199
https://openalex.org/W2125232006
https://openalex.org/W2146801338
https://openalex.org/W2171279587
https://openalex.org/W2727103109
https://openalex.org/W2756941003
https://openalex.org/W2891794705
https://openalex.org/W2899509306
https://openalex.org/W4283257738
https://openalex.org/W1967720466
https://openalex.org/W1981894625
https://openalex.org/W1983601344
https://openalex.org/W2031616056
https://openalex.org/W2042860187
https://openalex.org/W2049927949
https://openalex.org/W2051468620
https://openalex.org/W2069322165
https://openalex.org/W2072461768
https://openalex.org/W2140774907
https://openalex.org/W2160376313
https://openalex.org/W2164012032
https://openalex.org/W2774621487
https://openalex.org/W2971888634
https://openalex.org/W3014730661
https://openalex.org/W1988134169
https://openalex.org/W1990582285
https://openalex.org/W1998186972
https://openalex.org/W2000386175
https://openalex.org/W2077832275
https://openalex.org/W2087000190
https://openalex.org/W2118853538
https://openalex.org/W2142166250
https://openalex.org/W2884008955
https://openalex.org/W2898402710
https://openalex.org/W3001579346
https://openalex.org/W3036641012
https://openalex.org/W1970014099
https://openalex.org/W1973762807
https://openalex.org/W1989351163
https://openalex.org/W2008398477
https://openalex.org/W2019867624
https://openalex.org/W2056638352
https://openalex.org/W2107433940
https://openalex.org/W2133755633
https://openalex.org/W2152382849
https://openalex.org/W2552060310
https://openalex.org/W2966564869
https://openalex.org/W3004086484
https://openalex.org/W3108556033
https://openalex.org/W3138744399
https://openalex.org/W4240329099
https://openalex.org/W1530572082
https://openalex.org/W1579543581
https://openalex.org/W1922237706
https://openalex.org/W1967186429
https://openalex.org/W1977215439
https://openalex.org/W1993494259
https://openalex.org/W1999849006
https://openalex.org/W2020653375
https://openalex.org/W2063382387
https://openalex.org/W2104028403
https://openalex.org/W2110399069
https://openalex.org/W2323711492
https://openalex.org/W2330531904
https://openalex.org/W2514410552
https://openalex.org/W2547336602
https://openalex.org/W2786010184
https://openalex.org/W2901771966
https://openalex.org/W2953891845
https://openalex.org/W3013382632
https://openalex.org/W3036738576
https://openalex.org/W3210803520
https://openalex.org/W1543518438
https://openalex.org/W1976185280
https://openalex.org/W2021329869
https://openalex.org/W2032987213
https://openalex.org/W2035910567
https://openalex.org/W2069188095
https://openalex.org/W2088881144
https://openalex.org/W2102505686
https://openalex.org/W2137056779
https://openalex.org/W2142500593
https://openalex.org/W2170794361
https://openalex.org/W2276985322
https://openalex.org/W2587995109
https://openalex.org/W2609762922
https://openalex.org/W2724572411
https://openalex.org/W2736968791
https://openalex.org/W2899296752
https://openalex.org/W2965258645
https://openalex.org/W2979949700
https://openalex.org/W1543452484
https://openalex.org/W1555717227
https://openalex.org/W1964213188
https://openalex.org/W1978134503
https://openalex.org/W2002805156
https://openalex.org/W2003445572
https://openalex.org/W2004217856
https://openalex.org/W2012375504
https://openalex.org/W2049790630
https://openalex.org/W2075058348
https://openalex.org/W2096797602
https://openalex.org/W2183744045
https://openalex.org/W2288739397
https://openalex.org/W2549999838
https://openalex.org/W2570620976
https://openalex.org/W2584193381
https://openalex.org/W2593379954
https://openalex.org/W2601330826
https://openalex.org/W3128340770
https://openalex.org/W3157889036
https://openalex.org/W4251498509
https://openalex.org/W2004400651
https://openalex.org/W2016181549
https://openalex.org/W2031163892
https://openalex.org/W2046829079
https://openalex.org/W2056225975
https://openalex.org/W2092617090
https://openalex.org/W2127609524
https://openalex.org/W2272308134
https://openalex.org/W2276883471
https://openalex.org/W2285692180
https://openalex.org/W2583611319
https://openalex.org/W3127679335
https://openalex.org/W4233392841
https://openalex.org/W1984843257
https://openalex.org/W2049512700
https://openalex.org/W2055337734
https://openalex.org/W2070582445
https://openalex.org/W2089901954
https://openalex.org/W2098659289
https://openalex.org/W2128301618
https://openalex.org/W2161997497
https://openalex.org/W2170128046
https://openalex.org/W2341519551
https://openalex.org/W2345335050
https://openalex.org/W2748794149
https://openalex.org/W2895030469
https://openalex.org/W2913236620
https://openalex.org/W2952181206
https://openalex.org/W2980447457
https://openalex.org/W3080876592
https://openalex.org/W3176308664
https://openalex.org/W1464756889
https://openalex.org/W1571072820
https://openalex.org/W1972968087
https://openalex.org/W1999081879
https://openalex.org/W2012886892
https://openalex.org/W2026649190
https://openalex.org/W2055486360
https://openalex.org/W2088508956
https://openalex.org/W2092860719
https://openalex.org/W2111071541
https://openalex.org/W2154161315
https://openalex.org/W2163887758
https://openalex.org/W2170799545
https://openalex.org/W2302878441
https://openalex.org/W2323156004
https://openalex.org/W2328095657
https://openalex.org/W2766009055
https://openalex.org/W2780157322
https://openalex.org/W2803336168
https://openalex.org/W3018801440
https://openalex.org/W4289134409
https://openalex.org/W1586494901
https://openalex.org/W1818169231
https://openalex.org/W1979947361
https://openalex.org/W1991689974
https://openalex.org/W2049404826
https://openalex.org/W2050198210
https://openalex.org/W2050666005
https://openalex.org/W2072032557
https://openalex.org/W2169022524
https://openalex.org/W2479840107
https://openalex.org/W2749956287
https://openalex.org/W2783649766
https://openalex.org/W2944003795
https://openalex.org/W2980099770
https://openalex.org/W4220934822
https://openalex.org/W4281789995
https://openalex.org/W1967449166
https://openalex.org/W1985174655
https://openalex.org/W2008082918
https://openalex.org/W2012907043
https://openalex.org/W2029605351
https://openalex.org/W2076825063
https://openalex.org/W2077115035
https://openalex.org/W2087675416
https://openalex.org/W2095554912
https://openalex.org/W2112319833
https://openalex.org/W2122655873
https://openalex.org/W2152419451
https://openalex.org/W2159141559
https://openalex.org/W2222257128
https://openalex.org/W2596753223
https://openalex.org/W2598978818
https://openalex.org/W2886805888
https://openalex.org/W2905615972
https://openalex.org/W2923371440
https://openalex.org/W2945068253
https://openalex.org/W3192561762
https://openalex.org/W4200193244
https://openalex.org/W4226070022
https://openalex.org/W4284892347
https://openalex.org/W4288067418
https://openalex.org/W1966629425
https://openalex.org/W1975683671
https://openalex.org/W1978560084
https://openalex.org/W1989029904
https://openalex.org/W2021546505
https://openalex.org/W2024472540
https://openalex.org/W2029943133
https://openalex.org/W2032873759
https://openalex.org/W2042947313
https://openalex.org/W2043235405
https://openalex.org/W2049274209
https://openalex.org/W2076755153
https://openalex.org/W2090332187
https://openalex.org/W2096866123
https://openalex.org/W2103842385
https://openalex.org/W2106533410
https://openalex.org/W2157939309
https://openalex.org/W2169975628
https://openalex.org/W2277611632
https://openalex.org/W2729989042
https://openalex.org/W2941609790
https://openalex.org/W4240353348
https://openalex.org/W129624319
https://openalex.org/W1967878344
https://openalex.org/W1990605198
https://openalex.org/W2004571309
https://openalex.org/W2007437303
https://openalex.org/W2011863710
https://openalex.org/W2052842708
https://openalex.org/W2061796818
https://openalex.org/W2085012694
https://openalex.org/W2091003212
https://openalex.org/W2124035426
https://openalex.org/W2151675525
https://openalex.org/W2172610384
https://openalex.org/W2227306523
https://openalex.org/W2535729129
https://openalex.org/W2538721019
https://openalex.org/W2809939540
https://openalex.org/W2883150864
https://openalex.org/W2912393339
https://openalex.org/W2923107206
https://openalex.org/W2955499203
https://openalex.org/W3012486800
https://openalex.org/W3045001432
https://openalex.org/W4200247865
https://openalex.org/W4206378482
https://openalex.org/W1969628747
https://openalex.org/W1982518245
https://openalex.org/W1988510221
https://openalex.org/W1995166188
https://openalex.org/W2008939304
https://openalex.org/W2039144363
https://openalex.org/W2039467107
https://openalex.org/W2047938450
https://openalex.org/W2063553411
https://openalex.org/W2077320189
https://openalex.org/W2080070184
https://openalex.org/W2098186611
https://openalex.org/W2101215185
https://openalex.org/W2102879679
https://openalex.org/W2143172580
https://openalex.org/W2148296897
https://openalex.org/W2149178130
https://openalex.org/W2159954942
https://openalex.org/W2162575842
https://openalex.org/W2318344962
https://openalex.org/W2604489472
https://openalex.org/W2611297659
https://openalex.org/W2781175406
https://openalex.org/W2784886794
https://openalex.org/W2789479761
https://openalex.org/W2887191912
https://openalex.org/W2926418018
https://openalex.org/W2970510981
https://openalex.org/W2998367505
https://openalex.org/W3134069628
https://openalex.org/W3213933946
https://openalex.org/W4211034356
https://openalex.org/W4220988426
https://openalex.org/W4285731877
https://openalex.org/W1533884426
https://openalex.org/W1966481060
https://openalex.org/W2021147493
https://openalex.org/W2043055809
https://openalex.org/W2073301058
https://openalex.org/W2074919622
https://openalex.org/W2078227742
https://openalex.org/W2134388006
https://openalex.org/W2147156231
https://openalex.org/W2322857268
https://openalex.org/W2557899850
https://openalex.org/W2560557750
https://openalex.org/W2765275123
https://openalex.org/W2771537294
https://openalex.org/W2803801991
https://openalex.org/W2922312864
https://openalex.org/W3016769552
https://openalex.org/W3137597898
https://openalex.org/W3138807564
https://openalex.org/W3144967468
https://openalex.org/W4205771342
https://openalex.org/W1892538499
https://openalex.org/W1989874771
https://openalex.org/W2005462798
https://openalex.org/W2010330133
https://openalex.org/W2019287604
https://openalex.org/W2036277513
https://openalex.org/W2043717850
https://openalex.org/W2047788038
https://openalex.org/W2071452747
https://openalex.org/W2082531406
https://openalex.org/W2106883216
https://openalex.org/W2118901804
https://openalex.org/W2119147780
https://openalex.org/W2127362772
https://openalex.org/W2136610340
https://openalex.org/W2143446745
https://openalex.org/W2159784635
https://openalex.org/W2166198892
https://openalex.org/W2177587739
https://openalex.org/W2201215913
https://openalex.org/W2316484613
https://openalex.org/W2616372355
https://openalex.org/W2791497066
https://openalex.org/W2798117453
https://openalex.org/W2903862932
https://openalex.org/W2939341662
https://openalex.org/W3018669317
https://openalex.org/W3029336848
https://openalex.org/W3185053843
https://openalex.org/W1492196205
https://openalex.org/W1971532800
https://openalex.org/W1988028727
https://openalex.org/W2008877114
https://openalex.org/W2022906357
https://openalex.org/W2024859641
https://openalex.org/W2031970633
https://openalex.org/W2046519368
https://openalex.org/W2055492590
https://openalex.org/W2055932031
https://openalex.org/W2061045022
https://openalex.org/W2103939394
https://openalex.org/W2104851257
https://openalex.org/W2106272886
https://openalex.org/W2114108230
https://openalex.org/W2219603515
https://openalex.org/W2240525300
https://openalex.org/W2579087706
https://openalex.org/W2592841429
https://openalex.org/W2743399038
https://openalex.org/W2781275635
https://openalex.org/W2792442279
https://openalex.org/W2901356724
https://openalex.org/W3013805242
https://openalex.org/W3029198997
https://openalex.org/W3086947979
https://openalex.org/W3215461155
https://openalex.org/W4200516345
https://openalex.org/W4295907818
https://openalex.org/W4296807426
https://openalex.org/W945635311
https://openalex.org/W1608766034
https://openalex.org/W1795141975
https://openalex.org/W1858448389
https://openalex.org/W1962568521
https://openalex.org/W1976563127
https://openalex.org/W1981712053
https://openalex.org/W2005899277
https://openalex.org/W2039071065
https://openalex.org/W2046382359
https://openalex.org/W2064958160
https://openalex.org/W2075895124
https://openalex.org/W2078492264
https://openalex.org/W2080449600
https://openalex.org/W2094689584
https://openalex.org/W2114947740
https://openalex.org/W2127993648
https://openalex.org/W2129953070
https://openalex.org/W2135989947
https://openalex.org/W2315626636
https://openalex.org/W2409722041
https://openalex.org/W2540391245
https://openalex.org/W2752002619
https://openalex.org/W2761142119
https://openalex.org/W2791500804
https://openalex.org/W2892676085
https://openalex.org/W2913853751
https://openalex.org/W2924371944
https://openalex.org/W2963753851
https://openalex.org/W3002988684
https://openalex.org/W3082941074
https://openalex.org/W4229718087
https://openalex.org/W4238501071
https://openalex.org/W4248206998
https://openalex.org/W1596263271
https://openalex.org/W161377529
https://openalex.org/W1757596060
https://openalex.org/W181020936
https://openalex.org/W185123308
https://openalex.org/W195911157
https://openalex.org/W1975520875
https://openalex.org/W1992204361
https://openalex.org/W2005337007
https://openalex.org/W2036181598
https://openalex.org/W2037205197
https://openalex.org/W2045870320
https://openalex.org/W2048543930
https://openalex.org/W2076358781
https://openalex.org/W2080074978
https://openalex.org/W2090401442
https://openalex.org/W2120693569
https://openalex.org/W2143486889
https://openalex.org/W2154560890
https://openalex.org/W2168573498
https://openalex.org/W2173728437
https://openalex.org/W2174477937
https://openalex.org/W2316186679
https://openalex.org/W2563107871
https://openalex.org/W2786517396
https://openalex.org/W2801503071
https://openalex.org/W2883358617
https://openalex.org/W2949480790
https://openalex.org/W2950066348
https://openalex.org/W2985474524
https://openalex.org/W3022800812
https://openalex.org/W3034090772
https://openalex.org/W3035792607
https://openalex.org/W3130651220
https://openalex.org/W1481202349
https://openalex.org/W1967903948
https://openalex.org/W1974833426
https://openalex.org/W1976179707
https://openalex.org/W1984158587
https://openalex.org/W1995940257
https://openalex.org/W2007796693
https://openalex.org/W2019529436
https://openalex.org/W2023580548
https://openalex.org/W2052575953
https://openalex.org/W2059595269
https://openalex.org/W2066191440
https://openalex.org/W2068832901
https://openalex.org/W2076142735
https://openalex.org/W2078091225
https://openalex.org/W2081525083
https://openalex.org/W2087434110
https://openalex.org/W2091815887
https://openalex.org/W2125731141
https://openalex.org/W2139296718
https://openalex.org/W2143915368
https://openalex.org/W2151898531
https://openalex.org/W2160806976
https://openalex.org/W2171197949
https://openalex.org/W2316217171
https://openalex.org/W2318294615
https://openalex.org/W2478178513
https://openalex.org/W2552571643
https://openalex.org/W2559963960
https://openalex.org/W2586607627
https://openalex.org/W2738603362
https://openalex.org/W2758012246
https://openalex.org/W2925651238
https://openalex.org/W2951818473
https://openalex.org/W2995324531
https://openalex.org/W3015847059
https://openalex.org/W3093688368
https://openalex.org/W4256207736
https://openalex.org/W4292452138
https://openalex.org/W1109087368
https://openalex.org/W1947622060
https://openalex.org/W1964666216
https://openalex.org/W1967276877
https://openalex.org/W1969220911
https://openalex.org/W1981836952
https://openalex.org/W1982142686
https://openalex.org/W1982742423
https://openalex.org/W1986487531
https://openalex.org/W1997693162
https://openalex.org/W2005575426
https://openalex.org/W2016898464
https://openalex.org/W2019264655
https://openalex.org/W2023675077
https://openalex.org/W2031477619
https://openalex.org/W2031499514
https://openalex.org/W2045488637
https://openalex.org/W2051342017
https://openalex.org/W2085120652
https://openalex.org/W2085241434
https://openalex.org/W2093296954
https://openalex.org/W2095161415
https://openalex.org/W2138339045
https://openalex.org/W2155218458
https://openalex.org/W2169121295
https://openalex.org/W2329952980
https://openalex.org/W2336295195
https://openalex.org/W2336596057
https://openalex.org/W2402401309
https://openalex.org/W2728062919
https://openalex.org/W2738186208
https://openalex.org/W2738890831
https://openalex.org/W2754965646
https://openalex.org/W2898630421
https://openalex.org/W2996430239
https://openalex.org/W3031863554
https://openalex.org/W3093662191
https://openalex.org/W3093670099
https://openalex.org/W3210498495
https://openalex.org/W4287218671
https://openalex.org/W4289665687
https://openalex.org/W999665222
https://openalex.org/W1562573538
https://openalex.org/W1601871220
https://openalex.org/W1657116823
https://openalex.org/W1982129622
https://openalex.org/W1985849661
https://openalex.org/W1992545825
https://openalex.org/W2001170662
https://openalex.org/W2005768558
https://openalex.org/W2005847231
https://openalex.org/W2010698176
https://openalex.org/W2013976587
https://openalex.org/W2039058570
https://openalex.org/W2052105385
https://openalex.org/W2070696050
https://openalex.org/W2085944828
https://openalex.org/W2090569087
https://openalex.org/W2091433389
https://openalex.org/W2091856099
https://openalex.org/W2098778334
https://openalex.org/W2104850002
https://openalex.org/W2110003603
https://openalex.org/W2129608123
https://openalex.org/W2162903721
https://openalex.org/W2164817064
https://openalex.org/W2780166139
https://openalex.org/W2785908870
https://openalex.org/W2787665771
https://openalex.org/W2808033795
https://openalex.org/W2824642132
https://openalex.org/W2915225750
https://openalex.org/W2937713132
https://openalex.org/W2960982432
https://openalex.org/W2991209306
https://openalex.org/W3015022705
https://openalex.org/W3025009713
https://openalex.org/W3062691006
https://openalex.org/W3186017596
https://openalex.org/W189695072
https://openalex.org/W1967480305
https://openalex.org/W1991064115
https://openalex.org/W2003324830
https://openalex.org/W2007647634
https://openalex.org/W2007741237
https://openalex.org/W2021096446
https://openalex.org/W2022739315
https://openalex.org/W2029680291
https://openalex.org/W2072737118
https://openalex.org/W2073166128
https://openalex.org/W2076742005
https://openalex.org/W2083082422
https://openalex.org/W2087471703
https://openalex.org/W2089375920
https://openalex.org/W2091342143
https://openalex.org/W2093883122
https://openalex.org/W2109250108
https://openalex.org/W2115027729
https://openalex.org/W2116964314
https://openalex.org/W2122717306
https://openalex.org/W2136148344
https://openalex.org/W2137812490
https://openalex.org/W2153003840
https://openalex.org/W2159749268
https://openalex.org/W2195512214
https://openalex.org/W2223210804
https://openalex.org/W23195480
https://openalex.org/W2410262199
https://openalex.org/W2558403462
https://openalex.org/W2578519011
https://openalex.org/W2932124189
https://openalex.org/W2944238819
https://openalex.org/W2964128077
https://openalex.org/W3003441662
https://openalex.org/W3092502073
https://openalex.org/W3100233064
https://openalex.org/W3130174015
https://openalex.org/W3177664440
https://openalex.org/W3195581179
https://openalex.org/W3210533093
https://openalex.org/W4252594645
https://openalex.org/W4296017448
https://openalex.org/W988470742
https://openalex.org/W1579277775
https://openalex.org/W1704992157
https://openalex.org/W1904556025
https://openalex.org/W1966087402
https://openalex.org/W1971116961
https://openalex.org/W1975833763
https://openalex.org/W1978731064
https://openalex.org/W1981241537
https://openalex.org/W1981590342
https://openalex.org/W1986986657
https://openalex.org/W1988088224
https://openalex.org/W2013623390
https://openalex.org/W2020420398
https://openalex.org/W2021431367
https://openalex.org/W2023960546
https://openalex.org/W2031539626
https://openalex.org/W2031759160
https://openalex.org/W2034014394
https://openalex.org/W2035841032
https://openalex.org/W2039514479
https://openalex.org/W2049157159
https://openalex.org/W2059285383
https://openalex.org/W2066523495
https://openalex.org/W2087261106
https://openalex.org/W2103161926
https://openalex.org/W2108375592
https://openalex.org/W2128684664
https://openalex.org/W2132345805
https://openalex.org/W2137148375
https://openalex.org/W2140249287
https://openalex.org/W2154898257
https://openalex.org/W2159601698
https://openalex.org/W2166025971
https://openalex.org/W2315841657
https://openalex.org/W2411979509
https://openalex.org/W2416799315
https://openalex.org/W2468075326
https://openalex.org/W2523884707
https://openalex.org/W2608454961
https://openalex.org/W2751596576
https://openalex.org/W2752601404
https://openalex.org/W2793776525
https://openalex.org/W2953170223
https://openalex.org/W2963614808
https://openalex.org/W2979678340
https://openalex.org/W3118566540
https://openalex.org/W3185070407
https://openalex.org/W3189917896
https://openalex.org/W3199233665
https://openalex.org/W3200226764
https://openalex.org/W4200043799
https://openalex.org/W4308876442
https://openalex.org/W1578079909
https://openalex.org/W1581574093
https://openalex.org/W1696089740
https://openalex.org/W1972848405
https://openalex.org/W1981422692
https://openalex.org/W1986607176
https://openalex.org/W1991496057
https://openalex.org/W1992648551
https://openalex.org/W2012411590
https://openalex.org/W2013567383
https://openalex.org/W2016617546
https://openalex.org/W2019706846
https://openalex.org/W2022322757
https://openalex.org/W2022405055
https://openalex.org/W2046504320
https://openalex.org/W2047861917
https://openalex.org/W2054111016
https://openalex.org/W2061404114
https://openalex.org/W2066944591
https://openalex.org/W2074798626
https://openalex.org/W2075811023
https://openalex.org/W2077129016
https://openalex.org/W2078661237
https://openalex.org/W2080098206
https://openalex.org/W2085368418
https://openalex.org/W2086682820
https://openalex.org/W2099121333
https://openalex.org/W2102469149
https://openalex.org/W2102609795
https://openalex.org/W2107965565
https://openalex.org/W2115484828
https://openalex.org/W2116827302
https://openalex.org/W2128962963
https://openalex.org/W2129388888
https://openalex.org/W2130113558
https://openalex.org/W2130432358
https://openalex.org/W2139488115
https://openalex.org/W2140675008
https://openalex.org/W2141963974
https://openalex.org/W2142606779
https://openalex.org/W2170231121
https://openalex.org/W2173292283
https://openalex.org/W2194315124
https://openalex.org/W2231393312
https://openalex.org/W2301207538
https://openalex.org/W242313783
https://openalex.org/W2437917514
https://openalex.org/W2543919590
https://openalex.org/W2590295102
https://openalex.org/W2621341837
https://openalex.org/W2851955863
https://openalex.org/W2883547939
https://openalex.org/W2884628875
https://openalex.org/W2952213321
https://openalex.org/W2998820638
https://openalex.org/W3000597508
https://openalex.org/W3004332087
https://openalex.org/W3009958993
https://openalex.org/W3011168569
https://openalex.org/W3013074910
https://openalex.org/W3095341827
https://openalex.org/W3126577546
https://openalex.org/W3136763298
https://openalex.org/W3157485222
https://openalex.org/W3186824000
https://openalex.org/W3188515086
https://openalex.org/W3202454100
https://openalex.org/W3205563853
https://openalex.org/W4244417741
https://openalex.org/W4308100452
https://openalex.org/W4311279611
https://openalex.org/W1594462887
https://openalex.org/W1779355022
https://openalex.org/W1966464058
https://openalex.org/W1976077052
https://openalex.org/W1976602409
https://openalex.org/W2000364782
https://openalex.org/W2035986508
https://openalex.org/W2039249644
https://openalex.org/W2047760179
https://openalex.org/W2052279076
https://openalex.org/W2058729475
https://openalex.org/W2062184651
https://openalex.org/W2073918399
https://openalex.org/W2082336152
https://openalex.org/W2089361877
https://openalex.org/W2098969052
https://openalex.org/W2101945033
https://openalex.org/W2106351923
https://openalex.org/W2120986426
https://openalex.org/W2127309879
https://openalex.org/W2132977579
https://openalex.org/W2145388396
https://openalex.org/W2145756612
https://openalex.org/W2146587833
https://openalex.org/W2147335338
https://openalex.org/W2149005797
https://openalex.org/W2151744836
https://openalex.org/W2162744959
https://openalex.org/W2258952182
https://openalex.org/W2317368895
https://openalex.org/W2319519195
https://openalex.org/W2326657562
https://openalex.org/W2328073374
https://openalex.org/W2338108529
https://openalex.org/W2349861842
https://openalex.org/W2415600724
https://openalex.org/W2419631642
https://openalex.org/W2462033880
https://openalex.org/W2558213294
https://openalex.org/W2590654879
https://openalex.org/W2781786777
https://openalex.org/W2793680895
https://openalex.org/W2801313321
https://openalex.org/W2801502539
https://openalex.org/W2911507357
https://openalex.org/W2915202963
https://openalex.org/W2947858647
https://openalex.org/W3004490062
https://openalex.org/W3083741489
https://openalex.org/W3198642239
https://openalex.org/W4200096972
https://openalex.org/W4205475181
https://openalex.org/W4206324313
https://openalex.org/W4210432873
https://openalex.org/W4226290161
https://openalex.org/W4238837945
https://openalex.org/W4293715917
https://openalex.org/W4300003640
https://openalex.org/W4308102032
https://openalex.org/W653751874
https://openalex.org/W83193087
https://openalex.org/W1512834208
https://openalex.org/W1563094532
https://openalex.org/W1571921213
https://openalex.org/W1582036381
https://openalex.org/W1592894636
https://openalex.org/W1602374181
https://openalex.org/W1616225213
https://openalex.org/W1833817075
https://openalex.org/W1965237714
https://openalex.org/W1985299642
https://openalex.org/W2007295707
https://openalex.org/W2020915177
https://openalex.org/W2021975337
https://openalex.org/W2023950537
https://openalex.org/W2031776678
https://openalex.org/W2038149189
https://openalex.org/W2057249306
https://openalex.org/W2064148665
https://openalex.org/W2071268771
https://openalex.org/W2076228338
https://openalex.org/W2081309450
https://openalex.org/W2082792796
https://openalex.org/W2096259343
https://openalex.org/W2101601219
https://openalex.org/W2103321321
https://openalex.org/W2105703429
https://openalex.org/W2121371400
https://openalex.org/W2134622552
https://openalex.org/W2137121506
https://openalex.org/W2140239645
https://openalex.org/W2150867873
https://openalex.org/W2159485895
https://openalex.org/W2260786485
https://openalex.org/W2315301846
https://openalex.org/W2404253033
https://openalex.org/W2404794865
https://openalex.org/W2408912340
https://openalex.org/W2563154257
https://openalex.org/W2602204293
https://openalex.org/W2766069615
https://openalex.org/W2801098147
https://openalex.org/W2831666355
https://openalex.org/W2889254811
https://openalex.org/W2906995293
https://openalex.org/W2911279511
https://openalex.org/W2947560557
https://openalex.org/W2950757978
https://openalex.org/W2951771940
https://openalex.org/W2952272739
https://openalex.org/W3047257008
https://openalex.org/W3092374747
https://openalex.org/W3165345622
https://openalex.org/W3187831271
https://openalex.org/W3192273948
https://openalex.org/W3197081494
https://openalex.org/W4210890114
https://openalex.org/W4214698521
https://openalex.org/W4221018314
https://openalex.org/W4224284568
https://openalex.org/W4234506537
https://openalex.org/W4253261064
https://openalex.org/W1558182156
https://openalex.org/W1575767175
https://openalex.org/W1577542498
https://openalex.org/W1579969987
https://openalex.org/W1583343176
https://openalex.org/W1817663018
https://openalex.org/W1966504312
https://openalex.org/W1989473765
https://openalex.org/W1994517069
https://openalex.org/W1998132322
https://openalex.org/W2001673558
https://openalex.org/W2017829035
https://openalex.org/W2019005057
https://openalex.org/W2024822082
https://openalex.org/W2032221742
https://openalex.org/W2033417127
https://openalex.org/W2034593871
https://openalex.org/W2041510801
https://openalex.org/W2053133433
https://openalex.org/W2073519185
https://openalex.org/W2075756595
https://openalex.org/W2080519054
https://openalex.org/W2083256675
https://openalex.org/W2087440878
https://openalex.org/W2108290698
https://openalex.org/W2114704312
https://openalex.org/W2122361682
https://openalex.org/W2126135473
https://openalex.org/W2145830028
https://openalex.org/W2153628518
https://openalex.org/W2156986568
https://openalex.org/W2269971456
https://openalex.org/W2280147653
https://openalex.org/W2319650063
https://openalex.org/W2343097038
https://openalex.org/W2484394996
https://openalex.org/W2523808588
https://openalex.org/W2549499287
https://openalex.org/W2587780046
https://openalex.org/W2736674084
https://openalex.org/W2781861568
https://openalex.org/W2795853675
https://openalex.org/W2803188074
https://openalex.org/W2819314494
https://openalex.org/W2899801493
https://openalex.org/W2941547503
https://openalex.org/W3009201068
https://openalex.org/W3017358005
https://openalex.org/W3023425503
https://openalex.org/W305047648
https://openalex.org/W3092119299
https://openalex.org/W3110166877
https://openalex.org/W3154332318
https://openalex.org/W3170330512
https://openalex.org/W3198602357
https://openalex.org/W3214442151
https://openalex.org/W4205910945
https://openalex.org/W4210592523
https://openalex.org/W4223501771
https://openalex.org/W4245761211
https://openalex.org/W4292343074
https://openalex.org/W1530229580
https://openalex.org/W1569250467
https://openalex.org/W1586307424
https://openalex.org/W1989712609
https://openalex.org/W1994856041
https://openalex.org/W2005399192
https://openalex.org/W2015430018
https://openalex.org/W2024382843
https://openalex.org/W2048347228
https://openalex.org/W2050252071
https://openalex.org/W2067447008
https://openalex.org/W2069833819
https://openalex.org/W2089714458
https://openalex.org/W2102313931
https://openalex.org/W2105214278
https://openalex.org/W2127098065
https://openalex.org/W2129606413
https://openalex.org/W2133599250
https://openalex.org/W2136128458
https://openalex.org/W2140418875
https://openalex.org/W2145712255
https://openalex.org/W2147681691
https://openalex.org/W2148098427
https://openalex.org/W2158014010
https://openalex.org/W2164683050
https://openalex.org/W2253322297
https://openalex.org/W2323985754
https://openalex.org/W2344226670
https://openalex.org/W2408931917
https://openalex.org/W2499647069
https://openalex.org/W2577121104
https://openalex.org/W2616269701
https://openalex.org/W2626957234
https://openalex.org/W2754837853
https://openalex.org/W2760248399
https://openalex.org/W2766026664
https://openalex.org/W2911929572
https://openalex.org/W2952718299
https://openalex.org/W2978504761
https://openalex.org/W2980190882
https://openalex.org/W2985218045
https://openalex.org/W2987590625
https://openalex.org/W3003223263
https://openalex.org/W3012998317
https://openalex.org/W3016379133
https://openalex.org/W3027290543
https://openalex.org/W3045697725
https://openalex.org/W3098148461
https://openalex.org/W3107871945
https://openalex.org/W3111653376
https://openalex.org/W3112604748
https://openalex.org/W3112860224
https://openalex.org/W3126154801
https://openalex.org/W3131544246
https://openalex.org/W3176912061
https://openalex.org/W3185628382
https://openalex.org/W4200023417
https://openalex.org/W4206450381
https://openalex.org/W4250636026
https://openalex.org/W4287509884
https://openalex.org/W4308196018
https://openalex.org/W93053053
https://openalex.org/W119719282
https://openalex.org/W1479932647
https://openalex.org/W1607138872
https://openalex.org/W1767162283
https://openalex.org/W1773901953
https://openalex.org/W1967767955
https://openalex.org/W1971366775
https://openalex.org/W1979321563
https://openalex.org/W1991025200
https://openalex.org/W1991774206
https://openalex.org/W2002342985
https://openalex.org/W2011516516
https://openalex.org/W2015955555
https://openalex.org/W2027793064
https://openalex.org/W2033911006
https://openalex.org/W203930023
https://openalex.org/W2042981905
https://openalex.org/W2046182975
https://openalex.org/W2054872620
https://openalex.org/W2074516066
https://openalex.org/W2081605000
https://openalex.org/W2085902941
https://openalex.org/W2089726461
https://openalex.org/W2109327062
https://openalex.org/W2111667893
https://openalex.org/W2131767990
https://openalex.org/W2167034322
https://openalex.org/W2169398216
https://openalex.org/W2170869576
https://openalex.org/W2279420623
https://openalex.org/W2282494501
https://openalex.org/W2309819751
https://openalex.org/W2320168619
https://openalex.org/W2323108247
https://openalex.org/W2575520398
https://openalex.org/W2577764972
https://openalex.org/W2738807346
https://openalex.org/W2771983446
https://openalex.org/W2786793206
https://openalex.org/W2808331341
https://openalex.org/W2892524341
https://openalex.org/W2897798254
https://openalex.org/W2899535004
https://openalex.org/W2902927464
https://openalex.org/W2903083876
https://openalex.org/W2908415217
https://openalex.org/W2948095070
https://openalex.org/W2954375662
https://openalex.org/W2980921156
https://openalex.org/W2983399058
https://openalex.org/W3004679671
https://openalex.org/W3022842616
https://openalex.org/W303801544
https://openalex.org/W3047414617
https://openalex.org/W3090019135
https://openalex.org/W3095040799
https://openalex.org/W3109411992
https://openalex.org/W3119046170
https://openalex.org/W3119476045
https://openalex.org/W3155734261
https://openalex.org/W3187469816
https://openalex.org/W3199767076
https://openalex.org/W4200476783
https://openalex.org/W4210315829
https://openalex.org/W4210639269
https://openalex.org/W4211030274
https://openalex.org/W4247057826
https://openalex.org/W4283325031
https://openalex.org/W4297263501
https://openalex.org/W4306734479
https://openalex.org/W4313828881
https://openalex.org/W4362499786
https://openalex.org/W4385657524
https://openalex.org/W82198721
https://openalex.org/W1450330308
https://openalex.org/W1557705472
https://openalex.org/W1566469735
https://openalex.org/W171903721
https://openalex.org/W1775342150
https://openalex.org/W1971206320
https://openalex.org/W1972206276
https://openalex.org/W1984720064
https://openalex.org/W1997304418
https://openalex.org/W2003011052
https://openalex.org/W2007254531
https://openalex.org/W2007665594
https://openalex.org/W2015236190
https://openalex.org/W2017584744
https://openalex.org/W2026010414
https://openalex.org/W2031103213
https://openalex.org/W2032421088
https://openalex.org/W2036021509
https://openalex.org/W2045517234
https://openalex.org/W2051536267
https://openalex.org/W2054624603
https://openalex.org/W2058248017
https://openalex.org/W2062280880
https://openalex.org/W2065995807
https://openalex.org/W2070708973
https://openalex.org/W2077339138
https://openalex.org/W2090769558
https://openalex.org/W2128351330
https://openalex.org/W2128424995
https://openalex.org/W2132059592
https://openalex.org/W2141944702
https://openalex.org/W2143076864
https://openalex.org/W2146195530
https://openalex.org/W2218096160
https://openalex.org/W222506701
https://openalex.org/W2240346481
https://openalex.org/W2316791273
https://openalex.org/W2345379972
https://openalex.org/W2402110966
https://openalex.org/W2413026605
https://openalex.org/W2503677413
https://openalex.org/W2521453944
https://openalex.org/W2529280120
https://openalex.org/W2530806571
https://openalex.org/W2540909681
https://openalex.org/W2591209699
https://openalex.org/W2599186963
https://openalex.org/W2611325948
https://openalex.org/W2678690324
https://openalex.org/W2699328289
https://openalex.org/W2733771514
https://openalex.org/W2740265126
https://openalex.org/W2747622173
https://openalex.org/W2767145909
https://openalex.org/W2777427632
https://openalex.org/W2789716307
https://openalex.org/W2886890591
https://openalex.org/W2889921347
https://openalex.org/W2891668189
https://openalex.org/W2902942034
https://openalex.org/W2918264511
https://openalex.org/W2951980617
https://openalex.org/W2954154326
https://openalex.org/W2972832529
https://openalex.org/W3081943941
https://openalex.org/W3089860907
https://openalex.org/W3096371429
https://openalex.org/W3126999679
https://openalex.org/W3155980585
https://openalex.org/W3183441166
https://openalex.org/W3191160652
https://openalex.org/W3201947478
https://openalex.org/W3209171918
https://openalex.org/W4200137455
https://openalex.org/W4213112735
https://openalex.org/W4224257517
https://openalex.org/W4248903596
https://openalex.org/W4280553946
https://openalex.org/W4282591228
https://openalex.org/W4283465519
https://openalex.org/W4286510405
https://openalex.org/W4293797964
https://openalex.org/W4295845728
https://openalex.org/W4307649978
https://openalex.org/W4323539549
https://openalex.org/W70986010
https://openalex.org/W1515317833
https://openalex.org/W1515872286
https://openalex.org/W1545903567
https://openalex.org/W1567562753
https://openalex.org/W1575079921
https://openalex.org/W163933635
https://openalex.org/W1960731399
https://openalex.org/W1967479853
https://openalex.org/W1967732641
https://openalex.org/W1967899750
https://openalex.org/W1977542715
https://openalex.org/W1985490591
https://openalex.org/W1985513578
https://openalex.org/W198559757
https://openalex.org/W1989853296
https://openalex.org/W2009816641
https://openalex.org/W2009857666
https://openalex.org/W2014256349
https://openalex.org/W2016467446
https://openalex.org/W2025818867
https://openalex.org/W2038997353
https://openalex.org/W2042702737
https://openalex.org/W2044063572
https://openalex.org/W2046843022
https://openalex.org/W2055013982
https://openalex.org/W2058961250
https://openalex.org/W2062164649
https://openalex.org/W2063717902
https://openalex.org/W2074792970
https://openalex.org/W2078328598
https://openalex.org/W2088773479
https://openalex.org/W2095756474
https://openalex.org/W2108758219
https://openalex.org/W2114634248
https://openalex.org/W2133022372
https://openalex.org/W2138183672
https://openalex.org/W2162551755
https://openalex.org/W2283189822
https://openalex.org/W2299152413
https://openalex.org/W2314983834
https://openalex.org/W2317713404
https://openalex.org/W2336940143
https://openalex.org/W2402766056
https://openalex.org/W2403448670
https://openalex.org/W2551566122
https://openalex.org/W2594214020
https://openalex.org/W2594679250
https://openalex.org/W2595033560
https://openalex.org/W2602708391
https://openalex.org/W2610255033
https://openalex.org/W2611663061
https://openalex.org/W2617433424
https://openalex.org/W2617701337
https://openalex.org/W2733728994
https://openalex.org/W2739912606
https://openalex.org/W2747048009
https://openalex.org/W2762451721
https://openalex.org/W2901089527
https://openalex.org/W2905020188
https://openalex.org/W2921415415
https://openalex.org/W2937163338
https://openalex.org/W2944570106
https://openalex.org/W2947772287
https://openalex.org/W2950612652
https://openalex.org/W2953698192
https://openalex.org/W2962968514
https://openalex.org/W2980132633
https://openalex.org/W2999078406
https://openalex.org/W3000349827
https://openalex.org/W3030484298
https://openalex.org/W3035502418
https://openalex.org/W3113247071
https://openalex.org/W3131263627
https://openalex.org/W3160229502
https://openalex.org/W3162109958
https://openalex.org/W3162759720
https://openalex.org/W3165955084
https://openalex.org/W3174230494
https://openalex.org/W3184920391
https://openalex.org/W3186531808
https://openalex.org/W3201522501
https://openalex.org/W33457774
https://openalex.org/W4205635777
https://openalex.org/W4224313622
https://openalex.org/W4225768488
https://openalex.org/W4226369980
https://openalex.org/W4235691883
https://openalex.org/W4246505186
https://openalex.org/W4254256730
https://openalex.org/W4283662773
https://openalex.org/W4283791755
https://openalex.org/W4288010110
https://openalex.org/W4293089047
https://openalex.org/W4298006959
https://openalex.org/W4309944744
https://openalex.org/W4320857161
https://openalex.org/W4324027287
https://openalex.org/W4327575890
https://openalex.org/W4382394156
https://openalex.org/W4384700288
https://openalex.org/W565818714
https://openalex.org/W605636692
https://openalex.org/W632482059
https://openalex.org/W6987225
https://openalex.org/W113434590
https://openalex.org/W1535132774
https://openalex.org/W1586655877
https://openalex.org/W1621601711
https://openalex.org/W1889991999
https://openalex.org/W1925156847
https://openalex.org/W1964858987
https://openalex.org/W197709302
https://openalex.org/W1981331323
https://openalex.org/W1985552761
https://openalex.org/W1989630547
https://openalex.org/W2005951637
https://openalex.org/W2012025755
https://openalex.org/W2014458726
https://openalex.org/W2019815357
https://openalex.org/W2042782414
https://openalex.org/W2045167054
https://openalex.org/W2048384065
https://openalex.org/W2048665135
https://openalex.org/W2053194656
https://openalex.org/W2054360896
https://openalex.org/W2055913158
https://openalex.org/W2056989785
https://openalex.org/W2058213185
https://openalex.org/W2071499357
https://openalex.org/W2075188665
https://openalex.org/W2083441454
https://openalex.org/W2083807393
https://openalex.org/W2084153519
https://openalex.org/W2084784751
https://openalex.org/W2085508084
https://openalex.org/W2097108186
https://openalex.org/W2099315603
https://openalex.org/W2103792561
https://openalex.org/W2106906787
https://openalex.org/W2108604888
https://openalex.org/W2126686595
https://openalex.org/W2130041787
https://openalex.org/W2136193897
https://openalex.org/W2146287061
https://openalex.org/W2161380885
https://openalex.org/W2208706693
https://openalex.org/W2252550901
https://openalex.org/W2257061756
https://openalex.org/W2266540775
https://openalex.org/W2290905617
https://openalex.org/W2312447919
https://openalex.org/W2319229505
https://openalex.org/W2321771785
https://openalex.org/W2325079631
https://openalex.org/W2327924805
https://openalex.org/W2328028526
https://openalex.org/W2329214862
https://openalex.org/W2345206261
https://openalex.org/W2403594750
https://openalex.org/W2403951350
https://openalex.org/W2404694200
https://openalex.org/W2409433946
https://openalex.org/W2410281628
https://openalex.org/W2427373172
https://openalex.org/W2428506339
https://openalex.org/W2461069159
https://openalex.org/W2473039031
https://openalex.org/W2483663098
https://openalex.org/W2495741476
https://openalex.org/W2502271303
https://openalex.org/W2513424068
https://openalex.org/W2520372611
https://openalex.org/W2521741875
https://openalex.org/W2533224943
https://openalex.org/W2540582382
https://openalex.org/W2547173208
https://openalex.org/W2557293196
https://openalex.org/W2562387405
https://openalex.org/W2568159009
https://openalex.org/W2588464840
https://openalex.org/W2590804739
https://openalex.org/W2594421734
https://openalex.org/W259935
https://openalex.org/W2601974454
https://openalex.org/W2602533436
https://openalex.org/W2607818586
https://openalex.org/W2610698334
https://openalex.org/W2692107268
https://openalex.org/W2741302234
https://openalex.org/W2755561865
https://openalex.org/W2776176877
https://openalex.org/W2776325988
https://openalex.org/W2800868600
https://openalex.org/W2808389932
https://openalex.org/W287933074
https://openalex.org/W2891945079
https://openalex.org/W2915729226
https://openalex.org/W2924337653
https://openalex.org/W2945194721
https://openalex.org/W2950941859
https://openalex.org/W2951123146
https://openalex.org/W2962224359
https://openalex.org/W2963402087
https://openalex.org/W2963532052
https://openalex.org/W2977051956
https://openalex.org/W2984687591
https://openalex.org/W2991157902
https://openalex.org/W2995257964
https://openalex.org/W3004703721
https://openalex.org/W3010893885
https://openalex.org/W3012381189
https://openalex.org/W3019285133
https://openalex.org/W3038033818
https://openalex.org/W3084860630
https://openalex.org/W3097194433
https://openalex.org/W3133624830
https://openalex.org/W3155139000
https://openalex.org/W3157585032
https://openalex.org/W3173944773
https://openalex.org/W3176632989
https://openalex.org/W3179678719
https://openalex.org/W3195852320
https://openalex.org/W3196960067
https://openalex.org/W3200493875
https://openalex.org/W32717531
https://openalex.org/W4205206573
https://openalex.org/W4205420534
https://openalex.org/W4211251928
https://openalex.org/W4220846198
https://openalex.org/W4223954471
https://openalex.org/W4224049892
https://openalex.org/W4225315069
https://openalex.org/W4229681699
https://openalex.org/W4230517251
https://openalex.org/W4232026057
https://openalex.org/W4245704204
https://openalex.org/W4247190439
https://openalex.org/W4249238980
https://openalex.org/W4254949429
https://openalex.org/W4281711737
https://openalex.org/W4290988639
https://openalex.org/W4303927998
https://openalex.org/W4305014567
https://openalex.org/W4308489285
https://openalex.org/W4313880189
https://openalex.org/W4315436008
https://openalex.org/W4319996841
https://openalex.org/W4378953465
https://openalex.org/W58232130
https://openalex.org/W609261528
https://openalex.org/W68475612
https://openalex.org/W9738614
https://openalex.org/W109331739
https://openalex.org/W11033548
https://openalex.org/W1480917466
https://openalex.org/W1484763604
https://openalex.org/W150594697
https://openalex.org/W1507713844
https://openalex.org/W1517474659
https://openalex.org/W1518567458
https://openalex.org/W1529949467
https://openalex.org/W1536664006
https://openalex.org/W1588226795
https://openalex.org/W1749780448
https://openalex.org/W1752634242
https://openalex.org/W1914721241
https://openalex.org/W1921461275
https://openalex.org/W1964587479
https://openalex.org/W1969583296
https://openalex.org/W1973342818
https://openalex.org/W1976039140
https://openalex.org/W1978159657
https://openalex.org/W1981041466
https://openalex.org/W1982332333
https://openalex.org/W1984648444
https://openalex.org/W1986574855
https://openalex.org/W1989662858
https://openalex.org/W1990934767
https://openalex.org/W1996500173
https://openalex.org/W1997314157
https://openalex.org/W1997953099
https://openalex.org/W2002999961
https://openalex.org/W2005244506
https://openalex.org/W2006130313
https://openalex.org/W2007884021
https://openalex.org/W2013554180
https://openalex.org/W2016952598
https://openalex.org/W2018117904
https://openalex.org/W2018425975
https://openalex.org/W2023869837
https://openalex.org/W2036782835
https://openalex.org/W2042058134
https://openalex.org/W2044645885
https://openalex.org/W2049304022
https://openalex.org/W2056501690
https://openalex.org/W2058193373
https://openalex.org/W2058198383
https://openalex.org/W2058201737
https://openalex.org/W2063596815
https://openalex.org/W2085087105
https://openalex.org/W2090812058
https://openalex.org/W2105450626
https://openalex.org/W2121948534
https://openalex.org/W2124648309
https://openalex.org/W2128465306
https://openalex.org/W2131102327
https://openalex.org/W2136472273
https://openalex.org/W2140246822
https://openalex.org/W2142908071
https://openalex.org/W2143509371
https://openalex.org/W2144210518
https://openalex.org/W2147467715
https://openalex.org/W2149710640
https://openalex.org/W2151893310
https://openalex.org/W2158285365
https://openalex.org/W2165133173
https://openalex.org/W2186605134
https://openalex.org/W2212993152
https://openalex.org/W2230081137
https://openalex.org/W2240860564
https://openalex.org/W2265785176
https://openalex.org/W2291009541
https://openalex.org/W2294072502
https://openalex.org/W2309090907
https://openalex.org/W2312250347
https://openalex.org/W2321401755
https://openalex.org/W2321470278
https://openalex.org/W2322241751
https://openalex.org/W232587505
https://openalex.org/W2326552052
https://openalex.org/W2326856779
https://openalex.org/W2327619394
https://openalex.org/W2331320239
https://openalex.org/W2332202398
https://openalex.org/W2341437052
https://openalex.org/W2344196981
https://openalex.org/W2365456771
https://openalex.org/W2395151553
https://openalex.org/W2396060616
https://openalex.org/W2397697205
https://openalex.org/W2400434155
https://openalex.org/W2401011780
https://openalex.org/W2401401345
https://openalex.org/W2408928777
https://openalex.org/W2414881290
https://openalex.org/W2414896140
https://openalex.org/W2419086801
https://openalex.org/W2476520806
https://openalex.org/W2482552536
https://openalex.org/W2486294078
https://openalex.org/W2489553758
https://openalex.org/W2492783865
https://openalex.org/W2496980823
https://openalex.org/W2507164285
https://openalex.org/W2530843939
https://openalex.org/W2531858661
https://openalex.org/W2533486448
https://openalex.org/W2553010431
https://openalex.org/W2570006675
https://openalex.org/W2582394369
https://openalex.org/W2585426498
https://openalex.org/W2585653596
https://openalex.org/W2590189676
https://openalex.org/W2592263384
https://openalex.org/W2593525456
https://openalex.org/W2595922051
https://openalex.org/W2599097444
https://openalex.org/W2619061920
https://openalex.org/W2624634944
https://openalex.org/W2735006707
https://openalex.org/W2737316763
https://openalex.org/W2739894836
https://openalex.org/W2740016323
https://openalex.org/W2742163627
https://openalex.org/W2746391698
https://openalex.org/W2748212705
https://openalex.org/W2750825012
https://openalex.org/W2755882639
https://openalex.org/W2766970095
https://openalex.org/W2768620590
https://openalex.org/W2785874198
https://openalex.org/W2793566880
https://openalex.org/W2801504837
https://openalex.org/W2803723292
https://openalex.org/W2811142523
https://openalex.org/W2883866770
https://openalex.org/W2884339879
https://openalex.org/W2885289542
https://openalex.org/W2896504852
https://openalex.org/W2902572371
https://openalex.org/W2907434538
https://openalex.org/W2912687101
https://openalex.org/W2912826943
https://openalex.org/W2914299588
https://openalex.org/W2914642134
https://openalex.org/W2950041105
https://openalex.org/W2959718371
https://openalex.org/W2964875729
https://openalex.org/W2973330585
https://openalex.org/W2977340372
https://openalex.org/W2978562532
https://openalex.org/W2979311117
https://openalex.org/W2982361418
https://openalex.org/W2982761336
https://openalex.org/W2983018590
https://openalex.org/W2998398857
https://openalex.org/W3000069618
https://openalex.org/W3008171032
https://openalex.org/W3010095354
https://openalex.org/W3014971288
https://openalex.org/W3026244986
https://openalex.org/W3040954951
https://openalex.org/W3041266434
https://openalex.org/W3041601210
https://openalex.org/W3045690847
https://openalex.org/W3049033240
https://openalex.org/W3083275226
https://openalex.org/W3087404582
https://openalex.org/W3088130727
https://openalex.org/W3090032437
https://openalex.org/W3092639935
https://openalex.org/W3096302028
https://openalex.org/W3096577205
https://openalex.org/W3097079629
https://openalex.org/W3109746928
https://openalex.org/W3111237371
https://openalex.org/W3127247751
https://openalex.org/W3136224729
https://openalex.org/W3152299619
https://openalex.org/W3160892052
https://openalex.org/W3169822504
https://openalex.org/W3180953020
https://openalex.org/W3183058623
https://openalex.org/W3193085606
https://openalex.org/W3197183608
https://openalex.org/W3197496434
https://openalex.org/W3203725451
https://openalex.org/W3206264856
https://openalex.org/W3209169547
https://openalex.org/W3213191937
https://openalex.org/W3215725306
https://openalex.org/W325728018
https://openalex.org/W337954509
https://openalex.org/W41998127
https://openalex.org/W4200180444
https://openalex.org/W4200392316
https://openalex.org/W4200471931
https://openalex.org/W4210415473
https://openalex.org/W4210742730
https://openalex.org/W4213026610
https://openalex.org/W4220705391
https://openalex.org/W4220775282
https://openalex.org/W4221058288
https://openalex.org/W4224251473
https://openalex.org/W4229483745
https://openalex.org/W4230316045
https://openalex.org/W4232130579
https://openalex.org/W4232427568
https://openalex.org/W4232526235
https://openalex.org/W4233939316
https://openalex.org/W4236179690
https://openalex.org/W4236265429
https://openalex.org/W4240761972
https://openalex.org/W4240862882
https://openalex.org/W4241424051
https://openalex.org/W4244232373
https://openalex.org/W4245769810
https://openalex.org/W4245794400
https://openalex.org/W4246130392
https://openalex.org/W4246445788
https://openalex.org/W4249231360
https://openalex.org/W4249588556
https://openalex.org/W4251853299
https://openalex.org/W4252537143
https://openalex.org/W4280521412
https://openalex.org/W4281745581
https://openalex.org/W4283272704
https://openalex.org/W4285229854
https://openalex.org/W4285587825
https://openalex.org/W4286678124
https://openalex.org/W4286770885
https://openalex.org/W4287980880
https://openalex.org/W4288066844
https://openalex.org/W4289529106
https://openalex.org/W4293215471
https://openalex.org/W4295857369
https://openalex.org/W4295997638
https://openalex.org/W4296086636
https://openalex.org/W4296683302
https://openalex.org/W4297579909
https://openalex.org/W4297580024
https://openalex.org/W4298056098
https://openalex.org/W4298086646
https://openalex.org/W4299306675
https://openalex.org/W4299534178
https://openalex.org/W4299574857
https://openalex.org/W4300774940
https://openalex.org/W4302292979
https://openalex.org/W4302479831
https://openalex.org/W4303628455
https://openalex.org/W4306830332
https://openalex.org/W4308628148
https://openalex.org/W4310224704
https://openalex.org/W4311201804
https://openalex.org/W4311281373
https://openalex.org/W4311349861
https://openalex.org/W4312656265
https://openalex.org/W4313891745
https://openalex.org/W4317035780
https://openalex.org/W4317036977
https://openalex.org/W4318464635
https://openalex.org/W4323044743
https://openalex.org/W4323317597
https://openalex.org/W4323653639
https://openalex.org/W4362543750
https://openalex.org/W4376122000
https://openalex.org/W4378908509
https://openalex.org/W4379281563
https://openalex.org/W4379615554
https://openalex.org/W4380996907
https://openalex.org/W4383747145
https://openalex.org/W4385323586
https://openalex.org/W4385491947
https://openalex.org/W4385620012
https://openalex.org/W4386446079
https://openalex.org/W44683584
https://openalex.org/W50684004
https://openalex.org/W630813248
https://openalex.org/W75846249
https://openalex.org/W101940246
https://openalex.org/W1030684066
https://openalex.org/W105633841
https://openalex.org/W10596743
https://openalex.org/W10666466
https://openalex.org/W112101891
https://openalex.org/W12005777
https://openalex.org/W122694461
https://openalex.org/W1441972890
https://openalex.org/W145190282
https://openalex.org/W1468440977
https://openalex.org/W1484202065
https://openalex.org/W1484393028
https://openalex.org/W1485127105
https://openalex.org/W1492416555
https://openalex.org/W1493831937
https://openalex.org/W1493998674
https://openalex.org/W149414687
https://openalex.org/W1511067910
https://openalex.org/W1511232089
https://openalex.org/W1513483670
https://openalex.org/W1514588624
https://openalex.org/W1518296683
https://openalex.org/W1531757730
https://openalex.org/W1534450622
https://openalex.org/W1541910117
https://openalex.org/W1545964730
https://openalex.org/W1546047941
https://openalex.org/W1549884904
https://openalex.org/W1551427485
https://openalex.org/W1551872394
https://openalex.org/W1553078667
https://openalex.org/W1556083946
https://openalex.org/W1560937938
https://openalex.org/W1588473379
https://openalex.org/W1589801175
https://openalex.org/W1591105311
https://openalex.org/W160155376
https://openalex.org/W1603326041
https://openalex.org/W1615674592
https://openalex.org/W1639530490
https://openalex.org/W1649764979
https://openalex.org/W1668603517
https://openalex.org/W167094391
https://openalex.org/W167626769
https://openalex.org/W168369160
https://openalex.org/W1697908708
https://openalex.org/W1706209561
https://openalex.org/W1823684425
https://openalex.org/W1828226379
https://openalex.org/W1841353683
https://openalex.org/W186812977
https://openalex.org/W1896576166
https://openalex.org/W189902591
https://openalex.org/W191473639
https://openalex.org/W1930904172
https://openalex.org/W1967431966
https://openalex.org/W1967966811
https://openalex.org/W1970019321
https://openalex.org/W1970768932
https://openalex.org/W1973799891
https://openalex.org/W1974021297
https://openalex.org/W1974805843
https://openalex.org/W1975233550
https://openalex.org/W1977166229
https://openalex.org/W1982044734
https://openalex.org/W1984087173
https://openalex.org/W1984512388
https://openalex.org/W1986042228
https://openalex.org/W1987835648
https://openalex.org/W1988159867
https://openalex.org/W1991878792
https://openalex.org/W1993815560
https://openalex.org/W1994526411
https://openalex.org/W1997920304
https://openalex.org/W1997985185
https://openalex.org/W1998521675
https://openalex.org/W1999840178
https://openalex.org/W2000140023
https://openalex.org/W2003010967
https://openalex.org/W2004330440
https://openalex.org/W2007318150
https://openalex.org/W2011353749
https://openalex.org/W2012516752
https://openalex.org/W2013865072
https://openalex.org/W2014467763
https://openalex.org/W2015367864
https://openalex.org/W2017533470
https://openalex.org/W2017627488
https://openalex.org/W2019093204
https://openalex.org/W2022063299
https://openalex.org/W2022408157
https://openalex.org/W2024710490
https://openalex.org/W2026123181
https://openalex.org/W2028375447
https://openalex.org/W2028938630
https://openalex.org/W2029437003
https://openalex.org/W2030291947
https://openalex.org/W2033004758
https://openalex.org/W2033776971
https://openalex.org/W2035186371
https://openalex.org/W2035763177
https://openalex.org/W2036900152
https://openalex.org/W2039983133
https://openalex.org/W2040213413
https://openalex.org/W2040475756
https://openalex.org/W2042948218
https://openalex.org/W2043309644
https://openalex.org/W2043827666
https://openalex.org/W2044938273
https://openalex.org/W2044999176
https://openalex.org/W204567168
https://openalex.org/W2047495151
https://openalex.org/W2050534132
https://openalex.org/W2051784298
https://openalex.org/W2052148638
https://openalex.org/W2052370332
https://openalex.org/W2058008244
https://openalex.org/W2061903024
https://openalex.org/W2062399517
https://openalex.org/W2064204950
https://openalex.org/W2064519584
https://openalex.org/W206555690
https://openalex.org/W2065978207
https://openalex.org/W2068631610
https://openalex.org/W2068698957
https://openalex.org/W2068771324
https://openalex.org/W2069777277
https://openalex.org/W2070656876
https://openalex.org/W2072179612
https://openalex.org/W2072461200
https://openalex.org/W2073743877
https://openalex.org/W2074666505
https://openalex.org/W2074670872
https://openalex.org/W2075071380
https://openalex.org/W2079153920
https://openalex.org/W2081397095
https://openalex.org/W2081892110
https://openalex.org/W2086888256
https://openalex.org/W2087677985
https://openalex.org/W2088431763
https://openalex.org/W2088498291
https://openalex.org/W2089849872
https://openalex.org/W2090008549
https://openalex.org/W2092498473
https://openalex.org/W2093850747
https://openalex.org/W2095659137
https://openalex.org/W2096664266
https://openalex.org/W2101231339
https://openalex.org/W2101380979
https://openalex.org/W2104408597
https://openalex.org/W2105050914
https://openalex.org/W2105210403
https://openalex.org/W2108479266
https://openalex.org/W2112586334
https://openalex.org/W2114243066
https://openalex.org/W2115233103
https://openalex.org/W2122604937
https://openalex.org/W2122612992
https://openalex.org/W2129782315
https://openalex.org/W2131491343
https://openalex.org/W2131632392
https://openalex.org/W2131787331
https://openalex.org/W2132559395
https://openalex.org/W2134896190
https://openalex.org/W2136890093
https://openalex.org/W2136985147
https://openalex.org/W2137024802
https://openalex.org/W2137957098
https://openalex.org/W2151309791
https://openalex.org/W2151564868
https://openalex.org/W2155159897
https://openalex.org/W2157667080
https://openalex.org/W2158613120
https://openalex.org/W2158786494
https://openalex.org/W2159059243
https://openalex.org/W2160958763
https://openalex.org/W2162230723
https://openalex.org/W2176548438
https://openalex.org/W2181855674
https://openalex.org/W2184314836
https://openalex.org/W2188002036
https://openalex.org/W2188455790
https://openalex.org/W2189363161
https://openalex.org/W2193464701
https://openalex.org/W2207921671
https://openalex.org/W2214052342
https://openalex.org/W2222574683
https://openalex.org/W2223836808
https://openalex.org/W2234122725
https://openalex.org/W2242877061
https://openalex.org/W2243202532
https://openalex.org/W2244760222
https://openalex.org/W2245238863
https://openalex.org/W2246869835
https://openalex.org/W2247346337
https://openalex.org/W2248844326
https://openalex.org/W2254818520
https://openalex.org/W2254874952
https://openalex.org/W2266945657
https://openalex.org/W2268779974
https://openalex.org/W2269434238
https://openalex.org/W2270705613
https://openalex.org/W2276245413
https://openalex.org/W2277267010
https://openalex.org/W2280611267
https://openalex.org/W2280797822
https://openalex.org/W2281051816
https://openalex.org/W2284064543
https://openalex.org/W2285836752
https://openalex.org/W2285989621
https://openalex.org/W2286920515
https://openalex.org/W2295262051
https://openalex.org/W2300208035
https://openalex.org/W2308388594
https://openalex.org/W2309564972
https://openalex.org/W2312410563
https://openalex.org/W2313905988
https://openalex.org/W2314177036
https://openalex.org/W2314933511
https://openalex.org/W2316491700
https://openalex.org/W2317175626
https://openalex.org/W2318048790
https://openalex.org/W2318263542
https://openalex.org/W2318521360
https://openalex.org/W2319169407
https://openalex.org/W2319625066
https://openalex.org/W2319866507
https://openalex.org/W2320039927
https://openalex.org/W2320334091
https://openalex.org/W2320577235
https://openalex.org/W2322382920
https://openalex.org/W2322629578
https://openalex.org/W2322832748
https://openalex.org/W2323819099
https://openalex.org/W2323926497
https://openalex.org/W2324170616
https://openalex.org/W2324747327
https://openalex.org/W2324837726
https://openalex.org/W2325494173
https://openalex.org/W2326360477
https://openalex.org/W2327157278
https://openalex.org/W2327567658
https://openalex.org/W2327637165
https://openalex.org/W2328062000
https://openalex.org/W2328293615
https://openalex.org/W2329505580
https://openalex.org/W2331248927
https://openalex.org/W2334930379
https://openalex.org/W2335252216
https://openalex.org/W2335384278
https://openalex.org/W2335650759
https://openalex.org/W2336617866
https://openalex.org/W2337091459
https://openalex.org/W2337108463
https://openalex.org/W2337574339
https://openalex.org/W2337608567
https://openalex.org/W2338309654
https://openalex.org/W2339753865
https://openalex.org/W2340179892
https://openalex.org/W2341213335
https://openalex.org/W2345837019
https://openalex.org/W2350980810
https://openalex.org/W2351118416
https://openalex.org/W2351951560
https://openalex.org/W2352396518
https://openalex.org/W2354722438
https://openalex.org/W2356968268
https://openalex.org/W2359141153
https://openalex.org/W2359349398
https://openalex.org/W2365670668
https://openalex.org/W2365904658
https://openalex.org/W2371034317
https://openalex.org/W2375079959
https://openalex.org/W2376330371
https://openalex.org/W2377173870
https://openalex.org/W2379585524
https://openalex.org/W2383173613
https://openalex.org/W2392088981
https://openalex.org/W2394547299
https://openalex.org/W2396268605
https://openalex.org/W2396769940
https://openalex.org/W2397994972
https://openalex.org/W2399293926
https://openalex.org/W2400656736
https://openalex.org/W2401427538
https://openalex.org/W2403700857
https://openalex.org/W2404393966
https://openalex.org/W2406144531
https://openalex.org/W2406515181
https://openalex.org/W2408157992
https://openalex.org/W2408793565
https://openalex.org/W2408817253
https://openalex.org/W2409153604
https://openalex.org/W2409185053
https://openalex.org/W2409366270
https://openalex.org/W2409885970
https://openalex.org/W2409992504
https://openalex.org/W2410116384
https://openalex.org/W2412463099
https://openalex.org/W2414169890
https://openalex.org/W2416113940
https://openalex.org/W2417332148
https://openalex.org/W2417382445
https://openalex.org/W2417743528
https://openalex.org/W2418210776
https://openalex.org/W2419078260
https://openalex.org/W2421881209
https://openalex.org/W2426497813
https://openalex.org/W2430490790
https://openalex.org/W2431867343
https://openalex.org/W2435315867
https://openalex.org/W2437080316
https://openalex.org/W2438720558
https://openalex.org/W2438793639
https://openalex.org/W2442127544
https://openalex.org/W2443964296
https://openalex.org/W2461041587
https://openalex.org/W2461500826
https://openalex.org/W2462974704
https://openalex.org/W2471919627
https://openalex.org/W2472391215
https://openalex.org/W2472897705
https://openalex.org/W2474812603
https://openalex.org/W2477792805
https://openalex.org/W2480085768
https://openalex.org/W2481742805
https://openalex.org/W2482170424
https://openalex.org/W2486390115
https://openalex.org/W2489613452
https://openalex.org/W2490644627
https://openalex.org/W2492481707
https://openalex.org/W2498658602
https://openalex.org/W2507701050
https://openalex.org/W2509285085
https://openalex.org/W2509560914
https://openalex.org/W2510840699
https://openalex.org/W2511389565
https://openalex.org/W2516048675
https://openalex.org/W2516337108
https://openalex.org/W2517724543
https://openalex.org/W2518232560
https://openalex.org/W2521273106
https://openalex.org/W2522531646
https://openalex.org/W2524033539
https://openalex.org/W2526225908
https://openalex.org/W2531421301
https://openalex.org/W2540276542
https://openalex.org/W2541545776
https://openalex.org/W2546209797
https://openalex.org/W2549489899
https://openalex.org/W2550894807
https://openalex.org/W2554741295
https://openalex.org/W2557208824
https://openalex.org/W2557499120
https://openalex.org/W2557594434
https://openalex.org/W2557674203
https://openalex.org/W2557737329
https://openalex.org/W2558414210
https://openalex.org/W2559057250
https://openalex.org/W2559285175
https://openalex.org/W2559672017
https://openalex.org/W2559744569
https://openalex.org/W2560489104
https://openalex.org/W2560957471
https://openalex.org/W2564529163
https://openalex.org/W2567570400
https://openalex.org/W2569743326
https://openalex.org/W2569882676
https://openalex.org/W2570083714
https://openalex.org/W2570198900
https://openalex.org/W2570282082
https://openalex.org/W257037252
https://openalex.org/W2570537425
https://openalex.org/W2572060844
https://openalex.org/W2575232698
https://openalex.org/W2576751388
https://openalex.org/W2576839715
https://openalex.org/W2577010075
https://openalex.org/W2579023599
https://openalex.org/W2579496949
https://openalex.org/W2580198381
https://openalex.org/W2580266406
https://openalex.org/W2582879085
https://openalex.org/W2583445315
https://openalex.org/W2583556744
https://openalex.org/W2584497812
https://openalex.org/W2586279823
https://openalex.org/W2586781488
https://openalex.org/W2587040280
https://openalex.org/W2588615346
https://openalex.org/W2588662137
https://openalex.org/W2588838724
https://openalex.org/W2589733589
https://openalex.org/W2589835392
https://openalex.org/W2589848047
https://openalex.org/W2592790074
https://openalex.org/W2593267034
https://openalex.org/W2593849528
https://openalex.org/W2595775920
https://openalex.org/W2595840002
https://openalex.org/W2596951162
https://openalex.org/W2597018332
https://openalex.org/W2598211953
https://openalex.org/W2600939044
https://openalex.org/W2601161475
https://openalex.org/W2601989591
https://openalex.org/W260385511
https://openalex.org/W2605162621
https://openalex.org/W2605309649
https://openalex.org/W2606277067
https://openalex.org/W2611386013
https://openalex.org/W2611810789
https://openalex.org/W2612366096
https://openalex.org/W2613499978
https://openalex.org/W2615252202
https://openalex.org/W2615979100
https://openalex.org/W2616401619
https://openalex.org/W2621922472
https://openalex.org/W2625523899
https://openalex.org/W2625554250
https://openalex.org/W2625690726
https://openalex.org/W2628430809
https://openalex.org/W2630476681
https://openalex.org/W2636915230
https://openalex.org/W2638683337
https://openalex.org/W2641627978
https://openalex.org/W2648499852
https://openalex.org/W2649450891
https://openalex.org/W2653478610
https://openalex.org/W2661116781
https://openalex.org/W2662450811
https://openalex.org/W2662482116
https://openalex.org/W2680706907
https://openalex.org/W2688172509
https://openalex.org/W269748440
https://openalex.org/W2698753201
https://openalex.org/W2699198703
https://openalex.org/W2703412329
https://openalex.org/W2704347652
https://openalex.org/W2705382603
https://openalex.org/W2709112774
https://openalex.org/W2713127023
https://openalex.org/W2713310147
https://openalex.org/W2717780969
https://openalex.org/W2722056775
https://openalex.org/W2724465897
https://openalex.org/W2725767410
https://openalex.org/W2726046162
https://openalex.org/W2726353942
https://openalex.org/W2732226536
https://openalex.org/W2734052654
https://openalex.org/W2734807709
https://openalex.org/W2735042752
https://openalex.org/W2736111939
https://openalex.org/W2737607504
https://openalex.org/W2737726958
https://openalex.org/W2739637951
https://openalex.org/W2739787804
https://openalex.org/W2741750399
https://openalex.org/W2744859557
https://openalex.org/W2745427434
https://openalex.org/W2745742334
https://openalex.org/W2746710076
https://openalex.org/W2746797246
https://openalex.org/W2747360615
https://openalex.org/W2747470580
https://openalex.org/W2748104445
https://openalex.org/W2749508499
https://openalex.org/W2751008181
https://openalex.org/W2751223002
https://openalex.org/W2751558438
https://openalex.org/W2754686248
https://openalex.org/W2755257777
https://openalex.org/W2755330297
https://openalex.org/W2756286958
https://openalex.org/W2756718655
https://openalex.org/W2757236469
https://openalex.org/W2757679035
https://openalex.org/W2757753550
https://openalex.org/W2757886577
https://openalex.org/W2757894580
https://openalex.org/W2757895730
https://openalex.org/W2758249570
https://openalex.org/W2758279795
https://openalex.org/W2758929645
https://openalex.org/W2759335283
https://openalex.org/W2760728409
https://openalex.org/W2763145741
https://openalex.org/W2765782087
https://openalex.org/W2766502790
https://openalex.org/W2770121088
https://openalex.org/W2770270206
https://openalex.org/W2771408890
https://openalex.org/W2771627967
https://openalex.org/W2774342520
https://openalex.org/W2776735538
https://openalex.org/W2780622739
https://openalex.org/W2781451906
https://openalex.org/W2782980224
https://openalex.org/W2783108332
https://openalex.org/W2783818084
https://openalex.org/W2784447552
https://openalex.org/W2788012544
https://openalex.org/W2789085059
https://openalex.org/W2789443107
https://openalex.org/W2790196653
https://openalex.org/W2791604925
https://openalex.org/W2793272830
https://openalex.org/W2795762623
https://openalex.org/W2795926862
https://openalex.org/W2795977407
https://openalex.org/W2798953605
https://openalex.org/W2801479125
https://openalex.org/W2802157965
https://openalex.org/W2803917733
https://openalex.org/W2804043529
https://openalex.org/W2804133418
https://openalex.org/W2805509412
https://openalex.org/W2807664449
https://openalex.org/W2809188369
https://openalex.org/W2809192477
https://openalex.org/W2809494470
https://openalex.org/W2811007840
https://openalex.org/W2827542794
https://openalex.org/W2883400106
https://openalex.org/W2884899453
https://openalex.org/W2884980649
https://openalex.org/W2885138867
https://openalex.org/W2886602839
https://openalex.org/W2890387471
https://openalex.org/W2891266577
https://openalex.org/W2891483937
https://openalex.org/W2895590947
https://openalex.org/W2896389829
https://openalex.org/W2899953295
https://openalex.org/W2901514518
https://openalex.org/W2903352040
https://openalex.org/W2903957655
https://openalex.org/W2903993826
https://openalex.org/W2904096471
https://openalex.org/W2905873016
https://openalex.org/W2906284776
https://openalex.org/W2906514725
https://openalex.org/W2906600069
https://openalex.org/W2906978149
https://openalex.org/W2908160210
https://openalex.org/W2908969299
https://openalex.org/W2911873467
https://openalex.org/W2912119592
https://openalex.org/W2912770342
https://openalex.org/W2912959804
https://openalex.org/W2913034175
https://openalex.org/W2913393629
https://openalex.org/W2913687168
https://openalex.org/W2914598853
https://openalex.org/W2915729094
https://openalex.org/W2916431682
https://openalex.org/W2916870537
https://openalex.org/W2923651440
https://openalex.org/W2923654742
https://openalex.org/W2923956911
https://openalex.org/W2938772716
https://openalex.org/W2939887954
https://openalex.org/W2940558789
https://openalex.org/W2941068715
https://openalex.org/W2941113834
https://openalex.org/W2942027645
https://openalex.org/W2942862028
https://openalex.org/W2942988933
https://openalex.org/W2945441372
https://openalex.org/W2945509763
https://openalex.org/W2946706742
https://openalex.org/W2947823186
https://openalex.org/W2948225672
https://openalex.org/W2948338304
https://openalex.org/W2949138233
https://openalex.org/W2949568671
https://openalex.org/W2950283029
https://openalex.org/W2950994343
https://openalex.org/W2951538094
https://openalex.org/W2952315587
https://openalex.org/W2953400268
https://openalex.org/W2953861314
https://openalex.org/W2954203857
https://openalex.org/W2954772735
https://openalex.org/W2959164602
https://openalex.org/W2966261704
https://openalex.org/W2968514390
https://openalex.org/W2970238104
https://openalex.org/W2971842387
https://openalex.org/W2972417811
https://openalex.org/W2975095768
https://openalex.org/W2975297228
https://openalex.org/W2975350791
https://openalex.org/W2975467090
https://openalex.org/W2977130109
https://openalex.org/W2977236833
https://openalex.org/W2977289451
https://openalex.org/W2977403482
https://openalex.org/W2977435922
https://openalex.org/W2979005666
https://openalex.org/W2979349826
https://openalex.org/W2979353885
https://openalex.org/W2979618822
https://openalex.org/W2979734114
https://openalex.org/W2980133022
https://openalex.org/W2980138379
https://openalex.org/W2980238087
https://openalex.org/W2980276088
https://openalex.org/W2980671279
https://openalex.org/W2982931964
https://openalex.org/W2982938708
https://openalex.org/W2984492187
https://openalex.org/W2986036817
https://openalex.org/W2987184480
https://openalex.org/W2988601730
https://openalex.org/W2989260705
https://openalex.org/W2989419272
https://openalex.org/W2989569341
https://openalex.org/W2990481978
https://openalex.org/W2990876308
https://openalex.org/W2991073657
https://openalex.org/W2991136887
https://openalex.org/W2991504656
https://openalex.org/W2991939822
https://openalex.org/W2991969944
https://openalex.org/W2992581619
https://openalex.org/W2992894714
https://openalex.org/W2992991097
https://openalex.org/W2993115102
https://openalex.org/W2993258548
https://openalex.org/W2993547789
https://openalex.org/W2994249751
https://openalex.org/W2994461131
https://openalex.org/W2994525761
https://openalex.org/W2994891864
https://openalex.org/W2994941235
https://openalex.org/W2995761228
https://openalex.org/W2995933910
https://openalex.org/W2996801306
https://openalex.org/W2996851127
https://openalex.org/W2997013386
https://openalex.org/W2997070610
https://openalex.org/W2998314582
https://openalex.org/W2998368149
https://openalex.org/W2998515064
https://openalex.org/W2998702724
https://openalex.org/W3000110669
https://openalex.org/W3001085761
https://openalex.org/W3001219419
https://openalex.org/W3002606501
https://openalex.org/W3002909062
https://openalex.org/W3003451382
https://openalex.org/W3006442656
https://openalex.org/W3006470504
https://openalex.org/W3010003649
https://openalex.org/W3010390687
https://openalex.org/W3010566616
https://openalex.org/W3011419998
https://openalex.org/W3011457038
https://openalex.org/W3011691669
https://openalex.org/W3012063910
https://openalex.org/W3012423139
https://openalex.org/W3012523264
https://openalex.org/W3012917627
https://openalex.org/W3014145737
https://openalex.org/W3014736381
https://openalex.org/W3015165630
https://openalex.org/W3015363328
https://openalex.org/W3015747930
https://openalex.org/W3016315188
https://openalex.org/W3016835503
https://openalex.org/W3017309066
https://openalex.org/W3018959167
https://openalex.org/W3019168618
https://openalex.org/W3020070430
https://openalex.org/W3020613571
https://openalex.org/W3020951819
https://openalex.org/W3021256794
https://openalex.org/W3021517560
https://openalex.org/W3021865522
https://openalex.org/W3022047069
https://openalex.org/W3022465633
https://openalex.org/W3022569097
https://openalex.org/W3023901569
https://openalex.org/W3024041682
https://openalex.org/W3024206716
https://openalex.org/W3025550462
https://openalex.org/W3026523655
https://openalex.org/W3026557271
https://openalex.org/W3026938426
https://openalex.org/W3028618640
https://openalex.org/W3028628251
https://openalex.org/W3029248688
https://openalex.org/W3029727851
https://openalex.org/W3030273958
https://openalex.org/W3030497632
https://openalex.org/W3030700384
https://openalex.org/W3031017414
https://openalex.org/W3031038545
https://openalex.org/W3031376313
https://openalex.org/W3034268806
https://openalex.org/W3035367056
https://openalex.org/W3036433680
https://openalex.org/W3036465281
https://openalex.org/W3036599419
https://openalex.org/W3038345206
https://openalex.org/W3042677268
https://openalex.org/W3043023678
https://openalex.org/W3043083147
https://openalex.org/W3044494427
https://openalex.org/W3045183710
https://openalex.org/W3045338179
https://openalex.org/W3045726260
https://openalex.org/W3048285746
https://openalex.org/W3079494979
https://openalex.org/W3081015844
https://openalex.org/W3081882516
https://openalex.org/W3081964677
https://openalex.org/W3082921243
https://openalex.org/W3083669572
https://openalex.org/W3084253067
https://openalex.org/W3086336130
https://openalex.org/W3088639571
https://openalex.org/W3091260084
https://openalex.org/W3091711232
https://openalex.org/W3091986195
https://openalex.org/W3092307377
https://openalex.org/W3093116494
https://openalex.org/W3094606599
https://openalex.org/W3095541782
https://openalex.org/W3097024120
https://openalex.org/W3097764852
https://openalex.org/W3101167647
https://openalex.org/W3105694976
https://openalex.org/W3107005488
https://openalex.org/W3107858478
https://openalex.org/W3108170411
https://openalex.org/W3109403867
https://openalex.org/W3109684706
https://openalex.org/W3109697664
https://openalex.org/W3109930005
https://openalex.org/W3110540743
https://openalex.org/W3110701080
https://openalex.org/W3111076226
https://openalex.org/W3111246476
https://openalex.org/W3111775799
https://openalex.org/W3112394275
https://openalex.org/W3112430338
https://openalex.org/W3112604996
https://openalex.org/W3113105818
https://openalex.org/W3113250737
https://openalex.org/W3114133562
https://openalex.org/W3117322602
https://openalex.org/W3118531384
https://openalex.org/W3119474515
https://openalex.org/W3121035251
https://openalex.org/W3126499632
https://openalex.org/W3126959613
https://openalex.org/W3127055900
https://openalex.org/W3128123929
https://openalex.org/W3128250570
https://openalex.org/W3130789502
https://openalex.org/W3132402192
https://openalex.org/W3132520277
https://openalex.org/W3134182669
https://openalex.org/W3134512672
https://openalex.org/W3134525226
https://openalex.org/W3134831767
https://openalex.org/W3135609734
https://openalex.org/W3136245953
https://openalex.org/W3136693173
https://openalex.org/W3137066628
https://openalex.org/W3140771886
https://openalex.org/W3143905704
https://openalex.org/W315122974
https://openalex.org/W3153664719
https://openalex.org/W3154259736
https://openalex.org/W3154295817
https://openalex.org/W3155184068
https://openalex.org/W3157733245
https://openalex.org/W3158290343
https://openalex.org/W3158543519
https://openalex.org/W3158682565
https://openalex.org/W3162050122
https://openalex.org/W3162123231
https://openalex.org/W3162655166
https://openalex.org/W3163066611
https://openalex.org/W3165958993
https://openalex.org/W3166300449
https://openalex.org/W3166695190
https://openalex.org/W3168071610
https://openalex.org/W3173684849
https://openalex.org/W3175430473
https://openalex.org/W3176609405
https://openalex.org/W3178475839
https://openalex.org/W3180094459
https://openalex.org/W3180611699
https://openalex.org/W3182866543
https://openalex.org/W3184385948
https://openalex.org/W3187386836
https://openalex.org/W3187756612
https://openalex.org/W3189104912
https://openalex.org/W3189983234
https://openalex.org/W3190519756
https://openalex.org/W3191741956
https://openalex.org/W3191931802
https://openalex.org/W3192019675
https://openalex.org/W3192729524
https://openalex.org/W3195139766
https://openalex.org/W3195241057
https://openalex.org/W3195773060
https://openalex.org/W3196442193
https://openalex.org/W3197494439
https://openalex.org/W3197731324
https://openalex.org/W3200182626
https://openalex.org/W3200687908
https://openalex.org/W3201332402
https://openalex.org/W3203004051
https://openalex.org/W3203723210
https://openalex.org/W3203787271
https://openalex.org/W3205158272
https://openalex.org/W3205801537
https://openalex.org/W3209265850
https://openalex.org/W3213452291
https://openalex.org/W3214964375
https://openalex.org/W3215521197
https://openalex.org/W3217746779
https://openalex.org/W326451926
https://openalex.org/W36759787
https://openalex.org/W368489433
https://openalex.org/W381099964
https://openalex.org/W4200082022
https://openalex.org/W420020086
https://openalex.org/W4200321596
https://openalex.org/W4200409675
https://openalex.org/W4205587046
https://openalex.org/W4205597135
https://openalex.org/W4205670455
https://openalex.org/W4206696758
https://openalex.org/W4210323098
https://openalex.org/W4210465275
https://openalex.org/W4210524462
https://openalex.org/W4210586624
https://openalex.org/W4213054074
https://openalex.org/W4213363613
https://openalex.org/W4214479242
https://openalex.org/W4214577525
https://openalex.org/W4220685549
https://openalex.org/W4220897063
https://openalex.org/W4221024221
https://openalex.org/W4221049434
https://openalex.org/W4224903221
https://openalex.org/W4225964658
https://openalex.org/W4226077715
https://openalex.org/W4226252512
https://openalex.org/W4226415863
https://openalex.org/W4226433934
https://openalex.org/W4229613841
https://openalex.org/W4230295766
https://openalex.org/W4230349052
https://openalex.org/W4230439935
https://openalex.org/W4230664932
https://openalex.org/W4230761335
https://openalex.org/W4230824357
https://openalex.org/W4231521821
https://openalex.org/W4232125981
https://openalex.org/W4232174400
https://openalex.org/W4232786209
https://openalex.org/W4233018123
https://openalex.org/W4233268067
https://openalex.org/W4233396251
https://openalex.org/W4233547006
https://openalex.org/W4233609236
https://openalex.org/W4233904342
https://openalex.org/W4234101481
https://openalex.org/W4234202096
https://openalex.org/W4234375305
https://openalex.org/W4234745165
https://openalex.org/W4234748506
https://openalex.org/W4235606566
https://openalex.org/W4235945489
https://openalex.org/W4235947336
https://openalex.org/W4236218625
https://openalex.org/W4236234618
https://openalex.org/W4236373965
https://openalex.org/W4236745865
https://openalex.org/W4236987641
https://openalex.org/W4237149355
https://openalex.org/W4237239070
https://openalex.org/W4237726253
https://openalex.org/W4237741574
https://openalex.org/W4237860397
https://openalex.org/W4238136018
https://openalex.org/W4238153988
https://openalex.org/W4238203896
https://openalex.org/W4238582089
https://openalex.org/W4239207487
https://openalex.org/W4239246352
https://openalex.org/W4239482810
https://openalex.org/W4239495211
https://openalex.org/W4239886830
https://openalex.org/W4239954713
https://openalex.org/W4239984992
https://openalex.org/W4240007876
https://openalex.org/W4240556125
https://openalex.org/W4240882436
https://openalex.org/W4240914585
https://openalex.org/W4241111266
https://openalex.org/W4242387540
https://openalex.org/W4242423906
https://openalex.org/W4242444853
https://openalex.org/W4242453521
https://openalex.org/W4242608225
https://openalex.org/W4243363024
https://openalex.org/W4243545765
https://openalex.org/W4243566058
https://openalex.org/W4243614268
https://openalex.org/W4243923533
https://openalex.org/W4244978843
https://openalex.org/W4245714151
https://openalex.org/W4245887652
https://openalex.org/W4245939944
https://openalex.org/W4245987578
https://openalex.org/W4246354326
https://openalex.org/W4246406554
https://openalex.org/W4246530906
https://openalex.org/W4246715530
https://openalex.org/W4246771821
https://openalex.org/W4247017287
https://openalex.org/W4247184787
https://openalex.org/W4247292820
https://openalex.org/W4247760942
https://openalex.org/W4249323939
https://openalex.org/W4249352611
https://openalex.org/W4250993044
https://openalex.org/W4251414415
https://openalex.org/W4251603529
https://openalex.org/W4251715218
https://openalex.org/W4251829873
https://openalex.org/W4253150372
https://openalex.org/W4253298338
https://openalex.org/W4253476275
https://openalex.org/W4253737223
https://openalex.org/W4253878973
https://openalex.org/W4254539780
https://openalex.org/W4254630777
https://openalex.org/W4255387687
https://openalex.org/W4255424889
https://openalex.org/W4255526576
https://openalex.org/W4255648786
https://openalex.org/W4255984464
https://openalex.org/W4256453115
https://openalex.org/W4280591323
https://openalex.org/W4280613671
https://openalex.org/W4281687381
https://openalex.org/W4281726199
https://openalex.org/W4281764653
https://openalex.org/W4282980527
https://openalex.org/W4283261094
https://openalex.org/W4283582154
https://openalex.org/W4283807289
https://openalex.org/W4285170268
https://openalex.org/W4285278766
https://openalex.org/W4286678423
https://openalex.org/W4286852018
https://openalex.org/W4286852614
https://openalex.org/W4287981276
https://openalex.org/W4288349215
https://openalex.org/W4290065771
https://openalex.org/W4290832514
https://openalex.org/W4294958056
https://openalex.org/W4295932823
https://openalex.org/W4296580962
https://openalex.org/W4297580109
https://openalex.org/W4297816588
https://openalex.org/W4297829757
https://openalex.org/W4297829844
https://openalex.org/W4297829881
https://openalex.org/W4297829896
https://openalex.org/W4297829925
https://openalex.org/W4297829991
https://openalex.org/W4297830107
https://openalex.org/W4297938750
https://openalex.org/W4297965046
https://openalex.org/W4298088048
https://openalex.org/W4298149498
https://openalex.org/W4298254562
https://openalex.org/W4298355321
https://openalex.org/W4298859342
https://openalex.org/W4298864470
https://openalex.org/W4298910528
https://openalex.org/W4299301819
https://openalex.org/W4299434679
https://openalex.org/W4299624788
https://openalex.org/W4299643182
https://openalex.org/W4299962771
https://openalex.org/W4300099604
https://openalex.org/W4300190568
https://openalex.org/W4300476488
https://openalex.org/W4300595860
https://openalex.org/W4300629588
https://openalex.org/W4300781938
https://openalex.org/W4300840288
https://openalex.org/W4301136325
https://openalex.org/W4301206272
https://openalex.org/W4301795777
https://openalex.org/W4302144769
https://openalex.org/W4303437880
https://openalex.org/W4303940751
https://openalex.org/W4304593309
https://openalex.org/W4306750941
https://openalex.org/W4307034925
https://openalex.org/W4307610549
https://openalex.org/W4308451955
https://openalex.org/W4308607464
https://openalex.org/W4308899765
https://openalex.org/W4309668627
https://openalex.org/W4310433591
https://openalex.org/W4310610051
https://openalex.org/W4310615819
https://openalex.org/W4310632357
https://openalex.org/W4310855595
https://openalex.org/W4311191204
https://openalex.org/W4311953001
https://openalex.org/W4312058932
https://openalex.org/W4312112537
https://openalex.org/W4312410009
https://openalex.org/W4312428242
https://openalex.org/W4312466604
https://openalex.org/W4312542137
https://openalex.org/W4312569979
https://openalex.org/W4312701986
https://openalex.org/W4312817263
https://openalex.org/W4312869559
https://openalex.org/W4312998614
https://openalex.org/W4313003249
https://openalex.org/W4313170268
https://openalex.org/W4313319490
https://openalex.org/W4315436832
https://openalex.org/W4316014306
https://openalex.org/W4317423455
https://openalex.org/W4317567635
https://openalex.org/W4318315099
https://openalex.org/W4318923805
https://openalex.org/W4319662655
https://openalex.org/W4320813772
https://openalex.org/W4321022202
https://openalex.org/W4321605764
https://openalex.org/W4321781654
https://openalex.org/W4322004969
https://openalex.org/W4322624909
https://openalex.org/W4323033534
https://openalex.org/W4323034445
https://openalex.org/W4323034581
https://openalex.org/W4323255745
https://openalex.org/W4323313321
https://openalex.org/W4323362926
https://openalex.org/W4323566585
https://openalex.org/W4324117056
https://openalex.org/W4327913214
https://openalex.org/W4353002111
https://openalex.org/W4360616769
https://openalex.org/W4360868468
https://openalex.org/W4361303127
https://openalex.org/W4361756750
https://openalex.org/W4361834119
https://openalex.org/W4361848727
https://openalex.org/W4361848768
https://openalex.org/W4361874392
https://openalex.org/W4361874598
https://openalex.org/W4361875064
https://openalex.org/W4361884764
https://openalex.org/W4361884772
https://openalex.org/W4361884797
https://openalex.org/W4361884818
https://openalex.org/W4361884919
https://openalex.org/W4361906009
https://openalex.org/W4361906371
https://openalex.org/W4361918770
https://openalex.org/W4361918773
https://openalex.org/W4361918855
https://openalex.org/W4361918949
https://openalex.org/W4361918962
https://openalex.org/W4361945646
https://openalex.org/W4361950843
https://openalex.org/W4361951680
https://openalex.org/W4361960981
https://openalex.org/W4362394536
https://openalex.org/W4362394863
https://openalex.org/W4362493315
https://openalex.org/W4362494515
https://openalex.org/W4362495016
https://openalex.org/W4362529430
https://openalex.org/W4362542162
https://openalex.org/W4362543702
https://openalex.org/W4362592981
https://openalex.org/W4362594672
https://openalex.org/W4362595830
https://openalex.org/W4362596620
https://openalex.org/W4362612871
https://openalex.org/W4362612872
https://openalex.org/W4362612875
https://openalex.org/W4362612971
https://openalex.org/W4362612972
https://openalex.org/W4362612975
https://openalex.org/W4362613006
https://openalex.org/W4362624024
https://openalex.org/W4362624179
https://openalex.org/W4362624183
https://openalex.org/W4362624346
https://openalex.org/W4362624357
https://openalex.org/W4362624365
https://openalex.org/W4362624687
https://openalex.org/W4362657294
https://openalex.org/W4362681348
https://openalex.org/W4363644619
https://openalex.org/W4365148508
https://openalex.org/W4366293700
https://openalex.org/W4366431527
https://openalex.org/W4366548697
https://openalex.org/W4366733969
https://openalex.org/W4367056047
https://openalex.org/W4367309926
https://openalex.org/W4367721109
https://openalex.org/W4372332828
https://openalex.org/W4376866377
https://openalex.org/W4379281289
https://openalex.org/W4379598388
https://openalex.org/W4380291484
https://openalex.org/W4380354569
https://openalex.org/W4380372715
https://openalex.org/W4380447397
https://openalex.org/W4380447429
https://openalex.org/W4380577079
https://openalex.org/W4380577587
https://openalex.org/W4380679903
https://openalex.org/W4380785376
https://openalex.org/W4380876733
https://openalex.org/W4381248064
https://openalex.org/W4381598661
https://openalex.org/W4381793899
https://openalex.org/W4382065245
https://openalex.org/W4382655197
https://openalex.org/W4383534514
https://openalex.org/W4383807974
https://openalex.org/W4384108286
https://openalex.org/W4384405079
https://openalex.org/W4384663397
https://openalex.org/W4384817792
https://openalex.org/W4384820090
https://openalex.org/W4384822186
https://openalex.org/W4384822651
https://openalex.org/W4384822810
https://openalex.org/W4384822855
https://openalex.org/W4384823097
https://openalex.org/W4384824419
https://openalex.org/W4384825511
https://openalex.org/W4384826032
https://openalex.org/W4384826738
https://openalex.org/W4384826967
https://openalex.org/W4384827163
https://openalex.org/W4384827322
https://openalex.org/W4384827551
https://openalex.org/W4384827858
https://openalex.org/W4384828583
https://openalex.org/W4384828648
https://openalex.org/W4384828650
https://openalex.org/W4384829050
https://openalex.org/W4384829089
https://openalex.org/W4384835252
https://openalex.org/W4384937691
https://openalex.org/W4385276720
https://openalex.org/W4385299073
https://openalex.org/W4385499564
https://openalex.org/W4385554572
https://openalex.org/W4385664700
https://openalex.org/W4385830837
https://openalex.org/W4385949425
https://openalex.org/W4385949490
https://openalex.org/W4385949492
https://openalex.org/W4385949535
https://openalex.org/W4385949536
https://openalex.org/W4385949537
https://openalex.org/W4385949538
https://openalex.org/W4385949539
https://openalex.org/W4385949571
https://openalex.org/W4385949620
https://openalex.org/W4385949621
https://openalex.org/W4385949622
https://openalex.org/W4385949623
https://openalex.org/W4385949624
https://openalex.org/W4385949625
https://openalex.org/W4385949626
https://openalex.org/W4385949627
https://openalex.org/W4385949628
https://openalex.org/W4385949629
https://openalex.org/W4385949655
https://openalex.org/W4385949705
https://openalex.org/W4385949706
https://openalex.org/W4385949707
https://openalex.org/W4385949734
https://openalex.org/W4385949737
https://openalex.org/W4385949814
https://openalex.org/W4385949841
https://openalex.org/W4385950901
https://openalex.org/W4385954517
https://openalex.org/W4386001865
https://openalex.org/W4386029100
https://openalex.org/W4386092270
https://openalex.org/W4386188347
https://openalex.org/W4386295801
https://openalex.org/W4386376966
https://openalex.org/W4386404577
https://openalex.org/W4386483517
https://openalex.org/W4386609665
https://openalex.org/W4386700848
https://openalex.org/W4386850954
https://openalex.org/W4386869258
https://openalex.org/W4386878491
https://openalex.org/W4386996860
https://openalex.org/W4387032904
https://openalex.org/W47176278
https://openalex.org/W564459022
https://openalex.org/W565370188
https://openalex.org/W565889203
https://openalex.org/W571187098
https://openalex.org/W573751402
https://openalex.org/W601012791
https://openalex.org/W601845427
https://openalex.org/W60513706
https://openalex.org/W606429057
https://openalex.org/W642231984
https://openalex.org/W648477218
https://openalex.org/W65008930
https://openalex.org/W779543223
https://openalex.org/W856229658
https://openalex.org/W865572976
https://openalex.org/W88157660
https://openalex.org/W94917534
https://openalex.org/W97001542
https://openalex.org/W97889206
https://openalex.org/W998499794
https://openalex.org/W4248251600
https://openalex.org/W2141454098
https://openalex.org/W2164127547
https://openalex.org/W2214621962
https://openalex.org/W2149786401
https://openalex.org/W2620746860
https://openalex.org/W2140876277
https://openalex.org/W2148353957
https://openalex.org/W2111575740
https://openalex.org/W2789869568
https://openalex.org/W1962351050
https://openalex.org/W2314520308
https://openalex.org/W2465092116
https://openalex.org/W2116670113
https://openalex.org/W2008787085
https://openalex.org/W2897236707
https://openalex.org/W2053982496
https://openalex.org/W2066904343
https://openalex.org/W2024809912
https://openalex.org/W2117706634
https://openalex.org/W2040957577
https://openalex.org/W2096717450
https://openalex.org/W2170282111
https://openalex.org/W2014433188
https://openalex.org/W2099562966
https://openalex.org/W2106253081
https://openalex.org/W2041041109
https://openalex.org/W2139957955
https://openalex.org/W2162544653
https://openalex.org/W1603900493
https://openalex.org/W2335075431
https://openalex.org/W2043959346
https://openalex.org/W2144516660
https://openalex.org/W2052975116
https://openalex.org/W2099802989
https://openalex.org/W2155977900
https://openalex.org/W2028671182
https://openalex.org/W2116549540
https://openalex.org/W1972253052
https://openalex.org/W2116668498
https://openalex.org/W2012193854
https://openalex.org/W2338071630
https://openalex.org/W2027630408
https://openalex.org/W2016503643
https://openalex.org/W2012103907
https://openalex.org/W2126872292
https://openalex.org/W2025283490
https://openalex.org/W2147215182
https://openalex.org/W2052400036
https://openalex.org/W2138665911
https://openalex.org/W2790554076
https://openalex.org/W2139485450
https://openalex.org/W2905067650
https://openalex.org/W4211114070
https://openalex.org/W2073440691
https://openalex.org/W2943844914
https://openalex.org/W2170731023
https://openalex.org/W2008808301
https://openalex.org/W2111584304
https://openalex.org/W2211614117
https://openalex.org/W2105114931
https://openalex.org/W2050114269
https://openalex.org/W2081989923
https://openalex.org/W2034483551
https://openalex.org/W2277462866
https://openalex.org/W2014074025
https://openalex.org/W2080562431
https://openalex.org/W2773035279
https://openalex.org/W2004841941
https://openalex.org/W1511048586
https://openalex.org/W2005084092
https://openalex.org/W1990999119
https://openalex.org/W2124908019
https://openalex.org/W2171351334
https://openalex.org/W2144827656
https://openalex.org/W1496719976
https://openalex.org/W2127383554
https://openalex.org/W2142522846
https://openalex.org/W2123360435
https://openalex.org/W2120954784
https://openalex.org/W2063322714
https://openalex.org/W2149953171
https://openalex.org/W2084273803
https://openalex.org/W2161157806
https://openalex.org/W1974218779
https://openalex.org/W2520613901
https://openalex.org/W2171896422
https://openalex.org/W1985538680
https://openalex.org/W2019126372
https://openalex.org/W1994971990
https://openalex.org/W1736647735
https://openalex.org/W2087641300
https://openalex.org/W151173606
https://openalex.org/W2072923797
https://openalex.org/W2116565281
https://openalex.org/W1949216854
https://openalex.org/W2038187915
https://openalex.org/W2166903146
https://openalex.org/W1999503899
https://openalex.org/W2141823911
https://openalex.org/W1983612328
https://openalex.org/W2003857828
https://openalex.org/W2310600162
https://openalex.org/W2084530235
https://openalex.org/W2155640444
https://openalex.org/W2483834070
https://openalex.org/W2056124758
https://openalex.org/W3011518560
https://openalex.org/W2905736690
https://openalex.org/W1972093499
https://openalex.org/W2158444099
https://openalex.org/W1978338336
https://openalex.org/W1972016282
https://openalex.org/W2528415721
https://openalex.org/W2167045574
https://openalex.org/W2132040570
https://openalex.org/W2165397654
https://openalex.org/W2005806113
https://openalex.org/W2008006945
https://openalex.org/W2975895768
https://openalex.org/W2065800156
https://openalex.org/W2323795509
https://openalex.org/W2071925187
https://openalex.org/W1522290718
https://openalex.org/W1965194352
https://openalex.org/W2109824484
https://openalex.org/W138127451
https://openalex.org/W2157123874
https://openalex.org/W2580783696
https://openalex.org/W2020542580
https://openalex.org/W2293680190
https://openalex.org/W2162325236
https://openalex.org/W2089655710
https://openalex.org/W2018842575
https://openalex.org/W2084496706
https://openalex.org/W2335483220
https://openalex.org/W2112130352
https://openalex.org/W2135185355
https://openalex.org/W2763907629
https://openalex.org/W2122611331
https://openalex.org/W2097146460
https://openalex.org/W1588856937
https://openalex.org/W1963659794
https://openalex.org/W1868015982
https://openalex.org/W1918281504
https://openalex.org/W1973493124
https://openalex.org/W2059125534
https://openalex.org/W2068574812
https://openalex.org/W2163170565
https://openalex.org/W2093633243
https://openalex.org/W1968174927
https://openalex.org/W2895578688
https://openalex.org/W2072731639
https://openalex.org/W2041713234
https://openalex.org/W2058239750
https://openalex.org/W3024509282
https://openalex.org/W3088359655
https://openalex.org/W2069613013
https://openalex.org/W2137588530
https://openalex.org/W2072069067
https://openalex.org/W2206159827
https://openalex.org/W1967148249
https://openalex.org/W2318106569
https://openalex.org/W2114619397
https://openalex.org/W2128925051
https://openalex.org/W2133535607
https://openalex.org/W2003679733
https://openalex.org/W2788160989
https://openalex.org/W2012035711
https://openalex.org/W2149892026
https://openalex.org/W2963755605
https://openalex.org/W2042658249
https://openalex.org/W2051983330
https://openalex.org/W2161661825
https://openalex.org/W2950336920
https://openalex.org/W2916822670
https://openalex.org/W3015400158
https://openalex.org/W2054100929
https://openalex.org/W2119229647
https://openalex.org/W2038932414
https://openalex.org/W2050482128
https://openalex.org/W2140183482
https://openalex.org/W1964207055
https://openalex.org/W2124588256
https://openalex.org/W2153533315
https://openalex.org/W2188160595
https://openalex.org/W2022092340
https://openalex.org/W1979961027
https://openalex.org/W2116472340
https://openalex.org/W2167915117
https://openalex.org/W3108609492
https://openalex.org/W2132315724
https://openalex.org/W2273204127
https://openalex.org/W1916656475
https://openalex.org/W2064751761
https://openalex.org/W2067713829
https://openalex.org/W2756823405
https://openalex.org/W2917862264
https://openalex.org/W2016362504
https://openalex.org/W1596581852
https://openalex.org/W2119323978
https://openalex.org/W2511496578
https://openalex.org/W2803557679
https://openalex.org/W1980664778
https://openalex.org/W2141329540
https://openalex.org/W2135375304
https://openalex.org/W2012047090
https://openalex.org/W2156513415
https://openalex.org/W1978264764
https://openalex.org/W2104173785
https://openalex.org/W2472893323
https://openalex.org/W2142737867
https://openalex.org/W2780522199
https://openalex.org/W2834037270
https://openalex.org/W1544329654
https://openalex.org/W1965214134
https://openalex.org/W2024481520
https://openalex.org/W2083924420
https://openalex.org/W2111685560
https://openalex.org/W1963608454
https://openalex.org/W1972866603
https://openalex.org/W2039910348
https://openalex.org/W2509571378
https://openalex.org/W2521606921
https://openalex.org/W2049873036
https://openalex.org/W2110085945
https://openalex.org/W2569689858
https://openalex.org/W1668593943
https://openalex.org/W2017945589
https://openalex.org/W2108160950
https://openalex.org/W2130052270
https://openalex.org/W2137401408
https://openalex.org/W2147731794
https://openalex.org/W2615043171
https://openalex.org/W1981997494
https://openalex.org/W2025733153
https://openalex.org/W2036061473
https://openalex.org/W2603175716
https://openalex.org/W3032007849
https://openalex.org/W2072291715
https://openalex.org/W2135043861
https://openalex.org/W2176970460
https://openalex.org/W2108452017
https://openalex.org/W2153739394
https://openalex.org/W2778580105
https://openalex.org/W2025444835
https://openalex.org/W2146292058
https://openalex.org/W1485889529
https://openalex.org/W2000433980
https://openalex.org/W2034454732
https://openalex.org/W2141976464
https://openalex.org/W2142981860
https://openalex.org/W2792211393
https://openalex.org/W1950270470
https://openalex.org/W2011745050
https://openalex.org/W2058229301
https://openalex.org/W2316748054
https://openalex.org/W1980376664
https://openalex.org/W1987274073
https://openalex.org/W2136224870
https://openalex.org/W1537435549
https://openalex.org/W2109268620
https://openalex.org/W2123627435
https://openalex.org/W2069569950
https://openalex.org/W2147034448
https://openalex.org/W2171530087
https://openalex.org/W2283896427
https://openalex.org/W1921422688
https://openalex.org/W2017047842
https://openalex.org/W2800618087
https://openalex.org/W1996749042
https://openalex.org/W2005476391
https://openalex.org/W2194293427
https://openalex.org/W4375199581
https://openalex.org/W2078055820
https://openalex.org/W2112817293
https://openalex.org/W2773080986
https://openalex.org/W2099763379
https://openalex.org/W1910726787
https://openalex.org/W2059531529
https://openalex.org/W2063706037
https://openalex.org/W4200457203
https://openalex.org/W1608811711
https://openalex.org/W1969983009
https://openalex.org/W2053704632
https://openalex.org/W2096234867
https://openalex.org/W2952505940
https://openalex.org/W4253758178
https://openalex.org/W1526137637
https://openalex.org/W2908608952
https://openalex.org/W1984123163
https://openalex.org/W2071107814
https://openalex.org/W2084592456
https://openalex.org/W2224771663
https://openalex.org/W2588172683
https://openalex.org/W1988697232
https://openalex.org/W2079572716
https://openalex.org/W2102984318
https://openalex.org/W2123910382
https://openalex.org/W2188246217
https://openalex.org/W2034875877
https://openalex.org/W2006189386
https://openalex.org/W1883301416
https://openalex.org/W1993115678
https://openalex.org/W2092623873
https://openalex.org/W2139811611
https://openalex.org/W2162072359
https://openalex.org/W3110664651
https://openalex.org/W2054868586
https://openalex.org/W1589428414
https://openalex.org/W2024597367
https://openalex.org/W2054574125
https://openalex.org/W2054702523
https://openalex.org/W2001981959
https://openalex.org/W2132092970
https://openalex.org/W2170939985
https://openalex.org/W2484229617
https://openalex.org/W4233515809
https://openalex.org/W1981707296
https://openalex.org/W1996804832
https://openalex.org/W2195279622
https://openalex.org/W1989728523
https://openalex.org/W2132532712
https://openalex.org/W1976495284
https://openalex.org/W1995162735
https://openalex.org/W1999301783
https://openalex.org/W2165932899
https://openalex.org/W2093189018
https://openalex.org/W2130948051
https://openalex.org/W2143015249
https://openalex.org/W2054908959
https://openalex.org/W2061943904
https://openalex.org/W2162503073
https://openalex.org/W1526491561
https://openalex.org/W1862849703
https://openalex.org/W2029988520
https://openalex.org/W2559266851
https://openalex.org/W2062723595
https://openalex.org/W2070051875
https://openalex.org/W2091423302
https://openalex.org/W2169863448
https://openalex.org/W2316937443
https://openalex.org/W2571405606
https://openalex.org/W1970123771
https://openalex.org/W2030199474
https://openalex.org/W2056415779
https://openalex.org/W2121118070
https://openalex.org/W2148651211
https://openalex.org/W2160430916
https://openalex.org/W2094827305
https://openalex.org/W1580865324
https://openalex.org/W1986936433
https://openalex.org/W2073432882
https://openalex.org/W2795459341
https://openalex.org/W127375987
https://openalex.org/W1973908799
https://openalex.org/W1974910434
https://openalex.org/W1975156153
https://openalex.org/W2013047640
https://openalex.org/W2316668069
https://openalex.org/W2802984257
https://openalex.org/W4239435043
https://openalex.org/W1493874225
https://openalex.org/W2062822714
https://openalex.org/W2084385144
https://openalex.org/W2159857428
https://openalex.org/W2169823386
https://openalex.org/W1482782246
https://openalex.org/W1969284696
https://openalex.org/W2002033924
https://openalex.org/W2008634645
https://openalex.org/W2317992515
https://openalex.org/W2023672710
https://openalex.org/W2037507488
https://openalex.org/W2328625719
https://openalex.org/W2887032165
https://openalex.org/W2037880400
https://openalex.org/W2066728549
https://openalex.org/W2134904696
https://openalex.org/W2769934181
https://openalex.org/W3111445693
https://openalex.org/W2020795237
https://openalex.org/W2086591801
https://openalex.org/W2088198581
https://openalex.org/W2109773504
https://openalex.org/W2115165239
https://openalex.org/W2155980849
https://openalex.org/W2229248990
https://openalex.org/W2008602727
https://openalex.org/W2102572071
https://openalex.org/W2108174951
https://openalex.org/W2142016013
https://openalex.org/W2169775634
https://openalex.org/W2316947761
https://openalex.org/W3015745133
https://openalex.org/W1984718156
https://openalex.org/W2049449249
https://openalex.org/W2110658695
https://openalex.org/W2191608771
https://openalex.org/W2770112490
https://openalex.org/W2808007234
https://openalex.org/W1974540219
https://openalex.org/W2038146919
https://openalex.org/W2081269472
https://openalex.org/W2134659769
https://openalex.org/W2792893226
https://openalex.org/W3008157277
https://openalex.org/W2024774860
https://openalex.org/W2091701167
https://openalex.org/W2324868154
https://openalex.org/W3085585375
https://openalex.org/W1771720125
https://openalex.org/W2005203134
https://openalex.org/W2049532740
https://openalex.org/W2073623892
https://openalex.org/W2088121671
https://openalex.org/W2098338575
https://openalex.org/W2189895293
https://openalex.org/W2196122234
https://openalex.org/W2417563556
https://openalex.org/W2561803592
https://openalex.org/W2054804413
https://openalex.org/W2107442199
https://openalex.org/W2624365011
https://openalex.org/W2792810995
https://openalex.org/W2900183853
https://openalex.org/W2004832861
https://openalex.org/W2055980801
https://openalex.org/W2099509295
https://openalex.org/W2132088961
https://openalex.org/W2154134441
https://openalex.org/W2338485416
https://openalex.org/W234956257
https://openalex.org/W1969290554
https://openalex.org/W1989739000
https://openalex.org/W2084833342
https://openalex.org/W2101851968
https://openalex.org/W2156685597
https://openalex.org/W2798194382
https://openalex.org/W3138581947
https://openalex.org/W1990389587
https://openalex.org/W2012162324
https://openalex.org/W2114413726
https://openalex.org/W2146196140
https://openalex.org/W2168993313
https://openalex.org/W2328969390
https://openalex.org/W2556865499
https://openalex.org/W2594228885
https://openalex.org/W3017981685
https://openalex.org/W2009028105
https://openalex.org/W2095453785
https://openalex.org/W1819267033
https://openalex.org/W2000591294
https://openalex.org/W2015050472
https://openalex.org/W2049887583
https://openalex.org/W2137105791
https://openalex.org/W2263476190
https://openalex.org/W2783780398
https://openalex.org/W1890260689
https://openalex.org/W1965617014
https://openalex.org/W2020374964
https://openalex.org/W2069447865
https://openalex.org/W2072786897
https://openalex.org/W2163717500
https://openalex.org/W2185302483
https://openalex.org/W198791171
https://openalex.org/W2036975207
https://openalex.org/W2037887403
https://openalex.org/W2065638849
https://openalex.org/W2075853607
https://openalex.org/W2161507125
https://openalex.org/W2409141300
https://openalex.org/W1988629091
https://openalex.org/W2036471116
https://openalex.org/W2068644848
https://openalex.org/W2129215801
https://openalex.org/W2140933833
https://openalex.org/W2148651384
https://openalex.org/W2272372468
https://openalex.org/W1944343534
https://openalex.org/W1968677651
https://openalex.org/W2046718986
https://openalex.org/W2053575636
https://openalex.org/W2255254896
https://openalex.org/W2290262197
https://openalex.org/W2284567439
https://openalex.org/W2604780253
https://openalex.org/W2948775178
https://openalex.org/W1540495670
https://openalex.org/W1975183713
https://openalex.org/W2000443378
https://openalex.org/W2035787131
https://openalex.org/W2132976444
https://openalex.org/W2570593110
https://openalex.org/W2606342421
https://openalex.org/W2902543395
https://openalex.org/W3089513473
https://openalex.org/W1483747674
https://openalex.org/W1532477342
https://openalex.org/W1980670889
https://openalex.org/W1989188759
https://openalex.org/W2009155394
https://openalex.org/W2067588813
https://openalex.org/W2083901489
https://openalex.org/W2086916482
https://openalex.org/W2123040072
https://openalex.org/W2140009560
https://openalex.org/W2161020347
https://openalex.org/W2314283695
https://openalex.org/W2524328407
https://openalex.org/W2546126730
https://openalex.org/W2570057121
https://openalex.org/W2852283981
https://openalex.org/W3035407414
https://openalex.org/W2003448384
https://openalex.org/W2007209181
https://openalex.org/W2011563017
https://openalex.org/W2049216735
https://openalex.org/W2056312686
https://openalex.org/W2083975017
https://openalex.org/W2240174950
https://openalex.org/W2273685335
https://openalex.org/W2331412575
https://openalex.org/W1974715650
https://openalex.org/W2034144425
https://openalex.org/W2091472180
https://openalex.org/W2092162945
https://openalex.org/W2116995839
https://openalex.org/W2124103682
https://openalex.org/W1498014161
https://openalex.org/W1967956295
https://openalex.org/W1992839043
https://openalex.org/W2003471616
https://openalex.org/W2084647543
https://openalex.org/W2112700634
https://openalex.org/W2563694176
https://openalex.org/W3194441010
https://openalex.org/W61457095
https://openalex.org/W2004518238
https://openalex.org/W2072213706
https://openalex.org/W2103139934
https://openalex.org/W2171305995
https://openalex.org/W2595465619
https://openalex.org/W1964239874
https://openalex.org/W1966306211
https://openalex.org/W1988767623
https://openalex.org/W2029295385
https://openalex.org/W2043495022
https://openalex.org/W2045583975
https://openalex.org/W2073564999
https://openalex.org/W2087592610
https://openalex.org/W2114806969
https://openalex.org/W2129408689
https://openalex.org/W2148816954
https://openalex.org/W2156424628
https://openalex.org/W2167671506
https://openalex.org/W2194954788
https://openalex.org/W2320859596
https://openalex.org/W2320997692
https://openalex.org/W2570501007
https://openalex.org/W2592308949
https://openalex.org/W2735160137
https://openalex.org/W2947371554
https://openalex.org/W2987457837
https://openalex.org/W1971375033
https://openalex.org/W1985544840
https://openalex.org/W1991831068
https://openalex.org/W2066066136
https://openalex.org/W2073976736
https://openalex.org/W2102615519
https://openalex.org/W2107639656
https://openalex.org/W2109541764
https://openalex.org/W2167596989
https://openalex.org/W1984239201
https://openalex.org/W2039717081
https://openalex.org/W2106992895
https://openalex.org/W2121310245
https://openalex.org/W2175729897
https://openalex.org/W2273689611
https://openalex.org/W2465018425
https://openalex.org/W2817495207
https://openalex.org/W2891781873
https://openalex.org/W1974923289
https://openalex.org/W1977086834
https://openalex.org/W2041574833
https://openalex.org/W2048866453
https://openalex.org/W2105501168
https://openalex.org/W2124555475
https://openalex.org/W2138969900
https://openalex.org/W2146373443
https://openalex.org/W2287342345
https://openalex.org/W1540703224
https://openalex.org/W1971718922
https://openalex.org/W2034994702
https://openalex.org/W2060319335
https://openalex.org/W2285201826
https://openalex.org/W2324705797
https://openalex.org/W2511028567
https://openalex.org/W2747917548
https://openalex.org/W2769104311
https://openalex.org/W2901466746
https://openalex.org/W1199160317
https://openalex.org/W2015424484
https://openalex.org/W2077442868
https://openalex.org/W2083060807
https://openalex.org/W2090124015
https://openalex.org/W2092053231
https://openalex.org/W2106631796
https://openalex.org/W2114545976
https://openalex.org/W2128798738
https://openalex.org/W2160114990
https://openalex.org/W2262241988
https://openalex.org/W2462744835
https://openalex.org/W2584524963
https://openalex.org/W1982001427
https://openalex.org/W2012880347
https://openalex.org/W2023678871
https://openalex.org/W2075301339
https://openalex.org/W2076269901
https://openalex.org/W2119012969
https://openalex.org/W2154555094
https://openalex.org/W2168139899
https://openalex.org/W2258381949
https://openalex.org/W2333095042
https://openalex.org/W2405726614
https://openalex.org/W2792477488
https://openalex.org/W2968068787
https://openalex.org/W1995274571
https://openalex.org/W2013200403
https://openalex.org/W2045622557
https://openalex.org/W2049493139
https://openalex.org/W2066862513
https://openalex.org/W2084327894
https://openalex.org/W2088596365
https://openalex.org/W2098250732
https://openalex.org/W2112897009
https://openalex.org/W2505859147
https://openalex.org/W1493096096
https://openalex.org/W1996444912
https://openalex.org/W2012903307
https://openalex.org/W2049890810
https://openalex.org/W2053807893
https://openalex.org/W2061820904
https://openalex.org/W2069028515
https://openalex.org/W2090819911
https://openalex.org/W2099904610
https://openalex.org/W2425757810
https://openalex.org/W2509916606
https://openalex.org/W2016086274
https://openalex.org/W2020702820
https://openalex.org/W2044784750
https://openalex.org/W2058874506
https://openalex.org/W2327547894
https://openalex.org/W2330617144
https://openalex.org/W1967947112
https://openalex.org/W1974585950
https://openalex.org/W2001601783
https://openalex.org/W2025977027
https://openalex.org/W2027407917
https://openalex.org/W2066474782
https://openalex.org/W2067426085
https://openalex.org/W2073179194
https://openalex.org/W2129820450
https://openalex.org/W2169069957
https://openalex.org/W2181015690
https://openalex.org/W2619208605
https://openalex.org/W2761180418
https://openalex.org/W2770783011
https://openalex.org/W2790073305
https://openalex.org/W3003346851
https://openalex.org/W1641647539
https://openalex.org/W1888697012
https://openalex.org/W2044273443
https://openalex.org/W2058261916
https://openalex.org/W2067180913
https://openalex.org/W2110068990
https://openalex.org/W2110880731
https://openalex.org/W2285572184
https://openalex.org/W2333898592
https://openalex.org/W2474373162
https://openalex.org/W3159506811
https://openalex.org/W1987484657
https://openalex.org/W2027154196
https://openalex.org/W2035943027
https://openalex.org/W2087025822
https://openalex.org/W2398992563
https://openalex.org/W2783574500
https://openalex.org/W1525978762
https://openalex.org/W1978942485
https://openalex.org/W2009822731
https://openalex.org/W2017610664
https://openalex.org/W2027462971
https://openalex.org/W2044620939
https://openalex.org/W2044768913
https://openalex.org/W2056317680
https://openalex.org/W2104018216
https://openalex.org/W2163261112
https://openalex.org/W2169715537
https://openalex.org/W2313698237
https://openalex.org/W2467748732
https://openalex.org/W2946054531
https://openalex.org/W3028462764
https://openalex.org/W1993328371
https://openalex.org/W1993907915
https://openalex.org/W2025963403
https://openalex.org/W2028900364
https://openalex.org/W2063400319
https://openalex.org/W2067664633
https://openalex.org/W2099887680
https://openalex.org/W2134903200
https://openalex.org/W2142191787
https://openalex.org/W2400940566
https://openalex.org/W2982674222
https://openalex.org/W1966084581
https://openalex.org/W1977827845
https://openalex.org/W1994753374
https://openalex.org/W2007900655
https://openalex.org/W2021685970
https://openalex.org/W2023145242
https://openalex.org/W2098918443
https://openalex.org/W2127731945
https://openalex.org/W2160137443
https://openalex.org/W2332820440
https://openalex.org/W2334971824
https://openalex.org/W2513382730
https://openalex.org/W2560091465
https://openalex.org/W2589106640
https://openalex.org/W2759911238
https://openalex.org/W2784018756
https://openalex.org/W1664923329
https://openalex.org/W1969168327
https://openalex.org/W2051737505
https://openalex.org/W2120688937
https://openalex.org/W2162307286
https://openalex.org/W2308273316
https://openalex.org/W2334211873
https://openalex.org/W2610518103
https://openalex.org/W2902977814
https://openalex.org/W2976010611
https://openalex.org/W3015680150
https://openalex.org/W1497340069
https://openalex.org/W1593318943
https://openalex.org/W1970421873
https://openalex.org/W1979388956
https://openalex.org/W2016448471
https://openalex.org/W2030569325
https://openalex.org/W2042813913
https://openalex.org/W2056522368
https://openalex.org/W2066955137
https://openalex.org/W2076564549
https://openalex.org/W2081308437
https://openalex.org/W2118828860
https://openalex.org/W2316129134
https://openalex.org/W2324293977
https://openalex.org/W2596565027
https://openalex.org/W2736070435
https://openalex.org/W2765795058
https://openalex.org/W2797156240
https://openalex.org/W2803748101
https://openalex.org/W2963586322
https://openalex.org/W1594007807
https://openalex.org/W1992923182
https://openalex.org/W1997221350
https://openalex.org/W2027588127
https://openalex.org/W2062930933
https://openalex.org/W2079991838
https://openalex.org/W2092373031
https://openalex.org/W2784854503
https://openalex.org/W4206076543
https://openalex.org/W1667222429
https://openalex.org/W1982567029
https://openalex.org/W1989317490
https://openalex.org/W1990613641
https://openalex.org/W2013842322
https://openalex.org/W2030667036
https://openalex.org/W2032976534
https://openalex.org/W2044034682
https://openalex.org/W2068634088
https://openalex.org/W2119633815
https://openalex.org/W2287204676
https://openalex.org/W2887542225
https://openalex.org/W2946474118
https://openalex.org/W1688672597
https://openalex.org/W1964937483
https://openalex.org/W1975844733
https://openalex.org/W2037040091
https://openalex.org/W2037966074
https://openalex.org/W2065279458
https://openalex.org/W2072634564
https://openalex.org/W2137654554
https://openalex.org/W2402236966
https://openalex.org/W2557360780
https://openalex.org/W2727369468
https://openalex.org/W2803793575
https://openalex.org/W3141646501
https://openalex.org/W3207000177
https://openalex.org/W1975551061
https://openalex.org/W1980419528
https://openalex.org/W2039500223
https://openalex.org/W2040348102
https://openalex.org/W2044186741
https://openalex.org/W2066496441
https://openalex.org/W2070386709
https://openalex.org/W2084353099
https://openalex.org/W2102575016
https://openalex.org/W2162715917
https://openalex.org/W2164497120
https://openalex.org/W2169928935
https://openalex.org/W2735080693
https://openalex.org/W1938572211
https://openalex.org/W1967454094
https://openalex.org/W1973880725
https://openalex.org/W1998839576
https://openalex.org/W2002832114
https://openalex.org/W2006815289
https://openalex.org/W2009401065
https://openalex.org/W2038537023
https://openalex.org/W2059640585
https://openalex.org/W2084696503
https://openalex.org/W2086715533
https://openalex.org/W2146036536
https://openalex.org/W2148474156
https://openalex.org/W2164846849
https://openalex.org/W2169235973
https://openalex.org/W2209500959
https://openalex.org/W2921921282
https://openalex.org/W3111153768
https://openalex.org/W2013398358
https://openalex.org/W2021410094
https://openalex.org/W2024177986
https://openalex.org/W2039060713
https://openalex.org/W2056918391
https://openalex.org/W2063875041
https://openalex.org/W2074238999
https://openalex.org/W2090154825
https://openalex.org/W2090836757
https://openalex.org/W2096695199
https://openalex.org/W2104497833
https://openalex.org/W2126481898
https://openalex.org/W2150916450
https://openalex.org/W2156002969
https://openalex.org/W2162776383
https://openalex.org/W2171502665
https://openalex.org/W2322873614
https://openalex.org/W2333924706
https://openalex.org/W2589418759
https://openalex.org/W2783906218
https://openalex.org/W3042432682
https://openalex.org/W1969689643
https://openalex.org/W1972265391
https://openalex.org/W1984426532
https://openalex.org/W1997972881
https://openalex.org/W2070681287
https://openalex.org/W2084200513
https://openalex.org/W2132090254
https://openalex.org/W2134253721
https://openalex.org/W2344526676
https://openalex.org/W2585514993
https://openalex.org/W2699947549
https://openalex.org/W2761585616
https://openalex.org/W2917977026
https://openalex.org/W2967652789
https://openalex.org/W2971265334
https://openalex.org/W3007532944
https://openalex.org/W1977060142
https://openalex.org/W2000566202
https://openalex.org/W2004010228
https://openalex.org/W2013145842
https://openalex.org/W2019521769
https://openalex.org/W2039004226
https://openalex.org/W2043202573
https://openalex.org/W2051745457
https://openalex.org/W2069460440
https://openalex.org/W2083589469
https://openalex.org/W2105491262
https://openalex.org/W2110762994
https://openalex.org/W2114025056
https://openalex.org/W2256181539
https://openalex.org/W2339584297
https://openalex.org/W2465812077
https://openalex.org/W2802702407
https://openalex.org/W3011855659
https://openalex.org/W1971908630
https://openalex.org/W2015476834
https://openalex.org/W2038111509
https://openalex.org/W2045774413
https://openalex.org/W2051802807
https://openalex.org/W2051812285
https://openalex.org/W2056697309
https://openalex.org/W2061949542
https://openalex.org/W2093713839
https://openalex.org/W2109414032
https://openalex.org/W2137217227
https://openalex.org/W2231555429
https://openalex.org/W2596405481
https://openalex.org/W2887579545
https://openalex.org/W1894887521
https://openalex.org/W1963750081
https://openalex.org/W1970073854
https://openalex.org/W1997191582
https://openalex.org/W1998460796
https://openalex.org/W2019505358
https://openalex.org/W2020111966
https://openalex.org/W2021326251
https://openalex.org/W2042195172
https://openalex.org/W2056748563
https://openalex.org/W2060823072
https://openalex.org/W2064184262
https://openalex.org/W2076626576
https://openalex.org/W2127701548
https://openalex.org/W2143076948
https://openalex.org/W2155335486
https://openalex.org/W2168231343
https://openalex.org/W2179899874
https://openalex.org/W2295140352
https://openalex.org/W2315984918
https://openalex.org/W2342620530
https://openalex.org/W2767794932
https://openalex.org/W2896704531
https://openalex.org/W1978870898
https://openalex.org/W2027893629
https://openalex.org/W2047228669
https://openalex.org/W2083467406
https://openalex.org/W2104618043
https://openalex.org/W2113199556
https://openalex.org/W2155853924
https://openalex.org/W2160647749
https://openalex.org/W2161567865
https://openalex.org/W2186176506
https://openalex.org/W2298998989
https://openalex.org/W2464387432
https://openalex.org/W2588013725
https://openalex.org/W2776085570
https://openalex.org/W2791151548
https://openalex.org/W2883540974
https://openalex.org/W2917252592
https://openalex.org/W2952313579
https://openalex.org/W3016919253
https://openalex.org/W1531098240
https://openalex.org/W1975989457
https://openalex.org/W1985631345
https://openalex.org/W2013760749
https://openalex.org/W2015684399
https://openalex.org/W2052802989
https://openalex.org/W2059663702
https://openalex.org/W2081102630
https://openalex.org/W2084198756
https://openalex.org/W2104165403
https://openalex.org/W2112831237
https://openalex.org/W2141544555
https://openalex.org/W2143551983
https://openalex.org/W2147383191
https://openalex.org/W2316242578
https://openalex.org/W2781034938
https://openalex.org/W3032686654
https://openalex.org/W3117896513
https://openalex.org/W3209201268
https://openalex.org/W1982688948
https://openalex.org/W1985315455
https://openalex.org/W1989123225
https://openalex.org/W1990015066
https://openalex.org/W2003427614
https://openalex.org/W2019314640
https://openalex.org/W2032441746
https://openalex.org/W2065695399
https://openalex.org/W2085524023
https://openalex.org/W2101414594
https://openalex.org/W2131679332
https://openalex.org/W2256216379
https://openalex.org/W2301751779
https://openalex.org/W2337653320
https://openalex.org/W2538370715
https://openalex.org/W2802797982
https://openalex.org/W2806006730
https://openalex.org/W2911876429
https://openalex.org/W4244810712
https://openalex.org/W1975827634
https://openalex.org/W1989880793
https://openalex.org/W1993989491
https://openalex.org/W2013859662
https://openalex.org/W2022209683
https://openalex.org/W2049854873
https://openalex.org/W2051326796
https://openalex.org/W2060543882
https://openalex.org/W2061611865
https://openalex.org/W2069097983
https://openalex.org/W2086806202
https://openalex.org/W2103665026
https://openalex.org/W2109780951
https://openalex.org/W2134557135
https://openalex.org/W2170844153
https://openalex.org/W2215118093
https://openalex.org/W2560014094
https://openalex.org/W2593122921
https://openalex.org/W2689160678
https://openalex.org/W2769328969
https://openalex.org/W2896964204
https://openalex.org/W3011410259
https://openalex.org/W3153197813
https://openalex.org/W1570392672
https://openalex.org/W1934045024
https://openalex.org/W1964367309
https://openalex.org/W1965814262
https://openalex.org/W1966388977
https://openalex.org/W1973456588
https://openalex.org/W1981452203
https://openalex.org/W2003515114
https://openalex.org/W2007742708
https://openalex.org/W2010357749
https://openalex.org/W2012042555
https://openalex.org/W2014627577
https://openalex.org/W2020997861
https://openalex.org/W2025674250
https://openalex.org/W2052790410
https://openalex.org/W2053896152
https://openalex.org/W2075159968
https://openalex.org/W2091896609
https://openalex.org/W2098082991
https://openalex.org/W2111591490
https://openalex.org/W2150096624
https://openalex.org/W2259322477
https://openalex.org/W2611095842
https://openalex.org/W2616054543
https://openalex.org/W2617274590
https://openalex.org/W2753477671
https://openalex.org/W2897867692
https://openalex.org/W2904327348
https://openalex.org/W3021581590
https://openalex.org/W3120499963
https://openalex.org/W1521820688
https://openalex.org/W1531435868
https://openalex.org/W1967596626
https://openalex.org/W1992358655
https://openalex.org/W1998102298
https://openalex.org/W2007427776
https://openalex.org/W2009983771
https://openalex.org/W2011636159
https://openalex.org/W2030680510
https://openalex.org/W2032726840
https://openalex.org/W2045573040
https://openalex.org/W2059863328
https://openalex.org/W2063609638
https://openalex.org/W2064506893
https://openalex.org/W2072989722
https://openalex.org/W2077834550
https://openalex.org/W2086437094
https://openalex.org/W2094569240
https://openalex.org/W2104928249
https://openalex.org/W2132264749
https://openalex.org/W2152286217
https://openalex.org/W2171922073
https://openalex.org/W2409865054
https://openalex.org/W2413486570
https://openalex.org/W2575622174
https://openalex.org/W2789570413
https://openalex.org/W2799338495
https://openalex.org/W2909049632
https://openalex.org/W3113910004
https://openalex.org/W1818971493
https://openalex.org/W1989500257
https://openalex.org/W1992685494
https://openalex.org/W2007564293
https://openalex.org/W2024400007
https://openalex.org/W2058730751
https://openalex.org/W2062139058
https://openalex.org/W2065733199
https://openalex.org/W2086347722
https://openalex.org/W2102569940
https://openalex.org/W2109914470
https://openalex.org/W2147318483
https://openalex.org/W2163370948
https://openalex.org/W2320318516
https://openalex.org/W2414804312
https://openalex.org/W2759856289
https://openalex.org/W2769597746
https://openalex.org/W2904803203
https://openalex.org/W2973031949
https://openalex.org/W3118642755
https://openalex.org/W3167362592
https://openalex.org/W3203134780
https://openalex.org/W1965282366
https://openalex.org/W1986607960
https://openalex.org/W1995244053
https://openalex.org/W2009507766
https://openalex.org/W2024379776
https://openalex.org/W2041557627
https://openalex.org/W2080084984
https://openalex.org/W2093684238
https://openalex.org/W2122307943
https://openalex.org/W2150125410
https://openalex.org/W2216680994
https://openalex.org/W2767828468
https://openalex.org/W2801632850
https://openalex.org/W2903241832
https://openalex.org/W2906800880
https://openalex.org/W3036734631
https://openalex.org/W3107830889
https://openalex.org/W3144951232
https://openalex.org/W3211744480
https://openalex.org/W1587009254
https://openalex.org/W1627032951
https://openalex.org/W1969315577
https://openalex.org/W1977442594
https://openalex.org/W1982095239
https://openalex.org/W1983680718
https://openalex.org/W1989318412
https://openalex.org/W1997099433
https://openalex.org/W2010148049
https://openalex.org/W2014501368
https://openalex.org/W2021789561
https://openalex.org/W2022909044
https://openalex.org/W2027789402
https://openalex.org/W2045966916
https://openalex.org/W2048817048
https://openalex.org/W2056252165
https://openalex.org/W2068966148
https://openalex.org/W2081940723
https://openalex.org/W2098452353
https://openalex.org/W2134468934
https://openalex.org/W2143938609
https://openalex.org/W2267551466
https://openalex.org/W2526642663
https://openalex.org/W2735929242
https://openalex.org/W2898076221
https://openalex.org/W2968091182
https://openalex.org/W2991836328
https://openalex.org/W3010451229
https://openalex.org/W3011932880
https://openalex.org/W3097214157
https://openalex.org/W3163801212
https://openalex.org/W1253118376
https://openalex.org/W1935243967
https://openalex.org/W1968540299
https://openalex.org/W1970462351
https://openalex.org/W1971115797
https://openalex.org/W1977339868
https://openalex.org/W1995324520
https://openalex.org/W2000002037
https://openalex.org/W2006500500
https://openalex.org/W2025849351
https://openalex.org/W2028168755
https://openalex.org/W2043430782
https://openalex.org/W2047361507
https://openalex.org/W2051914308
https://openalex.org/W2053906263
https://openalex.org/W2060499688
https://openalex.org/W2076525570
https://openalex.org/W2099944071
https://openalex.org/W2101748809
https://openalex.org/W2102825524
https://openalex.org/W2113966121
https://openalex.org/W2114247191
https://openalex.org/W2139205215
https://openalex.org/W2145128693
https://openalex.org/W2149145836
https://openalex.org/W2162702562
https://openalex.org/W2241349809
https://openalex.org/W2268801697
https://openalex.org/W2279299808
https://openalex.org/W2314901331
https://openalex.org/W2324955887
https://openalex.org/W2332295743
https://openalex.org/W2408873913
https://openalex.org/W2516166590
https://openalex.org/W2605638193
https://openalex.org/W2739122926
https://openalex.org/W2765181976
https://openalex.org/W2799412382
https://openalex.org/W2942323104
https://openalex.org/W3163382392
https://openalex.org/W4213240544
https://openalex.org/W130657513
https://openalex.org/W1589110951
https://openalex.org/W1867824107
https://openalex.org/W1984483655
https://openalex.org/W1985312787
https://openalex.org/W1989006055
https://openalex.org/W2011351484
https://openalex.org/W2027227806
https://openalex.org/W2044428751
https://openalex.org/W2051394900
https://openalex.org/W2053315106
https://openalex.org/W2065214544
https://openalex.org/W2081083618
https://openalex.org/W2084806200
https://openalex.org/W2132555080
https://openalex.org/W2135701462
https://openalex.org/W2136637763
https://openalex.org/W2141103555
https://openalex.org/W2167137030
https://openalex.org/W2171219498
https://openalex.org/W2179578038
https://openalex.org/W2320115498
https://openalex.org/W2594631550
https://openalex.org/W2607727457
https://openalex.org/W2802779413
https://openalex.org/W2897298186
https://openalex.org/W3006417369
https://openalex.org/W3016213832
https://openalex.org/W3027247452
https://openalex.org/W3185503938
https://openalex.org/W4224084882
https://openalex.org/W1990615342
https://openalex.org/W1992457710
https://openalex.org/W1998424124
https://openalex.org/W2002302768
https://openalex.org/W2031900722
https://openalex.org/W2034164964
https://openalex.org/W2034477003
https://openalex.org/W2042071508
https://openalex.org/W2070830494
https://openalex.org/W2071186995
https://openalex.org/W2071540998
https://openalex.org/W2085127147
https://openalex.org/W2085531551
https://openalex.org/W2087042681
https://openalex.org/W2117379106
https://openalex.org/W2138480654
https://openalex.org/W2138879834
https://openalex.org/W2175453506
https://openalex.org/W2224194505
https://openalex.org/W2313357046
https://openalex.org/W2419377965
https://openalex.org/W2560472187
https://openalex.org/W2583091340
https://openalex.org/W2850253353
https://openalex.org/W29251186
https://openalex.org/W301642044
https://openalex.org/W1972136457
https://openalex.org/W1985593878
https://openalex.org/W1991865788
https://openalex.org/W1992113101
https://openalex.org/W2006382841
https://openalex.org/W2010938219
https://openalex.org/W2015426248
https://openalex.org/W2029039199
https://openalex.org/W2031599691
https://openalex.org/W2040924640
https://openalex.org/W2044759346
https://openalex.org/W2046508271
https://openalex.org/W2051968798
https://openalex.org/W2056158436
https://openalex.org/W2060690530
https://openalex.org/W2066879942
https://openalex.org/W2068932407
https://openalex.org/W2077255509
https://openalex.org/W2079735423
https://openalex.org/W2088095756
https://openalex.org/W2096596174
https://openalex.org/W2116136167
https://openalex.org/W2119135918
https://openalex.org/W2129783752
https://openalex.org/W2131074827
https://openalex.org/W2132292508
https://openalex.org/W2336420330
https://openalex.org/W2528678087
https://openalex.org/W2605120297
https://openalex.org/W2857396871
https://openalex.org/W2907732987
https://openalex.org/W2955781876
https://openalex.org/W3132172325
https://openalex.org/W4200352202
https://openalex.org/W1744773367
https://openalex.org/W1896319931
https://openalex.org/W1973507533
https://openalex.org/W1990143872
https://openalex.org/W2013090313
https://openalex.org/W2030029018
https://openalex.org/W2042524986
https://openalex.org/W2064553324
https://openalex.org/W2071425528
https://openalex.org/W2090285743
https://openalex.org/W2101199316
https://openalex.org/W2108731851
https://openalex.org/W2119510702
https://openalex.org/W2139419251
https://openalex.org/W2145445916
https://openalex.org/W2488591090
https://openalex.org/W2576273298
https://openalex.org/W2581310136
https://openalex.org/W2727841528
https://openalex.org/W2780365930
https://openalex.org/W2795940584
https://openalex.org/W2884677244
https://openalex.org/W2898874444
https://openalex.org/W2909146003
https://openalex.org/W3014410179
https://openalex.org/W3047802130
https://openalex.org/W3206179860
https://openalex.org/W4221135453
https://openalex.org/W854976797
https://openalex.org/W1519936434
https://openalex.org/W1892782335
https://openalex.org/W1971942625
https://openalex.org/W1980735089
https://openalex.org/W1982475999
https://openalex.org/W1988134159
https://openalex.org/W1992150203
https://openalex.org/W1997104367
https://openalex.org/W2005074819
https://openalex.org/W2008413235
https://openalex.org/W2011829866
https://openalex.org/W2014292203
https://openalex.org/W2030743386
https://openalex.org/W2049666000
https://openalex.org/W2054115098
https://openalex.org/W2057225134
https://openalex.org/W2069506825
https://openalex.org/W2075432494
https://openalex.org/W2081441397
https://openalex.org/W2082864804
https://openalex.org/W2085425560
https://openalex.org/W2089184691
https://openalex.org/W2092888659
https://openalex.org/W2097092756
https://openalex.org/W2117441898
https://openalex.org/W2121273567
https://openalex.org/W2139367613
https://openalex.org/W2147363553
https://openalex.org/W2147816871
https://openalex.org/W2154988205
https://openalex.org/W2268461858
https://openalex.org/W2323823101
https://openalex.org/W2352520429
https://openalex.org/W2406508127
https://openalex.org/W2408034330
https://openalex.org/W2474886186
https://openalex.org/W2771155316
https://openalex.org/W2810805303
https://openalex.org/W2811424796
https://openalex.org/W2891187103
https://openalex.org/W2990272696
https://openalex.org/W3023884330
https://openalex.org/W1814722403
https://openalex.org/W1837752424
https://openalex.org/W1840701820
https://openalex.org/W1970644514
https://openalex.org/W1975915978
https://openalex.org/W1980102367
https://openalex.org/W1987995573
https://openalex.org/W1992977189
https://openalex.org/W1998918372
https://openalex.org/W2009936701
https://openalex.org/W2025006229
https://openalex.org/W2026072824
https://openalex.org/W2028314554
https://openalex.org/W2029284753
https://openalex.org/W2029656557
https://openalex.org/W2036626690
https://openalex.org/W2042348695
https://openalex.org/W2046765834
https://openalex.org/W2048077226
https://openalex.org/W2050885742
https://openalex.org/W2068630993
https://openalex.org/W2077330426
https://openalex.org/W2079325429
https://openalex.org/W2080452773
https://openalex.org/W2106954430
https://openalex.org/W2141323228
https://openalex.org/W2149139583
https://openalex.org/W2185519898
https://openalex.org/W2299161083
https://openalex.org/W2322149334
https://openalex.org/W2408022075
https://openalex.org/W2512344343
https://openalex.org/W2563067887
https://openalex.org/W2767787889
https://openalex.org/W2920282909
https://openalex.org/W2932117905
https://openalex.org/W3118346987
https://openalex.org/W3177029849
https://openalex.org/W3201223371
https://openalex.org/W4210836191
https://openalex.org/W1972414075
https://openalex.org/W1973882440
https://openalex.org/W1974792514
https://openalex.org/W1975746608
https://openalex.org/W2005172468
https://openalex.org/W2017395027
https://openalex.org/W2030191737
https://openalex.org/W2034145275
https://openalex.org/W2038183794
https://openalex.org/W2048815578
https://openalex.org/W2058748051
https://openalex.org/W2076891070
https://openalex.org/W2079974276
https://openalex.org/W2080073952
https://openalex.org/W2082418322
https://openalex.org/W2082668351
https://openalex.org/W2082850774
https://openalex.org/W2085111974
https://openalex.org/W2099225272
https://openalex.org/W2104826177
https://openalex.org/W2117895703
https://openalex.org/W2120965228
https://openalex.org/W2125276676
https://openalex.org/W2130340561
https://openalex.org/W2135225949
https://openalex.org/W2138234243
https://openalex.org/W2159957125
https://openalex.org/W2170295948
https://openalex.org/W2182316763
https://openalex.org/W2265453555
https://openalex.org/W2320941898
https://openalex.org/W2374790295
https://openalex.org/W2400089570
https://openalex.org/W2412226118
https://openalex.org/W2529066827
https://openalex.org/W2597306819
https://openalex.org/W2605013405
https://openalex.org/W2762263549
https://openalex.org/W2765379982
https://openalex.org/W2770788082
https://openalex.org/W2790431286
https://openalex.org/W2885007307
https://openalex.org/W2922435315
https://openalex.org/W2922760215
https://openalex.org/W3014194219
https://openalex.org/W4250664705
https://openalex.org/W4297498067
https://openalex.org/W130345755
https://openalex.org/W1537426551
https://openalex.org/W1570086564
https://openalex.org/W1770702054
https://openalex.org/W1972502873
https://openalex.org/W1973644639
https://openalex.org/W1992512668
https://openalex.org/W1993812177
https://openalex.org/W2034001167
https://openalex.org/W2047164823
https://openalex.org/W2049848204
https://openalex.org/W2051950742
https://openalex.org/W2053656048
https://openalex.org/W2058043510
https://openalex.org/W2110143370
https://openalex.org/W2119491722
https://openalex.org/W2143324046
https://openalex.org/W2341237588
https://openalex.org/W2398407702
https://openalex.org/W2501105648
https://openalex.org/W2509656663
https://openalex.org/W2555084141
https://openalex.org/W2568943873
https://openalex.org/W2580025945
https://openalex.org/W2587140411
https://openalex.org/W2759241770
https://openalex.org/W2783796657
https://openalex.org/W2788768638
https://openalex.org/W2791798686
https://openalex.org/W2920931413
https://openalex.org/W2921925779
https://openalex.org/W2922361516
https://openalex.org/W2959309440
https://openalex.org/W2967796591
https://openalex.org/W3021851398
https://openalex.org/W3105796402
https://openalex.org/W4221014993
https://openalex.org/W1504181275
https://openalex.org/W1535602272
https://openalex.org/W1974999403
https://openalex.org/W1979373533
https://openalex.org/W1983904505
https://openalex.org/W1987811889
https://openalex.org/W1988493720
https://openalex.org/W1999592668
https://openalex.org/W2003854477
https://openalex.org/W2021574636
https://openalex.org/W2028243969
https://openalex.org/W2033845121
https://openalex.org/W2051433606
https://openalex.org/W2054296447
https://openalex.org/W2054685150
https://openalex.org/W2073469891
https://openalex.org/W2075562027
https://openalex.org/W2078118254
https://openalex.org/W2079375760
https://openalex.org/W2086951022
https://openalex.org/W2091331864
https://openalex.org/W2092492633
https://openalex.org/W2094878102
https://openalex.org/W2095803561
https://openalex.org/W2097250047
https://openalex.org/W2097572432
https://openalex.org/W2116365018
https://openalex.org/W2126238816
https://openalex.org/W2145964897
https://openalex.org/W2277425963
https://openalex.org/W2309260876
https://openalex.org/W2317164378
https://openalex.org/W2499218207
https://openalex.org/W2515279274
https://openalex.org/W2517867906
https://openalex.org/W2550047421
https://openalex.org/W2615122007
https://openalex.org/W2617227331
https://openalex.org/W2738560897
https://openalex.org/W2766390322
https://openalex.org/W2807376242
https://openalex.org/W1578126317
https://openalex.org/W1845701335
https://openalex.org/W1963494011
https://openalex.org/W1965741210
https://openalex.org/W1976090430
https://openalex.org/W1999257749
https://openalex.org/W2018564944
https://openalex.org/W2029707830
https://openalex.org/W2030449902
https://openalex.org/W2046210100
https://openalex.org/W2047021873
https://openalex.org/W2047800570
https://openalex.org/W2050306081
https://openalex.org/W2056873361
https://openalex.org/W2056928789
https://openalex.org/W2057010805
https://openalex.org/W2057815310
https://openalex.org/W2061290277
https://openalex.org/W2078098797
https://openalex.org/W2079205303
https://openalex.org/W2079248268
https://openalex.org/W2115278250
https://openalex.org/W2126318680
https://openalex.org/W2126496454
https://openalex.org/W2128693894
https://openalex.org/W2140503516
https://openalex.org/W2142680560
https://openalex.org/W2151106850
https://openalex.org/W2166808693
https://openalex.org/W2168701609
https://openalex.org/W2170144059
https://openalex.org/W2284787430
https://openalex.org/W2301102375
https://openalex.org/W2322385140
https://openalex.org/W2485716464
https://openalex.org/W2528645983
https://openalex.org/W2588000522
https://openalex.org/W2789578517
https://openalex.org/W2801907922
https://openalex.org/W2910435191
https://openalex.org/W2920967651
https://openalex.org/W2944713196
https://openalex.org/W2989616123
https://openalex.org/W3009069599
https://openalex.org/W3033738186
https://openalex.org/W3106692603
https://openalex.org/W3161325177
https://openalex.org/W3164480397
https://openalex.org/W1517064514
https://openalex.org/W1911834923
https://openalex.org/W1964076761
https://openalex.org/W1967560895
https://openalex.org/W1973875478
https://openalex.org/W1977424275
https://openalex.org/W1979541475
https://openalex.org/W1983385132
https://openalex.org/W1989219640
https://openalex.org/W1996923113
https://openalex.org/W1999498149
https://openalex.org/W2005674803
https://openalex.org/W2007397594
https://openalex.org/W2012241795
https://openalex.org/W2012568649
https://openalex.org/W2013456467
https://openalex.org/W2051011610
https://openalex.org/W2058153307
https://openalex.org/W2062841709
https://openalex.org/W2072960033
https://openalex.org/W2076645371
https://openalex.org/W2079724705
https://openalex.org/W2094721475
https://openalex.org/W2103026065
https://openalex.org/W2110064183
https://openalex.org/W2110844406
https://openalex.org/W2130111691
https://openalex.org/W2135672535
https://openalex.org/W2151363792
https://openalex.org/W2151927247
https://openalex.org/W2307329100
https://openalex.org/W2312717169
https://openalex.org/W2316940904
https://openalex.org/W2341406982
https://openalex.org/W2507304651
https://openalex.org/W2539932960
https://openalex.org/W2545350499
https://openalex.org/W2586455802
https://openalex.org/W2606763253
https://openalex.org/W2743181249
https://openalex.org/W2762120614
https://openalex.org/W2801225908
https://openalex.org/W2904491873
https://openalex.org/W2946986050
https://openalex.org/W2952265520
https://openalex.org/W3027908320
https://openalex.org/W3082436295
https://openalex.org/W3126387639
https://openalex.org/W4224026468
https://openalex.org/W4249796496
https://openalex.org/W594526684
https://openalex.org/W1527506558
https://openalex.org/W1548808780
https://openalex.org/W1752855918
https://openalex.org/W1787423743
https://openalex.org/W1964549819
https://openalex.org/W1975036797
https://openalex.org/W1977804255
https://openalex.org/W1978849238
https://openalex.org/W1980999648
https://openalex.org/W1989386278
https://openalex.org/W1994103748
https://openalex.org/W2034025514
https://openalex.org/W2035309541
https://openalex.org/W2056831994
https://openalex.org/W2063885667
https://openalex.org/W2065637297
https://openalex.org/W2065844601
https://openalex.org/W2103956306
https://openalex.org/W2107402823
https://openalex.org/W2109277354
https://openalex.org/W2113758270
https://openalex.org/W2126549321
https://openalex.org/W2126751091
https://openalex.org/W2320440149
https://openalex.org/W2330863324
https://openalex.org/W2342111463
https://openalex.org/W2615813680
https://openalex.org/W2741748771
https://openalex.org/W2753549419
https://openalex.org/W2765923665
https://openalex.org/W2782509802
https://openalex.org/W2790987200
https://openalex.org/W2793692484
https://openalex.org/W2802649195
https://openalex.org/W2897034143
https://openalex.org/W2946111201
https://openalex.org/W2973828929
https://openalex.org/W3140004742
https://openalex.org/W3156328433
https://openalex.org/W4246022275
https://openalex.org/W1020823807
https://openalex.org/W1531346623
https://openalex.org/W1583805821
https://openalex.org/W1644924632
https://openalex.org/W1891364196
https://openalex.org/W1967971111
https://openalex.org/W1972613656
https://openalex.org/W1983259639
https://openalex.org/W1988309874
https://openalex.org/W1988358106
https://openalex.org/W1988443198
https://openalex.org/W2012478535
https://openalex.org/W2025026665
https://openalex.org/W2028563226
https://openalex.org/W2032328808
https://openalex.org/W2038826384
https://openalex.org/W2046819354
https://openalex.org/W2048598873
https://openalex.org/W2053030606
https://openalex.org/W2055544513
https://openalex.org/W2056557811
https://openalex.org/W2066845912
https://openalex.org/W2080923524
https://openalex.org/W2083098961
https://openalex.org/W2090746317
https://openalex.org/W2092791960
https://openalex.org/W2101352613
https://openalex.org/W2101715779
https://openalex.org/W2112653434
https://openalex.org/W2116605459
https://openalex.org/W2127001252
https://openalex.org/W2131870322
https://openalex.org/W2133065431
https://openalex.org/W2135338777
https://openalex.org/W2161150477
https://openalex.org/W2257599329
https://openalex.org/W2325234939
https://openalex.org/W2400662964
https://openalex.org/W2435761711
https://openalex.org/W2548368937
https://openalex.org/W2550526707
https://openalex.org/W2561112820
https://openalex.org/W2610575140
https://openalex.org/W2624931971
https://openalex.org/W2785402208
https://openalex.org/W2790520041
https://openalex.org/W2794990609
https://openalex.org/W2829107881
https://openalex.org/W2884999897
https://openalex.org/W2891882437
https://openalex.org/W2913088414
https://openalex.org/W2913350353
https://openalex.org/W2933519706
https://openalex.org/W2989100407
https://openalex.org/W3003637274
https://openalex.org/W3022171916
https://openalex.org/W3120668417
https://openalex.org/W4248673358
https://openalex.org/W4285726229
https://openalex.org/W1501393426
https://openalex.org/W1503824894
https://openalex.org/W1968968729
https://openalex.org/W1976005910
https://openalex.org/W1977059617
https://openalex.org/W1977613847
https://openalex.org/W1981329829
https://openalex.org/W1983916958
https://openalex.org/W1989942647
https://openalex.org/W1990677585
https://openalex.org/W1992473094
https://openalex.org/W1994842713
https://openalex.org/W1999810266
https://openalex.org/W2002304611
https://openalex.org/W2002629639
https://openalex.org/W2004588854
https://openalex.org/W2005364961
https://openalex.org/W2036341400
https://openalex.org/W2037929872
https://openalex.org/W2055881320
https://openalex.org/W2056492263
https://openalex.org/W2063958923
https://openalex.org/W2064903477
https://openalex.org/W2076378206
https://openalex.org/W2085038522
https://openalex.org/W2093150863
https://openalex.org/W2119154154
https://openalex.org/W2120890056
https://openalex.org/W2129608189
https://openalex.org/W2131606936
https://openalex.org/W2133032301
https://openalex.org/W2138740149
https://openalex.org/W2141657172
https://openalex.org/W2144713345
https://openalex.org/W2166093118
https://openalex.org/W2167404789
https://openalex.org/W2184487774
https://openalex.org/W2277419510
https://openalex.org/W2293810385
https://openalex.org/W2329985671
https://openalex.org/W2417185217
https://openalex.org/W2461143714
https://openalex.org/W2491001938
https://openalex.org/W2549677272
https://openalex.org/W2562907656
https://openalex.org/W2572666240
https://openalex.org/W2601252516
https://openalex.org/W2620223754
https://openalex.org/W2752736393
https://openalex.org/W2884445366
https://openalex.org/W2903386340
https://openalex.org/W2912189350
https://openalex.org/W2940054047
https://openalex.org/W2997464843
https://openalex.org/W3011214003
https://openalex.org/W3022044398
https://openalex.org/W3043483980
https://openalex.org/W3094536104
https://openalex.org/W3213386461
https://openalex.org/W4200594977
https://openalex.org/W4253309485
https://openalex.org/W4285809120
https://openalex.org/W4377205639
https://openalex.org/W194440230
https://openalex.org/W1948175464
https://openalex.org/W1972662866
https://openalex.org/W1988793880
https://openalex.org/W1990401625
https://openalex.org/W2002611474
https://openalex.org/W2002883939
https://openalex.org/W2003568014
https://openalex.org/W2009756275
https://openalex.org/W2017777919
https://openalex.org/W2027925421
https://openalex.org/W2028702166
https://openalex.org/W2030278224
https://openalex.org/W2031892405
https://openalex.org/W2038702908
https://openalex.org/W2045406584
https://openalex.org/W2055662251
https://openalex.org/W2055806271
https://openalex.org/W2067664968
https://openalex.org/W2067727314
https://openalex.org/W2069473681
https://openalex.org/W2076763112
https://openalex.org/W2079334189
https://openalex.org/W2079748929
https://openalex.org/W2087191041
https://openalex.org/W2089542574
https://openalex.org/W2093724751
https://openalex.org/W2094115575
https://openalex.org/W2132841057
https://openalex.org/W2135108675
https://openalex.org/W2137496447
https://openalex.org/W2286152207
https://openalex.org/W2310646669
https://openalex.org/W2334934303
https://openalex.org/W2344051531
https://openalex.org/W2408304283
https://openalex.org/W2586865335
https://openalex.org/W2604622232
https://openalex.org/W2609169019
https://openalex.org/W2621905479
https://openalex.org/W2746343325
https://openalex.org/W2789680734
https://openalex.org/W2800851978
https://openalex.org/W2809417427
https://openalex.org/W2900893657
https://openalex.org/W2952851948
https://openalex.org/W2964026513
https://openalex.org/W2994873523
https://openalex.org/W2996365890
https://openalex.org/W3007433991
https://openalex.org/W3012576542
https://openalex.org/W3082114801
https://openalex.org/W3088704687
https://openalex.org/W3185550549
https://openalex.org/W3210843423
https://openalex.org/W4223437636
https://openalex.org/W4233890944
https://openalex.org/W4281639779
https://openalex.org/W4313420709
https://openalex.org/W1925639530
https://openalex.org/W1965487056
https://openalex.org/W1969533435
https://openalex.org/W1990153648
https://openalex.org/W1991379371
https://openalex.org/W1997923446
https://openalex.org/W2013180423
https://openalex.org/W2016773947
https://openalex.org/W2026720859
https://openalex.org/W2042013519
https://openalex.org/W2046060588
https://openalex.org/W2046346203
https://openalex.org/W2052379313
https://openalex.org/W2055635638
https://openalex.org/W2059049587
https://openalex.org/W2059485855
https://openalex.org/W2060189537
https://openalex.org/W2060842304
https://openalex.org/W2065888888
https://openalex.org/W2067470347
https://openalex.org/W2083828844
https://openalex.org/W2087694743
https://openalex.org/W2088918623
https://openalex.org/W2094967001
https://openalex.org/W2108150340
https://openalex.org/W2111379822
https://openalex.org/W2112961810
https://openalex.org/W2121834164
https://openalex.org/W2132036289
https://openalex.org/W2140241096
https://openalex.org/W2142085580
https://openalex.org/W2160031426
https://openalex.org/W2160723824
https://openalex.org/W2191976225
https://openalex.org/W2237200172
https://openalex.org/W2321352373
https://openalex.org/W2341902953
https://openalex.org/W2462953372
https://openalex.org/W2493224892
https://openalex.org/W2528830982
https://openalex.org/W2530722253
https://openalex.org/W2607358654
https://openalex.org/W2621387562
https://openalex.org/W2730044642
https://openalex.org/W2794261754
https://openalex.org/W2805041351
https://openalex.org/W2805528208
https://openalex.org/W2862933435
https://openalex.org/W2899504838
https://openalex.org/W2910525254
https://openalex.org/W2947955768
https://openalex.org/W2954707171
https://openalex.org/W2970413360
https://openalex.org/W2972341099
https://openalex.org/W2991231535
https://openalex.org/W3012045722
https://openalex.org/W3102629082
https://openalex.org/W3166983578
https://openalex.org/W3184301061
https://openalex.org/W3194325465
https://openalex.org/W4210694902
https://openalex.org/W4293461777
https://openalex.org/W1967269734
https://openalex.org/W1977577066
https://openalex.org/W1978287494
https://openalex.org/W1981389324
https://openalex.org/W1982187060
https://openalex.org/W1982528366
https://openalex.org/W1983475563
https://openalex.org/W1984867301
https://openalex.org/W1998381839
https://openalex.org/W2001027616
https://openalex.org/W2001663027
https://openalex.org/W2004626808
https://openalex.org/W2015035852
https://openalex.org/W2015481522
https://openalex.org/W2023076627
https://openalex.org/W2023121923
https://openalex.org/W2023769703
https://openalex.org/W2025512097
https://openalex.org/W2027001352
https://openalex.org/W2027826378
https://openalex.org/W2028061732
https://openalex.org/W2029089330
https://openalex.org/W2033969007
https://openalex.org/W2037683186
https://openalex.org/W2040744005
https://openalex.org/W2040857786
https://openalex.org/W2050278328
https://openalex.org/W2055587464
https://openalex.org/W2057984239
https://openalex.org/W2058950179
https://openalex.org/W2061868154
https://openalex.org/W2086850186
https://openalex.org/W2101956404
https://openalex.org/W2123369535
https://openalex.org/W2131771618
https://openalex.org/W2133227243
https://openalex.org/W2150388111
https://openalex.org/W2152690843
https://openalex.org/W2156095257
https://openalex.org/W2158304367
https://openalex.org/W2160838238
https://openalex.org/W2166061754
https://openalex.org/W2209141750
https://openalex.org/W2210359973
https://openalex.org/W2222586840
https://openalex.org/W2310092547
https://openalex.org/W2416170092
https://openalex.org/W2462672945
https://openalex.org/W2493768531
https://openalex.org/W2519445193
https://openalex.org/W2531571889
https://openalex.org/W2550371780
https://openalex.org/W2560095461
https://openalex.org/W2569981915
https://openalex.org/W2578619729
https://openalex.org/W2597010346
https://openalex.org/W2631408443
https://openalex.org/W26841541
https://openalex.org/W2741506041
https://openalex.org/W2751415108
https://openalex.org/W2801277264
https://openalex.org/W2945394975
https://openalex.org/W2970835180
https://openalex.org/W2979622683
https://openalex.org/W3039002708
https://openalex.org/W3042940436
https://openalex.org/W3047158236
https://openalex.org/W3101510315
https://openalex.org/W3134446960
https://openalex.org/W3153276572
https://openalex.org/W3162782954
https://openalex.org/W3200714856
https://openalex.org/W4220703112
https://openalex.org/W4294990283
https://openalex.org/W1554361687
https://openalex.org/W1795585199
https://openalex.org/W189704305
https://openalex.org/W1969743736
https://openalex.org/W1974776582
https://openalex.org/W1980256924
https://openalex.org/W1986641623
https://openalex.org/W1991539137
https://openalex.org/W1992486406
https://openalex.org/W1994659536
https://openalex.org/W2005693939
https://openalex.org/W2015114748
https://openalex.org/W2016118871
https://openalex.org/W2016273723
https://openalex.org/W2033981933
https://openalex.org/W2035328481
https://openalex.org/W2035636647
https://openalex.org/W2061350772
https://openalex.org/W2072676970
https://openalex.org/W2077477323
https://openalex.org/W2079518005
https://openalex.org/W2081748645
https://openalex.org/W2115862194
https://openalex.org/W2156010838
https://openalex.org/W2165179548
https://openalex.org/W2170998062
https://openalex.org/W2179544325
https://openalex.org/W2325394074
https://openalex.org/W2337881375
https://openalex.org/W2351937901
https://openalex.org/W2470061424
https://openalex.org/W2601441761
https://openalex.org/W2606057748
https://openalex.org/W2745002526
https://openalex.org/W2766843405
https://openalex.org/W2767609166
https://openalex.org/W2772636323
https://openalex.org/W2773017465
https://openalex.org/W2806901150
https://openalex.org/W2886788707
https://openalex.org/W2897739643
https://openalex.org/W2900349369
https://openalex.org/W2903382829
https://openalex.org/W2945277650
https://openalex.org/W2972584985
https://openalex.org/W2982654002
https://openalex.org/W2998017620
https://openalex.org/W3009640821
https://openalex.org/W3023154802
https://openalex.org/W3042191814
https://openalex.org/W3095050870
https://openalex.org/W3141535635
https://openalex.org/W3161339621
https://openalex.org/W3187069226
https://openalex.org/W4224316375
https://openalex.org/W66796341
https://openalex.org/W1538934453
https://openalex.org/W1546156161
https://openalex.org/W1586437108
https://openalex.org/W1924096254
https://openalex.org/W1939720031
https://openalex.org/W1972215890
https://openalex.org/W1987955750
https://openalex.org/W1989551513
https://openalex.org/W1994662120
https://openalex.org/W2000808726
https://openalex.org/W2004215540
https://openalex.org/W2006997948
https://openalex.org/W2009648343
https://openalex.org/W2011124008
https://openalex.org/W2013513704
https://openalex.org/W2022388468
https://openalex.org/W2024302791
https://openalex.org/W2024857522
https://openalex.org/W2028943210
https://openalex.org/W2039826250
https://openalex.org/W2042774859
https://openalex.org/W2050411186
https://openalex.org/W2056833256
https://openalex.org/W2073455688
https://openalex.org/W2082331056
https://openalex.org/W2083377643
https://openalex.org/W2093634975
https://openalex.org/W2112946014
https://openalex.org/W2116457163
https://openalex.org/W2118006068
https://openalex.org/W2135914695
https://openalex.org/W2136286439
https://openalex.org/W2153186729
https://openalex.org/W2155669416
https://openalex.org/W2225918457
https://openalex.org/W2241843854
https://openalex.org/W2281607785
https://openalex.org/W2294712373
https://openalex.org/W2319612920
https://openalex.org/W2326621156
https://openalex.org/W2341519317
https://openalex.org/W2370845476
https://openalex.org/W2419426707
https://openalex.org/W2427350414
https://openalex.org/W2477644871
https://openalex.org/W2509073272
https://openalex.org/W2533531130
https://openalex.org/W2552792042
https://openalex.org/W2584396073
https://openalex.org/W2753824180
https://openalex.org/W2768641915
https://openalex.org/W2778693834
https://openalex.org/W2791195074
https://openalex.org/W2801975219
https://openalex.org/W2805485952
https://openalex.org/W2807567564
https://openalex.org/W2809487548
https://openalex.org/W2826896193
https://openalex.org/W2883043085
https://openalex.org/W2885098264
https://openalex.org/W2891565463
https://openalex.org/W2891651688
https://openalex.org/W2911863752
https://openalex.org/W29130342
https://openalex.org/W2922409006
https://openalex.org/W2928453788
https://openalex.org/W2944448780
https://openalex.org/W2954834218
https://openalex.org/W2999708822
https://openalex.org/W3010972250
https://openalex.org/W3036566519
https://openalex.org/W3039108277
https://openalex.org/W3155879609
https://openalex.org/W3163736770
https://openalex.org/W3212883655
https://openalex.org/W4224016808
https://openalex.org/W4253966842
https://openalex.org/W4280613581
https://openalex.org/W4281772822
https://openalex.org/W111727897
https://openalex.org/W1543191961
https://openalex.org/W1545922126
https://openalex.org/W1709778104
https://openalex.org/W1821489359
https://openalex.org/W1921757654
https://openalex.org/W1964008098
https://openalex.org/W1975697481
https://openalex.org/W1976656585
https://openalex.org/W1987033696
https://openalex.org/W1992535205
https://openalex.org/W1997932520
https://openalex.org/W2000231705
https://openalex.org/W2010009196
https://openalex.org/W2010462811
https://openalex.org/W2010482877
https://openalex.org/W2039877011
https://openalex.org/W2043025194
https://openalex.org/W2049169639
https://openalex.org/W2051087789
https://openalex.org/W2069550320
https://openalex.org/W2070829647
https://openalex.org/W2071246605
https://openalex.org/W2076876079
https://openalex.org/W2085278226
https://openalex.org/W2116045554
https://openalex.org/W2141838649
https://openalex.org/W2147425735
https://openalex.org/W2156655329
https://openalex.org/W2162311399
https://openalex.org/W2182672768
https://openalex.org/W2189104151
https://openalex.org/W2233554087
https://openalex.org/W2298299893
https://openalex.org/W2321825944
https://openalex.org/W2336604721
https://openalex.org/W2382995606
https://openalex.org/W2401246617
https://openalex.org/W2403844821
https://openalex.org/W2429187300
https://openalex.org/W2516776474
https://openalex.org/W2559044956
https://openalex.org/W2610685856
https://openalex.org/W2611360814
https://openalex.org/W2614350257
https://openalex.org/W2624557766
https://openalex.org/W2625715085
https://openalex.org/W2754449023
https://openalex.org/W2794333766
https://openalex.org/W2799477917
https://openalex.org/W2806888060
https://openalex.org/W2891119104
https://openalex.org/W2891557538
https://openalex.org/W2923406518
https://openalex.org/W2925184412
https://openalex.org/W2945929379
https://openalex.org/W2969505404
https://openalex.org/W2969948181
https://openalex.org/W2973168531
https://openalex.org/W2982258539
https://openalex.org/W2991465124
https://openalex.org/W2993187762
https://openalex.org/W3014813149
https://openalex.org/W3031256964
https://openalex.org/W3034416609
https://openalex.org/W3105916769
https://openalex.org/W4200260274
https://openalex.org/W4235167457
https://openalex.org/W4282981116
https://openalex.org/W4286750269
https://openalex.org/W116680421
https://openalex.org/W1537491690
https://openalex.org/W1538482919
https://openalex.org/W1762595738
https://openalex.org/W1918578503
https://openalex.org/W1969756342
https://openalex.org/W1970456226
https://openalex.org/W1972749419
https://openalex.org/W1977336613
https://openalex.org/W1980365751
https://openalex.org/W1987017889
https://openalex.org/W1992585942
https://openalex.org/W1998737511
https://openalex.org/W2002822219
https://openalex.org/W2003550173
https://openalex.org/W2013766896
https://openalex.org/W2013992297
https://openalex.org/W2032913721
https://openalex.org/W2033356933
https://openalex.org/W2039914479
https://openalex.org/W2041283747
https://openalex.org/W2046943986
https://openalex.org/W2054876137
https://openalex.org/W2061404824
https://openalex.org/W2066882802
https://openalex.org/W2074373989
https://openalex.org/W2075830987
https://openalex.org/W2083393955
https://openalex.org/W2086567444
https://openalex.org/W2092058758
https://openalex.org/W2110615045
https://openalex.org/W2111197437
https://openalex.org/W2115802345
https://openalex.org/W2133393190
https://openalex.org/W2133889126
https://openalex.org/W2137703260
https://openalex.org/W2142717879
https://openalex.org/W2156576730
https://openalex.org/W2157299941
https://openalex.org/W2158428506
https://openalex.org/W2159597696
https://openalex.org/W2258572203
https://openalex.org/W2261994827
https://openalex.org/W2278106111
https://openalex.org/W2316576823
https://openalex.org/W2322560959
https://openalex.org/W2410558918
https://openalex.org/W2462825219
https://openalex.org/W2553701992
https://openalex.org/W2578002853
https://openalex.org/W2609231153
https://openalex.org/W2749163598
https://openalex.org/W2784228457
https://openalex.org/W2797973453
https://openalex.org/W2799725214
https://openalex.org/W2809924308
https://openalex.org/W2887018788
https://openalex.org/W2891146658
https://openalex.org/W2921287929
https://openalex.org/W2955890891
https://openalex.org/W2979460659
https://openalex.org/W2980648328
https://openalex.org/W3152339124
https://openalex.org/W3169576203
https://openalex.org/W3191804499
https://openalex.org/W4220763948
https://openalex.org/W4281808843
https://openalex.org/W1196004917
https://openalex.org/W1939307355
https://openalex.org/W1941743831
https://openalex.org/W1974977266
https://openalex.org/W1976368672
https://openalex.org/W1978085456
https://openalex.org/W1978331788
https://openalex.org/W1981536513
https://openalex.org/W1991364133
https://openalex.org/W2002181956
https://openalex.org/W2002229007
https://openalex.org/W2002631577
https://openalex.org/W2008983935
https://openalex.org/W2013577270
https://openalex.org/W2018046478
https://openalex.org/W2018931312
https://openalex.org/W2019331262
https://openalex.org/W2027260793
https://openalex.org/W2033585150
https://openalex.org/W2044719153
https://openalex.org/W2045449678
https://openalex.org/W2051131063
https://openalex.org/W2052486704
https://openalex.org/W2056189831
https://openalex.org/W2060021735
https://openalex.org/W2067168203
https://openalex.org/W2068145888
https://openalex.org/W2077598810
https://openalex.org/W2079658451
https://openalex.org/W2101847555
https://openalex.org/W2103028610
https://openalex.org/W2117984531
https://openalex.org/W2126132750
https://openalex.org/W2129920956
https://openalex.org/W2155531658
https://openalex.org/W2204354152
https://openalex.org/W2329474013
https://openalex.org/W2344803749
https://openalex.org/W2399417667
https://openalex.org/W2425054465
https://openalex.org/W2544437237
https://openalex.org/W2547671577
https://openalex.org/W2550326190
https://openalex.org/W2556461133
https://openalex.org/W2590776554
https://openalex.org/W2604980761
https://openalex.org/W2606181434
https://openalex.org/W2753469276
https://openalex.org/W2756578997
https://openalex.org/W2782296111
https://openalex.org/W2790673636
https://openalex.org/W2794327687
https://openalex.org/W2803549567
https://openalex.org/W2810227923
https://openalex.org/W2887238201
https://openalex.org/W2887513564
https://openalex.org/W2898804893
https://openalex.org/W2906973492
https://openalex.org/W2978113402
https://openalex.org/W2989939079
https://openalex.org/W3001472123
https://openalex.org/W3038896646
https://openalex.org/W3041507655
https://openalex.org/W3048442152
https://openalex.org/W3088910739
https://openalex.org/W3107705027
https://openalex.org/W3110349478
https://openalex.org/W3120736009
https://openalex.org/W3122480190
https://openalex.org/W3130982646
https://openalex.org/W3131620174
https://openalex.org/W3153643807
https://openalex.org/W3169015026
https://openalex.org/W4211198663
https://openalex.org/W1587983201
https://openalex.org/W1634608769
https://openalex.org/W1973051744
https://openalex.org/W1976707373
https://openalex.org/W1998820537
https://openalex.org/W2000201793
https://openalex.org/W2012599792
https://openalex.org/W2013990472
https://openalex.org/W2020114580
https://openalex.org/W2024530572
https://openalex.org/W2027801782
https://openalex.org/W2030388922
https://openalex.org/W2032007503
https://openalex.org/W2032382885
https://openalex.org/W2035456723
https://openalex.org/W2036473532
https://openalex.org/W2037577845
https://openalex.org/W2039996934
https://openalex.org/W2040896106
https://openalex.org/W2041236231
https://openalex.org/W2041711276
https://openalex.org/W2045734715
https://openalex.org/W2045735567
https://openalex.org/W2048559092
https://openalex.org/W2048763992
https://openalex.org/W2052990636
https://openalex.org/W2055381267
https://openalex.org/W2061742544
https://openalex.org/W2072957274
https://openalex.org/W2073082521
https://openalex.org/W2073969507
https://openalex.org/W2080793243
https://openalex.org/W2083604570
https://openalex.org/W2084004695
https://openalex.org/W2089359242
https://openalex.org/W2091141206
https://openalex.org/W2093852825
https://openalex.org/W2094975012
https://openalex.org/W2095576902
https://openalex.org/W2110001945
https://openalex.org/W2122567787
https://openalex.org/W2132386438
https://openalex.org/W2133051441
https://openalex.org/W2145657176
https://openalex.org/W2148590189
https://openalex.org/W2155633336
https://openalex.org/W2156134258
https://openalex.org/W2156913699
https://openalex.org/W2157136626
https://openalex.org/W2183599641
https://openalex.org/W2216917140
https://openalex.org/W2256956890
https://openalex.org/W2286783233
https://openalex.org/W2306997427
https://openalex.org/W2319478189
https://openalex.org/W2407446548
https://openalex.org/W2462837556
https://openalex.org/W2549918230
https://openalex.org/W2560127596
https://openalex.org/W2571328000
https://openalex.org/W2588773912
https://openalex.org/W2599238962
https://openalex.org/W2742774764
https://openalex.org/W2749707073
https://openalex.org/W2774231038
https://openalex.org/W2777742533
https://openalex.org/W2797833703
https://openalex.org/W2888342021
https://openalex.org/W2904844835
https://openalex.org/W2922584463
https://openalex.org/W2951538622
https://openalex.org/W2971512875
https://openalex.org/W2980749356
https://openalex.org/W2983187941
https://openalex.org/W2985583968
https://openalex.org/W3011053040
https://openalex.org/W3040642777
https://openalex.org/W3047691613
https://openalex.org/W3124108352
https://openalex.org/W3127988218
https://openalex.org/W3138060333
https://openalex.org/W3153528690
https://openalex.org/W3174630560
https://openalex.org/W3177836444
https://openalex.org/W4220660315
https://openalex.org/W4225751929
https://openalex.org/W4229020289
https://openalex.org/W4285287011
https://openalex.org/W4294993132
https://openalex.org/W4308387643
https://openalex.org/W4322101269
https://openalex.org/W4382135661
https://openalex.org/W117383726
https://openalex.org/W132114070
https://openalex.org/W1520577402
https://openalex.org/W1771405905
https://openalex.org/W1964414255
https://openalex.org/W1972003951
https://openalex.org/W1974153668
https://openalex.org/W1986869112
https://openalex.org/W1987579244
https://openalex.org/W1988210387
https://openalex.org/W1995159269
https://openalex.org/W2001188977
https://openalex.org/W2001685747
https://openalex.org/W2010202352
https://openalex.org/W2014212995
https://openalex.org/W2018454553
https://openalex.org/W2019797078
https://openalex.org/W2027470462
https://openalex.org/W2030588498
https://openalex.org/W2032374133
https://openalex.org/W2033716146
https://openalex.org/W2059113972
https://openalex.org/W2060450630
https://openalex.org/W2060769549
https://openalex.org/W2065270146
https://openalex.org/W2079027598
https://openalex.org/W2084005861
https://openalex.org/W2095952811
https://openalex.org/W2109123812
https://openalex.org/W2123968598
https://openalex.org/W2135290863
https://openalex.org/W2136451381
https://openalex.org/W2142785065
https://openalex.org/W2151292007
https://openalex.org/W2151721518
https://openalex.org/W2156717291
https://openalex.org/W2165219687
https://openalex.org/W2182615470
https://openalex.org/W2295670208
https://openalex.org/W2314556397
https://openalex.org/W2325968342
https://openalex.org/W2339916191
https://openalex.org/W2340277919
https://openalex.org/W2388602621
https://openalex.org/W2413843285
https://openalex.org/W2500321622
https://openalex.org/W2513190756
https://openalex.org/W2540218774
https://openalex.org/W2551026038
https://openalex.org/W2555699139
https://openalex.org/W2589965611
https://openalex.org/W2596079596
https://openalex.org/W2603278805
https://openalex.org/W2725477183
https://openalex.org/W2737327613
https://openalex.org/W2765183653
https://openalex.org/W2778290121
https://openalex.org/W2782427563
https://openalex.org/W2790514086
https://openalex.org/W2811310807
https://openalex.org/W2811327357
https://openalex.org/W2895949487
https://openalex.org/W2902833958
https://openalex.org/W2903536205
https://openalex.org/W2907297440
https://openalex.org/W2909103489
https://openalex.org/W2917276717
https://openalex.org/W2947125876
https://openalex.org/W2964579625
https://openalex.org/W2982634695
https://openalex.org/W2986255266
https://openalex.org/W2986613097
https://openalex.org/W2987477418
https://openalex.org/W2989824554
https://openalex.org/W3008634632
https://openalex.org/W3011113471
https://openalex.org/W3021083117
https://openalex.org/W3027950825
https://openalex.org/W3034204474
https://openalex.org/W3084249474
https://openalex.org/W3095483022
https://openalex.org/W3096791562
https://openalex.org/W3103491485
https://openalex.org/W3120865924
https://openalex.org/W3154460101
https://openalex.org/W3165655619
https://openalex.org/W3165750641
https://openalex.org/W3169393435
https://openalex.org/W3187531660
https://openalex.org/W3203880271
https://openalex.org/W4210947382
https://openalex.org/W4241120538
https://openalex.org/W4256422033
https://openalex.org/W4280532278
https://openalex.org/W4311988438
https://openalex.org/W4312184710
https://openalex.org/W52686547
https://openalex.org/W56811352
https://openalex.org/W1527819053
https://openalex.org/W1556802980
https://openalex.org/W1783137931
https://openalex.org/W191110761
https://openalex.org/W1964808263
https://openalex.org/W1972944788
https://openalex.org/W1976353561
https://openalex.org/W1977535074
https://openalex.org/W1979942335
https://openalex.org/W1987484312
https://openalex.org/W1997886484
https://openalex.org/W2005376099
https://openalex.org/W2010968454
https://openalex.org/W2012538798
https://openalex.org/W2016267238
https://openalex.org/W2022437900
https://openalex.org/W2023204281
https://openalex.org/W2029312740
https://openalex.org/W2044119276
https://openalex.org/W2046330733
https://openalex.org/W2049955572
https://openalex.org/W2051646104
https://openalex.org/W2059152467
https://openalex.org/W2059971794
https://openalex.org/W2062500056
https://openalex.org/W2064190330
https://openalex.org/W2070300619
https://openalex.org/W2070491857
https://openalex.org/W2075669478
https://openalex.org/W2079128562
https://openalex.org/W2079436616
https://openalex.org/W2085610877
https://openalex.org/W2087784538
https://openalex.org/W2088172594
https://openalex.org/W2094269131
https://openalex.org/W2099237407
https://openalex.org/W2102970920
https://openalex.org/W210911598
https://openalex.org/W2112697825
https://openalex.org/W2121226100
https://openalex.org/W2137435953
https://openalex.org/W2148506378
https://openalex.org/W2160573855
https://openalex.org/W2160990348
https://openalex.org/W2161512619
https://openalex.org/W2165984567
https://openalex.org/W2171851770
https://openalex.org/W2194046605
https://openalex.org/W2239051960
https://openalex.org/W2317289427
https://openalex.org/W2329230675
https://openalex.org/W2351560188
https://openalex.org/W2394520708
https://openalex.org/W2483033633
https://openalex.org/W2528251867
https://openalex.org/W2581739501
https://openalex.org/W2587621318
https://openalex.org/W2591557089
https://openalex.org/W2735077296
https://openalex.org/W2736894797
https://openalex.org/W2747982113
https://openalex.org/W2756433887
https://openalex.org/W2777358612
https://openalex.org/W2789668853
https://openalex.org/W2796879548
https://openalex.org/W2801540903
https://openalex.org/W2802470378
https://openalex.org/W2889223343
https://openalex.org/W2899640575
https://openalex.org/W2899983962
https://openalex.org/W2901264884
https://openalex.org/W2936974021
https://openalex.org/W2945859645
https://openalex.org/W2952196565
https://openalex.org/W2955453885
https://openalex.org/W2969179548
https://openalex.org/W2969732812
https://openalex.org/W2975923818
https://openalex.org/W2981930611
https://openalex.org/W3008364328
https://openalex.org/W3010364572
https://openalex.org/W3018892519
https://openalex.org/W3031735377
https://openalex.org/W3104898369
https://openalex.org/W3104964145
https://openalex.org/W3111549833
https://openalex.org/W3122300243
https://openalex.org/W3141522349
https://openalex.org/W3143469833
https://openalex.org/W3148131509
https://openalex.org/W3149707440
https://openalex.org/W3152811426
https://openalex.org/W3159783971
https://openalex.org/W3171092808
https://openalex.org/W3184049450
https://openalex.org/W3214125533
https://openalex.org/W4200166923
https://openalex.org/W4205341893
https://openalex.org/W4281674338
https://openalex.org/W4282946862
https://openalex.org/W4292714375
https://openalex.org/W4300002418
https://openalex.org/W744226008
https://openalex.org/W98403384
https://openalex.org/W1571939081
https://openalex.org/W1823490312
https://openalex.org/W1964718834
https://openalex.org/W1965023572
https://openalex.org/W1965757438
https://openalex.org/W1972820174
https://openalex.org/W1972975102
https://openalex.org/W1991434887
https://openalex.org/W1995767420
https://openalex.org/W2005818186
https://openalex.org/W2006403796
https://openalex.org/W2009505173
https://openalex.org/W2016384601
https://openalex.org/W2029971657
https://openalex.org/W2036831854
https://openalex.org/W2040443180
https://openalex.org/W2064881577
https://openalex.org/W2072746838
https://openalex.org/W2074729884
https://openalex.org/W2077784759
https://openalex.org/W2078848205
https://openalex.org/W2084432125
https://openalex.org/W2084625888
https://openalex.org/W2102512476
https://openalex.org/W2120563631
https://openalex.org/W2142103849
https://openalex.org/W2145454311
https://openalex.org/W2168934590
https://openalex.org/W2172113438
https://openalex.org/W2225289925
https://openalex.org/W2284103884
https://openalex.org/W2303737624
https://openalex.org/W2329523314
https://openalex.org/W2331180358
https://openalex.org/W2335697285
https://openalex.org/W2336280579
https://openalex.org/W2411855789
https://openalex.org/W2475066196
https://openalex.org/W2528101680
https://openalex.org/W2528338277
https://openalex.org/W2554249780
https://openalex.org/W2561623866
https://openalex.org/W2584109337
https://openalex.org/W2589014711
https://openalex.org/W2611835927
https://openalex.org/W2734969291
https://openalex.org/W2775283760
https://openalex.org/W2781435928
https://openalex.org/W2791281568
https://openalex.org/W2792573428
https://openalex.org/W2799709515
https://openalex.org/W2896033447
https://openalex.org/W2901315612
https://openalex.org/W2904276588
https://openalex.org/W2906759226
https://openalex.org/W2968572727
https://openalex.org/W2974866962
https://openalex.org/W2989735195
https://openalex.org/W2997117412
https://openalex.org/W2999998811
https://openalex.org/W3000267687
https://openalex.org/W3007843579
https://openalex.org/W3027683983
https://openalex.org/W3046804367
https://openalex.org/W3048857711
https://openalex.org/W3049735783
https://openalex.org/W30721796
https://openalex.org/W3081613291
https://openalex.org/W3100013323
https://openalex.org/W3110707136
https://openalex.org/W3140148528
https://openalex.org/W3162991873
https://openalex.org/W3164196706
https://openalex.org/W3181852156
https://openalex.org/W3193282618
https://openalex.org/W3196308140
https://openalex.org/W3202347426
https://openalex.org/W3217711429
https://openalex.org/W4211176520
https://openalex.org/W4291020102
https://openalex.org/W4296381452
https://openalex.org/W4306832729
https://openalex.org/W124375316
https://openalex.org/W139241022
https://openalex.org/W1426921023
https://openalex.org/W1486963314
https://openalex.org/W1842608104
https://openalex.org/W1966746090
https://openalex.org/W1966829828
https://openalex.org/W1967772933
https://openalex.org/W1972411392
https://openalex.org/W1982673045
https://openalex.org/W1990524100
https://openalex.org/W1992505447
https://openalex.org/W2001873849
https://openalex.org/W2002603246
https://openalex.org/W2002692067
https://openalex.org/W2006860003
https://openalex.org/W2009747333
https://openalex.org/W2020797408
https://openalex.org/W2020905058
https://openalex.org/W2024141719
https://openalex.org/W2026646025
https://openalex.org/W2026827964
https://openalex.org/W2029479017
https://openalex.org/W2032407005
https://openalex.org/W2032657379
https://openalex.org/W2032834672
https://openalex.org/W2033546947
https://openalex.org/W2033826217
https://openalex.org/W2034391325
https://openalex.org/W2035333417
https://openalex.org/W2037358626
https://openalex.org/W2037628719
https://openalex.org/W2039408592
https://openalex.org/W2044423310
https://openalex.org/W2047726317
https://openalex.org/W2050767395
https://openalex.org/W2052649027
https://openalex.org/W2052935905
https://openalex.org/W2059992350
https://openalex.org/W2068461749
https://openalex.org/W2072256875
https://openalex.org/W2072595690
https://openalex.org/W2077827504
https://openalex.org/W2082545420
https://openalex.org/W2085868960
https://openalex.org/W2088567948
https://openalex.org/W2089855820
https://openalex.org/W2090745045
https://openalex.org/W2092594632
https://openalex.org/W2095522422
https://openalex.org/W2097449043
https://openalex.org/W2098412578
https://openalex.org/W2102747474
https://openalex.org/W2116708698
https://openalex.org/W2120752770
https://openalex.org/W2122762432
https://openalex.org/W2138442214
https://openalex.org/W2147137035
https://openalex.org/W2151709604
https://openalex.org/W2174962188
https://openalex.org/W2191787728
https://openalex.org/W2287704032
https://openalex.org/W2294806134
https://openalex.org/W2318775526
https://openalex.org/W2320781327
https://openalex.org/W2372291773
https://openalex.org/W2400395008
https://openalex.org/W2406422176
https://openalex.org/W2416213982
https://openalex.org/W2547322409
https://openalex.org/W2566245957
https://openalex.org/W2579359992
https://openalex.org/W2600225054
https://openalex.org/W2606716659
https://openalex.org/W2618322139
https://openalex.org/W2742479150
https://openalex.org/W2770784128
https://openalex.org/W2782703844
https://openalex.org/W2794512646
https://openalex.org/W2797248324
https://openalex.org/W2888825981
https://openalex.org/W2896037602
https://openalex.org/W2906641169
https://openalex.org/W2910763204
https://openalex.org/W2913409381
https://openalex.org/W2915772820
https://openalex.org/W2922379481
https://openalex.org/W2975026785
https://openalex.org/W2993225633
https://openalex.org/W3022940484
https://openalex.org/W3025530515
https://openalex.org/W3034201507
https://openalex.org/W3045384440
https://openalex.org/W3045385445
https://openalex.org/W3047085520
https://openalex.org/W3048864776
https://openalex.org/W3110953523
https://openalex.org/W3113013738
https://openalex.org/W3118395985
https://openalex.org/W3124945095
https://openalex.org/W3126508560
https://openalex.org/W3146055092
https://openalex.org/W3155339551
https://openalex.org/W3158954628
https://openalex.org/W3165885920
https://openalex.org/W3166475361
https://openalex.org/W3170725566
https://openalex.org/W3185252262
https://openalex.org/W3195164907
https://openalex.org/W3196428256
https://openalex.org/W3199892218
https://openalex.org/W3199920274
https://openalex.org/W3206964190
https://openalex.org/W3213891128
https://openalex.org/W4206134200
https://openalex.org/W4206582126
https://openalex.org/W4210511417
https://openalex.org/W4236522778
https://openalex.org/W4237665806
https://openalex.org/W1606063679
https://openalex.org/W1779252499
https://openalex.org/W1919839445
https://openalex.org/W1964442696
https://openalex.org/W1964482637
https://openalex.org/W1964951068
https://openalex.org/W1969778003
https://openalex.org/W1972615069
https://openalex.org/W1975610405
https://openalex.org/W1979401517
https://openalex.org/W1982210528
https://openalex.org/W1983296081
https://openalex.org/W1984485856
https://openalex.org/W1985892172
https://openalex.org/W1991180007
https://openalex.org/W1993509359
https://openalex.org/W2006879312
https://openalex.org/W2008111473
https://openalex.org/W2011491437
https://openalex.org/W2015596923
https://openalex.org/W2017461395
https://openalex.org/W2017718141
https://openalex.org/W2019206231
https://openalex.org/W2025119924
https://openalex.org/W2026135359
https://openalex.org/W2028926160
https://openalex.org/W2032759437
https://openalex.org/W2037390758
https://openalex.org/W2044703800
https://openalex.org/W2049530745
https://openalex.org/W2052441456
https://openalex.org/W2055503626
https://openalex.org/W2058437978
https://openalex.org/W2060976981
https://openalex.org/W2063597629
https://openalex.org/W2064520232
https://openalex.org/W2066297725
https://openalex.org/W2068564303
https://openalex.org/W2073527035
https://openalex.org/W2077208954
https://openalex.org/W2085963342
https://openalex.org/W2086347068
https://openalex.org/W2087915290
https://openalex.org/W2090672951
https://openalex.org/W2092079136
https://openalex.org/W2114560359
https://openalex.org/W2122030372
https://openalex.org/W2130086398
https://openalex.org/W2137237187
https://openalex.org/W2138467413
https://openalex.org/W2141344850
https://openalex.org/W2149522799
https://openalex.org/W2153900291
https://openalex.org/W2231516567
https://openalex.org/W2271532185
https://openalex.org/W2274707163
https://openalex.org/W2290527598
https://openalex.org/W2318841317
https://openalex.org/W2321670657
https://openalex.org/W2400624825
https://openalex.org/W2406081471
https://openalex.org/W2407500974
https://openalex.org/W2408040059
https://openalex.org/W2440175151
https://openalex.org/W2507568357
https://openalex.org/W2574634799
https://openalex.org/W2588698822
https://openalex.org/W2643182701
https://openalex.org/W2727137808
https://openalex.org/W2735538551
https://openalex.org/W2758884699
https://openalex.org/W2769609910
https://openalex.org/W2782138244
https://openalex.org/W2803016273
https://openalex.org/W2803639525
https://openalex.org/W2811320647
https://openalex.org/W2888678365
https://openalex.org/W2890620643
https://openalex.org/W2891253493
https://openalex.org/W2894920215
https://openalex.org/W2912249591
https://openalex.org/W2930011093
https://openalex.org/W2931767522
https://openalex.org/W2940440662
https://openalex.org/W2940940566
https://openalex.org/W2941903233
https://openalex.org/W2944564378
https://openalex.org/W3000705114
https://openalex.org/W3004005438
https://openalex.org/W3006210994
https://openalex.org/W3021625640
https://openalex.org/W3031495295
https://openalex.org/W3035260879
https://openalex.org/W3037589586
https://openalex.org/W3044794104
https://openalex.org/W3082938799
https://openalex.org/W3083025947
https://openalex.org/W3093053634
https://openalex.org/W3097754050
https://openalex.org/W3111188133
https://openalex.org/W3126180784
https://openalex.org/W3131795689
https://openalex.org/W3133100496
https://openalex.org/W3133145180
https://openalex.org/W3137789023
https://openalex.org/W3146361823
https://openalex.org/W3155785765
https://openalex.org/W3176150651
https://openalex.org/W3193701961
https://openalex.org/W3197896855
https://openalex.org/W3206575964
https://openalex.org/W4200553094
https://openalex.org/W4206126535
https://openalex.org/W4207048173
https://openalex.org/W4220854683
https://openalex.org/W4221057414
https://openalex.org/W4281479744
https://openalex.org/W4283070072
https://openalex.org/W4304099293
https://openalex.org/W72274006
https://openalex.org/W1151325180
https://openalex.org/W1537957871
https://openalex.org/W1576116067
https://openalex.org/W1848393436
https://openalex.org/W1963846956
https://openalex.org/W1964276434
https://openalex.org/W1964477484
https://openalex.org/W1964702289
https://openalex.org/W1965836636
https://openalex.org/W1971098662
https://openalex.org/W1971146711
https://openalex.org/W1972248850
https://openalex.org/W1972666207
https://openalex.org/W1979763922
https://openalex.org/W1987340515
https://openalex.org/W1987405452
https://openalex.org/W1989408260
https://openalex.org/W1991134901
https://openalex.org/W1992569008
https://openalex.org/W2005024959
https://openalex.org/W2012176295
https://openalex.org/W201406794
https://openalex.org/W2019155922
https://openalex.org/W2023193376
https://openalex.org/W2025603388
https://openalex.org/W2030432106
https://openalex.org/W2034042299
https://openalex.org/W2035002497
https://openalex.org/W2036636490
https://openalex.org/W2037443913
https://openalex.org/W2039160726
https://openalex.org/W2046189957
https://openalex.org/W2047409578
https://openalex.org/W2053162424
https://openalex.org/W2057429596
https://openalex.org/W2058392896
https://openalex.org/W2065524763
https://openalex.org/W2066474194
https://openalex.org/W2070280849
https://openalex.org/W2072964965
https://openalex.org/W2075300192
https://openalex.org/W2082133463
https://openalex.org/W2083512981
https://openalex.org/W2084752070
https://openalex.org/W2086855238
https://openalex.org/W2088739371
https://openalex.org/W2099287168
https://openalex.org/W2100900956
https://openalex.org/W2102597254
https://openalex.org/W2110757000
https://openalex.org/W2111288074
https://openalex.org/W2127623528
https://openalex.org/W2134183847
https://openalex.org/W2141819159
https://openalex.org/W2142421679
https://openalex.org/W2147486087
https://openalex.org/W2148739055
https://openalex.org/W2158686040
https://openalex.org/W2170938835
https://openalex.org/W2181374658
https://openalex.org/W2200580653
https://openalex.org/W2218958720
https://openalex.org/W2255726386
https://openalex.org/W2316471589
https://openalex.org/W2316877872
https://openalex.org/W2317819783
https://openalex.org/W2331321795
https://openalex.org/W2340902463
https://openalex.org/W2402772343
https://openalex.org/W2412736327
https://openalex.org/W2416471112
https://openalex.org/W2464378552
https://openalex.org/W2467315481
https://openalex.org/W2513996181
https://openalex.org/W2520101662
https://openalex.org/W2563080841
https://openalex.org/W2588119150
https://openalex.org/W2608852390
https://openalex.org/W2743369330
https://openalex.org/W2766098284
https://openalex.org/W2766430066
https://openalex.org/W2782478748
https://openalex.org/W2790569279
https://openalex.org/W2793543685
https://openalex.org/W2802009231
https://openalex.org/W2802409454
https://openalex.org/W2807208633
https://openalex.org/W2889917513
https://openalex.org/W2890534417
https://openalex.org/W2895966686
https://openalex.org/W2898950978
https://openalex.org/W2904797430
https://openalex.org/W2904899358
https://openalex.org/W2905483499
https://openalex.org/W2912086649
https://openalex.org/W2920965777
https://openalex.org/W2934276251
https://openalex.org/W2943287603
https://openalex.org/W2944532788
https://openalex.org/W2944813916
https://openalex.org/W2949007748
https://openalex.org/W2952447486
https://openalex.org/W2968825245
https://openalex.org/W2971526184
https://openalex.org/W2973067444
https://openalex.org/W2995612395
https://openalex.org/W3006819458
https://openalex.org/W3008015713
https://openalex.org/W3010366810
https://openalex.org/W3012984948
https://openalex.org/W3021552521
https://openalex.org/W3032464203
https://openalex.org/W3041543250
https://openalex.org/W3052657000
https://openalex.org/W3084405305
https://openalex.org/W3092518097
https://openalex.org/W3098309619
https://openalex.org/W3104571326
https://openalex.org/W3107489550
https://openalex.org/W3163936868
https://openalex.org/W3175422388
https://openalex.org/W3175889295
https://openalex.org/W3180146910
https://openalex.org/W3183832028
https://openalex.org/W3195712685
https://openalex.org/W3204878711
https://openalex.org/W4224298731
https://openalex.org/W4226016725
https://openalex.org/W4226087337
https://openalex.org/W4229625308
https://openalex.org/W4245515466
https://openalex.org/W4281643335
https://openalex.org/W4285115915
https://openalex.org/W4287447897
https://openalex.org/W4291396129
https://openalex.org/W4293802234
https://openalex.org/W4309409790
https://openalex.org/W632225754
https://openalex.org/W1501242685
https://openalex.org/W1604194471
https://openalex.org/W1883058951
https://openalex.org/W1938171447
https://openalex.org/W1964366547
https://openalex.org/W1967614625
https://openalex.org/W1968285313
https://openalex.org/W1969638695
https://openalex.org/W1970897813
https://openalex.org/W1975064012
https://openalex.org/W1975502046
https://openalex.org/W1979024736
https://openalex.org/W1990130611
https://openalex.org/W1995370526
https://openalex.org/W2000130836
https://openalex.org/W2003926106
https://openalex.org/W2006936841
https://openalex.org/W2012852458
https://openalex.org/W2018694500
https://openalex.org/W2019195059
https://openalex.org/W2022619929
https://openalex.org/W2035294770
https://openalex.org/W2039641980
https://openalex.org/W2042255422
https://openalex.org/W2051274508
https://openalex.org/W2057504093
https://openalex.org/W2057743323
https://openalex.org/W2062505913
https://openalex.org/W2066929152
https://openalex.org/W2069982108
https://openalex.org/W2072188335
https://openalex.org/W2078991556
https://openalex.org/W2079786879
https://openalex.org/W2080152541
https://openalex.org/W2080954874
https://openalex.org/W2081068386
https://openalex.org/W2083202629
https://openalex.org/W2084874861
https://openalex.org/W2087774510
https://openalex.org/W2095452505
https://openalex.org/W2104717232
https://openalex.org/W2112461268
https://openalex.org/W2114946446
https://openalex.org/W2117769147
https://openalex.org/W2125485556
https://openalex.org/W2127868191
https://openalex.org/W2153723573
https://openalex.org/W2176910307
https://openalex.org/W2182867169
https://openalex.org/W2186132223
https://openalex.org/W2292229233
https://openalex.org/W2300071477
https://openalex.org/W2331707653
https://openalex.org/W2400915779
https://openalex.org/W2408605007
https://openalex.org/W2410912056
https://openalex.org/W2413435529
https://openalex.org/W2413972327
https://openalex.org/W2414045790
https://openalex.org/W2433141875
https://openalex.org/W2485073967
https://openalex.org/W2538477534
https://openalex.org/W2543249099
https://openalex.org/W2596467341
https://openalex.org/W2604217659
https://openalex.org/W2606136080
https://openalex.org/W2620364731
https://openalex.org/W2738274534
https://openalex.org/W2745952812
https://openalex.org/W2774350129
https://openalex.org/W2774896443
https://openalex.org/W2788250274
https://openalex.org/W2791145167
https://openalex.org/W2795978314
https://openalex.org/W2801087560
https://openalex.org/W2811488045
https://openalex.org/W2885870944
https://openalex.org/W2902289501
https://openalex.org/W2907460505
https://openalex.org/W2915814686
https://openalex.org/W2920846699
https://openalex.org/W2938651375
https://openalex.org/W2946814922
https://openalex.org/W2947853434
https://openalex.org/W2954941422
https://openalex.org/W2962163746
https://openalex.org/W2962827009
https://openalex.org/W2963270435
https://openalex.org/W2966372052
https://openalex.org/W2969171838
https://openalex.org/W2973977857
https://openalex.org/W2995916137
https://openalex.org/W2998564903
https://openalex.org/W3022513673
https://openalex.org/W3024012344
https://openalex.org/W3041639330
https://openalex.org/W3048629593
https://openalex.org/W3049031591
https://openalex.org/W3088423889
https://openalex.org/W3088830553
https://openalex.org/W3091294849
https://openalex.org/W3092377069
https://openalex.org/W3093704266
https://openalex.org/W3094312155
https://openalex.org/W3109099111
https://openalex.org/W3110850950
https://openalex.org/W3119083532
https://openalex.org/W3122662490
https://openalex.org/W3129398241
https://openalex.org/W3135579514
https://openalex.org/W3137422634
https://openalex.org/W3155226741
https://openalex.org/W3156720914
https://openalex.org/W3168494883
https://openalex.org/W3184193917
https://openalex.org/W3184910187
https://openalex.org/W3186066181
https://openalex.org/W3193768231
https://openalex.org/W3196169231
https://openalex.org/W3201007343
https://openalex.org/W3214967347
https://openalex.org/W36606032
https://openalex.org/W4200522234
https://openalex.org/W4206502453
https://openalex.org/W4220807919
https://openalex.org/W4221010530
https://openalex.org/W4225116166
https://openalex.org/W4225151205
https://openalex.org/W4225619317
https://openalex.org/W4247057670
https://openalex.org/W4256643126
https://openalex.org/W4292811310
https://openalex.org/W4295332719
https://openalex.org/W4306412215
https://openalex.org/W4310963102
https://openalex.org/W4311009829
https://openalex.org/W142510934
https://openalex.org/W1593632802
https://openalex.org/W1610282655
https://openalex.org/W1932000509
https://openalex.org/W1965320823
https://openalex.org/W1968794860
https://openalex.org/W1968929822
https://openalex.org/W1970158978
https://openalex.org/W1975201267
https://openalex.org/W198573776
https://openalex.org/W1986993359
https://openalex.org/W1993250370
https://openalex.org/W2002683953
https://openalex.org/W2002731154
https://openalex.org/W2008731245
https://openalex.org/W2012723793
https://openalex.org/W2017722713
https://openalex.org/W2019324263
https://openalex.org/W2020824036
https://openalex.org/W2021086585
https://openalex.org/W2023078682
https://openalex.org/W2023330839
https://openalex.org/W2023683449
https://openalex.org/W2025997018
https://openalex.org/W2028966764
https://openalex.org/W2029841078
https://openalex.org/W2035262425
https://openalex.org/W2035499740
https://openalex.org/W2037251984
https://openalex.org/W2039966894
https://openalex.org/W2040064353
https://openalex.org/W2054023479
https://openalex.org/W2054922137
https://openalex.org/W2055713873
https://openalex.org/W2056395231
https://openalex.org/W2058361066
https://openalex.org/W2062853458
https://openalex.org/W2078913152
https://openalex.org/W2079523244
https://openalex.org/W2087666518
https://openalex.org/W2087744063
https://openalex.org/W2088563253
https://openalex.org/W2102801086
https://openalex.org/W2103389721
https://openalex.org/W2104076510
https://openalex.org/W2115896453
https://openalex.org/W2117975890
https://openalex.org/W2129376826
https://openalex.org/W2150991687
https://openalex.org/W2154448434
https://openalex.org/W2163631685
https://openalex.org/W2164873186
https://openalex.org/W2185253799
https://openalex.org/W2287416432
https://openalex.org/W2324087189
https://openalex.org/W2327166138
https://openalex.org/W2332801059
https://openalex.org/W2346798315
https://openalex.org/W2373739497
https://openalex.org/W2402986652
https://openalex.org/W2413469027
https://openalex.org/W2415518876
https://openalex.org/W2438019044
https://openalex.org/W2499333412
https://openalex.org/W2517922129
https://openalex.org/W2524058750
https://openalex.org/W2548898081
https://openalex.org/W2590670911
https://openalex.org/W2596100280
https://openalex.org/W2596758003
https://openalex.org/W2598458511
https://openalex.org/W2607135336
https://openalex.org/W2607203827
https://openalex.org/W2608140364
https://openalex.org/W2620650025
https://openalex.org/W2740651358
https://openalex.org/W2758625795
https://openalex.org/W2763103404
https://openalex.org/W2765216853
https://openalex.org/W2765434739
https://openalex.org/W2767200885
https://openalex.org/W2767578351
https://openalex.org/W2768887629
https://openalex.org/W2777400505
https://openalex.org/W2780299166
https://openalex.org/W2793800863
https://openalex.org/W2806353125
https://openalex.org/W2883748612
https://openalex.org/W2886800095
https://openalex.org/W2888784138
https://openalex.org/W2897502049
https://openalex.org/W2902210174
https://openalex.org/W2903011249
https://openalex.org/W2920870087
https://openalex.org/W2921631946
https://openalex.org/W2924656078
https://openalex.org/W2945698807
https://openalex.org/W2967373037
https://openalex.org/W2968967185
https://openalex.org/W2989892061
https://openalex.org/W3001497679
https://openalex.org/W3009318619
https://openalex.org/W3012517264
https://openalex.org/W3017517097
https://openalex.org/W3031777349
https://openalex.org/W3032961664
https://openalex.org/W3033353191
https://openalex.org/W3035708516
https://openalex.org/W3095611775
https://openalex.org/W3116131650
https://openalex.org/W3129397769
https://openalex.org/W3133031210
https://openalex.org/W3135054338
https://openalex.org/W3137526605
https://openalex.org/W3140308332
https://openalex.org/W3160150003
https://openalex.org/W3162602005
https://openalex.org/W3163795784
https://openalex.org/W3171537430
https://openalex.org/W3177174515
https://openalex.org/W3190021643
https://openalex.org/W3191074948
https://openalex.org/W3193801707
https://openalex.org/W3194900938
https://openalex.org/W3198127047
https://openalex.org/W3199195874
https://openalex.org/W3200274351
https://openalex.org/W3203798538
https://openalex.org/W3206365861
https://openalex.org/W4200097115
https://openalex.org/W4200162278
https://openalex.org/W4200165724
https://openalex.org/W4200424572
https://openalex.org/W4200518355
https://openalex.org/W4205298139
https://openalex.org/W4206493083
https://openalex.org/W4210605008
https://openalex.org/W4212803148
https://openalex.org/W4220893507
https://openalex.org/W4226270181
https://openalex.org/W4229026523
https://openalex.org/W4230241625
https://openalex.org/W4231240600
https://openalex.org/W4234399672
https://openalex.org/W4235089950
https://openalex.org/W4238363166
https://openalex.org/W4240190289
https://openalex.org/W4248915659
https://openalex.org/W4281482921
https://openalex.org/W4283799295
https://openalex.org/W4285162969
https://openalex.org/W4285800878
https://openalex.org/W4286945617
https://openalex.org/W4293866626
https://openalex.org/W4294804859
https://openalex.org/W4295575187
https://openalex.org/W4300819173
https://openalex.org/W4307567162
https://openalex.org/W4308384282
https://openalex.org/W4308527139
https://openalex.org/W4309019894
https://openalex.org/W4309569027
https://openalex.org/W4311301399
https://openalex.org/W4311440931
https://openalex.org/W4316362712
https://openalex.org/W4321996903
https://openalex.org/W1551310623
https://openalex.org/W157183837
https://openalex.org/W1606878120
https://openalex.org/W161383719
https://openalex.org/W1689392557
https://openalex.org/W1964523371
https://openalex.org/W1967720207
https://openalex.org/W1968183152
https://openalex.org/W1969558240
https://openalex.org/W1977989351
https://openalex.org/W1979496749
https://openalex.org/W1981404653
https://openalex.org/W1987563545
https://openalex.org/W1990589304
https://openalex.org/W1992417300
https://openalex.org/W1994231060
https://openalex.org/W1994335282
https://openalex.org/W1998633788
https://openalex.org/W2012457752
https://openalex.org/W2014880324
https://openalex.org/W2016250803
https://openalex.org/W2017588087
https://openalex.org/W2017819131
https://openalex.org/W2021180571
https://openalex.org/W2027578360
https://openalex.org/W2028928247
https://openalex.org/W2034745363
https://openalex.org/W2035597818
https://openalex.org/W2039436400
https://openalex.org/W2041768641
https://openalex.org/W2043126753
https://openalex.org/W2043957805
https://openalex.org/W2045988812
https://openalex.org/W2048607924
https://openalex.org/W2049586466
https://openalex.org/W2051591535
https://openalex.org/W2053215383
https://openalex.org/W2053433213
https://openalex.org/W2054946108
https://openalex.org/W2055058327
https://openalex.org/W2056093027
https://openalex.org/W2057677903
https://openalex.org/W2058539120
https://openalex.org/W2062744599
https://openalex.org/W2063204383
https://openalex.org/W2066574841
https://openalex.org/W2071396696
https://openalex.org/W2074302397
https://openalex.org/W2075104622
https://openalex.org/W2082638778
https://openalex.org/W2083387410
https://openalex.org/W2083616553
https://openalex.org/W2085316834
https://openalex.org/W2091496817
https://openalex.org/W2091542075
https://openalex.org/W2091587580
https://openalex.org/W2105449689
https://openalex.org/W2107760067
https://openalex.org/W2117498754
https://openalex.org/W2117999705
https://openalex.org/W2130389456
https://openalex.org/W2132556073
https://openalex.org/W2141723619
https://openalex.org/W2142966860
https://openalex.org/W2147951257
https://openalex.org/W2156033561
https://openalex.org/W2165792446
https://openalex.org/W2167562926
https://openalex.org/W2171023512
https://openalex.org/W2172067244
https://openalex.org/W2181965308
https://openalex.org/W2182337651
https://openalex.org/W2266397373
https://openalex.org/W2333613007
https://openalex.org/W2333916949
https://openalex.org/W2335178673
https://openalex.org/W2339048863
https://openalex.org/W2342959084
https://openalex.org/W2399501947
https://openalex.org/W2406062233
https://openalex.org/W2407923650
https://openalex.org/W2418552830
https://openalex.org/W2463096209
https://openalex.org/W2484436773
https://openalex.org/W2506406382
https://openalex.org/W2508118648
https://openalex.org/W2515538038
https://openalex.org/W2521600245
https://openalex.org/W2522660801
https://openalex.org/W2541241850
https://openalex.org/W2545669013
https://openalex.org/W2548663413
https://openalex.org/W2588329062
https://openalex.org/W2591848453
https://openalex.org/W2595118521
https://openalex.org/W2601329331
https://openalex.org/W2602486664
https://openalex.org/W2603007887
https://openalex.org/W2604049951
https://openalex.org/W2625377839
https://openalex.org/W2753732388
https://openalex.org/W2766478447
https://openalex.org/W2767816884
https://openalex.org/W2767891077
https://openalex.org/W2772366258
https://openalex.org/W2772929380
https://openalex.org/W2789208440
https://openalex.org/W2790690934
https://openalex.org/W2798671136
https://openalex.org/W2799629108
https://openalex.org/W2800857755
https://openalex.org/W2802739512
https://openalex.org/W2861777303
https://openalex.org/W2891580229
https://openalex.org/W2891939133
https://openalex.org/W2898590915
https://openalex.org/W2902633453
https://openalex.org/W2907181175
https://openalex.org/W2921362256
https://openalex.org/W2925072929
https://openalex.org/W2927996930
https://openalex.org/W2929734697
https://openalex.org/W2939100626
https://openalex.org/W2990375284
https://openalex.org/W2990500813
https://openalex.org/W2998282020
https://openalex.org/W3008419553
https://openalex.org/W3010621479
https://openalex.org/W3014239299
https://openalex.org/W3015994961
https://openalex.org/W3016662215
https://openalex.org/W3020568877
https://openalex.org/W3025963442
https://openalex.org/W3028964513
https://openalex.org/W3037568142
https://openalex.org/W3039269827
https://openalex.org/W3042250301
https://openalex.org/W3080932840
https://openalex.org/W3093739540
https://openalex.org/W3100393930
https://openalex.org/W3104459126
https://openalex.org/W3112468084
https://openalex.org/W3117321590
https://openalex.org/W3118768393
https://openalex.org/W3121786022
https://openalex.org/W3125462562
https://openalex.org/W3134129888
https://openalex.org/W3139159241
https://openalex.org/W3146825984
https://openalex.org/W3155964814
https://openalex.org/W3164390111
https://openalex.org/W3177539532
https://openalex.org/W3179268622
https://openalex.org/W3181762752
https://openalex.org/W3184453378
https://openalex.org/W3187133172
https://openalex.org/W3193594736
https://openalex.org/W3194943723
https://openalex.org/W3201768488
https://openalex.org/W3202376177
https://openalex.org/W3206563597
https://openalex.org/W3212602140
https://openalex.org/W3213983903
https://openalex.org/W4200374064
https://openalex.org/W4200379988
https://openalex.org/W4205527114
https://openalex.org/W4205575843
https://openalex.org/W4206621012
https://openalex.org/W4210632110
https://openalex.org/W4214873710
https://openalex.org/W4221044803
https://openalex.org/W4224278993
https://openalex.org/W4224311392
https://openalex.org/W4283820648
https://openalex.org/W4285586951
https://openalex.org/W4287877512
https://openalex.org/W4289526453
https://openalex.org/W4307902807
https://openalex.org/W4309809372
https://openalex.org/W4310231273
https://openalex.org/W4315928831
https://openalex.org/W4317584165
https://openalex.org/W4319073634
https://openalex.org/W4322207749
https://openalex.org/W4366168939
https://openalex.org/W47605817
https://openalex.org/W632009578
https://openalex.org/W1123253606
https://openalex.org/W1526019834
https://openalex.org/W1547427830
https://openalex.org/W1824671489
https://openalex.org/W1936181725
https://openalex.org/W1966594190
https://openalex.org/W1967212846
https://openalex.org/W1970703042
https://openalex.org/W1976687199
https://openalex.org/W1980657774
https://openalex.org/W1983704883
https://openalex.org/W1986104835
https://openalex.org/W1986306951
https://openalex.org/W1989534255
https://openalex.org/W1991636603
https://openalex.org/W1991971521
https://openalex.org/W1992169347
https://openalex.org/W1995338814
https://openalex.org/W1996550850
https://openalex.org/W1996632382
https://openalex.org/W1998310642
https://openalex.org/W2002383954
https://openalex.org/W2003042022
https://openalex.org/W2003517519
https://openalex.org/W2005328463
https://openalex.org/W2007435901
https://openalex.org/W2016443823
https://openalex.org/W2018198407
https://openalex.org/W2022229060
https://openalex.org/W2022614946
https://openalex.org/W2025648166
https://openalex.org/W2025827238
https://openalex.org/W2026043411
https://openalex.org/W2030709766
https://openalex.org/W2033537528
https://openalex.org/W2035027664
https://openalex.org/W2040264006
https://openalex.org/W2041676572
https://openalex.org/W2045474430
https://openalex.org/W2048482039
https://openalex.org/W2050355828
https://openalex.org/W2066473463
https://openalex.org/W2068748593
https://openalex.org/W2075495048
https://openalex.org/W2075969816
https://openalex.org/W2076476177
https://openalex.org/W2077739550
https://openalex.org/W2077960393
https://openalex.org/W2084408653
https://openalex.org/W2084969658
https://openalex.org/W2087782785
https://openalex.org/W2090602921
https://openalex.org/W2097959310
https://openalex.org/W2102341890
https://openalex.org/W2122922857
https://openalex.org/W2125663277
https://openalex.org/W2137403131
https://openalex.org/W2137500475
https://openalex.org/W2139851917
https://openalex.org/W2158271544
https://openalex.org/W2161032615
https://openalex.org/W2161370297
https://openalex.org/W2164140873
https://openalex.org/W2167714571
https://openalex.org/W2169240655
https://openalex.org/W2186939080
https://openalex.org/W219006274
https://openalex.org/W2213170169
https://openalex.org/W2213766325
https://openalex.org/W2258935554
https://openalex.org/W2292850407
https://openalex.org/W2302879848
https://openalex.org/W2317844943
https://openalex.org/W2321035778
https://openalex.org/W2328084939
https://openalex.org/W2339925501
https://openalex.org/W2341423489
https://openalex.org/W2342911721
https://openalex.org/W2345125898
https://openalex.org/W2395912338
https://openalex.org/W2396412151
https://openalex.org/W2410009934
https://openalex.org/W2418209724
https://openalex.org/W2437236337
https://openalex.org/W2443136897
https://openalex.org/W2466373405
https://openalex.org/W2501441865
https://openalex.org/W2514962929
https://openalex.org/W2529447454
https://openalex.org/W2532523922
https://openalex.org/W2549412600
https://openalex.org/W2572459935
https://openalex.org/W2581900878
https://openalex.org/W2592856182
https://openalex.org/W2595617662
https://openalex.org/W2605525334
https://openalex.org/W2664274236
https://openalex.org/W2742488947
https://openalex.org/W2766047703
https://openalex.org/W2766943859
https://openalex.org/W2771478862
https://openalex.org/W2799365882
https://openalex.org/W2800713504
https://openalex.org/W2811233652
https://openalex.org/W2811467579
https://openalex.org/W2884535364
https://openalex.org/W2884725517
https://openalex.org/W2884846596
https://openalex.org/W2889763557
https://openalex.org/W2891322901
https://openalex.org/W2899270852
https://openalex.org/W2899459381
https://openalex.org/W2903919440
https://openalex.org/W2906025697
https://openalex.org/W2907613143
https://openalex.org/W2907900958
https://openalex.org/W2908369614
https://openalex.org/W2910237671
https://openalex.org/W2920957598
https://openalex.org/W2921634302
https://openalex.org/W2943228686
https://openalex.org/W2944281139
https://openalex.org/W2946667802
https://openalex.org/W2959534003
https://openalex.org/W2965420108
https://openalex.org/W2973042193
https://openalex.org/W2986430220
https://openalex.org/W2991033215
https://openalex.org/W3001617896
https://openalex.org/W3011730685
https://openalex.org/W3012798028
https://openalex.org/W3014972014
https://openalex.org/W3017163429
https://openalex.org/W3018937599
https://openalex.org/W3022050991
https://openalex.org/W3023085162
https://openalex.org/W3025344620
https://openalex.org/W3027650656
https://openalex.org/W3037980134
https://openalex.org/W3038155878
https://openalex.org/W3041134840
https://openalex.org/W3103145411
https://openalex.org/W3107440367
https://openalex.org/W3110492449
https://openalex.org/W3111615085
https://openalex.org/W3121979706
https://openalex.org/W3135664210
https://openalex.org/W3135973983
https://openalex.org/W3142261710
https://openalex.org/W3145451974
https://openalex.org/W3159149180
https://openalex.org/W3160897125
https://openalex.org/W3164713084
https://openalex.org/W3165545736
https://openalex.org/W3168391771
https://openalex.org/W3169296763
https://openalex.org/W3173977892
https://openalex.org/W3176851781
https://openalex.org/W3177320431
https://openalex.org/W3192887609
https://openalex.org/W3193752727
https://openalex.org/W3194309027
https://openalex.org/W3195500270
https://openalex.org/W3196114018
https://openalex.org/W3198392389
https://openalex.org/W3199181126
https://openalex.org/W3206808696
https://openalex.org/W3213405000
https://openalex.org/W4206402063
https://openalex.org/W4212907613
https://openalex.org/W4214774981
https://openalex.org/W4224327170
https://openalex.org/W4224912495
https://openalex.org/W4238794996
https://openalex.org/W4239100231
https://openalex.org/W4249943857
https://openalex.org/W4281262755
https://openalex.org/W4282965604
https://openalex.org/W4283075793
https://openalex.org/W4285403613
https://openalex.org/W4286449185
https://openalex.org/W4288054145
https://openalex.org/W4291414123
https://openalex.org/W4295213460
https://openalex.org/W4295743632
https://openalex.org/W4295872969
https://openalex.org/W4296242407
https://openalex.org/W4304690980
https://openalex.org/W4308834495
https://openalex.org/W4309112109
https://openalex.org/W4310038633
https://openalex.org/W4310605591
https://openalex.org/W4310675774
https://openalex.org/W4312122460
https://openalex.org/W4312190318
https://openalex.org/W4317567933
https://openalex.org/W4367693912
https://openalex.org/W605063507
https://openalex.org/W83708285
https://openalex.org/W888439306
https://openalex.org/W93517957
https://openalex.org/W150660268
https://openalex.org/W1557554508
https://openalex.org/W1573653466
https://openalex.org/W1573801914
https://openalex.org/W1587748901
https://openalex.org/W1786738171
https://openalex.org/W1839832257
https://openalex.org/W1843509496
https://openalex.org/W1845853495
https://openalex.org/W191338276
https://openalex.org/W1966840832
https://openalex.org/W1968050253
https://openalex.org/W1976662515
https://openalex.org/W1980290005
https://openalex.org/W1982202619
https://openalex.org/W1982678445
https://openalex.org/W1991652789
https://openalex.org/W1997691813
https://openalex.org/W2000094048
https://openalex.org/W2000726151
https://openalex.org/W2002748599
https://openalex.org/W2004074711
https://openalex.org/W2004262541
https://openalex.org/W2010151190
https://openalex.org/W2015160451
https://openalex.org/W2016324463
https://openalex.org/W2019892680
https://openalex.org/W2026927150
https://openalex.org/W2029362635
https://openalex.org/W2030145829
https://openalex.org/W2030945242
https://openalex.org/W2032444069
https://openalex.org/W2032648437
https://openalex.org/W2033918842
https://openalex.org/W2039595258
https://openalex.org/W2042415231
https://openalex.org/W2044269260
https://openalex.org/W2047508553
https://openalex.org/W2048728805
https://openalex.org/W2049804972
https://openalex.org/W2050052936
https://openalex.org/W2054962621
https://openalex.org/W2055639764
https://openalex.org/W2060037756
https://openalex.org/W2061958448
https://openalex.org/W2064030901
https://openalex.org/W2064565339
https://openalex.org/W2065608389
https://openalex.org/W2068294735
https://openalex.org/W2069726739
https://openalex.org/W2071204995
https://openalex.org/W2075378368
https://openalex.org/W2079461583
https://openalex.org/W2080778599
https://openalex.org/W2081644097
https://openalex.org/W2096200061
https://openalex.org/W2101642496
https://openalex.org/W2102492894
https://openalex.org/W2103127837
https://openalex.org/W2104293693
https://openalex.org/W2107110475
https://openalex.org/W2107440902
https://openalex.org/W2110282208
https://openalex.org/W2112631731
https://openalex.org/W2122681331
https://openalex.org/W2126956562
https://openalex.org/W2127788344
https://openalex.org/W2128102745
https://openalex.org/W2134254598
https://openalex.org/W2141051357
https://openalex.org/W2141110143
https://openalex.org/W2150875351
https://openalex.org/W2152527443
https://openalex.org/W2154516074
https://openalex.org/W2165151695
https://openalex.org/W2166273329
https://openalex.org/W2169139366
https://openalex.org/W2202608023
https://openalex.org/W2221702457
https://openalex.org/W2245746814
https://openalex.org/W2260561476
https://openalex.org/W2263692465
https://openalex.org/W2288562342
https://openalex.org/W2297483889
https://openalex.org/W2318342577
https://openalex.org/W2318408031
https://openalex.org/W2320165512
https://openalex.org/W2321323785
https://openalex.org/W2325140598
https://openalex.org/W2327601170
https://openalex.org/W2331654720
https://openalex.org/W2337263149
https://openalex.org/W2388494096
https://openalex.org/W2394749633
https://openalex.org/W2412908587
https://openalex.org/W2416675751
https://openalex.org/W2419126023
https://openalex.org/W2419948963
https://openalex.org/W2430378450
https://openalex.org/W2460072352
https://openalex.org/W2463403279
https://openalex.org/W2469471468
https://openalex.org/W2471163101
https://openalex.org/W2485782978
https://openalex.org/W2490073974
https://openalex.org/W2493043542
https://openalex.org/W2508723684
https://openalex.org/W2541785851
https://openalex.org/W2545677656
https://openalex.org/W2548654627
https://openalex.org/W2571066309
https://openalex.org/W2601175804
https://openalex.org/W2602980643
https://openalex.org/W2605415931
https://openalex.org/W2613724280
https://openalex.org/W2617233623
https://openalex.org/W2626744022
https://openalex.org/W2733578781
https://openalex.org/W2742584204
https://openalex.org/W2748226636
https://openalex.org/W2785711781
https://openalex.org/W2788160257
https://openalex.org/W2790629371
https://openalex.org/W2792905364
https://openalex.org/W2797741405
https://openalex.org/W2800585104
https://openalex.org/W2800892017
https://openalex.org/W2805796621
https://openalex.org/W2808049045
https://openalex.org/W2808599598
https://openalex.org/W2886800988
https://openalex.org/W2890337673
https://openalex.org/W2892366700
https://openalex.org/W2895497723
https://openalex.org/W2901536712
https://openalex.org/W2905980886
https://openalex.org/W2911976127
https://openalex.org/W2913676145
https://openalex.org/W2916839515
https://openalex.org/W2916864958
https://openalex.org/W2917122475
https://openalex.org/W2918826438
https://openalex.org/W2932692969
https://openalex.org/W2941275606
https://openalex.org/W2943395886
https://openalex.org/W2949613941
https://openalex.org/W2951391507
https://openalex.org/W2957066688
https://openalex.org/W2964004285
https://openalex.org/W2969063413
https://openalex.org/W2970468700
https://openalex.org/W2971309979
https://openalex.org/W2972077185
https://openalex.org/W2981912176
https://openalex.org/W2985392460
https://openalex.org/W2989831514
https://openalex.org/W2990963902
https://openalex.org/W2995258388
https://openalex.org/W2995385184
https://openalex.org/W2999653745
https://openalex.org/W2999942617
https://openalex.org/W3006663041
https://openalex.org/W3008650051
https://openalex.org/W3011007682
https://openalex.org/W3012344082
https://openalex.org/W3017019165
https://openalex.org/W3025950244
https://openalex.org/W3041457361
https://openalex.org/W3042589764
https://openalex.org/W3084025423
https://openalex.org/W3087224119
https://openalex.org/W3089090796
https://openalex.org/W3089561155
https://openalex.org/W3092848942
https://openalex.org/W3093782701
https://openalex.org/W3095219876
https://openalex.org/W3097058703
https://openalex.org/W3109572401
https://openalex.org/W3110143705
https://openalex.org/W3110778003
https://openalex.org/W3112016801
https://openalex.org/W3112812777
https://openalex.org/W3119413224
https://openalex.org/W3126579738
https://openalex.org/W3126919899
https://openalex.org/W3128034513
https://openalex.org/W3133741614
https://openalex.org/W3133907153
https://openalex.org/W3135196812
https://openalex.org/W3137447529
https://openalex.org/W3138955008
https://openalex.org/W3139315800
https://openalex.org/W3146763259
https://openalex.org/W3153546177
https://openalex.org/W3154014451
https://openalex.org/W3157642684
https://openalex.org/W3159414726
https://openalex.org/W3161144554
https://openalex.org/W3162374000
https://openalex.org/W3163546557
https://openalex.org/W3163609349
https://openalex.org/W3173389614
https://openalex.org/W3174995928
https://openalex.org/W3192255822
https://openalex.org/W3194364274
https://openalex.org/W3195004303
https://openalex.org/W3195999088
https://openalex.org/W3202569674
https://openalex.org/W3202664132
https://openalex.org/W3205950429
https://openalex.org/W3206356369
https://openalex.org/W3209549463
https://openalex.org/W3210627694
https://openalex.org/W3212359865
https://openalex.org/W3212378859
https://openalex.org/W3215120433
https://openalex.org/W4210701675
https://openalex.org/W4220849910
https://openalex.org/W4220880868
https://openalex.org/W4220902246
https://openalex.org/W4221007008
https://openalex.org/W4221042821
https://openalex.org/W4223639937
https://openalex.org/W4224257274
https://openalex.org/W4229011725
https://openalex.org/W4230849621
https://openalex.org/W4235256334
https://openalex.org/W4245278234
https://openalex.org/W4247679000
https://openalex.org/W4252395099
https://openalex.org/W4254505738
https://openalex.org/W4280598712
https://openalex.org/W4281395531
https://openalex.org/W4281643367
https://openalex.org/W4281740518
https://openalex.org/W4282041931
https://openalex.org/W4283216055
https://openalex.org/W4283371082
https://openalex.org/W4283705525
https://openalex.org/W4283738031
https://openalex.org/W4285083608
https://openalex.org/W4285594496
https://openalex.org/W4287009916
https://openalex.org/W4287218753
https://openalex.org/W4288039852
https://openalex.org/W4289871381
https://openalex.org/W4290097480
https://openalex.org/W4291710955
https://openalex.org/W4292361108
https://openalex.org/W4293107785
https://openalex.org/W4293113604
https://openalex.org/W4293149985
https://openalex.org/W4293660248
https://openalex.org/W4293866204
https://openalex.org/W4294409011
https://openalex.org/W4294710559
https://openalex.org/W4294844273
https://openalex.org/W4294957914
https://openalex.org/W4295414603
https://openalex.org/W4297009547
https://openalex.org/W4298089897
https://openalex.org/W4303043626
https://openalex.org/W4304942974
https://openalex.org/W4307560136
https://openalex.org/W4308310845
https://openalex.org/W4310543174
https://openalex.org/W4319319632
https://openalex.org/W4361190575
https://openalex.org/W4362737210
https://openalex.org/W4367319971
https://openalex.org/W4367600919
https://openalex.org/W4382397696
https://openalex.org/W61738608
https://openalex.org/W74311619
https://openalex.org/W81566890
https://openalex.org/W1493442253
https://openalex.org/W1539202287
https://openalex.org/W1544185703
https://openalex.org/W156958148
https://openalex.org/W1583749083
https://openalex.org/W1585839093
https://openalex.org/W15953300
https://openalex.org/W1659738922
https://openalex.org/W1709943019
https://openalex.org/W1742267199
https://openalex.org/W178249613
https://openalex.org/W1786960107
https://openalex.org/W1787986715
https://openalex.org/W1929144298
https://openalex.org/W1950778628
https://openalex.org/W1965213870
https://openalex.org/W1967956030
https://openalex.org/W1970707026
https://openalex.org/W1970979465
https://openalex.org/W1971376795
https://openalex.org/W1978896753
https://openalex.org/W1979186936
https://openalex.org/W1980326454
https://openalex.org/W1986208657
https://openalex.org/W1988555234
https://openalex.org/W1991267117
https://openalex.org/W1992164815
https://openalex.org/W1998905471
https://openalex.org/W1999554321
https://openalex.org/W2000401713
https://openalex.org/W2000679476
https://openalex.org/W2002935949
https://openalex.org/W2003857701
https://openalex.org/W2004382126
https://openalex.org/W2006208898
https://openalex.org/W2009721750
https://openalex.org/W2011986860
https://openalex.org/W2014020596
https://openalex.org/W2016868554
https://openalex.org/W2017442384
https://openalex.org/W2020397762
https://openalex.org/W2021329072
https://openalex.org/W2022671133
https://openalex.org/W2024510956
https://openalex.org/W2030176714
https://openalex.org/W2035408827
https://openalex.org/W2035681035
https://openalex.org/W2037097264
https://openalex.org/W2039371776
https://openalex.org/W2043645995
https://openalex.org/W2045064146
https://openalex.org/W2046510179
https://openalex.org/W2047624723
https://openalex.org/W2051055954
https://openalex.org/W2051665881
https://openalex.org/W2054241154
https://openalex.org/W2054335467
https://openalex.org/W2054739465
https://openalex.org/W2055012588
https://openalex.org/W2060556827
https://openalex.org/W2060776893
https://openalex.org/W2064007903
https://openalex.org/W2066306581
https://openalex.org/W2072520967
https://openalex.org/W2072552295
https://openalex.org/W2077575522
https://openalex.org/W2083990178
https://openalex.org/W2084014110
https://openalex.org/W2084425764
https://openalex.org/W2086717769
https://openalex.org/W208847600
https://openalex.org/W2088601040
https://openalex.org/W2088904556
https://openalex.org/W2089117910
https://openalex.org/W2090840344
https://openalex.org/W2099543144
https://openalex.org/W2106806871
https://openalex.org/W2112840801
https://openalex.org/W2123351168
https://openalex.org/W2127967750
https://openalex.org/W2128033693
https://openalex.org/W2131993246
https://openalex.org/W2136735299
https://openalex.org/W2144471416
https://openalex.org/W2147863203
https://openalex.org/W2153037784
https://openalex.org/W2160822330
https://openalex.org/W2164472830
https://openalex.org/W2170380354
https://openalex.org/W2182862081
https://openalex.org/W2186479106
https://openalex.org/W2187827259
https://openalex.org/W2196434988
https://openalex.org/W2204315131
https://openalex.org/W2219039211
https://openalex.org/W2263083813
https://openalex.org/W2267988907
https://openalex.org/W2291550356
https://openalex.org/W2292303096
https://openalex.org/W2293680516
https://openalex.org/W2313067396
https://openalex.org/W2314495425
https://openalex.org/W2314616999
https://openalex.org/W2320274108
https://openalex.org/W2320393538
https://openalex.org/W2327795744
https://openalex.org/W2328389318
https://openalex.org/W2330071750
https://openalex.org/W2334423857
https://openalex.org/W2337502898
https://openalex.org/W2347759369
https://openalex.org/W2362178211
https://openalex.org/W2365882293
https://openalex.org/W2368876277
https://openalex.org/W2369555913
https://openalex.org/W2374344858
https://openalex.org/W2400094541
https://openalex.org/W2414061859
https://openalex.org/W2415342605
https://openalex.org/W2416363799
https://openalex.org/W2416917627
https://openalex.org/W2418869732
https://openalex.org/W2420541567
https://openalex.org/W2477206625
https://openalex.org/W2497254836
https://openalex.org/W2503792026
https://openalex.org/W2510363865
https://openalex.org/W2518656901
https://openalex.org/W2528301367
https://openalex.org/W2535954065
https://openalex.org/W2537965553
https://openalex.org/W2539368496
https://openalex.org/W2543176353
https://openalex.org/W2546830657
https://openalex.org/W2548124177
https://openalex.org/W2556454450
https://openalex.org/W2557963656
https://openalex.org/W2561909487
https://openalex.org/W2565383255
https://openalex.org/W2565565113
https://openalex.org/W2587771994
https://openalex.org/W2592947863
https://openalex.org/W2599120744
https://openalex.org/W2599909104
https://openalex.org/W2601210556
https://openalex.org/W2603361463
https://openalex.org/W2603587691
https://openalex.org/W2605454651
https://openalex.org/W2605590031
https://openalex.org/W2607148834
https://openalex.org/W2615685941
https://openalex.org/W2616904872
https://openalex.org/W2716579383
https://openalex.org/W2737307861
https://openalex.org/W2765473993
https://openalex.org/W2768922076
https://openalex.org/W2778912809
https://openalex.org/W2781087231
https://openalex.org/W2786264363
https://openalex.org/W278725061
https://openalex.org/W2793646751
https://openalex.org/W2800605171
https://openalex.org/W2803022377
https://openalex.org/W2804587642
https://openalex.org/W2807180053
https://openalex.org/W2807302069
https://openalex.org/W2813789522
https://openalex.org/W2883315351
https://openalex.org/W2884045494
https://openalex.org/W2884741013
https://openalex.org/W2886701370
https://openalex.org/W2887586553
https://openalex.org/W2889150046
https://openalex.org/W2892549568
https://openalex.org/W2892607212
https://openalex.org/W2896193236
https://openalex.org/W2903152877
https://openalex.org/W2904003442
https://openalex.org/W2908730520
https://openalex.org/W2911596642
https://openalex.org/W2922593528
https://openalex.org/W2951300602
https://openalex.org/W2953675177
https://openalex.org/W2964684869
https://openalex.org/W2964882888
https://openalex.org/W2971997339
https://openalex.org/W2978997001
https://openalex.org/W2979471952
https://openalex.org/W2980642206
https://openalex.org/W2985584279
https://openalex.org/W2994618799
https://openalex.org/W2996529690
https://openalex.org/W3001811841
https://openalex.org/W3004015779
https://openalex.org/W3006686119
https://openalex.org/W3007971178
https://openalex.org/W3010242968
https://openalex.org/W3013986465
https://openalex.org/W3014847927
https://openalex.org/W3019112457
https://openalex.org/W3024203982
https://openalex.org/W3026596925
https://openalex.org/W3034101432
https://openalex.org/W3035375279
https://openalex.org/W3060701269
https://openalex.org/W3063972973
https://openalex.org/W3081621064
https://openalex.org/W3083692545
https://openalex.org/W3084207664
https://openalex.org/W3085821975
https://openalex.org/W3091580693
https://openalex.org/W3092252669
https://openalex.org/W3092509156
https://openalex.org/W3092742330
https://openalex.org/W3093466069
https://openalex.org/W3097616367
https://openalex.org/W3097872423
https://openalex.org/W3104727553
https://openalex.org/W3106327780
https://openalex.org/W3106886526
https://openalex.org/W3114129550
https://openalex.org/W3125656644
https://openalex.org/W3126997295
https://openalex.org/W3127035620
https://openalex.org/W3127948952
https://openalex.org/W3128957858
https://openalex.org/W3131201650
https://openalex.org/W3131645213
https://openalex.org/W3134048819
https://openalex.org/W3134244702
https://openalex.org/W3137430373
https://openalex.org/W3140844466
https://openalex.org/W3141771695
https://openalex.org/W3153404395
https://openalex.org/W3157269614
https://openalex.org/W3164847460
https://openalex.org/W3169867772
https://openalex.org/W3184907418
https://openalex.org/W3185323148
https://openalex.org/W3186562925
https://openalex.org/W3186682858
https://openalex.org/W3187301817
https://openalex.org/W3194994861
https://openalex.org/W3196265092
https://openalex.org/W3198671000
https://openalex.org/W3200372759
https://openalex.org/W3201614976
https://openalex.org/W3203560015
https://openalex.org/W3206857277
https://openalex.org/W3207501178
https://openalex.org/W3209717712
https://openalex.org/W3210430511
https://openalex.org/W3211150579
https://openalex.org/W3213258536
https://openalex.org/W3213317184
https://openalex.org/W3215479373
https://openalex.org/W3216622338
https://openalex.org/W3216744496
https://openalex.org/W3217746117
https://openalex.org/W33442150
https://openalex.org/W336178207
https://openalex.org/W4205290851
https://openalex.org/W4206956835
https://openalex.org/W4210790743
https://openalex.org/W4213440259
https://openalex.org/W4214895911
https://openalex.org/W4220812362
https://openalex.org/W4220935900
https://openalex.org/W4229378623
https://openalex.org/W4232378493
https://openalex.org/W4233299061
https://openalex.org/W4235366390
https://openalex.org/W4240152444
https://openalex.org/W4240825313
https://openalex.org/W4250754312
https://openalex.org/W4252134418
https://openalex.org/W4252255555
https://openalex.org/W4253008495
https://openalex.org/W4256247408
https://openalex.org/W4256269877
https://openalex.org/W4280581149
https://openalex.org/W4281758365
https://openalex.org/W4283319118
https://openalex.org/W4283393098
https://openalex.org/W4283774578
https://openalex.org/W4283833118
https://openalex.org/W4285181940
https://openalex.org/W4286357223
https://openalex.org/W4291016139
https://openalex.org/W4293089372
https://openalex.org/W4293577364
https://openalex.org/W4294992870
https://openalex.org/W4295107299
https://openalex.org/W4296131738
https://openalex.org/W4296270215
https://openalex.org/W4297176429
https://openalex.org/W4297177887
https://openalex.org/W4297262768
https://openalex.org/W4306320697
https://openalex.org/W4306661985
https://openalex.org/W4308663198
https://openalex.org/W4308931684
https://openalex.org/W4309354071
https://openalex.org/W4310068995
https://openalex.org/W4311247561
https://openalex.org/W4311448435
https://openalex.org/W4311784912
https://openalex.org/W4312067223
https://openalex.org/W4313202064
https://openalex.org/W4313236875
https://openalex.org/W4313257007
https://openalex.org/W4313422112
https://openalex.org/W4313488277
https://openalex.org/W4318068742
https://openalex.org/W4321459673
https://openalex.org/W4322487637
https://openalex.org/W4322758779
https://openalex.org/W4324133577
https://openalex.org/W4360604190
https://openalex.org/W4361269635
https://openalex.org/W4367187162
https://openalex.org/W4367856589
https://openalex.org/W4376129994
https://openalex.org/W4380550615
https://openalex.org/W4381166279
https://openalex.org/W596402864
https://openalex.org/W65452391
https://openalex.org/W105822314
https://openalex.org/W1196340770
https://openalex.org/W141109943
https://openalex.org/W143465096
https://openalex.org/W1447213584
https://openalex.org/W1482985600
https://openalex.org/W1496773450
https://openalex.org/W1497833758
https://openalex.org/W1504442728
https://openalex.org/W1511330341
https://openalex.org/W1511364171
https://openalex.org/W1521583933
https://openalex.org/W1535776801
https://openalex.org/W1540151288
https://openalex.org/W1540604978
https://openalex.org/W1547487928
https://openalex.org/W1555253090
https://openalex.org/W1555560374
https://openalex.org/W1570991688
https://openalex.org/W1579241204
https://openalex.org/W1586151637
https://openalex.org/W1602228967
https://openalex.org/W1627607927
https://openalex.org/W1669698786
https://openalex.org/W1672866812
https://openalex.org/W172045997
https://openalex.org/W1722384786
https://openalex.org/W1798423592
https://openalex.org/W1818860209
https://openalex.org/W1833223351
https://openalex.org/W1836881331
https://openalex.org/W184648321
https://openalex.org/W1858999017
https://openalex.org/W1885125859
https://openalex.org/W1943500153
https://openalex.org/W196019683
https://openalex.org/W1965120447
https://openalex.org/W1966587905
https://openalex.org/W1967084210
https://openalex.org/W1968712395
https://openalex.org/W1972081328
https://openalex.org/W197278554
https://openalex.org/W1974629314
https://openalex.org/W1977898717
https://openalex.org/W1978448497
https://openalex.org/W1978866115
https://openalex.org/W1984939693
https://openalex.org/W1986657306
https://openalex.org/W1987422137
https://openalex.org/W1987628903
https://openalex.org/W1990337070
https://openalex.org/W1990426011
https://openalex.org/W1991736008
https://openalex.org/W1994176044
https://openalex.org/W1996035097
https://openalex.org/W1997217932
https://openalex.org/W1998799579
https://openalex.org/W2000251018
https://openalex.org/W2002345413
https://openalex.org/W2004488763
https://openalex.org/W2005200825
https://openalex.org/W2008181815
https://openalex.org/W2011609299
https://openalex.org/W2012231028
https://openalex.org/W2012872700
https://openalex.org/W2014845308
https://openalex.org/W2016084314
https://openalex.org/W2017506519
https://openalex.org/W2017832286
https://openalex.org/W2018122515
https://openalex.org/W2019109587
https://openalex.org/W2020782610
https://openalex.org/W2021972104
https://openalex.org/W2023377560
https://openalex.org/W2024447838
https://openalex.org/W2024469766
https://openalex.org/W2025955356
https://openalex.org/W2028103276
https://openalex.org/W2033528808
https://openalex.org/W2033828469
https://openalex.org/W2033869296
https://openalex.org/W2039329333
https://openalex.org/W2040016408
https://openalex.org/W2040170222
https://openalex.org/W2041950799
https://openalex.org/W2044551553
https://openalex.org/W2046949201
https://openalex.org/W2048061241
https://openalex.org/W2048142989
https://openalex.org/W2048450471
https://openalex.org/W2056820397
https://openalex.org/W2061370633
https://openalex.org/W2065709628
https://openalex.org/W2065870340
https://openalex.org/W2067510578
https://openalex.org/W2069788147
https://openalex.org/W2073886274
https://openalex.org/W2076430718
https://openalex.org/W2077276042
https://openalex.org/W2078204881
https://openalex.org/W2081429722
https://openalex.org/W2082156916
https://openalex.org/W2082168482
https://openalex.org/W2083670296
https://openalex.org/W2087105947
https://openalex.org/W2093234932
https://openalex.org/W2093923974
https://openalex.org/W2094308889
https://openalex.org/W2096228944
https://openalex.org/W2097350118
https://openalex.org/W2099208216
https://openalex.org/W2099386785
https://openalex.org/W2099728939
https://openalex.org/W2101604251
https://openalex.org/W2105559035
https://openalex.org/W2107936405
https://openalex.org/W2110161981
https://openalex.org/W2111070025
https://openalex.org/W2111104907
https://openalex.org/W2111291053
https://openalex.org/W2115554114
https://openalex.org/W2115651418
https://openalex.org/W2116296505
https://openalex.org/W2123016570
https://openalex.org/W2125988284
https://openalex.org/W2128429585
https://openalex.org/W2129814475
https://openalex.org/W2130028307
https://openalex.org/W2130402051
https://openalex.org/W2131982534
https://openalex.org/W2134221589
https://openalex.org/W2136308678
https://openalex.org/W2144357261
https://openalex.org/W2145851848
https://openalex.org/W2150434209
https://openalex.org/W2150747995
https://openalex.org/W2160704113
https://openalex.org/W2164702715
https://openalex.org/W2165285383
https://openalex.org/W2166982717
https://openalex.org/W2168684591
https://openalex.org/W2175597587
https://openalex.org/W2181343725
https://openalex.org/W2184591186
https://openalex.org/W2184641444
https://openalex.org/W2185657757
https://openalex.org/W2191526514
https://openalex.org/W2194357265
https://openalex.org/W2196291588
https://openalex.org/W2199166932
https://openalex.org/W2200910122
https://openalex.org/W2205345946
https://openalex.org/W2237913314
https://openalex.org/W2249993181
https://openalex.org/W2258033457
https://openalex.org/W2267814558
https://openalex.org/W2282569278
https://openalex.org/W2288291430
https://openalex.org/W2291916665
https://openalex.org/W2317787321
https://openalex.org/W2318113344
https://openalex.org/W2318770775
https://openalex.org/W2320203354
https://openalex.org/W2321352745
https://openalex.org/W2322448710
https://openalex.org/W2322881228
https://openalex.org/W2324234195
https://openalex.org/W2326213502
https://openalex.org/W2330173086
https://openalex.org/W2330614921
https://openalex.org/W2335678295
https://openalex.org/W2337794303
https://openalex.org/W2340481557
https://openalex.org/W2345315885
https://openalex.org/W2350454913
https://openalex.org/W2350488235
https://openalex.org/W2363233271
https://openalex.org/W2364020167
https://openalex.org/W2366131499
https://openalex.org/W2374478644
https://openalex.org/W2375530631
https://openalex.org/W2379835987
https://openalex.org/W2385286351
https://openalex.org/W2395661551
https://openalex.org/W2402826294
https://openalex.org/W2406326816
https://openalex.org/W2411338108
https://openalex.org/W2411679804
https://openalex.org/W2412419831
https://openalex.org/W24138328
https://openalex.org/W2413888020
https://openalex.org/W2415402508
https://openalex.org/W2416257330
https://openalex.org/W2416954952
https://openalex.org/W2422670991
https://openalex.org/W2424055833
https://openalex.org/W2430136580
https://openalex.org/W2460419789
https://openalex.org/W2464310633
https://openalex.org/W2468897981
https://openalex.org/W2469546816
https://openalex.org/W2476587875
https://openalex.org/W2479550971
https://openalex.org/W2480234930
https://openalex.org/W2486016512
https://openalex.org/W2497809172
https://openalex.org/W2506835701
https://openalex.org/W2509474602
https://openalex.org/W2510251574
https://openalex.org/W2511932188
https://openalex.org/W2513499656
https://openalex.org/W2518003000
https://openalex.org/W2520271789
https://openalex.org/W2523287508
https://openalex.org/W2524708985
https://openalex.org/W2526440266
https://openalex.org/W2538072503
https://openalex.org/W2543649828
https://openalex.org/W2546829966
https://openalex.org/W2548202832
https://openalex.org/W2548921097
https://openalex.org/W2552504622
https://openalex.org/W2553121278
https://openalex.org/W2560506726
https://openalex.org/W2560709200
https://openalex.org/W2567569162
https://openalex.org/W2574519510
https://openalex.org/W2576159941
https://openalex.org/W2581221023
https://openalex.org/W2583722680
https://openalex.org/W2584239925
https://openalex.org/W2593046009
https://openalex.org/W2594494453
https://openalex.org/W2596863994
https://openalex.org/W2597222453
https://openalex.org/W2597835323
https://openalex.org/W2604624395
https://openalex.org/W2605108370
https://openalex.org/W2606266490
https://openalex.org/W2610532114
https://openalex.org/W2611658092
https://openalex.org/W2613843247
https://openalex.org/W2614101829
https://openalex.org/W2620769106
https://openalex.org/W2731399752
https://openalex.org/W2733310006
https://openalex.org/W2735732660
https://openalex.org/W2738622157
https://openalex.org/W2751042835
https://openalex.org/W2753145009
https://openalex.org/W2767419287
https://openalex.org/W2768069969
https://openalex.org/W2770374387
https://openalex.org/W2770518915
https://openalex.org/W2783182993
https://openalex.org/W2790046334
https://openalex.org/W2791029816
https://openalex.org/W2792834648
https://openalex.org/W2805084634
https://openalex.org/W2810978419
https://openalex.org/W2884339394
https://openalex.org/W2884493555
https://openalex.org/W2894436803
https://openalex.org/W2896096689
https://openalex.org/W2896693090
https://openalex.org/W2899435235
https://openalex.org/W2900946258
https://openalex.org/W2905839230
https://openalex.org/W2911339861
https://openalex.org/W2911714651
https://openalex.org/W2912129951
https://openalex.org/W2912134289
https://openalex.org/W2912616094
https://openalex.org/W2913955219
https://openalex.org/W2914741149
https://openalex.org/W2916318513
https://openalex.org/W2931214172
https://openalex.org/W2937824849
https://openalex.org/W2939578334
https://openalex.org/W2944822491
https://openalex.org/W2955801946
https://openalex.org/W2956336194
https://openalex.org/W2958030242
https://openalex.org/W2960594643
https://openalex.org/W2961316492
https://openalex.org/W2961931622
https://openalex.org/W2968581480
https://openalex.org/W2969816247
https://openalex.org/W2971699155
https://openalex.org/W2977419893
https://openalex.org/W2979051500
https://openalex.org/W2980256155
https://openalex.org/W2980316466
https://openalex.org/W2985012569
https://openalex.org/W2985164139
https://openalex.org/W2996754533
https://openalex.org/W2997707260
https://openalex.org/W3001006700
https://openalex.org/W3001152901
https://openalex.org/W3004097538
https://openalex.org/W3004724820
https://openalex.org/W3009892889
https://openalex.org/W3010991303
https://openalex.org/W3013048533
https://openalex.org/W3013759582
https://openalex.org/W3015454537
https://openalex.org/W3020651974
https://openalex.org/W3021477323
https://openalex.org/W3022900526
https://openalex.org/W3024445050
https://openalex.org/W3024525038
https://openalex.org/W3033982425
https://openalex.org/W3035062495
https://openalex.org/W3036249382
https://openalex.org/W3036918227
https://openalex.org/W3037878010
https://openalex.org/W3042361078
https://openalex.org/W3046517482
https://openalex.org/W3047199953
https://openalex.org/W3047688899
https://openalex.org/W3081654886
https://openalex.org/W3083398063
https://openalex.org/W3084178085
https://openalex.org/W3086224685
https://openalex.org/W3087732027
https://openalex.org/W3088878122
https://openalex.org/W3090423127
https://openalex.org/W3090657526
https://openalex.org/W3090662574
https://openalex.org/W3092690675
https://openalex.org/W3094072227
https://openalex.org/W3094459672
https://openalex.org/W3096153520
https://openalex.org/W3096566690
https://openalex.org/W3109172768
https://openalex.org/W3109436416
https://openalex.org/W3112173504
https://openalex.org/W311323624
https://openalex.org/W3115146327
https://openalex.org/W3115245102
https://openalex.org/W3115407953
https://openalex.org/W3115859629
https://openalex.org/W3129034983
https://openalex.org/W3135915115
https://openalex.org/W3135919476
https://openalex.org/W3145700777
https://openalex.org/W3149986572
https://openalex.org/W3154689551
https://openalex.org/W3156490644
https://openalex.org/W3158382909
https://openalex.org/W3159055655
https://openalex.org/W3163300600
https://openalex.org/W3163894804
https://openalex.org/W3164235572
https://openalex.org/W3164467320
https://openalex.org/W3164583721
https://openalex.org/W3165854400
https://openalex.org/W3167300722
https://openalex.org/W3168352682
https://openalex.org/W3170077000
https://openalex.org/W3173336283
https://openalex.org/W3173339050
https://openalex.org/W3176530942
https://openalex.org/W3186417746
https://openalex.org/W3192177317
https://openalex.org/W3196124390
https://openalex.org/W3196770930
https://openalex.org/W3199125776
https://openalex.org/W3199738765
https://openalex.org/W3200095467
https://openalex.org/W3200283074
https://openalex.org/W3201948231
https://openalex.org/W3205482977
https://openalex.org/W3206761957
https://openalex.org/W3207066530
https://openalex.org/W3207957918
https://openalex.org/W3211285886
https://openalex.org/W3211652600
https://openalex.org/W3211788920
https://openalex.org/W3214078171
https://openalex.org/W3214724827
https://openalex.org/W3214777486
https://openalex.org/W3215041679
https://openalex.org/W3215218908
https://openalex.org/W3216018354
https://openalex.org/W3216775842
https://openalex.org/W384695620
https://openalex.org/W390582267
https://openalex.org/W4200013563
https://openalex.org/W4200544085
https://openalex.org/W4200578950
https://openalex.org/W4205579791
https://openalex.org/W4205661548
https://openalex.org/W4205806433
https://openalex.org/W4205872668
https://openalex.org/W4206093052
https://openalex.org/W4206405356
https://openalex.org/W4212800663
https://openalex.org/W4212953809
https://openalex.org/W4214703871
https://openalex.org/W4220714468
https://openalex.org/W4220788519
https://openalex.org/W4220807571
https://openalex.org/W4221059840
https://openalex.org/W4223961508
https://openalex.org/W4224227491
https://openalex.org/W4224234462
https://openalex.org/W4224243633
https://openalex.org/W4225473254
https://openalex.org/W4225926492
https://openalex.org/W4226052705
https://openalex.org/W4226091988
https://openalex.org/W4226160890
https://openalex.org/W4229033133
https://openalex.org/W4229080193
https://openalex.org/W4230659329
https://openalex.org/W4231618052
https://openalex.org/W4232844277
https://openalex.org/W4233018966
https://openalex.org/W4234543646
https://openalex.org/W4234556022
https://openalex.org/W4234894164
https://openalex.org/W4235260127
https://openalex.org/W4235373663
https://openalex.org/W4236660536
https://openalex.org/W4236840350
https://openalex.org/W4237235098
https://openalex.org/W4237374751
https://openalex.org/W4239274193
https://openalex.org/W4239900124
https://openalex.org/W4241154576
https://openalex.org/W4241210297
https://openalex.org/W4243204449
https://openalex.org/W4243438025
https://openalex.org/W4244152719
https://openalex.org/W4245657382
https://openalex.org/W4246504582
https://openalex.org/W4247214650
https://openalex.org/W4248270451
https://openalex.org/W4253077057
https://openalex.org/W4254404281
https://openalex.org/W4255785526
https://openalex.org/W4256015792
https://openalex.org/W4281940729
https://openalex.org/W4281946524
https://openalex.org/W4284888679
https://openalex.org/W4285064820
https://openalex.org/W4285891503
https://openalex.org/W4286357805
https://openalex.org/W4287148680
https://openalex.org/W4288066215
https://openalex.org/W4288084806
https://openalex.org/W4289548389
https://openalex.org/W4289712260
https://openalex.org/W4290948837
https://openalex.org/W4291802142
https://openalex.org/W4293512413
https://openalex.org/W4294190384
https://openalex.org/W4294786497
https://openalex.org/W4295882729
https://openalex.org/W4296053196
https://openalex.org/W4296089632
https://openalex.org/W4296960561
https://openalex.org/W4297425294
https://openalex.org/W4298003469
https://openalex.org/W4301374014
https://openalex.org/W4303984630
https://openalex.org/W4307035905
https://openalex.org/W4307035953
https://openalex.org/W4307297854
https://openalex.org/W4307646063
https://openalex.org/W4307721324
https://openalex.org/W4308365793
https://openalex.org/W4308404077
https://openalex.org/W4308500115
https://openalex.org/W4308866560
https://openalex.org/W4309115936
https://openalex.org/W4309264955
https://openalex.org/W4309988172
https://openalex.org/W4310087112
https://openalex.org/W4310162966
https://openalex.org/W4310190305
https://openalex.org/W4310191218
https://openalex.org/W4310968327
https://openalex.org/W4311393077
https://openalex.org/W4311583437
https://openalex.org/W4311685553
https://openalex.org/W4311729131
https://openalex.org/W4312138210
https://openalex.org/W4312187699
https://openalex.org/W4313223001
https://openalex.org/W4313420843
https://openalex.org/W4313481570
https://openalex.org/W4313511960
https://openalex.org/W4313892989
https://openalex.org/W4316014125
https://openalex.org/W4317505598
https://openalex.org/W4317721589
https://openalex.org/W4317931788
https://openalex.org/W4317934632
https://openalex.org/W4318830055
https://openalex.org/W4319656483
https://openalex.org/W4320038945
https://openalex.org/W4320477621
https://openalex.org/W4321370848
https://openalex.org/W4321997077
https://openalex.org/W4322491774
https://openalex.org/W4322632233
https://openalex.org/W4323566641
https://openalex.org/W4361004640
https://openalex.org/W4361006803
https://openalex.org/W4361205902
https://openalex.org/W4362602061
https://openalex.org/W4363650050
https://openalex.org/W4364361334
https://openalex.org/W4365802276
https://openalex.org/W4366985578
https://openalex.org/W4367178658
https://openalex.org/W4371784314
https://openalex.org/W4376121980
https://openalex.org/W4376142740
https://openalex.org/W4376598434
https://openalex.org/W4376640953
https://openalex.org/W4377221164
https://openalex.org/W4380991509
https://openalex.org/W4381332478
https://openalex.org/W4382542521
https://openalex.org/W4384825496
https://openalex.org/W4385507184
https://openalex.org/W4385632396
https://openalex.org/W55819221
https://openalex.org/W566673192
https://openalex.org/W67394489
https://openalex.org/W85677858
https://openalex.org/W947859170
https://openalex.org/W101702719
https://openalex.org/W10328711
https://openalex.org/W1034256581
https://openalex.org/W1044078157
https://openalex.org/W107806356
https://openalex.org/W11008794
https://openalex.org/W115462759
https://openalex.org/W1157242586
https://openalex.org/W1177688033
https://openalex.org/W1238096969
https://openalex.org/W126224012
https://openalex.org/W126280735
https://openalex.org/W128435680
https://openalex.org/W13066042
https://openalex.org/W131649930
https://openalex.org/W139745528
https://openalex.org/W140270448
https://openalex.org/W140937303
https://openalex.org/W1425829605
https://openalex.org/W1435424175
https://openalex.org/W14465160
https://openalex.org/W1458716092
https://openalex.org/W14634765
https://openalex.org/W1485629594
https://openalex.org/W1485752233
https://openalex.org/W1488431312
https://openalex.org/W1489171816
https://openalex.org/W1495041747
https://openalex.org/W1497398724
https://openalex.org/W1498532955
https://openalex.org/W1501923243
https://openalex.org/W150382239
https://openalex.org/W1504559464
https://openalex.org/W1510721259
https://openalex.org/W1511898400
https://openalex.org/W1512500988
https://openalex.org/W1514538860
https://openalex.org/W1514848403
https://openalex.org/W1516581069
https://openalex.org/W1523756565
https://openalex.org/W1523933316
https://openalex.org/W1525238055
https://openalex.org/W1527729104
https://openalex.org/W1529357790
https://openalex.org/W153228063
https://openalex.org/W1534524071
https://openalex.org/W1535409664
https://openalex.org/W1536232387
https://openalex.org/W1549101022
https://openalex.org/W155036666
https://openalex.org/W1552373359
https://openalex.org/W1558302794
https://openalex.org/W1558902955
https://openalex.org/W1560887869
https://openalex.org/W1563919924
https://openalex.org/W1563941566
https://openalex.org/W1564269976
https://openalex.org/W1565567668
https://openalex.org/W1566042143
https://openalex.org/W1567401147
https://openalex.org/W1567795205
https://openalex.org/W1568680853
https://openalex.org/W1569171820
https://openalex.org/W1569915322
https://openalex.org/W157345203
https://openalex.org/W1574307701
https://openalex.org/W1574335868
https://openalex.org/W1575321850
https://openalex.org/W1575491910
https://openalex.org/W1575664865
https://openalex.org/W1576099171
https://openalex.org/W1576921961
https://openalex.org/W1578853870
https://openalex.org/W1581338600
https://openalex.org/W1581536954
https://openalex.org/W1583024790
https://openalex.org/W1587173370
https://openalex.org/W1589866799
https://openalex.org/W1593696873
https://openalex.org/W159417657
https://openalex.org/W1596659305
https://openalex.org/W159731028
https://openalex.org/W1597860421
https://openalex.org/W1598232389
https://openalex.org/W1598576542
https://openalex.org/W1600333797
https://openalex.org/W1600748190
https://openalex.org/W1603869591
https://openalex.org/W1605725581
https://openalex.org/W1605824093
https://openalex.org/W1618935081
https://openalex.org/W1623103014
https://openalex.org/W1627144707
https://openalex.org/W1631273376
https://openalex.org/W163618567
https://openalex.org/W1636392958
https://openalex.org/W1638200447
https://openalex.org/W1641778210
https://openalex.org/W1645475083
https://openalex.org/W1652846815
https://openalex.org/W1653036723
https://openalex.org/W1654716842
https://openalex.org/W1657542181
https://openalex.org/W1661921494
https://openalex.org/W1664231808
https://openalex.org/W1665391726
https://openalex.org/W1668402126
https://openalex.org/W1681087563
https://openalex.org/W1687748711
https://openalex.org/W1705416489
https://openalex.org/W1729883156
https://openalex.org/W173583559
https://openalex.org/W1748803845
https://openalex.org/W1763496454
https://openalex.org/W1801300600
https://openalex.org/W1803415395
https://openalex.org/W1820365645
https://openalex.org/W182502583
https://openalex.org/W1829490940
https://openalex.org/W1833468509
https://openalex.org/W1853830842
https://openalex.org/W185683710
https://openalex.org/W1859245233
https://openalex.org/W186237581
https://openalex.org/W1865256272
https://openalex.org/W1866438760
https://openalex.org/W1872252269
https://openalex.org/W187552978
https://openalex.org/W187709477
https://openalex.org/W1886640050
https://openalex.org/W188674148
https://openalex.org/W1891657260
https://openalex.org/W1893199374
https://openalex.org/W1899753502
https://openalex.org/W1914956355
https://openalex.org/W1918375732
https://openalex.org/W1919232575
https://openalex.org/W1928236612
https://openalex.org/W1930363044
https://openalex.org/W1946536369
https://openalex.org/W1947241709
https://openalex.org/W1963503091
https://openalex.org/W1965078597
https://openalex.org/W1965119269
https://openalex.org/W1966067065
https://openalex.org/W1967280788
https://openalex.org/W1967629391
https://openalex.org/W1967720796
https://openalex.org/W1969047292
https://openalex.org/W1969169573
https://openalex.org/W1969348095
https://openalex.org/W1969829445
https://openalex.org/W1972402400
https://openalex.org/W1972560747
https://openalex.org/W1973217357
https://openalex.org/W1973239286
https://openalex.org/W1973833676
https://openalex.org/W1973928515
https://openalex.org/W1974221527
https://openalex.org/W1974257651
https://openalex.org/W1974403850
https://openalex.org/W1975287169
https://openalex.org/W1975409907
https://openalex.org/W1975529436
https://openalex.org/W1975567512
https://openalex.org/W1976267257
https://openalex.org/W1976488965
https://openalex.org/W1977565684
https://openalex.org/W1977607186
https://openalex.org/W1978286256
https://openalex.org/W1980003224
https://openalex.org/W1980519338
https://openalex.org/W1980618945
https://openalex.org/W1980625162
https://openalex.org/W1980743178
https://openalex.org/W1980850008
https://openalex.org/W1981303803
https://openalex.org/W1981620721
https://openalex.org/W1981740975
https://openalex.org/W1981994062
https://openalex.org/W1982251939
https://openalex.org/W1982387482
https://openalex.org/W1982561628
https://openalex.org/W1983122120
https://openalex.org/W1983698540
https://openalex.org/W1984105893
https://openalex.org/W1984508154
https://openalex.org/W1984984404
https://openalex.org/W1985236955
https://openalex.org/W1985295818
https://openalex.org/W1986939313
https://openalex.org/W1987560806
https://openalex.org/W1987702589
https://openalex.org/W1988573205
https://openalex.org/W1989014993
https://openalex.org/W1989170061
https://openalex.org/W1989358868
https://openalex.org/W1989539876
https://openalex.org/W1989708373
https://openalex.org/W1989762690
https://openalex.org/W1990079298
https://openalex.org/W1990753629
https://openalex.org/W1992165350
https://openalex.org/W1992533283
https://openalex.org/W1992571414
https://openalex.org/W1992727660
https://openalex.org/W1993109137
https://openalex.org/W1993134304
https://openalex.org/W1993249684
https://openalex.org/W1993880120
https://openalex.org/W1994766168
https://openalex.org/W1994916865
https://openalex.org/W1994961079
https://openalex.org/W1995103009
https://openalex.org/W1995538760
https://openalex.org/W1995755378
https://openalex.org/W1996005759
https://openalex.org/W1996673261
https://openalex.org/W1996687931
https://openalex.org/W1996900912
https://openalex.org/W1997124422
https://openalex.org/W1997143098
https://openalex.org/W1997331534
https://openalex.org/W1997892560
https://openalex.org/W1998158806
https://openalex.org/W1998446737
https://openalex.org/W1999151931
https://openalex.org/W1999423660
https://openalex.org/W1999941295
https://openalex.org/W2000885599
https://openalex.org/W2001647595
https://openalex.org/W2004025679
https://openalex.org/W2004387966
https://openalex.org/W2004897629
https://openalex.org/W2005504574
https://openalex.org/W2005668787
https://openalex.org/W2005879498
https://openalex.org/W2005909466
https://openalex.org/W2006118122
https://openalex.org/W2006417919
https://openalex.org/W2007740794
https://openalex.org/W2007756042
https://openalex.org/W2008094445
https://openalex.org/W2008511998
https://openalex.org/W2008788623
https://openalex.org/W2009101014
https://openalex.org/W2009335065
https://openalex.org/W2010558604
https://openalex.org/W2012696963
https://openalex.org/W2013098238
https://openalex.org/W2013419453
https://openalex.org/W2013427275
https://openalex.org/W2013977610
https://openalex.org/W2014623743
https://openalex.org/W2014788869
https://openalex.org/W2015027719
https://openalex.org/W2015120748
https://openalex.org/W2015450934
https://openalex.org/W2015456640
https://openalex.org/W2015649643
https://openalex.org/W2018021435
https://openalex.org/W201822280
https://openalex.org/W2018612283
https://openalex.org/W2019606299
https://openalex.org/W2020452502
https://openalex.org/W2020686353
https://openalex.org/W2020932082
https://openalex.org/W2022090503
https://openalex.org/W2022295067
https://openalex.org/W2022375584
https://openalex.org/W2022574053
https://openalex.org/W2022952328
https://openalex.org/W202344003
https://openalex.org/W2023631348
https://openalex.org/W2023755447
https://openalex.org/W2023786884
https://openalex.org/W2024634761
https://openalex.org/W2025533810
https://openalex.org/W2025661700
https://openalex.org/W2025874513
https://openalex.org/W2026535138
https://openalex.org/W2027640341
https://openalex.org/W2027698559
https://openalex.org/W2027704572
https://openalex.org/W2027941367
https://openalex.org/W2027980615
https://openalex.org/W2028226278
https://openalex.org/W2028431014
https://openalex.org/W2029055468
https://openalex.org/W2029796260
https://openalex.org/W2030020336
https://openalex.org/W2030156648
https://openalex.org/W2030579432
https://openalex.org/W2030765795
https://openalex.org/W2030860763
https://openalex.org/W2030871571
https://openalex.org/W2031708345
https://openalex.org/W2031795134
https://openalex.org/W2032142976
https://openalex.org/W2032248198
https://openalex.org/W2032447645
https://openalex.org/W2032523773
https://openalex.org/W2033022535
https://openalex.org/W2033273226
https://openalex.org/W2033744188
https://openalex.org/W2034787988
https://openalex.org/W2034809488
https://openalex.org/W2035195209
https://openalex.org/W2035245017
https://openalex.org/W2035939213
https://openalex.org/W203631725
https://openalex.org/W2036409382
https://openalex.org/W2036615817
https://openalex.org/W2036734495
https://openalex.org/W2036898896
https://openalex.org/W2037011355
https://openalex.org/W2038440687
https://openalex.org/W2038776704
https://openalex.org/W2040134803
https://openalex.org/W2040595666
https://openalex.org/W2040626660
https://openalex.org/W2041328272
https://openalex.org/W2041631623
https://openalex.org/W2041710259
https://openalex.org/W2042170562
https://openalex.org/W2042291973
https://openalex.org/W2042303698
https://openalex.org/W2042441362
https://openalex.org/W2042823748
https://openalex.org/W2043135847
https://openalex.org/W2043668491
https://openalex.org/W2044163384
https://openalex.org/W2045560040
https://openalex.org/W2045625796
https://openalex.org/W2045638542
https://openalex.org/W2046017444
https://openalex.org/W2046206565
https://openalex.org/W2046362605
https://openalex.org/W2046577199
https://openalex.org/W2046814676
https://openalex.org/W2047074183
https://openalex.org/W2047371745
https://openalex.org/W2047410732
https://openalex.org/W2047851199
https://openalex.org/W2047985310
https://openalex.org/W2048231610
https://openalex.org/W2048971506
https://openalex.org/W2049220699
https://openalex.org/W2049902564
https://openalex.org/W2050758575
https://openalex.org/W2051295202
https://openalex.org/W2051343955
https://openalex.org/W2051818424
https://openalex.org/W2052201514
https://openalex.org/W2052335084
https://openalex.org/W2052515616
https://openalex.org/W2052842184
https://openalex.org/W2053290025
https://openalex.org/W2053988315
https://openalex.org/W2054077598
https://openalex.org/W2054517370
https://openalex.org/W2054820834
https://openalex.org/W2056416172
https://openalex.org/W2056622923
https://openalex.org/W2057433137
https://openalex.org/W2057533233
https://openalex.org/W2057883902
https://openalex.org/W2059313849
https://openalex.org/W205992669
https://openalex.org/W2060008215
https://openalex.org/W2060450462
https://openalex.org/W2060540079
https://openalex.org/W2061228015
https://openalex.org/W2061460462
https://openalex.org/W2061494420
https://openalex.org/W2062162578
https://openalex.org/W2062430808
https://openalex.org/W2064192092
https://openalex.org/W2064402560
https://openalex.org/W2064418217
https://openalex.org/W2064617921
https://openalex.org/W2065434984
https://openalex.org/W2065477193
https://openalex.org/W2065703404
https://openalex.org/W2065757777
https://openalex.org/W2066047755
https://openalex.org/W2066135580
https://openalex.org/W206665767
https://openalex.org/W2066857929
https://openalex.org/W2066882290
https://openalex.org/W2067112190
https://openalex.org/W2067378729
https://openalex.org/W2067472826
https://openalex.org/W2067854157
https://openalex.org/W2069037958
https://openalex.org/W2069609595
https://openalex.org/W2069617739
https://openalex.org/W2070407130
https://openalex.org/W2070457217
https://openalex.org/W2070687190
https://openalex.org/W2071939713
https://openalex.org/W207206062
https://openalex.org/W2072851938
https://openalex.org/W2073711935
https://openalex.org/W2074840389
https://openalex.org/W2074972164
https://openalex.org/W2075140536
https://openalex.org/W2075189238
https://openalex.org/W2075485232
https://openalex.org/W2075613214
https://openalex.org/W2075917366
https://openalex.org/W2076172476
https://openalex.org/W2076470216
https://openalex.org/W2076716163
https://openalex.org/W2078070171
https://openalex.org/W2078142345
https://openalex.org/W2078386899
https://openalex.org/W2078884385
https://openalex.org/W2078920196
https://openalex.org/W2079112584
https://openalex.org/W2079422564
https://openalex.org/W2079828317
https://openalex.org/W2080042255
https://openalex.org/W2080565439
https://openalex.org/W2082412077
https://openalex.org/W2082826901
https://openalex.org/W2083622882
https://openalex.org/W2083758565
https://openalex.org/W2084166177
https://openalex.org/W2084784888
https://openalex.org/W2084881779
https://openalex.org/W2085244431
https://openalex.org/W2085410303
https://openalex.org/W2085812568
https://openalex.org/W2086077565
https://openalex.org/W2086458796
https://openalex.org/W2086807143
https://openalex.org/W2086873897
https://openalex.org/W2087010422
https://openalex.org/W2088366394
https://openalex.org/W2088974109
https://openalex.org/W2089027871
https://openalex.org/W2089189798
https://openalex.org/W2089407243
https://openalex.org/W2089593281
https://openalex.org/W2090029428
https://openalex.org/W2090220840
https://openalex.org/W2090222235
https://openalex.org/W2090585307
https://openalex.org/W2090621111
https://openalex.org/W2090913760
https://openalex.org/W2091122090
https://openalex.org/W2091914426
https://openalex.org/W2092015858
https://openalex.org/W2092416259
https://openalex.org/W2093119155
https://openalex.org/W2093947249
https://openalex.org/W2093976835
https://openalex.org/W2094206689
https://openalex.org/W2094244100
https://openalex.org/W2095906668
https://openalex.org/W2096257582
https://openalex.org/W2096338406
https://openalex.org/W2096927556
https://openalex.org/W2097672991
https://openalex.org/W2098252521
https://openalex.org/W2098727015
https://openalex.org/W2101091325
https://openalex.org/W2101691341
https://openalex.org/W2102872341
https://openalex.org/W2103778094
https://openalex.org/W2104061383
https://openalex.org/W2104459181
https://openalex.org/W2104567909
https://openalex.org/W2104850476
https://openalex.org/W2105653521
https://openalex.org/W2105717193
https://openalex.org/W2107202100
https://openalex.org/W2107773753
https://openalex.org/W2108545750
https://openalex.org/W2110778015
https://openalex.org/W2110784591
https://openalex.org/W2110862751
https://openalex.org/W2110866820
https://openalex.org/W2111612003
https://openalex.org/W2112038426
https://openalex.org/W2112340688
https://openalex.org/W2112631654
https://openalex.org/W2113534751
https://openalex.org/W2114338315
https://openalex.org/W2114717781
https://openalex.org/W2117887183
https://openalex.org/W2121612714
https://openalex.org/W2122554388
https://openalex.org/W2122860848
https://openalex.org/W2123689813
https://openalex.org/W2124491437
https://openalex.org/W2124637055
https://openalex.org/W2125928387
https://openalex.org/W2126081374
https://openalex.org/W2126567248
https://openalex.org/W2126910761
https://openalex.org/W2129384392
https://openalex.org/W2129504078
https://openalex.org/W2129915987
https://openalex.org/W2130411611
https://openalex.org/W2131277116
https://openalex.org/W2131837213
https://openalex.org/W2135772383
https://openalex.org/W2137614200
https://openalex.org/W2138115707
https://openalex.org/W2139107424
https://openalex.org/W2139168906
https://openalex.org/W2140646488
https://openalex.org/W2141453557
https://openalex.org/W2143160685
https://openalex.org/W2143658085
https://openalex.org/W2143807633
https://openalex.org/W2144067787
https://openalex.org/W2144729711
https://openalex.org/W2146086903
https://openalex.org/W2146360736
https://openalex.org/W2147277362
https://openalex.org/W2148435285
https://openalex.org/W2149445105
https://openalex.org/W2149905534
https://openalex.org/W2150381682
https://openalex.org/W2151028482
https://openalex.org/W2151063622
https://openalex.org/W2152274190
https://openalex.org/W2152965483
https://openalex.org/W2153004595
https://openalex.org/W2153319041
https://openalex.org/W2155370166
https://openalex.org/W2155443767
https://openalex.org/W2155501559
https://openalex.org/W2156266976
https://openalex.org/W2156635088
https://openalex.org/W2156870875
https://openalex.org/W2157321196
https://openalex.org/W2159386318
https://openalex.org/W2159430175
https://openalex.org/W2160473369
https://openalex.org/W2161875416
https://openalex.org/W2163632793
https://openalex.org/W2163952807
https://openalex.org/W2165271585
https://openalex.org/W2165397274
https://openalex.org/W2166417354
https://openalex.org/W2166525877
https://openalex.org/W2168363945
https://openalex.org/W2168970911
https://openalex.org/W2170375400
https://openalex.org/W2170701306
https://openalex.org/W2171681188
https://openalex.org/W2181486835
https://openalex.org/W2181725610
https://openalex.org/W2183100712
https://openalex.org/W2183731900
https://openalex.org/W2183960464
https://openalex.org/W2183963814
https://openalex.org/W2185059467
https://openalex.org/W2185314997
https://openalex.org/W2185410312
https://openalex.org/W2185728308
https://openalex.org/W2185987393
https://openalex.org/W2185992970
https://openalex.org/W2186526452
https://openalex.org/W2186793897
https://openalex.org/W2186812282
https://openalex.org/W2187800817
https://openalex.org/W2188154552
https://openalex.org/W2188936171
https://openalex.org/W2189220550
https://openalex.org/W2189265025
https://openalex.org/W2189370158
https://openalex.org/W2194859966
https://openalex.org/W2195400826
https://openalex.org/W2201083497
https://openalex.org/W2204297518
https://openalex.org/W2205870907
https://openalex.org/W2206314742
https://openalex.org/W2208001383
https://openalex.org/W2210337501
https://openalex.org/W2212076747
https://openalex.org/W2215227294
https://openalex.org/W2215909191
https://openalex.org/W2218488458
https://openalex.org/W2221312271
https://openalex.org/W2222448408
https://openalex.org/W2229633087
https://openalex.org/W2229781656
https://openalex.org/W2232810096
https://openalex.org/W2233515731
https://openalex.org/W2237478502
https://openalex.org/W2237666571
https://openalex.org/W2239507311
https://openalex.org/W2240154617
https://openalex.org/W2241046266
https://openalex.org/W2241064509
https://openalex.org/W2241870972
https://openalex.org/W2242251785
https://openalex.org/W2243280244
https://openalex.org/W2243648981
https://openalex.org/W2244831449
https://openalex.org/W2244974260
https://openalex.org/W2245360227
https://openalex.org/W2246551265
https://openalex.org/W2247035138
https://openalex.org/W2252636776
https://openalex.org/W2253189740
https://openalex.org/W2253465675
https://openalex.org/W2253695417
https://openalex.org/W2257938328
https://openalex.org/W2258269080
https://openalex.org/W2260880741
https://openalex.org/W2262768974
https://openalex.org/W2264688383
https://openalex.org/W226477298
https://openalex.org/W2265598860
https://openalex.org/W2267840971
https://openalex.org/W2271322276
https://openalex.org/W2272644321
https://openalex.org/W22741195
https://openalex.org/W2274303515
https://openalex.org/W2274882728
https://openalex.org/W2276540918
https://openalex.org/W2277365675
https://openalex.org/W2282285801
https://openalex.org/W2283487353
https://openalex.org/W2283613604
https://openalex.org/W2284200022
https://openalex.org/W2284581513
https://openalex.org/W2284720651
https://openalex.org/W2291503499
https://openalex.org/W2295528591
https://openalex.org/W2299608384
https://openalex.org/W2299648267
https://openalex.org/W2301371655
https://openalex.org/W2301442685
https://openalex.org/W2305876052
https://openalex.org/W2311971767
https://openalex.org/W2313381963
https://openalex.org/W2314903733
https://openalex.org/W2315241764
https://openalex.org/W2315486255
https://openalex.org/W2316006472
https://openalex.org/W2316334389
https://openalex.org/W2317002367
https://openalex.org/W2317363452
https://openalex.org/W2317401815
https://openalex.org/W2318001614
https://openalex.org/W2319057263
https://openalex.org/W2319131655
https://openalex.org/W2319188567
https://openalex.org/W2319357875
https://openalex.org/W2319384549
https://openalex.org/W2319715365
https://openalex.org/W2320570823
https://openalex.org/W2320578112
https://openalex.org/W2322201229
https://openalex.org/W2323801571
https://openalex.org/W2323966578
https://openalex.org/W2326351514
https://openalex.org/W2327532531
https://openalex.org/W2328284431
https://openalex.org/W2328592401
https://openalex.org/W2328771493
https://openalex.org/W2329293959
https://openalex.org/W2329894095
https://openalex.org/W2330580451
https://openalex.org/W2331038239
https://openalex.org/W2331365603
https://openalex.org/W2331627803
https://openalex.org/W2331742945
https://openalex.org/W2331772231
https://openalex.org/W2332094349
https://openalex.org/W2332629619
https://openalex.org/W2333094477
https://openalex.org/W2333165468
https://openalex.org/W2333289238
https://openalex.org/W2333384830
https://openalex.org/W2334046672
https://openalex.org/W2334546706
https://openalex.org/W2334658845
https://openalex.org/W2335096871
https://openalex.org/W2335139267
https://openalex.org/W2335358765
https://openalex.org/W2336596326
https://openalex.org/W2336881186
https://openalex.org/W2336921662
https://openalex.org/W2337148319
https://openalex.org/W2339979348
https://openalex.org/W2340891996
https://openalex.org/W2341121408
https://openalex.org/W2342915076
https://openalex.org/W2344956075
https://openalex.org/W2347302493
https://openalex.org/W2347340304
https://openalex.org/W2347343868
https://openalex.org/W2347393121
https://openalex.org/W2347429560
https://openalex.org/W2347519015
https://openalex.org/W2347620558
https://openalex.org/W2347674228
https://openalex.org/W2347727182
https://openalex.org/W2348215369
https://openalex.org/W2348304390
https://openalex.org/W2348457109
https://openalex.org/W2348564272
https://openalex.org/W2348887279
https://openalex.org/W2348942726
https://openalex.org/W2349301435
https://openalex.org/W2349460163
https://openalex.org/W2349544975
https://openalex.org/W2349643506
https://openalex.org/W2349651974
https://openalex.org/W2349710951
https://openalex.org/W2350478690
https://openalex.org/W2350980732
https://openalex.org/W2351036037
https://openalex.org/W2351042744
https://openalex.org/W2351052635
https://openalex.org/W2351497763
https://openalex.org/W2351649321
https://openalex.org/W2351735567
https://openalex.org/W2351900728
https://openalex.org/W2352255117
https://openalex.org/W2352304629
https://openalex.org/W2352501119
https://openalex.org/W2352522088
https://openalex.org/W2352553160
https://openalex.org/W2352765383
https://openalex.org/W2352858114
https://openalex.org/W2353101053
https://openalex.org/W2353428701
https://openalex.org/W2353455806
https://openalex.org/W2353516838
https://openalex.org/W2353749433
https://openalex.org/W2353910469
https://openalex.org/W2354036561
https://openalex.org/W2354247754
https://openalex.org/W2354279070
https://openalex.org/W2354431111
https://openalex.org/W2354456759
https://openalex.org/W2354754899
https://openalex.org/W2354877647
https://openalex.org/W2354886626
https://openalex.org/W2355220073
https://openalex.org/W2355332082
https://openalex.org/W2355748829
https://openalex.org/W2355759376
https://openalex.org/W2355775726
https://openalex.org/W2356207451
https://openalex.org/W2356729285
https://openalex.org/W2356820179
https://openalex.org/W2356913122
https://openalex.org/W2356918567
https://openalex.org/W2357106718
https://openalex.org/W2357532513
https://openalex.org/W2357636525
https://openalex.org/W2357733747
https://openalex.org/W2357747012
https://openalex.org/W2357847774
https://openalex.org/W2358414704
https://openalex.org/W2358470469
https://openalex.org/W2358588937
https://openalex.org/W2359619123
https://openalex.org/W2359647233
https://openalex.org/W2360019954
https://openalex.org/W2360430401
https://openalex.org/W2360567909
https://openalex.org/W2360843479
https://openalex.org/W2361041544
https://openalex.org/W2361398392
https://openalex.org/W2361903783
https://openalex.org/W2361959494
https://openalex.org/W2362057854
https://openalex.org/W2362301367
https://openalex.org/W2362517739
https://openalex.org/W2362734619
https://openalex.org/W2362911666
https://openalex.org/W2363373777
https://openalex.org/W2363567859
https://openalex.org/W2363607419
https://openalex.org/W2363631055
https://openalex.org/W2363752907
https://openalex.org/W2363889934
https://openalex.org/W2364020602
https://openalex.org/W2364245514
https://openalex.org/W2364317431
https://openalex.org/W2364535709
https://openalex.org/W2364562868
https://openalex.org/W2364800558
https://openalex.org/W2365099892
https://openalex.org/W2365161809
https://openalex.org/W2365432539
https://openalex.org/W2365484748
https://openalex.org/W2365727924
https://openalex.org/W2365771714
https://openalex.org/W2366348699
https://openalex.org/W2367104516
https://openalex.org/W2367216847
https://openalex.org/W2367356334
https://openalex.org/W2367512963
https://openalex.org/W2367532302
https://openalex.org/W2367866323
https://openalex.org/W2368232153
https://openalex.org/W2368411578
https://openalex.org/W2368437120
https://openalex.org/W2368661936
https://openalex.org/W2368737340
https://openalex.org/W2368741606
https://openalex.org/W2368869476
https://openalex.org/W2369498827
https://openalex.org/W2369730152
https://openalex.org/W2369867462
https://openalex.org/W2369991843
https://openalex.org/W2370148403
https://openalex.org/W2370375852
https://openalex.org/W2370453785
https://openalex.org/W2370518243
https://openalex.org/W2370972436
https://openalex.org/W2371044936
https://openalex.org/W2371431833
https://openalex.org/W2371444031
https://openalex.org/W2371468444
https://openalex.org/W2371686623
https://openalex.org/W2371821058
https://openalex.org/W2371929301
https://openalex.org/W2372016516
https://openalex.org/W2372552168
https://openalex.org/W2372728224
https://openalex.org/W2372876508
https://openalex.org/W2372982792
https://openalex.org/W2372986286
https://openalex.org/W2373131613
https://openalex.org/W2373168781
https://openalex.org/W2373334380
https://openalex.org/W2373426305
https://openalex.org/W2373887776
https://openalex.org/W2374296174
https://openalex.org/W2374544554
https://openalex.org/W2374614939
https://openalex.org/W2374808627
https://openalex.org/W2374961199
https://openalex.org/W2375388461
https://openalex.org/W2375514160
https://openalex.org/W2375702578
https://openalex.org/W2375777841
https://openalex.org/W2376016636
https://openalex.org/W2376092278
https://openalex.org/W2376507589
https://openalex.org/W2376563788
https://openalex.org/W2376647203
https://openalex.org/W2376842615
https://openalex.org/W2377231808
https://openalex.org/W2377337490
https://openalex.org/W2377848737
https://openalex.org/W2377851995
https://openalex.org/W2378245125
https://openalex.org/W2378647623
https://openalex.org/W2378764839
https://openalex.org/W2378862829
https://openalex.org/W2379043115
https://openalex.org/W2379061180
https://openalex.org/W2379452662
https://openalex.org/W2379603381
https://openalex.org/W2379683732
https://openalex.org/W2380086052
https://openalex.org/W2380855390
https://openalex.org/W2380877367
https://openalex.org/W2380901549
https://openalex.org/W2380921035
https://openalex.org/W2381046848
https://openalex.org/W238113598
https://openalex.org/W2381153512
https://openalex.org/W2381218189
https://openalex.org/W2381731579
https://openalex.org/W2381909501
https://openalex.org/W2382064438
https://openalex.org/W2382435259
https://openalex.org/W2382546120
https://openalex.org/W2382547046
https://openalex.org/W2382645256
https://openalex.org/W2383300540
https://openalex.org/W2383421771
https://openalex.org/W2383459791
https://openalex.org/W2383707101
https://openalex.org/W2384215358
https://openalex.org/W2384567234
https://openalex.org/W2384586066
https://openalex.org/W2384601786
https://openalex.org/W2384953722
https://openalex.org/W2385468162
https://openalex.org/W2385502039
https://openalex.org/W2386122650
https://openalex.org/W2386273894
https://openalex.org/W2386283455
https://openalex.org/W2386661406
https://openalex.org/W2387125779
https://openalex.org/W2387418872
https://openalex.org/W2388033800
https://openalex.org/W2388610628
https://openalex.org/W2388775172
https://openalex.org/W2388792510
https://openalex.org/W2388946384
https://openalex.org/W2389014097
https://openalex.org/W2389043352
https://openalex.org/W2389093699
https://openalex.org/W2389171044
https://openalex.org/W2389558702
https://openalex.org/W2389724107
https://openalex.org/W2390005526
https://openalex.org/W2390026159
https://openalex.org/W2390345840
https://openalex.org/W2390355315
https://openalex.org/W2390357514
https://openalex.org/W2390448198
https://openalex.org/W2391119011
https://openalex.org/W2391143738
https://openalex.org/W2391328904
https://openalex.org/W2391401922
https://openalex.org/W2391542707
https://openalex.org/W2391747023
https://openalex.org/W2392038050
https://openalex.org/W2392041119
https://openalex.org/W2392176834
https://openalex.org/W2392262637
https://openalex.org/W2392347919
https://openalex.org/W2392371087
https://openalex.org/W2392414566
https://openalex.org/W2392460291
https://openalex.org/W2392873883
https://openalex.org/W2393108400
https://openalex.org/W2393109282
https://openalex.org/W2393277468
https://openalex.org/W2393930972
https://openalex.org/W2394011536
https://openalex.org/W2394280246
https://openalex.org/W2394380380
https://openalex.org/W2394392671
https://openalex.org/W2395453966
https://openalex.org/W2396049305
https://openalex.org/W2398455906
https://openalex.org/W2404184039
https://openalex.org/W2404476317
https://openalex.org/W2406288577
https://openalex.org/W2408101746
https://openalex.org/W2408220475
https://openalex.org/W2410632559
https://openalex.org/W2411423417
https://openalex.org/W2411532447
https://openalex.org/W2411888601
https://openalex.org/W2412893527
https://openalex.org/W2412922875
https://openalex.org/W2412973694
https://openalex.org/W2413954615
https://openalex.org/W2416372744
https://openalex.org/W2416909129
https://openalex.org/W2418382912
https://openalex.org/W2418964882
https://openalex.org/W2419536010
https://openalex.org/W2422131682
https://openalex.org/W2422513294
https://openalex.org/W2423980711
https://openalex.org/W2423981021
https://openalex.org/W2425066319
https://openalex.org/W2426019056
https://openalex.org/W2429922188
https://openalex.org/W2433498351
https://openalex.org/W2435535905
https://openalex.org/W2435705721
https://openalex.org/W2437056622
https://openalex.org/W2437501599
https://openalex.org/W24378887
https://openalex.org/W2443347441
https://openalex.org/W2443801329
https://openalex.org/W2462800525
https://openalex.org/W2462841835
https://openalex.org/W2463237434
https://openalex.org/W2464268989
https://openalex.org/W2465212194
https://openalex.org/W2466199271
https://openalex.org/W2470659089
https://openalex.org/W2470790065
https://openalex.org/W2471735040
https://openalex.org/W2472061473
https://openalex.org/W2474626148
https://openalex.org/W2477645946
https://openalex.org/W2478085908
https://openalex.org/W2478192886
https://openalex.org/W2478234974
https://openalex.org/W2479028623
https://openalex.org/W2482775118
https://openalex.org/W2484052380
https://openalex.org/W2485431571
https://openalex.org/W2485945802
https://openalex.org/W2486761753
https://openalex.org/W2488863088
https://openalex.org/W2489139601
https://openalex.org/W2489389099
https://openalex.org/W2489975476
https://openalex.org/W2490629672
https://openalex.org/W2491773899
https://openalex.org/W2491872841
https://openalex.org/W2492769339
https://openalex.org/W2493579136
https://openalex.org/W2495430202
https://openalex.org/W2495950951
https://openalex.org/W2497816940
https://openalex.org/W2498120894
https://openalex.org/W2500544525
https://openalex.org/W2500808550
https://openalex.org/W2500985002
https://openalex.org/W2501696568
https://openalex.org/W2502252224
https://openalex.org/W2502843515
https://openalex.org/W2504457426
https://openalex.org/W2504728757
https://openalex.org/W2504910480
https://openalex.org/W2506462392
https://openalex.org/W2507178893
https://openalex.org/W2507309284
https://openalex.org/W2507723628
https://openalex.org/W2508899565
https://openalex.org/W2508992075
https://openalex.org/W2509594676
https://openalex.org/W2509819910
https://openalex.org/W2509848028
https://openalex.org/W2510971841
https://openalex.org/W2511036893
https://openalex.org/W2511354464
https://openalex.org/W2511424141
https://openalex.org/W2511932233
https://openalex.org/W2513024293
https://openalex.org/W2513275568
https://openalex.org/W2514295776
https://openalex.org/W2514435631
https://openalex.org/W2515700456
https://openalex.org/W2516283788
https://openalex.org/W2516741888
https://openalex.org/W2517062201
https://openalex.org/W2517103910
https://openalex.org/W2517778137
https://openalex.org/W2518639547
https://openalex.org/W2518982358
https://openalex.org/W2519286702
https://openalex.org/W2520663224
https://openalex.org/W2521415217
https://openalex.org/W2521574601
https://openalex.org/W2522072992
https://openalex.org/W2522705291
https://openalex.org/W2523573596
https://openalex.org/W2523829795
https://openalex.org/W2524633386
https://openalex.org/W2525960960
https://openalex.org/W2526472218
https://openalex.org/W2526843737
https://openalex.org/W2526932326
https://openalex.org/W2527461827
https://openalex.org/W2529223208
https://openalex.org/W2530920543
https://openalex.org/W2531448326
https://openalex.org/W2532595755
https://openalex.org/W2534492368
https://openalex.org/W2536727386
https://openalex.org/W2539669790
https://openalex.org/W2543622185
https://openalex.org/W2544895221
https://openalex.org/W2544919997
https://openalex.org/W2545797131
https://openalex.org/W2547530936
https://openalex.org/W2549844982
https://openalex.org/W2550343326
https://openalex.org/W2550528835
https://openalex.org/W2550834657
https://openalex.org/W2552737367
https://openalex.org/W2553690006
https://openalex.org/W2558210560
https://openalex.org/W2559051383
https://openalex.org/W2560080347
https://openalex.org/W2560825803
https://openalex.org/W2563081952
https://openalex.org/W2563578171
https://openalex.org/W2564916587
https://openalex.org/W2565312033
https://openalex.org/W2565505718
https://openalex.org/W2565584239
https://openalex.org/W2565708596
https://openalex.org/W2566229588
https://openalex.org/W2566723521
https://openalex.org/W2567488715
https://openalex.org/W2567510676
https://openalex.org/W2568174166
https://openalex.org/W2570194280
https://openalex.org/W2570395186
https://openalex.org/W2570870227
https://openalex.org/W2571917854
https://openalex.org/W2573603072
https://openalex.org/W2573814603
https://openalex.org/W2574013518
https://openalex.org/W2574893888
https://openalex.org/W2575402224
https://openalex.org/W2579354427
https://openalex.org/W2580203337
https://openalex.org/W2580635140
https://openalex.org/W2580837687
https://openalex.org/W2581929934
https://openalex.org/W2583195204
https://openalex.org/W2584623447
https://openalex.org/W2585940994
https://openalex.org/W2586508044
https://openalex.org/W2588067263
https://openalex.org/W2588258230
https://openalex.org/W2588311514
https://openalex.org/W2588703541
https://openalex.org/W2588922564
https://openalex.org/W2590199260
https://openalex.org/W2590384560
https://openalex.org/W2590585098
https://openalex.org/W2590602798
https://openalex.org/W2591078140
https://openalex.org/W2591138207
https://openalex.org/W2591290303
https://openalex.org/W2591348882
https://openalex.org/W259210088
https://openalex.org/W2592752824
https://openalex.org/W2593352455
https://openalex.org/W2593698370
https://openalex.org/W2595372139
https://openalex.org/W2596813221
https://openalex.org/W2598185450
https://openalex.org/W2599494439
https://openalex.org/W2599738783
https://openalex.org/W2600184847
https://openalex.org/W2600200834
https://openalex.org/W2600874681
https://openalex.org/W2600887550
https://openalex.org/W2600934719
https://openalex.org/W2601109920
https://openalex.org/W2601378843
https://openalex.org/W2601414496
https://openalex.org/W2602474043
https://openalex.org/W2602515929
https://openalex.org/W2602772625
https://openalex.org/W2602895572
https://openalex.org/W2603592753
https://openalex.org/W2603605170
https://openalex.org/W2604566725
https://openalex.org/W2605044938
https://openalex.org/W2605095813
https://openalex.org/W2605428345
https://openalex.org/W2605711600
https://openalex.org/W2605782413
https://openalex.org/W2605786438
https://openalex.org/W2606574107
https://openalex.org/W2606660941
https://openalex.org/W2607123403
https://openalex.org/W2608354418
https://openalex.org/W2609874887
https://openalex.org/W2610637031
https://openalex.org/W2610853261
https://openalex.org/W2611013884
https://openalex.org/W2611193814
https://openalex.org/W2611303765
https://openalex.org/W2611307293
https://openalex.org/W2611314842
https://openalex.org/W2611605212
https://openalex.org/W2611827871
https://openalex.org/W2611913382
https://openalex.org/W2612191621
https://openalex.org/W2612397059
https://openalex.org/W2612838910
https://openalex.org/W2612850013
https://openalex.org/W2613182773
https://openalex.org/W2613738206
https://openalex.org/W2614426992
https://openalex.org/W2614738206
https://openalex.org/W2614895999
https://openalex.org/W2615265134
https://openalex.org/W2615315104
https://openalex.org/W2615782489
https://openalex.org/W2615996340
https://openalex.org/W2616148947
https://openalex.org/W2616796821
https://openalex.org/W2617647443
https://openalex.org/W2619347318
https://openalex.org/W2620683619
https://openalex.org/W2620820453
https://openalex.org/W2620943073
https://openalex.org/W2621848655
https://openalex.org/W2623297836
https://openalex.org/W2624908374
https://openalex.org/W2625403419
https://openalex.org/W2625708619
https://openalex.org/W2626438158
https://openalex.org/W2641152262
https://openalex.org/W265042907
https://openalex.org/W2651525962
https://openalex.org/W2667612718
https://openalex.org/W2685101252
https://openalex.org/W26881866
https://openalex.org/W2693798227
https://openalex.org/W2694667330
https://openalex.org/W2695933231
https://openalex.org/W2699396926
https://openalex.org/W2710813456
https://openalex.org/W2725309729
https://openalex.org/W2727125695
https://openalex.org/W2727156373
https://openalex.org/W2727537773
https://openalex.org/W2730266024
https://openalex.org/W2730874402
https://openalex.org/W2730944890
https://openalex.org/W2732497995
https://openalex.org/W2734351356
https://openalex.org/W2734355928
https://openalex.org/W2734395981
https://openalex.org/W2734427236
https://openalex.org/W2734442175
https://openalex.org/W2734514388
https://openalex.org/W2734905801
https://openalex.org/W2735112899
https://openalex.org/W2735273880
https://openalex.org/W2735432360
https://openalex.org/W2736652335
https://openalex.org/W2736993889
https://openalex.org/W2737246054
https://openalex.org/W2737567852
https://openalex.org/W2737594155
https://openalex.org/W2738594396
https://openalex.org/W2740207894
https://openalex.org/W2741215852
https://openalex.org/W2741860019
https://openalex.org/W2742509909
https://openalex.org/W2742871318
https://openalex.org/W2742876168
https://openalex.org/W2743108475
https://openalex.org/W2743327414
https://openalex.org/W2743341520
https://openalex.org/W2743559122
https://openalex.org/W2743695842
https://openalex.org/W2743712430
https://openalex.org/W2743739717
https://openalex.org/W2743775838
https://openalex.org/W2744044265
https://openalex.org/W2744147783
https://openalex.org/W2744397349
https://openalex.org/W2744466692
https://openalex.org/W2744543181
https://openalex.org/W2744713974
https://openalex.org/W2744912183
https://openalex.org/W2745398155
https://openalex.org/W2745526726
https://openalex.org/W2745705300
https://openalex.org/W2745935362
https://openalex.org/W2745943093
https://openalex.org/W2746289898
https://openalex.org/W2746329040
https://openalex.org/W2746372808
https://openalex.org/W2746427841
https://openalex.org/W2746431039
https://openalex.org/W2746566214
https://openalex.org/W2746594365
https://openalex.org/W2746644862
https://openalex.org/W2746702091
https://openalex.org/W2746716487
https://openalex.org/W2747166034
https://openalex.org/W2747212555
https://openalex.org/W2747626173
https://openalex.org/W2747728792
https://openalex.org/W2747858198
https://openalex.org/W2748393727
https://openalex.org/W2748463501
https://openalex.org/W2748496406
https://openalex.org/W2748649114
https://openalex.org/W2748854782
https://openalex.org/W2749007513
https://openalex.org/W2749088780
https://openalex.org/W2749172880
https://openalex.org/W2749311140
https://openalex.org/W2749823209
https://openalex.org/W2749825043
https://openalex.org/W2749866411
https://openalex.org/W2750005967
https://openalex.org/W2750231345
https://openalex.org/W2750564502
https://openalex.org/W2750748568
https://openalex.org/W2750856379
https://openalex.org/W2750902615
https://openalex.org/W2750913542
https://openalex.org/W2750913751
https://openalex.org/W2751353851
https://openalex.org/W2751396621
https://openalex.org/W2751476209
https://openalex.org/W2751523224
https://openalex.org/W2751880636
https://openalex.org/W2751923098
https://openalex.org/W2751938804
https://openalex.org/W2752073555
https://openalex.org/W2752349205
https://openalex.org/W2752528507
https://openalex.org/W2752578411
https://openalex.org/W2752643068
https://openalex.org/W2752681608
https://openalex.org/W2752923002
https://openalex.org/W2753028941
https://openalex.org/W2753165271
https://openalex.org/W2753357607
https://openalex.org/W2753450572
https://openalex.org/W2753657261
https://openalex.org/W2753695508
https://openalex.org/W2753751570
https://openalex.org/W2753922173
https://openalex.org/W2754049508
https://openalex.org/W2754879858
https://openalex.org/W2756446424
https://openalex.org/W2756633749
https://openalex.org/W2757935550
https://openalex.org/W2759378235
https://openalex.org/W2761898865
https://openalex.org/W2763975725
https://openalex.org/W2764497328
https://openalex.org/W2764643460
https://openalex.org/W2765139618
https://openalex.org/W2765253880
https://openalex.org/W2766413815
https://openalex.org/W2767795159
https://openalex.org/W2769865537
https://openalex.org/W2769877683
https://openalex.org/W2770942845
https://openalex.org/W277146564
https://openalex.org/W2771538168
https://openalex.org/W2771726665
https://openalex.org/W2771959894
https://openalex.org/W2773644293
https://openalex.org/W2773823459
https://openalex.org/W2774065264
https://openalex.org/W2774283857
https://openalex.org/W2777268735
https://openalex.org/W2778144957
https://openalex.org/W2778168673
https://openalex.org/W2778897219
https://openalex.org/W2779830356
https://openalex.org/W2780570762
https://openalex.org/W2782505793
https://openalex.org/W278394082
https://openalex.org/W2784499323
https://openalex.org/W2785271535
https://openalex.org/W2785631237
https://openalex.org/W2785674034
https://openalex.org/W2787841024
https://openalex.org/W2789779017
https://openalex.org/W2790448673
https://openalex.org/W2790748402
https://openalex.org/W2791340764
https://openalex.org/W2792241977
https://openalex.org/W2792768952
https://openalex.org/W2793071711
https://openalex.org/W2793720823
https://openalex.org/W2794412146
https://openalex.org/W2795318014
https://openalex.org/W2795590292
https://openalex.org/W2796034285
https://openalex.org/W2797602362
https://openalex.org/W2798451628
https://openalex.org/W2798836895
https://openalex.org/W2800369157
https://openalex.org/W2801491808
https://openalex.org/W2803136184
https://openalex.org/W2803753798
https://openalex.org/W2804016851
https://openalex.org/W2804171077
https://openalex.org/W2805330612
https://openalex.org/W2805591129
https://openalex.org/W2805810910
https://openalex.org/W2806048850
https://openalex.org/W2806110969
https://openalex.org/W2807014001
https://openalex.org/W2808919332
https://openalex.org/W2809780739
https://openalex.org/W2809924126
https://openalex.org/W2809994736
https://openalex.org/W2810097787
https://openalex.org/W2810164395
https://openalex.org/W2810393038
https://openalex.org/W2811004177
https://openalex.org/W2811374596
https://openalex.org/W2811483056
https://openalex.org/W2841161991
https://openalex.org/W2846051302
https://openalex.org/W285220115
https://openalex.org/W2867557320
https://openalex.org/W2882971793
https://openalex.org/W2884788302
https://openalex.org/W2884922794
https://openalex.org/W2885714197
https://openalex.org/W2885854931
https://openalex.org/W2887340295
https://openalex.org/W2887622267
https://openalex.org/W2888162099
https://openalex.org/W2888962479
https://openalex.org/W2889363377
https://openalex.org/W2889494609
https://openalex.org/W2889524263
https://openalex.org/W2889532216
https://openalex.org/W2890671169
https://openalex.org/W2891024742
https://openalex.org/W2891812934
https://openalex.org/W2891947575
https://openalex.org/W2892009764
https://openalex.org/W2892194735
https://openalex.org/W2893028367
https://openalex.org/W2893300893
https://openalex.org/W2895636687
https://openalex.org/W2895853963
https://openalex.org/W2897785531
https://openalex.org/W2898167565
https://openalex.org/W2898243737
https://openalex.org/W2898304898
https://openalex.org/W2898383678
https://openalex.org/W2898888194
https://openalex.org/W2900101157
https://openalex.org/W2901788348
https://openalex.org/W2902084327
https://openalex.org/W2902798180
https://openalex.org/W2903227883
https://openalex.org/W2905273870
https://openalex.org/W2905491275
https://openalex.org/W2905929402
https://openalex.org/W2906416102
https://openalex.org/W2906896614
https://openalex.org/W2907389320
https://openalex.org/W2908197395
https://openalex.org/W2908394281
https://openalex.org/W2910581674
https://openalex.org/W2910670848
https://openalex.org/W2911054149
https://openalex.org/W2911750504
https://openalex.org/W2911775129
https://openalex.org/W2911837089
https://openalex.org/W2911920641
https://openalex.org/W2912357262
https://openalex.org/W2912506996
https://openalex.org/W2912754893
https://openalex.org/W2912918816
https://openalex.org/W2913159057
https://openalex.org/W2913599762
https://openalex.org/W2913640212
https://openalex.org/W2913736856
https://openalex.org/W2913792840
https://openalex.org/W2914522641
https://openalex.org/W2915666832
https://openalex.org/W2915800853
https://openalex.org/W2917334577
https://openalex.org/W2920803248
https://openalex.org/W2921320921
https://openalex.org/W2921530557
https://openalex.org/W2921804101
https://openalex.org/W2921837662
https://openalex.org/W2921852013
https://openalex.org/W2921876422
https://openalex.org/W2922522295
https://openalex.org/W2924432645
https://openalex.org/W2926884423
https://openalex.org/W2927757884
https://openalex.org/W2928058825
https://openalex.org/W2930063017
https://openalex.org/W2930413434
https://openalex.org/W2930608157
https://openalex.org/W2930724141
https://openalex.org/W2931488499
https://openalex.org/W2934402608
https://openalex.org/W2937090799
https://openalex.org/W2937672099
https://openalex.org/W2938791023
https://openalex.org/W2938945705
https://openalex.org/W2939080870
https://openalex.org/W2939197751
https://openalex.org/W2939597091
https://openalex.org/W2940183384
https://openalex.org/W2940779555
https://openalex.org/W2941541739
https://openalex.org/W2942272899
https://openalex.org/W2944137059
https://openalex.org/W2945286241
https://openalex.org/W2946067547
https://openalex.org/W2946361372
https://openalex.org/W2949267582
https://openalex.org/W2949631431
https://openalex.org/W2949698870
https://openalex.org/W2950199529
https://openalex.org/W2950379794
https://openalex.org/W2950605086
https://openalex.org/W2950637954
https://openalex.org/W2950772611
https://openalex.org/W2951121128
https://openalex.org/W2951180142
https://openalex.org/W2951216710
https://openalex.org/W2951695355
https://openalex.org/W2951785050
https://openalex.org/W2951953868
https://openalex.org/W2952081994
https://openalex.org/W2952351085
https://openalex.org/W2952458471
https://openalex.org/W2952561497
https://openalex.org/W2952773626
https://openalex.org/W2953071173
https://openalex.org/W2953962976
https://openalex.org/W2954513685
https://openalex.org/W2956220063
https://openalex.org/W2956833202
https://openalex.org/W2959782896
https://openalex.org/W2961926915
https://openalex.org/W2962074807
https://openalex.org/W2962853773
https://openalex.org/W2963306381
https://openalex.org/W2963338203
https://openalex.org/W2964012267
https://openalex.org/W2964117707
https://openalex.org/W2966427747
https://openalex.org/W2966658157
https://openalex.org/W2967841186
https://openalex.org/W2968490673
https://openalex.org/W2968691581
https://openalex.org/W2968832654
https://openalex.org/W2969705848
https://openalex.org/W2971349779
https://openalex.org/W2971736330
https://openalex.org/W2971991414
https://openalex.org/W2972037655
https://openalex.org/W2972324098
https://openalex.org/W2972512652
https://openalex.org/W2972900078
https://openalex.org/W2973952456
https://openalex.org/W2974976165
https://openalex.org/W2975459793
https://openalex.org/W2975471037
https://openalex.org/W2975893421
https://openalex.org/W2975974870
https://openalex.org/W2976339125
https://openalex.org/W2976639285
https://openalex.org/W2976776365
https://openalex.org/W2977314298
https://openalex.org/W2977531988
https://openalex.org/W2977549597
https://openalex.org/W2977568514
https://openalex.org/W2977672500
https://openalex.org/W2977688588
https://openalex.org/W2977761762
https://openalex.org/W2978049068
https://openalex.org/W2978056344
https://openalex.org/W2978231346
https://openalex.org/W2978253279
https://openalex.org/W2978405517
https://openalex.org/W2978544916
https://openalex.org/W2978776479
https://openalex.org/W2978925518
https://openalex.org/W2979307988
https://openalex.org/W2979347421
https://openalex.org/W2979352201
https://openalex.org/W2979993659
https://openalex.org/W2979996392
https://openalex.org/W2980005214
https://openalex.org/W2980120925
https://openalex.org/W2980222504
https://openalex.org/W2980282074
https://openalex.org/W2980817700
https://openalex.org/W2980833599
https://openalex.org/W2981108351
https://openalex.org/W2981147351
https://openalex.org/W2981206560
https://openalex.org/W2981808017
https://openalex.org/W2981827721
https://openalex.org/W2981977807
https://openalex.org/W2983718796
https://openalex.org/W2984034517
https://openalex.org/W2984283894
https://openalex.org/W2984392528
https://openalex.org/W2984827911
https://openalex.org/W2984946404
https://openalex.org/W2985160912
https://openalex.org/W2985525441
https://openalex.org/W2986228266
https://openalex.org/W2986542100
https://openalex.org/W2987567457
https://openalex.org/W2989151784
https://openalex.org/W2989596060
https://openalex.org/W2990080252
https://openalex.org/W2990333769
https://openalex.org/W2990774850
https://openalex.org/W2991016923
https://openalex.org/W2991470481
https://openalex.org/W2991762035
https://openalex.org/W2991763463
https://openalex.org/W2992305623
https://openalex.org/W2993100705
https://openalex.org/W2993142389
https://openalex.org/W2993557971
https://openalex.org/W2994249138
https://openalex.org/W2994272035
https://openalex.org/W2994620554
https://openalex.org/W2994704594
https://openalex.org/W2994730569
https://openalex.org/W2994747294
https://openalex.org/W2994830530
https://openalex.org/W2994831734
https://openalex.org/W2995120732
https://openalex.org/W2995421331
https://openalex.org/W2995749487
https://openalex.org/W2995877064
https://openalex.org/W2995910369
https://openalex.org/W2996042233
https://openalex.org/W2996250079
https://openalex.org/W2996259844
https://openalex.org/W2996270893
https://openalex.org/W2996492260
https://openalex.org/W2996599684
https://openalex.org/W2996626190
https://openalex.org/W2996898707
https://openalex.org/W2997010104
https://openalex.org/W2997097076
https://openalex.org/W2997131036
https://openalex.org/W2998494279
https://openalex.org/W2998619309
https://openalex.org/W2998715388
https://openalex.org/W2998793502
https://openalex.org/W2998922343
https://openalex.org/W2999467164
https://openalex.org/W2999594779
https://openalex.org/W2999681742
https://openalex.org/W3000553543
https://openalex.org/W3001617210
https://openalex.org/W3001667992
https://openalex.org/W3002127776
https://openalex.org/W3002215749
https://openalex.org/W3004298230
https://openalex.org/W3004550572
https://openalex.org/W3004610521
https://openalex.org/W3004747124
https://openalex.org/W3004921187
https://openalex.org/W3005101999
https://openalex.org/W3005148499
https://openalex.org/W3005276824
https://openalex.org/W3005419920
https://openalex.org/W3005592581
https://openalex.org/W3005924573
https://openalex.org/W3006950776
https://openalex.org/W3007147164
https://openalex.org/W3007398238
https://openalex.org/W3007488723
https://openalex.org/W3007786722
https://openalex.org/W3007901563
https://openalex.org/W3008088309
https://openalex.org/W3008798368
https://openalex.org/W3008911648
https://openalex.org/W3009187514
https://openalex.org/W3009386399
https://openalex.org/W3009604930
https://openalex.org/W3009823278
https://openalex.org/W3009857037
https://openalex.org/W3009967886
https://openalex.org/W3009973055
https://openalex.org/W3010259747
https://openalex.org/W3010283842
https://openalex.org/W3010310815
https://openalex.org/W3010741663
https://openalex.org/W3011068107
https://openalex.org/W3011324362
https://openalex.org/W3011351710
https://openalex.org/W3011391161
https://openalex.org/W3011565362
https://openalex.org/W3012467780
https://openalex.org/W3013384161
https://openalex.org/W3013634077
https://openalex.org/W3013646625
https://openalex.org/W3013679185
https://openalex.org/W3013726863
https://openalex.org/W3013756534
https://openalex.org/W3013781255
https://openalex.org/W3013845983
https://openalex.org/W3013906054
https://openalex.org/W3014508925
https://openalex.org/W3015628364
https://openalex.org/W3015642682
https://openalex.org/W3015660192
https://openalex.org/W3015861804
https://openalex.org/W3015992408
https://openalex.org/W3016300319
https://openalex.org/W3016460062
https://openalex.org/W3016660108
https://openalex.org/W3016663707
https://openalex.org/W3016740856
https://openalex.org/W3016837394
https://openalex.org/W3017071979
https://openalex.org/W3017210954
https://openalex.org/W3017286364
https://openalex.org/W3018526477
https://openalex.org/W3020091570
https://openalex.org/W3020180447
https://openalex.org/W3020470858
https://openalex.org/W3020496309
https://openalex.org/W3020528040
https://openalex.org/W3020882682
https://openalex.org/W3021078987
https://openalex.org/W3021080038
https://openalex.org/W3021135662
https://openalex.org/W3021333230
https://openalex.org/W3021761430
https://openalex.org/W3022034348
https://openalex.org/W3022056654
https://openalex.org/W3022084321
https://openalex.org/W3022243025
https://openalex.org/W3022389143
https://openalex.org/W3022525048
https://openalex.org/W3022734351
https://openalex.org/W3022805402
https://openalex.org/W302284611
https://openalex.org/W3023050488
https://openalex.org/W3023072413
https://openalex.org/W3023308565
https://openalex.org/W3023497661
https://openalex.org/W3023586044
https://openalex.org/W3023686702
https://openalex.org/W3023827342
https://openalex.org/W3023992309
https://openalex.org/W3024643762
https://openalex.org/W3024673908
https://openalex.org/W3024938802
https://openalex.org/W3024943170
https://openalex.org/W3025089202
https://openalex.org/W3025809676
https://openalex.org/W3025850311
https://openalex.org/W3026232905
https://openalex.org/W3026512669
https://openalex.org/W3026788079
https://openalex.org/W3027583931
https://openalex.org/W3027871390
https://openalex.org/W3028215804
https://openalex.org/W3028465377
https://openalex.org/W3028599863
https://openalex.org/W3028660746
https://openalex.org/W3028730368
https://openalex.org/W3028809056
https://openalex.org/W3028920155
https://openalex.org/W3028954061
https://openalex.org/W3029372078
https://openalex.org/W3029486944
https://openalex.org/W3029632389
https://openalex.org/W3029870532
https://openalex.org/W3029992205
https://openalex.org/W3030156808
https://openalex.org/W3030270447
https://openalex.org/W3030296687
https://openalex.org/W3030336732
https://openalex.org/W3030452191
https://openalex.org/W3030523999
https://openalex.org/W3030619201
https://openalex.org/W3030716736
https://openalex.org/W3031017716
https://openalex.org/W3031026681
https://openalex.org/W3031107760
https://openalex.org/W3031155346
https://openalex.org/W3031475404
https://openalex.org/W3031717091
https://openalex.org/W3032113492
https://openalex.org/W3032210069
https://openalex.org/W3032379980
https://openalex.org/W3032445373
https://openalex.org/W3032456217
https://openalex.org/W3032513192
https://openalex.org/W3032554262
https://openalex.org/W3032678158
https://openalex.org/W3032692465
https://openalex.org/W3032969730
https://openalex.org/W3032995513
https://openalex.org/W3033251243
https://openalex.org/W3034179573
https://openalex.org/W3034219217
https://openalex.org/W3034607874
https://openalex.org/W3034729596
https://openalex.org/W3035115422
https://openalex.org/W3035703220
https://openalex.org/W3035764413
https://openalex.org/W3035871537
https://openalex.org/W3036004445
https://openalex.org/W3036141113
https://openalex.org/W3037194443
https://openalex.org/W3037334920
https://openalex.org/W3037578793
https://openalex.org/W3037687828
https://openalex.org/W3039462426
https://openalex.org/W3040349850
https://openalex.org/W3040752687
https://openalex.org/W3040982528
https://openalex.org/W3041188750
https://openalex.org/W3041199486
https://openalex.org/W3041242376
https://openalex.org/W3041577888
https://openalex.org/W3041682553
https://openalex.org/W3041728298
https://openalex.org/W3041802827
https://openalex.org/W3041906192
https://openalex.org/W3041951762
https://openalex.org/W3042023313
https://openalex.org/W3042426621
https://openalex.org/W3042845954
https://openalex.org/W3043069368
https://openalex.org/W3043333001
https://openalex.org/W3043452886
https://openalex.org/W3043485998
https://openalex.org/W3043717285
https://openalex.org/W3045380139
https://openalex.org/W3046047132
https://openalex.org/W3046194836
https://openalex.org/W3046304818
https://openalex.org/W3046350176
https://openalex.org/W3046472120
https://openalex.org/W3046765497
https://openalex.org/W3047340248
https://openalex.org/W3047503839
https://openalex.org/W3047610030
https://openalex.org/W3048160213
https://openalex.org/W3048317141
https://openalex.org/W3048365037
https://openalex.org/W3049159140
https://openalex.org/W3049585743
https://openalex.org/W3057226727
https://openalex.org/W3059785088
https://openalex.org/W3080201329
https://openalex.org/W3080415411
https://openalex.org/W3081814362
https://openalex.org/W3081960611
https://openalex.org/W3082565167
https://openalex.org/W3082993153
https://openalex.org/W3083134539
https://openalex.org/W3083400148
https://openalex.org/W3083636513
https://openalex.org/W3083781364
https://openalex.org/W3084203897
https://openalex.org/W3085051421
https://openalex.org/W3085116818
https://openalex.org/W3086165838
https://openalex.org/W3086184251
https://openalex.org/W3086226669
https://openalex.org/W3086391322
https://openalex.org/W3086827289
https://openalex.org/W3087423420
https://openalex.org/W3087595777
https://openalex.org/W3087678655
https://openalex.org/W3087785455
https://openalex.org/W3087820448
https://openalex.org/W3088967440
https://openalex.org/W3089733718
https://openalex.org/W3089862086
https://openalex.org/W309030257
https://openalex.org/W3090339307
https://openalex.org/W3091860647
https://openalex.org/W3092095504
https://openalex.org/W3092378201
https://openalex.org/W3092779293
https://openalex.org/W3092938131
https://openalex.org/W3093012133
https://openalex.org/W3093734149
https://openalex.org/W3093739236
https://openalex.org/W3094455973
https://openalex.org/W3094688713
https://openalex.org/W3094779799
https://openalex.org/W3095519758
https://openalex.org/W3097085615
https://openalex.org/W3097617569
https://openalex.org/W3098448042
https://openalex.org/W3100033181
https://openalex.org/W3102189989
https://openalex.org/W3104810178
https://openalex.org/W3105057663
https://openalex.org/W3105628391
https://openalex.org/W3107278331
https://openalex.org/W3107850202
https://openalex.org/W3108214479
https://openalex.org/W3108468328
https://openalex.org/W3108775436
https://openalex.org/W3109641628
https://openalex.org/W3110653645
https://openalex.org/W3110794032
https://openalex.org/W3111157875
https://openalex.org/W3111191853
https://openalex.org/W3111435239
https://openalex.org/W3111657837
https://openalex.org/W3112131671
https://openalex.org/W3112426045
https://openalex.org/W3112756327
https://openalex.org/W3112910335
https://openalex.org/W3114005038
https://openalex.org/W3114805489
https://openalex.org/W3114894060
https://openalex.org/W3115635586
https://openalex.org/W3115921603
https://openalex.org/W3116125264
https://openalex.org/W3116610610
https://openalex.org/W3117035562
https://openalex.org/W3117090456
https://openalex.org/W3117103381
https://openalex.org/W3117367902
https://openalex.org/W3117849427
https://openalex.org/W3118285116
https://openalex.org/W3118417606
https://openalex.org/W3118600613
https://openalex.org/W3118777026
https://openalex.org/W3118894888
https://openalex.org/W3118949331
https://openalex.org/W3119212716
https://openalex.org/W3119778583
https://openalex.org/W3119811059
https://openalex.org/W3119915475
https://openalex.org/W3119994064
https://openalex.org/W3120150243
https://openalex.org/W3120518812
https://openalex.org/W3121156959
https://openalex.org/W3121414565
https://openalex.org/W3121690815
https://openalex.org/W3122565585
https://openalex.org/W3122881734
https://openalex.org/W3124569183
https://openalex.org/W3126062726
https://openalex.org/W3126151640
https://openalex.org/W3126314046
https://openalex.org/W3126392059
https://openalex.org/W3127800996
https://openalex.org/W3127907456
https://openalex.org/W3128169070
https://openalex.org/W3128736413
https://openalex.org/W3128966077
https://openalex.org/W3129160484
https://openalex.org/W3129266058
https://openalex.org/W3129617014
https://openalex.org/W3129700403
https://openalex.org/W3130040798
https://openalex.org/W3130124131
https://openalex.org/W3130543336
https://openalex.org/W3131388677
https://openalex.org/W3131635555
https://openalex.org/W3132211376
https://openalex.org/W3132466598
https://openalex.org/W3132710866
https://openalex.org/W3132892151
https://openalex.org/W3132953252
https://openalex.org/W3133035273
https://openalex.org/W3133212035
https://openalex.org/W3134023435
https://openalex.org/W3135797102
https://openalex.org/W3136102267
https://openalex.org/W3136793860
https://openalex.org/W3136834967
https://openalex.org/W3137047718
https://openalex.org/W3137266440
https://openalex.org/W3137594889
https://openalex.org/W3139044728
https://openalex.org/W3139342960
https://openalex.org/W3139464051
https://openalex.org/W3139530265
https://openalex.org/W3140585346
https://openalex.org/W3140765109
https://openalex.org/W3141451405
https://openalex.org/W3141657505
https://openalex.org/W3144747586
https://openalex.org/W3145522847
https://openalex.org/W3146511632
https://openalex.org/W3148122287
https://openalex.org/W3149815535
https://openalex.org/W3150358243
https://openalex.org/W3152252284
https://openalex.org/W3152991298
https://openalex.org/W3154318547
https://openalex.org/W3155044319
https://openalex.org/W3155666689
https://openalex.org/W3155747244
https://openalex.org/W3156034608
https://openalex.org/W3156327221
https://openalex.org/W3157398301
https://openalex.org/W3158361058
https://openalex.org/W3158523509
https://openalex.org/W3158772459
https://openalex.org/W3158866733
https://openalex.org/W3159042780
https://openalex.org/W3159106459
https://openalex.org/W3159217090
https://openalex.org/W3159283070
https://openalex.org/W3159939813
https://openalex.org/W3160384276
https://openalex.org/W3160786944
https://openalex.org/W3160792668
https://openalex.org/W3161031422
https://openalex.org/W3161405856
https://openalex.org/W3161455978
https://openalex.org/W3161501465
https://openalex.org/W3161665251
https://openalex.org/W3162434144
https://openalex.org/W3163333008
https://openalex.org/W3163638265
https://openalex.org/W3163667508
https://openalex.org/W3164059498
https://openalex.org/W3164391632
https://openalex.org/W3164709806
https://openalex.org/W3164784531
https://openalex.org/W3165455007
https://openalex.org/W3166454222
https://openalex.org/W3166561204
https://openalex.org/W3166591455
https://openalex.org/W3168370400
https://openalex.org/W3168825865
https://openalex.org/W3169570797
https://openalex.org/W3169853221
https://openalex.org/W3170024411
https://openalex.org/W3170436357
https://openalex.org/W3170840778
https://openalex.org/W3171768348
https://openalex.org/W3172286905
https://openalex.org/W3172615963
https://openalex.org/W3172925688
https://openalex.org/W3173195257
https://openalex.org/W3173509709
https://openalex.org/W3173612205
https://openalex.org/W3173767487
https://openalex.org/W3173858426
https://openalex.org/W3174235248
https://openalex.org/W3174408837
https://openalex.org/W3174680201
https://openalex.org/W3174802783
https://openalex.org/W3175332705
https://openalex.org/W3175853245
https://openalex.org/W3175878271
https://openalex.org/W3176033948
https://openalex.org/W3176256977
https://openalex.org/W3176340751
https://openalex.org/W3177425292
https://openalex.org/W3178215803
https://openalex.org/W3178233545
https://openalex.org/W3179139439
https://openalex.org/W3179160342
https://openalex.org/W3179845248
https://openalex.org/W3180821498
https://openalex.org/W3181032351
https://openalex.org/W3181412109
https://openalex.org/W3181817115
https://openalex.org/W3181987081
https://openalex.org/W3185247289
https://openalex.org/W3186728507
https://openalex.org/W3187196390
https://openalex.org/W3187238472
https://openalex.org/W3187532600
https://openalex.org/W3188791693
https://openalex.org/W3190508899
https://openalex.org/W3190512454
https://openalex.org/W3190670338
https://openalex.org/W3191593063
https://openalex.org/W3192116127
https://openalex.org/W3192359159
https://openalex.org/W3193268498
https://openalex.org/W3193349369
https://openalex.org/W3193364652
https://openalex.org/W3193810928
https://openalex.org/W3195075834
https://openalex.org/W3195679060
https://openalex.org/W3195733352
https://openalex.org/W3195778524
https://openalex.org/W3196371926
https://openalex.org/W3197321637
https://openalex.org/W3197324083
https://openalex.org/W3197723404
https://openalex.org/W3198645515
https://openalex.org/W3198715586
https://openalex.org/W3198907590
https://openalex.org/W3198918617
https://openalex.org/W3199322287
https://openalex.org/W3199411764
https://openalex.org/W3199526395
https://openalex.org/W3200173179
https://openalex.org/W3200742496
https://openalex.org/W3200887059
https://openalex.org/W3201311241
https://openalex.org/W3201339912
https://openalex.org/W3202290570
https://openalex.org/W3202422529
https://openalex.org/W3202756693
https://openalex.org/W3204067524
https://openalex.org/W3204388434
https://openalex.org/W3204467468
https://openalex.org/W3204628336
https://openalex.org/W3205017866
https://openalex.org/W3205274471
https://openalex.org/W3205623513
https://openalex.org/W3206230409
https://openalex.org/W3206454269
https://openalex.org/W3206716896
https://openalex.org/W3206849239
https://openalex.org/W3207391101
https://openalex.org/W3208309181
https://openalex.org/W3208325013
https://openalex.org/W3208872503
https://openalex.org/W3208900641
https://openalex.org/W3209273697
https://openalex.org/W3209470379
https://openalex.org/W3209493980
https://openalex.org/W3209562696
https://openalex.org/W3209954160
https://openalex.org/W3210473902
https://openalex.org/W3210559927
https://openalex.org/W3210592814
https://openalex.org/W3210737472
https://openalex.org/W3210766527
https://openalex.org/W3210829604
https://openalex.org/W3211732531
https://openalex.org/W3212131570
https://openalex.org/W3212446761
https://openalex.org/W3212523477
https://openalex.org/W3212890478
https://openalex.org/W3212950130
https://openalex.org/W3213391457
https://openalex.org/W3213855511
https://openalex.org/W3214372529
https://openalex.org/W3214542589
https://openalex.org/W3214811063
https://openalex.org/W3215910158
https://openalex.org/W3216233264
https://openalex.org/W3216420101
https://openalex.org/W3216514049
https://openalex.org/W3216900317
https://openalex.org/W3217116555
https://openalex.org/W3217625280
https://openalex.org/W3217628866
https://openalex.org/W3217708393
https://openalex.org/W340298845
https://openalex.org/W34168715
https://openalex.org/W343212455
https://openalex.org/W344007540
https://openalex.org/W387066221
https://openalex.org/W39707162
https://openalex.org/W4200034120
https://openalex.org/W4200173159
https://openalex.org/W4200206910
https://openalex.org/W4200257876
https://openalex.org/W4200311144
https://openalex.org/W4200357305
https://openalex.org/W4200443854
https://openalex.org/W4200474859
https://openalex.org/W4200533530
https://openalex.org/W4200568436
https://openalex.org/W4205089209
https://openalex.org/W4205089261
https://openalex.org/W4205157299
https://openalex.org/W4205218725
https://openalex.org/W4205238276
https://openalex.org/W4205290446
https://openalex.org/W4205342422
https://openalex.org/W4205412833
https://openalex.org/W4205447299
https://openalex.org/W4205486419
https://openalex.org/W4205519203
https://openalex.org/W4205614031
https://openalex.org/W4205635464
https://openalex.org/W4205734246
https://openalex.org/W4205835996
https://openalex.org/W4205964643
https://openalex.org/W4205965567
https://openalex.org/W4205998883
https://openalex.org/W4206052317
https://openalex.org/W4206123804
https://openalex.org/W4206132250
https://openalex.org/W4206181026
https://openalex.org/W4206203153
https://openalex.org/W4206236885
https://openalex.org/W4206313369
https://openalex.org/W4206321900
https://openalex.org/W4206377961
https://openalex.org/W4206387840
https://openalex.org/W4206422905
https://openalex.org/W4206437198
https://openalex.org/W4206467689
https://openalex.org/W4206470095
https://openalex.org/W4206479769
https://openalex.org/W4206559725
https://openalex.org/W4206639256
https://openalex.org/W4206644314
https://openalex.org/W4206652489
https://openalex.org/W4206669759
https://openalex.org/W4206711818
https://openalex.org/W4206833825
https://openalex.org/W4206943569
https://openalex.org/W4210243784
https://openalex.org/W4210281047
https://openalex.org/W4210293568
https://openalex.org/W4210295561
https://openalex.org/W4210378801
https://openalex.org/W4210413486
https://openalex.org/W4210439883
https://openalex.org/W4210534762
https://openalex.org/W4210629923
https://openalex.org/W4210641866
https://openalex.org/W4210665998
https://openalex.org/W4210840660
https://openalex.org/W4210847708
https://openalex.org/W4210929471
https://openalex.org/W4210968056
https://openalex.org/W4211032711
https://openalex.org/W4211075114
https://openalex.org/W4211078086
https://openalex.org/W4211090903
https://openalex.org/W4211190022
https://openalex.org/W4211247406
https://openalex.org/W4211252779
https://openalex.org/W4212774710
https://openalex.org/W4212812476
https://openalex.org/W4212873261
https://openalex.org/W4212905471
https://openalex.org/W4212932047
https://openalex.org/W4212992536
https://openalex.org/W4213054014
https://openalex.org/W4213286157
https://openalex.org/W4213305124
https://openalex.org/W4213379048
https://openalex.org/W4213379049
https://openalex.org/W4213420160
https://openalex.org/W4213449128
https://openalex.org/W4214618652
https://openalex.org/W4214628535
https://openalex.org/W4214652133
https://openalex.org/W4214681539
https://openalex.org/W4214768911
https://openalex.org/W4214928997
https://openalex.org/W4214940115
https://openalex.org/W4214943319
https://openalex.org/W4220760503
https://openalex.org/W4220812958
https://openalex.org/W4220836327
https://openalex.org/W4220933182
https://openalex.org/W4220934341
https://openalex.org/W4221042738
https://openalex.org/W4221125377
https://openalex.org/W4221151741
https://openalex.org/W4223903621
https://openalex.org/W4223949381
https://openalex.org/W4224117357
https://openalex.org/W4224230685
https://openalex.org/W4224262647
https://openalex.org/W4225150296
https://openalex.org/W4225321566
https://openalex.org/W4225635244
https://openalex.org/W4225986320
https://openalex.org/W4226087441
https://openalex.org/W4226188430
https://openalex.org/W4226313440
https://openalex.org/W4226350043
https://openalex.org/W4226415346
https://openalex.org/W4229508394
https://openalex.org/W4229579113
https://openalex.org/W4229604442
https://openalex.org/W4229650406
https://openalex.org/W4229673935
https://openalex.org/W4229716066
https://openalex.org/W4229981181
https://openalex.org/W4230089130
https://openalex.org/W4230282823
https://openalex.org/W4230322691
https://openalex.org/W4230409588
https://openalex.org/W4230463609
https://openalex.org/W4230500129
https://openalex.org/W4230580072
https://openalex.org/W4230637580
https://openalex.org/W4230643361
https://openalex.org/W4230652769
https://openalex.org/W4230674612
https://openalex.org/W4230678912
https://openalex.org/W4230739947
https://openalex.org/W4230823780
https://openalex.org/W4230868395
https://openalex.org/W4230896915
https://openalex.org/W4230998074
https://openalex.org/W4231025064
https://openalex.org/W4231038259
https://openalex.org/W4231130783
https://openalex.org/W4231149633
https://openalex.org/W4231273439
https://openalex.org/W4231333596
https://openalex.org/W4231353570
https://openalex.org/W4231410991
https://openalex.org/W4231599097
https://openalex.org/W4231662369
https://openalex.org/W4231663776
https://openalex.org/W4231733407
https://openalex.org/W4231820019
https://openalex.org/W4231828564
https://openalex.org/W4231837601
https://openalex.org/W4231853845
https://openalex.org/W4231919213
https://openalex.org/W4231985270
https://openalex.org/W4232008007
https://openalex.org/W4232076250
https://openalex.org/W4232109530
https://openalex.org/W4232126010
https://openalex.org/W4232142689
https://openalex.org/W4232154064
https://openalex.org/W4232197632
https://openalex.org/W4232203345
https://openalex.org/W4232226987
https://openalex.org/W4232279415
https://openalex.org/W4232285549
https://openalex.org/W4232362017
https://openalex.org/W4232426780
https://openalex.org/W4232434778
https://openalex.org/W4232488434
https://openalex.org/W4232514587
https://openalex.org/W4232565489
https://openalex.org/W4232673622
https://openalex.org/W4232690913
https://openalex.org/W4232777391
https://openalex.org/W4232855091
https://openalex.org/W4232874001
https://openalex.org/W4232959971
https://openalex.org/W4233019942
https://openalex.org/W4233056360
https://openalex.org/W4233075280
https://openalex.org/W4233095342
https://openalex.org/W4233112802
https://openalex.org/W4233146899
https://openalex.org/W4233176963
https://openalex.org/W4233205543
https://openalex.org/W4233236727
https://openalex.org/W4233523536
https://openalex.org/W4233766113
https://openalex.org/W4233838225
https://openalex.org/W4233859022
https://openalex.org/W4234001472
https://openalex.org/W4234068262
https://openalex.org/W4234091674
https://openalex.org/W4234092892
https://openalex.org/W4234156099
https://openalex.org/W4234249864
https://openalex.org/W4234261313
https://openalex.org/W4234382128
https://openalex.org/W4234444542
https://openalex.org/W4234534855
https://openalex.org/W4234593158
https://openalex.org/W4234797130
https://openalex.org/W4234823181
https://openalex.org/W4234849164
https://openalex.org/W4234913039
https://openalex.org/W4234916938
https://openalex.org/W4234920183
https://openalex.org/W4234948593
https://openalex.org/W4235063397
https://openalex.org/W4235127563
https://openalex.org/W4235269620
https://openalex.org/W4235286312
https://openalex.org/W4235334665
https://openalex.org/W4235401833
https://openalex.org/W4235407279
https://openalex.org/W4235436461
https://openalex.org/W4235546131
https://openalex.org/W4235597202
https://openalex.org/W4235746415
https://openalex.org/W4235773099
https://openalex.org/W4235812530
https://openalex.org/W4235842337
https://openalex.org/W4236013132
https://openalex.org/W4236032058
https://openalex.org/W4236037311
https://openalex.org/W4236095594
https://openalex.org/W4236107100
https://openalex.org/W4236125927
https://openalex.org/W4236137941
https://openalex.org/W4236138143
https://openalex.org/W4236146444
https://openalex.org/W4236165744
https://openalex.org/W4236263618
https://openalex.org/W4236386852
https://openalex.org/W4236405728
https://openalex.org/W4236447860
https://openalex.org/W4236458725
https://openalex.org/W4236463503
https://openalex.org/W4236483123
https://openalex.org/W4236489164
https://openalex.org/W4236511239
https://openalex.org/W4236554321
https://openalex.org/W4236640291
https://openalex.org/W4236805338
https://openalex.org/W4236806223
https://openalex.org/W4236823140
https://openalex.org/W4236841999
https://openalex.org/W4237129988
https://openalex.org/W4237143458
https://openalex.org/W4237188293
https://openalex.org/W4237365122
https://openalex.org/W4237500282
https://openalex.org/W4237708665
https://openalex.org/W4237713968
https://openalex.org/W4237758416
https://openalex.org/W4237812742
https://openalex.org/W4237829422
https://openalex.org/W4237858365
https://openalex.org/W4237904144
https://openalex.org/W4237965233
https://openalex.org/W4238033526
https://openalex.org/W4238095194
https://openalex.org/W4238183961
https://openalex.org/W4238338609
https://openalex.org/W4238419757
https://openalex.org/W4238535251
https://openalex.org/W4238693963
https://openalex.org/W4238735018
https://openalex.org/W4238743557
https://openalex.org/W4238753959
https://openalex.org/W4238931707
https://openalex.org/W4238949587
https://openalex.org/W4238983129
https://openalex.org/W4239011598
https://openalex.org/W4239079892
https://openalex.org/W4239117196
https://openalex.org/W4239123633
https://openalex.org/W4239128931
https://openalex.org/W4239142763
https://openalex.org/W4239175516
https://openalex.org/W4239277320
https://openalex.org/W4239290158
https://openalex.org/W4239299925
https://openalex.org/W4239325054
https://openalex.org/W4239341507
https://openalex.org/W4239343454
https://openalex.org/W4239363387
https://openalex.org/W4239524688
https://openalex.org/W4239557750
https://openalex.org/W4239562119
https://openalex.org/W4239587214
https://openalex.org/W4239605506
https://openalex.org/W4239647312
https://openalex.org/W4239674820
https://openalex.org/W4239707058
https://openalex.org/W4239709160
https://openalex.org/W4239740772
https://openalex.org/W4239776411
https://openalex.org/W4239879026
https://openalex.org/W4239901147
https://openalex.org/W4240000046
https://openalex.org/W4240021337
https://openalex.org/W4240292983
https://openalex.org/W4240363965
https://openalex.org/W4240379075
https://openalex.org/W4240459161
https://openalex.org/W4240463792
https://openalex.org/W4240470268
https://openalex.org/W4240536949
https://openalex.org/W4240562763
https://openalex.org/W4240581055
https://openalex.org/W4240619421
https://openalex.org/W4240679170
https://openalex.org/W4240801245
https://openalex.org/W4240965539
https://openalex.org/W4240990601
https://openalex.org/W4241101117
https://openalex.org/W4241135640
https://openalex.org/W4241141303
https://openalex.org/W4241378860
https://openalex.org/W4241456432
https://openalex.org/W4241541321
https://openalex.org/W4241572917
https://openalex.org/W4241611649
https://openalex.org/W4241648734
https://openalex.org/W4241670002
https://openalex.org/W4241673063
https://openalex.org/W4241770803
https://openalex.org/W4241810766
https://openalex.org/W4241857981
https://openalex.org/W4241909078
https://openalex.org/W4242029902
https://openalex.org/W4242040045
https://openalex.org/W4242061793
https://openalex.org/W4242061813
https://openalex.org/W4242109125
https://openalex.org/W4242133756
https://openalex.org/W4242198748
https://openalex.org/W4242218516
https://openalex.org/W4242236706
https://openalex.org/W4242242529
https://openalex.org/W4242243017
https://openalex.org/W4242243067
https://openalex.org/W4242275921
https://openalex.org/W4242313921
https://openalex.org/W4242342811
https://openalex.org/W4242367893
https://openalex.org/W4242399421
https://openalex.org/W4242416894
https://openalex.org/W4242424581
https://openalex.org/W4242450746
https://openalex.org/W4242453268
https://openalex.org/W4242501629
https://openalex.org/W4242506068
https://openalex.org/W4242587792
https://openalex.org/W4242690226
https://openalex.org/W4242729180
https://openalex.org/W4242742160
https://openalex.org/W4242821858
https://openalex.org/W4242996948
https://openalex.org/W4243003910
https://openalex.org/W4243107132
https://openalex.org/W4243139251
https://openalex.org/W4243287500
https://openalex.org/W4243303600
https://openalex.org/W4243304741
https://openalex.org/W4243349236
https://openalex.org/W4243392920
https://openalex.org/W4243402439
https://openalex.org/W4243456282
https://openalex.org/W4243530087
https://openalex.org/W4243588352
https://openalex.org/W4243651338
https://openalex.org/W4243742147
https://openalex.org/W4243743814
https://openalex.org/W4243750545
https://openalex.org/W4243761841
https://openalex.org/W4243835814
https://openalex.org/W4243941220
https://openalex.org/W4243959473
https://openalex.org/W4244012563
https://openalex.org/W4244013276
https://openalex.org/W4244041780
https://openalex.org/W4244130903
https://openalex.org/W4244251740
https://openalex.org/W4244384929
https://openalex.org/W4244393468
https://openalex.org/W4244406363
https://openalex.org/W4244407921
https://openalex.org/W4244455838
https://openalex.org/W4244472783
https://openalex.org/W4244498477
https://openalex.org/W4244541596
https://openalex.org/W4244623698
https://openalex.org/W4244715619
https://openalex.org/W4244747736
https://openalex.org/W4244765166
https://openalex.org/W4244810747
https://openalex.org/W4244936109
https://openalex.org/W4244977148
https://openalex.org/W4245006099
https://openalex.org/W4245048648
https://openalex.org/W4245137846
https://openalex.org/W4245173126
https://openalex.org/W4245226780
https://openalex.org/W4245247553
https://openalex.org/W4245248412
https://openalex.org/W4245252309
https://openalex.org/W4245317124
https://openalex.org/W4245363226
https://openalex.org/W4245455424
https://openalex.org/W4245459165
https://openalex.org/W4245558802
https://openalex.org/W4245566339
https://openalex.org/W4245586465
https://openalex.org/W4245643274
https://openalex.org/W4245923479
https://openalex.org/W4246005515
https://openalex.org/W4246052341
https://openalex.org/W4246060997
https://openalex.org/W4246130757
https://openalex.org/W4246165781
https://openalex.org/W4246237753
https://openalex.org/W4246372995
https://openalex.org/W4246378322
https://openalex.org/W4246385678
https://openalex.org/W4246459535
https://openalex.org/W4246508854
https://openalex.org/W4246590667
https://openalex.org/W4246650932
https://openalex.org/W4246670363
https://openalex.org/W4246776643
https://openalex.org/W4246828247
https://openalex.org/W4246837207
https://openalex.org/W4246974429
https://openalex.org/W4246979664
https://openalex.org/W4247055875
https://openalex.org/W4247066358
https://openalex.org/W4247210224
https://openalex.org/W4247316730
https://openalex.org/W4247364924
https://openalex.org/W4247394870
https://openalex.org/W4247475195
https://openalex.org/W4247481918
https://openalex.org/W4247687300
https://openalex.org/W4247700862
https://openalex.org/W4247729298
https://openalex.org/W4247777830
https://openalex.org/W4247816573
https://openalex.org/W4247833392
https://openalex.org/W4247838366
https://openalex.org/W4247838826
https://openalex.org/W4247896632
https://openalex.org/W4247931260
https://openalex.org/W4248097232
https://openalex.org/W4248133343
https://openalex.org/W4248228613
https://openalex.org/W4248231679
https://openalex.org/W4248244748
https://openalex.org/W4248248743
https://openalex.org/W4248299531
https://openalex.org/W4248395639
https://openalex.org/W4248511626
https://openalex.org/W4248540073
https://openalex.org/W4248579412
https://openalex.org/W4248622794
https://openalex.org/W4248625785
https://openalex.org/W4248791203
https://openalex.org/W4248904925
https://openalex.org/W4248927178
https://openalex.org/W4248928485
https://openalex.org/W4248933497
https://openalex.org/W4248935072
https://openalex.org/W4248993402
https://openalex.org/W4249097330
https://openalex.org/W4249157403
https://openalex.org/W4249166138
https://openalex.org/W4249172731
https://openalex.org/W4249199587
https://openalex.org/W4249205497
https://openalex.org/W4249256375
https://openalex.org/W4249307097
https://openalex.org/W4249333131
https://openalex.org/W4249371145
https://openalex.org/W4249467337
https://openalex.org/W4249485863
https://openalex.org/W4249648933
https://openalex.org/W4249653952
https://openalex.org/W4249659129
https://openalex.org/W4249884659
https://openalex.org/W4250006110
https://openalex.org/W4250019809
https://openalex.org/W4250024644
https://openalex.org/W4250086487
https://openalex.org/W4250154773
https://openalex.org/W4250218444
https://openalex.org/W4250242719
https://openalex.org/W4250276417
https://openalex.org/W4250497616
https://openalex.org/W4250538909
https://openalex.org/W4250623459
https://openalex.org/W4250637358
https://openalex.org/W4250754164
https://openalex.org/W4250802089
https://openalex.org/W4250811172
https://openalex.org/W4250866626
https://openalex.org/W4250975160
https://openalex.org/W4250998276
https://openalex.org/W4251090783
https://openalex.org/W4251125605
https://openalex.org/W4251163376
https://openalex.org/W4251170886
https://openalex.org/W4251177986
https://openalex.org/W4251398877
https://openalex.org/W4251406571
https://openalex.org/W4251425666
https://openalex.org/W4251448797
https://openalex.org/W4251478701
https://openalex.org/W4251517229
https://openalex.org/W4251526340
https://openalex.org/W4251590214
https://openalex.org/W4251719193
https://openalex.org/W4251746492
https://openalex.org/W4251771647
https://openalex.org/W4251834472
https://openalex.org/W4251838522
https://openalex.org/W4251859930
https://openalex.org/W4251860527
https://openalex.org/W4251863580
https://openalex.org/W4252023303
https://openalex.org/W4252065670
https://openalex.org/W4252067972
https://openalex.org/W4252077161
https://openalex.org/W4252153419
https://openalex.org/W4252169714
https://openalex.org/W4252184771
https://openalex.org/W4252215575
https://openalex.org/W4252455979
https://openalex.org/W4252487241
https://openalex.org/W4252508417
https://openalex.org/W4252546444
https://openalex.org/W4252550734
https://openalex.org/W4252712975
https://openalex.org/W4252767211
https://openalex.org/W4252859704
https://openalex.org/W4252903091
https://openalex.org/W4252917614
https://openalex.org/W4252982260
https://openalex.org/W4253022005
https://openalex.org/W4253046949
https://openalex.org/W4253050184
https://openalex.org/W4253356646
https://openalex.org/W4253358341
https://openalex.org/W4253424518
https://openalex.org/W4253482267
https://openalex.org/W4253484047
https://openalex.org/W4253512669
https://openalex.org/W4253520481
https://openalex.org/W4253536189
https://openalex.org/W4253558414
https://openalex.org/W4253631606
https://openalex.org/W4253713474
https://openalex.org/W4253790766
https://openalex.org/W4253792281
https://openalex.org/W4253810338
https://openalex.org/W4253845362
https://openalex.org/W4253911874
https://openalex.org/W4253991723
https://openalex.org/W4254038982
https://openalex.org/W4254119137
https://openalex.org/W4254169528
https://openalex.org/W4254172678
https://openalex.org/W4254328182
https://openalex.org/W4254454890
https://openalex.org/W4254598933
https://openalex.org/W4254686598
https://openalex.org/W4254730062
https://openalex.org/W4254825716
https://openalex.org/W4254878101
https://openalex.org/W4254937357
https://openalex.org/W4254937914
https://openalex.org/W4255159875
https://openalex.org/W4255188102
https://openalex.org/W4255191262
https://openalex.org/W4255211189
https://openalex.org/W4255245718
https://openalex.org/W4255317084
https://openalex.org/W4255328562
https://openalex.org/W4255358034
https://openalex.org/W4255410296
https://openalex.org/W4255488086
https://openalex.org/W4255511273
https://openalex.org/W4255541068
https://openalex.org/W4255630275
https://openalex.org/W4255678350
https://openalex.org/W4255717700
https://openalex.org/W4255737039
https://openalex.org/W4255811704
https://openalex.org/W4255816689
https://openalex.org/W4255912852
https://openalex.org/W4256011018
https://openalex.org/W4256027846
https://openalex.org/W4256073921
https://openalex.org/W4256103593
https://openalex.org/W4256109478
https://openalex.org/W4256157069
https://openalex.org/W4256232537
https://openalex.org/W4256234825
https://openalex.org/W4256340880
https://openalex.org/W4256517177
https://openalex.org/W4256549005
https://openalex.org/W4256637132
https://openalex.org/W4256732054
https://openalex.org/W4280493429
https://openalex.org/W4280496757
https://openalex.org/W4280522589
https://openalex.org/W4280529458
https://openalex.org/W4280605754
https://openalex.org/W4280628264
https://openalex.org/W4280633024
https://openalex.org/W4281618772
https://openalex.org/W4281647569
https://openalex.org/W4281655258
https://openalex.org/W4281718606
https://openalex.org/W4281854208
https://openalex.org/W4281974191
https://openalex.org/W4282054045
https://openalex.org/W4282923057
https://openalex.org/W4282963473
https://openalex.org/W4282983172
https://openalex.org/W4283257299
https://openalex.org/W4283263735
https://openalex.org/W4283739161
https://openalex.org/W4285102353
https://openalex.org/W4285110016
https://openalex.org/W4285133859
https://openalex.org/W4285136939
https://openalex.org/W4285180219
https://openalex.org/W4285206521
https://openalex.org/W4285218902
https://openalex.org/W4285221519
https://openalex.org/W4285251214
https://openalex.org/W4285252308
https://openalex.org/W4285319812
https://openalex.org/W4285504883
https://openalex.org/W4285546360
https://openalex.org/W4285595108
https://openalex.org/W4285678258
https://openalex.org/W4285717022
https://openalex.org/W4285813538
https://openalex.org/W4285820255
https://openalex.org/W4285823354
https://openalex.org/W4286295750
https://openalex.org/W4286354419
https://openalex.org/W4286357214
https://openalex.org/W4286357246
https://openalex.org/W4286357396
https://openalex.org/W4286357431
https://openalex.org/W4286357549
https://openalex.org/W4286357581
https://openalex.org/W4286357589
https://openalex.org/W4286374785
https://openalex.org/W4286376965
https://openalex.org/W4286470822
https://openalex.org/W4286685560
https://openalex.org/W4286717174
https://openalex.org/W4286854694
https://openalex.org/W4286856675
https://openalex.org/W4287678449
https://openalex.org/W4289785347
https://openalex.org/W4289868004
https://openalex.org/W4290769506
https://openalex.org/W4290865236
https://openalex.org/W4290865591
https://openalex.org/W4290928347
https://openalex.org/W4290940016
https://openalex.org/W4291156838
https://openalex.org/W4291493951
https://openalex.org/W4292014016
https://openalex.org/W4292250221
https://openalex.org/W4292511187
https://openalex.org/W4292537252
https://openalex.org/W4292622147
https://openalex.org/W4292641072
https://openalex.org/W4292752479
https://openalex.org/W4292755782
https://openalex.org/W4292774877
https://openalex.org/W4292838587
https://openalex.org/W429287074
https://openalex.org/W4293115816
https://openalex.org/W4293117824
https://openalex.org/W4293144200
https://openalex.org/W4293145971
https://openalex.org/W4293146043
https://openalex.org/W4293146700
https://openalex.org/W4293147030
https://openalex.org/W4293147071
https://openalex.org/W4293147090
https://openalex.org/W4293147169
https://openalex.org/W4293147428
https://openalex.org/W4293171590
https://openalex.org/W4293172942
https://openalex.org/W4293193015
https://openalex.org/W4293205378
https://openalex.org/W4293210808
https://openalex.org/W4293211141
https://openalex.org/W4293235229
https://openalex.org/W4293253056
https://openalex.org/W4293258743
https://openalex.org/W4293319572
https://openalex.org/W4293319788
https://openalex.org/W4293701387
https://openalex.org/W4294219239
https://openalex.org/W4294243554
https://openalex.org/W4294618593
https://openalex.org/W4295682195
https://openalex.org/W4295833887
https://openalex.org/W4295957179
https://openalex.org/W4296042320
https://openalex.org/W4297412216
https://openalex.org/W4297620328
https://openalex.org/W4297737337
https://openalex.org/W4297813477
https://openalex.org/W4297818141
https://openalex.org/W4297918314
https://openalex.org/W4297933041
https://openalex.org/W4298071920
https://openalex.org/W4298227832
https://openalex.org/W4298241081
https://openalex.org/W4298279484
https://openalex.org/W4298400544
https://openalex.org/W4298951727
https://openalex.org/W4299159653
https://openalex.org/W4299405841
https://openalex.org/W4299865906
https://openalex.org/W4299934338
https://openalex.org/W4300003400
https://openalex.org/W4300170290
https://openalex.org/W4300303817
https://openalex.org/W4300339775
https://openalex.org/W4300383193
https://openalex.org/W4300515521
https://openalex.org/W4300535996
https://openalex.org/W4300566623
https://openalex.org/W4300609186
https://openalex.org/W4300765706
https://openalex.org/W4300819172
https://openalex.org/W4300828347
https://openalex.org/W4301221840
https://openalex.org/W4301399048
https://openalex.org/W4301421644
https://openalex.org/W4301431092
https://openalex.org/W4301495269
https://openalex.org/W4301525879
https://openalex.org/W4301793144
https://openalex.org/W4301807297
https://openalex.org/W4302069149
https://openalex.org/W4302202441
https://openalex.org/W4302287283
https://openalex.org/W4302304932
https://openalex.org/W4302393981
https://openalex.org/W4302566972
https://openalex.org/W4302780852
https://openalex.org/W4302802730
https://openalex.org/W4303437237
https://openalex.org/W4304116001
https://openalex.org/W4304140535
https://openalex.org/W4304195768
https://openalex.org/W4304608492
https://openalex.org/W4306657393
https://openalex.org/W4306661059
https://openalex.org/W4306734402
https://openalex.org/W4306750724
https://openalex.org/W4306804774
https://openalex.org/W4306889152
https://openalex.org/W4306918351
https://openalex.org/W4307482750
https://openalex.org/W4307698505
https://openalex.org/W4307881131
https://openalex.org/W4307940205
https://openalex.org/W4308178654
https://openalex.org/W4308198294
https://openalex.org/W4308460710
https://openalex.org/W4308772654
https://openalex.org/W4308805579
https://openalex.org/W4308893652
https://openalex.org/W4308914454
https://openalex.org/W4308971201
https://openalex.org/W4309148362
https://openalex.org/W4309153307
https://openalex.org/W4309563895
https://openalex.org/W4310112171
https://openalex.org/W4310456576
https://openalex.org/W4310834154
https://openalex.org/W4310958462
https://openalex.org/W4311122551
https://openalex.org/W4311282228
https://openalex.org/W4311334931
https://openalex.org/W4311364173
https://openalex.org/W4311668485
https://openalex.org/W4311759602
https://openalex.org/W4311839967
https://openalex.org/W4311864850
https://openalex.org/W4311880899
https://openalex.org/W4311923746
https://openalex.org/W4312012134
https://openalex.org/W4312036823
https://openalex.org/W4312039765
https://openalex.org/W4312193009
https://openalex.org/W4312198929
https://openalex.org/W4312372160
https://openalex.org/W4312372715
https://openalex.org/W4312397371
https://openalex.org/W4312634012
https://openalex.org/W4312658184
https://openalex.org/W4312870850
https://openalex.org/W4312871936
https://openalex.org/W4312886578
https://openalex.org/W4312899433
https://openalex.org/W4312946335
https://openalex.org/W4312973237
https://openalex.org/W4313054192
https://openalex.org/W4313055194
https://openalex.org/W4313125188
https://openalex.org/W4313128110
https://openalex.org/W4313135153
https://openalex.org/W4313280089
https://openalex.org/W4313384828
https://openalex.org/W4313397226
https://openalex.org/W4313650298
https://openalex.org/W4313706879
https://openalex.org/W4315498566
https://openalex.org/W4315572277
https://openalex.org/W4315646292
https://openalex.org/W4315783480
https://openalex.org/W4316464837
https://openalex.org/W4317464056
https://openalex.org/W4317470149
https://openalex.org/W4317655762
https://openalex.org/W4317708400
https://openalex.org/W4318253710
https://openalex.org/W4318570899
https://openalex.org/W4318776906
https://openalex.org/W4318952620
https://openalex.org/W4318952625
https://openalex.org/W4319333341
https://openalex.org/W4319437045
https://openalex.org/W4319653577
https://openalex.org/W4319827015
https://openalex.org/W4319863553
https://openalex.org/W4319915913
https://openalex.org/W4319915957
https://openalex.org/W4319924999
https://openalex.org/W4319990100
https://openalex.org/W4319996974
https://openalex.org/W4320000613
https://openalex.org/W4320856471
https://openalex.org/W4321105090
https://openalex.org/W4321164794
https://openalex.org/W4321371632
https://openalex.org/W4321378974
https://openalex.org/W4321382222
https://openalex.org/W4321384119
https://openalex.org/W4321481120
https://openalex.org/W4321481839
https://openalex.org/W4321482654
https://openalex.org/W4321487005
https://openalex.org/W4321487816
https://openalex.org/W4321504966
https://openalex.org/W4321512526
https://openalex.org/W4321512742
https://openalex.org/W4321995465
https://openalex.org/W4322502368
https://openalex.org/W4322622819
https://openalex.org/W4322720388
https://openalex.org/W4322745262
https://openalex.org/W4322767801
https://openalex.org/W4323308153
https://openalex.org/W4323353305
https://openalex.org/W4323569757
https://openalex.org/W4323659804
https://openalex.org/W4323671199
https://openalex.org/W4324026356
https://openalex.org/W4324122181
https://openalex.org/W4324266074
https://openalex.org/W4327573641
https://openalex.org/W4327639514
https://openalex.org/W4327647718
https://openalex.org/W4327694222
https://openalex.org/W4327862372
https://openalex.org/W4328008902
https://openalex.org/W4328049178
https://openalex.org/W4328049460
https://openalex.org/W432995452
https://openalex.org/W4353062781
https://openalex.org/W43577055
https://openalex.org/W4360835218
https://openalex.org/W4360951770
https://openalex.org/W4360981117
https://openalex.org/W4361006747
https://openalex.org/W4361192999
https://openalex.org/W4361193607
https://openalex.org/W4361209222
https://openalex.org/W4361285533
https://openalex.org/W4361301719
https://openalex.org/W436160375
https://openalex.org/W4361880813
https://openalex.org/W4361881085
https://openalex.org/W4361881974
https://openalex.org/W4361882042
https://openalex.org/W4361882046
https://openalex.org/W4361882049
https://openalex.org/W4361882059
https://openalex.org/W4361882149
https://openalex.org/W4361882160
https://openalex.org/W4361882162
https://openalex.org/W4361882206
https://openalex.org/W4361890375
https://openalex.org/W4361904330
https://openalex.org/W4361904364
https://openalex.org/W4361904372
https://openalex.org/W4361904390
https://openalex.org/W4361904396
https://openalex.org/W4361904398
https://openalex.org/W4361904534
https://openalex.org/W4361904547
https://openalex.org/W4361904548
https://openalex.org/W4361939308
https://openalex.org/W4361939445
https://openalex.org/W4361939456
https://openalex.org/W4361939461
https://openalex.org/W4361939484
https://openalex.org/W4361940872
https://openalex.org/W4361940927
https://openalex.org/W4361940949
https://openalex.org/W4361940950
https://openalex.org/W4361940973
https://openalex.org/W4361941083
https://openalex.org/W4361941423
https://openalex.org/W4361942027
https://openalex.org/W4361942247
https://openalex.org/W4361944033
https://openalex.org/W4361947412
https://openalex.org/W4361948302
https://openalex.org/W4361949335
https://openalex.org/W4361950393
https://openalex.org/W4361954354
https://openalex.org/W4361954679
https://openalex.org/W4361954693
https://openalex.org/W4361954694
https://openalex.org/W4361955992
https://openalex.org/W4361961194
https://openalex.org/W4361971626
https://openalex.org/W4361976227
https://openalex.org/W4362410909
https://openalex.org/W4362412952
https://openalex.org/W4362413349
https://openalex.org/W4362413378
https://openalex.org/W4362413562
https://openalex.org/W4362413563
https://openalex.org/W4362413569
https://openalex.org/W4362416643
https://openalex.org/W4362417884
https://openalex.org/W4362426446
https://openalex.org/W4362426466
https://openalex.org/W4362426556
https://openalex.org/W4362432489
https://openalex.org/W4362456954
https://openalex.org/W4362523664
https://openalex.org/W4362527081
https://openalex.org/W4362543835
https://openalex.org/W4362586418
https://openalex.org/W4362594750
https://openalex.org/W4362599854
https://openalex.org/W4362622254
https://openalex.org/W4362672447
https://openalex.org/W4362677592
https://openalex.org/W4362694562
https://openalex.org/W4362725953
https://openalex.org/W4362727161
https://openalex.org/W4363675227
https://openalex.org/W4364353139
https://openalex.org/W4364383168
https://openalex.org/W4364861255
https://openalex.org/W4365792059
https://openalex.org/W4366246039
https://openalex.org/W4366279568
https://openalex.org/W4366388458
https://openalex.org/W4366503843
https://openalex.org/W4366743036
https://openalex.org/W4366772618
https://openalex.org/W4366827071
https://openalex.org/W4366831255
https://openalex.org/W4367043012
https://openalex.org/W4367051719
https://openalex.org/W4367057492
https://openalex.org/W4367317520
https://openalex.org/W4367319012
https://openalex.org/W4367550446
https://openalex.org/W4367669629
https://openalex.org/W4372294818
https://openalex.org/W4372320148
https://openalex.org/W4372342543
https://openalex.org/W4376226315
https://openalex.org/W4376613677
https://openalex.org/W4377046780
https://openalex.org/W4377087914
https://openalex.org/W4377139088
https://openalex.org/W4377705842
https://openalex.org/W4377967999
https://openalex.org/W4378086691
https://openalex.org/W4378086945
https://openalex.org/W4378516583
https://openalex.org/W4378675630
https://openalex.org/W4378746022
https://openalex.org/W4378903704
https://openalex.org/W4378974830
https://openalex.org/W4379056426
https://openalex.org/W4379116679
https://openalex.org/W4379143894
https://openalex.org/W4379208387
https://openalex.org/W4379210472
https://openalex.org/W4379261002
https://openalex.org/W4379375594
https://openalex.org/W4379471262
https://openalex.org/W4379473258
https://openalex.org/W4379508797
https://openalex.org/W4379514149
https://openalex.org/W4379538039
https://openalex.org/W4379648321
https://openalex.org/W4379649378
https://openalex.org/W4379769431
https://openalex.org/W4379792058
https://openalex.org/W4379981731
https://openalex.org/W4379984357
https://openalex.org/W4380028187
https://openalex.org/W4380193359
https://openalex.org/W4380201948
https://openalex.org/W4380537929
https://openalex.org/W4380563953
https://openalex.org/W4380625010
https://openalex.org/W4380742590
https://openalex.org/W4380872559
https://openalex.org/W4380881835
https://openalex.org/W4380883916
https://openalex.org/W4380885862
https://openalex.org/W4380989862
https://openalex.org/W4380997062
https://openalex.org/W4381199102
https://openalex.org/W4381232918
https://openalex.org/W4381298448
https://openalex.org/W4381469914
https://openalex.org/W4381742455
https://openalex.org/W4381838344
https://openalex.org/W4381853676
https://openalex.org/W4381996513
https://openalex.org/W4382010767
https://openalex.org/W4382044756
https://openalex.org/W4382049251
https://openalex.org/W4382134107
https://openalex.org/W4382195914
https://openalex.org/W4382344413
https://openalex.org/W4382361987
https://openalex.org/W4382393568
https://openalex.org/W4382400372
https://openalex.org/W4382540518
https://openalex.org/W4382600889
https://openalex.org/W4382723331
https://openalex.org/W4382799257
https://openalex.org/W4382930628
https://openalex.org/W4382932071
https://openalex.org/W4382932738
https://openalex.org/W4382932965
https://openalex.org/W4382933929
https://openalex.org/W4383058854
https://openalex.org/W4383065351
https://openalex.org/W4383069963
https://openalex.org/W4383108315
https://openalex.org/W4383227312
https://openalex.org/W4383314526
https://openalex.org/W4383874626
https://openalex.org/W4383875423
https://openalex.org/W4384120847
https://openalex.org/W4384502119
https://openalex.org/W4384557639
https://openalex.org/W4384946856
https://openalex.org/W4385068684
https://openalex.org/W4385189655
https://openalex.org/W4385202353
https://openalex.org/W4385225800
https://openalex.org/W4385258550
https://openalex.org/W4385266356
https://openalex.org/W4385276569
https://openalex.org/W4385277472
https://openalex.org/W4385330791
https://openalex.org/W4385374131
https://openalex.org/W4385386110
https://openalex.org/W4385389253
https://openalex.org/W4385428536
https://openalex.org/W4385477188
https://openalex.org/W4385480993
https://openalex.org/W4385487634
https://openalex.org/W4385514123
https://openalex.org/W4385552495
https://openalex.org/W4385552971
https://openalex.org/W4385554412
https://openalex.org/W4385576655
https://openalex.org/W4385576982
https://openalex.org/W4385612528
https://openalex.org/W4385618643
https://openalex.org/W4385656080
https://openalex.org/W4385754627
https://openalex.org/W4385758260
https://openalex.org/W4385783219
https://openalex.org/W4385812751
https://openalex.org/W4385827470
https://openalex.org/W4385829531
https://openalex.org/W4385951633
https://openalex.org/W4385971983
https://openalex.org/W4385974089
https://openalex.org/W4385978351
https://openalex.org/W4385992709
https://openalex.org/W4385993388
https://openalex.org/W4385996341
https://openalex.org/W4385999554
https://openalex.org/W4386024117
https://openalex.org/W4386036562
https://openalex.org/W4386089624
https://openalex.org/W4386114073
https://openalex.org/W4386121397
https://openalex.org/W4386151541
https://openalex.org/W4386152576
https://openalex.org/W4386158625
https://openalex.org/W4386171367
https://openalex.org/W4386185320
https://openalex.org/W4386253321
https://openalex.org/W4386268620
https://openalex.org/W4386279217
https://openalex.org/W4386323384
https://openalex.org/W4386332767
https://openalex.org/W4386356131
https://openalex.org/W4386418717
https://openalex.org/W4386442274
https://openalex.org/W4386479370
https://openalex.org/W4386479795
https://openalex.org/W4386503622
https://openalex.org/W4386512040
https://openalex.org/W4386541133
https://openalex.org/W4386557709
https://openalex.org/W4386566546
https://openalex.org/W4386593822
https://openalex.org/W4386615391
https://openalex.org/W4386623543
https://openalex.org/W4386624547
https://openalex.org/W4386708031
https://openalex.org/W4386744159
https://openalex.org/W4386753749
https://openalex.org/W4386765205
https://openalex.org/W4386794881
https://openalex.org/W4386841728
https://openalex.org/W4386865545
https://openalex.org/W4386880698
https://openalex.org/W4386908102
https://openalex.org/W4386934849
https://openalex.org/W4386939400
https://openalex.org/W4386944251
https://openalex.org/W4386947100
https://openalex.org/W4386947196
https://openalex.org/W4386953912
https://openalex.org/W4386986654
https://openalex.org/W4386989100
https://openalex.org/W4386998311
https://openalex.org/W4387001526
https://openalex.org/W49680653
https://openalex.org/W56057117
https://openalex.org/W576382203
https://openalex.org/W580628377
https://openalex.org/W591722731
https://openalex.org/W598938714
https://openalex.org/W602326706
https://openalex.org/W604760928
https://openalex.org/W618979661
https://openalex.org/W629644212
https://openalex.org/W631345272
https://openalex.org/W63653734
https://openalex.org/W63934831
https://openalex.org/W64681465
https://openalex.org/W651057319
https://openalex.org/W66546949
https://openalex.org/W70793944
https://openalex.org/W74662401
https://openalex.org/W752261081
https://openalex.org/W7553820
https://openalex.org/W75752995
https://openalex.org/W75861654
https://openalex.org/W771505734
https://openalex.org/W77231878
https://openalex.org/W774335408
https://openalex.org/W785309094
https://openalex.org/W785445762
https://openalex.org/W787624107
https://openalex.org/W79396847
https://openalex.org/W803208305
https://openalex.org/W815665754
https://openalex.org/W841798849
https://openalex.org/W851057664
https://openalex.org/W949634598
https://openalex.org/W96141648
https://openalex.org/W971752769
https://openalex.org/W975694012
https://openalex.org/W976081621
https://openalex.org/W988015885
https://openalex.org/W99479833
https://openalex.org/W2078056963
https://openalex.org/W2106115875
https://openalex.org/W2049700891
https://openalex.org/W2065799563
https://openalex.org/W1977685900
https://openalex.org/W2052523483
https://openalex.org/W1973413082
https://openalex.org/W1981197560
https://openalex.org/W2066388407
https://openalex.org/W2469223980
https://openalex.org/W1949632792
https://openalex.org/W1483932465
https://openalex.org/W2081729133
https://openalex.org/W2159638567
https://openalex.org/W1620364639
https://openalex.org/W2020166810
https://openalex.org/W2118017182
https://openalex.org/W2130737558
https://openalex.org/W2129069292
https://openalex.org/W1985842788
https://openalex.org/W2113530710
https://openalex.org/W2126376889
https://openalex.org/W2027935874
https://openalex.org/W2944245644
https://openalex.org/W2011690214
https://openalex.org/W2155639426
https://openalex.org/W2158879960
https://openalex.org/W2145668416
https://openalex.org/W2136379419
https://openalex.org/W1763659965
https://openalex.org/W2008628868
https://openalex.org/W1976176203
https://openalex.org/W2153222062
https://openalex.org/W1978651681
https://openalex.org/W2088215815
https://openalex.org/W2607948634
https://openalex.org/W4225246927
https://openalex.org/W1971584001
https://openalex.org/W2015532290
https://openalex.org/W1990771642
https://openalex.org/W2023857290
https://openalex.org/W2042982960
https://openalex.org/W1984477435
https://openalex.org/W2911685613
https://openalex.org/W2031000099
https://openalex.org/W2889190248
https://openalex.org/W2061884526
https://openalex.org/W2110719003
https://openalex.org/W2148729457
https://openalex.org/W2038475449
https://openalex.org/W4243491897
https://openalex.org/W2048107295
https://openalex.org/W2757714830
https://openalex.org/W2086079901
https://openalex.org/W2027742580
https://openalex.org/W1969723726
https://openalex.org/W2019605110
https://openalex.org/W1985755506
https://openalex.org/W2127328679
https://openalex.org/W2161771158
https://openalex.org/W2018416379
https://openalex.org/W2014801744
https://openalex.org/W2903435154
https://openalex.org/W2046328332
https://openalex.org/W1926959933
https://openalex.org/W1963864282
https://openalex.org/W2046388904
https://openalex.org/W2127569080
https://openalex.org/W1972284414
https://openalex.org/W2057032201
https://openalex.org/W2093994237
https://openalex.org/W1986468286
https://openalex.org/W2029623074
https://openalex.org/W2148297062
https://openalex.org/W1523304533
https://openalex.org/W1516009011
https://openalex.org/W2081502106
https://openalex.org/W2613390253
https://openalex.org/W2149560669
https://openalex.org/W2966157239
https://openalex.org/W1978613554
https://openalex.org/W2088638468
https://openalex.org/W2141039410
https://openalex.org/W3029940169
https://openalex.org/W2172154992
https://openalex.org/W2065189819
https://openalex.org/W2115121809
https://openalex.org/W2044369439
https://openalex.org/W2144816526
https://openalex.org/W2015566375
https://openalex.org/W308117484
https://openalex.org/W1976422919
https://openalex.org/W2102705830
https://openalex.org/W2115804977
https://openalex.org/W2109050249
https://openalex.org/W1963765137
https://openalex.org/W2098182642
https://openalex.org/W2009040420
https://openalex.org/W2067273208
https://openalex.org/W2117570738
https://openalex.org/W1972932862
https://openalex.org/W2121606753
https://openalex.org/W2100581913
https://openalex.org/W2183657089
https://openalex.org/W2219497996
https://openalex.org/W1966299968
https://openalex.org/W2096319389
https://openalex.org/W2025299523
https://openalex.org/W2806122497
https://openalex.org/W2122924759
https://openalex.org/W2147709293
https://openalex.org/W2054169477
https://openalex.org/W2139286816
https://openalex.org/W2022705243
https://openalex.org/W2021956147
https://openalex.org/W1972094600
https://openalex.org/W1501738873
https://openalex.org/W2145412955
https://openalex.org/W2049714709
https://openalex.org/W2097391157
https://openalex.org/W2104065470
https://openalex.org/W2589945527
https://openalex.org/W2054816584
https://openalex.org/W2080833155
https://openalex.org/W2006511764
https://openalex.org/W1984220174
https://openalex.org/W2014693431
https://openalex.org/W3144886660
https://openalex.org/W2012860845
https://openalex.org/W2027625218
https://openalex.org/W1698462240
https://openalex.org/W2064773855
https://openalex.org/W2168495771
https://openalex.org/W2010480441
https://openalex.org/W2169599505
https://openalex.org/W2011364586
https://openalex.org/W2054493438
https://openalex.org/W2057748198
https://openalex.org/W2086978656
https://openalex.org/W2000556101
https://openalex.org/W2188312507
https://openalex.org/W2412632611
https://openalex.org/W1519352442
https://openalex.org/W2055600855
https://openalex.org/W2888578744
https://openalex.org/W2120633733
https://openalex.org/W1969609710
https://openalex.org/W2033294120
https://openalex.org/W2344649716
https://openalex.org/W2794351776
https://openalex.org/W2808054557
https://openalex.org/W2024892254
https://openalex.org/W2049676133
https://openalex.org/W2154363920
https://openalex.org/W1525877946
https://openalex.org/W1863961676
https://openalex.org/W2022058053
https://openalex.org/W2013873100
https://openalex.org/W2068694105
https://openalex.org/W2886282649
https://openalex.org/W1969270826
https://openalex.org/W2012587168
https://openalex.org/W2058390240
https://openalex.org/W1547112510
https://openalex.org/W1973951101
https://openalex.org/W2150834226
https://openalex.org/W1998704876
https://openalex.org/W2037600024
https://openalex.org/W2066863826
https://openalex.org/W2159418731
https://openalex.org/W3024848554
https://openalex.org/W2015599341
https://openalex.org/W2066198366
https://openalex.org/W2163409417
https://openalex.org/W1569106121
https://openalex.org/W2085474405
https://openalex.org/W2095027882
https://openalex.org/W2134382949
https://openalex.org/W2170593843
https://openalex.org/W2260473139
https://openalex.org/W1973311112
https://openalex.org/W2005464266
https://openalex.org/W2084821401
https://openalex.org/W2529083555
https://openalex.org/W1545846432
https://openalex.org/W2130307426
https://openalex.org/W2049808621
https://openalex.org/W2112296880
https://openalex.org/W2138029053
https://openalex.org/W2157787652
https://openalex.org/W2517687325
https://openalex.org/W2803656008
https://openalex.org/W1972654175
https://openalex.org/W1994514609
https://openalex.org/W2019463432
https://openalex.org/W1889956545
https://openalex.org/W2150477130
https://openalex.org/W1980809943
https://openalex.org/W2039400445
https://openalex.org/W2397061303
https://openalex.org/W4240497983
https://openalex.org/W2053645726
https://openalex.org/W2169781496
https://openalex.org/W96848786
https://openalex.org/W2055427321
https://openalex.org/W2299014346
https://openalex.org/W2808319729
https://openalex.org/W2138817111
https://openalex.org/W2145024899
https://openalex.org/W2150989851
https://openalex.org/W1519085449
https://openalex.org/W2114864550
https://openalex.org/W2897399596
https://openalex.org/W1573430129
https://openalex.org/W1974663221
https://openalex.org/W1990628555
https://openalex.org/W2012867369
https://openalex.org/W2119082362
https://openalex.org/W2139199445
https://openalex.org/W1996103101
https://openalex.org/W2008557196
https://openalex.org/W2043144818
https://openalex.org/W2066926330
https://openalex.org/W2117509142
https://openalex.org/W2064903476
https://openalex.org/W2127882613
https://openalex.org/W1964743951
https://openalex.org/W2056841084
https://openalex.org/W2060432205
https://openalex.org/W2064817789
https://openalex.org/W1986831414
https://openalex.org/W2009935476
https://openalex.org/W2096107132
https://openalex.org/W2261907316
https://openalex.org/W2510923285
https://openalex.org/W2955320019
https://openalex.org/W1645365681
https://openalex.org/W2019991949
https://openalex.org/W2101085407
https://openalex.org/W2912421284
https://openalex.org/W2022491296
https://openalex.org/W2041065379
https://openalex.org/W2080595136
https://openalex.org/W2081182445
https://openalex.org/W1967835236
https://openalex.org/W2109176256
https://openalex.org/W2117809853
https://openalex.org/W2539196118
https://openalex.org/W2600871520
https://openalex.org/W4243178088
https://openalex.org/W2041420277
https://openalex.org/W2044105424
https://openalex.org/W2154429701
https://openalex.org/W2530254347
https://openalex.org/W2908051890
https://openalex.org/W2069153910
https://openalex.org/W2094409681
https://openalex.org/W2121719751
https://openalex.org/W2149276150
https://openalex.org/W1971595852
https://openalex.org/W2017955219
https://openalex.org/W2041226196
https://openalex.org/W2087809601
https://openalex.org/W2549309609
https://openalex.org/W2893071984
https://openalex.org/W1546882548
https://openalex.org/W1977205334
https://openalex.org/W2004017362
https://openalex.org/W2029583949
https://openalex.org/W2075913154
https://openalex.org/W2091161919
https://openalex.org/W2122714818
https://openalex.org/W2805377061
https://openalex.org/W3003867301
https://openalex.org/W2034666592
https://openalex.org/W2099940931
https://openalex.org/W2565043716
https://openalex.org/W2081886961
https://openalex.org/W1519193588
https://openalex.org/W2056274814
https://openalex.org/W2169068584
https://openalex.org/W2018246719
https://openalex.org/W2053214552
https://openalex.org/W1965254399
https://openalex.org/W2048126945
https://openalex.org/W2917221242
https://openalex.org/W2106100778
https://openalex.org/W1513102582
https://openalex.org/W1631789494
https://openalex.org/W2050108458
https://openalex.org/W2113737776
https://openalex.org/W2137141532
https://openalex.org/W2444506362
https://openalex.org/W2903907833
https://openalex.org/W3086943394
https://openalex.org/W2039873011
https://openalex.org/W2070833400
https://openalex.org/W2117488694
https://openalex.org/W2137428110
https://openalex.org/W2419147724
https://openalex.org/W2006652279
https://openalex.org/W2023099642
https://openalex.org/W2122114053
https://openalex.org/W2002926951
https://openalex.org/W2047372124
https://openalex.org/W1863659756
https://openalex.org/W1968288124
https://openalex.org/W2044590947
https://openalex.org/W2092236370
https://openalex.org/W2517073520
https://openalex.org/W2588375385
https://openalex.org/W3089112821
https://openalex.org/W2033952130
https://openalex.org/W2115165537
https://openalex.org/W2127315544
https://openalex.org/W2165629846
https://openalex.org/W3092774262
https://openalex.org/W1827607756
https://openalex.org/W2003153093
https://openalex.org/W2022735428
https://openalex.org/W2758492463
https://openalex.org/W2781655503
https://openalex.org/W2014873288
https://openalex.org/W2161666919
https://openalex.org/W2290493731
https://openalex.org/W2395680518
https://openalex.org/W1982469690
https://openalex.org/W2143008782
https://openalex.org/W2163223478
https://openalex.org/W2165669334
https://openalex.org/W1997124209
https://openalex.org/W2022181056
https://openalex.org/W2066483887
https://openalex.org/W2075398292
https://openalex.org/W2204266547
https://openalex.org/W3080237557
https://openalex.org/W3121059150
https://openalex.org/W1594616107
https://openalex.org/W1987354351
https://openalex.org/W2018123181
https://openalex.org/W2058109421
https://openalex.org/W2133396677
https://openalex.org/W2529359635
https://openalex.org/W2998705282
https://openalex.org/W1522405831
https://openalex.org/W1986263566
https://openalex.org/W2102431406
https://openalex.org/W2105883922
https://openalex.org/W2134153768
https://openalex.org/W2901808061
https://openalex.org/W3093149076
https://openalex.org/W2016516475
https://openalex.org/W1999623692
https://openalex.org/W2012311304
https://openalex.org/W2014857603
https://openalex.org/W2020524875
https://openalex.org/W2043994358
https://openalex.org/W2050014042
https://openalex.org/W2085775536
https://openalex.org/W2127560679
https://openalex.org/W2144390151
https://openalex.org/W2163991391
https://openalex.org/W2252704369
https://openalex.org/W1966502193
https://openalex.org/W1971026238
https://openalex.org/W2014144604
https://openalex.org/W2050026707
https://openalex.org/W2462637981
https://openalex.org/W2888606687
https://openalex.org/W2046919826
https://openalex.org/W2050682973
https://openalex.org/W2068298188
https://openalex.org/W2072102506
https://openalex.org/W2085939434
https://openalex.org/W2735694209
https://openalex.org/W1981209964
https://openalex.org/W2025857570
https://openalex.org/W4242440453
https://openalex.org/W1971521321
https://openalex.org/W2033461113
https://openalex.org/W2056425366
https://openalex.org/W2077410177
https://openalex.org/W2805573998
https://openalex.org/W1595018362
https://openalex.org/W1885601830
https://openalex.org/W1987773708
https://openalex.org/W2037034096
https://openalex.org/W2094294960
https://openalex.org/W2406577156
https://openalex.org/W2626577233
https://openalex.org/W1621291577
https://openalex.org/W1989318679
https://openalex.org/W2073481205
https://openalex.org/W2796774007
https://openalex.org/W1985444904
https://openalex.org/W2026847300
https://openalex.org/W2042799372
https://openalex.org/W2072844995
https://openalex.org/W1966035212
https://openalex.org/W1976323780
https://openalex.org/W1984709057
https://openalex.org/W2030008500
https://openalex.org/W2037380103
https://openalex.org/W2037513247
https://openalex.org/W2135853118
https://openalex.org/W2155957894
https://openalex.org/W2297052521
https://openalex.org/W1916159193
https://openalex.org/W1968243914
https://openalex.org/W1968660853
https://openalex.org/W1992022014
https://openalex.org/W1998845693
https://openalex.org/W2018765590
https://openalex.org/W2060469321
https://openalex.org/W2066196533
https://openalex.org/W2076075765
https://openalex.org/W2163063917
https://openalex.org/W3006615925
https://openalex.org/W1673816403
https://openalex.org/W2030865344
https://openalex.org/W2048363524
https://openalex.org/W2104323429
https://openalex.org/W2213522766
https://openalex.org/W2767353242
https://openalex.org/W2002879009
https://openalex.org/W2016101196
https://openalex.org/W2020300872
https://openalex.org/W2026069886
https://openalex.org/W2034720752
https://openalex.org/W2075895881
https://openalex.org/W2100288639
https://openalex.org/W2155549752
https://openalex.org/W2168158821
https://openalex.org/W2419016743
https://openalex.org/W3120617366
https://openalex.org/W2000084820
https://openalex.org/W2006352823
https://openalex.org/W2016137981
https://openalex.org/W2026477507
https://openalex.org/W2034447711
https://openalex.org/W2041402908
https://openalex.org/W2060346073
https://openalex.org/W2883583771
https://openalex.org/W2907108229
https://openalex.org/W1550274293
https://openalex.org/W1970503911
https://openalex.org/W1972527717
https://openalex.org/W1987493702
https://openalex.org/W1990656554
https://openalex.org/W2012958196
https://openalex.org/W2029232446
https://openalex.org/W2039465881
https://openalex.org/W2072757882
https://openalex.org/W2085725035
https://openalex.org/W2114157174
https://openalex.org/W2138147803
https://openalex.org/W2167657369
https://openalex.org/W1786987151
https://openalex.org/W1972076726
https://openalex.org/W1975207842
https://openalex.org/W2014705969
https://openalex.org/W2034738190
https://openalex.org/W2043482366
https://openalex.org/W2046326875
https://openalex.org/W2054437045
https://openalex.org/W2073544756
https://openalex.org/W2092602079
https://openalex.org/W2756160868
https://openalex.org/W1966368426
https://openalex.org/W1996903923
https://openalex.org/W2007780502
https://openalex.org/W2012003250
https://openalex.org/W2025367887
https://openalex.org/W2026776173
https://openalex.org/W2057576870
https://openalex.org/W2097420216
https://openalex.org/W2131256380
https://openalex.org/W2778105173
https://openalex.org/W2955206410
https://openalex.org/W3108721092
https://openalex.org/W1979854147
https://openalex.org/W1979885018
https://openalex.org/W1999176054
https://openalex.org/W2019518498
https://openalex.org/W2028338187
https://openalex.org/W2030982345
https://openalex.org/W2056658756
https://openalex.org/W2072654660
https://openalex.org/W2091335224
https://openalex.org/W2164726552
https://openalex.org/W2166909514
https://openalex.org/W2309435150
https://openalex.org/W2315848075
https://openalex.org/W2804222754
https://openalex.org/W1974327314
https://openalex.org/W2030323808
https://openalex.org/W2047076054
https://openalex.org/W2060205585
https://openalex.org/W2060820904
https://openalex.org/W2081023512
https://openalex.org/W2089310985
https://openalex.org/W2335131022
https://openalex.org/W2551436709
https://openalex.org/W2896686707
https://openalex.org/W752955888
https://openalex.org/W1963626291
https://openalex.org/W1969037083
https://openalex.org/W1985891743
https://openalex.org/W2083262661
https://openalex.org/W2091586502
https://openalex.org/W2119550839
https://openalex.org/W2157534230
https://openalex.org/W2172280727
https://openalex.org/W2334749992
https://openalex.org/W2605277235
https://openalex.org/W2613630153
https://openalex.org/W2770680612
https://openalex.org/W2971333784
https://openalex.org/W2098425624
https://openalex.org/W2125917051
https://openalex.org/W2141836703
https://openalex.org/W2764081973
https://openalex.org/W2954005931
https://openalex.org/W1965595929
https://openalex.org/W1973051044
https://openalex.org/W1999372562
https://openalex.org/W2009363146
https://openalex.org/W2009904152
https://openalex.org/W2027534459
https://openalex.org/W2069595567
https://openalex.org/W2086206206
https://openalex.org/W2141478099
https://openalex.org/W2150372911
https://openalex.org/W2155891106
https://openalex.org/W2186568183
https://openalex.org/W2774391179
https://openalex.org/W2774865354
https://openalex.org/W2805197421
https://openalex.org/W2952084704
https://openalex.org/W1964566372
https://openalex.org/W1965366802
https://openalex.org/W2001380261
https://openalex.org/W2019800021
https://openalex.org/W2036348862
https://openalex.org/W2062634140
https://openalex.org/W2078435386
https://openalex.org/W2137293456
https://openalex.org/W2141607089
https://openalex.org/W2275648057
https://openalex.org/W2416642847
https://openalex.org/W2883762818
https://openalex.org/W2914575839
https://openalex.org/W104265064
https://openalex.org/W1965801617
https://openalex.org/W1992533551
https://openalex.org/W1997111804
https://openalex.org/W2008905721
https://openalex.org/W2012514086
https://openalex.org/W2016456128
https://openalex.org/W2021376921
https://openalex.org/W2030444807
https://openalex.org/W2043987260
https://openalex.org/W2046462178
https://openalex.org/W2058829783
https://openalex.org/W2067276086
https://openalex.org/W2069827333
https://openalex.org/W2072486337
https://openalex.org/W2078556244
https://openalex.org/W2146326458
https://openalex.org/W2172281725
https://openalex.org/W2237361299
https://openalex.org/W2531246579
https://openalex.org/W3134963002
https://openalex.org/W1744126110
https://openalex.org/W1980621106
https://openalex.org/W2094807578
https://openalex.org/W2149945930
https://openalex.org/W2155970421
https://openalex.org/W2159197357
https://openalex.org/W2170473367
https://openalex.org/W234330223
https://openalex.org/W2776400457
https://openalex.org/W2945745362
https://openalex.org/W1972511948
https://openalex.org/W1977667156
https://openalex.org/W2001793358
https://openalex.org/W2005365992
https://openalex.org/W2007435842
https://openalex.org/W2071573871
https://openalex.org/W2083300007
https://openalex.org/W2086054419
https://openalex.org/W2332751978
https://openalex.org/W2469699521
https://openalex.org/W2509821720
https://openalex.org/W2535075008
https://openalex.org/W1864819506
https://openalex.org/W1969425147
https://openalex.org/W1996477516
https://openalex.org/W2037441198
https://openalex.org/W2049083462
https://openalex.org/W2049307621
https://openalex.org/W2051852717
https://openalex.org/W2123742794
https://openalex.org/W2128886943
https://openalex.org/W2165866258
https://openalex.org/W2167832218
https://openalex.org/W2168345773
https://openalex.org/W2186078399
https://openalex.org/W2333877478
https://openalex.org/W2549966779
https://openalex.org/W2920446749
https://openalex.org/W2942879774
https://openalex.org/W3005344678
https://openalex.org/W1572315590
https://openalex.org/W1971318105
https://openalex.org/W1974887001
https://openalex.org/W2005882324
https://openalex.org/W2015445652
https://openalex.org/W2036034586
https://openalex.org/W2038926512
https://openalex.org/W2049824395
https://openalex.org/W2053069138
https://openalex.org/W2056716768
https://openalex.org/W2059974540
https://openalex.org/W2062353320
https://openalex.org/W2072829394
https://openalex.org/W2093306513
https://openalex.org/W2095607019
https://openalex.org/W2100076605
https://openalex.org/W2103066094
https://openalex.org/W2144427532
https://openalex.org/W2403241238
https://openalex.org/W2876423721
https://openalex.org/W1491177143
https://openalex.org/W1876730879
https://openalex.org/W1965452694
https://openalex.org/W1968687861
https://openalex.org/W1978127115
https://openalex.org/W1987469806
https://openalex.org/W2013124401
https://openalex.org/W2023698773
https://openalex.org/W2077172699
https://openalex.org/W2099764754
https://openalex.org/W2150891811
https://openalex.org/W2738329715
https://openalex.org/W2783468163
https://openalex.org/W2802334068
https://openalex.org/W3200055790
https://openalex.org/W1582933304
https://openalex.org/W1847914039
https://openalex.org/W1973238358
https://openalex.org/W1974784157
https://openalex.org/W1977227563
https://openalex.org/W2042924003
https://openalex.org/W2050133777
https://openalex.org/W2062967143
https://openalex.org/W2076143381
https://openalex.org/W2086249760
https://openalex.org/W2117179790
https://openalex.org/W2132376565
https://openalex.org/W2136293343
https://openalex.org/W2140291734
https://openalex.org/W2144230290
https://openalex.org/W2166029346
https://openalex.org/W2563121525
https://openalex.org/W2806880330
https://openalex.org/W1977087294
https://openalex.org/W1979035865
https://openalex.org/W1982822083
https://openalex.org/W2002869004
https://openalex.org/W2007721875
https://openalex.org/W2011349635
https://openalex.org/W2040363683
https://openalex.org/W2046108406
https://openalex.org/W2050106301
https://openalex.org/W2061781712
https://openalex.org/W2062173708
https://openalex.org/W2146668827
https://openalex.org/W2158093642
https://openalex.org/W2602247322
https://openalex.org/W2760524368
https://openalex.org/W2948260295
https://openalex.org/W1553292004
https://openalex.org/W1640191324
https://openalex.org/W1771113647
https://openalex.org/W1992454880
https://openalex.org/W2022644503
https://openalex.org/W2037518730
https://openalex.org/W2052295531
https://openalex.org/W2058681495
https://openalex.org/W2068226092
https://openalex.org/W2069804292
https://openalex.org/W2127489230
https://openalex.org/W2467880708
https://openalex.org/W2561810583
https://openalex.org/W2913751839
https://openalex.org/W2963720509
https://openalex.org/W3026634552
https://openalex.org/W1969751758
https://openalex.org/W1989513139
https://openalex.org/W1993702396
https://openalex.org/W1995599174
https://openalex.org/W2012129267
https://openalex.org/W2021604725
https://openalex.org/W2028183469
https://openalex.org/W2053760429
https://openalex.org/W2059563418
https://openalex.org/W2101665983
https://openalex.org/W2110104934
https://openalex.org/W2112720043
https://openalex.org/W2131027832
https://openalex.org/W2134273907
https://openalex.org/W2511549005
https://openalex.org/W2884068298
https://openalex.org/W1509621040
https://openalex.org/W1527976219
https://openalex.org/W167231253
https://openalex.org/W1826202479
https://openalex.org/W1970375585
https://openalex.org/W1999800269
https://openalex.org/W2064858398
https://openalex.org/W2066473371
https://openalex.org/W2068194965
https://openalex.org/W2083522293
https://openalex.org/W2098863350
https://openalex.org/W2157656278
https://openalex.org/W2159334407
https://openalex.org/W2167411879
https://openalex.org/W2304820539
https://openalex.org/W2482324123
https://openalex.org/W2559828851
https://openalex.org/W2762117896
https://openalex.org/W2971080356
https://openalex.org/W2971708231
https://openalex.org/W1963937889
https://openalex.org/W1979509504
https://openalex.org/W1982536011
https://openalex.org/W1992720715
https://openalex.org/W1998982435
https://openalex.org/W2032607862
https://openalex.org/W2035508444
https://openalex.org/W2040979097
https://openalex.org/W2046707792
https://openalex.org/W2066656078
https://openalex.org/W2068785081
https://openalex.org/W2077996022
https://openalex.org/W2095154850
https://openalex.org/W2102538669
https://openalex.org/W2489643980
https://openalex.org/W2557468331
https://openalex.org/W2946946473
https://openalex.org/W2952785685
https://openalex.org/W3034024860
https://openalex.org/W1552766214
https://openalex.org/W1574401863
https://openalex.org/W1592656096
https://openalex.org/W1972858815
https://openalex.org/W1974466791
https://openalex.org/W1991754201
https://openalex.org/W2047462007
https://openalex.org/W2048528619
https://openalex.org/W2050115752
https://openalex.org/W2055418209
https://openalex.org/W2075790722
https://openalex.org/W2076940385
https://openalex.org/W2077335457
https://openalex.org/W2086159698
https://openalex.org/W2093669484
https://openalex.org/W2094769132
https://openalex.org/W2096096265
https://openalex.org/W2143345019
https://openalex.org/W2157877623
https://openalex.org/W2318886758
https://openalex.org/W2565611523
https://openalex.org/W2574249169
https://openalex.org/W2610162368
https://openalex.org/W2739712020
https://openalex.org/W2765299618
https://openalex.org/W2801144463
https://openalex.org/W2898458828
https://openalex.org/W2901269259
https://openalex.org/W3147472871
https://openalex.org/W3161719345
https://openalex.org/W4250776648
https://openalex.org/W1517334976
https://openalex.org/W1965629589
https://openalex.org/W1967252150
https://openalex.org/W1976623623
https://openalex.org/W1988593479
https://openalex.org/W2000158055
https://openalex.org/W2005648854
https://openalex.org/W2055043574
https://openalex.org/W2061807636
https://openalex.org/W2063292708
https://openalex.org/W2073794673
https://openalex.org/W2084545431
https://openalex.org/W2095045807
https://openalex.org/W2101610247
https://openalex.org/W2102917730
https://openalex.org/W2115162204
https://openalex.org/W2171802335
https://openalex.org/W2172131480
https://openalex.org/W2416974060
https://openalex.org/W2571540213
https://openalex.org/W2622408769
https://openalex.org/W2915377912
https://openalex.org/W2941425958
https://openalex.org/W2947662683
https://openalex.org/W2989874905
https://openalex.org/W3212218265
https://openalex.org/W1815147785
https://openalex.org/W1974501830
https://openalex.org/W1983358883
https://openalex.org/W1985770916
https://openalex.org/W1986737605
https://openalex.org/W1990344127
https://openalex.org/W2013070152
https://openalex.org/W2014170700
https://openalex.org/W2022051344
https://openalex.org/W2024866625
https://openalex.org/W2032616204
https://openalex.org/W2033674174
https://openalex.org/W2036986918
https://openalex.org/W2041795310
https://openalex.org/W2097078399
https://openalex.org/W2099531762
https://openalex.org/W2131348608
https://openalex.org/W2163090385
https://openalex.org/W2414081864
https://openalex.org/W2766464115
https://openalex.org/W2791729246
https://openalex.org/W3089334084
https://openalex.org/W1126976477
https://openalex.org/W1514650508
https://openalex.org/W2030077140
https://openalex.org/W2036843218
https://openalex.org/W2038597194
https://openalex.org/W2048466965
https://openalex.org/W2070112485
https://openalex.org/W2087445262
https://openalex.org/W2091429830
https://openalex.org/W2114345441
https://openalex.org/W2163224993
https://openalex.org/W2338435075
https://openalex.org/W2583347850
https://openalex.org/W2613952896
https://openalex.org/W2739983728
https://openalex.org/W2922599593
https://openalex.org/W1561391854
https://openalex.org/W1968246783
https://openalex.org/W1982799774
https://openalex.org/W1983553087
https://openalex.org/W1988433152
https://openalex.org/W2003274971
https://openalex.org/W2009563713
https://openalex.org/W2012530107
https://openalex.org/W2013499878
https://openalex.org/W2050387066
https://openalex.org/W2069039175
https://openalex.org/W2115604499
https://openalex.org/W2149109097
https://openalex.org/W2150450578
https://openalex.org/W2171060697
https://openalex.org/W2339515735
https://openalex.org/W2768223673
https://openalex.org/W2907120575
https://openalex.org/W1615746176
https://openalex.org/W1969424287
https://openalex.org/W1982321785
https://openalex.org/W2010502534
https://openalex.org/W2019918490
https://openalex.org/W2024251471
https://openalex.org/W2063855714
https://openalex.org/W2070839261
https://openalex.org/W2077824607
https://openalex.org/W2078341340
https://openalex.org/W2084927330
https://openalex.org/W2085330980
https://openalex.org/W2086185523
https://openalex.org/W2115776347
https://openalex.org/W2164008445
https://openalex.org/W2165600142
https://openalex.org/W2327009095
https://openalex.org/W2635534825
https://openalex.org/W2919814969
https://openalex.org/W2943319748
https://openalex.org/W3180778926
https://openalex.org/W3201339760
https://openalex.org/W1969082106
https://openalex.org/W1974884309
https://openalex.org/W1991590101
https://openalex.org/W2008761833
https://openalex.org/W2011941442
https://openalex.org/W2013235890
https://openalex.org/W2036058744
https://openalex.org/W2047524402
https://openalex.org/W2060818620
https://openalex.org/W2062733846
https://openalex.org/W2072482513
https://openalex.org/W2083000755
https://openalex.org/W2096577983
https://openalex.org/W2124885006
https://openalex.org/W2126772692
https://openalex.org/W2141850493
https://openalex.org/W2318759489
https://openalex.org/W2942637465
https://openalex.org/W3018897307
https://openalex.org/W3135808890
https://openalex.org/W1493296545
https://openalex.org/W1515430115
https://openalex.org/W1919506961
https://openalex.org/W2000541109
https://openalex.org/W2004496057
https://openalex.org/W2017987853
https://openalex.org/W2029465472
https://openalex.org/W2031972550
https://openalex.org/W2032059197
https://openalex.org/W2050049006
https://openalex.org/W2056011457
https://openalex.org/W2069279771
https://openalex.org/W2098840211
https://openalex.org/W2111416044
https://openalex.org/W2139515761
https://openalex.org/W2152750174
https://openalex.org/W2159455349
https://openalex.org/W2170802421
https://openalex.org/W2280072502
https://openalex.org/W2470634803
https://openalex.org/W2588260312
https://openalex.org/W2945122606
https://openalex.org/W2949246477
https://openalex.org/W1486250436
https://openalex.org/W1529190644
https://openalex.org/W1580645918
https://openalex.org/W1663418944
https://openalex.org/W1800488422
https://openalex.org/W1967823183
https://openalex.org/W1973242688
https://openalex.org/W1993714499
https://openalex.org/W2012152921
https://openalex.org/W2014632804
https://openalex.org/W2030185620
https://openalex.org/W2035294149
https://openalex.org/W2037283414
https://openalex.org/W2043057011
https://openalex.org/W2051570790
https://openalex.org/W2089617333
https://openalex.org/W2100882298
https://openalex.org/W2111349517
https://openalex.org/W2115310183
https://openalex.org/W2159825649
https://openalex.org/W2232775164
https://openalex.org/W2281170767
https://openalex.org/W2328356765
https://openalex.org/W2344282173
https://openalex.org/W2411805430
https://openalex.org/W2618200575
https://openalex.org/W2766879793
https://openalex.org/W2772054447
https://openalex.org/W2972776690
https://openalex.org/W3095268452
https://openalex.org/W3114970284
https://openalex.org/W1122096186
https://openalex.org/W1593940291
https://openalex.org/W1941005949
https://openalex.org/W1971800618
https://openalex.org/W1994814773
https://openalex.org/W2019611281
https://openalex.org/W2021395719
https://openalex.org/W2023947399
https://openalex.org/W2038078409
https://openalex.org/W2055611637
https://openalex.org/W2057282459
https://openalex.org/W2064074083
https://openalex.org/W2066914133
https://openalex.org/W2075649359
https://openalex.org/W2094203741
https://openalex.org/W2094563430
https://openalex.org/W2160938642
https://openalex.org/W2169142404
https://openalex.org/W2472479074
https://openalex.org/W2564035682
https://openalex.org/W2600372273
https://openalex.org/W2889332072
https://openalex.org/W2993569278
https://openalex.org/W2995178825
https://openalex.org/W3000544759
https://openalex.org/W3011898954
https://openalex.org/W3041450218
https://openalex.org/W3116446032
https://openalex.org/W3173472261
https://openalex.org/W1525898732
https://openalex.org/W186842956
https://openalex.org/W1895530123
https://openalex.org/W1924532355
https://openalex.org/W1964138805
https://openalex.org/W1965179103
https://openalex.org/W1975729739
https://openalex.org/W1985346606
https://openalex.org/W2003108667
https://openalex.org/W2016036143
https://openalex.org/W2023425256
https://openalex.org/W2024167105
https://openalex.org/W2031755421
https://openalex.org/W2035713761
https://openalex.org/W2036469314
https://openalex.org/W2056615937
https://openalex.org/W2059133755
https://openalex.org/W2067940396
https://openalex.org/W2081574933
https://openalex.org/W2083834579
https://openalex.org/W2086749784
https://openalex.org/W2087926873
https://openalex.org/W2087994971
https://openalex.org/W2131713145
https://openalex.org/W2312582362
https://openalex.org/W2335580460
https://openalex.org/W2346637990
https://openalex.org/W2408865173
https://openalex.org/W2604318623
https://openalex.org/W2740880118
https://openalex.org/W2910083513
https://openalex.org/W3111642778
https://openalex.org/W3207052549
https://openalex.org/W4236154854
https://openalex.org/W1532085727
https://openalex.org/W1549235061
https://openalex.org/W1573953248
https://openalex.org/W1847077762
https://openalex.org/W1895932152
https://openalex.org/W1906858192
https://openalex.org/W1964069595
https://openalex.org/W1964789868
https://openalex.org/W1966259608
https://openalex.org/W1978063739
https://openalex.org/W1984498087
https://openalex.org/W2000973500
https://openalex.org/W2008850813
https://openalex.org/W2015699777
https://openalex.org/W2034654184
https://openalex.org/W2038886051
https://openalex.org/W2054015564
https://openalex.org/W2066787948
https://openalex.org/W2068318683
https://openalex.org/W2073437227
https://openalex.org/W2076583917
https://openalex.org/W2077040681
https://openalex.org/W2094114344
https://openalex.org/W2101489650
https://openalex.org/W2132500976
https://openalex.org/W2151349254
https://openalex.org/W2156833587
https://openalex.org/W2216033896
https://openalex.org/W2234265323
https://openalex.org/W2342064466
https://openalex.org/W2410949303
https://openalex.org/W2508058869
https://openalex.org/W2617282069
https://openalex.org/W2753209453
https://openalex.org/W2795324515
https://openalex.org/W2810496009
https://openalex.org/W2904796470
https://openalex.org/W3028257799
https://openalex.org/W3096398321
https://openalex.org/W3118050103
https://openalex.org/W3174835612
https://openalex.org/W3212512524
https://openalex.org/W1501431862
https://openalex.org/W1556030957
https://openalex.org/W1892244366
https://openalex.org/W1968744371
https://openalex.org/W1996655500
https://openalex.org/W2000903845
https://openalex.org/W2003341228
https://openalex.org/W2007149782
https://openalex.org/W2007160410
https://openalex.org/W2013395074
https://openalex.org/W2014784555
https://openalex.org/W2036202890
https://openalex.org/W2036760880
https://openalex.org/W2059508592
https://openalex.org/W2061760605
https://openalex.org/W2061795583
https://openalex.org/W2082642992
https://openalex.org/W2090298428
https://openalex.org/W2090452998
https://openalex.org/W2090458379
https://openalex.org/W2104613789
https://openalex.org/W2112811574
https://openalex.org/W2147656475
https://openalex.org/W2154295158
https://openalex.org/W2156096588
https://openalex.org/W2159351948
https://openalex.org/W2233250303
https://openalex.org/W2334166982
https://openalex.org/W2399444150
https://openalex.org/W2408819301
https://openalex.org/W2409699462
https://openalex.org/W2411128965
https://openalex.org/W2542012027
https://openalex.org/W2806559245
https://openalex.org/W2890951284
https://openalex.org/W2900526083
https://openalex.org/W2990813937
https://openalex.org/W3003296233
https://openalex.org/W3003402795
https://openalex.org/W43039662
https://openalex.org/W4324262376
https://openalex.org/W1944138885
https://openalex.org/W1966244231
https://openalex.org/W1981591104
https://openalex.org/W1985143912
https://openalex.org/W1989703387
https://openalex.org/W2000195273
https://openalex.org/W2002954402
https://openalex.org/W2006818319
https://openalex.org/W2007440329
https://openalex.org/W2016773392
https://openalex.org/W2022385494
https://openalex.org/W2033304851
https://openalex.org/W2036379645
https://openalex.org/W2052093489
https://openalex.org/W2071508756
https://openalex.org/W2074150563
https://openalex.org/W2097554624
https://openalex.org/W2101327037
https://openalex.org/W2117794888
https://openalex.org/W2136679273
https://openalex.org/W2137150883
https://openalex.org/W2143700002
https://openalex.org/W2160301226
https://openalex.org/W2162769190
https://openalex.org/W2170722109
https://openalex.org/W2217179364
https://openalex.org/W2237603196
https://openalex.org/W2253551282
https://openalex.org/W2315099997
https://openalex.org/W2401791142
https://openalex.org/W2467513373
https://openalex.org/W2468690893
https://openalex.org/W2527503333
https://openalex.org/W2789681386
https://openalex.org/W2889884795
https://openalex.org/W2891713368
https://openalex.org/W2900657387
https://openalex.org/W2902754060
https://openalex.org/W2950317621
https://openalex.org/W2954905123
https://openalex.org/W2981318033
https://openalex.org/W2996601490
https://openalex.org/W3004407668
https://openalex.org/W3134166866
https://openalex.org/W3193610373
https://openalex.org/W4220977253
https://openalex.org/W1868127162
https://openalex.org/W1963866641
https://openalex.org/W1969495488
https://openalex.org/W1982686615
https://openalex.org/W1986392757
https://openalex.org/W1999866559
https://openalex.org/W2000934132
https://openalex.org/W2004379378
https://openalex.org/W2005824305
https://openalex.org/W2009552941
https://openalex.org/W2012158680
https://openalex.org/W2014537456
https://openalex.org/W2021366498
https://openalex.org/W2024285463
https://openalex.org/W2040097748
https://openalex.org/W2045573831
https://openalex.org/W2054948426
https://openalex.org/W2062972802
https://openalex.org/W2069546424
https://openalex.org/W2069832459
https://openalex.org/W2072390632
https://openalex.org/W2082551269
https://openalex.org/W2088477824
https://openalex.org/W2100035009
https://openalex.org/W2103434619
https://openalex.org/W2110768313
https://openalex.org/W2117648369
https://openalex.org/W2127674658
https://openalex.org/W2140366220
https://openalex.org/W2343686290
https://openalex.org/W2749004826
https://openalex.org/W2775876340
https://openalex.org/W2790842276
https://openalex.org/W2793250413
https://openalex.org/W2902530156
https://openalex.org/W2913394933
https://openalex.org/W2921268754
https://openalex.org/W2921562919
https://openalex.org/W3046317493
https://openalex.org/W3111210401
https://openalex.org/W3126200121
https://openalex.org/W3209840965
https://openalex.org/W4220965670
https://openalex.org/W4245771469
https://openalex.org/W1857700311
https://openalex.org/W1928622647
https://openalex.org/W1970795791
https://openalex.org/W1976465940
https://openalex.org/W1977885177
https://openalex.org/W1978476692
https://openalex.org/W1983519303
https://openalex.org/W1984161405
https://openalex.org/W1988246944
https://openalex.org/W1988803616
https://openalex.org/W1993079724
https://openalex.org/W1994030757
https://openalex.org/W2021518140
https://openalex.org/W2037541330
https://openalex.org/W2046498572
https://openalex.org/W2047501962
https://openalex.org/W2062755230
https://openalex.org/W2076252280
https://openalex.org/W2080153009
https://openalex.org/W2081979493
https://openalex.org/W2084132099
https://openalex.org/W2085447180
https://openalex.org/W2090277591
https://openalex.org/W2092247882
https://openalex.org/W2164895838
https://openalex.org/W2175039220
https://openalex.org/W2186118876
https://openalex.org/W2287129383
https://openalex.org/W2417623961
https://openalex.org/W2567468602
https://openalex.org/W2570481206
https://openalex.org/W2790051561
https://openalex.org/W2885217897
https://openalex.org/W2886437498
https://openalex.org/W2908301531
https://openalex.org/W2912465740
https://openalex.org/W2912545635
https://openalex.org/W2949147684
https://openalex.org/W2962145758
https://openalex.org/W3034450250
https://openalex.org/W3035687165
https://openalex.org/W3080970539
https://openalex.org/W3124182807
https://openalex.org/W979768471
https://openalex.org/W1579748510
https://openalex.org/W1810793001
https://openalex.org/W1967283468
https://openalex.org/W1968868780
https://openalex.org/W1971667105
https://openalex.org/W1973109599
https://openalex.org/W1990491675
https://openalex.org/W1994945233
https://openalex.org/W2002809389
https://openalex.org/W2012604796
https://openalex.org/W2016610117
https://openalex.org/W2016926515
https://openalex.org/W2017643799
https://openalex.org/W2021889838
https://openalex.org/W2024095141
https://openalex.org/W2024817967
https://openalex.org/W2047303362
https://openalex.org/W2052931310
https://openalex.org/W2058413668
https://openalex.org/W2060127949
https://openalex.org/W2061250299
https://openalex.org/W2066236101
https://openalex.org/W2066641864
https://openalex.org/W2075748621
https://openalex.org/W2114273996
https://openalex.org/W2134566717
https://openalex.org/W2152950058
https://openalex.org/W2194727340
https://openalex.org/W2290399623
https://openalex.org/W2525033586
https://openalex.org/W2530276655
https://openalex.org/W2737347169
https://openalex.org/W2808289105
https://openalex.org/W2899948238
https://openalex.org/W2944895683
https://openalex.org/W2966078896
https://openalex.org/W2973769242
https://openalex.org/W3017654879
https://openalex.org/W3043815257
https://openalex.org/W4285681484
https://openalex.org/W780335733
https://openalex.org/W129636951
https://openalex.org/W1508224762
https://openalex.org/W1585927874
https://openalex.org/W1966421079
https://openalex.org/W1974268275
https://openalex.org/W1996245285
https://openalex.org/W2001410887
https://openalex.org/W2015621203
https://openalex.org/W2019881318
https://openalex.org/W2023472959
https://openalex.org/W2035186573
https://openalex.org/W2055065094
https://openalex.org/W2055493084
https://openalex.org/W2057886663
https://openalex.org/W2064284199
https://openalex.org/W2072333386
https://openalex.org/W2073173463
https://openalex.org/W2077890965
https://openalex.org/W2079416935
https://openalex.org/W2081573443
https://openalex.org/W2085077716
https://openalex.org/W2089917300
https://openalex.org/W2100989146
https://openalex.org/W2121380825
https://openalex.org/W2121955865
https://openalex.org/W2127121689
https://openalex.org/W2141812198
https://openalex.org/W2144194529
https://openalex.org/W2146045938
https://openalex.org/W2146271338
https://openalex.org/W2151207592
https://openalex.org/W2196881636
https://openalex.org/W226149699
https://openalex.org/W2317987431
https://openalex.org/W2319175292
https://openalex.org/W2400800313
https://openalex.org/W2412445867
https://openalex.org/W2474118267
https://openalex.org/W2749359312
https://openalex.org/W2789341648
https://openalex.org/W2906202192
https://openalex.org/W2947485224
https://openalex.org/W3124211878
https://openalex.org/W4200120717
https://openalex.org/W4225624964
https://openalex.org/W426463650
https://openalex.org/W1514591352
https://openalex.org/W1573282597
https://openalex.org/W1587190576
https://openalex.org/W1935300450
https://openalex.org/W1965806415
https://openalex.org/W1972022293
https://openalex.org/W1974038632
https://openalex.org/W1974206523
https://openalex.org/W1988532080
https://openalex.org/W1992379280
https://openalex.org/W1999256374
https://openalex.org/W2005484312
https://openalex.org/W2008819602
https://openalex.org/W2012799503
https://openalex.org/W2024809897
https://openalex.org/W2026824748
https://openalex.org/W2028595139
https://openalex.org/W2032381308
https://openalex.org/W2037057348
https://openalex.org/W2040058208
https://openalex.org/W2044646080
https://openalex.org/W2050920173
https://openalex.org/W2057715414
https://openalex.org/W2059881459
https://openalex.org/W2068181626
https://openalex.org/W2077497190
https://openalex.org/W2082633702
https://openalex.org/W2083061093
https://openalex.org/W2091008112
https://openalex.org/W2115036341
https://openalex.org/W2119700300
https://openalex.org/W2123650747
https://openalex.org/W2127960844
https://openalex.org/W2141082242
https://openalex.org/W2152848278
https://openalex.org/W2158707810
https://openalex.org/W2297165938
https://openalex.org/W2322499309
https://openalex.org/W2412088239
https://openalex.org/W2419382665
https://openalex.org/W2424962273
https://openalex.org/W2508578959
https://openalex.org/W2558822674
https://openalex.org/W2602431203
https://openalex.org/W2603794943
https://openalex.org/W2604763971
https://openalex.org/W2774163323
https://openalex.org/W2902507472
https://openalex.org/W2930640678
https://openalex.org/W2931040009
https://openalex.org/W2967555759
https://openalex.org/W2968270681
https://openalex.org/W2987400232
https://openalex.org/W3015681640
https://openalex.org/W3157342521
https://openalex.org/W1601318640
https://openalex.org/W1661592212
https://openalex.org/W1812387122
https://openalex.org/W1985424230
https://openalex.org/W1995344781
https://openalex.org/W2002030193
https://openalex.org/W2002535271
https://openalex.org/W2017061289
https://openalex.org/W2019679262
https://openalex.org/W2025456393
https://openalex.org/W2026649366
https://openalex.org/W2027741247
https://openalex.org/W2039186820
https://openalex.org/W2058722210
https://openalex.org/W2065115734
https://openalex.org/W2075703433
https://openalex.org/W2077253269
https://openalex.org/W2078214368
https://openalex.org/W2084359847
https://openalex.org/W2089662363
https://openalex.org/W2094279320
https://openalex.org/W2128863137
https://openalex.org/W2156506932
https://openalex.org/W2161954630
https://openalex.org/W2305555530
https://openalex.org/W2320003275
https://openalex.org/W2347644300
https://openalex.org/W2402628675
https://openalex.org/W2414804341
https://openalex.org/W2418932682
https://openalex.org/W2569916471
https://openalex.org/W2581981613
https://openalex.org/W2752546999
https://openalex.org/W2789429973
https://openalex.org/W2802710005
https://openalex.org/W2883120677
https://openalex.org/W2900641484
https://openalex.org/W3081067158
https://openalex.org/W3093024277
https://openalex.org/W3157775424
https://openalex.org/W3180730958
https://openalex.org/W4229058951
https://openalex.org/W575850752
https://openalex.org/W105360118
https://openalex.org/W117634324
https://openalex.org/W1480348728
https://openalex.org/W1483618115
https://openalex.org/W1516317761
https://openalex.org/W171093773
https://openalex.org/W1863269604
https://openalex.org/W1892156862
https://openalex.org/W1929526129
https://openalex.org/W1963846256
https://openalex.org/W1970527856
https://openalex.org/W1973671416
https://openalex.org/W1978168408
https://openalex.org/W1992788325
https://openalex.org/W1994587846
https://openalex.org/W2000211062
https://openalex.org/W2000654717
https://openalex.org/W2010008152
https://openalex.org/W2018420885
https://openalex.org/W2021665527
https://openalex.org/W2023977365
https://openalex.org/W2035887125
https://openalex.org/W2040445125
https://openalex.org/W2044095728
https://openalex.org/W2046917230
https://openalex.org/W2048629264
https://openalex.org/W2048745611
https://openalex.org/W2055155955
https://openalex.org/W2065148857
https://openalex.org/W2068767398
https://openalex.org/W2076621205
https://openalex.org/W2078400073
https://openalex.org/W2080445545
https://openalex.org/W2087728830
https://openalex.org/W2089837654
https://openalex.org/W2095000800
https://openalex.org/W2097046509
https://openalex.org/W2116521712
https://openalex.org/W2121711294
https://openalex.org/W2294119525
https://openalex.org/W2312190311
https://openalex.org/W2317438696
https://openalex.org/W2403022462
https://openalex.org/W2553686892
https://openalex.org/W2742177055
https://openalex.org/W2743715647
https://openalex.org/W2759334264
https://openalex.org/W2772405272
https://openalex.org/W2805773976
https://openalex.org/W2885128417
https://openalex.org/W2887921555
https://openalex.org/W2892034300
https://openalex.org/W2899158172
https://openalex.org/W2901318895
https://openalex.org/W2903634030
https://openalex.org/W2970305085
https://openalex.org/W2995629775
https://openalex.org/W3034286858
https://openalex.org/W3096967654
https://openalex.org/W3112102479
https://openalex.org/W3173710465
https://openalex.org/W3197970269
https://openalex.org/W3207737048
https://openalex.org/W4225101419
https://openalex.org/W4234455852
https://openalex.org/W4297820042
https://openalex.org/W1486799027
https://openalex.org/W1967127238
https://openalex.org/W1973929775
https://openalex.org/W1980390490
https://openalex.org/W1986429265
https://openalex.org/W1991741599
https://openalex.org/W1994364144
https://openalex.org/W2002155721
https://openalex.org/W2005140042
https://openalex.org/W2005409545
https://openalex.org/W2015919163
https://openalex.org/W2016661594
https://openalex.org/W2019610632
https://openalex.org/W2022938468
https://openalex.org/W2031139207
https://openalex.org/W2032080010
https://openalex.org/W2032987687
https://openalex.org/W2034825971
https://openalex.org/W2048303572
https://openalex.org/W2053947788
https://openalex.org/W2056151330
https://openalex.org/W2076185071
https://openalex.org/W2082049885
https://openalex.org/W2086670561
https://openalex.org/W2093638105
https://openalex.org/W2094984693
https://openalex.org/W2104970616
https://openalex.org/W2111305422
https://openalex.org/W2122406912
https://openalex.org/W2137243317
https://openalex.org/W2138254488
https://openalex.org/W2148600139
https://openalex.org/W2168981334
https://openalex.org/W2170899416
https://openalex.org/W2278205679
https://openalex.org/W2305911318
https://openalex.org/W2432945661
https://openalex.org/W2479551028
https://openalex.org/W2513191671
https://openalex.org/W2590107139
https://openalex.org/W2604980245
https://openalex.org/W2753878576
https://openalex.org/W2802889539
https://openalex.org/W2811061908
https://openalex.org/W2887774839
https://openalex.org/W2888789718
https://openalex.org/W2912434114
https://openalex.org/W2913910566
https://openalex.org/W2950871245
https://openalex.org/W2971574933
https://openalex.org/W2977174215
https://openalex.org/W3000703693
https://openalex.org/W3047833827
https://openalex.org/W3049672568
https://openalex.org/W3082405258
https://openalex.org/W3091847625
https://openalex.org/W3092221960
https://openalex.org/W3127475146
https://openalex.org/W3186413926
https://openalex.org/W4224027072
https://openalex.org/W4224229312
https://openalex.org/W4255375899
https://openalex.org/W4283018309
https://openalex.org/W4283823687
https://openalex.org/W4297489374
https://openalex.org/W4302395182
https://openalex.org/W1183003692
https://openalex.org/W1484273394
https://openalex.org/W1493601870
https://openalex.org/W1574921282
https://openalex.org/W1592167797
https://openalex.org/W1600227057
https://openalex.org/W1710736081
https://openalex.org/W1761175485
https://openalex.org/W1941441391
https://openalex.org/W1971477398
https://openalex.org/W1973175719
https://openalex.org/W1982118561
https://openalex.org/W1984742194
https://openalex.org/W1987895605
https://openalex.org/W1989164189
https://openalex.org/W1991696923
https://openalex.org/W1996448996
https://openalex.org/W1999047836
https://openalex.org/W2002004463
https://openalex.org/W2009053395
https://openalex.org/W2010681162
https://openalex.org/W2022138193
https://openalex.org/W2024321817
https://openalex.org/W2024763822
https://openalex.org/W2026870456
https://openalex.org/W2028816023
https://openalex.org/W2029405017
https://openalex.org/W2036062398
https://openalex.org/W2057097148
https://openalex.org/W2071549889
https://openalex.org/W2084478491
https://openalex.org/W2084553979
https://openalex.org/W2105052207
https://openalex.org/W2109300723
https://openalex.org/W2111973939
https://openalex.org/W2133363824
https://openalex.org/W2143002791
https://openalex.org/W2157590356
https://openalex.org/W2159678290
https://openalex.org/W2164436832
https://openalex.org/W2266788307
https://openalex.org/W2313581132
https://openalex.org/W2317859089
https://openalex.org/W2403600785
https://openalex.org/W2466349017
https://openalex.org/W2521301293
https://openalex.org/W2790444686
https://openalex.org/W2800783829
https://openalex.org/W2890645817
https://openalex.org/W2909496896
https://openalex.org/W2917405552
https://openalex.org/W2942907696
https://openalex.org/W2961461478
https://openalex.org/W2986291457
https://openalex.org/W3002531889
https://openalex.org/W3083690508
https://openalex.org/W3086639973
https://openalex.org/W3087289763
https://openalex.org/W3091901138
https://openalex.org/W3092303530
https://openalex.org/W3103906856
https://openalex.org/W3122002101
https://openalex.org/W3144595160
https://openalex.org/W3156028739
https://openalex.org/W3165681609
https://openalex.org/W3205148106
https://openalex.org/W3213586053
https://openalex.org/W4226040402
https://openalex.org/W4236538102
https://openalex.org/W4291019803
https://openalex.org/W4320803765
https://openalex.org/W1562877170
https://openalex.org/W1577242694
https://openalex.org/W1892510307
https://openalex.org/W1965002462
https://openalex.org/W1969487432
https://openalex.org/W1971677913
https://openalex.org/W1973470582
https://openalex.org/W1976058182
https://openalex.org/W1978052797
https://openalex.org/W1983798527
https://openalex.org/W1999943458
https://openalex.org/W2004492290
https://openalex.org/W2007671151
https://openalex.org/W2008715414
https://openalex.org/W2009241075
https://openalex.org/W2010215510
https://openalex.org/W2011742570
https://openalex.org/W2016309371
https://openalex.org/W2019690523
https://openalex.org/W2023694027
https://openalex.org/W2025280678
https://openalex.org/W2033485627
https://openalex.org/W2039383655
https://openalex.org/W2054043746
https://openalex.org/W2054502521
https://openalex.org/W2058398080
https://openalex.org/W2070374144
https://openalex.org/W2080741181
https://openalex.org/W2084403023
https://openalex.org/W2085618066
https://openalex.org/W2088919491
https://openalex.org/W2095616060
https://openalex.org/W2102413201
https://openalex.org/W2119862578
https://openalex.org/W2123348459
https://openalex.org/W2129004149
https://openalex.org/W2143898090
https://openalex.org/W2156869666
https://openalex.org/W2160134299
https://openalex.org/W2166610353
https://openalex.org/W2270249867
https://openalex.org/W2313600008
https://openalex.org/W2328930859
https://openalex.org/W2398770659
https://openalex.org/W2411568450
https://openalex.org/W2416041471
https://openalex.org/W2416623667
https://openalex.org/W2467978802
https://openalex.org/W2519276747
https://openalex.org/W2614144990
https://openalex.org/W2625586769
https://openalex.org/W2801797903
https://openalex.org/W2883380790
https://openalex.org/W2891679400
https://openalex.org/W2899146061
https://openalex.org/W2906392952
https://openalex.org/W2908392844
https://openalex.org/W2914479696
https://openalex.org/W2979372286
https://openalex.org/W3015585826
https://openalex.org/W3015603430
https://openalex.org/W3099316340
https://openalex.org/W3122963722
https://openalex.org/W3134942693
https://openalex.org/W3163782513
https://openalex.org/W3184671805
https://openalex.org/W3203424086
https://openalex.org/W4220702491
https://openalex.org/W53760418
https://openalex.org/W1490057296
https://openalex.org/W1583135295
https://openalex.org/W1870718689
https://openalex.org/W1906639551
https://openalex.org/W1953416640
https://openalex.org/W1963663273
https://openalex.org/W1988941466
https://openalex.org/W1996350822
https://openalex.org/W1997380731
https://openalex.org/W2000185151
https://openalex.org/W2000552719
https://openalex.org/W2000663720
https://openalex.org/W2008500602
https://openalex.org/W2012164797
https://openalex.org/W2013604942
https://openalex.org/W2038948722
https://openalex.org/W2042318931
https://openalex.org/W2050993481
https://openalex.org/W2054563466
https://openalex.org/W2057975235
https://openalex.org/W2068998748
https://openalex.org/W2070853723
https://openalex.org/W2071442928
https://openalex.org/W2078446470
https://openalex.org/W2081774373
https://openalex.org/W2083920368
https://openalex.org/W2084945036
https://openalex.org/W2086597139
https://openalex.org/W2099441322
https://openalex.org/W2099563422
https://openalex.org/W2107305852
https://openalex.org/W2107840224
https://openalex.org/W2169305720
https://openalex.org/W2212892010
https://openalex.org/W2216428908
https://openalex.org/W2268081496
https://openalex.org/W2285169227
https://openalex.org/W2313842136
https://openalex.org/W2317361037
https://openalex.org/W2327597051
https://openalex.org/W2332558737
https://openalex.org/W2335518220
https://openalex.org/W2405199814
https://openalex.org/W2424155578
https://openalex.org/W2425449211
https://openalex.org/W2466140194
https://openalex.org/W2510591507
https://openalex.org/W2606043089
https://openalex.org/W2735538798
https://openalex.org/W2767327711
https://openalex.org/W2775643865
https://openalex.org/W2794433447
https://openalex.org/W2947052944
https://openalex.org/W2998963838
https://openalex.org/W3005325979
https://openalex.org/W3029411213
https://openalex.org/W3032451849
https://openalex.org/W3036374537
https://openalex.org/W3091935969
https://openalex.org/W3093589092
https://openalex.org/W3095461674
https://openalex.org/W3097722259
https://openalex.org/W3126552686
https://openalex.org/W3129018915
https://openalex.org/W3132188871
https://openalex.org/W3141718880
https://openalex.org/W3169812829
https://openalex.org/W3179925494
https://openalex.org/W3186278405
https://openalex.org/W3208750749
https://openalex.org/W4224274858
https://openalex.org/W4225297379
https://openalex.org/W4225932683
https://openalex.org/W4281293686
https://openalex.org/W4283739051
https://openalex.org/W54965712
https://openalex.org/W1227963920
https://openalex.org/W1532216203
https://openalex.org/W1583068141
https://openalex.org/W1855769638
https://openalex.org/W1965002746
https://openalex.org/W1970437561
https://openalex.org/W1974661869
https://openalex.org/W1975474888
https://openalex.org/W1982619067
https://openalex.org/W1988677799
https://openalex.org/W1992477417
https://openalex.org/W2002101018
https://openalex.org/W2008751447
https://openalex.org/W2016299240
https://openalex.org/W2017562370
https://openalex.org/W2021807068
https://openalex.org/W2022307675
https://openalex.org/W2033309275
https://openalex.org/W2036017080
https://openalex.org/W2042032468
https://openalex.org/W2043603784
https://openalex.org/W2045871264
https://openalex.org/W2050777570
https://openalex.org/W2058193896
https://openalex.org/W2066502878
https://openalex.org/W2071132774
https://openalex.org/W2072676553
https://openalex.org/W2080215438
https://openalex.org/W2083087209
https://openalex.org/W2086650685
https://openalex.org/W2095302082
https://openalex.org/W2102347139
https://openalex.org/W2104069581
https://openalex.org/W2106131037
https://openalex.org/W2123351076
https://openalex.org/W2123811665
https://openalex.org/W2147218653
https://openalex.org/W2164320073
https://openalex.org/W2164330927
https://openalex.org/W2277054264
https://openalex.org/W2293650338
https://openalex.org/W2315695080
https://openalex.org/W2316633564
https://openalex.org/W2318221410
https://openalex.org/W2326992484
https://openalex.org/W2327725275
https://openalex.org/W2332852436
https://openalex.org/W2410385971
https://openalex.org/W2434506949
https://openalex.org/W2511813777
https://openalex.org/W2523555840
https://openalex.org/W2529815832
https://openalex.org/W2547836136
https://openalex.org/W2562234725
https://openalex.org/W2583398785
https://openalex.org/W2605816317
https://openalex.org/W2611892695
https://openalex.org/W2613328777
https://openalex.org/W2669600553
https://openalex.org/W2767394453
https://openalex.org/W28366551
https://openalex.org/W2886933928
https://openalex.org/W2889295739
https://openalex.org/W2897512655
https://openalex.org/W2911785442
https://openalex.org/W2911888935
https://openalex.org/W2921774046
https://openalex.org/W2955423096
https://openalex.org/W2955530129
https://openalex.org/W2958136371
https://openalex.org/W2984822058
https://openalex.org/W3017130025
https://openalex.org/W3036884320
https://openalex.org/W3081474520
https://openalex.org/W3084447652
https://openalex.org/W3093757725
https://openalex.org/W3112525443
https://openalex.org/W3156132885
https://openalex.org/W3173192791
https://openalex.org/W3194251279
https://openalex.org/W3215649600
https://openalex.org/W4220781745
https://openalex.org/W4226149113
https://openalex.org/W4306641699
https://openalex.org/W4313311136
https://openalex.org/W9456351
https://openalex.org/W1081392197
https://openalex.org/W127845959
https://openalex.org/W1445017096
https://openalex.org/W1502855281
https://openalex.org/W1556093346
https://openalex.org/W1964293409
https://openalex.org/W1967663543
https://openalex.org/W1968765763
https://openalex.org/W1969593623
https://openalex.org/W1970811462
https://openalex.org/W1976091392
https://openalex.org/W1976213038
https://openalex.org/W1976412882
https://openalex.org/W1976642217
https://openalex.org/W1982308450
https://openalex.org/W1982663244
https://openalex.org/W1988105471
https://openalex.org/W1988320048
https://openalex.org/W1991817892
https://openalex.org/W1992463466
https://openalex.org/W2009163466
https://openalex.org/W2009373367
https://openalex.org/W2012646948
https://openalex.org/W2015067637
https://openalex.org/W2015257462
https://openalex.org/W2016656396
https://openalex.org/W2017657691
https://openalex.org/W2022558469
https://openalex.org/W2029234627
https://openalex.org/W2029821278
https://openalex.org/W2032351589
https://openalex.org/W2039882724
https://openalex.org/W2047027068
https://openalex.org/W2048151443
https://openalex.org/W2048375473
https://openalex.org/W2049978097
https://openalex.org/W2061048569
https://openalex.org/W2064870326
https://openalex.org/W2067519272
https://openalex.org/W2067833629
https://openalex.org/W2071049500
https://openalex.org/W2072249117
https://openalex.org/W2073137471
https://openalex.org/W2078481531
https://openalex.org/W2079744471
https://openalex.org/W2079900544
https://openalex.org/W2108331188
https://openalex.org/W2135880100
https://openalex.org/W2142396422
https://openalex.org/W2143522445
https://openalex.org/W2147727036
https://openalex.org/W2153991095
https://openalex.org/W2158211242
https://openalex.org/W2171317554
https://openalex.org/W2201350680
https://openalex.org/W2245765699
https://openalex.org/W2261299379
https://openalex.org/W2313630899
https://openalex.org/W2330179030
https://openalex.org/W2330988995
https://openalex.org/W2331683174
https://openalex.org/W2332049085
https://openalex.org/W2379443290
https://openalex.org/W2400904796
https://openalex.org/W2406715259
https://openalex.org/W2424922288
https://openalex.org/W2469355250
https://openalex.org/W2564661937
https://openalex.org/W2587848390
https://openalex.org/W2759409638
https://openalex.org/W2766257000
https://openalex.org/W2770679231
https://openalex.org/W2787745744
https://openalex.org/W2788238021
https://openalex.org/W2792259778
https://openalex.org/W2883054929
https://openalex.org/W2898319513
https://openalex.org/W2922307147
https://openalex.org/W2949265171
https://openalex.org/W2950566962
https://openalex.org/W2951295263
https://openalex.org/W2979557146
https://openalex.org/W2985531464
https://openalex.org/W3009612863
https://openalex.org/W3022624697
https://openalex.org/W3032359021
https://openalex.org/W3081825522
https://openalex.org/W3093816932
https://openalex.org/W3104499128
https://openalex.org/W3118344282
https://openalex.org/W313783988
https://openalex.org/W3138381372
https://openalex.org/W3139279265
https://openalex.org/W3142358628
https://openalex.org/W3167645993
https://openalex.org/W3192500751
https://openalex.org/W3198415448
https://openalex.org/W3200566622
https://openalex.org/W4200411223
https://openalex.org/W4210921462
https://openalex.org/W4214926212
https://openalex.org/W4220978750
https://openalex.org/W4234655313
https://openalex.org/W4280510966
https://openalex.org/W4281629748
https://openalex.org/W4291111109
https://openalex.org/W4306842036
https://openalex.org/W4317477488
https://openalex.org/W4365810892
https://openalex.org/W745390923
https://openalex.org/W132897328
https://openalex.org/W150588538
https://openalex.org/W1516060941
https://openalex.org/W1623899914
https://openalex.org/W1929719390
https://openalex.org/W1932361412
https://openalex.org/W1971949595
https://openalex.org/W1974525994
https://openalex.org/W1974557587
https://openalex.org/W1979216919
https://openalex.org/W1983759026
https://openalex.org/W2012957886
https://openalex.org/W2018153594
https://openalex.org/W2019283391
https://openalex.org/W2028167558
https://openalex.org/W2037864748
https://openalex.org/W2042587081
https://openalex.org/W2047163408
https://openalex.org/W2047484762
https://openalex.org/W2047942575
https://openalex.org/W2055850195
https://openalex.org/W2059323896
https://openalex.org/W2062256106
https://openalex.org/W2063124984
https://openalex.org/W2068869321
https://openalex.org/W2069309361
https://openalex.org/W2070633646
https://openalex.org/W2071283039
https://openalex.org/W2074681279
https://openalex.org/W2088355927
https://openalex.org/W2097571701
https://openalex.org/W2109175632
https://openalex.org/W2124506685
https://openalex.org/W2130866515
https://openalex.org/W2166158975
https://openalex.org/W2167666572
https://openalex.org/W2237075632
https://openalex.org/W2315769262
https://openalex.org/W2316357719
https://openalex.org/W2324437549
https://openalex.org/W2333653717
https://openalex.org/W2340319951
https://openalex.org/W2401985637
https://openalex.org/W2402299388
https://openalex.org/W2407588237
https://openalex.org/W2410376794
https://openalex.org/W2415317276
https://openalex.org/W2415572695
https://openalex.org/W2469527514
https://openalex.org/W2490501645
https://openalex.org/W2510276063
https://openalex.org/W2516149083
https://openalex.org/W2516398610
https://openalex.org/W2548758572
https://openalex.org/W2565331444
https://openalex.org/W2590042460
https://openalex.org/W2605388430
https://openalex.org/W2612988345
https://openalex.org/W2614118562
https://openalex.org/W2727604328
https://openalex.org/W2730257442
https://openalex.org/W2763677388
https://openalex.org/W2769063367
https://openalex.org/W2783632299
https://openalex.org/W2797857077
https://openalex.org/W2890050988
https://openalex.org/W2890782724
https://openalex.org/W2891278909
https://openalex.org/W2896439791
https://openalex.org/W2896928474
https://openalex.org/W2900186675
https://openalex.org/W2940616600
https://openalex.org/W2944639425
https://openalex.org/W2953622586
https://openalex.org/W2969626933
https://openalex.org/W2971788393
https://openalex.org/W2974543485
https://openalex.org/W2974820941
https://openalex.org/W2980734244
https://openalex.org/W2985264003
https://openalex.org/W2991228016
https://openalex.org/W2995869703
https://openalex.org/W2996128589
https://openalex.org/W2997830514
https://openalex.org/W3002676460
https://openalex.org/W3011626353
https://openalex.org/W3034129563
https://openalex.org/W3038449881
https://openalex.org/W3045167863
https://openalex.org/W3097449880
https://openalex.org/W3101659164
https://openalex.org/W3104613318
https://openalex.org/W3108650399
https://openalex.org/W3111468937
https://openalex.org/W3118677222
https://openalex.org/W3138949666
https://openalex.org/W3139359793
https://openalex.org/W3154406342
https://openalex.org/W3159346802
https://openalex.org/W3164353010
https://openalex.org/W3164489640
https://openalex.org/W3165045959
https://openalex.org/W3174344090
https://openalex.org/W3174533971
https://openalex.org/W3187952008
https://openalex.org/W3193302507
https://openalex.org/W3216943989
https://openalex.org/W333955862
https://openalex.org/W4200291988
https://openalex.org/W4200393718
https://openalex.org/W4205450668
https://openalex.org/W4206756009
https://openalex.org/W4210368498
https://openalex.org/W4214839945
https://openalex.org/W4220851837
https://openalex.org/W4220879671
https://openalex.org/W4224228645
https://openalex.org/W4224608750
https://openalex.org/W4231036722
https://openalex.org/W4249723502
https://openalex.org/W4255144993
https://openalex.org/W4280491927
https://openalex.org/W4282979819
https://openalex.org/W4283455366
https://openalex.org/W4284989292
https://openalex.org/W4285741743
https://openalex.org/W4307348167
https://openalex.org/W4318671472
https://openalex.org/W4319659353
https://openalex.org/W653629709
https://openalex.org/W82638662
https://openalex.org/W963592961
https://openalex.org/W129850509
https://openalex.org/W1479993897
https://openalex.org/W1563752480
https://openalex.org/W1604186908
https://openalex.org/W1790898512
https://openalex.org/W18746878
https://openalex.org/W1905886346
https://openalex.org/W1919792141
https://openalex.org/W1973077555
https://openalex.org/W1983301907
https://openalex.org/W1993546282
https://openalex.org/W1995313250
https://openalex.org/W1996114863
https://openalex.org/W1996420526
https://openalex.org/W1997237466
https://openalex.org/W1999862671
https://openalex.org/W1999892438
https://openalex.org/W2000824093
https://openalex.org/W2003523313
https://openalex.org/W2008032150
https://openalex.org/W2009631492
https://openalex.org/W2019505613
https://openalex.org/W2020882044
https://openalex.org/W2021399174
https://openalex.org/W2022119705
https://openalex.org/W2025389789
https://openalex.org/W2031307822
https://openalex.org/W2034777746
https://openalex.org/W2036439201
https://openalex.org/W2041348390
https://openalex.org/W2043306037
https://openalex.org/W2051260682
https://openalex.org/W2060160457
https://openalex.org/W2063522674
https://openalex.org/W2068583080
https://openalex.org/W2076865911
https://openalex.org/W2082525846
https://openalex.org/W2087329171
https://openalex.org/W2087463333
https://openalex.org/W2090522580
https://openalex.org/W2094091903
https://openalex.org/W2113986954
https://openalex.org/W2118264605
https://openalex.org/W2121110181
https://openalex.org/W2129666838
https://openalex.org/W2133874925
https://openalex.org/W2139535147
https://openalex.org/W2154717089
https://openalex.org/W2157284178
https://openalex.org/W2158871025
https://openalex.org/W2160483168
https://openalex.org/W2164163092
https://openalex.org/W2165121777
https://openalex.org/W2169111810
https://openalex.org/W2171836334
https://openalex.org/W2183324151
https://openalex.org/W2225373814
https://openalex.org/W2275468437
https://openalex.org/W2297156706
https://openalex.org/W2326453913
https://openalex.org/W2327451514
https://openalex.org/W2335756268
https://openalex.org/W2340624830
https://openalex.org/W2349977931
https://openalex.org/W2396466656
https://openalex.org/W2397075850
https://openalex.org/W2403929502
https://openalex.org/W2411045252
https://openalex.org/W2415195001
https://openalex.org/W2418018356
https://openalex.org/W2418518182
https://openalex.org/W2442989256
https://openalex.org/W2492639112
https://openalex.org/W2519260250
https://openalex.org/W2522941132
https://openalex.org/W2542507863
https://openalex.org/W2563873525
https://openalex.org/W2568306942
https://openalex.org/W2588322776
https://openalex.org/W2591725997
https://openalex.org/W2603255700
https://openalex.org/W2740345984
https://openalex.org/W2760363373
https://openalex.org/W2778095637
https://openalex.org/W2793469780
https://openalex.org/W2795949407
https://openalex.org/W2798250119
https://openalex.org/W2802349335
https://openalex.org/W2805488111
https://openalex.org/W2808901807
https://openalex.org/W2810080762
https://openalex.org/W2810135074
https://openalex.org/W2810845753
https://openalex.org/W2811373442
https://openalex.org/W2826290231
https://openalex.org/W2883240672
https://openalex.org/W2899900484
https://openalex.org/W2900598799
https://openalex.org/W2901043408
https://openalex.org/W2926615541
https://openalex.org/W294171796
https://openalex.org/W2951411655
https://openalex.org/W2955320169
https://openalex.org/W2965659528
https://openalex.org/W2973461410
https://openalex.org/W2973863676
https://openalex.org/W2982619829
https://openalex.org/W3012241231
https://openalex.org/W3016060216
https://openalex.org/W3034033134
https://openalex.org/W3047145206
https://openalex.org/W3086808711
https://openalex.org/W3097106009
https://openalex.org/W3100610731
https://openalex.org/W3105459571
https://openalex.org/W3113679257
https://openalex.org/W3133529953
https://openalex.org/W3139353098
https://openalex.org/W3154564095
https://openalex.org/W3174241884
https://openalex.org/W3176537436
https://openalex.org/W3194796576
https://openalex.org/W3208669052
https://openalex.org/W3213659151
https://openalex.org/W37323244
https://openalex.org/W4206164557
https://openalex.org/W4210272885
https://openalex.org/W4214588229
https://openalex.org/W4214863796
https://openalex.org/W4220755080
https://openalex.org/W4225163368
https://openalex.org/W4238340849
https://openalex.org/W4241250493
https://openalex.org/W4242593168
https://openalex.org/W4250269295
https://openalex.org/W4251417210
https://openalex.org/W4254239966
https://openalex.org/W4280594625
https://openalex.org/W4281729306
https://openalex.org/W4292162487
https://openalex.org/W4293561183
https://openalex.org/W4300266333
https://openalex.org/W4301603124
https://openalex.org/W4308549271
https://openalex.org/W4313650756
https://openalex.org/W4315978930
https://openalex.org/W4320857584
https://openalex.org/W654531109
https://openalex.org/W773397075
https://openalex.org/W86586456
https://openalex.org/W95128751
https://openalex.org/W116631696
https://openalex.org/W1542495442
https://openalex.org/W1556875720
https://openalex.org/W1565285406
https://openalex.org/W1676438481
https://openalex.org/W1678728507
https://openalex.org/W176962925
https://openalex.org/W1891839483
https://openalex.org/W190609474
https://openalex.org/W1938823422
https://openalex.org/W1967501556
https://openalex.org/W1968894351
https://openalex.org/W1970771577
https://openalex.org/W1970991498
https://openalex.org/W1976295595
https://openalex.org/W1977838816
https://openalex.org/W1978163490
https://openalex.org/W1984751151
https://openalex.org/W1987364724
https://openalex.org/W1991080777
https://openalex.org/W1994657885
https://openalex.org/W1995067189
https://openalex.org/W2001061429
https://openalex.org/W2002786880
https://openalex.org/W2011790497
https://openalex.org/W2012802342
https://openalex.org/W2012844759
https://openalex.org/W2019522524
https://openalex.org/W2020583954
https://openalex.org/W2021215464
https://openalex.org/W2022011899
https://openalex.org/W2030270013
https://openalex.org/W2033191570
https://openalex.org/W2038021391
https://openalex.org/W2038821713
https://openalex.org/W2043247200
https://openalex.org/W2043962553
https://openalex.org/W2044015526
https://openalex.org/W2045901497
https://openalex.org/W2048058687
https://openalex.org/W2049387170
https://openalex.org/W2049839938
https://openalex.org/W2054713670
https://openalex.org/W2055352331
https://openalex.org/W2061527914
https://openalex.org/W2061642382
https://openalex.org/W2069447718
https://openalex.org/W2070338758
https://openalex.org/W2074617176
https://openalex.org/W2081573794
https://openalex.org/W2083477790
https://openalex.org/W2088562687
https://openalex.org/W2089090561
https://openalex.org/W2092326959
https://openalex.org/W2095138611
https://openalex.org/W2102033447
https://openalex.org/W2104061062
https://openalex.org/W2105223902
https://openalex.org/W2105673650
https://openalex.org/W2111760225
https://openalex.org/W2112617346
https://openalex.org/W2139911956
https://openalex.org/W2152924161
https://openalex.org/W2159176390
https://openalex.org/W2164317188
https://openalex.org/W2164912253
https://openalex.org/W2167297561
https://openalex.org/W2169941563
https://openalex.org/W2184969300
https://openalex.org/W2207887783
https://openalex.org/W2227873839
https://openalex.org/W2247245628
https://openalex.org/W22525007
https://openalex.org/W2285997113
https://openalex.org/W2286839473
https://openalex.org/W2317292876
https://openalex.org/W2319338032
https://openalex.org/W2321999207
https://openalex.org/W2345163134
https://openalex.org/W2346480479
https://openalex.org/W2397027595
https://openalex.org/W2400565374
https://openalex.org/W2401420557
https://openalex.org/W2405374726
https://openalex.org/W2413877175
https://openalex.org/W2415018227
https://openalex.org/W2415484207
https://openalex.org/W2416331520
https://openalex.org/W2417741581
https://openalex.org/W2418374875
https://openalex.org/W2418672114
https://openalex.org/W2424730967
https://openalex.org/W2443961496
https://openalex.org/W2469087948
https://openalex.org/W2491555707
https://openalex.org/W2501575147
https://openalex.org/W2524066316
https://openalex.org/W2543930859
https://openalex.org/W2550187824
https://openalex.org/W2572339734
https://openalex.org/W2589866887
https://openalex.org/W2609137446
https://openalex.org/W2615777449
https://openalex.org/W2624259729
https://openalex.org/W2732918145
https://openalex.org/W2734156874
https://openalex.org/W2735621841
https://openalex.org/W2738906175
https://openalex.org/W2739482342
https://openalex.org/W2765634812
https://openalex.org/W2771022924
https://openalex.org/W2779141990
https://openalex.org/W2789702205
https://openalex.org/W2792242991
https://openalex.org/W2795694968
https://openalex.org/W2797742791
https://openalex.org/W2885900245
https://openalex.org/W2897247292
https://openalex.org/W2899003583
https://openalex.org/W2905280065
https://openalex.org/W2910774265
https://openalex.org/W2912831301
https://openalex.org/W2919507149
https://openalex.org/W2935905397
https://openalex.org/W2944726494
https://openalex.org/W2947441238
https://openalex.org/W2952473066
https://openalex.org/W2969327174
https://openalex.org/W2973883078
https://openalex.org/W2991081332
https://openalex.org/W2993810401
https://openalex.org/W3005637381
https://openalex.org/W3007089753
https://openalex.org/W3009116878
https://openalex.org/W3023850881
https://openalex.org/W3029367417
https://openalex.org/W3034791275
https://openalex.org/W3035895882
https://openalex.org/W3035949035
https://openalex.org/W3037579830
https://openalex.org/W3043250518
https://openalex.org/W3048847418
https://openalex.org/W3086616665
https://openalex.org/W3108181956
https://openalex.org/W3130134832
https://openalex.org/W3145427337
https://openalex.org/W3155892602
https://openalex.org/W3158696736
https://openalex.org/W3169375805
https://openalex.org/W3171298215
https://openalex.org/W3187834796
https://openalex.org/W3200890474
https://openalex.org/W3203142164
https://openalex.org/W3205470045
https://openalex.org/W3207216269
https://openalex.org/W3217352057
https://openalex.org/W388538510
https://openalex.org/W412910149
https://openalex.org/W4200527470
https://openalex.org/W4205597701
https://openalex.org/W4206735031
https://openalex.org/W4210767879
https://openalex.org/W4214567433
https://openalex.org/W4214889502
https://openalex.org/W4214912492
https://openalex.org/W4223545020
https://openalex.org/W4233223472
https://openalex.org/W4237430102
https://openalex.org/W4240824790
https://openalex.org/W4244011095
https://openalex.org/W4246657135
https://openalex.org/W4253859514
https://openalex.org/W4254142782
https://openalex.org/W4256670845
https://openalex.org/W4283831047
https://openalex.org/W4289884523
https://openalex.org/W4291279634
https://openalex.org/W4292099916
https://openalex.org/W4295453557
https://openalex.org/W4296026864
https://openalex.org/W4296782602
https://openalex.org/W4298813389
https://openalex.org/W4306153796
https://openalex.org/W4309613942
https://openalex.org/W4310281910
https://openalex.org/W4310463016
https://openalex.org/W4310537549
https://openalex.org/W4310597053
https://openalex.org/W4315650828
https://openalex.org/W4327681687
https://openalex.org/W4328120181
https://openalex.org/W4361244550
https://openalex.org/W4363672392
https://openalex.org/W4378649738
https://openalex.org/W44581995
https://openalex.org/W568280849
https://openalex.org/W622252752
https://openalex.org/W1122627960
https://openalex.org/W121884125
https://openalex.org/W1484316610
https://openalex.org/W1487249530
https://openalex.org/W1492284707
https://openalex.org/W1505532454
https://openalex.org/W1506034673
https://openalex.org/W151179538
https://openalex.org/W152432866
https://openalex.org/W1528035989
https://openalex.org/W1529320217
https://openalex.org/W1530938933
https://openalex.org/W1536697582
https://openalex.org/W1541553473
https://openalex.org/W1541901689
https://openalex.org/W1547059702
https://openalex.org/W1563011558
https://openalex.org/W1569622038
https://openalex.org/W1576549097
https://openalex.org/W1582663423
https://openalex.org/W1630487014
https://openalex.org/W1655468750
https://openalex.org/W1784306195
https://openalex.org/W1916011165
https://openalex.org/W19474147
https://openalex.org/W1964174539
https://openalex.org/W1966275395
https://openalex.org/W1967263972
https://openalex.org/W1968685972
https://openalex.org/W1975662738
https://openalex.org/W1980171034
https://openalex.org/W1980980170
https://openalex.org/W1986425841
https://openalex.org/W1990334881
https://openalex.org/W1990902542
https://openalex.org/W1993725988
https://openalex.org/W1996633206
https://openalex.org/W2002014593
https://openalex.org/W2005013985
https://openalex.org/W2007605911
https://openalex.org/W2011150976
https://openalex.org/W2016786644
https://openalex.org/W2018368578
https://openalex.org/W2019619092
https://openalex.org/W2019900585
https://openalex.org/W2024090247
https://openalex.org/W2024524948
https://openalex.org/W2030986864
https://openalex.org/W2031222575
https://openalex.org/W2034820165
https://openalex.org/W2035189017
https://openalex.org/W2035452149
https://openalex.org/W2039240743
https://openalex.org/W2040824586
https://openalex.org/W2043907703
https://openalex.org/W2049483404
https://openalex.org/W2051757132
https://openalex.org/W2055977749
https://openalex.org/W2056560907
https://openalex.org/W2060174454
https://openalex.org/W2061766188
https://openalex.org/W2062822237
https://openalex.org/W2063316634
https://openalex.org/W2067491770
https://openalex.org/W2069745448
https://openalex.org/W2072650087
https://openalex.org/W2077603884
https://openalex.org/W2083757542
https://openalex.org/W2092385409
https://openalex.org/W2094635293
https://openalex.org/W2098522480
https://openalex.org/W2103718548
https://openalex.org/W2112194486
https://openalex.org/W2127988153
https://openalex.org/W2139678117
https://openalex.org/W2140848051
https://openalex.org/W2146832453
https://openalex.org/W2159932566
https://openalex.org/W2167744582
https://openalex.org/W2168840108
https://openalex.org/W2169018045
https://openalex.org/W2184647124
https://openalex.org/W2186994757
https://openalex.org/W2241557833
https://openalex.org/W2263092271
https://openalex.org/W2265039027
https://openalex.org/W2272437818
https://openalex.org/W2285219293
https://openalex.org/W2291918370
https://openalex.org/W2295457820
https://openalex.org/W2312849219
https://openalex.org/W2313522527
https://openalex.org/W2313825560
https://openalex.org/W2315689142
https://openalex.org/W2318232465
https://openalex.org/W2318697182
https://openalex.org/W2319749128
https://openalex.org/W2320677279
https://openalex.org/W2326732600
https://openalex.org/W2328760439
https://openalex.org/W2329381185
https://openalex.org/W2329822075
https://openalex.org/W2331636679
https://openalex.org/W2332138506
https://openalex.org/W2334237301
https://openalex.org/W2334634685
https://openalex.org/W2335332582
https://openalex.org/W2335434902
https://openalex.org/W2337087404
https://openalex.org/W23991130
https://openalex.org/W2400970622
https://openalex.org/W2403252695
https://openalex.org/W2404682442
https://openalex.org/W2404769655
https://openalex.org/W2405683003
https://openalex.org/W2405906940
https://openalex.org/W2407136473
https://openalex.org/W2407476883
https://openalex.org/W2411199373
https://openalex.org/W2411565623
https://openalex.org/W2412773280
https://openalex.org/W2412912558
https://openalex.org/W2413138734
https://openalex.org/W2414634005
https://openalex.org/W2414691148
https://openalex.org/W2414695991
https://openalex.org/W2415732352
https://openalex.org/W2418082844
https://openalex.org/W2429830344
https://openalex.org/W2443725697
https://openalex.org/W2463226448
https://openalex.org/W2465650813
https://openalex.org/W2470680918
https://openalex.org/W2472480391
https://openalex.org/W2472960595
https://openalex.org/W2480562271
https://openalex.org/W2485288903
https://openalex.org/W2494569981
https://openalex.org/W2513982168
https://openalex.org/W2521099341
https://openalex.org/W2521265708
https://openalex.org/W2521872101
https://openalex.org/W2522753111
https://openalex.org/W2528592098
https://openalex.org/W2531165886
https://openalex.org/W2535024569
https://openalex.org/W2538264859
https://openalex.org/W2552309663
https://openalex.org/W2553447942
https://openalex.org/W2565782346
https://openalex.org/W2566557652
https://openalex.org/W2570128368
https://openalex.org/W2570692766
https://openalex.org/W2586945417
https://openalex.org/W2588685691
https://openalex.org/W2593192730
https://openalex.org/W2595947212
https://openalex.org/W2602044005
https://openalex.org/W2605594885
https://openalex.org/W2611978166
https://openalex.org/W2620386446
https://openalex.org/W2622086262
https://openalex.org/W2622708743
https://openalex.org/W266749691
https://openalex.org/W2734613869
https://openalex.org/W2736236437
https://openalex.org/W2761210404
https://openalex.org/W2766595658
https://openalex.org/W2768432831
https://openalex.org/W2773682558
https://openalex.org/W2781001432
https://openalex.org/W2783375153
https://openalex.org/W2796868825
https://openalex.org/W2797251700
https://openalex.org/W2803356049
https://openalex.org/W2857268735
https://openalex.org/W2885916115
https://openalex.org/W2887074451
https://openalex.org/W2889588373
https://openalex.org/W2889870057
https://openalex.org/W2898488203
https://openalex.org/W2905056537
https://openalex.org/W2908324811
https://openalex.org/W2911458175
https://openalex.org/W2914031376
https://openalex.org/W2914414468
https://openalex.org/W2918148096
https://openalex.org/W2921255191
https://openalex.org/W2921575980
https://openalex.org/W2945066367
https://openalex.org/W2947934173
https://openalex.org/W2950851177
https://openalex.org/W2962984855
https://openalex.org/W2964927220
https://openalex.org/W2971274129
https://openalex.org/W2973445634
https://openalex.org/W2974438409
https://openalex.org/W2974592460
https://openalex.org/W2977685594
https://openalex.org/W2981142237
https://openalex.org/W2981213157
https://openalex.org/W2987913507
https://openalex.org/W2988302925
https://openalex.org/W2995858600
https://openalex.org/W2997360218
https://openalex.org/W2999424650
https://openalex.org/W3007672666
https://openalex.org/W3012553560
https://openalex.org/W3013413478
https://openalex.org/W3035414852
https://openalex.org/W3036160836
https://openalex.org/W3040826607
https://openalex.org/W3041510043
https://openalex.org/W3044044780
https://openalex.org/W3081743016
https://openalex.org/W3082611608
https://openalex.org/W3083360269
https://openalex.org/W3086027047
https://openalex.org/W3087737002
https://openalex.org/W3091732838
https://openalex.org/W3092071447
https://openalex.org/W3092972849
https://openalex.org/W3099091528
https://openalex.org/W3100629770
https://openalex.org/W3102673392
https://openalex.org/W3120366659
https://openalex.org/W3120613125
https://openalex.org/W3121398470
https://openalex.org/W3123604064
https://openalex.org/W3130812383
https://openalex.org/W3136422843
https://openalex.org/W3139363475
https://openalex.org/W3145619384
https://openalex.org/W3154704000
https://openalex.org/W3158407022
https://openalex.org/W3161778179
https://openalex.org/W3161816806
https://openalex.org/W3170381849
https://openalex.org/W3180602161
https://openalex.org/W3183172760
https://openalex.org/W3187049038
https://openalex.org/W3188285286
https://openalex.org/W3195486795
https://openalex.org/W3195643632
https://openalex.org/W3196466190
https://openalex.org/W3201218477
https://openalex.org/W3202321105
https://openalex.org/W3202476535
https://openalex.org/W3210105999
https://openalex.org/W3211291509
https://openalex.org/W3212525154
https://openalex.org/W3213003193
https://openalex.org/W3215732438
https://openalex.org/W3216418828
https://openalex.org/W378657064
https://openalex.org/W4200011964
https://openalex.org/W4200098284
https://openalex.org/W4200591687
https://openalex.org/W4205903731
https://openalex.org/W4210396579
https://openalex.org/W4211113558
https://openalex.org/W4220814329
https://openalex.org/W4220834828
https://openalex.org/W4221044466
https://openalex.org/W4223585397
https://openalex.org/W4223909300
https://openalex.org/W4223977443
https://openalex.org/W4224216881
https://openalex.org/W4224937817
https://openalex.org/W4225113854
https://openalex.org/W4225588106
https://openalex.org/W4225934684
https://openalex.org/W4226184232
https://openalex.org/W4226365504
https://openalex.org/W4229016870
https://openalex.org/W4231330543
https://openalex.org/W4232335896
https://openalex.org/W4235458663
https://openalex.org/W4237225008
https://openalex.org/W4237423258
https://openalex.org/W4237615729
https://openalex.org/W4241567978
https://openalex.org/W4244850171
https://openalex.org/W4245688181
https://openalex.org/W4249078369
https://openalex.org/W4250043448
https://openalex.org/W4250477210
https://openalex.org/W4252197751
https://openalex.org/W4252927681
https://openalex.org/W4253884990
https://openalex.org/W4253977673
https://openalex.org/W4254039255
https://openalex.org/W4254742559
https://openalex.org/W4256028483
https://openalex.org/W4281570326
https://openalex.org/W4282924873
https://openalex.org/W4283313780
https://openalex.org/W4284899245
https://openalex.org/W4285085174
https://openalex.org/W4285108226
https://openalex.org/W4289516965
https://openalex.org/W4292159399
https://openalex.org/W4293770207
https://openalex.org/W4293874373
https://openalex.org/W4294701353
https://openalex.org/W4294809227
https://openalex.org/W4295065963
https://openalex.org/W4296347415
https://openalex.org/W4297020695
https://openalex.org/W4297461380
https://openalex.org/W4300144240
https://openalex.org/W4308563952
https://openalex.org/W4309135064
https://openalex.org/W4309363368
https://openalex.org/W4310462234
https://openalex.org/W4310947868
https://openalex.org/W4311028224
https://openalex.org/W4311046912
https://openalex.org/W4311580805
https://openalex.org/W4311815028
https://openalex.org/W4312113821
https://openalex.org/W4313388523
https://openalex.org/W4313454896
https://openalex.org/W4313485209
https://openalex.org/W4313544632
https://openalex.org/W4313580518
https://openalex.org/W4313828888
https://openalex.org/W4316143899
https://openalex.org/W4318754670
https://openalex.org/W4319061709
https://openalex.org/W4319869036
https://openalex.org/W4321004430
https://openalex.org/W4322496086
https://openalex.org/W4322772794
https://openalex.org/W4323047550
https://openalex.org/W4327614590
https://openalex.org/W4365511771
https://openalex.org/W4366816482
https://openalex.org/W4366991216
https://openalex.org/W4367174187
https://openalex.org/W4372295155
https://openalex.org/W4376276080
https://openalex.org/W4378216737
https://openalex.org/W4380884211
https://openalex.org/W4382363484
https://openalex.org/W4383999316
https://openalex.org/W4384692359
https://openalex.org/W4385407103
https://openalex.org/W4386026821
https://openalex.org/W587901050
https://openalex.org/W641253244
https://openalex.org/W653968924
https://openalex.org/W77738936
https://openalex.org/W785276820
https://openalex.org/W873561323
https://openalex.org/W890534330
https://openalex.org/W98558593
https://openalex.org/W1020248438
https://openalex.org/W112580271
https://openalex.org/W1148076695
https://openalex.org/W119881673
https://openalex.org/W12242116
https://openalex.org/W139637076
https://openalex.org/W13995401
https://openalex.org/W1416623785
https://openalex.org/W1419907856
https://openalex.org/W1446541355
https://openalex.org/W1458155095
https://openalex.org/W1473258010
https://openalex.org/W1483716377
https://openalex.org/W1485564240
https://openalex.org/W1488374886
https://openalex.org/W1488745840
https://openalex.org/W1490695090
https://openalex.org/W1491882802
https://openalex.org/W1492439815
https://openalex.org/W1497156395
https://openalex.org/W1498969224
https://openalex.org/W1500055704
https://openalex.org/W1502020499
https://openalex.org/W1502169660
https://openalex.org/W1503185356
https://openalex.org/W1503951367
https://openalex.org/W1504537131
https://openalex.org/W1505411065
https://openalex.org/W1505563923
https://openalex.org/W1506129753
https://openalex.org/W1506249601
https://openalex.org/W1509028158
https://openalex.org/W1509376122
https://openalex.org/W1510186756
https://openalex.org/W1510601296
https://openalex.org/W1510814297
https://openalex.org/W1512582507
https://openalex.org/W1512907929
https://openalex.org/W151519981
https://openalex.org/W1516697751
https://openalex.org/W1518816872
https://openalex.org/W1520183776
https://openalex.org/W1521658615
https://openalex.org/W1521977179
https://openalex.org/W1522575098
https://openalex.org/W1522959149
https://openalex.org/W1524707164
https://openalex.org/W1524948811
https://openalex.org/W1530460588
https://openalex.org/W1530692864
https://openalex.org/W1530861084
https://openalex.org/W1533536798
https://openalex.org/W1536565048
https://openalex.org/W1537351283
https://openalex.org/W1540324232
https://openalex.org/W1542268356
https://openalex.org/W1546120333
https://openalex.org/W1546344305
https://openalex.org/W1547465843
https://openalex.org/W1549204287
https://openalex.org/W1552946758
https://openalex.org/W1554094386
https://openalex.org/W1554539877
https://openalex.org/W1555765691
https://openalex.org/W1556343338
https://openalex.org/W1556938129
https://openalex.org/W1557721377
https://openalex.org/W1561651255
https://openalex.org/W1565258896
https://openalex.org/W1565571868
https://openalex.org/W1566218801
https://openalex.org/W1569175034
https://openalex.org/W1571727014
https://openalex.org/W1576210100
https://openalex.org/W1577701883
https://openalex.org/W1580058938
https://openalex.org/W1581603307
https://openalex.org/W1582372027
https://openalex.org/W1584059760
https://openalex.org/W1589998664
https://openalex.org/W1591490433
https://openalex.org/W1593539007
https://openalex.org/W1594484171
https://openalex.org/W1596103131
https://openalex.org/W1596809506
https://openalex.org/W1597086701
https://openalex.org/W1597812594
https://openalex.org/W159888184
https://openalex.org/W1600747808
https://openalex.org/W1601087878
https://openalex.org/W1605721842
https://openalex.org/W1608192196
https://openalex.org/W160935716
https://openalex.org/W1612903970
https://openalex.org/W1617273963
https://openalex.org/W1642737484
https://openalex.org/W1643583261
https://openalex.org/W164675927
https://openalex.org/W1647613798
https://openalex.org/W164903286
https://openalex.org/W1654688215
https://openalex.org/W165763555
https://openalex.org/W1670199716
https://openalex.org/W1678295580
https://openalex.org/W1686140877
https://openalex.org/W169142775
https://openalex.org/W1708375163
https://openalex.org/W1712704788
https://openalex.org/W1800608315
https://openalex.org/W180590399
https://openalex.org/W1826570206
https://openalex.org/W1865990893
https://openalex.org/W1880533528
https://openalex.org/W1904955065
https://openalex.org/W1907198937
https://openalex.org/W1965933651
https://openalex.org/W1966446491
https://openalex.org/W1969987119
https://openalex.org/W1973047837
https://openalex.org/W1973189822
https://openalex.org/W1973789915
https://openalex.org/W1974844044
https://openalex.org/W1975714096
https://openalex.org/W1976293137
https://openalex.org/W1976904446
https://openalex.org/W1977129663
https://openalex.org/W1978438722
https://openalex.org/W198100496
https://openalex.org/W1981245148
https://openalex.org/W1981310587
https://openalex.org/W1982135000
https://openalex.org/W1983356752
https://openalex.org/W1985942916
https://openalex.org/W1986497722
https://openalex.org/W1987590962
https://openalex.org/W1987989996
https://openalex.org/W1988536430
https://openalex.org/W1988542252
https://openalex.org/W1988788308
https://openalex.org/W1989414804
https://openalex.org/W1991468425
https://openalex.org/W1992103231
https://openalex.org/W1992520969
https://openalex.org/W1992773079
https://openalex.org/W1994621776
https://openalex.org/W1997489922
https://openalex.org/W1999260826
https://openalex.org/W2000012314
https://openalex.org/W2000368353
https://openalex.org/W2001552696
https://openalex.org/W2001996679
https://openalex.org/W2002025042
https://openalex.org/W2002550654
https://openalex.org/W2005849863
https://openalex.org/W2006951611
https://openalex.org/W2007894897
https://openalex.org/W2008012352
https://openalex.org/W2008460261
https://openalex.org/W2010276396
https://openalex.org/W2011079751
https://openalex.org/W2012160186
https://openalex.org/W2012719809
https://openalex.org/W201337347
https://openalex.org/W2013919308
https://openalex.org/W2014625654
https://openalex.org/W2014819555
https://openalex.org/W2014894177
https://openalex.org/W2015031745
https://openalex.org/W2017949564
https://openalex.org/W2018454240
https://openalex.org/W2019545799
https://openalex.org/W2020359451
https://openalex.org/W2021692845
https://openalex.org/W2022198709
https://openalex.org/W2023824506
https://openalex.org/W2023838039
https://openalex.org/W2023888751
https://openalex.org/W2025132330
https://openalex.org/W2025328528
https://openalex.org/W2026974483
https://openalex.org/W2027848659
https://openalex.org/W2029554772
https://openalex.org/W2030056077
https://openalex.org/W2032588024
https://openalex.org/W2033608498
https://openalex.org/W2033929127
https://openalex.org/W2034759419
https://openalex.org/W2034806921
https://openalex.org/W2035017392
https://openalex.org/W2036258065
https://openalex.org/W2036528253
https://openalex.org/W2036704552
https://openalex.org/W2037547618
https://openalex.org/W2037577995
https://openalex.org/W2039633402
https://openalex.org/W2044846602
https://openalex.org/W2045091369
https://openalex.org/W2046247591
https://openalex.org/W2046689349
https://openalex.org/W2047791500
https://openalex.org/W2048656007
https://openalex.org/W2049239151
https://openalex.org/W2050085006
https://openalex.org/W2051183119
https://openalex.org/W2053867076
https://openalex.org/W2054053832
https://openalex.org/W2054168233
https://openalex.org/W2054691853
https://openalex.org/W2054996773
https://openalex.org/W2057819975
https://openalex.org/W2058994309
https://openalex.org/W2059880727
https://openalex.org/W2060183392
https://openalex.org/W2063064586
https://openalex.org/W2063644979
https://openalex.org/W2065401738
https://openalex.org/W2066557297
https://openalex.org/W2066852142
https://openalex.org/W2067010385
https://openalex.org/W2070014780
https://openalex.org/W2071309020
https://openalex.org/W2074465212
https://openalex.org/W2075256644
https://openalex.org/W2075503971
https://openalex.org/W2077311553
https://openalex.org/W2077905637
https://openalex.org/W2078455446
https://openalex.org/W2081893240
https://openalex.org/W2081912409
https://openalex.org/W2083430835
https://openalex.org/W2084132441
https://openalex.org/W2087009219
https://openalex.org/W2090290201
https://openalex.org/W2093971764
https://openalex.org/W2095007568
https://openalex.org/W2096482653
https://openalex.org/W2097079221
https://openalex.org/W2100503492
https://openalex.org/W2100689119
https://openalex.org/W2103310204
https://openalex.org/W2103318924
https://openalex.org/W2106952030
https://openalex.org/W2108408391
https://openalex.org/W2116493262
https://openalex.org/W2117510830
https://openalex.org/W2120894116
https://openalex.org/W2125427700
https://openalex.org/W2127057762
https://openalex.org/W2135513578
https://openalex.org/W2140094934
https://openalex.org/W2145579734
https://openalex.org/W2145632206
https://openalex.org/W2146927714
https://openalex.org/W2150797695
https://openalex.org/W2152059859
https://openalex.org/W2157875835
https://openalex.org/W2159173400
https://openalex.org/W2160542226
https://openalex.org/W2161796900
https://openalex.org/W2162531844
https://openalex.org/W2164207810
https://openalex.org/W2164419193
https://openalex.org/W2166236578
https://openalex.org/W2167164379
https://openalex.org/W2169605178
https://openalex.org/W2181008822
https://openalex.org/W2181359407
https://openalex.org/W2182094631
https://openalex.org/W2182866403
https://openalex.org/W2183011638
https://openalex.org/W2183390643
https://openalex.org/W2183775918
https://openalex.org/W2184739618
https://openalex.org/W2185960916
https://openalex.org/W2186287106
https://openalex.org/W2186930904
https://openalex.org/W2187264577
https://openalex.org/W2188196053
https://openalex.org/W2188744520
https://openalex.org/W2196406196
https://openalex.org/W2197146185
https://openalex.org/W2202903053
https://openalex.org/W2205351629
https://openalex.org/W2210474185
https://openalex.org/W2217845940
https://openalex.org/W2218075469
https://openalex.org/W2221757901
https://openalex.org/W2223101926
https://openalex.org/W2225210080
https://openalex.org/W2225584797
https://openalex.org/W2228348373
https://openalex.org/W2232702623
https://openalex.org/W2237929560
https://openalex.org/W2239340611
https://openalex.org/W2242025800
https://openalex.org/W2245761183
https://openalex.org/W2246734419
https://openalex.org/W2249493340
https://openalex.org/W2254977879
https://openalex.org/W2255419227
https://openalex.org/W2257064401
https://openalex.org/W2258328295
https://openalex.org/W2258533726
https://openalex.org/W2261243761
https://openalex.org/W2261640749
https://openalex.org/W2270835763
https://openalex.org/W2270984028
https://openalex.org/W2271934910
https://openalex.org/W227212671
https://openalex.org/W2273734625
https://openalex.org/W2276370172
https://openalex.org/W2276989123
https://openalex.org/W2277216736
https://openalex.org/W2283293184
https://openalex.org/W2283630560
https://openalex.org/W2284366023
https://openalex.org/W2285070353
https://openalex.org/W2285865194
https://openalex.org/W2286493120
https://openalex.org/W2288189218
https://openalex.org/W2288923214
https://openalex.org/W2289163056
https://openalex.org/W2289598801
https://openalex.org/W2290332082
https://openalex.org/W22934951
https://openalex.org/W2294405606
https://openalex.org/W2296207311
https://openalex.org/W2301653888
https://openalex.org/W2302717410
https://openalex.org/W2305809600
https://openalex.org/W2313146983
https://openalex.org/W2313337829
https://openalex.org/W2313699263
https://openalex.org/W2313722333
https://openalex.org/W2314009504
https://openalex.org/W2315035521
https://openalex.org/W2315794247
https://openalex.org/W2315812636
https://openalex.org/W2316037551
https://openalex.org/W2316161253
https://openalex.org/W2316444494
https://openalex.org/W2316727942
https://openalex.org/W2317463426
https://openalex.org/W2318126531
https://openalex.org/W2318733967
https://openalex.org/W2318873375
https://openalex.org/W2318954565
https://openalex.org/W2318991579
https://openalex.org/W2320287987
https://openalex.org/W2320659213
https://openalex.org/W2321076121
https://openalex.org/W2321099689
https://openalex.org/W2321535888
https://openalex.org/W2321700133
https://openalex.org/W2321782142
https://openalex.org/W2322224935
https://openalex.org/W2322245094
https://openalex.org/W2322288509
https://openalex.org/W2322413950
https://openalex.org/W2323038560
https://openalex.org/W2323478645
https://openalex.org/W2323488121
https://openalex.org/W2323516412
https://openalex.org/W2323537904
https://openalex.org/W2323693164
https://openalex.org/W2324430487
https://openalex.org/W2324568718
https://openalex.org/W2324760905
https://openalex.org/W2324983921
https://openalex.org/W23250051
https://openalex.org/W2325629626
https://openalex.org/W2326418537
https://openalex.org/W2327372146
https://openalex.org/W2327760473
https://openalex.org/W2328595240
https://openalex.org/W2329477455
https://openalex.org/W2329631454
https://openalex.org/W2331556647
https://openalex.org/W2331756835
https://openalex.org/W2332513911
https://openalex.org/W2332916417
https://openalex.org/W2332924355
https://openalex.org/W2333435565
https://openalex.org/W2333978978
https://openalex.org/W2334221966
https://openalex.org/W2334996152
https://openalex.org/W2335743802
https://openalex.org/W2335768398
https://openalex.org/W2336184964
https://openalex.org/W2336212234
https://openalex.org/W2336975025
https://openalex.org/W2339316126
https://openalex.org/W2339407169
https://openalex.org/W2339483052
https://openalex.org/W2342002960
https://openalex.org/W2344612278
https://openalex.org/W2345324828
https://openalex.org/W2346882731
https://openalex.org/W235716922
https://openalex.org/W2364927824
https://openalex.org/W2365767013
https://openalex.org/W2366057001
https://openalex.org/W2375404941
https://openalex.org/W2394903876
https://openalex.org/W2395300402
https://openalex.org/W2396720743
https://openalex.org/W2396997186
https://openalex.org/W2397150639
https://openalex.org/W2397650415
https://openalex.org/W2399785748
https://openalex.org/W2400102012
https://openalex.org/W2401392445
https://openalex.org/W2405099721
https://openalex.org/W2406404197
https://openalex.org/W2407897804
https://openalex.org/W2408325726
https://openalex.org/W2409984237
https://openalex.org/W2410963394
https://openalex.org/W2411277015
https://openalex.org/W2411489324
https://openalex.org/W2412370381
https://openalex.org/W2412825833
https://openalex.org/W2413942457
https://openalex.org/W2414091477
https://openalex.org/W2414233251
https://openalex.org/W2414500882
https://openalex.org/W2415298646
https://openalex.org/W2415432098
https://openalex.org/W2416150327
https://openalex.org/W2416644808
https://openalex.org/W2417560634
https://openalex.org/W2417796636
https://openalex.org/W2417864553
https://openalex.org/W2417989492
https://openalex.org/W2418368000
https://openalex.org/W2419121799
https://openalex.org/W2419274078
https://openalex.org/W2419596840
https://openalex.org/W2420394095
https://openalex.org/W2426337216
https://openalex.org/W2430986866
https://openalex.org/W2431138809
https://openalex.org/W2432798515
https://openalex.org/W2434365208
https://openalex.org/W2439957470
https://openalex.org/W2440196793
https://openalex.org/W2440211149
https://openalex.org/W2440856964
https://openalex.org/W2443665029
https://openalex.org/W2460500420
https://openalex.org/W2461002704
https://openalex.org/W2462834809
https://openalex.org/W2464100961
https://openalex.org/W2465058589
https://openalex.org/W2465768416
https://openalex.org/W2466127035
https://openalex.org/W2467371547
https://openalex.org/W2467404762
https://openalex.org/W2469292725
https://openalex.org/W2470701197
https://openalex.org/W2471363813
https://openalex.org/W2471416871
https://openalex.org/W2471726849
https://openalex.org/W2472642271
https://openalex.org/W2473569786
https://openalex.org/W2474198504
https://openalex.org/W2474641261
https://openalex.org/W2477342547
https://openalex.org/W2477711734
https://openalex.org/W2479848819
https://openalex.org/W2485214313
https://openalex.org/W2487410597
https://openalex.org/W2489726840
https://openalex.org/W2489940250
https://openalex.org/W2490279046
https://openalex.org/W2491694600
https://openalex.org/W2492230082
https://openalex.org/W2493362478
https://openalex.org/W2495179572
https://openalex.org/W2495329982
https://openalex.org/W2495499381
https://openalex.org/W2496511557
https://openalex.org/W2501424374
https://openalex.org/W2504343514
https://openalex.org/W2505121356
https://openalex.org/W2506685910
https://openalex.org/W2507544113
https://openalex.org/W2507754490
https://openalex.org/W2510101391
https://openalex.org/W2510617561
https://openalex.org/W2510882487
https://openalex.org/W2512432101
https://openalex.org/W2514715769
https://openalex.org/W2515885585
https://openalex.org/W2516013629
https://openalex.org/W2517741173
https://openalex.org/W2517882489
https://openalex.org/W2519300901
https://openalex.org/W2519669774
https://openalex.org/W2520784811
https://openalex.org/W2521663466
https://openalex.org/W2522744548
https://openalex.org/W2523814636
https://openalex.org/W2524586682
https://openalex.org/W2526402175
https://openalex.org/W2527126255
https://openalex.org/W2527831040
https://openalex.org/W2529225435
https://openalex.org/W2529385863
https://openalex.org/W2529673621
https://openalex.org/W2531244093
https://openalex.org/W2532180211
https://openalex.org/W2532899094
https://openalex.org/W2533685015
https://openalex.org/W2533739855
https://openalex.org/W2533970884
https://openalex.org/W2536645372
https://openalex.org/W2536884096
https://openalex.org/W2537276926
https://openalex.org/W2538073505
https://openalex.org/W2546626751
https://openalex.org/W2550211933
https://openalex.org/W2551909791
https://openalex.org/W2552020785
https://openalex.org/W2557674521
https://openalex.org/W2559100817
https://openalex.org/W2559169662
https://openalex.org/W2559468065
https://openalex.org/W2560375533
https://openalex.org/W2560563625
https://openalex.org/W2562509044
https://openalex.org/W2563343588
https://openalex.org/W2564168669
https://openalex.org/W2564220815
https://openalex.org/W2564716559
https://openalex.org/W2565892968
https://openalex.org/W2565902705
https://openalex.org/W2566299231
https://openalex.org/W2566483581
https://openalex.org/W2566745011
https://openalex.org/W2567713057
https://openalex.org/W2567764448
https://openalex.org/W2569010276
https://openalex.org/W2569327051
https://openalex.org/W2569919334
https://openalex.org/W2574979124
https://openalex.org/W2578396233
https://openalex.org/W2579244032
https://openalex.org/W2580518945
https://openalex.org/W2580674274
https://openalex.org/W2582520234
https://openalex.org/W2582815419
https://openalex.org/W2583158905
https://openalex.org/W2583266175
https://openalex.org/W2584921241
https://openalex.org/W2585608350
https://openalex.org/W2586328710
https://openalex.org/W2588016650
https://openalex.org/W2588439890
https://openalex.org/W2589218722
https://openalex.org/W2590400928
https://openalex.org/W2590989184
https://openalex.org/W2591399942
https://openalex.org/W2591853860
https://openalex.org/W2592026915
https://openalex.org/W2592638300
https://openalex.org/W2593907811
https://openalex.org/W2594340192
https://openalex.org/W2594451570
https://openalex.org/W2595271834
https://openalex.org/W2596787886
https://openalex.org/W2597745206
https://openalex.org/W2600118381
https://openalex.org/W2600287894
https://openalex.org/W2602381063
https://openalex.org/W2603411599
https://openalex.org/W2604474202
https://openalex.org/W2604722802
https://openalex.org/W2606918571
https://openalex.org/W2607897297
https://openalex.org/W2611505042
https://openalex.org/W2611994723
https://openalex.org/W2612084610
https://openalex.org/W2613152137
https://openalex.org/W2613231538
https://openalex.org/W2614092926
https://openalex.org/W2615497915
https://openalex.org/W2615640997
https://openalex.org/W2619219082
https://openalex.org/W2621637899
https://openalex.org/W2624021369
https://openalex.org/W2624987412
https://openalex.org/W2625046203
https://openalex.org/W2625533815
https://openalex.org/W2626453690
https://openalex.org/W2627718183
https://openalex.org/W2635663592
https://openalex.org/W2645180752
https://openalex.org/W2653728657
https://openalex.org/W2660142069
https://openalex.org/W2661204187
https://openalex.org/W2663644229
https://openalex.org/W2671374339
https://openalex.org/W2683531419
https://openalex.org/W2687112986
https://openalex.org/W2691332978
https://openalex.org/W2693703924
https://openalex.org/W2695606465
https://openalex.org/W2695816039
https://openalex.org/W2697468395
https://openalex.org/W2698067503
https://openalex.org/W2714633321
https://openalex.org/W2724409133
https://openalex.org/W2724461222
https://openalex.org/W2728328153
https://openalex.org/W2728352948
https://openalex.org/W2733338879
https://openalex.org/W2734359508
https://openalex.org/W2734364828
https://openalex.org/W2734586050
https://openalex.org/W2734616486
https://openalex.org/W2734661526
https://openalex.org/W2734706146
https://openalex.org/W2734902126
https://openalex.org/W2734932627
https://openalex.org/W2734974970
https://openalex.org/W2735118770
https://openalex.org/W2735128990
https://openalex.org/W2735189031
https://openalex.org/W2735246305
https://openalex.org/W2735293617
https://openalex.org/W2735297991
https://openalex.org/W2735624728
https://openalex.org/W2735724460
https://openalex.org/W2735725150
https://openalex.org/W2735767139
https://openalex.org/W2735820307
https://openalex.org/W2736028583
https://openalex.org/W2736098125
https://openalex.org/W2736147034
https://openalex.org/W2736169421
https://openalex.org/W2736463978
https://openalex.org/W2739986313
https://openalex.org/W2740176902
https://openalex.org/W2740389730
https://openalex.org/W2742332844
https://openalex.org/W2743384706
https://openalex.org/W2743478159
https://openalex.org/W2743750363
https://openalex.org/W2743764431
https://openalex.org/W2743841115
https://openalex.org/W2743859236
https://openalex.org/W2744087182
https://openalex.org/W2744282247
https://openalex.org/W2744764679
https://openalex.org/W2744806913
https://openalex.org/W2745063064
https://openalex.org/W2745118069
https://openalex.org/W2745143293
https://openalex.org/W2745648621
https://openalex.org/W2746478453
https://openalex.org/W2746512362
https://openalex.org/W2746941152
https://openalex.org/W2747737834
https://openalex.org/W2748394608
https://openalex.org/W2749453561
https://openalex.org/W2749776203
https://openalex.org/W2750875281
https://openalex.org/W2750991441
https://openalex.org/W2751016851
https://openalex.org/W2751248289
https://openalex.org/W2751841972
https://openalex.org/W2755769463
https://openalex.org/W2758389400
https://openalex.org/W2761398239
https://openalex.org/W2765090257
https://openalex.org/W2766120176
https://openalex.org/W2766504771
https://openalex.org/W2766510450
https://openalex.org/W2769424730
https://openalex.org/W2771158823
https://openalex.org/W2771234620
https://openalex.org/W2772338687
https://openalex.org/W2772702920
https://openalex.org/W2774614816
https://openalex.org/W2774909513
https://openalex.org/W2775467100
https://openalex.org/W2775563500
https://openalex.org/W2780884910
https://openalex.org/W2781211367
https://openalex.org/W2789493301
https://openalex.org/W2792452362
https://openalex.org/W2795285329
https://openalex.org/W2796031550
https://openalex.org/W2796285428
https://openalex.org/W2796513555
https://openalex.org/W2796588060
https://openalex.org/W2800171399
https://openalex.org/W2800274999
https://openalex.org/W2800902875
https://openalex.org/W2802011737
https://openalex.org/W2802252913
https://openalex.org/W2802511980
https://openalex.org/W2802710890
https://openalex.org/W2802972746
https://openalex.org/W2803005055
https://openalex.org/W2803134074
https://openalex.org/W2803867691
https://openalex.org/W2803993400
https://openalex.org/W2804985256
https://openalex.org/W2807284053
https://openalex.org/W2884029769
https://openalex.org/W2885985216
https://openalex.org/W2886933777
https://openalex.org/W2887063392
https://openalex.org/W2887140385
https://openalex.org/W2887586015
https://openalex.org/W2888373367
https://openalex.org/W2888844234
https://openalex.org/W2888845451
https://openalex.org/W2889113634
https://openalex.org/W2889244223
https://openalex.org/W2889365631
https://openalex.org/W2891622005
https://openalex.org/W2892203301
https://openalex.org/W2893745739
https://openalex.org/W2894308446
https://openalex.org/W2894406678
https://openalex.org/W2894528953
https://openalex.org/W2895632176
https://openalex.org/W2896359906
https://openalex.org/W2896558091
https://openalex.org/W2896771346
https://openalex.org/W2897169944
https://openalex.org/W2897318629
https://openalex.org/W2897322699
https://openalex.org/W2897584911
https://openalex.org/W2897594996
https://openalex.org/W2897707311
https://openalex.org/W2898401413
https://openalex.org/W2898438481
https://openalex.org/W2898755438
https://openalex.org/W2899002982
https://openalex.org/W2899067010
https://openalex.org/W2899716314
https://openalex.org/W2901538409
https://openalex.org/W2902674026
https://openalex.org/W2903490173
https://openalex.org/W2903574737
https://openalex.org/W2904427948
https://openalex.org/W2906046383
https://openalex.org/W2906218989
https://openalex.org/W2906712397
https://openalex.org/W2909392024
https://openalex.org/W2909819910
https://openalex.org/W2910111137
https://openalex.org/W2911792421
https://openalex.org/W2912156928
https://openalex.org/W2912427538
https://openalex.org/W2912834354
https://openalex.org/W2913006881
https://openalex.org/W2913324658
https://openalex.org/W2913385231
https://openalex.org/W2914695707
https://openalex.org/W2914854125
https://openalex.org/W2914977693
https://openalex.org/W2916697265
https://openalex.org/W2917547202
https://openalex.org/W2918515954
https://openalex.org/W2921001581
https://openalex.org/W2921020943
https://openalex.org/W2921957033
https://openalex.org/W2922110540
https://openalex.org/W2923494708
https://openalex.org/W2924386261
https://openalex.org/W2925113956
https://openalex.org/W2925187210
https://openalex.org/W2936552259
https://openalex.org/W2936930706
https://openalex.org/W2937347957
https://openalex.org/W2937659457
https://openalex.org/W2940698638
https://openalex.org/W2941102824
https://openalex.org/W2941446859
https://openalex.org/W2941660412
https://openalex.org/W2941701467
https://openalex.org/W2942338562
https://openalex.org/W2942821062
https://openalex.org/W2942994225
https://openalex.org/W2943795624
https://openalex.org/W2944278754
https://openalex.org/W2945064393
https://openalex.org/W2945791051
https://openalex.org/W2945943476
https://openalex.org/W2946366574
https://openalex.org/W2947766882
https://openalex.org/W2948221756
https://openalex.org/W2949960041
https://openalex.org/W2950432637
https://openalex.org/W2951205528
https://openalex.org/W2951373210
https://openalex.org/W2951587875
https://openalex.org/W2951821067
https://openalex.org/W2951925977
https://openalex.org/W2952361107
https://openalex.org/W2952950535
https://openalex.org/W2953070113
https://openalex.org/W2953974443
https://openalex.org/W2955254477
https://openalex.org/W2955583046
https://openalex.org/W2956702427
https://openalex.org/W2962680027
https://openalex.org/W2962762711
https://openalex.org/W2963051466
https://openalex.org/W2963061653
https://openalex.org/W2963280242
https://openalex.org/W2963622419
https://openalex.org/W2963918179
https://openalex.org/W2963944989
https://openalex.org/W2964306679
https://openalex.org/W2964738479
https://openalex.org/W2966759413
https://openalex.org/W2967858081
https://openalex.org/W2969392724
https://openalex.org/W2969497369
https://openalex.org/W2969549568
https://openalex.org/W2969925307
https://openalex.org/W2969992145
https://openalex.org/W2972806635
https://openalex.org/W2973125463
https://openalex.org/W2973407724
https://openalex.org/W2973573485
https://openalex.org/W2973640790
https://openalex.org/W2973735649
https://openalex.org/W2973761900
https://openalex.org/W2973915459
https://openalex.org/W2974549040
https://openalex.org/W2974782983
https://openalex.org/W2974977995
https://openalex.org/W2976159984
https://openalex.org/W2977518867
https://openalex.org/W2977975938
https://openalex.org/W2978495121
https://openalex.org/W2978804043
https://openalex.org/W2978900965
https://openalex.org/W2979053984
https://openalex.org/W2979426838
https://openalex.org/W2980287224
https://openalex.org/W2980358476
https://openalex.org/W2980387267
https://openalex.org/W2980471114
https://openalex.org/W2980687608
https://openalex.org/W2981017858
https://openalex.org/W2981122869
https://openalex.org/W2981270004
https://openalex.org/W2982159248
https://openalex.org/W2983001604
https://openalex.org/W2987202828
https://openalex.org/W2987880106
https://openalex.org/W2988709267
https://openalex.org/W2989685791
https://openalex.org/W2990024390
https://openalex.org/W2992622168
https://openalex.org/W2992821490
https://openalex.org/W2993831404
https://openalex.org/W2996186897
https://openalex.org/W2997307955
https://openalex.org/W2997593989
https://openalex.org/W2998233795
https://openalex.org/W3002942096
https://openalex.org/W3003610886
https://openalex.org/W3005071552
https://openalex.org/W3006048858
https://openalex.org/W3009592410
https://openalex.org/W3009660036
https://openalex.org/W3009693302
https://openalex.org/W3011672051
https://openalex.org/W3012979489
https://openalex.org/W3013287094
https://openalex.org/W3013357248
https://openalex.org/W3013456035
https://openalex.org/W3013612546
https://openalex.org/W3013620441
https://openalex.org/W3014026826
https://openalex.org/W3014534338
https://openalex.org/W3015392488
https://openalex.org/W3015610125
https://openalex.org/W3016868991
https://openalex.org/W3017046429
https://openalex.org/W3020381030
https://openalex.org/W3021193370
https://openalex.org/W3021228976
https://openalex.org/W3022350007
https://openalex.org/W3022412222
https://openalex.org/W3023060518
https://openalex.org/W3023200331
https://openalex.org/W3023765243
https://openalex.org/W3026248575
https://openalex.org/W3028361378
https://openalex.org/W3029054828
https://openalex.org/W3033544100
https://openalex.org/W3034182644
https://openalex.org/W3034236317
https://openalex.org/W3034746414
https://openalex.org/W3034830037
https://openalex.org/W3036130486
https://openalex.org/W3037812991
https://openalex.org/W3038423437
https://openalex.org/W3039091765
https://openalex.org/W3040770034
https://openalex.org/W3041118467
https://openalex.org/W3041661093
https://openalex.org/W3041823885
https://openalex.org/W3045383221
https://openalex.org/W3045993463
https://openalex.org/W3046450501
https://openalex.org/W3049429147
https://openalex.org/W3081804465
https://openalex.org/W3081804911
https://openalex.org/W3082002011
https://openalex.org/W3082641175
https://openalex.org/W3083077693
https://openalex.org/W3084604414
https://openalex.org/W3085627454
https://openalex.org/W3086051846
https://openalex.org/W3087483053
https://openalex.org/W3087997037
https://openalex.org/W3088184169
https://openalex.org/W3088302572
https://openalex.org/W3090010033
https://openalex.org/W3090240260
https://openalex.org/W3090958848
https://openalex.org/W3091977820
https://openalex.org/W3092501660
https://openalex.org/W3093122181
https://openalex.org/W3094561296
https://openalex.org/W3095603897
https://openalex.org/W3096127662
https://openalex.org/W3101739984
https://openalex.org/W3103381239
https://openalex.org/W3105544478
https://openalex.org/W3107683301
https://openalex.org/W3110709846
https://openalex.org/W3110733847
https://openalex.org/W3110757752
https://openalex.org/W3110789234
https://openalex.org/W3110796262
https://openalex.org/W3110813878
https://openalex.org/W3110838995
https://openalex.org/W3110869727
https://openalex.org/W3110881466
https://openalex.org/W3110884819
https://openalex.org/W3110978107
https://openalex.org/W3110998325
https://openalex.org/W3111003161
https://openalex.org/W3111025710
https://openalex.org/W3111082006
https://openalex.org/W3111198869
https://openalex.org/W3111243133
https://openalex.org/W3111255720
https://openalex.org/W3111283410
https://openalex.org/W3111301546
https://openalex.org/W3111354146
https://openalex.org/W3111405094
https://openalex.org/W3111586268
https://openalex.org/W3111630878
https://openalex.org/W3111688953
https://openalex.org/W3111691676
https://openalex.org/W3111784223
https://openalex.org/W3111788997
https://openalex.org/W3111794781
https://openalex.org/W3111802957
https://openalex.org/W3111850697
https://openalex.org/W3111865601
https://openalex.org/W3112007190
https://openalex.org/W3112017988
https://openalex.org/W3112043321
https://openalex.org/W3112110450
https://openalex.org/W3112119209
https://openalex.org/W3112255081
https://openalex.org/W3112271618
https://openalex.org/W3112359036
https://openalex.org/W3112379016
https://openalex.org/W3112387202
https://openalex.org/W3112407624
https://openalex.org/W3112436037
https://openalex.org/W3112439952
https://openalex.org/W3112457915
https://openalex.org/W3112465375
https://openalex.org/W3112511635
https://openalex.org/W3112577233
https://openalex.org/W3112615407
https://openalex.org/W3112625400
https://openalex.org/W3112669927
https://openalex.org/W3112698433
https://openalex.org/W3112763612
https://openalex.org/W3112844502
https://openalex.org/W3112867379
https://openalex.org/W3112892618
https://openalex.org/W3112898354
https://openalex.org/W3112906383
https://openalex.org/W3112907750
https://openalex.org/W3112912076
https://openalex.org/W3112916376
https://openalex.org/W3112942203
https://openalex.org/W3112994072
https://openalex.org/W3113005749
https://openalex.org/W3113070396
https://openalex.org/W3113129836
https://openalex.org/W3113182213
https://openalex.org/W3113280613
https://openalex.org/W3113302166
https://openalex.org/W3113305950
https://openalex.org/W3113347085
https://openalex.org/W3113350228
https://openalex.org/W3113531859
https://openalex.org/W3113720216
https://openalex.org/W3113792484
https://openalex.org/W3113794273
https://openalex.org/W3113976560
https://openalex.org/W3114134613
https://openalex.org/W3114153364
https://openalex.org/W3114432167
https://openalex.org/W3115014021
https://openalex.org/W3116394874
https://openalex.org/W3116734700
https://openalex.org/W3116902627
https://openalex.org/W3116970111
https://openalex.org/W3117024035
https://openalex.org/W3117160277
https://openalex.org/W3117395550
https://openalex.org/W3118386680
https://openalex.org/W3118500531
https://openalex.org/W3118636275
https://openalex.org/W3118812839
https://openalex.org/W3119081325
https://openalex.org/W3119201908
https://openalex.org/W3120502581
https://openalex.org/W3120963002
https://openalex.org/W3122001505
https://openalex.org/W3122828065
https://openalex.org/W3123541386
https://openalex.org/W3124281931
https://openalex.org/W3126928569
https://openalex.org/W3127371179
https://openalex.org/W3127597095
https://openalex.org/W3127784000
https://openalex.org/W3128661000
https://openalex.org/W3128908256
https://openalex.org/W3129518758
https://openalex.org/W3131470125
https://openalex.org/W3134300657
https://openalex.org/W3134451180
https://openalex.org/W3137615596
https://openalex.org/W3137755496
https://openalex.org/W3138053785
https://openalex.org/W3144258147
https://openalex.org/W3144641371
https://openalex.org/W3145676042
https://openalex.org/W3146170540
https://openalex.org/W3148717882
https://openalex.org/W3150500543
https://openalex.org/W3151135381
https://openalex.org/W3152497728
https://openalex.org/W3152749245
https://openalex.org/W3153013409
https://openalex.org/W3153166125
https://openalex.org/W3154801341
https://openalex.org/W3155940398
https://openalex.org/W3155992831
https://openalex.org/W3157176913
https://openalex.org/W3157476226
https://openalex.org/W3158252650
https://openalex.org/W3158876629
https://openalex.org/W3160145073
https://openalex.org/W3160801402
https://openalex.org/W3160821768
https://openalex.org/W3160866587
https://openalex.org/W3160959337
https://openalex.org/W3162840248
https://openalex.org/W3163293903
https://openalex.org/W3163347540
https://openalex.org/W3163370989
https://openalex.org/W3163955790
https://openalex.org/W3164195835
https://openalex.org/W3164345643
https://openalex.org/W3164465591
https://openalex.org/W3165222125
https://openalex.org/W3165374767
https://openalex.org/W3165695195
https://openalex.org/W3166429004
https://openalex.org/W3167850505
https://openalex.org/W3168300304
https://openalex.org/W3168418925
https://openalex.org/W3170578793
https://openalex.org/W317103841
https://openalex.org/W3172146799
https://openalex.org/W3172747357
https://openalex.org/W3172858146
https://openalex.org/W3172949986
https://openalex.org/W3173432947
https://openalex.org/W3173607733
https://openalex.org/W3174029778
https://openalex.org/W3174045741
https://openalex.org/W3174762200
https://openalex.org/W3174856294
https://openalex.org/W3175565150
https://openalex.org/W3175830177
https://openalex.org/W3176579951
https://openalex.org/W3177067478
https://openalex.org/W3177718778
https://openalex.org/W3180667442
https://openalex.org/W3181007845
https://openalex.org/W3181259346
https://openalex.org/W3184826487
https://openalex.org/W3185183760
https://openalex.org/W3186129440
https://openalex.org/W3186408912
https://openalex.org/W3187478487
https://openalex.org/W3187878563
https://openalex.org/W3188102280
https://openalex.org/W3189420462
https://openalex.org/W3189460960
https://openalex.org/W3190478016
https://openalex.org/W3191367103
https://openalex.org/W3191890809
https://openalex.org/W3193908723
https://openalex.org/W3194060718
https://openalex.org/W3195527190
https://openalex.org/W3196311122
https://openalex.org/W3202691639
https://openalex.org/W3203175305
https://openalex.org/W3204178210
https://openalex.org/W3204484039
https://openalex.org/W3204515372
https://openalex.org/W3204901588
https://openalex.org/W3205795141
https://openalex.org/W3208171344
https://openalex.org/W3208746497
https://openalex.org/W3209102113
https://openalex.org/W3209410844
https://openalex.org/W3209715912
https://openalex.org/W3210716453
https://openalex.org/W3211110682
https://openalex.org/W3212910668
https://openalex.org/W3214198168
https://openalex.org/W3214582836
https://openalex.org/W3214925089
https://openalex.org/W3215046813
https://openalex.org/W3215095942
https://openalex.org/W3216822473
https://openalex.org/W3217264352
https://openalex.org/W3217671114
https://openalex.org/W329536775
https://openalex.org/W34511636
https://openalex.org/W350808043
https://openalex.org/W354654608
https://openalex.org/W361242552
https://openalex.org/W364330172
https://openalex.org/W380027308
https://openalex.org/W400107986
https://openalex.org/W403207964
https://openalex.org/W403952305
https://openalex.org/W404038835
https://openalex.org/W414974620
https://openalex.org/W4200004831
https://openalex.org/W4200047419
https://openalex.org/W4200167873
https://openalex.org/W4200259472
https://openalex.org/W4200503340
https://openalex.org/W4205139756
https://openalex.org/W4205216030
https://openalex.org/W4205224756
https://openalex.org/W4205263446
https://openalex.org/W4205346000
https://openalex.org/W4205370367
https://openalex.org/W4205380534
https://openalex.org/W4205529484
https://openalex.org/W4205618642
https://openalex.org/W4205661962
https://openalex.org/W4205933387
https://openalex.org/W4205966200
https://openalex.org/W4205973684
https://openalex.org/W4206060814
https://openalex.org/W4206734465
https://openalex.org/W4210291083
https://openalex.org/W4210590525
https://openalex.org/W4210598040
https://openalex.org/W4212865965
https://openalex.org/W4212866123
https://openalex.org/W4214764312
https://openalex.org/W4214845740
https://openalex.org/W4220704011
https://openalex.org/W4220716750
https://openalex.org/W4220738939
https://openalex.org/W4220799286
https://openalex.org/W4220891304
https://openalex.org/W4220904233
https://openalex.org/W4220931757
https://openalex.org/W4221052786
https://openalex.org/W4221160415
https://openalex.org/W4223950617
https://openalex.org/W4223992644
https://openalex.org/W4224026959
https://openalex.org/W4224298160
https://openalex.org/W4224315261
https://openalex.org/W4225012759
https://openalex.org/W4225412761
https://openalex.org/W4225480814
https://openalex.org/W4225866743
https://openalex.org/W4226018516
https://openalex.org/W4226113153
https://openalex.org/W4226255169
https://openalex.org/W4226459212
https://openalex.org/W4229862065
https://openalex.org/W4230144772
https://openalex.org/W4230520700
https://openalex.org/W4230616579
https://openalex.org/W4230971093
https://openalex.org/W4231914660
https://openalex.org/W4232229829
https://openalex.org/W4232534223
https://openalex.org/W423285453
https://openalex.org/W4233591629
https://openalex.org/W4233788375
https://openalex.org/W4234074770
https://openalex.org/W4234726762
https://openalex.org/W4234893429
https://openalex.org/W4235087836
https://openalex.org/W4235890204
https://openalex.org/W4236162115
https://openalex.org/W4236299943
https://openalex.org/W4236680967
https://openalex.org/W4236725282
https://openalex.org/W4236811258
https://openalex.org/W4237920530
https://openalex.org/W4238090403
https://openalex.org/W4238093586
https://openalex.org/W4238183141
https://openalex.org/W4238264100
https://openalex.org/W4238858192
https://openalex.org/W4239493822
https://openalex.org/W4239663287
https://openalex.org/W4240211828
https://openalex.org/W4240386715
https://openalex.org/W4240407993
https://openalex.org/W4240720642
https://openalex.org/W4241058486
https://openalex.org/W4241358227
https://openalex.org/W4241702638
https://openalex.org/W4241965220
https://openalex.org/W4241999305
https://openalex.org/W424202372
https://openalex.org/W4242411704
https://openalex.org/W4242496892
https://openalex.org/W4242664387
https://openalex.org/W4242930855
https://openalex.org/W4243017043
https://openalex.org/W4243282584
https://openalex.org/W4243401253
https://openalex.org/W4243689052
https://openalex.org/W4243926113
https://openalex.org/W4244343473
https://openalex.org/W4244370861
https://openalex.org/W4244387035
https://openalex.org/W4244434610
https://openalex.org/W4244743393
https://openalex.org/W4244981921
https://openalex.org/W4245282560
https://openalex.org/W4245758612
https://openalex.org/W4245818412
https://openalex.org/W4246449776
https://openalex.org/W4246631222
https://openalex.org/W4246897739
https://openalex.org/W4247378988
https://openalex.org/W4247619495
https://openalex.org/W4248142499
https://openalex.org/W4248569901
https://openalex.org/W4249979453
https://openalex.org/W4250438052
https://openalex.org/W4250666638
https://openalex.org/W4250744706
https://openalex.org/W4251620709
https://openalex.org/W4251720710
https://openalex.org/W4251784599
https://openalex.org/W4251930801
https://openalex.org/W4251988127
https://openalex.org/W4252352483
https://openalex.org/W4252953483
https://openalex.org/W4253309301
https://openalex.org/W4253627970
https://openalex.org/W4253908482
https://openalex.org/W4253989938
https://openalex.org/W4254071841
https://openalex.org/W4254165597
https://openalex.org/W4254502658
https://openalex.org/W4254941388
https://openalex.org/W4255107122
https://openalex.org/W4255291104
https://openalex.org/W4255351659
https://openalex.org/W4255979727
https://openalex.org/W4256156480
https://openalex.org/W4256244667
https://openalex.org/W4256613857
https://openalex.org/W4256656655
https://openalex.org/W426886557
https://openalex.org/W4280578869
https://openalex.org/W4281477235
https://openalex.org/W4281486021
https://openalex.org/W4281565822
https://openalex.org/W4281750381
https://openalex.org/W4282982308
https://openalex.org/W4283275933
https://openalex.org/W4283315018
https://openalex.org/W4283709234
https://openalex.org/W4283813898
https://openalex.org/W4284894948
https://openalex.org/W4285055047
https://openalex.org/W4285090143
https://openalex.org/W4286295665
https://openalex.org/W4286513788
https://openalex.org/W4286587261
https://openalex.org/W4287069336
https://openalex.org/W4287164747
https://openalex.org/W4288356952
https://openalex.org/W4292004456
https://openalex.org/W4292534110
https://openalex.org/W4293391735
https://openalex.org/W4293576577
https://openalex.org/W4293768316
https://openalex.org/W4295086843
https://openalex.org/W4295289488
https://openalex.org/W4295897814
https://openalex.org/W4296922474
https://openalex.org/W4297515714
https://openalex.org/W4297697720
https://openalex.org/W4297981281
https://openalex.org/W4298212562
https://openalex.org/W4298342461
https://openalex.org/W4298676695
https://openalex.org/W4299530837
https://openalex.org/W4300129583
https://openalex.org/W4300173103
https://openalex.org/W4300689361
https://openalex.org/W4300691264
https://openalex.org/W4301033094
https://openalex.org/W4302283867
https://openalex.org/W4303021497
https://openalex.org/W4303685938
https://openalex.org/W4308398375
https://openalex.org/W4308813804
https://openalex.org/W4309603718
https://openalex.org/W4309722955
https://openalex.org/W4309944100
https://openalex.org/W4310095849
https://openalex.org/W4310111586
https://openalex.org/W4310117087
https://openalex.org/W4310640205
https://openalex.org/W4310762139
https://openalex.org/W4310953654
https://openalex.org/W4311287535
https://openalex.org/W4311878292
https://openalex.org/W4311967900
https://openalex.org/W4312086332
https://openalex.org/W4312086378
https://openalex.org/W4312087020
https://openalex.org/W4312087187
https://openalex.org/W4312304884
https://openalex.org/W4313139072
https://openalex.org/W4313202289
https://openalex.org/W4313209640
https://openalex.org/W4313324970
https://openalex.org/W4313355842
https://openalex.org/W4313496010
https://openalex.org/W4314447447
https://openalex.org/W4316928075
https://openalex.org/W4318612168
https://openalex.org/W4318814952
https://openalex.org/W4319080188
https://openalex.org/W4319461921
https://openalex.org/W4319743837
https://openalex.org/W4320180609
https://openalex.org/W4321452751
https://openalex.org/W4321489708
https://openalex.org/W4321783881
https://openalex.org/W4322617478
https://openalex.org/W4323537474
https://openalex.org/W4323832146
https://openalex.org/W4323901103
https://openalex.org/W4324145224
https://openalex.org/W4327719403
https://openalex.org/W4327814705
https://openalex.org/W4353020401
https://openalex.org/W4353060770
https://openalex.org/W435655917
https://openalex.org/W4360584638
https://openalex.org/W4360827650
https://openalex.org/W4360905423
https://openalex.org/W4361237844
https://openalex.org/W4361237847
https://openalex.org/W4361237860
https://openalex.org/W4361237871
https://openalex.org/W4361238007
https://openalex.org/W4361238129
https://openalex.org/W4361257987
https://openalex.org/W4361258101
https://openalex.org/W4361258108
https://openalex.org/W4361804916
https://openalex.org/W4361805003
https://openalex.org/W4361805017
https://openalex.org/W4361805019
https://openalex.org/W4361805021
https://openalex.org/W4361805052
https://openalex.org/W4361805161
https://openalex.org/W4361822442
https://openalex.org/W4361838090
https://openalex.org/W4361838101
https://openalex.org/W4361838114
https://openalex.org/W4361838521
https://openalex.org/W4361847643
https://openalex.org/W4361847680
https://openalex.org/W4361864841
https://openalex.org/W4361864842
https://openalex.org/W4361864859
https://openalex.org/W4361881409
https://openalex.org/W4361882779
https://openalex.org/W4361882785
https://openalex.org/W4361882913
https://openalex.org/W4361882923
https://openalex.org/W4361882931
https://openalex.org/W4361882996
https://openalex.org/W4361883025
https://openalex.org/W4361908082
https://openalex.org/W4361908225
https://openalex.org/W4361908245
https://openalex.org/W4361909031
https://openalex.org/W4361944873
https://openalex.org/W4361947055
https://openalex.org/W4361949266
https://openalex.org/W4361951001
https://openalex.org/W4361954646
https://openalex.org/W4361961295
https://openalex.org/W4361967507
https://openalex.org/W4361968306
https://openalex.org/W4361968441
https://openalex.org/W4361968609
https://openalex.org/W4361981977
https://openalex.org/W4362014650
https://openalex.org/W4362408566
https://openalex.org/W4362416624
https://openalex.org/W4362417063
https://openalex.org/W4362426449
https://openalex.org/W4362460638
https://openalex.org/W4362462049
https://openalex.org/W4362485654
https://openalex.org/W4362485699
https://openalex.org/W4362534639
https://openalex.org/W4362534662
https://openalex.org/W4362534679
https://openalex.org/W4362534707
https://openalex.org/W4362534854
https://openalex.org/W4362534898
https://openalex.org/W4362534903
https://openalex.org/W4362541984
https://openalex.org/W4362546820
https://openalex.org/W4362560697
https://openalex.org/W4362560823
https://openalex.org/W4362560826
https://openalex.org/W4362609725
https://openalex.org/W4362609736
https://openalex.org/W4362609803
https://openalex.org/W4362609892
https://openalex.org/W4362609906
https://openalex.org/W4362610023
https://openalex.org/W4362610030
https://openalex.org/W4362612441
https://openalex.org/W4362612458
https://openalex.org/W4362640309
https://openalex.org/W4362657088
https://openalex.org/W4362660410
https://openalex.org/W4362671437
https://openalex.org/W4363646946
https://openalex.org/W4364352127
https://openalex.org/W4366144252
https://openalex.org/W4366309880
https://openalex.org/W4366976027
https://openalex.org/W4368376510
https://openalex.org/W4372291580
https://openalex.org/W4376223486
https://openalex.org/W4376851960
https://openalex.org/W4377194599
https://openalex.org/W4378230728
https://openalex.org/W4378364283
https://openalex.org/W4378649861
https://openalex.org/W4378652796
https://openalex.org/W4378674708
https://openalex.org/W4378807156
https://openalex.org/W4378976598
https://openalex.org/W4379112845
https://openalex.org/W4379260000
https://openalex.org/W4379283078
https://openalex.org/W4379621141
https://openalex.org/W4379648741
https://openalex.org/W4379648853
https://openalex.org/W4379648897
https://openalex.org/W4379650456
https://openalex.org/W4379793603
https://openalex.org/W4379793924
https://openalex.org/W4379967324
https://openalex.org/W4380319382
https://openalex.org/W4380433413
https://openalex.org/W4380681158
https://openalex.org/W4380876912
https://openalex.org/W4380883422
https://openalex.org/W4381435460
https://openalex.org/W4381710314
https://openalex.org/W4382182465
https://openalex.org/W4382502140
https://openalex.org/W4382814088
https://openalex.org/W4382982943
https://openalex.org/W4383197224
https://openalex.org/W4383335398
https://openalex.org/W4383375826
https://openalex.org/W4383480588
https://openalex.org/W4384469511
https://openalex.org/W4384470923
https://openalex.org/W4384947100
https://openalex.org/W4385230865
https://openalex.org/W4385311208
https://openalex.org/W4385390285
https://openalex.org/W4385545509
https://openalex.org/W4385630404
https://openalex.org/W4385806816
https://openalex.org/W4385839749
https://openalex.org/W4385858404
https://openalex.org/W4385953099
https://openalex.org/W4385974094
https://openalex.org/W4386046098
https://openalex.org/W4386086939
https://openalex.org/W4386121370
https://openalex.org/W4386172906
https://openalex.org/W4386206605
https://openalex.org/W4386263919
https://openalex.org/W4386403979
https://openalex.org/W4386623695
https://openalex.org/W4386740766
https://openalex.org/W4386799247
https://openalex.org/W4386803389
https://openalex.org/W4387004422
https://openalex.org/W48162621
https://openalex.org/W51677217
https://openalex.org/W54822530
https://openalex.org/W565165667
https://openalex.org/W57353742
https://openalex.org/W583370273
https://openalex.org/W583574894
https://openalex.org/W584752135
https://openalex.org/W587774647
https://openalex.org/W612221143
https://openalex.org/W6146817
https://openalex.org/W615929220
https://openalex.org/W626884869
https://openalex.org/W628472043
https://openalex.org/W631976720
https://openalex.org/W641866947
https://openalex.org/W644059902
https://openalex.org/W65421147
https://openalex.org/W68697658
https://openalex.org/W789570709
https://openalex.org/W827525316
https://openalex.org/W83300830
https://openalex.org/W838708275
https://openalex.org/W856422373
https://openalex.org/W8790353
https://openalex.org/W97088203
https://openalex.org/W980387472
https://openalex.org/W2156643487
https://openalex.org/W2053146170
https://openalex.org/W1534731743
https://openalex.org/W1966831629
https://openalex.org/W1987891430
https://openalex.org/W2163570329
https://openalex.org/W2054351373
https://openalex.org/W2146979392
https://openalex.org/W2048140690
https://openalex.org/W2754769271
https://openalex.org/W2317397529
https://openalex.org/W2089756110
https://openalex.org/W2150580148
https://openalex.org/W2336583262
https://openalex.org/W2095603321
https://openalex.org/W1970815880
https://openalex.org/W2065142552
https://openalex.org/W2808909747
https://openalex.org/W2072585576
https://openalex.org/W2076118448
https://openalex.org/W1967241081
https://openalex.org/W2890056446
https://openalex.org/W2149113393
https://openalex.org/W2098587302
https://openalex.org/W1973075378
https://openalex.org/W2133857310
https://openalex.org/W2127954824
https://openalex.org/W2170121771
https://openalex.org/W2128111264
https://openalex.org/W2056571800
https://openalex.org/W1972621040
https://openalex.org/W2135348048
https://openalex.org/W2021507021
https://openalex.org/W2554414896
https://openalex.org/W2576382126
https://openalex.org/W2092923090
https://openalex.org/W3007632958
https://openalex.org/W2015144766
https://openalex.org/W2339297050
https://openalex.org/W2110853277
https://openalex.org/W2076770315
https://openalex.org/W2025251914
https://openalex.org/W1565206912
https://openalex.org/W2144969187
https://openalex.org/W1995332691
https://openalex.org/W2969705573
https://openalex.org/W135983215
https://openalex.org/W1971560539
https://openalex.org/W2030970153
https://openalex.org/W2152203766
https://openalex.org/W2075380738
https://openalex.org/W2078227152
https://openalex.org/W2121059516
https://openalex.org/W2337275183
https://openalex.org/W2740053016
https://openalex.org/W2031165491
https://openalex.org/W1592353043
https://openalex.org/W2606911774
https://openalex.org/W1999927406
https://openalex.org/W2129241688
https://openalex.org/W2005617468
https://openalex.org/W2145661830
https://openalex.org/W2042816516
https://openalex.org/W2896268397
https://openalex.org/W2026681662
https://openalex.org/W2051346624
https://openalex.org/W2900798880
https://openalex.org/W2096267101
https://openalex.org/W2009630345
https://openalex.org/W2022133712
https://openalex.org/W2064084797
https://openalex.org/W2163924299
https://openalex.org/W2572443185
https://openalex.org/W1977900754
https://openalex.org/W2016301468
https://openalex.org/W2035630676
https://openalex.org/W2468762222
https://openalex.org/W2155495006
https://openalex.org/W1490272023
https://openalex.org/W2013160042
https://openalex.org/W2145683656
https://openalex.org/W2097674782
https://openalex.org/W2605491015
https://openalex.org/W2317321271
https://openalex.org/W2027981940
https://openalex.org/W1969798638
https://openalex.org/W1607816852
https://openalex.org/W2037253954
https://openalex.org/W2170542922
https://openalex.org/W2026066831
https://openalex.org/W2627083739
https://openalex.org/W73373452
https://openalex.org/W2072302002
https://openalex.org/W2031276095
https://openalex.org/W2068378422
https://openalex.org/W2471907651
https://openalex.org/W2012975582
https://openalex.org/W2093828185
https://openalex.org/W2030723140
https://openalex.org/W2007815558
https://openalex.org/W2091788221
https://openalex.org/W2112887261
https://openalex.org/W2154983077
https://openalex.org/W2102495832
https://openalex.org/W2039207316
https://openalex.org/W1977137486
https://openalex.org/W1989244218
https://openalex.org/W2784078401
https://openalex.org/W1566433640
https://openalex.org/W2011796483
https://openalex.org/W2017868841
https://openalex.org/W2006166897
https://openalex.org/W2226311111
https://openalex.org/W2060182791
https://openalex.org/W2097546334
https://openalex.org/W1572450332
https://openalex.org/W2059439034
https://openalex.org/W2791551019
https://openalex.org/W37260293
https://openalex.org/W1967020063
https://openalex.org/W2108467973
https://openalex.org/W1990202885
https://openalex.org/W1984292795
https://openalex.org/W2282110776
https://openalex.org/W1806247470
https://openalex.org/W3116593921
https://openalex.org/W1967179462
https://openalex.org/W2869639668
https://openalex.org/W2131252720
https://openalex.org/W2982701446
https://openalex.org/W2074611109
https://openalex.org/W2018984167
https://openalex.org/W2957321961
https://openalex.org/W1977416798
https://openalex.org/W2041422947
https://openalex.org/W2161297561
https://openalex.org/W2161953003
https://openalex.org/W2582821835
https://openalex.org/W2101431783
https://openalex.org/W2043075615
https://openalex.org/W2045206968
https://openalex.org/W114062130
https://openalex.org/W1975228867
https://openalex.org/W1985854602
https://openalex.org/W2094163713
https://openalex.org/W2166467743
https://openalex.org/W2558827688
https://openalex.org/W2088945275
https://openalex.org/W2140322666
https://openalex.org/W1992224115
https://openalex.org/W2339522650
https://openalex.org/W2042192848
https://openalex.org/W2067442750
https://openalex.org/W2085252674
https://openalex.org/W2528967511
https://openalex.org/W2419613127
https://openalex.org/W1974561371
https://openalex.org/W2090062323
https://openalex.org/W2141304647
https://openalex.org/W2929837089
https://openalex.org/W1989454487
https://openalex.org/W2052136030
https://openalex.org/W1986952899
https://openalex.org/W2023790237
https://openalex.org/W2088214903
https://openalex.org/W2893038030
https://openalex.org/W2131324122
https://openalex.org/W2147253907
https://openalex.org/W2040899426
https://openalex.org/W2089820873
https://openalex.org/W2058888545
https://openalex.org/W2115825178
https://openalex.org/W2163511888
https://openalex.org/W2050964681
https://openalex.org/W2069927313
https://openalex.org/W2075745942
https://openalex.org/W2157544977
https://openalex.org/W2898083195
https://openalex.org/W1996064621
https://openalex.org/W2059027048
https://openalex.org/W2060721215
https://openalex.org/W2282352175
https://openalex.org/W2002624869
https://openalex.org/W2080349051
https://openalex.org/W2170962595
https://openalex.org/W2056295420
https://openalex.org/W2061543400
https://openalex.org/W2077587504
https://openalex.org/W2077989885
https://openalex.org/W2166558025
https://openalex.org/W2052154854
https://openalex.org/W2128107471
https://openalex.org/W1480346494
https://openalex.org/W2136862211
https://openalex.org/W2342080564
https://openalex.org/W3089759173
https://openalex.org/W1523717189
https://openalex.org/W2067384709
https://openalex.org/W2065389394
https://openalex.org/W2060806079
https://openalex.org/W2072555882
https://openalex.org/W1984451564
https://openalex.org/W1987531495
https://openalex.org/W2035206720
https://openalex.org/W2111210947
https://openalex.org/W2120892769
https://openalex.org/W76869834
https://openalex.org/W1993004513
https://openalex.org/W2054214195
https://openalex.org/W2154074683
https://openalex.org/W2527090679
https://openalex.org/W2619400800
https://openalex.org/W1991186657
https://openalex.org/W2012019752
https://openalex.org/W2035248296
https://openalex.org/W2088888340
https://openalex.org/W2016242519
https://openalex.org/W2056869894
https://openalex.org/W2122618031
https://openalex.org/W2801839545
https://openalex.org/W2094825798
https://openalex.org/W2161379215
https://openalex.org/W2308708607
https://openalex.org/W1511126269
https://openalex.org/W2047340196
https://openalex.org/W2052591973
https://openalex.org/W1992408402
https://openalex.org/W2027414788
https://openalex.org/W2011751354
https://openalex.org/W2033492998
https://openalex.org/W2056725652
https://openalex.org/W2070599153
https://openalex.org/W2074230021
https://openalex.org/W1555580499
https://openalex.org/W1594277082
https://openalex.org/W2058943518
https://openalex.org/W1559613350
https://openalex.org/W2925817352
https://openalex.org/W1988533852
https://openalex.org/W2007814594
https://openalex.org/W2047294523
https://openalex.org/W2071491940
https://openalex.org/W2124701303
https://openalex.org/W2398944043
https://openalex.org/W43322723
https://openalex.org/W1837160055
https://openalex.org/W2752615765
https://openalex.org/W1982766054
https://openalex.org/W2034792797
https://openalex.org/W2143544660
https://openalex.org/W2809668449
https://openalex.org/W1508297887
https://openalex.org/W1991274568
https://openalex.org/W2033354922
https://openalex.org/W2043812550
https://openalex.org/W2122371847
https://openalex.org/W2124825561
https://openalex.org/W2398415197
https://openalex.org/W2221082203
https://openalex.org/W2222266996
https://openalex.org/W2930530371
https://openalex.org/W1519072587
https://openalex.org/W2028497968
https://openalex.org/W2165173713
https://openalex.org/W1972678927
https://openalex.org/W2009846227
https://openalex.org/W2036405413
https://openalex.org/W2071292753
https://openalex.org/W2115253791
https://openalex.org/W2121028217
https://openalex.org/W1963531498
https://openalex.org/W2039105457
https://openalex.org/W2076597279
https://openalex.org/W2113970287
https://openalex.org/W2115057447
https://openalex.org/W1916912156
https://openalex.org/W2039330140
https://openalex.org/W2044713944
https://openalex.org/W2319926223
https://openalex.org/W2804859167
https://openalex.org/W1940669864
https://openalex.org/W1969286594
https://openalex.org/W1985446280
https://openalex.org/W2045721135
https://openalex.org/W2049880363
https://openalex.org/W2077399174
https://openalex.org/W2134630023
https://openalex.org/W2159055334
https://openalex.org/W2417367834
https://openalex.org/W2906113428
https://openalex.org/W1983915057
https://openalex.org/W2132045482
https://openalex.org/W2256358091
https://openalex.org/W2810626238
https://openalex.org/W2036587395
https://openalex.org/W2050316058
https://openalex.org/W2007693476
https://openalex.org/W2035391853
https://openalex.org/W2105470017
https://openalex.org/W2544956095
https://openalex.org/W1561778054
https://openalex.org/W1909586281
https://openalex.org/W1971959357
https://openalex.org/W2043663768
https://openalex.org/W2083612796
https://openalex.org/W2112535798
https://openalex.org/W2310237786
https://openalex.org/W2510850780
https://openalex.org/W1491531822
https://openalex.org/W1574729593
https://openalex.org/W1891894117
https://openalex.org/W2011840215
https://openalex.org/W2054233679
https://openalex.org/W2133709539
https://openalex.org/W2550988438
https://openalex.org/W2894672105
https://openalex.org/W4205844844
https://openalex.org/W1984938934
https://openalex.org/W2004838024
https://openalex.org/W2168236604
https://openalex.org/W2890669664
https://openalex.org/W1969319935
https://openalex.org/W1974281069
https://openalex.org/W2061108287
https://openalex.org/W2096983987
https://openalex.org/W2903106788
https://openalex.org/W1978082964
https://openalex.org/W2016170577
https://openalex.org/W2109903792
https://openalex.org/W2150173564
https://openalex.org/W3159008110
https://openalex.org/W1992761883
https://openalex.org/W1994918016
https://openalex.org/W1995773596
https://openalex.org/W2028646495
https://openalex.org/W2068666569
https://openalex.org/W2095397040
https://openalex.org/W2104962277
https://openalex.org/W2508644031
https://openalex.org/W2956136191
https://openalex.org/W2059915288
https://openalex.org/W2084944170
https://openalex.org/W2134529302
https://openalex.org/W2415278692
https://openalex.org/W2027792116
https://openalex.org/W2031593530
https://openalex.org/W2061136322
https://openalex.org/W2151608566
https://openalex.org/W3009397698
https://openalex.org/W1965230242
https://openalex.org/W2001577018
https://openalex.org/W2073585883
https://openalex.org/W2142344287
https://openalex.org/W2517084114
https://openalex.org/W3035828086
https://openalex.org/W1984482237
https://openalex.org/W1995292878
https://openalex.org/W2086979102
https://openalex.org/W2969521203
https://openalex.org/W1971369241
https://openalex.org/W1989540737
https://openalex.org/W2009455250
https://openalex.org/W2018629349
https://openalex.org/W2045604737
https://openalex.org/W2049783700
https://openalex.org/W2073980815
https://openalex.org/W2150933516
https://openalex.org/W2960012086
https://openalex.org/W1481510475
https://openalex.org/W1976941088
https://openalex.org/W1979461298
https://openalex.org/W2023378519
https://openalex.org/W2041215717
https://openalex.org/W2059532656
https://openalex.org/W2767730684
https://openalex.org/W1201628459
https://openalex.org/W1540392693
https://openalex.org/W2087073080
https://openalex.org/W2255659319
https://openalex.org/W2914825651
https://openalex.org/W2970502284
https://openalex.org/W1987447587
https://openalex.org/W2023593232
https://openalex.org/W2028255134
https://openalex.org/W2035658950
https://openalex.org/W2413821580
https://openalex.org/W2534389617
https://openalex.org/W1970045266
https://openalex.org/W2018567038
https://openalex.org/W2027955382
https://openalex.org/W2069397557
https://openalex.org/W2119110237
https://openalex.org/W2151797490
https://openalex.org/W2573603261
https://openalex.org/W2890277352
https://openalex.org/W2904779047
https://openalex.org/W1723670787
https://openalex.org/W1985949277
https://openalex.org/W2075532773
https://openalex.org/W2142449743
https://openalex.org/W2152254666
https://openalex.org/W2411811260
https://openalex.org/W2590154366
https://openalex.org/W2774297696
https://openalex.org/W2046087435
https://openalex.org/W2048939795
https://openalex.org/W2108622822
https://openalex.org/W2111099974
https://openalex.org/W2115965196
https://openalex.org/W2270168057
https://openalex.org/W2572335401
https://openalex.org/W2586669868
https://openalex.org/W2620241956
https://openalex.org/W3010512420
https://openalex.org/W4200048296
https://openalex.org/W1969960641
https://openalex.org/W1984484469
https://openalex.org/W2022852187
https://openalex.org/W2035610772
https://openalex.org/W2135313376
https://openalex.org/W2217294271
https://openalex.org/W2918122231
https://openalex.org/W1535669424
https://openalex.org/W1825004684
https://openalex.org/W1955361826
https://openalex.org/W2126394114
https://openalex.org/W2133628964
https://openalex.org/W2147668800
https://openalex.org/W2511069809
https://openalex.org/W3097429442
https://openalex.org/W1753445599
https://openalex.org/W1985907381
https://openalex.org/W2024696393
https://openalex.org/W2083476064
https://openalex.org/W2118079267
https://openalex.org/W2413261672
https://openalex.org/W2510563610
https://openalex.org/W2946812464
https://openalex.org/W3152798522
https://openalex.org/W4365786917
https://openalex.org/W1760726760
https://openalex.org/W1999697653
https://openalex.org/W2023975149
https://openalex.org/W2086862096
https://openalex.org/W2165019505
https://openalex.org/W2589266806
https://openalex.org/W2604620912
https://openalex.org/W2774421588
https://openalex.org/W1573936450
https://openalex.org/W2007531112
https://openalex.org/W2025375322
https://openalex.org/W2112215578
https://openalex.org/W2128500473
https://openalex.org/W2164401365
https://openalex.org/W2624599910
https://openalex.org/W2789458933
https://openalex.org/W3105513153
https://openalex.org/W3106759953
https://openalex.org/W2004724466
https://openalex.org/W2057409373
https://openalex.org/W2802344932
https://openalex.org/W2971658040
https://openalex.org/W3155164092
https://openalex.org/W1964011627
https://openalex.org/W1993560321
https://openalex.org/W2039623012
https://openalex.org/W2084198233
https://openalex.org/W2094535938
https://openalex.org/W2101094750
https://openalex.org/W2145552378
https://openalex.org/W2409937091
https://openalex.org/W2775241650
https://openalex.org/W2923667890
https://openalex.org/W3197034218
https://openalex.org/W1482184499
https://openalex.org/W1980410518
https://openalex.org/W1995003377
https://openalex.org/W2027386772
https://openalex.org/W2027798661
https://openalex.org/W2092334370
https://openalex.org/W2102837174
https://openalex.org/W2109913350
https://openalex.org/W1555898819
https://openalex.org/W1989200776
https://openalex.org/W2019507980
https://openalex.org/W2077945347
https://openalex.org/W2239089357
https://openalex.org/W2548693679
https://openalex.org/W2899251903
https://openalex.org/W3157194643
https://openalex.org/W1984648824
https://openalex.org/W1996065920
https://openalex.org/W2001407706
https://openalex.org/W2042547125
https://openalex.org/W2104846025
https://openalex.org/W2260226868
https://openalex.org/W2341269338
https://openalex.org/W2512338826
https://openalex.org/W2623705438
https://openalex.org/W1549738812
https://openalex.org/W1968103854
https://openalex.org/W2004846693
https://openalex.org/W2022258840
https://openalex.org/W2061538874
https://openalex.org/W2121325585
https://openalex.org/W2125295822
https://openalex.org/W2130521001
https://openalex.org/W2262456061
https://openalex.org/W1986742572
https://openalex.org/W2025203456
https://openalex.org/W2036256791
https://openalex.org/W2041505318
https://openalex.org/W2047743158
https://openalex.org/W2076923023
https://openalex.org/W2148772848
https://openalex.org/W2149758696
https://openalex.org/W2789501639
https://openalex.org/W2971962589
https://openalex.org/W3215680661
https://openalex.org/W1991812174
https://openalex.org/W2002271540
https://openalex.org/W2007954968
https://openalex.org/W2010941446
https://openalex.org/W2028217968
https://openalex.org/W2344346124
https://openalex.org/W2409793691
https://openalex.org/W2553741841
https://openalex.org/W2782008743
https://openalex.org/W2982002003
https://openalex.org/W1762614886
https://openalex.org/W2010709643
https://openalex.org/W2012552449
https://openalex.org/W2065411691
https://openalex.org/W2132908323
https://openalex.org/W2152825552
https://openalex.org/W2161781518
https://openalex.org/W2260568133
https://openalex.org/W2402185687
https://openalex.org/W2776784183
https://openalex.org/W2910105779
https://openalex.org/W2998438642
https://openalex.org/W3018500018
https://openalex.org/W3042903746
https://openalex.org/W3082250578
https://openalex.org/W3168014470
https://openalex.org/W1969898240
https://openalex.org/W1985366273
https://openalex.org/W2051861861
https://openalex.org/W2105503276
https://openalex.org/W2136409188
https://openalex.org/W2158908774
https://openalex.org/W2607047552
https://openalex.org/W2799325619
https://openalex.org/W2966321284
https://openalex.org/W3216268356
https://openalex.org/W1874302551
https://openalex.org/W1976169219
https://openalex.org/W2003722780
https://openalex.org/W2015130126
https://openalex.org/W2023689636
https://openalex.org/W2024460706
https://openalex.org/W2025282014
https://openalex.org/W2059142088
https://openalex.org/W2060205799
https://openalex.org/W2066512797
https://openalex.org/W2072073745
https://openalex.org/W2076173592
https://openalex.org/W2084320688
https://openalex.org/W2096680737
https://openalex.org/W2097369119
https://openalex.org/W2101947490
https://openalex.org/W2133581180
https://openalex.org/W2738420978
https://openalex.org/W2973678608
https://openalex.org/W1985512792
https://openalex.org/W1997585239
https://openalex.org/W2000969578
https://openalex.org/W2011508046
https://openalex.org/W2011803552
https://openalex.org/W2011842943
https://openalex.org/W2013240831
https://openalex.org/W2037583258
https://openalex.org/W2046843227
https://openalex.org/W2052853472
https://openalex.org/W2063275245
https://openalex.org/W2091538916
https://openalex.org/W2135905656
https://openalex.org/W2146612402
https://openalex.org/W2147208871
https://openalex.org/W2183664293
https://openalex.org/W2344541066
https://openalex.org/W2604889300
https://openalex.org/W2614486880
https://openalex.org/W1497332645
https://openalex.org/W1534316452
https://openalex.org/W1928723455
https://openalex.org/W1969514944
https://openalex.org/W1993651257
https://openalex.org/W2032490269
https://openalex.org/W2044018054
https://openalex.org/W2071189808
https://openalex.org/W2134279965
https://openalex.org/W2164603416
https://openalex.org/W2166057069
https://openalex.org/W2171587844
https://openalex.org/W2255876510
https://openalex.org/W2271510785
https://openalex.org/W2588366620
https://openalex.org/W2995979133
https://openalex.org/W3095392823
https://openalex.org/W884027551
https://openalex.org/W1539740676
https://openalex.org/W2024514436
https://openalex.org/W2036624676
https://openalex.org/W2082714891
https://openalex.org/W2084627609
https://openalex.org/W2098739456
https://openalex.org/W2122971309
https://openalex.org/W2343814947
https://openalex.org/W2527724402
https://openalex.org/W2804073211
https://openalex.org/W2911081178
https://openalex.org/W2916059082
https://openalex.org/W2921603450
https://openalex.org/W1937268202
https://openalex.org/W1971968179
https://openalex.org/W1983387150
https://openalex.org/W1995957474
https://openalex.org/W202117024
https://openalex.org/W2022169949
https://openalex.org/W2027008782
https://openalex.org/W2028058217
https://openalex.org/W2037538043
https://openalex.org/W2043582818
https://openalex.org/W2078762984
https://openalex.org/W2092613545
https://openalex.org/W2093781270
https://openalex.org/W2130195224
https://openalex.org/W2134881843
https://openalex.org/W2168842568
https://openalex.org/W2760921576
https://openalex.org/W3015224068
https://openalex.org/W63680765
https://openalex.org/W1893078101
https://openalex.org/W1977010624
https://openalex.org/W1979967364
https://openalex.org/W1982834150
https://openalex.org/W2017785272
https://openalex.org/W2034940024
https://openalex.org/W2081197421
https://openalex.org/W2095585890
https://openalex.org/W2524752597
https://openalex.org/W2769445627
https://openalex.org/W2903821491
https://openalex.org/W2921477781
https://openalex.org/W2950909807
https://openalex.org/W2962718347
https://openalex.org/W2998099948
https://openalex.org/W4230736503
https://openalex.org/W5795278
https://openalex.org/W642009597
https://openalex.org/W78746443
https://openalex.org/W1893569554
https://openalex.org/W1987922774
https://openalex.org/W2014630960
https://openalex.org/W2029987477
https://openalex.org/W2047785036
https://openalex.org/W2053648339
https://openalex.org/W2065462406
https://openalex.org/W2079184245
https://openalex.org/W2080700155
https://openalex.org/W2099418378
https://openalex.org/W2497192058
https://openalex.org/W2612218389
https://openalex.org/W2792772527
https://openalex.org/W2806079342
https://openalex.org/W2945239922
https://openalex.org/W3098663209
https://openalex.org/W1835637837
https://openalex.org/W1964951337
https://openalex.org/W1980107657
https://openalex.org/W1997599126
https://openalex.org/W2015951398
https://openalex.org/W2022552987
https://openalex.org/W2022974448
https://openalex.org/W2029261906
https://openalex.org/W2029498679
https://openalex.org/W2056781980
https://openalex.org/W2083647145
https://openalex.org/W2087854102
https://openalex.org/W2102305714
https://openalex.org/W2117864533
https://openalex.org/W2131449959
https://openalex.org/W2144332886
https://openalex.org/W2146587287
https://openalex.org/W2146889504
https://openalex.org/W2149728989
https://openalex.org/W2331942534
https://openalex.org/W2624397158
https://openalex.org/W2902641543
https://openalex.org/W2999720530
https://openalex.org/W3093412187
https://openalex.org/W3094209855
https://openalex.org/W1489094157
https://openalex.org/W1967509089
https://openalex.org/W2069433602
https://openalex.org/W2090964380
https://openalex.org/W2106718165
https://openalex.org/W2124772958
https://openalex.org/W2126639715
https://openalex.org/W2153496991
https://openalex.org/W2192733338
https://openalex.org/W2345650311
https://openalex.org/W2797654139
https://openalex.org/W2902716806
https://openalex.org/W2969976316
https://openalex.org/W4292940186
https://openalex.org/W4294712706
https://openalex.org/W1665274292
https://openalex.org/W1693859489
https://openalex.org/W1968212152
https://openalex.org/W1972188277
https://openalex.org/W1974564171
https://openalex.org/W1983464226
https://openalex.org/W1984931530
https://openalex.org/W1995897897
https://openalex.org/W2017082182
https://openalex.org/W2043533051
https://openalex.org/W2045519981
https://openalex.org/W2054101715
https://openalex.org/W2064882742
https://openalex.org/W2068084222
https://openalex.org/W2122443379
https://openalex.org/W2169560892
https://openalex.org/W2205926907
https://openalex.org/W2341162293
https://openalex.org/W2734650027
https://openalex.org/W2759657994
https://openalex.org/W2790654419
https://openalex.org/W2983295924
https://openalex.org/W2984342233
https://openalex.org/W3160349507
https://openalex.org/W3181954487
https://openalex.org/W1993046703
https://openalex.org/W2006111460
https://openalex.org/W2006205937
https://openalex.org/W2011383785
https://openalex.org/W2032480069
https://openalex.org/W2057580133
https://openalex.org/W2077954465
https://openalex.org/W2100234757
https://openalex.org/W2111603308
https://openalex.org/W2112056823
https://openalex.org/W2125368789
https://openalex.org/W2139532812
https://openalex.org/W2141033873
https://openalex.org/W2147152738
https://openalex.org/W2156378280
https://openalex.org/W2892121565
https://openalex.org/W2901963114
https://openalex.org/W2942512402
https://openalex.org/W2957673981
https://openalex.org/W2959082118
https://openalex.org/W2991244036
https://openalex.org/W1907058597
https://openalex.org/W1977389711
https://openalex.org/W2046372653
https://openalex.org/W2052192290
https://openalex.org/W2124518584
https://openalex.org/W2128121593
https://openalex.org/W2394802130
https://openalex.org/W2418779533
https://openalex.org/W2483087589
https://openalex.org/W2738429355
https://openalex.org/W2760965040
https://openalex.org/W2763274428
https://openalex.org/W2764087460
https://openalex.org/W2786889979
https://openalex.org/W2890320222
https://openalex.org/W2990663827
https://openalex.org/W3035506054
https://openalex.org/W3111288252
https://openalex.org/W3118681570
https://openalex.org/W3120829388
https://openalex.org/W3182728948
https://openalex.org/W3191439913
https://openalex.org/W1975977050
https://openalex.org/W1989561042
https://openalex.org/W1991198370
https://openalex.org/W2004470885
https://openalex.org/W2009134479
https://openalex.org/W2012524622
https://openalex.org/W2014358201
https://openalex.org/W2027253638
https://openalex.org/W2052897250
https://openalex.org/W2082644877
https://openalex.org/W2091256710
https://openalex.org/W2092860339
https://openalex.org/W2172376225
https://openalex.org/W2225630073
https://openalex.org/W2801927842
https://openalex.org/W2921813945
https://openalex.org/W2964504555
https://openalex.org/W2973912751
https://openalex.org/W3004006053
https://openalex.org/W3080415373
https://openalex.org/W3119535114
https://openalex.org/W3165747523
https://openalex.org/W1497938556
https://openalex.org/W1976504148
https://openalex.org/W1984776683
https://openalex.org/W1994153889
https://openalex.org/W2044953816
https://openalex.org/W2074791466
https://openalex.org/W2083589573
https://openalex.org/W2088329973
https://openalex.org/W2148287669
https://openalex.org/W2162665697
https://openalex.org/W2165537229
https://openalex.org/W2400357690
https://openalex.org/W2524810715
https://openalex.org/W2943222259
https://openalex.org/W2970465747
https://openalex.org/W3217241701
https://openalex.org/W4210331562
https://openalex.org/W1595194062
https://openalex.org/W1991777727
https://openalex.org/W2024985738
https://openalex.org/W2039961333
https://openalex.org/W2044292403
https://openalex.org/W2054662891
https://openalex.org/W2075042833
https://openalex.org/W2103319355
https://openalex.org/W2103568257
https://openalex.org/W2170623314
https://openalex.org/W2171855774
https://openalex.org/W2885735890
https://openalex.org/W2890886154
https://openalex.org/W2975410252
https://openalex.org/W3033337200
https://openalex.org/W3082468523
https://openalex.org/W3196250286
https://openalex.org/W779464208
https://openalex.org/W1971963403
https://openalex.org/W1981123437
https://openalex.org/W1986197801
https://openalex.org/W2003095198
https://openalex.org/W2013646060
https://openalex.org/W2016678650
https://openalex.org/W2063297603
https://openalex.org/W2116445331
https://openalex.org/W2157525285
https://openalex.org/W2331316087
https://openalex.org/W2465031571
https://openalex.org/W2768675830
https://openalex.org/W2969046589
https://openalex.org/W3111555118
https://openalex.org/W1964052089
https://openalex.org/W1981117804
https://openalex.org/W1983269283
https://openalex.org/W2013850262
https://openalex.org/W2037648693
https://openalex.org/W2059161098
https://openalex.org/W2066066877
https://openalex.org/W2076212293
https://openalex.org/W2086437015
https://openalex.org/W2090332420
https://openalex.org/W2094248446
https://openalex.org/W2101467071
https://openalex.org/W2118522375
https://openalex.org/W2156951639
https://openalex.org/W2161636252
https://openalex.org/W2289393974
https://openalex.org/W2341238995
https://openalex.org/W2520373545
https://openalex.org/W2749583601
https://openalex.org/W2793747214
https://openalex.org/W2802668957
https://openalex.org/W2808776643
https://openalex.org/W2921725714
https://openalex.org/W1921184211
https://openalex.org/W1983382350
https://openalex.org/W1997381695
https://openalex.org/W2001606591
https://openalex.org/W2013998687
https://openalex.org/W2050902176
https://openalex.org/W2060687665
https://openalex.org/W2062305874
https://openalex.org/W2126295706
https://openalex.org/W2145659248
https://openalex.org/W2167107602
https://openalex.org/W2168750294
https://openalex.org/W2170901806
https://openalex.org/W2299894783
https://openalex.org/W2327242318
https://openalex.org/W2782483799
https://openalex.org/W2793720501
https://openalex.org/W2902848414
https://openalex.org/W2938779093
https://openalex.org/W3129888978
https://openalex.org/W4206121114
https://openalex.org/W1994601488
https://openalex.org/W1999227235
https://openalex.org/W2002735090
https://openalex.org/W2003352640
https://openalex.org/W2004951062
https://openalex.org/W2018780648
https://openalex.org/W2035531883
https://openalex.org/W2036540780
https://openalex.org/W2037037096
https://openalex.org/W2042154144
https://openalex.org/W2053869428
https://openalex.org/W2083741714
https://openalex.org/W2106092960
https://openalex.org/W2268363860
https://openalex.org/W2276773382
https://openalex.org/W2327942178
https://openalex.org/W2345602617
https://openalex.org/W2406857021
https://openalex.org/W2415394773
https://openalex.org/W2465909802
https://openalex.org/W2528587566
https://openalex.org/W2561048320
https://openalex.org/W2597300854
https://openalex.org/W2945622754
https://openalex.org/W2969220738
https://openalex.org/W2973172687
https://openalex.org/W2993840065
https://openalex.org/W3083653539
https://openalex.org/W3157166270
https://openalex.org/W4207060947
https://openalex.org/W110641458
https://openalex.org/W1482220501
https://openalex.org/W1515414440
https://openalex.org/W1772419897
https://openalex.org/W1979802392
https://openalex.org/W1992185691
https://openalex.org/W2007239606
https://openalex.org/W2011820115
https://openalex.org/W2013407476
https://openalex.org/W2047601696
https://openalex.org/W2048959278
https://openalex.org/W2050052485
https://openalex.org/W2064423255
https://openalex.org/W2077969134
https://openalex.org/W2109910169
https://openalex.org/W2129938715
https://openalex.org/W2157710569
https://openalex.org/W2231656629
https://openalex.org/W2324681692
https://openalex.org/W2416865742
https://openalex.org/W2590082349
https://openalex.org/W2776126777
https://openalex.org/W2777431866
https://openalex.org/W2782929822
https://openalex.org/W2952757558
https://openalex.org/W2973638444
https://openalex.org/W2989749580
https://openalex.org/W2992746316
https://openalex.org/W2993894775
https://openalex.org/W3025263237
https://openalex.org/W3035071313
https://openalex.org/W3111140857
https://openalex.org/W3128437662
https://openalex.org/W62407262
https://openalex.org/W1558831395
https://openalex.org/W1963831921
https://openalex.org/W1975860714
https://openalex.org/W1977149248
https://openalex.org/W1978127738
https://openalex.org/W1980264931
https://openalex.org/W2000434573
https://openalex.org/W2002602660
https://openalex.org/W2029441107
https://openalex.org/W2038002226
https://openalex.org/W2041624152
https://openalex.org/W2045641412
https://openalex.org/W2050894053
https://openalex.org/W2053230906
https://openalex.org/W2057099224
https://openalex.org/W2060646642
https://openalex.org/W2093936558
https://openalex.org/W2139022377
https://openalex.org/W2157268627
https://openalex.org/W2305744428
https://openalex.org/W2318766377
https://openalex.org/W2319753058
https://openalex.org/W2324300517
https://openalex.org/W2565267802
https://openalex.org/W2586862060
https://openalex.org/W2618107419
https://openalex.org/W2618870760
https://openalex.org/W2763230079
https://openalex.org/W2973753567
https://openalex.org/W2981328585
https://openalex.org/W2990611267
https://openalex.org/W3091985878
https://openalex.org/W3096365061
https://openalex.org/W3157202113
https://openalex.org/W177424595
https://openalex.org/W1919267476
https://openalex.org/W1981476336
https://openalex.org/W2007416755
https://openalex.org/W2008151023
https://openalex.org/W2013226634
https://openalex.org/W2025714314
https://openalex.org/W2037060564
https://openalex.org/W2052358541
https://openalex.org/W2067502544
https://openalex.org/W2100839961
https://openalex.org/W2101981778
https://openalex.org/W2104015958
https://openalex.org/W2129708641
https://openalex.org/W2141508439
https://openalex.org/W2147034216
https://openalex.org/W2160932916
https://openalex.org/W2195242704
https://openalex.org/W2411117088
https://openalex.org/W2547641811
https://openalex.org/W2614708594
https://openalex.org/W2765723299
https://openalex.org/W2804255748
https://openalex.org/W2886617285
https://openalex.org/W2892628441
https://openalex.org/W2964395326
https://openalex.org/W3080717168
https://openalex.org/W3137972505
https://openalex.org/W3143699515
https://openalex.org/W3153056629
https://openalex.org/W4223444973
https://openalex.org/W1497662345
https://openalex.org/W1933333816
https://openalex.org/W1998602262
https://openalex.org/W2011567232
https://openalex.org/W2011930359
https://openalex.org/W2083496905
https://openalex.org/W2094087260
https://openalex.org/W2106552594
https://openalex.org/W2137476266
https://openalex.org/W2233185259
https://openalex.org/W2425503261
https://openalex.org/W2601635861
https://openalex.org/W2775461389
https://openalex.org/W2895950429
https://openalex.org/W2940785228
https://openalex.org/W2952844823
https://openalex.org/W2964382865
https://openalex.org/W3013335830
https://openalex.org/W3021311704
https://openalex.org/W4245011713
https://openalex.org/W1808542298
https://openalex.org/W1978845479
https://openalex.org/W1993160497
https://openalex.org/W1997648378
https://openalex.org/W2000209714
https://openalex.org/W2000806933
https://openalex.org/W2005401846
https://openalex.org/W2011048386
https://openalex.org/W2012429920
https://openalex.org/W2012597936
https://openalex.org/W2013674521
https://openalex.org/W2030316847
https://openalex.org/W2050792961
https://openalex.org/W2054492694
https://openalex.org/W2055914437
https://openalex.org/W2058264642
https://openalex.org/W2062758218
https://openalex.org/W2068615332
https://openalex.org/W2086370107
https://openalex.org/W2086681177
https://openalex.org/W2094816106
https://openalex.org/W2125515662
https://openalex.org/W2126845085
https://openalex.org/W2137969766
https://openalex.org/W2139169645
https://openalex.org/W2143496527
https://openalex.org/W2143927207
https://openalex.org/W2164860432
https://openalex.org/W2186504698
https://openalex.org/W2298907044
https://openalex.org/W2316715411
https://openalex.org/W233403998
https://openalex.org/W2558462601
https://openalex.org/W2608461297
https://openalex.org/W2739253373
https://openalex.org/W2796746801
https://openalex.org/W2885956828
https://openalex.org/W2887377744
https://openalex.org/W2953311247
https://openalex.org/W3000570691
https://openalex.org/W3020833521
https://openalex.org/W3092035169
https://openalex.org/W3092460711
https://openalex.org/W3137119553
https://openalex.org/W1601031354
https://openalex.org/W1649171248
https://openalex.org/W1705492577
https://openalex.org/W1874314255
https://openalex.org/W1955948072
https://openalex.org/W1980757821
https://openalex.org/W1999333161
https://openalex.org/W2019900168
https://openalex.org/W2027135510
https://openalex.org/W2029929304
https://openalex.org/W2029981030
https://openalex.org/W2058320059
https://openalex.org/W2061092364
https://openalex.org/W2070033550
https://openalex.org/W2070514468
https://openalex.org/W2082043397
https://openalex.org/W2082326020
https://openalex.org/W2085037624
https://openalex.org/W2109844142
https://openalex.org/W2113651998
https://openalex.org/W2334693073
https://openalex.org/W2467796502
https://openalex.org/W2469798005
https://openalex.org/W2471325552
https://openalex.org/W2622310303
https://openalex.org/W2760902440
https://openalex.org/W2766345307
https://openalex.org/W2920608352
https://openalex.org/W2942568562
https://openalex.org/W2944647874
https://openalex.org/W2947990960
https://openalex.org/W2966687484
https://openalex.org/W2969292818
https://openalex.org/W2999257598
https://openalex.org/W3012270611
https://openalex.org/W3095553305
https://openalex.org/W3108244235
https://openalex.org/W3149260830
https://openalex.org/W3155642377
https://openalex.org/W4285807186
https://openalex.org/W102016829
https://openalex.org/W16256180
https://openalex.org/W1638688995
https://openalex.org/W1807213648
https://openalex.org/W1847790984
https://openalex.org/W1911026229
https://openalex.org/W1969257293
https://openalex.org/W1984144048
https://openalex.org/W1998159007
https://openalex.org/W1999262634
https://openalex.org/W1999403615
https://openalex.org/W2019759405
https://openalex.org/W2062875320
https://openalex.org/W2064117025
https://openalex.org/W2066918532
https://openalex.org/W2067370851
https://openalex.org/W2068736583
https://openalex.org/W2102194352
https://openalex.org/W2145332012
https://openalex.org/W2284478985
https://openalex.org/W2345099184
https://openalex.org/W2414629556
https://openalex.org/W2416085022
https://openalex.org/W2588935704
https://openalex.org/W2608860502
https://openalex.org/W2767456498
https://openalex.org/W2892055171
https://openalex.org/W2897459516
https://openalex.org/W2903447602
https://openalex.org/W2913873074
https://openalex.org/W2918861762
https://openalex.org/W3009294709
https://openalex.org/W3012784826
https://openalex.org/W3025946297
https://openalex.org/W3088387936
https://openalex.org/W3112189896
https://openalex.org/W3133717910
https://openalex.org/W3136181285
https://openalex.org/W3149397307
https://openalex.org/W3206527662
https://openalex.org/W3212560049
https://openalex.org/W4213439607
https://openalex.org/W4292664314
https://openalex.org/W4307884879
https://openalex.org/W947219251
https://openalex.org/W142732326
https://openalex.org/W1814926216
https://openalex.org/W1977533640
https://openalex.org/W1979299596
https://openalex.org/W1987375010
https://openalex.org/W2003796234
https://openalex.org/W2003902647
https://openalex.org/W2009791226
https://openalex.org/W2010198809
https://openalex.org/W2022158154
https://openalex.org/W2024862367
https://openalex.org/W2048539798
https://openalex.org/W2063287577
https://openalex.org/W2067659639
https://openalex.org/W2075795654
https://openalex.org/W2078971546
https://openalex.org/W2085878143
https://openalex.org/W2091138723
https://openalex.org/W2120571027
https://openalex.org/W2124223123
https://openalex.org/W2130996682
https://openalex.org/W2157182748
https://openalex.org/W2164979239
https://openalex.org/W2179847119
https://openalex.org/W2292363284
https://openalex.org/W2324514764
https://openalex.org/W240634819
https://openalex.org/W2767593997
https://openalex.org/W2790423704
https://openalex.org/W2791278332
https://openalex.org/W2803193768
https://openalex.org/W2883550615
https://openalex.org/W2928930568
https://openalex.org/W2976783319
https://openalex.org/W3007846016
https://openalex.org/W3017115605
https://openalex.org/W3163825845
https://openalex.org/W3164315967
https://openalex.org/W3184347625
https://openalex.org/W3198261369
https://openalex.org/W3205621865
https://openalex.org/W4200331743
https://openalex.org/W4226051737
https://openalex.org/W4293577662
https://openalex.org/W4300603608
https://openalex.org/W1560360852
https://openalex.org/W1786228971
https://openalex.org/W1895343985
https://openalex.org/W1948151169
https://openalex.org/W1972694526
https://openalex.org/W1981058562
https://openalex.org/W2001171446
https://openalex.org/W2012871337
https://openalex.org/W2017378406
https://openalex.org/W2025029546
https://openalex.org/W2034936792
https://openalex.org/W2101146860
https://openalex.org/W2138715392
https://openalex.org/W2140043258
https://openalex.org/W2153133096
https://openalex.org/W2162398416
https://openalex.org/W2164353675
https://openalex.org/W2305104673
https://openalex.org/W2346237506
https://openalex.org/W2515516366
https://openalex.org/W2589059511
https://openalex.org/W2758590215
https://openalex.org/W2762032702
https://openalex.org/W2801330824
https://openalex.org/W2810417716
https://openalex.org/W2919665495
https://openalex.org/W3017176440
https://openalex.org/W3097813651
https://openalex.org/W3124165907
https://openalex.org/W3130956137
https://openalex.org/W3183219512
https://openalex.org/W3205510701
https://openalex.org/W11930493
https://openalex.org/W1500429987
https://openalex.org/W1530050921
https://openalex.org/W1686109660
https://openalex.org/W1849909141
https://openalex.org/W1958564668
https://openalex.org/W1985405785
https://openalex.org/W1989784973
https://openalex.org/W2000878940
https://openalex.org/W2006390135
https://openalex.org/W2014855807
https://openalex.org/W2022143210
https://openalex.org/W2024263851
https://openalex.org/W2032510302
https://openalex.org/W2045257099
https://openalex.org/W2053920029
https://openalex.org/W2069150591
https://openalex.org/W2088494423
https://openalex.org/W2112178228
https://openalex.org/W2128959442
https://openalex.org/W2270890180
https://openalex.org/W2326143864
https://openalex.org/W2407336398
https://openalex.org/W2430799440
https://openalex.org/W2469745515
https://openalex.org/W2593893563
https://openalex.org/W2765584778
https://openalex.org/W2788781748
https://openalex.org/W2793854887
https://openalex.org/W2807637097
https://openalex.org/W2953931406
https://openalex.org/W2995272832
https://openalex.org/W3013992219
https://openalex.org/W3046802463
https://openalex.org/W3205041321
https://openalex.org/W4229052197
https://openalex.org/W1723108836
https://openalex.org/W1868418936
https://openalex.org/W1966043711
https://openalex.org/W2001427090
https://openalex.org/W2005156767
https://openalex.org/W2007991000
https://openalex.org/W2039668853
https://openalex.org/W2052659470
https://openalex.org/W2056241570
https://openalex.org/W2065302777
https://openalex.org/W2066715055
https://openalex.org/W2071585411
https://openalex.org/W2078544776
https://openalex.org/W2082493514
https://openalex.org/W2094408375
https://openalex.org/W2105547977
https://openalex.org/W2138319932
https://openalex.org/W2319499314
https://openalex.org/W2569075962
https://openalex.org/W2611986729
https://openalex.org/W2613215697
https://openalex.org/W2762350940
https://openalex.org/W2790521440
https://openalex.org/W2807864478
https://openalex.org/W2909664609
https://openalex.org/W2959138258
https://openalex.org/W2981180586
https://openalex.org/W2995809519
https://openalex.org/W3014035819
https://openalex.org/W3038540175
https://openalex.org/W3103880646
https://openalex.org/W3177270159
https://openalex.org/W3196793711
https://openalex.org/W3198668715
https://openalex.org/W3200885023
https://openalex.org/W4281396998
https://openalex.org/W110908330
https://openalex.org/W1535865161
https://openalex.org/W1752045843
https://openalex.org/W1820080618
https://openalex.org/W1821227518
https://openalex.org/W1968733627
https://openalex.org/W1987816830
https://openalex.org/W1995266364
https://openalex.org/W1997451466
https://openalex.org/W2045593704
https://openalex.org/W2093039200
https://openalex.org/W2100406579
https://openalex.org/W2115993232
https://openalex.org/W2153705917
https://openalex.org/W2156211397
https://openalex.org/W2188835004
https://openalex.org/W2277451682
https://openalex.org/W2397207942
https://openalex.org/W2622281656
https://openalex.org/W2739041362
https://openalex.org/W2794962880
https://openalex.org/W2924418870
https://openalex.org/W2946015544
https://openalex.org/W2947817067
https://openalex.org/W2966307812
https://openalex.org/W2973351495
https://openalex.org/W2977019464
https://openalex.org/W3037048284
https://openalex.org/W3037980713
https://openalex.org/W3044172541
https://openalex.org/W3097290795
https://openalex.org/W3174734322
https://openalex.org/W3199563010
https://openalex.org/W4205800543
https://openalex.org/W4206095805
https://openalex.org/W4223609646
https://openalex.org/W4321748593
https://openalex.org/W2003486375
https://openalex.org/W2003880659
https://openalex.org/W2007360699
https://openalex.org/W2010269594
https://openalex.org/W2015036234
https://openalex.org/W2025573820
https://openalex.org/W2030422854
https://openalex.org/W2047308785
https://openalex.org/W2069217319
https://openalex.org/W2073074192
https://openalex.org/W2075839451
https://openalex.org/W2079812482
https://openalex.org/W2090382635
https://openalex.org/W2092995829
https://openalex.org/W2331236975
https://openalex.org/W2460246622
https://openalex.org/W2804449569
https://openalex.org/W2888911213
https://openalex.org/W2890738691
https://openalex.org/W2954131796
https://openalex.org/W2954384335
https://openalex.org/W2963908508
https://openalex.org/W2989924792
https://openalex.org/W2992191560
https://openalex.org/W3034078072
https://openalex.org/W3046619605
https://openalex.org/W3086075835
https://openalex.org/W3115431811
https://openalex.org/W3125664586
https://openalex.org/W3154394598
https://openalex.org/W3167072050
https://openalex.org/W3205878266
https://openalex.org/W4205806155
https://openalex.org/W4214485228
https://openalex.org/W57514186
https://openalex.org/W1542773030
https://openalex.org/W1882243096
https://openalex.org/W190863891
https://openalex.org/W1963993317
https://openalex.org/W1964431965
https://openalex.org/W1977498036
https://openalex.org/W1978933407
https://openalex.org/W1983572802
https://openalex.org/W1988273144
https://openalex.org/W1990892477
https://openalex.org/W1990927937
https://openalex.org/W1991107627
https://openalex.org/W2039723218
https://openalex.org/W2042869623
https://openalex.org/W2051746568
https://openalex.org/W2062789547
https://openalex.org/W2070455372
https://openalex.org/W2076011009
https://openalex.org/W2096199239
https://openalex.org/W2100004416
https://openalex.org/W2117618623
https://openalex.org/W2160736822
https://openalex.org/W2261864460
https://openalex.org/W2316343510
https://openalex.org/W2322972787
https://openalex.org/W2398007235
https://openalex.org/W2409779140
https://openalex.org/W2414178980
https://openalex.org/W2414407558
https://openalex.org/W2423412520
https://openalex.org/W2462546299
https://openalex.org/W2514059834
https://openalex.org/W2528328046
https://openalex.org/W2536975821
https://openalex.org/W2587805473
https://openalex.org/W2791299040
https://openalex.org/W2804653896
https://openalex.org/W2901614266
https://openalex.org/W2957880912
https://openalex.org/W2975153708
https://openalex.org/W3013429571
https://openalex.org/W3041458189
https://openalex.org/W3043948336
https://openalex.org/W3112874762
https://openalex.org/W3127908689
https://openalex.org/W3130512165
https://openalex.org/W3132743509
https://openalex.org/W3154222106
https://openalex.org/W3188820822
https://openalex.org/W3195860643
https://openalex.org/W4243920792
https://openalex.org/W4283376011
https://openalex.org/W4319785740
https://openalex.org/W85559006
https://openalex.org/W129009557
https://openalex.org/W1493598971
https://openalex.org/W1574676677
https://openalex.org/W1967604135
https://openalex.org/W1978808201
https://openalex.org/W1985177888
https://openalex.org/W1986207783
https://openalex.org/W2007628070
https://openalex.org/W2012907447
https://openalex.org/W2013375106
https://openalex.org/W2014307696
https://openalex.org/W2022883074
https://openalex.org/W2029417244
https://openalex.org/W2038683480
https://openalex.org/W2042255446
https://openalex.org/W2047657936
https://openalex.org/W2048616750
https://openalex.org/W2051555114
https://openalex.org/W2054951168
https://openalex.org/W2081824507
https://openalex.org/W2088802130
https://openalex.org/W2095172539
https://openalex.org/W2129562309
https://openalex.org/W2134575771
https://openalex.org/W2138888563
https://openalex.org/W2146749152
https://openalex.org/W2153900012
https://openalex.org/W2155780737
https://openalex.org/W2294202625
https://openalex.org/W2314190165
https://openalex.org/W2322560093
https://openalex.org/W2395623534
https://openalex.org/W2415612579
https://openalex.org/W2755573594
https://openalex.org/W2769177681
https://openalex.org/W2775984892
https://openalex.org/W2800681777
https://openalex.org/W2888811602
https://openalex.org/W2901077259
https://openalex.org/W2991425608
https://openalex.org/W2998094498
https://openalex.org/W2999326227
https://openalex.org/W3013264327
https://openalex.org/W3041092590
https://openalex.org/W3087305876
https://openalex.org/W3091252179
https://openalex.org/W3093978250
https://openalex.org/W3096265822
https://openalex.org/W3109985532
https://openalex.org/W3165129935
https://openalex.org/W3165488735
https://openalex.org/W3191185616
https://openalex.org/W3199092721
https://openalex.org/W3204386882
https://openalex.org/W3210717433
https://openalex.org/W4200585610
https://openalex.org/W4229369447
https://openalex.org/W4281830903
https://openalex.org/W4292342828
https://openalex.org/W4361004928
https://openalex.org/W1482458859
https://openalex.org/W1532825086
https://openalex.org/W1806175438
https://openalex.org/W196661845
https://openalex.org/W1971037820
https://openalex.org/W1981193947
https://openalex.org/W1984061947
https://openalex.org/W2000077454
https://openalex.org/W2007395683
https://openalex.org/W2026853317
https://openalex.org/W2037089354
https://openalex.org/W2039823354
https://openalex.org/W2044550571
https://openalex.org/W2075163885
https://openalex.org/W2078395420
https://openalex.org/W2080876305
https://openalex.org/W2081531474
https://openalex.org/W2092275565
https://openalex.org/W2106130770
https://openalex.org/W2126959967
https://openalex.org/W2128866009
https://openalex.org/W2137030225
https://openalex.org/W2272281145
https://openalex.org/W2283998678
https://openalex.org/W2336046048
https://openalex.org/W2465054518
https://openalex.org/W2494260050
https://openalex.org/W2726792727
https://openalex.org/W2756309032
https://openalex.org/W2765231276
https://openalex.org/W2800148552
https://openalex.org/W2892407385
https://openalex.org/W2914116512
https://openalex.org/W2914797973
https://openalex.org/W2940916195
https://openalex.org/W2941135456
https://openalex.org/W2952276195
https://openalex.org/W2959756752
https://openalex.org/W2999126536
https://openalex.org/W3003475389
https://openalex.org/W3016078776
https://openalex.org/W3017303466
https://openalex.org/W3026326074
https://openalex.org/W3039911105
https://openalex.org/W3043452597
https://openalex.org/W3045921070
https://openalex.org/W3082871876
https://openalex.org/W3109906217
https://openalex.org/W3156712126
https://openalex.org/W315678261
https://openalex.org/W3182716457
https://openalex.org/W3184130637
https://openalex.org/W3194519337
https://openalex.org/W3194752273
https://openalex.org/W3217128069
https://openalex.org/W4224256442
https://openalex.org/W4283065723
https://openalex.org/W4283759034
https://openalex.org/W140770200
https://openalex.org/W1964827871
https://openalex.org/W1967349695
https://openalex.org/W1970766450
https://openalex.org/W1970901147
https://openalex.org/W1972587795
https://openalex.org/W1981316476
https://openalex.org/W2000969477
https://openalex.org/W2003487530
https://openalex.org/W2022636475
https://openalex.org/W2032285603
https://openalex.org/W2036878359
https://openalex.org/W2042031436
https://openalex.org/W204572481
https://openalex.org/W2070331695
https://openalex.org/W2072116697
https://openalex.org/W2078623989
https://openalex.org/W2085449214
https://openalex.org/W2085474556
https://openalex.org/W2118349636
https://openalex.org/W2156153844
https://openalex.org/W2158029953
https://openalex.org/W2329344233
https://openalex.org/W2337586427
https://openalex.org/W2414789006
https://openalex.org/W2573304894
https://openalex.org/W2736146657
https://openalex.org/W2736365252
https://openalex.org/W2762908497
https://openalex.org/W2773001187
https://openalex.org/W2923051172
https://openalex.org/W2923237413
https://openalex.org/W2942034126
https://openalex.org/W2945373024
https://openalex.org/W2946860936
https://openalex.org/W2964953668
https://openalex.org/W2981064455
https://openalex.org/W3015070108
https://openalex.org/W3041473987
https://openalex.org/W3083236573
https://openalex.org/W3083381649
https://openalex.org/W3088143874
https://openalex.org/W3130639561
https://openalex.org/W3158292429
https://openalex.org/W3200323394
https://openalex.org/W3208224199
https://openalex.org/W3216503998
https://openalex.org/W4220969435
https://openalex.org/W4226168315
https://openalex.org/W4240767560
https://openalex.org/W4242001136
https://openalex.org/W4252310662
https://openalex.org/W4286219574
https://openalex.org/W4315631494
https://openalex.org/W75706848
https://openalex.org/W1526197550
https://openalex.org/W1591431114
https://openalex.org/W1673968977
https://openalex.org/W173672701
https://openalex.org/W1818553245
https://openalex.org/W1897950075
https://openalex.org/W1973272422
https://openalex.org/W1982891370
https://openalex.org/W1989297290
https://openalex.org/W1990617203
https://openalex.org/W1996165816
https://openalex.org/W1996379680
https://openalex.org/W2012684102
https://openalex.org/W2016219456
https://openalex.org/W2027367804
https://openalex.org/W2035327915
https://openalex.org/W2038195033
https://openalex.org/W2038418585
https://openalex.org/W2041833545
https://openalex.org/W2047190195
https://openalex.org/W2054911874
https://openalex.org/W2055225658
https://openalex.org/W2078808535
https://openalex.org/W2078922548
https://openalex.org/W2083232882
https://openalex.org/W2100560491
https://openalex.org/W2116168065
https://openalex.org/W2119286207
https://openalex.org/W2139715274
https://openalex.org/W2150082979
https://openalex.org/W2155201425
https://openalex.org/W2158192977
https://openalex.org/W2163683295
https://openalex.org/W2192445016
https://openalex.org/W2331640251
https://openalex.org/W2337186440
https://openalex.org/W2340813345
https://openalex.org/W2401140680
https://openalex.org/W2412424193
https://openalex.org/W2436792876
https://openalex.org/W2473253953
https://openalex.org/W251714514
https://openalex.org/W2560227490
https://openalex.org/W2560498878
https://openalex.org/W2612021455
https://openalex.org/W2898794866
https://openalex.org/W2900289268
https://openalex.org/W2912389896
https://openalex.org/W2921024328
https://openalex.org/W2935934847
https://openalex.org/W2940975854
https://openalex.org/W2945434209
https://openalex.org/W2953832336
https://openalex.org/W2958494911
https://openalex.org/W2969300495
https://openalex.org/W2979130563
https://openalex.org/W2985892408
https://openalex.org/W3028402005
https://openalex.org/W3036767780
https://openalex.org/W3107303212
https://openalex.org/W3159003198
https://openalex.org/W3161902942
https://openalex.org/W3175596128
https://openalex.org/W3179060753
https://openalex.org/W3184335296
https://openalex.org/W3200577577
https://openalex.org/W3205888682
https://openalex.org/W3208498040
https://openalex.org/W39333513
https://openalex.org/W4205790740
https://openalex.org/W4206128862
https://openalex.org/W4206804901
https://openalex.org/W4214479112
https://openalex.org/W4226492557
https://openalex.org/W4283011683
https://openalex.org/W4283321707
https://openalex.org/W4283366558
https://openalex.org/W4283717481
https://openalex.org/W4284669152
https://openalex.org/W4285029427
https://openalex.org/W4306922352
https://openalex.org/W4313635020
https://openalex.org/W772797234
https://openalex.org/W1560016764
https://openalex.org/W1569383111
https://openalex.org/W167086751
https://openalex.org/W1964186428
https://openalex.org/W1982726485
https://openalex.org/W1985148258
https://openalex.org/W1994476326
https://openalex.org/W1995128003
https://openalex.org/W1997278262
https://openalex.org/W2007440598
https://openalex.org/W2015138925
https://openalex.org/W2020058277
https://openalex.org/W2049704365
https://openalex.org/W2053345129
https://openalex.org/W2063716842
https://openalex.org/W2065716086
https://openalex.org/W2077449086
https://openalex.org/W2137954025
https://openalex.org/W2148058080
https://openalex.org/W2151929562
https://openalex.org/W2158861246
https://openalex.org/W2160497882
https://openalex.org/W2163851796
https://openalex.org/W2171478288
https://openalex.org/W2326102987
https://openalex.org/W2335569630
https://openalex.org/W2340713549
https://openalex.org/W2341136069
https://openalex.org/W2394582442
https://openalex.org/W2398805551
https://openalex.org/W2404546174
https://openalex.org/W2406029939
https://openalex.org/W2414500252
https://openalex.org/W2417714402
https://openalex.org/W2438798241
https://openalex.org/W2489578596
https://openalex.org/W2551072080
https://openalex.org/W2569088427
https://openalex.org/W2612314052
https://openalex.org/W2753963762
https://openalex.org/W2772147809
https://openalex.org/W2772808288
https://openalex.org/W2793507913
https://openalex.org/W2794148568
https://openalex.org/W2801091016
https://openalex.org/W2810178726
https://openalex.org/W2887357086
https://openalex.org/W2900125603
https://openalex.org/W2903504683
https://openalex.org/W2904502535
https://openalex.org/W2921192245
https://openalex.org/W2947770108
https://openalex.org/W2948386920
https://openalex.org/W2954234844
https://openalex.org/W2966948511
https://openalex.org/W2992817645
https://openalex.org/W2995376297
https://openalex.org/W3010900337
https://openalex.org/W3024501596
https://openalex.org/W3026732932
https://openalex.org/W3037546959
https://openalex.org/W3046240581
https://openalex.org/W3086864013
https://openalex.org/W3087143908
https://openalex.org/W3095393553
https://openalex.org/W3096229072
https://openalex.org/W3108986428
https://openalex.org/W3122306781
https://openalex.org/W3134222938
https://openalex.org/W3139161427
https://openalex.org/W3140627261
https://openalex.org/W3148729801
https://openalex.org/W3172415205
https://openalex.org/W3194526128
https://openalex.org/W3200141367
https://openalex.org/W4200505906
https://openalex.org/W4206315400
https://openalex.org/W4207034291
https://openalex.org/W4214773549
https://openalex.org/W4214942187
https://openalex.org/W4224939070
https://openalex.org/W4226258145
https://openalex.org/W4243718812
https://openalex.org/W4280582476
https://openalex.org/W4281556407
https://openalex.org/W4284969921
https://openalex.org/W4285160355
https://openalex.org/W4285279706
https://openalex.org/W4288455547
https://openalex.org/W4297174558
https://openalex.org/W4308869607
https://openalex.org/W4309243468
https://openalex.org/W4310187996
https://openalex.org/W4322495861
https://openalex.org/W4366988189
https://openalex.org/W655915431
https://openalex.org/W113444116
https://openalex.org/W114839019
https://openalex.org/W140231812
https://openalex.org/W1538906423
https://openalex.org/W1546714427
https://openalex.org/W1965344711
https://openalex.org/W1967169765
https://openalex.org/W1968713007
https://openalex.org/W1971224861
https://openalex.org/W1988532720
https://openalex.org/W2005055141
https://openalex.org/W2008664541
https://openalex.org/W201013640
https://openalex.org/W2019878810
https://openalex.org/W2027531265
https://openalex.org/W2043382639
https://openalex.org/W2044472164
https://openalex.org/W2051009246
https://openalex.org/W2051392798
https://openalex.org/W2052598475
https://openalex.org/W2053809155
https://openalex.org/W2065931480
https://openalex.org/W2083329221
https://openalex.org/W2086308222
https://openalex.org/W2088207731
https://openalex.org/W2093223983
https://openalex.org/W210512998
https://openalex.org/W2125836264
https://openalex.org/W2151799658
https://openalex.org/W2155089698
https://openalex.org/W2233632589
https://openalex.org/W22703502
https://openalex.org/W2287682489
https://openalex.org/W2304230510
https://openalex.org/W2321658885
https://openalex.org/W2324957958
https://openalex.org/W2408088325
https://openalex.org/W2413474154
https://openalex.org/W2433900187
https://openalex.org/W2468687700
https://openalex.org/W2479497220
https://openalex.org/W24873571
https://openalex.org/W2504892260
https://openalex.org/W2522647218
https://openalex.org/W2553678181
https://openalex.org/W2588164053
https://openalex.org/W2603863659
https://openalex.org/W2605941633
https://openalex.org/W2607213622
https://openalex.org/W2625166419
https://openalex.org/W2710713740
https://openalex.org/W2755995248
https://openalex.org/W2793103431
https://openalex.org/W2797523697
https://openalex.org/W2803126115
https://openalex.org/W2885512009
https://openalex.org/W2885579062
https://openalex.org/W2892138873
https://openalex.org/W2895608200
https://openalex.org/W2920812231
https://openalex.org/W2922133906
https://openalex.org/W2922328405
https://openalex.org/W2945350398
https://openalex.org/W2951995822
https://openalex.org/W2952855063
https://openalex.org/W2955968226
https://openalex.org/W2975945274
https://openalex.org/W2979492775
https://openalex.org/W2983304941
https://openalex.org/W2984197693
https://openalex.org/W2985931618
https://openalex.org/W2999340593
https://openalex.org/W2999727621
https://openalex.org/W3001181383
https://openalex.org/W3021467350
https://openalex.org/W3036661363
https://openalex.org/W3040706026
https://openalex.org/W3087138717
https://openalex.org/W3088650520
https://openalex.org/W3096943367
https://openalex.org/W3104572885
https://openalex.org/W3105076309
https://openalex.org/W3105666338
https://openalex.org/W3119089663
https://openalex.org/W3160746958
https://openalex.org/W3163965780
https://openalex.org/W3166630202
https://openalex.org/W3188835964
https://openalex.org/W3203471311
https://openalex.org/W3208116172
https://openalex.org/W3209206398
https://openalex.org/W335481218
https://openalex.org/W4205862702
https://openalex.org/W4210972909
https://openalex.org/W4212827119
https://openalex.org/W4214733976
https://openalex.org/W4229561086
https://openalex.org/W4247982248
https://openalex.org/W4256026954
https://openalex.org/W4281811798
https://openalex.org/W4282925157
https://openalex.org/W4283579215
https://openalex.org/W4291001378
https://openalex.org/W4294031684
https://openalex.org/W4307955473
https://openalex.org/W4311805876
https://openalex.org/W4322768156
https://openalex.org/W4362691907
https://openalex.org/W4376871477
https://openalex.org/W834873630
https://openalex.org/W880211881
https://openalex.org/W1025149241
https://openalex.org/W1172496680
https://openalex.org/W123465656
https://openalex.org/W1515804614
https://openalex.org/W1517337565
https://openalex.org/W1570037622
https://openalex.org/W171562248
https://openalex.org/W181296866
https://openalex.org/W189596016
https://openalex.org/W1898960567
https://openalex.org/W1967761862
https://openalex.org/W1980006712
https://openalex.org/W1983337932
https://openalex.org/W1987035155
https://openalex.org/W1989204247
https://openalex.org/W1994904436
https://openalex.org/W2005689951
https://openalex.org/W2008060459
https://openalex.org/W2009520607
https://openalex.org/W2012714157
https://openalex.org/W2012789973
https://openalex.org/W2018538891
https://openalex.org/W2023733893
https://openalex.org/W2029548641
https://openalex.org/W2033795078
https://openalex.org/W2038357949
https://openalex.org/W2045194600
https://openalex.org/W2051888604
https://openalex.org/W2053473016
https://openalex.org/W2055493516
https://openalex.org/W2058236362
https://openalex.org/W2059587716
https://openalex.org/W2063477172
https://openalex.org/W2069834107
https://openalex.org/W2071228498
https://openalex.org/W2077262304
https://openalex.org/W2084195808
https://openalex.org/W2090250857
https://openalex.org/W2090958975
https://openalex.org/W2092150917
https://openalex.org/W2099112643
https://openalex.org/W2109581812
https://openalex.org/W2111907080
https://openalex.org/W2124164710
https://openalex.org/W2126631236
https://openalex.org/W2129027751
https://openalex.org/W2139339139
https://openalex.org/W2142213597
https://openalex.org/W2143503849
https://openalex.org/W2145375903
https://openalex.org/W2151622842
https://openalex.org/W2159218956
https://openalex.org/W2241348701
https://openalex.org/W2261058317
https://openalex.org/W22729183
https://openalex.org/W2316004939
https://openalex.org/W2324524853
https://openalex.org/W2326001881
https://openalex.org/W2331471616
https://openalex.org/W2332520810
https://openalex.org/W2336123530
https://openalex.org/W2344307594
https://openalex.org/W2346116632
https://openalex.org/W2399326327
https://openalex.org/W2402803910
https://openalex.org/W2410661311
https://openalex.org/W2412545719
https://openalex.org/W2412699264
https://openalex.org/W2414867546
https://openalex.org/W2415850738
https://openalex.org/W2419322091
https://openalex.org/W244430893
https://openalex.org/W2475864793
https://openalex.org/W2486332933
https://openalex.org/W2490468402
https://openalex.org/W2516410886
https://openalex.org/W2564829193
https://openalex.org/W2587476431
https://openalex.org/W2589910893
https://openalex.org/W2591082207
https://openalex.org/W2600509864
https://openalex.org/W2724399220
https://openalex.org/W2734905427
https://openalex.org/W2740316949
https://openalex.org/W2750668968
https://openalex.org/W2771709492
https://openalex.org/W2785596276
https://openalex.org/W2799851980
https://openalex.org/W2808931090
https://openalex.org/W2810073857
https://openalex.org/W2888309221
https://openalex.org/W2901460154
https://openalex.org/W2903436004
https://openalex.org/W2903879540
https://openalex.org/W2912727918
https://openalex.org/W2919340955
https://openalex.org/W2920295218
https://openalex.org/W2929628437
https://openalex.org/W2940847984
https://openalex.org/W2967610730
https://openalex.org/W2972468754
https://openalex.org/W29813095
https://openalex.org/W2981734113
https://openalex.org/W2992050235
https://openalex.org/W2992097120
https://openalex.org/W3002473811
https://openalex.org/W3008920748
https://openalex.org/W3011602385
https://openalex.org/W3011655596
https://openalex.org/W3016505824
https://openalex.org/W3017353716
https://openalex.org/W3022497244
https://openalex.org/W3035177514
https://openalex.org/W3048030206
https://openalex.org/W3095628171
https://openalex.org/W3099142344
https://openalex.org/W3103583572
https://openalex.org/W3103755643
https://openalex.org/W3104979345
https://openalex.org/W3113288016
https://openalex.org/W3119819767
https://openalex.org/W3119848152
https://openalex.org/W3124817915
https://openalex.org/W3125372573
https://openalex.org/W3127416048
https://openalex.org/W3129039193
https://openalex.org/W3133449482
https://openalex.org/W3154978744
https://openalex.org/W3158883641
https://openalex.org/W3160056318
https://openalex.org/W3161063669
https://openalex.org/W3162297569
https://openalex.org/W3190517567
https://openalex.org/W3198919015
https://openalex.org/W3199228829
https://openalex.org/W3216674868
https://openalex.org/W343345727
https://openalex.org/W399191133
https://openalex.org/W4206508560
https://openalex.org/W4210832923
https://openalex.org/W4212835802
https://openalex.org/W4220749175
https://openalex.org/W4220815204
https://openalex.org/W4223584287
https://openalex.org/W4225580795
https://openalex.org/W4226078335
https://openalex.org/W4229332209
https://openalex.org/W4234153435
https://openalex.org/W4235026643
https://openalex.org/W4236308108
https://openalex.org/W4241537924
https://openalex.org/W4241940339
https://openalex.org/W4246243615
https://openalex.org/W4249953504
https://openalex.org/W4251738925
https://openalex.org/W4255243992
https://openalex.org/W4281478860
https://openalex.org/W4282939200
https://openalex.org/W4283069832
https://openalex.org/W4283772636
https://openalex.org/W4283778934
https://openalex.org/W4284691915
https://openalex.org/W4285727768
https://openalex.org/W4286750111
https://openalex.org/W4292318026
https://openalex.org/W4293157665
https://openalex.org/W4293470174
https://openalex.org/W4295028388
https://openalex.org/W4300864486
https://openalex.org/W4301595292
https://openalex.org/W4307684500
https://openalex.org/W4309231263
https://openalex.org/W4309862322
https://openalex.org/W4310506627
https://openalex.org/W4311273270
https://openalex.org/W4311853214
https://openalex.org/W4311955457
https://openalex.org/W4312203838
https://openalex.org/W4313230777
https://openalex.org/W4313279787
https://openalex.org/W4313404285
https://openalex.org/W4313551710
https://openalex.org/W4313857593
https://openalex.org/W4317360676
https://openalex.org/W4317538925
https://openalex.org/W4320710062
https://openalex.org/W4321600289
https://openalex.org/W4324331701
https://openalex.org/W4328100169
https://openalex.org/W4361030032
https://openalex.org/W4364353684
https://openalex.org/W4367174823
https://openalex.org/W4378550254
https://openalex.org/W4380794651
https://openalex.org/W4385507433
https://openalex.org/W4385852282
https://openalex.org/W68241401
https://openalex.org/W988480212
https://openalex.org/W1002439200
https://openalex.org/W1008699379
https://openalex.org/W1015164767
https://openalex.org/W1019318900
https://openalex.org/W1028217864
https://openalex.org/W1034231815
https://openalex.org/W1034454020
https://openalex.org/W1042193068
https://openalex.org/W1042401889
https://openalex.org/W1120863371
https://openalex.org/W1133235398
https://openalex.org/W1140699627
https://openalex.org/W1141497051
https://openalex.org/W1143786826
https://openalex.org/W1143789782
https://openalex.org/W1168465334
https://openalex.org/W1193246718
https://openalex.org/W1193599239
https://openalex.org/W1202249740
https://openalex.org/W120819486
https://openalex.org/W121420535
https://openalex.org/W1269583779
https://openalex.org/W134984437
https://openalex.org/W1460890265
https://openalex.org/W1477199948
https://openalex.org/W1493918794
https://openalex.org/W1508313146
https://openalex.org/W15116001
https://openalex.org/W1517598017
https://openalex.org/W1525434821
https://openalex.org/W1533050742
https://openalex.org/W153774063
https://openalex.org/W1538330317
https://openalex.org/W1548253645
https://openalex.org/W1559158688
https://openalex.org/W1581343063
https://openalex.org/W1585336257
https://openalex.org/W1593815530
https://openalex.org/W1617096204
https://openalex.org/W1644799332
https://openalex.org/W1662134932
https://openalex.org/W1673409689
https://openalex.org/W169853394
https://openalex.org/W1709791247
https://openalex.org/W1718467581
https://openalex.org/W1730075025
https://openalex.org/W1752888295
https://openalex.org/W175409671
https://openalex.org/W1779447342
https://openalex.org/W178948579
https://openalex.org/W179908591
https://openalex.org/W1823139840
https://openalex.org/W1852056528
https://openalex.org/W1856164430
https://openalex.org/W187520044
https://openalex.org/W1875320451
https://openalex.org/W1896505759
https://openalex.org/W1953089273
https://openalex.org/W1966916513
https://openalex.org/W1967859964
https://openalex.org/W1968415994
https://openalex.org/W1972256106
https://openalex.org/W1977771852
https://openalex.org/W1977865055
https://openalex.org/W1978087432
https://openalex.org/W1978094028
https://openalex.org/W1981307420
https://openalex.org/W1981901446
https://openalex.org/W1984154306
https://openalex.org/W1986233171
https://openalex.org/W1986396188
https://openalex.org/W1987338285
https://openalex.org/W1987426452
https://openalex.org/W1988130487
https://openalex.org/W1990976575
https://openalex.org/W1992182383
https://openalex.org/W1996872110
https://openalex.org/W2000114600
https://openalex.org/W2001718239
https://openalex.org/W2002104681
https://openalex.org/W2003418883
https://openalex.org/W2003433831
https://openalex.org/W2004942680
https://openalex.org/W2006969138
https://openalex.org/W2007112471
https://openalex.org/W2007872858
https://openalex.org/W2008331450
https://openalex.org/W2008923588
https://openalex.org/W2013090545
https://openalex.org/W2013143035
https://openalex.org/W2013474102
https://openalex.org/W2014793099
https://openalex.org/W2017989614
https://openalex.org/W2019441075
https://openalex.org/W2020746156
https://openalex.org/W2023388016
https://openalex.org/W2029412766
https://openalex.org/W2029834280
https://openalex.org/W2030009212
https://openalex.org/W2030728607
https://openalex.org/W2034674900
https://openalex.org/W2035700096
https://openalex.org/W2036623191
https://openalex.org/W2038952843
https://openalex.org/W2040917652
https://openalex.org/W2042394084
https://openalex.org/W2042685379
https://openalex.org/W2042952095
https://openalex.org/W2046644754
https://openalex.org/W2046849902
https://openalex.org/W2047685934
https://openalex.org/W2047997282
https://openalex.org/W2049904591
https://openalex.org/W2052717350
https://openalex.org/W2052796362
https://openalex.org/W2053193190
https://openalex.org/W2053756117
https://openalex.org/W2054084433
https://openalex.org/W2055906282
https://openalex.org/W2060566064
https://openalex.org/W2060663242
https://openalex.org/W2061348345
https://openalex.org/W206157664
https://openalex.org/W2061643962
https://openalex.org/W2063587966
https://openalex.org/W2064414216
https://openalex.org/W2068325112
https://openalex.org/W2068791778
https://openalex.org/W2072379625
https://openalex.org/W2075148203
https://openalex.org/W2081121831
https://openalex.org/W2081439381
https://openalex.org/W2083271045
https://openalex.org/W2083706801
https://openalex.org/W2085578339
https://openalex.org/W2086555889
https://openalex.org/W2089123460
https://openalex.org/W2089269798
https://openalex.org/W2091216832
https://openalex.org/W2091923244
https://openalex.org/W2093923383
https://openalex.org/W2106522597
https://openalex.org/W2109754478
https://openalex.org/W2110955105
https://openalex.org/W2114658897
https://openalex.org/W2124193372
https://openalex.org/W2126777387
https://openalex.org/W2127243512
https://openalex.org/W2136110872
https://openalex.org/W2151061695
https://openalex.org/W2151081287
https://openalex.org/W2157282073
https://openalex.org/W216313033
https://openalex.org/W2181417948
https://openalex.org/W2184009599
https://openalex.org/W2186829086
https://openalex.org/W2187372251
https://openalex.org/W2212129539
https://openalex.org/W221689348
https://openalex.org/W22184719
https://openalex.org/W2220269702
https://openalex.org/W2226146889
https://openalex.org/W2235770952
https://openalex.org/W2239275359
https://openalex.org/W2242795824
https://openalex.org/W2244702627
https://openalex.org/W2244744167
https://openalex.org/W2244895658
https://openalex.org/W2245057956
https://openalex.org/W2246126798
https://openalex.org/W2249749678
https://openalex.org/W2249792234
https://openalex.org/W2253161339
https://openalex.org/W2253614757
https://openalex.org/W2255799218
https://openalex.org/W2255943440
https://openalex.org/W2258003091
https://openalex.org/W2261369795
https://openalex.org/W2267022567
https://openalex.org/W2267919275
https://openalex.org/W2271959780
https://openalex.org/W2274691598
https://openalex.org/W2275756566
https://openalex.org/W2277824302
https://openalex.org/W2282954009
https://openalex.org/W2286941925
https://openalex.org/W2287184328
https://openalex.org/W2287420363
https://openalex.org/W2287473483
https://openalex.org/W2291150025
https://openalex.org/W2297947974
https://openalex.org/W2299298363
https://openalex.org/W2300979471
https://openalex.org/W2312729004
https://openalex.org/W2314539763
https://openalex.org/W2315265481
https://openalex.org/W2317647760
https://openalex.org/W2317649812
https://openalex.org/W2317721374
https://openalex.org/W2317809826
https://openalex.org/W2318139667
https://openalex.org/W2318494706
https://openalex.org/W2318681819
https://openalex.org/W2319320355
https://openalex.org/W2326394441
https://openalex.org/W2326438362
https://openalex.org/W2327098187
https://openalex.org/W2327880641
https://openalex.org/W2328039579
https://openalex.org/W2328106315
https://openalex.org/W2328108275
https://openalex.org/W2329861790
https://openalex.org/W2330559215
https://openalex.org/W2333261609
https://openalex.org/W2334244800
https://openalex.org/W2336399639
https://openalex.org/W2336693860
https://openalex.org/W2336720245
https://openalex.org/W2337355984
https://openalex.org/W2337520194
https://openalex.org/W2337704583
https://openalex.org/W2339967458
https://openalex.org/W2340579358
https://openalex.org/W2340788581
https://openalex.org/W2340981419
https://openalex.org/W2341387763
https://openalex.org/W2341476763
https://openalex.org/W2341639041
https://openalex.org/W2352604387
https://openalex.org/W2373101510
https://openalex.org/W2382129982
https://openalex.org/W2389850826
https://openalex.org/W2393320792
https://openalex.org/W2397431593
https://openalex.org/W2397748307
https://openalex.org/W2397839283
https://openalex.org/W2398339843
https://openalex.org/W2398609667
https://openalex.org/W2398895268
https://openalex.org/W2399393494
https://openalex.org/W2399936109
https://openalex.org/W2400904729
https://openalex.org/W2401844808
https://openalex.org/W2402685544
https://openalex.org/W2402919830
https://openalex.org/W2403472364
https://openalex.org/W2404074566
https://openalex.org/W2404179969
https://openalex.org/W2404550544
https://openalex.org/W2404971101
https://openalex.org/W2405470264
https://openalex.org/W2405757407
https://openalex.org/W2406722911
https://openalex.org/W2407333154
https://openalex.org/W2408413853
https://openalex.org/W2408769612
https://openalex.org/W2411111093
https://openalex.org/W2411609282
https://openalex.org/W2412695225
https://openalex.org/W2414717909
https://openalex.org/W2415408190
https://openalex.org/W2418660699
https://openalex.org/W2419357082
https://openalex.org/W2419694672
https://openalex.org/W2422667098
https://openalex.org/W2429934995
https://openalex.org/W2430217650
https://openalex.org/W2439918593
https://openalex.org/W245081655
https://openalex.org/W2460085980
https://openalex.org/W2462078365
https://openalex.org/W2469294154
https://openalex.org/W2471299546
https://openalex.org/W2471673751
https://openalex.org/W2473017214
https://openalex.org/W2474773185
https://openalex.org/W2482645854
https://openalex.org/W2485252175
https://openalex.org/W2489397956
https://openalex.org/W2491123592
https://openalex.org/W2495405476
https://openalex.org/W2497663527
https://openalex.org/W2507226529
https://openalex.org/W2507667146
https://openalex.org/W2510113285
https://openalex.org/W2511994571
https://openalex.org/W2513008149
https://openalex.org/W2515055102
https://openalex.org/W2516979635
https://openalex.org/W2517313041
https://openalex.org/W2517798914
https://openalex.org/W2518719304
https://openalex.org/W2534712175
https://openalex.org/W2537755326
https://openalex.org/W2549608528
https://openalex.org/W2551365056
https://openalex.org/W2553504551
https://openalex.org/W2561908156
https://openalex.org/W2562633785
https://openalex.org/W2562946643
https://openalex.org/W2563227844
https://openalex.org/W2565919350
https://openalex.org/W2566908512
https://openalex.org/W2567291548
https://openalex.org/W2567351573
https://openalex.org/W2567567032
https://openalex.org/W2568523878
https://openalex.org/W2568618405
https://openalex.org/W2580507925
https://openalex.org/W2580546419
https://openalex.org/W2581172199
https://openalex.org/W2583109695
https://openalex.org/W2583489680
https://openalex.org/W2584609123
https://openalex.org/W2585199926
https://openalex.org/W2586084982
https://openalex.org/W2586616695
https://openalex.org/W2587041362
https://openalex.org/W2587376965
https://openalex.org/W2588612119
https://openalex.org/W2588695505
https://openalex.org/W2589777214
https://openalex.org/W2591177654
https://openalex.org/W2591318928
https://openalex.org/W2591519774
https://openalex.org/W2593575059
https://openalex.org/W2594150853
https://openalex.org/W2595139839
https://openalex.org/W2595641642
https://openalex.org/W2596213868
https://openalex.org/W2597248993
https://openalex.org/W2600366922
https://openalex.org/W2604233397
https://openalex.org/W2605598011
https://openalex.org/W2605708146
https://openalex.org/W2606004444
https://openalex.org/W2610434694
https://openalex.org/W2610499821
https://openalex.org/W2610832396
https://openalex.org/W2611446445
https://openalex.org/W2611754612
https://openalex.org/W2612865530
https://openalex.org/W2614815979
https://openalex.org/W2616898034
https://openalex.org/W2617033049
https://openalex.org/W2620885518
https://openalex.org/W2621588076
https://openalex.org/W2622684926
https://openalex.org/W2622862122
https://openalex.org/W2623319287
https://openalex.org/W2623947735
https://openalex.org/W2624856099
https://openalex.org/W2625569306
https://openalex.org/W2696064839
https://openalex.org/W2699723745
https://openalex.org/W2710710972
https://openalex.org/W2714897410
https://openalex.org/W2725470118
https://openalex.org/W2731863644
https://openalex.org/W2732514736
https://openalex.org/W2734806349
https://openalex.org/W2735274459
https://openalex.org/W2735983107
https://openalex.org/W2737825641
https://openalex.org/W2740744904
https://openalex.org/W2741493871
https://openalex.org/W2744103574
https://openalex.org/W2745390686
https://openalex.org/W2746342523
https://openalex.org/W2749966470
https://openalex.org/W2750982346
https://openalex.org/W2752405924
https://openalex.org/W2752407466
https://openalex.org/W2752540011
https://openalex.org/W2756128470
https://openalex.org/W2757242355
https://openalex.org/W2759203554
https://openalex.org/W2759562852
https://openalex.org/W2762220029
https://openalex.org/W2762590290
https://openalex.org/W2766865028
https://openalex.org/W2767491336
https://openalex.org/W2771810567
https://openalex.org/W2773537726
https://openalex.org/W2774035494
https://openalex.org/W2779061027
https://openalex.org/W2783709683
https://openalex.org/W2786347767
https://openalex.org/W2791357995
https://openalex.org/W2791876786
https://openalex.org/W2792567690
https://openalex.org/W2800952418
https://openalex.org/W2802093313
https://openalex.org/W2802256869
https://openalex.org/W2803798876
https://openalex.org/W2804291088
https://openalex.org/W2804559484
https://openalex.org/W2806851151
https://openalex.org/W2808796601
https://openalex.org/W2809251499
https://openalex.org/W2810465513
https://openalex.org/W2810848536
https://openalex.org/W2810985901
https://openalex.org/W281836790
https://openalex.org/W2887616582
https://openalex.org/W2888057444
https://openalex.org/W2889489070
https://openalex.org/W2890703424
https://openalex.org/W2891195922
https://openalex.org/W2891654821
https://openalex.org/W2893493572
https://openalex.org/W2895023085
https://openalex.org/W2898987237
https://openalex.org/W2901640118
https://openalex.org/W2902980583
https://openalex.org/W2904429282
https://openalex.org/W2908693168
https://openalex.org/W2911868934
https://openalex.org/W2912140015
https://openalex.org/W2913310697
https://openalex.org/W2913315877
https://openalex.org/W2913394098
https://openalex.org/W2913721377
https://openalex.org/W2915345006
https://openalex.org/W2915667145
https://openalex.org/W2915690825
https://openalex.org/W2915902384
https://openalex.org/W2916540733
https://openalex.org/W2917547053
https://openalex.org/W2917568417
https://openalex.org/W2917758014
https://openalex.org/W2918938752
https://openalex.org/W2920273146
https://openalex.org/W2920307123
https://openalex.org/W2920765667
https://openalex.org/W2920869920
https://openalex.org/W2920946445
https://openalex.org/W2922184772
https://openalex.org/W2926617796
https://openalex.org/W2928245428
https://openalex.org/W2937192678
https://openalex.org/W2937562638
https://openalex.org/W2939264162
https://openalex.org/W2939522743
https://openalex.org/W2940449034
https://openalex.org/W2944605269
https://openalex.org/W2944828042
https://openalex.org/W2944834839
https://openalex.org/W2946202638
https://openalex.org/W2951859630
https://openalex.org/W2954120301
https://openalex.org/W2955453920
https://openalex.org/W2959921341
https://openalex.org/W2962605163
https://openalex.org/W2962724925
https://openalex.org/W2965272360
https://openalex.org/W2966349958
https://openalex.org/W2966670837
https://openalex.org/W2969076104
https://openalex.org/W2972680103
https://openalex.org/W2972914128
https://openalex.org/W2973253110
https://openalex.org/W2973743166
https://openalex.org/W2975830925
https://openalex.org/W2977301196
https://openalex.org/W2977536251
https://openalex.org/W2978006289
https://openalex.org/W2978243864
https://openalex.org/W2978906561
https://openalex.org/W298442818
https://openalex.org/W2984585736
https://openalex.org/W2986314039
https://openalex.org/W2987604991
https://openalex.org/W2988537922
https://openalex.org/W2989624050
https://openalex.org/W2990025227
https://openalex.org/W2990749075
https://openalex.org/W2991979732
https://openalex.org/W2991999419
https://openalex.org/W2992135591
https://openalex.org/W2992624164
https://openalex.org/W2992624857
https://openalex.org/W2992653209
https://openalex.org/W2992703824
https://openalex.org/W2992726481
https://openalex.org/W2992874078
https://openalex.org/W2993032334
https://openalex.org/W2993071876
https://openalex.org/W2993374029
https://openalex.org/W2993408628
https://openalex.org/W2993409894
https://openalex.org/W2993809502
https://openalex.org/W2993911427
https://openalex.org/W2995773690
https://openalex.org/W2996343423
https://openalex.org/W2997136999
https://openalex.org/W2997601413
https://openalex.org/W3001231649
https://openalex.org/W3003085410
https://openalex.org/W3003499513
https://openalex.org/W3003563316
https://openalex.org/W3003928523
https://openalex.org/W3004250208
https://openalex.org/W3004771746
https://openalex.org/W3005013237
https://openalex.org/W3005743313
https://openalex.org/W3010644081
https://openalex.org/W3012322637
https://openalex.org/W301253308
https://openalex.org/W3015312282
https://openalex.org/W3022888994
https://openalex.org/W3023448978
https://openalex.org/W3023643873
https://openalex.org/W3024593228
https://openalex.org/W3025413703
https://openalex.org/W3025615311
https://openalex.org/W3026256239
https://openalex.org/W3029251414
https://openalex.org/W3030044676
https://openalex.org/W3031827020
https://openalex.org/W3035477965
https://openalex.org/W3035546317
https://openalex.org/W3036126035
https://openalex.org/W3036209954
https://openalex.org/W3036366315
https://openalex.org/W3036490975
https://openalex.org/W3036616237
https://openalex.org/W3036749759
https://openalex.org/W3036806573
https://openalex.org/W3036812574
https://openalex.org/W3041172380
https://openalex.org/W3041905598
https://openalex.org/W3042068335
https://openalex.org/W3042893889
https://openalex.org/W3044847052
https://openalex.org/W3045016249
https://openalex.org/W3047597578
https://openalex.org/W3048841137
https://openalex.org/W3048906372
https://openalex.org/W3076985422
https://openalex.org/W3081915144
https://openalex.org/W3082436040
https://openalex.org/W3082485826
https://openalex.org/W3083453448
https://openalex.org/W3083799455
https://openalex.org/W3087400506
https://openalex.org/W3088172228
https://openalex.org/W3092295927
https://openalex.org/W3096657877
https://openalex.org/W3097422501
https://openalex.org/W3097837588
https://openalex.org/W3098482676
https://openalex.org/W3100150660
https://openalex.org/W3101827810
https://openalex.org/W310218680
https://openalex.org/W3103040484
https://openalex.org/W3104629692
https://openalex.org/W3108959867
https://openalex.org/W3110351459
https://openalex.org/W3111130318
https://openalex.org/W3112448828
https://openalex.org/W3113140840
https://openalex.org/W3115485820
https://openalex.org/W3118936057
https://openalex.org/W3119581257
https://openalex.org/W3119715199
https://openalex.org/W3119931111
https://openalex.org/W3120823234
https://openalex.org/W3122637999
https://openalex.org/W3123091261
https://openalex.org/W3123889761
https://openalex.org/W3124154134
https://openalex.org/W3124233757
https://openalex.org/W3124357310
https://openalex.org/W3124741386
https://openalex.org/W3126196729
https://openalex.org/W3128883169
https://openalex.org/W3131366157
https://openalex.org/W3131583320
https://openalex.org/W3131609176
https://openalex.org/W3134179430
https://openalex.org/W3134598154
https://openalex.org/W3137625249
https://openalex.org/W3137713021
https://openalex.org/W3138582097
https://openalex.org/W3138995494
https://openalex.org/W3141917494
https://openalex.org/W3143468653
https://openalex.org/W3144351713
https://openalex.org/W3148824930
https://openalex.org/W3152259569
https://openalex.org/W3152814
https://openalex.org/W3153370646
https://openalex.org/W3154937938
https://openalex.org/W3157186882
https://openalex.org/W3157206853
https://openalex.org/W3161089608
https://openalex.org/W3162271088
https://openalex.org/W3162434311
https://openalex.org/W3163910722
https://openalex.org/W3164436950
https://openalex.org/W3164781915
https://openalex.org/W3165906006
https://openalex.org/W3165984173
https://openalex.org/W3166588059
https://openalex.org/W3166839099
https://openalex.org/W3168867585
https://openalex.org/W3169356381
https://openalex.org/W3170417342
https://openalex.org/W3171054448
https://openalex.org/W3171096199
https://openalex.org/W3172237355
https://openalex.org/W3172760093
https://openalex.org/W3173204870
https://openalex.org/W3174491091
https://openalex.org/W3175424669
https://openalex.org/W3177865355
https://openalex.org/W3178030587
https://openalex.org/W3179167680
https://openalex.org/W3180425301
https://openalex.org/W3183693127
https://openalex.org/W3183981466
https://openalex.org/W3184043543
https://openalex.org/W3184692082
https://openalex.org/W3185267784
https://openalex.org/W3185455526
https://openalex.org/W3185868755
https://openalex.org/W3186664340
https://openalex.org/W3187206956
https://openalex.org/W3188155525
https://openalex.org/W3188199977
https://openalex.org/W3188511352
https://openalex.org/W3188699492
https://openalex.org/W3188830379
https://openalex.org/W3188887879
https://openalex.org/W3189156601
https://openalex.org/W3189570925
https://openalex.org/W3189887626
https://openalex.org/W3190355181
https://openalex.org/W3191499709
https://openalex.org/W3191697479
https://openalex.org/W3191776305
https://openalex.org/W3191883946
https://openalex.org/W3192044485
https://openalex.org/W3193310124
https://openalex.org/W3194141944
https://openalex.org/W3194316069
https://openalex.org/W3194800987
https://openalex.org/W3194894636
https://openalex.org/W3195420063
https://openalex.org/W3196221800
https://openalex.org/W3196496356
https://openalex.org/W3197342144
https://openalex.org/W3197368229
https://openalex.org/W3197922807
https://openalex.org/W3198851968
https://openalex.org/W3201132938
https://openalex.org/W3201367784
https://openalex.org/W3201576437
https://openalex.org/W3202719010
https://openalex.org/W3202822374
https://openalex.org/W3204110583
https://openalex.org/W3204702236
https://openalex.org/W3205004863
https://openalex.org/W3205434992
https://openalex.org/W3206459514
https://openalex.org/W3206811024
https://openalex.org/W3206816856
https://openalex.org/W3208637639
https://openalex.org/W3208933566
https://openalex.org/W3209491769
https://openalex.org/W3209682544
https://openalex.org/W3210216671
https://openalex.org/W3210564852
https://openalex.org/W3213820262
https://openalex.org/W3214269670
https://openalex.org/W3214290660
https://openalex.org/W3215819534
https://openalex.org/W3217056505
https://openalex.org/W3217160583
https://openalex.org/W328170534
https://openalex.org/W339731240
https://openalex.org/W343124831
https://openalex.org/W345768773
https://openalex.org/W380271118
https://openalex.org/W382986264
https://openalex.org/W38359731
https://openalex.org/W40165812
https://openalex.org/W4200178170
https://openalex.org/W4205406033
https://openalex.org/W4205604164
https://openalex.org/W4205903568
https://openalex.org/W4206293687
https://openalex.org/W4206708914
https://openalex.org/W4206756682
https://openalex.org/W4206805441
https://openalex.org/W4210337600
https://openalex.org/W4210484194
https://openalex.org/W4211020131
https://openalex.org/W4211043331
https://openalex.org/W4211146867
https://openalex.org/W4211181069
https://openalex.org/W4212798578
https://openalex.org/W4212817863
https://openalex.org/W4213074274
https://openalex.org/W4213372188
https://openalex.org/W4214565527
https://openalex.org/W4214643337
https://openalex.org/W4214860019
https://openalex.org/W4220750849
https://openalex.org/W4221141210
https://openalex.org/W4224248888
https://openalex.org/W4225638514
https://openalex.org/W4225939854
https://openalex.org/W4226001404
https://openalex.org/W4226226236
https://openalex.org/W4229738355
https://openalex.org/W4231370882
https://openalex.org/W4231540966
https://openalex.org/W4232129389
https://openalex.org/W4232163425
https://openalex.org/W4232164971
https://openalex.org/W4232582488
https://openalex.org/W4233107276
https://openalex.org/W4233209910
https://openalex.org/W4233902387
https://openalex.org/W4234255728
https://openalex.org/W4234865515
https://openalex.org/W4235095811
https://openalex.org/W4236024233
https://openalex.org/W4236380183
https://openalex.org/W4236996433
https://openalex.org/W4237974139
https://openalex.org/W4238270913
https://openalex.org/W4238328447
https://openalex.org/W4238477715
https://openalex.org/W4238596069
https://openalex.org/W4239127123
https://openalex.org/W4239290150
https://openalex.org/W4239406074
https://openalex.org/W4239631223
https://openalex.org/W4240843307
https://openalex.org/W4241092758
https://openalex.org/W4242139644
https://openalex.org/W4243070146
https://openalex.org/W4243073589
https://openalex.org/W4243990160
https://openalex.org/W4244049598
https://openalex.org/W4246990749
https://openalex.org/W4247100382
https://openalex.org/W4247181078
https://openalex.org/W4247228053
https://openalex.org/W4247597630
https://openalex.org/W4248146621
https://openalex.org/W4249231008
https://openalex.org/W4249755617
https://openalex.org/W4250199287
https://openalex.org/W4250598107
https://openalex.org/W4250987312
https://openalex.org/W4251152219
https://openalex.org/W4251718465
https://openalex.org/W4252038508
https://openalex.org/W4252537736
https://openalex.org/W4252673129
https://openalex.org/W4252735687
https://openalex.org/W4253022805
https://openalex.org/W4254963558
https://openalex.org/W4255700558
https://openalex.org/W4256321282
https://openalex.org/W4256612636
https://openalex.org/W4281670191
https://openalex.org/W4281918399
https://openalex.org/W4281956700
https://openalex.org/W4282982648
https://openalex.org/W4283209870
https://openalex.org/W4283825653
https://openalex.org/W4284893793
https://openalex.org/W4285230270
https://openalex.org/W4286560913
https://openalex.org/W4288038575
https://openalex.org/W4288056886
https://openalex.org/W4288479040
https://openalex.org/W4288601195
https://openalex.org/W4289261931
https://openalex.org/W4290963810
https://openalex.org/W4293157335
https://openalex.org/W4293157481
https://openalex.org/W4293209291
https://openalex.org/W4294266062
https://openalex.org/W4294307957
https://openalex.org/W4294924834
https://openalex.org/W4295135908
https://openalex.org/W4295298379
https://openalex.org/W4295312747
https://openalex.org/W4295677939
https://openalex.org/W4296242020
https://openalex.org/W4297131557
https://openalex.org/W4297183751
https://openalex.org/W4298246829
https://openalex.org/W4298711158
https://openalex.org/W4299300927
https://openalex.org/W4299386930
https://openalex.org/W4299402250
https://openalex.org/W4299822187
https://openalex.org/W4299871430
https://openalex.org/W4300421466
https://openalex.org/W4300495439
https://openalex.org/W4301440509
https://openalex.org/W4302621368
https://openalex.org/W4302801342
https://openalex.org/W4303575326
https://openalex.org/W4304691922
https://openalex.org/W4307367967
https://openalex.org/W4308308738
https://openalex.org/W4308670069
https://openalex.org/W4308929036
https://openalex.org/W4309284001
https://openalex.org/W4309344354
https://openalex.org/W4309364314
https://openalex.org/W4309451659
https://openalex.org/W4309792555
https://openalex.org/W4309903010
https://openalex.org/W4310010094
https://openalex.org/W4310591190
https://openalex.org/W4311055049
https://openalex.org/W4311510816
https://openalex.org/W4311877500
https://openalex.org/W4312099362
https://openalex.org/W4312335921
https://openalex.org/W4312417781
https://openalex.org/W4312946834
https://openalex.org/W4313051286
https://openalex.org/W4313427643
https://openalex.org/W4315434839
https://openalex.org/W4315881790
https://openalex.org/W4317359032
https://openalex.org/W4319231354
https://openalex.org/W4319598548
https://openalex.org/W4322629937
https://openalex.org/W4322720117
https://openalex.org/W4323032437
https://openalex.org/W4323039709
https://openalex.org/W4323066740
https://openalex.org/W4323527154
https://openalex.org/W4323909710
https://openalex.org/W4327967424
https://openalex.org/W4353070747
https://openalex.org/W4361238745
https://openalex.org/W4361254525
https://openalex.org/W4361254593
https://openalex.org/W4361254613
https://openalex.org/W4361254639
https://openalex.org/W4361255037
https://openalex.org/W4361255109
https://openalex.org/W4361266358
https://openalex.org/W4361266386
https://openalex.org/W4361267278
https://openalex.org/W4361267280
https://openalex.org/W4361268296
https://openalex.org/W4361813100
https://openalex.org/W4361813368
https://openalex.org/W4361813565
https://openalex.org/W4361814453
https://openalex.org/W4361831026
https://openalex.org/W4361869501
https://openalex.org/W4361892853
https://openalex.org/W4361944710
https://openalex.org/W4361950930
https://openalex.org/W4361968268
https://openalex.org/W4361968457
https://openalex.org/W4361968608
https://openalex.org/W4362395782
https://openalex.org/W4362396512
https://openalex.org/W4362433357
https://openalex.org/W4362614102
https://openalex.org/W4362614166
https://openalex.org/W4362614199
https://openalex.org/W4362614384
https://openalex.org/W4362614488
https://openalex.org/W4362614768
https://openalex.org/W4362614784
https://openalex.org/W4362624416
https://openalex.org/W4362624440
https://openalex.org/W4362624524
https://openalex.org/W4362624562
https://openalex.org/W4362624578
https://openalex.org/W4362624618
https://openalex.org/W4362624734
https://openalex.org/W4365446933
https://openalex.org/W4366968122
https://openalex.org/W4367187051
https://openalex.org/W4367607494
https://openalex.org/W4368364639
https://openalex.org/W4376121177
https://openalex.org/W4377029363
https://openalex.org/W4378380910
https://openalex.org/W4378627900
https://openalex.org/W4379283680
https://openalex.org/W4379390455
https://openalex.org/W4380536405
https://openalex.org/W4380677053
https://openalex.org/W4380793452
https://openalex.org/W4380794292
https://openalex.org/W4380794425
https://openalex.org/W4382372877
https://openalex.org/W4382394800
https://openalex.org/W4382777085
https://openalex.org/W4382896086
https://openalex.org/W4384131037
https://openalex.org/W4384156500
https://openalex.org/W4385074716
https://openalex.org/W4385269451
https://openalex.org/W4385346203
https://openalex.org/W4385349131
https://openalex.org/W4385604211
https://openalex.org/W4385684703
https://openalex.org/W4385814241
https://openalex.org/W4385851242
https://openalex.org/W4386043869
https://openalex.org/W4386084690
https://openalex.org/W4386107933
https://openalex.org/W4386124106
https://openalex.org/W4386303335
https://openalex.org/W4386303550
https://openalex.org/W4386327093
https://openalex.org/W4386380460
https://openalex.org/W4386586148
https://openalex.org/W4386875344
https://openalex.org/W4386948947
https://openalex.org/W4386981678
https://openalex.org/W4387045117
https://openalex.org/W48849284
https://openalex.org/W54644724
https://openalex.org/W571866283
https://openalex.org/W60539711
https://openalex.org/W610302921
https://openalex.org/W611982067
https://openalex.org/W64964622
https://openalex.org/W66669233
https://openalex.org/W754985457
https://openalex.org/W757248884
https://openalex.org/W75924652
https://openalex.org/W761089200
https://openalex.org/W774588591
https://openalex.org/W805354921
https://openalex.org/W807046444
https://openalex.org/W81079354
https://openalex.org/W82076165
https://openalex.org/W829041374
https://openalex.org/W838887621
https://openalex.org/W845380582
https://openalex.org/W845543871
https://openalex.org/W849276380
https://openalex.org/W850437592
https://openalex.org/W853720675
https://openalex.org/W869193800
https://openalex.org/W871088662
https://openalex.org/W87346447
https://openalex.org/W890459435
https://openalex.org/W89954138
https://openalex.org/W903772240
https://openalex.org/W930808942
https://openalex.org/W93467714
https://openalex.org/W938867552
https://openalex.org/W944552784
https://openalex.org/W946956137
https://openalex.org/W94723127
https://openalex.org/W952465297
https://openalex.org/W953347730
https://openalex.org/W954301748
https://openalex.org/W955412768
https://openalex.org/W967908208
https://openalex.org/W973740722
https://openalex.org/W974866587
https://openalex.org/W991763280
https://openalex.org/W992976430
https://openalex.org/W996627239
https://openalex.org/W998397721
https://openalex.org/W2110922803
https://openalex.org/W2146749615
https://openalex.org/W2209368665
https://openalex.org/W1969801270
https://openalex.org/W3179399516
https://openalex.org/W2071899049
https://openalex.org/W1967896668
https://openalex.org/W2161041506
https://openalex.org/W4232322096
https://openalex.org/W2137809238
https://openalex.org/W2464448281
https://openalex.org/W2160531384
https://openalex.org/W2164252602
https://openalex.org/W2916162780
https://openalex.org/W2103826070
https://openalex.org/W2031250625
https://openalex.org/W2262448048
https://openalex.org/W2139082628
https://openalex.org/W2009895341
https://openalex.org/W1991498414
https://openalex.org/W2135926091
https://openalex.org/W2101782876
https://openalex.org/W2144898517
https://openalex.org/W2167662135
https://openalex.org/W2591427933
https://openalex.org/W2163344214
https://openalex.org/W2146546690
https://openalex.org/W2047164801
https://openalex.org/W1965133186
https://openalex.org/W2014679946
https://openalex.org/W2257387609
https://openalex.org/W2046613629
https://openalex.org/W1993481663
https://openalex.org/W2098482403
https://openalex.org/W2008022422
https://openalex.org/W2082852953
https://openalex.org/W2136453726
https://openalex.org/W1964990741
https://openalex.org/W2041238959
https://openalex.org/W2524820142
https://openalex.org/W2044943819
https://openalex.org/W2180834397
https://openalex.org/W1982160752
https://openalex.org/W1964940691
https://openalex.org/W2003713859
https://openalex.org/W1969509610
https://openalex.org/W1840764472
https://openalex.org/W2021750212
https://openalex.org/W2158048233
https://openalex.org/W2023392073
https://openalex.org/W3084720999
https://openalex.org/W2121955382
https://openalex.org/W2584444855
https://openalex.org/W2140794446
https://openalex.org/W1969153519
https://openalex.org/W2052632028
https://openalex.org/W2060676189
https://openalex.org/W2111340702
https://openalex.org/W2996112306
https://openalex.org/W4223433728
https://openalex.org/W1990004856
https://openalex.org/W2104668641
https://openalex.org/W2080210471
https://openalex.org/W1973304341
https://openalex.org/W1996600754
https://openalex.org/W1998819363
https://openalex.org/W2023400857
https://openalex.org/W2134397312
https://openalex.org/W2156804623
https://openalex.org/W2541851166
https://openalex.org/W2297358564
https://openalex.org/W1639997195
https://openalex.org/W1986829891
https://openalex.org/W2019072035
https://openalex.org/W2072170037
https://openalex.org/W2170698755
https://openalex.org/W2912913685
https://openalex.org/W4212967725
https://openalex.org/W1966173146
https://openalex.org/W2090080078
https://openalex.org/W1608281458
https://openalex.org/W2105248332
https://openalex.org/W2164808256
https://openalex.org/W2995456137
https://openalex.org/W2136528511
https://openalex.org/W2000282078
https://openalex.org/W2033136579
https://openalex.org/W2118279718
https://openalex.org/W1974895889
https://openalex.org/W2068028966
https://openalex.org/W2162144873
https://openalex.org/W1975225504
https://openalex.org/W2077759537
https://openalex.org/W2258647581
https://openalex.org/W1482891313
https://openalex.org/W1993283403
https://openalex.org/W2033297572
https://openalex.org/W2153656092
https://openalex.org/W2171920142
https://openalex.org/W1829491214
https://openalex.org/W2106161328
https://openalex.org/W2120231489
https://openalex.org/W1510329186
https://openalex.org/W2111736994
https://openalex.org/W2588295537
https://openalex.org/W1964058199
https://openalex.org/W2060793062
https://openalex.org/W4244899798
https://openalex.org/W2027776572
https://openalex.org/W2038356000
https://openalex.org/W2010678436
https://openalex.org/W2079795628
https://openalex.org/W2802491677
https://openalex.org/W2141293913
https://openalex.org/W1997914837
https://openalex.org/W2006569353
https://openalex.org/W2029397046
https://openalex.org/W2157693516
https://openalex.org/W2032283266
https://openalex.org/W2066835641
https://openalex.org/W2030537346
https://openalex.org/W2090939912
https://openalex.org/W2019927938
https://openalex.org/W2022629919
https://openalex.org/W2075367367
https://openalex.org/W1555218238
https://openalex.org/W1968647565
https://openalex.org/W2125578916
https://openalex.org/W2144039732
https://openalex.org/W1677247022
https://openalex.org/W1991161285
https://openalex.org/W1968640233
https://openalex.org/W1982970462
https://openalex.org/W2028437066
https://openalex.org/W2074810910
https://openalex.org/W2113139487
https://openalex.org/W2080129478
https://openalex.org/W2080632821
https://openalex.org/W1964997023
https://openalex.org/W2030754772
https://openalex.org/W2034413378
https://openalex.org/W2152387832
https://openalex.org/W2025606056
https://openalex.org/W2097309081
https://openalex.org/W2152532147
https://openalex.org/W2411673953
https://openalex.org/W2018776986
https://openalex.org/W2051530867
https://openalex.org/W2144625498
https://openalex.org/W2162405663
https://openalex.org/W2031648930
https://openalex.org/W2039403600
https://openalex.org/W2154295888
https://openalex.org/W63525462
https://openalex.org/W2121985607
https://openalex.org/W2068339957
https://openalex.org/W2156163936
https://openalex.org/W2904986467
https://openalex.org/W2048720554
https://openalex.org/W2069437912
https://openalex.org/W2154229763
https://openalex.org/W2069502099
https://openalex.org/W2117801156
https://openalex.org/W2169038294
https://openalex.org/W2327536542
https://openalex.org/W2615606533
https://openalex.org/W2033533801
https://openalex.org/W2052809541
https://openalex.org/W1952846766
https://openalex.org/W1988594472
https://openalex.org/W2029659015
https://openalex.org/W2063150318
https://openalex.org/W2133972384
https://openalex.org/W2271030650
https://openalex.org/W1974655345
https://openalex.org/W1992937449
https://openalex.org/W2076952149
https://openalex.org/W2107739727
https://openalex.org/W2150671437
https://openalex.org/W2151451331
https://openalex.org/W2165684825
https://openalex.org/W2166811345
https://openalex.org/W2462184373
https://openalex.org/W2094677972
https://openalex.org/W2013273972
https://openalex.org/W2049880429
https://openalex.org/W2112666432
https://openalex.org/W2108697946
https://openalex.org/W2031126038
https://openalex.org/W2032392022
https://openalex.org/W1922244938
https://openalex.org/W1992118543
https://openalex.org/W2011266555
https://openalex.org/W2100406200
https://openalex.org/W2134394732
https://openalex.org/W2151512028
https://openalex.org/W1627300959
https://openalex.org/W1638542927
https://openalex.org/W2078330413
https://openalex.org/W2136839950
https://openalex.org/W1987595061
https://openalex.org/W2013741645
https://openalex.org/W1784982965
https://openalex.org/W2057129399
https://openalex.org/W2508961927
https://openalex.org/W2042242862
https://openalex.org/W2042797563
https://openalex.org/W2064704364
https://openalex.org/W293684771
https://openalex.org/W2040518786
https://openalex.org/W2092411410
https://openalex.org/W2095417692
https://openalex.org/W2017716899
https://openalex.org/W2136921951
https://openalex.org/W2609109115
https://openalex.org/W2615452705
https://openalex.org/W4225726091
https://openalex.org/W2043509121
https://openalex.org/W1487585409
https://openalex.org/W2143564173
https://openalex.org/W2145589035
https://openalex.org/W2082834726
https://openalex.org/W2110734772
https://openalex.org/W2154889631
https://openalex.org/W2041293636
https://openalex.org/W2076908697
https://openalex.org/W2093030920
https://openalex.org/W1970633635
https://openalex.org/W2121982400
https://openalex.org/W2144475504
https://openalex.org/W2160905168
https://openalex.org/W1979796228
https://openalex.org/W2152485190
https://openalex.org/W2596384754
https://openalex.org/W1583927081
https://openalex.org/W1965129294
https://openalex.org/W2019035815
https://openalex.org/W2051387313
https://openalex.org/W2060410415
https://openalex.org/W1963663750
https://openalex.org/W2004955045
https://openalex.org/W2078999648
https://openalex.org/W2102409334
https://openalex.org/W2336190637
https://openalex.org/W1965918539
https://openalex.org/W1998382083
https://openalex.org/W2026323415
https://openalex.org/W2094098734
https://openalex.org/W1984531043
https://openalex.org/W2038321406
https://openalex.org/W2137989626
https://openalex.org/W2152152769
https://openalex.org/W2042152555
https://openalex.org/W1642503282
https://openalex.org/W1976299828
https://openalex.org/W2010062266
https://openalex.org/W2341737516
https://openalex.org/W1986350882
https://openalex.org/W1989149519
https://openalex.org/W2091646397
https://openalex.org/W2114826392
https://openalex.org/W2133109532
https://openalex.org/W2409637330
https://openalex.org/W3024482920
https://openalex.org/W1982607050
https://openalex.org/W2099837423
https://openalex.org/W2103091706
https://openalex.org/W2112669651
https://openalex.org/W2144967170
https://openalex.org/W2171371733
https://openalex.org/W2239878868
https://openalex.org/W1964572311
https://openalex.org/W2094732991
https://openalex.org/W2171676482
https://openalex.org/W2919108249
https://openalex.org/W1999569536
https://openalex.org/W2033105972
https://openalex.org/W2041758268
https://openalex.org/W2951507392
https://openalex.org/W1983042919
https://openalex.org/W2018866989
https://openalex.org/W2023443088
https://openalex.org/W2053651833
https://openalex.org/W2087476954
https://openalex.org/W2135003342
https://openalex.org/W2138121830
https://openalex.org/W2050764370
https://openalex.org/W2059184737
https://openalex.org/W2905837704
https://openalex.org/W1988579714
https://openalex.org/W1995878167
https://openalex.org/W2041143104
https://openalex.org/W2010518012
https://openalex.org/W2060921609
https://openalex.org/W2337634448
https://openalex.org/W2464067555
https://openalex.org/W2969745194
https://openalex.org/W3001018370
https://openalex.org/W2101980928
https://openalex.org/W3115226307
https://openalex.org/W1995023809
https://openalex.org/W1998837142
https://openalex.org/W2435872804
https://openalex.org/W1967319651
https://openalex.org/W2008749132
https://openalex.org/W2009362475
https://openalex.org/W2012157561
https://openalex.org/W2105572308
https://openalex.org/W2142126719
https://openalex.org/W2322287009
https://openalex.org/W2756218154
https://openalex.org/W2992847552
https://openalex.org/W2025121241
https://openalex.org/W2042776476
https://openalex.org/W2474512526
https://openalex.org/W2911706394
https://openalex.org/W2943141319
https://openalex.org/W1489222126
https://openalex.org/W1491292227
https://openalex.org/W1999598500
https://openalex.org/W2069356032
https://openalex.org/W2141467520
https://openalex.org/W2147190181
https://openalex.org/W1969063540
https://openalex.org/W2043579286
https://openalex.org/W2054002217
https://openalex.org/W2059695747
https://openalex.org/W2072700306
https://openalex.org/W2170893699
https://openalex.org/W2898216546
https://openalex.org/W1995416900
https://openalex.org/W2023777764
https://openalex.org/W2074061487
https://openalex.org/W2091572768
https://openalex.org/W2026570349
https://openalex.org/W2098140861
https://openalex.org/W2559321714
https://openalex.org/W1492798098
https://openalex.org/W1630577628
https://openalex.org/W1980213962
https://openalex.org/W2284104337
https://openalex.org/W2591846953
https://openalex.org/W2900588849
https://openalex.org/W2042921786
https://openalex.org/W2163818963
https://openalex.org/W2589109655
https://openalex.org/W2775346363
https://openalex.org/W3080296429
https://openalex.org/W2077280564
https://openalex.org/W1963489293
https://openalex.org/W1980898430
https://openalex.org/W2011759590
https://openalex.org/W2029334733
https://openalex.org/W2144518936
https://openalex.org/W2897595861
https://openalex.org/W1853663395
https://openalex.org/W1965790357
https://openalex.org/W1969648088
https://openalex.org/W2059530243
https://openalex.org/W2097559174
https://openalex.org/W2170347708
https://openalex.org/W1013158645
https://openalex.org/W1993024886
https://openalex.org/W2053431146
https://openalex.org/W2059179545
https://openalex.org/W2613750778
https://openalex.org/W104344644
https://openalex.org/W1496137778
https://openalex.org/W2025965923
https://openalex.org/W2040209538
https://openalex.org/W2040282929
https://openalex.org/W2053261763
https://openalex.org/W2125128683
https://openalex.org/W3119991964
https://openalex.org/W2029237942
https://openalex.org/W2042392179
https://openalex.org/W2042701418
https://openalex.org/W2071567697
https://openalex.org/W2156374015
https://openalex.org/W2255237601
https://openalex.org/W2792033770
https://openalex.org/W1977123375
https://openalex.org/W2108076325
https://openalex.org/W2160293376
https://openalex.org/W2327155283
https://openalex.org/W2885535623
https://openalex.org/W2898311361
https://openalex.org/W1972657230
https://openalex.org/W1993375468
https://openalex.org/W2000187406
https://openalex.org/W2015968677
https://openalex.org/W2022842295
https://openalex.org/W2041169941
https://openalex.org/W2067476467
https://openalex.org/W2113976116
https://openalex.org/W2141104475
https://openalex.org/W2146429723
https://openalex.org/W2159194264
https://openalex.org/W2171370489
https://openalex.org/W2262544133
https://openalex.org/W2623853268
https://openalex.org/W2912627501
https://openalex.org/W2948768639
https://openalex.org/W3082266166
https://openalex.org/W3098866058
https://openalex.org/W1970169191
https://openalex.org/W1996250456
https://openalex.org/W2004684411
https://openalex.org/W2049517181
https://openalex.org/W2051406187
https://openalex.org/W2055178019
https://openalex.org/W2072814819
https://openalex.org/W2100300210
https://openalex.org/W2151741163
https://openalex.org/W2307340411
https://openalex.org/W2577984036
https://openalex.org/W2748154165
https://openalex.org/W1971985117
https://openalex.org/W1985648812
https://openalex.org/W2016568050
https://openalex.org/W2091760407
https://openalex.org/W2134601120
https://openalex.org/W1987059842
https://openalex.org/W1989666003
https://openalex.org/W1993191851
https://openalex.org/W2001421742
https://openalex.org/W2084066465
https://openalex.org/W2103155309
https://openalex.org/W2239247534
https://openalex.org/W2400447248
https://openalex.org/W2593917561
https://openalex.org/W2744823132
https://openalex.org/W2765867855
https://openalex.org/W4221056777
https://openalex.org/W1616106505
https://openalex.org/W2047054879
https://openalex.org/W2066364601
https://openalex.org/W2081823691
https://openalex.org/W2097645469
https://openalex.org/W2109362584
https://openalex.org/W2119283392
https://openalex.org/W2148803246
https://openalex.org/W2172004022
https://openalex.org/W2175340460
https://openalex.org/W2410256850
https://openalex.org/W2515900569
https://openalex.org/W2810656554
https://openalex.org/W850360999
https://openalex.org/W1972155704
https://openalex.org/W2085853044
https://openalex.org/W2102891732
https://openalex.org/W2126779104
https://openalex.org/W2136448271
https://openalex.org/W2296888702
https://openalex.org/W2344419002
https://openalex.org/W2592706707
https://openalex.org/W2912246145
https://openalex.org/W4376595870
https://openalex.org/W2029934940
https://openalex.org/W2053385355
https://openalex.org/W2079675409
https://openalex.org/W2165563340
https://openalex.org/W2337983773
https://openalex.org/W2997979799
https://openalex.org/W4229663798
https://openalex.org/W1980752357
https://openalex.org/W2016743510
https://openalex.org/W2041792751
https://openalex.org/W2075883601
https://openalex.org/W2094200242
https://openalex.org/W2099215866
https://openalex.org/W2321048089
https://openalex.org/W2342172
https://openalex.org/W2508262787
https://openalex.org/W2555154441
https://openalex.org/W2560533336
https://openalex.org/W3143916713
https://openalex.org/W1971496458
https://openalex.org/W1985587850
https://openalex.org/W2014678690
https://openalex.org/W2031006680
https://openalex.org/W2053435123
https://openalex.org/W2064943410
https://openalex.org/W2118763515
https://openalex.org/W2221162814
https://openalex.org/W2229178382
https://openalex.org/W2512483039
https://openalex.org/W3003352126
https://openalex.org/W1994344833
https://openalex.org/W2035923841
https://openalex.org/W2047928018
https://openalex.org/W2142858062
https://openalex.org/W2163263275
https://openalex.org/W2766992351
https://openalex.org/W1974313253
https://openalex.org/W1985926639
https://openalex.org/W1996279342
https://openalex.org/W2004478308
https://openalex.org/W2091195188
https://openalex.org/W2117879670
https://openalex.org/W2230717049
https://openalex.org/W2800368483
https://openalex.org/W4281296929
https://openalex.org/W1600864051
https://openalex.org/W1901788189
https://openalex.org/W1971344122
https://openalex.org/W1988023503
https://openalex.org/W1999429171
https://openalex.org/W2000209130
https://openalex.org/W2003458917
https://openalex.org/W2031819782
https://openalex.org/W2036691084
https://openalex.org/W2037797214
https://openalex.org/W2041639168
https://openalex.org/W2044523571
https://openalex.org/W2074223901
https://openalex.org/W2098543425
https://openalex.org/W2099386293
https://openalex.org/W2107346320
https://openalex.org/W2167276723
https://openalex.org/W2330249723
https://openalex.org/W2336515509
https://openalex.org/W2584408602
https://openalex.org/W2969551712
https://openalex.org/W1848204249
https://openalex.org/W1878780903
https://openalex.org/W1972017450
https://openalex.org/W2067366239
https://openalex.org/W2085600315
https://openalex.org/W2086943351
https://openalex.org/W2138535576
https://openalex.org/W2604390154
https://openalex.org/W1966391028
https://openalex.org/W1972277050
https://openalex.org/W1998155535
https://openalex.org/W2013528879
https://openalex.org/W2028697132
https://openalex.org/W2032079414
https://openalex.org/W2040501093
https://openalex.org/W2063657897
https://openalex.org/W2064245944
https://openalex.org/W2131674938
https://openalex.org/W2168271774
https://openalex.org/W2754792307
https://openalex.org/W2783585403
https://openalex.org/W2978645347
https://openalex.org/W3196740640
https://openalex.org/W1565606871
https://openalex.org/W1982415847
https://openalex.org/W2017794463
https://openalex.org/W2038963311
https://openalex.org/W2056761096
https://openalex.org/W2104788781
https://openalex.org/W2137078367
https://openalex.org/W2145471850
https://openalex.org/W2149215647
https://openalex.org/W2317237630
https://openalex.org/W2562202828
https://openalex.org/W1976289277
https://openalex.org/W1998557541
https://openalex.org/W2000967656
https://openalex.org/W2002700409
https://openalex.org/W2020078491
https://openalex.org/W2042923530
https://openalex.org/W2065129648
https://openalex.org/W2077051764
https://openalex.org/W2090899436
https://openalex.org/W2107580414
https://openalex.org/W2222290333
https://openalex.org/W2324746316
https://openalex.org/W2331314753
https://openalex.org/W2889323361
https://openalex.org/W2917266810
https://openalex.org/W4200432640
https://openalex.org/W1963753412
https://openalex.org/W2033027430
https://openalex.org/W2035801336
https://openalex.org/W2045261439
https://openalex.org/W2047849679
https://openalex.org/W2125239128
https://openalex.org/W2754048189
https://openalex.org/W2796978679
https://openalex.org/W4230841815
https://openalex.org/W1710850644
https://openalex.org/W1964496633
https://openalex.org/W1972392589
https://openalex.org/W1986917429
https://openalex.org/W1987893453
https://openalex.org/W2005660544
https://openalex.org/W2006721905
https://openalex.org/W2010407639
https://openalex.org/W2030341005
https://openalex.org/W2042172896
https://openalex.org/W2050002334
https://openalex.org/W2050177985
https://openalex.org/W2139087231
https://openalex.org/W2146867133
https://openalex.org/W2762979522
https://openalex.org/W1938919360
https://openalex.org/W1965716538
https://openalex.org/W1978345080
https://openalex.org/W2015151178
https://openalex.org/W2019399416
https://openalex.org/W2050985492
https://openalex.org/W2075285992
https://openalex.org/W2160327982
https://openalex.org/W2579830523
https://openalex.org/W2763195445
https://openalex.org/W2951939980
https://openalex.org/W4236802598
https://openalex.org/W1522792094
https://openalex.org/W1575698723
https://openalex.org/W1985271179
https://openalex.org/W1997562990
https://openalex.org/W2000577129
https://openalex.org/W2006609143
https://openalex.org/W2030482085
https://openalex.org/W2147478036
https://openalex.org/W2288664036
https://openalex.org/W2488918761
https://openalex.org/W2897888228
https://openalex.org/W2969984921
https://openalex.org/W123391400
https://openalex.org/W1971003704
https://openalex.org/W1986902460
https://openalex.org/W2019655956
https://openalex.org/W2026398145
https://openalex.org/W2027706915
https://openalex.org/W2027974257
https://openalex.org/W2029827160
https://openalex.org/W2032467435
https://openalex.org/W2057628633
https://openalex.org/W2063503020
https://openalex.org/W2119825275
https://openalex.org/W2120686460
https://openalex.org/W2121062190
https://openalex.org/W2127032140
https://openalex.org/W2147922837
https://openalex.org/W2156565767
https://openalex.org/W2158568863
https://openalex.org/W2264646417
https://openalex.org/W2335005041
https://openalex.org/W2427106342
https://openalex.org/W2741365669
https://openalex.org/W2894264047
https://openalex.org/W2945054600
https://openalex.org/W1577141571
https://openalex.org/W1607286821
https://openalex.org/W1971260145
https://openalex.org/W1975438157
https://openalex.org/W2045662376
https://openalex.org/W2055226082
https://openalex.org/W2086003582
https://openalex.org/W2090017570
https://openalex.org/W2100769150
https://openalex.org/W2129625178
https://openalex.org/W2162758197
https://openalex.org/W2724698061
https://openalex.org/W2805596704
https://openalex.org/W2948452166
https://openalex.org/W2955055518
https://openalex.org/W3203144482
https://openalex.org/W1573909105
https://openalex.org/W18722312
https://openalex.org/W1887098316
https://openalex.org/W1960531137
https://openalex.org/W1971194086
https://openalex.org/W1972051603
https://openalex.org/W2000545850
https://openalex.org/W2015717150
https://openalex.org/W2024063425
https://openalex.org/W2026931858
https://openalex.org/W2035490837
https://openalex.org/W2037897165
https://openalex.org/W2063506585
https://openalex.org/W2088750475
https://openalex.org/W2104563870
https://openalex.org/W2106257400
https://openalex.org/W2120962480
https://openalex.org/W2169290621
https://openalex.org/W2298101292
https://openalex.org/W2581928429
https://openalex.org/W2607870782
https://openalex.org/W2915831883
https://openalex.org/W1981596690
https://openalex.org/W1985957596
https://openalex.org/W2011495860
https://openalex.org/W2041552435
https://openalex.org/W2054358421
https://openalex.org/W2076780395
https://openalex.org/W2122891173
https://openalex.org/W2125171420
https://openalex.org/W2395057684
https://openalex.org/W2606438979
https://openalex.org/W2782715670
https://openalex.org/W2792612555
https://openalex.org/W773315481
https://openalex.org/W1969880948
https://openalex.org/W1991769946
https://openalex.org/W1994663531
https://openalex.org/W2004481198
https://openalex.org/W2049594507
https://openalex.org/W2062167481
https://openalex.org/W2079269830
https://openalex.org/W2110821369
https://openalex.org/W2148109525
https://openalex.org/W2250918159
https://openalex.org/W2294358149
https://openalex.org/W2488507610
https://openalex.org/W2619223491
https://openalex.org/W2774783630
https://openalex.org/W1871594894
https://openalex.org/W1957032487
https://openalex.org/W1976772937
https://openalex.org/W1983595992
https://openalex.org/W2012968783
https://openalex.org/W2020173966
https://openalex.org/W2054617296
https://openalex.org/W2089860156
https://openalex.org/W2093070789
https://openalex.org/W2128296734
https://openalex.org/W2320205908
https://openalex.org/W2557296082
https://openalex.org/W2668020614
https://openalex.org/W2883588559
https://openalex.org/W2896038722
https://openalex.org/W3022055100
https://openalex.org/W1597091566
https://openalex.org/W1994246508
https://openalex.org/W2064261409
https://openalex.org/W2071938495
https://openalex.org/W2073573741
https://openalex.org/W2083257879
https://openalex.org/W2085863873
https://openalex.org/W2113742490
https://openalex.org/W2136883715
https://openalex.org/W2275760082
https://openalex.org/W2293464109
https://openalex.org/W2340224935
https://openalex.org/W2473726130
https://openalex.org/W2755995797
https://openalex.org/W2899542991
https://openalex.org/W1560012604
https://openalex.org/W1934239664
https://openalex.org/W1969013389
https://openalex.org/W1977260759
https://openalex.org/W1987091148
https://openalex.org/W1990825244
https://openalex.org/W1996645123
https://openalex.org/W2017108776
https://openalex.org/W2023662390
https://openalex.org/W2025635906
https://openalex.org/W2025883914
https://openalex.org/W2027452421
https://openalex.org/W2035701771
https://openalex.org/W2056894588
https://openalex.org/W2066870026
https://openalex.org/W2086766824
https://openalex.org/W2096501458
https://openalex.org/W2099783236
https://openalex.org/W2107089271
https://openalex.org/W2135880381
https://openalex.org/W2142218189
https://openalex.org/W2150449893
https://openalex.org/W2165964259
https://openalex.org/W2235977341
https://openalex.org/W2290280136
https://openalex.org/W2315772176
https://openalex.org/W2323791259
https://openalex.org/W2326249605
https://openalex.org/W2529021907
https://openalex.org/W2561892610
https://openalex.org/W2589764398
https://openalex.org/W2600111656
https://openalex.org/W2616058586
https://openalex.org/W3017548786
https://openalex.org/W3036250461
https://openalex.org/W4382645147
https://openalex.org/W1566685255
https://openalex.org/W1686358087
https://openalex.org/W1970153735
https://openalex.org/W1982927586
https://openalex.org/W2006561283
https://openalex.org/W2023435121
https://openalex.org/W2039201451
https://openalex.org/W2039692116
https://openalex.org/W2053268418
https://openalex.org/W2062428497
https://openalex.org/W2078362356
https://openalex.org/W2127883560
https://openalex.org/W2273352602
https://openalex.org/W2292466523
https://openalex.org/W2408341462
https://openalex.org/W2470696981
https://openalex.org/W2503043038
https://openalex.org/W2550465797
https://openalex.org/W2612094574
https://openalex.org/W2749153132
https://openalex.org/W2933607536
https://openalex.org/W4205419579
https://openalex.org/W4225318180
https://openalex.org/W1546266841
https://openalex.org/W1563042731
https://openalex.org/W1602766454
https://openalex.org/W1641897704
https://openalex.org/W1964230863
https://openalex.org/W1969512287
https://openalex.org/W1974866731
https://openalex.org/W1976249030
https://openalex.org/W1990071002
https://openalex.org/W2014329048
https://openalex.org/W2028044726
https://openalex.org/W2046666318
https://openalex.org/W2067487298
https://openalex.org/W2072318776
https://openalex.org/W2075900150
https://openalex.org/W2076806840
https://openalex.org/W2129226002
https://openalex.org/W2141655076
https://openalex.org/W2268710195
https://openalex.org/W2276602042
https://openalex.org/W2286852446
https://openalex.org/W2521164667
https://openalex.org/W2548541168
https://openalex.org/W2588018804
https://openalex.org/W2766229941
https://openalex.org/W2766542308
https://openalex.org/W2769898565
https://openalex.org/W2974241093
https://openalex.org/W2977758320
https://openalex.org/W3094444333
https://openalex.org/W4293475192
https://openalex.org/W1971526949
https://openalex.org/W1981866554
https://openalex.org/W1987299047
https://openalex.org/W1997320515
https://openalex.org/W2000211057
https://openalex.org/W2010034498
https://openalex.org/W2029311374
https://openalex.org/W2038423162
https://openalex.org/W2040441436
https://openalex.org/W2055353059
https://openalex.org/W2057755645
https://openalex.org/W2059816717
https://openalex.org/W2067194538
https://openalex.org/W2073005291
https://openalex.org/W2081100502
https://openalex.org/W2081338047
https://openalex.org/W2085611055
https://openalex.org/W2166312789
https://openalex.org/W2226518372
https://openalex.org/W2315942857
https://openalex.org/W2423999230
https://openalex.org/W2589049887
https://openalex.org/W2785607166
https://openalex.org/W3018016975
https://openalex.org/W3142425130
https://openalex.org/W1508578930
https://openalex.org/W1554560744
https://openalex.org/W1969671536
https://openalex.org/W1988947589
https://openalex.org/W1990758812
https://openalex.org/W2031970485
https://openalex.org/W2051846821
https://openalex.org/W2053203772
https://openalex.org/W2053538383
https://openalex.org/W2054882946
https://openalex.org/W2057345250
https://openalex.org/W2081852636
https://openalex.org/W2083875667
https://openalex.org/W2089301252
https://openalex.org/W2118890164
https://openalex.org/W2126884842
https://openalex.org/W2131141388
https://openalex.org/W2136703195
https://openalex.org/W2157481090
https://openalex.org/W2314097375
https://openalex.org/W2750578676
https://openalex.org/W2768051985
https://openalex.org/W2891257402
https://openalex.org/W3035168462
https://openalex.org/W3093085024
https://openalex.org/W1647924624
https://openalex.org/W1683058393
https://openalex.org/W1965241494
https://openalex.org/W1966165100
https://openalex.org/W1975960911
https://openalex.org/W1978060766
https://openalex.org/W2005921105
https://openalex.org/W2029437589
https://openalex.org/W2036639296
https://openalex.org/W2039701481
https://openalex.org/W2042399069
https://openalex.org/W2086003090
https://openalex.org/W2086092789
https://openalex.org/W2097834079
https://openalex.org/W2115250513
https://openalex.org/W2125332061
https://openalex.org/W2132354509
https://openalex.org/W2136191853
https://openalex.org/W2169900329
https://openalex.org/W2395836188
https://openalex.org/W258769883
https://openalex.org/W2605952902
https://openalex.org/W2763945126
https://openalex.org/W2792987958
https://openalex.org/W2805088164
https://openalex.org/W2921094310
https://openalex.org/W3006150521
https://openalex.org/W3013475490
https://openalex.org/W3163915889
https://openalex.org/W1594295387
https://openalex.org/W1966235738
https://openalex.org/W1966976962
https://openalex.org/W1973216250
https://openalex.org/W1991207133
https://openalex.org/W1991842918
https://openalex.org/W1993825828
https://openalex.org/W2007627611
https://openalex.org/W2018785033
https://openalex.org/W2066370617
https://openalex.org/W2082233598
https://openalex.org/W2096528472
https://openalex.org/W2117431471
https://openalex.org/W2129527781
https://openalex.org/W2151619877
https://openalex.org/W2288721857
https://openalex.org/W2340607004
https://openalex.org/W2612912296
https://openalex.org/W2735515038
https://openalex.org/W2883160477
https://openalex.org/W2889085228
https://openalex.org/W3129046159
https://openalex.org/W1902826031
https://openalex.org/W2001013977
https://openalex.org/W2011721908
https://openalex.org/W2032658082
https://openalex.org/W2039790617
https://openalex.org/W2071675555
https://openalex.org/W2076969615
https://openalex.org/W2078134168
https://openalex.org/W2080469428
https://openalex.org/W2082168053
https://openalex.org/W2088409701
https://openalex.org/W2094162665
https://openalex.org/W2096234726
https://openalex.org/W2098988563
https://openalex.org/W2150767693
https://openalex.org/W2150779036
https://openalex.org/W2164744169
https://openalex.org/W2167665536
https://openalex.org/W2292963116
https://openalex.org/W2313043060
https://openalex.org/W2313604661
https://openalex.org/W2488284272
https://openalex.org/W2622519089
https://openalex.org/W2759838011
https://openalex.org/W2790832179
https://openalex.org/W1866818880
https://openalex.org/W1953741266
https://openalex.org/W1973894265
https://openalex.org/W1989280341
https://openalex.org/W1991155532
https://openalex.org/W1998676923
https://openalex.org/W2024816814
https://openalex.org/W2033281625
https://openalex.org/W2048811454
https://openalex.org/W2058340953
https://openalex.org/W2080637507
https://openalex.org/W2119342696
https://openalex.org/W2136926299
https://openalex.org/W2154456118
https://openalex.org/W2411211523
https://openalex.org/W2466727952
https://openalex.org/W2553601784
https://openalex.org/W2559023306
https://openalex.org/W2567805794
https://openalex.org/W2577999417
https://openalex.org/W2587297169
https://openalex.org/W2592003036
https://openalex.org/W2617349214
https://openalex.org/W2626569814
https://openalex.org/W2767756546
https://openalex.org/W2792429930
https://openalex.org/W2903361312
https://openalex.org/W3032299626
https://openalex.org/W4243708396
https://openalex.org/W1451487543
https://openalex.org/W1542057164
https://openalex.org/W1968318988
https://openalex.org/W1981699552
https://openalex.org/W1989623382
https://openalex.org/W1995515941
https://openalex.org/W2001132836
https://openalex.org/W2009825488
https://openalex.org/W2016162237
https://openalex.org/W2047643710
https://openalex.org/W2067351474
https://openalex.org/W2067882759
https://openalex.org/W2082886839
https://openalex.org/W2083263146
https://openalex.org/W2093865664
https://openalex.org/W2102189332
https://openalex.org/W2108649014
https://openalex.org/W2119419497
https://openalex.org/W2146430019
https://openalex.org/W2611338861
https://openalex.org/W2766266487
https://openalex.org/W2803465721
https://openalex.org/W2883388010
https://openalex.org/W3158632471
https://openalex.org/W3191775741
https://openalex.org/W3212413347
https://openalex.org/W4287510231
https://openalex.org/W1886689687
https://openalex.org/W1984435258
https://openalex.org/W1991010159
https://openalex.org/W1996416949
https://openalex.org/W1997460441
https://openalex.org/W2004465653
https://openalex.org/W2006454216
https://openalex.org/W2013311540
https://openalex.org/W2013864917
https://openalex.org/W2036601115
https://openalex.org/W2040660888
https://openalex.org/W2041830977
https://openalex.org/W2055344600
https://openalex.org/W2066494069
https://openalex.org/W2118659175
https://openalex.org/W2149096999
https://openalex.org/W2160369338
https://openalex.org/W2315577882
https://openalex.org/W2324818196
https://openalex.org/W2581537315
https://openalex.org/W2609963010
https://openalex.org/W2612310713
https://openalex.org/W2799340778
https://openalex.org/W2905692147
https://openalex.org/W4214510107
https://openalex.org/W1964402591
https://openalex.org/W1971978547
https://openalex.org/W1973942401
https://openalex.org/W1975253933
https://openalex.org/W1985515254
https://openalex.org/W1994856999
https://openalex.org/W2020726376
https://openalex.org/W2024285272
https://openalex.org/W2033900039
https://openalex.org/W2056288902
https://openalex.org/W2060494768
https://openalex.org/W2067523605
https://openalex.org/W2088196783
https://openalex.org/W2207557072
https://openalex.org/W2289393272
https://openalex.org/W2563589092
https://openalex.org/W2596487492
https://openalex.org/W2767604397
https://openalex.org/W2794481651
https://openalex.org/W2892896902
https://openalex.org/W2910648751
https://openalex.org/W3014211779
https://openalex.org/W3083781315
https://openalex.org/W53345349
https://openalex.org/W1475621910
https://openalex.org/W1533818506
https://openalex.org/W1660515858
https://openalex.org/W1830170361
https://openalex.org/W1878711985
https://openalex.org/W1969631470
https://openalex.org/W1974577226
https://openalex.org/W1991994809
https://openalex.org/W2017657541
https://openalex.org/W2018030052
https://openalex.org/W2019241813
https://openalex.org/W2021218395
https://openalex.org/W2026024748
https://openalex.org/W2067533128
https://openalex.org/W2094220011
https://openalex.org/W2108735043
https://openalex.org/W2119441549
https://openalex.org/W2134324961
https://openalex.org/W2135235636
https://openalex.org/W2137346705
https://openalex.org/W2137785929
https://openalex.org/W2139439328
https://openalex.org/W2143868008
https://openalex.org/W2148701052
https://openalex.org/W2149215821
https://openalex.org/W2285631340
https://openalex.org/W2329167787
https://openalex.org/W2436263850
https://openalex.org/W2560818339
https://openalex.org/W2617947641
https://openalex.org/W2919384040
https://openalex.org/W2946152251
https://openalex.org/W3035497546
https://openalex.org/W3171922606
https://openalex.org/W764886363
https://openalex.org/W1961912115
https://openalex.org/W1973294355
https://openalex.org/W1982366310
https://openalex.org/W1984168764
https://openalex.org/W1991617791
https://openalex.org/W1999563490
https://openalex.org/W2000488036
https://openalex.org/W2036791417
https://openalex.org/W2039252608
https://openalex.org/W2045147863
https://openalex.org/W2050151752
https://openalex.org/W2059686701
https://openalex.org/W2078487105
https://openalex.org/W2094037059
https://openalex.org/W2110989544
https://openalex.org/W2125219650
https://openalex.org/W2152025108
https://openalex.org/W2153283273
https://openalex.org/W2296328793
https://openalex.org/W2548153907
https://openalex.org/W2768847954
https://openalex.org/W2808085840
https://openalex.org/W2890057812
https://openalex.org/W2898978867
https://openalex.org/W2946714792
https://openalex.org/W2950656557
https://openalex.org/W3033632943
https://openalex.org/W3093456642
https://openalex.org/W3116906586
https://openalex.org/W1943056815
https://openalex.org/W1970830630
https://openalex.org/W1994215697
https://openalex.org/W2005088713
https://openalex.org/W2013178250
https://openalex.org/W2021593386
https://openalex.org/W2031350888
https://openalex.org/W2032174473
https://openalex.org/W2052662287
https://openalex.org/W2072657750
https://openalex.org/W2077261599
https://openalex.org/W2083407096
https://openalex.org/W2085757740
https://openalex.org/W2087224492
https://openalex.org/W2089090733
https://openalex.org/W2098179766
https://openalex.org/W2118559794
https://openalex.org/W2120073689
https://openalex.org/W2121285582
https://openalex.org/W2132862368
https://openalex.org/W2141321653
https://openalex.org/W2149305749
https://openalex.org/W2169483424
https://openalex.org/W2300380255
https://openalex.org/W2418588259
https://openalex.org/W2472136062
https://openalex.org/W2530468852
https://openalex.org/W2530502777
https://openalex.org/W2592850558
https://openalex.org/W2611735511
https://openalex.org/W2761447560
https://openalex.org/W2902594682
https://openalex.org/W2949302478
https://openalex.org/W3016949221
https://openalex.org/W3084452902
https://openalex.org/W1498222752
https://openalex.org/W1546551333
https://openalex.org/W1553302771
https://openalex.org/W1975348700
https://openalex.org/W1988477799
https://openalex.org/W1996647704
https://openalex.org/W2028563313
https://openalex.org/W2033413647
https://openalex.org/W2038950115
https://openalex.org/W2057627745
https://openalex.org/W2058060360
https://openalex.org/W2070565580
https://openalex.org/W2072406972
https://openalex.org/W2084874444
https://openalex.org/W2093021743
https://openalex.org/W2106410464
https://openalex.org/W2120108198
https://openalex.org/W2418692438
https://openalex.org/W2761626701
https://openalex.org/W2788754203
https://openalex.org/W2791204733
https://openalex.org/W2809961663
https://openalex.org/W2909836346
https://openalex.org/W2912015542
https://openalex.org/W2965752203
https://openalex.org/W2966792048
https://openalex.org/W3041788245
https://openalex.org/W3044926695
https://openalex.org/W3088155744
https://openalex.org/W1921512153
https://openalex.org/W1950105839
https://openalex.org/W1975813687
https://openalex.org/W1983914488
https://openalex.org/W1998452060
https://openalex.org/W1999127018
https://openalex.org/W2016540050
https://openalex.org/W2017283302
https://openalex.org/W2021010103
https://openalex.org/W2035018095
https://openalex.org/W2048114406
https://openalex.org/W2048632662
https://openalex.org/W2049338205
https://openalex.org/W2054011534
https://openalex.org/W2075621151
https://openalex.org/W2077844952
https://openalex.org/W2086538453
https://openalex.org/W2119134863
https://openalex.org/W2127346940
https://openalex.org/W2132892305
https://openalex.org/W2138101738
https://openalex.org/W2143291739
https://openalex.org/W2415504847
https://openalex.org/W2472958960
https://openalex.org/W2501859392
https://openalex.org/W2567397408
https://openalex.org/W2886976908
https://openalex.org/W2915722038
https://openalex.org/W3081715074
https://openalex.org/W4220957170
https://openalex.org/W4225295087
https://openalex.org/W1273904690
https://openalex.org/W1963864343
https://openalex.org/W1980264164
https://openalex.org/W1982260464
https://openalex.org/W1982278303
https://openalex.org/W1983462088
https://openalex.org/W1994660410
https://openalex.org/W2004700134
https://openalex.org/W2023596606
https://openalex.org/W2027736900
https://openalex.org/W2049539319
https://openalex.org/W2065236956
https://openalex.org/W2065401173
https://openalex.org/W2091975127
https://openalex.org/W2092675426
https://openalex.org/W2109701943
https://openalex.org/W2132667967
https://openalex.org/W2167486678
https://openalex.org/W2171013775
https://openalex.org/W2442854279
https://openalex.org/W2560723143
https://openalex.org/W2567609686
https://openalex.org/W2775712836
https://openalex.org/W2802790526
https://openalex.org/W2884036755
https://openalex.org/W2888276223
https://openalex.org/W2994483332
https://openalex.org/W3021524228
https://openalex.org/W3040879361
https://openalex.org/W3162426721
https://openalex.org/W1604678610
https://openalex.org/W1937179657
https://openalex.org/W1969609517
https://openalex.org/W1995417259
https://openalex.org/W1996220509
https://openalex.org/W2025064221
https://openalex.org/W2032563055
https://openalex.org/W2040020003
https://openalex.org/W2050520801
https://openalex.org/W2051220981
https://openalex.org/W2059318746
https://openalex.org/W2065611461
https://openalex.org/W2072336334
https://openalex.org/W2074942557
https://openalex.org/W2080715647
https://openalex.org/W2115281046
https://openalex.org/W2126856747
https://openalex.org/W2136882443
https://openalex.org/W2149814544
https://openalex.org/W2156388049
https://openalex.org/W2157520777
https://openalex.org/W2182449533
https://openalex.org/W2183407261
https://openalex.org/W2502911142
https://openalex.org/W2576519701
https://openalex.org/W2602322576
https://openalex.org/W2604373529
https://openalex.org/W2782590681
https://openalex.org/W283833663
https://openalex.org/W2890529335
https://openalex.org/W2973590813
https://openalex.org/W3047301229
https://openalex.org/W3194142449
https://openalex.org/W1974092282
https://openalex.org/W1978250113
https://openalex.org/W1978515780
https://openalex.org/W1986292388
https://openalex.org/W1999674079
https://openalex.org/W2003767531
https://openalex.org/W2008702456
https://openalex.org/W2030950357
https://openalex.org/W2042040569
https://openalex.org/W2045749599
https://openalex.org/W2046434490
https://openalex.org/W2052219958
https://openalex.org/W2058703294
https://openalex.org/W2076591155
https://openalex.org/W2091381030
https://openalex.org/W2100793728
https://openalex.org/W2110196852
https://openalex.org/W2116500928
https://openalex.org/W2122927388
https://openalex.org/W2216580753
https://openalex.org/W2317602831
https://openalex.org/W2320222022
https://openalex.org/W2339586851
https://openalex.org/W2492222353
https://openalex.org/W2529446409
https://openalex.org/W2585188280
https://openalex.org/W2600584706
https://openalex.org/W2618695457
https://openalex.org/W2626840804
https://openalex.org/W27316362
https://openalex.org/W2779900049
https://openalex.org/W2885095388
https://openalex.org/W2886848604
https://openalex.org/W2890014111
https://openalex.org/W2965256374
https://openalex.org/W3123356687
https://openalex.org/W3157331149
https://openalex.org/W4229689794
https://openalex.org/W1572368406
https://openalex.org/W1882770623
https://openalex.org/W1968680109
https://openalex.org/W1971981209
https://openalex.org/W1980438231
https://openalex.org/W1992188009
https://openalex.org/W2001653858
https://openalex.org/W2003057335
https://openalex.org/W2013915414
https://openalex.org/W2016956829
https://openalex.org/W2019957456
https://openalex.org/W2022172046
https://openalex.org/W2030806354
https://openalex.org/W2033018280
https://openalex.org/W2045526854
https://openalex.org/W2062532125
https://openalex.org/W2069349527
https://openalex.org/W2084308878
https://openalex.org/W2095306682
https://openalex.org/W2107296168
https://openalex.org/W2111877563
https://openalex.org/W2117270867
https://openalex.org/W2132850449
https://openalex.org/W2133972563
https://openalex.org/W2406500228
https://openalex.org/W2565084503
https://openalex.org/W2611896377
https://openalex.org/W2726639772
https://openalex.org/W2750999729
https://openalex.org/W2766343995
https://openalex.org/W2770977387
https://openalex.org/W2797249769
https://openalex.org/W2997474260
https://openalex.org/W3122065523
https://openalex.org/W3156501804
https://openalex.org/W4200507553
https://openalex.org/W4242020527
https://openalex.org/W805130741
https://openalex.org/W1963938141
https://openalex.org/W1965357107
https://openalex.org/W1979208628
https://openalex.org/W1979398627
https://openalex.org/W1979418566
https://openalex.org/W1979621232
https://openalex.org/W1980441780
https://openalex.org/W1985498744
https://openalex.org/W1986889972
https://openalex.org/W1994482815
https://openalex.org/W2003621330
https://openalex.org/W2012588308
https://openalex.org/W2018613105
https://openalex.org/W2018695723
https://openalex.org/W2034475507
https://openalex.org/W2039025894
https://openalex.org/W2043991850
https://openalex.org/W2046789324
https://openalex.org/W2053027820
https://openalex.org/W2073374741
https://openalex.org/W2149302452
https://openalex.org/W2154021295
https://openalex.org/W2156219521
https://openalex.org/W2162806602
https://openalex.org/W2188832025
https://openalex.org/W2415134388
https://openalex.org/W2520967125
https://openalex.org/W2735049085
https://openalex.org/W2765906973
https://openalex.org/W2884528933
https://openalex.org/W2890387320
https://openalex.org/W2913384792
https://openalex.org/W2952620741
https://openalex.org/W2980242935
https://openalex.org/W2991310900
https://openalex.org/W3120790687
https://openalex.org/W3138590984
https://openalex.org/W3166734402
https://openalex.org/W3180496565
https://openalex.org/W4236202066
https://openalex.org/W4283705147
https://openalex.org/W71651679
https://openalex.org/W1493768015
https://openalex.org/W1550295974
https://openalex.org/W1552495850
https://openalex.org/W1579874241
https://openalex.org/W1638503112
https://openalex.org/W1969994440
https://openalex.org/W1977115082
https://openalex.org/W1981423522
https://openalex.org/W2002245579
https://openalex.org/W2008595229
https://openalex.org/W2015789312
https://openalex.org/W2024335239
https://openalex.org/W2027527672
https://openalex.org/W2034706434
https://openalex.org/W2044667761
https://openalex.org/W2047336861
https://openalex.org/W2051566472
https://openalex.org/W2056173719
https://openalex.org/W2056753319
https://openalex.org/W2057643731
https://openalex.org/W2058062505
https://openalex.org/W2068074352
https://openalex.org/W2087957452
https://openalex.org/W2106937300
https://openalex.org/W2125220536
https://openalex.org/W2133018913
https://openalex.org/W2155366032
https://openalex.org/W2160109473
https://openalex.org/W2162525974
https://openalex.org/W2163233193
https://openalex.org/W2167353217
https://openalex.org/W2170688608
https://openalex.org/W2171861048
https://openalex.org/W2180272163
https://openalex.org/W2185715787
https://openalex.org/W2197411324
https://openalex.org/W2255363071
https://openalex.org/W2321433516
https://openalex.org/W2460570672
https://openalex.org/W2736794151
https://openalex.org/W2746878434
https://openalex.org/W2783526588
https://openalex.org/W2789766934
https://openalex.org/W2906558528
https://openalex.org/W2910249056
https://openalex.org/W2952435329
https://openalex.org/W2955647344
https://openalex.org/W2960809423
https://openalex.org/W3003484843
https://openalex.org/W3094841969
https://openalex.org/W337265322
https://openalex.org/W868750892
https://openalex.org/W901901038
https://openalex.org/W1499425379
https://openalex.org/W1871094793
https://openalex.org/W1904106665
https://openalex.org/W192454658
https://openalex.org/W1964090302
https://openalex.org/W1967398347
https://openalex.org/W1970643943
https://openalex.org/W1972366805
https://openalex.org/W1972574510
https://openalex.org/W1982064967
https://openalex.org/W1987024906
https://openalex.org/W1990618940
https://openalex.org/W1993103433
https://openalex.org/W1995480807
https://openalex.org/W1996624670
https://openalex.org/W2005177761
https://openalex.org/W2007566163
https://openalex.org/W2014936237
https://openalex.org/W2015356893
https://openalex.org/W2018311758
https://openalex.org/W2033614446
https://openalex.org/W2038833288
https://openalex.org/W2040014820
https://openalex.org/W2062661656
https://openalex.org/W2062981369
https://openalex.org/W2070052944
https://openalex.org/W2084602023
https://openalex.org/W2126636927
https://openalex.org/W2150981800
https://openalex.org/W2261222359
https://openalex.org/W2333077484
https://openalex.org/W2402714671
https://openalex.org/W2542998204
https://openalex.org/W2555537520
https://openalex.org/W2557944003
https://openalex.org/W2558133674
https://openalex.org/W2560120411
https://openalex.org/W2608223398
https://openalex.org/W2610115966
https://openalex.org/W2620187897
https://openalex.org/W2763299322
https://openalex.org/W2873944196
https://openalex.org/W2910271881
https://openalex.org/W2913041225
https://openalex.org/W2924742368
https://openalex.org/W2941154256
https://openalex.org/W2948834763
https://openalex.org/W2965703085
https://openalex.org/W2991434189
https://openalex.org/W2997316861
https://openalex.org/W3000379285
https://openalex.org/W3010054740
https://openalex.org/W3021421123
https://openalex.org/W3025932998
https://openalex.org/W3092748245
https://openalex.org/W3093074073
https://openalex.org/W3169145715
https://openalex.org/W1527659063
https://openalex.org/W1965159403
https://openalex.org/W1978050406
https://openalex.org/W1986368899
https://openalex.org/W1987557511
https://openalex.org/W1997218595
https://openalex.org/W2015684390
https://openalex.org/W2023225986
https://openalex.org/W2053890767
https://openalex.org/W2054714110
https://openalex.org/W2057634214
https://openalex.org/W2057963202
https://openalex.org/W2071143824
https://openalex.org/W2080685319
https://openalex.org/W2090571706
https://openalex.org/W2092232185
https://openalex.org/W2101225356
https://openalex.org/W2121756676
https://openalex.org/W2137393683
https://openalex.org/W2154717687
https://openalex.org/W2166057802
https://openalex.org/W2281310016
https://openalex.org/W2312780019
https://openalex.org/W2322167296
https://openalex.org/W2324167987
https://openalex.org/W2416241085
https://openalex.org/W2529192346
https://openalex.org/W2606109456
https://openalex.org/W2606704603
https://openalex.org/W2606756028
https://openalex.org/W2746192027
https://openalex.org/W2753109199
https://openalex.org/W2767096207
https://openalex.org/W2908471292
https://openalex.org/W2969612813
https://openalex.org/W2995585415
https://openalex.org/W3011399540
https://openalex.org/W3032864678
https://openalex.org/W3092101279
https://openalex.org/W3121176046
https://openalex.org/W4206856018
https://openalex.org/W4230478150
https://openalex.org/W4241643490
https://openalex.org/W1582258667
https://openalex.org/W1659091318
https://openalex.org/W1967425410
https://openalex.org/W1969689977
https://openalex.org/W1979523220
https://openalex.org/W1979979804
https://openalex.org/W1985932609
https://openalex.org/W1993515428
https://openalex.org/W1994813634
https://openalex.org/W1997371904
https://openalex.org/W1997588210
https://openalex.org/W1998556339
https://openalex.org/W2016480723
https://openalex.org/W2017687457
https://openalex.org/W2021153381
https://openalex.org/W2025535037
https://openalex.org/W2025770051
https://openalex.org/W2025967751
https://openalex.org/W2030455157
https://openalex.org/W2039589930
https://openalex.org/W2061124962
https://openalex.org/W2069016646
https://openalex.org/W2070842143
https://openalex.org/W2092555853
https://openalex.org/W2097009491
https://openalex.org/W2104259026
https://openalex.org/W2108569954
https://openalex.org/W2112368502
https://openalex.org/W2122294593
https://openalex.org/W2131086694
https://openalex.org/W2140908495
https://openalex.org/W2157800936
https://openalex.org/W2199728898
https://openalex.org/W2224858751
https://openalex.org/W2252495093
https://openalex.org/W2280910416
https://openalex.org/W2322314608
https://openalex.org/W2331131999
https://openalex.org/W2338415548
https://openalex.org/W2342798031
https://openalex.org/W2418450182
https://openalex.org/W2474374163
https://openalex.org/W2533569160
https://openalex.org/W2603370784
https://openalex.org/W2766325752
https://openalex.org/W2769270467
https://openalex.org/W2776319111
https://openalex.org/W2779470091
https://openalex.org/W2780216157
https://openalex.org/W2894972299
https://openalex.org/W2897450950
https://openalex.org/W2914560780
https://openalex.org/W2963607034
https://openalex.org/W2964266130
https://openalex.org/W2976893471
https://openalex.org/W2979872567
https://openalex.org/W3100975528
https://openalex.org/W3152846702
https://openalex.org/W3160658822
https://openalex.org/W3169297247
https://openalex.org/W3193326561
https://openalex.org/W1564989579
https://openalex.org/W1630281931
https://openalex.org/W1800987169
https://openalex.org/W1968002356
https://openalex.org/W1979468815
https://openalex.org/W1982003390
https://openalex.org/W1998713978
https://openalex.org/W2002199261
https://openalex.org/W2003687251
https://openalex.org/W2005232155
https://openalex.org/W2011993105
https://openalex.org/W2022837312
https://openalex.org/W2024160399
https://openalex.org/W2025947372
https://openalex.org/W2047729365
https://openalex.org/W2068883163
https://openalex.org/W2071151764
https://openalex.org/W2083945902
https://openalex.org/W2085183972
https://openalex.org/W2090973424
https://openalex.org/W2094302532
https://openalex.org/W2102276738
https://openalex.org/W2122634943
https://openalex.org/W2126819401
https://openalex.org/W2130313372
https://openalex.org/W2144188047
https://openalex.org/W2144627036
https://openalex.org/W2159678179
https://openalex.org/W2229794248
https://openalex.org/W2289848730
https://openalex.org/W2412391122
https://openalex.org/W2533319658
https://openalex.org/W2561627540
https://openalex.org/W2566661736
https://openalex.org/W2592513240
https://openalex.org/W2606435196
https://openalex.org/W2606492307
https://openalex.org/W2766386462
https://openalex.org/W2803108823
https://openalex.org/W2888406408
https://openalex.org/W2964522709
https://openalex.org/W2981858329
https://openalex.org/W3005525993
https://openalex.org/W3036913880
https://openalex.org/W3124427154
https://openalex.org/W3155615643
https://openalex.org/W3161566003
https://openalex.org/W3174648864
https://openalex.org/W3210352025
https://openalex.org/W3211658062
https://openalex.org/W4225259079
https://openalex.org/W4248545435
https://openalex.org/W1936778695
https://openalex.org/W1970437076
https://openalex.org/W1973453254
https://openalex.org/W1975929992
https://openalex.org/W1977483559
https://openalex.org/W1987283008
https://openalex.org/W1993557441
https://openalex.org/W1993739468
https://openalex.org/W2013826312
https://openalex.org/W2023480808
https://openalex.org/W2026647888
https://openalex.org/W2034812453
https://openalex.org/W2045447648
https://openalex.org/W2047141193
https://openalex.org/W2051882035
https://openalex.org/W2057016236
https://openalex.org/W2063959744
https://openalex.org/W2066059538
https://openalex.org/W2071738584
https://openalex.org/W2073072978
https://openalex.org/W2073990190
https://openalex.org/W2081441113
https://openalex.org/W2083968869
https://openalex.org/W2088357353
https://openalex.org/W2092688928
https://openalex.org/W2097157903
https://openalex.org/W2126771832
https://openalex.org/W2127176902
https://openalex.org/W2160208997
https://openalex.org/W2255362739
https://openalex.org/W2334043636
https://openalex.org/W2418361619
https://openalex.org/W2569052901
https://openalex.org/W2620785439
https://openalex.org/W2733412598
https://openalex.org/W2763039452
https://openalex.org/W2766132779
https://openalex.org/W2771299811
https://openalex.org/W2781635649
https://openalex.org/W2799901003
https://openalex.org/W2807596966
https://openalex.org/W2861636972
https://openalex.org/W2905617421
https://openalex.org/W2912152787
https://openalex.org/W2938720591
https://openalex.org/W2943584080
https://openalex.org/W2947729742
https://openalex.org/W2958661145
https://openalex.org/W2981461063
https://openalex.org/W3014957997
https://openalex.org/W3033951173
https://openalex.org/W3047222728
https://openalex.org/W3157136942
https://openalex.org/W4225090126
https://openalex.org/W4281733750
https://openalex.org/W616009078
https://openalex.org/W1679918911
https://openalex.org/W1968102442
https://openalex.org/W1968123027
https://openalex.org/W1971813088
https://openalex.org/W1976442897
https://openalex.org/W1981075526
https://openalex.org/W1981590402
https://openalex.org/W1983121878
https://openalex.org/W1983443453
https://openalex.org/W1983820671
https://openalex.org/W1994159778
https://openalex.org/W1997608085
https://openalex.org/W1998303721
https://openalex.org/W1998912067
https://openalex.org/W2001718940
https://openalex.org/W2002520137
https://openalex.org/W2010573642
https://openalex.org/W2012538454
https://openalex.org/W2014927851
https://openalex.org/W2019884046
https://openalex.org/W2024232716
https://openalex.org/W2028682170
https://openalex.org/W2036153900
https://openalex.org/W2041663374
https://openalex.org/W2042004108
https://openalex.org/W2043311280
https://openalex.org/W2043566057
https://openalex.org/W2046584252
https://openalex.org/W2054344372
https://openalex.org/W2080519509
https://openalex.org/W2082729239
https://openalex.org/W2083623249
https://openalex.org/W2096737456
https://openalex.org/W2122739648
https://openalex.org/W2126939730
https://openalex.org/W2148982562
https://openalex.org/W2150986045
https://openalex.org/W2152898274
https://openalex.org/W2159643973
https://openalex.org/W2168812753
https://openalex.org/W2221749451
https://openalex.org/W2274281246
https://openalex.org/W2306876947
https://openalex.org/W2313511645
https://openalex.org/W2325311503
https://openalex.org/W2342397437
https://openalex.org/W2346765630
https://openalex.org/W2410770638
https://openalex.org/W2437256465
https://openalex.org/W2593563731
https://openalex.org/W2625049268
https://openalex.org/W2625083460
https://openalex.org/W2737388396
https://openalex.org/W2767532944
https://openalex.org/W2769083587
https://openalex.org/W2885788241
https://openalex.org/W2895616433
https://openalex.org/W2975227625
https://openalex.org/W3000222501
https://openalex.org/W3025857652
https://openalex.org/W3082265583
https://openalex.org/W3100291388
https://openalex.org/W3208405710
https://openalex.org/W4200118430
https://openalex.org/W4206581495
https://openalex.org/W4225661631
https://openalex.org/W4293557087
https://openalex.org/W87727107
https://openalex.org/W88981242
https://openalex.org/W1553039580
https://openalex.org/W165006464
https://openalex.org/W1970131151
https://openalex.org/W1974961899
https://openalex.org/W1978787163
https://openalex.org/W2004353043
https://openalex.org/W2007262484
https://openalex.org/W2012071282
https://openalex.org/W2013926259
https://openalex.org/W2014684345
https://openalex.org/W2017727834
https://openalex.org/W2026608462
https://openalex.org/W2027982206
https://openalex.org/W2044126941
https://openalex.org/W2049061120
https://openalex.org/W2065908235
https://openalex.org/W2073162246
https://openalex.org/W2073301716
https://openalex.org/W2094353899
https://openalex.org/W2094376416
https://openalex.org/W2107317621
https://openalex.org/W2116066611
https://openalex.org/W2124864299
https://openalex.org/W2126289742
https://openalex.org/W2130144389
https://openalex.org/W2137269338
https://openalex.org/W2144540483
https://openalex.org/W2160949382
https://openalex.org/W2167227202
https://openalex.org/W2268893073
https://openalex.org/W2302448891
https://openalex.org/W2316358033
https://openalex.org/W2355609943
https://openalex.org/W2534628206
https://openalex.org/W2589226917
https://openalex.org/W2619611339
https://openalex.org/W2750569492
https://openalex.org/W2789307876
https://openalex.org/W2809870713
https://openalex.org/W2811102385
https://openalex.org/W2887965176
https://openalex.org/W2900718778
https://openalex.org/W2901007087
https://openalex.org/W2936722644
https://openalex.org/W2943485424
https://openalex.org/W2946578947
https://openalex.org/W2953733702
https://openalex.org/W2957071549
https://openalex.org/W3027731596
https://openalex.org/W3038101466
https://openalex.org/W3088161596
https://openalex.org/W3165795642
https://openalex.org/W3216690821
https://openalex.org/W65894375
https://openalex.org/W1497180385
https://openalex.org/W1520833866
https://openalex.org/W1520883732
https://openalex.org/W1863155239
https://openalex.org/W1964647368
https://openalex.org/W1969411001
https://openalex.org/W1982997209
https://openalex.org/W2010582176
https://openalex.org/W2016427829
https://openalex.org/W2024328320
https://openalex.org/W2029093659
https://openalex.org/W2038509542
https://openalex.org/W2043952675
https://openalex.org/W2048371038
https://openalex.org/W2056764445
https://openalex.org/W2058967540
https://openalex.org/W2061130521
https://openalex.org/W2067462255
https://openalex.org/W2067793032
https://openalex.org/W2070614157
https://openalex.org/W2085014284
https://openalex.org/W2091108905
https://openalex.org/W2091594295
https://openalex.org/W2106952015
https://openalex.org/W2110877410
https://openalex.org/W2117069460
https://openalex.org/W2123939429
https://openalex.org/W2138733206
https://openalex.org/W2152987204
https://openalex.org/W2157311596
https://openalex.org/W2157790215
https://openalex.org/W2159588805
https://openalex.org/W2186434850
https://openalex.org/W2257695191
https://openalex.org/W2310839604
https://openalex.org/W2327815054
https://openalex.org/W2463457277
https://openalex.org/W2578627868
https://openalex.org/W2738488604
https://openalex.org/W2748858018
https://openalex.org/W2757415819
https://openalex.org/W2760382296
https://openalex.org/W2768273109
https://openalex.org/W2786935026
https://openalex.org/W2792340472
https://openalex.org/W2794630061
https://openalex.org/W2888561240
https://openalex.org/W2895158690
https://openalex.org/W2901346400
https://openalex.org/W2908929986
https://openalex.org/W2935324496
https://openalex.org/W2942671504
https://openalex.org/W2967536103
https://openalex.org/W2981162178
https://openalex.org/W2982001619
https://openalex.org/W2998069381
https://openalex.org/W3007906777
https://openalex.org/W3049300690
https://openalex.org/W3083077161
https://openalex.org/W3084015719
https://openalex.org/W3086072301
https://openalex.org/W3163946467
https://openalex.org/W3167378246
https://openalex.org/W3206559882
https://openalex.org/W4210737815
https://openalex.org/W4239331364
https://openalex.org/W4295135959
https://openalex.org/W4319598933
https://openalex.org/W1626315524
https://openalex.org/W1752152724
https://openalex.org/W1949174691
https://openalex.org/W1965813762
https://openalex.org/W1967418942
https://openalex.org/W1967686443
https://openalex.org/W1969750628
https://openalex.org/W1969874838
https://openalex.org/W1973561772
https://openalex.org/W1974940875
https://openalex.org/W1978931590
https://openalex.org/W1995492849
https://openalex.org/W2002464955
https://openalex.org/W2005303712
https://openalex.org/W2011298750
https://openalex.org/W2018734311
https://openalex.org/W2019384314
https://openalex.org/W2044011582
https://openalex.org/W2046129224
https://openalex.org/W2048328779
https://openalex.org/W2050343661
https://openalex.org/W2051585546
https://openalex.org/W2058955369
https://openalex.org/W2069353524
https://openalex.org/W2075024626
https://openalex.org/W2075639177
https://openalex.org/W2131578132
https://openalex.org/W2141382678
https://openalex.org/W2146702078
https://openalex.org/W2148618285
https://openalex.org/W2153533103
https://openalex.org/W2160358492
https://openalex.org/W2160888470
https://openalex.org/W2166990115
https://openalex.org/W2211009139
https://openalex.org/W2283302391
https://openalex.org/W2326232463
https://openalex.org/W2328761181
https://openalex.org/W2382807440
https://openalex.org/W2396275493
https://openalex.org/W2429255260
https://openalex.org/W2516751456
https://openalex.org/W2618772502
https://openalex.org/W2738414849
https://openalex.org/W2796583788
https://openalex.org/W2884225568
https://openalex.org/W2888714944
https://openalex.org/W2893012398
https://openalex.org/W2896065120
https://openalex.org/W2897474013
https://openalex.org/W2904849455
https://openalex.org/W2925652927
https://openalex.org/W2951818275
https://openalex.org/W2952080080
https://openalex.org/W2954870958
https://openalex.org/W2975518062
https://openalex.org/W2977114156
https://openalex.org/W3015583340
https://openalex.org/W3021836082
https://openalex.org/W3037882059
https://openalex.org/W3049744716
https://openalex.org/W3088530080
https://openalex.org/W3095282798
https://openalex.org/W309713670
https://openalex.org/W3159162313
https://openalex.org/W3201753301
https://openalex.org/W3214642793
https://openalex.org/W3215023849
https://openalex.org/W3217477742
https://openalex.org/W4224325810
https://openalex.org/W4226100236
https://openalex.org/W4237625385
https://openalex.org/W4280600213
https://openalex.org/W4284891035
https://openalex.org/W4292260360
https://openalex.org/W53419019
https://openalex.org/W1507659964
https://openalex.org/W1521920800
https://openalex.org/W1555828972
https://openalex.org/W1561020003
https://openalex.org/W1811857045
https://openalex.org/W1911419864
https://openalex.org/W1964064365
https://openalex.org/W1964979691
https://openalex.org/W1966039406
https://openalex.org/W1981350308
https://openalex.org/W1983315038
https://openalex.org/W1988315988
https://openalex.org/W2002244543
https://openalex.org/W2005155341
https://openalex.org/W2029047907
https://openalex.org/W2029985730
https://openalex.org/W2032576539
https://openalex.org/W2036113832
https://openalex.org/W2037892799
https://openalex.org/W2046760686
https://openalex.org/W2048158503
https://openalex.org/W2051805376
https://openalex.org/W2057460400
https://openalex.org/W2060016599
https://openalex.org/W2079101630
https://openalex.org/W2079895271
https://openalex.org/W2085561237
https://openalex.org/W2091419401
https://openalex.org/W2114428217
https://openalex.org/W2116618605
https://openalex.org/W2118150757
https://openalex.org/W2124749158
https://openalex.org/W2127939033
https://openalex.org/W2131939760
https://openalex.org/W2137968722
https://openalex.org/W2139172064
https://openalex.org/W2139938281
https://openalex.org/W2142990773
https://openalex.org/W214414553
https://openalex.org/W2148115584
https://openalex.org/W2204594669
https://openalex.org/W2229297067
https://openalex.org/W2337696957
https://openalex.org/W2414228464
https://openalex.org/W2466940084
https://openalex.org/W2518982375
https://openalex.org/W2580781053
https://openalex.org/W2586763963
https://openalex.org/W2602998299
https://openalex.org/W2606103797
https://openalex.org/W2618907640
https://openalex.org/W2737389863
https://openalex.org/W2764062323
https://openalex.org/W2765121387
https://openalex.org/W2773748292
https://openalex.org/W2783543009
https://openalex.org/W2789202128
https://openalex.org/W2895054403
https://openalex.org/W2901205452
https://openalex.org/W2903846612
https://openalex.org/W2905042741
https://openalex.org/W2906026633
https://openalex.org/W2908251449
https://openalex.org/W2910029702
https://openalex.org/W2921628332
https://openalex.org/W2922386993
https://openalex.org/W2946282330
https://openalex.org/W2949693061
https://openalex.org/W2967136659
https://openalex.org/W2985359887
https://openalex.org/W3000298781
https://openalex.org/W3005852502
https://openalex.org/W3013339164
https://openalex.org/W3097719813
https://openalex.org/W3114495463
https://openalex.org/W3120530331
https://openalex.org/W3127025242
https://openalex.org/W3137893406
https://openalex.org/W3137996082
https://openalex.org/W3145898907
https://openalex.org/W3158330577
https://openalex.org/W3185578235
https://openalex.org/W3215829017
https://openalex.org/W3217393618
https://openalex.org/W4205550636
https://openalex.org/W4210323890
https://openalex.org/W4212998649
https://openalex.org/W4226492364
https://openalex.org/W4292181480
https://openalex.org/W4362638831
https://openalex.org/W840767723
https://openalex.org/W90430515
https://openalex.org/W1498435699
https://openalex.org/W1576196454
https://openalex.org/W1594747375
https://openalex.org/W1664644675
https://openalex.org/W1972122832
https://openalex.org/W1977842187
https://openalex.org/W1996726382
https://openalex.org/W2002698835
https://openalex.org/W2002820214
https://openalex.org/W2008262459
https://openalex.org/W2009107013
https://openalex.org/W2012101872
https://openalex.org/W2014767056
https://openalex.org/W2015200234
https://openalex.org/W2028677340
https://openalex.org/W2030956127
https://openalex.org/W2033246720
https://openalex.org/W2038650598
https://openalex.org/W2044650902
https://openalex.org/W2048407021
https://openalex.org/W2049888091
https://openalex.org/W2051793917
https://openalex.org/W2052275395
https://openalex.org/W2057055277
https://openalex.org/W2058863863
https://openalex.org/W2060173936
https://openalex.org/W2078053227
https://openalex.org/W2079257578
https://openalex.org/W2091128815
https://openalex.org/W2098198933
https://openalex.org/W2112510577
https://openalex.org/W2113545018
https://openalex.org/W2114216627
https://openalex.org/W2114488536
https://openalex.org/W2118642566
https://openalex.org/W2119885510
https://openalex.org/W2121987050
https://openalex.org/W2127975105
https://openalex.org/W2131944481
https://openalex.org/W2146272553
https://openalex.org/W2148414561
https://openalex.org/W2148993104
https://openalex.org/W2151838802
https://openalex.org/W2188262967
https://openalex.org/W2230143428
https://openalex.org/W2247784024
https://openalex.org/W2274320406
https://openalex.org/W2303603035
https://openalex.org/W2314245685
https://openalex.org/W2319199050
https://openalex.org/W2340817343
https://openalex.org/W2346223792
https://openalex.org/W2398231538
https://openalex.org/W2416337905
https://openalex.org/W2444044782
https://openalex.org/W2468863054
https://openalex.org/W2589316935
https://openalex.org/W2607011043
https://openalex.org/W2610707782
https://openalex.org/W2615447155
https://openalex.org/W2621030646
https://openalex.org/W2740728481
https://openalex.org/W2771527416
https://openalex.org/W2789186731
https://openalex.org/W2789684899
https://openalex.org/W2793700196
https://openalex.org/W2800744268
https://openalex.org/W2811107984
https://openalex.org/W2811451013
https://openalex.org/W2897285710
https://openalex.org/W2902376382
https://openalex.org/W2903129011
https://openalex.org/W2930205909
https://openalex.org/W2945045412
https://openalex.org/W2969603457
https://openalex.org/W2982535983
https://openalex.org/W2987236554
https://openalex.org/W2996282565
https://openalex.org/W3014918504
https://openalex.org/W3042319694
https://openalex.org/W3081170181
https://openalex.org/W3089185679
https://openalex.org/W3092330320
https://openalex.org/W3119515743
https://openalex.org/W3128756628
https://openalex.org/W3142604923
https://openalex.org/W3144594036
https://openalex.org/W3149464131
https://openalex.org/W3159759277
https://openalex.org/W3181504472
https://openalex.org/W3197739979
https://openalex.org/W3198927947
https://openalex.org/W3199641377
https://openalex.org/W348295065
https://openalex.org/W4200270594
https://openalex.org/W4205775909
https://openalex.org/W4206831310
https://openalex.org/W4224324877
https://openalex.org/W4225865869
https://openalex.org/W4241885563
https://openalex.org/W4253865428
https://openalex.org/W4287009828
https://openalex.org/W599948491
https://openalex.org/W801870445
https://openalex.org/W1039368612
https://openalex.org/W1513660958
https://openalex.org/W1523131528
https://openalex.org/W1551590175
https://openalex.org/W1660225572
https://openalex.org/W1968578687
https://openalex.org/W1974917030
https://openalex.org/W1975997177
https://openalex.org/W1979746508
https://openalex.org/W1985588382
https://openalex.org/W1987993098
https://openalex.org/W1991853908
https://openalex.org/W1995196595
https://openalex.org/W1996521482
https://openalex.org/W1997541834
https://openalex.org/W2003362732
https://openalex.org/W2007747239
https://openalex.org/W2013094285
https://openalex.org/W2023714461
https://openalex.org/W2024743044
https://openalex.org/W2030741475
https://openalex.org/W2032194675
https://openalex.org/W2037365651
https://openalex.org/W2046417088
https://openalex.org/W2052247459
https://openalex.org/W2058330732
https://openalex.org/W2059751744
https://openalex.org/W2060142639
https://openalex.org/W2063464005
https://openalex.org/W2065655127
https://openalex.org/W2065789177
https://openalex.org/W2072924295
https://openalex.org/W2079794783
https://openalex.org/W2092966820
https://openalex.org/W2100520503
https://openalex.org/W2108260359
https://openalex.org/W2125918304
https://openalex.org/W2131763163
https://openalex.org/W2133991548
https://openalex.org/W2145090102
https://openalex.org/W2182388875
https://openalex.org/W2213243448
https://openalex.org/W2213645818
https://openalex.org/W2252410748
https://openalex.org/W2314819416
https://openalex.org/W2318740834
https://openalex.org/W2333718031
https://openalex.org/W2409764617
https://openalex.org/W2462057318
https://openalex.org/W2530056791
https://openalex.org/W2531682478
https://openalex.org/W2567345323
https://openalex.org/W2607814360
https://openalex.org/W2614772273
https://openalex.org/W2745898841
https://openalex.org/W2769036174
https://openalex.org/W2771800386
https://openalex.org/W2895125987
https://openalex.org/W2897594371
https://openalex.org/W2903047894
https://openalex.org/W2910724847
https://openalex.org/W2947241968
https://openalex.org/W2950437037
https://openalex.org/W2969229468
https://openalex.org/W2989961700
https://openalex.org/W2992436252
https://openalex.org/W3023329526
https://openalex.org/W3024113682
https://openalex.org/W3024697962
https://openalex.org/W3039078504
https://openalex.org/W3041498456
https://openalex.org/W3048181437
https://openalex.org/W3048423019
https://openalex.org/W3094722709
https://openalex.org/W3097575200
https://openalex.org/W3119442331
https://openalex.org/W3124298358
https://openalex.org/W3138641823
https://openalex.org/W3148665092
https://openalex.org/W3178375115
https://openalex.org/W3198523930
https://openalex.org/W3214517694
https://openalex.org/W3216959273
https://openalex.org/W4147911
https://openalex.org/W4205615270
https://openalex.org/W4210280272
https://openalex.org/W4210727853
https://openalex.org/W4211156088
https://openalex.org/W4220937207
https://openalex.org/W4223437526
https://openalex.org/W4226023587
https://openalex.org/W4226127718
https://openalex.org/W4250728733
https://openalex.org/W4283215298
https://openalex.org/W4284977145
https://openalex.org/W4285310014
https://openalex.org/W568413567
https://openalex.org/W1525281610
https://openalex.org/W1565441725
https://openalex.org/W1586203259
https://openalex.org/W1788969983
https://openalex.org/W1916552571
https://openalex.org/W1964858103
https://openalex.org/W1965842635
https://openalex.org/W1969491912
https://openalex.org/W1973910643
https://openalex.org/W1983768640
https://openalex.org/W1988134471
https://openalex.org/W1988810549
https://openalex.org/W1994161512
https://openalex.org/W1997288870
https://openalex.org/W2009814535
https://openalex.org/W2014442869
https://openalex.org/W2018597042
https://openalex.org/W2019413645
https://openalex.org/W2021906417
https://openalex.org/W2022443135
https://openalex.org/W2023436926
https://openalex.org/W2025496444
https://openalex.org/W2035122548
https://openalex.org/W2043041249
https://openalex.org/W2048845516
https://openalex.org/W2049109406
https://openalex.org/W2049728548
https://openalex.org/W2053102800
https://openalex.org/W2053706548
https://openalex.org/W2053979436
https://openalex.org/W2058150414
https://openalex.org/W2066822070
https://openalex.org/W2072332117
https://openalex.org/W2072904865
https://openalex.org/W2095340805
https://openalex.org/W2099485018
https://openalex.org/W2109588556
https://openalex.org/W2110500138
https://openalex.org/W2127888320
https://openalex.org/W2143006969
https://openalex.org/W2149821390
https://openalex.org/W2162293358
https://openalex.org/W2164491511
https://openalex.org/W2184634948
https://openalex.org/W2194821956
https://openalex.org/W2258710472
https://openalex.org/W2270732855
https://openalex.org/W2325353589
https://openalex.org/W2349294032
https://openalex.org/W2350020959
https://openalex.org/W2369662842
https://openalex.org/W2403538086
https://openalex.org/W2503508252
https://openalex.org/W2559729951
https://openalex.org/W2560752710
https://openalex.org/W2564544099
https://openalex.org/W2573143640
https://openalex.org/W2586353795
https://openalex.org/W2598465980
https://openalex.org/W2760994589
https://openalex.org/W2773913672
https://openalex.org/W2789471279
https://openalex.org/W2793709398
https://openalex.org/W2883215511
https://openalex.org/W2885740317
https://openalex.org/W2887368994
https://openalex.org/W2888637565
https://openalex.org/W2891875385
https://openalex.org/W2892401042
https://openalex.org/W2895213004
https://openalex.org/W2898106778
https://openalex.org/W2913471550
https://openalex.org/W2944953194
https://openalex.org/W2948295786
https://openalex.org/W2948626780
https://openalex.org/W2951439995
https://openalex.org/W2972313466
https://openalex.org/W2972678331
https://openalex.org/W2973640529
https://openalex.org/W2981766398
https://openalex.org/W2992859895
https://openalex.org/W2993529204
https://openalex.org/W3011784719
https://openalex.org/W3014005643
https://openalex.org/W3040976849
https://openalex.org/W3045813625
https://openalex.org/W3087446463
https://openalex.org/W3093015874
https://openalex.org/W3096267453
https://openalex.org/W3108599392
https://openalex.org/W3110540988
https://openalex.org/W3112884695
https://openalex.org/W3162611415
https://openalex.org/W3173497001
https://openalex.org/W3175546635
https://openalex.org/W3183370617
https://openalex.org/W3185818761
https://openalex.org/W3186640841
https://openalex.org/W3204291859
https://openalex.org/W3210784795
https://openalex.org/W3217537749
https://openalex.org/W4213217372
https://openalex.org/W4221058077
https://openalex.org/W4232635166
https://openalex.org/W4237955943
https://openalex.org/W4240826738
https://openalex.org/W4250063120
https://openalex.org/W4280510931
https://openalex.org/W4288368495
https://openalex.org/W4288871002
https://openalex.org/W4293832774
https://openalex.org/W4294612249
https://openalex.org/W4298005169
https://openalex.org/W4306952314
https://openalex.org/W4313528541
https://openalex.org/W4323664258
https://openalex.org/W4379356226
https://openalex.org/W607267980
https://openalex.org/W108284267
https://openalex.org/W1169818046
https://openalex.org/W1481068055
https://openalex.org/W1483365767
https://openalex.org/W1485448381
https://openalex.org/W1495874482
https://openalex.org/W1541759936
https://openalex.org/W1568677290
https://openalex.org/W1596654712
https://openalex.org/W1736970288
https://openalex.org/W1821816278
https://openalex.org/W1885316907
https://openalex.org/W1893422147
https://openalex.org/W1931831452
https://openalex.org/W1966242176
https://openalex.org/W1967981484
https://openalex.org/W1980313455
https://openalex.org/W1981189986
https://openalex.org/W1985398804
https://openalex.org/W1988394062
https://openalex.org/W1988445074
https://openalex.org/W1992607268
https://openalex.org/W1994487633
https://openalex.org/W1996217930
https://openalex.org/W2001552131
https://openalex.org/W2002030427
https://openalex.org/W2002262324
https://openalex.org/W2005178275
https://openalex.org/W2009455602
https://openalex.org/W2009663977
https://openalex.org/W2010980444
https://openalex.org/W2011998299
https://openalex.org/W2012602569
https://openalex.org/W2014985939
https://openalex.org/W2019717462
https://openalex.org/W2026739499
https://openalex.org/W2035672476
https://openalex.org/W2035849558
https://openalex.org/W2037472515
https://openalex.org/W2038991377
https://openalex.org/W2039523741
https://openalex.org/W2042057718
https://openalex.org/W2046297477
https://openalex.org/W2061871794
https://openalex.org/W2073988629
https://openalex.org/W2075714583
https://openalex.org/W2080306989
https://openalex.org/W2081210499
https://openalex.org/W2087520337
https://openalex.org/W2104688755
https://openalex.org/W2119663199
https://openalex.org/W2127592965
https://openalex.org/W2134706460
https://openalex.org/W2149335944
https://openalex.org/W2151936539
https://openalex.org/W2159902360
https://openalex.org/W2161334698
https://openalex.org/W2167821582
https://openalex.org/W2169246833
https://openalex.org/W2183034075
https://openalex.org/W2183552383
https://openalex.org/W2188154458
https://openalex.org/W2227651498
https://openalex.org/W2246656776
https://openalex.org/W2255141386
https://openalex.org/W2285518076
https://openalex.org/W2293349811
https://openalex.org/W2302777880
https://openalex.org/W2321118686
https://openalex.org/W2327049613
https://openalex.org/W2334020940
https://openalex.org/W2335006146
https://openalex.org/W2370815405
https://openalex.org/W2386514632
https://openalex.org/W2411215928
https://openalex.org/W2418839797
https://openalex.org/W2419035957
https://openalex.org/W2419239198
https://openalex.org/W2461583302
https://openalex.org/W2474072067
https://openalex.org/W2498882422
https://openalex.org/W2541763324
https://openalex.org/W2548779144
https://openalex.org/W2569196413
https://openalex.org/W2590719574
https://openalex.org/W2620975774
https://openalex.org/W2621889486
https://openalex.org/W2738029520
https://openalex.org/W2762932397
https://openalex.org/W2765429693
https://openalex.org/W2766915666
https://openalex.org/W2771598559
https://openalex.org/W2779324530
https://openalex.org/W2781492750
https://openalex.org/W2805556032
https://openalex.org/W2805725815
https://openalex.org/W2808640174
https://openalex.org/W2883088536
https://openalex.org/W2884417049
https://openalex.org/W2887190982
https://openalex.org/W2892797800
https://openalex.org/W2899016587
https://openalex.org/W2899147498
https://openalex.org/W2906689659
https://openalex.org/W2910983020
https://openalex.org/W2942864502
https://openalex.org/W2954253144
https://openalex.org/W2962827677
https://openalex.org/W2977879437
https://openalex.org/W2988772011
https://openalex.org/W2993011726
https://openalex.org/W2996311212
https://openalex.org/W2998302037
https://openalex.org/W3001690858
https://openalex.org/W3011452920
https://openalex.org/W3014423513
https://openalex.org/W3026367577
https://openalex.org/W3032942505
https://openalex.org/W3035399517
https://openalex.org/W3041231911
https://openalex.org/W3080397000
https://openalex.org/W3087908203
https://openalex.org/W3092161479
https://openalex.org/W3098638804
https://openalex.org/W3099538853
https://openalex.org/W3101023053
https://openalex.org/W3108960435
https://openalex.org/W3119255159
https://openalex.org/W3120166123
https://openalex.org/W3133753488
https://openalex.org/W3136013187
https://openalex.org/W3137905927
https://openalex.org/W3139949967
https://openalex.org/W3159103362
https://openalex.org/W3159231635
https://openalex.org/W3162376628
https://openalex.org/W3163752253
https://openalex.org/W3169450132
https://openalex.org/W3176993449
https://openalex.org/W3183980596
https://openalex.org/W3185750413
https://openalex.org/W3200977293
https://openalex.org/W3207781087
https://openalex.org/W3212415456
https://openalex.org/W3212436054
https://openalex.org/W3215942317
https://openalex.org/W3217582978
https://openalex.org/W4206012894
https://openalex.org/W4207021396
https://openalex.org/W4221063403
https://openalex.org/W4221072789
https://openalex.org/W4226079731
https://openalex.org/W4229048516
https://openalex.org/W4229370520
https://openalex.org/W4239286803
https://openalex.org/W4239660168
https://openalex.org/W4280549523
https://openalex.org/W4280566719
https://openalex.org/W4280596539
https://openalex.org/W4280601460
https://openalex.org/W4283260050
https://openalex.org/W4283735168
https://openalex.org/W4291000428
https://openalex.org/W4292178896
https://openalex.org/W4296222953
https://openalex.org/W4297470966
https://openalex.org/W4309345949
https://openalex.org/W4312078733
https://openalex.org/W4317717666
https://openalex.org/W4318476607
https://openalex.org/W4321748896
https://openalex.org/W4366414862
https://openalex.org/W55547266
https://openalex.org/W123569502
https://openalex.org/W1514086261
https://openalex.org/W1520728583
https://openalex.org/W1535544485
https://openalex.org/W1577639758
https://openalex.org/W1606138074
https://openalex.org/W164153855
https://openalex.org/W174598556
https://openalex.org/W1801740512
https://openalex.org/W1851660905
https://openalex.org/W1893036755
https://openalex.org/W1917963084
https://openalex.org/W1962067265
https://openalex.org/W1972975295
https://openalex.org/W1974769149
https://openalex.org/W1975828064
https://openalex.org/W1977095747
https://openalex.org/W1981068910
https://openalex.org/W1985367218
https://openalex.org/W1988562794
https://openalex.org/W1990583308
https://openalex.org/W1991196631
https://openalex.org/W1991922923
https://openalex.org/W1992679346
https://openalex.org/W1998075076
https://openalex.org/W1998759734
https://openalex.org/W1998904010
https://openalex.org/W1999081671
https://openalex.org/W2004101353
https://openalex.org/W2005347208
https://openalex.org/W2006484554
https://openalex.org/W2009281514
https://openalex.org/W2011947931
https://openalex.org/W2013535042
https://openalex.org/W2020909917
https://openalex.org/W2026448924
https://openalex.org/W2039616455
https://openalex.org/W2040122823
https://openalex.org/W2045541497
https://openalex.org/W2053668920
https://openalex.org/W2062786197
https://openalex.org/W2065204545
https://openalex.org/W2068469844
https://openalex.org/W2074188296
https://openalex.org/W2077079373
https://openalex.org/W2083335115
https://openalex.org/W2084190188
https://openalex.org/W2084590446
https://openalex.org/W2089337463
https://openalex.org/W2093894853
https://openalex.org/W2094704951
https://openalex.org/W2100486304
https://openalex.org/W2110877869
https://openalex.org/W2128959440
https://openalex.org/W2129209817
https://openalex.org/W2134054694
https://openalex.org/W2152933152
https://openalex.org/W2156615339
https://openalex.org/W2165230062
https://openalex.org/W2171440139
https://openalex.org/W2171928453
https://openalex.org/W2172642455
https://openalex.org/W2177327557
https://openalex.org/W2183470742
https://openalex.org/W2239828061
https://openalex.org/W2300943056
https://openalex.org/W2316133019
https://openalex.org/W2317935402
https://openalex.org/W2317977641
https://openalex.org/W2326331837
https://openalex.org/W2327890927
https://openalex.org/W2328541405
https://openalex.org/W2329233106
https://openalex.org/W2336457411
https://openalex.org/W2340842768
https://openalex.org/W2344137917
https://openalex.org/W2394191523
https://openalex.org/W2400423957
https://openalex.org/W2404733001
https://openalex.org/W2407542150
https://openalex.org/W2410777260
https://openalex.org/W2411820663
https://openalex.org/W2461218213
https://openalex.org/W2474575248
https://openalex.org/W2482287889
https://openalex.org/W2512961446
https://openalex.org/W2514633663
https://openalex.org/W2525261975
https://openalex.org/W2530606615
https://openalex.org/W2558288456
https://openalex.org/W2559880990
https://openalex.org/W2562878688
https://openalex.org/W2588640871
https://openalex.org/W2598918159
https://openalex.org/W2602727238
https://openalex.org/W2613641675
https://openalex.org/W263334596
https://openalex.org/W2651995236
https://openalex.org/W2739852663
https://openalex.org/W2750842500
https://openalex.org/W2772702183
https://openalex.org/W2792844349
https://openalex.org/W2801463192
https://openalex.org/W2810683992
https://openalex.org/W2845663639
https://openalex.org/W2890122229
https://openalex.org/W2903130260
https://openalex.org/W2964128528
https://openalex.org/W2968716767
https://openalex.org/W2977489685
https://openalex.org/W2990139720
https://openalex.org/W2992754582
https://openalex.org/W2994449965
https://openalex.org/W2995469989
https://openalex.org/W2996067393
https://openalex.org/W2997841944
https://openalex.org/W3006202951
https://openalex.org/W3012263981
https://openalex.org/W3013097753
https://openalex.org/W3013745805
https://openalex.org/W3024219953
https://openalex.org/W3041234077
https://openalex.org/W3042908250
https://openalex.org/W3048915055
https://openalex.org/W3093680832
https://openalex.org/W3097837645
https://openalex.org/W3117123005
https://openalex.org/W3124295218
https://openalex.org/W3128355733
https://openalex.org/W3132087877
https://openalex.org/W3133987808
https://openalex.org/W3137670912
https://openalex.org/W3161551219
https://openalex.org/W3164544517
https://openalex.org/W3165307452
https://openalex.org/W3165606058
https://openalex.org/W3174358972
https://openalex.org/W3185659773
https://openalex.org/W3187960722
https://openalex.org/W3194843271
https://openalex.org/W3207985996
https://openalex.org/W3208137960
https://openalex.org/W3213488175
https://openalex.org/W4200246249
https://openalex.org/W4200321824
https://openalex.org/W4200388931
https://openalex.org/W4200503402
https://openalex.org/W4200549917
https://openalex.org/W4205932949
https://openalex.org/W4210373091
https://openalex.org/W4210531238
https://openalex.org/W4211005704
https://openalex.org/W4214492627
https://openalex.org/W4214876440
https://openalex.org/W4220811584
https://openalex.org/W4224065465
https://openalex.org/W4224079467
https://openalex.org/W4224228415
https://openalex.org/W4224863580
https://openalex.org/W4226424517
https://openalex.org/W4229011613
https://openalex.org/W4238510764
https://openalex.org/W4240944621
https://openalex.org/W4244654828
https://openalex.org/W4248495166
https://openalex.org/W4280549131
https://openalex.org/W4286559903
https://openalex.org/W4287381801
https://openalex.org/W4288693278
https://openalex.org/W4292413802
https://openalex.org/W4296475299
https://openalex.org/W4296781629
https://openalex.org/W4304184633
https://openalex.org/W4310054431
https://openalex.org/W4310874921
https://openalex.org/W4311128493
https://openalex.org/W4312101299
https://openalex.org/W4312116085
https://openalex.org/W4313448116
https://openalex.org/W4313549387
https://openalex.org/W4315644321
https://openalex.org/W4318263414
https://openalex.org/W4320519886
https://openalex.org/W4320891734
https://openalex.org/W4320912164
https://openalex.org/W4327714088
https://openalex.org/W4361223890
https://openalex.org/W4366545207
https://openalex.org/W606099392
https://openalex.org/W629693058
https://openalex.org/W76623307
https://openalex.org/W857733739
https://openalex.org/W1509409130
https://openalex.org/W1527007989
https://openalex.org/W1530992668
https://openalex.org/W1537745206
https://openalex.org/W1542538102
https://openalex.org/W1545926538
https://openalex.org/W1552322212
https://openalex.org/W1555627196
https://openalex.org/W1571891994
https://openalex.org/W1574493291
https://openalex.org/W1580865050
https://openalex.org/W1582553443
https://openalex.org/W1594766072
https://openalex.org/W1598229557
https://openalex.org/W1599980308
https://openalex.org/W1614752933
https://openalex.org/W1650140171
https://openalex.org/W1768904971
https://openalex.org/W1769938949
https://openalex.org/W1809539831
https://openalex.org/W1833341530
https://openalex.org/W1839111697
https://openalex.org/W1929461007
https://openalex.org/W1949464483
https://openalex.org/W1956693968
https://openalex.org/W1964354156
https://openalex.org/W1964767499
https://openalex.org/W1965301142
https://openalex.org/W1970387285
https://openalex.org/W1970790387
https://openalex.org/W1971362601
https://openalex.org/W1972980047
https://openalex.org/W1973031553
https://openalex.org/W1974030774
https://openalex.org/W1984299209
https://openalex.org/W1984589488
https://openalex.org/W1985373882
https://openalex.org/W1985617512
https://openalex.org/W1986223491
https://openalex.org/W1987305899
https://openalex.org/W1991568151
https://openalex.org/W1992444431
https://openalex.org/W1992532722
https://openalex.org/W1994855733
https://openalex.org/W1997239112
https://openalex.org/W1999199437
https://openalex.org/W2005879560
https://openalex.org/W2009397662
https://openalex.org/W2009620400
https://openalex.org/W2017585084
https://openalex.org/W2017892303
https://openalex.org/W2020595043
https://openalex.org/W2020918030
https://openalex.org/W2026353179
https://openalex.org/W2027123509
https://openalex.org/W202735629
https://openalex.org/W2028695667
https://openalex.org/W2029855097
https://openalex.org/W2033587854
https://openalex.org/W2034632151
https://openalex.org/W2037747178
https://openalex.org/W2041833717
https://openalex.org/W2047292802
https://openalex.org/W2047486514
https://openalex.org/W2050834478
https://openalex.org/W2051629655
https://openalex.org/W2054094086
https://openalex.org/W2054772491
https://openalex.org/W2059117947
https://openalex.org/W2059988099
https://openalex.org/W2062235732
https://openalex.org/W2065016328
https://openalex.org/W2066414454
https://openalex.org/W2068043369
https://openalex.org/W2068620974
https://openalex.org/W2068871451
https://openalex.org/W2070516274
https://openalex.org/W2070799052
https://openalex.org/W2073568735
https://openalex.org/W2074840219
https://openalex.org/W2075668654
https://openalex.org/W2082949422
https://openalex.org/W2083854099
https://openalex.org/W2085594032
https://openalex.org/W2086015286
https://openalex.org/W2092787180
https://openalex.org/W2092949284
https://openalex.org/W2095398987
https://openalex.org/W2102654085
https://openalex.org/W2107821766
https://openalex.org/W2108222291
https://openalex.org/W2108356089
https://openalex.org/W2111012702
https://openalex.org/W2117161009
https://openalex.org/W2123100207
https://openalex.org/W2130108097
https://openalex.org/W2130753171
https://openalex.org/W2132517522
https://openalex.org/W2137414515
https://openalex.org/W2142748000
https://openalex.org/W2149857062
https://openalex.org/W2151298270
https://openalex.org/W2152951198
https://openalex.org/W2153101503
https://openalex.org/W2155701970
https://openalex.org/W2157868994
https://openalex.org/W2162598811
https://openalex.org/W2164577438
https://openalex.org/W2166493110
https://openalex.org/W2169132502
https://openalex.org/W2170499869
https://openalex.org/W2179388855
https://openalex.org/W2179891500
https://openalex.org/W2183108196
https://openalex.org/W2184237097
https://openalex.org/W2184578406
https://openalex.org/W2184586027
https://openalex.org/W2200189020
https://openalex.org/W2239245750
https://openalex.org/W2252456502
https://openalex.org/W2262685562
https://openalex.org/W2286429035
https://openalex.org/W2286903017
https://openalex.org/W2312723221
https://openalex.org/W2322904948
https://openalex.org/W2327393950
https://openalex.org/W2328083013
https://openalex.org/W2328090522
https://openalex.org/W2330485468
https://openalex.org/W2331063470
https://openalex.org/W2334602088
https://openalex.org/W2339880424
https://openalex.org/W2342821662
https://openalex.org/W2350063476
https://openalex.org/W2354137496
https://openalex.org/W2359387168
https://openalex.org/W2366842356
https://openalex.org/W2377219869
https://openalex.org/W2384595262
https://openalex.org/W2391531565
https://openalex.org/W2396038982
https://openalex.org/W2397709694
https://openalex.org/W2401143924
https://openalex.org/W2405055656
https://openalex.org/W2412644882
https://openalex.org/W2417119431
https://openalex.org/W2417430257
https://openalex.org/W2418320546
https://openalex.org/W2418522537
https://openalex.org/W2422330263
https://openalex.org/W2461857118
https://openalex.org/W2465221281
https://openalex.org/W2471806293
https://openalex.org/W2475142672
https://openalex.org/W2484605991
https://openalex.org/W2491049424
https://openalex.org/W2554350488
https://openalex.org/W2556211354
https://openalex.org/W2560578229
https://openalex.org/W2564429991
https://openalex.org/W2565887674
https://openalex.org/W2579845698
https://openalex.org/W2580943659
https://openalex.org/W2582740807
https://openalex.org/W2588392255
https://openalex.org/W2603682574
https://openalex.org/W2603736265
https://openalex.org/W2610349923
https://openalex.org/W2622075321
https://openalex.org/W2622310768
https://openalex.org/W2725943710
https://openalex.org/W2737379997
https://openalex.org/W2739131943
https://openalex.org/W2763507988
https://openalex.org/W2785798671
https://openalex.org/W2786836378
https://openalex.org/W2799642214
https://openalex.org/W2802777925
https://openalex.org/W2806253038
https://openalex.org/W2808767175
https://openalex.org/W2809718051
https://openalex.org/W2884762095
https://openalex.org/W2898637554
https://openalex.org/W2906305915
https://openalex.org/W2908746968
https://openalex.org/W2911513274
https://openalex.org/W2912971527
https://openalex.org/W2919127095
https://openalex.org/W2924319665
https://openalex.org/W2940121425
https://openalex.org/W2955750172
https://openalex.org/W2963168911
https://openalex.org/W2965100878
https://openalex.org/W2969083380
https://openalex.org/W2969792387
https://openalex.org/W2974352296
https://openalex.org/W2977615607
https://openalex.org/W2987633966
https://openalex.org/W2989721978
https://openalex.org/W2992842253
https://openalex.org/W2994922456
https://openalex.org/W2996556561
https://openalex.org/W3009532299
https://openalex.org/W3010798173
https://openalex.org/W3013963237
https://openalex.org/W3021269416
https://openalex.org/W3029668104
https://openalex.org/W3034906148
https://openalex.org/W3041421890
https://openalex.org/W3082257364
https://openalex.org/W3083122371
https://openalex.org/W3087831796
https://openalex.org/W3090358324
https://openalex.org/W3093502266
https://openalex.org/W3097542565
https://openalex.org/W3098409324
https://openalex.org/W3110374596
https://openalex.org/W3111906290
https://openalex.org/W3112023164
https://openalex.org/W3117746776
https://openalex.org/W3119991019
https://openalex.org/W3123005292
https://openalex.org/W3128919335
https://openalex.org/W3133486473
https://openalex.org/W3134598518
https://openalex.org/W3140860953
https://openalex.org/W3149639935
https://openalex.org/W3152181268
https://openalex.org/W3159898157
https://openalex.org/W3161981284
https://openalex.org/W3162133661
https://openalex.org/W3165076199
https://openalex.org/W3169763140
https://openalex.org/W3178814087
https://openalex.org/W3183946297
https://openalex.org/W3184125291
https://openalex.org/W3187125052
https://openalex.org/W3188513876
https://openalex.org/W3196858756
https://openalex.org/W3200962704
https://openalex.org/W3202384407
https://openalex.org/W3207196578
https://openalex.org/W3208399854
https://openalex.org/W3209773391
https://openalex.org/W3210491113
https://openalex.org/W3212483346
https://openalex.org/W3216506009
https://openalex.org/W3217511959
https://openalex.org/W375125190
https://openalex.org/W4200533690
https://openalex.org/W4206377192
https://openalex.org/W4220681573
https://openalex.org/W4220826800
https://openalex.org/W4221000259
https://openalex.org/W4221032027
https://openalex.org/W4221035449
https://openalex.org/W4224308532
https://openalex.org/W4224619024
https://openalex.org/W4226210498
https://openalex.org/W4245122813
https://openalex.org/W4248490572
https://openalex.org/W4250562434
https://openalex.org/W4251381248
https://openalex.org/W4252342813
https://openalex.org/W4255938021
https://openalex.org/W4280578423
https://openalex.org/W4281651964
https://openalex.org/W4281661030
https://openalex.org/W4281849864
https://openalex.org/W4283070206
https://openalex.org/W4283810828
https://openalex.org/W4285818236
https://openalex.org/W4286470854
https://openalex.org/W4287092411
https://openalex.org/W4287845278
https://openalex.org/W4290039058
https://openalex.org/W4292119923
https://openalex.org/W4292411256
https://openalex.org/W4296960876
https://openalex.org/W4297964815
https://openalex.org/W4307623740
https://openalex.org/W4308421688
https://openalex.org/W4308492314
https://openalex.org/W4308680508
https://openalex.org/W4310249279
https://openalex.org/W4310260822
https://openalex.org/W4310397216
https://openalex.org/W4310670614
https://openalex.org/W4311185863
https://openalex.org/W4312210736
https://openalex.org/W4312636859
https://openalex.org/W4312731046
https://openalex.org/W4313399843
https://openalex.org/W4317242287
https://openalex.org/W4318263406
https://openalex.org/W4318317965
https://openalex.org/W4319228358
https://openalex.org/W4320517207
https://openalex.org/W4322629913
https://openalex.org/W4323363003
https://openalex.org/W4353110667
https://openalex.org/W4360860774
https://openalex.org/W4367693361
https://openalex.org/W4367856574
https://openalex.org/W4377826363
https://openalex.org/W4378473425
https://openalex.org/W4379106346
https://openalex.org/W4380872088
https://openalex.org/W4383374936
https://openalex.org/W652721071
https://openalex.org/W65738479
https://openalex.org/W71246453
https://openalex.org/W889697392
https://openalex.org/W892105334
https://openalex.org/W926634392
https://openalex.org/W104141000
https://openalex.org/W104765169
https://openalex.org/W1067593620
https://openalex.org/W10769236
https://openalex.org/W110363940
https://openalex.org/W112091892
https://openalex.org/W1126835522
https://openalex.org/W1152763683
https://openalex.org/W115747004
https://openalex.org/W129822309
https://openalex.org/W130099214
https://openalex.org/W130480254
https://openalex.org/W132186051
https://openalex.org/W1447050142
https://openalex.org/W1449243197
https://openalex.org/W1475363502
https://openalex.org/W1479969071
https://openalex.org/W1480819097
https://openalex.org/W1483001047
https://openalex.org/W1483408187
https://openalex.org/W1483783957
https://openalex.org/W148922451
https://openalex.org/W1492383124
https://openalex.org/W1492581820
https://openalex.org/W1493694239
https://openalex.org/W1502518657
https://openalex.org/W1510244469
https://openalex.org/W1512371308
https://openalex.org/W1514220484
https://openalex.org/W1522615034
https://openalex.org/W1523280281
https://openalex.org/W1525260027
https://openalex.org/W1525526219
https://openalex.org/W1525705866
https://openalex.org/W1526788158
https://openalex.org/W1534252555
https://openalex.org/W1536980763
https://openalex.org/W1549406183
https://openalex.org/W1550960693
https://openalex.org/W1552782300
https://openalex.org/W1552842814
https://openalex.org/W1553061413
https://openalex.org/W1554149333
https://openalex.org/W1554808262
https://openalex.org/W1558302002
https://openalex.org/W1560959125
https://openalex.org/W1563841603
https://openalex.org/W1566223195
https://openalex.org/W1569714894
https://openalex.org/W1571895658
https://openalex.org/W1572085586
https://openalex.org/W1573622798
https://openalex.org/W1574822094
https://openalex.org/W1578448391
https://openalex.org/W1584484141
https://openalex.org/W1585950348
https://openalex.org/W1587386940
https://openalex.org/W1594217271
https://openalex.org/W1601059978
https://openalex.org/W1603872929
https://openalex.org/W1604005869
https://openalex.org/W1604805342
https://openalex.org/W1613720314
https://openalex.org/W1634783401
https://openalex.org/W1638034424
https://openalex.org/W1644303574
https://openalex.org/W1646943498
https://openalex.org/W1648842551
https://openalex.org/W165545156
https://openalex.org/W1658287214
https://openalex.org/W1662663737
https://openalex.org/W1665925882
https://openalex.org/W1675230075
https://openalex.org/W1676129629
https://openalex.org/W1693232222
https://openalex.org/W1725335643
https://openalex.org/W173069596
https://openalex.org/W1733103660
https://openalex.org/W1737134057
https://openalex.org/W1744539631
https://openalex.org/W1776803028
https://openalex.org/W1787375986
https://openalex.org/W1792140814
https://openalex.org/W1806142681
https://openalex.org/W1809149691
https://openalex.org/W1819582936
https://openalex.org/W1838827934
https://openalex.org/W1838877727
https://openalex.org/W1845832342
https://openalex.org/W1856047215
https://openalex.org/W1858918705
https://openalex.org/W1859536865
https://openalex.org/W1862873020
https://openalex.org/W1866189603
https://openalex.org/W187958633
https://openalex.org/W1897640561
https://openalex.org/W1901311284
https://openalex.org/W1903332864
https://openalex.org/W1903820289
https://openalex.org/W1904530261
https://openalex.org/W1906179298
https://openalex.org/W1914354715
https://openalex.org/W1926929702
https://openalex.org/W1930724371
https://openalex.org/W1930903842
https://openalex.org/W1946590795
https://openalex.org/W1948780535
https://openalex.org/W1954310303
https://openalex.org/W1954507062
https://openalex.org/W1964488001
https://openalex.org/W1964512099
https://openalex.org/W1967338458
https://openalex.org/W1967608095
https://openalex.org/W1968739532
https://openalex.org/W1968816859
https://openalex.org/W1969721424
https://openalex.org/W1972365112
https://openalex.org/W1973980972
https://openalex.org/W1974329371
https://openalex.org/W1974452005
https://openalex.org/W1974833951
https://openalex.org/W1975117277
https://openalex.org/W1975652299
https://openalex.org/W1976528560
https://openalex.org/W1978586381
https://openalex.org/W1978728832
https://openalex.org/W1978835651
https://openalex.org/W1979054027
https://openalex.org/W1979148022
https://openalex.org/W1979237657
https://openalex.org/W1980648835
https://openalex.org/W1981865063
https://openalex.org/W1981882782
https://openalex.org/W1983090283
https://openalex.org/W1983241222
https://openalex.org/W1983664823
https://openalex.org/W1983676286
https://openalex.org/W1984375612
https://openalex.org/W1986843829
https://openalex.org/W1987329014
https://openalex.org/W1987994903
https://openalex.org/W1988363178
https://openalex.org/W1988619944
https://openalex.org/W1989032241
https://openalex.org/W1989869273
https://openalex.org/W1990295288
https://openalex.org/W1990551505
https://openalex.org/W1990605715
https://openalex.org/W1991465808
https://openalex.org/W1992158783
https://openalex.org/W1992681762
https://openalex.org/W1993530948
https://openalex.org/W1994591783
https://openalex.org/W1995231451
https://openalex.org/W1996561517
https://openalex.org/W1996603747
https://openalex.org/W1996733519
https://openalex.org/W1997377670
https://openalex.org/W1998737451
https://openalex.org/W1998832342
https://openalex.org/W1999239922
https://openalex.org/W2000320950
https://openalex.org/W2000926842
https://openalex.org/W2001894196
https://openalex.org/W2002192108
https://openalex.org/W2002316673
https://openalex.org/W2004096093
https://openalex.org/W2004210901
https://openalex.org/W2006616542
https://openalex.org/W2006804880
https://openalex.org/W2007497081
https://openalex.org/W2007812286
https://openalex.org/W2008256342
https://openalex.org/W2008834385
https://openalex.org/W2008994694
https://openalex.org/W2009697241
https://openalex.org/W2010299618
https://openalex.org/W2010437556
https://openalex.org/W2010543717
https://openalex.org/W2011014280
https://openalex.org/W2011388019
https://openalex.org/W2012068253
https://openalex.org/W2012790385
https://openalex.org/W2013110457
https://openalex.org/W2014507529
https://openalex.org/W2014697736
https://openalex.org/W2015496117
https://openalex.org/W2015524536
https://openalex.org/W2016511990
https://openalex.org/W2017676665
https://openalex.org/W2017891116
https://openalex.org/W2019011328
https://openalex.org/W2020084472
https://openalex.org/W2020421006
https://openalex.org/W2021238677
https://openalex.org/W2021651509
https://openalex.org/W2022481171
https://openalex.org/W2022608129
https://openalex.org/W2022860900
https://openalex.org/W2023508285
https://openalex.org/W2024106432
https://openalex.org/W2024465088
https://openalex.org/W2025494561
https://openalex.org/W2026337745
https://openalex.org/W2029386392
https://openalex.org/W2029979615
https://openalex.org/W2030043808
https://openalex.org/W2030512786
https://openalex.org/W2030580558
https://openalex.org/W2033096776
https://openalex.org/W2033985547
https://openalex.org/W2034339670
https://openalex.org/W2035114523
https://openalex.org/W2037416685
https://openalex.org/W2037857737
https://openalex.org/W2037899760
https://openalex.org/W2039663040
https://openalex.org/W2041645508
https://openalex.org/W2041970360
https://openalex.org/W2042868996
https://openalex.org/W2043339540
https://openalex.org/W2043681928
https://openalex.org/W2043824469
https://openalex.org/W2044316867
https://openalex.org/W2044938114
https://openalex.org/W2044972861
https://openalex.org/W2045249624
https://openalex.org/W2045738782
https://openalex.org/W2045825368
https://openalex.org/W2046235186
https://openalex.org/W2048064106
https://openalex.org/W2048231279
https://openalex.org/W2048861709
https://openalex.org/W2049408229
https://openalex.org/W2049963249
https://openalex.org/W2049984199
https://openalex.org/W2050272904
https://openalex.org/W2050278263
https://openalex.org/W2050390170
https://openalex.org/W2050923282
https://openalex.org/W2051278075
https://openalex.org/W2051757670
https://openalex.org/W2052568044
https://openalex.org/W2052880581
https://openalex.org/W2053672936
https://openalex.org/W2055464311
https://openalex.org/W2056461404
https://openalex.org/W2058242417
https://openalex.org/W2058297367
https://openalex.org/W2058813210
https://openalex.org/W2060826363
https://openalex.org/W2061251223
https://openalex.org/W2061316251
https://openalex.org/W2061585016
https://openalex.org/W2061633464
https://openalex.org/W2062727136
https://openalex.org/W2062752405
https://openalex.org/W2062774353
https://openalex.org/W2062813048
https://openalex.org/W2063474374
https://openalex.org/W2064160682
https://openalex.org/W2065297539
https://openalex.org/W2065322198
https://openalex.org/W2065419202
https://openalex.org/W2066493249
https://openalex.org/W2067545651
https://openalex.org/W2068415664
https://openalex.org/W2068541772
https://openalex.org/W2068896497
https://openalex.org/W2069014045
https://openalex.org/W2069195038
https://openalex.org/W2072197903
https://openalex.org/W2072280000
https://openalex.org/W2072963635
https://openalex.org/W2075325565
https://openalex.org/W2075895404
https://openalex.org/W2076726970
https://openalex.org/W2076815434
https://openalex.org/W2077008443
https://openalex.org/W2077551851
https://openalex.org/W2078305098
https://openalex.org/W2080664828
https://openalex.org/W208077391
https://openalex.org/W2081034333
https://openalex.org/W2081173219
https://openalex.org/W2082557971
https://openalex.org/W2083587134
https://openalex.org/W2084095573
https://openalex.org/W2084149671
https://openalex.org/W2084228007
https://openalex.org/W2084653149
https://openalex.org/W2085303307
https://openalex.org/W2085801970
https://openalex.org/W2087438044
https://openalex.org/W2087472925
https://openalex.org/W2087624442
https://openalex.org/W2087749515
https://openalex.org/W2088760160
https://openalex.org/W2089417688
https://openalex.org/W2089572344
https://openalex.org/W2089830147
https://openalex.org/W2090278709
https://openalex.org/W2091108543
https://openalex.org/W2091671549
https://openalex.org/W2091841871
https://openalex.org/W2092144275
https://openalex.org/W2092411284
https://openalex.org/W2094285731
https://openalex.org/W2094857735
https://openalex.org/W2094999282
https://openalex.org/W2095474214
https://openalex.org/W2095534771
https://openalex.org/W2096694543
https://openalex.org/W2099809083
https://openalex.org/W2100505114
https://openalex.org/W2102444893
https://openalex.org/W2103094888
https://openalex.org/W2103950312
https://openalex.org/W2104038601
https://openalex.org/W2104594190
https://openalex.org/W2106793755
https://openalex.org/W2107510329
https://openalex.org/W2108683831
https://openalex.org/W2111610283
https://openalex.org/W2112953427
https://openalex.org/W2113395683
https://openalex.org/W2114848594
https://openalex.org/W2116083861
https://openalex.org/W2116985714
https://openalex.org/W2117643946
https://openalex.org/W2119551642
https://openalex.org/W2119915884
https://openalex.org/W2120594062
https://openalex.org/W2123089838
https://openalex.org/W2128111717
https://openalex.org/W2128989652
https://openalex.org/W2130790910
https://openalex.org/W2132500203
https://openalex.org/W2132827360
https://openalex.org/W2134625110
https://openalex.org/W2134737074
https://openalex.org/W2135208865
https://openalex.org/W2136568914
https://openalex.org/W2138055174
https://openalex.org/W2140195164
https://openalex.org/W2141238344
https://openalex.org/W2141595111
https://openalex.org/W2142831968
https://openalex.org/W2143291558
https://openalex.org/W2143629304
https://openalex.org/W2144156803
https://openalex.org/W2145920691
https://openalex.org/W2146539501
https://openalex.org/W2147824110
https://openalex.org/W2148771308
https://openalex.org/W2149997454
https://openalex.org/W2150372558
https://openalex.org/W2150648742
https://openalex.org/W2150662850
https://openalex.org/W2151086668
https://openalex.org/W2151763464
https://openalex.org/W2152266362
https://openalex.org/W2153335668
https://openalex.org/W2154214000
https://openalex.org/W2156363184
https://openalex.org/W2156511903
https://openalex.org/W2156552288
https://openalex.org/W2156917211
https://openalex.org/W2158907765
https://openalex.org/W2160828686
https://openalex.org/W2161173534
https://openalex.org/W2163473195
https://openalex.org/W2163650957
https://openalex.org/W2164963658
https://openalex.org/W2165742645
https://openalex.org/W2169732987
https://openalex.org/W2171462611
https://openalex.org/W2181148997
https://openalex.org/W2181940365
https://openalex.org/W2182061889
https://openalex.org/W2185301295
https://openalex.org/W2185726604
https://openalex.org/W2186425334
https://openalex.org/W2186696781
https://openalex.org/W2187226831
https://openalex.org/W218745456
https://openalex.org/W2187634705
https://openalex.org/W219740044
https://openalex.org/W2198591409
https://openalex.org/W2198769469
https://openalex.org/W2200703853
https://openalex.org/W2202249404
https://openalex.org/W2215960634
https://openalex.org/W2218493106
https://openalex.org/W2222550825
https://openalex.org/W2223394106
https://openalex.org/W2227605985
https://openalex.org/W2232568452
https://openalex.org/W2239738966
https://openalex.org/W2242504626
https://openalex.org/W2243321961
https://openalex.org/W2245920518
https://openalex.org/W2254842885
https://openalex.org/W2257527283
https://openalex.org/W2263343060
https://openalex.org/W2264219894
https://openalex.org/W2267278784
https://openalex.org/W2269772260
https://openalex.org/W2272695570
https://openalex.org/W2272752640
https://openalex.org/W2279238675
https://openalex.org/W2281092892
https://openalex.org/W2281124117
https://openalex.org/W2283413772
https://openalex.org/W2284544543
https://openalex.org/W2289068653
https://openalex.org/W2289705524
https://openalex.org/W2292131430
https://openalex.org/W2293249109
https://openalex.org/W2293690604
https://openalex.org/W2294373064
https://openalex.org/W2295130551
https://openalex.org/W2295837798
https://openalex.org/W2298204861
https://openalex.org/W2299755831
https://openalex.org/W2301494544
https://openalex.org/W2302572569
https://openalex.org/W2303309329
https://openalex.org/W2312461305
https://openalex.org/W2312691438
https://openalex.org/W2313957028
https://openalex.org/W2314092700
https://openalex.org/W2314454072
https://openalex.org/W2315293919
https://openalex.org/W2315657517
https://openalex.org/W2316023244
https://openalex.org/W2317291402
https://openalex.org/W2318098732
https://openalex.org/W2318437333
https://openalex.org/W2318610370
https://openalex.org/W2318712071
https://openalex.org/W2320311792
https://openalex.org/W2320640726
https://openalex.org/W2321525825
https://openalex.org/W2321681321
https://openalex.org/W2322653868
https://openalex.org/W2323294825
https://openalex.org/W2324180902
https://openalex.org/W2324659813
https://openalex.org/W2325127802
https://openalex.org/W2325457083
https://openalex.org/W2325472684
https://openalex.org/W2325533991
https://openalex.org/W2326469579
https://openalex.org/W2327586328
https://openalex.org/W2328739483
https://openalex.org/W2329184875
https://openalex.org/W2332316161
https://openalex.org/W2332318836
https://openalex.org/W2333179375
https://openalex.org/W2333186583
https://openalex.org/W2333215551
https://openalex.org/W2333687558
https://openalex.org/W2335707681
https://openalex.org/W2335933174
https://openalex.org/W2336617132
https://openalex.org/W2337024487
https://openalex.org/W2337231021
https://openalex.org/W2337333708
https://openalex.org/W2337432261
https://openalex.org/W2337447270
https://openalex.org/W2338209163
https://openalex.org/W2338213528
https://openalex.org/W2339146498
https://openalex.org/W2339204646
https://openalex.org/W2339489216
https://openalex.org/W2339903637
https://openalex.org/W2339944618
https://openalex.org/W2341540689
https://openalex.org/W2344438922
https://openalex.org/W2345497165
https://openalex.org/W2346573935
https://openalex.org/W2347115988
https://openalex.org/W2348242741
https://openalex.org/W2349371296
https://openalex.org/W2349394112
https://openalex.org/W2350094239
https://openalex.org/W2350532590
https://openalex.org/W2351124171
https://openalex.org/W2351386280
https://openalex.org/W2351680134
https://openalex.org/W2352695267
https://openalex.org/W2352916985
https://openalex.org/W2353114732
https://openalex.org/W2353377736
https://openalex.org/W2354502395
https://openalex.org/W2354761885
https://openalex.org/W2355480242
https://openalex.org/W2355920291
https://openalex.org/W2356568377
https://openalex.org/W2356911763
https://openalex.org/W2356958926
https://openalex.org/W2357608753
https://openalex.org/W2359807271
https://openalex.org/W2360569749
https://openalex.org/W2362106964
https://openalex.org/W2363085980
https://openalex.org/W2363135996
https://openalex.org/W2364431213
https://openalex.org/W2366148194
https://openalex.org/W2366596236
https://openalex.org/W2367467195
https://openalex.org/W2367877101
https://openalex.org/W2367894121
https://openalex.org/W2368228467
https://openalex.org/W2369204896
https://openalex.org/W2369453529
https://openalex.org/W2371347963
https://openalex.org/W2372319610
https://openalex.org/W2372549912
https://openalex.org/W2372697097
https://openalex.org/W2373054347
https://openalex.org/W2374085186
https://openalex.org/W2374264954
https://openalex.org/W2374386239
https://openalex.org/W2375849536
https://openalex.org/W2376001217
https://openalex.org/W2376057827
https://openalex.org/W2376287293
https://openalex.org/W2378035628
https://openalex.org/W2378157438
https://openalex.org/W2378172855
https://openalex.org/W2378454310
https://openalex.org/W2379342788
https://openalex.org/W2379350147
https://openalex.org/W2379476922
https://openalex.org/W2379697693
https://openalex.org/W2379733093
https://openalex.org/W2379831856
https://openalex.org/W2380078592
https://openalex.org/W2380147309
https://openalex.org/W2381709680
https://openalex.org/W2381949605
https://openalex.org/W2382757153
https://openalex.org/W2383772613
https://openalex.org/W2384072797
https://openalex.org/W2384944116
https://openalex.org/W2385082422
https://openalex.org/W2386969655
https://openalex.org/W2387160595
https://openalex.org/W2387162080
https://openalex.org/W2387526262
https://openalex.org/W2387964901
https://openalex.org/W2387992288
https://openalex.org/W2388037578
https://openalex.org/W2388509180
https://openalex.org/W2388526329
https://openalex.org/W2388694546
https://openalex.org/W2389576740
https://openalex.org/W2391984268
https://openalex.org/W2392296127
https://openalex.org/W2392321394
https://openalex.org/W2393101229
https://openalex.org/W2393163304
https://openalex.org/W2393185089
https://openalex.org/W2393539048
https://openalex.org/W2393858174
https://openalex.org/W2393874709
https://openalex.org/W2394221160
https://openalex.org/W2394862878
https://openalex.org/W2396674478
https://openalex.org/W2401474882
https://openalex.org/W2402419691
https://openalex.org/W2403271400
https://openalex.org/W2404106725
https://openalex.org/W2407147981
https://openalex.org/W2407525316
https://openalex.org/W2407666532
https://openalex.org/W2408351647
https://openalex.org/W2408664980
https://openalex.org/W2408900967
https://openalex.org/W2409438957
https://openalex.org/W2411471019
https://openalex.org/W2412815544
https://openalex.org/W2413348684
https://openalex.org/W2414249780
https://openalex.org/W2414464287
https://openalex.org/W2415701992
https://openalex.org/W2416526685
https://openalex.org/W2416716622
https://openalex.org/W2416739283
https://openalex.org/W2418001853
https://openalex.org/W2418206159
https://openalex.org/W2418355370
https://openalex.org/W2419788955
https://openalex.org/W2422432966
https://openalex.org/W2426497737
https://openalex.org/W2427739575
https://openalex.org/W2429482012
https://openalex.org/W2429580003
https://openalex.org/W2430755492
https://openalex.org/W2434281918
https://openalex.org/W2436492867
https://openalex.org/W2438536566
https://openalex.org/W2440865506
https://openalex.org/W2441411067
https://openalex.org/W2442164721
https://openalex.org/W2444430701
https://openalex.org/W2463860040
https://openalex.org/W2465164078
https://openalex.org/W2467207421
https://openalex.org/W2469852917
https://openalex.org/W2470426351
https://openalex.org/W2470588968
https://openalex.org/W2473688330
https://openalex.org/W2480668954
https://openalex.org/W2482347169
https://openalex.org/W2482390681
https://openalex.org/W2483789830
https://openalex.org/W2484703394
https://openalex.org/W2486226801
https://openalex.org/W2487118577
https://openalex.org/W2487368273
https://openalex.org/W2488185832
https://openalex.org/W2488676406
https://openalex.org/W248874959
https://openalex.org/W2488769453
https://openalex.org/W2491373715
https://openalex.org/W2492357346
https://openalex.org/W249814669
https://openalex.org/W2500794170
https://openalex.org/W2500814087
https://openalex.org/W2503135474
https://openalex.org/W2507813931
https://openalex.org/W2508479281
https://openalex.org/W2509261074
https://openalex.org/W2510061207
https://openalex.org/W2514630763
https://openalex.org/W2518868644
https://openalex.org/W2519497243
https://openalex.org/W2520574579
https://openalex.org/W2520876286
https://openalex.org/W2520911430
https://openalex.org/W2521535844
https://openalex.org/W2522031370
https://openalex.org/W2527849248
https://openalex.org/W2530155333
https://openalex.org/W2530640914
https://openalex.org/W253076718
https://openalex.org/W2531755310
https://openalex.org/W2535345991
https://openalex.org/W2540583572
https://openalex.org/W2543125033
https://openalex.org/W2544090428
https://openalex.org/W2546175527
https://openalex.org/W2547716135
https://openalex.org/W2548893096
https://openalex.org/W2550375785
https://openalex.org/W2551891098
https://openalex.org/W2556034896
https://openalex.org/W2558352149
https://openalex.org/W2560090585
https://openalex.org/W2560216294
https://openalex.org/W2560602255
https://openalex.org/W2561261385
https://openalex.org/W2563252078
https://openalex.org/W2563285827
https://openalex.org/W2567430061
https://openalex.org/W2570146858
https://openalex.org/W2574405916
https://openalex.org/W2580452010
https://openalex.org/W2582035790
https://openalex.org/W2583371340
https://openalex.org/W2584387894
https://openalex.org/W2586521365
https://openalex.org/W2587740270
https://openalex.org/W2588316012
https://openalex.org/W2588696142
https://openalex.org/W2588812811
https://openalex.org/W2588842524
https://openalex.org/W2588885904
https://openalex.org/W2589441165
https://openalex.org/W2589452667
https://openalex.org/W2589518713
https://openalex.org/W2590146213
https://openalex.org/W2590811718
https://openalex.org/W2592331894
https://openalex.org/W2592405952
https://openalex.org/W2594057356
https://openalex.org/W2594361886
https://openalex.org/W2594909830
https://openalex.org/W2595345398
https://openalex.org/W2596373631
https://openalex.org/W2596549421
https://openalex.org/W2597796804
https://openalex.org/W2598845855
https://openalex.org/W2598907499
https://openalex.org/W2600428553
https://openalex.org/W2600603662
https://openalex.org/W2601296821
https://openalex.org/W2601563748
https://openalex.org/W2601567395
https://openalex.org/W2602027810
https://openalex.org/W2602406892
https://openalex.org/W2602741359
https://openalex.org/W2604933527
https://openalex.org/W2605159457
https://openalex.org/W2605901587
https://openalex.org/W2606066100
https://openalex.org/W2606464676
https://openalex.org/W2606475704
https://openalex.org/W2606591281
https://openalex.org/W2606982010
https://openalex.org/W2607173857
https://openalex.org/W2608176147
https://openalex.org/W2610246367
https://openalex.org/W2610975786
https://openalex.org/W2611107233
https://openalex.org/W2611358222
https://openalex.org/W2612884180
https://openalex.org/W2613074575
https://openalex.org/W2615543705
https://openalex.org/W2618005916
https://openalex.org/W2618451265
https://openalex.org/W2619363419
https://openalex.org/W2619977678
https://openalex.org/W2622540562
https://openalex.org/W2622994742
https://openalex.org/W2623727727
https://openalex.org/W2624045593
https://openalex.org/W2624771571
https://openalex.org/W2624835474
https://openalex.org/W2625830955
https://openalex.org/W2626135355
https://openalex.org/W2626521180
https://openalex.org/W2629928279
https://openalex.org/W2640388225
https://openalex.org/W267270801
https://openalex.org/W2672934083
https://openalex.org/W268713564
https://openalex.org/W2691908756
https://openalex.org/W2728461773
https://openalex.org/W2729791502
https://openalex.org/W2731033643
https://openalex.org/W2734151928
https://openalex.org/W2736986439
https://openalex.org/W2737947489
https://openalex.org/W2741447805
https://openalex.org/W2743115112
https://openalex.org/W2743473750
https://openalex.org/W2744212005
https://openalex.org/W2744565416
https://openalex.org/W2744774866
https://openalex.org/W2744879888
https://openalex.org/W2746979647
https://openalex.org/W2747054179
https://openalex.org/W2747188481
https://openalex.org/W2748420372
https://openalex.org/W2750165683
https://openalex.org/W2751205362
https://openalex.org/W275232014
https://openalex.org/W2752402248
https://openalex.org/W2752453522
https://openalex.org/W2753275827
https://openalex.org/W2753709660
https://openalex.org/W2755751024
https://openalex.org/W2756363709
https://openalex.org/W2756694826
https://openalex.org/W2762745776
https://openalex.org/W2762870207
https://openalex.org/W2762901890
https://openalex.org/W2764279353
https://openalex.org/W2767100230
https://openalex.org/W2767103122
https://openalex.org/W2772846594
https://openalex.org/W2781102907
https://openalex.org/W2781534801
https://openalex.org/W2781871729
https://openalex.org/W2783019598
https://openalex.org/W2785352633
https://openalex.org/W2785367524
https://openalex.org/W2790081688
https://openalex.org/W2790358227
https://openalex.org/W2791127321
https://openalex.org/W2791263253
https://openalex.org/W2791994078
https://openalex.org/W2792031010
https://openalex.org/W2792939543
https://openalex.org/W2792990710
https://openalex.org/W2793115385
https://openalex.org/W2793625781
https://openalex.org/W2793748690
https://openalex.org/W2794044863
https://openalex.org/W2795355477
https://openalex.org/W2795484091
https://openalex.org/W2795518556
https://openalex.org/W2797634518
https://openalex.org/W2800742774
https://openalex.org/W2800841900
https://openalex.org/W2802072332
https://openalex.org/W2803267122
https://openalex.org/W2804598072
https://openalex.org/W2805214194
https://openalex.org/W2805518190
https://openalex.org/W2806099997
https://openalex.org/W2806240783
https://openalex.org/W2806944947
https://openalex.org/W2806989081
https://openalex.org/W2807169110
https://openalex.org/W2807219623
https://openalex.org/W2807532863
https://openalex.org/W2807657743
https://openalex.org/W2808892720
https://openalex.org/W2809567157
https://openalex.org/W2809887302
https://openalex.org/W2810119503
https://openalex.org/W2810987620
https://openalex.org/W2884046320
https://openalex.org/W2884183540
https://openalex.org/W2884741503
https://openalex.org/W2885023375
https://openalex.org/W2885652079
https://openalex.org/W2887196123
https://openalex.org/W2887873874
https://openalex.org/W2888127785
https://openalex.org/W2888165416
https://openalex.org/W2888659408
https://openalex.org/W2888681547
https://openalex.org/W2888775837
https://openalex.org/W2889526150
https://openalex.org/W2889965875
https://openalex.org/W2890309893
https://openalex.org/W2890414837
https://openalex.org/W2890764204
https://openalex.org/W2891645514
https://openalex.org/W2892215364
https://openalex.org/W2893688531
https://openalex.org/W2893893015
https://openalex.org/W2897038533
https://openalex.org/W2897084939
https://openalex.org/W2897119319
https://openalex.org/W2898362910
https://openalex.org/W2898582717
https://openalex.org/W2898849035
https://openalex.org/W2899357212
https://openalex.org/W2899454016
https://openalex.org/W2900660963
https://openalex.org/W2901685295
https://openalex.org/W2902355458
https://openalex.org/W2903325337
https://openalex.org/W2905199662
https://openalex.org/W2905386683
https://openalex.org/W2907986726
https://openalex.org/W2908092692
https://openalex.org/W2908482133
https://openalex.org/W2908657909
https://openalex.org/W2911240578
https://openalex.org/W2911306709
https://openalex.org/W2911911830
https://openalex.org/W2915663509
https://openalex.org/W2916821655
https://openalex.org/W2916923975
https://openalex.org/W291712259
https://openalex.org/W2917521018
https://openalex.org/W2921510696
https://openalex.org/W2924294350
https://openalex.org/W2925167489
https://openalex.org/W2937193866
https://openalex.org/W2938672407
https://openalex.org/W2941584490
https://openalex.org/W2944343491
https://openalex.org/W2944515910
https://openalex.org/W2944694039
https://openalex.org/W2945401669
https://openalex.org/W2945457992
https://openalex.org/W2945953302
https://openalex.org/W2947335006
https://openalex.org/W2947361142
https://openalex.org/W2947705195
https://openalex.org/W2948592888
https://openalex.org/W2950051560
https://openalex.org/W2950451723
https://openalex.org/W2950482605
https://openalex.org/W2950817592
https://openalex.org/W2950989989
https://openalex.org/W2951129276
https://openalex.org/W2952412245
https://openalex.org/W2953666435
https://openalex.org/W2953699990
https://openalex.org/W2953707151
https://openalex.org/W2954053845
https://openalex.org/W2955126535
https://openalex.org/W2955409880
https://openalex.org/W2955762032
https://openalex.org/W2956025224
https://openalex.org/W2957004403
https://openalex.org/W2961335696
https://openalex.org/W2963152759
https://openalex.org/W2965288042
https://openalex.org/W2966090502
https://openalex.org/W2970097937
https://openalex.org/W2970849928
https://openalex.org/W2973163687
https://openalex.org/W2973480282
https://openalex.org/W2973688266
https://openalex.org/W2973700952
https://openalex.org/W2973888957
https://openalex.org/W2974045347
https://openalex.org/W2974070850
https://openalex.org/W2974169184
https://openalex.org/W2974285020
https://openalex.org/W2974389296
https://openalex.org/W2974652786
https://openalex.org/W2976084402
https://openalex.org/W2976306284
https://openalex.org/W2977205248
https://openalex.org/W2977334285
https://openalex.org/W2977453525
https://openalex.org/W2977484591
https://openalex.org/W2977521455
https://openalex.org/W2977607306
https://openalex.org/W2977651620
https://openalex.org/W2978261152
https://openalex.org/W2979873976
https://openalex.org/W2980397905
https://openalex.org/W2980530165
https://openalex.org/W2980589346
https://openalex.org/W2981327319
https://openalex.org/W2983016352
https://openalex.org/W2984241993
https://openalex.org/W2986852238
https://openalex.org/W2986878655
https://openalex.org/W298869874
https://openalex.org/W2988717377
https://openalex.org/W2989119971
https://openalex.org/W2989916966
https://openalex.org/W2990218654
https://openalex.org/W2990232535
https://openalex.org/W2990414295
https://openalex.org/W2991160465
https://openalex.org/W2991288544
https://openalex.org/W2991774340
https://openalex.org/W2992594828
https://openalex.org/W2992846393
https://openalex.org/W2993573461
https://openalex.org/W2994095899
https://openalex.org/W2994185612
https://openalex.org/W2994959705
https://openalex.org/W2995542698
https://openalex.org/W2996356207
https://openalex.org/W2996605696
https://openalex.org/W2999166997
https://openalex.org/W2999260507
https://openalex.org/W2999500669
https://openalex.org/W2999967210
https://openalex.org/W3000614437
https://openalex.org/W3001974124
https://openalex.org/W3002152877
https://openalex.org/W3004036235
https://openalex.org/W3004712240
https://openalex.org/W3006478904
https://openalex.org/W3006848658
https://openalex.org/W3007507983
https://openalex.org/W3008186905
https://openalex.org/W3008468776
https://openalex.org/W3008969114
https://openalex.org/W3009085362
https://openalex.org/W3009838639
https://openalex.org/W3010547898
https://openalex.org/W3010986520
https://openalex.org/W3011274941
https://openalex.org/W3011454244
https://openalex.org/W301232879
https://openalex.org/W3012632057
https://openalex.org/W3012996441
https://openalex.org/W3013238439
https://openalex.org/W3013584644
https://openalex.org/W3014116783
https://openalex.org/W3014480295
https://openalex.org/W3014588557
https://openalex.org/W3016671890
https://openalex.org/W3016915344
https://openalex.org/W3018103082
https://openalex.org/W3018948327
https://openalex.org/W3019574120
https://openalex.org/W3019578624
https://openalex.org/W3019854418
https://openalex.org/W3020234846
https://openalex.org/W3020789936
https://openalex.org/W3020910175
https://openalex.org/W3021030508
https://openalex.org/W3021646776
https://openalex.org/W3022190947
https://openalex.org/W3022234633
https://openalex.org/W3023526035
https://openalex.org/W3023732991
https://openalex.org/W3023916276
https://openalex.org/W3023934406
https://openalex.org/W3024081531
https://openalex.org/W3024228060
https://openalex.org/W3024927503
https://openalex.org/W3025141509
https://openalex.org/W3025301985
https://openalex.org/W3025444471
https://openalex.org/W3025450341
https://openalex.org/W3025555129
https://openalex.org/W3026008281
https://openalex.org/W3026011014
https://openalex.org/W3027168413
https://openalex.org/W3028096555
https://openalex.org/W3028321352
https://openalex.org/W3028717859
https://openalex.org/W3028783477
https://openalex.org/W3028799123
https://openalex.org/W3030063985
https://openalex.org/W3030507202
https://openalex.org/W3030644191
https://openalex.org/W3030810693
https://openalex.org/W3030924185
https://openalex.org/W3031858214
https://openalex.org/W3032249844
https://openalex.org/W3032313745
https://openalex.org/W3032869867
https://openalex.org/W3033225090
https://openalex.org/W3036732171
https://openalex.org/W3038727496
https://openalex.org/W3039225655
https://openalex.org/W3039899073
https://openalex.org/W3040485659
https://openalex.org/W3040766560
https://openalex.org/W3040811129
https://openalex.org/W3041230496
https://openalex.org/W3041367756
https://openalex.org/W3042875165
https://openalex.org/W3042895129
https://openalex.org/W3043874709
https://openalex.org/W3045718147
https://openalex.org/W3048441124
https://openalex.org/W3048506116
https://openalex.org/W3048519980
https://openalex.org/W3048916233
https://openalex.org/W3077367317
https://openalex.org/W3080545573
https://openalex.org/W3081503037
https://openalex.org/W3081820200
https://openalex.org/W3082397443
https://openalex.org/W3083741394
https://openalex.org/W3084048726
https://openalex.org/W3085944850
https://openalex.org/W3087660029
https://openalex.org/W3087800771
https://openalex.org/W3089745563
https://openalex.org/W3091812015
https://openalex.org/W3092800158
https://openalex.org/W3092930941
https://openalex.org/W3093636161
https://openalex.org/W3093949826
https://openalex.org/W3094000920
https://openalex.org/W3094072036
https://openalex.org/W3094246931
https://openalex.org/W3094279638
https://openalex.org/W3094375412
https://openalex.org/W3095510547
https://openalex.org/W3095598670
https://openalex.org/W3096821906
https://openalex.org/W3097072963
https://openalex.org/W3097221096
https://openalex.org/W3097642676
https://openalex.org/W3098881864
https://openalex.org/W3099034778
https://openalex.org/W3101327757
https://openalex.org/W3101903666
https://openalex.org/W3103435494
https://openalex.org/W3103858687
https://openalex.org/W3104462149
https://openalex.org/W3104954210
https://openalex.org/W3105035717
https://openalex.org/W3105724000
https://openalex.org/W3106079683
https://openalex.org/W3107405735
https://openalex.org/W3110058203
https://openalex.org/W3110573504
https://openalex.org/W3111086351
https://openalex.org/W3111236427
https://openalex.org/W3112139612
https://openalex.org/W3113424367
https://openalex.org/W3114217801
https://openalex.org/W3114429745
https://openalex.org/W3115197435
https://openalex.org/W3117101591
https://openalex.org/W3117364165
https://openalex.org/W3118282808
https://openalex.org/W3118619795
https://openalex.org/W3119135156
https://openalex.org/W3119486815
https://openalex.org/W3119660761
https://openalex.org/W311968362
https://openalex.org/W3119793622
https://openalex.org/W3120227610
https://openalex.org/W3120427386
https://openalex.org/W3120841501
https://openalex.org/W3123826646
https://openalex.org/W3123836995
https://openalex.org/W3124004823
https://openalex.org/W3127291531
https://openalex.org/W3128345575
https://openalex.org/W3131210103
https://openalex.org/W3131250274
https://openalex.org/W3131347714
https://openalex.org/W3131605064
https://openalex.org/W3132396314
https://openalex.org/W3133384126
https://openalex.org/W3133459567
https://openalex.org/W3133694711
https://openalex.org/W3134506201
https://openalex.org/W3135573601
https://openalex.org/W3135698777
https://openalex.org/W3137871295
https://openalex.org/W3138329742
https://openalex.org/W3138761281
https://openalex.org/W3142392213
https://openalex.org/W3143980776
https://openalex.org/W3144287007
https://openalex.org/W3144849814
https://openalex.org/W3145759446
https://openalex.org/W3145867358
https://openalex.org/W3146007810
https://openalex.org/W3146891028
https://openalex.org/W3147260067
https://openalex.org/W3149385278
https://openalex.org/W3153689264
https://openalex.org/W3156198151
https://openalex.org/W3157891471
https://openalex.org/W3158199546
https://openalex.org/W3158692025
https://openalex.org/W3159978295
https://openalex.org/W3160561584
https://openalex.org/W3161901567
https://openalex.org/W3163693653
https://openalex.org/W3163697122
https://openalex.org/W3164017834
https://openalex.org/W3164190811
https://openalex.org/W3166141223
https://openalex.org/W3166210713
https://openalex.org/W3167522889
https://openalex.org/W3167639534
https://openalex.org/W3167753984
https://openalex.org/W3168021558
https://openalex.org/W3168422227
https://openalex.org/W3169199925
https://openalex.org/W3169329261
https://openalex.org/W3169581341
https://openalex.org/W3170266704
https://openalex.org/W3170854963
https://openalex.org/W3172661513
https://openalex.org/W3172898848
https://openalex.org/W3174076977
https://openalex.org/W3174508449
https://openalex.org/W3175089426
https://openalex.org/W3175263760
https://openalex.org/W3177137070
https://openalex.org/W3177669022
https://openalex.org/W3178920886
https://openalex.org/W3180060191
https://openalex.org/W3180158088
https://openalex.org/W3181186387
https://openalex.org/W3181791675
https://openalex.org/W3182171838
https://openalex.org/W3182266781
https://openalex.org/W3182893583
https://openalex.org/W3183132933
https://openalex.org/W3184554547
https://openalex.org/W3185271281
https://openalex.org/W3186964124
https://openalex.org/W3187696061
https://openalex.org/W3187848947
https://openalex.org/W3188711418
https://openalex.org/W3188937971
https://openalex.org/W3189548767
https://openalex.org/W3190037878
https://openalex.org/W3190946180
https://openalex.org/W3191313751
https://openalex.org/W3192027843
https://openalex.org/W3192293948
https://openalex.org/W3193144294
https://openalex.org/W3194086274
https://openalex.org/W3194088445
https://openalex.org/W3194509102
https://openalex.org/W3194530007
https://openalex.org/W3195176965
https://openalex.org/W3195456447
https://openalex.org/W3196297420
https://openalex.org/W3196359366
https://openalex.org/W3196670196
https://openalex.org/W3197524374
https://openalex.org/W3197834044
https://openalex.org/W3197914500
https://openalex.org/W3198814569
https://openalex.org/W3199048097
https://openalex.org/W3200482364
https://openalex.org/W3200717331
https://openalex.org/W3201295458
https://openalex.org/W3201320202
https://openalex.org/W3201543645
https://openalex.org/W3201577334
https://openalex.org/W3201945270
https://openalex.org/W3204085713
https://openalex.org/W3204107325
https://openalex.org/W3204666134
https://openalex.org/W3205188458
https://openalex.org/W3205363364
https://openalex.org/W3205767568
https://openalex.org/W3205929268
https://openalex.org/W3206003849
https://openalex.org/W3206163619
https://openalex.org/W3206808645
https://openalex.org/W3208613909
https://openalex.org/W3208892423
https://openalex.org/W3209681109
https://openalex.org/W3210142251
https://openalex.org/W3210289140
https://openalex.org/W3210353461
https://openalex.org/W3210621571
https://openalex.org/W3210676112
https://openalex.org/W3211282269
https://openalex.org/W3211645858
https://openalex.org/W3211922062
https://openalex.org/W3212398509
https://openalex.org/W3212677997
https://openalex.org/W3213351487
https://openalex.org/W3214150962
https://openalex.org/W3214438778
https://openalex.org/W3214736487
https://openalex.org/W3215770807
https://openalex.org/W3216472409
https://openalex.org/W3217796141
https://openalex.org/W33403786
https://openalex.org/W334954954
https://openalex.org/W34650020
https://openalex.org/W350709807
https://openalex.org/W352531367
https://openalex.org/W359599250
https://openalex.org/W363477135
https://openalex.org/W367532628
https://openalex.org/W397271443
https://openalex.org/W398564707
https://openalex.org/W419389790
https://openalex.org/W4205223922
https://openalex.org/W4205572644
https://openalex.org/W4205958168
https://openalex.org/W4206213375
https://openalex.org/W4210701539
https://openalex.org/W4211046369
https://openalex.org/W4211063149
https://openalex.org/W4211066746
https://openalex.org/W4211194489
https://openalex.org/W4213085033
https://openalex.org/W4213288176
https://openalex.org/W4213345812
https://openalex.org/W4213364333
https://openalex.org/W4214765688
https://openalex.org/W4221064299
https://openalex.org/W4221159776
https://openalex.org/W4221167439
https://openalex.org/W4223568940
https://openalex.org/W4225936350
https://openalex.org/W4226144351
https://openalex.org/W4226161475
https://openalex.org/W4226193656
https://openalex.org/W4229335900
https://openalex.org/W4229451830
https://openalex.org/W4229560628
https://openalex.org/W4229609992
https://openalex.org/W4230780857
https://openalex.org/W4230876434
https://openalex.org/W4231164928
https://openalex.org/W4231172806
https://openalex.org/W4232399031
https://openalex.org/W4232629023
https://openalex.org/W4233420777
https://openalex.org/W4233720183
https://openalex.org/W4234112560
https://openalex.org/W4234192351
https://openalex.org/W4234810150
https://openalex.org/W4235768164
https://openalex.org/W4237108691
https://openalex.org/W4237364172
https://openalex.org/W4237822277
https://openalex.org/W4238995093
https://openalex.org/W4239179228
https://openalex.org/W4240079088
https://openalex.org/W4240917329
https://openalex.org/W4241579271
https://openalex.org/W4241879946
https://openalex.org/W4241917478
https://openalex.org/W4242576846
https://openalex.org/W4243866257
https://openalex.org/W4243996497
https://openalex.org/W4243999706
https://openalex.org/W4244603633
https://openalex.org/W4244736525
https://openalex.org/W4244750507
https://openalex.org/W4245479342
https://openalex.org/W4246665637
https://openalex.org/W4246869599
https://openalex.org/W4247618295
https://openalex.org/W4248518195
https://openalex.org/W4249474085
https://openalex.org/W4250085087
https://openalex.org/W4250125019
https://openalex.org/W4250674254
https://openalex.org/W4251039741
https://openalex.org/W4251504935
https://openalex.org/W4251641928
https://openalex.org/W4251876030
https://openalex.org/W4252016035
https://openalex.org/W4253278591
https://openalex.org/W4254080984
https://openalex.org/W4254957733
https://openalex.org/W4255036192
https://openalex.org/W4255318716
https://openalex.org/W4255569355
https://openalex.org/W4280496995
https://openalex.org/W4280644926
https://openalex.org/W4281479477
https://openalex.org/W4281629469
https://openalex.org/W4281730877
https://openalex.org/W4281832366
https://openalex.org/W4282943636
https://openalex.org/W4283033657
https://openalex.org/W4283265800
https://openalex.org/W4283709916
https://openalex.org/W4283731025
https://openalex.org/W4283791840
https://openalex.org/W4283812444
https://openalex.org/W4284898286
https://openalex.org/W4285380290
https://openalex.org/W4285403743
https://openalex.org/W4285528006
https://openalex.org/W4286295793
https://openalex.org/W4286813871
https://openalex.org/W4287555696
https://openalex.org/W4287773756
https://openalex.org/W4288804545
https://openalex.org/W4289024682
https://openalex.org/W4289778880
https://openalex.org/W4290785546
https://openalex.org/W4290964089
https://openalex.org/W4292056557
https://openalex.org/W4292070835
https://openalex.org/W4292534089
https://openalex.org/W4293079492
https://openalex.org/W4293173822
https://openalex.org/W4293249838
https://openalex.org/W4293458822
https://openalex.org/W4294205439
https://openalex.org/W4294363734
https://openalex.org/W4295278528
https://openalex.org/W4295353264
https://openalex.org/W4296397631
https://openalex.org/W4296521565
https://openalex.org/W4296583033
https://openalex.org/W4296583067
https://openalex.org/W4296583085
https://openalex.org/W4296746349
https://openalex.org/W4296750298
https://openalex.org/W4296752078
https://openalex.org/W4296753771
https://openalex.org/W4296755673
https://openalex.org/W4296755718
https://openalex.org/W4296756217
https://openalex.org/W4296756587
https://openalex.org/W4296756687
https://openalex.org/W4296756695
https://openalex.org/W4296756752
https://openalex.org/W4296806762
https://openalex.org/W4297166102
https://openalex.org/W4297256274
https://openalex.org/W4297534138
https://openalex.org/W4297991284
https://openalex.org/W4298125112
https://openalex.org/W4300190150
https://openalex.org/W4300304348
https://openalex.org/W4301886807
https://openalex.org/W4302588505
https://openalex.org/W4306290753
https://openalex.org/W4306320715
https://openalex.org/W4307975533
https://openalex.org/W4308349840
https://openalex.org/W4308687064
https://openalex.org/W4308767901
https://openalex.org/W4309090263
https://openalex.org/W4309198788
https://openalex.org/W4309334841
https://openalex.org/W4309865899
https://openalex.org/W4310076580
https://openalex.org/W4310108462
https://openalex.org/W4310125671
https://openalex.org/W4310163457
https://openalex.org/W4310477421
https://openalex.org/W4310804095
https://openalex.org/W4311286964
https://openalex.org/W4311314865
https://openalex.org/W4311358047
https://openalex.org/W4311671242
https://openalex.org/W4311937507
https://openalex.org/W4311969052
https://openalex.org/W4312039025
https://openalex.org/W4312066279
https://openalex.org/W4312192030
https://openalex.org/W4312242322
https://openalex.org/W4312290059
https://openalex.org/W4312316753
https://openalex.org/W4312341053
https://openalex.org/W4312341239
https://openalex.org/W4312395818
https://openalex.org/W4312475029
https://openalex.org/W4312589760
https://openalex.org/W4312660538
https://openalex.org/W4312662088
https://openalex.org/W4312671977
https://openalex.org/W4312735261
https://openalex.org/W4312815798
https://openalex.org/W4312821406
https://openalex.org/W4312856884
https://openalex.org/W4312878836
https://openalex.org/W4312891688
https://openalex.org/W4312940759
https://openalex.org/W4312950827
https://openalex.org/W4312978525
https://openalex.org/W4313010182
https://openalex.org/W4313010810
https://openalex.org/W4313029823
https://openalex.org/W4313042302
https://openalex.org/W4313116504
https://openalex.org/W4313177397
https://openalex.org/W4313291865
https://openalex.org/W4313483286
https://openalex.org/W4313907284
https://openalex.org/W4315619678
https://openalex.org/W4315651515
https://openalex.org/W4315815258
https://openalex.org/W4316810796
https://openalex.org/W4317840163
https://openalex.org/W4318689659
https://openalex.org/W4319000882
https://openalex.org/W4319067373
https://openalex.org/W4319321855
https://openalex.org/W4319333330
https://openalex.org/W4319927149
https://openalex.org/W4320519871
https://openalex.org/W4320731166
https://openalex.org/W4320903273
https://openalex.org/W4320913712
https://openalex.org/W4321598155
https://openalex.org/W4321607587
https://openalex.org/W4321650014
https://openalex.org/W4322770236
https://openalex.org/W4323039598
https://openalex.org/W4324057601
https://openalex.org/W4353078345
https://openalex.org/W4360843096
https://openalex.org/W4360848684
https://openalex.org/W4360972765
https://openalex.org/W4361002409
https://openalex.org/W4361251959
https://openalex.org/W4361252002
https://openalex.org/W4361252003
https://openalex.org/W4361260094
https://openalex.org/W4361260244
https://openalex.org/W4361265687
https://openalex.org/W4361827028
https://openalex.org/W4361832333
https://openalex.org/W4361839467
https://openalex.org/W4361846825
https://openalex.org/W4361847109
https://openalex.org/W4361847198
https://openalex.org/W4361873121
https://openalex.org/W4361873247
https://openalex.org/W4361873251
https://openalex.org/W4362417913
https://openalex.org/W4362418078
https://openalex.org/W4362458556
https://openalex.org/W4362472239
https://openalex.org/W4362536425
https://openalex.org/W4362568268
https://openalex.org/W4362592356
https://openalex.org/W4362611009
https://openalex.org/W4362613169
https://openalex.org/W4362615452
https://openalex.org/W4362621050
https://openalex.org/W4362625501
https://openalex.org/W4362676490
https://openalex.org/W4366580965
https://openalex.org/W4366689144
https://openalex.org/W4366776514
https://openalex.org/W4366815435
https://openalex.org/W4367365541
https://openalex.org/W4367599541
https://openalex.org/W4367846272
https://openalex.org/W4367846289
https://openalex.org/W4375844583
https://openalex.org/W4376126626
https://openalex.org/W4376131244
https://openalex.org/W4376137482
https://openalex.org/W4376649569
https://openalex.org/W4377016142
https://openalex.org/W4377098835
https://openalex.org/W4377099032
https://openalex.org/W4377695382
https://openalex.org/W4377983907
https://openalex.org/W4378228820
https://openalex.org/W4378229753
https://openalex.org/W4378446040
https://openalex.org/W4378611542
https://openalex.org/W4379094859
https://openalex.org/W4379145118
https://openalex.org/W4379160728
https://openalex.org/W4379191736
https://openalex.org/W4379191775
https://openalex.org/W4379259580
https://openalex.org/W4379338740
https://openalex.org/W4379742302
https://openalex.org/W4379914346
https://openalex.org/W4379930149
https://openalex.org/W4379980290
https://openalex.org/W4380149907
https://openalex.org/W4380185725
https://openalex.org/W4381164814
https://openalex.org/W4381486104
https://openalex.org/W4381490443
https://openalex.org/W4381686227
https://openalex.org/W4381891527
https://openalex.org/W4382201778
https://openalex.org/W4382397500
https://openalex.org/W4382400155
https://openalex.org/W4382657808
https://openalex.org/W4383372085
https://openalex.org/W4383700351
https://openalex.org/W4383897182
https://openalex.org/W4384485904
https://openalex.org/W4384557834
https://openalex.org/W4384817277
https://openalex.org/W4385071592
https://openalex.org/W4385202608
https://openalex.org/W4385276294
https://openalex.org/W4385277657
https://openalex.org/W4385320336
https://openalex.org/W4385442309
https://openalex.org/W4385492655
https://openalex.org/W4385494862
https://openalex.org/W4385620513
https://openalex.org/W4385650229
https://openalex.org/W4385667056
https://openalex.org/W4385680826
https://openalex.org/W4385706326
https://openalex.org/W4385707443
https://openalex.org/W4385761060
https://openalex.org/W4385897485
https://openalex.org/W4385983070
https://openalex.org/W4386011434
https://openalex.org/W4386033640
https://openalex.org/W4386036369
https://openalex.org/W4386054823
https://openalex.org/W4386141832
https://openalex.org/W4386231059
https://openalex.org/W4386252124
https://openalex.org/W4386293101
https://openalex.org/W4386327798
https://openalex.org/W4386503973
https://openalex.org/W4386512736
https://openalex.org/W4386522883
https://openalex.org/W4386559239
https://openalex.org/W4386568359
https://openalex.org/W4386704287
https://openalex.org/W4386729069
https://openalex.org/W4386817674
https://openalex.org/W4386857406
https://openalex.org/W4386878004
https://openalex.org/W4386988486
https://openalex.org/W4386988746
https://openalex.org/W4387057778
https://openalex.org/W51214075
https://openalex.org/W53247368
https://openalex.org/W571555828
https://openalex.org/W579899087
https://openalex.org/W594024994
https://openalex.org/W594153807
https://openalex.org/W601892441
https://openalex.org/W60811801
https://openalex.org/W609774032
https://openalex.org/W61076511
https://openalex.org/W61238943
https://openalex.org/W612982345
https://openalex.org/W621519503
https://openalex.org/W629943565
https://openalex.org/W644025513
https://openalex.org/W645005145
https://openalex.org/W645361641
https://openalex.org/W645464908
https://openalex.org/W653983523
https://openalex.org/W655013189
https://openalex.org/W66729068
https://openalex.org/W76241746
https://openalex.org/W766553865
https://openalex.org/W784761020
https://openalex.org/W786999427
https://openalex.org/W787272446
https://openalex.org/W79313670
https://openalex.org/W810846807
https://openalex.org/W828465107
https://openalex.org/W838843737
https://openalex.org/W84644691
https://openalex.org/W889649401
https://openalex.org/W90497644
https://openalex.org/W913477751
https://openalex.org/W93120215
https://openalex.org/W957859098
https://openalex.org/W959130435
https://openalex.org/W990547158
https://openalex.org/W99380037
