.
https://openalex.org/W1974975401
https://openalex.org/W1555181274
https://openalex.org/W2108276595
https://openalex.org/W202036063
https://openalex.org/W2102597691
https://openalex.org/W2022202389
https://openalex.org/W2132851971
https://openalex.org/W2945936594
https://openalex.org/W2055043956
https://openalex.org/W1966243494
https://openalex.org/W1999845971
https://openalex.org/W3110395203
https://openalex.org/W2586263334
https://openalex.org/W2041901636
https://openalex.org/W2075519239
https://openalex.org/W1974275241
https://openalex.org/W2742988784
https://openalex.org/W2041906307
https://openalex.org/W2132490897
https://openalex.org/W3024988167
https://openalex.org/W2558190825
https://openalex.org/W2599020891
https://openalex.org/W3010275820
https://openalex.org/W3097757673
https://openalex.org/W2964701861
https://openalex.org/W3005086622
https://openalex.org/W4211183255
https://openalex.org/W4221112141
https://openalex.org/W4221020249
https://openalex.org/W4306148649
https://openalex.org/W4210458650
https://openalex.org/W4386700880
https://openalex.org/W2037053046
https://openalex.org/W2039987972
https://openalex.org/W2056961960
https://openalex.org/W2073792957
https://openalex.org/W2148316715
https://openalex.org/W2088903622
https://openalex.org/W2016905134
https://openalex.org/W1983513589
https://openalex.org/W2026039474
https://openalex.org/W1994198706
https://openalex.org/W2005487947
https://openalex.org/W2052799735
https://openalex.org/W2076034521
https://openalex.org/W2083225806
https://openalex.org/W2050599955
https://openalex.org/W2124045267
https://openalex.org/W1927421238
https://openalex.org/W2133994616
https://openalex.org/W2055403175
https://openalex.org/W2179430089
https://openalex.org/W2034983737
https://openalex.org/W2014064141
https://openalex.org/W2016619399
https://openalex.org/W2157762106
https://openalex.org/W2141390092
https://openalex.org/W1988785595
https://openalex.org/W2002776118
https://openalex.org/W2118984712
https://openalex.org/W4236756907
https://openalex.org/W2009687364
https://openalex.org/W2028971364
https://openalex.org/W1994202435
https://openalex.org/W2171706415
https://openalex.org/W2091055010
https://openalex.org/W2164019795
https://openalex.org/W1968490932
https://openalex.org/W2045364112
https://openalex.org/W1980638765
https://openalex.org/W2078647362
https://openalex.org/W2195297884
https://openalex.org/W2017042373
https://openalex.org/W2117322334
https://openalex.org/W1900732308
https://openalex.org/W2331925949
https://openalex.org/W2807058705
https://openalex.org/W2009561328
https://openalex.org/W2000679499
https://openalex.org/W2259761433
https://openalex.org/W2117472918
https://openalex.org/W2039223030
https://openalex.org/W2140021815
https://openalex.org/W1991787008
https://openalex.org/W1987269072
https://openalex.org/W2990337094
https://openalex.org/W2479919112
https://openalex.org/W1973523740
https://openalex.org/W2162670072
https://openalex.org/W2137576580
https://openalex.org/W2782081368
https://openalex.org/W2070650964
https://openalex.org/W2971367601
https://openalex.org/W1891524839
https://openalex.org/W2093478968
https://openalex.org/W2883311600
https://openalex.org/W3005244410
https://openalex.org/W2763328648
https://openalex.org/W2916341463
https://openalex.org/W2567379423
https://openalex.org/W2332879960
https://openalex.org/W3027174687
https://openalex.org/W2770394506
https://openalex.org/W2340669800
https://openalex.org/W2728497526
https://openalex.org/W2810060292
https://openalex.org/W2795330130
https://openalex.org/W2898441006
https://openalex.org/W3007880491
https://openalex.org/W2801599732
https://openalex.org/W2971205600
https://openalex.org/W2912064798
https://openalex.org/W2921484675
https://openalex.org/W3108030119
https://openalex.org/W3084365160
https://openalex.org/W3120990888
https://openalex.org/W3198442091
https://openalex.org/W3127376650
https://openalex.org/W3169623473
https://openalex.org/W3135515469
https://openalex.org/W3204348481
https://openalex.org/W4226017750
https://openalex.org/W3206165360
https://openalex.org/W4313244863
https://openalex.org/W4200324849
https://openalex.org/W3211224376
https://openalex.org/W4223540744
https://openalex.org/W4288809972
https://openalex.org/W4309425362
https://openalex.org/W4362472837
https://openalex.org/W4313379841
https://openalex.org/W4384701144
https://openalex.org/W4321205914
https://openalex.org/W4388668062
https://openalex.org/W4389719420
https://openalex.org/W4390837818
https://openalex.org/W4390989156
https://openalex.org/W2005734287
https://openalex.org/W2087397318
https://openalex.org/W1987967938
https://openalex.org/W1964252495
https://openalex.org/W2396253475
https://openalex.org/W2045385677
https://openalex.org/W2158143653
https://openalex.org/W2033884679
https://openalex.org/W2097921945
https://openalex.org/W2107798282
https://openalex.org/W2140652267
https://openalex.org/W2085677815
https://openalex.org/W2149457007
https://openalex.org/W2085087826
https://openalex.org/W2072421349
https://openalex.org/W2166201103
https://openalex.org/W2734380855
https://openalex.org/W2023401988
https://openalex.org/W2088240609
https://openalex.org/W2085380457
https://openalex.org/W2086254970
https://openalex.org/W2132909671
https://openalex.org/W2125607336
https://openalex.org/W2154099752
https://openalex.org/W1565767380
https://openalex.org/W2043061297
https://openalex.org/W2041433089
https://openalex.org/W2065331737
https://openalex.org/W2100371493
https://openalex.org/W4240669682
https://openalex.org/W2019432402
https://openalex.org/W2066819732
https://openalex.org/W2134384514
https://openalex.org/W2069630818
https://openalex.org/W2003062587
https://openalex.org/W2002950200
https://openalex.org/W2087105712
https://openalex.org/W2127599682
https://openalex.org/W2052884397
https://openalex.org/W2085487943
https://openalex.org/W1757949644
https://openalex.org/W2164362094
https://openalex.org/W2150780123
https://openalex.org/W2156978903
https://openalex.org/W2058576569
https://openalex.org/W1999789259
https://openalex.org/W2049362859
https://openalex.org/W2149391278
https://openalex.org/W2265261560
https://openalex.org/W2127367832
https://openalex.org/W2011601126
https://openalex.org/W2073580285
https://openalex.org/W2020748687
https://openalex.org/W2060041250
https://openalex.org/W2071881885
https://openalex.org/W2209618509
https://openalex.org/W2010636907
https://openalex.org/W2057050050
https://openalex.org/W1963711935
https://openalex.org/W2555644144
https://openalex.org/W2621704750
https://openalex.org/W2473856042
https://openalex.org/W2004179976
https://openalex.org/W2807752849
https://openalex.org/W2018857761
https://openalex.org/W2552232128
https://openalex.org/W2090656275
https://openalex.org/W2568093967
https://openalex.org/W2558193118
https://openalex.org/W2555718832
https://openalex.org/W2965073929
https://openalex.org/W2340333472
https://openalex.org/W2340476989
https://openalex.org/W2914937671
https://openalex.org/W2954538386
https://openalex.org/W2972534590
https://openalex.org/W3026499341
https://openalex.org/W2972179619
https://openalex.org/W3036718049
https://openalex.org/W3101450390
https://openalex.org/W3106213666
https://openalex.org/W3108151137
https://openalex.org/W3160277039
https://openalex.org/W3184631257
https://openalex.org/W3137939138
https://openalex.org/W4210939139
https://openalex.org/W4320723595
https://openalex.org/W4311906769
https://openalex.org/W4378894143
https://openalex.org/W4391090786
https://openalex.org/W4391135315
https://openalex.org/W4392671460
https://openalex.org/W1968242845
https://openalex.org/W2070558188
https://openalex.org/W1978311772
https://openalex.org/W1986402376
https://openalex.org/W2019875816
https://openalex.org/W1591705918
https://openalex.org/W2169310464
https://openalex.org/W2083033448
https://openalex.org/W2046998007
https://openalex.org/W2073828800
https://openalex.org/W2175536586
https://openalex.org/W2063145367
https://openalex.org/W1969311161
https://openalex.org/W1983518220
https://openalex.org/W2042115516
https://openalex.org/W1973425251
https://openalex.org/W1964788762
https://openalex.org/W2135597113
https://openalex.org/W2236539983
https://openalex.org/W2121261576
https://openalex.org/W2319033202
https://openalex.org/W2087604981
https://openalex.org/W2015847051
https://openalex.org/W2416902891
https://openalex.org/W1981837772
https://openalex.org/W2041575692
https://openalex.org/W2041612032
https://openalex.org/W2133099495
https://openalex.org/W1982960841
https://openalex.org/W2084881315
https://openalex.org/W1967328417
https://openalex.org/W2075423069
https://openalex.org/W1996514192
https://openalex.org/W2014526593
https://openalex.org/W2039861067
https://openalex.org/W2053435898
https://openalex.org/W2102143496
https://openalex.org/W2054386984
https://openalex.org/W2104662652
https://openalex.org/W2001027611
https://openalex.org/W2000665055
https://openalex.org/W1974700476
https://openalex.org/W2027898646
https://openalex.org/W2074652926
https://openalex.org/W2092361032
https://openalex.org/W1997907576
https://openalex.org/W2027719883
https://openalex.org/W2074259108
https://openalex.org/W2094278351
https://openalex.org/W2000755854
https://openalex.org/W2061483724
https://openalex.org/W2140323067
https://openalex.org/W2009946961
https://openalex.org/W2053754713
https://openalex.org/W2110041996
https://openalex.org/W1968233441
https://openalex.org/W2065539992
https://openalex.org/W2077893909
https://openalex.org/W2116543585
https://openalex.org/W2115188769
https://openalex.org/W2029035266
https://openalex.org/W1995224049
https://openalex.org/W2612222508
https://openalex.org/W2781723960
https://openalex.org/W2794076547
https://openalex.org/W2800731374
https://openalex.org/W2176866558
https://openalex.org/W2208467301
https://openalex.org/W2908624169
https://openalex.org/W2899726728
https://openalex.org/W2915751125
https://openalex.org/W2944780874
https://openalex.org/W2995975379
https://openalex.org/W3045086570
https://openalex.org/W3090531116
https://openalex.org/W2980590323
https://openalex.org/W3107458056
https://openalex.org/W3037843130
https://openalex.org/W2994852536
https://openalex.org/W3177171008
https://openalex.org/W3121864992
https://openalex.org/W3169273587
https://openalex.org/W3122355653
https://openalex.org/W3122640303
https://openalex.org/W3111434818
https://openalex.org/W4225371183
https://openalex.org/W4313681119
https://openalex.org/W4317629728
https://openalex.org/W4383531602
https://openalex.org/W4386595679
https://openalex.org/W2005978179
https://openalex.org/W2118255231
https://openalex.org/W2147519354
https://openalex.org/W4245149453
https://openalex.org/W2007753008
https://openalex.org/W2160758346
https://openalex.org/W2024189791
https://openalex.org/W2128022817
https://openalex.org/W2005375207
https://openalex.org/W2114228368
https://openalex.org/W2147007222
https://openalex.org/W2069411324
https://openalex.org/W2079151671
https://openalex.org/W123089018
https://openalex.org/W2047823997
https://openalex.org/W2063337405
https://openalex.org/W1856570912
https://openalex.org/W1968820944
https://openalex.org/W2084034554
https://openalex.org/W2019598639
https://openalex.org/W2043616798
https://openalex.org/W2051890692
https://openalex.org/W2057659215
https://openalex.org/W2225527880
https://openalex.org/W2058594824
https://openalex.org/W2156856203
https://openalex.org/W1600107138
https://openalex.org/W1972522095
https://openalex.org/W2097246043
https://openalex.org/W1985177350
https://openalex.org/W1999852385
https://openalex.org/W2088941418
https://openalex.org/W2079749931
https://openalex.org/W2128043559
https://openalex.org/W2098281080
https://openalex.org/W2151952139
https://openalex.org/W2013899675
https://openalex.org/W2046052487
https://openalex.org/W2072234701
https://openalex.org/W2036972099
https://openalex.org/W2051462223
https://openalex.org/W2000916374
https://openalex.org/W2099042508
https://openalex.org/W1974125169
https://openalex.org/W1986823263
https://openalex.org/W1988811403
https://openalex.org/W2099620811
https://openalex.org/W2109519946
https://openalex.org/W2121773701
https://openalex.org/W2159484474
https://openalex.org/W2731382363
https://openalex.org/W2028086826
https://openalex.org/W2129195236
https://openalex.org/W2133851886
https://openalex.org/W2164601029
https://openalex.org/W1934803339
https://openalex.org/W2023870030
https://openalex.org/W2156469370
https://openalex.org/W2166559715
https://openalex.org/W2009641609
https://openalex.org/W2155918528
https://openalex.org/W2408895810
https://openalex.org/W2619330677
https://openalex.org/W2216636770
https://openalex.org/W2252386575
https://openalex.org/W2775873017
https://openalex.org/W2280179861
https://openalex.org/W2302056398
https://openalex.org/W2517873952
https://openalex.org/W2963066987
https://openalex.org/W2753471300
https://openalex.org/W2969547321
https://openalex.org/W2970987963
https://openalex.org/W2974889503
https://openalex.org/W2951983046
https://openalex.org/W3046931341
https://openalex.org/W3006369641
https://openalex.org/W3011338154
https://openalex.org/W2986701180
https://openalex.org/W3083093394
https://openalex.org/W3121359384
https://openalex.org/W3175729653
https://openalex.org/W4205228470
https://openalex.org/W4224235457
https://openalex.org/W4212835999
https://openalex.org/W4220763658
https://openalex.org/W4224284512
https://openalex.org/W4285807374
https://openalex.org/W4317107645
https://openalex.org/W4318587952
https://openalex.org/W4319769805
https://openalex.org/W4323047179
https://openalex.org/W4327676484
https://openalex.org/W4378716409
https://openalex.org/W4379473464
https://openalex.org/W4385294443
https://openalex.org/W4386914330
https://openalex.org/W2117118452
https://openalex.org/W2152044154
https://openalex.org/W1534293682
https://openalex.org/W2031248897
https://openalex.org/W2159714104
https://openalex.org/W1988532475
https://openalex.org/W2025468796
https://openalex.org/W2166876021
https://openalex.org/W1968701036
https://openalex.org/W1971227703
https://openalex.org/W2126145306
https://openalex.org/W2053140020
https://openalex.org/W2045514080
https://openalex.org/W2092164769
https://openalex.org/W2061065119
https://openalex.org/W1997006108
https://openalex.org/W2010869090
https://openalex.org/W2016942958
https://openalex.org/W1992704130
https://openalex.org/W2033751495
https://openalex.org/W2057133543
https://openalex.org/W2164163564
https://openalex.org/W2170318833
https://openalex.org/W2230530061
https://openalex.org/W2016383027
https://openalex.org/W2045209934
https://openalex.org/W2111351331
https://openalex.org/W2148619239
https://openalex.org/W2075452324
https://openalex.org/W2135886487
https://openalex.org/W2035359571
https://openalex.org/W2010729752
https://openalex.org/W2060552146
https://openalex.org/W2158030865
https://openalex.org/W1973214883
https://openalex.org/W1993915129
https://openalex.org/W2039156765
https://openalex.org/W4292253754
https://openalex.org/W1964991224
https://openalex.org/W1982333521
https://openalex.org/W2048380848
https://openalex.org/W2107178829
https://openalex.org/W2009118839
https://openalex.org/W2414470098
https://openalex.org/W1532592679
https://openalex.org/W2037737085
https://openalex.org/W2054260245
https://openalex.org/W2077469939
https://openalex.org/W2769187480
https://openalex.org/W1968966083
https://openalex.org/W2022487907
https://openalex.org/W2547037925
https://openalex.org/W2592354031
https://openalex.org/W2750281062
https://openalex.org/W2777689749
https://openalex.org/W2804810112
https://openalex.org/W2061765983
https://openalex.org/W2200507448
https://openalex.org/W2346436617
https://openalex.org/W2626317055
https://openalex.org/W2789871701
https://openalex.org/W2895098457
https://openalex.org/W2037021668
https://openalex.org/W2387896859
https://openalex.org/W2759825827
https://openalex.org/W2883201855
https://openalex.org/W2569868427
https://openalex.org/W2725643579
https://openalex.org/W2765135324
https://openalex.org/W2801251576
https://openalex.org/W2891377358
https://openalex.org/W2508671474
https://openalex.org/W2548251796
https://openalex.org/W2909729392
https://openalex.org/W2922097932
https://openalex.org/W2904284581
https://openalex.org/W2947062214
https://openalex.org/W2930601680
https://openalex.org/W2984273550
https://openalex.org/W3030736188
https://openalex.org/W3012034346
https://openalex.org/W3013547636
https://openalex.org/W3102469858
https://openalex.org/W3126650522
https://openalex.org/W3130009755
https://openalex.org/W3147995407
https://openalex.org/W3157091933
https://openalex.org/W3186680158
https://openalex.org/W4200080270
https://openalex.org/W3105824831
https://openalex.org/W3175757529
https://openalex.org/W4200301149
https://openalex.org/W4280543398
https://openalex.org/W4281679756
https://openalex.org/W4309462457
https://openalex.org/W4320482348
https://openalex.org/W4362672631
https://openalex.org/W4378220466
https://openalex.org/W4388459129
https://openalex.org/W2951844943
https://openalex.org/W298013408
https://openalex.org/W2036401939
https://openalex.org/W2062439425
https://openalex.org/W2107364505
https://openalex.org/W1967435909
https://openalex.org/W2006149930
https://openalex.org/W2436768281
https://openalex.org/W2173328816
https://openalex.org/W1986173377
https://openalex.org/W2107018169
https://openalex.org/W2139886030
https://openalex.org/W44418991
https://openalex.org/W2413441270
https://openalex.org/W2071205362
https://openalex.org/W1977215504
https://openalex.org/W1982935081
https://openalex.org/W2138305002
https://openalex.org/W2008639265
https://openalex.org/W2064057268
https://openalex.org/W2137025420
https://openalex.org/W1997566515
https://openalex.org/W2159448371
https://openalex.org/W1970123360
https://openalex.org/W2073503427
https://openalex.org/W1976888102
https://openalex.org/W2072489534
https://openalex.org/W2112251505
https://openalex.org/W1993700729
https://openalex.org/W1991377814
https://openalex.org/W2085279185
https://openalex.org/W2089718797
https://openalex.org/W1968125482
https://openalex.org/W2084644488
https://openalex.org/W2165603889
https://openalex.org/W1856737552
https://openalex.org/W2057988009
https://openalex.org/W2080902800
https://openalex.org/W2316438868
https://openalex.org/W1549121411
https://openalex.org/W1986864185
https://openalex.org/W2096266141
https://openalex.org/W112146291
https://openalex.org/W1554003192
https://openalex.org/W2006075129
https://openalex.org/W2116538730
https://openalex.org/W2220265733
https://openalex.org/W2586508885
https://openalex.org/W2889230290
https://openalex.org/W2270361244
https://openalex.org/W2781861162
https://openalex.org/W2883465231
https://openalex.org/W2276101214
https://openalex.org/W2896860555
https://openalex.org/W2907848084
https://openalex.org/W2998982568
https://openalex.org/W2944473142
https://openalex.org/W2980751291
https://openalex.org/W2980872166
https://openalex.org/W2894309077
https://openalex.org/W3112334141
https://openalex.org/W3035151605
https://openalex.org/W3045248921
https://openalex.org/W3083821209
https://openalex.org/W3085356046
https://openalex.org/W3087018131
https://openalex.org/W3118464984
https://openalex.org/W3123921005
https://openalex.org/W4210856440
https://openalex.org/W4223487622
https://openalex.org/W4310533748
https://openalex.org/W4207022767
https://openalex.org/W4280594912
https://openalex.org/W4293457919
https://openalex.org/W4312159853
https://openalex.org/W4361000179
https://openalex.org/W4367671487
https://openalex.org/W4384277040
https://openalex.org/W4385242258
https://openalex.org/W4385802942
https://openalex.org/W4385980430
https://openalex.org/W4387965276
https://openalex.org/W4388026512
https://openalex.org/W2077699316
https://openalex.org/W2139068691
https://openalex.org/W128831669
https://openalex.org/W2007590265
https://openalex.org/W1985852293
https://openalex.org/W2014202299
https://openalex.org/W2091797123
https://openalex.org/W1995945408
https://openalex.org/W2405901194
https://openalex.org/W2049617005
https://openalex.org/W2034983116
https://openalex.org/W2010659952
https://openalex.org/W2089446306
https://openalex.org/W1991133114
https://openalex.org/W2045930341
https://openalex.org/W2114969006
https://openalex.org/W2004874443
https://openalex.org/W2015422029
https://openalex.org/W2063323810
https://openalex.org/W2016085046
https://openalex.org/W2104813163
https://openalex.org/W2145886903
https://openalex.org/W1985717647
https://openalex.org/W2011795331
https://openalex.org/W2114211608
https://openalex.org/W2124031265
https://openalex.org/W2168040540
https://openalex.org/W2209213038
https://openalex.org/W1957308306
https://openalex.org/W2001987512
https://openalex.org/W2023366326
https://openalex.org/W2050404693
https://openalex.org/W2061872844
https://openalex.org/W2164035969
https://openalex.org/W1515449600
https://openalex.org/W1972235905
https://openalex.org/W1979750429
https://openalex.org/W1998224171
https://openalex.org/W2036927358
https://openalex.org/W2071433293
https://openalex.org/W2152394965
https://openalex.org/W1960677498
https://openalex.org/W1963829599
https://openalex.org/W2098038843
https://openalex.org/W2124037118
https://openalex.org/W2153707980
https://openalex.org/W1970197807
https://openalex.org/W2005208906
https://openalex.org/W2031262853
https://openalex.org/W2123497461
https://openalex.org/W1953001574
https://openalex.org/W2067367515
https://openalex.org/W2088954414
https://openalex.org/W2143174274
https://openalex.org/W2583246209
https://openalex.org/W2036441374
https://openalex.org/W2080993081
https://openalex.org/W2336463656
https://openalex.org/W2765650371
https://openalex.org/W2769514513
https://openalex.org/W2802114136
https://openalex.org/W1929423342
https://openalex.org/W2769302742
https://openalex.org/W2888974467
https://openalex.org/W766222058
https://openalex.org/W2317802191
https://openalex.org/W2889435856
https://openalex.org/W2972288479
https://openalex.org/W2805217614
https://openalex.org/W2909128531
https://openalex.org/W2991203088
https://openalex.org/W3033330454
https://openalex.org/W3080476376
https://openalex.org/W2981223466
https://openalex.org/W3008581549
https://openalex.org/W3083468320
https://openalex.org/W3111659863
https://openalex.org/W3007851105
https://openalex.org/W3015933772
https://openalex.org/W3188404162
https://openalex.org/W3207841409
https://openalex.org/W3208120311
https://openalex.org/W3214629472
https://openalex.org/W3115952744
https://openalex.org/W3118474890
https://openalex.org/W3134040900
https://openalex.org/W3197400575
https://openalex.org/W4206349947
https://openalex.org/W4220917982
https://openalex.org/W4223421678
https://openalex.org/W4223458006
https://openalex.org/W4226198338
https://openalex.org/W4280627606
https://openalex.org/W4281756586
https://openalex.org/W4311504637
https://openalex.org/W4386347474
https://openalex.org/W4388011841
https://openalex.org/W4388290123
https://openalex.org/W4389281978
https://openalex.org/W4389550220
https://openalex.org/W4389670444
https://openalex.org/W4390619693
https://openalex.org/W4390674816
https://openalex.org/W4390686672
https://openalex.org/W4390726823
https://openalex.org/W4390949839
https://openalex.org/W4391157137
https://openalex.org/W4391244187
https://openalex.org/W4391337282
https://openalex.org/W4391345021
https://openalex.org/W4391345028
https://openalex.org/W4391491831
https://openalex.org/W4391512748
https://openalex.org/W4391533366
https://openalex.org/W4391594142
https://openalex.org/W4391689427
https://openalex.org/W4391954045
https://openalex.org/W4391982777
https://openalex.org/W4392017053
https://openalex.org/W4392077034
https://openalex.org/W4392111371
https://openalex.org/W4392119269
https://openalex.org/W4392200295
https://openalex.org/W4392237927
https://openalex.org/W4392301350
https://openalex.org/W4392348276
https://openalex.org/W4392350768
https://openalex.org/W4392438441
https://openalex.org/W4392455869
https://openalex.org/W4392505955
https://openalex.org/W4392582670
https://openalex.org/W4392649065
https://openalex.org/W4392682274
https://openalex.org/W4392883321
https://openalex.org/W4392926875
https://openalex.org/W4392935371
https://openalex.org/W4393143842
https://openalex.org/W4393154013
https://openalex.org/W4393155523
https://openalex.org/W4393166230
https://openalex.org/W4393385059
https://openalex.org/W4393854821
https://openalex.org/W4393861219
https://openalex.org/W4393865144
https://openalex.org/W4393991293
https://openalex.org/W4394015305
https://openalex.org/W4394654841
https://openalex.org/W4394684511
https://openalex.org/W4394715710
https://openalex.org/W4394768879
https://openalex.org/W4394787906
https://openalex.org/W4394884711
https://openalex.org/W4394995756
https://openalex.org/W4395020760
https://openalex.org/W4395033456
https://openalex.org/W4395082681
https://openalex.org/W4395082980
https://openalex.org/W4395661520
https://openalex.org/W4395668732
https://openalex.org/W4396227095
https://openalex.org/W4396239313
https://openalex.org/W4396501111
https://openalex.org/W4396517054
https://openalex.org/W1597800389
https://openalex.org/W2072710063
https://openalex.org/W2091280135
https://openalex.org/W2005115133
https://openalex.org/W2063860875
https://openalex.org/W2122972712
https://openalex.org/W1520562943
https://openalex.org/W1965686210
https://openalex.org/W1971986721
https://openalex.org/W1976321460
https://openalex.org/W1965979830
https://openalex.org/W2009231820
https://openalex.org/W1973083199
https://openalex.org/W2040059081
https://openalex.org/W2059857434
https://openalex.org/W2155857382
https://openalex.org/W2032681171
https://openalex.org/W2053356439
https://openalex.org/W2137350953
https://openalex.org/W2055479173
https://openalex.org/W2129749101
https://openalex.org/W4323238479
https://openalex.org/W2079963324
https://openalex.org/W1975118434
https://openalex.org/W2020503626
https://openalex.org/W2082098888
https://openalex.org/W2084360958
https://openalex.org/W2128179122
https://openalex.org/W2069919358
https://openalex.org/W2080990696
https://openalex.org/W2161520671
https://openalex.org/W1953639028
https://openalex.org/W1982487032
https://openalex.org/W1988663692
https://openalex.org/W1992859497
https://openalex.org/W2116825121
https://openalex.org/W2124355319
https://openalex.org/W2093791140
https://openalex.org/W313245505
https://openalex.org/W1983846790
https://openalex.org/W1985501125
https://openalex.org/W2014886160
https://openalex.org/W2060243299
https://openalex.org/W2086723585
https://openalex.org/W2147198615
https://openalex.org/W1980703996
https://openalex.org/W2059110600
https://openalex.org/W2060901812
https://openalex.org/W2580667639
https://openalex.org/W940692034
https://openalex.org/W1597095997
https://openalex.org/W2508009522
https://openalex.org/W2537418056
https://openalex.org/W2576768408
https://openalex.org/W2613332463
https://openalex.org/W2741593473
https://openalex.org/W2903248185
https://openalex.org/W2021848118
https://openalex.org/W2340490909
https://openalex.org/W2511493124
https://openalex.org/W2563432182
https://openalex.org/W2771720570
https://openalex.org/W2895064391
https://openalex.org/W2932832435
https://openalex.org/W2949753272
https://openalex.org/W2967952643
https://openalex.org/W2901032890
https://openalex.org/W2921728829
https://openalex.org/W2986364907
https://openalex.org/W2981579210
https://openalex.org/W3094299585
https://openalex.org/W3134123286
https://openalex.org/W3134395527
https://openalex.org/W3198696574
https://openalex.org/W3203832498
https://openalex.org/W3205187712
https://openalex.org/W3205345076
https://openalex.org/W3217075531
https://openalex.org/W3217190634
https://openalex.org/W4296309249
https://openalex.org/W4313397434
https://openalex.org/W4313908377
https://openalex.org/W4315472700
https://openalex.org/W4317809201
https://openalex.org/W4318475742
https://openalex.org/W4319876717
https://openalex.org/W4323530677
https://openalex.org/W4328049398
https://openalex.org/W4362737776
https://openalex.org/W4363625715
https://openalex.org/W4368339557
https://openalex.org/W4381186147
https://openalex.org/W4381186153
https://openalex.org/W4381835589
https://openalex.org/W4384664557
https://openalex.org/W4386162248
https://openalex.org/W4388427665
https://openalex.org/W1762636709
https://openalex.org/W2026788673
https://openalex.org/W1976821480
https://openalex.org/W1985475966
https://openalex.org/W1994710996
https://openalex.org/W2034734803
https://openalex.org/W2098031004
https://openalex.org/W2049942520
https://openalex.org/W1964838709
https://openalex.org/W2016809176
https://openalex.org/W2052425145
https://openalex.org/W2171496276
https://openalex.org/W2024302352
https://openalex.org/W2068856636
https://openalex.org/W2096051406
https://openalex.org/W1488104781
https://openalex.org/W2115737558
https://openalex.org/W2156423435
https://openalex.org/W4251226919
https://openalex.org/W2063232369
https://openalex.org/W1993983852
https://openalex.org/W2066924738
https://openalex.org/W2152901564
https://openalex.org/W2388056846
https://openalex.org/W1965430115
https://openalex.org/W1987750136
https://openalex.org/W1990927024
https://openalex.org/W1998820188
https://openalex.org/W2035031347
https://openalex.org/W2044231154
https://openalex.org/W2047199635
https://openalex.org/W2078040917
https://openalex.org/W1986953453
https://openalex.org/W2026823586
https://openalex.org/W2108653704
https://openalex.org/W2122952012
https://openalex.org/W2133698758
https://openalex.org/W2167327451
https://openalex.org/W2614717034
https://openalex.org/W1964300426
https://openalex.org/W1971031901
https://openalex.org/W2035199761
https://openalex.org/W2079558648
https://openalex.org/W2120702651
https://openalex.org/W2171958206
https://openalex.org/W2583614406
https://openalex.org/W2767523193
https://openalex.org/W2897861190
https://openalex.org/W1932604562
https://openalex.org/W2013232334
https://openalex.org/W2104154534
https://openalex.org/W2128737051
https://openalex.org/W2296599253
https://openalex.org/W2346709631
https://openalex.org/W2346949577
https://openalex.org/W2395841147
https://openalex.org/W2464235226
https://openalex.org/W2546565978
https://openalex.org/W2548668048
https://openalex.org/W2574923801
https://openalex.org/W2607013237
https://openalex.org/W2793675794
https://openalex.org/W2806971036
https://openalex.org/W2341372139
https://openalex.org/W2939836454
https://openalex.org/W3016495781
https://openalex.org/W3030973966
https://openalex.org/W3039311739
https://openalex.org/W3044378493
https://openalex.org/W2996818148
https://openalex.org/W3047978686
https://openalex.org/W3098467303
https://openalex.org/W3038481112
https://openalex.org/W3181186408
https://openalex.org/W3194864078
https://openalex.org/W3200059799
https://openalex.org/W4205648689
https://openalex.org/W4206325058
https://openalex.org/W4210427004
https://openalex.org/W4220703530
https://openalex.org/W4229334364
https://openalex.org/W4229451132
https://openalex.org/W4281252813
https://openalex.org/W4306149577
https://openalex.org/W1987286232
https://openalex.org/W2108469238
https://openalex.org/W2133240354
https://openalex.org/W2271190856
https://openalex.org/W2400777613
https://openalex.org/W2072852997
https://openalex.org/W2119955139
https://openalex.org/W1524376885
https://openalex.org/W2027052512
https://openalex.org/W2062863235
https://openalex.org/W2012749134
https://openalex.org/W2169243307
https://openalex.org/W2044758744
https://openalex.org/W2396642103
https://openalex.org/W2040915573
https://openalex.org/W2078822810
https://openalex.org/W2079904276
https://openalex.org/W2118011897
https://openalex.org/W2152991404
https://openalex.org/W2024803781
https://openalex.org/W2041294582
https://openalex.org/W2486043438
https://openalex.org/W1538838864
https://openalex.org/W2021117244
https://openalex.org/W2080062735
https://openalex.org/W2007065079
https://openalex.org/W2069340397
https://openalex.org/W2127053427
https://openalex.org/W1485963045
https://openalex.org/W1959996175
https://openalex.org/W2022501350
https://openalex.org/W2044972418
https://openalex.org/W2049139069
https://openalex.org/W2051974033
https://openalex.org/W2101313254
https://openalex.org/W2117839240
https://openalex.org/W1841517904
https://openalex.org/W1991058081
https://openalex.org/W1992458855
https://openalex.org/W2026803587
https://openalex.org/W2059021548
https://openalex.org/W2161484049
https://openalex.org/W125948116
https://openalex.org/W1493411354
https://openalex.org/W156876491
https://openalex.org/W1982588558
https://openalex.org/W2000208967
https://openalex.org/W2010652096
https://openalex.org/W2106803338
https://openalex.org/W2130141038
https://openalex.org/W2151175627
https://openalex.org/W2169522758
https://openalex.org/W2249110140
https://openalex.org/W2619426762
https://openalex.org/W569879813
https://openalex.org/W2284734408
https://openalex.org/W2519583209
https://openalex.org/W2532536877
https://openalex.org/W2592830055
https://openalex.org/W2253150229
https://openalex.org/W2469278881
https://openalex.org/W2500844726
https://openalex.org/W2531826090
https://openalex.org/W2534428615
https://openalex.org/W2559372910
https://openalex.org/W2747574900
https://openalex.org/W2991441424
https://openalex.org/W3008133405
https://openalex.org/W3032309444
https://openalex.org/W3119231590
https://openalex.org/W3128224161
https://openalex.org/W3137975714
https://openalex.org/W3152561057
https://openalex.org/W3157072414
https://openalex.org/W3185032364
https://openalex.org/W3187011809
https://openalex.org/W3201525040
https://openalex.org/W3203272994
https://openalex.org/W3204602720
https://openalex.org/W3212021826
https://openalex.org/W4210557680
https://openalex.org/W4210857817
https://openalex.org/W4283522534
https://openalex.org/W4286111074
https://openalex.org/W4296519684
https://openalex.org/W4298858024
https://openalex.org/W4300960693
https://openalex.org/W4307363491
https://openalex.org/W4312127068
https://openalex.org/W2065751473
https://openalex.org/W2117224415
https://openalex.org/W2029142087
https://openalex.org/W2058355832
https://openalex.org/W1963803520
https://openalex.org/W1997748998
https://openalex.org/W2054626109
https://openalex.org/W2058383076
https://openalex.org/W2507052359
https://openalex.org/W1983616389
https://openalex.org/W104633091
https://openalex.org/W2084992361
https://openalex.org/W335175047
https://openalex.org/W2068489787
https://openalex.org/W2170707771
https://openalex.org/W2475111418
https://openalex.org/W1998707437
https://openalex.org/W2005291027
https://openalex.org/W2118532994
https://openalex.org/W2135946474
https://openalex.org/W2143298643
https://openalex.org/W2066613440
https://openalex.org/W1972333000
https://openalex.org/W2085522069
https://openalex.org/W1968924965
https://openalex.org/W109607745
https://openalex.org/W181873419
https://openalex.org/W1982528282
https://openalex.org/W2128196289
https://openalex.org/W1999620860
https://openalex.org/W2010322092
https://openalex.org/W2022513229
https://openalex.org/W2029083058
https://openalex.org/W2076732700
https://openalex.org/W2094093421
https://openalex.org/W1970431241
https://openalex.org/W1972755619
https://openalex.org/W2007386849
https://openalex.org/W2046156945
https://openalex.org/W2080291624
https://openalex.org/W2093268056
https://openalex.org/W2099763229
https://openalex.org/W2130594417
https://openalex.org/W2769255734
https://openalex.org/W2790405269
https://openalex.org/W2890671640
https://openalex.org/W4250264367
https://openalex.org/W1674392801
https://openalex.org/W2049495648
https://openalex.org/W2320140085
https://openalex.org/W2345198743
https://openalex.org/W2544481055
https://openalex.org/W2600392421
https://openalex.org/W2617678476
https://openalex.org/W2620605133
https://openalex.org/W2729571843
https://openalex.org/W2793011591
https://openalex.org/W2793286313
https://openalex.org/W2804106499
https://openalex.org/W2896641790
https://openalex.org/W2957304183
https://openalex.org/W2964950441
https://openalex.org/W2314522206
https://openalex.org/W2344208153
https://openalex.org/W2524431360
https://openalex.org/W3015996352
https://openalex.org/W3103650124
https://openalex.org/W3005839167
https://openalex.org/W3009559920
https://openalex.org/W3013779333
https://openalex.org/W3160906986
https://openalex.org/W3185158730
https://openalex.org/W2107063111
https://openalex.org/W2089039746
https://openalex.org/W1968254261
https://openalex.org/W2142699394
https://openalex.org/W2045217826
https://openalex.org/W2082864331
https://openalex.org/W2403659686
https://openalex.org/W2002983277
https://openalex.org/W1976964079
https://openalex.org/W2089139961
https://openalex.org/W1971700403
https://openalex.org/W2122673551
https://openalex.org/W77441242
https://openalex.org/W2045080924
https://openalex.org/W1578478740
https://openalex.org/W1965577262
https://openalex.org/W2048253247
https://openalex.org/W2063774214
https://openalex.org/W2014737010
https://openalex.org/W2051532895
https://openalex.org/W2126026004
https://openalex.org/W2090033293
https://openalex.org/W2155375008
https://openalex.org/W2024729869
https://openalex.org/W1988208693
https://openalex.org/W1996142602
https://openalex.org/W2060668821
https://openalex.org/W2066893717
https://openalex.org/W2104109177
https://openalex.org/W2161015318
https://openalex.org/W1922632500
https://openalex.org/W2087689543
https://openalex.org/W2090604157
https://openalex.org/W2118122575
https://openalex.org/W2135475755
https://openalex.org/W2301045078
https://openalex.org/W2583470135
https://openalex.org/W2679234078
https://openalex.org/W2804813098
https://openalex.org/W2888063133
https://openalex.org/W2906041198
https://openalex.org/W2915064678
https://openalex.org/W1831974013
https://openalex.org/W2064179864
https://openalex.org/W2257862768
https://openalex.org/W2333898738
https://openalex.org/W2415147272
https://openalex.org/W2431471616
https://openalex.org/W2553795954
https://openalex.org/W2556488898
https://openalex.org/W2907636660
https://openalex.org/W2909196235
https://openalex.org/W2945298974
https://openalex.org/W2972025769
https://openalex.org/W3001372943
https://openalex.org/W3008920540
https://openalex.org/W3010815141
https://openalex.org/W3017077850
https://openalex.org/W3023380812
https://openalex.org/W3039170924
https://openalex.org/W3042124294
https://openalex.org/W3084045488
https://openalex.org/W3087407196
https://openalex.org/W3090029100
https://openalex.org/W3092408091
https://openalex.org/W3133742880
https://openalex.org/W3172017671
https://openalex.org/W3184304332
https://openalex.org/W3187485377
https://openalex.org/W3188897788
https://openalex.org/W3193846837
https://openalex.org/W4213454396
https://openalex.org/W4226125593
https://openalex.org/W4282936678
https://openalex.org/W4287578621
https://openalex.org/W4293116128
https://openalex.org/W4296795114
https://openalex.org/W4301430684
https://openalex.org/W4305040592
https://openalex.org/W4308515726
https://openalex.org/W4319301975
https://openalex.org/W4323348707
https://openalex.org/W4324017645
https://openalex.org/W4362636142
https://openalex.org/W4362668655
https://openalex.org/W4365136359
https://openalex.org/W4365814196
https://openalex.org/W4366238478
https://openalex.org/W4367459873
https://openalex.org/W4377094628
https://openalex.org/W4377238853
https://openalex.org/W4378652666
https://openalex.org/W4380225071
https://openalex.org/W4381838856
https://openalex.org/W4384488757
https://openalex.org/W4384951533
https://openalex.org/W4385283411
https://openalex.org/W4385447944
https://openalex.org/W4385828567
https://openalex.org/W4386524525
https://openalex.org/W4387207824
https://openalex.org/W4387258746
https://openalex.org/W4388210790
https://openalex.org/W4388621673
https://openalex.org/W4389445605
https://openalex.org/W2031978734
https://openalex.org/W2073570240
https://openalex.org/W2089729607
https://openalex.org/W1968031955
https://openalex.org/W1984731844
https://openalex.org/W2072569052
https://openalex.org/W2157633622
https://openalex.org/W2321547473
https://openalex.org/W35995170
https://openalex.org/W2058778603
https://openalex.org/W2022153235
https://openalex.org/W2072329335
https://openalex.org/W2083216556
https://openalex.org/W2008631797
https://openalex.org/W2057372467
https://openalex.org/W2068397405
https://openalex.org/W1491380829
https://openalex.org/W2017688798
https://openalex.org/W2062903659
https://openalex.org/W2020861915
https://openalex.org/W2053261733
https://openalex.org/W2158473690
https://openalex.org/W2620137539
https://openalex.org/W2748951341
https://openalex.org/W2800946099
https://openalex.org/W2808603216
https://openalex.org/W2853336466
https://openalex.org/W2889143980
https://openalex.org/W2111243745
https://openalex.org/W2311076830
https://openalex.org/W2410132271
https://openalex.org/W2423878087
https://openalex.org/W2555174602
https://openalex.org/W2758946953
https://openalex.org/W2895072339
https://openalex.org/W2947004993
https://openalex.org/W2954545392
https://openalex.org/W2006790080
https://openalex.org/W2027085804
https://openalex.org/W2160034629
https://openalex.org/W4238413329
https://openalex.org/W2066433062
https://openalex.org/W2129282538
https://openalex.org/W2078964749
https://openalex.org/W2087616987
https://openalex.org/W2000357308
https://openalex.org/W2081295034
https://openalex.org/W2029864145
https://openalex.org/W2145220396
https://openalex.org/W2166785465
https://openalex.org/W4319308082
https://openalex.org/W1512694119
https://openalex.org/W1823895403
https://openalex.org/W2114665080
https://openalex.org/W1520957918
https://openalex.org/W1718123049
https://openalex.org/W1969999455
https://openalex.org/W1990182558
https://openalex.org/W2077325457
https://openalex.org/W2088906368
https://openalex.org/W2136187261
https://openalex.org/W2140597516
https://openalex.org/W2169824102
https://openalex.org/W2766568284
https://openalex.org/W2790791444
https://openalex.org/W2799433822
https://openalex.org/W2805031282
https://openalex.org/W4253367747
https://openalex.org/W2031687528
https://openalex.org/W2053419400
https://openalex.org/W2129752225
https://openalex.org/W2135831148
https://openalex.org/W2176692242
https://openalex.org/W2417262075
https://openalex.org/W2595504462
https://openalex.org/W2605396211
https://openalex.org/W2915055843
https://openalex.org/W2918751092
https://openalex.org/W2966373801
https://openalex.org/W2977920097
https://openalex.org/W2990113142
https://openalex.org/W3013113193
https://openalex.org/W3037294821
https://openalex.org/W3042960515
https://openalex.org/W3045144233
https://openalex.org/W3045650570
https://openalex.org/W3111235831
https://openalex.org/W3212802828
https://openalex.org/W2344661464
https://openalex.org/W2556603237
https://openalex.org/W3131131857
https://openalex.org/W3135434272
https://openalex.org/W3149909131
https://openalex.org/W3155884607
https://openalex.org/W3197561201
https://openalex.org/W3208798209
https://openalex.org/W3216615900
https://openalex.org/W2009517844
https://openalex.org/W1980497480
https://openalex.org/W2042081547
https://openalex.org/W2061269588
https://openalex.org/W2082437758
https://openalex.org/W1975991293
https://openalex.org/W1981302163
https://openalex.org/W2019801824
https://openalex.org/W2025904529
https://openalex.org/W2037830327
https://openalex.org/W2073414000
https://openalex.org/W131892434
https://openalex.org/W2034141174
https://openalex.org/W2163817552
https://openalex.org/W2090662533
https://openalex.org/W1897899471
https://openalex.org/W2005433405
https://openalex.org/W2027332118
https://openalex.org/W2062240102
https://openalex.org/W120040294
https://openalex.org/W2039318884
https://openalex.org/W2054724528
https://openalex.org/W1512763239
https://openalex.org/W1898556857
https://openalex.org/W2065792714
https://openalex.org/W2081703698
https://openalex.org/W2099893912
https://openalex.org/W2107791881
https://openalex.org/W2130946004
https://openalex.org/W2167111168
https://openalex.org/W2621057557
https://openalex.org/W2973398032
https://openalex.org/W2991208772
https://openalex.org/W2999360305
https://openalex.org/W3016136286
https://openalex.org/W3118741950
https://openalex.org/W3120018499
https://openalex.org/W3135446809
https://openalex.org/W3138292513
https://openalex.org/W3151714952
https://openalex.org/W3165849823
https://openalex.org/W3204818828
https://openalex.org/W3205454833
https://openalex.org/W4205574687
https://openalex.org/W4211112683
https://openalex.org/W4214945812
https://openalex.org/W4224027911
https://openalex.org/W4225585571
https://openalex.org/W4280502482
https://openalex.org/W4283821966
https://openalex.org/W4291020254
https://openalex.org/W4292722565
https://openalex.org/W4293408763
https://openalex.org/W4293426217
https://openalex.org/W4311479728
https://openalex.org/W4312114965
https://openalex.org/W1964212847
https://openalex.org/W2327558652
https://openalex.org/W2020530523
https://openalex.org/W235280843
https://openalex.org/W2411245091
https://openalex.org/W2466713649
https://openalex.org/W2015031910
https://openalex.org/W2026761271
https://openalex.org/W2028191397
https://openalex.org/W2113311167
https://openalex.org/W2122793922
https://openalex.org/W2148615045
https://openalex.org/W2052712952
https://openalex.org/W2784101463
https://openalex.org/W2887037320
https://openalex.org/W2890366300
https://openalex.org/W117252032
https://openalex.org/W1485792648
https://openalex.org/W1966858427
https://openalex.org/W2079471894
https://openalex.org/W2132335801
https://openalex.org/W2147510569
https://openalex.org/W2293153636
https://openalex.org/W2460655774
https://openalex.org/W2474805583
https://openalex.org/W2521031945
https://openalex.org/W2522055905
https://openalex.org/W2605490565
https://openalex.org/W2729850441
https://openalex.org/W2742430118
https://openalex.org/W2765509705
https://openalex.org/W2924356502
https://openalex.org/W2951122314
https://openalex.org/W3000868499
https://openalex.org/W3010155307
https://openalex.org/W3048767440
https://openalex.org/W3129416164
https://openalex.org/W1989694881
https://openalex.org/W2039512850
https://openalex.org/W2047254780
https://openalex.org/W2058692968
https://openalex.org/W2125328575
https://openalex.org/W2410841570
https://openalex.org/W2027680596
https://openalex.org/W2070237374
https://openalex.org/W2073067931
https://openalex.org/W2076222535
https://openalex.org/W2064779791
https://openalex.org/W2071057941
https://openalex.org/W2019158913
https://openalex.org/W2094356758
https://openalex.org/W2159911644
https://openalex.org/W2184917740
https://openalex.org/W1561224815
https://openalex.org/W2267843285
https://openalex.org/W2392719217
https://openalex.org/W125906224
https://openalex.org/W2018885777
https://openalex.org/W2038570579
https://openalex.org/W2106551015
https://openalex.org/W2171876314
https://openalex.org/W2270086743
https://openalex.org/W2388091575
https://openalex.org/W2792882591
https://openalex.org/W2901254967
https://openalex.org/W2924609119
https://openalex.org/W2951390881
https://openalex.org/W2972024120
https://openalex.org/W2974607332
https://openalex.org/W2987122016
https://openalex.org/W1123346932
https://openalex.org/W1511417643
https://openalex.org/W1513926940
https://openalex.org/W2030158059
https://openalex.org/W2120974700
https://openalex.org/W2151325259
https://openalex.org/W2327242357
https://openalex.org/W2469517404
https://openalex.org/W2531908152
https://openalex.org/W3164440285
https://openalex.org/W3178017053
https://openalex.org/W3186193882
https://openalex.org/W3196813203
https://openalex.org/W3202801797
https://openalex.org/W3204726710
https://openalex.org/W3210989486
https://openalex.org/W3213312302
https://openalex.org/W4200603062
https://openalex.org/W2065785008
https://openalex.org/W1972382936
https://openalex.org/W2012792223
https://openalex.org/W2040626699
https://openalex.org/W2958115888
https://openalex.org/W195582642
https://openalex.org/W2407780158
https://openalex.org/W4240924283
https://openalex.org/W1511908916
https://openalex.org/W1519808098
https://openalex.org/W1548765065
https://openalex.org/W2210224796
https://openalex.org/W1496990615
https://openalex.org/W1559647065
https://openalex.org/W1768194178
https://openalex.org/W2056227290
https://openalex.org/W2119393203
https://openalex.org/W2122860096
https://openalex.org/W2170025675
https://openalex.org/W229821923
https://openalex.org/W2368800749
https://openalex.org/W3172319174
https://openalex.org/W170111928
https://openalex.org/W1967076000
https://openalex.org/W2002823635
https://openalex.org/W2019192309
https://openalex.org/W2046959108
https://openalex.org/W2051154864
https://openalex.org/W2095806716
https://openalex.org/W221717879
https://openalex.org/W241401204
https://openalex.org/W2467034059
https://openalex.org/W2601458015
https://openalex.org/W2744641140
https://openalex.org/W2748771528
https://openalex.org/W2808527639
https://openalex.org/W2899317724
https://openalex.org/W2999151010
https://openalex.org/W3025814606
https://openalex.org/W3026336588
https://openalex.org/W3028202495
https://openalex.org/W3069314877
https://openalex.org/W3096229079
https://openalex.org/W3097377296
https://openalex.org/W3113965032
https://openalex.org/W1483541000
https://openalex.org/W1984450673
https://openalex.org/W2222837639
https://openalex.org/W2277192847
https://openalex.org/W2285016212
https://openalex.org/W2341214672
https://openalex.org/W2546872036
https://openalex.org/W4249484679
https://openalex.org/W3214940199
https://openalex.org/W3215443408
https://openalex.org/W4205597489
https://openalex.org/W4210354303
https://openalex.org/W4220700298
https://openalex.org/W4223454387
https://openalex.org/W4225147678
https://openalex.org/W4283008667
https://openalex.org/W4283710545
https://openalex.org/W4283811052
https://openalex.org/W4289598340
https://openalex.org/W4289856719
https://openalex.org/W4291464215
https://openalex.org/W4292318663
https://openalex.org/W4294368546
https://openalex.org/W4296704976
https://openalex.org/W4300817390
https://openalex.org/W4308104795
https://openalex.org/W4310495747
https://openalex.org/W4312094069
https://openalex.org/W4313250730
https://openalex.org/W1964778408
https://openalex.org/W1973711967
https://openalex.org/W1976882695
https://openalex.org/W1997334713
https://openalex.org/W2017021846
https://openalex.org/W2061614517
https://openalex.org/W2078429234
https://openalex.org/W2082077331
https://openalex.org/W2587364736
https://openalex.org/W2046020905
https://openalex.org/W2114798676
https://openalex.org/W2154847179
https://openalex.org/W1486419526
https://openalex.org/W2009633251
https://openalex.org/W1513116255
https://openalex.org/W2134895050
https://openalex.org/W274211561
https://openalex.org/W101855340
https://openalex.org/W107830161
https://openalex.org/W1487477995
https://openalex.org/W1556682676
https://openalex.org/W1978088323
https://openalex.org/W2027526452
https://openalex.org/W2051987612
https://openalex.org/W2078392170
https://openalex.org/W1504303952
https://openalex.org/W1982007581
https://openalex.org/W2021394980
https://openalex.org/W2025075650
https://openalex.org/W2086471365
https://openalex.org/W2150067093
https://openalex.org/W2172785130
https://openalex.org/W2329225061
https://openalex.org/W2335151327
https://openalex.org/W2393153222
https://openalex.org/W2612422099
https://openalex.org/W1985541601
https://openalex.org/W2002409902
https://openalex.org/W2414933926
https://openalex.org/W2311545436
https://openalex.org/W4247494754
https://openalex.org/W2150695229
https://openalex.org/W2154215702
https://openalex.org/W1566102535
https://openalex.org/W213734474
https://openalex.org/W1862906757
https://openalex.org/W2007389630
https://openalex.org/W2088140820
https://openalex.org/W2101328927
https://openalex.org/W2582868943
https://openalex.org/W1518186276
https://openalex.org/W2138820035
https://openalex.org/W1859082494
https://openalex.org/W1973836172
https://openalex.org/W2075097208
https://openalex.org/W217050654
https://openalex.org/W2319535068
https://openalex.org/W2634807211
https://openalex.org/W2734451180
https://openalex.org/W2770941978
https://openalex.org/W2789619152
https://openalex.org/W2883292576
https://openalex.org/W2885483222
https://openalex.org/W2936218659
https://openalex.org/W2937805098
https://openalex.org/W2989562582
https://openalex.org/W2993189307
https://openalex.org/W3025341234
https://openalex.org/W3027603605
https://openalex.org/W3035648457
https://openalex.org/W3049033245
https://openalex.org/W3113286384
https://openalex.org/W3165161422
https://openalex.org/W3177616657
https://openalex.org/W3177953953
https://openalex.org/W3187464251
https://openalex.org/W324368769
https://openalex.org/W94664950
https://openalex.org/W2436483970
https://openalex.org/W2565982402
https://openalex.org/W2584284751
https://openalex.org/W2752064920
https://openalex.org/W2904518372
https://openalex.org/W4386494116
https://openalex.org/W1994406741
https://openalex.org/W2950657963
https://openalex.org/W2089638525
https://openalex.org/W2061598863
https://openalex.org/W2063504027
https://openalex.org/W2147597793
https://openalex.org/W2414389913
https://openalex.org/W2082079449
https://openalex.org/W2098196899
https://openalex.org/W1491110710
https://openalex.org/W1502773944
https://openalex.org/W1534307796
https://openalex.org/W2020671645
https://openalex.org/W2148384740
https://openalex.org/W1823753195
https://openalex.org/W2066952428
https://openalex.org/W2080692906
https://openalex.org/W2148384165
https://openalex.org/W2164265473
https://openalex.org/W2214457492
https://openalex.org/W2277831569
https://openalex.org/W2337419086
https://openalex.org/W2410339880
https://openalex.org/W4297693656
https://openalex.org/W4313650694
https://openalex.org/W4315491843
https://openalex.org/W4317435720
https://openalex.org/W4317899410
https://openalex.org/W4319160924
https://openalex.org/W4319594549
https://openalex.org/W4321212725
https://openalex.org/W4321478395
https://openalex.org/W4321497157
https://openalex.org/W4321793687
https://openalex.org/W4324139288
https://openalex.org/W4327808312
https://openalex.org/W4328054611
https://openalex.org/W4328124194
https://openalex.org/W4361284614
https://openalex.org/W4362697369
https://openalex.org/W4366376372
https://openalex.org/W4366598773
https://openalex.org/W4367603085
https://openalex.org/W4367610161
https://openalex.org/W4377238475
https://openalex.org/W4377965830
https://openalex.org/W4378086514
https://openalex.org/W4378515240
https://openalex.org/W4378652010
https://openalex.org/W4378837761
https://openalex.org/W4378981754
https://openalex.org/W4379107114
https://openalex.org/W4379177340
https://openalex.org/W4379655874
https://openalex.org/W4379911309
https://openalex.org/W4380248735
https://openalex.org/W4380291848
https://openalex.org/W4381470855
https://openalex.org/W4382134682
https://openalex.org/W4382240797
https://openalex.org/W4382601720
https://openalex.org/W4383375374
https://openalex.org/W4383558890
https://openalex.org/W4383721256
https://openalex.org/W4383960140
https://openalex.org/W4384200758
https://openalex.org/W4384202167
https://openalex.org/W4384826451
https://openalex.org/W4385342590
https://openalex.org/W4385354653
https://openalex.org/W4385454043
https://openalex.org/W4385471087
https://openalex.org/W4385473830
https://openalex.org/W4385476969
https://openalex.org/W4385496592
https://openalex.org/W4385543771
https://openalex.org/W4385545401
https://openalex.org/W4385546390
https://openalex.org/W4385554676
https://openalex.org/W4386102889
https://openalex.org/W4386116007
https://openalex.org/W4386196968
https://openalex.org/W4386227304
https://openalex.org/W4386305794
https://openalex.org/W4386362426
https://openalex.org/W4386574061
https://openalex.org/W4386592107
https://openalex.org/W4386592773
https://openalex.org/W4386726726
https://openalex.org/W4387237494
https://openalex.org/W4387412122
https://openalex.org/W4387505664
https://openalex.org/W4387541472
https://openalex.org/W4387718292
https://openalex.org/W4387806841
https://openalex.org/W4387949752
https://openalex.org/W4387970979
https://openalex.org/W4388035273
https://openalex.org/W4388302007
https://openalex.org/W4388343567
https://openalex.org/W4388411978
https://openalex.org/W4388470271
https://openalex.org/W4388798374
https://openalex.org/W4388828135
https://openalex.org/W4388858351
https://openalex.org/W4388867445
https://openalex.org/W4388981892
https://openalex.org/W4389050422
https://openalex.org/W4389136713
https://openalex.org/W4389568819
https://openalex.org/W4389799228
https://openalex.org/W4389799551
https://openalex.org/W4389903123
https://openalex.org/W4389988412
https://openalex.org/W4390047591
https://openalex.org/W4390170702
https://openalex.org/W4390342494
https://openalex.org/W4391991909
https://openalex.org/W4394086797
https://openalex.org/W4394129480
https://openalex.org/W4394171204
https://openalex.org/W4394237787
https://openalex.org/W4394302633
https://openalex.org/W4394323587
https://openalex.org/W4394332313
https://openalex.org/W4394434833
https://openalex.org/W4394435108
https://openalex.org/W4394462345
https://openalex.org/W4394864520
https://openalex.org/W2010542510
https://openalex.org/W2069668402
https://openalex.org/W2085504607
https://openalex.org/W2173127799
https://openalex.org/W22171271
https://openalex.org/W1555575846
https://openalex.org/W1971623116
https://openalex.org/W155466285
https://openalex.org/W2396192745
https://openalex.org/W2047976562
https://openalex.org/W2024321652
https://openalex.org/W2028600006
https://openalex.org/W2611447061
https://openalex.org/W2736098370
https://openalex.org/W2781302441
https://openalex.org/W2911277925
https://openalex.org/W3117224174
https://openalex.org/W2001459039
https://openalex.org/W2325160922
https://openalex.org/W2076665885
https://openalex.org/W2272507976
https://openalex.org/W246814215
https://openalex.org/W3125095639
https://openalex.org/W1503777011
https://openalex.org/W1547767261
https://openalex.org/W2042242762
https://openalex.org/W2170445137
https://openalex.org/W2348589010
https://openalex.org/W2374730847
https://openalex.org/W2621076669
https://openalex.org/W2810233256
https://openalex.org/W2904519775
https://openalex.org/W2907316407
https://openalex.org/W2923804150
https://openalex.org/W2936324898
https://openalex.org/W2943094761
https://openalex.org/W2945519489
https://openalex.org/W2946375451
https://openalex.org/W2947356094
https://openalex.org/W2974221583
https://openalex.org/W2990792707
https://openalex.org/W2993807840
https://openalex.org/W2998118640
https://openalex.org/W3002906258
https://openalex.org/W3006314209
https://openalex.org/W3006825144
https://openalex.org/W3013272104
https://openalex.org/W3016407038
https://openalex.org/W3027367036
https://openalex.org/W3031709086
https://openalex.org/W3035124423
https://openalex.org/W3037561725
https://openalex.org/W3041531737
https://openalex.org/W3089391685
https://openalex.org/W3091285039
https://openalex.org/W3099606347
https://openalex.org/W3124516284
https://openalex.org/W3133614297
https://openalex.org/W3164030005
https://openalex.org/W3193412828
https://openalex.org/W3196387821
https://openalex.org/W3196415656
https://openalex.org/W3203882373
https://openalex.org/W3214957345
https://openalex.org/W3217762874
https://openalex.org/W4200558195
https://openalex.org/W4242771989
https://openalex.org/W2339284102
https://openalex.org/W4212833775
https://openalex.org/W4220856599
https://openalex.org/W4244358905
https://openalex.org/W4281655737
https://openalex.org/W4284892880
https://openalex.org/W4285112645
https://openalex.org/W4291382507
https://openalex.org/W4295752809
https://openalex.org/W4307159534
https://openalex.org/W1857278346
https://openalex.org/W2413448902
https://openalex.org/W2021712827
https://openalex.org/W2081916963
https://openalex.org/W2082281158
https://openalex.org/W2315368438
https://openalex.org/W2042896652
https://openalex.org/W2077009383
https://openalex.org/W2365431946
https://openalex.org/W2046038708
https://openalex.org/W1488073448
https://openalex.org/W1983892368
https://openalex.org/W2393839320
https://openalex.org/W2503795058
https://openalex.org/W1485823970
https://openalex.org/W1491622593
https://openalex.org/W2037116031
https://openalex.org/W2061533642
https://openalex.org/W2061851933
https://openalex.org/W2080026856
https://openalex.org/W2094035657
https://openalex.org/W2237615877
https://openalex.org/W2252808799
https://openalex.org/W2299370577
https://openalex.org/W2314538274
https://openalex.org/W2344789504
https://openalex.org/W2379692255
https://openalex.org/W2387432296
https://openalex.org/W2398280720
https://openalex.org/W2419274046
https://openalex.org/W2507705456
https://openalex.org/W2898493683
https://openalex.org/W4214680942
https://openalex.org/W4221050266
https://openalex.org/W4224640198
https://openalex.org/W4283832796
https://openalex.org/W4300772825
https://openalex.org/W4309316782
https://openalex.org/W4312771782
https://openalex.org/W1933990525
https://openalex.org/W2046238320
https://openalex.org/W2433194364
https://openalex.org/W2126513143
https://openalex.org/W1988269996
https://openalex.org/W2067916248
https://openalex.org/W2088665460
https://openalex.org/W2110918468
https://openalex.org/W2354778000
https://openalex.org/W2357282163
https://openalex.org/W1505616080
https://openalex.org/W1687723127
https://openalex.org/W2015685043
https://openalex.org/W2105745106
https://openalex.org/W2170640124
https://openalex.org/W2355142761
https://openalex.org/W2359428187
https://openalex.org/W2370494095
https://openalex.org/W2391351063
https://openalex.org/W2393856832
https://openalex.org/W2619456989
https://openalex.org/W2996632904
https://openalex.org/W3030712814
https://openalex.org/W89531087
https://openalex.org/W918068771
https://openalex.org/W1496793496
https://openalex.org/W2044440573
https://openalex.org/W2048463128
https://openalex.org/W2050252408
https://openalex.org/W2060857110
https://openalex.org/W2128603613
https://openalex.org/W2363425836
https://openalex.org/W2202343140
https://openalex.org/W3168785968
https://openalex.org/W2020088497
https://openalex.org/W2048621507
https://openalex.org/W2417777228
https://openalex.org/W1524257624
https://openalex.org/W1989981179
https://openalex.org/W1992029194
https://openalex.org/W2019795960
https://openalex.org/W2029040384
https://openalex.org/W2058397332
https://openalex.org/W213761216
https://openalex.org/W2578007901
https://openalex.org/W2794081250
https://openalex.org/W2801354872
https://openalex.org/W2804985116
https://openalex.org/W2805629600
https://openalex.org/W2808126049
https://openalex.org/W2884033830
https://openalex.org/W2898502942
https://openalex.org/W2963758980
https://openalex.org/W2968163004
https://openalex.org/W2997706039
https://openalex.org/W4252218708
https://openalex.org/W4254474338
https://openalex.org/W577502651
https://openalex.org/W1581606148
https://openalex.org/W220887551
https://openalex.org/W2803205064
https://openalex.org/W2917294579
https://openalex.org/W2923945771
https://openalex.org/W2938349942
https://openalex.org/W2944471193
https://openalex.org/W2946805426
https://openalex.org/W2964879043
https://openalex.org/W2965217232
https://openalex.org/W2971694463
https://openalex.org/W2972031284
https://openalex.org/W2977051553
https://openalex.org/W2982610495
https://openalex.org/W2984390107
https://openalex.org/W2992559239
https://openalex.org/W2999577485
https://openalex.org/W3021355751
https://openalex.org/W3034199197
https://openalex.org/W3037968087
https://openalex.org/W3082111164
https://openalex.org/W3095800058
https://openalex.org/W3100056850
https://openalex.org/W3100889608
https://openalex.org/W3124749692
https://openalex.org/W4253528800
https://openalex.org/W2011946976
https://openalex.org/W2036398177
https://openalex.org/W2071627365
https://openalex.org/W2092683014
https://openalex.org/W1561662277
https://openalex.org/W2135098672
https://openalex.org/W245818325
https://openalex.org/W2496891835
https://openalex.org/W1967862783
https://openalex.org/W2596692595
https://openalex.org/W3120152268
https://openalex.org/W3123067131
https://openalex.org/W3124779511
https://openalex.org/W3131769359
https://openalex.org/W3167283680
https://openalex.org/W3175388430
https://openalex.org/W3178340848
https://openalex.org/W3186644520
https://openalex.org/W3191566823
https://openalex.org/W3199769550
https://openalex.org/W3210169129
https://openalex.org/W3214692332
https://openalex.org/W4200111658
https://openalex.org/W4213213754
https://openalex.org/W2235854895
https://openalex.org/W2618830226
https://openalex.org/W2974846055
https://openalex.org/W1758081151
https://openalex.org/W2166794576
https://openalex.org/W2416113827
https://openalex.org/W1577556226
https://openalex.org/W2007621070
https://openalex.org/W2060184157
https://openalex.org/W2146750449
https://openalex.org/W2382290194
https://openalex.org/W2385784899
https://openalex.org/W2409253778
https://openalex.org/W24195745
https://openalex.org/W2935612661
https://openalex.org/W416137916
https://openalex.org/W2073086695
https://openalex.org/W2417175031
https://openalex.org/W2939028801
https://openalex.org/W2966428020
https://openalex.org/W2303152145
https://openalex.org/W2425837555
https://openalex.org/W3014756599
https://openalex.org/W3028805584
https://openalex.org/W4242809011
https://openalex.org/W4248476876
https://openalex.org/W2126111239
https://openalex.org/W2384345180
https://openalex.org/W2755950046
https://openalex.org/W185993222
https://openalex.org/W1968455791
https://openalex.org/W2049545842
https://openalex.org/W2050302637
https://openalex.org/W2059820801
https://openalex.org/W2086847815
https://openalex.org/W220082437
https://openalex.org/W2202722100
https://openalex.org/W2228723029
https://openalex.org/W2241040607
https://openalex.org/W2263047296
https://openalex.org/W2268771026
https://openalex.org/W2282797643
https://openalex.org/W2295487189
https://openalex.org/W2312999961
https://openalex.org/W2315931073
https://openalex.org/W2324949438
https://openalex.org/W2327234068
https://openalex.org/W2331103067
https://openalex.org/W2345809061
https://openalex.org/W2347006338
https://openalex.org/W2352916711
https://openalex.org/W2363756464
https://openalex.org/W2394546996
https://openalex.org/W2396485285
https://openalex.org/W2402419392
https://openalex.org/W2404632229
https://openalex.org/W2411727953
https://openalex.org/W2475059854
https://openalex.org/W2487291501
https://openalex.org/W2488074185
https://openalex.org/W2497385850
https://openalex.org/W2497762350
https://openalex.org/W2505592301
https://openalex.org/W2507959208
https://openalex.org/W2523002331
https://openalex.org/W2525135953
https://openalex.org/W253305956
https://openalex.org/W2551277720
https://openalex.org/W2563761275
https://openalex.org/W2584983685
https://openalex.org/W2592215743
https://openalex.org/W2606382820
https://openalex.org/W2619474721
https://openalex.org/W2685247243
https://openalex.org/W2737747233
https://openalex.org/W2743484343
https://openalex.org/W2744123294
https://openalex.org/W2744369928
https://openalex.org/W2744491702
https://openalex.org/W2746915709
https://openalex.org/W2748838300
https://openalex.org/W2749276525
https://openalex.org/W2750659241
https://openalex.org/W2750769276
https://openalex.org/W2753114005
https://openalex.org/W2755430100
https://openalex.org/W2756603347
https://openalex.org/W2800059687
https://openalex.org/W2903206315
https://openalex.org/W2935413690
https://openalex.org/W2939822741
https://openalex.org/W2945062618
https://openalex.org/W2982582468
https://openalex.org/W2990105092
https://openalex.org/W2991018190
https://openalex.org/W2994460943
https://openalex.org/W3030273149
https://openalex.org/W3031735391
https://openalex.org/W3032705297
https://openalex.org/W3033497420
https://openalex.org/W3040843910
https://openalex.org/W3113050266
https://openalex.org/W3158055731
https://openalex.org/W34543926
https://openalex.org/W4243115132
https://openalex.org/W4297950791
https://openalex.org/W4298333475
https://openalex.org/W4298343596
https://openalex.org/W4300217280
https://openalex.org/W4300643876
https://openalex.org/W4394452495
https://openalex.org/W74577947
https://openalex.org/W767977276
https://openalex.org/W2066938554
https://openalex.org/W2105547530
https://openalex.org/W2466647618
https://openalex.org/W2478778485
https://openalex.org/W332581930
https://openalex.org/W48362503
https://openalex.org/W591102621
https://openalex.org/W2360771924
https://openalex.org/W2399244251
https://openalex.org/W123379124
https://openalex.org/W1557311896
https://openalex.org/W1559805767
https://openalex.org/W1868192076
https://openalex.org/W1974629338
https://openalex.org/W1978314825
https://openalex.org/W1980270050
https://openalex.org/W198938716
https://openalex.org/W1994081372
https://openalex.org/W2015660111
https://openalex.org/W2018734
https://openalex.org/W2023125473
https://openalex.org/W2105955850
https://openalex.org/W2129994577
https://openalex.org/W2162878034
https://openalex.org/W2165231046
https://openalex.org/W2183039909
https://openalex.org/W2185784918
https://openalex.org/W2186685938
https://openalex.org/W2204365122
https://openalex.org/W2211105241
https://openalex.org/W2219838302
https://openalex.org/W2270406750
https://openalex.org/W2285796468
https://openalex.org/W2329995065
https://openalex.org/W2332221927
https://openalex.org/W2333377581
https://openalex.org/W2348380912
https://openalex.org/W2354089257
https://openalex.org/W2355715741
https://openalex.org/W2358718000
https://openalex.org/W2359340960
https://openalex.org/W2362945694
https://openalex.org/W2364929009
https://openalex.org/W2367790356
https://openalex.org/W2368396681
https://openalex.org/W2368416444
https://openalex.org/W2370061830
https://openalex.org/W2372290298
https://openalex.org/W2372461842
https://openalex.org/W2375014481
https://openalex.org/W2378685142
https://openalex.org/W2379665450
https://openalex.org/W2380181042
https://openalex.org/W2381145639
https://openalex.org/W2384524618
https://openalex.org/W2386607713
https://openalex.org/W2386687584
https://openalex.org/W2389373025
https://openalex.org/W2392854693
https://openalex.org/W2393886204
https://openalex.org/W2394274322
https://openalex.org/W2419578685
https://openalex.org/W2741877783
https://openalex.org/W2743512187
https://openalex.org/W2746265946
https://openalex.org/W2904008716
https://openalex.org/W3003391095
https://openalex.org/W3029790590
https://openalex.org/W3030102077
https://openalex.org/W3030545515
https://openalex.org/W3031322389
https://openalex.org/W3031447727
https://openalex.org/W3032028529
https://openalex.org/W3182171044
https://openalex.org/W3215403735
https://openalex.org/W345667375
https://openalex.org/W364307048
https://openalex.org/W38824539
https://openalex.org/W392949109
https://openalex.org/W4234059103
https://openalex.org/W4297975338
https://openalex.org/W4298213678
https://openalex.org/W4298286299
https://openalex.org/W4300197697
https://openalex.org/W75670471
https://openalex.org/W77729132
https://openalex.org/W862352345
https://openalex.org/W954094989
https://openalex.org/W1984630565
https://openalex.org/W2410807306
https://openalex.org/W2411933042
https://openalex.org/W1483407550
https://openalex.org/W1579191683
https://openalex.org/W2055831271
https://openalex.org/W2057449365
https://openalex.org/W2314281289
https://openalex.org/W2358163304
https://openalex.org/W2359748962
https://openalex.org/W2363405531
https://openalex.org/W2363759852
https://openalex.org/W2364762726
https://openalex.org/W2371631134
https://openalex.org/W2378398888
https://openalex.org/W2385324828
https://openalex.org/W2387742736
https://openalex.org/W2388446683
https://openalex.org/W2392312884
https://openalex.org/W2403453135
https://openalex.org/W2420303048
https://openalex.org/W2581290156
https://openalex.org/W2586195816
https://openalex.org/W2587668210
https://openalex.org/W2588238305
https://openalex.org/W2589298661
https://openalex.org/W2589701794
https://openalex.org/W2592857019
https://openalex.org/W2607958606
https://openalex.org/W2610948706
https://openalex.org/W2616562885
https://openalex.org/W2616758656
https://openalex.org/W2735678396
https://openalex.org/W2742797357
https://openalex.org/W2744660004
https://openalex.org/W2745722280
https://openalex.org/W2747067862
https://openalex.org/W2763054966
https://openalex.org/W2766432989
https://openalex.org/W2767356353
https://openalex.org/W2770778561
https://openalex.org/W2774087801
https://openalex.org/W2780803844
https://openalex.org/W2790733668
https://openalex.org/W2794659913
https://openalex.org/W2795776798
https://openalex.org/W2846202041
https://openalex.org/W2900562220
https://openalex.org/W2904955150
https://openalex.org/W2907826152
https://openalex.org/W2910603001
https://openalex.org/W2944692711
https://openalex.org/W2967341896
https://openalex.org/W2984788329
https://openalex.org/W2998578382
https://openalex.org/W3029286217
https://openalex.org/W3029903876
https://openalex.org/W3030448721
https://openalex.org/W3047822513
https://openalex.org/W3215629520
https://openalex.org/W3215671007
https://openalex.org/W3216786774
https://openalex.org/W410795493
https://openalex.org/W4210382953
https://openalex.org/W4240691733
https://openalex.org/W4248425041
https://openalex.org/W122386292
https://openalex.org/W1499969998
https://openalex.org/W1583059028
https://openalex.org/W1967694519
https://openalex.org/W1973594283
https://openalex.org/W1984319512
https://openalex.org/W1995468357
https://openalex.org/W2002008995
https://openalex.org/W2082489737
https://openalex.org/W2083745118
https://openalex.org/W2121760851
https://openalex.org/W2129605998
https://openalex.org/W2142943217
https://openalex.org/W214760717
https://openalex.org/W219455123
https://openalex.org/W2215546346
https://openalex.org/W2226242557
https://openalex.org/W2340242674
https://openalex.org/W2350065797
https://openalex.org/W2350866744
https://openalex.org/W2353566066
https://openalex.org/W2355020420
https://openalex.org/W2355414675
https://openalex.org/W2355464754
https://openalex.org/W2357291447
https://openalex.org/W2361925498
https://openalex.org/W2364905447
https://openalex.org/W2368276979
https://openalex.org/W2369864098
https://openalex.org/W2371077216
https://openalex.org/W2371116407
https://openalex.org/W2373386300
https://openalex.org/W2373802731
https://openalex.org/W2375042256
https://openalex.org/W2378681324
https://openalex.org/W2380033916
https://openalex.org/W2381881691
https://openalex.org/W2382417892
https://openalex.org/W2386709904
https://openalex.org/W2393540865
https://openalex.org/W2393674309
https://openalex.org/W2402556159
https://openalex.org/W2411252954
https://openalex.org/W2497381962
https://openalex.org/W2575531254
https://openalex.org/W2744927084
https://openalex.org/W2746674374
https://openalex.org/W2955458571
https://openalex.org/W2961873219
https://openalex.org/W3030087164
https://openalex.org/W3030192827
https://openalex.org/W3032564951
https://openalex.org/W3121449225
https://openalex.org/W314728613
https://openalex.org/W3181157960
https://openalex.org/W3181732369
https://openalex.org/W4210622440
https://openalex.org/W4210720553
https://openalex.org/W4212849901
https://openalex.org/W4213264526
https://openalex.org/W4220928303
https://openalex.org/W4223971192
https://openalex.org/W4225752764
https://openalex.org/W4226255785
https://openalex.org/W4226281896
https://openalex.org/W4226413082
https://openalex.org/W4254942942
https://openalex.org/W4281398884
https://openalex.org/W4281561643
https://openalex.org/W4281629047
https://openalex.org/W4282926935
https://openalex.org/W4282969424
https://openalex.org/W4283745537
https://openalex.org/W4283829822
https://openalex.org/W4284895326
https://openalex.org/W4285007875
https://openalex.org/W4285143993
https://openalex.org/W4285292540
https://openalex.org/W4285412410
https://openalex.org/W4285833000
https://openalex.org/W4286297249
https://openalex.org/W4286567669
https://openalex.org/W4291148194
https://openalex.org/W4292157649
https://openalex.org/W4293679417
https://openalex.org/W4294281515
https://openalex.org/W4296890365
https://openalex.org/W4297609649
https://openalex.org/W4304695277
https://openalex.org/W4304957625
https://openalex.org/W4306940746
https://openalex.org/W4307431702
https://openalex.org/W4308012307
https://openalex.org/W4308469777
https://openalex.org/W4308897765
https://openalex.org/W4309212760
https://openalex.org/W4310780165
https://openalex.org/W4312100727
https://openalex.org/W4312858632
https://openalex.org/W4313179798
https://openalex.org/W4313476530
https://openalex.org/W4352979339
https://openalex.org/W4362655888
https://openalex.org/W4367668542
https://openalex.org/W4392867405
https://openalex.org/W4392867836
https://openalex.org/W4394213909
https://openalex.org/W4394242996
https://openalex.org/W4394399368
https://openalex.org/W994109976
https://openalex.org/W2008441168
https://openalex.org/W2019242548
https://openalex.org/W2071306863
https://openalex.org/W2114313018
https://openalex.org/W2290933417
https://openalex.org/W2396113700
https://openalex.org/W2396814078
https://openalex.org/W2401919582
https://openalex.org/W2418328744
https://openalex.org/W2428069670
https://openalex.org/W2739637492
https://openalex.org/W2965092098
https://openalex.org/W5516344
https://openalex.org/W1494715810
https://openalex.org/W1963519779
https://openalex.org/W2053040260
https://openalex.org/W2061366261
https://openalex.org/W2087078299
https://openalex.org/W2247787603
https://openalex.org/W2345691599
https://openalex.org/W2359617267
https://openalex.org/W2362071346
https://openalex.org/W2364250691
https://openalex.org/W2372661433
https://openalex.org/W2375118194
https://openalex.org/W2381216616
https://openalex.org/W2388084128
https://openalex.org/W2413314148
https://openalex.org/W2413555316
https://openalex.org/W2502614890
https://openalex.org/W2782601066
https://openalex.org/W2782742540
https://openalex.org/W2784067998
https://openalex.org/W2786006757
https://openalex.org/W2799644442
https://openalex.org/W2806922488
https://openalex.org/W2883183063
https://openalex.org/W2888614239
https://openalex.org/W2889657912
https://openalex.org/W2890123263
https://openalex.org/W2891199068
https://openalex.org/W2892861165
https://openalex.org/W2897339357
https://openalex.org/W2897943429
https://openalex.org/W2898157942
https://openalex.org/W2900275457
https://openalex.org/W2901224925
https://openalex.org/W2901693643
https://openalex.org/W2906043755
https://openalex.org/W2909133825
https://openalex.org/W2912249381
https://openalex.org/W2912931849
https://openalex.org/W2915777174
https://openalex.org/W2916318670
https://openalex.org/W2917948607
https://openalex.org/W2918225491
https://openalex.org/W2921021822
https://openalex.org/W2921043898
https://openalex.org/W2939363226
https://openalex.org/W2941712923
https://openalex.org/W2946047291
https://openalex.org/W2947755636
https://openalex.org/W2947936307
https://openalex.org/W2955704720
https://openalex.org/W2963663488
https://openalex.org/W2967281353
https://openalex.org/W2971640339
https://openalex.org/W2975036916
https://openalex.org/W2978991740
https://openalex.org/W2981910269
https://openalex.org/W2984738361
https://openalex.org/W2986692726
https://openalex.org/W2987570493
https://openalex.org/W2988035440
https://openalex.org/W2989609761
https://openalex.org/W2990945243
https://openalex.org/W2996594977
https://openalex.org/W2996622500
https://openalex.org/W3005655467
https://openalex.org/W3009733317
https://openalex.org/W3014150459
https://openalex.org/W3015194423
https://openalex.org/W3017956102
https://openalex.org/W3024412423
https://openalex.org/W3029781250
https://openalex.org/W3030106275
https://openalex.org/W3030711003
https://openalex.org/W3030989898
https://openalex.org/W3031406403
https://openalex.org/W3042729443
https://openalex.org/W3044258402
https://openalex.org/W3090600558
https://openalex.org/W3093352413
https://openalex.org/W3098460690
https://openalex.org/W3111681825
https://openalex.org/W3161389877
https://openalex.org/W3177523981
https://openalex.org/W3208954925
https://openalex.org/W3216535750
https://openalex.org/W332617590
https://openalex.org/W4206381738
https://openalex.org/W4229792487
https://openalex.org/W4234996181
https://openalex.org/W4235823712
https://openalex.org/W4236672281
https://openalex.org/W4238487827
https://openalex.org/W4238526472
https://openalex.org/W4241276090
https://openalex.org/W4244575933
https://openalex.org/W4245109566
https://openalex.org/W4248588949
https://openalex.org/W4249990980
https://openalex.org/W4250908878
https://openalex.org/W4252776782
https://openalex.org/W4254226624
https://openalex.org/W4388805299
https://openalex.org/W4394123152
https://openalex.org/W4394332559
https://openalex.org/W4394441803
https://openalex.org/W4394445662
https://openalex.org/W4394485605
https://openalex.org/W4394536205
https://openalex.org/W122871006
https://openalex.org/W1995093644
https://openalex.org/W2009560622
https://openalex.org/W2027629653
https://openalex.org/W2037108460
https://openalex.org/W2048117313
https://openalex.org/W2397075171
https://openalex.org/W2401505751
https://openalex.org/W2433572290
https://openalex.org/W2913485650
https://openalex.org/W3111866412
https://openalex.org/W4233262177
https://openalex.org/W4245488037
https://openalex.org/W1508719614
https://openalex.org/W2022964326
https://openalex.org/W2130321428
https://openalex.org/W2248351313
https://openalex.org/W2349021003
https://openalex.org/W2351235290
https://openalex.org/W2353964050
https://openalex.org/W2355460666
https://openalex.org/W2356666609
https://openalex.org/W2361490460
https://openalex.org/W2363137146
https://openalex.org/W2365399033
https://openalex.org/W2365922172
https://openalex.org/W2369120247
https://openalex.org/W2372080102
https://openalex.org/W2380927160
https://openalex.org/W2381940348
https://openalex.org/W2382277130
https://openalex.org/W2383952561
https://openalex.org/W2387880000
https://openalex.org/W2389569285
https://openalex.org/W2393679191
https://openalex.org/W2404843859
https://openalex.org/W2800987369
https://openalex.org/W2977598975
https://openalex.org/W2998926354
https://openalex.org/W2999230125
https://openalex.org/W3000054125
https://openalex.org/W3000117442
https://openalex.org/W3005097597
https://openalex.org/W3005719026
https://openalex.org/W3010147836
https://openalex.org/W3014137532
https://openalex.org/W3020002333
https://openalex.org/W3022165660
https://openalex.org/W3027026815
https://openalex.org/W3030017313
https://openalex.org/W3034114477
https://openalex.org/W3035802337
https://openalex.org/W3036200394
https://openalex.org/W3036321869
https://openalex.org/W3037609247
https://openalex.org/W3039406924
https://openalex.org/W3039959888
https://openalex.org/W3044282701
https://openalex.org/W3045001292
https://openalex.org/W3082018722
https://openalex.org/W3082510582
https://openalex.org/W3082617246
https://openalex.org/W3083314868
https://openalex.org/W3092164804
https://openalex.org/W3092354980
https://openalex.org/W3092503174
https://openalex.org/W3094330422
https://openalex.org/W3101280704
https://openalex.org/W3107983851
https://openalex.org/W3108714985
https://openalex.org/W3109755975
https://openalex.org/W3112358901
https://openalex.org/W3112365530
https://openalex.org/W3112679654
https://openalex.org/W3113065414
https://openalex.org/W3114798374
https://openalex.org/W3115391899
https://openalex.org/W3115966006
https://openalex.org/W3116663067
https://openalex.org/W3128599485
https://openalex.org/W3146004894
https://openalex.org/W3185164887
https://openalex.org/W3188706578
https://openalex.org/W4205704476
https://openalex.org/W4231314629
https://openalex.org/W4232558174
https://openalex.org/W4234454970
https://openalex.org/W4238287402
https://openalex.org/W4238515831
https://openalex.org/W4238822936
https://openalex.org/W4238871459
https://openalex.org/W4244636402
https://openalex.org/W4246974817
https://openalex.org/W4249738102
https://openalex.org/W4255195717
https://openalex.org/W4392677543
https://openalex.org/W4394541974
https://openalex.org/W62968045
https://openalex.org/W2049660251
https://openalex.org/W2439161282
https://openalex.org/W1143235167
https://openalex.org/W1995577054
https://openalex.org/W2016209578
https://openalex.org/W2027895004
https://openalex.org/W2086218498
https://openalex.org/W2189394735
https://openalex.org/W2370398446
https://openalex.org/W2372100627
https://openalex.org/W2377186553
https://openalex.org/W2386495390
https://openalex.org/W2562297862
https://openalex.org/W260149674
https://openalex.org/W2611373628
https://openalex.org/W3129382998
https://openalex.org/W3185218169
https://openalex.org/W4246717812
https://openalex.org/W4300955055
https://openalex.org/W2022462814
https://openalex.org/W2081253763
https://openalex.org/W2369743543
https://openalex.org/W2388881144
https://openalex.org/W2439513084
https://openalex.org/W3095809198
https://openalex.org/W3127494684
https://openalex.org/W3132178189
https://openalex.org/W3134624818
https://openalex.org/W3135032505
https://openalex.org/W3135133157
https://openalex.org/W3138465421
https://openalex.org/W3141482242
https://openalex.org/W3154618146
https://openalex.org/W3167042788
https://openalex.org/W3169202033
https://openalex.org/W3170565653
https://openalex.org/W3173326396
https://openalex.org/W3175543157
https://openalex.org/W3176204697
https://openalex.org/W3176724457
https://openalex.org/W3181011343
https://openalex.org/W3183036092
https://openalex.org/W3184051060
https://openalex.org/W3185212593
https://openalex.org/W3187298289
https://openalex.org/W3187966935
https://openalex.org/W3190713041
https://openalex.org/W3195335823
https://openalex.org/W3197360225
https://openalex.org/W3197688786
https://openalex.org/W3204313984
https://openalex.org/W3206099809
https://openalex.org/W3210525844
https://openalex.org/W3212174429
https://openalex.org/W3212451472
https://openalex.org/W3212822020
https://openalex.org/W3212850690
https://openalex.org/W3213262372
https://openalex.org/W3214673570
https://openalex.org/W4200126640
https://openalex.org/W4200290122
https://openalex.org/W4200386995
https://openalex.org/W4206222964
https://openalex.org/W4206839255
https://openalex.org/W4210880597
https://openalex.org/W4231222715
https://openalex.org/W4235990258
https://openalex.org/W4236092604
https://openalex.org/W4285375850
https://openalex.org/W4285418584
https://openalex.org/W4394087277
https://openalex.org/W4394181398
https://openalex.org/W4394243348
https://openalex.org/W4394253826
https://openalex.org/W4394393597
https://openalex.org/W4394500177
https://openalex.org/W628227810
https://openalex.org/W65704375
https://openalex.org/W1571766091
https://openalex.org/W1967565490
https://openalex.org/W2031535253
https://openalex.org/W2038560599
https://openalex.org/W2051046870
https://openalex.org/W2129293528
https://openalex.org/W2276459451
https://openalex.org/W2278592892
https://openalex.org/W2348706047
https://openalex.org/W2362424511
https://openalex.org/W2363578022
https://openalex.org/W2373673253
https://openalex.org/W2377159248
https://openalex.org/W2378823146
https://openalex.org/W2379748123
https://openalex.org/W2410887251
https://openalex.org/W2424296515
https://openalex.org/W3121471533
https://openalex.org/W3174129892
https://openalex.org/W4252045195
https://openalex.org/W892139672
https://openalex.org/W122097900
https://openalex.org/W2411316782
https://openalex.org/W61442454
https://openalex.org/W2097513851
https://openalex.org/W2345430963
https://openalex.org/W2376835080
https://openalex.org/W2385874582
https://openalex.org/W2411527963
https://openalex.org/W2411949008
https://openalex.org/W2412244124
https://openalex.org/W2433629874
https://openalex.org/W2460121219
https://openalex.org/W2463457394
https://openalex.org/W2464987992
https://openalex.org/W2564026008
https://openalex.org/W3162062489
https://openalex.org/W3179768286
https://openalex.org/W3206996033
https://openalex.org/W4242299158
https://openalex.org/W434654976
https://openalex.org/W2007662040
https://openalex.org/W2080697284
https://openalex.org/W2084789074
https://openalex.org/W2108835810
https://openalex.org/W2113840934
https://openalex.org/W2331624899
https://openalex.org/W2397901829
https://openalex.org/W2398552922
https://openalex.org/W2400875098
https://openalex.org/W2403574135
https://openalex.org/W2409520733
https://openalex.org/W2412408950
https://openalex.org/W2413060461
https://openalex.org/W2413627632
https://openalex.org/W2417053818
https://openalex.org/W2462745753
https://openalex.org/W2806980259
https://openalex.org/W2949769085
https://openalex.org/W2971292570
https://openalex.org/W389757640
https://openalex.org/W39465968
https://openalex.org/W4248573935
https://openalex.org/W565667553
https://openalex.org/W1412531434
https://openalex.org/W1981281277
https://openalex.org/W2075858107
https://openalex.org/W2341818082
https://openalex.org/W2400969124
https://openalex.org/W2404770650
https://openalex.org/W2416075411
https://openalex.org/W2419530525
https://openalex.org/W2462230922
https://openalex.org/W2469777490
https://openalex.org/W2526484447
https://openalex.org/W2915136958
https://openalex.org/W2949952089
https://openalex.org/W2951833071
https://openalex.org/W3172901825
https://openalex.org/W3197416173
https://openalex.org/W3212122922
https://openalex.org/W372415073
https://openalex.org/W4230698305
https://openalex.org/W4238681452
https://openalex.org/W15367615
https://openalex.org/W1672844564
https://openalex.org/W183475918
https://openalex.org/W1965249018
https://openalex.org/W1987703384
https://openalex.org/W1995122542
https://openalex.org/W1998070908
https://openalex.org/W2002663542
https://openalex.org/W2003740345
https://openalex.org/W2037875415
https://openalex.org/W2040039151
https://openalex.org/W2041798349
https://openalex.org/W2046320085
https://openalex.org/W2053031081
https://openalex.org/W2074357463
https://openalex.org/W2078939230
https://openalex.org/W2079185700
https://openalex.org/W2258981301
https://openalex.org/W2342274899
https://openalex.org/W2403436166
https://openalex.org/W2404625024
https://openalex.org/W2408012736
https://openalex.org/W2409183157
https://openalex.org/W2413533595
https://openalex.org/W2417054841
https://openalex.org/W2418478121
https://openalex.org/W2418621612
https://openalex.org/W2461227532
https://openalex.org/W2464712961
https://openalex.org/W2487883914
https://openalex.org/W2596840340
https://openalex.org/W2620641343
https://openalex.org/W2784303428
https://openalex.org/W2897737977
https://openalex.org/W2911822607
https://openalex.org/W2911962253
https://openalex.org/W2912527942
https://openalex.org/W2915006812
https://openalex.org/W2915241545
https://openalex.org/W2916026522
https://openalex.org/W2916261467
https://openalex.org/W2916529576
https://openalex.org/W2916555062
https://openalex.org/W2917312611
https://openalex.org/W2917385657
https://openalex.org/W2917437690
https://openalex.org/W2917503881
https://openalex.org/W2946693434
https://openalex.org/W2947199348
https://openalex.org/W2949429109
https://openalex.org/W2949836280
https://openalex.org/W2950407786
https://openalex.org/W2950823664
https://openalex.org/W2951228779
https://openalex.org/W2951710109
https://openalex.org/W2951736662
https://openalex.org/W2963434313
https://openalex.org/W2964117274
https://openalex.org/W2969324513
https://openalex.org/W2991434757
https://openalex.org/W2992208485
https://openalex.org/W3027269250
https://openalex.org/W3030463173
https://openalex.org/W3030564136
https://openalex.org/W3031557960
https://openalex.org/W3031762444
https://openalex.org/W3032088632
https://openalex.org/W3032129981
https://openalex.org/W3096961556
https://openalex.org/W3109414847
https://openalex.org/W3110269288
https://openalex.org/W3170372007
https://openalex.org/W4233541187
https://openalex.org/W4251795827
https://openalex.org/W4253368053
https://openalex.org/W1975771868
https://openalex.org/W2063206483
https://openalex.org/W2084520007
https://openalex.org/W2103294754
https://openalex.org/W2029001448
https://openalex.org/W4233956541
https://openalex.org/W2142413409
https://openalex.org/W3020058005
https://openalex.org/W1990045619
https://openalex.org/W2071055800
https://openalex.org/W2029442047
https://openalex.org/W2072021110
https://openalex.org/W3014792996
https://openalex.org/W2899147964
https://openalex.org/W2116634463
https://openalex.org/W2144148981
https://openalex.org/W2089197866
https://openalex.org/W2034831131
https://openalex.org/W2149056364
https://openalex.org/W2517528886
https://openalex.org/W2560738370
https://openalex.org/W3028901078
https://openalex.org/W2612126073
https://openalex.org/W1987667299
https://openalex.org/W2607421214
https://openalex.org/W2327577222
https://openalex.org/W3083763949
https://openalex.org/W3019281170
https://openalex.org/W2575603189
https://openalex.org/W2895858700
https://openalex.org/W2799688878
https://openalex.org/W3133285932
https://openalex.org/W4223924695
https://openalex.org/W115341212
https://openalex.org/W2915216538
https://openalex.org/W2165523973
https://openalex.org/W2040107912
https://openalex.org/W2054660342
https://openalex.org/W1823183858
https://openalex.org/W2064049283
https://openalex.org/W2142916161
https://openalex.org/W2031582071
https://openalex.org/W2067020748
https://openalex.org/W2073632680
https://openalex.org/W2068448466
https://openalex.org/W1998455072
https://openalex.org/W2095898199
https://openalex.org/W2069570115
https://openalex.org/W1965222420
https://openalex.org/W2141931491
https://openalex.org/W2124732880
https://openalex.org/W1987172723
https://openalex.org/W1513601800
https://openalex.org/W1995676927
https://openalex.org/W1967729847
https://openalex.org/W1986198675
https://openalex.org/W2017005308
https://openalex.org/W2141288679
https://openalex.org/W2050679100
https://openalex.org/W1995210017
https://openalex.org/W2000500614
https://openalex.org/W2005992965
https://openalex.org/W2035926450
https://openalex.org/W2051225779
https://openalex.org/W2040398210
https://openalex.org/W2023485590
https://openalex.org/W2126658684
https://openalex.org/W2068869383
https://openalex.org/W2152684557
https://openalex.org/W2142753034
https://openalex.org/W2064316796
https://openalex.org/W4252769413
https://openalex.org/W1970898100
https://openalex.org/W1939086364
https://openalex.org/W2084142346
https://openalex.org/W1964677091
https://openalex.org/W2611200858
https://openalex.org/W2878163208
https://openalex.org/W2145463010
https://openalex.org/W2154125517
https://openalex.org/W1989406041
https://openalex.org/W1980985035
https://openalex.org/W2138748765
https://openalex.org/W2075796489
https://openalex.org/W2053176729
https://openalex.org/W2162259512
https://openalex.org/W2072498840
https://openalex.org/W2729235069
https://openalex.org/W2076982024
https://openalex.org/W2576959201
https://openalex.org/W2084733923
https://openalex.org/W2112033616
https://openalex.org/W2171092594
https://openalex.org/W2892241519
https://openalex.org/W1978353448
https://openalex.org/W2133801998
https://openalex.org/W2727146855
https://openalex.org/W2947339497
https://openalex.org/W2945637443
https://openalex.org/W3017844426
https://openalex.org/W2810917981
https://openalex.org/W4247938945
https://openalex.org/W3008237634
https://openalex.org/W4283019802
https://openalex.org/W4205681937
https://openalex.org/W4213041476
https://openalex.org/W4383998741
https://openalex.org/W4295959883
https://openalex.org/W4366751280
https://openalex.org/W4317508771
https://openalex.org/W1988843288
https://openalex.org/W1587904235
https://openalex.org/W1997304990
https://openalex.org/W4241756135
https://openalex.org/W1956236734
https://openalex.org/W2171214701
https://openalex.org/W1545136933
https://openalex.org/W2026025236
https://openalex.org/W2118736381
https://openalex.org/W2119570838
https://openalex.org/W2139030523
https://openalex.org/W1997316770
https://openalex.org/W2125602975
https://openalex.org/W2178662293
https://openalex.org/W1966396891
https://openalex.org/W2112581011
https://openalex.org/W2127517334
https://openalex.org/W2017953678
https://openalex.org/W2127647363
https://openalex.org/W2131597334
https://openalex.org/W2095803633
https://openalex.org/W2170025328
https://openalex.org/W1991058243
https://openalex.org/W2137412705
https://openalex.org/W1998970199
https://openalex.org/W2073885190
https://openalex.org/W2013425393
https://openalex.org/W2028166306
https://openalex.org/W2143715180
https://openalex.org/W2125677620
https://openalex.org/W2128566874
https://openalex.org/W2068287946
https://openalex.org/W2131824543
https://openalex.org/W2015917236
https://openalex.org/W2014942174
https://openalex.org/W2054891027
https://openalex.org/W2035091042
https://openalex.org/W2014270021
https://openalex.org/W1975744882
https://openalex.org/W2093068801
https://openalex.org/W2046852862
https://openalex.org/W2133149122
https://openalex.org/W2588893844
https://openalex.org/W1950148955
https://openalex.org/W2006463830
https://openalex.org/W2109544001
https://openalex.org/W2561444925
https://openalex.org/W2947521187
https://openalex.org/W2625599791
https://openalex.org/W2527196954
https://openalex.org/W2953453836
https://openalex.org/W2341771388
https://openalex.org/W3034861076
https://openalex.org/W2955702021
https://openalex.org/W3131587154
https://openalex.org/W3127761605
https://openalex.org/W3108828640
https://openalex.org/W3016943251
https://openalex.org/W4200339324
https://openalex.org/W4309204513
https://openalex.org/W4391469429
https://openalex.org/W4391993289
https://openalex.org/W4394766120
https://openalex.org/W1996573277
https://openalex.org/W2065870701
https://openalex.org/W2096706632
https://openalex.org/W1933620746
https://openalex.org/W2163299388
https://openalex.org/W2179953874
https://openalex.org/W2091386385
https://openalex.org/W2116450089
https://openalex.org/W2025757819
https://openalex.org/W2136978268
https://openalex.org/W2004727503
https://openalex.org/W2037766090
https://openalex.org/W2150169603
https://openalex.org/W1969107344
https://openalex.org/W2045093075
https://openalex.org/W2141061950
https://openalex.org/W2081282343
https://openalex.org/W1978864426
https://openalex.org/W2004460614
https://openalex.org/W2039561380
https://openalex.org/W2110675340
https://openalex.org/W2120994061
https://openalex.org/W2076901360
https://openalex.org/W1992753474
https://openalex.org/W2122630005
https://openalex.org/W2139081528
https://openalex.org/W2109984615
https://openalex.org/W2040235061
https://openalex.org/W2791247793
https://openalex.org/W4256350990
https://openalex.org/W2063817684
https://openalex.org/W2176197868
https://openalex.org/W1969416897
https://openalex.org/W2065699119
https://openalex.org/W2114074118
https://openalex.org/W2039242269
https://openalex.org/W53334791
https://openalex.org/W1994861481
https://openalex.org/W2057805090
https://openalex.org/W2134200867
https://openalex.org/W2127559996
https://openalex.org/W2034126030
https://openalex.org/W1965968853
https://openalex.org/W2063880522
https://openalex.org/W1915912781
https://openalex.org/W2141914159
https://openalex.org/W2063844621
https://openalex.org/W3263051
https://openalex.org/W2178975387
https://openalex.org/W1509488441
https://openalex.org/W2165931616
https://openalex.org/W2764097904
https://openalex.org/W2884796541
https://openalex.org/W3093080852
https://openalex.org/W3092825127
https://openalex.org/W3101698510
https://openalex.org/W3042269938
https://openalex.org/W3110224109
https://openalex.org/W3137722176
https://openalex.org/W3200613103
https://openalex.org/W4313379756
https://openalex.org/W4321596489
https://openalex.org/W4382561896
https://openalex.org/W4387128168
https://openalex.org/W2116682611
https://openalex.org/W2118046299
https://openalex.org/W2042399550
https://openalex.org/W4210565194
https://openalex.org/W2082689736
https://openalex.org/W2144310526
https://openalex.org/W2041827428
https://openalex.org/W2025506524
https://openalex.org/W2063712501
https://openalex.org/W2101058073
https://openalex.org/W164155281
https://openalex.org/W2048080017
https://openalex.org/W4251351633
https://openalex.org/W2165778423
https://openalex.org/W2069304215
https://openalex.org/W2137228670
https://openalex.org/W2012843190
https://openalex.org/W2020785970
https://openalex.org/W2023396736
https://openalex.org/W2078843021
https://openalex.org/W2177922167
https://openalex.org/W2101320446
https://openalex.org/W2085286848
https://openalex.org/W633839333
https://openalex.org/W2034165249
https://openalex.org/W2156407826
https://openalex.org/W1967950778
https://openalex.org/W2028272702
https://openalex.org/W2066934014
https://openalex.org/W4233863807
https://openalex.org/W2095025686
https://openalex.org/W2035542945
https://openalex.org/W1987124713
https://openalex.org/W2038713514
https://openalex.org/W2140014995
https://openalex.org/W1995814236
https://openalex.org/W2004766513
https://openalex.org/W2002800432
https://openalex.org/W2024805065
https://openalex.org/W2068193659
https://openalex.org/W2011438671
https://openalex.org/W2165443577
https://openalex.org/W2070957943
https://openalex.org/W2095410269
https://openalex.org/W2004605701
https://openalex.org/W2012415045
https://openalex.org/W2396722004
https://openalex.org/W1780573523
https://openalex.org/W2125711934
https://openalex.org/W2161876944
https://openalex.org/W1996318266
https://openalex.org/W2209476018
https://openalex.org/W2424385954
https://openalex.org/W2467923307
https://openalex.org/W2767141291
https://openalex.org/W763063979
https://openalex.org/W2805065527
https://openalex.org/W2521391841
https://openalex.org/W2920893241
https://openalex.org/W2966868504
https://openalex.org/W2951428927
https://openalex.org/W3014733798
https://openalex.org/W3095467939
https://openalex.org/W3189969404
https://openalex.org/W3131595325
https://openalex.org/W3175659160
https://openalex.org/W3102626377
https://openalex.org/W4214923467
https://openalex.org/W4366773099
https://openalex.org/W2044961533
https://openalex.org/W2030789552
https://openalex.org/W1985088880
https://openalex.org/W2141547815
https://openalex.org/W1552230426
https://openalex.org/W2061370209
https://openalex.org/W2131558828
https://openalex.org/W222125262
https://openalex.org/W2108816386
https://openalex.org/W1997569062
https://openalex.org/W2024387185
https://openalex.org/W2088510647
https://openalex.org/W1989694689
https://openalex.org/W1993449688
https://openalex.org/W2043142328
https://openalex.org/W2099831578
https://openalex.org/W2109057654
https://openalex.org/W2084894348
https://openalex.org/W2150970200
https://openalex.org/W1978550054
https://openalex.org/W2041811916
https://openalex.org/W2225613454
https://openalex.org/W2046760817
https://openalex.org/W2142391867
https://openalex.org/W2054553839
https://openalex.org/W2101828342
https://openalex.org/W2014616892
https://openalex.org/W2088837451
https://openalex.org/W2000458270
https://openalex.org/W2564566851
https://openalex.org/W1551267694
https://openalex.org/W2106124233
https://openalex.org/W2093710901
https://openalex.org/W2167953271
https://openalex.org/W2010096456
https://openalex.org/W2161716429
https://openalex.org/W1969958441
https://openalex.org/W1982562058
https://openalex.org/W2092352126
https://openalex.org/W2107014769
https://openalex.org/W1993560833
https://openalex.org/W2091566143
https://openalex.org/W2035696093
https://openalex.org/W2103034678
https://openalex.org/W1659451418
https://openalex.org/W2550224062
https://openalex.org/W2298547323
https://openalex.org/W2404833773
https://openalex.org/W2417536200
https://openalex.org/W2593935114
https://openalex.org/W3131379997
https://openalex.org/W3170590931
https://openalex.org/W3205974547
https://openalex.org/W3142947142
https://openalex.org/W3160265960
https://openalex.org/W2065453871
https://openalex.org/W1983543097
https://openalex.org/W2094851827
https://openalex.org/W1964477815
https://openalex.org/W2020767396
https://openalex.org/W2093327744
https://openalex.org/W2165180922
https://openalex.org/W2173155173
https://openalex.org/W2407622404
https://openalex.org/W1999232745
https://openalex.org/W2479051780
https://openalex.org/W2048214479
https://openalex.org/W2150998988
https://openalex.org/W2006066544
https://openalex.org/W2040720948
https://openalex.org/W4247220599
https://openalex.org/W2028277053
https://openalex.org/W2034549354
https://openalex.org/W2154334654
https://openalex.org/W2566301596
https://openalex.org/W1989623892
https://openalex.org/W2038445468
https://openalex.org/W2004241784
https://openalex.org/W2072168132
https://openalex.org/W4230902600
https://openalex.org/W1995244600
https://openalex.org/W1974436850
https://openalex.org/W1720760499
https://openalex.org/W2109824706
https://openalex.org/W2111505089
https://openalex.org/W2051878519
https://openalex.org/W2626604321
https://openalex.org/W2860603114
https://openalex.org/W2313736087
https://openalex.org/W2781595368
https://openalex.org/W2790110529
https://openalex.org/W2558825557
https://openalex.org/W2811310601
https://openalex.org/W3014482647
https://openalex.org/W4211245022
https://openalex.org/W4328048484
https://openalex.org/W4362664608
https://openalex.org/W4386204529
https://openalex.org/W4388942363
https://openalex.org/W4392636998
https://openalex.org/W1976598331
https://openalex.org/W1978669521
https://openalex.org/W2129465602
https://openalex.org/W1974271378
https://openalex.org/W2033640193
https://openalex.org/W2059409188
https://openalex.org/W2163450829
https://openalex.org/W1998165601
https://openalex.org/W2052075023
https://openalex.org/W1531323725
https://openalex.org/W1853885983
https://openalex.org/W1716162574
https://openalex.org/W1976017764
https://openalex.org/W2035678486
https://openalex.org/W2096917333
https://openalex.org/W1533298185
https://openalex.org/W2033854661
https://openalex.org/W2094098785
https://openalex.org/W2106561464
https://openalex.org/W2174307624
https://openalex.org/W2142205033
https://openalex.org/W1984350441
https://openalex.org/W2065618920
https://openalex.org/W1991985148
https://openalex.org/W1960399977
https://openalex.org/W1533210071
https://openalex.org/W2135773635
https://openalex.org/W2067799111
https://openalex.org/W2060260819
https://openalex.org/W1964115377
https://openalex.org/W2133330189
https://openalex.org/W2029620142
https://openalex.org/W2154359577
https://openalex.org/W2167907711
https://openalex.org/W2105436245
https://openalex.org/W2148493990
https://openalex.org/W1507777864
https://openalex.org/W1991452516
https://openalex.org/W2049224371
https://openalex.org/W2766874868
https://openalex.org/W2774274877
https://openalex.org/W2224432579
https://openalex.org/W286616228
https://openalex.org/W2009448954
https://openalex.org/W2277411707
https://openalex.org/W2466447984
https://openalex.org/W2807697466
https://openalex.org/W2900936406
https://openalex.org/W2922662586
https://openalex.org/W2969654082
https://openalex.org/W3037064793
https://openalex.org/W3097063900
https://openalex.org/W2982170050
https://openalex.org/W3000462062
https://openalex.org/W3006490371
https://openalex.org/W3041812464
https://openalex.org/W3093813380
https://openalex.org/W3112972471
https://openalex.org/W4236274711
https://openalex.org/W2970073689
https://openalex.org/W3036833969
https://openalex.org/W3135358623
https://openalex.org/W3181113016
https://openalex.org/W3126314936
https://openalex.org/W4200000646
https://openalex.org/W4225249181
https://openalex.org/W4281841301
https://openalex.org/W4282005085
https://openalex.org/W4388837176
https://openalex.org/W4390608706
https://openalex.org/W4390618099
https://openalex.org/W4390940026
https://openalex.org/W4391215563
https://openalex.org/W4391309681
https://openalex.org/W4391652216
https://openalex.org/W4391890460
https://openalex.org/W4392111970
https://openalex.org/W4392299671
https://openalex.org/W4392589453
https://openalex.org/W4392638193
https://openalex.org/W4392664796
https://openalex.org/W4393227225
https://openalex.org/W4393228693
https://openalex.org/W4393951431
https://openalex.org/W4393996307
https://openalex.org/W4393996782
https://openalex.org/W4394766043
https://openalex.org/W4396231696
https://openalex.org/W4396501834
https://openalex.org/W4396502519
https://openalex.org/W4396503405
https://openalex.org/W4396505193
https://openalex.org/W4396507316
https://openalex.org/W4396508054
https://openalex.org/W2090772159
https://openalex.org/W2142053774
https://openalex.org/W2042731822
https://openalex.org/W1968993754
https://openalex.org/W1999955817
https://openalex.org/W2092047005
https://openalex.org/W1508733563
https://openalex.org/W2064084155
https://openalex.org/W2046202646
https://openalex.org/W2008889035
https://openalex.org/W2050767940
https://openalex.org/W630334174
https://openalex.org/W2077748150
https://openalex.org/W1241149132
https://openalex.org/W2126036770
https://openalex.org/W2411556603
https://openalex.org/W2023383014
https://openalex.org/W1979982833
https://openalex.org/W2024268876
https://openalex.org/W2027705392
https://openalex.org/W4252979112
https://openalex.org/W2029516652
https://openalex.org/W2132665016
https://openalex.org/W2003797899
https://openalex.org/W1976646976
https://openalex.org/W2051814769
https://openalex.org/W1996590197
https://openalex.org/W2029812303
https://openalex.org/W2159205683
https://openalex.org/W1489599371
https://openalex.org/W2143966494
https://openalex.org/W2012424390
https://openalex.org/W2046128077
https://openalex.org/W2077178562
https://openalex.org/W2113979191
https://openalex.org/W2529551304
https://openalex.org/W2580283043
https://openalex.org/W2613269666
https://openalex.org/W2901667202
https://openalex.org/W2800135362
https://openalex.org/W2980629642
https://openalex.org/W2138879695
https://openalex.org/W3043736017
https://openalex.org/W4200459202
https://openalex.org/W4311513210
https://openalex.org/W4360872615
https://openalex.org/W4362674593
https://openalex.org/W4366598545
https://openalex.org/W4385358686
https://openalex.org/W2016613995
https://openalex.org/W1987966191
https://openalex.org/W2123163553
https://openalex.org/W2108988395
https://openalex.org/W2038488482
https://openalex.org/W2070882308
https://openalex.org/W2126975410
https://openalex.org/W2057427528
https://openalex.org/W2073901763
https://openalex.org/W2075248023
https://openalex.org/W2313613592
https://openalex.org/W1993956516
https://openalex.org/W2117180330
https://openalex.org/W2509316539
https://openalex.org/W1985999835
https://openalex.org/W2052748128
https://openalex.org/W2111253018
https://openalex.org/W602431953
https://openalex.org/W2168236401
https://openalex.org/W2118393966
https://openalex.org/W2030643643
https://openalex.org/W2032118876
https://openalex.org/W2099774132
https://openalex.org/W1992525499
https://openalex.org/W2000057137
https://openalex.org/W2039041939
https://openalex.org/W2053091491
https://openalex.org/W1988580004
https://openalex.org/W2090476519
https://openalex.org/W2141467427
https://openalex.org/W2021528819
https://openalex.org/W2135215129
https://openalex.org/W2146733517
https://openalex.org/W2596645337
https://openalex.org/W2804590264
https://openalex.org/W2472528412
https://openalex.org/W2611428458
https://openalex.org/W2560660318
https://openalex.org/W2581549249
https://openalex.org/W3160929406
https://openalex.org/W3168680368
https://openalex.org/W4214733076
https://openalex.org/W4285740407
https://openalex.org/W4312129100
https://openalex.org/W1972708088
https://openalex.org/W1973104533
https://openalex.org/W1997705188
https://openalex.org/W2044155071
https://openalex.org/W2236652609
https://openalex.org/W2105860325
https://openalex.org/W2019523193
https://openalex.org/W2074191924
https://openalex.org/W2078491435
https://openalex.org/W1976648133
https://openalex.org/W1991703896
https://openalex.org/W2107302692
https://openalex.org/W1998843997
https://openalex.org/W2063946833
https://openalex.org/W2135966541
https://openalex.org/W1569767283
https://openalex.org/W2033469099
https://openalex.org/W2075703697
https://openalex.org/W2091366996
https://openalex.org/W2115117344
https://openalex.org/W2616833023
https://openalex.org/W2038723335
https://openalex.org/W63517805
https://openalex.org/W2135328766
https://openalex.org/W2346676646
https://openalex.org/W2091854646
https://openalex.org/W2121683285
https://openalex.org/W1878420379
https://openalex.org/W2765892394
https://openalex.org/W2771019778
https://openalex.org/W1970242468
https://openalex.org/W1974247325
https://openalex.org/W3155933741
https://openalex.org/W4200015888
https://openalex.org/W4213389717
https://openalex.org/W3200963805
https://openalex.org/W4281249379
https://openalex.org/W4303613718
https://openalex.org/W4306174393
https://openalex.org/W1975180769
https://openalex.org/W1977214146
https://openalex.org/W4244374904
https://openalex.org/W2063595566
https://openalex.org/W1910689986
https://openalex.org/W2071337207
https://openalex.org/W2069334394
https://openalex.org/W2072106047
https://openalex.org/W2163274288
https://openalex.org/W901928553
https://openalex.org/W1556980378
https://openalex.org/W1964882069
https://openalex.org/W2155511216
https://openalex.org/W2018985034
https://openalex.org/W202198098
https://openalex.org/W2185598628
https://openalex.org/W1975420216
https://openalex.org/W4244569496
https://openalex.org/W1908033178
https://openalex.org/W1522267502
https://openalex.org/W1977627977
https://openalex.org/W1982173511
https://openalex.org/W2031782530
https://openalex.org/W2314273851
https://openalex.org/W2415910108
https://openalex.org/W2001488859
https://openalex.org/W2025425982
https://openalex.org/W2148814789
https://openalex.org/W2338526171
https://openalex.org/W2563657286
https://openalex.org/W2571364214
https://openalex.org/W2898424404
https://openalex.org/W2920326694
https://openalex.org/W3015165784
https://openalex.org/W3025113569
https://openalex.org/W3047296631
https://openalex.org/W3007834989
https://openalex.org/W3122305609
https://openalex.org/W3160441955
https://openalex.org/W1980952258
https://openalex.org/W4385064503
https://openalex.org/W2051722436
https://openalex.org/W1999765580
https://openalex.org/W2022373296
https://openalex.org/W2061112464
https://openalex.org/W4249676166
https://openalex.org/W1990323986
https://openalex.org/W2036781524
https://openalex.org/W2142008137
https://openalex.org/W2461329063
https://openalex.org/W4243797386
https://openalex.org/W2042324725
https://openalex.org/W2119994454
https://openalex.org/W2142972911
https://openalex.org/W2463384774
https://openalex.org/W1985568172
https://openalex.org/W2027493229
https://openalex.org/W2033017391
https://openalex.org/W2040239496
https://openalex.org/W2067605919
https://openalex.org/W4240295291
https://openalex.org/W2041174107
https://openalex.org/W2576877361
https://openalex.org/W2112784621
https://openalex.org/W2047241441
https://openalex.org/W2108394304
https://openalex.org/W2143899311
https://openalex.org/W2062493566
https://openalex.org/W2096701796
https://openalex.org/W2151026647
https://openalex.org/W1965975249
https://openalex.org/W2027810309
https://openalex.org/W1931063683
https://openalex.org/W2011137902
https://openalex.org/W2112699716
https://openalex.org/W246871401
https://openalex.org/W2921605780
https://openalex.org/W2980673135
https://openalex.org/W2503465614
https://openalex.org/W3011101542
https://openalex.org/W3151044262
https://openalex.org/W4205854472
https://openalex.org/W4284885622
https://openalex.org/W4296747773
https://openalex.org/W4282025571
https://openalex.org/W4296903688
https://openalex.org/W4317433685
https://openalex.org/W4317738546
https://openalex.org/W4320004142
https://openalex.org/W4321749178
https://openalex.org/W4324305934
https://openalex.org/W4364352146
https://openalex.org/W4367671618
https://openalex.org/W4377137908
https://openalex.org/W4377291707
https://openalex.org/W4381804988
https://openalex.org/W4384828363
https://openalex.org/W4385767351
https://openalex.org/W4387980305
https://openalex.org/W4388680021
https://openalex.org/W4388729088
https://openalex.org/W4390142659
https://openalex.org/W1975968908
https://openalex.org/W2008658173
https://openalex.org/W2040181142
https://openalex.org/W2004558511
https://openalex.org/W2384614900
https://openalex.org/W4235730421
https://openalex.org/W1976860521
https://openalex.org/W1995970379
https://openalex.org/W2410149117
https://openalex.org/W2185065627
https://openalex.org/W2066057301
https://openalex.org/W2611507078
https://openalex.org/W621964170
https://openalex.org/W1808375946
https://openalex.org/W1994079466
https://openalex.org/W2005131997
https://openalex.org/W2015221937
https://openalex.org/W1532412153
https://openalex.org/W1992772059
https://openalex.org/W2133890853
https://openalex.org/W1881196282
https://openalex.org/W2072786593
https://openalex.org/W2056333133
https://openalex.org/W2099998674
https://openalex.org/W2727919258
https://openalex.org/W2769046957
https://openalex.org/W1668126859
https://openalex.org/W2056172954
https://openalex.org/W2763945846
https://openalex.org/W2943224186
https://openalex.org/W3115682777
https://openalex.org/W1886568629
https://openalex.org/W2026479218
https://openalex.org/W2036919692
https://openalex.org/W2129418421
https://openalex.org/W2401563265
https://openalex.org/W2025855615
https://openalex.org/W2081008326
https://openalex.org/W2322164661
https://openalex.org/W2008777944
https://openalex.org/W2011752512
https://openalex.org/W2090261145
https://openalex.org/W2216277037
https://openalex.org/W1973548213
https://openalex.org/W2044768781
https://openalex.org/W1823446936
https://openalex.org/W1520407318
https://openalex.org/W2057505887
https://openalex.org/W1979043802
https://openalex.org/W2102848383
https://openalex.org/W1981152975
https://openalex.org/W2036049467
https://openalex.org/W2138672260
https://openalex.org/W2320984647
https://openalex.org/W2019898287
https://openalex.org/W2026568605
https://openalex.org/W203057672
https://openalex.org/W2395956893
https://openalex.org/W2974490667
https://openalex.org/W2980178090
https://openalex.org/W2990933133
https://openalex.org/W3009711950
https://openalex.org/W3011179069
https://openalex.org/W3013461283
https://openalex.org/W3121937872
https://openalex.org/W3137716228
https://openalex.org/W4200166735
https://openalex.org/W1981765366
https://openalex.org/W2022050021
https://openalex.org/W2048176701
https://openalex.org/W2078655454
https://openalex.org/W2128134646
https://openalex.org/W2149636747
https://openalex.org/W2025835829
https://openalex.org/W2086165349
https://openalex.org/W1875853399
https://openalex.org/W1176256355
https://openalex.org/W2132311548
https://openalex.org/W2019298839
https://openalex.org/W2062653226
https://openalex.org/W2003152683
https://openalex.org/W2050479301
https://openalex.org/W2067844570
https://openalex.org/W2119343514
https://openalex.org/W2319952228
https://openalex.org/W1601023181
https://openalex.org/W1983408058
https://openalex.org/W2006863637
https://openalex.org/W2114819124
https://openalex.org/W2149882046
https://openalex.org/W2785947101
https://openalex.org/W1990913243
https://openalex.org/W2150354859
https://openalex.org/W2151347827
https://openalex.org/W2221637953
https://openalex.org/W2438136474
https://openalex.org/W2626067494
https://openalex.org/W2767604033
https://openalex.org/W2941106269
https://openalex.org/W2980843567
https://openalex.org/W3026082442
https://openalex.org/W3037243237
https://openalex.org/W3185343524
https://openalex.org/W4200585115
https://openalex.org/W3157958682
https://openalex.org/W4213323600
https://openalex.org/W4224996823
https://openalex.org/W4297184523
https://openalex.org/W2137727915
https://openalex.org/W51873330
https://openalex.org/W1920924014
https://openalex.org/W19330095
https://openalex.org/W2087444817
https://openalex.org/W285075209
https://openalex.org/W4235119067
https://openalex.org/W1987527575
https://openalex.org/W2051921310
https://openalex.org/W2085202966
https://openalex.org/W1987884622
https://openalex.org/W2059674191
https://openalex.org/W2084889428
https://openalex.org/W2166498796
https://openalex.org/W4248373199
https://openalex.org/W2023929468
https://openalex.org/W1964689010
https://openalex.org/W1982245194
https://openalex.org/W1996918999
https://openalex.org/W4232102379
https://openalex.org/W2281442711
https://openalex.org/W2869513180
https://openalex.org/W2898506193
https://openalex.org/W1985067689
https://openalex.org/W2486044415
https://openalex.org/W2543931746
https://openalex.org/W2975131189
https://openalex.org/W3111619961
https://openalex.org/W3112229272
https://openalex.org/W874531347
https://openalex.org/W2018760312
https://openalex.org/W1758747272
https://openalex.org/W1911124177
https://openalex.org/W2192571984
https://openalex.org/W2153443539
https://openalex.org/W2109007429
https://openalex.org/W2581569330
https://openalex.org/W2588982497
https://openalex.org/W2891906245
https://openalex.org/W2923365769
https://openalex.org/W2990461558
https://openalex.org/W2991319615
https://openalex.org/W2472364951
https://openalex.org/W3202401628
https://openalex.org/W168711936
https://openalex.org/W2408522084
https://openalex.org/W1969589357
https://openalex.org/W2011636063
https://openalex.org/W2078294822
https://openalex.org/W2119519368
https://openalex.org/W2015266333
https://openalex.org/W2055368271
https://openalex.org/W2143527481
https://openalex.org/W2210782020
https://openalex.org/W2321546839
https://openalex.org/W2401115655
https://openalex.org/W83859975
https://openalex.org/W1897460325
https://openalex.org/W2014483369
https://openalex.org/W2001643828
https://openalex.org/W1978725757
https://openalex.org/W2095885473
https://openalex.org/W1988716745
https://openalex.org/W2028484891
https://openalex.org/W2032093661
https://openalex.org/W1888206950
https://openalex.org/W1967510327
https://openalex.org/W2603612200
https://openalex.org/W2767978162
https://openalex.org/W2786953803
https://openalex.org/W2910594245
https://openalex.org/W2955443845
https://openalex.org/W2972689704
https://openalex.org/W2979157036
https://openalex.org/W2994893838
https://openalex.org/W3097446924
https://openalex.org/W3106686816
https://openalex.org/W4232244378
https://openalex.org/W4237128826
https://openalex.org/W2021353437
https://openalex.org/W2288565924
https://openalex.org/W2319960330
https://openalex.org/W4206289544
https://openalex.org/W4292482629
https://openalex.org/W4295758682
https://openalex.org/W1970072364
https://openalex.org/W2036970096
https://openalex.org/W2159659130
https://openalex.org/W4240829888
https://openalex.org/W1992115520
https://openalex.org/W2103006824
https://openalex.org/W2153432460
https://openalex.org/W2153563853
https://openalex.org/W2418642952
https://openalex.org/W1955610655
https://openalex.org/W2098194523
https://openalex.org/W2155010697
https://openalex.org/W1994940688
https://openalex.org/W3194001849
https://openalex.org/W4387913547
https://openalex.org/W2039850287
https://openalex.org/W2057475861
https://openalex.org/W2120581914
https://openalex.org/W2185337107
https://openalex.org/W4253182507
https://openalex.org/W2016563430
https://openalex.org/W83790907
https://openalex.org/W2049618489
https://openalex.org/W2065113806
https://openalex.org/W25921281
https://openalex.org/W4256544228
https://openalex.org/W2127722211
https://openalex.org/W2316107933
https://openalex.org/W130239834
https://openalex.org/W1638191025
https://openalex.org/W2000856121
https://openalex.org/W2626524513
https://openalex.org/W2755999518
https://openalex.org/W2777679989
https://openalex.org/W2897069221
https://openalex.org/W2899617802
https://openalex.org/W2964677966
https://openalex.org/W2974478176
https://openalex.org/W2980010500
https://openalex.org/W2984264270
https://openalex.org/W3030659401
https://openalex.org/W3045972305
https://openalex.org/W3090055426
https://openalex.org/W3116321795
https://openalex.org/W3119376966
https://openalex.org/W3121230082
https://openalex.org/W3154792854
https://openalex.org/W3196088491
https://openalex.org/W4200306456
https://openalex.org/W4200370284
https://openalex.org/W4231944486
https://openalex.org/W4318745775
https://openalex.org/W1586212424
https://openalex.org/W2140254494
https://openalex.org/W2215972156
https://openalex.org/W2418549511
https://openalex.org/W3031194097
https://openalex.org/W4323671209
https://openalex.org/W4387913485
https://openalex.org/W4387979495
https://openalex.org/W2081136960
https://openalex.org/W2088264928
https://openalex.org/W2106485842
https://openalex.org/W2083659681
https://openalex.org/W178954489
https://openalex.org/W1893103483
https://openalex.org/W2069890256
https://openalex.org/W1981902667
https://openalex.org/W1062673
https://openalex.org/W1524086421
https://openalex.org/W1807662628
https://openalex.org/W1830208728
https://openalex.org/W191052498
https://openalex.org/W1987040150
https://openalex.org/W2046850663
https://openalex.org/W2085236690
https://openalex.org/W2129049985
https://openalex.org/W2400091371
https://openalex.org/W313162183
https://openalex.org/W2442580884
https://openalex.org/W4315628490
https://openalex.org/W4317556223
https://openalex.org/W4320008568
https://openalex.org/W4321205391
https://openalex.org/W4321783266
https://openalex.org/W4323349168
https://openalex.org/W4360992099
https://openalex.org/W4361264678
https://openalex.org/W4362718535
https://openalex.org/W4367297830
https://openalex.org/W4367605627
https://openalex.org/W4376224869
https://openalex.org/W4377093554
https://openalex.org/W4377565403
https://openalex.org/W4379107219
https://openalex.org/W4379795375
https://openalex.org/W4379800783
https://openalex.org/W4380480320
https://openalex.org/W4382459937
https://openalex.org/W4384009351
https://openalex.org/W4385061136
https://openalex.org/W4385819017
https://openalex.org/W4385844507
https://openalex.org/W4386330812
https://openalex.org/W4386484521
https://openalex.org/W4386593523
https://openalex.org/W4386631441
https://openalex.org/W4387001786
https://openalex.org/W4387913466
https://openalex.org/W4387913473
https://openalex.org/W4387913494
https://openalex.org/W4387913506
https://openalex.org/W4387913563
https://openalex.org/W4387979202
https://openalex.org/W4387979716
https://openalex.org/W4387980534
https://openalex.org/W4387980543
https://openalex.org/W4387981295
https://openalex.org/W4387981374
https://openalex.org/W4387981448
https://openalex.org/W4388187187
https://openalex.org/W4388187458
https://openalex.org/W4388190559
https://openalex.org/W4388410816
https://openalex.org/W4388411178
https://openalex.org/W4388461336
https://openalex.org/W4388503276
https://openalex.org/W4389036087
https://openalex.org/W4389245115
https://openalex.org/W4389737886
https://openalex.org/W4389918190
https://openalex.org/W4389952679
https://openalex.org/W4391548815
https://openalex.org/W1668931250
https://openalex.org/W2027150268
https://openalex.org/W2045639656
https://openalex.org/W2394711044
https://openalex.org/W2041427725
https://openalex.org/W2166565667
https://openalex.org/W2413785411
https://openalex.org/W1595912160
https://openalex.org/W2009489236
https://openalex.org/W2412283410
https://openalex.org/W2050426132
https://openalex.org/W2064298116
https://openalex.org/W1587622935
https://openalex.org/W2076480946
https://openalex.org/W2748970789
https://openalex.org/W2778722271
https://openalex.org/W2114483221
https://openalex.org/W2121409283
https://openalex.org/W2408406626
https://openalex.org/W393643833
https://openalex.org/W118103322
https://openalex.org/W2399501062
https://openalex.org/W2754294521
https://openalex.org/W4250661154
https://openalex.org/W1425971907
https://openalex.org/W2024089126
https://openalex.org/W2049443214
https://openalex.org/W2081911155
https://openalex.org/W2108507955
https://openalex.org/W2832605096
https://openalex.org/W2894535565
https://openalex.org/W2899062172
https://openalex.org/W2910897312
https://openalex.org/W2917546531
https://openalex.org/W3006298630
https://openalex.org/W3019064086
https://openalex.org/W3022973502
https://openalex.org/W3082184945
https://openalex.org/W3095219385
https://openalex.org/W3107245973
https://openalex.org/W3109315292
https://openalex.org/W3132997697
https://openalex.org/W3137751203
https://openalex.org/W3146023860
https://openalex.org/W3154478060
https://openalex.org/W3158875500
https://openalex.org/W3159724341
https://openalex.org/W3168040361
https://openalex.org/W3201645753
https://openalex.org/W2299384619
https://openalex.org/W2414801042
https://openalex.org/W2492328376
https://openalex.org/W2556044660
https://openalex.org/W2558430957
https://openalex.org/W2775186420
https://openalex.org/W3032436668
https://openalex.org/W3139150985
https://openalex.org/W3215154308
https://openalex.org/W4205836861
https://openalex.org/W4206167047
https://openalex.org/W4210909994
https://openalex.org/W4210961096
https://openalex.org/W4210964138
https://openalex.org/W4225328991
https://openalex.org/W4282042674
https://openalex.org/W4285277457
https://openalex.org/W4292057262
https://openalex.org/W4295193436
https://openalex.org/W4309662595
https://openalex.org/W4313471831
https://openalex.org/W2156081888
https://openalex.org/W2414724730
https://openalex.org/W2571298819
https://openalex.org/W1014526098
https://openalex.org/W1531909197
https://openalex.org/W2409558970
https://openalex.org/W2417846629
https://openalex.org/W2466853058
https://openalex.org/W54085759
https://openalex.org/W1562164249
https://openalex.org/W1614619146
https://openalex.org/W2092209641
https://openalex.org/W2149403856
https://openalex.org/W2321599940
https://openalex.org/W2439016684
https://openalex.org/W87447382
https://openalex.org/W2520146009
https://openalex.org/W2016607627
https://openalex.org/W1175748719
https://openalex.org/W129891106
https://openalex.org/W1506550265
https://openalex.org/W1507537322
https://openalex.org/W1517140183
https://openalex.org/W1689052420
https://openalex.org/W1880029944
https://openalex.org/W1969670443
https://openalex.org/W1975819278
https://openalex.org/W2075881696
https://openalex.org/W2080919257
https://openalex.org/W2103648784
https://openalex.org/W2162261806
https://openalex.org/W2322434519
https://openalex.org/W2759457031
https://openalex.org/W2797287838
https://openalex.org/W2983047587
https://openalex.org/W4301516403
https://openalex.org/W76079950
https://openalex.org/W1537369323
https://openalex.org/W2035364115
https://openalex.org/W2103650851
https://openalex.org/W2417966395
https://openalex.org/W2405917131
https://openalex.org/W2409156013
https://openalex.org/W4252854921
https://openalex.org/W4495533
https://openalex.org/W2005157086
https://openalex.org/W2161629320
https://openalex.org/W4244528347
https://openalex.org/W1972833587
https://openalex.org/W1984676336
https://openalex.org/W2004914520
https://openalex.org/W2417250384
https://openalex.org/W1973111413
https://openalex.org/W1990572397
https://openalex.org/W2046679724
https://openalex.org/W2107610310
https://openalex.org/W2122147678
https://openalex.org/W2399319908
https://openalex.org/W2403672777
https://openalex.org/W2732707657
https://openalex.org/W2741419073
https://openalex.org/W2769305416
https://openalex.org/W3142776190
https://openalex.org/W3146957218
https://openalex.org/W318380219
https://openalex.org/W1990086181
https://openalex.org/W2040652787
https://openalex.org/W2055179907
https://openalex.org/W2064349558
https://openalex.org/W2069113493
https://openalex.org/W2409297344
https://openalex.org/W2419591459
https://openalex.org/W1587489981
https://openalex.org/W2013826769
https://openalex.org/W37061949
https://openalex.org/W4248213495
https://openalex.org/W1984613631
https://openalex.org/W2057197891
https://openalex.org/W4237234108
https://openalex.org/W197133603
https://openalex.org/W2039358416
https://openalex.org/W2402069593
https://openalex.org/W2784827553
https://openalex.org/W2804234361
https://openalex.org/W2906001728
https://openalex.org/W2955790603
https://openalex.org/W4232308286
https://openalex.org/W4299554433
https://openalex.org/W19418185
https://openalex.org/W1993560510
https://openalex.org/W199555170
https://openalex.org/W2029047775
https://openalex.org/W2094486620
https://openalex.org/W2039923683
https://openalex.org/W2065536923
https://openalex.org/W2436865413
https://openalex.org/W2934202118
https://openalex.org/W2954524422
https://openalex.org/W2991238800
https://openalex.org/W2996590990
https://openalex.org/W3012560012
https://openalex.org/W3041775946
https://openalex.org/W3085887393
https://openalex.org/W3097641883
https://openalex.org/W3114843836
https://openalex.org/W4214834296
https://openalex.org/W4214895038
https://openalex.org/W4230350307
https://openalex.org/W4249424015
https://openalex.org/W4318745768
https://openalex.org/W1569234374
https://openalex.org/W1991378797
https://openalex.org/W1995082077
https://openalex.org/W2028818672
https://openalex.org/W2051042808
https://openalex.org/W2081582017
https://openalex.org/W2241871462
https://openalex.org/W2330311219
https://openalex.org/W2419493101
https://openalex.org/W2498198949
https://openalex.org/W2569496506
https://openalex.org/W4231237478
https://openalex.org/W806318325
https://openalex.org/W1556735200
https://openalex.org/W162406943
https://openalex.org/W2007294706
https://openalex.org/W2027076648
https://openalex.org/W2133737959
https://openalex.org/W3007823925
https://openalex.org/W4241535411
https://openalex.org/W2555119949
https://openalex.org/W3023128115
https://openalex.org/W3134427585
https://openalex.org/W3134578826
https://openalex.org/W3171013555
https://openalex.org/W3173765993
https://openalex.org/W3181610886
https://openalex.org/W3185917950
https://openalex.org/W3188288769
https://openalex.org/W3207131307
https://openalex.org/W3215446867
https://openalex.org/W3217110744
https://openalex.org/W3217152090
https://openalex.org/W4200384276
https://openalex.org/W4225774010
https://openalex.org/W4237018138
https://openalex.org/W4246448192
https://openalex.org/W1860216526
https://openalex.org/W298444435
https://openalex.org/W4248951679
https://openalex.org/W4251385459
https://openalex.org/W19932906
https://openalex.org/W2086936014
https://openalex.org/W2126426969
https://openalex.org/W2985965816
https://openalex.org/W2402752690
https://openalex.org/W2414423214
https://openalex.org/W2418706329
https://openalex.org/W2442401979
https://openalex.org/W4249209858
https://openalex.org/W1974379203
https://openalex.org/W2074632228
https://openalex.org/W2319387639
https://openalex.org/W2409726282
https://openalex.org/W2471404089
https://openalex.org/W71380806
https://openalex.org/W855678823
https://openalex.org/W1928788321
https://openalex.org/W1966787343
https://openalex.org/W2438062199
https://openalex.org/W2611993805
https://openalex.org/W36364152
https://openalex.org/W4213101404
https://openalex.org/W127162937
https://openalex.org/W1475915691
https://openalex.org/W1583215970
https://openalex.org/W1769556414
https://openalex.org/W177209767
https://openalex.org/W1826939511
https://openalex.org/W1972620
https://openalex.org/W2015995336
https://openalex.org/W2040760207
https://openalex.org/W2068748834
https://openalex.org/W2073844440
https://openalex.org/W2154724550
https://openalex.org/W2188434930
https://openalex.org/W2283714041
https://openalex.org/W2289431928
https://openalex.org/W2291292834
https://openalex.org/W2299189799
https://openalex.org/W2307590177
https://openalex.org/W2315950564
https://openalex.org/W2343394579
https://openalex.org/W2344616865
https://openalex.org/W2400813740
https://openalex.org/W2411649166
https://openalex.org/W2418016197
https://openalex.org/W2470868532
https://openalex.org/W2479142892
https://openalex.org/W2530093987
https://openalex.org/W2530730127
https://openalex.org/W2547612501
https://openalex.org/W2552504786
https://openalex.org/W2557740392
https://openalex.org/W2560608026
https://openalex.org/W2560769710
https://openalex.org/W2561626038
https://openalex.org/W2566950669
https://openalex.org/W2586945435
https://openalex.org/W2587175625
https://openalex.org/W2587471671
https://openalex.org/W2588348254
https://openalex.org/W2604912541
https://openalex.org/W2611661407
https://openalex.org/W2739819585
https://openalex.org/W2759651549
https://openalex.org/W2803146193
https://openalex.org/W2923153758
https://openalex.org/W2931720629
https://openalex.org/W2934323895
https://openalex.org/W2972273283
https://openalex.org/W2977327822
https://openalex.org/W2978649011
https://openalex.org/W2979058519
https://openalex.org/W2979119446
https://openalex.org/W3027724412
https://openalex.org/W3029615351
https://openalex.org/W3030157801
https://openalex.org/W3030344927
https://openalex.org/W3030347545
https://openalex.org/W3032096942
https://openalex.org/W4230885545
https://openalex.org/W4231638103
https://openalex.org/W4232593906
https://openalex.org/W4233094501
https://openalex.org/W4238150308
https://openalex.org/W4382178169
https://openalex.org/W71526150
https://openalex.org/W746760814
https://openalex.org/W1001091059
https://openalex.org/W2026343372
https://openalex.org/W2233624446
https://openalex.org/W2321007041
https://openalex.org/W2321864335
https://openalex.org/W2418814990
https://openalex.org/W2429841912
https://openalex.org/W45194525
https://openalex.org/W47067973
https://openalex.org/W142023666
https://openalex.org/W1965910289
https://openalex.org/W1976619929
https://openalex.org/W2400399195
https://openalex.org/W3033187303
https://openalex.org/W1448595363
https://openalex.org/W150200030
https://openalex.org/W1550522579
https://openalex.org/W1562156322
https://openalex.org/W157480342
https://openalex.org/W189612504
https://openalex.org/W1961806252
https://openalex.org/W1969495094
https://openalex.org/W1971483107
https://openalex.org/W1975460265
https://openalex.org/W1987300234
https://openalex.org/W1997333770
https://openalex.org/W2004900078
https://openalex.org/W2029045550
https://openalex.org/W2032230468
https://openalex.org/W2053193750
https://openalex.org/W205425623
https://openalex.org/W2057410890
https://openalex.org/W2062173813
https://openalex.org/W2066306891
https://openalex.org/W2070755262
https://openalex.org/W2101628461
https://openalex.org/W2115825105
https://openalex.org/W2121627026
https://openalex.org/W2142431506
https://openalex.org/W2184911126
https://openalex.org/W2185800752
https://openalex.org/W2208838107
https://openalex.org/W2275949084
https://openalex.org/W2282278623
https://openalex.org/W2313041854
https://openalex.org/W2319714377
https://openalex.org/W2322230299
https://openalex.org/W2323097661
https://openalex.org/W2324334306
https://openalex.org/W2334896425
https://openalex.org/W2342235332
https://openalex.org/W2405624109
https://openalex.org/W2416385565
https://openalex.org/W2417965132
https://openalex.org/W2433553970
https://openalex.org/W2566666703
https://openalex.org/W2567134658
https://openalex.org/W2590522164
https://openalex.org/W26997097
https://openalex.org/W2748882891
https://openalex.org/W2795628857
https://openalex.org/W2897231486
https://openalex.org/W2912324462
https://openalex.org/W2920532937
https://openalex.org/W2921977282
https://openalex.org/W2923840803
https://openalex.org/W2924871979
https://openalex.org/W2927858269
https://openalex.org/W2927891551
https://openalex.org/W2931875759
https://openalex.org/W2977489806
https://openalex.org/W2977806668
https://openalex.org/W2978001646
https://openalex.org/W2978535443
https://openalex.org/W2978915849
https://openalex.org/W3080821139
https://openalex.org/W31608204
https://openalex.org/W3161622034
https://openalex.org/W4229983779
https://openalex.org/W47307127
https://openalex.org/W63848170
https://openalex.org/W2397157755
https://openalex.org/W2402602324
https://openalex.org/W2422700860
https://openalex.org/W3044156082
https://openalex.org/W4390086349
https://openalex.org/W2313458934
https://openalex.org/W3034085980
https://openalex.org/W370353016
https://openalex.org/W1978367550
https://openalex.org/W1985896035
https://openalex.org/W1986215594
https://openalex.org/W1987522216
https://openalex.org/W2060965618
https://openalex.org/W2094260604
https://openalex.org/W21135712
https://openalex.org/W2281267781
https://openalex.org/W2292839170
https://openalex.org/W2394763642
https://openalex.org/W2397860026
https://openalex.org/W2399286023
https://openalex.org/W2402099120
https://openalex.org/W2416445990
https://openalex.org/W2416642504
https://openalex.org/W2417271555
https://openalex.org/W2427995414
https://openalex.org/W2430834270
https://openalex.org/W2499279049
https://openalex.org/W2564069605
https://openalex.org/W2592068783
https://openalex.org/W2597360560
https://openalex.org/W2600552548
https://openalex.org/W2618914762
https://openalex.org/W2620596926
https://openalex.org/W2626048540
https://openalex.org/W2740611107
https://openalex.org/W2761533937
https://openalex.org/W2767151058
https://openalex.org/W2773096280
https://openalex.org/W2777196816
https://openalex.org/W2785154472
https://openalex.org/W2799712872
https://openalex.org/W2901344546
https://openalex.org/W2917235559
https://openalex.org/W2934408571
https://openalex.org/W2949252712
https://openalex.org/W2950802629
https://openalex.org/W2973939367
https://openalex.org/W2976832390
https://openalex.org/W2978645938
https://openalex.org/W3025753929
https://openalex.org/W3110911037
https://openalex.org/W312115322
https://openalex.org/W4225595710
https://openalex.org/W4240839914
https://openalex.org/W4286286862
https://openalex.org/W4286842234
https://openalex.org/W4300875634
https://openalex.org/W4393298650
https://openalex.org/W2419345786
https://openalex.org/W1018989342
https://openalex.org/W1592112984
https://openalex.org/W1596292304
https://openalex.org/W172676950
https://openalex.org/W186452572
https://openalex.org/W1968586819
https://openalex.org/W1988448249
https://openalex.org/W2056090398
https://openalex.org/W2062007149
https://openalex.org/W2079178494
https://openalex.org/W2178258161
https://openalex.org/W2189179349
https://openalex.org/W2253535998
https://openalex.org/W2312965535
https://openalex.org/W2330791832
https://openalex.org/W2411699436
https://openalex.org/W2554991476
https://openalex.org/W2594156227
https://openalex.org/W2890259222
https://openalex.org/W2955486705
https://openalex.org/W3203802453
https://openalex.org/W3214913997
https://openalex.org/W4205667236
https://openalex.org/W4206120835
https://openalex.org/W4206127373
https://openalex.org/W4210785412
https://openalex.org/W4210836575
https://openalex.org/W4210842393
https://openalex.org/W4211134884
https://openalex.org/W4211238118
https://openalex.org/W4213030001
https://openalex.org/W4213354172
https://openalex.org/W4214734033
https://openalex.org/W4220765571
https://openalex.org/W4223892310
https://openalex.org/W4224309485
https://openalex.org/W4225300801
https://openalex.org/W4225309802
https://openalex.org/W4252393120
https://openalex.org/W4252804931
https://openalex.org/W4285096079
https://openalex.org/W4285229011
https://openalex.org/W4285308511
https://openalex.org/W4288056471
https://openalex.org/W4288425235
https://openalex.org/W4290718188
https://openalex.org/W4295927378
https://openalex.org/W4296626138
https://openalex.org/W4299127936
https://openalex.org/W4300585952
https://openalex.org/W4303411641
https://openalex.org/W4303627620
https://openalex.org/W4306828750
https://openalex.org/W4309669734
https://openalex.org/W4310436380
https://openalex.org/W4312405620
https://openalex.org/W4312448903
https://openalex.org/W4312831800
https://openalex.org/W4321844547
https://openalex.org/W4376624486
https://openalex.org/W788937285
https://openalex.org/W976598522
https://openalex.org/W2048349815
https://openalex.org/W2090449455
https://openalex.org/W2400747790
https://openalex.org/W2409286217
https://openalex.org/W4250897834
https://openalex.org/W51218113
https://openalex.org/W1529370039
https://openalex.org/W1541709342
https://openalex.org/W1972517373
https://openalex.org/W2001887496
https://openalex.org/W2028613947
https://openalex.org/W2059381231
https://openalex.org/W2067723987
https://openalex.org/W2409701925
https://openalex.org/W2417523114
https://openalex.org/W2432328774
https://openalex.org/W2435928356
https://openalex.org/W2437602046
https://openalex.org/W2438578230
https://openalex.org/W2741384905
https://openalex.org/W2790878692
https://openalex.org/W2890306196
https://openalex.org/W2896727444
https://openalex.org/W2896886957
https://openalex.org/W2897246444
https://openalex.org/W2899684946
https://openalex.org/W2899891955
https://openalex.org/W2906491014
https://openalex.org/W2906513790
https://openalex.org/W2906640788
https://openalex.org/W2909592494
https://openalex.org/W2913739665
https://openalex.org/W2916525004
https://openalex.org/W2917264693
https://openalex.org/W2920456642
https://openalex.org/W2920839495
https://openalex.org/W2940525717
https://openalex.org/W2940893412
https://openalex.org/W2945626571
https://openalex.org/W2946622967
https://openalex.org/W2947263059
https://openalex.org/W2948546142
https://openalex.org/W2949166868
https://openalex.org/W2949198439
https://openalex.org/W2949405307
https://openalex.org/W2949529561
https://openalex.org/W2951652609
https://openalex.org/W2951751472
https://openalex.org/W2953065461
https://openalex.org/W2953070397
https://openalex.org/W2956069248
https://openalex.org/W2964419421
https://openalex.org/W2969278288
https://openalex.org/W2970260392
https://openalex.org/W2971369832
https://openalex.org/W2980086904
https://openalex.org/W2986552853
https://openalex.org/W2990353483
https://openalex.org/W2990566225
https://openalex.org/W2991000141
https://openalex.org/W2996617438
https://openalex.org/W2997657781
https://openalex.org/W3001718304
https://openalex.org/W3012360916
https://openalex.org/W3025871346
https://openalex.org/W3029267256
https://openalex.org/W3032514678
https://openalex.org/W3033787687
https://openalex.org/W3177482591
https://openalex.org/W4230448443
https://openalex.org/W4234128557
https://openalex.org/W4239382816
https://openalex.org/W4240971990
https://openalex.org/W4241777367
https://openalex.org/W4244021712
https://openalex.org/W4244036952
https://openalex.org/W4247814519
https://openalex.org/W4251099433
https://openalex.org/W4252331337
https://openalex.org/W4252824242
https://openalex.org/W4255451776
https://openalex.org/W4256551517
https://openalex.org/W4289777696
https://openalex.org/W4394294311
https://openalex.org/W4394359003
https://openalex.org/W1999761086
https://openalex.org/W2074175856
https://openalex.org/W2317612075
https://openalex.org/W2328029515
https://openalex.org/W2397135745
https://openalex.org/W2398431091
https://openalex.org/W2399964011
https://openalex.org/W2409510754
https://openalex.org/W2410642254
https://openalex.org/W2411663478
https://openalex.org/W2415565423
https://openalex.org/W2417003357
https://openalex.org/W2467305748
https://openalex.org/W2524161124
https://openalex.org/W2568973851
https://openalex.org/W2600658815
https://openalex.org/W2767400589
https://openalex.org/W991917969
https://openalex.org/W125020389
https://openalex.org/W1892291703
https://openalex.org/W1896296732
https://openalex.org/W1966557862
https://openalex.org/W1985919220
https://openalex.org/W1990607857
https://openalex.org/W200420581
https://openalex.org/W2007574515
https://openalex.org/W2030892719
https://openalex.org/W2047776703
https://openalex.org/W2049707186
https://openalex.org/W2050055083
https://openalex.org/W2060959025
https://openalex.org/W2290788589
https://openalex.org/W2465232021
https://openalex.org/W2487818701
https://openalex.org/W2599413397
https://openalex.org/W2611707437
https://openalex.org/W2612624146
https://openalex.org/W2626213946
https://openalex.org/W2735243963
https://openalex.org/W3008781236
https://openalex.org/W3016543490
https://openalex.org/W3021512139
https://openalex.org/W3021830939
https://openalex.org/W3022485274
https://openalex.org/W3026704164
https://openalex.org/W3034663659
https://openalex.org/W3036440095
https://openalex.org/W3042032385
https://openalex.org/W3046247053
https://openalex.org/W3047015795
https://openalex.org/W3084839472
https://openalex.org/W3093624804
https://openalex.org/W3094311690
https://openalex.org/W3094714037
https://openalex.org/W3095086186
https://openalex.org/W3095347437
https://openalex.org/W3095882752
https://openalex.org/W3095999432
https://openalex.org/W3096107436
https://openalex.org/W3096561256
https://openalex.org/W3096988547
https://openalex.org/W3097200121
https://openalex.org/W3100755583
https://openalex.org/W3121010123
https://openalex.org/W3131974834
https://openalex.org/W3144905466
https://openalex.org/W3158051380
https://openalex.org/W3172476986
https://openalex.org/W3176824676
https://openalex.org/W3184203407
https://openalex.org/W3184860720
https://openalex.org/W4205355260
https://openalex.org/W4205900638
https://openalex.org/W4206013713
https://openalex.org/W4214816857
https://openalex.org/W4214835220
https://openalex.org/W4214850234
https://openalex.org/W4214876990
https://openalex.org/W4214888192
https://openalex.org/W4214900706
https://openalex.org/W4214918195
https://openalex.org/W4214951173
https://openalex.org/W4230412169
https://openalex.org/W4230481509
https://openalex.org/W4230899899
https://openalex.org/W4231889470
https://openalex.org/W4232286132
https://openalex.org/W4232331829
https://openalex.org/W4232359586
https://openalex.org/W4232714550
https://openalex.org/W4232725815
https://openalex.org/W4233212099
https://openalex.org/W4233382061
https://openalex.org/W4233411351
https://openalex.org/W4233474465
https://openalex.org/W4233598031
https://openalex.org/W4233945241
https://openalex.org/W4234130843
https://openalex.org/W4235208847
https://openalex.org/W4236155529
https://openalex.org/W4237363023
https://openalex.org/W4237588422
https://openalex.org/W4237651078
https://openalex.org/W4237682016
https://openalex.org/W4239411752
https://openalex.org/W4239839175
https://openalex.org/W4240845542
https://openalex.org/W4240879069
https://openalex.org/W4242345898
https://openalex.org/W4242673943
https://openalex.org/W4244216427
https://openalex.org/W4244444142
https://openalex.org/W4244860437
https://openalex.org/W4245193476
https://openalex.org/W4245745563
https://openalex.org/W4245823768
https://openalex.org/W4245848503
https://openalex.org/W4245924714
https://openalex.org/W4246527661
https://openalex.org/W4246653912
https://openalex.org/W4247645949
https://openalex.org/W4248263956
https://openalex.org/W4250490981
https://openalex.org/W4250834319
https://openalex.org/W4251129244
https://openalex.org/W4251720539
https://openalex.org/W4251977553
https://openalex.org/W4253019061
https://openalex.org/W4253794389
https://openalex.org/W4254162144
https://openalex.org/W4254171256
https://openalex.org/W4254537880
https://openalex.org/W4254556135
https://openalex.org/W4256651707
https://openalex.org/W4287748012
https://openalex.org/W4318745728
https://openalex.org/W4318745769
https://openalex.org/W86336670
https://openalex.org/W2036710088
https://openalex.org/W2038113252
https://openalex.org/W2146151531
https://openalex.org/W2408393540
https://openalex.org/W102053537
https://openalex.org/W1970380438
https://openalex.org/W2026313630
https://openalex.org/W2032231035
https://openalex.org/W2040940595
https://openalex.org/W2046635116
https://openalex.org/W2047458965
https://openalex.org/W2055053268
https://openalex.org/W2062885385
https://openalex.org/W2090715586
https://openalex.org/W2092459461
https://openalex.org/W2182489793
https://openalex.org/W2408219919
https://openalex.org/W2409885840
https://openalex.org/W2416774178
https://openalex.org/W2418013301
https://openalex.org/W2432498585
https://openalex.org/W2461730713
https://openalex.org/W2475037438
https://openalex.org/W2596088666
https://openalex.org/W2978879367
https://openalex.org/W3023372634
https://openalex.org/W3033476997
https://openalex.org/W4205276308
https://openalex.org/W4230312542
https://openalex.org/W4231783457
https://openalex.org/W4232859464
https://openalex.org/W4236658236
https://openalex.org/W4239816555
https://openalex.org/W4241800837
https://openalex.org/W4242493616
https://openalex.org/W4243574586
https://openalex.org/W4245115279
https://openalex.org/W4247309418
https://openalex.org/W4248748371
https://openalex.org/W4249476383
https://openalex.org/W4298375760
https://openalex.org/W11663669
https://openalex.org/W1541713650
https://openalex.org/W172569315
https://openalex.org/W1960835439
https://openalex.org/W1988706344
https://openalex.org/W2008147827
https://openalex.org/W2008888538
https://openalex.org/W2010013299
https://openalex.org/W2029730324
https://openalex.org/W2091354728
https://openalex.org/W2416654476
https://openalex.org/W2436675326
https://openalex.org/W2735110734
https://openalex.org/W2742985869
https://openalex.org/W2993028796
https://openalex.org/W3119419387
https://openalex.org/W3123881497
https://openalex.org/W3126279842
https://openalex.org/W3128309682
https://openalex.org/W3134693221
https://openalex.org/W3143585889
https://openalex.org/W3147723781
https://openalex.org/W3148976482
https://openalex.org/W3156037981
https://openalex.org/W3159073538
https://openalex.org/W3164104550
https://openalex.org/W3182198415
https://openalex.org/W3182269829
https://openalex.org/W3188970866
https://openalex.org/W3193857727
https://openalex.org/W3194733246
https://openalex.org/W3194748599
https://openalex.org/W3195742691
https://openalex.org/W3195927007
https://openalex.org/W3196269407
https://openalex.org/W3198408007
https://openalex.org/W3205101108
https://openalex.org/W3215435930
https://openalex.org/W3215452438
https://openalex.org/W3217688412
https://openalex.org/W4200150887
https://openalex.org/W4205843195
https://openalex.org/W4238445204
https://openalex.org/W4394068679
https://openalex.org/W1420024445
https://openalex.org/W143188983
https://openalex.org/W146823575
https://openalex.org/W1969735703
https://openalex.org/W2009765468
https://openalex.org/W2025263707
https://openalex.org/W2049865550
https://openalex.org/W2082864033
https://openalex.org/W2304548637
https://openalex.org/W2395278710
https://openalex.org/W2482933236
https://openalex.org/W2497987755
https://openalex.org/W2613946988
https://openalex.org/W2740247892
https://openalex.org/W2893928993
https://openalex.org/W4232299125
https://openalex.org/W4238453690
https://openalex.org/W4249638391
https://openalex.org/W655006419
https://openalex.org/W66498018
https://openalex.org/W2403528231
https://openalex.org/W2414505732
https://openalex.org/W2438766714
https://openalex.org/W2911780390
https://openalex.org/W1509687079
https://openalex.org/W1545661248
https://openalex.org/W156143015
https://openalex.org/W1837081012
https://openalex.org/W1981818830
https://openalex.org/W2031886746
https://openalex.org/W2041398987
https://openalex.org/W2085128648
https://openalex.org/W2166998851
https://openalex.org/W2252744156
https://openalex.org/W2396035842
https://openalex.org/W2408868576
https://openalex.org/W2412678346
https://openalex.org/W2413644109
https://openalex.org/W2413801859
https://openalex.org/W2418656305
https://openalex.org/W2423386328
https://openalex.org/W2439118863
https://openalex.org/W2439948106
https://openalex.org/W2460764117
https://openalex.org/W2466002306
https://openalex.org/W2513142524
https://openalex.org/W3010264775
https://openalex.org/W3043497241
https://openalex.org/W4214638967
https://openalex.org/W4235246638
https://openalex.org/W4238545399
https://openalex.org/W4240675222
https://openalex.org/W1674421130
https://openalex.org/W1702874255
https://openalex.org/W1973901759
https://openalex.org/W1975630618
https://openalex.org/W1985824723
https://openalex.org/W1991170854
https://openalex.org/W1992249589
https://openalex.org/W1994366256
https://openalex.org/W2018676549
https://openalex.org/W2054927310
https://openalex.org/W2082700782
https://openalex.org/W2113981847
https://openalex.org/W2238223617
https://openalex.org/W2417850877
https://openalex.org/W2418963023
https://openalex.org/W2467697016
https://openalex.org/W2568579846
https://openalex.org/W2734292768
https://openalex.org/W2889753044
https://openalex.org/W2970241521
https://openalex.org/W3024548453
https://openalex.org/W3150708933
https://openalex.org/W4206600083
https://openalex.org/W4237696459
https://openalex.org/W4242927732
https://openalex.org/W788635869
https://openalex.org/W2002873769
https://openalex.org/W2005729349
https://openalex.org/W2043700742
https://openalex.org/W2052208081
https://openalex.org/W2070046596
https://openalex.org/W2326837309
https://openalex.org/W2396679174
https://openalex.org/W2404831048
https://openalex.org/W2406416072
https://openalex.org/W2412590173
https://openalex.org/W2415865527
https://openalex.org/W2419654508
https://openalex.org/W2913550705
https://openalex.org/W3216106289
https://openalex.org/W4245512250
https://openalex.org/W633000340
https://openalex.org/W78039831
https://openalex.org/W87118802
https://openalex.org/W1140682610
https://openalex.org/W1869830248
https://openalex.org/W1970463953
https://openalex.org/W1980562423
https://openalex.org/W1993144647
https://openalex.org/W1999439400
https://openalex.org/W2003259339
https://openalex.org/W2005153411
https://openalex.org/W2005824396
https://openalex.org/W2018704485
https://openalex.org/W2019606714
https://openalex.org/W2021596131
https://openalex.org/W2027386722
https://openalex.org/W2030617547
https://openalex.org/W2032268281
https://openalex.org/W2039348387
https://openalex.org/W2040954686
https://openalex.org/W2044535726
https://openalex.org/W2045478196
https://openalex.org/W2046450269
https://openalex.org/W2060836366
https://openalex.org/W2070884844
https://openalex.org/W2071336678
https://openalex.org/W2076880247
https://openalex.org/W2077100436
https://openalex.org/W2077457253
https://openalex.org/W2090627746
https://openalex.org/W2162169250
https://openalex.org/W2185297707
https://openalex.org/W2275440975
https://openalex.org/W2304747720
https://openalex.org/W2315285983
https://openalex.org/W2325531496
https://openalex.org/W2328123032
https://openalex.org/W2328367154
https://openalex.org/W2406104772
https://openalex.org/W2406320292
https://openalex.org/W2406475106
https://openalex.org/W2409799684
https://openalex.org/W2409826090
https://openalex.org/W2410381459
https://openalex.org/W2411442431
https://openalex.org/W2411897243
https://openalex.org/W2412435846
https://openalex.org/W2414352887
https://openalex.org/W2414816735
https://openalex.org/W2414906572
https://openalex.org/W2415753259
https://openalex.org/W2416010924
https://openalex.org/W2419637990
https://openalex.org/W2419940116
https://openalex.org/W2425379872
https://openalex.org/W2430230901
https://openalex.org/W2437715799
https://openalex.org/W2443859987
https://openalex.org/W2461573063
https://openalex.org/W2462525334
https://openalex.org/W2465699796
https://openalex.org/W2469828856
https://openalex.org/W2469936736
https://openalex.org/W2471021404
https://openalex.org/W2511640845
https://openalex.org/W268138670
https://openalex.org/W2993026591
https://openalex.org/W2994279611
https://openalex.org/W2994837417
https://openalex.org/W3022330957
https://openalex.org/W3086929878
https://openalex.org/W3141987665
https://openalex.org/W362295347
https://openalex.org/W4234955337
https://openalex.org/W4236756762
https://openalex.org/W4238851614
https://openalex.org/W4239014109
https://openalex.org/W4251523433
https://openalex.org/W56016431
https://openalex.org/W944168928
https://openalex.org/W2482847942
https://openalex.org/W2126016112
https://openalex.org/W2018915861
https://openalex.org/W2079812680
https://openalex.org/W2139009678
https://openalex.org/W2137060566
https://openalex.org/W2072863715
https://openalex.org/W2796574325
https://openalex.org/W2015156802
https://openalex.org/W2163895795
https://openalex.org/W2050191711
https://openalex.org/W2804719371
https://openalex.org/W2998385486
https://openalex.org/W2910740907
https://openalex.org/W1992215343
https://openalex.org/W1972164300
https://openalex.org/W4210974900
https://openalex.org/W2077096051
https://openalex.org/W1944481812
https://openalex.org/W3004879475
https://openalex.org/W2176658284
https://openalex.org/W1909007150
https://openalex.org/W1823036198
https://openalex.org/W2211600756
https://openalex.org/W2528424364
https://openalex.org/W2883392746
https://openalex.org/W1944995278
https://openalex.org/W2790557918
https://openalex.org/W1992966546
https://openalex.org/W2130672074
https://openalex.org/W2822304960
https://openalex.org/W2492838976
https://openalex.org/W2554630561
https://openalex.org/W2598325403
https://openalex.org/W2884481996
https://openalex.org/W3035030897
https://openalex.org/W4224094103
https://openalex.org/W3134176597
https://openalex.org/W4281951384
https://openalex.org/W4306407504
https://openalex.org/W4317106067
https://openalex.org/W4304003406
https://openalex.org/W1771536191
https://openalex.org/W2105950847
https://openalex.org/W1969901783
https://openalex.org/W2017844141
https://openalex.org/W1921006759
https://openalex.org/W2120833432
https://openalex.org/W2154696423
https://openalex.org/W2128246030
https://openalex.org/W1998378885
https://openalex.org/W2091353440
https://openalex.org/W2149537842
https://openalex.org/W1500867788
https://openalex.org/W2146753452
https://openalex.org/W2060757790
https://openalex.org/W2114453289
https://openalex.org/W1973662963
https://openalex.org/W2002368631
https://openalex.org/W1987412338
https://openalex.org/W2082715693
https://openalex.org/W2154377255
https://openalex.org/W2113069136
https://openalex.org/W1928884554
https://openalex.org/W2106767458
https://openalex.org/W1902714657
https://openalex.org/W2010088778
https://openalex.org/W1964927918
https://openalex.org/W1918033056
https://openalex.org/W2054062988
https://openalex.org/W2105612405
https://openalex.org/W2041346882
https://openalex.org/W2142139829
https://openalex.org/W2089261236
https://openalex.org/W2139975606
https://openalex.org/W2005889240
https://openalex.org/W2103535064
https://openalex.org/W2016903687
https://openalex.org/W2124853657
https://openalex.org/W1924338526
https://openalex.org/W1885586397
https://openalex.org/W2122710645
https://openalex.org/W2052991573
https://openalex.org/W2146661712
https://openalex.org/W1977389491
https://openalex.org/W1980488236
https://openalex.org/W2010460799
https://openalex.org/W2007061530
https://openalex.org/W2149688970
https://openalex.org/W2343417283
https://openalex.org/W2783203012
https://openalex.org/W2076388557
https://openalex.org/W2061069563
https://openalex.org/W2516084061
https://openalex.org/W2593832540
https://openalex.org/W2782008447
https://openalex.org/W2607524292
https://openalex.org/W2795182534
https://openalex.org/W2399921396
https://openalex.org/W2763139964
https://openalex.org/W2796487402
https://openalex.org/W1999687764
https://openalex.org/W2677591396
https://openalex.org/W2125685819
https://openalex.org/W2560022000
https://openalex.org/W2015617630
https://openalex.org/W2557700568
https://openalex.org/W2896394209
https://openalex.org/W2999527816
https://openalex.org/W2607921622
https://openalex.org/W2961289509
https://openalex.org/W2302816086
https://openalex.org/W2770484764
https://openalex.org/W2801814443
https://openalex.org/W2528280726
https://openalex.org/W2135947966
https://openalex.org/W2008769412
https://openalex.org/W3007926128
https://openalex.org/W1172396528
https://openalex.org/W2597773248
https://openalex.org/W2910121244
https://openalex.org/W2548068178
https://openalex.org/W2609441385
https://openalex.org/W2750993004
https://openalex.org/W2898331025
https://openalex.org/W3154229486
https://openalex.org/W3020916316
https://openalex.org/W3086144210
https://openalex.org/W3132686172
https://openalex.org/W2980664548
https://openalex.org/W3004891277
https://openalex.org/W3024334242
https://openalex.org/W3047675349
https://openalex.org/W4221048274
https://openalex.org/W4221102810
https://openalex.org/W4206509522
https://openalex.org/W4225272206
https://openalex.org/W3188898998
https://openalex.org/W4298395102
https://openalex.org/W4328049633
https://openalex.org/W4308740422
https://openalex.org/W4320487208
https://openalex.org/W4387877749
https://openalex.org/W4390669449
https://openalex.org/W2065702069
https://openalex.org/W1875082019
https://openalex.org/W2051235004
https://openalex.org/W2072815222
https://openalex.org/W2140871565
https://openalex.org/W1938124489
https://openalex.org/W2118125749
https://openalex.org/W1491553384
https://openalex.org/W2018480575
https://openalex.org/W1832124212
https://openalex.org/W2115202528
https://openalex.org/W2144702900
https://openalex.org/W2156007093
https://openalex.org/W2052906913
https://openalex.org/W2052885117
https://openalex.org/W1999197066
https://openalex.org/W2084228280
https://openalex.org/W2327585305
https://openalex.org/W2052283590
https://openalex.org/W1978786164
https://openalex.org/W2090244038
https://openalex.org/W2127069624
https://openalex.org/W2001317215
https://openalex.org/W1984734122
https://openalex.org/W1886118117
https://openalex.org/W2057494472
https://openalex.org/W2084903850
https://openalex.org/W2128202297
https://openalex.org/W2115884477
https://openalex.org/W2165767537
https://openalex.org/W2110507525
https://openalex.org/W2047717992
https://openalex.org/W2136010088
https://openalex.org/W2007077320
https://openalex.org/W2030427289
https://openalex.org/W2327519840
https://openalex.org/W1985366171
https://openalex.org/W2000958064
https://openalex.org/W2019102777
https://openalex.org/W2042582790
https://openalex.org/W2082556380
https://openalex.org/W2032636092
https://openalex.org/W2038727292
https://openalex.org/W2416474328
https://openalex.org/W2053800551
https://openalex.org/W2058045193
https://openalex.org/W2132114628
https://openalex.org/W2333232905
https://openalex.org/W1972873840
https://openalex.org/W2326188845
https://openalex.org/W2613373059
https://openalex.org/W2059978051
https://openalex.org/W2092309292
https://openalex.org/W2020963751
https://openalex.org/W2121167229
https://openalex.org/W2889938393
https://openalex.org/W1929626481
https://openalex.org/W2573176873
https://openalex.org/W2584548392
https://openalex.org/W1994034939
https://openalex.org/W2276808987
https://openalex.org/W2077019425
https://openalex.org/W2900341773
https://openalex.org/W2735568802
https://openalex.org/W2531253295
https://openalex.org/W2782941895
https://openalex.org/W2970991501
https://openalex.org/W2204574791
https://openalex.org/W2595842203
https://openalex.org/W1135724822
https://openalex.org/W2199793399
https://openalex.org/W2294852716
https://openalex.org/W2891070424
https://openalex.org/W2892008658
https://openalex.org/W2899218021
https://openalex.org/W2964242020
https://openalex.org/W3014828394
https://openalex.org/W2912698023
https://openalex.org/W2944961447
https://openalex.org/W2989926507
https://openalex.org/W2990150545
https://openalex.org/W3135217989
https://openalex.org/W3154001172
https://openalex.org/W3091779343
https://openalex.org/W3134348676
https://openalex.org/W3087688677
https://openalex.org/W4220725867
https://openalex.org/W4220784883
https://openalex.org/W4210774003
https://openalex.org/W4213185734
https://openalex.org/W4285600486
https://openalex.org/W4293832877
https://openalex.org/W4323355371
https://openalex.org/W4385647749
https://openalex.org/W4323362995
https://openalex.org/W4381597700
https://openalex.org/W4391144865
https://openalex.org/W164586581
https://openalex.org/W2147531988
https://openalex.org/W2058080559
https://openalex.org/W1944158606
https://openalex.org/W2036925949
https://openalex.org/W2126930395
https://openalex.org/W2183158497
https://openalex.org/W2282662637
https://openalex.org/W2128615035
https://openalex.org/W2009587446
https://openalex.org/W2046066178
https://openalex.org/W2323314460
https://openalex.org/W2016592043
https://openalex.org/W2091714009
https://openalex.org/W2114377806
https://openalex.org/W2145593916
https://openalex.org/W2170612548
https://openalex.org/W2060295897
https://openalex.org/W1967407412
https://openalex.org/W2019891980
https://openalex.org/W2094509587
https://openalex.org/W2061432961
https://openalex.org/W1499531107
https://openalex.org/W1520644460
https://openalex.org/W2142394175
https://openalex.org/W2172911316
https://openalex.org/W2140504563
https://openalex.org/W2157668382
https://openalex.org/W1564091906
https://openalex.org/W2075917891
https://openalex.org/W2134440081
https://openalex.org/W2033154022
https://openalex.org/W1971059621
https://openalex.org/W2047541346
https://openalex.org/W2087907798
https://openalex.org/W2185180824
https://openalex.org/W2048062786
https://openalex.org/W1581799096
https://openalex.org/W1970212739
https://openalex.org/W1997809605
https://openalex.org/W2074771912
https://openalex.org/W2014417363
https://openalex.org/W2030107745
https://openalex.org/W2133566291
https://openalex.org/W2409980284
https://openalex.org/W2136295536
https://openalex.org/W2058887917
https://openalex.org/W2059306201
https://openalex.org/W2077458241
https://openalex.org/W2113257154
https://openalex.org/W2012366027
https://openalex.org/W2586138554
https://openalex.org/W2172926229
https://openalex.org/W2548175478
https://openalex.org/W2591378684
https://openalex.org/W2739059057
https://openalex.org/W2102541192
https://openalex.org/W2471056361
https://openalex.org/W2609289734
https://openalex.org/W1975991364
https://openalex.org/W2596186603
https://openalex.org/W2606104043
https://openalex.org/W2736904933
https://openalex.org/W2792114044
https://openalex.org/W1983754792
https://openalex.org/W2546474097
https://openalex.org/W2774503624
https://openalex.org/W2986218346
https://openalex.org/W2765254469
https://openalex.org/W2792777287
https://openalex.org/W2994989973
https://openalex.org/W3005204951
https://openalex.org/W2994625296
https://openalex.org/W3007115844
https://openalex.org/W3037046559
https://openalex.org/W3200393716
https://openalex.org/W3135058056
https://openalex.org/W3199661213
https://openalex.org/W4291017859
https://openalex.org/W4292086883
https://openalex.org/W4296030013
https://openalex.org/W4200534003
https://openalex.org/W4220919797
https://openalex.org/W4225588523
https://openalex.org/W4280600797
https://openalex.org/W4280628072
https://openalex.org/W4294958272
https://openalex.org/W4323363064
https://openalex.org/W4385791169
https://openalex.org/W4321351964
https://openalex.org/W4387372300
https://openalex.org/W2142509332
https://openalex.org/W2133164753
https://openalex.org/W2324683807
https://openalex.org/W2333424375
https://openalex.org/W1968335605
https://openalex.org/W1950058861
https://openalex.org/W2130590493
https://openalex.org/W2173194892
https://openalex.org/W2272798747
https://openalex.org/W1997404143
https://openalex.org/W2314336220
https://openalex.org/W1950103813
https://openalex.org/W1965307007
https://openalex.org/W1971317805
https://openalex.org/W2094199205
https://openalex.org/W2108035538
https://openalex.org/W2126376324
https://openalex.org/W1954201647
https://openalex.org/W1973789806
https://openalex.org/W2032471578
https://openalex.org/W2151850508
https://openalex.org/W2086850610
https://openalex.org/W2153282141
https://openalex.org/W1510648654
https://openalex.org/W2021574737
https://openalex.org/W2103817756
https://openalex.org/W2112765319
https://openalex.org/W2066918048
https://openalex.org/W2171120319
https://openalex.org/W2091280126
https://openalex.org/W2046281288
https://openalex.org/W2093092959
https://openalex.org/W2160793483
https://openalex.org/W2415131685
https://openalex.org/W1975115751
https://openalex.org/W2055294359
https://openalex.org/W2143707420
https://openalex.org/W2108710149
https://openalex.org/W3164932637
https://openalex.org/W2034555505
https://openalex.org/W2079004434
https://openalex.org/W1990284362
https://openalex.org/W2026533324
https://openalex.org/W2044072140
https://openalex.org/W2082048659
https://openalex.org/W1778385040
https://openalex.org/W2510197411
https://openalex.org/W2780962584
https://openalex.org/W1989760409
https://openalex.org/W2566594658
https://openalex.org/W1963257879
https://openalex.org/W2416283304
https://openalex.org/W2480501246
https://openalex.org/W2398313191
https://openalex.org/W2340141432
https://openalex.org/W2472674823
https://openalex.org/W2889332507
https://openalex.org/W2593301363
https://openalex.org/W2743076119
https://openalex.org/W2909465302
https://openalex.org/W2919814561
https://openalex.org/W2768404842
https://openalex.org/W2979093031
https://openalex.org/W2980846015
https://openalex.org/W2940754961
https://openalex.org/W2890704976
https://openalex.org/W2921162110
https://openalex.org/W2980942225
https://openalex.org/W2915919456
https://openalex.org/W2962893239
https://openalex.org/W3028451155
https://openalex.org/W3014568172
https://openalex.org/W3097455106
https://openalex.org/W3081289969
https://openalex.org/W3153203513
https://openalex.org/W3197600202
https://openalex.org/W3216880200
https://openalex.org/W4220845194
https://openalex.org/W4221025545
https://openalex.org/W3204089859
https://openalex.org/W4220702479
https://openalex.org/W4224282661
https://openalex.org/W3209647576
https://openalex.org/W4200067075
https://openalex.org/W4214685118
https://openalex.org/W4225368820
https://openalex.org/W4285733895
https://openalex.org/W4319066604
https://openalex.org/W4319073962
https://openalex.org/W4381327971
https://openalex.org/W4383068698
https://openalex.org/W2012335610
https://openalex.org/W1967583659
https://openalex.org/W2023744959
https://openalex.org/W2023224037
https://openalex.org/W2022790727
https://openalex.org/W2040344324
https://openalex.org/W2002136786
https://openalex.org/W2007462681
https://openalex.org/W2089951943
https://openalex.org/W1522984426
https://openalex.org/W2022991708
https://openalex.org/W2144693201
https://openalex.org/W2181494779
https://openalex.org/W262398754
https://openalex.org/W1130239587
https://openalex.org/W2142690388
https://openalex.org/W1905572846
https://openalex.org/W1993926125
https://openalex.org/W2051898783
https://openalex.org/W2073911683
https://openalex.org/W1795993802
https://openalex.org/W1999818473
https://openalex.org/W2033567656
https://openalex.org/W2062796201
https://openalex.org/W2055549537
https://openalex.org/W1511375927
https://openalex.org/W2075185268
https://openalex.org/W2007681149
https://openalex.org/W2028357173
https://openalex.org/W1956572931
https://openalex.org/W2086269450
https://openalex.org/W2214363225
https://openalex.org/W2048321584
https://openalex.org/W2077964605
https://openalex.org/W2155930159
https://openalex.org/W2147053096
https://openalex.org/W2082671498
https://openalex.org/W2070388281
https://openalex.org/W1966279536
https://openalex.org/W2034928416
https://openalex.org/W2166536427
https://openalex.org/W1995684237
https://openalex.org/W2119110774
https://openalex.org/W2123607010
https://openalex.org/W1977466928
https://openalex.org/W2412636817
https://openalex.org/W2020317884
https://openalex.org/W2131422183
https://openalex.org/W2105423785
https://openalex.org/W2071464418
https://openalex.org/W1984284513
https://openalex.org/W3131689004
https://openalex.org/W1981067271
https://openalex.org/W2016448139
https://openalex.org/W1990705108
https://openalex.org/W2004207026
https://openalex.org/W2107594299
https://openalex.org/W2143650335
https://openalex.org/W1509808682
https://openalex.org/W1971098389
https://openalex.org/W1980933471
https://openalex.org/W2069104974
https://openalex.org/W2126154434
https://openalex.org/W2141095522
https://openalex.org/W2243126733
https://openalex.org/W1613232352
https://openalex.org/W2327228791
https://openalex.org/W2410686291
https://openalex.org/W2427171424
https://openalex.org/W2463084222
https://openalex.org/W1882811784
https://openalex.org/W1912578158
https://openalex.org/W2727388296
https://openalex.org/W1993316500
https://openalex.org/W2433734483
https://openalex.org/W2793341713
https://openalex.org/W2558577148
https://openalex.org/W2789237795
https://openalex.org/W2807404373
https://openalex.org/W3164152159
https://openalex.org/W2777584065
https://openalex.org/W2892298192
https://openalex.org/W2898150616
https://openalex.org/W2903981686
https://openalex.org/W2944777124
https://openalex.org/W2947661901
https://openalex.org/W3001088121
https://openalex.org/W3096215465
https://openalex.org/W3012078638
https://openalex.org/W3034111719
https://openalex.org/W3081889026
https://openalex.org/W3045490531
https://openalex.org/W3168022267
https://openalex.org/W3134524298
https://openalex.org/W4224443853
https://openalex.org/W4225276490
https://openalex.org/W4311390244
https://openalex.org/W4315782151
https://openalex.org/W1921582495
https://openalex.org/W1697692596
https://openalex.org/W2124188487
https://openalex.org/W2143903471
https://openalex.org/W2076939693
https://openalex.org/W2130429874
https://openalex.org/W2124812783
https://openalex.org/W1992007850
https://openalex.org/W2168047013
https://openalex.org/W2057390168
https://openalex.org/W2323731539
https://openalex.org/W1842270673
https://openalex.org/W1916110024
https://openalex.org/W2609529386
https://openalex.org/W2006323224
https://openalex.org/W2124480560
https://openalex.org/W2140294213
https://openalex.org/W2095189136
https://openalex.org/W2107034037
https://openalex.org/W2136255364
https://openalex.org/W1535848975
https://openalex.org/W1969004978
https://openalex.org/W2016130307
https://openalex.org/W2319342108
https://openalex.org/W2158825245
https://openalex.org/W2497653396
https://openalex.org/W1972515470
https://openalex.org/W2112188003
https://openalex.org/W2115710653
https://openalex.org/W2001025421
https://openalex.org/W2096992850
https://openalex.org/W1581604820
https://openalex.org/W2026884496
https://openalex.org/W2060321781
https://openalex.org/W2465186844
https://openalex.org/W2009858209
https://openalex.org/W1988891065
https://openalex.org/W2034555774
https://openalex.org/W2100434813
https://openalex.org/W2133941094
https://openalex.org/W2003790793
https://openalex.org/W2107936006
https://openalex.org/W1975151399
https://openalex.org/W2094385413
https://openalex.org/W1968863957
https://openalex.org/W2024570942
https://openalex.org/W2043405608
https://openalex.org/W2002060095
https://openalex.org/W2104649562
https://openalex.org/W2129880885
https://openalex.org/W2334209279
https://openalex.org/W1612659956
https://openalex.org/W2008433431
https://openalex.org/W2052874614
https://openalex.org/W2571243083
https://openalex.org/W2609038842
https://openalex.org/W2176898954
https://openalex.org/W2891675141
https://openalex.org/W2020683136
https://openalex.org/W2805735873
https://openalex.org/W2890183905
https://openalex.org/W2486650845
https://openalex.org/W2581999867
https://openalex.org/W2754335721
https://openalex.org/W2071687407
https://openalex.org/W2234745566
https://openalex.org/W2560125291
https://openalex.org/W2911976446
https://openalex.org/W2933890500
https://openalex.org/W2967879859
https://openalex.org/W2972466417
https://openalex.org/W3083909910
https://openalex.org/W3157146045
https://openalex.org/W3171731566
https://openalex.org/W4200297272
https://openalex.org/W4283278682
https://openalex.org/W4288057763
https://openalex.org/W3200034574
https://openalex.org/W4214690574
https://openalex.org/W4281492294
https://openalex.org/W4283023291
https://openalex.org/W4294001398
https://openalex.org/W4297256563
https://openalex.org/W4309847944
https://openalex.org/W4321485173
https://openalex.org/W4321502213
https://openalex.org/W4362510323
https://openalex.org/W4382198427
https://openalex.org/W4387107416
https://openalex.org/W2041739478
https://openalex.org/W2075326875
https://openalex.org/W2106203254
https://openalex.org/W2160511850
https://openalex.org/W1972334207
https://openalex.org/W2065784827
https://openalex.org/W1977651829
https://openalex.org/W1994883312
https://openalex.org/W2014438099
https://openalex.org/W2017631249
https://openalex.org/W1895842163
https://openalex.org/W1910739335
https://openalex.org/W1978783044
https://openalex.org/W1979512862
https://openalex.org/W2080633721
https://openalex.org/W2018160765
https://openalex.org/W2063837005
https://openalex.org/W2082235389
https://openalex.org/W2147401524
https://openalex.org/W2050607011
https://openalex.org/W2058086931
https://openalex.org/W2023459687
https://openalex.org/W2061423615
https://openalex.org/W2066453808
https://openalex.org/W2068841359
https://openalex.org/W1901073048
https://openalex.org/W2169476801
https://openalex.org/W2011004253
https://openalex.org/W2040341372
https://openalex.org/W2062770058
https://openalex.org/W2004414961
https://openalex.org/W2156695717
https://openalex.org/W2079962655
https://openalex.org/W2105419413
https://openalex.org/W2136452040
https://openalex.org/W2137054468
https://openalex.org/W1979238514
https://openalex.org/W1937768651
https://openalex.org/W2054148342
https://openalex.org/W2086198523
https://openalex.org/W1967601389
https://openalex.org/W1969426203
https://openalex.org/W1981931588
https://openalex.org/W2032357416
https://openalex.org/W2100561735
https://openalex.org/W2072192900
https://openalex.org/W2031974052
https://openalex.org/W1993882666
https://openalex.org/W1998347692
https://openalex.org/W2025815420
https://openalex.org/W2042266931
https://openalex.org/W2086786059
https://openalex.org/W2018782010
https://openalex.org/W1431095005
https://openalex.org/W1968045984
https://openalex.org/W2019727306
https://openalex.org/W2124132617
https://openalex.org/W2050518877
https://openalex.org/W2138461386
https://openalex.org/W1995141673
https://openalex.org/W2553281039
https://openalex.org/W2570556859
https://openalex.org/W2118969795
https://openalex.org/W2324506750
https://openalex.org/W281387869
https://openalex.org/W2916235585
https://openalex.org/W2953796918
https://openalex.org/W3042166698
https://openalex.org/W3007125922
https://openalex.org/W3012013306
https://openalex.org/W3134498354
https://openalex.org/W3187469144
https://openalex.org/W3213687913
https://openalex.org/W4200094029
https://openalex.org/W4205113161
https://openalex.org/W4220668537
https://openalex.org/W4225308033
https://openalex.org/W4389355635
https://openalex.org/W4389895098
https://openalex.org/W4389896120
https://openalex.org/W4390064191
https://openalex.org/W4390509176
https://openalex.org/W4390706060
https://openalex.org/W4390916568
https://openalex.org/W4390984428
https://openalex.org/W4391339314
https://openalex.org/W4391509986
https://openalex.org/W4391609654
https://openalex.org/W4391671395
https://openalex.org/W4391718889
https://openalex.org/W4391733027
https://openalex.org/W4391735029
https://openalex.org/W4391885655
https://openalex.org/W4391982366
https://openalex.org/W4391995672
https://openalex.org/W4392023740
https://openalex.org/W4392590334
https://openalex.org/W4392812183
https://openalex.org/W4392860841
https://openalex.org/W4392925750
https://openalex.org/W4393182119
https://openalex.org/W4393532013
https://openalex.org/W4393909757
https://openalex.org/W4394683052
https://openalex.org/W4394723125
https://openalex.org/W4394766355
https://openalex.org/W4394809968
https://openalex.org/W4394837413
https://openalex.org/W4394933309
https://openalex.org/W4395068500
https://openalex.org/W4395097413
https://openalex.org/W4395954976
https://openalex.org/W4396505024
https://openalex.org/W4396543197
https://openalex.org/W4396563592
https://openalex.org/W1966916729
https://openalex.org/W2110628609
https://openalex.org/W1561199495
https://openalex.org/W2020547233
https://openalex.org/W2079183280
https://openalex.org/W2089267862
https://openalex.org/W1889758852
https://openalex.org/W1967908327
https://openalex.org/W143064779
https://openalex.org/W1858015907
https://openalex.org/W2064254672
https://openalex.org/W2090831140
https://openalex.org/W2084697994
https://openalex.org/W1913947155
https://openalex.org/W2031190933
https://openalex.org/W2077775220
https://openalex.org/W2041961233
https://openalex.org/W2063063252
https://openalex.org/W2062130766
https://openalex.org/W2077984492
https://openalex.org/W1949340825
https://openalex.org/W1964382195
https://openalex.org/W1986638530
https://openalex.org/W2032736921
https://openalex.org/W2132980595
https://openalex.org/W1940604347
https://openalex.org/W1998052615
https://openalex.org/W2027342658
https://openalex.org/W2011468164
https://openalex.org/W2048155756
https://openalex.org/W2004897757
https://openalex.org/W2024098505
https://openalex.org/W2145222937
https://openalex.org/W2090946443
https://openalex.org/W1590813072
https://openalex.org/W1977209028
https://openalex.org/W2018931221
https://openalex.org/W2154726235
https://openalex.org/W2167388275
https://openalex.org/W2315715926
https://openalex.org/W2011281858
https://openalex.org/W2091766887
https://openalex.org/W2094246117
https://openalex.org/W2024767867
https://openalex.org/W2328001951
https://openalex.org/W2339835896
https://openalex.org/W1754635300
https://openalex.org/W2060605440
https://openalex.org/W2417129268
https://openalex.org/W2152443118
https://openalex.org/W2564461246
https://openalex.org/W2730435194
https://openalex.org/W2771067455
https://openalex.org/W2904904015
https://openalex.org/W2963441358
https://openalex.org/W2963991270
https://openalex.org/W4250388853
https://openalex.org/W2921626612
https://openalex.org/W2995563767
https://openalex.org/W2997586196
https://openalex.org/W3163138525
https://openalex.org/W3164801077
https://openalex.org/W3185091960
https://openalex.org/W3213178699
https://openalex.org/W2003330699
https://openalex.org/W3208396733
https://openalex.org/W4205854166
https://openalex.org/W4316174563
https://openalex.org/W4319221742
https://openalex.org/W4319443196
https://openalex.org/W4321371937
https://openalex.org/W4322493947
https://openalex.org/W4323545356
https://openalex.org/W4360980810
https://openalex.org/W4365816449
https://openalex.org/W4376629826
https://openalex.org/W4378977774
https://openalex.org/W4382632113
https://openalex.org/W4385514176
https://openalex.org/W4385933584
https://openalex.org/W4386990933
https://openalex.org/W2093135924
https://openalex.org/W2007662454
https://openalex.org/W4232144072
https://openalex.org/W2000341184
https://openalex.org/W2050632616
https://openalex.org/W2077486108
https://openalex.org/W2169957309
https://openalex.org/W1994432383
https://openalex.org/W2061303173
https://openalex.org/W2155263113
https://openalex.org/W2168658413
https://openalex.org/W2081023863
https://openalex.org/W2127447111
https://openalex.org/W4236746358
https://openalex.org/W1518146839
https://openalex.org/W2125505660
https://openalex.org/W1873122176
https://openalex.org/W2068912874
https://openalex.org/W2084553791
https://openalex.org/W2162614782
https://openalex.org/W1994883692
https://openalex.org/W2209555677
https://openalex.org/W1972751834
https://openalex.org/W2094427815
https://openalex.org/W1982972508
https://openalex.org/W2090830857
https://openalex.org/W1980578751
https://openalex.org/W2047303733
https://openalex.org/W2107365647
https://openalex.org/W1986359255
https://openalex.org/W2015753245
https://openalex.org/W2033750280
https://openalex.org/W2037263538
https://openalex.org/W1993077792
https://openalex.org/W2009467993
https://openalex.org/W2012840826
https://openalex.org/W2074547863
https://openalex.org/W1564063487
https://openalex.org/W2014214145
https://openalex.org/W2022902430
https://openalex.org/W2075310271
https://openalex.org/W2116740671
https://openalex.org/W2033753430
https://openalex.org/W2039403125
https://openalex.org/W2085335878
https://openalex.org/W2612522423
https://openalex.org/W2790465269
https://openalex.org/W1966217289
https://openalex.org/W2069421543
https://openalex.org/W2832313887
https://openalex.org/W2848630975
https://openalex.org/W2377185924
https://openalex.org/W2980708089
https://openalex.org/W2321034619
https://openalex.org/W3035574680
https://openalex.org/W2197918586
https://openalex.org/W3005714754
https://openalex.org/W3012089421
https://openalex.org/W3194901313
https://openalex.org/W3202913888
https://openalex.org/W4283447414
https://openalex.org/W2032346601
https://openalex.org/W2052940091
https://openalex.org/W2062412435
https://openalex.org/W1978959100
https://openalex.org/W2042748761
https://openalex.org/W2095012523
https://openalex.org/W2151734287
https://openalex.org/W2315951290
https://openalex.org/W2007626406
https://openalex.org/W2083156807
https://openalex.org/W1486621661
https://openalex.org/W1594384249
https://openalex.org/W1969614268
https://openalex.org/W2033976168
https://openalex.org/W2137964509
https://openalex.org/W2011599568
https://openalex.org/W2045183965
https://openalex.org/W2159889668
https://openalex.org/W1991719026
https://openalex.org/W4231071773
https://openalex.org/W1993628110
https://openalex.org/W2136867715
https://openalex.org/W2165394469
https://openalex.org/W1977503639
https://openalex.org/W2034801053
https://openalex.org/W1975986521
https://openalex.org/W2073584811
https://openalex.org/W2015464234
https://openalex.org/W2122830643
https://openalex.org/W2156191382
https://openalex.org/W2186669591
https://openalex.org/W2332809620
https://openalex.org/W2497120181
https://openalex.org/W2783017314
https://openalex.org/W919679318
https://openalex.org/W1884674057
https://openalex.org/W1990062396
https://openalex.org/W2172253507
https://openalex.org/W2174266188
https://openalex.org/W2744509465
https://openalex.org/W2890727102
https://openalex.org/W2961354495
https://openalex.org/W2318396171
https://openalex.org/W2374615062
https://openalex.org/W2943229619
https://openalex.org/W2330938855
https://openalex.org/W3085843639
https://openalex.org/W3135449955
https://openalex.org/W3193311665
https://openalex.org/W3209668022
https://openalex.org/W4206491798
https://openalex.org/W3196300721
https://openalex.org/W4220762668
https://openalex.org/W4283513072
https://openalex.org/W4295760572
https://openalex.org/W4311582301
https://openalex.org/W2002574486
https://openalex.org/W2058853472
https://openalex.org/W146116119
https://openalex.org/W2119707086
https://openalex.org/W2171089184
https://openalex.org/W1601526283
https://openalex.org/W1944715171
https://openalex.org/W1963836120
https://openalex.org/W2012517444
https://openalex.org/W2078357707
https://openalex.org/W2073201298
https://openalex.org/W258408216
https://openalex.org/W2132589628
https://openalex.org/W2065504796
https://openalex.org/W2415842431
https://openalex.org/W1825957103
https://openalex.org/W1995218142
https://openalex.org/W2046328644
https://openalex.org/W2073913157
https://openalex.org/W2169421930
https://openalex.org/W1986347272
https://openalex.org/W2005167650
https://openalex.org/W2093223700
https://openalex.org/W2118007822
https://openalex.org/W2103281555
https://openalex.org/W2146211604
https://openalex.org/W2288368577
https://openalex.org/W2413565331
https://openalex.org/W2413793456
https://openalex.org/W4232275245
https://openalex.org/W1560500860
https://openalex.org/W1984701403
https://openalex.org/W1998309574
https://openalex.org/W2123356859
https://openalex.org/W4230586625
https://openalex.org/W1857496711
https://openalex.org/W2086489345
https://openalex.org/W1970354626
https://openalex.org/W1965280361
https://openalex.org/W2007288951
https://openalex.org/W2009382079
https://openalex.org/W2000329872
https://openalex.org/W2073611640
https://openalex.org/W2005132027
https://openalex.org/W2024209643
https://openalex.org/W2091848732
https://openalex.org/W2162345089
https://openalex.org/W3025030051
https://openalex.org/W2192021344
https://openalex.org/W2292254160
https://openalex.org/W2626808738
https://openalex.org/W2738760097
https://openalex.org/W2789493708
https://openalex.org/W2907473767
https://openalex.org/W2908791713
https://openalex.org/W933268005
https://openalex.org/W2300525540
https://openalex.org/W2997622008
https://openalex.org/W3021332483
https://openalex.org/W3029286579
https://openalex.org/W2052710921
https://openalex.org/W2984615857
https://openalex.org/W3031578063
https://openalex.org/W3101702949
https://openalex.org/W3113116860
https://openalex.org/W3123214363
https://openalex.org/W3193277204
https://openalex.org/W3208378579
https://openalex.org/W3212061478
https://openalex.org/W2319719212
https://openalex.org/W2101368282
https://openalex.org/W2106846016
https://openalex.org/W2155302344
https://openalex.org/W2006705662
https://openalex.org/W93790864
https://openalex.org/W2035015486
https://openalex.org/W2312352018
https://openalex.org/W1575715643
https://openalex.org/W2083395794
https://openalex.org/W2058339308
https://openalex.org/W2068902963
https://openalex.org/W2131401496
https://openalex.org/W1997207423
https://openalex.org/W2020149345
https://openalex.org/W2027977871
https://openalex.org/W2001314288
https://openalex.org/W2040942130
https://openalex.org/W2075333085
https://openalex.org/W2136923451
https://openalex.org/W2410479401
https://openalex.org/W2418988805
https://openalex.org/W1984608266
https://openalex.org/W2059069218
https://openalex.org/W2091277878
https://openalex.org/W2101461963
https://openalex.org/W2082433458
https://openalex.org/W2122065350
https://openalex.org/W2037188156
https://openalex.org/W2078780790
https://openalex.org/W2084385720
https://openalex.org/W2028588339
https://openalex.org/W2102577979
https://openalex.org/W2159114849
https://openalex.org/W1986883644
https://openalex.org/W2110863720
https://openalex.org/W2117405078
https://openalex.org/W2161586312
https://openalex.org/W2332819795
https://openalex.org/W2469264069
https://openalex.org/W2610297753
https://openalex.org/W2943949838
https://openalex.org/W2979421381
https://openalex.org/W2982310662
https://openalex.org/W1877159674
https://openalex.org/W1992583152
https://openalex.org/W2141886985
https://openalex.org/W2485496842
https://openalex.org/W2911363749
https://openalex.org/W2969077034
https://openalex.org/W3016469915
https://openalex.org/W3035090150
https://openalex.org/W3040145705
https://openalex.org/W3082273743
https://openalex.org/W3088003474
https://openalex.org/W3125483628
https://openalex.org/W3215388330
https://openalex.org/W4282019216
https://openalex.org/W4284884410
https://openalex.org/W4288052612
https://openalex.org/W4296047162
https://openalex.org/W4297830866
https://openalex.org/W4304891713
https://openalex.org/W4308485063
https://openalex.org/W4312681979
https://openalex.org/W4312910503
https://openalex.org/W4313251970
https://openalex.org/W4290805566
https://openalex.org/W4320016572
https://openalex.org/W4320734037
https://openalex.org/W4322754315
https://openalex.org/W4361010210
https://openalex.org/W4365444348
https://openalex.org/W4377137375
https://openalex.org/W4381331493
https://openalex.org/W4381952158
https://openalex.org/W4383500086
https://openalex.org/W4384997703
https://openalex.org/W4385617001
https://openalex.org/W4386934615
https://openalex.org/W4387059491
https://openalex.org/W4387568103
https://openalex.org/W4387930649
https://openalex.org/W4388912328
https://openalex.org/W4389123069
https://openalex.org/W2249745849
https://openalex.org/W2117320348
https://openalex.org/W2139942902
https://openalex.org/W2203280206
https://openalex.org/W1551753107
https://openalex.org/W2122030083
https://openalex.org/W2008019655
https://openalex.org/W2037635916
https://openalex.org/W2402640883
https://openalex.org/W323142177
https://openalex.org/W1964718275
https://openalex.org/W2140813203
https://openalex.org/W2327519131
https://openalex.org/W2009759842
https://openalex.org/W2013678638
https://openalex.org/W2021396913
https://openalex.org/W2317487825
https://openalex.org/W2068753855
https://openalex.org/W2007025743
https://openalex.org/W2045998398
https://openalex.org/W2046737309
https://openalex.org/W2130019878
https://openalex.org/W572320671
https://openalex.org/W2092331889
https://openalex.org/W2111018659
https://openalex.org/W2118707659
https://openalex.org/W2171345849
https://openalex.org/W2473544953
https://openalex.org/W1975568368
https://openalex.org/W2038400430
https://openalex.org/W2037460154
https://openalex.org/W2038196400
https://openalex.org/W2083391711
https://openalex.org/W1507501346
https://openalex.org/W2005442297
https://openalex.org/W2087988319
https://openalex.org/W2156158631
https://openalex.org/W2759090140
https://openalex.org/W2899884246
https://openalex.org/W1868778935
https://openalex.org/W2184288314
https://openalex.org/W2605201335
https://openalex.org/W2763906917
https://openalex.org/W2938836807
https://openalex.org/W2981908576
https://openalex.org/W3114618238
https://openalex.org/W789036423
https://openalex.org/W2055325189
https://openalex.org/W2308993229
https://openalex.org/W1850431802
https://openalex.org/W2008929054
https://openalex.org/W2111856362
https://openalex.org/W2036763368
https://openalex.org/W2073754288
https://openalex.org/W2322660517
https://openalex.org/W1979499407
https://openalex.org/W2037710286
https://openalex.org/W2092011632
https://openalex.org/W1947014144
https://openalex.org/W2036165290
https://openalex.org/W2051466847
https://openalex.org/W2116237015
https://openalex.org/W2129338854
https://openalex.org/W2130612325
https://openalex.org/W2395636349
https://openalex.org/W2093474833
https://openalex.org/W2061234422
https://openalex.org/W2088910652
https://openalex.org/W2106203408
https://openalex.org/W2183987332
https://openalex.org/W1526014100
https://openalex.org/W2039290933
https://openalex.org/W2069810163
https://openalex.org/W2139444054
https://openalex.org/W2605806595
https://openalex.org/W2770766774
https://openalex.org/W2780733046
https://openalex.org/W2904775819
https://openalex.org/W3023628247
https://openalex.org/W1546617757
https://openalex.org/W2017546669
https://openalex.org/W2054857050
https://openalex.org/W2412143834
https://openalex.org/W2559872078
https://openalex.org/W2577177050
https://openalex.org/W2586720399
https://openalex.org/W2768688372
https://openalex.org/W2914172178
https://openalex.org/W2914664419
https://openalex.org/W2946629779
https://openalex.org/W2973840669
https://openalex.org/W2995384762
https://openalex.org/W3009339985
https://openalex.org/W3023764112
https://openalex.org/W3043446267
https://openalex.org/W3086222570
https://openalex.org/W3087527363
https://openalex.org/W51612467
https://openalex.org/W565881550
https://openalex.org/W2318229367
https://openalex.org/W3047779725
https://openalex.org/W3134615955
https://openalex.org/W3164653529
https://openalex.org/W3165020676
https://openalex.org/W3165456351
https://openalex.org/W3192845429
https://openalex.org/W3195111248
https://openalex.org/W3207052596
https://openalex.org/W1945905291
https://openalex.org/W195453063
https://openalex.org/W2300155459
https://openalex.org/W1492500613
https://openalex.org/W1951538385
https://openalex.org/W4231272674
https://openalex.org/W2027633957
https://openalex.org/W2061430740
https://openalex.org/W2064756968
https://openalex.org/W2623186650
https://openalex.org/W1995128337
https://openalex.org/W2016712946
https://openalex.org/W2394799975
https://openalex.org/W4300565103
https://openalex.org/W2035665581
https://openalex.org/W2017764572
https://openalex.org/W2041937586
https://openalex.org/W2273834703
https://openalex.org/W2049112377
https://openalex.org/W2080383533
https://openalex.org/W1986363775
https://openalex.org/W2151481391
https://openalex.org/W2000607917
https://openalex.org/W2121496935
https://openalex.org/W2786257699
https://openalex.org/W279212951
https://openalex.org/W1441824598
https://openalex.org/W1589693403
https://openalex.org/W2000855373
https://openalex.org/W2045317508
https://openalex.org/W2115359224
https://openalex.org/W2315401199
https://openalex.org/W2752313086
https://openalex.org/W2787818050
https://openalex.org/W2911032656
https://openalex.org/W2927223808
https://openalex.org/W2943332110
https://openalex.org/W2979040739
https://openalex.org/W3112706374
https://openalex.org/W4238497872
https://openalex.org/W3158031108
https://openalex.org/W3167033376
https://openalex.org/W3185782541
https://openalex.org/W3190095029
https://openalex.org/W3201581749
https://openalex.org/W3216179383
https://openalex.org/W4200615709
https://openalex.org/W4200092422
https://openalex.org/W4226063223
https://openalex.org/W4285529158
https://openalex.org/W4287877401
https://openalex.org/W4293493858
https://openalex.org/W4295079120
https://openalex.org/W4295850236
https://openalex.org/W4296194158
https://openalex.org/W4308320704
https://openalex.org/W2052965904
https://openalex.org/W60660468
https://openalex.org/W1941084773
https://openalex.org/W2151869183
https://openalex.org/W2054358327
https://openalex.org/W4246007525
https://openalex.org/W191079965
https://openalex.org/W1948902282
https://openalex.org/W2007297833
https://openalex.org/W2160359346
https://openalex.org/W2234712635
https://openalex.org/W2056008472
https://openalex.org/W2273345400
https://openalex.org/W1522300760
https://openalex.org/W2004162414
https://openalex.org/W2032192385
https://openalex.org/W2039303379
https://openalex.org/W2114066002
https://openalex.org/W2155105788
https://openalex.org/W101344552
https://openalex.org/W2019543560
https://openalex.org/W2082422510
https://openalex.org/W1551286191
https://openalex.org/W1996869468
https://openalex.org/W2042365630
https://openalex.org/W2103459900
https://openalex.org/W2088838556
https://openalex.org/W2325469502
https://openalex.org/W2784174007
https://openalex.org/W2802268728
https://openalex.org/W2885435089
https://openalex.org/W2901603831
https://openalex.org/W111660483
https://openalex.org/W1765346877
https://openalex.org/W2015538910
https://openalex.org/W2029607808
https://openalex.org/W2082252215
https://openalex.org/W2184188941
https://openalex.org/W2403243163
https://openalex.org/W2478931661
https://openalex.org/W2519632915
https://openalex.org/W2593560319
https://openalex.org/W2777547334
https://openalex.org/W3000178785
https://openalex.org/W3082855882
https://openalex.org/W56584353
https://openalex.org/W2068181462
https://openalex.org/W2028213739
https://openalex.org/W15000025
https://openalex.org/W2016006149
https://openalex.org/W2043343203
https://openalex.org/W2095581188
https://openalex.org/W2321505939
https://openalex.org/W4239064450
https://openalex.org/W1988293517
https://openalex.org/W2050962547
https://openalex.org/W2886924902
https://openalex.org/W2019748482
https://openalex.org/W2038473219
https://openalex.org/W2053913462
https://openalex.org/W2089782065
https://openalex.org/W2415857263
https://openalex.org/W2465158227
https://openalex.org/W2084748954
https://openalex.org/W2039617618
https://openalex.org/W2055263905
https://openalex.org/W2474642915
https://openalex.org/W1998867934
https://openalex.org/W2002777259
https://openalex.org/W2478026277
https://openalex.org/W2035588060
https://openalex.org/W1964680660
https://openalex.org/W2805626463
https://openalex.org/W2912285912
https://openalex.org/W2921106392
https://openalex.org/W2950928936
https://openalex.org/W2961895517
https://openalex.org/W2970117077
https://openalex.org/W1929806101
https://openalex.org/W2033998657
https://openalex.org/W2099738203
https://openalex.org/W2220412959
https://openalex.org/W2424339769
https://openalex.org/W2491142896
https://openalex.org/W2504625184
https://openalex.org/W2521220062
https://openalex.org/W2537218016
https://openalex.org/W3125555295
https://openalex.org/W3130735827
https://openalex.org/W3175940861
https://openalex.org/W3210769708
https://openalex.org/W4200416450
https://openalex.org/W1552335853
https://openalex.org/W1889991861
https://openalex.org/W2097560785
https://openalex.org/W1496552426
https://openalex.org/W1998331062
https://openalex.org/W3027431800
https://openalex.org/W149736075
https://openalex.org/W2085682607
https://openalex.org/W4211124064
https://openalex.org/W1987182544
https://openalex.org/W2045036903
https://openalex.org/W2111345486
https://openalex.org/W2173633730
https://openalex.org/W2506171174
https://openalex.org/W1985976280
https://openalex.org/W2341752854
https://openalex.org/W2725202656
https://openalex.org/W2725326675
https://openalex.org/W1974557720
https://openalex.org/W2021716592
https://openalex.org/W2116827988
https://openalex.org/W2120730395
https://openalex.org/W1996781938
https://openalex.org/W2000601311
https://openalex.org/W2132105611
https://openalex.org/W2162259027
https://openalex.org/W1645399285
https://openalex.org/W1987186358
https://openalex.org/W2028120993
https://openalex.org/W2065613849
https://openalex.org/W2404193615
https://openalex.org/W2418625974
https://openalex.org/W2624712183
https://openalex.org/W2625654525
https://openalex.org/W2772165565
https://openalex.org/W2802180481
https://openalex.org/W2898237232
https://openalex.org/W2910184416
https://openalex.org/W2923984032
https://openalex.org/W2946295860
https://openalex.org/W2962462308
https://openalex.org/W2994869931
https://openalex.org/W3037217495
https://openalex.org/W3089870730
https://openalex.org/W1872854515
https://openalex.org/W2326026813
https://openalex.org/W2463128552
https://openalex.org/W2480364914
https://openalex.org/W2488899992
https://openalex.org/W2533869699
https://openalex.org/W3210789171
https://openalex.org/W4211153694
https://openalex.org/W4224282364
https://openalex.org/W4229082431
https://openalex.org/W4282837340
https://openalex.org/W4283320704
https://openalex.org/W4283376060
https://openalex.org/W4292560001
https://openalex.org/W4292755799
https://openalex.org/W4293015632
https://openalex.org/W4294732486
https://openalex.org/W4294732551
https://openalex.org/W4303579307
https://openalex.org/W4304889713
https://openalex.org/W4307258428
https://openalex.org/W4308825587
https://openalex.org/W2034950709
https://openalex.org/W2093534233
https://openalex.org/W2157960067
https://openalex.org/W2330149097
https://openalex.org/W2082098858
https://openalex.org/W2085412321
https://openalex.org/W22726612
https://openalex.org/W2015570563
https://openalex.org/W2036074564
https://openalex.org/W2084598764
https://openalex.org/W2146434967
https://openalex.org/W4232447511
https://openalex.org/W85326932
https://openalex.org/W1969993102
https://openalex.org/W2238100108
https://openalex.org/W2409539879
https://openalex.org/W2411610282
https://openalex.org/W2468206217
https://openalex.org/W2747791220
https://openalex.org/W1964009193
https://openalex.org/W2008821190
https://openalex.org/W2018868629
https://openalex.org/W2149627821
https://openalex.org/W2348864020
https://openalex.org/W2419443953
https://openalex.org/W2005147996
https://openalex.org/W133476567
https://openalex.org/W2037300688
https://openalex.org/W2079145078
https://openalex.org/W2094071447
https://openalex.org/W2168745122
https://openalex.org/W2403926747
https://openalex.org/W2545995047
https://openalex.org/W4252139763
https://openalex.org/W2028993857
https://openalex.org/W3025572793
https://openalex.org/W1993700511
https://openalex.org/W1999421799
https://openalex.org/W2014895625
https://openalex.org/W2034450177
https://openalex.org/W2417286935
https://openalex.org/W4234308899
https://openalex.org/W2017923240
https://openalex.org/W2160471210
https://openalex.org/W2028149467
https://openalex.org/W2080661514
https://openalex.org/W2177372902
https://openalex.org/W2475108614
https://openalex.org/W1971454288
https://openalex.org/W2081109631
https://openalex.org/W2334459435
https://openalex.org/W2091188183
https://openalex.org/W2272386214
https://openalex.org/W2416110127
https://openalex.org/W2589419996
https://openalex.org/W2756501221
https://openalex.org/W2774993246
https://openalex.org/W2788816782
https://openalex.org/W2806696440
https://openalex.org/W2904480086
https://openalex.org/W2951728110
https://openalex.org/W2982695500
https://openalex.org/W2987297941
https://openalex.org/W3092316602
https://openalex.org/W3108124028
https://openalex.org/W3133710720
https://openalex.org/W3186026625
https://openalex.org/W3194280219
https://openalex.org/W3199591052
https://openalex.org/W3200002241
https://openalex.org/W3214160600
https://openalex.org/W3215023069
https://openalex.org/W4211066617
https://openalex.org/W4225370543
https://openalex.org/W4225958637
https://openalex.org/W2059252198
https://openalex.org/W2280716792
https://openalex.org/W2559906517
https://openalex.org/W2579509497
https://openalex.org/W2997799505
https://openalex.org/W4381416033
https://openalex.org/W1814950742
https://openalex.org/W2067250238
https://openalex.org/W2312421625
https://openalex.org/W2410321511
https://openalex.org/W1791904317
https://openalex.org/W1983063815
https://openalex.org/W2026056732
https://openalex.org/W2051126714
https://openalex.org/W2406455097
https://openalex.org/W2480350395
https://openalex.org/W2527876289
https://openalex.org/W2887749011
https://openalex.org/W1991477847
https://openalex.org/W2026788272
https://openalex.org/W2045360126
https://openalex.org/W2752601736
https://openalex.org/W2332589035
https://openalex.org/W2476841161
https://openalex.org/W2178012132
https://openalex.org/W2461667345
https://openalex.org/W1909004136
https://openalex.org/W1990257740
https://openalex.org/W1993102537
https://openalex.org/W2045095816
https://openalex.org/W2051663307
https://openalex.org/W2062878761
https://openalex.org/W2071437129
https://openalex.org/W2098880662
https://openalex.org/W2113237228
https://openalex.org/W2136487612
https://openalex.org/W2226598733
https://openalex.org/W2316757546
https://openalex.org/W2351073503
https://openalex.org/W2412303564
https://openalex.org/W2468373705
https://openalex.org/W3028909254
https://openalex.org/W3176241887
https://openalex.org/W444136935
https://openalex.org/W93877338
https://openalex.org/W2469377218
https://openalex.org/W4297239502
https://openalex.org/W4318263109
https://openalex.org/W4318391969
https://openalex.org/W4319989657
https://openalex.org/W4321613505
https://openalex.org/W4323810705
https://openalex.org/W4324044627
https://openalex.org/W4327681253
https://openalex.org/W4362419657
https://openalex.org/W4362461695
https://openalex.org/W4362480915
https://openalex.org/W4362481021
https://openalex.org/W4362481024
https://openalex.org/W4362481031
https://openalex.org/W4362481036
https://openalex.org/W4362481058
https://openalex.org/W4362481059
https://openalex.org/W4362481064
https://openalex.org/W4362481068
https://openalex.org/W4362481069
https://openalex.org/W4362481072
https://openalex.org/W4362481074
https://openalex.org/W4362481085
https://openalex.org/W4362481124
https://openalex.org/W4362481152
https://openalex.org/W4362481187
https://openalex.org/W4362492231
https://openalex.org/W4362492415
https://openalex.org/W4362492491
https://openalex.org/W4362492493
https://openalex.org/W4362530324
https://openalex.org/W4362530360
https://openalex.org/W4362530475
https://openalex.org/W4362530501
https://openalex.org/W4362530536
https://openalex.org/W4362530569
https://openalex.org/W4362537360
https://openalex.org/W4362537395
https://openalex.org/W4362537399
https://openalex.org/W4362537409
https://openalex.org/W4362537410
https://openalex.org/W4362537469
https://openalex.org/W4362670481
https://openalex.org/W4366518175
https://openalex.org/W4366814974
https://openalex.org/W4366826979
https://openalex.org/W4367834937
https://openalex.org/W4372348878
https://openalex.org/W4376480655
https://openalex.org/W4376505812
https://openalex.org/W4376872063
https://openalex.org/W4377371631
https://openalex.org/W4377824139
https://openalex.org/W4378470683
https://openalex.org/W4378501564
https://openalex.org/W4379280604
https://openalex.org/W4380048015
https://openalex.org/W4381251007
https://openalex.org/W4382202938
https://openalex.org/W4382202984
https://openalex.org/W4382987283
https://openalex.org/W4383268175
https://openalex.org/W4383482660
https://openalex.org/W4383500337
https://openalex.org/W4385308686
https://openalex.org/W4385329459
https://openalex.org/W4385331327
https://openalex.org/W4385358952
https://openalex.org/W4385410133
https://openalex.org/W4385482717
https://openalex.org/W4385552031
https://openalex.org/W4385565577
https://openalex.org/W4385758965
https://openalex.org/W4385903771
https://openalex.org/W4386260573
https://openalex.org/W4386605883
https://openalex.org/W4386747926
https://openalex.org/W4386846476
https://openalex.org/W4386847417
https://openalex.org/W4386920480
https://openalex.org/W4386953543
https://openalex.org/W4387139368
https://openalex.org/W4387340903
https://openalex.org/W4387414113
https://openalex.org/W4387486211
https://openalex.org/W4387489691
https://openalex.org/W4387522997
https://openalex.org/W4387877268
https://openalex.org/W4387929600
https://openalex.org/W4388115020
https://openalex.org/W4388141720
https://openalex.org/W4388406685
https://openalex.org/W4388561378
https://openalex.org/W4388567188
https://openalex.org/W4388675571
https://openalex.org/W4388855670
https://openalex.org/W4388907206
https://openalex.org/W4389049771
https://openalex.org/W4389229549
https://openalex.org/W4389243995
https://openalex.org/W4389258263
https://openalex.org/W4389338495
https://openalex.org/W4389523953
https://openalex.org/W4389571776
https://openalex.org/W4389775113
https://openalex.org/W4389780545
https://openalex.org/W4390120544
https://openalex.org/W4391250838
https://openalex.org/W4391496559
https://openalex.org/W4392679886
https://openalex.org/W4392685648
https://openalex.org/W4392687500
https://openalex.org/W4392700903
https://openalex.org/W1590237349
https://openalex.org/W2048192027
https://openalex.org/W2077644446
https://openalex.org/W2102637917
https://openalex.org/W28329198
https://openalex.org/W2016902276
https://openalex.org/W2042800866
https://openalex.org/W2079605444
https://openalex.org/W2083766525
https://openalex.org/W2323788794
https://openalex.org/W2410158601
https://openalex.org/W2431835570
https://openalex.org/W1533498055
https://openalex.org/W1584716204
https://openalex.org/W2128281414
https://openalex.org/W2408954435
https://openalex.org/W3042911100
https://openalex.org/W2050777996
https://openalex.org/W2000580620
https://openalex.org/W2149880206
https://openalex.org/W2290971437
https://openalex.org/W2331228394
https://openalex.org/W2579172714
https://openalex.org/W1967786198
https://openalex.org/W2039962586
https://openalex.org/W2070139648
https://openalex.org/W2324712389
https://openalex.org/W2471601569
https://openalex.org/W2058904637
https://openalex.org/W2092149994
https://openalex.org/W2103691543
https://openalex.org/W2418120528
https://openalex.org/W2417361472
https://openalex.org/W96672657
https://openalex.org/W160973084
https://openalex.org/W2041815788
https://openalex.org/W2240199535
https://openalex.org/W2348763295
https://openalex.org/W2409903739
https://openalex.org/W2781707486
https://openalex.org/W2900427881
https://openalex.org/W2905646690
https://openalex.org/W2910291215
https://openalex.org/W2923438902
https://openalex.org/W2941964155
https://openalex.org/W2952973956
https://openalex.org/W2981029296
https://openalex.org/W2986138829
https://openalex.org/W2997895294
https://openalex.org/W3000732875
https://openalex.org/W3037100768
https://openalex.org/W3044008771
https://openalex.org/W3077095790
https://openalex.org/W3100715557
https://openalex.org/W3104309429
https://openalex.org/W3113548911
https://openalex.org/W3119445060
https://openalex.org/W3121207023
https://openalex.org/W3135289702
https://openalex.org/W3183468422
https://openalex.org/W3183562386
https://openalex.org/W3187157881
https://openalex.org/W3197835242
https://openalex.org/W3214372523
https://openalex.org/W4226365191
https://openalex.org/W4250310268
https://openalex.org/W4301673486
https://openalex.org/W2228790151
https://openalex.org/W2337112810
https://openalex.org/W2462077886
https://openalex.org/W2504691847
https://openalex.org/W2504892871
https://openalex.org/W2549401632
https://openalex.org/W2550305986
https://openalex.org/W2590840937
https://openalex.org/W2608450826
https://openalex.org/W2739612353
https://openalex.org/W2889067122
https://openalex.org/W3212794770
https://openalex.org/W4205768742
https://openalex.org/W4224218257
https://openalex.org/W4290760569
https://openalex.org/W4294795711
https://openalex.org/W4297183848
https://openalex.org/W4306887772
https://openalex.org/W4312639510
https://openalex.org/W4313423202
https://openalex.org/W2023599355
https://openalex.org/W2325364516
https://openalex.org/W117626817
https://openalex.org/W124220072
https://openalex.org/W158745853
https://openalex.org/W1981082020
https://openalex.org/W1996986754
https://openalex.org/W2024522508
https://openalex.org/W2028695863
https://openalex.org/W2049213098
https://openalex.org/W2407162128
https://openalex.org/W2038049061
https://openalex.org/W2065619509
https://openalex.org/W2142804295
https://openalex.org/W2468988860
https://openalex.org/W1979670506
https://openalex.org/W2782741169
https://openalex.org/W104161885
https://openalex.org/W1601445573
https://openalex.org/W1878158348
https://openalex.org/W2019283046
https://openalex.org/W2081961562
https://openalex.org/W2084332981
https://openalex.org/W2121240877
https://openalex.org/W2147114172
https://openalex.org/W2298057225
https://openalex.org/W2401507197
https://openalex.org/W3142704983
https://openalex.org/W3174483612
https://openalex.org/W3174758999
https://openalex.org/W4205851685
https://openalex.org/W4303432175
https://openalex.org/W4313440339
https://openalex.org/W4323059885
https://openalex.org/W62882546
https://openalex.org/W825274506
https://openalex.org/W1965342470
https://openalex.org/W2004987675
https://openalex.org/W2008274354
https://openalex.org/W2068991207
https://openalex.org/W2090962549
https://openalex.org/W1973777078
https://openalex.org/W2162791184
https://openalex.org/W2418400241
https://openalex.org/W4232988215
https://openalex.org/W564382897
https://openalex.org/W2162581045
https://openalex.org/W2479267185
https://openalex.org/W2007845152
https://openalex.org/W2016147344
https://openalex.org/W2071811070
https://openalex.org/W2350320622
https://openalex.org/W2892197834
https://openalex.org/W137041719
https://openalex.org/W1522125484
https://openalex.org/W2017285415
https://openalex.org/W2041843796
https://openalex.org/W2042878738
https://openalex.org/W2145573614
https://openalex.org/W2165017011
https://openalex.org/W2165817965
https://openalex.org/W2312806587
https://openalex.org/W2321589797
https://openalex.org/W2363985346
https://openalex.org/W2589242083
https://openalex.org/W2606867555
https://openalex.org/W2617969769
https://openalex.org/W2765797562
https://openalex.org/W2770688404
https://openalex.org/W3174630245
https://openalex.org/W2008595230
https://openalex.org/W2020967376
https://openalex.org/W2029274457
https://openalex.org/W203857901
https://openalex.org/W2076524597
https://openalex.org/W2158859411
https://openalex.org/W2318677742
https://openalex.org/W2322883062
https://openalex.org/W2410002027
https://openalex.org/W2467811656
https://openalex.org/W2499297855
https://openalex.org/W1871618546
https://openalex.org/W2023289404
https://openalex.org/W2103715947
https://openalex.org/W2474029932
https://openalex.org/W2502895911
https://openalex.org/W2128808588
https://openalex.org/W2419085756
https://openalex.org/W141697012
https://openalex.org/W2028727591
https://openalex.org/W2188652097
https://openalex.org/W2324821422
https://openalex.org/W2361269634
https://openalex.org/W2390907528
https://openalex.org/W2393689400
https://openalex.org/W2402109558
https://openalex.org/W2418149949
https://openalex.org/W2765449040
https://openalex.org/W2801872056
https://openalex.org/W2899197925
https://openalex.org/W2899642920
https://openalex.org/W2900977802
https://openalex.org/W2901255337
https://openalex.org/W2901444492
https://openalex.org/W2904279775
https://openalex.org/W2904814233
https://openalex.org/W2948608123
https://openalex.org/W2986530905
https://openalex.org/W4240861618
https://openalex.org/W2023536346
https://openalex.org/W2027989108
https://openalex.org/W2402147610
https://openalex.org/W1971170052
https://openalex.org/W2277563436
https://openalex.org/W2469846372
https://openalex.org/W1964200503
https://openalex.org/W2060019944
https://openalex.org/W21952079
https://openalex.org/W2397085314
https://openalex.org/W2501661164
https://openalex.org/W2803782500
https://openalex.org/W2918702436
https://openalex.org/W2935950918
https://openalex.org/W2936827511
https://openalex.org/W2939723162
https://openalex.org/W2945686407
https://openalex.org/W2946485726
https://openalex.org/W2969402616
https://openalex.org/W2973085771
https://openalex.org/W2988590392
https://openalex.org/W2989554314
https://openalex.org/W3004831587
https://openalex.org/W3034714718
https://openalex.org/W3044925081
https://openalex.org/W3047141614
https://openalex.org/W3066509370
https://openalex.org/W3083722677
https://openalex.org/W3085535692
https://openalex.org/W3090302429
https://openalex.org/W3128021522
https://openalex.org/W3128562466
https://openalex.org/W4297667084
https://openalex.org/W49753655
https://openalex.org/W2012799495
https://openalex.org/W2037118160
https://openalex.org/W2168483176
https://openalex.org/W2419094322
https://openalex.org/W24503985
https://openalex.org/W2471970524
https://openalex.org/W2760649952
https://openalex.org/W4250261003
https://openalex.org/W57774435
https://openalex.org/W1964881960
https://openalex.org/W2001540438
https://openalex.org/W3003277147
https://openalex.org/W2010051048
https://openalex.org/W2154949003
https://openalex.org/W2232901854
https://openalex.org/W3133724400
https://openalex.org/W3161248719
https://openalex.org/W3185168553
https://openalex.org/W3189253628
https://openalex.org/W3209736542
https://openalex.org/W3210904884
https://openalex.org/W3216596398
https://openalex.org/W4200028575
https://openalex.org/W4200336783
https://openalex.org/W4200534366
https://openalex.org/W4244283222
https://openalex.org/W1526830609
https://openalex.org/W1981677605
https://openalex.org/W1983515450
https://openalex.org/W4298293057
https://openalex.org/W2152000270
https://openalex.org/W2735999419
https://openalex.org/W1550712697
https://openalex.org/W1995708884
https://openalex.org/W2012327347
https://openalex.org/W2031687055
https://openalex.org/W2042968066
https://openalex.org/W2183955164
https://openalex.org/W2243007336
https://openalex.org/W2351867825
https://openalex.org/W2598189256
https://openalex.org/W2396546427
https://openalex.org/W2401975442
https://openalex.org/W2405940565
https://openalex.org/W2439571820
https://openalex.org/W2440271678
https://openalex.org/W2444064595
https://openalex.org/W2461081774
https://openalex.org/W2466715775
https://openalex.org/W2474520051
https://openalex.org/W3089531577
https://openalex.org/W133719350
https://openalex.org/W2022252809
https://openalex.org/W2038925522
https://openalex.org/W2057577191
https://openalex.org/W2061287230
https://openalex.org/W2216365746
https://openalex.org/W2402486754
https://openalex.org/W2413909338
https://openalex.org/W2416040480
https://openalex.org/W2439647995
https://openalex.org/W2968481722
https://openalex.org/W4234906792
https://openalex.org/W1999694700
https://openalex.org/W2391501079
https://openalex.org/W2404223828
https://openalex.org/W134750560
https://openalex.org/W1456258249
https://openalex.org/W1502110872
https://openalex.org/W1521347584
https://openalex.org/W1524873402
https://openalex.org/W1535945584
https://openalex.org/W1563873749
https://openalex.org/W1581364073
https://openalex.org/W1582952005
https://openalex.org/W1595596102
https://openalex.org/W1964141117
https://openalex.org/W2066298646
https://openalex.org/W2072918943
https://openalex.org/W2204061109
https://openalex.org/W2205063473
https://openalex.org/W2283966840
https://openalex.org/W2317132319
https://openalex.org/W2338700454
https://openalex.org/W2344360718
https://openalex.org/W2346241299
https://openalex.org/W2359285011
https://openalex.org/W2368903185
https://openalex.org/W2371637973
https://openalex.org/W2435061364
https://openalex.org/W2473926493
https://openalex.org/W2496614571
https://openalex.org/W2514456219
https://openalex.org/W2520315516
https://openalex.org/W2535498662
https://openalex.org/W2549479688
https://openalex.org/W2554496827
https://openalex.org/W2561451016
https://openalex.org/W2562865372
https://openalex.org/W2566145877
https://openalex.org/W2590537101
https://openalex.org/W2602975536
https://openalex.org/W2610626005
https://openalex.org/W268228526
https://openalex.org/W2743739294
https://openalex.org/W2744188453
https://openalex.org/W2744459977
https://openalex.org/W2744842679
https://openalex.org/W2745262431
https://openalex.org/W2745512101
https://openalex.org/W2746020145
https://openalex.org/W2746024359
https://openalex.org/W2747374195
https://openalex.org/W2749322484
https://openalex.org/W2749615836
https://openalex.org/W2749847236
https://openalex.org/W2753042113
https://openalex.org/W2753294342
https://openalex.org/W2784526249
https://openalex.org/W2925372598
https://openalex.org/W3004851141
https://openalex.org/W3013033775
https://openalex.org/W3029629608
https://openalex.org/W3029696975
https://openalex.org/W3032243494
https://openalex.org/W3094617290
https://openalex.org/W3117091384
https://openalex.org/W3138284051
https://openalex.org/W3140518620
https://openalex.org/W3153877606
https://openalex.org/W3160430104
https://openalex.org/W3165665349
https://openalex.org/W3190244364
https://openalex.org/W3191309648
https://openalex.org/W3209228875
https://openalex.org/W3214644159
https://openalex.org/W415477601
https://openalex.org/W4251059502
https://openalex.org/W4389027162
https://openalex.org/W564940413
https://openalex.org/W806792853
https://openalex.org/W185883561
https://openalex.org/W1972682805
https://openalex.org/W2005634935
https://openalex.org/W2007970580
https://openalex.org/W2046810867
https://openalex.org/W2068800253
https://openalex.org/W2076391251
https://openalex.org/W2324235403
https://openalex.org/W2496582648
https://openalex.org/W4246548707
https://openalex.org/W80112600
https://openalex.org/W108609896
https://openalex.org/W1198410504
https://openalex.org/W13181296
https://openalex.org/W133227787
https://openalex.org/W1462394729
https://openalex.org/W1484047853
https://openalex.org/W1516320170
https://openalex.org/W1568993130
https://openalex.org/W1949653912
https://openalex.org/W1964763301
https://openalex.org/W1997290406
https://openalex.org/W2004778741
https://openalex.org/W2014020264
https://openalex.org/W2015359521
https://openalex.org/W2017660953
https://openalex.org/W2032429046
https://openalex.org/W2034693951
https://openalex.org/W2039067920
https://openalex.org/W2044090757
https://openalex.org/W2048355185
https://openalex.org/W2068762128
https://openalex.org/W2119298875
https://openalex.org/W2188041976
https://openalex.org/W226661004
https://openalex.org/W2283914623
https://openalex.org/W2304246380
https://openalex.org/W2312957828
https://openalex.org/W2314021809
https://openalex.org/W2321167775
https://openalex.org/W2325391128
https://openalex.org/W2325439616
https://openalex.org/W2328873948
https://openalex.org/W2335815649
https://openalex.org/W2351241782
https://openalex.org/W2352133620
https://openalex.org/W2352338979
https://openalex.org/W2355203190
https://openalex.org/W2357769945
https://openalex.org/W2357852159
https://openalex.org/W2363307759
https://openalex.org/W2365069382
https://openalex.org/W2370310731
https://openalex.org/W2373952904
https://openalex.org/W2374326231
https://openalex.org/W2374449068
https://openalex.org/W2374631773
https://openalex.org/W2374800311
https://openalex.org/W2374818840
https://openalex.org/W2382150626
https://openalex.org/W2384015000
https://openalex.org/W2384332501
https://openalex.org/W2390794405
https://openalex.org/W2392938903
https://openalex.org/W2402369843
https://openalex.org/W2403064911
https://openalex.org/W2407948274
https://openalex.org/W2409503296
https://openalex.org/W2416468065
https://openalex.org/W2418627921
https://openalex.org/W2440005024
https://openalex.org/W2472551335
https://openalex.org/W2478835475
https://openalex.org/W2590357456
https://openalex.org/W2625738491
https://openalex.org/W2742147651
https://openalex.org/W2743498211
https://openalex.org/W2749970293
https://openalex.org/W2755276580
https://openalex.org/W2889178580
https://openalex.org/W2914199833
https://openalex.org/W2978704761
https://openalex.org/W2991244778
https://openalex.org/W3028876438
https://openalex.org/W3030985917
https://openalex.org/W3031308825
https://openalex.org/W3032222825
https://openalex.org/W3091672384
https://openalex.org/W3150495354
https://openalex.org/W3160249466
https://openalex.org/W3168307250
https://openalex.org/W3168486330
https://openalex.org/W3169930209
https://openalex.org/W3173300611
https://openalex.org/W3173709211
https://openalex.org/W3173776190
https://openalex.org/W3174872626
https://openalex.org/W3175053575
https://openalex.org/W3175296797
https://openalex.org/W3176180394
https://openalex.org/W3176370975
https://openalex.org/W3177329201
https://openalex.org/W318583603
https://openalex.org/W3210496492
https://openalex.org/W35392638
https://openalex.org/W4230872198
https://openalex.org/W4234361033
https://openalex.org/W4299554706
https://openalex.org/W4301437329
https://openalex.org/W57967672
https://openalex.org/W79438327
https://openalex.org/W897636073
https://openalex.org/W956793665
https://openalex.org/W2080833480
https://openalex.org/W2093821349
https://openalex.org/W2139294622
https://openalex.org/W947537778
https://openalex.org/W1450363353
https://openalex.org/W1678524050
https://openalex.org/W2444199510
https://openalex.org/W2470347954
https://openalex.org/W2754663083
https://openalex.org/W3110999649
https://openalex.org/W183735349
https://openalex.org/W1978416442
https://openalex.org/W1978880138
https://openalex.org/W2066408395
https://openalex.org/W2254458508
https://openalex.org/W2313490806
https://openalex.org/W2315057720
https://openalex.org/W2318281800
https://openalex.org/W2339976950
https://openalex.org/W2348972975
https://openalex.org/W2350608904
https://openalex.org/W2354889165
https://openalex.org/W2357234592
https://openalex.org/W2357480505
https://openalex.org/W2374611379
https://openalex.org/W2392069074
https://openalex.org/W240775117
https://openalex.org/W2411675581
https://openalex.org/W2416948487
https://openalex.org/W2419673343
https://openalex.org/W2439983415
https://openalex.org/W2468588775
https://openalex.org/W2469744991
https://openalex.org/W2511611126
https://openalex.org/W2588302760
https://openalex.org/W2589308613
https://openalex.org/W2589816518
https://openalex.org/W2605316691
https://openalex.org/W2676678967
https://openalex.org/W2736850700
https://openalex.org/W2743969428
https://openalex.org/W2749601108
https://openalex.org/W2755235980
https://openalex.org/W2763119997
https://openalex.org/W2763508496
https://openalex.org/W2765699903
https://openalex.org/W2770487364
https://openalex.org/W2770910774
https://openalex.org/W2776091516
https://openalex.org/W2777666121
https://openalex.org/W2885885363
https://openalex.org/W2886931925
https://openalex.org/W2901628215
https://openalex.org/W2949882196
https://openalex.org/W2993856609
https://openalex.org/W3003415159
https://openalex.org/W3009840003
https://openalex.org/W3031478984
https://openalex.org/W3032555186
https://openalex.org/W3166723551
https://openalex.org/W3172209295
https://openalex.org/W3187640000
https://openalex.org/W3216925142
https://openalex.org/W36704994
https://openalex.org/W4235296913
https://openalex.org/W4236416729
https://openalex.org/W4246477929
https://openalex.org/W4294079427
https://openalex.org/W4389018696
https://openalex.org/W4389019388
https://openalex.org/W4389022255
https://openalex.org/W4389022907
https://openalex.org/W70633855
https://openalex.org/W2003851613
https://openalex.org/W2472099190
https://openalex.org/W2734234782
https://openalex.org/W2759032326
https://openalex.org/W1447351298
https://openalex.org/W1495950030
https://openalex.org/W153603477
https://openalex.org/W168042440
https://openalex.org/W168196740
https://openalex.org/W1769231666
https://openalex.org/W2029108912
https://openalex.org/W2034106342
https://openalex.org/W2044548510
https://openalex.org/W2057087651
https://openalex.org/W2072187665
https://openalex.org/W2218803166
https://openalex.org/W2277277652
https://openalex.org/W2288425651
https://openalex.org/W2291347533
https://openalex.org/W2341418099
https://openalex.org/W2347500096
https://openalex.org/W2351772305
https://openalex.org/W2354897374
https://openalex.org/W2355717750
https://openalex.org/W2357641474
https://openalex.org/W2360941690
https://openalex.org/W2365861782
https://openalex.org/W2367812538
https://openalex.org/W2368760258
https://openalex.org/W2369431764
https://openalex.org/W2372706721
https://openalex.org/W2374453028
https://openalex.org/W2379689388
https://openalex.org/W2385459008
https://openalex.org/W2388458874
https://openalex.org/W2391358862
https://openalex.org/W2391377315
https://openalex.org/W2414671940
https://openalex.org/W2417624429
https://openalex.org/W2433129312
https://openalex.org/W2440361181
https://openalex.org/W2467767285
https://openalex.org/W2587074083
https://openalex.org/W2743382703
https://openalex.org/W2750200642
https://openalex.org/W2800987876
https://openalex.org/W2801404888
https://openalex.org/W2949944873
https://openalex.org/W3025140171
https://openalex.org/W3032494265
https://openalex.org/W3126898220
https://openalex.org/W3177387264
https://openalex.org/W3202322007
https://openalex.org/W41039791
https://openalex.org/W4205922472
https://openalex.org/W4210639107
https://openalex.org/W4210656181
https://openalex.org/W4213199383
https://openalex.org/W4224273680
https://openalex.org/W4224937194
https://openalex.org/W4225680468
https://openalex.org/W4226284381
https://openalex.org/W4280644753
https://openalex.org/W4281554712
https://openalex.org/W4281657054
https://openalex.org/W4281768044
https://openalex.org/W4282813235
https://openalex.org/W4282830277
https://openalex.org/W4283167323
https://openalex.org/W4283642991
https://openalex.org/W4283686982
https://openalex.org/W4283710865
https://openalex.org/W4283813372
https://openalex.org/W4285505216
https://openalex.org/W4287855202
https://openalex.org/W4287891169
https://openalex.org/W4288459437
https://openalex.org/W4289537361
https://openalex.org/W4289779303
https://openalex.org/W4292865470
https://openalex.org/W4292959006
https://openalex.org/W4293087821
https://openalex.org/W4293087886
https://openalex.org/W4293088028
https://openalex.org/W4293095184
https://openalex.org/W4293215108
https://openalex.org/W4294845309
https://openalex.org/W4295648999
https://openalex.org/W4295683011
https://openalex.org/W4295887126
https://openalex.org/W4296518460
https://openalex.org/W4296563896
https://openalex.org/W4297199973
https://openalex.org/W4297833393
https://openalex.org/W4301644566
https://openalex.org/W4306736860
https://openalex.org/W4308254651
https://openalex.org/W4309800156
https://openalex.org/W4310119309
https://openalex.org/W4310688599
https://openalex.org/W4311554937
https://openalex.org/W4311655101
https://openalex.org/W4312603833
https://openalex.org/W4313236919
https://openalex.org/W4313330638
https://openalex.org/W437577556
https://openalex.org/W4393219777
https://openalex.org/W4393243656
https://openalex.org/W4393501094
https://openalex.org/W4393790159
https://openalex.org/W56773373
https://openalex.org/W625748395
https://openalex.org/W128553190
https://openalex.org/W170925179
https://openalex.org/W2047225335
https://openalex.org/W2312622162
https://openalex.org/W2397361439
https://openalex.org/W2587806968
https://openalex.org/W2668064452
https://openalex.org/W2766824434
https://openalex.org/W2901552875
https://openalex.org/W183681633
https://openalex.org/W2013243993
https://openalex.org/W2041674297
https://openalex.org/W2307682795
https://openalex.org/W2355520122
https://openalex.org/W2356454947
https://openalex.org/W2383993158
https://openalex.org/W2405428815
https://openalex.org/W2410584943
https://openalex.org/W2413002628
https://openalex.org/W2413668217
https://openalex.org/W2414559637
https://openalex.org/W2414639661
https://openalex.org/W2418107682
https://openalex.org/W2419125613
https://openalex.org/W2463282002
https://openalex.org/W2595366262
https://openalex.org/W2756175273
https://openalex.org/W2784070874
https://openalex.org/W2789752811
https://openalex.org/W2791267851
https://openalex.org/W2794385034
https://openalex.org/W2799539784
https://openalex.org/W2800408702
https://openalex.org/W2801823839
https://openalex.org/W2802427156
https://openalex.org/W2807194260
https://openalex.org/W2807590974
https://openalex.org/W2883929068
https://openalex.org/W2884736788
https://openalex.org/W2890547827
https://openalex.org/W2903246001
https://openalex.org/W2904955042
https://openalex.org/W2908171439
https://openalex.org/W2942123334
https://openalex.org/W2942603512
https://openalex.org/W2950326156
https://openalex.org/W2950764480
https://openalex.org/W2950937617
https://openalex.org/W2951480877
https://openalex.org/W2951787612
https://openalex.org/W2956574651
https://openalex.org/W2972739411
https://openalex.org/W2979338086
https://openalex.org/W2980486587
https://openalex.org/W2980635010
https://openalex.org/W2981262344
https://openalex.org/W2981305576
https://openalex.org/W2982807021
https://openalex.org/W2985188959
https://openalex.org/W2985370334
https://openalex.org/W2985462581
https://openalex.org/W2988082487
https://openalex.org/W2990385863
https://openalex.org/W2998810539
https://openalex.org/W3004140521
https://openalex.org/W3005464790
https://openalex.org/W3010569296
https://openalex.org/W3012015671
https://openalex.org/W3016094021
https://openalex.org/W3029783376
https://openalex.org/W3030312557
https://openalex.org/W3030995680
https://openalex.org/W3031243144
https://openalex.org/W3031775983
https://openalex.org/W3032637470
https://openalex.org/W3041940735
https://openalex.org/W3075893496
https://openalex.org/W3093805537
https://openalex.org/W3096226481
https://openalex.org/W3097517082
https://openalex.org/W3111927452
https://openalex.org/W3176026049
https://openalex.org/W3189473014
https://openalex.org/W3190071657
https://openalex.org/W3204023532
https://openalex.org/W38094557
https://openalex.org/W38484978
https://openalex.org/W4213007295
https://openalex.org/W4229728022
https://openalex.org/W4235698292
https://openalex.org/W4241964914
https://openalex.org/W4244520686
https://openalex.org/W4250870952
https://openalex.org/W4252535027
https://openalex.org/W51062924
https://openalex.org/W54637014
https://openalex.org/W144533678
https://openalex.org/W167491822
https://openalex.org/W189518071
https://openalex.org/W2009339348
https://openalex.org/W2044242588
https://openalex.org/W2054573026
https://openalex.org/W2070741228
https://openalex.org/W2071970745
https://openalex.org/W2093960737
https://openalex.org/W2125258897
https://openalex.org/W2321083534
https://openalex.org/W2322800755
https://openalex.org/W2406940872
https://openalex.org/W2409522694
https://openalex.org/W2412744827
https://openalex.org/W2443279640
https://openalex.org/W2470561071
https://openalex.org/W4214837148
https://openalex.org/W4231591063
https://openalex.org/W42443596
https://openalex.org/W4252426424
https://openalex.org/W636375673
https://openalex.org/W1793223994
https://openalex.org/W1969955570
https://openalex.org/W2020451202
https://openalex.org/W2041799749
https://openalex.org/W2054272613
https://openalex.org/W2055513703
https://openalex.org/W2184895292
https://openalex.org/W2261249222
https://openalex.org/W2264858159
https://openalex.org/W2273900113
https://openalex.org/W2330145532
https://openalex.org/W2333301786
https://openalex.org/W2352181181
https://openalex.org/W2357229831
https://openalex.org/W2361101883
https://openalex.org/W2364848426
https://openalex.org/W2388888478
https://openalex.org/W2390256131
https://openalex.org/W2394388809
https://openalex.org/W2395405589
https://openalex.org/W2409295475
https://openalex.org/W2409315314
https://openalex.org/W2413054560
https://openalex.org/W2430879731
https://openalex.org/W2434460920
https://openalex.org/W2468858577
https://openalex.org/W2737264472
https://openalex.org/W2769531365
https://openalex.org/W2773458389
https://openalex.org/W2976201041
https://openalex.org/W3004139804
https://openalex.org/W3006739565
https://openalex.org/W3010408791
https://openalex.org/W3028767551
https://openalex.org/W3030499366
https://openalex.org/W3030927128
https://openalex.org/W3031075033
https://openalex.org/W3031998567
https://openalex.org/W3032461995
https://openalex.org/W3032656085
https://openalex.org/W3032881975
https://openalex.org/W3033064256
https://openalex.org/W3045089225
https://openalex.org/W3081607678
https://openalex.org/W3083882588
https://openalex.org/W3087450706
https://openalex.org/W3088766871
https://openalex.org/W3089870593
https://openalex.org/W3095132782
https://openalex.org/W3095185032
https://openalex.org/W3095885444
https://openalex.org/W3096377465
https://openalex.org/W3097994574
https://openalex.org/W3099025369
https://openalex.org/W3109491078
https://openalex.org/W3110820760
https://openalex.org/W3111624468
https://openalex.org/W3111923713
https://openalex.org/W3112885583
https://openalex.org/W3114635732
https://openalex.org/W3160232566
https://openalex.org/W3164687145
https://openalex.org/W3168888888
https://openalex.org/W3175818831
https://openalex.org/W3178289916
https://openalex.org/W3185431598
https://openalex.org/W3196147444
https://openalex.org/W3208339315
https://openalex.org/W4200569413
https://openalex.org/W4233738242
https://openalex.org/W4240461883
https://openalex.org/W4243178785
https://openalex.org/W4244141963
https://openalex.org/W4244435530
https://openalex.org/W4244491789
https://openalex.org/W4251828150
https://openalex.org/W4252383546
https://openalex.org/W4252502555
https://openalex.org/W4252594117
https://openalex.org/W4252598993
https://openalex.org/W4287712007
https://openalex.org/W4302764097
https://openalex.org/W4380589780
https://openalex.org/W4394149880
https://openalex.org/W4394157083
https://openalex.org/W4394194497
https://openalex.org/W4394218566
https://openalex.org/W4394227395
https://openalex.org/W4394245019
https://openalex.org/W4394283618
https://openalex.org/W4394309587
https://openalex.org/W4394475615
https://openalex.org/W4394547703
https://openalex.org/W621558802
https://openalex.org/W80692437
https://openalex.org/W80928766
https://openalex.org/W844718578
https://openalex.org/W1983088512
https://openalex.org/W2098466254
https://openalex.org/W2157362640
https://openalex.org/W1547580715
https://openalex.org/W1982614274
https://openalex.org/W2019147602
https://openalex.org/W2335483791
https://openalex.org/W2360475133
https://openalex.org/W2392782113
https://openalex.org/W2403722980
https://openalex.org/W2407636907
https://openalex.org/W2408150666
https://openalex.org/W2415908545
https://openalex.org/W2417373223
https://openalex.org/W2434587693
https://openalex.org/W2436698971
https://openalex.org/W2486860334
https://openalex.org/W2590911700
https://openalex.org/W2622019569
https://openalex.org/W2890503672
https://openalex.org/W3187834626
https://openalex.org/W3190144408
https://openalex.org/W4238865127
https://openalex.org/W632577162
https://openalex.org/W1972765055
https://openalex.org/W2347902578
https://openalex.org/W2350750350
https://openalex.org/W2352930361
https://openalex.org/W2358309505
https://openalex.org/W2361262638
https://openalex.org/W2374796388
https://openalex.org/W2399885246
https://openalex.org/W2407135963
https://openalex.org/W2409609143
https://openalex.org/W2412358104
https://openalex.org/W2415052487
https://openalex.org/W2417484599
https://openalex.org/W2434839879
https://openalex.org/W2437915022
https://openalex.org/W2443339494
https://openalex.org/W2460864019
https://openalex.org/W2460876484
https://openalex.org/W2735171496
https://openalex.org/W3116982240
https://openalex.org/W3120726357
https://openalex.org/W3131357379
https://openalex.org/W3133384894
https://openalex.org/W3158837393
https://openalex.org/W3168646093
https://openalex.org/W3172152317
https://openalex.org/W3172595287
https://openalex.org/W3183444176
https://openalex.org/W3187022282
https://openalex.org/W3189293824
https://openalex.org/W3198037943
https://openalex.org/W3199163867
https://openalex.org/W3200739668
https://openalex.org/W3201302489
https://openalex.org/W3202137404
https://openalex.org/W3202545655
https://openalex.org/W3202864949
https://openalex.org/W3203883201
https://openalex.org/W3204595790
https://openalex.org/W3208410206
https://openalex.org/W3208639024
https://openalex.org/W3209883196
https://openalex.org/W3210308572
https://openalex.org/W3211610854
https://openalex.org/W3213680745
https://openalex.org/W3214359088
https://openalex.org/W3214796569
https://openalex.org/W3215012838
https://openalex.org/W3215244054
https://openalex.org/W3217040663
https://openalex.org/W4200004189
https://openalex.org/W4226287799
https://openalex.org/W4234349421
https://openalex.org/W4243061760
https://openalex.org/W4255451954
https://openalex.org/W4287067682
https://openalex.org/W4394186285
https://openalex.org/W121193092
https://openalex.org/W2006429718
https://openalex.org/W2024150309
https://openalex.org/W2028234338
https://openalex.org/W2045520740
https://openalex.org/W2068141474
https://openalex.org/W2352010013
https://openalex.org/W2352695173
https://openalex.org/W2367004674
https://openalex.org/W2391205006
https://openalex.org/W2396278211
https://openalex.org/W2396823543
https://openalex.org/W2398751336
https://openalex.org/W2401513276
https://openalex.org/W2402875102
https://openalex.org/W2403350368
https://openalex.org/W2410336324
https://openalex.org/W2414133647
https://openalex.org/W2416923898
https://openalex.org/W2417091067
https://openalex.org/W2417348621
https://openalex.org/W2418236032
https://openalex.org/W2437434943
https://openalex.org/W2441637109
https://openalex.org/W2463868498
https://openalex.org/W2581654031
https://openalex.org/W2654807555
https://openalex.org/W2743102030
https://openalex.org/W2792753582
https://openalex.org/W2916025843
https://openalex.org/W3015777609
https://openalex.org/W3185112140
https://openalex.org/W3203188356
https://openalex.org/W4240516941
https://openalex.org/W4242932834
https://openalex.org/W4243935029
https://openalex.org/W4244808388
https://openalex.org/W818467798
https://openalex.org/W2056612594
https://openalex.org/W2211530858
https://openalex.org/W2312911992
https://openalex.org/W2416420576
https://openalex.org/W2461526909
https://openalex.org/W2461757838
https://openalex.org/W2743749296
https://openalex.org/W2747854958
https://openalex.org/W4214481011
https://openalex.org/W4390978115
https://openalex.org/W2204252730
https://openalex.org/W2298597988
https://openalex.org/W2413134027
https://openalex.org/W2417009059
https://openalex.org/W2418047047
https://openalex.org/W2418519706
https://openalex.org/W2419174010
https://openalex.org/W4238397589
https://openalex.org/W4248006714
https://openalex.org/W110259301
https://openalex.org/W1988366352
https://openalex.org/W2043329435
https://openalex.org/W2064205267
https://openalex.org/W2117605622
https://openalex.org/W2153705207
https://openalex.org/W2323829359
https://openalex.org/W2325239870
https://openalex.org/W2364447005
https://openalex.org/W2366769814
https://openalex.org/W2394937665
https://openalex.org/W2401326641
https://openalex.org/W2403511056
https://openalex.org/W2404780811
https://openalex.org/W2406009670
https://openalex.org/W2410215408
https://openalex.org/W2412533078
https://openalex.org/W2418058997
https://openalex.org/W2419205557
https://openalex.org/W2521362141
https://openalex.org/W2527700672
https://openalex.org/W2564975316
https://openalex.org/W2588218798
https://openalex.org/W2676527937
https://openalex.org/W2726885519
https://openalex.org/W2730104301
https://openalex.org/W2730329099
https://openalex.org/W2765375928
https://openalex.org/W2774346576
https://openalex.org/W2783369242
https://openalex.org/W2790808462
https://openalex.org/W2791658559
https://openalex.org/W2903812182
https://openalex.org/W2923023841
https://openalex.org/W2948237469
https://openalex.org/W2953164894
https://openalex.org/W3022931258
https://openalex.org/W3023806344
https://openalex.org/W3151822311
https://openalex.org/W4245807866
https://openalex.org/W4246798901
https://openalex.org/W594517149
https://openalex.org/W608240734
https://openalex.org/W1894989399
https://openalex.org/W1965279061
https://openalex.org/W1989901824
https://openalex.org/W2062515685
https://openalex.org/W2148817146
https://openalex.org/W2229382898
https://openalex.org/W2288009997
https://openalex.org/W2344374098
https://openalex.org/W2397198841
https://openalex.org/W2402858934
https://openalex.org/W2411590968
https://openalex.org/W2415397033
https://openalex.org/W2424571976
https://openalex.org/W2438801612
https://openalex.org/W2463097536
https://openalex.org/W24687070
https://openalex.org/W2473419678
https://openalex.org/W2605309224
https://openalex.org/W2621465052
https://openalex.org/W2626301502
https://openalex.org/W2626755640
https://openalex.org/W2735999956
https://openalex.org/W2737488038
https://openalex.org/W2737710842
https://openalex.org/W2737973485
https://openalex.org/W2738009612
https://openalex.org/W2766610352
https://openalex.org/W2784918200
https://openalex.org/W2923270684
https://openalex.org/W2949087319
https://openalex.org/W3036972064
https://openalex.org/W4253637603
https://openalex.org/W69501270
https://openalex.org/W139561330
https://openalex.org/W1560707068
https://openalex.org/W1657201767
https://openalex.org/W186486270
https://openalex.org/W1964835149
https://openalex.org/W1966275875
https://openalex.org/W1975872466
https://openalex.org/W2007917900
https://openalex.org/W2045147247
https://openalex.org/W2051029796
https://openalex.org/W2052679188
https://openalex.org/W2053207731
https://openalex.org/W2062487703
https://openalex.org/W2070986546
https://openalex.org/W2072912322
https://openalex.org/W2088241824
https://openalex.org/W2182190008
https://openalex.org/W2235071337
https://openalex.org/W2255497272
https://openalex.org/W2267985857
https://openalex.org/W2314389267
https://openalex.org/W2320037021
https://openalex.org/W2333545033
https://openalex.org/W2337536402
https://openalex.org/W2395602297
https://openalex.org/W2398981749
https://openalex.org/W2399207572
https://openalex.org/W2400347613
https://openalex.org/W2403267921
https://openalex.org/W2408776271
https://openalex.org/W2408801423
https://openalex.org/W2413881188
https://openalex.org/W2423734580
https://openalex.org/W2425583061
https://openalex.org/W2430581329
https://openalex.org/W2439150197
https://openalex.org/W2582924440
https://openalex.org/W2604566740
https://openalex.org/W2605978574
https://openalex.org/W2625234635
https://openalex.org/W2736027880
https://openalex.org/W2738377541
https://openalex.org/W2745908536
https://openalex.org/W2782000159
https://openalex.org/W2953378515
https://openalex.org/W3009818987
https://openalex.org/W3094658861
https://openalex.org/W4229677525
https://openalex.org/W4245778840
https://openalex.org/W4249544271
https://openalex.org/W4390566807
https://openalex.org/W594645609
https://openalex.org/W88713863
https://openalex.org/W2096287682
https://openalex.org/W2158681922
https://openalex.org/W2156330848
https://openalex.org/W2133865472
https://openalex.org/W2112014411
https://openalex.org/W2297459312
https://openalex.org/W2137013555
https://openalex.org/W2035021866
https://openalex.org/W2129916701
https://openalex.org/W2111322227
https://openalex.org/W2086216067
https://openalex.org/W2059624809
https://openalex.org/W2158370459
https://openalex.org/W2768980003
https://openalex.org/W3121831652
https://openalex.org/W2766153425
https://openalex.org/W2158565915
https://openalex.org/W3042609801
https://openalex.org/W2143372384
https://openalex.org/W2091956563
https://openalex.org/W2018918884
https://openalex.org/W2108151310
https://openalex.org/W2165438710
https://openalex.org/W3206169364
https://openalex.org/W4280490473
https://openalex.org/W2272487692
https://openalex.org/W2068184837
https://openalex.org/W2112357737
https://openalex.org/W2895431565
https://openalex.org/W2955662239
https://openalex.org/W2945007112
https://openalex.org/W3017007052
https://openalex.org/W3207696354
https://openalex.org/W4226529687
https://openalex.org/W2981515291
https://openalex.org/W4313433600
https://openalex.org/W4366351794
https://openalex.org/W4366606400
https://openalex.org/W2114753552
https://openalex.org/W2098771215
https://openalex.org/W29086049
https://openalex.org/W2009809826
https://openalex.org/W2061288640
https://openalex.org/W2049229287
https://openalex.org/W2138509302
https://openalex.org/W1877558714
https://openalex.org/W2065278032
https://openalex.org/W2157836985
https://openalex.org/W2164909357
https://openalex.org/W181704501
https://openalex.org/W2112992354
https://openalex.org/W2109542657
https://openalex.org/W2144687899
https://openalex.org/W2146218807
https://openalex.org/W2092378102
https://openalex.org/W2055148350
https://openalex.org/W2117522468
https://openalex.org/W2104564141
https://openalex.org/W2106073482
https://openalex.org/W2622523903
https://openalex.org/W2083788852
https://openalex.org/W2101057168
https://openalex.org/W2096964576
https://openalex.org/W2008617780
https://openalex.org/W2119996840
https://openalex.org/W2123507693
https://openalex.org/W2128350380
https://openalex.org/W2982475970
https://openalex.org/W2610454869
https://openalex.org/W1966837941
https://openalex.org/W1966953982
https://openalex.org/W2769038666
https://openalex.org/W2799722927
https://openalex.org/W2094829361
https://openalex.org/W2803019047
https://openalex.org/W3012825133
https://openalex.org/W2998959557
https://openalex.org/W2791164313
https://openalex.org/W2801270766
https://openalex.org/W2772913371
https://openalex.org/W2606733771
https://openalex.org/W2944699423
https://openalex.org/W3160978757
https://openalex.org/W3080865917
https://openalex.org/W3028664321
https://openalex.org/W4287716221
https://openalex.org/W3109394186
https://openalex.org/W3212629790
https://openalex.org/W3213033474
https://openalex.org/W4290805273
https://openalex.org/W4285809782
https://openalex.org/W4210474062
https://openalex.org/W4317425118
https://openalex.org/W4297372028
https://openalex.org/W4315648768
https://openalex.org/W4388654303
https://openalex.org/W2122231383
https://openalex.org/W1511895445
https://openalex.org/W1544233898
https://openalex.org/W2071748316
https://openalex.org/W1965239062
https://openalex.org/W1971379760
https://openalex.org/W1971488676
https://openalex.org/W1600112913
https://openalex.org/W2021478257
https://openalex.org/W2031604547
https://openalex.org/W2146753125
https://openalex.org/W2000560814
https://openalex.org/W2148037622
https://openalex.org/W2028199196
https://openalex.org/W2123308492
https://openalex.org/W2166552850
https://openalex.org/W2025587609
https://openalex.org/W2005546833
https://openalex.org/W2154303411
https://openalex.org/W2073712871
https://openalex.org/W1986376119
https://openalex.org/W2065341667
https://openalex.org/W1718434217
https://openalex.org/W2278315610
https://openalex.org/W2124020839
https://openalex.org/W2165818616
https://openalex.org/W2519975658
https://openalex.org/W2258056434
https://openalex.org/W2411586797
https://openalex.org/W2791537984
https://openalex.org/W2775056429
https://openalex.org/W2969903281
https://openalex.org/W2949504405
https://openalex.org/W3112880097
https://openalex.org/W3013001854
https://openalex.org/W3194704610
https://openalex.org/W3169483605
https://openalex.org/W3129532103
https://openalex.org/W4223431990
https://openalex.org/W4224239586
https://openalex.org/W4313379794
https://openalex.org/W4307424996
https://openalex.org/W4360599998
https://openalex.org/W4391026824
https://openalex.org/W1997565129
https://openalex.org/W1965952193
https://openalex.org/W2098708609
https://openalex.org/W2107183666
https://openalex.org/W1975916416
https://openalex.org/W2096774373
https://openalex.org/W1992681847
https://openalex.org/W2154245291
https://openalex.org/W2058264492
https://openalex.org/W2169287450
https://openalex.org/W2036871940
https://openalex.org/W2149485140
https://openalex.org/W2062101906
https://openalex.org/W1968301918
https://openalex.org/W1979151897
https://openalex.org/W2126785542
https://openalex.org/W1505031454
https://openalex.org/W1976013047
https://openalex.org/W2051513940
https://openalex.org/W2072098728
https://openalex.org/W2130246000
https://openalex.org/W2144897808
https://openalex.org/W1971720725
https://openalex.org/W2050455182
https://openalex.org/W2073223957
https://openalex.org/W2096741399
https://openalex.org/W2799132955
https://openalex.org/W2395327255
https://openalex.org/W2793035265
https://openalex.org/W2509133863
https://openalex.org/W2795959203
https://openalex.org/W2807516988
https://openalex.org/W2795026991
https://openalex.org/W2949017090
https://openalex.org/W2914012940
https://openalex.org/W3012254968
https://openalex.org/W3027299698
https://openalex.org/W3008532933
https://openalex.org/W2994893221
https://openalex.org/W3091616934
https://openalex.org/W3198807925
https://openalex.org/W3047555260
https://openalex.org/W3206076380
https://openalex.org/W4205357304
https://openalex.org/W3203239940
https://openalex.org/W4220792151
https://openalex.org/W4353017173
https://openalex.org/W4317830354
https://openalex.org/W4386583479
https://openalex.org/W2113647927
https://openalex.org/W2017801342
https://openalex.org/W2065181425
https://openalex.org/W2019155925
https://openalex.org/W2161906126
https://openalex.org/W2008123285
https://openalex.org/W2029726170
https://openalex.org/W2052474764
https://openalex.org/W2050356239
https://openalex.org/W2063839953
https://openalex.org/W2140916658
https://openalex.org/W2050506790
https://openalex.org/W2064161860
https://openalex.org/W1878024053
https://openalex.org/W2088610655
https://openalex.org/W2167514695
https://openalex.org/W1965186071
https://openalex.org/W1762294177
https://openalex.org/W2146628399
https://openalex.org/W2437299576
https://openalex.org/W2008121559
https://openalex.org/W1579575612
https://openalex.org/W1981751008
https://openalex.org/W2054880833
https://openalex.org/W2066563494
https://openalex.org/W2605899312
https://openalex.org/W2539108482
https://openalex.org/W2806418828
https://openalex.org/W2574615563
https://openalex.org/W2595622032
https://openalex.org/W2897476947
https://openalex.org/W2780602449
https://openalex.org/W2969324631
https://openalex.org/W2998374879
https://openalex.org/W3011766333
https://openalex.org/W2984791880
https://openalex.org/W3016682733
https://openalex.org/W3024705890
https://openalex.org/W3043336410
https://openalex.org/W3021004772
https://openalex.org/W3013671845
https://openalex.org/W3020719200
https://openalex.org/W3028122590
https://openalex.org/W3066962640
https://openalex.org/W3082623348
https://openalex.org/W3156184456
https://openalex.org/W3158269915
https://openalex.org/W3184822496
https://openalex.org/W3186896201
https://openalex.org/W3217702161
https://openalex.org/W4220915792
https://openalex.org/W4224031155
https://openalex.org/W4296801974
https://openalex.org/W4294725168
https://openalex.org/W2097707934
https://openalex.org/W2120391310
https://openalex.org/W2068279747
https://openalex.org/W2093831604
https://openalex.org/W2146735270
https://openalex.org/W2081013010
https://openalex.org/W1974150332
https://openalex.org/W1986191533
https://openalex.org/W2161595767
https://openalex.org/W2080621509
https://openalex.org/W2151230797
https://openalex.org/W1996957861
https://openalex.org/W2055975333
https://openalex.org/W2168670380
https://openalex.org/W1868137283
https://openalex.org/W2020673440
https://openalex.org/W2070775550
https://openalex.org/W1995954904
https://openalex.org/W2141271051
https://openalex.org/W2073875125
https://openalex.org/W2110688110
https://openalex.org/W2148642440
https://openalex.org/W2070622883
https://openalex.org/W2108691443
https://openalex.org/W2170445522
https://openalex.org/W2049631540
https://openalex.org/W2150870410
https://openalex.org/W2029930256
https://openalex.org/W2024650385
https://openalex.org/W2139359310
https://openalex.org/W1977628980
https://openalex.org/W1979155783
https://openalex.org/W2018059517
https://openalex.org/W2130618369
https://openalex.org/W2589585414
https://openalex.org/W2739750184
https://openalex.org/W2744226525
https://openalex.org/W2262345912
https://openalex.org/W2737887181
https://openalex.org/W2753326459
https://openalex.org/W2736766339
https://openalex.org/W2908772471
https://openalex.org/W2914739067
https://openalex.org/W2325334655
https://openalex.org/W2896976853
https://openalex.org/W2914073490
https://openalex.org/W3083925705
https://openalex.org/W3081024456
https://openalex.org/W2999638686
https://openalex.org/W3015379145
https://openalex.org/W3126362174
https://openalex.org/W3190175533
https://openalex.org/W3102409503
https://openalex.org/W3172671586
https://openalex.org/W3206263120
https://openalex.org/W4297360043
https://openalex.org/W4376870263
https://openalex.org/W4385289607
https://openalex.org/W4386410946
https://openalex.org/W2004259668
https://openalex.org/W2065250846
https://openalex.org/W1975188329
https://openalex.org/W2020790004
https://openalex.org/W2060614002
https://openalex.org/W2329153794
https://openalex.org/W2009693558
https://openalex.org/W2026377753
https://openalex.org/W2085574802
https://openalex.org/W2017917846
https://openalex.org/W2023088822
https://openalex.org/W1990535109
https://openalex.org/W2062753508
https://openalex.org/W2083559826
https://openalex.org/W2067936532
https://openalex.org/W2154429953
https://openalex.org/W1977628930
https://openalex.org/W2074832875
https://openalex.org/W1979867859
https://openalex.org/W2054390059
https://openalex.org/W2748028575
https://openalex.org/W2892152051
https://openalex.org/W2977074072
https://openalex.org/W2343665847
https://openalex.org/W2790748241
https://openalex.org/W2807227248
https://openalex.org/W2899905321
https://openalex.org/W2970543069
https://openalex.org/W2951156996
https://openalex.org/W2991347631
https://openalex.org/W3042625992
https://openalex.org/W3155308827
https://openalex.org/W3169785106
https://openalex.org/W4213356988
https://openalex.org/W4210361983
https://openalex.org/W4220757500
https://openalex.org/W4296301722
https://openalex.org/W4307027678
https://openalex.org/W4313498894
https://openalex.org/W4317749076
https://openalex.org/W4383199200
https://openalex.org/W4387808526
https://openalex.org/W4388825568
https://openalex.org/W2047362094
https://openalex.org/W2058514534
https://openalex.org/W2051684393
https://openalex.org/W2105804466
https://openalex.org/W1825481740
https://openalex.org/W1980426462
https://openalex.org/W2140739849
https://openalex.org/W1778224897
https://openalex.org/W2069119643
https://openalex.org/W2095175330
https://openalex.org/W2125275218
https://openalex.org/W2147329014
https://openalex.org/W2133451595
https://openalex.org/W2161308452
https://openalex.org/W2160433903
https://openalex.org/W1987409838
https://openalex.org/W2041017234
https://openalex.org/W2044570745
https://openalex.org/W2094555196
https://openalex.org/W2143384253
https://openalex.org/W2117008165
https://openalex.org/W1996254786
https://openalex.org/W2011168356
https://openalex.org/W2032920306
https://openalex.org/W2016615316
https://openalex.org/W2020176713
https://openalex.org/W2124616303
https://openalex.org/W2144548056
https://openalex.org/W2280696155
https://openalex.org/W1495484149
https://openalex.org/W1997480242
https://openalex.org/W2168251480
https://openalex.org/W2788830884
https://openalex.org/W1816211076
https://openalex.org/W2080890780
https://openalex.org/W2294117721
https://openalex.org/W2323204752
https://openalex.org/W2790628760
https://openalex.org/W2901733938
https://openalex.org/W2472337202
https://openalex.org/W2967817293
https://openalex.org/W2968792391
https://openalex.org/W3123924619
https://openalex.org/W3038837743
https://openalex.org/W3120723698
https://openalex.org/W3157624416
https://openalex.org/W3094038386
https://openalex.org/W3119914237
https://openalex.org/W3126956805
https://openalex.org/W3162829253
https://openalex.org/W3200764411
https://openalex.org/W3202808337
https://openalex.org/W4200212185
https://openalex.org/W4213291753
https://openalex.org/W4291378238
https://openalex.org/W4388712045
https://openalex.org/W4390508650
https://openalex.org/W4390629453
https://openalex.org/W4390901286
https://openalex.org/W4391405503
https://openalex.org/W4391469763
https://openalex.org/W4391578564
https://openalex.org/W4391685030
https://openalex.org/W4391756156
https://openalex.org/W4391873065
https://openalex.org/W4392019857
https://openalex.org/W4392132268
https://openalex.org/W4392147984
https://openalex.org/W4392153695
https://openalex.org/W4392188224
https://openalex.org/W4392240324
https://openalex.org/W4392310295
https://openalex.org/W4392538956
https://openalex.org/W4392616728
https://openalex.org/W4392616782
https://openalex.org/W4392699365
https://openalex.org/W4392750684
https://openalex.org/W4392995801
https://openalex.org/W4393098968
https://openalex.org/W4393153111
https://openalex.org/W4393161100
https://openalex.org/W4393227932
https://openalex.org/W4393318697
https://openalex.org/W4393322326
https://openalex.org/W4393338654
https://openalex.org/W4393870467
https://openalex.org/W4393927576
https://openalex.org/W4393927695
https://openalex.org/W4393993413
https://openalex.org/W4393997046
https://openalex.org/W4394596739
https://openalex.org/W4394596756
https://openalex.org/W4394683440
https://openalex.org/W4394725565
https://openalex.org/W4394852792
https://openalex.org/W4394855467
https://openalex.org/W4394859575
https://openalex.org/W4394883440
https://openalex.org/W4394894256
https://openalex.org/W4394908753
https://openalex.org/W4394965894
https://openalex.org/W4395450431
https://openalex.org/W2106345765
https://openalex.org/W2331418521
https://openalex.org/W51687130
https://openalex.org/W2035029938
https://openalex.org/W2051759875
https://openalex.org/W2111574479
https://openalex.org/W2104176217
https://openalex.org/W2069252029
https://openalex.org/W2102740198
https://openalex.org/W2172217579
https://openalex.org/W2020109409
https://openalex.org/W2156091011
https://openalex.org/W1996628714
https://openalex.org/W1999340762
https://openalex.org/W1580438459
https://openalex.org/W2058751592
https://openalex.org/W87014698
https://openalex.org/W2290132752
https://openalex.org/W2765845848
https://openalex.org/W1603852253
https://openalex.org/W2791668860
https://openalex.org/W2945652148
https://openalex.org/W2509124953
https://openalex.org/W2991599149
https://openalex.org/W4240525675
https://openalex.org/W3040157805
https://openalex.org/W3093145778
https://openalex.org/W3152295572
https://openalex.org/W3170214655
https://openalex.org/W4313400370
https://openalex.org/W4320035021
https://openalex.org/W4323923211
https://openalex.org/W4324349845
https://openalex.org/W4360948823
https://openalex.org/W4368246787
https://openalex.org/W4376648736
https://openalex.org/W4381158166
https://openalex.org/W4387341027
https://openalex.org/W4388879909
https://openalex.org/W2038864286
https://openalex.org/W2071239023
https://openalex.org/W1492530996
https://openalex.org/W2018994488
https://openalex.org/W2025307252
https://openalex.org/W2085598552
https://openalex.org/W2143404656
https://openalex.org/W165490421
https://openalex.org/W1967351296
https://openalex.org/W2157796314
https://openalex.org/W2087787315
https://openalex.org/W1963568295
https://openalex.org/W2136972133
https://openalex.org/W2039132260
https://openalex.org/W2124775377
https://openalex.org/W1965801584
https://openalex.org/W2058120023
https://openalex.org/W1988422707
https://openalex.org/W2012394672
https://openalex.org/W2070814234
https://openalex.org/W2165554762
https://openalex.org/W2327580220
https://openalex.org/W2180534099
https://openalex.org/W2796697980
https://openalex.org/W2530929713
https://openalex.org/W2567048925
https://openalex.org/W2200283932
https://openalex.org/W2530338629
https://openalex.org/W2904356207
https://openalex.org/W2988774712
https://openalex.org/W3027848880
https://openalex.org/W3015640714
https://openalex.org/W3109136428
https://openalex.org/W3109230933
https://openalex.org/W3137535121
https://openalex.org/W3215554339
https://openalex.org/W3217632285
https://openalex.org/W4220978972
https://openalex.org/W4281700249
https://openalex.org/W4288390505
https://openalex.org/W4293758682
https://openalex.org/W2124787310
https://openalex.org/W1990125841
https://openalex.org/W2048532096
https://openalex.org/W2604123419
https://openalex.org/W2148951234
https://openalex.org/W2146742209
https://openalex.org/W179007325
https://openalex.org/W1971447555
https://openalex.org/W2098348586
https://openalex.org/W1972775873
https://openalex.org/W2102968291
https://openalex.org/W2471023326
https://openalex.org/W2071226929
https://openalex.org/W1990984566
https://openalex.org/W2119328126
https://openalex.org/W2059662815
https://openalex.org/W2413415654
https://openalex.org/W2557357904
https://openalex.org/W2784235000
https://openalex.org/W2944800882
https://openalex.org/W2984236487
https://openalex.org/W2986104336
https://openalex.org/W571233387
https://openalex.org/W85726762
https://openalex.org/W2472804100
https://openalex.org/W2952741878
https://openalex.org/W2966391464
https://openalex.org/W2922648309
https://openalex.org/W2994308969
https://openalex.org/W2998922151
https://openalex.org/W3030848673
https://openalex.org/W3046306335
https://openalex.org/W3084003255
https://openalex.org/W3083026971
https://openalex.org/W3097596707
https://openalex.org/W3125417997
https://openalex.org/W3208710195
https://openalex.org/W4200572551
https://openalex.org/W4225959981
https://openalex.org/W3175985023
https://openalex.org/W4220769049
https://openalex.org/W4282921288
https://openalex.org/W4294691713
https://openalex.org/W4296482470
https://openalex.org/W2036404287
https://openalex.org/W2186105521
https://openalex.org/W189779977
https://openalex.org/W1996352191
https://openalex.org/W2012278349
https://openalex.org/W2043274862
https://openalex.org/W2094731338
https://openalex.org/W1969279058
https://openalex.org/W1994201693
https://openalex.org/W2066654603
https://openalex.org/W2086153672
https://openalex.org/W2013405733
https://openalex.org/W4249581326
https://openalex.org/W2087673353
https://openalex.org/W1981282067
https://openalex.org/W2016768454
https://openalex.org/W2071834580
https://openalex.org/W2141217704
https://openalex.org/W2012506189
https://openalex.org/W2060111804
https://openalex.org/W2017725588
https://openalex.org/W2161726755
https://openalex.org/W2058936191
https://openalex.org/W2115632768
https://openalex.org/W2159610989
https://openalex.org/W2169893366
https://openalex.org/W2755224466
https://openalex.org/W2902287190
https://openalex.org/W614397685
https://openalex.org/W1791214580
https://openalex.org/W2344001533
https://openalex.org/W2757956465
https://openalex.org/W2796210150
https://openalex.org/W2799695779
https://openalex.org/W2886301340
https://openalex.org/W2898147937
https://openalex.org/W2907626352
https://openalex.org/W2909259964
https://openalex.org/W2911530712
https://openalex.org/W2924260139
https://openalex.org/W2954546231
https://openalex.org/W2963848025
https://openalex.org/W2402385505
https://openalex.org/W2556703757
https://openalex.org/W3005542182
https://openalex.org/W3036791675
https://openalex.org/W3010640975
https://openalex.org/W3024615093
https://openalex.org/W3095646088
https://openalex.org/W3107462382
https://openalex.org/W3146642909
https://openalex.org/W3192228711
https://openalex.org/W3193110897
https://openalex.org/W3209072451
https://openalex.org/W4200556069
https://openalex.org/W2332425916
https://openalex.org/W2116049819
https://openalex.org/W2134978507
https://openalex.org/W3109764268
https://openalex.org/W1998849818
https://openalex.org/W2121204962
https://openalex.org/W2179394604
https://openalex.org/W1977154935
https://openalex.org/W2044595612
https://openalex.org/W2104122857
https://openalex.org/W2133531647
https://openalex.org/W131391915
https://openalex.org/W2035656825
https://openalex.org/W2039289142
https://openalex.org/W2056049683
https://openalex.org/W1980456698
https://openalex.org/W2079055412
https://openalex.org/W2113544944
https://openalex.org/W2170422591
https://openalex.org/W1968700754
https://openalex.org/W2001812180
https://openalex.org/W2020778889
https://openalex.org/W2083240049
https://openalex.org/W2161987655
https://openalex.org/W107868691
https://openalex.org/W2008366361
https://openalex.org/W2033557143
https://openalex.org/W2067635850
https://openalex.org/W2156382683
https://openalex.org/W2528528682
https://openalex.org/W2737433719
https://openalex.org/W2745537353
https://openalex.org/W2755864961
https://openalex.org/W2782285531
https://openalex.org/W2907166633
https://openalex.org/W2971774056
https://openalex.org/W2981654933
https://openalex.org/W1971244756
https://openalex.org/W2331866937
https://openalex.org/W3019662041
https://openalex.org/W3045783748
https://openalex.org/W3082725163
https://openalex.org/W3084160113
https://openalex.org/W3156339921
https://openalex.org/W3206161287
https://openalex.org/W4225723288
https://openalex.org/W4282938953
https://openalex.org/W4285169694
https://openalex.org/W4286225081
https://openalex.org/W4288068059
https://openalex.org/W4306774447
https://openalex.org/W4310196563
https://openalex.org/W4328102493
https://openalex.org/W4360834835
https://openalex.org/W4361017405
https://openalex.org/W4361193068
https://openalex.org/W4367040978
https://openalex.org/W4372336381
https://openalex.org/W4382502811
https://openalex.org/W4385738976
https://openalex.org/W4386076294
https://openalex.org/W4386410231
https://openalex.org/W4386591887
https://openalex.org/W4387067371
https://openalex.org/W4387765723
https://openalex.org/W4388102610
https://openalex.org/W4388329010
https://openalex.org/W4389791173
https://openalex.org/W2056719113
https://openalex.org/W1974788231
https://openalex.org/W2032547698
https://openalex.org/W2314367623
https://openalex.org/W4193250
https://openalex.org/W98403525
https://openalex.org/W1560708282
https://openalex.org/W1980515955
https://openalex.org/W2133759995
https://openalex.org/W328813972
https://openalex.org/W2333403235
https://openalex.org/W2089388037
https://openalex.org/W2060702747
https://openalex.org/W1971107269
https://openalex.org/W637731661
https://openalex.org/W2062851878
https://openalex.org/W2144501969
https://openalex.org/W2055586572
https://openalex.org/W2072972031
https://openalex.org/W2026010384
https://openalex.org/W2240106604
https://openalex.org/W2769934354
https://openalex.org/W2900237804
https://openalex.org/W2285977544
https://openalex.org/W2502224613
https://openalex.org/W2729809966
https://openalex.org/W2765615380
https://openalex.org/W1987866658
https://openalex.org/W1990861679
https://openalex.org/W2103208041
https://openalex.org/W2129369947
https://openalex.org/W1980778787
https://openalex.org/W1992016971
https://openalex.org/W2140606112
https://openalex.org/W1993964827
https://openalex.org/W2015873818
https://openalex.org/W2064529126
https://openalex.org/W1486025542
https://openalex.org/W1981171163
https://openalex.org/W2053820394
https://openalex.org/W2089917716
https://openalex.org/W2103235173
https://openalex.org/W2135059689
https://openalex.org/W1997044547
https://openalex.org/W2089040318
https://openalex.org/W2296260689
https://openalex.org/W2462084730
https://openalex.org/W2558338191
https://openalex.org/W2578969974
https://openalex.org/W2767893023
https://openalex.org/W2929206656
https://openalex.org/W2931547271
https://openalex.org/W2947244518
https://openalex.org/W2949901423
https://openalex.org/W2952905991
https://openalex.org/W2964323645
https://openalex.org/W2980219123
https://openalex.org/W3106813940
https://openalex.org/W4240055171
https://openalex.org/W2435194546
https://openalex.org/W3022605896
https://openalex.org/W3126599308
https://openalex.org/W3134237567
https://openalex.org/W3138769324
https://openalex.org/W3148702852
https://openalex.org/W3152980501
https://openalex.org/W3195447284
https://openalex.org/W3200545807
https://openalex.org/W3208122653
https://openalex.org/W74063874
https://openalex.org/W1966834234
https://openalex.org/W2123527887
https://openalex.org/W107234384
https://openalex.org/W1995059133
https://openalex.org/W2278001692
https://openalex.org/W1979264504
https://openalex.org/W2048555907
https://openalex.org/W131583270
https://openalex.org/W2015661791
https://openalex.org/W2030002265
https://openalex.org/W2357851772
https://openalex.org/W2410777985
https://openalex.org/W2017093367
https://openalex.org/W1842652432
https://openalex.org/W1998387845
https://openalex.org/W2034399651
https://openalex.org/W2110452635
https://openalex.org/W2011904329
https://openalex.org/W2121286395
https://openalex.org/W2528895873
https://openalex.org/W2789107153
https://openalex.org/W2901719279
https://openalex.org/W1903750528
https://openalex.org/W1998229590
https://openalex.org/W2014054736
https://openalex.org/W2019985494
https://openalex.org/W2029745956
https://openalex.org/W2052802616
https://openalex.org/W2088960120
https://openalex.org/W212862157
https://openalex.org/W2138810234
https://openalex.org/W2171358341
https://openalex.org/W2319589173
https://openalex.org/W2475394340
https://openalex.org/W2911252411
https://openalex.org/W2953311241
https://openalex.org/W2970568115
https://openalex.org/W3040299890
https://openalex.org/W3041991572
https://openalex.org/W3046249322
https://openalex.org/W3091185329
https://openalex.org/W3092483762
https://openalex.org/W3117568233
https://openalex.org/W4240925373
https://openalex.org/W3038163197
https://openalex.org/W3158585430
https://openalex.org/W3164039943
https://openalex.org/W3184378051
https://openalex.org/W4200629534
https://openalex.org/W3212359685
https://openalex.org/W4224250702
https://openalex.org/W4282962799
https://openalex.org/W4285085598
https://openalex.org/W4291018357
https://openalex.org/W4313207082
https://openalex.org/W1633858002
https://openalex.org/W2078932795
https://openalex.org/W2092105621
https://openalex.org/W206052091
https://openalex.org/W2080166613
https://openalex.org/W2091058367
https://openalex.org/W2411689399
https://openalex.org/W318844493
https://openalex.org/W2589691846
https://openalex.org/W1973401253
https://openalex.org/W1973700747
https://openalex.org/W1999583404
https://openalex.org/W2011180734
https://openalex.org/W2400679345
https://openalex.org/W2087696398
https://openalex.org/W2802739792
https://openalex.org/W2804546688
https://openalex.org/W2911750949
https://openalex.org/W1979622549
https://openalex.org/W2175384013
https://openalex.org/W2239456258
https://openalex.org/W2332778371
https://openalex.org/W2604666826
https://openalex.org/W2604854406
https://openalex.org/W2733487397
https://openalex.org/W2747202489
https://openalex.org/W3005293536
https://openalex.org/W3008391086
https://openalex.org/W3012680292
https://openalex.org/W3019717032
https://openalex.org/W3046283250
https://openalex.org/W3108619907
https://openalex.org/W1815664230
https://openalex.org/W1967227261
https://openalex.org/W2016974424
https://openalex.org/W2027264885
https://openalex.org/W1985427246
https://openalex.org/W2550138816
https://openalex.org/W2279883744
https://openalex.org/W1973017242
https://openalex.org/W2042474091
https://openalex.org/W2046409161
https://openalex.org/W2087906399
https://openalex.org/W2789103820
https://openalex.org/W2805125806
https://openalex.org/W2808249787
https://openalex.org/W2940653131
https://openalex.org/W2945891987
https://openalex.org/W2946689834
https://openalex.org/W2978663876
https://openalex.org/W3048946113
https://openalex.org/W1481564921
https://openalex.org/W169599806
https://openalex.org/W1996356158
https://openalex.org/W1999888556
https://openalex.org/W2065956537
https://openalex.org/W2291005781
https://openalex.org/W2350020655
https://openalex.org/W2574068072
https://openalex.org/W3119804084
https://openalex.org/W3121596451
https://openalex.org/W3136898006
https://openalex.org/W3144451449
https://openalex.org/W3176655069
https://openalex.org/W3182861044
https://openalex.org/W3183838981
https://openalex.org/W3193458960
https://openalex.org/W3194751288
https://openalex.org/W3195854967
https://openalex.org/W3208906764
https://openalex.org/W3214751644
https://openalex.org/W2279743341
https://openalex.org/W1975600492
https://openalex.org/W2426237528
https://openalex.org/W2121566308
https://openalex.org/W2141973328
https://openalex.org/W2222855047
https://openalex.org/W1994156046
https://openalex.org/W2072899197
https://openalex.org/W2178512977
https://openalex.org/W2592761303
https://openalex.org/W1999948698
https://openalex.org/W2046130853
https://openalex.org/W2013692234
https://openalex.org/W2058960571
https://openalex.org/W2075681781
https://openalex.org/W2171410472
https://openalex.org/W2244142518
https://openalex.org/W2034566499
https://openalex.org/W2043321930
https://openalex.org/W2057502922
https://openalex.org/W2065851902
https://openalex.org/W2108103837
https://openalex.org/W2129067062
https://openalex.org/W2159512308
https://openalex.org/W2625201611
https://openalex.org/W2756119447
https://openalex.org/W2793819296
https://openalex.org/W2805834480
https://openalex.org/W2915008666
https://openalex.org/W2945380947
https://openalex.org/W2945965732
https://openalex.org/W2974423765
https://openalex.org/W2992670323
https://openalex.org/W3013211126
https://openalex.org/W3022359810
https://openalex.org/W3034535701
https://openalex.org/W3046238047
https://openalex.org/W3093818475
https://openalex.org/W3125443863
https://openalex.org/W1623797839
https://openalex.org/W2224945147
https://openalex.org/W2530871693
https://openalex.org/W2557593287
https://openalex.org/W2921693719
https://openalex.org/W3186937767
https://openalex.org/W4205479972
https://openalex.org/W4223562594
https://openalex.org/W4225153278
https://openalex.org/W4225299109
https://openalex.org/W4226336143
https://openalex.org/W4280624728
https://openalex.org/W4283803815
https://openalex.org/W4295819123
https://openalex.org/W4296940385
https://openalex.org/W4309998830
https://openalex.org/W4310090070
https://openalex.org/W4310805520
https://openalex.org/W4319058500
https://openalex.org/W2027464309
https://openalex.org/W3027116492
https://openalex.org/W2027091105
https://openalex.org/W2412730035
https://openalex.org/W1584868019
https://openalex.org/W2053884712
https://openalex.org/W1980914939
https://openalex.org/W2027385431
https://openalex.org/W2039936998
https://openalex.org/W1829712836
https://openalex.org/W2013374417
https://openalex.org/W2164922799
https://openalex.org/W2249070823
https://openalex.org/W119599512
https://openalex.org/W1859232508
https://openalex.org/W1993925810
https://openalex.org/W2015095981
https://openalex.org/W2016124206
https://openalex.org/W2062175804
https://openalex.org/W2106342817
https://openalex.org/W2323603907
https://openalex.org/W2326691125
https://openalex.org/W2333945200
https://openalex.org/W2390086038
https://openalex.org/W2809678249
https://openalex.org/W1991835640
https://openalex.org/W1996382228
https://openalex.org/W1998762322
https://openalex.org/W2067183582
https://openalex.org/W2068185728
https://openalex.org/W12535902
https://openalex.org/W2006818508
https://openalex.org/W2053750517
https://openalex.org/W2427388179
https://openalex.org/W1591525917
https://openalex.org/W2135210878
https://openalex.org/W2170324734
https://openalex.org/W2592039268
https://openalex.org/W2752529765
https://openalex.org/W2781549390
https://openalex.org/W2785589125
https://openalex.org/W2795969765
https://openalex.org/W2914288128
https://openalex.org/W2914889584
https://openalex.org/W2941079919
https://openalex.org/W2941730299
https://openalex.org/W2947386150
https://openalex.org/W2959427274
https://openalex.org/W2970676758
https://openalex.org/W2970864249
https://openalex.org/W2979432553
https://openalex.org/W2996619923
https://openalex.org/W3000736256
https://openalex.org/W3005264632
https://openalex.org/W3092216557
https://openalex.org/W3094615079
https://openalex.org/W3117468564
https://openalex.org/W3159832206
https://openalex.org/W3162269381
https://openalex.org/W3169333315
https://openalex.org/W3185291646
https://openalex.org/W3190262862
https://openalex.org/W3194444468
https://openalex.org/W3210857090
https://openalex.org/W3211033485
https://openalex.org/W3217488797
https://openalex.org/W4225778005
https://openalex.org/W2330118364
https://openalex.org/W2346727275
https://openalex.org/W2368632199
https://openalex.org/W2538123796
https://openalex.org/W4245521531
https://openalex.org/W1967752483
https://openalex.org/W1980206699
https://openalex.org/W2053626487
https://openalex.org/W2048678716
https://openalex.org/W2060273541
https://openalex.org/W2052500720
https://openalex.org/W2064294468
https://openalex.org/W1984923877
https://openalex.org/W2047498755
https://openalex.org/W2079180221
https://openalex.org/W2109282845
https://openalex.org/W1539754208
https://openalex.org/W1802771768
https://openalex.org/W1932753893
https://openalex.org/W1981417987
https://openalex.org/W2001833647
https://openalex.org/W2032533675
https://openalex.org/W2379299165
https://openalex.org/W53971054
https://openalex.org/W1485445239
https://openalex.org/W1784959194
https://openalex.org/W1973595693
https://openalex.org/W1997702043
https://openalex.org/W2062676641
https://openalex.org/W2090564071
https://openalex.org/W2145849289
https://openalex.org/W214780255
https://openalex.org/W2150442011
https://openalex.org/W2182898968
https://openalex.org/W2186883197
https://openalex.org/W2189037417
https://openalex.org/W2324799672
https://openalex.org/W2373348230
https://openalex.org/W3030099769
https://openalex.org/W3120974789
https://openalex.org/W4315778663
https://openalex.org/W4318474964
https://openalex.org/W4318482990
https://openalex.org/W4318669721
https://openalex.org/W4319298527
https://openalex.org/W4319915750
https://openalex.org/W4319989638
https://openalex.org/W4320086680
https://openalex.org/W4321435660
https://openalex.org/W4321441046
https://openalex.org/W4321781341
https://openalex.org/W4323968318
https://openalex.org/W4324323204
https://openalex.org/W4327622538
https://openalex.org/W4360831972
https://openalex.org/W4360889662
https://openalex.org/W4362543995
https://openalex.org/W4366089448
https://openalex.org/W4367677595
https://openalex.org/W4368319234
https://openalex.org/W4375851781
https://openalex.org/W4376955222
https://openalex.org/W4377107932
https://openalex.org/W4379471164
https://openalex.org/W4380373987
https://openalex.org/W4381300016
https://openalex.org/W4382700883
https://openalex.org/W4382813965
https://openalex.org/W4382992909
https://openalex.org/W4383422884
https://openalex.org/W4384080725
https://openalex.org/W4385734340
https://openalex.org/W4385991793
https://openalex.org/W4386052169
https://openalex.org/W4386272553
https://openalex.org/W4386292262
https://openalex.org/W4386292406
https://openalex.org/W4386292626
https://openalex.org/W4386292679
https://openalex.org/W4386294472
https://openalex.org/W4386294692
https://openalex.org/W4386323559
https://openalex.org/W4386323581
https://openalex.org/W4386323656
https://openalex.org/W4386958482
https://openalex.org/W4386958531
https://openalex.org/W4387244330
https://openalex.org/W4387259902
https://openalex.org/W4387260040
https://openalex.org/W4387262437
https://openalex.org/W4387262774
https://openalex.org/W4387262784
https://openalex.org/W4387262821
https://openalex.org/W4387262876
https://openalex.org/W4387262940
https://openalex.org/W4387263015
https://openalex.org/W4387263081
https://openalex.org/W4387263186
https://openalex.org/W4387263220
https://openalex.org/W4387263437
https://openalex.org/W4387263438
https://openalex.org/W4387263728
https://openalex.org/W4387263729
https://openalex.org/W4387263839
https://openalex.org/W4387263869
https://openalex.org/W4387264023
https://openalex.org/W4387264295
https://openalex.org/W4387299137
https://openalex.org/W4387560007
https://openalex.org/W4387573587
https://openalex.org/W4387810498
https://openalex.org/W4387928501
https://openalex.org/W4387994718
https://openalex.org/W4388032147
https://openalex.org/W4388232620
https://openalex.org/W4388312191
https://openalex.org/W4388333855
https://openalex.org/W4388636019
https://openalex.org/W4388927510
https://openalex.org/W4389048178
https://openalex.org/W4389096687
https://openalex.org/W4389221879
https://openalex.org/W4389232109
https://openalex.org/W4389233136
https://openalex.org/W4389234133
https://openalex.org/W4389279832
https://openalex.org/W4389519858
https://openalex.org/W4389523983
https://openalex.org/W4389545047
https://openalex.org/W4389573518
https://openalex.org/W4389615576
https://openalex.org/W4389661824
https://openalex.org/W4389714251
https://openalex.org/W4389814641
https://openalex.org/W4389879993
https://openalex.org/W4390201746
https://openalex.org/W4390871664
https://openalex.org/W4390958168
https://openalex.org/W4390993505
https://openalex.org/W4391236938
https://openalex.org/W1592339828
https://openalex.org/W1971871560
https://openalex.org/W2063825988
https://openalex.org/W2412196531
https://openalex.org/W2045389262
https://openalex.org/W1524146213
https://openalex.org/W2075715877
https://openalex.org/W2319368613
https://openalex.org/W2409522771
https://openalex.org/W4244076266
https://openalex.org/W1989172318
https://openalex.org/W2086207777
https://openalex.org/W2281105112
https://openalex.org/W2294046668
https://openalex.org/W2747928089
https://openalex.org/W762546071
https://openalex.org/W1745384489
https://openalex.org/W1964454918
https://openalex.org/W1970853662
https://openalex.org/W2034911310
https://openalex.org/W2071551797
https://openalex.org/W1987354802
https://openalex.org/W2022161379
https://openalex.org/W2061583641
https://openalex.org/W2159639139
https://openalex.org/W2462863189
https://openalex.org/W2782303003
https://openalex.org/W2784639239
https://openalex.org/W2805988007
https://openalex.org/W2896369148
https://openalex.org/W2896935628
https://openalex.org/W2911246404
https://openalex.org/W2916291911
https://openalex.org/W2930367577
https://openalex.org/W2944010546
https://openalex.org/W2949219658
https://openalex.org/W2964839497
https://openalex.org/W3004525149
https://openalex.org/W3035448193
https://openalex.org/W3096045243
https://openalex.org/W3130156008
https://openalex.org/W3156502830
https://openalex.org/W3168957829
https://openalex.org/W3173303330
https://openalex.org/W3186820858
https://openalex.org/W3194941515
https://openalex.org/W3197048608
https://openalex.org/W3209066720
https://openalex.org/W4234662282
https://openalex.org/W2525185487
https://openalex.org/W2530244250
https://openalex.org/W2746446880
https://openalex.org/W3213835543
https://openalex.org/W4206744667
https://openalex.org/W4220945469
https://openalex.org/W4225323775
https://openalex.org/W4229052424
https://openalex.org/W4229063550
https://openalex.org/W4281934495
https://openalex.org/W4283452751
https://openalex.org/W4297200688
https://openalex.org/W4310985121
https://openalex.org/W4312270715
https://openalex.org/W4312416777
https://openalex.org/W4313051409
https://openalex.org/W1969720675
https://openalex.org/W2017254491
https://openalex.org/W2052296829
https://openalex.org/W2414633191
https://openalex.org/W3021970857
https://openalex.org/W1992970782
https://openalex.org/W2141660189
https://openalex.org/W2017250265
https://openalex.org/W2046968953
https://openalex.org/W2426365067
https://openalex.org/W1767412781
https://openalex.org/W1971517000
https://openalex.org/W2032419598
https://openalex.org/W2052833830
https://openalex.org/W2083058013
https://openalex.org/W2093806189
https://openalex.org/W2096242679
https://openalex.org/W2107681559
https://openalex.org/W2134006216
https://openalex.org/W2137814138
https://openalex.org/W2210596672
https://openalex.org/W2284492600
https://openalex.org/W2319309825
https://openalex.org/W2331209197
https://openalex.org/W2334646644
https://openalex.org/W2345570224
https://openalex.org/W2590084751
https://openalex.org/W2600272558
https://openalex.org/W2602156911
https://openalex.org/W2681737
https://openalex.org/W2952664395
https://openalex.org/W3009827305
https://openalex.org/W4221166734
https://openalex.org/W4229049252
https://openalex.org/W4281662938
https://openalex.org/W4283813651
https://openalex.org/W4310119499
https://openalex.org/W1992066580
https://openalex.org/W2074571355
https://openalex.org/W1596105449
https://openalex.org/W2072846576
https://openalex.org/W2409506074
https://openalex.org/W1495021805
https://openalex.org/W1716417483
https://openalex.org/W1766930658
https://openalex.org/W1798078796
https://openalex.org/W1972584884
https://openalex.org/W1979287397
https://openalex.org/W1980134129
https://openalex.org/W2014788784
https://openalex.org/W2040216026
https://openalex.org/W2041275490
https://openalex.org/W2041817719
https://openalex.org/W2144606390
https://openalex.org/W2148706466
https://openalex.org/W2341295428
https://openalex.org/W2469953754
https://openalex.org/W2542799838
https://openalex.org/W2588071067
https://openalex.org/W2593358670
https://openalex.org/W2598859695
https://openalex.org/W2768761975
https://openalex.org/W2770106767
https://openalex.org/W2791830761
https://openalex.org/W1480303559
https://openalex.org/W2083708183
https://openalex.org/W2400777010
https://openalex.org/W2055680647
https://openalex.org/W4235419244
https://openalex.org/W1808151775
https://openalex.org/W1825877595
https://openalex.org/W1852716274
https://openalex.org/W2054765768
https://openalex.org/W2065599613
https://openalex.org/W2186854760
https://openalex.org/W2362183158
https://openalex.org/W2738224238
https://openalex.org/W2801728044
https://openalex.org/W2895236827
https://openalex.org/W2896319436
https://openalex.org/W2901932086
https://openalex.org/W2320517167
https://openalex.org/W2420872878
https://openalex.org/W2005170722
https://openalex.org/W2400866093
https://openalex.org/W2112458486
https://openalex.org/W2114925687
https://openalex.org/W2321682225
https://openalex.org/W2909660316
https://openalex.org/W2932554818
https://openalex.org/W2934532944
https://openalex.org/W2945505942
https://openalex.org/W2971039143
https://openalex.org/W2971055941
https://openalex.org/W2987676901
https://openalex.org/W2993965865
https://openalex.org/W3003563056
https://openalex.org/W3010738025
https://openalex.org/W3014297499
https://openalex.org/W3014585350
https://openalex.org/W3024397546
https://openalex.org/W3028164823
https://openalex.org/W3039524877
https://openalex.org/W3110801076
https://openalex.org/W3112633792
https://openalex.org/W3122929039
https://openalex.org/W3123717337
https://openalex.org/W3125091584
https://openalex.org/W3134136890
https://openalex.org/W33366933
https://openalex.org/W4245606993
https://openalex.org/W4246992901
https://openalex.org/W4288628068
https://openalex.org/W2023829680
https://openalex.org/W2335192402
https://openalex.org/W63299502
https://openalex.org/W3129657430
https://openalex.org/W3131747011
https://openalex.org/W3137678716
https://openalex.org/W3139062771
https://openalex.org/W3158407383
https://openalex.org/W3159149250
https://openalex.org/W3163419638
https://openalex.org/W3208201830
https://openalex.org/W3210567638
https://openalex.org/W3213476607
https://openalex.org/W3213556329
https://openalex.org/W3214995047
https://openalex.org/W3217136698
https://openalex.org/W3217494933
https://openalex.org/W4225529665
https://openalex.org/W4285549587
https://openalex.org/W4287318082
https://openalex.org/W2790798043
https://openalex.org/W1984506599
https://openalex.org/W2003730227
https://openalex.org/W2086891251
https://openalex.org/W2152805895
https://openalex.org/W2157385972
https://openalex.org/W2014073703
https://openalex.org/W2037365613
https://openalex.org/W1977954993
https://openalex.org/W2017078823
https://openalex.org/W2061925529
https://openalex.org/W2189871135
https://openalex.org/W2360349007
https://openalex.org/W2411488984
https://openalex.org/W29568786
https://openalex.org/W44744993
https://openalex.org/W1511238132
https://openalex.org/W1981959638
https://openalex.org/W2417899508
https://openalex.org/W2471094465
https://openalex.org/W3091232744
https://openalex.org/W1752636261
https://openalex.org/W2052400334
https://openalex.org/W2074451827
https://openalex.org/W2077311620
https://openalex.org/W2416472039
https://openalex.org/W2523630381
https://openalex.org/W1909584125
https://openalex.org/W2154936408
https://openalex.org/W2155533432
https://openalex.org/W4238666915
https://openalex.org/W160970565
https://openalex.org/W1862759040
https://openalex.org/W2010029820
https://openalex.org/W2028045023
https://openalex.org/W2054484541
https://openalex.org/W2070204046
https://openalex.org/W2114819606
https://openalex.org/W2123293647
https://openalex.org/W2181030703
https://openalex.org/W2184361048
https://openalex.org/W2214571398
https://openalex.org/W2272904328
https://openalex.org/W2274926580
https://openalex.org/W2281382392
https://openalex.org/W2290518483
https://openalex.org/W2299285317
https://openalex.org/W2314826226
https://openalex.org/W2318773155
https://openalex.org/W2324426104
https://openalex.org/W2327157129
https://openalex.org/W233044592
https://openalex.org/W2335840085
https://openalex.org/W2337384395
https://openalex.org/W2341630251
https://openalex.org/W2397712404
https://openalex.org/W2404452050
https://openalex.org/W2466464758
https://openalex.org/W2472675842
https://openalex.org/W2474300834
https://openalex.org/W2487733459
https://openalex.org/W2503548639
https://openalex.org/W2505135076
https://openalex.org/W2511820194
https://openalex.org/W2522102050
https://openalex.org/W2530569940
https://openalex.org/W2531720807
https://openalex.org/W2532945188
https://openalex.org/W2552086264
https://openalex.org/W2560976126
https://openalex.org/W2562314291
https://openalex.org/W2565794800
https://openalex.org/W2580364750
https://openalex.org/W2595725117
https://openalex.org/W2600115371
https://openalex.org/W2604003081
https://openalex.org/W2615345067
https://openalex.org/W2746784864
https://openalex.org/W2749814671
https://openalex.org/W2750365366
https://openalex.org/W2794089148
https://openalex.org/W2951984149
https://openalex.org/W2956503465
https://openalex.org/W2965806292
https://openalex.org/W2983383374
https://openalex.org/W3013944013
https://openalex.org/W3095296541
https://openalex.org/W3118838667
https://openalex.org/W3144502574
https://openalex.org/W3195295329
https://openalex.org/W3207396051
https://openalex.org/W3210533774
https://openalex.org/W4249000065
https://openalex.org/W859402299
https://openalex.org/W159150078
https://openalex.org/W1657686108
https://openalex.org/W2123395920
https://openalex.org/W2414907739
https://openalex.org/W2416329883
https://openalex.org/W2475233297
https://openalex.org/W4298048707
https://openalex.org/W2594536930
https://openalex.org/W1012123903
https://openalex.org/W1194557600
https://openalex.org/W152156437
https://openalex.org/W15938640
https://openalex.org/W1815795894
https://openalex.org/W1935892936
https://openalex.org/W1963774219
https://openalex.org/W1968321846
https://openalex.org/W1985273545
https://openalex.org/W1985978843
https://openalex.org/W1994058025
https://openalex.org/W1994614293
https://openalex.org/W1994638235
https://openalex.org/W2002153134
https://openalex.org/W2008420092
https://openalex.org/W2010168898
https://openalex.org/W2025206104
https://openalex.org/W204142254
https://openalex.org/W2053417730
https://openalex.org/W2063051128
https://openalex.org/W2068310848
https://openalex.org/W2070340451
https://openalex.org/W2080650759
https://openalex.org/W2163217307
https://openalex.org/W2233628302
https://openalex.org/W2238088016
https://openalex.org/W2240426216
https://openalex.org/W2265108033
https://openalex.org/W2267160788
https://openalex.org/W2267216229
https://openalex.org/W2282212801
https://openalex.org/W2289997767
https://openalex.org/W2296071869
https://openalex.org/W2296607012
https://openalex.org/W2312931556
https://openalex.org/W2313011441
https://openalex.org/W2313360121
https://openalex.org/W2313427238
https://openalex.org/W2315790464
https://openalex.org/W2326256248
https://openalex.org/W2354594672
https://openalex.org/W2376308386
https://openalex.org/W2389712149
https://openalex.org/W2392289929
https://openalex.org/W2398700930
https://openalex.org/W2418235854
https://openalex.org/W2435434471
https://openalex.org/W2475269554
https://openalex.org/W249934590
https://openalex.org/W2500944198
https://openalex.org/W2522080000
https://openalex.org/W2528571633
https://openalex.org/W2566924928
https://openalex.org/W2568401511
https://openalex.org/W2594385795
https://openalex.org/W2598087224
https://openalex.org/W2599944763
https://openalex.org/W2603377382
https://openalex.org/W2604599704
https://openalex.org/W2611178642
https://openalex.org/W2647093029
https://openalex.org/W2696655726
https://openalex.org/W2802218255
https://openalex.org/W287131895
https://openalex.org/W2951552404
https://openalex.org/W3161974238
https://openalex.org/W3199380310
https://openalex.org/W3209511553
https://openalex.org/W3215223185
https://openalex.org/W4212864888
https://openalex.org/W4254488897
https://openalex.org/W4300124335
https://openalex.org/W4367335195
https://openalex.org/W4395040954
https://openalex.org/W776639029
https://openalex.org/W968231572
https://openalex.org/W1688714449
https://openalex.org/W1970495360
https://openalex.org/W2032334757
https://openalex.org/W2053441745
https://openalex.org/W2405868296
https://openalex.org/W2124810546
https://openalex.org/W2417329373
https://openalex.org/W2417793145
https://openalex.org/W2439959140
https://openalex.org/W2490320407
https://openalex.org/W1592496931
https://openalex.org/W1965584120
https://openalex.org/W1969267971
https://openalex.org/W1976270569
https://openalex.org/W1977887555
https://openalex.org/W1982715969
https://openalex.org/W1987927109
https://openalex.org/W2000891172
https://openalex.org/W2009712467
https://openalex.org/W2016485487
https://openalex.org/W2024539532
https://openalex.org/W2033543907
https://openalex.org/W2065110288
https://openalex.org/W2084136659
https://openalex.org/W2113214661
https://openalex.org/W2269135968
https://openalex.org/W2284070107
https://openalex.org/W2292855861
https://openalex.org/W2296590032
https://openalex.org/W2297256169
https://openalex.org/W2302795480
https://openalex.org/W2315045855
https://openalex.org/W2320900336
https://openalex.org/W2347937487
https://openalex.org/W2347977713
https://openalex.org/W2352086774
https://openalex.org/W2355331390
https://openalex.org/W2363582689
https://openalex.org/W2365386482
https://openalex.org/W2374443490
https://openalex.org/W2416358195
https://openalex.org/W2418677560
https://openalex.org/W2578090827
https://openalex.org/W2585362190
https://openalex.org/W2592170993
https://openalex.org/W2603938758
https://openalex.org/W2614243154
https://openalex.org/W2620240069
https://openalex.org/W2622359898
https://openalex.org/W2725409685
https://openalex.org/W2738160418
https://openalex.org/W2739739404
https://openalex.org/W2742059869
https://openalex.org/W2743416222
https://openalex.org/W2750075858
https://openalex.org/W2751684131
https://openalex.org/W2754154043
https://openalex.org/W2762678352
https://openalex.org/W2766826908
https://openalex.org/W2767273741
https://openalex.org/W2767737859
https://openalex.org/W2768907432
https://openalex.org/W2770252100
https://openalex.org/W2783383794
https://openalex.org/W2786525582
https://openalex.org/W2790022386
https://openalex.org/W2790310062
https://openalex.org/W2793239934
https://openalex.org/W2883796161
https://openalex.org/W2903757455
https://openalex.org/W2955930335
https://openalex.org/W3020824161
https://openalex.org/W3022770784
https://openalex.org/W3035219944
https://openalex.org/W3149214688
https://openalex.org/W3161475390
https://openalex.org/W3209864683
https://openalex.org/W4237522044
https://openalex.org/W4244776550
https://openalex.org/W4255761831
https://openalex.org/W4298882557
https://openalex.org/W87479248
https://openalex.org/W2409464375
https://openalex.org/W2474766196
https://openalex.org/W11409118
https://openalex.org/W131717324
https://openalex.org/W1524403169
https://openalex.org/W1616196969
https://openalex.org/W172372009
https://openalex.org/W1783665879
https://openalex.org/W192912179
https://openalex.org/W1964079167
https://openalex.org/W1973112423
https://openalex.org/W2013763716
https://openalex.org/W2035008520
https://openalex.org/W2037248936
https://openalex.org/W2049737784
https://openalex.org/W2067799645
https://openalex.org/W2093017832
https://openalex.org/W2165761787
https://openalex.org/W2223416283
https://openalex.org/W2249245506
https://openalex.org/W2287472811
https://openalex.org/W2315387394
https://openalex.org/W2338708847
https://openalex.org/W2355066758
https://openalex.org/W2374836843
https://openalex.org/W2411314815
https://openalex.org/W2472161802
https://openalex.org/W2517202818
https://openalex.org/W2531177640
https://openalex.org/W2550114040
https://openalex.org/W2918646602
https://openalex.org/W3034481268
https://openalex.org/W3143026547
https://openalex.org/W3198111589
https://openalex.org/W3198426976
https://openalex.org/W3202262012
https://openalex.org/W32536297
https://openalex.org/W344799581
https://openalex.org/W4210487634
https://openalex.org/W4212982619
https://openalex.org/W4220771659
https://openalex.org/W4220792094
https://openalex.org/W4220865749
https://openalex.org/W4220902656
https://openalex.org/W4221021559
https://openalex.org/W4221133640
https://openalex.org/W4221156961
https://openalex.org/W4224233452
https://openalex.org/W4224235070
https://openalex.org/W4224284129
https://openalex.org/W4225009997
https://openalex.org/W4226340435
https://openalex.org/W4229063635
https://openalex.org/W4237060284
https://openalex.org/W4244127000
https://openalex.org/W4245075143
https://openalex.org/W4245502390
https://openalex.org/W4280586280
https://openalex.org/W4281556189
https://openalex.org/W4281564489
https://openalex.org/W4281625849
https://openalex.org/W4281715350
https://openalex.org/W4281748377
https://openalex.org/W4282037727
https://openalex.org/W4283008974
https://openalex.org/W4283463765
https://openalex.org/W4283713831
https://openalex.org/W4285060859
https://openalex.org/W4285799665
https://openalex.org/W4292182374
https://openalex.org/W4293862384
https://openalex.org/W4293863041
https://openalex.org/W4294691460
https://openalex.org/W4296007943
https://openalex.org/W4296528844
https://openalex.org/W4296528986
https://openalex.org/W4297200722
https://openalex.org/W4297461676
https://openalex.org/W4297796207
https://openalex.org/W4298109191
https://openalex.org/W4306706525
https://openalex.org/W4306911349
https://openalex.org/W4310093469
https://openalex.org/W4310093507
https://openalex.org/W4310127197
https://openalex.org/W4310159661
https://openalex.org/W4310642887
https://openalex.org/W4310803409
https://openalex.org/W4310985262
https://openalex.org/W4311140047
https://openalex.org/W4311556304
https://openalex.org/W4311791454
https://openalex.org/W4312104049
https://openalex.org/W4312386660
https://openalex.org/W4312770348
https://openalex.org/W4313042599
https://openalex.org/W4313130417
https://openalex.org/W4313241317
https://openalex.org/W4318967553
https://openalex.org/W4320060454
https://openalex.org/W4323366755
https://openalex.org/W4387325361
https://openalex.org/W917534267
https://openalex.org/W919258754
https://openalex.org/W964825371
https://openalex.org/W172705459
https://openalex.org/W175940953
https://openalex.org/W1769990492
https://openalex.org/W179787893
https://openalex.org/W1968355839
https://openalex.org/W1969901911
https://openalex.org/W1986584172
https://openalex.org/W2002205477
https://openalex.org/W2084784395
https://openalex.org/W2166032922
https://openalex.org/W2462541198
https://openalex.org/W130493488
https://openalex.org/W1539833946
https://openalex.org/W1708667175
https://openalex.org/W1890385604
https://openalex.org/W1996796683
https://openalex.org/W2076989034
https://openalex.org/W2269136003
https://openalex.org/W2298674375
https://openalex.org/W2391757834
https://openalex.org/W2402992783
https://openalex.org/W2414046325
https://openalex.org/W2414752024
https://openalex.org/W2460815961
https://openalex.org/W2592572582
https://openalex.org/W2737516437
https://openalex.org/W2792447480
https://openalex.org/W2792925091
https://openalex.org/W2794603868
https://openalex.org/W2801187726
https://openalex.org/W2802773523
https://openalex.org/W2804486098
https://openalex.org/W2810562617
https://openalex.org/W2883106129
https://openalex.org/W2884281267
https://openalex.org/W2885031567
https://openalex.org/W2893546184
https://openalex.org/W2894524296
https://openalex.org/W2901062783
https://openalex.org/W2901988849
https://openalex.org/W2908584730
https://openalex.org/W2911744407
https://openalex.org/W2912029891
https://openalex.org/W2917251149
https://openalex.org/W2924080151
https://openalex.org/W2937278464
https://openalex.org/W2945376465
https://openalex.org/W2946281310
https://openalex.org/W2950324061
https://openalex.org/W2968246449
https://openalex.org/W2970380113
https://openalex.org/W2970780950
https://openalex.org/W2971310278
https://openalex.org/W2975040200
https://openalex.org/W2977707270
https://openalex.org/W2979407422
https://openalex.org/W2981354045
https://openalex.org/W2981407166
https://openalex.org/W2981543283
https://openalex.org/W2981805117
https://openalex.org/W2985889984
https://openalex.org/W2989596450
https://openalex.org/W3019178118
https://openalex.org/W3024275771
https://openalex.org/W3024409306
https://openalex.org/W3028999164
https://openalex.org/W3041953389
https://openalex.org/W3048520065
https://openalex.org/W3080517669
https://openalex.org/W3112057831
https://openalex.org/W3142426454
https://openalex.org/W315802693
https://openalex.org/W3176646802
https://openalex.org/W3196487681
https://openalex.org/W3210811764
https://openalex.org/W4230580084
https://openalex.org/W4233144196
https://openalex.org/W4238166444
https://openalex.org/W4239657543
https://openalex.org/W4246284712
https://openalex.org/W4247236578
https://openalex.org/W4251967172
https://openalex.org/W4286825404
https://openalex.org/W4287991283
https://openalex.org/W4288022214
https://openalex.org/W4289017151
https://openalex.org/W4297671739
https://openalex.org/W4301405102
https://openalex.org/W1604635178
https://openalex.org/W2003835983
https://openalex.org/W2004673868
https://openalex.org/W2007439933
https://openalex.org/W2042915702
https://openalex.org/W2055607684
https://openalex.org/W2094300604
https://openalex.org/W2401891939
https://openalex.org/W2414623341
https://openalex.org/W2418441614
https://openalex.org/W2418782801
https://openalex.org/W2421662811
https://openalex.org/W2466523379
https://openalex.org/W2591990074
https://openalex.org/W3042955534
https://openalex.org/W54468881
https://openalex.org/W150424153
https://openalex.org/W17532748
https://openalex.org/W185251760
https://openalex.org/W201498466
https://openalex.org/W2042861889
https://openalex.org/W2071016453
https://openalex.org/W2136513483
https://openalex.org/W2152881033
https://openalex.org/W2264794368
https://openalex.org/W2273266015
https://openalex.org/W2359537758
https://openalex.org/W2373544311
https://openalex.org/W2395756805
https://openalex.org/W2396114448
https://openalex.org/W2397392780
https://openalex.org/W2412020158
https://openalex.org/W2412111546
https://openalex.org/W2418938214
https://openalex.org/W2419703713
https://openalex.org/W2462770166
https://openalex.org/W2531742298
https://openalex.org/W2597294941
https://openalex.org/W2963030729
https://openalex.org/W2994978585
https://openalex.org/W2999362262
https://openalex.org/W3007013153
https://openalex.org/W3011643737
https://openalex.org/W3014309087
https://openalex.org/W3015313334
https://openalex.org/W3021462338
https://openalex.org/W3022164961
https://openalex.org/W3026402984
https://openalex.org/W3027902372
https://openalex.org/W3043591011
https://openalex.org/W3045208854
https://openalex.org/W3048544144
https://openalex.org/W3080300194
https://openalex.org/W3092590180
https://openalex.org/W3107128372
https://openalex.org/W3107192707
https://openalex.org/W3107780624
https://openalex.org/W3108678985
https://openalex.org/W3109649009
https://openalex.org/W3111208503
https://openalex.org/W3111400398
https://openalex.org/W3111714247
https://openalex.org/W3113524148
https://openalex.org/W3120647056
https://openalex.org/W3123227695
https://openalex.org/W3127471222
https://openalex.org/W3160120174
https://openalex.org/W3160376099
https://openalex.org/W3171698634
https://openalex.org/W3195279810
https://openalex.org/W4231869598
https://openalex.org/W4238215792
https://openalex.org/W4240587724
https://openalex.org/W4241792446
https://openalex.org/W4244141839
https://openalex.org/W4244508603
https://openalex.org/W4248185516
https://openalex.org/W4255269136
https://openalex.org/W4285703549
https://openalex.org/W1980452813
https://openalex.org/W2012369001
https://openalex.org/W2074833408
https://openalex.org/W2411573303
https://openalex.org/W2428822787
https://openalex.org/W1855029973
https://openalex.org/W2411467397
https://openalex.org/W2416513883
https://openalex.org/W2417358767
https://openalex.org/W2419142178
https://openalex.org/W2467705842
https://openalex.org/W251457819
https://openalex.org/W4231913581
https://openalex.org/W4240452836
https://openalex.org/W4251409238
https://openalex.org/W88169939
https://openalex.org/W1999954247
https://openalex.org/W2411374503
https://openalex.org/W2417592183
https://openalex.org/W2431864608
https://openalex.org/W2438183268
https://openalex.org/W2912173765
https://openalex.org/W3128676558
https://openalex.org/W3129768755
https://openalex.org/W3156246443
https://openalex.org/W3171804078
https://openalex.org/W3174610985
https://openalex.org/W3180047078
https://openalex.org/W3184746021
https://openalex.org/W3191377153
https://openalex.org/W3193902543
https://openalex.org/W3196923574
https://openalex.org/W3196930131
https://openalex.org/W3198190114
https://openalex.org/W3198874434
https://openalex.org/W3199417846
https://openalex.org/W3200728473
https://openalex.org/W3203314370
https://openalex.org/W3210730196
https://openalex.org/W3211337487
https://openalex.org/W3211583950
https://openalex.org/W3211937570
https://openalex.org/W3212456226
https://openalex.org/W3213124272
https://openalex.org/W3213516127
https://openalex.org/W3214054375
https://openalex.org/W3214355782
https://openalex.org/W3214635407
https://openalex.org/W3216310093
https://openalex.org/W412805358
https://openalex.org/W4200114688
https://openalex.org/W4200188061
https://openalex.org/W4226251359
https://openalex.org/W4231341807
https://openalex.org/W4246571249
https://openalex.org/W4249266023
https://openalex.org/W4327988962
https://openalex.org/W1604251205
https://openalex.org/W2025961586
https://openalex.org/W2187099380
https://openalex.org/W2339187836
https://openalex.org/W2353894914
https://openalex.org/W2386973966
https://openalex.org/W2415423161
https://openalex.org/W2416670310
https://openalex.org/W2417994130
https://openalex.org/W2420211346
https://openalex.org/W2981192207
https://openalex.org/W3023131470
https://openalex.org/W3023848376
https://openalex.org/W3208153126
https://openalex.org/W2069857316
https://openalex.org/W2410797372
https://openalex.org/W2469815593
https://openalex.org/W2502268857
https://openalex.org/W197253586
https://openalex.org/W1993843834
https://openalex.org/W2028913326
https://openalex.org/W2269209416
https://openalex.org/W2275357726
https://openalex.org/W2378549463
https://openalex.org/W2397137986
https://openalex.org/W2409511449
https://openalex.org/W2460137870
https://openalex.org/W2463514146
https://openalex.org/W2463781333
https://openalex.org/W2466023450
https://openalex.org/W2467270874
https://openalex.org/W2468995669
https://openalex.org/W2469848670
https://openalex.org/W2471721342
https://openalex.org/W2475056876
https://openalex.org/W2485062739
https://openalex.org/W2485998505
https://openalex.org/W2489338779
https://openalex.org/W2490794566
https://openalex.org/W2491286660
https://openalex.org/W2496313968
https://openalex.org/W2500328007
https://openalex.org/W2803071620
https://openalex.org/W2810806979
https://openalex.org/W2940644550
https://openalex.org/W4233409150
https://openalex.org/W1041341092
https://openalex.org/W1529029188
https://openalex.org/W1540638306
https://openalex.org/W2000974692
https://openalex.org/W2005083096
https://openalex.org/W2005421851
https://openalex.org/W2010475279
https://openalex.org/W2017196083
https://openalex.org/W2040710014
https://openalex.org/W2070398263
https://openalex.org/W221761993
https://openalex.org/W2317308577
https://openalex.org/W2334798539
https://openalex.org/W2396945744
https://openalex.org/W2398912626
https://openalex.org/W2403840878
https://openalex.org/W2408250563
https://openalex.org/W2412666976
https://openalex.org/W2418031487
https://openalex.org/W2418420524
https://openalex.org/W2433030255
https://openalex.org/W2485895900
https://openalex.org/W2564046533
https://openalex.org/W3115055033
https://openalex.org/W3193806476
https://openalex.org/W1574545142
https://openalex.org/W164417038
https://openalex.org/W1992713832
https://openalex.org/W2032271839
https://openalex.org/W2108520216
https://openalex.org/W2153098351
https://openalex.org/W2272166846
https://openalex.org/W2287051714
https://openalex.org/W2313142371
https://openalex.org/W2325890111
https://openalex.org/W23882740
https://openalex.org/W2402184169
https://openalex.org/W2407547341
https://openalex.org/W2409337239
https://openalex.org/W2410515296
https://openalex.org/W2410655586
https://openalex.org/W2416598555
https://openalex.org/W2416641643
https://openalex.org/W2438707289
https://openalex.org/W2440019549
https://openalex.org/W2440577331
https://openalex.org/W2440861945
https://openalex.org/W2440884760
https://openalex.org/W2441082974
https://openalex.org/W2471815125
https://openalex.org/W2580511608
https://openalex.org/W2582724667
https://openalex.org/W2586959340
https://openalex.org/W3147594340
https://openalex.org/W3202010082
https://openalex.org/W3203165404
https://openalex.org/W339946348
https://openalex.org/W4210523061
https://openalex.org/W104277541
https://openalex.org/W105545561
https://openalex.org/W1496921624
https://openalex.org/W1499751977
https://openalex.org/W1503552291
https://openalex.org/W1510556900
https://openalex.org/W1519213973
https://openalex.org/W1563553761
https://openalex.org/W1566243920
https://openalex.org/W1585837165
https://openalex.org/W1586717048
https://openalex.org/W1592793126
https://openalex.org/W1600487842
https://openalex.org/W1621601603
https://openalex.org/W1968214700
https://openalex.org/W1971479526
https://openalex.org/W1983650158
https://openalex.org/W2010655093
https://openalex.org/W2010688623
https://openalex.org/W203603811
https://openalex.org/W2045161420
https://openalex.org/W2054103908
https://openalex.org/W2081722270
https://openalex.org/W2083891677
https://openalex.org/W2130458380
https://openalex.org/W2131462369
https://openalex.org/W2160038060
https://openalex.org/W217835232
https://openalex.org/W219258668
https://openalex.org/W2286512605
https://openalex.org/W2290464756
https://openalex.org/W2314103145
https://openalex.org/W2394818098
https://openalex.org/W2399091471
https://openalex.org/W2402728000
https://openalex.org/W2411683671
https://openalex.org/W2411857550
https://openalex.org/W2412326884
https://openalex.org/W2413457999
https://openalex.org/W2414086167
https://openalex.org/W2415235393
https://openalex.org/W2415762745
https://openalex.org/W2418073594
https://openalex.org/W2418996210
https://openalex.org/W2419435173
https://openalex.org/W2428738307
https://openalex.org/W2439066300
https://openalex.org/W2460787733
https://openalex.org/W2469148331
https://openalex.org/W2475160430
https://openalex.org/W2480676785
https://openalex.org/W2481196210
https://openalex.org/W2481711950
https://openalex.org/W2494293208
https://openalex.org/W2504298606
https://openalex.org/W250875236
https://openalex.org/W2520151239
https://openalex.org/W2634637170
https://openalex.org/W2771492303
https://openalex.org/W2970706885
https://openalex.org/W2992701145
https://openalex.org/W3154811873
https://openalex.org/W3203738474
https://openalex.org/W3204068423
https://openalex.org/W3206037833
https://openalex.org/W4206042079
https://openalex.org/W4238716216
https://openalex.org/W4249451252
https://openalex.org/W4252476043
https://openalex.org/W571341209
https://openalex.org/W581822506
https://openalex.org/W82826024
https://openalex.org/W95469582
https://openalex.org/W2163710303
https://openalex.org/W2751884637
https://openalex.org/W1617145133
https://openalex.org/W1990151103
https://openalex.org/W2753051611
https://openalex.org/W3005957464
https://openalex.org/W3143437408
https://openalex.org/W2751792491
https://openalex.org/W2118225223
https://openalex.org/W3025238321
https://openalex.org/W3178295071
https://openalex.org/W2142472354
https://openalex.org/W2086302588
https://openalex.org/W2094500853
https://openalex.org/W2804207405
https://openalex.org/W2754674511
https://openalex.org/W2743318307
https://openalex.org/W2054393833
https://openalex.org/W1958022600
https://openalex.org/W2588228158
https://openalex.org/W2150871890
https://openalex.org/W2073481601
https://openalex.org/W2165779685
https://openalex.org/W2015776844
https://openalex.org/W2092772666
https://openalex.org/W2132859662
https://openalex.org/W2126286819
https://openalex.org/W2884730312
https://openalex.org/W2075663425
https://openalex.org/W1990435491
https://openalex.org/W1984743261
https://openalex.org/W2583513165
https://openalex.org/W2770348633
https://openalex.org/W2039534385
https://openalex.org/W2121052759
https://openalex.org/W3021859907
https://openalex.org/W1715557286
https://openalex.org/W2066414014
https://openalex.org/W2107610137
https://openalex.org/W2207565062
https://openalex.org/W2913788543
https://openalex.org/W3128918508
https://openalex.org/W2208711566
https://openalex.org/W2803934684
https://openalex.org/W3154717121
https://openalex.org/W2992191743
https://openalex.org/W3019406601
https://openalex.org/W2931778136
https://openalex.org/W3026076531
https://openalex.org/W3202470152
https://openalex.org/W3132563333
https://openalex.org/W4221111336
https://openalex.org/W4220943388
https://openalex.org/W4205251131
https://openalex.org/W4305040316
https://openalex.org/W3209381957
https://openalex.org/W4380871380
https://openalex.org/W4320167825
https://openalex.org/W4382935109
https://openalex.org/W4321491194
https://openalex.org/W1990807533
https://openalex.org/W2129533482
https://openalex.org/W2078847941
https://openalex.org/W2102291177
https://openalex.org/W1982817875
https://openalex.org/W2116922620
https://openalex.org/W2008906407
https://openalex.org/W2164683920
https://openalex.org/W2050776285
https://openalex.org/W330949794
https://openalex.org/W2059569036
https://openalex.org/W2134449282
https://openalex.org/W2060872060
https://openalex.org/W2337962143
https://openalex.org/W2462745431
https://openalex.org/W2134100102
https://openalex.org/W1581777771
https://openalex.org/W2144477926
https://openalex.org/W2110218984
https://openalex.org/W2168210790
https://openalex.org/W1970672512
https://openalex.org/W2135175545
https://openalex.org/W2148802051
https://openalex.org/W2124339256
https://openalex.org/W2128450902
https://openalex.org/W2150239356
https://openalex.org/W1978534647
https://openalex.org/W2107670174
https://openalex.org/W2546564166
https://openalex.org/W1564288123
https://openalex.org/W2074217384
https://openalex.org/W1995089534
https://openalex.org/W2528932850
https://openalex.org/W2800031930
https://openalex.org/W2889758766
https://openalex.org/W2007526647
https://openalex.org/W2618843781
https://openalex.org/W2156025348
https://openalex.org/W2140454522
https://openalex.org/W1977341492
https://openalex.org/W1938483826
https://openalex.org/W2029826421
https://openalex.org/W2871023201
https://openalex.org/W2005911385
https://openalex.org/W2050758757
https://openalex.org/W2030503726
https://openalex.org/W3170496996
https://openalex.org/W3106894631
https://openalex.org/W2802913348
https://openalex.org/W1894971994
https://openalex.org/W2012602905
https://openalex.org/W1961445552
https://openalex.org/W2895419712
https://openalex.org/W2956082727
https://openalex.org/W2029757179
https://openalex.org/W2913048295
https://openalex.org/W2566995909
https://openalex.org/W2793175629
https://openalex.org/W2782757784
https://openalex.org/W1598052495
https://openalex.org/W2952763207
https://openalex.org/W2009931276
https://openalex.org/W2883442273
https://openalex.org/W3031651501
https://openalex.org/W3039288176
https://openalex.org/W2314032274
https://openalex.org/W3032374169
https://openalex.org/W2996516814
https://openalex.org/W2256889313
https://openalex.org/W3044317215
https://openalex.org/W3117629629
https://openalex.org/W3190745280
https://openalex.org/W2907212987
https://openalex.org/W3020619186
https://openalex.org/W2993279249
https://openalex.org/W3037490279
https://openalex.org/W2980536345
https://openalex.org/W2997278425
https://openalex.org/W4200187294
https://openalex.org/W3060267963
https://openalex.org/W3047921479
https://openalex.org/W3151598068
https://openalex.org/W3154761376
https://openalex.org/W3216036910
https://openalex.org/W3127791429
https://openalex.org/W3159674265
https://openalex.org/W4205536635
https://openalex.org/W3203162926
https://openalex.org/W4296164989
https://openalex.org/W4308891331
https://openalex.org/W4211194210
https://openalex.org/W4382935090
https://openalex.org/W4389938084
https://openalex.org/W4390086664
https://openalex.org/W2151989986
https://openalex.org/W2169798175
https://openalex.org/W2014833571
https://openalex.org/W1985064706
https://openalex.org/W2104708986
https://openalex.org/W1989823885
https://openalex.org/W2133377010
https://openalex.org/W2081352325
https://openalex.org/W2020881687
https://openalex.org/W2155939729
https://openalex.org/W2058070615
https://openalex.org/W2083454658
https://openalex.org/W2115847568
https://openalex.org/W223281890
https://openalex.org/W3167403435
https://openalex.org/W2019480599
https://openalex.org/W1978319559
https://openalex.org/W1966150982
https://openalex.org/W1977581584
https://openalex.org/W2059075054
https://openalex.org/W2098634066
https://openalex.org/W1976976279
https://openalex.org/W2100484528
https://openalex.org/W2073745335
https://openalex.org/W2101320653
https://openalex.org/W2063326250
https://openalex.org/W2141478243
https://openalex.org/W2163134099
https://openalex.org/W2010492707
https://openalex.org/W1571392805
https://openalex.org/W2108513644
https://openalex.org/W1943262879
https://openalex.org/W1501223773
https://openalex.org/W2003552341
https://openalex.org/W2005598688
https://openalex.org/W2141674876
https://openalex.org/W3385012
https://openalex.org/W2094715106
https://openalex.org/W2134328435
https://openalex.org/W2121423297
https://openalex.org/W2158658273
https://openalex.org/W2168845263
https://openalex.org/W2256604005
https://openalex.org/W2623402661
https://openalex.org/W1993750813
https://openalex.org/W2085487061
https://openalex.org/W2508048393
https://openalex.org/W2151172885
https://openalex.org/W2466444307
https://openalex.org/W2028489556
https://openalex.org/W2590694304
https://openalex.org/W2313071571
https://openalex.org/W2581829163
https://openalex.org/W2801397054
https://openalex.org/W2904829109
https://openalex.org/W2971131269
https://openalex.org/W2267075856
https://openalex.org/W2993904740
https://openalex.org/W2411643268
https://openalex.org/W2888407009
https://openalex.org/W2901572961
https://openalex.org/W2760871229
https://openalex.org/W2976733039
https://openalex.org/W3011318523
https://openalex.org/W3046223166
https://openalex.org/W2986670900
https://openalex.org/W3015077248
https://openalex.org/W2795832136
https://openalex.org/W3045533295
https://openalex.org/W2968690481
https://openalex.org/W2922410439
https://openalex.org/W3037879647
https://openalex.org/W2995947765
https://openalex.org/W3157066022
https://openalex.org/W3118597757
https://openalex.org/W3169965180
https://openalex.org/W3186682742
https://openalex.org/W4214560990
https://openalex.org/W4297961875
https://openalex.org/W4294012112
https://openalex.org/W4210456439
https://openalex.org/W3214499391
https://openalex.org/W4380742487
https://openalex.org/W4311461178
https://openalex.org/W4318332919
https://openalex.org/W4319296062
https://openalex.org/W4382935078
https://openalex.org/W4319083528
https://openalex.org/W4389953312
https://openalex.org/W4390746827
https://openalex.org/W4392369024
https://openalex.org/W2017131755
https://openalex.org/W2000183701
https://openalex.org/W2080361105
https://openalex.org/W1901653098
https://openalex.org/W1993921679
https://openalex.org/W2158055619
https://openalex.org/W2006626394
https://openalex.org/W2142810311
https://openalex.org/W2062751776
https://openalex.org/W644683754
https://openalex.org/W2089271813
https://openalex.org/W2485670726
https://openalex.org/W2103037947
https://openalex.org/W2156089175
https://openalex.org/W2020381393
https://openalex.org/W2020433371
https://openalex.org/W2129516207
https://openalex.org/W120034555
https://openalex.org/W2034691053
https://openalex.org/W2003505180
https://openalex.org/W1512644750
https://openalex.org/W181487094
https://openalex.org/W2017425556
https://openalex.org/W2137176988
https://openalex.org/W2018073132
https://openalex.org/W1990989298
https://openalex.org/W2006585825
https://openalex.org/W1821117898
https://openalex.org/W1995314468
https://openalex.org/W2045237176
https://openalex.org/W2086811908
https://openalex.org/W2118676380
https://openalex.org/W1980606671
https://openalex.org/W1984356463
https://openalex.org/W2045730256
https://openalex.org/W2038674849
https://openalex.org/W2056630635
https://openalex.org/W2045899586
https://openalex.org/W1604762338
https://openalex.org/W2116712778
https://openalex.org/W2511760322
https://openalex.org/W2276511614
https://openalex.org/W1978123399
https://openalex.org/W2175870147
https://openalex.org/W2223553518
https://openalex.org/W2800442284
https://openalex.org/W2795668465
https://openalex.org/W2594136497
https://openalex.org/W2997942808
https://openalex.org/W2290332073
https://openalex.org/W2486402159
https://openalex.org/W2588375295
https://openalex.org/W2795244545
https://openalex.org/W2797949616
https://openalex.org/W3046706956
https://openalex.org/W2981188478
https://openalex.org/W3010383010
https://openalex.org/W3027117983
https://openalex.org/W3081508570
https://openalex.org/W3087063957
https://openalex.org/W3097610713
https://openalex.org/W3026566575
https://openalex.org/W3024068283
https://openalex.org/W3136233868
https://openalex.org/W3151163513
https://openalex.org/W3164201645
https://openalex.org/W3016571809
https://openalex.org/W3120366519
https://openalex.org/W4212826232
https://openalex.org/W4213305011
https://openalex.org/W4376958880
https://openalex.org/W4386741396
https://openalex.org/W4316466878
https://openalex.org/W4317358679
https://openalex.org/W4320497708
https://openalex.org/W4321372865
https://openalex.org/W4321498091
https://openalex.org/W4366463562
https://openalex.org/W4377966369
https://openalex.org/W4382010770
https://openalex.org/W2036327357
https://openalex.org/W2006590877
https://openalex.org/W2192054399
https://openalex.org/W2101636154
https://openalex.org/W1964395527
https://openalex.org/W2125820662
https://openalex.org/W2317484615
https://openalex.org/W2027215542
https://openalex.org/W2131208459
https://openalex.org/W2172179890
https://openalex.org/W4251544115
https://openalex.org/W2105745373
https://openalex.org/W1971834391
https://openalex.org/W2132173272
https://openalex.org/W2157089487
https://openalex.org/W2148665411
https://openalex.org/W2025562718
https://openalex.org/W2133767781
https://openalex.org/W2009505444
https://openalex.org/W2146571398
https://openalex.org/W88504004
https://openalex.org/W2134189716
https://openalex.org/W2160512625
https://openalex.org/W1987922189
https://openalex.org/W1988403216
https://openalex.org/W2038154850
https://openalex.org/W2050046530
https://openalex.org/W2136725719
https://openalex.org/W2121077932
https://openalex.org/W2093242583
https://openalex.org/W2132674335
https://openalex.org/W2082019333
https://openalex.org/W2415682404
https://openalex.org/W2122330389
https://openalex.org/W2544673442
https://openalex.org/W2605269471
https://openalex.org/W2043704400
https://openalex.org/W2079728765
https://openalex.org/W2755978353
https://openalex.org/W2805717386
https://openalex.org/W2536754354
https://openalex.org/W2616903723
https://openalex.org/W2783562720
https://openalex.org/W2919815625
https://openalex.org/W2947540924
https://openalex.org/W2993896660
https://openalex.org/W2906882993
https://openalex.org/W3004584257
https://openalex.org/W3023524842
https://openalex.org/W2990166353
https://openalex.org/W3009612894
https://openalex.org/W3024349422
https://openalex.org/W3120923085
https://openalex.org/W3168777076
https://openalex.org/W3174378388
https://openalex.org/W3198451222
https://openalex.org/W3044257357
https://openalex.org/W3171209922
https://openalex.org/W3203266173
https://openalex.org/W3197297863
https://openalex.org/W4285733123
https://openalex.org/W4304128563
https://openalex.org/W3188535789
https://openalex.org/W4313531550
https://openalex.org/W4361269714
https://openalex.org/W2115678895
https://openalex.org/W1490532599
https://openalex.org/W1993469289
https://openalex.org/W2019067749
https://openalex.org/W2037341045
https://openalex.org/W2044114199
https://openalex.org/W2068030502
https://openalex.org/W2032542713
https://openalex.org/W2028685515
https://openalex.org/W2059485670
https://openalex.org/W2150406202
https://openalex.org/W2128423948
https://openalex.org/W1967234568
https://openalex.org/W2083257771
https://openalex.org/W2084495964
https://openalex.org/W1967383647
https://openalex.org/W2161772318
https://openalex.org/W3040836298
https://openalex.org/W2023799559
https://openalex.org/W2077000131
https://openalex.org/W2140526902
https://openalex.org/W2058120585
https://openalex.org/W2161161796
https://openalex.org/W2071633275
https://openalex.org/W2102575814
https://openalex.org/W2049464654
https://openalex.org/W2039084961
https://openalex.org/W2144703873
https://openalex.org/W2135897795
https://openalex.org/W2106385626
https://openalex.org/W2017159506
https://openalex.org/W2040504060
https://openalex.org/W2075140676
https://openalex.org/W2250056697
https://openalex.org/W1977728260
https://openalex.org/W2029032408
https://openalex.org/W2086594498
https://openalex.org/W2160291867
https://openalex.org/W1836289797
https://openalex.org/W2234483746
https://openalex.org/W2795855236
https://openalex.org/W2156964853
https://openalex.org/W2157766518
https://openalex.org/W2146998163
https://openalex.org/W2817803508
https://openalex.org/W2772912370
https://openalex.org/W2347036658
https://openalex.org/W2570901030
https://openalex.org/W2258607673
https://openalex.org/W2801143500
https://openalex.org/W2977464806
https://openalex.org/W2799541611
https://openalex.org/W2896880678
https://openalex.org/W2939179849
https://openalex.org/W2979725610
https://openalex.org/W3000305321
https://openalex.org/W3007123649
https://openalex.org/W3027224056
https://openalex.org/W3036931803
https://openalex.org/W3097032065
https://openalex.org/W3080742489
https://openalex.org/W3026538644
https://openalex.org/W3047899379
https://openalex.org/W3081578859
https://openalex.org/W3034763026
https://openalex.org/W3088019230
https://openalex.org/W3118491133
https://openalex.org/W3132458221
https://openalex.org/W3212562618
https://openalex.org/W4282939586
https://openalex.org/W4283079277
https://openalex.org/W4327680217
https://openalex.org/W4367316003
https://openalex.org/W2029429990
https://openalex.org/W2107816838
https://openalex.org/W2164433982
https://openalex.org/W1932507566
https://openalex.org/W2003224283
https://openalex.org/W2080959667
https://openalex.org/W2093465313
https://openalex.org/W2107582128
https://openalex.org/W2115182422
https://openalex.org/W2127055642
https://openalex.org/W2790314539
https://openalex.org/W2152078291
https://openalex.org/W2054568557
https://openalex.org/W2140732553
https://openalex.org/W618687752
https://openalex.org/W2093676036
https://openalex.org/W2095313942
https://openalex.org/W2061937632
https://openalex.org/W2069214316
https://openalex.org/W2155693747
https://openalex.org/W436016342
https://openalex.org/W2062101923
https://openalex.org/W2077979179
https://openalex.org/W1997432530
https://openalex.org/W2170835348
https://openalex.org/W2137677622
https://openalex.org/W2056090084
https://openalex.org/W1989066553
https://openalex.org/W2160250529
https://openalex.org/W2072499984
https://openalex.org/W2121382557
https://openalex.org/W2170323068
https://openalex.org/W2159330666
https://openalex.org/W2033304392
https://openalex.org/W2556941166
https://openalex.org/W2564650310
https://openalex.org/W2579828871
https://openalex.org/W2146630844
https://openalex.org/W2806985874
https://openalex.org/W4249980351
https://openalex.org/W2888556733
https://openalex.org/W2944847739
https://openalex.org/W2964697010
https://openalex.org/W2911185903
https://openalex.org/W2954072454
https://openalex.org/W2982001054
https://openalex.org/W3010737400
https://openalex.org/W75606517
https://openalex.org/W3134566067
https://openalex.org/W3162110819
https://openalex.org/W3177245862
https://openalex.org/W3164064886
https://openalex.org/W4210932260
https://openalex.org/W4213024276
https://openalex.org/W3212831906
https://openalex.org/W4205194211
https://openalex.org/W4283690948
https://openalex.org/W4285086110
https://openalex.org/W4293426221
https://openalex.org/W4308381583
https://openalex.org/W4318779457
https://openalex.org/W4377710627
https://openalex.org/W4378375141
https://openalex.org/W4380988755
https://openalex.org/W4387674927
https://openalex.org/W4387674956
https://openalex.org/W2001217803
https://openalex.org/W2087560852
https://openalex.org/W2327372883
https://openalex.org/W1984050974
https://openalex.org/W1964439706
https://openalex.org/W2136819726
https://openalex.org/W2176521957
https://openalex.org/W2473045789
https://openalex.org/W2068469436
https://openalex.org/W1999305938
https://openalex.org/W2020655740
https://openalex.org/W2110440310
https://openalex.org/W2002334518
https://openalex.org/W2094525585
https://openalex.org/W2117929216
https://openalex.org/W2048113419
https://openalex.org/W2135194295
https://openalex.org/W1529914352
https://openalex.org/W207228534
https://openalex.org/W2126063486
https://openalex.org/W2074944606
https://openalex.org/W2168649151
https://openalex.org/W2105454231
https://openalex.org/W2150175497
https://openalex.org/W1967644633
https://openalex.org/W1972432022
https://openalex.org/W2024150327
https://openalex.org/W2141158057
https://openalex.org/W2170297384
https://openalex.org/W2735408242
https://openalex.org/W2746591945
https://openalex.org/W2765151726
https://openalex.org/W2504804333
https://openalex.org/W2578693902
https://openalex.org/W2792703003
https://openalex.org/W2895471392
https://openalex.org/W1867275746
https://openalex.org/W2885139653
https://openalex.org/W2890831564
https://openalex.org/W2899602433
https://openalex.org/W2966576580
https://openalex.org/W2984659608
https://openalex.org/W2989732369
https://openalex.org/W3088780117
https://openalex.org/W3008602549
https://openalex.org/W3092224502
https://openalex.org/W3039508536
https://openalex.org/W3041759082
https://openalex.org/W3046135695
https://openalex.org/W3129691062
https://openalex.org/W3134013259
https://openalex.org/W3130568420
https://openalex.org/W4210317446
https://openalex.org/W4226377205
https://openalex.org/W4283392632
https://openalex.org/W4286610693
https://openalex.org/W4290632577
https://openalex.org/W4306761175
https://openalex.org/W4390350187
https://openalex.org/W4390546502
https://openalex.org/W4390546761
https://openalex.org/W4390771049
https://openalex.org/W4390919582
https://openalex.org/W4391026995
https://openalex.org/W4391247533
https://openalex.org/W4391560390
https://openalex.org/W4392087892
https://openalex.org/W4392242919
https://openalex.org/W4392243767
https://openalex.org/W4392298443
https://openalex.org/W4392509912
https://openalex.org/W4392808777
https://openalex.org/W4393055273
https://openalex.org/W4393118725
https://openalex.org/W4393170750
https://openalex.org/W4393275949
https://openalex.org/W4393949943
https://openalex.org/W4394065209
https://openalex.org/W4394690611
https://openalex.org/W4394794322
https://openalex.org/W4394836197
https://openalex.org/W4394878048
https://openalex.org/W4394962576
https://openalex.org/W4394995177
https://openalex.org/W4395000270
https://openalex.org/W4395109867
https://openalex.org/W2081413027
https://openalex.org/W321935775
https://openalex.org/W1977758281
https://openalex.org/W1992034768
https://openalex.org/W2070120693
https://openalex.org/W2146328043
https://openalex.org/W1976774988
https://openalex.org/W2123352940
https://openalex.org/W2053959049
https://openalex.org/W2055756365
https://openalex.org/W1991570719
https://openalex.org/W2089092409
https://openalex.org/W2081834919
https://openalex.org/W2107874108
https://openalex.org/W2144605878
https://openalex.org/W2001975370
https://openalex.org/W2073949047
https://openalex.org/W2090151198
https://openalex.org/W2074496929
https://openalex.org/W1967364693
https://openalex.org/W1969197971
https://openalex.org/W2079286921
https://openalex.org/W2103440511
https://openalex.org/W2141859860
https://openalex.org/W1948579484
https://openalex.org/W2042375916
https://openalex.org/W2046148977
https://openalex.org/W2563308401
https://openalex.org/W2607170318
https://openalex.org/W2152847981
https://openalex.org/W2342350879
https://openalex.org/W2612406275
https://openalex.org/W2791572444
https://openalex.org/W2252791335
https://openalex.org/W2612485708
https://openalex.org/W2624673849
https://openalex.org/W2738575597
https://openalex.org/W2762008928
https://openalex.org/W2971799637
https://openalex.org/W2251066445
https://openalex.org/W2910928868
https://openalex.org/W2990617167
https://openalex.org/W2902519726
https://openalex.org/W2951918249
https://openalex.org/W2963904521
https://openalex.org/W2992840611
https://openalex.org/W3169265611
https://openalex.org/W2413970114
https://openalex.org/W947527974
https://openalex.org/W4313682021
https://openalex.org/W4323036277
https://openalex.org/W4323669111
https://openalex.org/W4327857432
https://openalex.org/W4363646595
https://openalex.org/W4365519992
https://openalex.org/W4377139077
https://openalex.org/W4382930560
https://openalex.org/W4384695160
https://openalex.org/W4386221182
https://openalex.org/W4386922149
https://openalex.org/W4387460601
https://openalex.org/W1996959148
https://openalex.org/W2063668752
https://openalex.org/W1569436962
https://openalex.org/W2050094398
https://openalex.org/W2093881382
https://openalex.org/W139470676
https://openalex.org/W1951300491
https://openalex.org/W2057440460
https://openalex.org/W2082220604
https://openalex.org/W2422922012
https://openalex.org/W2026919938
https://openalex.org/W2100706225
https://openalex.org/W2142560322
https://openalex.org/W2015416550
https://openalex.org/W1494842856
https://openalex.org/W2132405473
https://openalex.org/W2059789166
https://openalex.org/W2084807245
https://openalex.org/W2617200110
https://openalex.org/W2018155879
https://openalex.org/W2107688471
https://openalex.org/W2549429765
https://openalex.org/W2558659314
https://openalex.org/W2610285387
https://openalex.org/W2327970103
https://openalex.org/W2336727083
https://openalex.org/W2964331000
https://openalex.org/W2972848323
https://openalex.org/W3030168541
https://openalex.org/W3082829596
https://openalex.org/W3004096029
https://openalex.org/W3006908261
https://openalex.org/W3010351804
https://openalex.org/W3043129195
https://openalex.org/W3172994365
https://openalex.org/W3177051059
https://openalex.org/W3179789537
https://openalex.org/W3199488319
https://openalex.org/W2012187608
https://openalex.org/W4206487375
https://openalex.org/W4213367923
https://openalex.org/W4221040684
https://openalex.org/W4224212907
https://openalex.org/W4225317070
https://openalex.org/W4307582457
https://openalex.org/W2166919787
https://openalex.org/W165361491
https://openalex.org/W1952193547
https://openalex.org/W2094914332
https://openalex.org/W2790893085
https://openalex.org/W1968417234
https://openalex.org/W2068762530
https://openalex.org/W2184191366
https://openalex.org/W1995611054
https://openalex.org/W2144530774
https://openalex.org/W2089486285
https://openalex.org/W2092327881
https://openalex.org/W2095003156
https://openalex.org/W2105731038
https://openalex.org/W1987524960
https://openalex.org/W2113115257
https://openalex.org/W2051581132
https://openalex.org/W2060466734
https://openalex.org/W2164906598
https://openalex.org/W2169927082
https://openalex.org/W2171814319
https://openalex.org/W2069969445
https://openalex.org/W2096486575
https://openalex.org/W2100348150
https://openalex.org/W2155643491
https://openalex.org/W2752701966
https://openalex.org/W2888328030
https://openalex.org/W2892209885
https://openalex.org/W162466347
https://openalex.org/W2184649046
https://openalex.org/W2809335478
https://openalex.org/W2887989969
https://openalex.org/W2896479211
https://openalex.org/W2942126273
https://openalex.org/W2941965931
https://openalex.org/W2970003149
https://openalex.org/W3004571062
https://openalex.org/W3037429296
https://openalex.org/W3097579275
https://openalex.org/W3108914268
https://openalex.org/W3175761159
https://openalex.org/W3205484301
https://openalex.org/W4205216082
https://openalex.org/W4285114568
https://openalex.org/W4291017564
https://openalex.org/W4297240826
https://openalex.org/W4313244916
https://openalex.org/W2007943555
https://openalex.org/W173233452
https://openalex.org/W2037238067
https://openalex.org/W2086384033
https://openalex.org/W1501720035
https://openalex.org/W1877435101
https://openalex.org/W1977511257
https://openalex.org/W2031516409
https://openalex.org/W2108172664
https://openalex.org/W2321521154
https://openalex.org/W1933329145
https://openalex.org/W2157971481
https://openalex.org/W2111392638
https://openalex.org/W2147594391
https://openalex.org/W2014607670
https://openalex.org/W1996327371
https://openalex.org/W2039989439
https://openalex.org/W2082605311
https://openalex.org/W2142579634
https://openalex.org/W2150139998
https://openalex.org/W2014524109
https://openalex.org/W2138909828
https://openalex.org/W2004596495
https://openalex.org/W1521785027
https://openalex.org/W2156041827
https://openalex.org/W68487912
https://openalex.org/W2132191163
https://openalex.org/W1955189546
https://openalex.org/W206557642
https://openalex.org/W1516073013
https://openalex.org/W1993832333
https://openalex.org/W2019463392
https://openalex.org/W2021471582
https://openalex.org/W2025809570
https://openalex.org/W2082511821
https://openalex.org/W2198471579
https://openalex.org/W2729077587
https://openalex.org/W2732949556
https://openalex.org/W2893644484
https://openalex.org/W1968145841
https://openalex.org/W2023349692
https://openalex.org/W2394552268
https://openalex.org/W2789334704
https://openalex.org/W2801135305
https://openalex.org/W2898192070
https://openalex.org/W2287759018
https://openalex.org/W3014885415
https://openalex.org/W3029966767
https://openalex.org/W3067052953
https://openalex.org/W3110099090
https://openalex.org/W3008640862
https://openalex.org/W3023977126
https://openalex.org/W3024124869
https://openalex.org/W3028520579
https://openalex.org/W3043128256
https://openalex.org/W3087165756
https://openalex.org/W3169499827
https://openalex.org/W4387775071
https://openalex.org/W2140042509
https://openalex.org/W2411265644
https://openalex.org/W2081739233
https://openalex.org/W2245164852
https://openalex.org/W1969221673
https://openalex.org/W1595856842
https://openalex.org/W1996517655
https://openalex.org/W2008989415
https://openalex.org/W2016630293
https://openalex.org/W2334787246
https://openalex.org/W1983631350
https://openalex.org/W1998518219
https://openalex.org/W1914186118
https://openalex.org/W1984484005
https://openalex.org/W2179527676
https://openalex.org/W1999203881
https://openalex.org/W1964494131
https://openalex.org/W2040661049
https://openalex.org/W2126384988
https://openalex.org/W2179450649
https://openalex.org/W3123005085
https://openalex.org/W1992117989
https://openalex.org/W1965850195
https://openalex.org/W1978499880
https://openalex.org/W2061480757
https://openalex.org/W1972762468
https://openalex.org/W2028665133
https://openalex.org/W2040708249
https://openalex.org/W2062029734
https://openalex.org/W2156521920
https://openalex.org/W2289846151
https://openalex.org/W2330531232
https://openalex.org/W1993319407
https://openalex.org/W2003491203
https://openalex.org/W2018138091
https://openalex.org/W2023661868
https://openalex.org/W2053257489
https://openalex.org/W2271324123
https://openalex.org/W2277662919
https://openalex.org/W246838534
https://openalex.org/W2581299351
https://openalex.org/W2751881880
https://openalex.org/W2892236572
https://openalex.org/W2905564808
https://openalex.org/W2969230948
https://openalex.org/W1581148702
https://openalex.org/W2553384479
https://openalex.org/W3043348735
https://openalex.org/W3046714234
https://openalex.org/W3123421986
https://openalex.org/W3044468773
https://openalex.org/W3130634953
https://openalex.org/W3137912552
https://openalex.org/W3176697654
https://openalex.org/W3186854706
https://openalex.org/W3194583301
https://openalex.org/W3211488197
https://openalex.org/W4200086945
https://openalex.org/W4252499977
https://openalex.org/W3193837076
https://openalex.org/W3202064614
https://openalex.org/W3205804474
https://openalex.org/W4220780990
https://openalex.org/W4220855034
https://openalex.org/W4220898195
https://openalex.org/W4221105885
https://openalex.org/W4223960733
https://openalex.org/W4224296363
https://openalex.org/W4281613702
https://openalex.org/W4281633740
https://openalex.org/W4283320427
https://openalex.org/W4283655995
https://openalex.org/W4285044301
https://openalex.org/W4286433148
https://openalex.org/W4291903791
https://openalex.org/W4297242666
https://openalex.org/W4307286823
https://openalex.org/W4311574790
https://openalex.org/W1970317739
https://openalex.org/W4311748239
https://openalex.org/W4319461422
https://openalex.org/W4319590587
https://openalex.org/W4321599459
https://openalex.org/W4323365385
https://openalex.org/W4323538520
https://openalex.org/W4361019595
https://openalex.org/W4361997638
https://openalex.org/W4366490441
https://openalex.org/W4377041597
https://openalex.org/W4385363826
https://openalex.org/W4386253696
https://openalex.org/W4386879410
https://openalex.org/W4387095402
https://openalex.org/W4387212336
https://openalex.org/W4387241483
https://openalex.org/W4387497755
https://openalex.org/W4387754274
https://openalex.org/W4388924569
https://openalex.org/W4389330750
https://openalex.org/W4389792403
https://openalex.org/W1972203408
https://openalex.org/W1995111787
https://openalex.org/W1869889106
https://openalex.org/W1999297102
https://openalex.org/W2042116013
https://openalex.org/W2173564483
https://openalex.org/W1834077205
https://openalex.org/W1968874857
https://openalex.org/W2011358275
https://openalex.org/W2052833800
https://openalex.org/W2033246610
https://openalex.org/W2971324963
https://openalex.org/W2009960723
https://openalex.org/W2137340491
https://openalex.org/W1873736987
https://openalex.org/W305922313
https://openalex.org/W2133365796
https://openalex.org/W2162831388
https://openalex.org/W2597946166
https://openalex.org/W2749556041
https://openalex.org/W1980220822
https://openalex.org/W2015679703
https://openalex.org/W2083009309
https://openalex.org/W2154577247
https://openalex.org/W2182995225
https://openalex.org/W2317148300
https://openalex.org/W2415739214
https://openalex.org/W2469155821
https://openalex.org/W2550383787
https://openalex.org/W2727601387
https://openalex.org/W2915086814
https://openalex.org/W2937395510
https://openalex.org/W2951202494
https://openalex.org/W1985471825
https://openalex.org/W2079712960
https://openalex.org/W2329376876
https://openalex.org/W2125454092
https://openalex.org/W1967057976
https://openalex.org/W2004474733
https://openalex.org/W1935179539
https://openalex.org/W2016442343
https://openalex.org/W2408851909
https://openalex.org/W1559371222
https://openalex.org/W2415529483
https://openalex.org/W2432056753
https://openalex.org/W2482146182
https://openalex.org/W6360544
https://openalex.org/W1974351781
https://openalex.org/W1966016238
https://openalex.org/W1973584486
https://openalex.org/W1990081113
https://openalex.org/W2023089083
https://openalex.org/W2000839689
https://openalex.org/W2032182584
https://openalex.org/W2049502376
https://openalex.org/W2977649477
https://openalex.org/W2016566473
https://openalex.org/W2055570735
https://openalex.org/W2057690216
https://openalex.org/W2104999712
https://openalex.org/W2111630098
https://openalex.org/W2148110412
https://openalex.org/W2151698473
https://openalex.org/W2154998854
https://openalex.org/W2167380529
https://openalex.org/W2168659646
https://openalex.org/W2321813202
https://openalex.org/W2405791389
https://openalex.org/W1879075589
https://openalex.org/W1972835890
https://openalex.org/W2137929248
https://openalex.org/W2294940286
https://openalex.org/W2331450142
https://openalex.org/W2465418258
https://openalex.org/W2469183422
https://openalex.org/W2561004180
https://openalex.org/W2902848855
https://openalex.org/W2941121449
https://openalex.org/W2981502186
https://openalex.org/W2995820217
https://openalex.org/W3011544362
https://openalex.org/W3027755837
https://openalex.org/W3102032768
https://openalex.org/W3103748014
https://openalex.org/W2480819623
https://openalex.org/W3095464252
https://openalex.org/W3105964374
https://openalex.org/W3119793860
https://openalex.org/W3133440212
https://openalex.org/W3160419988
https://openalex.org/W3170077193
https://openalex.org/W3215236688
https://openalex.org/W4200226337
https://openalex.org/W1560412409
https://openalex.org/W2326118832
https://openalex.org/W2435166419
https://openalex.org/W1969779914
https://openalex.org/W4254899779
https://openalex.org/W2172233750
https://openalex.org/W2156401102
https://openalex.org/W2402347353
https://openalex.org/W2071513965
https://openalex.org/W2113998893
https://openalex.org/W2069865652
https://openalex.org/W2329949766
https://openalex.org/W1973288584
https://openalex.org/W2059689359
https://openalex.org/W2150759510
https://openalex.org/W1965138292
https://openalex.org/W2023742368
https://openalex.org/W220403880
https://openalex.org/W1983163800
https://openalex.org/W2005918771
https://openalex.org/W2026431880
https://openalex.org/W2029754908
https://openalex.org/W2096709264
https://openalex.org/W2149999697
https://openalex.org/W2328833494
https://openalex.org/W2789820034
https://openalex.org/W2803869743
https://openalex.org/W3013953549
https://openalex.org/W1983544415
https://openalex.org/W2076304920
https://openalex.org/W2083886306
https://openalex.org/W2131510229
https://openalex.org/W2342222910
https://openalex.org/W2786065583
https://openalex.org/W2903168657
https://openalex.org/W2907571749
https://openalex.org/W2916488027
https://openalex.org/W2917983813
https://openalex.org/W3003218755
https://openalex.org/W3006087991
https://openalex.org/W3023746093
https://openalex.org/W3087662563
https://openalex.org/W3093909567
https://openalex.org/W3095770566
https://openalex.org/W3105338554
https://openalex.org/W4293660333
https://openalex.org/W3129510139
https://openalex.org/W3135075105
https://openalex.org/W3156865429
https://openalex.org/W3196425339
https://openalex.org/W3207473146
https://openalex.org/W3216340488
https://openalex.org/W1502109492
https://openalex.org/W1566783334
https://openalex.org/W4220897573
https://openalex.org/W4224253594
https://openalex.org/W4283017220
https://openalex.org/W4285010220
https://openalex.org/W4288735385
https://openalex.org/W4289711072
https://openalex.org/W4289993013
https://openalex.org/W4291178749
https://openalex.org/W4306870996
https://openalex.org/W4308370245
https://openalex.org/W4309717832
https://openalex.org/W4312197321
https://openalex.org/W2113983216
https://openalex.org/W2013322364
https://openalex.org/W63773967
https://openalex.org/W2047867165
https://openalex.org/W151707301
https://openalex.org/W2030723057
https://openalex.org/W2074798030
https://openalex.org/W51786298
https://openalex.org/W2078032380
https://openalex.org/W2086131127
https://openalex.org/W2165392710
https://openalex.org/W110708216
https://openalex.org/W2033804341
https://openalex.org/W2161286141
https://openalex.org/W2290708630
https://openalex.org/W2042482230
https://openalex.org/W2134008750
https://openalex.org/W2162099148
https://openalex.org/W1577951711
https://openalex.org/W2292822593
https://openalex.org/W2027085154
https://openalex.org/W2132302093
https://openalex.org/W2174461925
https://openalex.org/W2072326451
https://openalex.org/W32734842
https://openalex.org/W2102854430
https://openalex.org/W2140219774
https://openalex.org/W2154425581
https://openalex.org/W2166554737
https://openalex.org/W2233897116
https://openalex.org/W2478121311
https://openalex.org/W2507068510
https://openalex.org/W2521212390
https://openalex.org/W2535739319
https://openalex.org/W2599489676
https://openalex.org/W2735228455
https://openalex.org/W2768790087
https://openalex.org/W2958596074
https://openalex.org/W2996945542
https://openalex.org/W2998589556
https://openalex.org/W3019410039
https://openalex.org/W3035882340
https://openalex.org/W3046759623
https://openalex.org/W3089809925
https://openalex.org/W3100200697
https://openalex.org/W3107316439
https://openalex.org/W4236852442
https://openalex.org/W118131467
https://openalex.org/W2000138122
https://openalex.org/W2402393752
https://openalex.org/W2420319704
https://openalex.org/W51394690
https://openalex.org/W1990823555
https://openalex.org/W2156984339
https://openalex.org/W2319809586
https://openalex.org/W2085013829
https://openalex.org/W1980516164
https://openalex.org/W198109805
https://openalex.org/W2065708286
https://openalex.org/W2122507016
https://openalex.org/W2034773648
https://openalex.org/W2145048034
https://openalex.org/W2378134790
https://openalex.org/W160003342
https://openalex.org/W1984437914
https://openalex.org/W2118450743
https://openalex.org/W232075310
https://openalex.org/W253556936
https://openalex.org/W298376631
https://openalex.org/W420968554
https://openalex.org/W619282023
https://openalex.org/W2001324314
https://openalex.org/W2765551412
https://openalex.org/W2771192580
https://openalex.org/W2795720853
https://openalex.org/W2799467340
https://openalex.org/W2800665529
https://openalex.org/W2808082633
https://openalex.org/W2890350711
https://openalex.org/W2891466454
https://openalex.org/W2904128636
https://openalex.org/W2912123646
https://openalex.org/W2914656447
https://openalex.org/W2917303564
https://openalex.org/W2937169024
https://openalex.org/W2945681201
https://openalex.org/W2978698330
https://openalex.org/W2996088552
https://openalex.org/W148467505
https://openalex.org/W1597917852
https://openalex.org/W2196398793
https://openalex.org/W2337872967
https://openalex.org/W3127626595
https://openalex.org/W3128811081
https://openalex.org/W3135308516
https://openalex.org/W3136503433
https://openalex.org/W3171175027
https://openalex.org/W3174574400
https://openalex.org/W3193588146
https://openalex.org/W3197014581
https://openalex.org/W3198150529
https://openalex.org/W4200222064
https://openalex.org/W4205230755
https://openalex.org/W4297896467
https://openalex.org/W577055294
https://openalex.org/W84926671
https://openalex.org/W202934305
https://openalex.org/W2978724537
https://openalex.org/W2038627253
https://openalex.org/W2039145507
https://openalex.org/W2126154612
https://openalex.org/W2143855542
https://openalex.org/W1976699560
https://openalex.org/W1989872618
https://openalex.org/W2063359928
https://openalex.org/W2139903392
https://openalex.org/W2183462867
https://openalex.org/W2419243614
https://openalex.org/W296147310
https://openalex.org/W2043763444
https://openalex.org/W2411099135
https://openalex.org/W2137685645
https://openalex.org/W3013167338
https://openalex.org/W1989827994
https://openalex.org/W1996812269
https://openalex.org/W4249836066
https://openalex.org/W2077840194
https://openalex.org/W2132057530
https://openalex.org/W10267871
https://openalex.org/W109621862
https://openalex.org/W1965060142
https://openalex.org/W2008905736
https://openalex.org/W2027322020
https://openalex.org/W2036418558
https://openalex.org/W2036467684
https://openalex.org/W2046841028
https://openalex.org/W2098294587
https://openalex.org/W2126903614
https://openalex.org/W2345879087
https://openalex.org/W2400740360
https://openalex.org/W2690229983
https://openalex.org/W2749100054
https://openalex.org/W2755791758
https://openalex.org/W2761898638
https://openalex.org/W2904608829
https://openalex.org/W2907502019
https://openalex.org/W2921768661
https://openalex.org/W2924110439
https://openalex.org/W2965888481
https://openalex.org/W2978929513
https://openalex.org/W2998300527
https://openalex.org/W3005204691
https://openalex.org/W3030047301
https://openalex.org/W3034686135
https://openalex.org/W3046137390
https://openalex.org/W3082129743
https://openalex.org/W3083163468
https://openalex.org/W3083846771
https://openalex.org/W3084216433
https://openalex.org/W3088532315
https://openalex.org/W3110371306
https://openalex.org/W4293659922
https://openalex.org/W4299416166
https://openalex.org/W1792885586
https://openalex.org/W2293797083
https://openalex.org/W2338402841
https://openalex.org/W2541462903
https://openalex.org/W2134983050
https://openalex.org/W3206481798
https://openalex.org/W4210558717
https://openalex.org/W4214480341
https://openalex.org/W4220793715
https://openalex.org/W4223443182
https://openalex.org/W4225010645
https://openalex.org/W4281632028
https://openalex.org/W4281728314
https://openalex.org/W4281773862
https://openalex.org/W4284699579
https://openalex.org/W4284699790
https://openalex.org/W4285588856
https://openalex.org/W4289943500
https://openalex.org/W4290744440
https://openalex.org/W4292829056
https://openalex.org/W4293234104
https://openalex.org/W4293514567
https://openalex.org/W4296281361
https://openalex.org/W4297263887
https://openalex.org/W4310235772
https://openalex.org/W2416250283
https://openalex.org/W1581224471
https://openalex.org/W2060480692
https://openalex.org/W2087899802
https://openalex.org/W2176578630
https://openalex.org/W2402194607
https://openalex.org/W196454296
https://openalex.org/W2013680405
https://openalex.org/W259801642
https://openalex.org/W608000830
https://openalex.org/W1536600975
https://openalex.org/W2040061002
https://openalex.org/W2093314844
https://openalex.org/W2273486042
https://openalex.org/W1989788444
https://openalex.org/W2002352090
https://openalex.org/W2092164226
https://openalex.org/W321943825
https://openalex.org/W4247695049
https://openalex.org/W2409565206
https://openalex.org/W3030610064
https://openalex.org/W2127059893
https://openalex.org/W182152734
https://openalex.org/W2255156460
https://openalex.org/W1875314882
https://openalex.org/W1983888832
https://openalex.org/W1986887754
https://openalex.org/W2010111627
https://openalex.org/W2148207535
https://openalex.org/W2151328688
https://openalex.org/W2899595465
https://openalex.org/W66419464
https://openalex.org/W847654536
https://openalex.org/W1486236082
https://openalex.org/W1900042194
https://openalex.org/W1998170734
https://openalex.org/W2013825198
https://openalex.org/W2029575890
https://openalex.org/W2047749433
https://openalex.org/W2076862868
https://openalex.org/W2410200573
https://openalex.org/W2065101641
https://openalex.org/W2403640162
https://openalex.org/W2418773445
https://openalex.org/W2007838960
https://openalex.org/W2100359802
https://openalex.org/W2225002757
https://openalex.org/W1988231735
https://openalex.org/W2495074635
https://openalex.org/W2054212000
https://openalex.org/W2074769916
https://openalex.org/W2088128508
https://openalex.org/W2408219026
https://openalex.org/W2579994014
https://openalex.org/W2588055559
https://openalex.org/W2790312168
https://openalex.org/W2792872486
https://openalex.org/W2889472401
https://openalex.org/W2901708286
https://openalex.org/W2902646788
https://openalex.org/W2954924064
https://openalex.org/W3000514919
https://openalex.org/W3000749189
https://openalex.org/W3009407785
https://openalex.org/W3034823779
https://openalex.org/W3035851570
https://openalex.org/W3038937478
https://openalex.org/W3045929054
https://openalex.org/W3080499165
https://openalex.org/W3132300837
https://openalex.org/W3170765269
https://openalex.org/W3174943803
https://openalex.org/W3175100809
https://openalex.org/W3180575034
https://openalex.org/W3195821056
https://openalex.org/W3196642163
https://openalex.org/W3197182181
https://openalex.org/W3198089022
https://openalex.org/W3203316540
https://openalex.org/W3205985054
https://openalex.org/W3212855056
https://openalex.org/W3213522658
https://openalex.org/W3214872770
https://openalex.org/W4200509014
https://openalex.org/W4301307539
https://openalex.org/W1917793151
https://openalex.org/W2342390187
https://openalex.org/W2575907824
https://openalex.org/W2022316332
https://openalex.org/W2065170358
https://openalex.org/W2067055826
https://openalex.org/W2113476853
https://openalex.org/W98395514
https://openalex.org/W2007950512
https://openalex.org/W2154552417
https://openalex.org/W1438338296
https://openalex.org/W2034854133
https://openalex.org/W2380829979
https://openalex.org/W1990008992
https://openalex.org/W61137527
https://openalex.org/W1175875051
https://openalex.org/W1558572930
https://openalex.org/W1801338594
https://openalex.org/W1844246429
https://openalex.org/W1908382805
https://openalex.org/W1966246648
https://openalex.org/W1975005852
https://openalex.org/W1975795098
https://openalex.org/W2000174682
https://openalex.org/W2029608123
https://openalex.org/W2061668223
https://openalex.org/W2182572942
https://openalex.org/W2278889380
https://openalex.org/W2334282265
https://openalex.org/W2390755226
https://openalex.org/W4301857693
https://openalex.org/W2317429905
https://openalex.org/W3125655771
https://openalex.org/W4223612864
https://openalex.org/W4313547660
https://openalex.org/W4319081862
https://openalex.org/W4319441277
https://openalex.org/W4319461134
https://openalex.org/W4319590442
https://openalex.org/W4319590552
https://openalex.org/W4319590607
https://openalex.org/W4319590644
https://openalex.org/W4320485158
https://openalex.org/W4320712684
https://openalex.org/W4320717658
https://openalex.org/W4321180773
https://openalex.org/W4360938480
https://openalex.org/W4361199938
https://openalex.org/W4362716292
https://openalex.org/W4372278819
https://openalex.org/W4377564983
https://openalex.org/W4378982448
https://openalex.org/W4380046376
https://openalex.org/W4380420961
https://openalex.org/W4380625195
https://openalex.org/W4381430876
https://openalex.org/W4384499648
https://openalex.org/W4384916159
https://openalex.org/W4385298057
https://openalex.org/W4385304432
https://openalex.org/W4385638906
https://openalex.org/W4385816063
https://openalex.org/W4385816308
https://openalex.org/W4385816427
https://openalex.org/W4385816428
https://openalex.org/W4385816439
https://openalex.org/W4385882046
https://openalex.org/W4385989456
https://openalex.org/W4385989556
https://openalex.org/W4385999690
https://openalex.org/W4386219750
https://openalex.org/W4386249951
https://openalex.org/W4386252274
https://openalex.org/W4386289909
https://openalex.org/W4386304533
https://openalex.org/W4386533281
https://openalex.org/W4386763360
https://openalex.org/W4386827658
https://openalex.org/W4387216371
https://openalex.org/W4387410880
https://openalex.org/W4387754276
https://openalex.org/W4387947403
https://openalex.org/W4388142129
https://openalex.org/W4388281236
https://openalex.org/W4388413555
https://openalex.org/W4388490918
https://openalex.org/W4388669096
https://openalex.org/W4388796333
https://openalex.org/W4389231328
https://openalex.org/W4389437837
https://openalex.org/W4389454161
https://openalex.org/W4389455968
https://openalex.org/W4389457684
https://openalex.org/W4389473990
https://openalex.org/W4389491130
https://openalex.org/W4389516472
https://openalex.org/W4390025392
https://openalex.org/W4390595829
https://openalex.org/W4392026762
https://openalex.org/W4396532827
https://openalex.org/W1969506784
https://openalex.org/W1980972511
https://openalex.org/W2023176497
https://openalex.org/W2056893475
https://openalex.org/W2099075361
https://openalex.org/W2145654689
https://openalex.org/W2482123916
https://openalex.org/W4248600131
https://openalex.org/W1591265
https://openalex.org/W2006715431
https://openalex.org/W2026724465
https://openalex.org/W230844374
https://openalex.org/W2901946824
https://openalex.org/W657241606
https://openalex.org/W203430785
https://openalex.org/W2041105713
https://openalex.org/W2047670306
https://openalex.org/W36804978
https://openalex.org/W55844042
https://openalex.org/W2022442744
https://openalex.org/W2116089511
https://openalex.org/W2361599933
https://openalex.org/W26830738
https://openalex.org/W273556538
https://openalex.org/W32844807
https://openalex.org/W1972841231
https://openalex.org/W2004198994
https://openalex.org/W2402238554
https://openalex.org/W2523347429
https://openalex.org/W2599829878
https://openalex.org/W2762108545
https://openalex.org/W2807069671
https://openalex.org/W179172502
https://openalex.org/W1966866259
https://openalex.org/W2016145960
https://openalex.org/W2023269868
https://openalex.org/W2066536617
https://openalex.org/W2080725676
https://openalex.org/W2136930016
https://openalex.org/W2419413380
https://openalex.org/W260521313
https://openalex.org/W1495537779
https://openalex.org/W1987242403
https://openalex.org/W1521696380
https://openalex.org/W2080834360
https://openalex.org/W4246234204
https://openalex.org/W2114132491
https://openalex.org/W2148152938
https://openalex.org/W1505700785
https://openalex.org/W2008730294
https://openalex.org/W234235830
https://openalex.org/W2392410931
https://openalex.org/W2883398444
https://openalex.org/W2885327953
https://openalex.org/W2897758478
https://openalex.org/W2898568791
https://openalex.org/W2936491916
https://openalex.org/W2944702070
https://openalex.org/W2949860745
https://openalex.org/W2982267755
https://openalex.org/W2986609696
https://openalex.org/W2992926164
https://openalex.org/W2995792904
https://openalex.org/W3007299411
https://openalex.org/W3011761097
https://openalex.org/W3088155291
https://openalex.org/W3090243888
https://openalex.org/W3117102651
https://openalex.org/W3121908531
https://openalex.org/W3129151360
https://openalex.org/W3163076658
https://openalex.org/W3163414494
https://openalex.org/W3165806110
https://openalex.org/W3170609914
https://openalex.org/W3176027692
https://openalex.org/W3184081817
https://openalex.org/W3191211383
https://openalex.org/W3198557012
https://openalex.org/W3199180813
https://openalex.org/W3200772400
https://openalex.org/W3211957649
https://openalex.org/W3212020664
https://openalex.org/W4285328479
https://openalex.org/W2291158401
https://openalex.org/W2339745604
https://openalex.org/W2407241266
https://openalex.org/W2428248573
https://openalex.org/W2482155900
https://openalex.org/W2511652177
https://openalex.org/W2945801533
https://openalex.org/W2971443573
https://openalex.org/W4210344342
https://openalex.org/W4220971742
https://openalex.org/W4225113929
https://openalex.org/W4226289661
https://openalex.org/W4229459293
https://openalex.org/W4283204566
https://openalex.org/W4283362946
https://openalex.org/W4285119119
https://openalex.org/W4293205398
https://openalex.org/W4308329544
https://openalex.org/W4311075552
https://openalex.org/W4312195558
https://openalex.org/W4312343721
https://openalex.org/W4318147808
https://openalex.org/W629426042
https://openalex.org/W184904589
https://openalex.org/W1964996529
https://openalex.org/W2007834748
https://openalex.org/W2013758809
https://openalex.org/W2028204897
https://openalex.org/W2028805185
https://openalex.org/W2112939192
https://openalex.org/W2410137357
https://openalex.org/W2413883110
https://openalex.org/W119057035
https://openalex.org/W2015749355
https://openalex.org/W2069641414
https://openalex.org/W231073145
https://openalex.org/W2411084430
https://openalex.org/W3163013096
https://openalex.org/W368366106
https://openalex.org/W87580670
https://openalex.org/W1819558822
https://openalex.org/W1857075100
https://openalex.org/W2081275426
https://openalex.org/W1583245419
https://openalex.org/W1705552784
https://openalex.org/W185544119
https://openalex.org/W2414551725
https://openalex.org/W1498847293
https://openalex.org/W1586641248
https://openalex.org/W1964549651
https://openalex.org/W2013874164
https://openalex.org/W2042629145
https://openalex.org/W2048762300
https://openalex.org/W2057468477
https://openalex.org/W2058791592
https://openalex.org/W2085523313
https://openalex.org/W2091928978
https://openalex.org/W2121487724
https://openalex.org/W2152821155
https://openalex.org/W2222697694
https://openalex.org/W2279625537
https://openalex.org/W2308775744
https://openalex.org/W2324902018
https://openalex.org/W2333985032
https://openalex.org/W2334821046
https://openalex.org/W2337929965
https://openalex.org/W2337962604
https://openalex.org/W2339348743
https://openalex.org/W2411479636
https://openalex.org/W2431879487
https://openalex.org/W2439990309
https://openalex.org/W2467372425
https://openalex.org/W2577894113
https://openalex.org/W2597383178
https://openalex.org/W2597822116
https://openalex.org/W2784806244
https://openalex.org/W4220901106
https://openalex.org/W4220944879
https://openalex.org/W4223546470
https://openalex.org/W4281817224
https://openalex.org/W4285033309
https://openalex.org/W4290721946
https://openalex.org/W4297147001
https://openalex.org/W4299602479
https://openalex.org/W4307493070
https://openalex.org/W4309744294
https://openalex.org/W589534598
https://openalex.org/W33045841
https://openalex.org/W151031096
https://openalex.org/W1585456586
https://openalex.org/W2087503099
https://openalex.org/W2089737750
https://openalex.org/W21289750
https://openalex.org/W1588385077
https://openalex.org/W1602260095
https://openalex.org/W1976281851
https://openalex.org/W2040569541
https://openalex.org/W2159346467
https://openalex.org/W1997540594
https://openalex.org/W2031775260
https://openalex.org/W2155137459
https://openalex.org/W2255789229
https://openalex.org/W2350942569
https://openalex.org/W2360394871
https://openalex.org/W2362380728
https://openalex.org/W2365658412
https://openalex.org/W2753988201
https://openalex.org/W1510931292
https://openalex.org/W1978332818
https://openalex.org/W2036649241
https://openalex.org/W2037310023
https://openalex.org/W2041127255
https://openalex.org/W2093961911
https://openalex.org/W2340844450
https://openalex.org/W2348311219
https://openalex.org/W2364445684
https://openalex.org/W2375700371
https://openalex.org/W2387990125
https://openalex.org/W2397444308
https://openalex.org/W2544331621
https://openalex.org/W2580035218
https://openalex.org/W2608078012
https://openalex.org/W2734545068
https://openalex.org/W2758295842
https://openalex.org/W2763531016
https://openalex.org/W2765640653
https://openalex.org/W2981748530
https://openalex.org/W3136129463
https://openalex.org/W4386146018
https://openalex.org/W1499588333
https://openalex.org/W153018222
https://openalex.org/W2052882629
https://openalex.org/W2149698404
https://openalex.org/W2474479083
https://openalex.org/W2000362308
https://openalex.org/W2442028088
https://openalex.org/W2064995919
https://openalex.org/W2485070912
https://openalex.org/W4246392914
https://openalex.org/W1589140663
https://openalex.org/W1975438368
https://openalex.org/W2061666476
https://openalex.org/W2177775445
https://openalex.org/W2381813121
https://openalex.org/W2412434035
https://openalex.org/W2460503587
https://openalex.org/W2800770679
https://openalex.org/W2804843781
https://openalex.org/W2898885218
https://openalex.org/W3122533328
https://openalex.org/W4250505983
https://openalex.org/W1996084687
https://openalex.org/W2031356566
https://openalex.org/W2051030210
https://openalex.org/W20912238
https://openalex.org/W2419436816
https://openalex.org/W2475859478
https://openalex.org/W2050670020
https://openalex.org/W2137246981
https://openalex.org/W2405410776
https://openalex.org/W1985205785
https://openalex.org/W2105250315
https://openalex.org/W2433123357
https://openalex.org/W1991117195
https://openalex.org/W2351938203
https://openalex.org/W2358572631
https://openalex.org/W2366698400
https://openalex.org/W2381497522
https://openalex.org/W2410724022
https://openalex.org/W2892474773
https://openalex.org/W2940066608
https://openalex.org/W2948721187
https://openalex.org/W2950479223
https://openalex.org/W2952644398
https://openalex.org/W2952950378
https://openalex.org/W2995749664
https://openalex.org/W3025128254
https://openalex.org/W3111840904
https://openalex.org/W3126429822
https://openalex.org/W2056480606
https://openalex.org/W194647840
https://openalex.org/W1971808016
https://openalex.org/W2055884219
https://openalex.org/W2081459720
https://openalex.org/W2086784812
https://openalex.org/W2109198951
https://openalex.org/W2399854163
https://openalex.org/W2415775386
https://openalex.org/W2482606722
https://openalex.org/W1575447270
https://openalex.org/W1579757225
https://openalex.org/W1996183643
https://openalex.org/W2035142291
https://openalex.org/W2037187287
https://openalex.org/W2064818795
https://openalex.org/W2086275613
https://openalex.org/W2090566298
https://openalex.org/W2149546080
https://openalex.org/W2253217393
https://openalex.org/W2413860003
https://openalex.org/W3123883903
https://openalex.org/W39163287
https://openalex.org/W63381786
https://openalex.org/W122123834
https://openalex.org/W2367890221
https://openalex.org/W2442218147
https://openalex.org/W3045713384
https://openalex.org/W3120198660
https://openalex.org/W3129827646
https://openalex.org/W3134854909
https://openalex.org/W3156533649
https://openalex.org/W3157725398
https://openalex.org/W3161245857
https://openalex.org/W3161350683
https://openalex.org/W3180756283
https://openalex.org/W3180859013
https://openalex.org/W3186559546
https://openalex.org/W3187016826
https://openalex.org/W3195020000
https://openalex.org/W3196855281
https://openalex.org/W3201774507
https://openalex.org/W3202537560
https://openalex.org/W3204365244
https://openalex.org/W4240545557
https://openalex.org/W4295133316
https://openalex.org/W957917719
https://openalex.org/W1975029115
https://openalex.org/W1984404837
https://openalex.org/W2318683373
https://openalex.org/W2508235661
https://openalex.org/W1521340254
https://openalex.org/W174208483
https://openalex.org/W211485346
https://openalex.org/W1964593050
https://openalex.org/W1968103006
https://openalex.org/W2053346692
https://openalex.org/W2761517682
https://openalex.org/W1969757088
https://openalex.org/W2042543964
https://openalex.org/W2098909335
https://openalex.org/W2146462718
https://openalex.org/W2329842391
https://openalex.org/W2417041520
https://openalex.org/W2993717108
https://openalex.org/W4243580430
https://openalex.org/W51779155
https://openalex.org/W11274420
https://openalex.org/W117110105
https://openalex.org/W1579882663
https://openalex.org/W2032624926
https://openalex.org/W2039306417
https://openalex.org/W2076735103
https://openalex.org/W2093327579
https://openalex.org/W2240435754
https://openalex.org/W2410350178
https://openalex.org/W2466801726
https://openalex.org/W2552598449
https://openalex.org/W2605457605
https://openalex.org/W2810981721
https://openalex.org/W3089563538
https://openalex.org/W3090050855
https://openalex.org/W3090647998
https://openalex.org/W4237737169
https://openalex.org/W4380590430
https://openalex.org/W1586157653
https://openalex.org/W1974202041
https://openalex.org/W2067371465
https://openalex.org/W2091336725
https://openalex.org/W2155345417
https://openalex.org/W2403576369
https://openalex.org/W2404999086
https://openalex.org/W2406386651
https://openalex.org/W565462704
https://openalex.org/W628359515
https://openalex.org/W85584702
https://openalex.org/W1559533887
https://openalex.org/W2019487681
https://openalex.org/W2025464861
https://openalex.org/W2027549204
https://openalex.org/W2063129502
https://openalex.org/W2185903209
https://openalex.org/W1194487344
https://openalex.org/W128637198
https://openalex.org/W1489663263
https://openalex.org/W1526361547
https://openalex.org/W1549251736
https://openalex.org/W1550572265
https://openalex.org/W1575269694
https://openalex.org/W1880056239
https://openalex.org/W1972284851
https://openalex.org/W2011145919
https://openalex.org/W2062054125
https://openalex.org/W2076311099
https://openalex.org/W2130771856
https://openalex.org/W2197278298
https://openalex.org/W2227627194
https://openalex.org/W2230796955
https://openalex.org/W2254663006
https://openalex.org/W2259826403
https://openalex.org/W2260144895
https://openalex.org/W2260853874
https://openalex.org/W2263792605
https://openalex.org/W2267586628
https://openalex.org/W2286237784
https://openalex.org/W2289443892
https://openalex.org/W2294003697
https://openalex.org/W2301078134
https://openalex.org/W2316575523
https://openalex.org/W2321710098
https://openalex.org/W2323546786
https://openalex.org/W2324831723
https://openalex.org/W2325172519
https://openalex.org/W2325940398
https://openalex.org/W2345471539
https://openalex.org/W2360067241
https://openalex.org/W2372185471
https://openalex.org/W2394663626
https://openalex.org/W2398291743
https://openalex.org/W2403711008
https://openalex.org/W2460639138
https://openalex.org/W2490529310
https://openalex.org/W2500317846
https://openalex.org/W2504087085
https://openalex.org/W2507824970
https://openalex.org/W2516440312
https://openalex.org/W2519314750
https://openalex.org/W2534796262
https://openalex.org/W2564882058
https://openalex.org/W2588897167
https://openalex.org/W2592026876
https://openalex.org/W2593296214
https://openalex.org/W2597556428
https://openalex.org/W2606300719
https://openalex.org/W2613425529
https://openalex.org/W2742377520
https://openalex.org/W2743014515
https://openalex.org/W2746237191
https://openalex.org/W2747245966
https://openalex.org/W2747816072
https://openalex.org/W2747890136
https://openalex.org/W2748043422
https://openalex.org/W2748341932
https://openalex.org/W2748685414
https://openalex.org/W2750133519
https://openalex.org/W2751091443
https://openalex.org/W2751498283
https://openalex.org/W2751874447
https://openalex.org/W2756245278
https://openalex.org/W2804198217
https://openalex.org/W2914216975
https://openalex.org/W2942368684
https://openalex.org/W2946542243
https://openalex.org/W2991911040
https://openalex.org/W2992519679
https://openalex.org/W3029245833
https://openalex.org/W3030184635
https://openalex.org/W3030916992
https://openalex.org/W3031027920
https://openalex.org/W3031756413
https://openalex.org/W3032250034
https://openalex.org/W3035456250
https://openalex.org/W3048893746
https://openalex.org/W3107980540
https://openalex.org/W3122014338
https://openalex.org/W3175519431
https://openalex.org/W3209842914
https://openalex.org/W4243380786
https://openalex.org/W4249454903
https://openalex.org/W4250893357
https://openalex.org/W4253977675
https://openalex.org/W4297930231
https://openalex.org/W4298190726
https://openalex.org/W4300012534
https://openalex.org/W4301907945
https://openalex.org/W595274685
https://openalex.org/W1572531237
https://openalex.org/W2000993513
https://openalex.org/W2070325045
https://openalex.org/W2078809531
https://openalex.org/W2148189007
https://openalex.org/W2412927034
https://openalex.org/W2422042056
https://openalex.org/W2422775114
https://openalex.org/W819280726
https://openalex.org/W132834386
https://openalex.org/W1840728481
https://openalex.org/W1973413558
https://openalex.org/W2392338899
https://openalex.org/W2420585122
https://openalex.org/W4239129586
https://openalex.org/W1425455894
https://openalex.org/W1507970251
https://openalex.org/W1518179004
https://openalex.org/W1964655939
https://openalex.org/W1996922940
https://openalex.org/W2034887344
https://openalex.org/W2048369439
https://openalex.org/W2060873329
https://openalex.org/W2074612296
https://openalex.org/W2103383978
https://openalex.org/W2124952588
https://openalex.org/W2172246558
https://openalex.org/W2184301838
https://openalex.org/W2266025346
https://openalex.org/W2282736918
https://openalex.org/W2292059311
https://openalex.org/W2317116214
https://openalex.org/W2317633262
https://openalex.org/W2318409659
https://openalex.org/W2319783010
https://openalex.org/W2321249937
https://openalex.org/W2322054436
https://openalex.org/W2324334280
https://openalex.org/W2324431365
https://openalex.org/W2330282353
https://openalex.org/W2330916939
https://openalex.org/W2354813708
https://openalex.org/W235810080
https://openalex.org/W2358969311
https://openalex.org/W2361800367
https://openalex.org/W2364177184
https://openalex.org/W2365180803
https://openalex.org/W2369133848
https://openalex.org/W2375574471
https://openalex.org/W2379943035
https://openalex.org/W2382427987
https://openalex.org/W2382980586
https://openalex.org/W2384527029
https://openalex.org/W2384611306
https://openalex.org/W2400478765
https://openalex.org/W2401871469
https://openalex.org/W2406683520
https://openalex.org/W2410526025
https://openalex.org/W2412172153
https://openalex.org/W2414769594
https://openalex.org/W2414934548
https://openalex.org/W2416035913
https://openalex.org/W2417965929
https://openalex.org/W2462801688
https://openalex.org/W2471353362
https://openalex.org/W2474984526
https://openalex.org/W2493988408
https://openalex.org/W2495540844
https://openalex.org/W2528449763
https://openalex.org/W2552164181
https://openalex.org/W2577310092
https://openalex.org/W2602261822
https://openalex.org/W2603858733
https://openalex.org/W2621136173
https://openalex.org/W2626034477
https://openalex.org/W2745845862
https://openalex.org/W2746057384
https://openalex.org/W2786440601
https://openalex.org/W2786668369
https://openalex.org/W2786810116
https://openalex.org/W2986361835
https://openalex.org/W2988844651
https://openalex.org/W2994225819
https://openalex.org/W2994816070
https://openalex.org/W2999068298
https://openalex.org/W2999081423
https://openalex.org/W2999936916
https://openalex.org/W3028681669
https://openalex.org/W3028742354
https://openalex.org/W3028980150
https://openalex.org/W3030329838
https://openalex.org/W3030846630
https://openalex.org/W3143099228
https://openalex.org/W3161202252
https://openalex.org/W3161454128
https://openalex.org/W3170766930
https://openalex.org/W3174037102
https://openalex.org/W3176136642
https://openalex.org/W3187781834
https://openalex.org/W4250648596
https://openalex.org/W4252864454
https://openalex.org/W4298159890
https://openalex.org/W4301172866
https://openalex.org/W4301621617
https://openalex.org/W4388703999
https://openalex.org/W4392180877
https://openalex.org/W61385261
https://openalex.org/W813825019
https://openalex.org/W843433980
https://openalex.org/W863992778
https://openalex.org/W872434778
https://openalex.org/W930524676
https://openalex.org/W947721823
https://openalex.org/W985749747
https://openalex.org/W2145176751
https://openalex.org/W2416942323
https://openalex.org/W1981076238
https://openalex.org/W1989011096
https://openalex.org/W2062039611
https://openalex.org/W2074545342
https://openalex.org/W2086991451
https://openalex.org/W2319244230
https://openalex.org/W2418399690
https://openalex.org/W2540204172
https://openalex.org/W4214489585
https://openalex.org/W427562181
https://openalex.org/W1226140743
https://openalex.org/W1497996776
https://openalex.org/W1555691268
https://openalex.org/W1612082284
https://openalex.org/W1907053358
https://openalex.org/W1969463128
https://openalex.org/W1997205518
https://openalex.org/W2033804039
https://openalex.org/W2051155597
https://openalex.org/W2093064793
https://openalex.org/W2115874967
https://openalex.org/W2127897519
https://openalex.org/W2272047480
https://openalex.org/W2342998074
https://openalex.org/W2357185634
https://openalex.org/W2369230611
https://openalex.org/W2373993747
https://openalex.org/W2379568126
https://openalex.org/W2382403864
https://openalex.org/W2407816868
https://openalex.org/W2415152751
https://openalex.org/W2416697501
https://openalex.org/W2419615735
https://openalex.org/W2427452897
https://openalex.org/W25109412
https://openalex.org/W2588364013
https://openalex.org/W2598660022
https://openalex.org/W2604583435
https://openalex.org/W2608736937
https://openalex.org/W262486997
https://openalex.org/W2732964856
https://openalex.org/W2740212543
https://openalex.org/W2744326139
https://openalex.org/W2746021420
https://openalex.org/W2746815566
https://openalex.org/W2749238390
https://openalex.org/W2750337181
https://openalex.org/W2754180603
https://openalex.org/W2761775817
https://openalex.org/W2765184889
https://openalex.org/W2765782755
https://openalex.org/W2766839927
https://openalex.org/W2769376564
https://openalex.org/W2774151066
https://openalex.org/W2774616548
https://openalex.org/W2783920550
https://openalex.org/W2795726859
https://openalex.org/W2796213177
https://openalex.org/W2803555179
https://openalex.org/W2903383002
https://openalex.org/W2913888787
https://openalex.org/W2963590789
https://openalex.org/W2969883409
https://openalex.org/W3028641182
https://openalex.org/W3029905517
https://openalex.org/W3030069080
https://openalex.org/W3030696614
https://openalex.org/W3030879156
https://openalex.org/W3031338027
https://openalex.org/W3032265055
https://openalex.org/W3048453998
https://openalex.org/W3112047010
https://openalex.org/W3112871938
https://openalex.org/W3127066497
https://openalex.org/W3127512835
https://openalex.org/W3174608207
https://openalex.org/W3182678838
https://openalex.org/W4250860426
https://openalex.org/W4251201688
https://openalex.org/W4298357512
https://openalex.org/W4300187157
https://openalex.org/W4386129822
https://openalex.org/W4386145919
https://openalex.org/W4389447888
https://openalex.org/W4389840726
https://openalex.org/W4392673182
https://openalex.org/W604994734
https://openalex.org/W956686982
https://openalex.org/W1596718676
https://openalex.org/W2073440235
https://openalex.org/W2169258561
https://openalex.org/W2397828864
https://openalex.org/W2428219229
https://openalex.org/W32300631
https://openalex.org/W1017108885
https://openalex.org/W133887798
https://openalex.org/W134932161
https://openalex.org/W1965187399
https://openalex.org/W2005575299
https://openalex.org/W2006250163
https://openalex.org/W2044605791
https://openalex.org/W2065373491
https://openalex.org/W2066305585
https://openalex.org/W2151980568
https://openalex.org/W2173901196
https://openalex.org/W2186421589
https://openalex.org/W2266777376
https://openalex.org/W2292311105
https://openalex.org/W2295158598
https://openalex.org/W2324675725
https://openalex.org/W2339998926
https://openalex.org/W2347548337
https://openalex.org/W2348296569
https://openalex.org/W2351670463
https://openalex.org/W2358729614
https://openalex.org/W2364489559
https://openalex.org/W2368982917
https://openalex.org/W2369685358
https://openalex.org/W2370373673
https://openalex.org/W2372765556
https://openalex.org/W2374538371
https://openalex.org/W2375359104
https://openalex.org/W2377574562
https://openalex.org/W2384071373
https://openalex.org/W2388012359
https://openalex.org/W2388750387
https://openalex.org/W2390344207
https://openalex.org/W2392602892
https://openalex.org/W2402542387
https://openalex.org/W2417911978
https://openalex.org/W242041605
https://openalex.org/W2440231663
https://openalex.org/W2469983310
https://openalex.org/W2470283188
https://openalex.org/W2514460209
https://openalex.org/W2530341650
https://openalex.org/W2536199206
https://openalex.org/W2545997220
https://openalex.org/W2755861910
https://openalex.org/W2994375642
https://openalex.org/W3029312519
https://openalex.org/W3029822296
https://openalex.org/W3029871908
https://openalex.org/W3030922505
https://openalex.org/W3031756848
https://openalex.org/W3032086651
https://openalex.org/W3032291544
https://openalex.org/W3034767541
https://openalex.org/W3207484930
https://openalex.org/W3209219211
https://openalex.org/W4213089898
https://openalex.org/W4213341283
https://openalex.org/W4214927029
https://openalex.org/W4220880140
https://openalex.org/W4221051691
https://openalex.org/W4224823374
https://openalex.org/W4225105462
https://openalex.org/W4225384094
https://openalex.org/W4226069790
https://openalex.org/W4229052594
https://openalex.org/W4250574711
https://openalex.org/W4253382239
https://openalex.org/W4256092117
https://openalex.org/W4280530495
https://openalex.org/W4280598391
https://openalex.org/W4283580707
https://openalex.org/W4283659529
https://openalex.org/W4283734229
https://openalex.org/W4283742372
https://openalex.org/W4283818248
https://openalex.org/W4288055786
https://openalex.org/W4288055797
https://openalex.org/W4291295708
https://openalex.org/W4291295924
https://openalex.org/W4291295966
https://openalex.org/W4297229565
https://openalex.org/W4301960231
https://openalex.org/W4302011283
https://openalex.org/W4302283373
https://openalex.org/W4306249261
https://openalex.org/W4307713686
https://openalex.org/W4310529591
https://openalex.org/W4311451167
https://openalex.org/W4311461308
https://openalex.org/W4312081758
https://openalex.org/W4312271262
https://openalex.org/W4312285771
https://openalex.org/W4312622888
https://openalex.org/W4312979241
https://openalex.org/W4313184085
https://openalex.org/W4313231827
https://openalex.org/W4366960056
https://openalex.org/W4380793774
https://openalex.org/W4382502896
https://openalex.org/W4394212754
https://openalex.org/W4394338306
https://openalex.org/W820700599
https://openalex.org/W1899334466
https://openalex.org/W2088322472
https://openalex.org/W219036085
https://openalex.org/W2342054690
https://openalex.org/W2410014110
https://openalex.org/W2413661424
https://openalex.org/W2470683956
https://openalex.org/W2478226764
https://openalex.org/W2774743910
https://openalex.org/W30494965
https://openalex.org/W352185613
https://openalex.org/W4239073497
https://openalex.org/W42778337
https://openalex.org/W1004140854
https://openalex.org/W1120981870
https://openalex.org/W1131306632
https://openalex.org/W120597544
https://openalex.org/W1556127091
https://openalex.org/W165937325
https://openalex.org/W1982325358
https://openalex.org/W2015323631
https://openalex.org/W2037710088
https://openalex.org/W2060276341
https://openalex.org/W2060860649
https://openalex.org/W2115777117
https://openalex.org/W2184030296
https://openalex.org/W2226681130
https://openalex.org/W2253147665
https://openalex.org/W2278095789
https://openalex.org/W2329303164
https://openalex.org/W2341638103
https://openalex.org/W2349257244
https://openalex.org/W2353411624
https://openalex.org/W2355243157
https://openalex.org/W2356909360
https://openalex.org/W2363210833
https://openalex.org/W2363728564
https://openalex.org/W2369274141
https://openalex.org/W2375545595
https://openalex.org/W2385646112
https://openalex.org/W2412423784
https://openalex.org/W2414138934
https://openalex.org/W2437648500
https://openalex.org/W2466059163
https://openalex.org/W2521332462
https://openalex.org/W2543247296
https://openalex.org/W2792005025
https://openalex.org/W2792109596
https://openalex.org/W2799785113
https://openalex.org/W2800990091
https://openalex.org/W2808856427
https://openalex.org/W2902524762
https://openalex.org/W2914452405
https://openalex.org/W2916414130
https://openalex.org/W2917597916
https://openalex.org/W2921017241
https://openalex.org/W2936156916
https://openalex.org/W2941779324
https://openalex.org/W2947279679
https://openalex.org/W2947499288
https://openalex.org/W2951596566
https://openalex.org/W2952042388
https://openalex.org/W2957955405
https://openalex.org/W2966578953
https://openalex.org/W2968917686
https://openalex.org/W2973259051
https://openalex.org/W2981024401
https://openalex.org/W2994652917
https://openalex.org/W2995722262
https://openalex.org/W2996643406
https://openalex.org/W3005721937
https://openalex.org/W3006853740
https://openalex.org/W3008827736
https://openalex.org/W3009373466
https://openalex.org/W3025041717
https://openalex.org/W3031535906
https://openalex.org/W3032460750
https://openalex.org/W3045413110
https://openalex.org/W3046016987
https://openalex.org/W3048783734
https://openalex.org/W3093515579
https://openalex.org/W3093753180
https://openalex.org/W3094380678
https://openalex.org/W3102802526
https://openalex.org/W3104735692
https://openalex.org/W3163196943
https://openalex.org/W3172987285
https://openalex.org/W3178650561
https://openalex.org/W3180934383
https://openalex.org/W3183924960
https://openalex.org/W4206807727
https://openalex.org/W4236026941
https://openalex.org/W4237238466
https://openalex.org/W4237386600
https://openalex.org/W4299540411
https://openalex.org/W4382446506
https://openalex.org/W4386137870
https://openalex.org/W4394115776
https://openalex.org/W4394139291
https://openalex.org/W4394150815
https://openalex.org/W4394349601
https://openalex.org/W4394381947
https://openalex.org/W4394405593
https://openalex.org/W4394422574
https://openalex.org/W4394426119
https://openalex.org/W4394438133
https://openalex.org/W4394510727
https://openalex.org/W90489137
https://openalex.org/W993166378
https://openalex.org/W1495594075
https://openalex.org/W1980319364
https://openalex.org/W2025252909
https://openalex.org/W2034197401
https://openalex.org/W2080842819
https://openalex.org/W2112234143
https://openalex.org/W2116465120
https://openalex.org/W2181268283
https://openalex.org/W2409011610
https://openalex.org/W2413895757
https://openalex.org/W2417411270
https://openalex.org/W2419189690
https://openalex.org/W2419383853
https://openalex.org/W2429344333
https://openalex.org/W2460208000
https://openalex.org/W2489872584
https://openalex.org/W344722661
https://openalex.org/W4248861560
https://openalex.org/W592239772
https://openalex.org/W998332504
https://openalex.org/W1035841017
https://openalex.org/W1124425351
https://openalex.org/W1138730844
https://openalex.org/W1179118341
https://openalex.org/W1424434463
https://openalex.org/W1513455199
https://openalex.org/W1969990436
https://openalex.org/W1974571643
https://openalex.org/W1981563161
https://openalex.org/W1981985233
https://openalex.org/W1994931651
https://openalex.org/W1996581822
https://openalex.org/W2013065901
https://openalex.org/W2014196203
https://openalex.org/W2014928874
https://openalex.org/W2025129885
https://openalex.org/W2033851477
https://openalex.org/W2035655426
https://openalex.org/W2046060611
https://openalex.org/W2054609448
https://openalex.org/W2158894131
https://openalex.org/W2224876712
https://openalex.org/W2243582563
https://openalex.org/W2248435238
https://openalex.org/W2356621097
https://openalex.org/W2369931186
https://openalex.org/W2375869234
https://openalex.org/W2383431419
https://openalex.org/W2385757335
https://openalex.org/W2430730544
https://openalex.org/W2529247732
https://openalex.org/W2529306971
https://openalex.org/W2587180548
https://openalex.org/W2613742297
https://openalex.org/W2728896830
https://openalex.org/W2768891185
https://openalex.org/W2993709992
https://openalex.org/W3004992291
https://openalex.org/W3038731770
https://openalex.org/W3046126398
https://openalex.org/W3070224943
https://openalex.org/W3081103565
https://openalex.org/W3089830098
https://openalex.org/W3090292580
https://openalex.org/W3090344972
https://openalex.org/W3091851046
https://openalex.org/W3097409450
https://openalex.org/W3099331218
https://openalex.org/W3105408197
https://openalex.org/W3108162162
https://openalex.org/W3108207617
https://openalex.org/W3110776410
https://openalex.org/W3112017187
https://openalex.org/W3113381212
https://openalex.org/W3117199672
https://openalex.org/W3128450723
https://openalex.org/W3145568995
https://openalex.org/W3149930413
https://openalex.org/W3161512497
https://openalex.org/W3162841696
https://openalex.org/W3174732713
https://openalex.org/W3180992366
https://openalex.org/W3190998520
https://openalex.org/W4205468331
https://openalex.org/W4210626688
https://openalex.org/W4212833597
https://openalex.org/W4213021196
https://openalex.org/W4235202000
https://openalex.org/W4236300763
https://openalex.org/W4242762299
https://openalex.org/W4244058980
https://openalex.org/W4245258938
https://openalex.org/W4249826148
https://openalex.org/W4250207226
https://openalex.org/W4251101709
https://openalex.org/W4252998708
https://openalex.org/W4389460732
https://openalex.org/W4394147410
https://openalex.org/W4394222125
https://openalex.org/W82500053
https://openalex.org/W8930798
https://openalex.org/W2410259067
https://openalex.org/W1167255685
https://openalex.org/W1190971084
https://openalex.org/W1558200570
https://openalex.org/W1972949561
https://openalex.org/W1973597596
https://openalex.org/W1982242961
https://openalex.org/W1983028907
https://openalex.org/W1986645998
https://openalex.org/W1995042791
https://openalex.org/W1998164964
https://openalex.org/W2002435756
https://openalex.org/W2007748389
https://openalex.org/W2023534081
https://openalex.org/W2042044357
https://openalex.org/W2046483854
https://openalex.org/W2067151825
https://openalex.org/W2105178734
https://openalex.org/W2159806551
https://openalex.org/W2332049644
https://openalex.org/W2339767428
https://openalex.org/W2350260159
https://openalex.org/W2352008819
https://openalex.org/W2358862220
https://openalex.org/W2364222847
https://openalex.org/W2367579165
https://openalex.org/W2391385588
https://openalex.org/W2391791245
https://openalex.org/W2412198797
https://openalex.org/W2439763784
https://openalex.org/W2440813638
https://openalex.org/W2472018971
https://openalex.org/W2510056818
https://openalex.org/W2586063459
https://openalex.org/W2589508369
https://openalex.org/W2735603311
https://openalex.org/W2768990841
https://openalex.org/W3157564332
https://openalex.org/W322655483
https://openalex.org/W4389283210
https://openalex.org/W945348859
https://openalex.org/W1519175507
https://openalex.org/W1543469047
https://openalex.org/W1553273851
https://openalex.org/W1586637112
https://openalex.org/W1601532508
https://openalex.org/W1806793053
https://openalex.org/W1978864572
https://openalex.org/W2027535250
https://openalex.org/W2034051817
https://openalex.org/W2035153032
https://openalex.org/W2067457814
https://openalex.org/W2131325498
https://openalex.org/W2136951526
https://openalex.org/W2315532044
https://openalex.org/W2349583149
https://openalex.org/W2357246681
https://openalex.org/W2408270376
https://openalex.org/W2408864278
https://openalex.org/W2413028092
https://openalex.org/W2414332548
https://openalex.org/W2416442824
https://openalex.org/W2418776828
https://openalex.org/W2419106507
https://openalex.org/W2425814188
https://openalex.org/W2462326290
https://openalex.org/W248874310
https://openalex.org/W2741695084
https://openalex.org/W3126373520
https://openalex.org/W3126656014
https://openalex.org/W3127066377
https://openalex.org/W3137890710
https://openalex.org/W3160961994
https://openalex.org/W3162308053
https://openalex.org/W3165703097
https://openalex.org/W3165990793
https://openalex.org/W3174079959
https://openalex.org/W3176564233
https://openalex.org/W3177530840
https://openalex.org/W3178762471
https://openalex.org/W3180035181
https://openalex.org/W3180382549
https://openalex.org/W3180879923
https://openalex.org/W3181178328
https://openalex.org/W3193422491
https://openalex.org/W3196365327
https://openalex.org/W3196387389
https://openalex.org/W3196895855
https://openalex.org/W3199231586
https://openalex.org/W3200618816
https://openalex.org/W3200987821
https://openalex.org/W3201286401
https://openalex.org/W3207519720
https://openalex.org/W3213222222
https://openalex.org/W3216182689
https://openalex.org/W3217521223
https://openalex.org/W3217777409
https://openalex.org/W4225473800
https://openalex.org/W4226549678
https://openalex.org/W4232660095
https://openalex.org/W4250668917
https://openalex.org/W4255140382
https://openalex.org/W4287080271
https://openalex.org/W4287110328
https://openalex.org/W4299806244
https://openalex.org/W4300880791
https://openalex.org/W4301351542
https://openalex.org/W4313905761
https://openalex.org/W4389449873
https://openalex.org/W4394292296
https://openalex.org/W4394384016
https://openalex.org/W76156109
https://openalex.org/W1014701681
https://openalex.org/W1039213629
https://openalex.org/W1964902035
https://openalex.org/W1965563901
https://openalex.org/W2062469052
https://openalex.org/W2068846432
https://openalex.org/W2085542137
https://openalex.org/W2104205781
https://openalex.org/W2106114534
https://openalex.org/W2139533442
https://openalex.org/W2147200618
https://openalex.org/W2183658891
https://openalex.org/W2283010257
https://openalex.org/W2314026800
https://openalex.org/W2319219987
https://openalex.org/W2377723264
https://openalex.org/W2385203952
https://openalex.org/W2412374894
https://openalex.org/W2460841918
https://openalex.org/W2465668101
https://openalex.org/W2473512310
https://openalex.org/W2474668951
https://openalex.org/W2504037023
https://openalex.org/W2916986453
https://openalex.org/W344047578
https://openalex.org/W4230625718
https://openalex.org/W4233757256
https://openalex.org/W4239754023
https://openalex.org/W4254585468
https://openalex.org/W4300675772
https://openalex.org/W4318672581
https://openalex.org/W989851894
https://openalex.org/W1599396325
https://openalex.org/W1947562642
https://openalex.org/W2014296153
https://openalex.org/W2015512874
https://openalex.org/W2040733711
https://openalex.org/W2407826456
https://openalex.org/W2409574976
https://openalex.org/W2460471576
https://openalex.org/W3157387074
https://openalex.org/W1577603662
https://openalex.org/W1600472109
https://openalex.org/W197638342
https://openalex.org/W2062488210
https://openalex.org/W2070883414
https://openalex.org/W2083832572
https://openalex.org/W2110837090
https://openalex.org/W2188655445
https://openalex.org/W2232532387
https://openalex.org/W2355143721
https://openalex.org/W2360913211
https://openalex.org/W2381570460
https://openalex.org/W2393184062
https://openalex.org/W2395669854
https://openalex.org/W2397232178
https://openalex.org/W2397591655
https://openalex.org/W2398416024
https://openalex.org/W2410203924
https://openalex.org/W2418332321
https://openalex.org/W2418834414
https://openalex.org/W244145268
https://openalex.org/W2471399428
https://openalex.org/W2530435915
https://openalex.org/W2578148376
https://openalex.org/W2626598324
https://openalex.org/W2796307259
https://openalex.org/W351478360
https://openalex.org/W4239536176
https://openalex.org/W4240417485
https://openalex.org/W4246027817
https://openalex.org/W4253936264
https://openalex.org/W4255431957
https://openalex.org/W4324260620
https://openalex.org/W4384807925
https://openalex.org/W53739551
https://openalex.org/W565604188
https://openalex.org/W105128152
https://openalex.org/W13530097
https://openalex.org/W1483570653
https://openalex.org/W1489131594
https://openalex.org/W1491593109
https://openalex.org/W1590193436
https://openalex.org/W1990705328
https://openalex.org/W2002797817
https://openalex.org/W2008161762
https://openalex.org/W2010785648
https://openalex.org/W2011245903
https://openalex.org/W2019542917
https://openalex.org/W2021855266
https://openalex.org/W2026109630
https://openalex.org/W2042394148
https://openalex.org/W2048220788
https://openalex.org/W2049931093
https://openalex.org/W2067702452
https://openalex.org/W2083483188
https://openalex.org/W2090409708
https://openalex.org/W2090459120
https://openalex.org/W2099784595
https://openalex.org/W2125286146
https://openalex.org/W2174152867
https://openalex.org/W2175248668
https://openalex.org/W2217969417
https://openalex.org/W2241052233
https://openalex.org/W2283660294
https://openalex.org/W2342991725
https://openalex.org/W2400750087
https://openalex.org/W2413264501
https://openalex.org/W2424912118
https://openalex.org/W2465702378
https://openalex.org/W2472153732
https://openalex.org/W2481364962
https://openalex.org/W2486861160
https://openalex.org/W2491698184
https://openalex.org/W2496513902
https://openalex.org/W2498445615
https://openalex.org/W2502967265
https://openalex.org/W2508261793
https://openalex.org/W2612164641
https://openalex.org/W2912464369
https://openalex.org/W3096094594
https://openalex.org/W3098645750
https://openalex.org/W3161792844
https://openalex.org/W3163768854
https://openalex.org/W4212985873
https://openalex.org/W4230161792
https://openalex.org/W4231984810
https://openalex.org/W4243878426
https://openalex.org/W4246431706
https://openalex.org/W4249997168
https://openalex.org/W4390042064
https://openalex.org/W486204421
https://openalex.org/W69429828
https://openalex.org/W780556147
https://openalex.org/W1581568133
https://openalex.org/W1591668376
https://openalex.org/W1599064459
https://openalex.org/W1963858407
https://openalex.org/W2010370618
https://openalex.org/W2020342393
https://openalex.org/W216208759
https://openalex.org/W2222227658
https://openalex.org/W2253480525
https://openalex.org/W2261057111
https://openalex.org/W2395101182
https://openalex.org/W2399290773
https://openalex.org/W2400713157
https://openalex.org/W2405152194
https://openalex.org/W2409453312
https://openalex.org/W2410989533
https://openalex.org/W2411549012
https://openalex.org/W2413793519
https://openalex.org/W2416934949
https://openalex.org/W2417345749
https://openalex.org/W2418247338
https://openalex.org/W2418269510
https://openalex.org/W2434232013
https://openalex.org/W2596288021
https://openalex.org/W270130362
https://openalex.org/W2727726712
https://openalex.org/W3033161333
https://openalex.org/W3107577079
https://openalex.org/W3192135889
https://openalex.org/W385038240
https://openalex.org/W410909772
https://openalex.org/W4230502907
https://openalex.org/W4236185763
https://openalex.org/W4240838953
https://openalex.org/W4242121624
https://openalex.org/W4247900583
https://openalex.org/W4302491440
https://openalex.org/W586854162
https://openalex.org/W589381707
https://openalex.org/W1002637087
https://openalex.org/W101622171
https://openalex.org/W103566576
https://openalex.org/W13622949
https://openalex.org/W1531708035
https://openalex.org/W1532665138
https://openalex.org/W1568124151
https://openalex.org/W1596427873
https://openalex.org/W1629022017
https://openalex.org/W1988300559
https://openalex.org/W1993597355
https://openalex.org/W1994178278
https://openalex.org/W2005295216
https://openalex.org/W2011181757
https://openalex.org/W2017188750
https://openalex.org/W2025416354
https://openalex.org/W2029138712
https://openalex.org/W2031994869
https://openalex.org/W2038763672
https://openalex.org/W2039992954
https://openalex.org/W2046315443
https://openalex.org/W2060116755
https://openalex.org/W2060176286
https://openalex.org/W2070869960
https://openalex.org/W2081146087
https://openalex.org/W2085762938
https://openalex.org/W2088449298
https://openalex.org/W2158282080
https://openalex.org/W2240760818
https://openalex.org/W2284495595
https://openalex.org/W2314940316
https://openalex.org/W2318945186
https://openalex.org/W2394638569
https://openalex.org/W2401873907
https://openalex.org/W2404100194
https://openalex.org/W2404306569
https://openalex.org/W2409041504
https://openalex.org/W2409813835
https://openalex.org/W2412672316
https://openalex.org/W2415104624
https://openalex.org/W2416289670
https://openalex.org/W2417341028
https://openalex.org/W2422622032
https://openalex.org/W2422698565
https://openalex.org/W2425053877
https://openalex.org/W2428422816
https://openalex.org/W2428460968
https://openalex.org/W2433205623
https://openalex.org/W2460597941
https://openalex.org/W2471738997
https://openalex.org/W2472710521
https://openalex.org/W2488166372
https://openalex.org/W2497986429
https://openalex.org/W2527468113
https://openalex.org/W2916264297
https://openalex.org/W2953371583
https://openalex.org/W2992082857
https://openalex.org/W2992322357
https://openalex.org/W3025498950
https://openalex.org/W304222770
https://openalex.org/W3045581507
https://openalex.org/W3086317161
https://openalex.org/W332153451
https://openalex.org/W357131867
https://openalex.org/W4233779982
https://openalex.org/W4234110468
https://openalex.org/W4243532908
https://openalex.org/W4244603847
https://openalex.org/W4244885669
https://openalex.org/W4246525026
https://openalex.org/W4252310576
https://openalex.org/W4253810197
https://openalex.org/W4254254352
https://openalex.org/W51939472
https://openalex.org/W581084682
https://openalex.org/W586170310
https://openalex.org/W595911188
https://openalex.org/W82244416
https://openalex.org/W822733747
https://openalex.org/W1977628027
https://openalex.org/W2323785475
https://openalex.org/W2109870736
https://openalex.org/W1998240064
https://openalex.org/W2052607896
https://openalex.org/W2616967758
https://openalex.org/W2328981861
https://openalex.org/W2519917040
https://openalex.org/W2572443119
https://openalex.org/W2771036474
https://openalex.org/W2163283007
https://openalex.org/W2076830784
https://openalex.org/W2158258051
https://openalex.org/W2767306601
https://openalex.org/W2164358915
https://openalex.org/W3048702451
https://openalex.org/W1985372050
https://openalex.org/W3087671007
https://openalex.org/W2416345508
https://openalex.org/W2417653920
https://openalex.org/W2597594797
https://openalex.org/W4210491595
https://openalex.org/W3177078306
https://openalex.org/W2467397297
https://openalex.org/W2029114978
https://openalex.org/W2097849262
https://openalex.org/W2156555817
https://openalex.org/W2039155396
https://openalex.org/W2063199328
https://openalex.org/W1891604713
https://openalex.org/W2081416343
https://openalex.org/W2138088212
https://openalex.org/W2098737758
https://openalex.org/W4246029598
https://openalex.org/W2006373714
https://openalex.org/W2046220821
https://openalex.org/W2117454704
https://openalex.org/W161143260
https://openalex.org/W2112621676
https://openalex.org/W1991824630
https://openalex.org/W2010422711
https://openalex.org/W2159090199
https://openalex.org/W1713097109
https://openalex.org/W1893149856
https://openalex.org/W2038427820
https://openalex.org/W2009722368
https://openalex.org/W2073852177
https://openalex.org/W1998382013
https://openalex.org/W2055887498
https://openalex.org/W2114570367
https://openalex.org/W2027008928
https://openalex.org/W2099234683
https://openalex.org/W2041324196
https://openalex.org/W1985789373
https://openalex.org/W1964478051
https://openalex.org/W2622932773
https://openalex.org/W2799696340
https://openalex.org/W2790342927
https://openalex.org/W2604726630
https://openalex.org/W2155962528
https://openalex.org/W2548511685
https://openalex.org/W2767801811
https://openalex.org/W2211258219
https://openalex.org/W2292710945
https://openalex.org/W2050923622
https://openalex.org/W3044030772
https://openalex.org/W2630017275
https://openalex.org/W2893195495
https://openalex.org/W2950941168
https://openalex.org/W2902614269
https://openalex.org/W3110059117
https://openalex.org/W3119408187
https://openalex.org/W3006612190
https://openalex.org/W3095644147
https://openalex.org/W3139358236
https://openalex.org/W4214826031
https://openalex.org/W4200190209
https://openalex.org/W4213420057
https://openalex.org/W4313908379
https://openalex.org/W4297373170
https://openalex.org/W1982144770
https://openalex.org/W2141574695
https://openalex.org/W2550487184
https://openalex.org/W2125841693
https://openalex.org/W2016170807
https://openalex.org/W2057611314
https://openalex.org/W2169803769
https://openalex.org/W1995519800
https://openalex.org/W2101529720
https://openalex.org/W2097547549
https://openalex.org/W1581996850
https://openalex.org/W2014523922
https://openalex.org/W1977806182
https://openalex.org/W2054988598
https://openalex.org/W2119225252
https://openalex.org/W2037428019
https://openalex.org/W2068397106
https://openalex.org/W2120817086
https://openalex.org/W1998204858
https://openalex.org/W2108267617
https://openalex.org/W2157247388
https://openalex.org/W2037098859
https://openalex.org/W2023941006
https://openalex.org/W2013920071
https://openalex.org/W1487096671
https://openalex.org/W2062733924
https://openalex.org/W1971649337
https://openalex.org/W2469961646
https://openalex.org/W1481955708
https://openalex.org/W2784057849
https://openalex.org/W857980410
https://openalex.org/W2018797572
https://openalex.org/W2790602452
https://openalex.org/W2791858184
https://openalex.org/W2541859010
https://openalex.org/W2581135861
https://openalex.org/W2229947093
https://openalex.org/W2612469375
https://openalex.org/W2951950962
https://openalex.org/W2999965790
https://openalex.org/W3021536877
https://openalex.org/W3165749521
https://openalex.org/W3161022689
https://openalex.org/W4214723042
https://openalex.org/W4221016998
https://openalex.org/W4390401703
https://openalex.org/W1481751671
https://openalex.org/W1997737209
https://openalex.org/W2983032375
https://openalex.org/W1993809284
https://openalex.org/W2014574967
https://openalex.org/W2130457697
https://openalex.org/W1983974889
https://openalex.org/W2162279304
https://openalex.org/W4246069282
https://openalex.org/W1992231908
https://openalex.org/W2032569443
https://openalex.org/W2157990785
https://openalex.org/W2023998987
https://openalex.org/W2018550006
https://openalex.org/W1608298415
https://openalex.org/W1989864855
https://openalex.org/W2008916306
https://openalex.org/W2219245178
https://openalex.org/W2001271283
https://openalex.org/W1982668491
https://openalex.org/W4238094922
https://openalex.org/W2088140807
https://openalex.org/W2098886061
https://openalex.org/W2079404292
https://openalex.org/W2071939220
https://openalex.org/W2136281971
https://openalex.org/W2141103901
https://openalex.org/W2022183465
https://openalex.org/W2094479949
https://openalex.org/W2236356099
https://openalex.org/W1871777936
https://openalex.org/W2212394217
https://openalex.org/W2606954277
https://openalex.org/W2726731258
https://openalex.org/W2802379058
https://openalex.org/W2481871524
https://openalex.org/W2600150431
https://openalex.org/W2606469482
https://openalex.org/W2306729750
https://openalex.org/W2006599325
https://openalex.org/W2910219325
https://openalex.org/W2331944958
https://openalex.org/W2801833575
https://openalex.org/W2944907638
https://openalex.org/W2279672260
https://openalex.org/W2912900913
https://openalex.org/W2888225088
https://openalex.org/W2884179809
https://openalex.org/W3034227408
https://openalex.org/W3093007713
https://openalex.org/W3045183878
https://openalex.org/W3136826343
https://openalex.org/W3180614888
https://openalex.org/W4306174223
https://openalex.org/W4323310041
https://openalex.org/W4368364558
https://openalex.org/W4317778533
https://openalex.org/W4319063595
https://openalex.org/W2025302217
https://openalex.org/W2067531986
https://openalex.org/W2090302970
https://openalex.org/W133231558
https://openalex.org/W1997416666
https://openalex.org/W2096104694
https://openalex.org/W1540286754
https://openalex.org/W2165817371
https://openalex.org/W1988884083
https://openalex.org/W4205375145
https://openalex.org/W2079212795
https://openalex.org/W2035679640
https://openalex.org/W12995195
https://openalex.org/W1532013750
https://openalex.org/W2120894187
https://openalex.org/W2153562862
https://openalex.org/W2104407221
https://openalex.org/W2009040654
https://openalex.org/W1980858251
https://openalex.org/W2088110890
https://openalex.org/W2170830942
https://openalex.org/W2094800098
https://openalex.org/W2048681433
https://openalex.org/W2123985467
https://openalex.org/W1995307947
https://openalex.org/W2164670965
https://openalex.org/W1806871036
https://openalex.org/W1982029738
https://openalex.org/W1967457947
https://openalex.org/W2049739904
https://openalex.org/W1989333286
https://openalex.org/W2077155118
https://openalex.org/W2235218503
https://openalex.org/W2531021017
https://openalex.org/W2068756510
https://openalex.org/W2095207285
https://openalex.org/W2770219500
https://openalex.org/W2287914994
https://openalex.org/W2605939409
https://openalex.org/W2767707796
https://openalex.org/W2897648601
https://openalex.org/W2763704194
https://openalex.org/W3084271209
https://openalex.org/W3033363042
https://openalex.org/W3018879337
https://openalex.org/W3123961481
https://openalex.org/W3137314647
https://openalex.org/W3160281690
https://openalex.org/W3126728510
https://openalex.org/W3133853002
https://openalex.org/W3204287018
https://openalex.org/W4307036531
https://openalex.org/W4220727601
https://openalex.org/W3201516302
https://openalex.org/W4210417186
https://openalex.org/W4284965060
https://openalex.org/W4311400810
https://openalex.org/W4323036179
https://openalex.org/W4323268793
https://openalex.org/W4385419347
https://openalex.org/W2257313085
https://openalex.org/W1992006321
https://openalex.org/W2024639302
https://openalex.org/W2034367432
https://openalex.org/W2142133704
https://openalex.org/W2047371206
https://openalex.org/W2028128399
https://openalex.org/W2155858420
https://openalex.org/W2080459036
https://openalex.org/W2011337044
https://openalex.org/W2045796782
https://openalex.org/W2092240534
https://openalex.org/W2292444051
https://openalex.org/W2018311088
https://openalex.org/W1963818062
https://openalex.org/W2042101621
https://openalex.org/W2091919628
https://openalex.org/W2094046708
https://openalex.org/W2016551167
https://openalex.org/W2156634273
https://openalex.org/W1997420303
https://openalex.org/W2069525176
https://openalex.org/W2079555388
https://openalex.org/W1927553784
https://openalex.org/W2004369603
https://openalex.org/W2014803274
https://openalex.org/W2115703046
https://openalex.org/W2316346246
https://openalex.org/W1491878173
https://openalex.org/W2120511737
https://openalex.org/W2158146339
https://openalex.org/W2551321380
https://openalex.org/W2790866503
https://openalex.org/W2157381494
https://openalex.org/W2783222022
https://openalex.org/W2731638370
https://openalex.org/W2744884288
https://openalex.org/W2747535620
https://openalex.org/W2771907013
https://openalex.org/W2317005912
https://openalex.org/W2336106248
https://openalex.org/W2839401095
https://openalex.org/W2902867923
https://openalex.org/W2939682186
https://openalex.org/W2966907337
https://openalex.org/W2910972884
https://openalex.org/W3009899890
https://openalex.org/W3090163993
https://openalex.org/W2997886940
https://openalex.org/W3123302989
https://openalex.org/W3135131086
https://openalex.org/W3200284464
https://openalex.org/W3126801319
https://openalex.org/W3194565741
https://openalex.org/W4220836928
https://openalex.org/W4281611658
https://openalex.org/W4282929412
https://openalex.org/W4285735735
https://openalex.org/W4303616271
https://openalex.org/W4379618670
https://openalex.org/W1975986750
https://openalex.org/W1976723174
https://openalex.org/W2061070387
https://openalex.org/W4300714930
https://openalex.org/W2092410424
https://openalex.org/W2065844463
https://openalex.org/W2049061213
https://openalex.org/W2105587431
https://openalex.org/W2138740695
https://openalex.org/W2007968444
https://openalex.org/W4248568901
https://openalex.org/W2041557174
https://openalex.org/W2053107420
https://openalex.org/W2281489713
https://openalex.org/W2034210246
https://openalex.org/W2060044844
https://openalex.org/W2018844010
https://openalex.org/W2102635318
https://openalex.org/W2158146640
https://openalex.org/W1986622470
https://openalex.org/W2001861021
https://openalex.org/W2059552759
https://openalex.org/W2072008636
https://openalex.org/W2620634247
https://openalex.org/W2951379314
https://openalex.org/W2587770082
https://openalex.org/W2590010371
https://openalex.org/W2177480313
https://openalex.org/W2524612188
https://openalex.org/W2761721047
https://openalex.org/W2914661762
https://openalex.org/W2922015869
https://openalex.org/W2938589151
https://openalex.org/W2967377552
https://openalex.org/W2341444720
https://openalex.org/W2940457997
https://openalex.org/W3006439426
https://openalex.org/W3022131389
https://openalex.org/W3030723983
https://openalex.org/W3091432157
https://openalex.org/W3213584961
https://openalex.org/W3126999112
https://openalex.org/W4214886688
https://openalex.org/W4281653987
https://openalex.org/W4283384714
https://openalex.org/W4324129429
https://openalex.org/W4361282610
https://openalex.org/W1840045447
https://openalex.org/W73293566
https://openalex.org/W1817922449
https://openalex.org/W1987156320
https://openalex.org/W1963929553
https://openalex.org/W2108100480
https://openalex.org/W2045585355
https://openalex.org/W2154831907
https://openalex.org/W1982053418
https://openalex.org/W2152510091
https://openalex.org/W2094238197
https://openalex.org/W2054559540
https://openalex.org/W2090864564
https://openalex.org/W2041997662
https://openalex.org/W2035032989
https://openalex.org/W1585792872
https://openalex.org/W2023165542
https://openalex.org/W2106161388
https://openalex.org/W2076974682
https://openalex.org/W2104111780
https://openalex.org/W2110159849
https://openalex.org/W2014703415
https://openalex.org/W2029662596
https://openalex.org/W2169483762
https://openalex.org/W2190579934
https://openalex.org/W2284802386
https://openalex.org/W2298728958
https://openalex.org/W2512925528
https://openalex.org/W2754424078
https://openalex.org/W1480128616
https://openalex.org/W2768763648
https://openalex.org/W2488111458
https://openalex.org/W3017656063
https://openalex.org/W3000571297
https://openalex.org/W3034904921
https://openalex.org/W3085886472
https://openalex.org/W2992660412
https://openalex.org/W3008332372
https://openalex.org/W3123247842
https://openalex.org/W4205144749
https://openalex.org/W3169470361
https://openalex.org/W3202683765
https://openalex.org/W4205300678
https://openalex.org/W4210877701
https://openalex.org/W4220989664
https://openalex.org/W4281687897
https://openalex.org/W4285128758
https://openalex.org/W4293770095
https://openalex.org/W4306181018
https://openalex.org/W4388240745
https://openalex.org/W4389483031
https://openalex.org/W4390120448
https://openalex.org/W4391168924
https://openalex.org/W4391239810
https://openalex.org/W4391345381
https://openalex.org/W4391431920
https://openalex.org/W4391534583
https://openalex.org/W4391544781
https://openalex.org/W4391592393
https://openalex.org/W4391678495
https://openalex.org/W4391683545
https://openalex.org/W4391889725
https://openalex.org/W4391908576
https://openalex.org/W4391923636
https://openalex.org/W4392014795
https://openalex.org/W4392144009
https://openalex.org/W4392285831
https://openalex.org/W4392593861
https://openalex.org/W4392633879
https://openalex.org/W4392797690
https://openalex.org/W4393010527
https://openalex.org/W4393182363
https://openalex.org/W4393277766
https://openalex.org/W4393332479
https://openalex.org/W4394738987
https://openalex.org/W4394913818
https://openalex.org/W4395010217
https://openalex.org/W4395465712
https://openalex.org/W4395684819
https://openalex.org/W4396536910
https://openalex.org/W2029427410
https://openalex.org/W2411882557
https://openalex.org/W1973444512
https://openalex.org/W2044402050
https://openalex.org/W2106430901
https://openalex.org/W2058857335
https://openalex.org/W2089485360
https://openalex.org/W2193551187
https://openalex.org/W2014627531
https://openalex.org/W2021972744
https://openalex.org/W2020767423
https://openalex.org/W2023314778
https://openalex.org/W2055352910
https://openalex.org/W4245382658
https://openalex.org/W1528450621
https://openalex.org/W1980405222
https://openalex.org/W2042924893
https://openalex.org/W2166078443
https://openalex.org/W2033658032
https://openalex.org/W2072313402
https://openalex.org/W1925622899
https://openalex.org/W2014853017
https://openalex.org/W2061615639
https://openalex.org/W2067450617
https://openalex.org/W1966647871
https://openalex.org/W2036308977
https://openalex.org/W1475814783
https://openalex.org/W2078774810
https://openalex.org/W2094574139
https://openalex.org/W2472968398
https://openalex.org/W2572792853
https://openalex.org/W2293549061
https://openalex.org/W2499341227
https://openalex.org/W2752420284
https://openalex.org/W2810454672
https://openalex.org/W2948791171
https://openalex.org/W2302231738
https://openalex.org/W2493314352
https://openalex.org/W2936599984
https://openalex.org/W2905353465
https://openalex.org/W4321606561
https://openalex.org/W4361247956
https://openalex.org/W4380630838
https://openalex.org/W4381996150
https://openalex.org/W4384775801
https://openalex.org/W4386996585
https://openalex.org/W2092520120
https://openalex.org/W2006843116
https://openalex.org/W2127203872
https://openalex.org/W2209865659
https://openalex.org/W2066136548
https://openalex.org/W2095273442
https://openalex.org/W2099019879
https://openalex.org/W2146008626
https://openalex.org/W2089010620
https://openalex.org/W1994664950
https://openalex.org/W2016527204
https://openalex.org/W2077891892
https://openalex.org/W2082834061
https://openalex.org/W2157125181
https://openalex.org/W23510545
https://openalex.org/W1965572836
https://openalex.org/W2130162263
https://openalex.org/W2024462115
https://openalex.org/W2141777419
https://openalex.org/W2157314000
https://openalex.org/W2312592003
https://openalex.org/W1970941810
https://openalex.org/W1985134047
https://openalex.org/W1993330364
https://openalex.org/W2052618489
https://openalex.org/W2073750369
https://openalex.org/W2132159133
https://openalex.org/W1799369159
https://openalex.org/W1846878276
https://openalex.org/W2077200534
https://openalex.org/W2774474600
https://openalex.org/W2883247498
https://openalex.org/W2889356103
https://openalex.org/W1548002231
https://openalex.org/W1973739765
https://openalex.org/W2036572512
https://openalex.org/W2772950617
https://openalex.org/W2325643684
https://openalex.org/W2473147084
https://openalex.org/W2978485388
https://openalex.org/W2971033466
https://openalex.org/W3169598975
https://openalex.org/W3194718137
https://openalex.org/W4286678127
https://openalex.org/W4287146922
https://openalex.org/W4311962076
https://openalex.org/W326570907
https://openalex.org/W2035501622
https://openalex.org/W2082476976
https://openalex.org/W2003041143
https://openalex.org/W2071916412
https://openalex.org/W1965087557
https://openalex.org/W2088997692
https://openalex.org/W2259918301
https://openalex.org/W2061505999
https://openalex.org/W260326553
https://openalex.org/W2339115580
https://openalex.org/W2340652575
https://openalex.org/W2033045011
https://openalex.org/W2055048941
https://openalex.org/W2324201603
https://openalex.org/W2041002511
https://openalex.org/W1988765089
https://openalex.org/W1969805922
https://openalex.org/W2074039127
https://openalex.org/W1559750950
https://openalex.org/W2004505487
https://openalex.org/W2335006377
https://openalex.org/W1555139881
https://openalex.org/W2418192480
https://openalex.org/W2602888722
https://openalex.org/W2622540955
https://openalex.org/W2807655282
https://openalex.org/W2907191705
https://openalex.org/W1870204899
https://openalex.org/W1992343144
https://openalex.org/W2962919440
https://openalex.org/W2969365645
https://openalex.org/W2298339347
https://openalex.org/W2944908913
https://openalex.org/W2952776413
https://openalex.org/W2961023236
https://openalex.org/W2970674558
https://openalex.org/W3080204357
https://openalex.org/W3116315767
https://openalex.org/W3100465065
https://openalex.org/W3119492230
https://openalex.org/W3127040878
https://openalex.org/W3133312172
https://openalex.org/W3141293919
https://openalex.org/W4206148442
https://openalex.org/W3217304250
https://openalex.org/W4220846732
https://openalex.org/W4224434045
https://openalex.org/W4280602321
https://openalex.org/W4284896321
https://openalex.org/W4307216578
https://openalex.org/W1966423957
https://openalex.org/W2064430332
https://openalex.org/W2044385001
https://openalex.org/W2105090151
https://openalex.org/W1978123818
https://openalex.org/W2019343907
https://openalex.org/W1982498987
https://openalex.org/W1990234468
https://openalex.org/W2043242920
https://openalex.org/W2016736726
https://openalex.org/W2054193368
https://openalex.org/W51543087
https://openalex.org/W1990833582
https://openalex.org/W2072627979
https://openalex.org/W2049770984
https://openalex.org/W2008203970
https://openalex.org/W2040062245
https://openalex.org/W2103709011
https://openalex.org/W1487073361
https://openalex.org/W2028567698
https://openalex.org/W2055174608
https://openalex.org/W2079262780
https://openalex.org/W2117880631
https://openalex.org/W2068398591
https://openalex.org/W2128652365
https://openalex.org/W2165624526
https://openalex.org/W2759805121
https://openalex.org/W1997431569
https://openalex.org/W2153892884
https://openalex.org/W2332849120
https://openalex.org/W2337335141
https://openalex.org/W2724954624
https://openalex.org/W2782528493
https://openalex.org/W2859869636
https://openalex.org/W2921168205
https://openalex.org/W2989823138
https://openalex.org/W2478193676
https://openalex.org/W3009160124
https://openalex.org/W3010981054
https://openalex.org/W2989269799
https://openalex.org/W3003315909
https://openalex.org/W3014109673
https://openalex.org/W3014296117
https://openalex.org/W3120398264
https://openalex.org/W3155996876
https://openalex.org/W3169508523
https://openalex.org/W3172194532
https://openalex.org/W3193597407
https://openalex.org/W638682361
https://openalex.org/W2045833550
https://openalex.org/W2333969277
https://openalex.org/W1565427959
https://openalex.org/W1975335077
https://openalex.org/W2080002880
https://openalex.org/W2083299549
https://openalex.org/W2122195719
https://openalex.org/W1993343919
https://openalex.org/W2011506285
https://openalex.org/W2035319980
https://openalex.org/W2024075411
https://openalex.org/W2036719012
https://openalex.org/W2042274717
https://openalex.org/W2161627484
https://openalex.org/W2247673586
https://openalex.org/W2094780122
https://openalex.org/W2018179105
https://openalex.org/W2029236568
https://openalex.org/W2088321153
https://openalex.org/W2136230186
https://openalex.org/W2158105899
https://openalex.org/W3140259392
https://openalex.org/W2035631414
https://openalex.org/W2327913676
https://openalex.org/W2916556309
https://openalex.org/W2991367680
https://openalex.org/W3017657178
https://openalex.org/W3084201735
https://openalex.org/W3195698449
https://openalex.org/W4207082725
https://openalex.org/W4210471860
https://openalex.org/W4220902274
https://openalex.org/W4221060955
https://openalex.org/W4225922189
https://openalex.org/W4285804002
https://openalex.org/W3126328003
https://openalex.org/W4307721163
https://openalex.org/W4327590146
https://openalex.org/W4380238483
https://openalex.org/W4380290486
https://openalex.org/W4385418734
https://openalex.org/W4386083678
https://openalex.org/W2300579314
https://openalex.org/W1999630343
https://openalex.org/W2032984942
https://openalex.org/W2162565235
https://openalex.org/W1999934645
https://openalex.org/W2037036694
https://openalex.org/W2427812784
https://openalex.org/W2024040435
https://openalex.org/W1984534359
https://openalex.org/W2171881775
https://openalex.org/W2441697906
https://openalex.org/W2016383735
https://openalex.org/W2138468564
https://openalex.org/W2085177631
https://openalex.org/W2128442251
https://openalex.org/W2505609822
https://openalex.org/W2109918841
https://openalex.org/W2035835972
https://openalex.org/W2078907345
https://openalex.org/W2319354453
https://openalex.org/W2601730298
https://openalex.org/W2620230209
https://openalex.org/W2622520388
https://openalex.org/W3096144008
https://openalex.org/W1519690927
https://openalex.org/W1997875339
https://openalex.org/W2094921185
https://openalex.org/W2194697652
https://openalex.org/W2324201731
https://openalex.org/W2492494242
https://openalex.org/W2514203750
https://openalex.org/W2890076404
https://openalex.org/W2897824459
https://openalex.org/W2030024444
https://openalex.org/W2072000366
https://openalex.org/W1975564949
https://openalex.org/W2106967279
https://openalex.org/W2093472280
https://openalex.org/W2053846888
https://openalex.org/W2186036679
https://openalex.org/W2085680303
https://openalex.org/W2147772041
https://openalex.org/W1992792093
https://openalex.org/W1965630028
https://openalex.org/W2116008062
https://openalex.org/W1524064921
https://openalex.org/W2030511546
https://openalex.org/W1543530742
https://openalex.org/W1967228469
https://openalex.org/W1989608022
https://openalex.org/W2036408915
https://openalex.org/W2047911324
https://openalex.org/W2076428853
https://openalex.org/W2095633896
https://openalex.org/W2106088018
https://openalex.org/W2107373603
https://openalex.org/W2188641094
https://openalex.org/W2331099346
https://openalex.org/W2790035351
https://openalex.org/W2793468890
https://openalex.org/W73765920
https://openalex.org/W1511522779
https://openalex.org/W2054666284
https://openalex.org/W2117283530
https://openalex.org/W2312659982
https://openalex.org/W2334324770
https://openalex.org/W2414490856
https://openalex.org/W2564417655
https://openalex.org/W2581131001
https://openalex.org/W2626568540
https://openalex.org/W2936738337
https://openalex.org/W2990638678
https://openalex.org/W3005280789
https://openalex.org/W3033403548
https://openalex.org/W3037250257
https://openalex.org/W3043356023
https://openalex.org/W2295756272
https://openalex.org/W2560076389
https://openalex.org/W3185795195
https://openalex.org/W3199389719
https://openalex.org/W2419654485
https://openalex.org/W2154320311
https://openalex.org/W1986256421
https://openalex.org/W1970241142
https://openalex.org/W1993979871
https://openalex.org/W2065014824
https://openalex.org/W1993004735
https://openalex.org/W2077155271
https://openalex.org/W1964017956
https://openalex.org/W2053673842
https://openalex.org/W2322519485
https://openalex.org/W2031422636
https://openalex.org/W2050132272
https://openalex.org/W2093942384
https://openalex.org/W4242543855
https://openalex.org/W1991744681
https://openalex.org/W2022393817
https://openalex.org/W1995836703
https://openalex.org/W2081281404
https://openalex.org/W2087608119
https://openalex.org/W2092276809
https://openalex.org/W2125339001
https://openalex.org/W2126556596
https://openalex.org/W2138966719
https://openalex.org/W2260598571
https://openalex.org/W2897244733
https://openalex.org/W2900750872
https://openalex.org/W1480909351
https://openalex.org/W2092347899
https://openalex.org/W2565391645
https://openalex.org/W2602513771
https://openalex.org/W2773067206
https://openalex.org/W2920740389
https://openalex.org/W3011080967
https://openalex.org/W3022904869
https://openalex.org/W3101886924
https://openalex.org/W3178279995
https://openalex.org/W3186543331
https://openalex.org/W3206939509
https://openalex.org/W4206724366
https://openalex.org/W4214853393
https://openalex.org/W4220940078
https://openalex.org/W4309345815
https://openalex.org/W4309637390
https://openalex.org/W4313275372
https://openalex.org/W2000519176
https://openalex.org/W2011260432
https://openalex.org/W2079147025
https://openalex.org/W2093357069
https://openalex.org/W2014519473
https://openalex.org/W2421009798
https://openalex.org/W3004294263
https://openalex.org/W1930517493
https://openalex.org/W2091653102
https://openalex.org/W2024171567
https://openalex.org/W1972548840
https://openalex.org/W2046979162
https://openalex.org/W2025605221
https://openalex.org/W2072160402
https://openalex.org/W2169132915
https://openalex.org/W2091013752
https://openalex.org/W2292832708
https://openalex.org/W2790363750
https://openalex.org/W2885656234
https://openalex.org/W2892794094
https://openalex.org/W2898006302
https://openalex.org/W2906036335
https://openalex.org/W1877983918
https://openalex.org/W2056888375
https://openalex.org/W2084735551
https://openalex.org/W2530948693
https://openalex.org/W2553001011
https://openalex.org/W3000044233
https://openalex.org/W3039925851
https://openalex.org/W3081127352
https://openalex.org/W3081445031
https://openalex.org/W4238956041
https://openalex.org/W1246458485
https://openalex.org/W2046995233
https://openalex.org/W2053944881
https://openalex.org/W2145148225
https://openalex.org/W2005910962
https://openalex.org/W2042095675
https://openalex.org/W2053723197
https://openalex.org/W2120328335
https://openalex.org/W4253800817
https://openalex.org/W2053114107
https://openalex.org/W1992119198
https://openalex.org/W2155590835
https://openalex.org/W2065414847
https://openalex.org/W2142115811
https://openalex.org/W2023673426
https://openalex.org/W2073337333
https://openalex.org/W2040500883
https://openalex.org/W2053377455
https://openalex.org/W2058171390
https://openalex.org/W2079898304
https://openalex.org/W2098609706
https://openalex.org/W2793663790
https://openalex.org/W2804913182
https://openalex.org/W2921432323
https://openalex.org/W2934854194
https://openalex.org/W2946115201
https://openalex.org/W4255668402
https://openalex.org/W606314263
https://openalex.org/W89582636
https://openalex.org/W1600971048
https://openalex.org/W2177747279
https://openalex.org/W2299104686
https://openalex.org/W2335734681
https://openalex.org/W3121100729
https://openalex.org/W1980569011
https://openalex.org/W1989484718
https://openalex.org/W2324718748
https://openalex.org/W2048326133
https://openalex.org/W2160331357
https://openalex.org/W2411786003
https://openalex.org/W2056463810
https://openalex.org/W2172258526
https://openalex.org/W2075450021
https://openalex.org/W2093863572
https://openalex.org/W2320336118
https://openalex.org/W193598101
https://openalex.org/W1993357525
https://openalex.org/W2041880291
https://openalex.org/W2108091252
https://openalex.org/W2116548565
https://openalex.org/W2150215229
https://openalex.org/W2170404720
https://openalex.org/W2317495728
https://openalex.org/W2601766759
https://openalex.org/W2758711144
https://openalex.org/W2789269172
https://openalex.org/W2808600150
https://openalex.org/W2903452807
https://openalex.org/W2970281357
https://openalex.org/W2979101177
https://openalex.org/W2989679730
https://openalex.org/W3015613719
https://openalex.org/W3015682361
https://openalex.org/W3035225658
https://openalex.org/W3049358989
https://openalex.org/W3083737621
https://openalex.org/W2175859078
https://openalex.org/W2288973801
https://openalex.org/W2414500088
https://openalex.org/W4206088298
https://openalex.org/W4224210157
https://openalex.org/W4224315092
https://openalex.org/W4308080775
https://openalex.org/W121151887
https://openalex.org/W1963771310
https://openalex.org/W2030763447
https://openalex.org/W2051077311
https://openalex.org/W2002032936
https://openalex.org/W2272734649
https://openalex.org/W2298520213
https://openalex.org/W2006760440
https://openalex.org/W2075804123
https://openalex.org/W2992985877
https://openalex.org/W4249681602
https://openalex.org/W2014493979
https://openalex.org/W1995866975
https://openalex.org/W2061989868
https://openalex.org/W2416457944
https://openalex.org/W2950717358
https://openalex.org/W2098217567
https://openalex.org/W2168595694
https://openalex.org/W4240001346
https://openalex.org/W1600887652
https://openalex.org/W2032845166
https://openalex.org/W2035414845
https://openalex.org/W2050515142
https://openalex.org/W2068178090
https://openalex.org/W2097266222
https://openalex.org/W2222597340
https://openalex.org/W2576723455
https://openalex.org/W73138296
https://openalex.org/W1500862715
https://openalex.org/W2004939204
https://openalex.org/W2030810236
https://openalex.org/W2216162670
https://openalex.org/W2316683487
https://openalex.org/W2335884458
https://openalex.org/W4250685328
https://openalex.org/W48272703
https://openalex.org/W2035134998
https://openalex.org/W2113889167
https://openalex.org/W2096817194
https://openalex.org/W2468088865
https://openalex.org/W2147283933
https://openalex.org/W2050953909
https://openalex.org/W2116820578
https://openalex.org/W2885342466
https://openalex.org/W2886145612
https://openalex.org/W2913836751
https://openalex.org/W2934895382
https://openalex.org/W2965109737
https://openalex.org/W3012726986
https://openalex.org/W3042760327
https://openalex.org/W3088170672
https://openalex.org/W3122795800
https://openalex.org/W3125130004
https://openalex.org/W3170207806
https://openalex.org/W3198209218
https://openalex.org/W3210532113
https://openalex.org/W4200549734
https://openalex.org/W2145392745
https://openalex.org/W2474311392
https://openalex.org/W2577651282
https://openalex.org/W2628546845
https://openalex.org/W2806300118
https://openalex.org/W2028168248
https://openalex.org/W2028611538
https://openalex.org/W2057280031
https://openalex.org/W2059601701
https://openalex.org/W2064877841
https://openalex.org/W2160327207
https://openalex.org/W2015196101
https://openalex.org/W2088211999
https://openalex.org/W2094105026
https://openalex.org/W2410350815
https://openalex.org/W2417085392
https://openalex.org/W2531658318
https://openalex.org/W57526418
https://openalex.org/W2331201483
https://openalex.org/W1973647802
https://openalex.org/W2093730331
https://openalex.org/W2230759470
https://openalex.org/W1595481712
https://openalex.org/W1910222234
https://openalex.org/W1990853852
https://openalex.org/W2024205924
https://openalex.org/W2070645993
https://openalex.org/W2135740111
https://openalex.org/W2171311126
https://openalex.org/W2257656452
https://openalex.org/W2333013334
https://openalex.org/W2412045468
https://openalex.org/W2416467860
https://openalex.org/W4243065137
https://openalex.org/W2461015175
https://openalex.org/W3204863839
https://openalex.org/W4317732929
https://openalex.org/W4321844968
https://openalex.org/W4323654532
https://openalex.org/W4361820786
https://openalex.org/W4361820831
https://openalex.org/W4361820851
https://openalex.org/W4361821149
https://openalex.org/W4363675939
https://openalex.org/W4365137011
https://openalex.org/W4376171339
https://openalex.org/W4376506179
https://openalex.org/W4379058410
https://openalex.org/W4380864375
https://openalex.org/W4380871711
https://openalex.org/W4381716268
https://openalex.org/W4382141575
https://openalex.org/W4385197036
https://openalex.org/W4385332137
https://openalex.org/W4385609409
https://openalex.org/W4385751112
https://openalex.org/W4385840659
https://openalex.org/W4385899510
https://openalex.org/W4386019695
https://openalex.org/W4386101821
https://openalex.org/W4386448483
https://openalex.org/W4386498044
https://openalex.org/W4386640162
https://openalex.org/W4386817275
https://openalex.org/W4387022635
https://openalex.org/W4387033288
https://openalex.org/W4387101217
https://openalex.org/W4387422891
https://openalex.org/W4387473491
https://openalex.org/W4387530326
https://openalex.org/W4387976727
https://openalex.org/W4388014412
https://openalex.org/W4388467099
https://openalex.org/W4388540110
https://openalex.org/W4388828790
https://openalex.org/W4388878902
https://openalex.org/W4389057411
https://openalex.org/W4389144891
https://openalex.org/W4389229866
https://openalex.org/W4389244412
https://openalex.org/W4389310901
https://openalex.org/W4390190341
https://openalex.org/W4390242436
https://openalex.org/W4390440729
https://openalex.org/W4391828908
https://openalex.org/W4394003422
https://openalex.org/W4394758554
https://openalex.org/W4396240230
https://openalex.org/W2410148079
https://openalex.org/W1984849345
https://openalex.org/W2025702659
https://openalex.org/W2395844568
https://openalex.org/W4240870165
https://openalex.org/W106213372
https://openalex.org/W1993624232
https://openalex.org/W2300161326
https://openalex.org/W2463506446
https://openalex.org/W4211130285
https://openalex.org/W1977485256
https://openalex.org/W2016331479
https://openalex.org/W2024779731
https://openalex.org/W2030643466
https://openalex.org/W2068106187
https://openalex.org/W2427371479
https://openalex.org/W2624086959
https://openalex.org/W2794176618
https://openalex.org/W4238546939
https://openalex.org/W2407506362
https://openalex.org/W1171169930
https://openalex.org/W1998484405
https://openalex.org/W2398240201
https://openalex.org/W2424977193
https://openalex.org/W4388331128
https://openalex.org/W97602060
https://openalex.org/W1995216465
https://openalex.org/W2018731117
https://openalex.org/W2112912632
https://openalex.org/W2171423401
https://openalex.org/W2461060922
https://openalex.org/W1969893574
https://openalex.org/W1978877487
https://openalex.org/W2015949765
https://openalex.org/W2054039222
https://openalex.org/W2076729141
https://openalex.org/W2411189593
https://openalex.org/W2797119606
https://openalex.org/W2800899776
https://openalex.org/W2905260382
https://openalex.org/W2905505125
https://openalex.org/W2936229753
https://openalex.org/W2944538234
https://openalex.org/W2972713242
https://openalex.org/W2980389384
https://openalex.org/W3015418128
https://openalex.org/W3015647415
https://openalex.org/W3016702634
https://openalex.org/W3026645574
https://openalex.org/W3033287783
https://openalex.org/W3094654379
https://openalex.org/W3095668503
https://openalex.org/W3120534156
https://openalex.org/W3127970201
https://openalex.org/W3133696694
https://openalex.org/W3138896479
https://openalex.org/W3155868659
https://openalex.org/W3175811770
https://openalex.org/W3190787641
https://openalex.org/W3196485028
https://openalex.org/W3200691853
https://openalex.org/W3202290671
https://openalex.org/W4200129588
https://openalex.org/W4211034449
https://openalex.org/W4246285387
https://openalex.org/W1999093812
https://openalex.org/W2410854140
https://openalex.org/W2593866762
https://openalex.org/W2730442221
https://openalex.org/W4213157178
https://openalex.org/W4220968188
https://openalex.org/W4226201495
https://openalex.org/W4282920712
https://openalex.org/W4285069771
https://openalex.org/W4306928508
https://openalex.org/W4307000178
https://openalex.org/W4307930364
https://openalex.org/W4310162495
https://openalex.org/W4310163509
https://openalex.org/W4312702579
https://openalex.org/W2025562525
https://openalex.org/W1885682544
https://openalex.org/W2440316568
https://openalex.org/W2038337619
https://openalex.org/W2062595797
https://openalex.org/W2437199879
https://openalex.org/W2522970408
https://openalex.org/W2522024180
https://openalex.org/W1982647806
https://openalex.org/W2065828589
https://openalex.org/W2097588200
https://openalex.org/W2376824204
https://openalex.org/W1539358972
https://openalex.org/W1579008873
https://openalex.org/W1607768355
https://openalex.org/W1676309436
https://openalex.org/W1973789090
https://openalex.org/W1991523539
https://openalex.org/W1998290549
https://openalex.org/W2012267586
https://openalex.org/W2026655152
https://openalex.org/W2051770128
https://openalex.org/W2052105435
https://openalex.org/W2092608230
https://openalex.org/W2159241747
https://openalex.org/W2229989008
https://openalex.org/W2232937557
https://openalex.org/W2291599359
https://openalex.org/W2310686650
https://openalex.org/W2383107305
https://openalex.org/W2400274402
https://openalex.org/W2466157717
https://openalex.org/W2523640093
https://openalex.org/W2564636723
https://openalex.org/W2565873871
https://openalex.org/W2792946527
https://openalex.org/W2888487086
https://openalex.org/W3023939356
https://openalex.org/W3174404864
https://openalex.org/W4220982489
https://openalex.org/W4284962816
https://openalex.org/W4295239664
https://openalex.org/W1990464429
https://openalex.org/W1997262427
https://openalex.org/W2048949920
https://openalex.org/W2022204714
https://openalex.org/W4250780995
https://openalex.org/W58764298
https://openalex.org/W1990225391
https://openalex.org/W2012454488
https://openalex.org/W1965510659
https://openalex.org/W2024240948
https://openalex.org/W2113476675
https://openalex.org/W2185339788
https://openalex.org/W2968659947
https://openalex.org/W3043161960
https://openalex.org/W168437257
https://openalex.org/W1989851092
https://openalex.org/W2005564191
https://openalex.org/W2128586335
https://openalex.org/W2274421086
https://openalex.org/W2314004654
https://openalex.org/W2536977092
https://openalex.org/W2585822069
https://openalex.org/W2740593592
https://openalex.org/W2785576572
https://openalex.org/W2994443509
https://openalex.org/W1562557559
https://openalex.org/W1880597429
https://openalex.org/W2007606106
https://openalex.org/W2090823557
https://openalex.org/W2273570453
https://openalex.org/W2409076687
https://openalex.org/W1966967346
https://openalex.org/W2410050434
https://openalex.org/W2460386457
https://openalex.org/W2279591671
https://openalex.org/W1966586781
https://openalex.org/W2001026730
https://openalex.org/W2026917555
https://openalex.org/W2075614714
https://openalex.org/W2076485301
https://openalex.org/W2107381907
https://openalex.org/W2136571920
https://openalex.org/W2315766982
https://openalex.org/W2413861026
https://openalex.org/W2735756501
https://openalex.org/W2806242852
https://openalex.org/W2808797750
https://openalex.org/W2883437335
https://openalex.org/W2885342169
https://openalex.org/W2886847439
https://openalex.org/W2889204543
https://openalex.org/W2891583827
https://openalex.org/W2898313355
https://openalex.org/W2898998041
https://openalex.org/W2986302144
https://openalex.org/W3024599262
https://openalex.org/W4316494675
https://openalex.org/W4241505541
https://openalex.org/W2405287110
https://openalex.org/W2418226992
https://openalex.org/W2422683064
https://openalex.org/W63635711
https://openalex.org/W2409343647
https://openalex.org/W2060083732
https://openalex.org/W2911250801
https://openalex.org/W2913439749
https://openalex.org/W2944084926
https://openalex.org/W2954233462
https://openalex.org/W2983027659
https://openalex.org/W2989749209
https://openalex.org/W3015167192
https://openalex.org/W3017559181
https://openalex.org/W3092569031
https://openalex.org/W3092802284
https://openalex.org/W3095340829
https://openalex.org/W3102932369
https://openalex.org/W3112105222
https://openalex.org/W3167632512
https://openalex.org/W4239042133
https://openalex.org/W4250711358
https://openalex.org/W2001974857
https://openalex.org/W2028528135
https://openalex.org/W2256172949
https://openalex.org/W2426733148
https://openalex.org/W2433956198
https://openalex.org/W2464255690
https://openalex.org/W2071338389
https://openalex.org/W2421828861
https://openalex.org/W330906556
https://openalex.org/W1043738605
https://openalex.org/W2541608101
https://openalex.org/W3158225783
https://openalex.org/W3162430100
https://openalex.org/W3189878154
https://openalex.org/W3204118093
https://openalex.org/W3215922969
https://openalex.org/W4200588393
https://openalex.org/W4214513948
https://openalex.org/W1540107769
https://openalex.org/W2526126420
https://openalex.org/W2890028517
https://openalex.org/W2035498760
https://openalex.org/W2286332975
https://openalex.org/W2038873248
https://openalex.org/W2357250662
https://openalex.org/W2395021822
https://openalex.org/W2018997237
https://openalex.org/W2134353461
https://openalex.org/W2546220543
https://openalex.org/W4236412839
https://openalex.org/W76347408
https://openalex.org/W2330061723
https://openalex.org/W2401472913
https://openalex.org/W2413747328
https://openalex.org/W3089738516
https://openalex.org/W3090573108
https://openalex.org/W4237808448
https://openalex.org/W165402060
https://openalex.org/W1788191463
https://openalex.org/W1860943537
https://openalex.org/W1961803223
https://openalex.org/W1995789407
https://openalex.org/W2019192896
https://openalex.org/W2060873325
https://openalex.org/W2090186310
https://openalex.org/W2214085312
https://openalex.org/W23332547
https://openalex.org/W2401536877
https://openalex.org/W2405504579
https://openalex.org/W4298284895
https://openalex.org/W4245106878
https://openalex.org/W1479796924
https://openalex.org/W1484488000
https://openalex.org/W1487080078
https://openalex.org/W1492538519
https://openalex.org/W1495313393
https://openalex.org/W1497011673
https://openalex.org/W1498243840
https://openalex.org/W1499687415
https://openalex.org/W1504056729
https://openalex.org/W1530956116
https://openalex.org/W1534033425
https://openalex.org/W1536963438
https://openalex.org/W1540263890
https://openalex.org/W1548055521
https://openalex.org/W1560758056
https://openalex.org/W1561812026
https://openalex.org/W1567706703
https://openalex.org/W1568926471
https://openalex.org/W1607529437
https://openalex.org/W1608254503
https://openalex.org/W1632314083
https://openalex.org/W1928649289
https://openalex.org/W1930389356
https://openalex.org/W1983498437
https://openalex.org/W2069733992
https://openalex.org/W2095853981
https://openalex.org/W2128134624
https://openalex.org/W2143276443
https://openalex.org/W2189399564
https://openalex.org/W2191796126
https://openalex.org/W2202973003
https://openalex.org/W2214345500
https://openalex.org/W2258266227
https://openalex.org/W2259059305
https://openalex.org/W2278354614
https://openalex.org/W2316709796
https://openalex.org/W2320455717
https://openalex.org/W2331903407
https://openalex.org/W2335883159
https://openalex.org/W2336919339
https://openalex.org/W2336957287
https://openalex.org/W2337415424
https://openalex.org/W2338339085
https://openalex.org/W2340063924
https://openalex.org/W2340774332
https://openalex.org/W2342139836
https://openalex.org/W2342211004
https://openalex.org/W2342351925
https://openalex.org/W2342363442
https://openalex.org/W2368748945
https://openalex.org/W2395407642
https://openalex.org/W2401054989
https://openalex.org/W2409316861
https://openalex.org/W2410234286
https://openalex.org/W2415238633
https://openalex.org/W2417341715
https://openalex.org/W2419504306
https://openalex.org/W2475795582
https://openalex.org/W2477928121
https://openalex.org/W2478803170
https://openalex.org/W2479877606
https://openalex.org/W2481232998
https://openalex.org/W2485848386
https://openalex.org/W2485937654
https://openalex.org/W2487683206
https://openalex.org/W2496525790
https://openalex.org/W2499078138
https://openalex.org/W2501159179
https://openalex.org/W2512102811
https://openalex.org/W2512119363
https://openalex.org/W2522280954
https://openalex.org/W2522942607
https://openalex.org/W2531225093
https://openalex.org/W2549736358
https://openalex.org/W2550519094
https://openalex.org/W2557384253
https://openalex.org/W2557851517
https://openalex.org/W2561774081
https://openalex.org/W2563316559
https://openalex.org/W2564517258
https://openalex.org/W2565281092
https://openalex.org/W2565447297
https://openalex.org/W2566384630
https://openalex.org/W2578213893
https://openalex.org/W2604888037
https://openalex.org/W2738388356
https://openalex.org/W2742829112
https://openalex.org/W2744506258
https://openalex.org/W2746652166
https://openalex.org/W2749056977
https://openalex.org/W2912001519
https://openalex.org/W2912253744
https://openalex.org/W3022758450
https://openalex.org/W3111039038
https://openalex.org/W3115237077
https://openalex.org/W3115334456
https://openalex.org/W3117190903
https://openalex.org/W3119971053
https://openalex.org/W3122427854
https://openalex.org/W3153866257
https://openalex.org/W3174392859
https://openalex.org/W3184138222
https://openalex.org/W3184427274
https://openalex.org/W3186295456
https://openalex.org/W3188158631
https://openalex.org/W4233848782
https://openalex.org/W4237948101
https://openalex.org/W4243800390
https://openalex.org/W4246438940
https://openalex.org/W4297980134
https://openalex.org/W2059652088
https://openalex.org/W2316643698
https://openalex.org/W2333252588
https://openalex.org/W2409346838
https://openalex.org/W2468470554
https://openalex.org/W34003665
https://openalex.org/W4244761334
https://openalex.org/W2354624149
https://openalex.org/W2415455210
https://openalex.org/W2416877466
https://openalex.org/W2423836988
https://openalex.org/W2585558609
https://openalex.org/W1802915802
https://openalex.org/W1942395806
https://openalex.org/W1968137155
https://openalex.org/W1971019511
https://openalex.org/W1983038636
https://openalex.org/W1984408188
https://openalex.org/W199422357
https://openalex.org/W2010617958
https://openalex.org/W2010701440
https://openalex.org/W2018786605
https://openalex.org/W2021560681
https://openalex.org/W2038175733
https://openalex.org/W2073607102
https://openalex.org/W2079461526
https://openalex.org/W2112348081
https://openalex.org/W2126339749
https://openalex.org/W2185827030
https://openalex.org/W2228919311
https://openalex.org/W2243027305
https://openalex.org/W2253786565
https://openalex.org/W2285246741
https://openalex.org/W2297358716
https://openalex.org/W2323047138
https://openalex.org/W232873006
https://openalex.org/W2332708583
https://openalex.org/W2332759254
https://openalex.org/W2335384118
https://openalex.org/W2345394337
https://openalex.org/W2370617690
https://openalex.org/W2399583343
https://openalex.org/W2415029950
https://openalex.org/W2492634420
https://openalex.org/W2505436690
https://openalex.org/W2584917322
https://openalex.org/W2751473749
https://openalex.org/W2796859494
https://openalex.org/W2891091328
https://openalex.org/W2891845071
https://openalex.org/W2914427242
https://openalex.org/W2946364711
https://openalex.org/W2950890848
https://openalex.org/W2990446259
https://openalex.org/W2999824689
https://openalex.org/W3102373805
https://openalex.org/W3161649074
https://openalex.org/W3163473831
https://openalex.org/W3172626550
https://openalex.org/W3204029268
https://openalex.org/W3210258405
https://openalex.org/W4205580316
https://openalex.org/W4206613998
https://openalex.org/W4210839256
https://openalex.org/W4232683720
https://openalex.org/W4233143267
https://openalex.org/W4238709943
https://openalex.org/W4240300473
https://openalex.org/W4242234766
https://openalex.org/W4248877549
https://openalex.org/W4249201682
https://openalex.org/W4299293249
https://openalex.org/W1966832232
https://openalex.org/W1023591700
https://openalex.org/W138030084
https://openalex.org/W1540818156
https://openalex.org/W2043553574
https://openalex.org/W2076050315
https://openalex.org/W2570368682
https://openalex.org/W4255773528
https://openalex.org/W1978167047
https://openalex.org/W1996436346
https://openalex.org/W2013972970
https://openalex.org/W2057731517
https://openalex.org/W2068065761
https://openalex.org/W2076763618
https://openalex.org/W2181772819
https://openalex.org/W2187591410
https://openalex.org/W2320694615
https://openalex.org/W2330473586
https://openalex.org/W2395125689
https://openalex.org/W2419241040
https://openalex.org/W2492215196
https://openalex.org/W2567378050
https://openalex.org/W2739772430
https://openalex.org/W2740897535
https://openalex.org/W2747809558
https://openalex.org/W2752121891
https://openalex.org/W2755096652
https://openalex.org/W2765424293
https://openalex.org/W2766725326
https://openalex.org/W2791844591
https://openalex.org/W2798048328
https://openalex.org/W2911900761
https://openalex.org/W2971583281
https://openalex.org/W3019731830
https://openalex.org/W3029386810
https://openalex.org/W3157704526
https://openalex.org/W3195553045
https://openalex.org/W3202188164
https://openalex.org/W4235594856
https://openalex.org/W4238606983
https://openalex.org/W4302603705
https://openalex.org/W2043143406
https://openalex.org/W2104701951
https://openalex.org/W2402436807
https://openalex.org/W2415791804
https://openalex.org/W2419007468
https://openalex.org/W2892922732
https://openalex.org/W4253693363
https://openalex.org/W166551747
https://openalex.org/W1968633712
https://openalex.org/W1972879907
https://openalex.org/W1996886021
https://openalex.org/W2011399862
https://openalex.org/W2017688277
https://openalex.org/W2023496274
https://openalex.org/W2031522030
https://openalex.org/W2033056763
https://openalex.org/W2091025305
https://openalex.org/W2114702887
https://openalex.org/W2120383308
https://openalex.org/W2158691070
https://openalex.org/W2183529076
https://openalex.org/W2185406226
https://openalex.org/W2314494869
https://openalex.org/W2316101341
https://openalex.org/W2334437953
https://openalex.org/W2365079363
https://openalex.org/W2373082815
https://openalex.org/W2410239933
https://openalex.org/W2499553942
https://openalex.org/W2570437968
https://openalex.org/W2739078965
https://openalex.org/W2912935725
https://openalex.org/W2946678487
https://openalex.org/W3099245784
https://openalex.org/W32963885
https://openalex.org/W4206799775
https://openalex.org/W4220713174
https://openalex.org/W4220719414
https://openalex.org/W4225467089
https://openalex.org/W4226004263
https://openalex.org/W4226262020
https://openalex.org/W4226334160
https://openalex.org/W4231088787
https://openalex.org/W4239777152
https://openalex.org/W4252833148
https://openalex.org/W4281752344
https://openalex.org/W4282918027
https://openalex.org/W4283171627
https://openalex.org/W4283218367
https://openalex.org/W4285005362
https://openalex.org/W4285818493
https://openalex.org/W4286669059
https://openalex.org/W4292461687
https://openalex.org/W4297891184
https://openalex.org/W4302290834
https://openalex.org/W4306367143
https://openalex.org/W4310807690
https://openalex.org/W4311105849
https://openalex.org/W4312187376
https://openalex.org/W4312663903
https://openalex.org/W4312947311
https://openalex.org/W4327520746
https://openalex.org/W4366310339
https://openalex.org/W4380714984
https://openalex.org/W947340862
https://openalex.org/W2048856185
https://openalex.org/W2102175246
https://openalex.org/W2323403300
https://openalex.org/W2408270046
https://openalex.org/W2408966944
https://openalex.org/W2410257182
https://openalex.org/W2415417608
https://openalex.org/W2915702938
https://openalex.org/W4237341543
https://openalex.org/W4238458784
https://openalex.org/W4243888210
https://openalex.org/W1978920117
https://openalex.org/W1980255231
https://openalex.org/W2053366553
https://openalex.org/W2068403197
https://openalex.org/W2120425911
https://openalex.org/W2187339193
https://openalex.org/W2189038550
https://openalex.org/W2256285184
https://openalex.org/W235075370
https://openalex.org/W2417727230
https://openalex.org/W2433669203
https://openalex.org/W2521293176
https://openalex.org/W2523784163
https://openalex.org/W2804660694
https://openalex.org/W2885884316
https://openalex.org/W2886394584
https://openalex.org/W2886958545
https://openalex.org/W2887652775
https://openalex.org/W2889210989
https://openalex.org/W2889318002
https://openalex.org/W2897935681
https://openalex.org/W2898249259
https://openalex.org/W2908166188
https://openalex.org/W2909018059
https://openalex.org/W2913018569
https://openalex.org/W2914561214
https://openalex.org/W2917450951
https://openalex.org/W2942769522
https://openalex.org/W2954367166
https://openalex.org/W2955494922
https://openalex.org/W2964941705
https://openalex.org/W2969667910
https://openalex.org/W2969864899
https://openalex.org/W2971874945
https://openalex.org/W2979423319
https://openalex.org/W2979806898
https://openalex.org/W2980069625
https://openalex.org/W2982604177
https://openalex.org/W2989908870
https://openalex.org/W2994147952
https://openalex.org/W2997942757
https://openalex.org/W3014011649
https://openalex.org/W3014026331
https://openalex.org/W3026139726
https://openalex.org/W3030599074
https://openalex.org/W3090634639
https://openalex.org/W3162846613
https://openalex.org/W3181426478
https://openalex.org/W3203631218
https://openalex.org/W4233861751
https://openalex.org/W4248284740
https://openalex.org/W2011730573
https://openalex.org/W2027087874
https://openalex.org/W2100375375
https://openalex.org/W2117658942
https://openalex.org/W2328886851
https://openalex.org/W2396501270
https://openalex.org/W2460318449
https://openalex.org/W2469459256
https://openalex.org/W1559323949
https://openalex.org/W1974375670
https://openalex.org/W2036814367
https://openalex.org/W2045703760
https://openalex.org/W2050617099
https://openalex.org/W2062920410
https://openalex.org/W2070870465
https://openalex.org/W2086748941
https://openalex.org/W2169688109
https://openalex.org/W2225749814
https://openalex.org/W2336911433
https://openalex.org/W2531948001
https://openalex.org/W2588521928
https://openalex.org/W2744394839
https://openalex.org/W2775903999
https://openalex.org/W2894897080
https://openalex.org/W2916824684
https://openalex.org/W2999604958
https://openalex.org/W3005195720
https://openalex.org/W3011130899
https://openalex.org/W3022967958
https://openalex.org/W3023224684
https://openalex.org/W3049071870
https://openalex.org/W3057495720
https://openalex.org/W3085380235
https://openalex.org/W3089646623
https://openalex.org/W3089958088
https://openalex.org/W3093412795
https://openalex.org/W3096585014
https://openalex.org/W3112861789
https://openalex.org/W3114227892
https://openalex.org/W3117079430
https://openalex.org/W3125081385
https://openalex.org/W3127075233
https://openalex.org/W3157900112
https://openalex.org/W3173967949
https://openalex.org/W3176384687
https://openalex.org/W3181791055
https://openalex.org/W3211853008
https://openalex.org/W353342124
https://openalex.org/W4230493634
https://openalex.org/W4231126624
https://openalex.org/W4233148145
https://openalex.org/W4234477415
https://openalex.org/W4239315025
https://openalex.org/W4250424869
https://openalex.org/W637385342
https://openalex.org/W798814590
https://openalex.org/W1396597
https://openalex.org/W1994541514
https://openalex.org/W2147999749
https://openalex.org/W2396510865
https://openalex.org/W2416499511
https://openalex.org/W2469654891
https://openalex.org/W4235356580
https://openalex.org/W2080504777
https://openalex.org/W2158955733
https://openalex.org/W2182018035
https://openalex.org/W2297789908
https://openalex.org/W2374061225
https://openalex.org/W2379426954
https://openalex.org/W2402075553
https://openalex.org/W2586543813
https://openalex.org/W2999717442
https://openalex.org/W2999892554
https://openalex.org/W3193057158
https://openalex.org/W637761090
https://openalex.org/W122359181
https://openalex.org/W2272639723
https://openalex.org/W2364520378
https://openalex.org/W2371075041
https://openalex.org/W2382393265
https://openalex.org/W2384390618
https://openalex.org/W2423444485
https://openalex.org/W2462743326
https://openalex.org/W2599611040
https://openalex.org/W2693966593
https://openalex.org/W3121206384
https://openalex.org/W3123050306
https://openalex.org/W3126823277
https://openalex.org/W3135434813
https://openalex.org/W3136533780
https://openalex.org/W3166172929
https://openalex.org/W3173348403
https://openalex.org/W3174210933
https://openalex.org/W3181259983
https://openalex.org/W3183803805
https://openalex.org/W3199622441
https://openalex.org/W3200403472
https://openalex.org/W3201162898
https://openalex.org/W3205586638
https://openalex.org/W3217256979
https://openalex.org/W3217641474
https://openalex.org/W4200329848
https://openalex.org/W4200443236
https://openalex.org/W4205706767
https://openalex.org/W4206484102
https://openalex.org/W4206970749
https://openalex.org/W4214602456
https://openalex.org/W4235085248
https://openalex.org/W4235486128
https://openalex.org/W4240001201
https://openalex.org/W4249821345
https://openalex.org/W4254042148
https://openalex.org/W4285546650
https://openalex.org/W4295107254
https://openalex.org/W1510840233
https://openalex.org/W2050688986
https://openalex.org/W2156446850
https://openalex.org/W2260473028
https://openalex.org/W2315493213
https://openalex.org/W2328110832
https://openalex.org/W2343780696
https://openalex.org/W2365963992
https://openalex.org/W2412952195
https://openalex.org/W2418176169
https://openalex.org/W2423099534
https://openalex.org/W2441928477
https://openalex.org/W2610139318
https://openalex.org/W2777569342
https://openalex.org/W2885387530
https://openalex.org/W3093415565
https://openalex.org/W3103987493
https://openalex.org/W340376973
https://openalex.org/W4239527758
https://openalex.org/W4255432695
https://openalex.org/W2139972003
https://openalex.org/W2544556239
https://openalex.org/W1713242505
https://openalex.org/W2056727580
https://openalex.org/W2085731805
https://openalex.org/W2137553970
https://openalex.org/W2186699127
https://openalex.org/W2299612803
https://openalex.org/W2362349910
https://openalex.org/W2399137942
https://openalex.org/W2410771672
https://openalex.org/W2437321103
https://openalex.org/W2510096157
https://openalex.org/W2566798514
https://openalex.org/W2569714515
https://openalex.org/W2622535759
https://openalex.org/W2947687529
https://openalex.org/W2950205043
https://openalex.org/W82673580
https://openalex.org/W96496560
https://openalex.org/W109990154
https://openalex.org/W115839912
https://openalex.org/W156292712
https://openalex.org/W1991892840
https://openalex.org/W20119701
https://openalex.org/W2028297916
https://openalex.org/W2043490532
https://openalex.org/W2045008828
https://openalex.org/W2062844976
https://openalex.org/W2241197198
https://openalex.org/W2269127041
https://openalex.org/W2323098238
https://openalex.org/W2331793690
https://openalex.org/W2396546064
https://openalex.org/W2399191746
https://openalex.org/W2401308067
https://openalex.org/W2409782805
https://openalex.org/W2413919195
https://openalex.org/W2418922994
https://openalex.org/W2422670850
https://openalex.org/W2554060137
https://openalex.org/W2734454517
https://openalex.org/W2735378953
https://openalex.org/W2743310507
https://openalex.org/W2752579371
https://openalex.org/W2888547162
https://openalex.org/W2946373844
https://openalex.org/W3133086840
https://openalex.org/W4214630390
https://openalex.org/W4234755481
https://openalex.org/W4242621558
https://openalex.org/W4245408529
https://openalex.org/W4256696848
https://openalex.org/W428434435
https://openalex.org/W4300491071
https://openalex.org/W591140278
https://openalex.org/W73544876
https://openalex.org/W1963906456
https://openalex.org/W2018505861
https://openalex.org/W2086449772
https://openalex.org/W2294217384
https://openalex.org/W2305698814
https://openalex.org/W2313405335
https://openalex.org/W2414927652
https://openalex.org/W2417607799
https://openalex.org/W2429349631
https://openalex.org/W2431951408
https://openalex.org/W2436461542
https://openalex.org/W2468769559
https://openalex.org/W2578913868
https://openalex.org/W269272518
https://openalex.org/W2724709564
https://openalex.org/W2950431063
https://openalex.org/W4255160720
https://openalex.org/W438351525
https://openalex.org/W103022534
https://openalex.org/W1502563450
https://openalex.org/W1975009373
https://openalex.org/W1999200208
https://openalex.org/W2018782734
https://openalex.org/W2018832360
https://openalex.org/W2031798461
https://openalex.org/W2053997679
https://openalex.org/W2128606926
https://openalex.org/W2135808465
https://openalex.org/W2238728364
https://openalex.org/W2287765939
https://openalex.org/W2295627897
https://openalex.org/W2304698239
https://openalex.org/W2325882889
https://openalex.org/W2395535667
https://openalex.org/W2397740715
https://openalex.org/W2404903033
https://openalex.org/W2409410380
https://openalex.org/W2411108199
https://openalex.org/W2413376930
https://openalex.org/W2413536710
https://openalex.org/W2413616346
https://openalex.org/W2413774660
https://openalex.org/W2414265347
https://openalex.org/W2414595581
https://openalex.org/W2417111596
https://openalex.org/W2417816754
https://openalex.org/W2435189382
https://openalex.org/W2439449563
https://openalex.org/W2439730164
https://openalex.org/W2493451132
https://openalex.org/W2518337871
https://openalex.org/W2704631865
https://openalex.org/W2949669083
https://openalex.org/W2951857436
https://openalex.org/W2952352214
https://openalex.org/W2993680522
https://openalex.org/W2999806204
https://openalex.org/W3100253943
https://openalex.org/W3103285684
https://openalex.org/W3106421382
https://openalex.org/W362635547
https://openalex.org/W4236008888
https://openalex.org/W4244112005
https://openalex.org/W4253239625
https://openalex.org/W575337520
https://openalex.org/W601770850
https://openalex.org/W656502999
https://openalex.org/W2169198329
https://openalex.org/W2110374888
https://openalex.org/W1673406831
https://openalex.org/W2061294357
https://openalex.org/W1942286180
https://openalex.org/W2129867386
https://openalex.org/W2123703326
https://openalex.org/W2136629833
https://openalex.org/W2336817596
https://openalex.org/W2158046293
https://openalex.org/W2051876668
https://openalex.org/W2152157708
https://openalex.org/W2141041915
https://openalex.org/W2025001196
https://openalex.org/W2093217973
https://openalex.org/W2145876349
https://openalex.org/W1769783081
https://openalex.org/W1972566987
https://openalex.org/W1964326221
https://openalex.org/W2123194540
https://openalex.org/W2123354624
https://openalex.org/W2100242214
https://openalex.org/W1994287999
https://openalex.org/W2080514510
https://openalex.org/W1978708861
https://openalex.org/W2162291204
https://openalex.org/W2151217876
https://openalex.org/W2103691265
https://openalex.org/W2889941694
https://openalex.org/W2109271488
https://openalex.org/W2558401829
https://openalex.org/W2008245966
https://openalex.org/W2937292311
https://openalex.org/W2560234099
https://openalex.org/W2556738036
https://openalex.org/W2095844669
https://openalex.org/W2947124830
https://openalex.org/W2607665808
https://openalex.org/W2794197589
https://openalex.org/W1868247522
https://openalex.org/W2200449347
https://openalex.org/W2901556693
https://openalex.org/W3006490469
https://openalex.org/W3087332590
https://openalex.org/W2799606914
https://openalex.org/W3107725049
https://openalex.org/W3021556054
https://openalex.org/W4220928421
https://openalex.org/W4297536382
https://openalex.org/W4319998348
https://openalex.org/W4293571792
https://openalex.org/W2016258379
https://openalex.org/W2079866862
https://openalex.org/W2002837591
https://openalex.org/W2105368166
https://openalex.org/W2077127680
https://openalex.org/W2124053497
https://openalex.org/W2135843883
https://openalex.org/W2136496532
https://openalex.org/W2139679256
https://openalex.org/W1883653169
https://openalex.org/W2081199994
https://openalex.org/W2051104073
https://openalex.org/W2028533826
https://openalex.org/W2098298489
https://openalex.org/W1993695450
https://openalex.org/W2069114139
https://openalex.org/W2071478811
https://openalex.org/W2067513312
https://openalex.org/W2321069801
https://openalex.org/W2092639932
https://openalex.org/W2083368932
https://openalex.org/W2096922032
https://openalex.org/W2168475211
https://openalex.org/W1992888580
https://openalex.org/W2094600801
https://openalex.org/W2092065212
https://openalex.org/W1964673525
https://openalex.org/W1981448842
https://openalex.org/W2143303543
https://openalex.org/W2019863207
https://openalex.org/W2057184922
https://openalex.org/W1997390901
https://openalex.org/W2057445178
https://openalex.org/W2011031966
https://openalex.org/W2111097423
https://openalex.org/W2063211189
https://openalex.org/W2093156856
https://openalex.org/W2067578715
https://openalex.org/W2016775361
https://openalex.org/W2593904730
https://openalex.org/W1977958991
https://openalex.org/W1969812071
https://openalex.org/W2792517848
https://openalex.org/W2586218909
https://openalex.org/W2131700917
https://openalex.org/W2154142324
https://openalex.org/W2056807980
https://openalex.org/W2498239925
https://openalex.org/W1561804801
https://openalex.org/W2021580347
https://openalex.org/W2031051020
https://openalex.org/W2886290522
https://openalex.org/W2054253681
https://openalex.org/W2238720538
https://openalex.org/W645608458
https://openalex.org/W2017972930
https://openalex.org/W2129842642
https://openalex.org/W2986766560
https://openalex.org/W2093312780
https://openalex.org/W2799895851
https://openalex.org/W614364844
https://openalex.org/W2754415934
https://openalex.org/W2589358629
https://openalex.org/W2105798821
https://openalex.org/W2923931666
https://openalex.org/W2955596531
https://openalex.org/W2000610587
https://openalex.org/W3003806161
https://openalex.org/W2739452942
https://openalex.org/W2790621630
https://openalex.org/W1561012079
https://openalex.org/W2625366402
https://openalex.org/W2955445949
https://openalex.org/W3024566133
https://openalex.org/W2799869370
https://openalex.org/W2893881441
https://openalex.org/W2804239627
https://openalex.org/W2968977208
https://openalex.org/W3007163003
https://openalex.org/W3033936146
https://openalex.org/W2804766379
https://openalex.org/W3009705059
https://openalex.org/W2911479961
https://openalex.org/W3094627045
https://openalex.org/W2959557291
https://openalex.org/W3008692734
https://openalex.org/W2980419345
https://openalex.org/W3004279507
https://openalex.org/W3048389775
https://openalex.org/W4200339001
https://openalex.org/W3025957053
https://openalex.org/W3102155370
https://openalex.org/W2999281658
https://openalex.org/W3162291096
https://openalex.org/W3156132567
https://openalex.org/W4281662012
https://openalex.org/W3214540175
https://openalex.org/W4200123362
https://openalex.org/W4205696365
https://openalex.org/W4210305383
https://openalex.org/W4205769634
https://openalex.org/W4286505567
https://openalex.org/W4281636198
https://openalex.org/W4319263808
https://openalex.org/W2125754059
https://openalex.org/W1976274215
https://openalex.org/W2087217343
https://openalex.org/W2026364961
https://openalex.org/W2144977772
https://openalex.org/W2006681114
https://openalex.org/W2032923626
https://openalex.org/W2128324643
https://openalex.org/W2398146302
https://openalex.org/W1576489564
https://openalex.org/W1974998900
https://openalex.org/W1979845287
https://openalex.org/W1967957804
https://openalex.org/W1985353613
https://openalex.org/W2116905032
https://openalex.org/W2077053514
https://openalex.org/W1521353535
https://openalex.org/W1978402183
https://openalex.org/W2056528191
https://openalex.org/W204084674
https://openalex.org/W2071364873
https://openalex.org/W2159270808
https://openalex.org/W1976172833
https://openalex.org/W2046081435
https://openalex.org/W2900819382
https://openalex.org/W126865375
https://openalex.org/W2055629661
https://openalex.org/W2006217933
https://openalex.org/W2018614626
https://openalex.org/W1992920987
https://openalex.org/W2146931575
https://openalex.org/W2170925294
https://openalex.org/W2070946958
https://openalex.org/W2129543026
https://openalex.org/W2143324852
https://openalex.org/W2113369993
https://openalex.org/W2123164802
https://openalex.org/W2156122843
https://openalex.org/W2001331628
https://openalex.org/W1997170902
https://openalex.org/W1982763091
https://openalex.org/W2120087450
https://openalex.org/W1976634541
https://openalex.org/W2042424936
https://openalex.org/W2020191588
https://openalex.org/W2130941135
https://openalex.org/W2109618300
https://openalex.org/W1979255226
https://openalex.org/W2079145821
https://openalex.org/W2044399985
https://openalex.org/W1964072600
https://openalex.org/W2105461258
https://openalex.org/W1997196043
https://openalex.org/W2093873997
https://openalex.org/W2147834398
https://openalex.org/W2006535096
https://openalex.org/W2314856220
https://openalex.org/W1972815158
https://openalex.org/W2322371441
https://openalex.org/W1979427988
https://openalex.org/W2101717892
https://openalex.org/W2046330974
https://openalex.org/W2254314522
https://openalex.org/W2342683208
https://openalex.org/W2602575792
https://openalex.org/W2044342670
https://openalex.org/W2897028238
https://openalex.org/W2111075238
https://openalex.org/W4251261709
https://openalex.org/W1999740470
https://openalex.org/W2340672408
https://openalex.org/W1786033133
https://openalex.org/W2026982076
https://openalex.org/W2793775313
https://openalex.org/W1585226779
https://openalex.org/W2147335241
https://openalex.org/W2317241536
https://openalex.org/W2790717426
https://openalex.org/W2791108738
https://openalex.org/W2936266369
https://openalex.org/W2551281523
https://openalex.org/W2311739996
https://openalex.org/W2791649835
https://openalex.org/W2804370382
https://openalex.org/W2902395823
https://openalex.org/W2528677717
https://openalex.org/W3001952709
https://openalex.org/W2912148503
https://openalex.org/W2008045386
https://openalex.org/W2890465760
https://openalex.org/W3043633851
https://openalex.org/W2939514640
https://openalex.org/W2966373819
https://openalex.org/W3042239416
https://openalex.org/W2958774532
https://openalex.org/W3049426050
https://openalex.org/W2998275946
https://openalex.org/W3087507751
https://openalex.org/W3023912486
https://openalex.org/W3032269020
https://openalex.org/W3038328276
https://openalex.org/W3039423076
https://openalex.org/W3106456411
https://openalex.org/W3158720192
https://openalex.org/W3175687730
https://openalex.org/W3149980081
https://openalex.org/W3164547666
https://openalex.org/W4206781808
https://openalex.org/W4224211066
https://openalex.org/W3169459348
https://openalex.org/W4210487735
https://openalex.org/W3201477350
https://openalex.org/W4224327057
https://openalex.org/W4220977925
https://openalex.org/W4319304646
https://openalex.org/W4323066993
https://openalex.org/W1145226737
https://openalex.org/W4387561320
https://openalex.org/W4389833479
https://openalex.org/W4391238528
https://openalex.org/W4391308225
https://openalex.org/W4391677785
https://openalex.org/W4392654011
https://openalex.org/W4392808475
https://openalex.org/W1981126536
https://openalex.org/W2115208818
https://openalex.org/W2018257346
https://openalex.org/W2059326736
https://openalex.org/W2067252848
https://openalex.org/W1680741064
https://openalex.org/W2037415930
https://openalex.org/W2085111827
https://openalex.org/W2117885943
https://openalex.org/W2335127095
https://openalex.org/W2002989206
https://openalex.org/W2961146810
https://openalex.org/W2055397667
https://openalex.org/W2054364307
https://openalex.org/W2009117468
https://openalex.org/W2026717100
https://openalex.org/W2060764573
https://openalex.org/W2038794238
https://openalex.org/W2028469488
https://openalex.org/W2003772712
https://openalex.org/W2142740788
https://openalex.org/W2030050870
https://openalex.org/W1921912245
https://openalex.org/W2016522544
https://openalex.org/W1977434886
https://openalex.org/W2100490986
https://openalex.org/W2166697723
https://openalex.org/W2016198726
https://openalex.org/W1597021888
https://openalex.org/W2017386759
https://openalex.org/W1998363588
https://openalex.org/W2044321800
https://openalex.org/W2091932500
https://openalex.org/W2122790942
https://openalex.org/W2014911698
https://openalex.org/W132404472
https://openalex.org/W1652198439
https://openalex.org/W2125330288
https://openalex.org/W2015769091
https://openalex.org/W2319559151
https://openalex.org/W1954837718
https://openalex.org/W1969030483
https://openalex.org/W2042366592
https://openalex.org/W2085869996
https://openalex.org/W2124730335
https://openalex.org/W2158644964
https://openalex.org/W2029925799
https://openalex.org/W1994982846
https://openalex.org/W2001253651
https://openalex.org/W2140309785
https://openalex.org/W1572796886
https://openalex.org/W2295707708
https://openalex.org/W1987243183
https://openalex.org/W2020793525
https://openalex.org/W2058002813
https://openalex.org/W2769044088
https://openalex.org/W2891849873
https://openalex.org/W2237309478
https://openalex.org/W2284252320
https://openalex.org/W2588847707
https://openalex.org/W2618134491
https://openalex.org/W1934687656
https://openalex.org/W2177428325
https://openalex.org/W2474547130
https://openalex.org/W2516536037
https://openalex.org/W2763546656
https://openalex.org/W2522486308
https://openalex.org/W2339402331
https://openalex.org/W2343543833
https://openalex.org/W2394518860
https://openalex.org/W2492171033
https://openalex.org/W2911840185
https://openalex.org/W2753636622
https://openalex.org/W2557136354
https://openalex.org/W2872315471
https://openalex.org/W2794371764
https://openalex.org/W2982268751
https://openalex.org/W2957877311
https://openalex.org/W3037716077
https://openalex.org/W2904694102
https://openalex.org/W3094972677
https://openalex.org/W3031442315
https://openalex.org/W3107295138
https://openalex.org/W3128376271
https://openalex.org/W3130860819
https://openalex.org/W3130834559
https://openalex.org/W4289712349
https://openalex.org/W4281638364
https://openalex.org/W4283765717
https://openalex.org/W4292230954
https://openalex.org/W4313641117
https://openalex.org/W4327684925
https://openalex.org/W4327941657
https://openalex.org/W4313584166
https://openalex.org/W4386045998
https://openalex.org/W1993825765
https://openalex.org/W1965738579
https://openalex.org/W2073199621
https://openalex.org/W2159515734
https://openalex.org/W2087815322
https://openalex.org/W2057320667
https://openalex.org/W2074083134
https://openalex.org/W1491528897
https://openalex.org/W2139967432
https://openalex.org/W2123261241
https://openalex.org/W2085364726
https://openalex.org/W2140781632
https://openalex.org/W2131075994
https://openalex.org/W2017702278
https://openalex.org/W2012832990
https://openalex.org/W1840806009
https://openalex.org/W1985221543
https://openalex.org/W2009392284
https://openalex.org/W2062301264
https://openalex.org/W2074114110
https://openalex.org/W2119237241
https://openalex.org/W2171254735
https://openalex.org/W1986187057
https://openalex.org/W2067685415
https://openalex.org/W2098615223
https://openalex.org/W2137179115
https://openalex.org/W2083538444
https://openalex.org/W2143710073
https://openalex.org/W2062040356
https://openalex.org/W2053751221
https://openalex.org/W2067402929
https://openalex.org/W2090130583
https://openalex.org/W2147263214
https://openalex.org/W1982314242
https://openalex.org/W2044907489
https://openalex.org/W1995307462
https://openalex.org/W2099136710
https://openalex.org/W2168598704
https://openalex.org/W1976233924
https://openalex.org/W2053365814
https://openalex.org/W2120566679
https://openalex.org/W1678691077
https://openalex.org/W2123379447
https://openalex.org/W2173951242
https://openalex.org/W2014438960
https://openalex.org/W1981223109
https://openalex.org/W2002740039
https://openalex.org/W2059087661
https://openalex.org/W2598953857
https://openalex.org/W2774572129
https://openalex.org/W1503826515
https://openalex.org/W2757370554
https://openalex.org/W2800165788
https://openalex.org/W2564037646
https://openalex.org/W2624871431
https://openalex.org/W2729741054
https://openalex.org/W2321292515
https://openalex.org/W2395238161
https://openalex.org/W2737301514
https://openalex.org/W1885801568
https://openalex.org/W2268565872
https://openalex.org/W2461942714
https://openalex.org/W2759162449
https://openalex.org/W2788020463
https://openalex.org/W2887966259
https://openalex.org/W2909931021
https://openalex.org/W2942528875
https://openalex.org/W2563401832
https://openalex.org/W2566704442
https://openalex.org/W2588518694
https://openalex.org/W2760905734
https://openalex.org/W2965149872
https://openalex.org/W2919288321
https://openalex.org/W2931537374
https://openalex.org/W2978997201
https://openalex.org/W2985423190
https://openalex.org/W2998634656
https://openalex.org/W2999250470
https://openalex.org/W3102923716
https://openalex.org/W2998764581
https://openalex.org/W3087728783
https://openalex.org/W3172664134
https://openalex.org/W4287533506
https://openalex.org/W3135587238
https://openalex.org/W3207108953
https://openalex.org/W3177241996
https://openalex.org/W4280522043
https://openalex.org/W4285184111
https://openalex.org/W4303856760
https://openalex.org/W4283162883
https://openalex.org/W4290729418
https://openalex.org/W4297988534
https://openalex.org/W4313898165
https://openalex.org/W4318204968
https://openalex.org/W4385555856
https://openalex.org/W4385715256
https://openalex.org/W1593682547
https://openalex.org/W1964043659
https://openalex.org/W1968794076
https://openalex.org/W7245226
https://openalex.org/W4319293014
https://openalex.org/W2059425839
https://openalex.org/W2080947585
https://openalex.org/W2044585331
https://openalex.org/W2073107441
https://openalex.org/W2161833907
https://openalex.org/W106861748
https://openalex.org/W1643563852
https://openalex.org/W1969730921
https://openalex.org/W2001237306
https://openalex.org/W2056993283
https://openalex.org/W3110144769
https://openalex.org/W2001860826
https://openalex.org/W2010873724
https://openalex.org/W2084207095
https://openalex.org/W2147707033
https://openalex.org/W2039326938
https://openalex.org/W2142133270
https://openalex.org/W2091164879
https://openalex.org/W1976341825
https://openalex.org/W1984314729
https://openalex.org/W2116296702
https://openalex.org/W2045707803
https://openalex.org/W2047108398
https://openalex.org/W2008996924
https://openalex.org/W2078349855
https://openalex.org/W2093049346
https://openalex.org/W2409963976
https://openalex.org/W1970815461
https://openalex.org/W2080613497
https://openalex.org/W2117259850
https://openalex.org/W2037716562
https://openalex.org/W1991175900
https://openalex.org/W2005131769
https://openalex.org/W2019334085
https://openalex.org/W2147072282
https://openalex.org/W650258493
https://openalex.org/W1965660698
https://openalex.org/W2022431747
https://openalex.org/W2053862444
https://openalex.org/W2062895930
https://openalex.org/W4234932659
https://openalex.org/W1981374082
https://openalex.org/W201400539
https://openalex.org/W2044790426
https://openalex.org/W2170453842
https://openalex.org/W1974967359
https://openalex.org/W2014946732
https://openalex.org/W2021609572
https://openalex.org/W2031173877
https://openalex.org/W2120626970
https://openalex.org/W2148578890
https://openalex.org/W2056570235
https://openalex.org/W2330210735
https://openalex.org/W1826768019
https://openalex.org/W1968410011
https://openalex.org/W2144681119
https://openalex.org/W1857167107
https://openalex.org/W1921914916
https://openalex.org/W2130668816
https://openalex.org/W2160840142
https://openalex.org/W2164895244
https://openalex.org/W2344554911
https://openalex.org/W2536495322
https://openalex.org/W1023296549
https://openalex.org/W1948064258
https://openalex.org/W2117465577
https://openalex.org/W2800271762
https://openalex.org/W2887067401
https://openalex.org/W2215769773
https://openalex.org/W2558952008
https://openalex.org/W2586638689
https://openalex.org/W2765425392
https://openalex.org/W2979730644
https://openalex.org/W2990607414
https://openalex.org/W2257340819
https://openalex.org/W2526216696
https://openalex.org/W2993316623
https://openalex.org/W3096284326
https://openalex.org/W3015325881
https://openalex.org/W3088812091
https://openalex.org/W3128540330
https://openalex.org/W3201050288
https://openalex.org/W3124426521
https://openalex.org/W3194877393
https://openalex.org/W2989660548
https://openalex.org/W3157208633
https://openalex.org/W3199634686
https://openalex.org/W4210249476
https://openalex.org/W4224288615
https://openalex.org/W4281643398
https://openalex.org/W4293074981
https://openalex.org/W4281691415
https://openalex.org/W4318828504
https://openalex.org/W4322618577
https://openalex.org/W4365451552
https://openalex.org/W2046407001
https://openalex.org/W2029851517
https://openalex.org/W2157561291
https://openalex.org/W2006664700
https://openalex.org/W1622495923
https://openalex.org/W2049955024
https://openalex.org/W2006099707
https://openalex.org/W2085504478
https://openalex.org/W2162934136
https://openalex.org/W2035144198
https://openalex.org/W1932268077
https://openalex.org/W2123382663
https://openalex.org/W1895440035
https://openalex.org/W2005254412
https://openalex.org/W2104155202
https://openalex.org/W1990873063
https://openalex.org/W1995258856
https://openalex.org/W2013204944
https://openalex.org/W2022236450
https://openalex.org/W1545319342
https://openalex.org/W1985069865
https://openalex.org/W2160245544
https://openalex.org/W1980704187
https://openalex.org/W1982478150
https://openalex.org/W2064313388
https://openalex.org/W1977396208
https://openalex.org/W2156650882
https://openalex.org/W2101832744
https://openalex.org/W2124402434
https://openalex.org/W2166174119
https://openalex.org/W1987367463
https://openalex.org/W2031108986
https://openalex.org/W2072802467
https://openalex.org/W2169325672
https://openalex.org/W1681156270
https://openalex.org/W2004936469
https://openalex.org/W2166358743
https://openalex.org/W1571814210
https://openalex.org/W1970511100
https://openalex.org/W1988895401
https://openalex.org/W2011097683
https://openalex.org/W2145113019
https://openalex.org/W4249189707
https://openalex.org/W2094073810
https://openalex.org/W1606921093
https://openalex.org/W1985725340
https://openalex.org/W2133848583
https://openalex.org/W2151677618
https://openalex.org/W1685707702
https://openalex.org/W1975471646
https://openalex.org/W2004088937
https://openalex.org/W2063838462
https://openalex.org/W2009938460
https://openalex.org/W2160899423
https://openalex.org/W1998999966
https://openalex.org/W2318863492
https://openalex.org/W2792816290
https://openalex.org/W2886698710
https://openalex.org/W2895672224
https://openalex.org/W1982227917
https://openalex.org/W2001957699
https://openalex.org/W2222969521
https://openalex.org/W2765701261
https://openalex.org/W2780775173
https://openalex.org/W2887884984
https://openalex.org/W2895368736
https://openalex.org/W2960420328
https://openalex.org/W2982065699
https://openalex.org/W2780987505
https://openalex.org/W2803805408
https://openalex.org/W2943063111
https://openalex.org/W2974195252
https://openalex.org/W2164053568
https://openalex.org/W2983662432
https://openalex.org/W2998605199
https://openalex.org/W3047342288
https://openalex.org/W3160288542
https://openalex.org/W4213157381
https://openalex.org/W4220783311
https://openalex.org/W4285490706
https://openalex.org/W4289866380
https://openalex.org/W4205240990
https://openalex.org/W4220752989
https://openalex.org/W4292103700
https://openalex.org/W4309045459
https://openalex.org/W4312082767
https://openalex.org/W4353070794
https://openalex.org/W4365517226
https://openalex.org/W4388524691
https://openalex.org/W4393110891
https://openalex.org/W2059319999
https://openalex.org/W1979449646
https://openalex.org/W2153896084
https://openalex.org/W2079200682
https://openalex.org/W2013530217
https://openalex.org/W2139795038
https://openalex.org/W1987306917
https://openalex.org/W2008295234
https://openalex.org/W1973086328
https://openalex.org/W1987045120
https://openalex.org/W2063973028
https://openalex.org/W2030256476
https://openalex.org/W2061191557
https://openalex.org/W2042486399
https://openalex.org/W2058613922
https://openalex.org/W2023853407
https://openalex.org/W2076283108
https://openalex.org/W4313376572
https://openalex.org/W1989685181
https://openalex.org/W2016613489
https://openalex.org/W2052219721
https://openalex.org/W2074720760
https://openalex.org/W2134312734
https://openalex.org/W90112146
https://openalex.org/W2070383750
https://openalex.org/W2112323241
https://openalex.org/W2049080652
https://openalex.org/W2142835045
https://openalex.org/W2586723063
https://openalex.org/W2024331315
https://openalex.org/W2165580810
https://openalex.org/W2165713682
https://openalex.org/W2202738411
https://openalex.org/W2420804351
https://openalex.org/W2472710501
https://openalex.org/W2542118333
https://openalex.org/W2596611627
https://openalex.org/W2743416388
https://openalex.org/W2886904888
https://openalex.org/W1755990119
https://openalex.org/W1877697862
https://openalex.org/W2004166741
https://openalex.org/W2290423455
https://openalex.org/W2580505605
https://openalex.org/W2803975522
https://openalex.org/W2894709229
https://openalex.org/W2900152641
https://openalex.org/W2997626417
https://openalex.org/W3083530107
https://openalex.org/W2998857835
https://openalex.org/W3105106135
https://openalex.org/W2012724710
https://openalex.org/W3119145102
https://openalex.org/W3121854172
https://openalex.org/W3168963668
https://openalex.org/W4287505587
https://openalex.org/W3187152632
https://openalex.org/W4205777645
https://openalex.org/W4220813984
https://openalex.org/W4226055469
https://openalex.org/W4308771729
https://openalex.org/W4386552684
https://openalex.org/W4389432240
https://openalex.org/W4390603548
https://openalex.org/W4390698083
https://openalex.org/W4390921244
https://openalex.org/W4391091922
https://openalex.org/W4391161672
https://openalex.org/W4391174710
https://openalex.org/W4391345223
https://openalex.org/W4391390102
https://openalex.org/W4391598686
https://openalex.org/W4391615048
https://openalex.org/W4391640723
https://openalex.org/W4391646675
https://openalex.org/W4391723799
https://openalex.org/W4391792530
https://openalex.org/W4391815292
https://openalex.org/W4391951068
https://openalex.org/W4391951083
https://openalex.org/W4391957755
https://openalex.org/W4392143680
https://openalex.org/W4392346308
https://openalex.org/W4392350890
https://openalex.org/W4392515843
https://openalex.org/W4392632054
https://openalex.org/W4392975901
https://openalex.org/W4393037256
https://openalex.org/W4393093902
https://openalex.org/W4393119474
https://openalex.org/W4393142232
https://openalex.org/W4393201061
https://openalex.org/W4393219982
https://openalex.org/W4394725271
https://openalex.org/W4394746364
https://openalex.org/W4394924333
https://openalex.org/W4394996908
https://openalex.org/W4395053830
https://openalex.org/W4395073196
https://openalex.org/W4395463453
https://openalex.org/W4395477694
https://openalex.org/W4395694483
https://openalex.org/W4396213419
https://openalex.org/W4396218502
https://openalex.org/W4396219976
https://openalex.org/W4396515550
https://openalex.org/W2166712391
https://openalex.org/W1975062354
https://openalex.org/W2042805424
https://openalex.org/W2060379000
https://openalex.org/W1987436592
https://openalex.org/W2079741064
https://openalex.org/W2080296489
https://openalex.org/W2094740030
https://openalex.org/W2011531982
https://openalex.org/W2143435828
https://openalex.org/W2160893770
https://openalex.org/W1954874575
https://openalex.org/W1984471060
https://openalex.org/W2098598208
https://openalex.org/W2151455974
https://openalex.org/W1987240108
https://openalex.org/W2110696505
https://openalex.org/W2157607430
https://openalex.org/W1992091339
https://openalex.org/W2062790929
https://openalex.org/W2014487306
https://openalex.org/W2010637190
https://openalex.org/W2021749170
https://openalex.org/W2071802927
https://openalex.org/W2072213725
https://openalex.org/W2133409255
https://openalex.org/W1969333388
https://openalex.org/W2095051434
https://openalex.org/W2015125194
https://openalex.org/W2082455909
https://openalex.org/W2293925273
https://openalex.org/W2569348185
https://openalex.org/W2765733301
https://openalex.org/W2794172541
https://openalex.org/W2868038526
https://openalex.org/W2954775314
https://openalex.org/W2981560800
https://openalex.org/W2033170349
https://openalex.org/W2980419316
https://openalex.org/W2982269205
https://openalex.org/W2996731702
https://openalex.org/W3199971564
https://openalex.org/W4318065568
https://openalex.org/W4321350611
https://openalex.org/W4323806251
https://openalex.org/W4360601149
https://openalex.org/W4366371778
https://openalex.org/W4366976289
https://openalex.org/W4377107533
https://openalex.org/W4385406992
https://openalex.org/W4385841497
https://openalex.org/W4386188338
https://openalex.org/W2068371048
https://openalex.org/W2071342020
https://openalex.org/W2119917995
https://openalex.org/W2245910568
https://openalex.org/W174244403
https://openalex.org/W1965536356
https://openalex.org/W2006815595
https://openalex.org/W2081284942
https://openalex.org/W2342114921
https://openalex.org/W1998220416
https://openalex.org/W2068270851
https://openalex.org/W2082813397
https://openalex.org/W1873534235
https://openalex.org/W2006743812
https://openalex.org/W2129063783
https://openalex.org/W2324358515
https://openalex.org/W2033244601
https://openalex.org/W2167572222
https://openalex.org/W1994643066
https://openalex.org/W2072926016
https://openalex.org/W2092526593
https://openalex.org/W2033650397
https://openalex.org/W2312455463
https://openalex.org/W2145667424
https://openalex.org/W2032552006
https://openalex.org/W2072928292
https://openalex.org/W2142403803
https://openalex.org/W4251636022
https://openalex.org/W2002306290
https://openalex.org/W2126798103
https://openalex.org/W2188097844
https://openalex.org/W2325379851
https://openalex.org/W1967962669
https://openalex.org/W2036357492
https://openalex.org/W2087497408
https://openalex.org/W2141217635
https://openalex.org/W2183279701
https://openalex.org/W2771891255
https://openalex.org/W2772134824
https://openalex.org/W2804559395
https://openalex.org/W2810082047
https://openalex.org/W1793267103
https://openalex.org/W1963621153
https://openalex.org/W1984982964
https://openalex.org/W2172565451
https://openalex.org/W2395456178
https://openalex.org/W2520166939
https://openalex.org/W2791256464
https://openalex.org/W2298515605
https://openalex.org/W2474834399
https://openalex.org/W3002771938
https://openalex.org/W3024864540
https://openalex.org/W3101698754
https://openalex.org/W3025567341
https://openalex.org/W3031146099
https://openalex.org/W3042709512
https://openalex.org/W3097557950
https://openalex.org/W3106498006
https://openalex.org/W3118512778
https://openalex.org/W3155722554
https://openalex.org/W3197581154
https://openalex.org/W4226499676
https://openalex.org/W4213013083
https://openalex.org/W4310191245
https://openalex.org/W1997724687
https://openalex.org/W1982659805
https://openalex.org/W2016973606
https://openalex.org/W2023431898
https://openalex.org/W2063484237
https://openalex.org/W2134876208
https://openalex.org/W1966017337
https://openalex.org/W2020188247
https://openalex.org/W2034015069
https://openalex.org/W2117020954
https://openalex.org/W2138814667
https://openalex.org/W2061990678
https://openalex.org/W2141085653
https://openalex.org/W2029838251
https://openalex.org/W2099363565
https://openalex.org/W2155641006
https://openalex.org/W1988456121
https://openalex.org/W159287703
https://openalex.org/W2065859957
https://openalex.org/W2148521686
https://openalex.org/W2055989691
https://openalex.org/W1589125968
https://openalex.org/W176365140
https://openalex.org/W1973941374
https://openalex.org/W1994462791
https://openalex.org/W2029577470
https://openalex.org/W2037918467
https://openalex.org/W2087275049
https://openalex.org/W2127716738
https://openalex.org/W1589706122
https://openalex.org/W2026975474
https://openalex.org/W2027529703
https://openalex.org/W2033033734
https://openalex.org/W2069173893
https://openalex.org/W2157216784
https://openalex.org/W2565317846
https://openalex.org/W2594653746
https://openalex.org/W2620666753
https://openalex.org/W1908879639
https://openalex.org/W1993442431
https://openalex.org/W2190220778
https://openalex.org/W2291117359
https://openalex.org/W2346729963
https://openalex.org/W2507619042
https://openalex.org/W2620130921
https://openalex.org/W2743439173
https://openalex.org/W2766340205
https://openalex.org/W2770948422
https://openalex.org/W2793072086
https://openalex.org/W2888176315
https://openalex.org/W2951186533
https://openalex.org/W2951324641
https://openalex.org/W2969230701
https://openalex.org/W2980867067
https://openalex.org/W2410158773
https://openalex.org/W2460947715
https://openalex.org/W2885227890
https://openalex.org/W2886689459
https://openalex.org/W2913240683
https://openalex.org/W3004847415
https://openalex.org/W3006129557
https://openalex.org/W3031026057
https://openalex.org/W3047754211
https://openalex.org/W3082134928
https://openalex.org/W3127654334
https://openalex.org/W3164331219
https://openalex.org/W3165869747
https://openalex.org/W3178642445
https://openalex.org/W3178735666
https://openalex.org/W2063565941
https://openalex.org/W4206539447
https://openalex.org/W4206918330
https://openalex.org/W4212864271
https://openalex.org/W4224929763
https://openalex.org/W4225295940
https://openalex.org/W4226153960
https://openalex.org/W4280532660
https://openalex.org/W4283317429
https://openalex.org/W4285585553
https://openalex.org/W4285732903
https://openalex.org/W4311960397
https://openalex.org/W2090038712
https://openalex.org/W2064407838
https://openalex.org/W2130850282
https://openalex.org/W2169719016
https://openalex.org/W2140384203
https://openalex.org/W2000425261
https://openalex.org/W2142318780
https://openalex.org/W2031084407
https://openalex.org/W1604241276
https://openalex.org/W2066611444
https://openalex.org/W2125761444
https://openalex.org/W1758635778
https://openalex.org/W1993291444
https://openalex.org/W1993395142
https://openalex.org/W2417005513
https://openalex.org/W2016714616
https://openalex.org/W2155869418
https://openalex.org/W4230712103
https://openalex.org/W1989999666
https://openalex.org/W2148317340
https://openalex.org/W2121084562
https://openalex.org/W3150618793
https://openalex.org/W1983843122
https://openalex.org/W1998796131
https://openalex.org/W2011519596
https://openalex.org/W2016912101
https://openalex.org/W2049994053
https://openalex.org/W2054394916
https://openalex.org/W41718336
https://openalex.org/W74693748
https://openalex.org/W1543327353
https://openalex.org/W2020092486
https://openalex.org/W2030365292
https://openalex.org/W2037877149
https://openalex.org/W2078139474
https://openalex.org/W2096375201
https://openalex.org/W2627045691
https://openalex.org/W2731175120
https://openalex.org/W2737208913
https://openalex.org/W2755112155
https://openalex.org/W2896996734
https://openalex.org/W1961479660
https://openalex.org/W2044723616
https://openalex.org/W2048861232
https://openalex.org/W2140797942
https://openalex.org/W2215185487
https://openalex.org/W2512022147
https://openalex.org/W2530715733
https://openalex.org/W2727311863
https://openalex.org/W2769912510
https://openalex.org/W2892738123
https://openalex.org/W2895318728
https://openalex.org/W2919664648
https://openalex.org/W2945657467
https://openalex.org/W2312248593
https://openalex.org/W2520319621
https://openalex.org/W2534115566
https://openalex.org/W2553880444
https://openalex.org/W3021026056
https://openalex.org/W3030568364
https://openalex.org/W3034043653
https://openalex.org/W3090002646
https://openalex.org/W3012185016
https://openalex.org/W3046619330
https://openalex.org/W3083615784
https://openalex.org/W3128820310
https://openalex.org/W3130397276
https://openalex.org/W3137855792
https://openalex.org/W3161278895
https://openalex.org/W3164471051
https://openalex.org/W3183823706
https://openalex.org/W3184519959
https://openalex.org/W3193571594
https://openalex.org/W3195565849
https://openalex.org/W3211401829
https://openalex.org/W4285729373
https://openalex.org/W2019702856
https://openalex.org/W2070803161
https://openalex.org/W2073003130
https://openalex.org/W1495855027
https://openalex.org/W1663268304
https://openalex.org/W2018629730
https://openalex.org/W2189331430
https://openalex.org/W2095280212
https://openalex.org/W2076962006
https://openalex.org/W2160726129
https://openalex.org/W2026750939
https://openalex.org/W2031922563
https://openalex.org/W1969719920
https://openalex.org/W1985258770
https://openalex.org/W1999403944
https://openalex.org/W2001400546
https://openalex.org/W2062646762
https://openalex.org/W2067724840
https://openalex.org/W2090948883
https://openalex.org/W2184826271
https://openalex.org/W2322470537
https://openalex.org/W2148119525
https://openalex.org/W2016812326
https://openalex.org/W3004901554
https://openalex.org/W2013491912
https://openalex.org/W2098727355
https://openalex.org/W2129217599
https://openalex.org/W2162335165
https://openalex.org/W2120915423
https://openalex.org/W2146865659
https://openalex.org/W2334145556
https://openalex.org/W1972672247
https://openalex.org/W1983310267
https://openalex.org/W1993263409
https://openalex.org/W2065280856
https://openalex.org/W2411463259
https://openalex.org/W1988522492
https://openalex.org/W2086795024
https://openalex.org/W2112553434
https://openalex.org/W2739802974
https://openalex.org/W2763449426
https://openalex.org/W2766613000
https://openalex.org/W2770916805
https://openalex.org/W2922011610
https://openalex.org/W2954677012
https://openalex.org/W4237731153
https://openalex.org/W1978454952
https://openalex.org/W2005319325
https://openalex.org/W2069848551
https://openalex.org/W2338152889
https://openalex.org/W2904024546
https://openalex.org/W2921719495
https://openalex.org/W2993114539
https://openalex.org/W1977181608
https://openalex.org/W3005269413
https://openalex.org/W3042359417
https://openalex.org/W3118309170
https://openalex.org/W3132061199
https://openalex.org/W3154401394
https://openalex.org/W3158410740
https://openalex.org/W4205940763
https://openalex.org/W4220889138
https://openalex.org/W4283463643
https://openalex.org/W4293215909
https://openalex.org/W4296962272
https://openalex.org/W4302773918
https://openalex.org/W4306879431
https://openalex.org/W4294845203
https://openalex.org/W4323050141
https://openalex.org/W4323967730
https://openalex.org/W4366772351
https://openalex.org/W4376645343
https://openalex.org/W4382776407
https://openalex.org/W4385863707
https://openalex.org/W4386374713
https://openalex.org/W4386592825
https://openalex.org/W4386768199
https://openalex.org/W4386782604
https://openalex.org/W4388499030
https://openalex.org/W2069016831
https://openalex.org/W2153564281
https://openalex.org/W2090668257
https://openalex.org/W2117168545
https://openalex.org/W2121264325
https://openalex.org/W1999868193
https://openalex.org/W161287484
https://openalex.org/W2060661649
https://openalex.org/W2139330291
https://openalex.org/W1973366717
https://openalex.org/W2140703411
https://openalex.org/W2769981171
https://openalex.org/W1502768015
https://openalex.org/W1972202118
https://openalex.org/W2016638950
https://openalex.org/W2161000070
https://openalex.org/W1990455578
https://openalex.org/W2009385960
https://openalex.org/W2134851461
https://openalex.org/W2157355474
https://openalex.org/W2585937541
https://openalex.org/W2810776172
https://openalex.org/W2902074864
https://openalex.org/W2913997003
https://openalex.org/W119851053
https://openalex.org/W2103704711
https://openalex.org/W2111466238
https://openalex.org/W2185386131
https://openalex.org/W2211079949
https://openalex.org/W2231054282
https://openalex.org/W2384408232
https://openalex.org/W2403731078
https://openalex.org/W2561489256
https://openalex.org/W2581731263
https://openalex.org/W2584671267
https://openalex.org/W2599320671
https://openalex.org/W2738828475
https://openalex.org/W2901947265
https://openalex.org/W2947471197
https://openalex.org/W2947780220
https://openalex.org/W4237194353
https://openalex.org/W2134013592
https://openalex.org/W2160620875
https://openalex.org/W1563398842
https://openalex.org/W2065245780
https://openalex.org/W2171245915
https://openalex.org/W2006527288
https://openalex.org/W1494136566
https://openalex.org/W1498306894
https://openalex.org/W1987520615
https://openalex.org/W2005338384
https://openalex.org/W2064643982
https://openalex.org/W2019564048
https://openalex.org/W1989218285
https://openalex.org/W2041408225
https://openalex.org/W2040678732
https://openalex.org/W2180793836
https://openalex.org/W2116434689
https://openalex.org/W103702076
https://openalex.org/W167961887
https://openalex.org/W1964859709
https://openalex.org/W2024125239
https://openalex.org/W2026335977
https://openalex.org/W2140860472
https://openalex.org/W2791282616
https://openalex.org/W4243514238
https://openalex.org/W1497525390
https://openalex.org/W1574533146
https://openalex.org/W1857105211
https://openalex.org/W2032049190
https://openalex.org/W2074253198
https://openalex.org/W2157284982
https://openalex.org/W2223072750
https://openalex.org/W2479816835
https://openalex.org/W2507588794
https://openalex.org/W2514280234
https://openalex.org/W2525533235
https://openalex.org/W2748387224
https://openalex.org/W2766093540
https://openalex.org/W2921039017
https://openalex.org/W2963753538
https://openalex.org/W2972754738
https://openalex.org/W2986987886
https://openalex.org/W3012756246
https://openalex.org/W3085775819
https://openalex.org/W3035102292
https://openalex.org/W3135697780
https://openalex.org/W3167139386
https://openalex.org/W3200130801
https://openalex.org/W3212875668
https://openalex.org/W3213852080
https://openalex.org/W4225484394
https://openalex.org/W4225502871
https://openalex.org/W172706183
https://openalex.org/W178106168
https://openalex.org/W2089649173
https://openalex.org/W1998609072
https://openalex.org/W2049776548
https://openalex.org/W2089364362
https://openalex.org/W4250497419
https://openalex.org/W2059335214
https://openalex.org/W2080423426
https://openalex.org/W2042361168
https://openalex.org/W2047256539
https://openalex.org/W2041531861
https://openalex.org/W2056671755
https://openalex.org/W2091661451
https://openalex.org/W2110358126
https://openalex.org/W192433775
https://openalex.org/W1990491253
https://openalex.org/W206555857
https://openalex.org/W2155459474
https://openalex.org/W2080235134
https://openalex.org/W2096904929
https://openalex.org/W186426687
https://openalex.org/W1966746379
https://openalex.org/W2019378599
https://openalex.org/W2950913271
https://openalex.org/W2951164587
https://openalex.org/W1984940311
https://openalex.org/W2046306090
https://openalex.org/W2060877273
https://openalex.org/W2074638908
https://openalex.org/W2081573130
https://openalex.org/W2141586268
https://openalex.org/W2153604305
https://openalex.org/W2154401489
https://openalex.org/W2801718317
https://openalex.org/W2806035110
https://openalex.org/W2890293380
https://openalex.org/W2902885579
https://openalex.org/W2903094321
https://openalex.org/W2001331881
https://openalex.org/W2007709141
https://openalex.org/W2010670188
https://openalex.org/W2024929351
https://openalex.org/W2122963094
https://openalex.org/W2152667836
https://openalex.org/W2183058358
https://openalex.org/W2206759585
https://openalex.org/W2955853287
https://openalex.org/W2986504483
https://openalex.org/W2997734390
https://openalex.org/W2999907452
https://openalex.org/W3080857693
https://openalex.org/W3090897261
https://openalex.org/W3109789350
https://openalex.org/W57758148
https://openalex.org/W2029491942
https://openalex.org/W3153528278
https://openalex.org/W3184571935
https://openalex.org/W3215620983
https://openalex.org/W4200296455
https://openalex.org/W3206460395
https://openalex.org/W4200493008
https://openalex.org/W4220738519
https://openalex.org/W4224298717
https://openalex.org/W4225882276
https://openalex.org/W4281566734
https://openalex.org/W4292731304
https://openalex.org/W4293113633
https://openalex.org/W4302763952
https://openalex.org/W4309378634
https://openalex.org/W4317999585
https://openalex.org/W2012868087
https://openalex.org/W2046567435
https://openalex.org/W2079596111
https://openalex.org/W4210473941
https://openalex.org/W157360300
https://openalex.org/W2042302067
https://openalex.org/W2042442135
https://openalex.org/W2169261663
https://openalex.org/W4236694109
https://openalex.org/W1971194081
https://openalex.org/W2091620391
https://openalex.org/W2170477182
https://openalex.org/W1589493583
https://openalex.org/W1970599957
https://openalex.org/W2010843295
https://openalex.org/W2066475614
https://openalex.org/W2084483442
https://openalex.org/W2403018230
https://openalex.org/W2405438602
https://openalex.org/W1969553068
https://openalex.org/W2027744092
https://openalex.org/W2122687859
https://openalex.org/W2160274996
https://openalex.org/W1965962782
https://openalex.org/W1996994665
https://openalex.org/W4313307432
https://openalex.org/W2802775928
https://openalex.org/W2901487082
https://openalex.org/W129972760
https://openalex.org/W1588135751
https://openalex.org/W1989907250
https://openalex.org/W2035664057
https://openalex.org/W2063202611
https://openalex.org/W2064337161
https://openalex.org/W2068454549
https://openalex.org/W2077373610
https://openalex.org/W2138921498
https://openalex.org/W2202272547
https://openalex.org/W2410173266
https://openalex.org/W2467387647
https://openalex.org/W2483697388
https://openalex.org/W2488140747
https://openalex.org/W2535847577
https://openalex.org/W2584734171
https://openalex.org/W2602900566
https://openalex.org/W2755903460
https://openalex.org/W3008411927
https://openalex.org/W3008832236
https://openalex.org/W3010556163
https://openalex.org/W3043385482
https://openalex.org/W39027272
https://openalex.org/W2097327653
https://openalex.org/W2472439228
https://openalex.org/W1964315556
https://openalex.org/W2030782223
https://openalex.org/W2071547297
https://openalex.org/W2086955486
https://openalex.org/W4247108629
https://openalex.org/W1986196587
https://openalex.org/W1969700146
https://openalex.org/W2575166190
https://openalex.org/W2802453835
https://openalex.org/W1992774464
https://openalex.org/W2025983681
https://openalex.org/W2087158100
https://openalex.org/W2166813161
https://openalex.org/W3147071225
https://openalex.org/W1997458362
https://openalex.org/W2036301882
https://openalex.org/W2123850328
https://openalex.org/W1980946353
https://openalex.org/W2022392850
https://openalex.org/W2108465973
https://openalex.org/W2408563085
https://openalex.org/W2799654135
https://openalex.org/W2891891690
https://openalex.org/W2903348527
https://openalex.org/W2903504455
https://openalex.org/W2991829133
https://openalex.org/W4253052329
https://openalex.org/W74689751
https://openalex.org/W1978615566
https://openalex.org/W1987155738
https://openalex.org/W2016320577
https://openalex.org/W2080896968
https://openalex.org/W2115897572
https://openalex.org/W2260594748
https://openalex.org/W2260685519
https://openalex.org/W2334342058
https://openalex.org/W2405517688
https://openalex.org/W2510886948
https://openalex.org/W3125453009
https://openalex.org/W3126422978
https://openalex.org/W3132497544
https://openalex.org/W3138432537
https://openalex.org/W3158914006
https://openalex.org/W3165230404
https://openalex.org/W3180585271
https://openalex.org/W3184108162
https://openalex.org/W3185841293
https://openalex.org/W4200345727
https://openalex.org/W1997857781
https://openalex.org/W2020837941
https://openalex.org/W2105252507
https://openalex.org/W1925854090
https://openalex.org/W2013434327
https://openalex.org/W2060126819
https://openalex.org/W2107474891
https://openalex.org/W4235241468
https://openalex.org/W1986305288
https://openalex.org/W4242089952
https://openalex.org/W1986386757
https://openalex.org/W2095355916
https://openalex.org/W2042056402
https://openalex.org/W2418219020
https://openalex.org/W622527537
https://openalex.org/W2074627527
https://openalex.org/W1984236151
https://openalex.org/W134408571
https://openalex.org/W1979033154
https://openalex.org/W2041515187
https://openalex.org/W2051232254
https://openalex.org/W2065686202
https://openalex.org/W2082072920
https://openalex.org/W2153322939
https://openalex.org/W2174304918
https://openalex.org/W2313970768
https://openalex.org/W2755186451
https://openalex.org/W2767821055
https://openalex.org/W2789549499
https://openalex.org/W2806914123
https://openalex.org/W2883974284
https://openalex.org/W2885872710
https://openalex.org/W2946549091
https://openalex.org/W2951463071
https://openalex.org/W2984266153
https://openalex.org/W3003262493
https://openalex.org/W3009339182
https://openalex.org/W3041548847
https://openalex.org/W3091700498
https://openalex.org/W3093141555
https://openalex.org/W3095001779
https://openalex.org/W3110423250
https://openalex.org/W3125022207
https://openalex.org/W3132728631
https://openalex.org/W4241626319
https://openalex.org/W4254458258
https://openalex.org/W1978651470
https://openalex.org/W2025356971
https://openalex.org/W2263040501
https://openalex.org/W2479491918
https://openalex.org/W2507491420
https://openalex.org/W2515238034
https://openalex.org/W2552745657
https://openalex.org/W3031493548
https://openalex.org/W219187860
https://openalex.org/W4206093063
https://openalex.org/W4206498653
https://openalex.org/W4213201046
https://openalex.org/W4213365275
https://openalex.org/W4220891935
https://openalex.org/W4282975777
https://openalex.org/W4285076878
https://openalex.org/W4289888682
https://openalex.org/W4295885254
https://openalex.org/W4304175289
https://openalex.org/W4308768589
https://openalex.org/W4391199299
https://openalex.org/W1967801369
https://openalex.org/W1980974656
https://openalex.org/W2019724827
https://openalex.org/W2060158915
https://openalex.org/W2074747484
https://openalex.org/W2075987548
https://openalex.org/W2110638753
https://openalex.org/W277417889
https://openalex.org/W2319546904
https://openalex.org/W2322804540
https://openalex.org/W2010245681
https://openalex.org/W2048527857
https://openalex.org/W2134250524
https://openalex.org/W2320553414
https://openalex.org/W2074042914
https://openalex.org/W2074824792
https://openalex.org/W2133253773
https://openalex.org/W2154709669
https://openalex.org/W1979529620
https://openalex.org/W1980384277
https://openalex.org/W2415737362
https://openalex.org/W2541929096
https://openalex.org/W2022224961
https://openalex.org/W2090664186
https://openalex.org/W4231171150
https://openalex.org/W1178461121
https://openalex.org/W1506478938
https://openalex.org/W1540478702
https://openalex.org/W1566474905
https://openalex.org/W2000321081
https://openalex.org/W2020498410
https://openalex.org/W2070036649
https://openalex.org/W2084122213
https://openalex.org/W2157311292
https://openalex.org/W2165046689
https://openalex.org/W2340080479
https://openalex.org/W3210622190
https://openalex.org/W4237516356
https://openalex.org/W4245842229
https://openalex.org/W98356123
https://openalex.org/W1992674563
https://openalex.org/W2008125535
https://openalex.org/W2020776083
https://openalex.org/W2100229465
https://openalex.org/W2518296235
https://openalex.org/W2015793190
https://openalex.org/W2060849150
https://openalex.org/W2333753364
https://openalex.org/W2029863063
https://openalex.org/W2516795636
https://openalex.org/W1519002788
https://openalex.org/W1977192726
https://openalex.org/W1984727158
https://openalex.org/W1979269325
https://openalex.org/W2011644729
https://openalex.org/W2083631046
https://openalex.org/W2573204626
https://openalex.org/W2908789883
https://openalex.org/W1957323257
https://openalex.org/W1975141010
https://openalex.org/W2081325577
https://openalex.org/W2105980758
https://openalex.org/W1967755167
https://openalex.org/W2072548551
https://openalex.org/W2166100691
https://openalex.org/W2800173268
https://openalex.org/W2951406406
https://openalex.org/W2956626515
https://openalex.org/W2960621251
https://openalex.org/W2967379558
https://openalex.org/W2972234469
https://openalex.org/W2981331805
https://openalex.org/W2988886655
https://openalex.org/W2989659362
https://openalex.org/W3001193308
https://openalex.org/W3002946512
https://openalex.org/W3006285693
https://openalex.org/W3008698199
https://openalex.org/W3022530526
https://openalex.org/W3027163029
https://openalex.org/W3031486602
https://openalex.org/W3036421532
https://openalex.org/W3085553604
https://openalex.org/W3090904629
https://openalex.org/W3095725392
https://openalex.org/W3111769980
https://openalex.org/W3118200360
https://openalex.org/W3125441601
https://openalex.org/W3128629314
https://openalex.org/W3134724286
https://openalex.org/W3154516892
https://openalex.org/W3161299146
https://openalex.org/W3161621905
https://openalex.org/W3176313758
https://openalex.org/W3195751818
https://openalex.org/W3205650294
https://openalex.org/W3211903376
https://openalex.org/W3216488508
https://openalex.org/W3217563170
https://openalex.org/W4243156346
https://openalex.org/W4255969904
https://openalex.org/W2338761541
https://openalex.org/W2410905598
https://openalex.org/W2462625112
https://openalex.org/W2466509935
https://openalex.org/W2583062990
https://openalex.org/W2979821830
https://openalex.org/W4231609557
https://openalex.org/W4362482077
https://openalex.org/W2006094922
https://openalex.org/W412577066
https://openalex.org/W4243906722
https://openalex.org/W568605840
https://openalex.org/W1654626640
https://openalex.org/W1986643522
https://openalex.org/W2018091718
https://openalex.org/W2403522983
https://openalex.org/W2516943084
https://openalex.org/W1991497939
https://openalex.org/W1991837449
https://openalex.org/W2062252845
https://openalex.org/W2565496578
https://openalex.org/W1998425776
https://openalex.org/W2179194840
https://openalex.org/W2799233705
https://openalex.org/W1964414630
https://openalex.org/W1989208819
https://openalex.org/W2037775488
https://openalex.org/W2305508470
https://openalex.org/W1516756244
https://openalex.org/W1569085325
https://openalex.org/W1974295951
https://openalex.org/W1995877831
https://openalex.org/W1997829631
https://openalex.org/W2049081741
https://openalex.org/W2079518965
https://openalex.org/W2093578206
https://openalex.org/W2187304201
https://openalex.org/W2201382396
https://openalex.org/W2249071591
https://openalex.org/W2317895640
https://openalex.org/W2320440928
https://openalex.org/W2320501332
https://openalex.org/W2334783092
https://openalex.org/W2403919980
https://openalex.org/W2412364288
https://openalex.org/W2528246415
https://openalex.org/W2590406445
https://openalex.org/W4255270728
https://openalex.org/W936671257
https://openalex.org/W1996312825
https://openalex.org/W2962864724
https://openalex.org/W4312380133
https://openalex.org/W4319263856
https://openalex.org/W4319927271
https://openalex.org/W4319985762
https://openalex.org/W4320507429
https://openalex.org/W4321011558
https://openalex.org/W4321352003
https://openalex.org/W4321373056
https://openalex.org/W4322706982
https://openalex.org/W4322769243
https://openalex.org/W4322770493
https://openalex.org/W4323657604
https://openalex.org/W4324125779
https://openalex.org/W4360804776
https://openalex.org/W4361209015
https://openalex.org/W4361235472
https://openalex.org/W4361235650
https://openalex.org/W4361236217
https://openalex.org/W4361256610
https://openalex.org/W4361256684
https://openalex.org/W4361256711
https://openalex.org/W4361818235
https://openalex.org/W4361818435
https://openalex.org/W4361818438
https://openalex.org/W4361818753
https://openalex.org/W4361818848
https://openalex.org/W4361818946
https://openalex.org/W4361833267
https://openalex.org/W4361844582
https://openalex.org/W4361844588
https://openalex.org/W4361845043
https://openalex.org/W4361845377
https://openalex.org/W4361872087
https://openalex.org/W4361872096
https://openalex.org/W4361872134
https://openalex.org/W4361872138
https://openalex.org/W4361872246
https://openalex.org/W4362482010
https://openalex.org/W4362482039
https://openalex.org/W4362482107
https://openalex.org/W4362482142
https://openalex.org/W4362482323
https://openalex.org/W4362493086
https://openalex.org/W4362493394
https://openalex.org/W4362534422
https://openalex.org/W4362534489
https://openalex.org/W4362534503
https://openalex.org/W4362535225
https://openalex.org/W4362535339
https://openalex.org/W4362542912
https://openalex.org/W4362569508
https://openalex.org/W4362612827
https://openalex.org/W4362612879
https://openalex.org/W4362612888
https://openalex.org/W4362612970
https://openalex.org/W4362612976
https://openalex.org/W4362612981
https://openalex.org/W4362612986
https://openalex.org/W4362624021
https://openalex.org/W4362624362
https://openalex.org/W4362624380
https://openalex.org/W4362624505
https://openalex.org/W4362624684
https://openalex.org/W4362624756
https://openalex.org/W4362624757
https://openalex.org/W4362633663
https://openalex.org/W4362676864
https://openalex.org/W4362708535
https://openalex.org/W4365148783
https://openalex.org/W4367296884
https://openalex.org/W4367598579
https://openalex.org/W4367608133
https://openalex.org/W4372336331
https://openalex.org/W4376107775
https://openalex.org/W4376631187
https://openalex.org/W4377012883
https://openalex.org/W4377014675
https://openalex.org/W4377244915
https://openalex.org/W4379012388
https://openalex.org/W4379329108
https://openalex.org/W4379383068
https://openalex.org/W4379518355
https://openalex.org/W4381308674
https://openalex.org/W4381681557
https://openalex.org/W4381848235
https://openalex.org/W4382400035
https://openalex.org/W4382467972
https://openalex.org/W4383176288
https://openalex.org/W4383186142
https://openalex.org/W4383226199
https://openalex.org/W4383262527
https://openalex.org/W4383313663
https://openalex.org/W4384156824
https://openalex.org/W4384833792
https://openalex.org/W4384911794
https://openalex.org/W4385190399
https://openalex.org/W4385331537
https://openalex.org/W4385377646
https://openalex.org/W4385449807
https://openalex.org/W4385580917
https://openalex.org/W4385604704
https://openalex.org/W4385801909
https://openalex.org/W4385806507
https://openalex.org/W4385830764
https://openalex.org/W4385845003
https://openalex.org/W4385957099
https://openalex.org/W4386114436
https://openalex.org/W4386356695
https://openalex.org/W4386438056
https://openalex.org/W4386501496
https://openalex.org/W4386518752
https://openalex.org/W4386630383
https://openalex.org/W4386638374
https://openalex.org/W4387052924
https://openalex.org/W4387054653
https://openalex.org/W4387055016
https://openalex.org/W4387212088
https://openalex.org/W4387396259
https://openalex.org/W4387409872
https://openalex.org/W4387410500
https://openalex.org/W4387442685
https://openalex.org/W4387445047
https://openalex.org/W4387581046
https://openalex.org/W4387613821
https://openalex.org/W4387674836
https://openalex.org/W4387680935
https://openalex.org/W4388095937
https://openalex.org/W4388123086
https://openalex.org/W4388178141
https://openalex.org/W4388240381
https://openalex.org/W4388276105
https://openalex.org/W4388447478
https://openalex.org/W4388489362
https://openalex.org/W4388524804
https://openalex.org/W4388726423
https://openalex.org/W4388728998
https://openalex.org/W4388799852
https://openalex.org/W4388799923
https://openalex.org/W4388913218
https://openalex.org/W4389100783
https://openalex.org/W4389168084
https://openalex.org/W4389228787
https://openalex.org/W4389244212
https://openalex.org/W4389348878
https://openalex.org/W4389363456
https://openalex.org/W4389370944
https://openalex.org/W4389386651
https://openalex.org/W4389542257
https://openalex.org/W4390195283
https://openalex.org/W4390441138
https://openalex.org/W4390583724
https://openalex.org/W4390654327
https://openalex.org/W4390917054
https://openalex.org/W4392685763
https://openalex.org/W4392687913
https://openalex.org/W4392688319
https://openalex.org/W4392688956
https://openalex.org/W4392697408
https://openalex.org/W4392725781
https://openalex.org/W4392735028
https://openalex.org/W4394090986
https://openalex.org/W4394504956
https://openalex.org/W4394514669
https://openalex.org/W1984633732
https://openalex.org/W1990589346
https://openalex.org/W1995483294
https://openalex.org/W2007259864
https://openalex.org/W2065803889
https://openalex.org/W2326012026
https://openalex.org/W2411053559
https://openalex.org/W4245243649
https://openalex.org/W2041679385
https://openalex.org/W1543181876
https://openalex.org/W1594861516
https://openalex.org/W2075598659
https://openalex.org/W2083173352
https://openalex.org/W2137934173
https://openalex.org/W2164398668
https://openalex.org/W2312969597
https://openalex.org/W2323641586
https://openalex.org/W2530867001
https://openalex.org/W2803020037
https://openalex.org/W1498429923
https://openalex.org/W1531501172
https://openalex.org/W1548976029
https://openalex.org/W1587329557
https://openalex.org/W1998277822
https://openalex.org/W2024965939
https://openalex.org/W2031675719
https://openalex.org/W2127117736
https://openalex.org/W2208928764
https://openalex.org/W2409016455
https://openalex.org/W2911496678
https://openalex.org/W3032424972
https://openalex.org/W2321286225
https://openalex.org/W1549343660
https://openalex.org/W2073801256
https://openalex.org/W2196617305
https://openalex.org/W2313428854
https://openalex.org/W2316801518
https://openalex.org/W2571004719
https://openalex.org/W2585920691
https://openalex.org/W2724825681
https://openalex.org/W2762918843
https://openalex.org/W2983849838
https://openalex.org/W1608083411
https://openalex.org/W2027995726
https://openalex.org/W2039621519
https://openalex.org/W2240112013
https://openalex.org/W2440294360
https://openalex.org/W129079154
https://openalex.org/W2122149011
https://openalex.org/W134087060
https://openalex.org/W2171461823
https://openalex.org/W2538061998
https://openalex.org/W429397616
https://openalex.org/W979106771
https://openalex.org/W2063899016
https://openalex.org/W2176593249
https://openalex.org/W2248031875
https://openalex.org/W2785301058
https://openalex.org/W2883341645
https://openalex.org/W2899667571
https://openalex.org/W2900214166
https://openalex.org/W2901592823
https://openalex.org/W2901831475
https://openalex.org/W2913805948
https://openalex.org/W2947974817
https://openalex.org/W2975780845
https://openalex.org/W2984313633
https://openalex.org/W2994314951
https://openalex.org/W3008704565
https://openalex.org/W3014270766
https://openalex.org/W3014274990
https://openalex.org/W3033716498
https://openalex.org/W3047180561
https://openalex.org/W3082609445
https://openalex.org/W3091837767
https://openalex.org/W3093413382
https://openalex.org/W3125050406
https://openalex.org/W3126439211
https://openalex.org/W3130441840
https://openalex.org/W3175850439
https://openalex.org/W3186979908
https://openalex.org/W3191894051
https://openalex.org/W3193586359
https://openalex.org/W3197680471
https://openalex.org/W3199567720
https://openalex.org/W3205018628
https://openalex.org/W3211466890
https://openalex.org/W3213691732
https://openalex.org/W4226367740
https://openalex.org/W4238278466
https://openalex.org/W4246076839
https://openalex.org/W2318910691
https://openalex.org/W2397576433
https://openalex.org/W2411383041
https://openalex.org/W2489739235
https://openalex.org/W2502498971
https://openalex.org/W2533767860
https://openalex.org/W2549362183
https://openalex.org/W2580415289
https://openalex.org/W2585011682
https://openalex.org/W2914398519
https://openalex.org/W3215104938
https://openalex.org/W4205582205
https://openalex.org/W4210923232
https://openalex.org/W4221026011
https://openalex.org/W4225255895
https://openalex.org/W4225890158
https://openalex.org/W4280514638
https://openalex.org/W4281942046
https://openalex.org/W4285403986
https://openalex.org/W4285496365
https://openalex.org/W4289596951
https://openalex.org/W4291448131
https://openalex.org/W4292640823
https://openalex.org/W4292684646
https://openalex.org/W4292767209
https://openalex.org/W4307846468
https://openalex.org/W4309563316
https://openalex.org/W4310784706
https://openalex.org/W1040499591
https://openalex.org/W1983114055
https://openalex.org/W1999078115
https://openalex.org/W2059798248
https://openalex.org/W2286464090
https://openalex.org/W2313510534
https://openalex.org/W2407351355
https://openalex.org/W2408328634
https://openalex.org/W2410603657
https://openalex.org/W1509865081
https://openalex.org/W1565622386
https://openalex.org/W1997744981
https://openalex.org/W2123353759
https://openalex.org/W2255604295
https://openalex.org/W1444585075
https://openalex.org/W2077057517
https://openalex.org/W2106183990
https://openalex.org/W4246291361
https://openalex.org/W1982172036
https://openalex.org/W2036480488
https://openalex.org/W2179180202
https://openalex.org/W1545460886
https://openalex.org/W1640890077
https://openalex.org/W1731714862
https://openalex.org/W1800197664
https://openalex.org/W1905282838
https://openalex.org/W1991226069
https://openalex.org/W2015082332
https://openalex.org/W2016558793
https://openalex.org/W2028911173
https://openalex.org/W2037932460
https://openalex.org/W2043682077
https://openalex.org/W2071763867
https://openalex.org/W2075250976
https://openalex.org/W2089842454
https://openalex.org/W2100355594
https://openalex.org/W2128878734
https://openalex.org/W2165251611
https://openalex.org/W2183593180
https://openalex.org/W2184422846
https://openalex.org/W2189104281
https://openalex.org/W2291152234
https://openalex.org/W2312310544
https://openalex.org/W2313055764
https://openalex.org/W2314337299
https://openalex.org/W2315908815
https://openalex.org/W2321533392
https://openalex.org/W2323987287
https://openalex.org/W2337707914
https://openalex.org/W2396282215
https://openalex.org/W2411871313
https://openalex.org/W2415650063
https://openalex.org/W2496874125
https://openalex.org/W3093400367
https://openalex.org/W3153833060
https://openalex.org/W4211183197
https://openalex.org/W4211199968
https://openalex.org/W4214809985
https://openalex.org/W4220813773
https://openalex.org/W4221109720
https://openalex.org/W4286354658
https://openalex.org/W4319435149
https://openalex.org/W92281592
https://openalex.org/W2064744596
https://openalex.org/W2124269938
https://openalex.org/W2319669263
https://openalex.org/W2323367379
https://openalex.org/W1977701160
https://openalex.org/W191388322
https://openalex.org/W1974068729
https://openalex.org/W1992175791
https://openalex.org/W2006431461
https://openalex.org/W2008404330
https://openalex.org/W2086041424
https://openalex.org/W2314096820
https://openalex.org/W4249279186
https://openalex.org/W100174270
https://openalex.org/W1550691952
https://openalex.org/W1610292611
https://openalex.org/W1715387356
https://openalex.org/W183408310
https://openalex.org/W1964388239
https://openalex.org/W1969825331
https://openalex.org/W1977159440
https://openalex.org/W1983437212
https://openalex.org/W1992174436
https://openalex.org/W1992987400
https://openalex.org/W1997528361
https://openalex.org/W2005168423
https://openalex.org/W2031016187
https://openalex.org/W2035500354
https://openalex.org/W2087684033
https://openalex.org/W2089223614
https://openalex.org/W2340483605
https://openalex.org/W2421960221
https://openalex.org/W2557196373
https://openalex.org/W2590254388
https://openalex.org/W2605879019
https://openalex.org/W2607459395
https://openalex.org/W2622047707
https://openalex.org/W2942216965
https://openalex.org/W2965870255
https://openalex.org/W34631559
https://openalex.org/W49774885
https://openalex.org/W1530438012
https://openalex.org/W2012640998
https://openalex.org/W2013018549
https://openalex.org/W2083317142
https://openalex.org/W2131533743
https://openalex.org/W2324125656
https://openalex.org/W2441938306
https://openalex.org/W4254173377
https://openalex.org/W621447162
https://openalex.org/W1980000499
https://openalex.org/W2145113092
https://openalex.org/W2329557193
https://openalex.org/W2402368782
https://openalex.org/W3147541091
https://openalex.org/W1513701366
https://openalex.org/W2319174199
https://openalex.org/W2328120196
https://openalex.org/W4213380398
https://openalex.org/W1950119873
https://openalex.org/W1989356405
https://openalex.org/W2078505627
https://openalex.org/W2162704474
https://openalex.org/W2330896892
https://openalex.org/W2790634488
https://openalex.org/W2790683184
https://openalex.org/W2792623780
https://openalex.org/W2803898904
https://openalex.org/W2885643536
https://openalex.org/W2889455037
https://openalex.org/W2903916563
https://openalex.org/W2910576903
https://openalex.org/W2949997441
https://openalex.org/W4236173908
https://openalex.org/W4246119016
https://openalex.org/W2007145957
https://openalex.org/W2076834091
https://openalex.org/W2323566403
https://openalex.org/W2973150941
https://openalex.org/W4248260058
https://openalex.org/W2324084013
https://openalex.org/W2007298865
https://openalex.org/W2000337451
https://openalex.org/W2064341638
https://openalex.org/W2134950837
https://openalex.org/W2413008893
https://openalex.org/W2758186950
https://openalex.org/W2902465826
https://openalex.org/W2921872497
https://openalex.org/W2950116764
https://openalex.org/W2975929930
https://openalex.org/W2981949850
https://openalex.org/W2995370517
https://openalex.org/W3004755092
https://openalex.org/W3008867308
https://openalex.org/W3010338722
https://openalex.org/W3024900347
https://openalex.org/W3033733067
https://openalex.org/W3034086148
https://openalex.org/W3036409256
https://openalex.org/W3040217420
https://openalex.org/W3047748816
https://openalex.org/W3082074430
https://openalex.org/W3082274940
https://openalex.org/W3087186189
https://openalex.org/W3091966302
https://openalex.org/W3092021549
https://openalex.org/W3093764465
https://openalex.org/W3112264056
https://openalex.org/W3112901863
https://openalex.org/W3112904255
https://openalex.org/W4210553967
https://openalex.org/W1977094860
https://openalex.org/W2018067397
https://openalex.org/W2117228156
https://openalex.org/W2134516210
https://openalex.org/W2409666990
https://openalex.org/W2497589065
https://openalex.org/W38194313
https://openalex.org/W2009829257
https://openalex.org/W212728117
https://openalex.org/W2178923730
https://openalex.org/W2315288795
https://openalex.org/W2318404281
https://openalex.org/W2409386933
https://openalex.org/W4233250260
https://openalex.org/W1946345724
https://openalex.org/W1969685208
https://openalex.org/W2472770893
https://openalex.org/W2539120787
https://openalex.org/W3091979755
https://openalex.org/W3122398395
https://openalex.org/W3143266731
https://openalex.org/W3157889993
https://openalex.org/W3163498618
https://openalex.org/W3195773991
https://openalex.org/W3195827856
https://openalex.org/W3200055923
https://openalex.org/W3215006496
https://openalex.org/W3217723099
https://openalex.org/W4200411791
https://openalex.org/W4241744279
https://openalex.org/W4254595357
https://openalex.org/W4287507017
https://openalex.org/W2341080768
https://openalex.org/W2040773698
https://openalex.org/W2093711189
https://openalex.org/W2113857069
https://openalex.org/W2166150999
https://openalex.org/W2313743913
https://openalex.org/W2415241890
https://openalex.org/W2416042872
https://openalex.org/W2015098065
https://openalex.org/W2324728156
https://openalex.org/W2425136528
https://openalex.org/W2924710855
https://openalex.org/W3140822844
https://openalex.org/W2113714856
https://openalex.org/W2245723182
https://openalex.org/W225809865
https://openalex.org/W2312474171
https://openalex.org/W2312722902
https://openalex.org/W2318922979
https://openalex.org/W2324164426
https://openalex.org/W235879963
https://openalex.org/W2396738922
https://openalex.org/W2410372254
https://openalex.org/W243713038
https://openalex.org/W291421811
https://openalex.org/W3150584306
https://openalex.org/W3167326021
https://openalex.org/W3203752808
https://openalex.org/W1952416919
https://openalex.org/W1975358602
https://openalex.org/W2013599753
https://openalex.org/W2016518930
https://openalex.org/W2027484524
https://openalex.org/W2234235479
https://openalex.org/W2318526853
https://openalex.org/W2324046741
https://openalex.org/W2334127224
https://openalex.org/W2398297006
https://openalex.org/W2427496851
https://openalex.org/W2461024681
https://openalex.org/W1836513219
https://openalex.org/W2014348765
https://openalex.org/W2099496172
https://openalex.org/W2162641587
https://openalex.org/W2500288857
https://openalex.org/W1012735569
https://openalex.org/W117236309
https://openalex.org/W1195107796
https://openalex.org/W1275415293
https://openalex.org/W1488892724
https://openalex.org/W1522082558
https://openalex.org/W1544541417
https://openalex.org/W1555476161
https://openalex.org/W1564716772
https://openalex.org/W1601392021
https://openalex.org/W1607341468
https://openalex.org/W1659450822
https://openalex.org/W1674291084
https://openalex.org/W1687937603
https://openalex.org/W1773302148
https://openalex.org/W1796046564
https://openalex.org/W1804729514
https://openalex.org/W1967231629
https://openalex.org/W1976739236
https://openalex.org/W1991894880
https://openalex.org/W1993455804
https://openalex.org/W2001692241
https://openalex.org/W2006899349
https://openalex.org/W2021672393
https://openalex.org/W2025854460
https://openalex.org/W2028661408
https://openalex.org/W2031850673
https://openalex.org/W2038831001
https://openalex.org/W2052737272
https://openalex.org/W2060341436
https://openalex.org/W2064646649
https://openalex.org/W2065187558
https://openalex.org/W2075683945
https://openalex.org/W2084436061
https://openalex.org/W2087255691
https://openalex.org/W2088907163
https://openalex.org/W2102736609
https://openalex.org/W2112630251
https://openalex.org/W2118162649
https://openalex.org/W2159943467
https://openalex.org/W2179063983
https://openalex.org/W2181104641
https://openalex.org/W2183642468
https://openalex.org/W2184495393
https://openalex.org/W2225333551
https://openalex.org/W2245731493
https://openalex.org/W2258133645
https://openalex.org/W2266981639
https://openalex.org/W2286717363
https://openalex.org/W2294119141
https://openalex.org/W2296342033
https://openalex.org/W2306057224
https://openalex.org/W2307158231
https://openalex.org/W2316273474
https://openalex.org/W2317824992
https://openalex.org/W2317915064
https://openalex.org/W2320010711
https://openalex.org/W2320286369
https://openalex.org/W2323644507
https://openalex.org/W2324338649
https://openalex.org/W2327535767
https://openalex.org/W2328758965
https://openalex.org/W2329408351
https://openalex.org/W2331176176
https://openalex.org/W2333727644
https://openalex.org/W2336542747
https://openalex.org/W2337523452
https://openalex.org/W2338840327
https://openalex.org/W2341898479
https://openalex.org/W2344953178
https://openalex.org/W2346912271
https://openalex.org/W2394945907
https://openalex.org/W2396532757
https://openalex.org/W2399487583
https://openalex.org/W2408772586
https://openalex.org/W2411866598
https://openalex.org/W2413071923
https://openalex.org/W2414849824
https://openalex.org/W2415008872
https://openalex.org/W2416414800
https://openalex.org/W2429280810
https://openalex.org/W2473472172
https://openalex.org/W2486179341
https://openalex.org/W2506712615
https://openalex.org/W2510488622
https://openalex.org/W2511798637
https://openalex.org/W2517144077
https://openalex.org/W2518419348
https://openalex.org/W2541970691
https://openalex.org/W2551467290
https://openalex.org/W2554207838
https://openalex.org/W2558318791
https://openalex.org/W2560010969
https://openalex.org/W2562906471
https://openalex.org/W2563574078
https://openalex.org/W2565701156
https://openalex.org/W2569919097
https://openalex.org/W2581171522
https://openalex.org/W2586997710
https://openalex.org/W2591310378
https://openalex.org/W2591378168
https://openalex.org/W2594550736
https://openalex.org/W2597806343
https://openalex.org/W2599271067
https://openalex.org/W2600062534
https://openalex.org/W2656324080
https://openalex.org/W2687530207
https://openalex.org/W2744184775
https://openalex.org/W2747382050
https://openalex.org/W2747767632
https://openalex.org/W2747876475
https://openalex.org/W2748761936
https://openalex.org/W2750062888
https://openalex.org/W2751788402
https://openalex.org/W2766114547
https://openalex.org/W2767429296
https://openalex.org/W2768343589
https://openalex.org/W2768682691
https://openalex.org/W2786264615
https://openalex.org/W2791831024
https://openalex.org/W2796761018
https://openalex.org/W2797009073
https://openalex.org/W2951336227
https://openalex.org/W2966404658
https://openalex.org/W2972044385
https://openalex.org/W2974631538
https://openalex.org/W2977654331
https://openalex.org/W2978006664
https://openalex.org/W2978492762
https://openalex.org/W2978592356
https://openalex.org/W2979028211
https://openalex.org/W2979150722
https://openalex.org/W2980975066
https://openalex.org/W3009898921
https://openalex.org/W307384307
https://openalex.org/W3121176771
https://openalex.org/W3143336781
https://openalex.org/W3144233975
https://openalex.org/W3147971315
https://openalex.org/W3148837818
https://openalex.org/W3149661294
https://openalex.org/W3166018173
https://openalex.org/W3175108392
https://openalex.org/W3176413681
https://openalex.org/W3179661598
https://openalex.org/W3199550567
https://openalex.org/W4205634610
https://openalex.org/W4235705752
https://openalex.org/W4236355831
https://openalex.org/W4297803727
https://openalex.org/W4394087938
https://openalex.org/W4394133323
https://openalex.org/W4394184357
https://openalex.org/W4395040025
https://openalex.org/W647922945
https://openalex.org/W7377393
https://openalex.org/W784859662
https://openalex.org/W811267899
https://openalex.org/W867237664
https://openalex.org/W957649380
https://openalex.org/W181350869
https://openalex.org/W2094759777
https://openalex.org/W2139378797
https://openalex.org/W2331509516
https://openalex.org/W2400942448
https://openalex.org/W2437622564
https://openalex.org/W2517020171
https://openalex.org/W314890788
https://openalex.org/W34679854
https://openalex.org/W4298726214
https://openalex.org/W2139892279
https://openalex.org/W2417734666
https://openalex.org/W121136149
https://openalex.org/W1519250781
https://openalex.org/W1584315421
https://openalex.org/W1584521011
https://openalex.org/W1605713434
https://openalex.org/W1624080682
https://openalex.org/W1812746984
https://openalex.org/W1966377323
https://openalex.org/W1967943715
https://openalex.org/W1978251903
https://openalex.org/W1979057726
https://openalex.org/W1983625820
https://openalex.org/W1992264737
https://openalex.org/W2008394330
https://openalex.org/W2009920980
https://openalex.org/W2017201022
https://openalex.org/W2023156432
https://openalex.org/W2025595058
https://openalex.org/W2027895983
https://openalex.org/W2036035514
https://openalex.org/W2036598660
https://openalex.org/W2043381080
https://openalex.org/W2049476917
https://openalex.org/W2050531868
https://openalex.org/W2052358854
https://openalex.org/W2075525720
https://openalex.org/W2077442633
https://openalex.org/W2082469707
https://openalex.org/W2082741782
https://openalex.org/W2084801279
https://openalex.org/W2084945593
https://openalex.org/W2089865654
https://openalex.org/W2090598467
https://openalex.org/W2095617076
https://openalex.org/W2095885332
https://openalex.org/W2096027609
https://openalex.org/W2106421080
https://openalex.org/W2144233504
https://openalex.org/W2144446550
https://openalex.org/W2151207411
https://openalex.org/W2161258728
https://openalex.org/W2175199410
https://openalex.org/W2210042374
https://openalex.org/W2217181238
https://openalex.org/W2240387445
https://openalex.org/W2242413435
https://openalex.org/W2296178373
https://openalex.org/W2312887776
https://openalex.org/W2313526848
https://openalex.org/W2313569370
https://openalex.org/W2313644892
https://openalex.org/W2315928844
https://openalex.org/W2316556609
https://openalex.org/W2317059127
https://openalex.org/W2317996456
https://openalex.org/W2320829183
https://openalex.org/W2321016815
https://openalex.org/W2321395290
https://openalex.org/W2322569052
https://openalex.org/W2323003435
https://openalex.org/W2323643201
https://openalex.org/W2327705788
https://openalex.org/W2328064429
https://openalex.org/W2328262553
https://openalex.org/W2328625292
https://openalex.org/W2329140396
https://openalex.org/W2329643702
https://openalex.org/W2330626735
https://openalex.org/W2330692638
https://openalex.org/W2331696970
https://openalex.org/W2331722247
https://openalex.org/W2331872637
https://openalex.org/W2333443180
https://openalex.org/W2335745079
https://openalex.org/W2339124746
https://openalex.org/W2399040906
https://openalex.org/W2411860140
https://openalex.org/W2413209195
https://openalex.org/W2413672516
https://openalex.org/W2418305403
https://openalex.org/W2439070710
https://openalex.org/W2469842414
https://openalex.org/W2501525605
https://openalex.org/W2566854342
https://openalex.org/W2567749708
https://openalex.org/W2586204213
https://openalex.org/W2589873986
https://openalex.org/W2627718759
https://openalex.org/W2685444994
https://openalex.org/W2694844931
https://openalex.org/W2713976708
https://openalex.org/W2753858149
https://openalex.org/W2902808862
https://openalex.org/W2903794232
https://openalex.org/W2916413906
https://openalex.org/W2918943223
https://openalex.org/W2923109866
https://openalex.org/W2944821680
https://openalex.org/W2950818078
https://openalex.org/W3022077922
https://openalex.org/W3023949717
https://openalex.org/W3112083246
https://openalex.org/W3137425116
https://openalex.org/W3140255892
https://openalex.org/W3140988742
https://openalex.org/W3142548969
https://openalex.org/W3145358793
https://openalex.org/W3145585319
https://openalex.org/W3151910084
https://openalex.org/W3174538654
https://openalex.org/W3174817427
https://openalex.org/W3177156127
https://openalex.org/W318313203
https://openalex.org/W4205665295
https://openalex.org/W4233197621
https://openalex.org/W4236680162
https://openalex.org/W4239456670
https://openalex.org/W4292490557
https://openalex.org/W4313351783
https://openalex.org/W572857697
https://openalex.org/W57490727
https://openalex.org/W64142523
https://openalex.org/W767021832
https://openalex.org/W78096888
https://openalex.org/W908755077
https://openalex.org/W92817480
https://openalex.org/W990999654
https://openalex.org/W1973483884
https://openalex.org/W2006261960
https://openalex.org/W2014932307
https://openalex.org/W2028743010
https://openalex.org/W2105363363
https://openalex.org/W2319607913
https://openalex.org/W2326882255
https://openalex.org/W2335552080
https://openalex.org/W2403875713
https://openalex.org/W4240152194
https://openalex.org/W56481354
https://openalex.org/W1965024212
https://openalex.org/W1966894710
https://openalex.org/W2141001356
https://openalex.org/W2172932800
https://openalex.org/W2313803298
https://openalex.org/W2315056505
https://openalex.org/W2321457818
https://openalex.org/W2332051229
https://openalex.org/W2332304661
https://openalex.org/W2332659923
https://openalex.org/W2403716656
https://openalex.org/W2412434840
https://openalex.org/W2439969436
https://openalex.org/W2803453626
https://openalex.org/W29647729
https://openalex.org/W4244659554
https://openalex.org/W55769882
https://openalex.org/W1621270539
https://openalex.org/W1819631391
https://openalex.org/W1963776615
https://openalex.org/W1973626156
https://openalex.org/W2007945890
https://openalex.org/W2042325289
https://openalex.org/W2054673910
https://openalex.org/W2078978122
https://openalex.org/W2086430175
https://openalex.org/W2092048943
https://openalex.org/W2110568553
https://openalex.org/W2117167971
https://openalex.org/W2286911953
https://openalex.org/W2401665224
https://openalex.org/W2406087055
https://openalex.org/W2412004666
https://openalex.org/W2412439506
https://openalex.org/W2414220894
https://openalex.org/W2422021881
https://openalex.org/W2526893298
https://openalex.org/W2531891923
https://openalex.org/W2570545300
https://openalex.org/W2572135754
https://openalex.org/W2574190046
https://openalex.org/W2577032468
https://openalex.org/W2578075840
https://openalex.org/W2583049436
https://openalex.org/W2584603319
https://openalex.org/W2586547014
https://openalex.org/W2587182122
https://openalex.org/W2594995553
https://openalex.org/W2602103996
https://openalex.org/W2605692461
https://openalex.org/W2605985635
https://openalex.org/W2610241498
https://openalex.org/W2611268284
https://openalex.org/W2617609953
https://openalex.org/W2739758397
https://openalex.org/W2742238561
https://openalex.org/W2743364112
https://openalex.org/W2746060780
https://openalex.org/W2746459344
https://openalex.org/W2746961709
https://openalex.org/W2748190445
https://openalex.org/W2750062359
https://openalex.org/W2750694130
https://openalex.org/W2750736797
https://openalex.org/W2751090468
https://openalex.org/W2751432323
https://openalex.org/W2752343132
https://openalex.org/W2753009044
https://openalex.org/W2753594261
https://openalex.org/W2762176047
https://openalex.org/W2768705959
https://openalex.org/W2770801384
https://openalex.org/W2776951753
https://openalex.org/W2783074316
https://openalex.org/W2787688803
https://openalex.org/W2789439361
https://openalex.org/W2791060117
https://openalex.org/W2797756634
https://openalex.org/W2809968974
https://openalex.org/W2900847870
https://openalex.org/W2905921698
https://openalex.org/W2915695345
https://openalex.org/W2943128160
https://openalex.org/W2948949152
https://openalex.org/W2950683480
https://openalex.org/W2952692948
https://openalex.org/W2979068919
https://openalex.org/W3016311091
https://openalex.org/W3027998995
https://openalex.org/W3032140691
https://openalex.org/W3107357785
https://openalex.org/W3139035880
https://openalex.org/W3156176530
https://openalex.org/W3161024068
https://openalex.org/W3162371325
https://openalex.org/W3193745027
https://openalex.org/W3194913030
https://openalex.org/W4236250460
https://openalex.org/W4387726096
https://openalex.org/W2320383195
https://openalex.org/W2320545473
https://openalex.org/W2327892974
https://openalex.org/W2785740858
https://openalex.org/W2801495381
https://openalex.org/W335408646
https://openalex.org/W1183426888
https://openalex.org/W1248244916
https://openalex.org/W1656465732
https://openalex.org/W1911776826
https://openalex.org/W1966373547
https://openalex.org/W1967454600
https://openalex.org/W1972205462
https://openalex.org/W1976335789
https://openalex.org/W1983907405
https://openalex.org/W1984140854
https://openalex.org/W1988624428
https://openalex.org/W1998668710
https://openalex.org/W2005436893
https://openalex.org/W2008432158
https://openalex.org/W2026312823
https://openalex.org/W203458105
https://openalex.org/W2065343410
https://openalex.org/W2070071120
https://openalex.org/W2096267185
https://openalex.org/W2155204015
https://openalex.org/W2169380043
https://openalex.org/W2170143225
https://openalex.org/W2247147506
https://openalex.org/W2260726279
https://openalex.org/W2274298977
https://openalex.org/W2302787724
https://openalex.org/W2313261035
https://openalex.org/W2317608522
https://openalex.org/W2319462193
https://openalex.org/W2322067456
https://openalex.org/W2412021237
https://openalex.org/W2413060290
https://openalex.org/W249832067
https://openalex.org/W2532517611
https://openalex.org/W2555628051
https://openalex.org/W2588841286
https://openalex.org/W2743035519
https://openalex.org/W2917226837
https://openalex.org/W2919813931
https://openalex.org/W3017061968
https://openalex.org/W3047451249
https://openalex.org/W3084986774
https://openalex.org/W3141868382
https://openalex.org/W3143889776
https://openalex.org/W3153188613
https://openalex.org/W3157052200
https://openalex.org/W3189068035
https://openalex.org/W3200933
https://openalex.org/W3204320851
https://openalex.org/W4206551349
https://openalex.org/W4206708454
https://openalex.org/W4210875200
https://openalex.org/W4210968173
https://openalex.org/W4210995848
https://openalex.org/W4211239622
https://openalex.org/W4212900357
https://openalex.org/W4213412509
https://openalex.org/W4214910947
https://openalex.org/W4220696784
https://openalex.org/W4220714366
https://openalex.org/W4220726458
https://openalex.org/W4220742255
https://openalex.org/W4220756808
https://openalex.org/W4220762691
https://openalex.org/W4220783015
https://openalex.org/W4220783437
https://openalex.org/W4220817254
https://openalex.org/W4220819742
https://openalex.org/W4220855920
https://openalex.org/W4220857492
https://openalex.org/W4220887400
https://openalex.org/W4220910198
https://openalex.org/W4220946705
https://openalex.org/W4220949594
https://openalex.org/W4220952798
https://openalex.org/W4220968066
https://openalex.org/W4220996919
https://openalex.org/W4221001969
https://openalex.org/W4221014703
https://openalex.org/W4221017492
https://openalex.org/W4221128095
https://openalex.org/W4226034721
https://openalex.org/W4226381500
https://openalex.org/W4234308924
https://openalex.org/W4239015872
https://openalex.org/W4247440150
https://openalex.org/W4280525705
https://openalex.org/W4280550391
https://openalex.org/W4281789579
https://openalex.org/W4282959118
https://openalex.org/W4282977017
https://openalex.org/W4283162105
https://openalex.org/W4283372461
https://openalex.org/W4283764900
https://openalex.org/W4285104888
https://openalex.org/W4285212967
https://openalex.org/W4286250622
https://openalex.org/W4286295507
https://openalex.org/W4286312124
https://openalex.org/W4286517169
https://openalex.org/W4290860995
https://openalex.org/W4293179065
https://openalex.org/W4293205949
https://openalex.org/W4293555825
https://openalex.org/W4294591570
https://openalex.org/W4294975289
https://openalex.org/W4295725705
https://openalex.org/W4295751934
https://openalex.org/W4298395791
https://openalex.org/W4301182542
https://openalex.org/W4301366251
https://openalex.org/W4302424520
https://openalex.org/W4303958949
https://openalex.org/W4306399163
https://openalex.org/W4307893911
https://openalex.org/W4308424871
https://openalex.org/W4309167486
https://openalex.org/W4309312077
https://openalex.org/W4310778972
https://openalex.org/W4311287836
https://openalex.org/W4312119556
https://openalex.org/W4312469626
https://openalex.org/W4312637058
https://openalex.org/W4377966035
https://openalex.org/W43875305
https://openalex.org/W4392935684
https://openalex.org/W4393029724
https://openalex.org/W4394091635
https://openalex.org/W4394095289
https://openalex.org/W4394140998
https://openalex.org/W4394224429
https://openalex.org/W4394262233
https://openalex.org/W4394273651
https://openalex.org/W4394286423
https://openalex.org/W4394374576
https://openalex.org/W4394413722
https://openalex.org/W4394476039
https://openalex.org/W4394478181
https://openalex.org/W1658412940
https://openalex.org/W1967768127
https://openalex.org/W2002166520
https://openalex.org/W2093709372
https://openalex.org/W2320593990
https://openalex.org/W2425896424
https://openalex.org/W2516260714
https://openalex.org/W281814729
https://openalex.org/W2949219480
https://openalex.org/W3041193346
https://openalex.org/W1781822907
https://openalex.org/W1998333009
https://openalex.org/W2054371136
https://openalex.org/W2061766957
https://openalex.org/W2088277075
https://openalex.org/W2095218041
https://openalex.org/W2182849582
https://openalex.org/W2187366968
https://openalex.org/W2234042339
https://openalex.org/W2399318917
https://openalex.org/W2408710605
https://openalex.org/W2463734814
https://openalex.org/W2467498330
https://openalex.org/W2470456277
https://openalex.org/W2471200765
https://openalex.org/W2561241373
https://openalex.org/W2562819078
https://openalex.org/W2566662450
https://openalex.org/W2739993981
https://openalex.org/W2745026280
https://openalex.org/W2790379500
https://openalex.org/W2791714355
https://openalex.org/W2795557975
https://openalex.org/W2799984804
https://openalex.org/W2801338630
https://openalex.org/W2802246105
https://openalex.org/W2802314980
https://openalex.org/W2802627950
https://openalex.org/W2803684871
https://openalex.org/W2804442141
https://openalex.org/W2808620596
https://openalex.org/W2808812934
https://openalex.org/W2809729573
https://openalex.org/W2811348375
https://openalex.org/W2883714065
https://openalex.org/W2885326040
https://openalex.org/W2885381752
https://openalex.org/W2889204652
https://openalex.org/W2889291074
https://openalex.org/W2897015930
https://openalex.org/W2899441154
https://openalex.org/W2899928053
https://openalex.org/W2901593320
https://openalex.org/W2905563485
https://openalex.org/W2911929569
https://openalex.org/W2912622979
https://openalex.org/W2912971860
https://openalex.org/W2914685829
https://openalex.org/W2914991536
https://openalex.org/W2943460583
https://openalex.org/W2944124438
https://openalex.org/W2944238333
https://openalex.org/W2945301654
https://openalex.org/W2948028813
https://openalex.org/W2949446980
https://openalex.org/W2949731516
https://openalex.org/W2949795508
https://openalex.org/W2950458406
https://openalex.org/W2951145129
https://openalex.org/W2951190473
https://openalex.org/W2952099017
https://openalex.org/W2953164235
https://openalex.org/W2956074425
https://openalex.org/W2963281812
https://openalex.org/W2967977589
https://openalex.org/W2970809353
https://openalex.org/W2971081310
https://openalex.org/W2972005554
https://openalex.org/W2972472581
https://openalex.org/W2973008866
https://openalex.org/W2973103120
https://openalex.org/W2978143377
https://openalex.org/W2978297061
https://openalex.org/W2979385249
https://openalex.org/W2979517434
https://openalex.org/W2981294404
https://openalex.org/W2989650305
https://openalex.org/W2995622635
https://openalex.org/W2995896475
https://openalex.org/W2995945340
https://openalex.org/W3001700
https://openalex.org/W3003368841
https://openalex.org/W3021074237
https://openalex.org/W3025169437
https://openalex.org/W3037301750
https://openalex.org/W3038407868
https://openalex.org/W3085830671
https://openalex.org/W3087687079
https://openalex.org/W3105203710
https://openalex.org/W3112104588
https://openalex.org/W3133169866
https://openalex.org/W3158315387
https://openalex.org/W3161009280
https://openalex.org/W3167739079
https://openalex.org/W3171814841
https://openalex.org/W3181007845
https://openalex.org/W3202384376
https://openalex.org/W3210233826
https://openalex.org/W3210831969
https://openalex.org/W3217301758
https://openalex.org/W4238086095
https://openalex.org/W4241023483
https://openalex.org/W4242400639
https://openalex.org/W4288107892
https://openalex.org/W4299732162
https://openalex.org/W4393517286
https://openalex.org/W4393663553
https://openalex.org/W4394290513
https://openalex.org/W4394338260
https://openalex.org/W4394417986
https://openalex.org/W63846014
https://openalex.org/W1993973733
https://openalex.org/W2001279702
https://openalex.org/W2013289576
https://openalex.org/W2027453039
https://openalex.org/W2058754816
https://openalex.org/W2069083995
https://openalex.org/W2154929175
https://openalex.org/W2326006838
https://openalex.org/W2401917831
https://openalex.org/W2413950704
https://openalex.org/W2417132539
https://openalex.org/W2417660180
https://openalex.org/W2417782824
https://openalex.org/W2417982756
https://openalex.org/W2434275910
https://openalex.org/W2467865407
https://openalex.org/W2514497220
https://openalex.org/W2516036548
https://openalex.org/W2922413264
https://openalex.org/W3162489903
https://openalex.org/W41426714
https://openalex.org/W4240438690
https://openalex.org/W1493554156
https://openalex.org/W1520314632
https://openalex.org/W1570158379
https://openalex.org/W1592380770
https://openalex.org/W2012937691
https://openalex.org/W2060470590
https://openalex.org/W2074982818
https://openalex.org/W2174543624
https://openalex.org/W2188650571
https://openalex.org/W2625399678
https://openalex.org/W2665909700
https://openalex.org/W2895915634
https://openalex.org/W2949266882
https://openalex.org/W2999043191
https://openalex.org/W3001259443
https://openalex.org/W3003976954
https://openalex.org/W3006218829
https://openalex.org/W3007505082
https://openalex.org/W3008149918
https://openalex.org/W3008641018
https://openalex.org/W3008907021
https://openalex.org/W3011857692
https://openalex.org/W3012862019
https://openalex.org/W3013146237
https://openalex.org/W3018626623
https://openalex.org/W3026697882
https://openalex.org/W3028507606
https://openalex.org/W3029654757
https://openalex.org/W3030994888
https://openalex.org/W3033978246
https://openalex.org/W3042077298
https://openalex.org/W3042107093
https://openalex.org/W3043895448
https://openalex.org/W3044726119
https://openalex.org/W3044827931
https://openalex.org/W3047733860
https://openalex.org/W3082311342
https://openalex.org/W3083314695
https://openalex.org/W3083747014
https://openalex.org/W3084661825
https://openalex.org/W3089365251
https://openalex.org/W3090348386
https://openalex.org/W3093312247
https://openalex.org/W3097629894
https://openalex.org/W3105719283
https://openalex.org/W3108282908
https://openalex.org/W3108742049
https://openalex.org/W3112478377
https://openalex.org/W3113680467
https://openalex.org/W3135601190
https://openalex.org/W3147510789
https://openalex.org/W3160897109
https://openalex.org/W3170871374
https://openalex.org/W3173985790
https://openalex.org/W3184218432
https://openalex.org/W3192830244
https://openalex.org/W3201309921
https://openalex.org/W379032319
https://openalex.org/W4205194817
https://openalex.org/W4206689652
https://openalex.org/W4210699929
https://openalex.org/W4213220548
https://openalex.org/W4231269236
https://openalex.org/W4231656914
https://openalex.org/W4236805545
https://openalex.org/W4236934846
https://openalex.org/W4242225137
https://openalex.org/W4244426892
https://openalex.org/W4287818894
https://openalex.org/W4313373322
https://openalex.org/W4393464233
https://openalex.org/W4393749298
https://openalex.org/W4394110109
https://openalex.org/W4394148435
https://openalex.org/W4394243153
https://openalex.org/W1045342342
https://openalex.org/W1967515472
https://openalex.org/W2106016600
https://openalex.org/W2256892049
https://openalex.org/W2319649006
https://openalex.org/W2330878645
https://openalex.org/W2335101926
https://openalex.org/W2407427631
https://openalex.org/W2408904844
https://openalex.org/W2412856754
https://openalex.org/W2417800986
https://openalex.org/W2950486717
https://openalex.org/W72562153
https://openalex.org/W1507259807
https://openalex.org/W1515256685
https://openalex.org/W1544497577
https://openalex.org/W1727360799
https://openalex.org/W190099590
https://openalex.org/W1965325846
https://openalex.org/W1973770343
https://openalex.org/W1996425517
https://openalex.org/W2037952132
https://openalex.org/W2180941235
https://openalex.org/W2330975136
https://openalex.org/W2410146635
https://openalex.org/W2417320021
https://openalex.org/W2421694687
https://openalex.org/W2424477218
https://openalex.org/W2532212511
https://openalex.org/W2532626718
https://openalex.org/W2607249277
https://openalex.org/W2912452613
https://openalex.org/W2916062202
https://openalex.org/W2938454339
https://openalex.org/W2975087653
https://openalex.org/W2976217111
https://openalex.org/W3027109904
https://openalex.org/W346226494
https://openalex.org/W4250844280
https://openalex.org/W652594644
https://openalex.org/W777528215
https://openalex.org/W116585894
https://openalex.org/W1514143250
https://openalex.org/W155402042
https://openalex.org/W16052990
https://openalex.org/W160717767
https://openalex.org/W1607347623
https://openalex.org/W1733435504
https://openalex.org/W177105553
https://openalex.org/W1940837561
https://openalex.org/W1965681110
https://openalex.org/W1969545271
https://openalex.org/W1970192050
https://openalex.org/W198648395
https://openalex.org/W2048737648
https://openalex.org/W2142381348
https://openalex.org/W2183469949
https://openalex.org/W2188025979
https://openalex.org/W2316822882
https://openalex.org/W2401874407
https://openalex.org/W2422891679
https://openalex.org/W2462937785
https://openalex.org/W2468481395
https://openalex.org/W2517560130
https://openalex.org/W2581354959
https://openalex.org/W2595118861
https://openalex.org/W2624917650
https://openalex.org/W2626964819
https://openalex.org/W2911497043
https://openalex.org/W3118869111
https://openalex.org/W3127935051
https://openalex.org/W3129938835
https://openalex.org/W3133787074
https://openalex.org/W3135528603
https://openalex.org/W3135895648
https://openalex.org/W3136592276
https://openalex.org/W3136850038
https://openalex.org/W3136998575
https://openalex.org/W3137193871
https://openalex.org/W3137283030
https://openalex.org/W3137853410
https://openalex.org/W3152592958
https://openalex.org/W3157122294
https://openalex.org/W3158416054
https://openalex.org/W3163784851
https://openalex.org/W3165860569
https://openalex.org/W3167632142
https://openalex.org/W3170972881
https://openalex.org/W3172007391
https://openalex.org/W3175057443
https://openalex.org/W3179589036
https://openalex.org/W3186367757
https://openalex.org/W3189776413
https://openalex.org/W3194679650
https://openalex.org/W3197159398
https://openalex.org/W3199156943
https://openalex.org/W3199562321
https://openalex.org/W3200164828
https://openalex.org/W3201783317
https://openalex.org/W3202710509
https://openalex.org/W3203621056
https://openalex.org/W3209320140
https://openalex.org/W3211354678
https://openalex.org/W3215119278
https://openalex.org/W4200361662
https://openalex.org/W4200471649
https://openalex.org/W4200542983
https://openalex.org/W4205092234
https://openalex.org/W4211215569
https://openalex.org/W4226429315
https://openalex.org/W4230687061
https://openalex.org/W4230711466
https://openalex.org/W4236432204
https://openalex.org/W4237409958
https://openalex.org/W4238326998
https://openalex.org/W4238510597
https://openalex.org/W4238667557
https://openalex.org/W4238877764
https://openalex.org/W4239499760
https://openalex.org/W4240277573
https://openalex.org/W4242319153
https://openalex.org/W4244298187
https://openalex.org/W4248871201
https://openalex.org/W4249789347
https://openalex.org/W4250533326
https://openalex.org/W4250537569
https://openalex.org/W4253151042
https://openalex.org/W4253353945
https://openalex.org/W4254640596
https://openalex.org/W4256637490
https://openalex.org/W4285445021
https://openalex.org/W4393476341
https://openalex.org/W4393793358
https://openalex.org/W4394096327
https://openalex.org/W4394125864
https://openalex.org/W4394128567
https://openalex.org/W4394201342
https://openalex.org/W4394246123
https://openalex.org/W4394246806
https://openalex.org/W4394377501
https://openalex.org/W1599993415
https://openalex.org/W175021715
https://openalex.org/W2034464664
https://openalex.org/W2312431236
https://openalex.org/W2320907085
https://openalex.org/W2321538810
https://openalex.org/W2405789663
https://openalex.org/W2406309487
https://openalex.org/W2440779955
https://openalex.org/W2467680253
https://openalex.org/W2471542601
https://openalex.org/W2479699688
https://openalex.org/W2529945879
https://openalex.org/W2603624053
https://openalex.org/W2605705795
https://openalex.org/W2730748678
https://openalex.org/W2783777398
https://openalex.org/W2949441198
https://openalex.org/W3022494877
https://openalex.org/W33067730
https://openalex.org/W4236582449
https://openalex.org/W4238751460
https://openalex.org/W4243569725
https://openalex.org/W4253704440
https://openalex.org/W4391626821
https://openalex.org/W595201395
https://openalex.org/W108667773
https://openalex.org/W2002548554
https://openalex.org/W2085437903
https://openalex.org/W215667557
https://openalex.org/W2400105506
https://openalex.org/W2412605484
https://openalex.org/W2418358641
https://openalex.org/W2474004744
https://openalex.org/W318744867
https://openalex.org/W65233850
https://openalex.org/W71315490
https://openalex.org/W111425701
https://openalex.org/W1143133019
https://openalex.org/W1512707536
https://openalex.org/W1996771784
https://openalex.org/W2079696858
https://openalex.org/W2166949795
https://openalex.org/W2313922388
https://openalex.org/W2320509512
https://openalex.org/W2320676522
https://openalex.org/W2321944150
https://openalex.org/W2324111615
https://openalex.org/W2330941107
https://openalex.org/W2331014882
https://openalex.org/W2335740488
https://openalex.org/W2398229827
https://openalex.org/W2403861220
https://openalex.org/W2403902917
https://openalex.org/W2412740995
https://openalex.org/W2417145092
https://openalex.org/W2418968437
https://openalex.org/W2423482081
https://openalex.org/W2430294705
https://openalex.org/W2444655530
https://openalex.org/W2489652694
https://openalex.org/W2522774144
https://openalex.org/W2559755717
https://openalex.org/W2793800844
https://openalex.org/W2801363471
https://openalex.org/W2926683648
https://openalex.org/W2949376263
https://openalex.org/W2949488178
https://openalex.org/W413063432
https://openalex.org/W604383923
https://openalex.org/W1171858104
https://openalex.org/W1472018750
https://openalex.org/W1644812011
https://openalex.org/W1979549259
https://openalex.org/W2037462432
https://openalex.org/W2043799942
https://openalex.org/W2067381408
https://openalex.org/W2085501475
https://openalex.org/W2124603461
https://openalex.org/W2283904728
https://openalex.org/W2317706625
https://openalex.org/W2319640099
https://openalex.org/W2320039937
https://openalex.org/W2320851388
https://openalex.org/W2321434078
https://openalex.org/W2327379034
https://openalex.org/W2328601706
https://openalex.org/W2334016796
https://openalex.org/W2405877861
https://openalex.org/W2407645768
https://openalex.org/W2412154766
https://openalex.org/W2413089266
https://openalex.org/W2416298299
https://openalex.org/W2419601887
https://openalex.org/W2424243955
https://openalex.org/W2433869442
https://openalex.org/W2465284954
https://openalex.org/W2472679669
https://openalex.org/W2505284916
https://openalex.org/W2507491745
https://openalex.org/W2508861586
https://openalex.org/W2526847010
https://openalex.org/W2558623641
https://openalex.org/W2782105769
https://openalex.org/W2799274228
https://openalex.org/W2808967044
https://openalex.org/W2889859352
https://openalex.org/W2916539278
https://openalex.org/W2940827458
https://openalex.org/W2951406964
https://openalex.org/W3140468492
https://openalex.org/W3151842815
https://openalex.org/W3160557954
https://openalex.org/W3209133370
https://openalex.org/W380234111
https://openalex.org/W4230349029
https://openalex.org/W4231046295
https://openalex.org/W4232580044
https://openalex.org/W4239227301
https://openalex.org/W4242519071
https://openalex.org/W4244492943
https://openalex.org/W4246951886
https://openalex.org/W4251699229
https://openalex.org/W4252464703
https://openalex.org/W55248278
https://openalex.org/W619463460
https://openalex.org/W635772508
https://openalex.org/W640788427
https://openalex.org/W94288338
https://openalex.org/W9494442
https://openalex.org/W1983170335
https://openalex.org/W1996966692
https://openalex.org/W2037501335
https://openalex.org/W2050161356
https://openalex.org/W208135631
https://openalex.org/W2315574653
https://openalex.org/W2327921067
https://openalex.org/W2334552635
https://openalex.org/W2340014275
https://openalex.org/W2399825148
https://openalex.org/W2400030344
https://openalex.org/W2403867770
https://openalex.org/W2411681946
https://openalex.org/W2411934135
https://openalex.org/W2418656212
https://openalex.org/W2431428857
https://openalex.org/W2434701645
https://openalex.org/W2438578411
https://openalex.org/W2461062014
https://openalex.org/W2513686560
https://openalex.org/W2515133273
https://openalex.org/W2522940229
https://openalex.org/W2606541815
https://openalex.org/W2952534959
https://openalex.org/W3022916815
https://openalex.org/W3035010073
https://openalex.org/W3035183543
https://openalex.org/W306014713
https://openalex.org/W3144043237
https://openalex.org/W3150412078
https://openalex.org/W3151544457
https://openalex.org/W3160287939
https://openalex.org/W3191927305
https://openalex.org/W3194532586
https://openalex.org/W381614161
https://openalex.org/W4232520494
https://openalex.org/W4233644435
https://openalex.org/W4244349077
https://openalex.org/W4250467214
https://openalex.org/W652928404
https://openalex.org/W963663347
https://openalex.org/W1437275403
https://openalex.org/W153405642
https://openalex.org/W1581060319
https://openalex.org/W1599007802
https://openalex.org/W160934944
https://openalex.org/W1610930473
https://openalex.org/W1865137144
https://openalex.org/W1985402055
https://openalex.org/W2013531890
https://openalex.org/W2027106778
https://openalex.org/W2033928911
https://openalex.org/W2038743053
https://openalex.org/W2088651324
https://openalex.org/W2093195592
https://openalex.org/W2094233694
https://openalex.org/W2135426973
https://openalex.org/W2157901509
https://openalex.org/W2170869584
https://openalex.org/W2275985442
https://openalex.org/W2312555956
https://openalex.org/W2312987691
https://openalex.org/W2313574040
https://openalex.org/W2315095637
https://openalex.org/W2315633269
https://openalex.org/W2315904094
https://openalex.org/W2321199108
https://openalex.org/W2321410254
https://openalex.org/W2323404888
https://openalex.org/W2325533106
https://openalex.org/W2326171503
https://openalex.org/W2328578234
https://openalex.org/W2329239262
https://openalex.org/W2330354770
https://openalex.org/W2333001631
https://openalex.org/W2335427646
https://openalex.org/W2395509133
https://openalex.org/W2398206858
https://openalex.org/W2398781969
https://openalex.org/W2400818896
https://openalex.org/W2403502674
https://openalex.org/W2407019488
https://openalex.org/W2410206460
https://openalex.org/W2412987371
https://openalex.org/W2413424215
https://openalex.org/W2414552707
https://openalex.org/W2415733017
https://openalex.org/W2418475070
https://openalex.org/W2419603265
https://openalex.org/W2427765396
https://openalex.org/W2431378953
https://openalex.org/W2438334311
https://openalex.org/W2440490521
https://openalex.org/W2443184956
https://openalex.org/W2461376582
https://openalex.org/W2462527108
https://openalex.org/W2462716292
https://openalex.org/W2462824798
https://openalex.org/W2463774377
https://openalex.org/W2466319155
https://openalex.org/W2470915085
https://openalex.org/W2475032394
https://openalex.org/W2515183022
https://openalex.org/W2518000003
https://openalex.org/W2518393324
https://openalex.org/W2553660445
https://openalex.org/W2588477978
https://openalex.org/W2594960350
https://openalex.org/W2597497343
https://openalex.org/W2598694594
https://openalex.org/W2607493051
https://openalex.org/W264572681
https://openalex.org/W2724984401
https://openalex.org/W2732221148
https://openalex.org/W2768072916
https://openalex.org/W3035531320
https://openalex.org/W3036599715
https://openalex.org/W3086042993
https://openalex.org/W3141568944
https://openalex.org/W3160215310
https://openalex.org/W3161306013
https://openalex.org/W3163153054
https://openalex.org/W3174464917
https://openalex.org/W3200629743
https://openalex.org/W345963679
https://openalex.org/W346640528
https://openalex.org/W392499337
https://openalex.org/W415725519
https://openalex.org/W4241187005
https://openalex.org/W4256335482
https://openalex.org/W42684458
https://openalex.org/W432829978
https://openalex.org/W590487125
https://openalex.org/W595122818
https://openalex.org/W600937765
https://openalex.org/W61316855
https://openalex.org/W655088789
https://openalex.org/W659602412
https://openalex.org/W809020822
https://openalex.org/W9127575
https://openalex.org/W2018563185
https://openalex.org/W2160917955
https://openalex.org/W2029805256
https://openalex.org/W2011010559
https://openalex.org/W4295201567
https://openalex.org/W2168509294
https://openalex.org/W2029844863
https://openalex.org/W2032671681
https://openalex.org/W2085108146
https://openalex.org/W1608109057
https://openalex.org/W2162468138
https://openalex.org/W2075640383
https://openalex.org/W2138520618
https://openalex.org/W2015407598
https://openalex.org/W2167738764
https://openalex.org/W2081678914
https://openalex.org/W2024129919
https://openalex.org/W2132330583
https://openalex.org/W2016336976
https://openalex.org/W2147304416
https://openalex.org/W1825346247
https://openalex.org/W2045966506
https://openalex.org/W2152053744
https://openalex.org/W2746545692
https://openalex.org/W2792266998
https://openalex.org/W2604469012
https://openalex.org/W2778254789
https://openalex.org/W3162833931
https://openalex.org/W3047590017
https://openalex.org/W3118991612
https://openalex.org/W4323543656
https://openalex.org/W4296699785
https://openalex.org/W4214482628
https://openalex.org/W4220813238
https://openalex.org/W2095076510
https://openalex.org/W2084420097
https://openalex.org/W1990697514
https://openalex.org/W1988060050
https://openalex.org/W1965639988
https://openalex.org/W2008610318
https://openalex.org/W2085668981
https://openalex.org/W2040293663
https://openalex.org/W1990696247
https://openalex.org/W1277224153
https://openalex.org/W1966117108
https://openalex.org/W1986541078
https://openalex.org/W2110872657
https://openalex.org/W2001512542
https://openalex.org/W1968457405
https://openalex.org/W2023546021
https://openalex.org/W2125409398
https://openalex.org/W2097439512
https://openalex.org/W1983082877
https://openalex.org/W2021417355
https://openalex.org/W2068626061
https://openalex.org/W2117971741
https://openalex.org/W2027226775
https://openalex.org/W4235550928
https://openalex.org/W1986123148
https://openalex.org/W2039410030
https://openalex.org/W2053995238
https://openalex.org/W1981870037
https://openalex.org/W2016596948
https://openalex.org/W2139895310
https://openalex.org/W1982246471
https://openalex.org/W2106736247
https://openalex.org/W2112480313
https://openalex.org/W2017988676
https://openalex.org/W2100276747
https://openalex.org/W2166988798
https://openalex.org/W2411679176
https://openalex.org/W2000303365
https://openalex.org/W2117767891
https://openalex.org/W2140731247
https://openalex.org/W1974727677
https://openalex.org/W2732778274
https://openalex.org/W2104996759
https://openalex.org/W2057971995
https://openalex.org/W2145441337
https://openalex.org/W2051733550
https://openalex.org/W4366064329
https://openalex.org/W1991130140
https://openalex.org/W2888933418
https://openalex.org/W2956507222
https://openalex.org/W1118914968
https://openalex.org/W2039104612
https://openalex.org/W2354088128
https://openalex.org/W2609304925
https://openalex.org/W2025240776
https://openalex.org/W2179346282
https://openalex.org/W2077498277
https://openalex.org/W2896306183
https://openalex.org/W2299239368
https://openalex.org/W1982682686
https://openalex.org/W3043358905
https://openalex.org/W2464011595
https://openalex.org/W2766839997
https://openalex.org/W2005817308
https://openalex.org/W2416496172
https://openalex.org/W2902135992
https://openalex.org/W3087499493
https://openalex.org/W2547306814
https://openalex.org/W2745437589
https://openalex.org/W3096160698
https://openalex.org/W2173330079
https://openalex.org/W2901655097
https://openalex.org/W2902111005
https://openalex.org/W3020436321
https://openalex.org/W2998874459
https://openalex.org/W3009099635
https://openalex.org/W3120505215
https://openalex.org/W3158233760
https://openalex.org/W4223570242
https://openalex.org/W4205955221
https://openalex.org/W4280653840
https://openalex.org/W4307581432
https://openalex.org/W4210800239
https://openalex.org/W4366083870
https://openalex.org/W4366382667
https://openalex.org/W4313367604
https://openalex.org/W4375956084
https://openalex.org/W4361268028
https://openalex.org/W4375851654
https://openalex.org/W4386736884
https://openalex.org/W4313334013
https://openalex.org/W4313568172
https://openalex.org/W4383058446
https://openalex.org/W4389467716
https://openalex.org/W4392762752
https://openalex.org/W1967392956
https://openalex.org/W1990659092
https://openalex.org/W2051823934
https://openalex.org/W2140680727
https://openalex.org/W2149904139
https://openalex.org/W2044849130
https://openalex.org/W1995859799
https://openalex.org/W2027547983
https://openalex.org/W2031509136
https://openalex.org/W1971042562
https://openalex.org/W2070882532
https://openalex.org/W1985336583
https://openalex.org/W1993119677
https://openalex.org/W2157386577
https://openalex.org/W1583215552
https://openalex.org/W2171287703
https://openalex.org/W2416483464
https://openalex.org/W2004341252
https://openalex.org/W2069485773
https://openalex.org/W1580373248
https://openalex.org/W2043242009
https://openalex.org/W2070422985
https://openalex.org/W2168807942
https://openalex.org/W2169639937
https://openalex.org/W1980846803
https://openalex.org/W1976049374
https://openalex.org/W1976901460
https://openalex.org/W2099214661
https://openalex.org/W2165013236
https://openalex.org/W2010436122
https://openalex.org/W2132745165
https://openalex.org/W2139025609
https://openalex.org/W1986689694
https://openalex.org/W2015681499
https://openalex.org/W2084061701
https://openalex.org/W2051197894
https://openalex.org/W2069451559
https://openalex.org/W1975974795
https://openalex.org/W2038670699
https://openalex.org/W2082658142
https://openalex.org/W2161818169
https://openalex.org/W2797580905
https://openalex.org/W2239509594
https://openalex.org/W2515625518
https://openalex.org/W2778670493
https://openalex.org/W2765880325
https://openalex.org/W1993399691
https://openalex.org/W2897586350
https://openalex.org/W2578191175
https://openalex.org/W2620138513
https://openalex.org/W2555661108
https://openalex.org/W2808121117
https://openalex.org/W2604249439
https://openalex.org/W2587669746
https://openalex.org/W2617083412
https://openalex.org/W2810609885
https://openalex.org/W2889280047
https://openalex.org/W2480805260
https://openalex.org/W2553338095
https://openalex.org/W2901087967
https://openalex.org/W2769395117
https://openalex.org/W2903438424
https://openalex.org/W3015650736
https://openalex.org/W3043411325
https://openalex.org/W2999869339
https://openalex.org/W3005242358
https://openalex.org/W3011047278
https://openalex.org/W2996894305
https://openalex.org/W3014685096
https://openalex.org/W3011017471
https://openalex.org/W2998705371
https://openalex.org/W3043113211
https://openalex.org/W3081275109
https://openalex.org/W3207599257
https://openalex.org/W3193129559
https://openalex.org/W3119925256
https://openalex.org/W3139426233
https://openalex.org/W301642044
https://openalex.org/W3202303826
https://openalex.org/W4226257974
https://openalex.org/W2313844154
https://openalex.org/W3204886854
https://openalex.org/W4283219344
https://openalex.org/W4205762023
https://openalex.org/W4296622033
https://openalex.org/W4310928250
https://openalex.org/W4311138858
https://openalex.org/W4380150875
https://openalex.org/W4318751560
https://openalex.org/W4320040049
https://openalex.org/W4390141858
https://openalex.org/W4390277788
https://openalex.org/W4390607213
https://openalex.org/W4390984560
https://openalex.org/W4391257848
https://openalex.org/W4391475174
https://openalex.org/W4392507907
https://openalex.org/W2074152831
https://openalex.org/W2257525182
https://openalex.org/W2023878686
https://openalex.org/W2020770907
https://openalex.org/W2012298749
https://openalex.org/W2020994196
https://openalex.org/W2161277387
https://openalex.org/W2070447912
https://openalex.org/W2136263359
https://openalex.org/W2049118839
https://openalex.org/W2107768574
https://openalex.org/W1918468178
https://openalex.org/W2402598618
https://openalex.org/W2072265680
https://openalex.org/W1998641104
https://openalex.org/W2131343226
https://openalex.org/W1991276289
https://openalex.org/W2082249614
https://openalex.org/W2087809370
https://openalex.org/W4248999784
https://openalex.org/W2011308985
https://openalex.org/W1993956641
https://openalex.org/W1987603026
https://openalex.org/W2015457963
https://openalex.org/W1977203908
https://openalex.org/W1987850210
https://openalex.org/W2078405170
https://openalex.org/W2096680772
https://openalex.org/W2121225175
https://openalex.org/W1990935355
https://openalex.org/W2015728978
https://openalex.org/W1978515359
https://openalex.org/W2043195181
https://openalex.org/W1276872534
https://openalex.org/W1980413963
https://openalex.org/W1984133614
https://openalex.org/W2155186739
https://openalex.org/W2263569243
https://openalex.org/W2339185065
https://openalex.org/W2143536092
https://openalex.org/W1994743438
https://openalex.org/W2768685081
https://openalex.org/W2153064445
https://openalex.org/W2589343226
https://openalex.org/W2518079752
https://openalex.org/W2570326271
https://openalex.org/W2604669718
https://openalex.org/W2793388250
https://openalex.org/W2950471149
https://openalex.org/W2999002177
https://openalex.org/W3022306531
https://openalex.org/W3087250227
https://openalex.org/W3207631461
https://openalex.org/W3204126640
https://openalex.org/W3216051146
https://openalex.org/W3194035097
https://openalex.org/W4225087073
https://openalex.org/W4221034538
https://openalex.org/W4293062242
https://openalex.org/W4323345614
https://openalex.org/W4361190967
https://openalex.org/W4364377374
https://openalex.org/W2146799686
https://openalex.org/W2040944967
https://openalex.org/W1501462828
https://openalex.org/W2132395939
https://openalex.org/W2033644813
https://openalex.org/W2072695203
https://openalex.org/W2009178899
https://openalex.org/W2024571007
https://openalex.org/W2166066712
https://openalex.org/W2132834963
https://openalex.org/W2030105120
https://openalex.org/W2024159061
https://openalex.org/W2061454955
https://openalex.org/W2167777055
https://openalex.org/W2059635775
https://openalex.org/W2001782250
https://openalex.org/W1968851954
https://openalex.org/W1968885090
https://openalex.org/W2068774536
https://openalex.org/W1996501093
https://openalex.org/W2063461737
https://openalex.org/W2072944932
https://openalex.org/W2089346872
https://openalex.org/W2137605207
https://openalex.org/W1543349617
https://openalex.org/W2111486494
https://openalex.org/W2168898546
https://openalex.org/W2022863478
https://openalex.org/W1996435475
https://openalex.org/W2014714559
https://openalex.org/W2072354319
https://openalex.org/W2114619672
https://openalex.org/W2411658439
https://openalex.org/W1993306202
https://openalex.org/W2114186638
https://openalex.org/W2006255628
https://openalex.org/W2027886093
https://openalex.org/W2091161589
https://openalex.org/W2465328398
https://openalex.org/W2561568853
https://openalex.org/W2682688117
https://openalex.org/W2065288017
https://openalex.org/W2142208901
https://openalex.org/W2611034593
https://openalex.org/W2753840400
https://openalex.org/W2897599900
https://openalex.org/W2284050463
https://openalex.org/W2506136402
https://openalex.org/W2982026083
https://openalex.org/W2288000928
https://openalex.org/W2510525527
https://openalex.org/W2602346602
https://openalex.org/W2994422262
https://openalex.org/W2991246069
https://openalex.org/W2950143268
https://openalex.org/W2907859850
https://openalex.org/W2952630069
https://openalex.org/W2976505742
https://openalex.org/W2987931345
https://openalex.org/W3001863881
https://openalex.org/W3032409520
https://openalex.org/W3007657682
https://openalex.org/W3032024738
https://openalex.org/W3042121232
https://openalex.org/W3129299957
https://openalex.org/W3171090202
https://openalex.org/W3200804094
https://openalex.org/W3095367904
https://openalex.org/W3090773823
https://openalex.org/W3136372750
https://openalex.org/W3159874333
https://openalex.org/W3199066055
https://openalex.org/W4206500008
https://openalex.org/W4281399419
https://openalex.org/W4283208018
https://openalex.org/W4308125182
https://openalex.org/W4226034353
https://openalex.org/W4200421860
https://openalex.org/W4206517288
https://openalex.org/W4226103754
https://openalex.org/W4289868784
https://openalex.org/W4303444335
https://openalex.org/W4309368744
https://openalex.org/W4319040564
https://openalex.org/W4323309839
https://openalex.org/W4375864391
https://openalex.org/W4377939969
https://openalex.org/W4385237937
https://openalex.org/W4385648043
https://openalex.org/W2116811654
https://openalex.org/W1951816138
https://openalex.org/W2079204288
https://openalex.org/W2048661390
https://openalex.org/W2072869997
https://openalex.org/W2028250846
https://openalex.org/W2144049888
https://openalex.org/W2104178066
https://openalex.org/W1963607596
https://openalex.org/W2157507280
https://openalex.org/W2041025436
https://openalex.org/W2069819484
https://openalex.org/W1491816316
https://openalex.org/W2010024444
https://openalex.org/W2080965535
https://openalex.org/W2168232773
https://openalex.org/W1999734332
https://openalex.org/W2126520429
https://openalex.org/W2064596920
https://openalex.org/W2095637112
https://openalex.org/W2067386450
https://openalex.org/W1970015194
https://openalex.org/W2035500224
https://openalex.org/W2279698848
https://openalex.org/W2063484880
https://openalex.org/W1982058292
https://openalex.org/W2154256056
https://openalex.org/W1981919940
https://openalex.org/W2023920197
https://openalex.org/W2015246627
https://openalex.org/W2027810571
https://openalex.org/W2084039963
https://openalex.org/W2139125221
https://openalex.org/W2147487795
https://openalex.org/W4246901729
https://openalex.org/W4299687212
https://openalex.org/W2152621749
https://openalex.org/W1875727027
https://openalex.org/W2062531343
https://openalex.org/W1825751492
https://openalex.org/W1989605123
https://openalex.org/W2615120398
https://openalex.org/W4230154020
https://openalex.org/W2037535461
https://openalex.org/W2209115793
https://openalex.org/W2572626442
https://openalex.org/W2790447932
https://openalex.org/W2067489036
https://openalex.org/W2267022665
https://openalex.org/W2524260883
https://openalex.org/W2885784496
https://openalex.org/W2104433048
https://openalex.org/W2598051644
https://openalex.org/W2767299628
https://openalex.org/W2750147589
https://openalex.org/W2951754784
https://openalex.org/W2954920889
https://openalex.org/W2884462840
https://openalex.org/W2887692794
https://openalex.org/W2981755083
https://openalex.org/W2346844600
https://openalex.org/W2944522277
https://openalex.org/W2990214559
https://openalex.org/W2921371225
https://openalex.org/W2964626344
https://openalex.org/W228729464
https://openalex.org/W2998598029
https://openalex.org/W3004960184
https://openalex.org/W3041457967
https://openalex.org/W3045555171
https://openalex.org/W3094171764
https://openalex.org/W3035007029
https://openalex.org/W3043654448
https://openalex.org/W3170613595
https://openalex.org/W3108083196
https://openalex.org/W3133230866
https://openalex.org/W4200078512
https://openalex.org/W2921689074
https://openalex.org/W3177441922
https://openalex.org/W3179867678
https://openalex.org/W3216837721
https://openalex.org/W3212490230
https://openalex.org/W4292546502
https://openalex.org/W4365447954
https://openalex.org/W1964650750
https://openalex.org/W2163207078
https://openalex.org/W2004166243
https://openalex.org/W2131848640
https://openalex.org/W1964728196
https://openalex.org/W1992611128
https://openalex.org/W2038293733
https://openalex.org/W2097562356
https://openalex.org/W1997974097
https://openalex.org/W2040738150
https://openalex.org/W1911278408
https://openalex.org/W2019146417
https://openalex.org/W2009552685
https://openalex.org/W2109713482
https://openalex.org/W2001117094
https://openalex.org/W2056445054
https://openalex.org/W2345522609
https://openalex.org/W2076896665
https://openalex.org/W2410853014
https://openalex.org/W2067837242
https://openalex.org/W2126438935
https://openalex.org/W2046958300
https://openalex.org/W1583678709
https://openalex.org/W2083985082
https://openalex.org/W2085354362
https://openalex.org/W2017611551
https://openalex.org/W2044869415
https://openalex.org/W2064379577
https://openalex.org/W2098525870
https://openalex.org/W1971187910
https://openalex.org/W2095428081
https://openalex.org/W4243946313
https://openalex.org/W1967651815
https://openalex.org/W1974264394
https://openalex.org/W2100534349
https://openalex.org/W2056523704
https://openalex.org/W2127725039
https://openalex.org/W4213044623
https://openalex.org/W4250644253
https://openalex.org/W1979109662
https://openalex.org/W2153403128
https://openalex.org/W2017429223
https://openalex.org/W2066555361
https://openalex.org/W2067113611
https://openalex.org/W2116387657
https://openalex.org/W2611578780
https://openalex.org/W2204628308
https://openalex.org/W2329174486
https://openalex.org/W2622523810
https://openalex.org/W2789362157
https://openalex.org/W2806262075
https://openalex.org/W2897713338
https://openalex.org/W2410807008
https://openalex.org/W2789769886
https://openalex.org/W2464780846
https://openalex.org/W2807229078
https://openalex.org/W2982578429
https://openalex.org/W2795002844
https://openalex.org/W2915702707
https://openalex.org/W2969194624
https://openalex.org/W2996794465
https://openalex.org/W2951134212
https://openalex.org/W2980254639
https://openalex.org/W2980719066
https://openalex.org/W2896955250
https://openalex.org/W2965400077
https://openalex.org/W3036011600
https://openalex.org/W3131375506
https://openalex.org/W3164897240
https://openalex.org/W3204913649
https://openalex.org/W4212815200
https://openalex.org/W4280558512
https://openalex.org/W4210635677
https://openalex.org/W4220946840
https://openalex.org/W4282037392
https://openalex.org/W1508519080
https://openalex.org/W4321354409
https://openalex.org/W4362520876
https://openalex.org/W4366830075
https://openalex.org/W4386066269
https://openalex.org/W4386380391
https://openalex.org/W2052057849
https://openalex.org/W2160969732
https://openalex.org/W1497133656
https://openalex.org/W1965803678
https://openalex.org/W1973288987
https://openalex.org/W2035998720
https://openalex.org/W2055126700
https://openalex.org/W2069717190
https://openalex.org/W2790844312
https://openalex.org/W1998385720
https://openalex.org/W2018854732
https://openalex.org/W2095233250
https://openalex.org/W4239498622
https://openalex.org/W4247994062
https://openalex.org/W1976449817
https://openalex.org/W1969135349
https://openalex.org/W2003830304
https://openalex.org/W2072823938
https://openalex.org/W2059032968
https://openalex.org/W2076654604
https://openalex.org/W2089775914
https://openalex.org/W1987660616
https://openalex.org/W2079718242
https://openalex.org/W2133493274
https://openalex.org/W2030039378
https://openalex.org/W2083962098
https://openalex.org/W2764695854
https://openalex.org/W2055263771
https://openalex.org/W2095006716
https://openalex.org/W1992972268
https://openalex.org/W2149771255
https://openalex.org/W2004097595
https://openalex.org/W2023261204
https://openalex.org/W2064419758
https://openalex.org/W2004157964
https://openalex.org/W2085072856
https://openalex.org/W2138257971
https://openalex.org/W1995518081
https://openalex.org/W1998087959
https://openalex.org/W2012160517
https://openalex.org/W323925553
https://openalex.org/W2110785902
https://openalex.org/W1486079294
https://openalex.org/W1996235550
https://openalex.org/W2030277746
https://openalex.org/W2105983899
https://openalex.org/W838037945
https://openalex.org/W2020709301
https://openalex.org/W2025718259
https://openalex.org/W2064035813
https://openalex.org/W2766618415
https://openalex.org/W2767004839
https://openalex.org/W800210679
https://openalex.org/W2192757085
https://openalex.org/W2562915684
https://openalex.org/W2761448003
https://openalex.org/W2766145871
https://openalex.org/W2783033272
https://openalex.org/W243677722
https://openalex.org/W2736916585
https://openalex.org/W2800936243
https://openalex.org/W2309334380
https://openalex.org/W2333661170
https://openalex.org/W2765317136
https://openalex.org/W2913869328
https://openalex.org/W2990919202
https://openalex.org/W3010672606
https://openalex.org/W3011210259
https://openalex.org/W3025810366
https://openalex.org/W3033275128
https://openalex.org/W3046964409
https://openalex.org/W2441943195
https://openalex.org/W3005168444
https://openalex.org/W3115550564
https://openalex.org/W2337345509
https://openalex.org/W2493991782
https://openalex.org/W3154724485
https://openalex.org/W3156138218
https://openalex.org/W3127376532
https://openalex.org/W3198783289
https://openalex.org/W4221051898
https://openalex.org/W4223658630
https://openalex.org/W4283585022
https://openalex.org/W4283690622
https://openalex.org/W4284899480
https://openalex.org/W4296741729
https://openalex.org/W4389408466
https://openalex.org/W4389980977
https://openalex.org/W4390504666
https://openalex.org/W4390613265
https://openalex.org/W4390706123
https://openalex.org/W4390969244
https://openalex.org/W4391102936
https://openalex.org/W4391163205
https://openalex.org/W4391338457
https://openalex.org/W4391425199
https://openalex.org/W4391650842
https://openalex.org/W4391688508
https://openalex.org/W4392000700
https://openalex.org/W4392059206
https://openalex.org/W4392472025
https://openalex.org/W4392560949
https://openalex.org/W4392805197
https://openalex.org/W4392855183
https://openalex.org/W4392882267
https://openalex.org/W4392976746
https://openalex.org/W4393100912
https://openalex.org/W4393102284
https://openalex.org/W4393154112
https://openalex.org/W4393372356
https://openalex.org/W4393392653
https://openalex.org/W4393851427
https://openalex.org/W4394009784
https://openalex.org/W4394606088
https://openalex.org/W4394688390
https://openalex.org/W4394692351
https://openalex.org/W4394758508
https://openalex.org/W4394887999
https://openalex.org/W4394923698
https://openalex.org/W4394923720
https://openalex.org/W4395052283
https://openalex.org/W4395068123
https://openalex.org/W4395068176
https://openalex.org/W4395083263
https://openalex.org/W4395688922
https://openalex.org/W4396212888
https://openalex.org/W4396500126
https://openalex.org/W4396515923
https://openalex.org/W4396588550
https://openalex.org/W1981214467
https://openalex.org/W2147867153
https://openalex.org/W2005263795
https://openalex.org/W2053971267
https://openalex.org/W2139451161
https://openalex.org/W2005015262
https://openalex.org/W2070618674
https://openalex.org/W2021388776
https://openalex.org/W1970725752
https://openalex.org/W1974903588
https://openalex.org/W2026443585
https://openalex.org/W2037319313
https://openalex.org/W1982194648
https://openalex.org/W2007643250
https://openalex.org/W2066011443
https://openalex.org/W2075921606
https://openalex.org/W2171581949
https://openalex.org/W1979024724
https://openalex.org/W2090263622
https://openalex.org/W2276929729
https://openalex.org/W2409999338
https://openalex.org/W1987775232
https://openalex.org/W2399986321
https://openalex.org/W1968155953
https://openalex.org/W1978545333
https://openalex.org/W2094836411
https://openalex.org/W2041435431
https://openalex.org/W2076002181
https://openalex.org/W2016293437
https://openalex.org/W2038723246
https://openalex.org/W2081985596
https://openalex.org/W2101851216
https://openalex.org/W1971373491
https://openalex.org/W2005644668
https://openalex.org/W2061601867
https://openalex.org/W1968644853
https://openalex.org/W2318168251
https://openalex.org/W2321412442
https://openalex.org/W2097418916
https://openalex.org/W2167232538
https://openalex.org/W1563970844
https://openalex.org/W1979313703
https://openalex.org/W1999581204
https://openalex.org/W2588242929
https://openalex.org/W2615846741
https://openalex.org/W2884392852
https://openalex.org/W1966150638
https://openalex.org/W2095713555
https://openalex.org/W2145566012
https://openalex.org/W2330843244
https://openalex.org/W2515290531
https://openalex.org/W2517106716
https://openalex.org/W2608391365
https://openalex.org/W2766321047
https://openalex.org/W88042064
https://openalex.org/W2441720170
https://openalex.org/W2472962524
https://openalex.org/W2740075285
https://openalex.org/W2939241025
https://openalex.org/W2964964583
https://openalex.org/W2990220830
https://openalex.org/W2984317641
https://openalex.org/W3013000689
https://openalex.org/W2301687256
https://openalex.org/W3183844745
https://openalex.org/W3198984466
https://openalex.org/W4205670975
https://openalex.org/W4297509741
https://openalex.org/W4310759368
https://openalex.org/W4316662825
https://openalex.org/W4319786802
https://openalex.org/W4323661564
https://openalex.org/W4360991260
https://openalex.org/W4368228175
https://openalex.org/W4377291377
https://openalex.org/W4378673798
https://openalex.org/W4379799846
https://openalex.org/W4381252146
https://openalex.org/W4382052644
https://openalex.org/W4385230302
https://openalex.org/W4385703389
https://openalex.org/W4389101061
https://openalex.org/W2102420140
https://openalex.org/W2060487771
https://openalex.org/W6018778
https://openalex.org/W2121227019
https://openalex.org/W2186578406
https://openalex.org/W1967953604
https://openalex.org/W2074454738
https://openalex.org/W2151419621
https://openalex.org/W2002448826
https://openalex.org/W2078502988
https://openalex.org/W2397993471
https://openalex.org/W1983467262
https://openalex.org/W2043653659
https://openalex.org/W2098780095
https://openalex.org/W2000706784
https://openalex.org/W2001210041
https://openalex.org/W2029266614
https://openalex.org/W2106452405
https://openalex.org/W4236388331
https://openalex.org/W1599659570
https://openalex.org/W1980814402
https://openalex.org/W2079602289
https://openalex.org/W2085445513
https://openalex.org/W2163874894
https://openalex.org/W1972603857
https://openalex.org/W2061569170
https://openalex.org/W2118285285
https://openalex.org/W2050151544
https://openalex.org/W2059964138
https://openalex.org/W2119658250
https://openalex.org/W2598217301
https://openalex.org/W2907628632
https://openalex.org/W2089057210
https://openalex.org/W2157170036
https://openalex.org/W2410847736
https://openalex.org/W2411889438
https://openalex.org/W2598824250
https://openalex.org/W2889895110
https://openalex.org/W2415983038
https://openalex.org/W2611644517
https://openalex.org/W2969519519
https://openalex.org/W2986738446
https://openalex.org/W3010573291
https://openalex.org/W3011500089
https://openalex.org/W3037690649
https://openalex.org/W3081309270
https://openalex.org/W2998562302
https://openalex.org/W3027849004
https://openalex.org/W3119758828
https://openalex.org/W3195904209
https://openalex.org/W3082994215
https://openalex.org/W3106839834
https://openalex.org/W3217360187
https://openalex.org/W4200203633
https://openalex.org/W2418383079
https://openalex.org/W2608852390
https://openalex.org/W4281550428
https://openalex.org/W4283773702
https://openalex.org/W4292707462
https://openalex.org/W4307337264
https://openalex.org/W4312126395
https://openalex.org/W2159350052
https://openalex.org/W2169464134
https://openalex.org/W1993281136
https://openalex.org/W2045046702
https://openalex.org/W2071764960
https://openalex.org/W2072443016
https://openalex.org/W2409535710
https://openalex.org/W4229537496
https://openalex.org/W172065585
https://openalex.org/W2029698990
https://openalex.org/W2035965992
https://openalex.org/W2050456298
https://openalex.org/W1983142637
https://openalex.org/W2115613150
https://openalex.org/W2015900000
https://openalex.org/W2132210239
https://openalex.org/W2075603925
https://openalex.org/W2082168962
https://openalex.org/W1482844296
https://openalex.org/W1971480384
https://openalex.org/W1975345382
https://openalex.org/W2110508300
https://openalex.org/W176320596
https://openalex.org/W2007114710
https://openalex.org/W1824711461
https://openalex.org/W2108088017
https://openalex.org/W2122228073
https://openalex.org/W1980724655
https://openalex.org/W2032759528
https://openalex.org/W2089501217
https://openalex.org/W90934410
https://openalex.org/W2016305249
https://openalex.org/W2099612386
https://openalex.org/W2564707278
https://openalex.org/W2588205892
https://openalex.org/W2771889920
https://openalex.org/W2779363133
https://openalex.org/W2888656980
https://openalex.org/W2898839296
https://openalex.org/W137552921
https://openalex.org/W2023593558
https://openalex.org/W2090434684
https://openalex.org/W2301453641
https://openalex.org/W2514630864
https://openalex.org/W2801103381
https://openalex.org/W2898157503
https://openalex.org/W2941122523
https://openalex.org/W2986261832
https://openalex.org/W2491020375
https://openalex.org/W2907927545
https://openalex.org/W2891212752
https://openalex.org/W2973257536
https://openalex.org/W3034918992
https://openalex.org/W2408245325
https://openalex.org/W3010863068
https://openalex.org/W3133499664
https://openalex.org/W3134981143
https://openalex.org/W3165848318
https://openalex.org/W3176784232
https://openalex.org/W3212018813
https://openalex.org/W4226299681
https://openalex.org/W4229021685
https://openalex.org/W4283012755
https://openalex.org/W4283278297
https://openalex.org/W4291020175
https://openalex.org/W4311545250
https://openalex.org/W1580056327
https://openalex.org/W1968546678
https://openalex.org/W2158481733
https://openalex.org/W4234303059
https://openalex.org/W1977872997
https://openalex.org/W2018351097
https://openalex.org/W2020495663
https://openalex.org/W2076208158
https://openalex.org/W32553741
https://openalex.org/W865643111
https://openalex.org/W2020171997
https://openalex.org/W2023576825
https://openalex.org/W2034923836
https://openalex.org/W2053858628
https://openalex.org/W2158833967
https://openalex.org/W2178796055
https://openalex.org/W2064047528
https://openalex.org/W2127647878
https://openalex.org/W3158589051
https://openalex.org/W2014297004
https://openalex.org/W2021701982
https://openalex.org/W2022982373
https://openalex.org/W2151756961
https://openalex.org/W1513458884
https://openalex.org/W2028100142
https://openalex.org/W2067861397
https://openalex.org/W2014225013
https://openalex.org/W2032791526
https://openalex.org/W1504339306
https://openalex.org/W2024672717
https://openalex.org/W1999380967
https://openalex.org/W2008051863
https://openalex.org/W2037842252
https://openalex.org/W2049482553
https://openalex.org/W2409874903
https://openalex.org/W4245856099
https://openalex.org/W4255407324
https://openalex.org/W73772431
https://openalex.org/W1984508648
https://openalex.org/W2006650387
https://openalex.org/W2044375943
https://openalex.org/W2085515838
https://openalex.org/W2893545511
https://openalex.org/W2896072416
https://openalex.org/W1980807260
https://openalex.org/W2067705606
https://openalex.org/W2238192173
https://openalex.org/W2518907896
https://openalex.org/W2529881968
https://openalex.org/W2601969688
https://openalex.org/W2609861163
https://openalex.org/W2617187962
https://openalex.org/W2781683933
https://openalex.org/W2800405887
https://openalex.org/W2906850811
https://openalex.org/W2913149958
https://openalex.org/W2929208049
https://openalex.org/W2972491285
https://openalex.org/W3016251075
https://openalex.org/W3044776464
https://openalex.org/W3044930161
https://openalex.org/W3081639331
https://openalex.org/W3083880496
https://openalex.org/W3090227058
https://openalex.org/W3010050535
https://openalex.org/W3011126956
https://openalex.org/W3016000067
https://openalex.org/W3027623583
https://openalex.org/W3039061773
https://openalex.org/W3112226755
https://openalex.org/W3113105812
https://openalex.org/W3134065806
https://openalex.org/W3135894312
https://openalex.org/W3153583846
https://openalex.org/W3173251023
https://openalex.org/W3175438927
https://openalex.org/W3198701563
https://openalex.org/W2287416432
https://openalex.org/W4319726977
https://openalex.org/W4246116798
https://openalex.org/W2418686496
https://openalex.org/W2050339843
https://openalex.org/W307017435
https://openalex.org/W1961586421
https://openalex.org/W2066545739
https://openalex.org/W1966795574
https://openalex.org/W2073767301
https://openalex.org/W2077290462
https://openalex.org/W2088190693
https://openalex.org/W2432452378
https://openalex.org/W1977776044
https://openalex.org/W2072548272
https://openalex.org/W2075764612
https://openalex.org/W2086019413
https://openalex.org/W1993231579
https://openalex.org/W2024064743
https://openalex.org/W2129407645
https://openalex.org/W1944171456
https://openalex.org/W2002007695
https://openalex.org/W2027691740
https://openalex.org/W1505138683
https://openalex.org/W1991301624
https://openalex.org/W2088154116
https://openalex.org/W2092537306
https://openalex.org/W2259775860
https://openalex.org/W2417515530
https://openalex.org/W1265395537
https://openalex.org/W1984069497
https://openalex.org/W2020651693
https://openalex.org/W2088341945
https://openalex.org/W2154170191
https://openalex.org/W2208318535
https://openalex.org/W2403054339
https://openalex.org/W2590703702
https://openalex.org/W2604274211
https://openalex.org/W2754327427
https://openalex.org/W2762182427
https://openalex.org/W2799468188
https://openalex.org/W2898051077
https://openalex.org/W2921559566
https://openalex.org/W2973578717
https://openalex.org/W2984382113
https://openalex.org/W2986055752
https://openalex.org/W2021232505
https://openalex.org/W2025432946
https://openalex.org/W2037793149
https://openalex.org/W2124031077
https://openalex.org/W2312084261
https://openalex.org/W2337878443
https://openalex.org/W2967841274
https://openalex.org/W2978787283
https://openalex.org/W994884343
https://openalex.org/W3011259834
https://openalex.org/W3013675588
https://openalex.org/W3017386212
https://openalex.org/W3019018197
https://openalex.org/W3022837453
https://openalex.org/W2040077406
https://openalex.org/W3113545659
https://openalex.org/W3196569044
https://openalex.org/W3197133109
https://openalex.org/W3207047370
https://openalex.org/W2321044693
https://openalex.org/W3022696386
https://openalex.org/W3203442942
https://openalex.org/W4221083535
https://openalex.org/W4224289696
https://openalex.org/W4286635910
https://openalex.org/W4286820874
https://openalex.org/W4304757977
https://openalex.org/W4310490299
https://openalex.org/W4312115074
https://openalex.org/W4310258997
https://openalex.org/W4313566639
https://openalex.org/W4313837160
https://openalex.org/W4317567483
https://openalex.org/W4319984508
https://openalex.org/W4323059037
https://openalex.org/W4363647458
https://openalex.org/W4367311328
https://openalex.org/W4377093618
https://openalex.org/W4378635615
https://openalex.org/W4378781449
https://openalex.org/W4380764353
https://openalex.org/W4380854390
https://openalex.org/W4384201691
https://openalex.org/W4384572838
https://openalex.org/W4385351288
https://openalex.org/W4385373477
https://openalex.org/W4385707355
https://openalex.org/W4386219999
https://openalex.org/W4386931466
https://openalex.org/W4387184392
https://openalex.org/W4388851130
https://openalex.org/W4389393917
https://openalex.org/W4389697188
https://openalex.org/W1556213935
https://openalex.org/W2505343645
https://openalex.org/W4301419429
https://openalex.org/W2015502446
https://openalex.org/W1987222633
https://openalex.org/W2427732330
https://openalex.org/W2416937447
https://openalex.org/W1981267998
https://openalex.org/W2015563077
https://openalex.org/W2164969234
https://openalex.org/W2399281672
https://openalex.org/W2412084445
https://openalex.org/W2512290520
https://openalex.org/W1970374210
https://openalex.org/W2016784850
https://openalex.org/W4243654077
https://openalex.org/W2319272541
https://openalex.org/W2047866693
https://openalex.org/W2142413321
https://openalex.org/W1960375897
https://openalex.org/W2019176615
https://openalex.org/W2141268865
https://openalex.org/W2407753322
https://openalex.org/W251063613
https://openalex.org/W1487855231
https://openalex.org/W1921599608
https://openalex.org/W2598907208
https://openalex.org/W2751827082
https://openalex.org/W2781258135
https://openalex.org/W2804853000
https://openalex.org/W2805769075
https://openalex.org/W2893310288
https://openalex.org/W1638920151
https://openalex.org/W1923959944
https://openalex.org/W1959071360
https://openalex.org/W1979212680
https://openalex.org/W2113463700
https://openalex.org/W2186583061
https://openalex.org/W2493179422
https://openalex.org/W2600964122
https://openalex.org/W2739566780
https://openalex.org/W2751301579
https://openalex.org/W2762940231
https://openalex.org/W2909732506
https://openalex.org/W2965605289
https://openalex.org/W2976829627
https://openalex.org/W4231115850
https://openalex.org/W2407593246
https://openalex.org/W2416631729
https://openalex.org/W2154084579
https://openalex.org/W2423362586
https://openalex.org/W1978271506
https://openalex.org/W2087612024
https://openalex.org/W2104949213
https://openalex.org/W1987366296
https://openalex.org/W2009731650
https://openalex.org/W2056347596
https://openalex.org/W2148436689
https://openalex.org/W2415809680
https://openalex.org/W1997280097
https://openalex.org/W2069464189
https://openalex.org/W2154306768
https://openalex.org/W2086816990
https://openalex.org/W2121916261
https://openalex.org/W2107508415
https://openalex.org/W2130962207
https://openalex.org/W2003385349
https://openalex.org/W2080854800
https://openalex.org/W4242150942
https://openalex.org/W1975776622
https://openalex.org/W1987947558
https://openalex.org/W2039181222
https://openalex.org/W2075497972
https://openalex.org/W2292531558
https://openalex.org/W2793595964
https://openalex.org/W2885954203
https://openalex.org/W2889469804
https://openalex.org/W2891757588
https://openalex.org/W2900725626
https://openalex.org/W2902289040
https://openalex.org/W2905611664
https://openalex.org/W1613714355
https://openalex.org/W1999730435
https://openalex.org/W2027521009
https://openalex.org/W2065343636
https://openalex.org/W2072270659
https://openalex.org/W2088007997
https://openalex.org/W2123562337
https://openalex.org/W2460942600
https://openalex.org/W2474106361
https://openalex.org/W2594917895
https://openalex.org/W2611649308
https://openalex.org/W2947504336
https://openalex.org/W2969229028
https://openalex.org/W2991396345
https://openalex.org/W2996924030
https://openalex.org/W3037128835
https://openalex.org/W3037643538
https://openalex.org/W3045340122
https://openalex.org/W3093362001
https://openalex.org/W3106606729
https://openalex.org/W1979337631
https://openalex.org/W2255311345
https://openalex.org/W2342556921
https://openalex.org/W3088699549
https://openalex.org/W3154046782
https://openalex.org/W3158641770
https://openalex.org/W3162495185
https://openalex.org/W3164227393
https://openalex.org/W3197192377
https://openalex.org/W3203129921
https://openalex.org/W3203964739
https://openalex.org/W70699258
https://openalex.org/W2039607819
https://openalex.org/W2464490893
https://openalex.org/W3021986376
https://openalex.org/W1996131549
https://openalex.org/W2042028527
https://openalex.org/W2045064372
https://openalex.org/W2043046787
https://openalex.org/W2082267439
https://openalex.org/W2015410804
https://openalex.org/W197832155
https://openalex.org/W2029603611
https://openalex.org/W2003030673
https://openalex.org/W2066847914
https://openalex.org/W2295296847
https://openalex.org/W4251592229
https://openalex.org/W1973887313
https://openalex.org/W1965701275
https://openalex.org/W2001326716
https://openalex.org/W2078885371
https://openalex.org/W2100989454
https://openalex.org/W2125340746
https://openalex.org/W2153801691
https://openalex.org/W1990281292
https://openalex.org/W1999262581
https://openalex.org/W2023099542
https://openalex.org/W4206029640
https://openalex.org/W2027766070
https://openalex.org/W2115739605
https://openalex.org/W4213281228
https://openalex.org/W1973072470
https://openalex.org/W2005401901
https://openalex.org/W2134152197
https://openalex.org/W2320854379
https://openalex.org/W2791378050
https://openalex.org/W2800965113
https://openalex.org/W1997441529
https://openalex.org/W2027421419
https://openalex.org/W2043226825
https://openalex.org/W2115706917
https://openalex.org/W2151022143
https://openalex.org/W2163176234
https://openalex.org/W2345194259
https://openalex.org/W2371047526
https://openalex.org/W2410540793
https://openalex.org/W2470891885
https://openalex.org/W2530513638
https://openalex.org/W2743713702
https://openalex.org/W2775324905
https://openalex.org/W2883985114
https://openalex.org/W2899080211
https://openalex.org/W2949785284
https://openalex.org/W2960944701
https://openalex.org/W2994752410
https://openalex.org/W3021803253
https://openalex.org/W3043098479
https://openalex.org/W3047443979
https://openalex.org/W3101899090
https://openalex.org/W3117524031
https://openalex.org/W2253425688
https://openalex.org/W3109235901
https://openalex.org/W3126867709
https://openalex.org/W3156141670
https://openalex.org/W3168670494
https://openalex.org/W3183964490
https://openalex.org/W3194723422
https://openalex.org/W3201278359
https://openalex.org/W3217395425
https://openalex.org/W4200335179
https://openalex.org/W4298468635
https://openalex.org/W3204866691
https://openalex.org/W4213423967
https://openalex.org/W4220753066
https://openalex.org/W4225270288
https://openalex.org/W4288885952
https://openalex.org/W4293101515
https://openalex.org/W4293109625
https://openalex.org/W4310535597
https://openalex.org/W4311365512
https://openalex.org/W2011848463
https://openalex.org/W2148272196
https://openalex.org/W1976024728
https://openalex.org/W2014448501
https://openalex.org/W2016770237
https://openalex.org/W2070932402
https://openalex.org/W2117367250
https://openalex.org/W2122005406
https://openalex.org/W4252636192
https://openalex.org/W2030404712
https://openalex.org/W2417315803
https://openalex.org/W1555350137
https://openalex.org/W2171010024
https://openalex.org/W2239349784
https://openalex.org/W2317030050
https://openalex.org/W2053592818
https://openalex.org/W2065861261
https://openalex.org/W2084582312
https://openalex.org/W2154289706
https://openalex.org/W2155008649
https://openalex.org/W2410818541
https://openalex.org/W1969153070
https://openalex.org/W1976969401
https://openalex.org/W2032598522
https://openalex.org/W2086052275
https://openalex.org/W2417450561
https://openalex.org/W2011838690
https://openalex.org/W2128401371
https://openalex.org/W2793263168
https://openalex.org/W2823722997
https://openalex.org/W172829089
https://openalex.org/W2076250853
https://openalex.org/W2086321426
https://openalex.org/W2096502792
https://openalex.org/W2128569855
https://openalex.org/W2140020782
https://openalex.org/W2165393677
https://openalex.org/W2346670458
https://openalex.org/W2417997486
https://openalex.org/W2514631280
https://openalex.org/W2587699741
https://openalex.org/W2737814231
https://openalex.org/W3022448815
https://openalex.org/W3026538088
https://openalex.org/W3036498468
https://openalex.org/W3042830538
https://openalex.org/W3098282186
https://openalex.org/W3100356036
https://openalex.org/W58292480
https://openalex.org/W2416763610
https://openalex.org/W1991887570
https://openalex.org/W2054643631
https://openalex.org/W4231340666
https://openalex.org/W2125935348
https://openalex.org/W1711150304
https://openalex.org/W2017657768
https://openalex.org/W2036313472
https://openalex.org/W2110815636
https://openalex.org/W2114010787
https://openalex.org/W2561839898
https://openalex.org/W2070762861
https://openalex.org/W1974376487
https://openalex.org/W2093124804
https://openalex.org/W2067740439
https://openalex.org/W2187921405
https://openalex.org/W4230833291
https://openalex.org/W11418145
https://openalex.org/W2028462789
https://openalex.org/W2024936001
https://openalex.org/W2087433028
https://openalex.org/W2303060615
https://openalex.org/W2430072579
https://openalex.org/W1970748307
https://openalex.org/W2023700250
https://openalex.org/W2063969320
https://openalex.org/W2076883072
https://openalex.org/W2094607313
https://openalex.org/W2120253838
https://openalex.org/W2146025232
https://openalex.org/W2783299694
https://openalex.org/W2802438969
https://openalex.org/W2809699513
https://openalex.org/W2810194375
https://openalex.org/W2896088813
https://openalex.org/W2910217486
https://openalex.org/W2914502170
https://openalex.org/W133639369
https://openalex.org/W1792347135
https://openalex.org/W2041693947
https://openalex.org/W2127994482
https://openalex.org/W2207869846
https://openalex.org/W2218952075
https://openalex.org/W2269515522
https://openalex.org/W2543574185
https://openalex.org/W3086448087
https://openalex.org/W3128879780
https://openalex.org/W3138690673
https://openalex.org/W3154999546
https://openalex.org/W3169314540
https://openalex.org/W3180547509
https://openalex.org/W3191399472
https://openalex.org/W3201338459
https://openalex.org/W3202045323
https://openalex.org/W3214106005
https://openalex.org/W4200282470
https://openalex.org/W4200437612
https://openalex.org/W4230418775
https://openalex.org/W2394912912
https://openalex.org/W2050536542
https://openalex.org/W4242476647
https://openalex.org/W656429823
https://openalex.org/W1985443713
https://openalex.org/W1987656257
https://openalex.org/W2005970151
https://openalex.org/W2047207801
https://openalex.org/W2052045986
https://openalex.org/W2059689922
https://openalex.org/W2432989311
https://openalex.org/W1963641377
https://openalex.org/W2007443828
https://openalex.org/W2028794958
https://openalex.org/W2068270080
https://openalex.org/W2411120486
https://openalex.org/W2060062185
https://openalex.org/W2070408363
https://openalex.org/W4238213610
https://openalex.org/W2086762964
https://openalex.org/W2117761126
https://openalex.org/W142023215
https://openalex.org/W1570077783
https://openalex.org/W1965469285
https://openalex.org/W2148198283
https://openalex.org/W2048787088
https://openalex.org/W1985210914
https://openalex.org/W2008671421
https://openalex.org/W2050260948
https://openalex.org/W1965504413
https://openalex.org/W2014624512
https://openalex.org/W2143889876
https://openalex.org/W2156108807
https://openalex.org/W2406482703
https://openalex.org/W2736461075
https://openalex.org/W2916141042
https://openalex.org/W2953228787
https://openalex.org/W2966406614
https://openalex.org/W2966459812
https://openalex.org/W2995971255
https://openalex.org/W3013759157
https://openalex.org/W3037710577
https://openalex.org/W3083643161
https://openalex.org/W3159625587
https://openalex.org/W3159773209
https://openalex.org/W2252659217
https://openalex.org/W2282575569
https://openalex.org/W2289989653
https://openalex.org/W2327420591
https://openalex.org/W2409218385
https://openalex.org/W2410444151
https://openalex.org/W2410789360
https://openalex.org/W2466884873
https://openalex.org/W2477274258
https://openalex.org/W2523974763
https://openalex.org/W2565690428
https://openalex.org/W2604765845
https://openalex.org/W1573801914
https://openalex.org/W1971846718
https://openalex.org/W2037097264
https://openalex.org/W336178207
https://openalex.org/W4214806752
https://openalex.org/W4226120196
https://openalex.org/W4280590212
https://openalex.org/W4283362362
https://openalex.org/W4285096507
https://openalex.org/W4291002953
https://openalex.org/W4292054303
https://openalex.org/W4293236843
https://openalex.org/W4293239956
https://openalex.org/W4293577658
https://openalex.org/W4308182907
https://openalex.org/W4308554391
https://openalex.org/W4309797038
https://openalex.org/W4310153620
https://openalex.org/W4311908145
https://openalex.org/W4311952994
https://openalex.org/W4312095346
https://openalex.org/W4313209359
https://openalex.org/W1979273005
https://openalex.org/W2074463217
https://openalex.org/W2089796722
https://openalex.org/W2147230660
https://openalex.org/W2008528862
https://openalex.org/W2159071698
https://openalex.org/W2419145257
https://openalex.org/W2994018447
https://openalex.org/W2018811075
https://openalex.org/W2034570256
https://openalex.org/W2050162525
https://openalex.org/W2081869031
https://openalex.org/W2142322620
https://openalex.org/W2079983279
https://openalex.org/W1486547474
https://openalex.org/W1986784080
https://openalex.org/W2008805541
https://openalex.org/W2105804824
https://openalex.org/W4246803958
https://openalex.org/W2102147824
https://openalex.org/W2156207381
https://openalex.org/W653137340
https://openalex.org/W1180425939
https://openalex.org/W1558176295
https://openalex.org/W1571918685
https://openalex.org/W1841705035
https://openalex.org/W1999307987
https://openalex.org/W2059912028
https://openalex.org/W2332088231
https://openalex.org/W261149531
https://openalex.org/W2019208499
https://openalex.org/W2042266876
https://openalex.org/W2070721493
https://openalex.org/W2084240507
https://openalex.org/W4929644
https://openalex.org/W1972415076
https://openalex.org/W2052893007
https://openalex.org/W2067721057
https://openalex.org/W2288113541
https://openalex.org/W2006553125
https://openalex.org/W2182811077
https://openalex.org/W2025349461
https://openalex.org/W2170132548
https://openalex.org/W2405830870
https://openalex.org/W2413856978
https://openalex.org/W2106890141
https://openalex.org/W2571747005
https://openalex.org/W2739251807
https://openalex.org/W2799984577
https://openalex.org/W2886447113
https://openalex.org/W2886883718
https://openalex.org/W2936063475
https://openalex.org/W2945650695
https://openalex.org/W2946186285
https://openalex.org/W2969557737
https://openalex.org/W2982022340
https://openalex.org/W2982464676
https://openalex.org/W2996089355
https://openalex.org/W2998651638
https://openalex.org/W3027613090
https://openalex.org/W3093074791
https://openalex.org/W3120262376
https://openalex.org/W3148232362
https://openalex.org/W3158139586
https://openalex.org/W3160790369
https://openalex.org/W3172195592
https://openalex.org/W3182544146
https://openalex.org/W3186855802
https://openalex.org/W3188726377
https://openalex.org/W3209081464
https://openalex.org/W3217385728
https://openalex.org/W4200239536
https://openalex.org/W4230995948
https://openalex.org/W4233721136
https://openalex.org/W2297104075
https://openalex.org/W2554778577
https://openalex.org/W2567441559
https://openalex.org/W2579571226
https://openalex.org/W4387302684
https://openalex.org/W4388178019
https://openalex.org/W1970438639
https://openalex.org/W1988714929
https://openalex.org/W2025353910
https://openalex.org/W2091268289
https://openalex.org/W2171884909
https://openalex.org/W2025727484
https://openalex.org/W2035027093
https://openalex.org/W2170223920
https://openalex.org/W1833484567
https://openalex.org/W188187057
https://openalex.org/W316589911
https://openalex.org/W1195096428
https://openalex.org/W1998812513
https://openalex.org/W2019199366
https://openalex.org/W2109642251
https://openalex.org/W2006335235
https://openalex.org/W2076509766
https://openalex.org/W1568470290
https://openalex.org/W1965884516
https://openalex.org/W2204358220
https://openalex.org/W1504711805
https://openalex.org/W1923167866
https://openalex.org/W1985606537
https://openalex.org/W2001819740
https://openalex.org/W2007172571
https://openalex.org/W2167118400
https://openalex.org/W2171762641
https://openalex.org/W2213276127
https://openalex.org/W2281748173
https://openalex.org/W2294273973
https://openalex.org/W2385170189
https://openalex.org/W2389445560
https://openalex.org/W2536227952
https://openalex.org/W2603321200
https://openalex.org/W789848787
https://openalex.org/W1976028653
https://openalex.org/W1977289940
https://openalex.org/W2002690965
https://openalex.org/W2022740064
https://openalex.org/W2060167770
https://openalex.org/W4239482501
https://openalex.org/W4313585186
https://openalex.org/W4317739044
https://openalex.org/W4319067112
https://openalex.org/W4319068116
https://openalex.org/W4319722940
https://openalex.org/W4319989894
https://openalex.org/W4320006619
https://openalex.org/W4320008584
https://openalex.org/W4320014776
https://openalex.org/W4320485558
https://openalex.org/W4320899717
https://openalex.org/W4321610986
https://openalex.org/W4323859300
https://openalex.org/W4353066699
https://openalex.org/W4360585847
https://openalex.org/W4361289795
https://openalex.org/W4365794151
https://openalex.org/W4367302691
https://openalex.org/W4367840894
https://openalex.org/W4372285934
https://openalex.org/W4375860315
https://openalex.org/W4377090205
https://openalex.org/W4377139546
https://openalex.org/W4377940847
https://openalex.org/W4378173093
https://openalex.org/W4378902196
https://openalex.org/W4379030984
https://openalex.org/W4380152034
https://openalex.org/W4380373737
https://openalex.org/W4382060621
https://openalex.org/W4382400218
https://openalex.org/W4383873510
https://openalex.org/W4383890631
https://openalex.org/W4384120244
https://openalex.org/W4384518592
https://openalex.org/W4384524983
https://openalex.org/W4384626464
https://openalex.org/W4385282608
https://openalex.org/W4385332911
https://openalex.org/W4385398970
https://openalex.org/W4385466704
https://openalex.org/W4385603010
https://openalex.org/W4385613481
https://openalex.org/W4386009577
https://openalex.org/W4386033644
https://openalex.org/W4386162740
https://openalex.org/W4386293570
https://openalex.org/W4386328155
https://openalex.org/W4386593379
https://openalex.org/W4386600679
https://openalex.org/W4386700502
https://openalex.org/W4387049662
https://openalex.org/W4387049775
https://openalex.org/W4387095035
https://openalex.org/W4387196835
https://openalex.org/W4387692074
https://openalex.org/W4387781168
https://openalex.org/W4387799258
https://openalex.org/W4387936874
https://openalex.org/W4388069564
https://openalex.org/W4388124452
https://openalex.org/W4388234547
https://openalex.org/W4388270212
https://openalex.org/W4388340228
https://openalex.org/W4388525051
https://openalex.org/W4388595839
https://openalex.org/W4388759146
https://openalex.org/W4388961417
https://openalex.org/W4389228426
https://openalex.org/W4389344714
https://openalex.org/W4389372817
https://openalex.org/W4389382181
https://openalex.org/W4389452115
https://openalex.org/W4389486061
https://openalex.org/W4389639310
https://openalex.org/W4389740563
https://openalex.org/W4389740620
https://openalex.org/W4389751037
https://openalex.org/W4389774991
https://openalex.org/W4389915878
https://openalex.org/W4389988874
https://openalex.org/W4390044299
https://openalex.org/W4390271412
https://openalex.org/W4390595658
https://openalex.org/W4390946692
https://openalex.org/W4391276852
https://openalex.org/W1965030639
https://openalex.org/W2082931652
https://openalex.org/W2086077713
https://openalex.org/W2116219601
https://openalex.org/W2215320960
https://openalex.org/W2412162245
https://openalex.org/W2418796872
https://openalex.org/W118453920
https://openalex.org/W2068119814
https://openalex.org/W2152131847
https://openalex.org/W1591378700
https://openalex.org/W1988400385
https://openalex.org/W2030478855
https://openalex.org/W2406469620
https://openalex.org/W4290148422
https://openalex.org/W1981653062
https://openalex.org/W1998375478
https://openalex.org/W2001766334
https://openalex.org/W2015858533
https://openalex.org/W128201302
https://openalex.org/W1965337034
https://openalex.org/W2462796347
https://openalex.org/W2044696558
https://openalex.org/W2075402911
https://openalex.org/W2150567450
https://openalex.org/W2594147643
https://openalex.org/W2626371666
https://openalex.org/W2739076150
https://openalex.org/W2794537318
https://openalex.org/W156958148
https://openalex.org/W2400368671
https://openalex.org/W2523694810
https://openalex.org/W2541288460
https://openalex.org/W1985412634
https://openalex.org/W4244251525
https://openalex.org/W1593130447
https://openalex.org/W1937369407
https://openalex.org/W2083709828
https://openalex.org/W1997810514
https://openalex.org/W2122621141
https://openalex.org/W2182075015
https://openalex.org/W2182644829
https://openalex.org/W2809125136
https://openalex.org/W2809743410
https://openalex.org/W2811512474
https://openalex.org/W2885489085
https://openalex.org/W2905653944
https://openalex.org/W2915029891
https://openalex.org/W2943668035
https://openalex.org/W2954855326
https://openalex.org/W2969266916
https://openalex.org/W2995856953
https://openalex.org/W3011753852
https://openalex.org/W3024039145
https://openalex.org/W3043403236
https://openalex.org/W3093313749
https://openalex.org/W3096814406
https://openalex.org/W3109823051
https://openalex.org/W3120314110
https://openalex.org/W3121381481
https://openalex.org/W3122345893
https://openalex.org/W3141320302
https://openalex.org/W3158074285
https://openalex.org/W3169665986
https://openalex.org/W3186090415
https://openalex.org/W3190790701
https://openalex.org/W3207117643
https://openalex.org/W4235551259
https://openalex.org/W4360971283
https://openalex.org/W2316069660
https://openalex.org/W2405931205
https://openalex.org/W2465231541
https://openalex.org/W2470929332
https://openalex.org/W2511150714
https://openalex.org/W2559563498
https://openalex.org/W2576354202
https://openalex.org/W2594224050
https://openalex.org/W2604291161
https://openalex.org/W4220819857
https://openalex.org/W4220825578
https://openalex.org/W4225422637
https://openalex.org/W4226177618
https://openalex.org/W4285394202
https://openalex.org/W4288077829
https://openalex.org/W4306398699
https://openalex.org/W4311104516
https://openalex.org/W2017825951
https://openalex.org/W2030703355
https://openalex.org/W2037853313
https://openalex.org/W2074457275
https://openalex.org/W1926611410
https://openalex.org/W1997413114
https://openalex.org/W2008607170
https://openalex.org/W2013515474
https://openalex.org/W2031331039
https://openalex.org/W2051409749
https://openalex.org/W2402908085
https://openalex.org/W1518401921
https://openalex.org/W2016618212
https://openalex.org/W2268595545
https://openalex.org/W4232828510
https://openalex.org/W2010988334
https://openalex.org/W2227105099
https://openalex.org/W2435673425
https://openalex.org/W4230496756
https://openalex.org/W1967976915
https://openalex.org/W2026883801
https://openalex.org/W2040813904
https://openalex.org/W2047288529
https://openalex.org/W2092744115
https://openalex.org/W2102235769
https://openalex.org/W1426392288
https://openalex.org/W1542734663
https://openalex.org/W1990616003
https://openalex.org/W2008839314
https://openalex.org/W2047496478
https://openalex.org/W2085033381
https://openalex.org/W2115905838
https://openalex.org/W2178646711
https://openalex.org/W2283132108
https://openalex.org/W2291940161
https://openalex.org/W2302014479
https://openalex.org/W2333576485
https://openalex.org/W2402373293
https://openalex.org/W2412490966
https://openalex.org/W2542268427
https://openalex.org/W2914539026
https://openalex.org/W2993625080
https://openalex.org/W4200497042
https://openalex.org/W4205813671
https://openalex.org/W4211038324
https://openalex.org/W4220695119
https://openalex.org/W4241755446
https://openalex.org/W4285299466
https://openalex.org/W4309617729
https://openalex.org/W810384992
https://openalex.org/W1978349871
https://openalex.org/W1992996303
https://openalex.org/W2003105321
https://openalex.org/W2062373902
https://openalex.org/W2079046721
https://openalex.org/W2081286703
https://openalex.org/W2329820094
https://openalex.org/W2334544000
https://openalex.org/W2460991790
https://openalex.org/W1601502903
https://openalex.org/W1981731174
https://openalex.org/W2009098360
https://openalex.org/W2055356689
https://openalex.org/W2061930030
https://openalex.org/W2410118805
https://openalex.org/W2015125179
https://openalex.org/W2033124638
https://openalex.org/W2091387601
https://openalex.org/W1985649593
https://openalex.org/W1997319689
https://openalex.org/W2000468303
https://openalex.org/W2044622422
https://openalex.org/W2078434165
https://openalex.org/W2078601676
https://openalex.org/W2142450958
https://openalex.org/W2329824371
https://openalex.org/W2395304686
https://openalex.org/W2406669304
https://openalex.org/W2407470284
https://openalex.org/W2556711293
https://openalex.org/W2612100482
https://openalex.org/W2737669419
https://openalex.org/W2752115031
https://openalex.org/W2770604850
https://openalex.org/W2771257267
https://openalex.org/W2782924427
https://openalex.org/W1978840587
https://openalex.org/W2048922937
https://openalex.org/W2142748253
https://openalex.org/W2144340770
https://openalex.org/W2164144484
https://openalex.org/W2409741924
https://openalex.org/W1601511552
https://openalex.org/W1977894813
https://openalex.org/W2008810386
https://openalex.org/W2140323449
https://openalex.org/W4240229969
https://openalex.org/W2034795143
https://openalex.org/W2037132616
https://openalex.org/W2227545664
https://openalex.org/W2498998702
https://openalex.org/W1040536937
https://openalex.org/W1713967381
https://openalex.org/W1976329650
https://openalex.org/W2127455426
https://openalex.org/W2370167673
https://openalex.org/W2765392261
https://openalex.org/W2789629886
https://openalex.org/W2790346215
https://openalex.org/W2794982331
https://openalex.org/W2802172225
https://openalex.org/W2802252631
https://openalex.org/W2883706062
https://openalex.org/W2893902496
https://openalex.org/W2907808792
https://openalex.org/W2980870390
https://openalex.org/W3021666609
https://openalex.org/W3136346215
https://openalex.org/W1979496206
https://openalex.org/W2015638205
https://openalex.org/W2017683326
https://openalex.org/W2044823253
https://openalex.org/W2101948916
https://openalex.org/W2401425608
https://openalex.org/W2417883897
https://openalex.org/W630926067
https://openalex.org/W2081629246
https://openalex.org/W2413954723
https://openalex.org/W2131904644
https://openalex.org/W2936785586
https://openalex.org/W2969820978
https://openalex.org/W2983418781
https://openalex.org/W2988716183
https://openalex.org/W2996174159
https://openalex.org/W3004414207
https://openalex.org/W3034899457
https://openalex.org/W3049668379
https://openalex.org/W3083037488
https://openalex.org/W3089712464
https://openalex.org/W3097785908
https://openalex.org/W3114129231
https://openalex.org/W3211257011
https://openalex.org/W382560409
https://openalex.org/W2093629258
https://openalex.org/W2094755369
https://openalex.org/W2114321341
https://openalex.org/W2408754511
https://openalex.org/W2416485272
https://openalex.org/W2431117988
https://openalex.org/W2524044952
https://openalex.org/W4301642435
https://openalex.org/W2008769382
https://openalex.org/W2038562560
https://openalex.org/W951485653
https://openalex.org/W2032183648
https://openalex.org/W2062702610
https://openalex.org/W2075844095
https://openalex.org/W2163563102
https://openalex.org/W2289803961
https://openalex.org/W2490832731
https://openalex.org/W3157433825
https://openalex.org/W3178725380
https://openalex.org/W3179809924
https://openalex.org/W3184926641
https://openalex.org/W3185294719
https://openalex.org/W3186485248
https://openalex.org/W3205366693
https://openalex.org/W3214932457
https://openalex.org/W4200245701
https://openalex.org/W4200264901
https://openalex.org/W4206246713
https://openalex.org/W4248124513
https://openalex.org/W4256424282
https://openalex.org/W4287181533
https://openalex.org/W2419660828
https://openalex.org/W1999611380
https://openalex.org/W2046249804
https://openalex.org/W2068128397
https://openalex.org/W2432640811
https://openalex.org/W30458998
https://openalex.org/W2913022805
https://openalex.org/W124496637
https://openalex.org/W158375466
https://openalex.org/W2028273951
https://openalex.org/W2136052128
https://openalex.org/W2994225178
https://openalex.org/W4210761846
https://openalex.org/W972309588
https://openalex.org/W112157542
https://openalex.org/W2046472155
https://openalex.org/W2124173175
https://openalex.org/W2405333127
https://openalex.org/W2412353781
https://openalex.org/W2414123087
https://openalex.org/W2414989101
https://openalex.org/W2415118549
https://openalex.org/W2416463827
https://openalex.org/W2441341219
https://openalex.org/W2465665950
https://openalex.org/W298829622
https://openalex.org/W2001626852
https://openalex.org/W2013207771
https://openalex.org/W2035583386
https://openalex.org/W2040051045
https://openalex.org/W2048639212
https://openalex.org/W2053117757
https://openalex.org/W2053345771
https://openalex.org/W2061821359
https://openalex.org/W2416163913
https://openalex.org/W3180372373
https://openalex.org/W583844613
https://openalex.org/W657958006
https://openalex.org/W2278491553
https://openalex.org/W2407193565
https://openalex.org/W1021834156
https://openalex.org/W154175
https://openalex.org/W1681392368
https://openalex.org/W1759231997
https://openalex.org/W1820586837
https://openalex.org/W1824728325
https://openalex.org/W1830148872
https://openalex.org/W1849542655
https://openalex.org/W1867361652
https://openalex.org/W1870061753
https://openalex.org/W1878162116
https://openalex.org/W1911796094
https://openalex.org/W1966909729
https://openalex.org/W1967777897
https://openalex.org/W1983974894
https://openalex.org/W1985656642
https://openalex.org/W1986447830
https://openalex.org/W1987186518
https://openalex.org/W2010757084
https://openalex.org/W2016396515
https://openalex.org/W2048442678
https://openalex.org/W2086380087
https://openalex.org/W2090826220
https://openalex.org/W2094834084
https://openalex.org/W2102790047
https://openalex.org/W2106771827
https://openalex.org/W2129284648
https://openalex.org/W2151305849
https://openalex.org/W2159977958
https://openalex.org/W2164238215
https://openalex.org/W2182984928
https://openalex.org/W2186680407
https://openalex.org/W2220929940
https://openalex.org/W2232237814
https://openalex.org/W2295297862
https://openalex.org/W2314111674
https://openalex.org/W2315553713
https://openalex.org/W2316783823
https://openalex.org/W2326462752
https://openalex.org/W2328895940
https://openalex.org/W2338802011
https://openalex.org/W2339832233
https://openalex.org/W2365721653
https://openalex.org/W2367595489
https://openalex.org/W2387835676
https://openalex.org/W2408853513
https://openalex.org/W2409562248
https://openalex.org/W2416546842
https://openalex.org/W2443224668
https://openalex.org/W2460537691
https://openalex.org/W2467622312
https://openalex.org/W2470365761
https://openalex.org/W2474911917
https://openalex.org/W2483130633
https://openalex.org/W2483611883
https://openalex.org/W2484382883
https://openalex.org/W2484857430
https://openalex.org/W2487728774
https://openalex.org/W2488939101
https://openalex.org/W2488949757
https://openalex.org/W2489257485
https://openalex.org/W2507751168
https://openalex.org/W2513008718
https://openalex.org/W2541836433
https://openalex.org/W2552897441
https://openalex.org/W2572124033
https://openalex.org/W2575582897
https://openalex.org/W2581581915
https://openalex.org/W2588344451
https://openalex.org/W2594727402
https://openalex.org/W2598284326
https://openalex.org/W2605198395
https://openalex.org/W2742031637
https://openalex.org/W2743192902
https://openalex.org/W2745221433
https://openalex.org/W2745952907
https://openalex.org/W2747742700
https://openalex.org/W2749574607
https://openalex.org/W2751250942
https://openalex.org/W2751693795
https://openalex.org/W2771793202
https://openalex.org/W2774783777
https://openalex.org/W2783294533
https://openalex.org/W2787196553
https://openalex.org/W2899889376
https://openalex.org/W2901734548
https://openalex.org/W2905944692
https://openalex.org/W2907345927
https://openalex.org/W2947377216
https://openalex.org/W2992397897
https://openalex.org/W2993033282
https://openalex.org/W2994049683
https://openalex.org/W3010273196
https://openalex.org/W3025026207
https://openalex.org/W3027845812
https://openalex.org/W3030878484
https://openalex.org/W3032206933
https://openalex.org/W3034956088
https://openalex.org/W3099388063
https://openalex.org/W3120093205
https://openalex.org/W3137866011
https://openalex.org/W3152291961
https://openalex.org/W3163093214
https://openalex.org/W3183693228
https://openalex.org/W3187289270
https://openalex.org/W3198918617
https://openalex.org/W4232874001
https://openalex.org/W4234786169
https://openalex.org/W4237920126
https://openalex.org/W4243705385
https://openalex.org/W4291203617
https://openalex.org/W4300878894
https://openalex.org/W4318064866
https://openalex.org/W4389293642
https://openalex.org/W791668080
https://openalex.org/W799932360
https://openalex.org/W803806935
https://openalex.org/W831590628
https://openalex.org/W834687337
https://openalex.org/W837860014
https://openalex.org/W853185309
https://openalex.org/W1992052571
https://openalex.org/W2036263448
https://openalex.org/W2068600222
https://openalex.org/W2074632793
https://openalex.org/W2088958408
https://openalex.org/W2119162798
https://openalex.org/W2312381041
https://openalex.org/W2414867528
https://openalex.org/W2414876928
https://openalex.org/W2429655931
https://openalex.org/W2460073292
https://openalex.org/W2764871362
https://openalex.org/W330341171
https://openalex.org/W4206071440
https://openalex.org/W4235970807
https://openalex.org/W4300652175
https://openalex.org/W577634337
https://openalex.org/W624456908
https://openalex.org/W2030989410
https://openalex.org/W2076746584
https://openalex.org/W2121554616
https://openalex.org/W2199188048
https://openalex.org/W2917166588
https://openalex.org/W413986203
https://openalex.org/W4320930077
https://openalex.org/W1003932849
https://openalex.org/W1029870962
https://openalex.org/W1030972564
https://openalex.org/W110922356
https://openalex.org/W1506765651
https://openalex.org/W1670783850
https://openalex.org/W1753448118
https://openalex.org/W1826793374
https://openalex.org/W1846057042
https://openalex.org/W1848826122
https://openalex.org/W1878618041
https://openalex.org/W1968906384
https://openalex.org/W1980843195
https://openalex.org/W1983280069
https://openalex.org/W1983917431
https://openalex.org/W1985585770
https://openalex.org/W1998811154
https://openalex.org/W2004508759
https://openalex.org/W2019196521
https://openalex.org/W2020722405
https://openalex.org/W2024870986
https://openalex.org/W2053959110
https://openalex.org/W2057405199
https://openalex.org/W2058107387
https://openalex.org/W2062493571
https://openalex.org/W2071636554
https://openalex.org/W2072008247
https://openalex.org/W2074823332
https://openalex.org/W2080542166
https://openalex.org/W2083640220
https://openalex.org/W2088801228
https://openalex.org/W2153025419
https://openalex.org/W2157557220
https://openalex.org/W2159966475
https://openalex.org/W2160155819
https://openalex.org/W2178838464
https://openalex.org/W2184569828
https://openalex.org/W2184935548
https://openalex.org/W2187983919
https://openalex.org/W2191802134
https://openalex.org/W2216744398
https://openalex.org/W2316239985
https://openalex.org/W2316956633
https://openalex.org/W2321846317
https://openalex.org/W2323033064
https://openalex.org/W2323237312
https://openalex.org/W2333090060
https://openalex.org/W2335611112
https://openalex.org/W2337009514
https://openalex.org/W2366386054
https://openalex.org/W2368053889
https://openalex.org/W2372285704
https://openalex.org/W2374306861
https://openalex.org/W2392337586
https://openalex.org/W2395583024
https://openalex.org/W2398938311
https://openalex.org/W2400478728
https://openalex.org/W2400933028
https://openalex.org/W2409711119
https://openalex.org/W2410398614
https://openalex.org/W2429807416
https://openalex.org/W2437800856
https://openalex.org/W2462908322
https://openalex.org/W2482521005
https://openalex.org/W2543409511
https://openalex.org/W2592106796
https://openalex.org/W2751587414
https://openalex.org/W2884579969
https://openalex.org/W2891631445
https://openalex.org/W2903395569
https://openalex.org/W298748232
https://openalex.org/W2991838517
https://openalex.org/W2992358290
https://openalex.org/W3012591355
https://openalex.org/W3022396114
https://openalex.org/W3044745176
https://openalex.org/W3045254854
https://openalex.org/W309539162
https://openalex.org/W3139577023
https://openalex.org/W3149420390
https://openalex.org/W3158321983
https://openalex.org/W3159832560
https://openalex.org/W3201485142
https://openalex.org/W4250203587
https://openalex.org/W826087960
https://openalex.org/W854047033
https://openalex.org/W904994524
https://openalex.org/W2022672642
https://openalex.org/W2045738598
https://openalex.org/W2404809848
https://openalex.org/W2407135637
https://openalex.org/W2412849782
https://openalex.org/W2017533477
https://openalex.org/W2038911597
https://openalex.org/W2059939091
https://openalex.org/W2073446047
https://openalex.org/W2131650404
https://openalex.org/W2154912789
https://openalex.org/W2404817138
https://openalex.org/W3183075541
https://openalex.org/W4213199182
https://openalex.org/W620392166
https://openalex.org/W1122875250
https://openalex.org/W1158175794
https://openalex.org/W1945732659
https://openalex.org/W1975870159
https://openalex.org/W1993941885
https://openalex.org/W2003055794
https://openalex.org/W2026188743
https://openalex.org/W2029977076
https://openalex.org/W2063988956
https://openalex.org/W2065119314
https://openalex.org/W2067163165
https://openalex.org/W2094976600
https://openalex.org/W2115313896
https://openalex.org/W2172248459
https://openalex.org/W22071872
https://openalex.org/W2252597996
https://openalex.org/W2328069724
https://openalex.org/W2329216492
https://openalex.org/W2412936052
https://openalex.org/W2415738315
https://openalex.org/W2428680571
https://openalex.org/W2587129269
https://openalex.org/W2595046313
https://openalex.org/W2596919812
https://openalex.org/W2605720034
https://openalex.org/W2610338089
https://openalex.org/W2626352043
https://openalex.org/W2653402956
https://openalex.org/W2737052179
https://openalex.org/W2737449743
https://openalex.org/W2737836461
https://openalex.org/W2738495779
https://openalex.org/W2743112386
https://openalex.org/W2743937809
https://openalex.org/W2744381243
https://openalex.org/W2749687531
https://openalex.org/W2761713963
https://openalex.org/W2767891198
https://openalex.org/W2772434547
https://openalex.org/W2778151984
https://openalex.org/W2785256579
https://openalex.org/W2787461587
https://openalex.org/W2789554409
https://openalex.org/W2799388413
https://openalex.org/W2885026557
https://openalex.org/W2906109633
https://openalex.org/W2907118106
https://openalex.org/W2936505429
https://openalex.org/W2938802620
https://openalex.org/W2943108581
https://openalex.org/W2965648646
https://openalex.org/W2992878449
https://openalex.org/W3024344017
https://openalex.org/W3031492793
https://openalex.org/W3121595569
https://openalex.org/W3148791269
https://openalex.org/W3184292304
https://openalex.org/W3190696468
https://openalex.org/W4234869784
https://openalex.org/W4298147246
https://openalex.org/W4300585228
https://openalex.org/W4307925608
https://openalex.org/W4389467145
https://openalex.org/W4394172023
https://openalex.org/W4394208987
https://openalex.org/W2034813813
https://openalex.org/W2179659359
https://openalex.org/W2267069629
https://openalex.org/W2431601295
https://openalex.org/W346533426
https://openalex.org/W1815161240
https://openalex.org/W184992220
https://openalex.org/W188742636
https://openalex.org/W1974468980
https://openalex.org/W1982869985
https://openalex.org/W1982958053
https://openalex.org/W1995121061
https://openalex.org/W2006135236
https://openalex.org/W2014205183
https://openalex.org/W2031707974
https://openalex.org/W2047508843
https://openalex.org/W2054308773
https://openalex.org/W2055943180
https://openalex.org/W2058204874
https://openalex.org/W2081868444
https://openalex.org/W2087297401
https://openalex.org/W2088074644
https://openalex.org/W2213985179
https://openalex.org/W2236254965
https://openalex.org/W2282555918
https://openalex.org/W2354755129
https://openalex.org/W2361221302
https://openalex.org/W2365321159
https://openalex.org/W2376293622
https://openalex.org/W2384376815
https://openalex.org/W2402474245
https://openalex.org/W2419754986
https://openalex.org/W2479777963
https://openalex.org/W2755893713
https://openalex.org/W3004439713
https://openalex.org/W3083653790
https://openalex.org/W3117890975
https://openalex.org/W3136448683
https://openalex.org/W3137690080
https://openalex.org/W3143612894
https://openalex.org/W3150497553
https://openalex.org/W3151570445
https://openalex.org/W3156370864
https://openalex.org/W3158417451
https://openalex.org/W3159723371
https://openalex.org/W4205518959
https://openalex.org/W4210440528
https://openalex.org/W4210518227
https://openalex.org/W4214820831
https://openalex.org/W4220741638
https://openalex.org/W4221114775
https://openalex.org/W4226110184
https://openalex.org/W4226291101
https://openalex.org/W4236745812
https://openalex.org/W4280517790
https://openalex.org/W4282916194
https://openalex.org/W4282933580
https://openalex.org/W4285027206
https://openalex.org/W4286310483
https://openalex.org/W4286310490
https://openalex.org/W4286311424
https://openalex.org/W4286313240
https://openalex.org/W4286314418
https://openalex.org/W4286633625
https://openalex.org/W4289793579
https://openalex.org/W4296037050
https://openalex.org/W4296481641
https://openalex.org/W4296550965
https://openalex.org/W4304014241
https://openalex.org/W4306835014
https://openalex.org/W4306906414
https://openalex.org/W4307844556
https://openalex.org/W4307844591
https://openalex.org/W4308069778
https://openalex.org/W4308094071
https://openalex.org/W4309359818
https://openalex.org/W4309359865
https://openalex.org/W4309359889
https://openalex.org/W4309373864
https://openalex.org/W4309857781
https://openalex.org/W4310990634
https://openalex.org/W4311470430
https://openalex.org/W4311525174
https://openalex.org/W4311655325
https://openalex.org/W4312928959
https://openalex.org/W4312991193
https://openalex.org/W4313035740
https://openalex.org/W4315777770
https://openalex.org/W4316083636
https://openalex.org/W4320166213
https://openalex.org/W4320813849
https://openalex.org/W970201849
https://openalex.org/W1982790845
https://openalex.org/W1993027079
https://openalex.org/W2047868973
https://openalex.org/W2085936227
https://openalex.org/W2088963467
https://openalex.org/W2335151475
https://openalex.org/W2414978326
https://openalex.org/W4236592554
https://openalex.org/W4244705042
https://openalex.org/W4321143757
https://openalex.org/W4392032530
https://openalex.org/W61852062
https://openalex.org/W6595999
https://openalex.org/W1148840701
https://openalex.org/W1560037258
https://openalex.org/W1976968027
https://openalex.org/W1982892452
https://openalex.org/W1995969957
https://openalex.org/W2015855854
https://openalex.org/W2021528342
https://openalex.org/W2032561475
https://openalex.org/W2077932677
https://openalex.org/W2084594781
https://openalex.org/W2262361556
https://openalex.org/W2402828884
https://openalex.org/W2418825357
https://openalex.org/W2472045206
https://openalex.org/W2792720736
https://openalex.org/W2793127774
https://openalex.org/W2801655601
https://openalex.org/W2807525652
https://openalex.org/W2810360406
https://openalex.org/W2883591667
https://openalex.org/W2883592987
https://openalex.org/W2886009755
https://openalex.org/W2887911315
https://openalex.org/W2895028816
https://openalex.org/W2898744106
https://openalex.org/W2908402096
https://openalex.org/W2913618841
https://openalex.org/W2913846354
https://openalex.org/W2916392556
https://openalex.org/W2919686990
https://openalex.org/W2929024460
https://openalex.org/W2938572992
https://openalex.org/W2939252121
https://openalex.org/W2941131435
https://openalex.org/W2941794278
https://openalex.org/W2948480889
https://openalex.org/W2956126581
https://openalex.org/W2959151588
https://openalex.org/W2959186140
https://openalex.org/W2963003359
https://openalex.org/W2966639349
https://openalex.org/W2968774614
https://openalex.org/W2980686921
https://openalex.org/W2985446347
https://openalex.org/W2991364026
https://openalex.org/W2995312701
https://openalex.org/W3010845349
https://openalex.org/W3022537513
https://openalex.org/W3031680535
https://openalex.org/W3032223029
https://openalex.org/W3080296883
https://openalex.org/W3089099424
https://openalex.org/W3091057616
https://openalex.org/W3094770878
https://openalex.org/W3096880949
https://openalex.org/W3116385923
https://openalex.org/W3131085542
https://openalex.org/W3137568203
https://openalex.org/W3144970949
https://openalex.org/W3147563146
https://openalex.org/W3148978897
https://openalex.org/W3156933326
https://openalex.org/W3160286175
https://openalex.org/W3160965819
https://openalex.org/W3162219458
https://openalex.org/W3179623789
https://openalex.org/W3181854758
https://openalex.org/W3193117934
https://openalex.org/W3194348176
https://openalex.org/W3209002219
https://openalex.org/W3210344824
https://openalex.org/W3210668367
https://openalex.org/W3212697015
https://openalex.org/W4229561666
https://openalex.org/W4232905270
https://openalex.org/W4241197094
https://openalex.org/W4248106993
https://openalex.org/W4249057281
https://openalex.org/W4252803149
https://openalex.org/W4288292129
https://openalex.org/W4389465268
https://openalex.org/W4389466171
https://openalex.org/W4393292881
https://openalex.org/W1568277425
https://openalex.org/W1684435962
https://openalex.org/W1989752995
https://openalex.org/W2006653932
https://openalex.org/W2030298370
https://openalex.org/W2064988964
https://openalex.org/W2065123351
https://openalex.org/W2147097837
https://openalex.org/W2184458480
https://openalex.org/W2312673369
https://openalex.org/W2320231078
https://openalex.org/W2327072428
https://openalex.org/W2399538803
https://openalex.org/W2399835183
https://openalex.org/W2408546094
https://openalex.org/W2416707222
https://openalex.org/W2418384140
https://openalex.org/W2419606964
https://openalex.org/W2505034817
https://openalex.org/W4392028396
https://openalex.org/W1498869971
https://openalex.org/W1570875335
https://openalex.org/W1917741177
https://openalex.org/W1964387637
https://openalex.org/W2002788080
https://openalex.org/W2008549275
https://openalex.org/W2008701183
https://openalex.org/W2013335804
https://openalex.org/W2018701049
https://openalex.org/W2041934311
https://openalex.org/W2045465756
https://openalex.org/W2051082314
https://openalex.org/W2067721648
https://openalex.org/W2069670375
https://openalex.org/W2075370618
https://openalex.org/W2093757417
https://openalex.org/W2184092534
https://openalex.org/W2292170897
https://openalex.org/W2354812817
https://openalex.org/W2400672035
https://openalex.org/W2412115101
https://openalex.org/W2509027525
https://openalex.org/W2510727766
https://openalex.org/W272424255
https://openalex.org/W2999466786
https://openalex.org/W3004811782
https://openalex.org/W3012038958
https://openalex.org/W3024572078
https://openalex.org/W3026095428
https://openalex.org/W3030674749
https://openalex.org/W3083963940
https://openalex.org/W3084143690
https://openalex.org/W3084612031
https://openalex.org/W3089301452
https://openalex.org/W3093308877
https://openalex.org/W3095622989
https://openalex.org/W3096611547
https://openalex.org/W3108374691
https://openalex.org/W3110473479
https://openalex.org/W3111340691
https://openalex.org/W3113736924
https://openalex.org/W3114067586
https://openalex.org/W3117182178
https://openalex.org/W3121398058
https://openalex.org/W3129282108
https://openalex.org/W3153713912
https://openalex.org/W3162873304
https://openalex.org/W3180194383
https://openalex.org/W3201246288
https://openalex.org/W3206154931
https://openalex.org/W3208974460
https://openalex.org/W3210793178
https://openalex.org/W3213015250
https://openalex.org/W385226724
https://openalex.org/W4205391464
https://openalex.org/W4206044426
https://openalex.org/W4210498586
https://openalex.org/W4242273817
https://openalex.org/W4243623316
https://openalex.org/W4254457595
https://openalex.org/W4290101990
https://openalex.org/W4360973940
https://openalex.org/W4390567787
https://openalex.org/W4391077149
https://openalex.org/W4391472167
https://openalex.org/W4391472300
https://openalex.org/W1981827163
https://openalex.org/W2026197248
https://openalex.org/W2142078446
https://openalex.org/W2402983588
https://openalex.org/W2414090328
https://openalex.org/W2419274874
https://openalex.org/W2462552195
https://openalex.org/W68620435
https://openalex.org/W1592953723
https://openalex.org/W177818169
https://openalex.org/W1859467315
https://openalex.org/W1965962250
https://openalex.org/W1975344328
https://openalex.org/W197931347
https://openalex.org/W1986209961
https://openalex.org/W1989572581
https://openalex.org/W1990323841
https://openalex.org/W2020878640
https://openalex.org/W2036915547
https://openalex.org/W2048000386
https://openalex.org/W2054303770
https://openalex.org/W2069597001
https://openalex.org/W2072701638
https://openalex.org/W2087430974
https://openalex.org/W2101797941
https://openalex.org/W2141672104
https://openalex.org/W219463775
https://openalex.org/W2339316866
https://openalex.org/W2410373917
https://openalex.org/W2462721089
https://openalex.org/W2474276514
https://openalex.org/W2484297103
https://openalex.org/W2595500174
https://openalex.org/W2602494868
https://openalex.org/W3021924174
https://openalex.org/W3139030397
https://openalex.org/W315952610
https://openalex.org/W379713329
https://openalex.org/W4205265303
https://openalex.org/W4230729077
https://openalex.org/W4230912406
https://openalex.org/W4235156002
https://openalex.org/W4236423459
https://openalex.org/W4246530928
https://openalex.org/W4361767313
https://openalex.org/W1498061741
https://openalex.org/W1967138001
https://openalex.org/W2001299901
https://openalex.org/W2038884169
https://openalex.org/W2065997383
https://openalex.org/W2074549492
https://openalex.org/W2185060115
https://openalex.org/W2403267475
https://openalex.org/W2403502969
https://openalex.org/W2414857943
https://openalex.org/W2415685624
https://openalex.org/W2435217411
https://openalex.org/W2463672295
https://openalex.org/W2760008519
https://openalex.org/W2794451514
https://openalex.org/W3132800711
https://openalex.org/W3146329824
https://openalex.org/W3150300840
https://openalex.org/W3158990627
https://openalex.org/W3162338758
https://openalex.org/W3169814036
https://openalex.org/W3173129205
https://openalex.org/W3174613774
https://openalex.org/W3176743156
https://openalex.org/W3177483534
https://openalex.org/W3177845091
https://openalex.org/W3179128261
https://openalex.org/W3180462825
https://openalex.org/W3183110176
https://openalex.org/W3184160661
https://openalex.org/W3184232871
https://openalex.org/W3184593156
https://openalex.org/W3184725198
https://openalex.org/W3185527690
https://openalex.org/W3185576746
https://openalex.org/W3186681703
https://openalex.org/W3186930443
https://openalex.org/W3190418544
https://openalex.org/W3192703067
https://openalex.org/W3193555377
https://openalex.org/W3194009739
https://openalex.org/W3199551386
https://openalex.org/W3199836383
https://openalex.org/W3200710954
https://openalex.org/W3201125666
https://openalex.org/W3201561305
https://openalex.org/W3205338879
https://openalex.org/W3205917280
https://openalex.org/W3206590070
https://openalex.org/W3206691835
https://openalex.org/W3206721646
https://openalex.org/W3206869756
https://openalex.org/W3207236912
https://openalex.org/W3208126978
https://openalex.org/W3211508458
https://openalex.org/W3211740386
https://openalex.org/W3212884663
https://openalex.org/W3215353901
https://openalex.org/W3216036429
https://openalex.org/W3217233135
https://openalex.org/W4200163447
https://openalex.org/W4206566553
https://openalex.org/W4213225036
https://openalex.org/W4243945011
https://openalex.org/W4287391868
https://openalex.org/W4287429797
https://openalex.org/W4321514378
https://openalex.org/W4360587218
https://openalex.org/W4393338886
https://openalex.org/W4393338887
https://openalex.org/W4393338892
https://openalex.org/W4393338896
https://openalex.org/W182689493
https://openalex.org/W19549574
https://openalex.org/W1967008952
https://openalex.org/W2008728763
https://openalex.org/W2020012385
https://openalex.org/W2027522377
https://openalex.org/W2049368798
https://openalex.org/W2095273447
https://openalex.org/W2095987891
https://openalex.org/W2261576189
https://openalex.org/W2267237688
https://openalex.org/W2276287900
https://openalex.org/W2284659887
https://openalex.org/W2289122502
https://openalex.org/W2409118642
https://openalex.org/W2413602452
https://openalex.org/W2575689536
https://openalex.org/W2953323328
https://openalex.org/W3111917613
https://openalex.org/W4241756428
https://openalex.org/W4365801981
https://openalex.org/W85205543
https://openalex.org/W1997569539
https://openalex.org/W1999061534
https://openalex.org/W2032788638
https://openalex.org/W2041202292
https://openalex.org/W2089622099
https://openalex.org/W2425306630
https://openalex.org/W2530125045
https://openalex.org/W3001988083
https://openalex.org/W106447254
https://openalex.org/W1504316943
https://openalex.org/W1570410387
https://openalex.org/W1600630437
https://openalex.org/W170655729
https://openalex.org/W176209155
https://openalex.org/W2024645329
https://openalex.org/W2026124699
https://openalex.org/W2033775041
https://openalex.org/W2039054447
https://openalex.org/W2086627572
https://openalex.org/W2122705452
https://openalex.org/W2148707171
https://openalex.org/W2183792183
https://openalex.org/W2285308653
https://openalex.org/W2287043795
https://openalex.org/W232852097
https://openalex.org/W2347291076
https://openalex.org/W2396043510
https://openalex.org/W2410388982
https://openalex.org/W2415281291
https://openalex.org/W2415773355
https://openalex.org/W2415837743
https://openalex.org/W2416225757
https://openalex.org/W2416713542
https://openalex.org/W2418813656
https://openalex.org/W2464666148
https://openalex.org/W2964162478
https://openalex.org/W4239052202
https://openalex.org/W131655992
https://openalex.org/W146883640
https://openalex.org/W1493281246
https://openalex.org/W1978905512
https://openalex.org/W1980048974
https://openalex.org/W2026536870
https://openalex.org/W2060463877
https://openalex.org/W2077108705
https://openalex.org/W2088884670
https://openalex.org/W2284825306
https://openalex.org/W2337234315
https://openalex.org/W2395151961
https://openalex.org/W2410432053
https://openalex.org/W2412847949
https://openalex.org/W2413533172
https://openalex.org/W2416435237
https://openalex.org/W2427737700
https://openalex.org/W2436351869
https://openalex.org/W2510983823
https://openalex.org/W2596812407
https://openalex.org/W2793086657
https://openalex.org/W3088342353
https://openalex.org/W3107053843
https://openalex.org/W4229766459
https://openalex.org/W4238074378
https://openalex.org/W4252486032
https://openalex.org/W4390085216
https://openalex.org/W4392076064
https://openalex.org/W1567790556
https://openalex.org/W185319780
https://openalex.org/W1975465775
https://openalex.org/W1980390225
https://openalex.org/W1987114140
https://openalex.org/W2004545867
https://openalex.org/W2040027809
https://openalex.org/W2051469689
https://openalex.org/W2100459955
https://openalex.org/W2113340751
https://openalex.org/W2177244163
https://openalex.org/W2181802952
https://openalex.org/W2224700258
https://openalex.org/W2313413598
https://openalex.org/W2402610289
https://openalex.org/W2404889176
https://openalex.org/W2405715339
https://openalex.org/W2410630358
https://openalex.org/W2431122051
https://openalex.org/W2461750486
https://openalex.org/W2572194494
https://openalex.org/W2597173261
https://openalex.org/W2624765020
https://openalex.org/W2730121421
https://openalex.org/W2736732494
https://openalex.org/W2793192292
https://openalex.org/W3157519887
https://openalex.org/W4232695417
https://openalex.org/W4238229986
https://openalex.org/W4241779045
https://openalex.org/W4247864487
https://openalex.org/W4248554166
https://openalex.org/W4392084758
https://openalex.org/W642546640
https://openalex.org/W64409572
https://openalex.org/W644729704
https://openalex.org/W650619069
https://openalex.org/W881114868
https://openalex.org/W1016809247
https://openalex.org/W1635580591
https://openalex.org/W18353819
https://openalex.org/W1977376969
https://openalex.org/W2024831577
https://openalex.org/W2041871031
https://openalex.org/W2056116016
https://openalex.org/W2061670316
https://openalex.org/W2067348933
https://openalex.org/W2084045208
https://openalex.org/W2085370269
https://openalex.org/W2086882226
https://openalex.org/W2111803022
https://openalex.org/W2145343121
https://openalex.org/W2155479196
https://openalex.org/W2191785521
https://openalex.org/W2222383087
https://openalex.org/W2226307410
https://openalex.org/W2232475160
https://openalex.org/W2249195473
https://openalex.org/W2275033137
https://openalex.org/W2275238649
https://openalex.org/W2288005764
https://openalex.org/W2313842818
https://openalex.org/W2315731108
https://openalex.org/W2318294411
https://openalex.org/W2326931951
https://openalex.org/W2331602503
https://openalex.org/W2333268950
https://openalex.org/W2333934135
https://openalex.org/W2395981741
https://openalex.org/W2399948067
https://openalex.org/W2403791126
https://openalex.org/W2404894414
https://openalex.org/W2405619639
https://openalex.org/W2407832060
https://openalex.org/W2409005218
https://openalex.org/W2409885402
https://openalex.org/W2411648275
https://openalex.org/W2413730672
https://openalex.org/W2413904730
https://openalex.org/W2414616676
https://openalex.org/W2415186550
https://openalex.org/W2417484977
https://openalex.org/W2418340711
https://openalex.org/W2424787202
https://openalex.org/W2462535251
https://openalex.org/W2468118242
https://openalex.org/W2485355102
https://openalex.org/W2491289921
https://openalex.org/W2498671723
https://openalex.org/W2506894647
https://openalex.org/W2517966720
https://openalex.org/W2531026954
https://openalex.org/W2725675326
https://openalex.org/W2727174256
https://openalex.org/W2729956881
https://openalex.org/W2736506163
https://openalex.org/W2764900323
https://openalex.org/W2767021933
https://openalex.org/W3031598652
https://openalex.org/W3167255064
https://openalex.org/W3208094729
https://openalex.org/W4232866273
https://openalex.org/W4233316460
https://openalex.org/W4233936503
https://openalex.org/W4236604973
https://openalex.org/W4237195492
https://openalex.org/W4237644276
https://openalex.org/W4238964677
https://openalex.org/W4244103365
https://openalex.org/W4244474029
https://openalex.org/W4246553446
https://openalex.org/W4251572480
https://openalex.org/W4254321511
https://openalex.org/W4290296613
https://openalex.org/W4386440916
https://openalex.org/W4386440954
https://openalex.org/W949511953
https://openalex.org/W1967025628
https://openalex.org/W2101370480
https://openalex.org/W2098772655
https://openalex.org/W2128606349
https://openalex.org/W2020116668
https://openalex.org/W2972356268
https://openalex.org/W2006785713
https://openalex.org/W2087185853
https://openalex.org/W2137168087
https://openalex.org/W2166542953
https://openalex.org/W2054791517
https://openalex.org/W2939958603
https://openalex.org/W4375840657
https://openalex.org/W4389053205
https://openalex.org/W1988181440
https://openalex.org/W2078589754
https://openalex.org/W1486769243
https://openalex.org/W2056511071
https://openalex.org/W2155190242
https://openalex.org/W1966868706
https://openalex.org/W2027783756
https://openalex.org/W1978131501
https://openalex.org/W2021571918
https://openalex.org/W1941206325
https://openalex.org/W2061450364
https://openalex.org/W2029552542
https://openalex.org/W2011791666
https://openalex.org/W2122097838
https://openalex.org/W2050662843
https://openalex.org/W2007645880
https://openalex.org/W2097686052
https://openalex.org/W2092601414
https://openalex.org/W2087854447
https://openalex.org/W2160182641
https://openalex.org/W2066304458
https://openalex.org/W2341858319
https://openalex.org/W2080887297
https://openalex.org/W2582189691
https://openalex.org/W2110955427
https://openalex.org/W2123844682
https://openalex.org/W2336310983
https://openalex.org/W2766514860
https://openalex.org/W2101519229
https://openalex.org/W2279413689
https://openalex.org/W2896723566
https://openalex.org/W1513197571
https://openalex.org/W2472093118
https://openalex.org/W3083755106
https://openalex.org/W3123624363
https://openalex.org/W3042608320
https://openalex.org/W3139318772
https://openalex.org/W4288462059
https://openalex.org/W4313574147
https://openalex.org/W1965722126
https://openalex.org/W2008979272
https://openalex.org/W2148758048
https://openalex.org/W2105590889
https://openalex.org/W2038488429
https://openalex.org/W2007466995
https://openalex.org/W2017157097
https://openalex.org/W1998984510
https://openalex.org/W2105575226
https://openalex.org/W1990268177
https://openalex.org/W2029586620
https://openalex.org/W2149323789
https://openalex.org/W1990617230
https://openalex.org/W2137887198
https://openalex.org/W1980492003
https://openalex.org/W2088257639
https://openalex.org/W2159343255
https://openalex.org/W2138091294
https://openalex.org/W2048268374
https://openalex.org/W2321601994
https://openalex.org/W2142905722
https://openalex.org/W1979158838
https://openalex.org/W2086620430
https://openalex.org/W1977024460
https://openalex.org/W1989459278
https://openalex.org/W2094153104
https://openalex.org/W2026718648
https://openalex.org/W1970464561
https://openalex.org/W2295238601
https://openalex.org/W2064110091
https://openalex.org/W2340451543
https://openalex.org/W2120994256
https://openalex.org/W4238977778
https://openalex.org/W3020699103
https://openalex.org/W3128533013
https://openalex.org/W3211303135
https://openalex.org/W3169371629
https://openalex.org/W1590652203
https://openalex.org/W2130715237
https://openalex.org/W2012418920
https://openalex.org/W2121583355
https://openalex.org/W2005416403
https://openalex.org/W1562270451
https://openalex.org/W2076209447
https://openalex.org/W2002358514
https://openalex.org/W2086282420
https://openalex.org/W2038011382
https://openalex.org/W1985786992
https://openalex.org/W2034565928
https://openalex.org/W2076314343
https://openalex.org/W2316983588
https://openalex.org/W2475267590
https://openalex.org/W2133286613
https://openalex.org/W96587307
https://openalex.org/W1851474349
https://openalex.org/W2750807608
https://openalex.org/W2897258799
https://openalex.org/W2744182431
https://openalex.org/W3105741651
https://openalex.org/W3006984180
https://openalex.org/W3165336393
https://openalex.org/W4200357754
https://openalex.org/W4361215931
https://openalex.org/W4378951989
https://openalex.org/W2033541886
https://openalex.org/W2058233064
https://openalex.org/W2140454629
https://openalex.org/W1977017291
https://openalex.org/W2038566303
https://openalex.org/W2050493669
https://openalex.org/W1993918216
https://openalex.org/W2169779443
https://openalex.org/W2053425970
https://openalex.org/W2052660237
https://openalex.org/W1962256460
https://openalex.org/W4239670049
https://openalex.org/W1991913947
https://openalex.org/W2030526662
https://openalex.org/W2410564751
https://openalex.org/W2119936758
https://openalex.org/W2315444259
https://openalex.org/W2164750690
https://openalex.org/W2239400541
https://openalex.org/W2528370140
https://openalex.org/W2075219500
https://openalex.org/W3042624177
https://openalex.org/W3106555015
https://openalex.org/W3184917391
https://openalex.org/W4225131923
https://openalex.org/W4384338180
https://openalex.org/W1968865373
https://openalex.org/W1627313253
https://openalex.org/W2942933983
https://openalex.org/W2064020036
https://openalex.org/W1986765869
https://openalex.org/W2095305628
https://openalex.org/W2124572922
https://openalex.org/W2091874809
https://openalex.org/W2011162264
https://openalex.org/W1982375268
https://openalex.org/W2098410188
https://openalex.org/W1991413240
https://openalex.org/W2094795090
https://openalex.org/W2509745133
https://openalex.org/W2594179202
https://openalex.org/W2904461162
https://openalex.org/W4247615388
https://openalex.org/W2999933013
https://openalex.org/W3005789967
https://openalex.org/W2054971185
https://openalex.org/W3209607828
https://openalex.org/W3134216978
https://openalex.org/W4206466022
https://openalex.org/W2004919558
https://openalex.org/W1964469789
https://openalex.org/W2094222052
https://openalex.org/W2042963284
https://openalex.org/W1480830299
https://openalex.org/W2045562441
https://openalex.org/W2046772501
https://openalex.org/W2083508473
https://openalex.org/W2133415628
https://openalex.org/W2093351330
https://openalex.org/W2407137903
https://openalex.org/W2033553933
https://openalex.org/W2107291395
https://openalex.org/W2161596458
https://openalex.org/W1967713532
https://openalex.org/W2414248726
https://openalex.org/W2010317755
https://openalex.org/W2047180597
https://openalex.org/W1927677085
https://openalex.org/W1999323984
https://openalex.org/W2058218320
https://openalex.org/W2904277472
https://openalex.org/W3011361912
https://openalex.org/W4292223720
https://openalex.org/W2054603499
https://openalex.org/W1989382262
https://openalex.org/W2122420884
https://openalex.org/W2059171542
https://openalex.org/W2059836202
https://openalex.org/W2116911595
https://openalex.org/W2027357121
https://openalex.org/W2005291755
https://openalex.org/W2469423473
https://openalex.org/W2062531163
https://openalex.org/W2056036915
https://openalex.org/W2149567858
https://openalex.org/W2092014446
https://openalex.org/W2058019035
https://openalex.org/W2155665855
https://openalex.org/W2461822859
https://openalex.org/W2552534973
https://openalex.org/W2995927882
https://openalex.org/W2996434192
https://openalex.org/W3110614861
https://openalex.org/W3014778390
https://openalex.org/W4312053004
https://openalex.org/W4390608909
https://openalex.org/W4390612508
https://openalex.org/W4390733934
https://openalex.org/W4390938835
https://openalex.org/W4391218848
https://openalex.org/W4391547714
https://openalex.org/W4391566919
https://openalex.org/W4391661340
https://openalex.org/W4391697156
https://openalex.org/W4391723578
https://openalex.org/W4391850478
https://openalex.org/W4391895634
https://openalex.org/W4391928640
https://openalex.org/W4392152571
https://openalex.org/W4392378456
https://openalex.org/W4392379621
https://openalex.org/W4392545981
https://openalex.org/W4392847853
https://openalex.org/W4392901280
https://openalex.org/W4392982704
https://openalex.org/W4393529461
https://openalex.org/W4394727403
https://openalex.org/W2056946235
https://openalex.org/W2047025827
https://openalex.org/W2420655579
https://openalex.org/W1975754121
https://openalex.org/W1541167026
https://openalex.org/W2409901930
https://openalex.org/W1523765851
https://openalex.org/W2056182942
https://openalex.org/W2057930930
https://openalex.org/W2094560949
https://openalex.org/W2299630151
https://openalex.org/W2027147186
https://openalex.org/W2885581212
https://openalex.org/W2015135824
https://openalex.org/W1972720265
https://openalex.org/W2444044155
https://openalex.org/W2002513140
https://openalex.org/W2008567272
https://openalex.org/W2348788651
https://openalex.org/W1991330672
https://openalex.org/W2145846719
https://openalex.org/W2285093514
https://openalex.org/W2274229928
https://openalex.org/W2295476498
https://openalex.org/W2774836397
https://openalex.org/W2288172292
https://openalex.org/W4237807488
https://openalex.org/W2981951874
https://openalex.org/W4327948272
https://openalex.org/W4366168132
https://openalex.org/W4379376780
https://openalex.org/W2003973931
https://openalex.org/W1976548272
https://openalex.org/W2022716542
https://openalex.org/W2022794201
https://openalex.org/W2103616944
https://openalex.org/W2103753560
https://openalex.org/W2024672136
https://openalex.org/W2019332415
https://openalex.org/W1989194895
https://openalex.org/W2038842164
https://openalex.org/W2003028347
https://openalex.org/W2005834390
https://openalex.org/W2020286037
https://openalex.org/W2052639260
https://openalex.org/W1963591033
https://openalex.org/W2252634134
https://openalex.org/W2519610577
https://openalex.org/W2529415489
https://openalex.org/W3005555554
https://openalex.org/W2333468989
https://openalex.org/W3137914049
https://openalex.org/W3195249613
https://openalex.org/W4213363699
https://openalex.org/W1967046589
https://openalex.org/W1898503514
https://openalex.org/W2067386649
https://openalex.org/W2001357528
https://openalex.org/W2141298296
https://openalex.org/W1500971862
https://openalex.org/W1521106630
https://openalex.org/W2082315506
https://openalex.org/W2156644003
https://openalex.org/W2082957274
https://openalex.org/W1977928444
https://openalex.org/W2620845059
https://openalex.org/W2463657193
https://openalex.org/W2514333264
https://openalex.org/W2560311600
https://openalex.org/W2773083334
https://openalex.org/W2898379397
https://openalex.org/W2905989138
https://openalex.org/W3019143388
https://openalex.org/W3130259192
https://openalex.org/W4200422150
https://openalex.org/W4304695295
https://openalex.org/W4313242282
https://openalex.org/W2026099865
https://openalex.org/W2107393476
https://openalex.org/W2004457349
https://openalex.org/W2025342665
https://openalex.org/W2054493916
https://openalex.org/W2797400047
https://openalex.org/W2095427551
https://openalex.org/W2317789359
https://openalex.org/W2000856047
https://openalex.org/W2175650595
https://openalex.org/W1742171873
https://openalex.org/W1976737010
https://openalex.org/W1990073364
https://openalex.org/W1998599851
https://openalex.org/W2024074914
https://openalex.org/W2026177074
https://openalex.org/W2151779004
https://openalex.org/W2157214261
https://openalex.org/W1984341513
https://openalex.org/W2419326070
https://openalex.org/W2053435575
https://openalex.org/W2412209538
https://openalex.org/W4250884363
https://openalex.org/W2061186449
https://openalex.org/W2890546273
https://openalex.org/W2991000947
https://openalex.org/W3141399600
https://openalex.org/W3153720033
https://openalex.org/W3203021898
https://openalex.org/W2083430142
https://openalex.org/W2026215386
https://openalex.org/W2030304316
https://openalex.org/W2034230834
https://openalex.org/W2014433994
https://openalex.org/W13714844
https://openalex.org/W1976618533
https://openalex.org/W2026399312
https://openalex.org/W2043244866
https://openalex.org/W1992340568
https://openalex.org/W2035243705
https://openalex.org/W4211128093
https://openalex.org/W1998990748
https://openalex.org/W2049165652
https://openalex.org/W1605117550
https://openalex.org/W2891598975
https://openalex.org/W2973752378
https://openalex.org/W213522533
https://openalex.org/W2229622978
https://openalex.org/W3041852446
https://openalex.org/W3084301329
https://openalex.org/W3154205214
https://openalex.org/W3194015316
https://openalex.org/W3212883890
https://openalex.org/W4205621185
https://openalex.org/W4225872396
https://openalex.org/W4328093624
https://openalex.org/W4385718202
https://openalex.org/W4387753681
https://openalex.org/W2022016729
https://openalex.org/W2066393798
https://openalex.org/W2062361174
https://openalex.org/W2067286337
https://openalex.org/W2162944266
https://openalex.org/W1981178081
https://openalex.org/W1982887637
https://openalex.org/W2019775738
https://openalex.org/W1971922793
https://openalex.org/W2526565906
https://openalex.org/W1991746501
https://openalex.org/W2011587657
https://openalex.org/W2418651305
https://openalex.org/W2076293141
https://openalex.org/W2078637907
https://openalex.org/W2409066147
https://openalex.org/W1965104079
https://openalex.org/W1572636402
https://openalex.org/W1860841268
https://openalex.org/W2222134187
https://openalex.org/W2011415471
https://openalex.org/W2036786328
https://openalex.org/W2094827153
https://openalex.org/W2135005236
https://openalex.org/W1971994040
https://openalex.org/W1924231427
https://openalex.org/W2077048362
https://openalex.org/W2203288479
https://openalex.org/W2064537148
https://openalex.org/W1973239910
https://openalex.org/W2043598474
https://openalex.org/W2058933756
https://openalex.org/W2279776595
https://openalex.org/W3080155225
https://openalex.org/W3091691401
https://openalex.org/W2317871892
https://openalex.org/W3195592164
https://openalex.org/W2027100500
https://openalex.org/W4233454023
https://openalex.org/W2007344070
https://openalex.org/W2030519277
https://openalex.org/W2049829659
https://openalex.org/W2430488364
https://openalex.org/W2046045850
https://openalex.org/W2055888512
https://openalex.org/W2099148283
https://openalex.org/W2421121500
https://openalex.org/W634178211
https://openalex.org/W2044056294
https://openalex.org/W2123222955
https://openalex.org/W2135543305
https://openalex.org/W2006232226
https://openalex.org/W2134606112
https://openalex.org/W1096397057
https://openalex.org/W1559034308
https://openalex.org/W2060124810
https://openalex.org/W2101561996
https://openalex.org/W2619578700
https://openalex.org/W2973167037
https://openalex.org/W3035961266
https://openalex.org/W3111083529
https://openalex.org/W3118694930
https://openalex.org/W3163948454
https://openalex.org/W2165701812
https://openalex.org/W2152133752
https://openalex.org/W2024981195
https://openalex.org/W2153910934
https://openalex.org/W29800784
https://openalex.org/W2011063051
https://openalex.org/W2095200829
https://openalex.org/W1978366077
https://openalex.org/W2052551070
https://openalex.org/W1979008881
https://openalex.org/W2080756389
https://openalex.org/W1844655887
https://openalex.org/W2142233855
https://openalex.org/W2337455928
https://openalex.org/W2556797904
https://openalex.org/W2584822693
https://openalex.org/W3045696761
https://openalex.org/W3109242103
https://openalex.org/W1965331031
https://openalex.org/W1998979797
https://openalex.org/W1975822942
https://openalex.org/W2008094694
https://openalex.org/W1980546778
https://openalex.org/W2415436548
https://openalex.org/W2033029307
https://openalex.org/W2076121442
https://openalex.org/W2076380382
https://openalex.org/W1968731717
https://openalex.org/W2005057655
https://openalex.org/W2017072538
https://openalex.org/W2069065637
https://openalex.org/W2188649443
https://openalex.org/W2469573553
https://openalex.org/W2903164857
https://openalex.org/W2953820305
https://openalex.org/W2012290044
https://openalex.org/W2218162031
https://openalex.org/W3187394202
https://openalex.org/W2055239318
https://openalex.org/W2085473985
https://openalex.org/W2122286434
https://openalex.org/W2126628319
https://openalex.org/W3009513227
https://openalex.org/W2000513307
https://openalex.org/W2009761186
https://openalex.org/W2407483280
https://openalex.org/W4255444668
https://openalex.org/W1994192282
https://openalex.org/W2043949588
https://openalex.org/W2399426145
https://openalex.org/W2094055304
https://openalex.org/W2252718176
https://openalex.org/W2054119080
https://openalex.org/W2057632263
https://openalex.org/W2430122523
https://openalex.org/W3000150927
https://openalex.org/W3033933715
https://openalex.org/W1930074283
https://openalex.org/W2108002734
https://openalex.org/W4281711125
https://openalex.org/W4312075129
https://openalex.org/W4318923631
https://openalex.org/W1987426849
https://openalex.org/W2018343027
https://openalex.org/W2043556637
https://openalex.org/W1994783183
https://openalex.org/W1966399165
https://openalex.org/W1977557413
https://openalex.org/W2409374774
https://openalex.org/W2027443620
https://openalex.org/W2067828172
https://openalex.org/W2418603982
https://openalex.org/W2082390558
https://openalex.org/W1648852099
https://openalex.org/W4313374218
https://openalex.org/W1970114365
https://openalex.org/W1987104371
https://openalex.org/W4232320657
https://openalex.org/W2416076520
https://openalex.org/W2052980578
https://openalex.org/W2169473316
https://openalex.org/W2338981165
https://openalex.org/W2465190770
https://openalex.org/W2030630940
https://openalex.org/W2414251093
https://openalex.org/W2049642165
https://openalex.org/W2772952945
https://openalex.org/W2891080835
https://openalex.org/W2901268083
https://openalex.org/W3004053305
https://openalex.org/W3032908575
https://openalex.org/W3152517281
https://openalex.org/W3201864082
https://openalex.org/W2032147951
https://openalex.org/W2188180795
https://openalex.org/W2416759182
https://openalex.org/W2527955090
https://openalex.org/W1561913562
https://openalex.org/W2053473448
https://openalex.org/W2067691512
https://openalex.org/W2076352468
https://openalex.org/W2431149810
https://openalex.org/W1975330347
https://openalex.org/W2050029335
https://openalex.org/W2044979038
https://openalex.org/W2094068779
https://openalex.org/W1692964722
https://openalex.org/W2050470524
https://openalex.org/W2100501344
https://openalex.org/W2163411261
https://openalex.org/W2176493787
https://openalex.org/W2231483494
https://openalex.org/W2510502465
https://openalex.org/W2993203595
https://openalex.org/W3169007875
https://openalex.org/W4318539872
https://openalex.org/W4318580178
https://openalex.org/W4323293871
https://openalex.org/W4367304038
https://openalex.org/W4372318998
https://openalex.org/W4378951237
https://openalex.org/W4379177288
https://openalex.org/W4382793100
https://openalex.org/W4385258073
https://openalex.org/W4385262394
https://openalex.org/W4385576058
https://openalex.org/W4385649259
https://openalex.org/W4385685993
https://openalex.org/W4385689808
https://openalex.org/W4385699638
https://openalex.org/W4385729024
https://openalex.org/W4385805326
https://openalex.org/W4385833662
https://openalex.org/W4385833770
https://openalex.org/W4385995946
https://openalex.org/W4386056507
https://openalex.org/W4386353328
https://openalex.org/W4386625676
https://openalex.org/W4386709077
https://openalex.org/W4386722639
https://openalex.org/W4386810579
https://openalex.org/W4386840334
https://openalex.org/W4386873025
https://openalex.org/W4386897263
https://openalex.org/W4386926253
https://openalex.org/W4387033276
https://openalex.org/W4387134844
https://openalex.org/W4387365696
https://openalex.org/W4387371025
https://openalex.org/W4387385881
https://openalex.org/W4387561555
https://openalex.org/W4387665388
https://openalex.org/W4387682500
https://openalex.org/W4387809091
https://openalex.org/W4387809118
https://openalex.org/W4387809120
https://openalex.org/W4387809342
https://openalex.org/W4387901423
https://openalex.org/W4388051180
https://openalex.org/W4388101032
https://openalex.org/W4388269282
https://openalex.org/W4388366434
https://openalex.org/W4388453518
https://openalex.org/W4388501049
https://openalex.org/W4388522452
https://openalex.org/W4388662689
https://openalex.org/W4388665209
https://openalex.org/W4388672143
https://openalex.org/W4388862769
https://openalex.org/W4388866032
https://openalex.org/W4388908976
https://openalex.org/W4388941617
https://openalex.org/W4388997684
https://openalex.org/W4389019878
https://openalex.org/W4389167999
https://openalex.org/W4389398490
https://openalex.org/W4389671135
https://openalex.org/W4389726985
https://openalex.org/W4389816932
https://openalex.org/W4389892871
https://openalex.org/W4389948856
https://openalex.org/W4389991086
https://openalex.org/W4389993086
https://openalex.org/W4390225681
https://openalex.org/W4390346282
https://openalex.org/W4390352318
https://openalex.org/W4390687772
https://openalex.org/W4391016350
https://openalex.org/W4392857842
https://openalex.org/W4393419151
https://openalex.org/W4393446963
https://openalex.org/W4393688586
https://openalex.org/W4393822753
https://openalex.org/W4394069398
https://openalex.org/W4394086951
https://openalex.org/W4394293570
https://openalex.org/W4394342064
https://openalex.org/W4395101449
https://openalex.org/W4395672700
https://openalex.org/W1993301955
https://openalex.org/W2012230015
https://openalex.org/W2002227446
https://openalex.org/W2022507899
https://openalex.org/W2427135115
https://openalex.org/W2134767494
https://openalex.org/W2593227690
https://openalex.org/W636527018
https://openalex.org/W1968621986
https://openalex.org/W1981926506
https://openalex.org/W2053209760
https://openalex.org/W2065365925
https://openalex.org/W2121071308
https://openalex.org/W2417826952
https://openalex.org/W2790910921
https://openalex.org/W2976461982
https://openalex.org/W2997317311
https://openalex.org/W3109074780
https://openalex.org/W3111844900
https://openalex.org/W3128747208
https://openalex.org/W3137753518
https://openalex.org/W3149682716
https://openalex.org/W3180073587
https://openalex.org/W3187393577
https://openalex.org/W3188859378
https://openalex.org/W2433196860
https://openalex.org/W3091008802
https://openalex.org/W4225285812
https://openalex.org/W4304775389
https://openalex.org/W1045667108
https://openalex.org/W2119236105
https://openalex.org/W4250529844
https://openalex.org/W2012620944
https://openalex.org/W2051174854
https://openalex.org/W2130247995
https://openalex.org/W2415322896
https://openalex.org/W110852082
https://openalex.org/W180256257
https://openalex.org/W210702161
https://openalex.org/W2138000404
https://openalex.org/W2152662392
https://openalex.org/W2129967493
https://openalex.org/W2193361791
https://openalex.org/W2318006570
https://openalex.org/W2411516997
https://openalex.org/W2019622739
https://openalex.org/W2124204662
https://openalex.org/W2054440978
https://openalex.org/W2060122298
https://openalex.org/W2313193924
https://openalex.org/W2327155358
https://openalex.org/W2085380310
https://openalex.org/W2237889325
https://openalex.org/W2410341180
https://openalex.org/W2411607619
https://openalex.org/W2046165082
https://openalex.org/W2127643783
https://openalex.org/W2325616594
https://openalex.org/W2415498230
https://openalex.org/W2473192016
https://openalex.org/W2617591759
https://openalex.org/W2966696732
https://openalex.org/W2471793979
https://openalex.org/W2005594625
https://openalex.org/W2088375829
https://openalex.org/W770719173
https://openalex.org/W1128853080
https://openalex.org/W119015091
https://openalex.org/W2040879022
https://openalex.org/W2278121782
https://openalex.org/W2595080622
https://openalex.org/W2883557436
https://openalex.org/W14667759
https://openalex.org/W1997407044
https://openalex.org/W2065211691
https://openalex.org/W2064400177
https://openalex.org/W2011789015
https://openalex.org/W2024541843
https://openalex.org/W2065930452
https://openalex.org/W2407085207
https://openalex.org/W2465196331
https://openalex.org/W3088629251
https://openalex.org/W3109569649
https://openalex.org/W3112615063
https://openalex.org/W3114248459
https://openalex.org/W1979431171
https://openalex.org/W2010586733
https://openalex.org/W2101723551
https://openalex.org/W213631378
https://openalex.org/W2331206201
https://openalex.org/W2463008290
https://openalex.org/W3091908284
https://openalex.org/W56441500
https://openalex.org/W1968184619
https://openalex.org/W2026157566
https://openalex.org/W2461600440
https://openalex.org/W2468732446
https://openalex.org/W4244237074
https://openalex.org/W1970230487
https://openalex.org/W1978453121
https://openalex.org/W2020530755
https://openalex.org/W2125323648
https://openalex.org/W2465887381
https://openalex.org/W2474118062
https://openalex.org/W3132795998
https://openalex.org/W3172831802
https://openalex.org/W4200252383
https://openalex.org/W4206697096
https://openalex.org/W2261554857
https://openalex.org/W2013647916
https://openalex.org/W2188113014
https://openalex.org/W2260862735
https://openalex.org/W427391528
https://openalex.org/W1928156081
https://openalex.org/W2039262710
https://openalex.org/W2613215394
https://openalex.org/W2805684160
https://openalex.org/W4298387585
https://openalex.org/W4300660237
https://openalex.org/W2008074576
https://openalex.org/W2088082468
https://openalex.org/W2118771482
https://openalex.org/W2419049396
https://openalex.org/W1967233352
https://openalex.org/W1993022574
https://openalex.org/W1161300650
https://openalex.org/W1974662882
https://openalex.org/W1979757348
https://openalex.org/W2013969530
https://openalex.org/W2018923596
https://openalex.org/W2092458807
https://openalex.org/W2093293236
https://openalex.org/W2138267541
https://openalex.org/W2172388741
https://openalex.org/W2178421774
https://openalex.org/W2179373286
https://openalex.org/W2195996850
https://openalex.org/W2220143985
https://openalex.org/W2224705579
https://openalex.org/W2226015730
https://openalex.org/W2226931626
https://openalex.org/W2278184444
https://openalex.org/W2298754590
https://openalex.org/W2306340515
https://openalex.org/W2307136587
https://openalex.org/W2315908930
https://openalex.org/W2321127174
https://openalex.org/W2334383224
https://openalex.org/W2336297702
https://openalex.org/W2400193341
https://openalex.org/W2410858328
https://openalex.org/W2471748548
https://openalex.org/W2477845298
https://openalex.org/W2480848044
https://openalex.org/W2481172119
https://openalex.org/W2481383493
https://openalex.org/W2493279641
https://openalex.org/W2584835156
https://openalex.org/W2626816574
https://openalex.org/W3004301477
https://openalex.org/W3004453731
https://openalex.org/W3016877742
https://openalex.org/W4389361392
https://openalex.org/W953638181
https://openalex.org/W165375776
https://openalex.org/W1991478643
https://openalex.org/W2052300193
https://openalex.org/W2187659753
https://openalex.org/W2415810921
https://openalex.org/W2434949619
https://openalex.org/W4241528586
https://openalex.org/W2010269529
https://openalex.org/W2409461518
https://openalex.org/W2415333088
https://openalex.org/W1840848893
https://openalex.org/W1976278827
https://openalex.org/W2005054357
https://openalex.org/W2010520839
https://openalex.org/W2076371407
https://openalex.org/W2089889127
https://openalex.org/W2185829651
https://openalex.org/W2187390695
https://openalex.org/W2262900004
https://openalex.org/W2286180076
https://openalex.org/W2324322470
https://openalex.org/W2326224007
https://openalex.org/W2331944800
https://openalex.org/W2334088134
https://openalex.org/W2419451123
https://openalex.org/W2467340478
https://openalex.org/W2475614935
https://openalex.org/W2518614642
https://openalex.org/W2525933981
https://openalex.org/W2670238642
https://openalex.org/W2765526227
https://openalex.org/W2978623390
https://openalex.org/W3162176530
https://openalex.org/W340127418
https://openalex.org/W4206901968
https://openalex.org/W4393028014
https://openalex.org/W770205146
https://openalex.org/W898516702
https://openalex.org/W979388001
https://openalex.org/W1989917651
https://openalex.org/W2316072079
https://openalex.org/W1963621175
https://openalex.org/W1982928472
https://openalex.org/W2405432718
https://openalex.org/W2409476319
https://openalex.org/W4254686688
https://openalex.org/W2047843387
https://openalex.org/W2059366138
https://openalex.org/W2118112338
https://openalex.org/W2184559637
https://openalex.org/W2216305919
https://openalex.org/W2225214937
https://openalex.org/W2247170899
https://openalex.org/W2268941011
https://openalex.org/W2311863002
https://openalex.org/W2395552945
https://openalex.org/W2403749708
https://openalex.org/W2404184321
https://openalex.org/W2409671385
https://openalex.org/W2412768880
https://openalex.org/W2413293013
https://openalex.org/W2413303161
https://openalex.org/W2442938624
https://openalex.org/W2587876168
https://openalex.org/W2605752956
https://openalex.org/W2620234745
https://openalex.org/W2620540172
https://openalex.org/W2693692981
https://openalex.org/W2727507940
https://openalex.org/W2760998126
https://openalex.org/W2762287650
https://openalex.org/W2763535643
https://openalex.org/W2942549603
https://openalex.org/W2972840832
https://openalex.org/W318991917
https://openalex.org/W4252375405
https://openalex.org/W1915853630
https://openalex.org/W2151630294
https://openalex.org/W2411072225
https://openalex.org/W2412159950
https://openalex.org/W308989027
https://openalex.org/W126779122
https://openalex.org/W2027216047
https://openalex.org/W2061308783
https://openalex.org/W2302190099
https://openalex.org/W2325731147
https://openalex.org/W2394761317
https://openalex.org/W2412496759
https://openalex.org/W2416330847
https://openalex.org/W2416644914
https://openalex.org/W2467572552
https://openalex.org/W2470057726
https://openalex.org/W382873264
https://openalex.org/W4224217658
https://openalex.org/W4229008433
https://openalex.org/W4283579028
https://openalex.org/W4283819351
https://openalex.org/W4285987929
https://openalex.org/W4286209888
https://openalex.org/W4296513059
https://openalex.org/W4306719694
https://openalex.org/W4311813687
https://openalex.org/W4313193726
https://openalex.org/W4385222839
https://openalex.org/W4395104162
https://openalex.org/W1971233425
https://openalex.org/W2418672819
https://openalex.org/W2572068076
https://openalex.org/W4243733188
https://openalex.org/W2068686477
https://openalex.org/W2265264082
https://openalex.org/W2288751075
https://openalex.org/W2400104773
https://openalex.org/W2406181081
https://openalex.org/W2407506074
https://openalex.org/W2409398529
https://openalex.org/W2411415370
https://openalex.org/W2412093511
https://openalex.org/W2412194473
https://openalex.org/W2412381630
https://openalex.org/W2413317101
https://openalex.org/W2416347427
https://openalex.org/W2422763391
https://openalex.org/W2438142715
https://openalex.org/W2464008824
https://openalex.org/W2464173911
https://openalex.org/W2465973122
https://openalex.org/W2810371573
https://openalex.org/W2897780262
https://openalex.org/W2914855303
https://openalex.org/W2915620917
https://openalex.org/W2925118027
https://openalex.org/W2946526482
https://openalex.org/W2951844574
https://openalex.org/W2953750802
https://openalex.org/W2960045946
https://openalex.org/W2982700406
https://openalex.org/W2984729432
https://openalex.org/W2986668613
https://openalex.org/W3005010958
https://openalex.org/W3008521009
https://openalex.org/W3121766823
https://openalex.org/W3127256944
https://openalex.org/W4239429789
https://openalex.org/W4245333235
https://openalex.org/W4389441342
https://openalex.org/W1915917939
https://openalex.org/W1980374518
https://openalex.org/W1982958777
https://openalex.org/W1991340455
https://openalex.org/W2014168357
https://openalex.org/W2024697986
https://openalex.org/W2052896144
https://openalex.org/W2054925082
https://openalex.org/W2067339456
https://openalex.org/W2078520003
https://openalex.org/W2119606687
https://openalex.org/W2187887527
https://openalex.org/W2316181174
https://openalex.org/W2328274591
https://openalex.org/W2394941520
https://openalex.org/W2415093563
https://openalex.org/W2417956880
https://openalex.org/W1145992866
https://openalex.org/W1993248343
https://openalex.org/W2064341155
https://openalex.org/W2084053501
https://openalex.org/W2101057016
https://openalex.org/W2155352510
https://openalex.org/W2395603455
https://openalex.org/W2411807077
https://openalex.org/W2412172731
https://openalex.org/W2413478072
https://openalex.org/W2430138450
https://openalex.org/W2498293740
https://openalex.org/W2599712624
https://openalex.org/W3045903226
https://openalex.org/W3048779064
https://openalex.org/W3080447270
https://openalex.org/W3089651700
https://openalex.org/W3089877319
https://openalex.org/W3107818136
https://openalex.org/W3111073205
https://openalex.org/W3119391238
https://openalex.org/W3147083948
https://openalex.org/W3148453610
https://openalex.org/W4244966979
https://openalex.org/W2046595226
https://openalex.org/W2469192908
https://openalex.org/W189358305
https://openalex.org/W2014288472
https://openalex.org/W2025274654
https://openalex.org/W2235199872
https://openalex.org/W2246910625
https://openalex.org/W2399097785
https://openalex.org/W2406744542
https://openalex.org/W2407637969
https://openalex.org/W2412165722
https://openalex.org/W2412593165
https://openalex.org/W2413686010
https://openalex.org/W2415280226
https://openalex.org/W2416030810
https://openalex.org/W2416575829
https://openalex.org/W2416870317
https://openalex.org/W2417307557
https://openalex.org/W2417358074
https://openalex.org/W2419370938
https://openalex.org/W2427217359
https://openalex.org/W2435749496
https://openalex.org/W2471336050
https://openalex.org/W2474231488
https://openalex.org/W3158780736
https://openalex.org/W3208706022
https://openalex.org/W4229681735
https://openalex.org/W4230562488
https://openalex.org/W4249091707
https://openalex.org/W583888211
https://openalex.org/W2184255884
https://openalex.org/W2265144854
https://openalex.org/W2400026428
https://openalex.org/W2402715223
https://openalex.org/W2404385721
https://openalex.org/W2408932731
https://openalex.org/W2410472823
https://openalex.org/W2423268999
https://openalex.org/W2431481077
https://openalex.org/W2441784467
https://openalex.org/W2443373605
https://openalex.org/W3133185030
https://openalex.org/W3136761600
https://openalex.org/W3139445036
https://openalex.org/W3145801776
https://openalex.org/W3198808425
https://openalex.org/W3205153145
https://openalex.org/W3213178281
https://openalex.org/W4200192584
https://openalex.org/W4211239155
https://openalex.org/W4212831719
https://openalex.org/W4214493505
https://openalex.org/W4231013780
https://openalex.org/W4245679480
https://openalex.org/W4251126272
https://openalex.org/W4388190926
https://openalex.org/W1514554913
https://openalex.org/W1874950640
https://openalex.org/W2009949437
https://openalex.org/W2024734224
https://openalex.org/W2049924615
https://openalex.org/W2055886605
https://openalex.org/W2059241312
https://openalex.org/W2227265841
https://openalex.org/W2321250401
https://openalex.org/W2397544444
https://openalex.org/W2398935734
https://openalex.org/W2404184507
https://openalex.org/W2412788512
https://openalex.org/W2413404189
https://openalex.org/W2472778052
https://openalex.org/W26405213
https://openalex.org/W2757599756
https://openalex.org/W3155323600
https://openalex.org/W4387992156
https://openalex.org/W58096430
https://openalex.org/W1976134283
https://openalex.org/W2185253046
https://openalex.org/W2332758229
https://openalex.org/W2396337832
https://openalex.org/W2408768600
https://openalex.org/W2408863674
https://openalex.org/W2409359404
https://openalex.org/W2410776788
https://openalex.org/W2414716912
https://openalex.org/W2416989837
https://openalex.org/W2418390471
https://openalex.org/W2419644361
https://openalex.org/W2464370321
https://openalex.org/W2593009323
https://openalex.org/W3149983501
https://openalex.org/W4244670993
https://openalex.org/W1968437941
https://openalex.org/W2015819995
https://openalex.org/W2036168231
https://openalex.org/W2094697618
https://openalex.org/W2320446545
https://openalex.org/W2395189193
https://openalex.org/W2406019327
https://openalex.org/W2411403288
https://openalex.org/W2411907924
https://openalex.org/W2415782569
https://openalex.org/W2417163798
https://openalex.org/W2417561983
https://openalex.org/W2418202459
https://openalex.org/W2432939640
https://openalex.org/W2464724401
https://openalex.org/W2467684945
https://openalex.org/W2470269757
https://openalex.org/W2611907796
https://openalex.org/W3026549200
https://openalex.org/W4233017561
https://openalex.org/W4387992053
https://openalex.org/W2094572596
https://openalex.org/W2219767520
https://openalex.org/W2396409469
https://openalex.org/W2401840932
https://openalex.org/W2402912309
https://openalex.org/W2413033811
https://openalex.org/W2414152915
https://openalex.org/W2414383210
https://openalex.org/W2414485074
https://openalex.org/W2415524936
https://openalex.org/W2416510735
https://openalex.org/W2429770014
https://openalex.org/W2435402345
https://openalex.org/W2464421092
https://openalex.org/W2466615060
https://openalex.org/W2573298964
https://openalex.org/W2793427528
https://openalex.org/W3143350788
https://openalex.org/W3186158622
https://openalex.org/W3191554353
https://openalex.org/W4245771642
https://openalex.org/W4254591251
https://openalex.org/W1173902663
https://openalex.org/W144370512
https://openalex.org/W1847181504
https://openalex.org/W2035861782
https://openalex.org/W2061666302
https://openalex.org/W2152627218
https://openalex.org/W2319452152
https://openalex.org/W2329365572
https://openalex.org/W2394580465
https://openalex.org/W2397063045
https://openalex.org/W2405898602
https://openalex.org/W2410713037
https://openalex.org/W2411850338
https://openalex.org/W2416978348
https://openalex.org/W2418823876
https://openalex.org/W2419676808
https://openalex.org/W2426148097
https://openalex.org/W2442130119
https://openalex.org/W2530038768
https://openalex.org/W2531218361
https://openalex.org/W2531927789
https://openalex.org/W2593555574
https://openalex.org/W3201279999
https://openalex.org/W4231429512
https://openalex.org/W573120521
https://openalex.org/W113868639
https://openalex.org/W1984519028
https://openalex.org/W2027131501
https://openalex.org/W2044120611
https://openalex.org/W2069777973
https://openalex.org/W2123565080
https://openalex.org/W221067893
https://openalex.org/W2219067959
https://openalex.org/W2263716362
https://openalex.org/W2313028856
https://openalex.org/W2316093229
https://openalex.org/W2317160836
https://openalex.org/W2319163658
https://openalex.org/W2322242266
https://openalex.org/W2322707556
https://openalex.org/W2328173735
https://openalex.org/W2334524397
https://openalex.org/W2396218262
https://openalex.org/W2396242233
https://openalex.org/W2398320644
https://openalex.org/W2398756097
https://openalex.org/W2399118955
https://openalex.org/W2400942101
https://openalex.org/W2405220585
https://openalex.org/W2411666183
https://openalex.org/W2411734059
https://openalex.org/W2412727748
https://openalex.org/W2412979179
https://openalex.org/W2416751722
https://openalex.org/W2417177543
https://openalex.org/W2417667380
https://openalex.org/W2417930089
https://openalex.org/W2419566995
https://openalex.org/W2426168372
https://openalex.org/W2428978635
https://openalex.org/W2429908440
https://openalex.org/W2431454606
https://openalex.org/W2437325371
https://openalex.org/W2462244497
https://openalex.org/W2465453689
https://openalex.org/W2466734416
https://openalex.org/W2528336735
https://openalex.org/W2600550999
https://openalex.org/W2790866621
https://openalex.org/W2793491492
https://openalex.org/W2905200904
https://openalex.org/W4245356352
https://openalex.org/W4385198986
https://openalex.org/W61452431
https://openalex.org/W98612814
https://openalex.org/W2111858111
https://openalex.org/W1598574080
https://openalex.org/W2003950107
https://openalex.org/W1653191221
https://openalex.org/W2167152710
https://openalex.org/W2026476601
https://openalex.org/W2904803926
https://openalex.org/W2763979809
https://openalex.org/W2072556768
https://openalex.org/W2258066491
https://openalex.org/W2167404121
https://openalex.org/W2099099087
https://openalex.org/W2111635840
https://openalex.org/W2317488575
https://openalex.org/W3020099303
https://openalex.org/W2604761724
https://openalex.org/W1987349940
https://openalex.org/W2494461917
https://openalex.org/W2793992337
https://openalex.org/W1983766005
https://openalex.org/W3017270631
https://openalex.org/W2067122631
https://openalex.org/W1997351298
https://openalex.org/W2093957069
https://openalex.org/W2057913937
https://openalex.org/W2528491208
https://openalex.org/W2065360869
https://openalex.org/W2162151404
https://openalex.org/W1970629443
https://openalex.org/W1800095175
https://openalex.org/W2979124778
https://openalex.org/W3032220059
https://openalex.org/W3118603034
https://openalex.org/W2779044993
https://openalex.org/W2028718288
https://openalex.org/W2098451738
https://openalex.org/W2624368609
https://openalex.org/W3131460561
https://openalex.org/W1978118502
https://openalex.org/W2720818645
https://openalex.org/W1901221442
https://openalex.org/W1994047615
https://openalex.org/W2331962566
https://openalex.org/W3166824185
https://openalex.org/W2018851508
https://openalex.org/W2756237427
https://openalex.org/W2647469809
https://openalex.org/W2114585110
https://openalex.org/W2607768992
https://openalex.org/W2419388116
https://openalex.org/W2924840189
https://openalex.org/W2783449861
https://openalex.org/W2973129586
https://openalex.org/W4220881837
https://openalex.org/W3107050167
https://openalex.org/W3203304735
https://openalex.org/W4210644912
https://openalex.org/W3217765634
https://openalex.org/W4309438509
https://openalex.org/W4211126864
https://openalex.org/W2048937730
https://openalex.org/W2083149292
https://openalex.org/W1676753599
https://openalex.org/W2094198005
https://openalex.org/W1994782334
https://openalex.org/W2133194099
https://openalex.org/W2129348272
https://openalex.org/W1971716077
https://openalex.org/W2115000932
https://openalex.org/W1977350980
https://openalex.org/W2159723167
https://openalex.org/W2217055163
https://openalex.org/W2125692176
https://openalex.org/W2031346513
https://openalex.org/W2012014035
https://openalex.org/W2042313778
https://openalex.org/W2055875542
https://openalex.org/W1502187033
https://openalex.org/W2025215800
https://openalex.org/W2023136182
https://openalex.org/W2161935107
https://openalex.org/W1977402944
https://openalex.org/W1970551361
https://openalex.org/W2119537865
https://openalex.org/W4361868413
https://openalex.org/W2016814099
https://openalex.org/W1921564432
https://openalex.org/W1992144732
https://openalex.org/W2079777665
https://openalex.org/W2052916653
https://openalex.org/W47646469
https://openalex.org/W2075833095
https://openalex.org/W2151093095
https://openalex.org/W1989321011
https://openalex.org/W2104605014
https://openalex.org/W1984668181
https://openalex.org/W2067674453
https://openalex.org/W2052667368
https://openalex.org/W2165917932
https://openalex.org/W2100668772
https://openalex.org/W2079446230
https://openalex.org/W2089325284
https://openalex.org/W2126294842
https://openalex.org/W2106623789
https://openalex.org/W2304124491
https://openalex.org/W2333856506
https://openalex.org/W2109483913
https://openalex.org/W2073391920
https://openalex.org/W2151628748
https://openalex.org/W2901125032
https://openalex.org/W2039186333
https://openalex.org/W1971532562
https://openalex.org/W1600274958
https://openalex.org/W2262087088
https://openalex.org/W2889762847
https://openalex.org/W1916854011
https://openalex.org/W2030437653
https://openalex.org/W2110665180
https://openalex.org/W2050566588
https://openalex.org/W2132870251
https://openalex.org/W2729958976
https://openalex.org/W1991593432
https://openalex.org/W1988658787
https://openalex.org/W2045995185
https://openalex.org/W2049936099
https://openalex.org/W2134187169
https://openalex.org/W2923297188
https://openalex.org/W2046810398
https://openalex.org/W2895436565
https://openalex.org/W2284613270
https://openalex.org/W2914296406
https://openalex.org/W2305489423
https://openalex.org/W3095688106
https://openalex.org/W2081345296
https://openalex.org/W2969567798
https://openalex.org/W2129074707
https://openalex.org/W2758305994
https://openalex.org/W2805625853
https://openalex.org/W2897975460
https://openalex.org/W3117129228
https://openalex.org/W3022360432
https://openalex.org/W3013503156
https://openalex.org/W3216638808
https://openalex.org/W3163648757
https://openalex.org/W3210829726
https://openalex.org/W3198533441
https://openalex.org/W4206456983
https://openalex.org/W4304080890
https://openalex.org/W4285088636
https://openalex.org/W4308771241
https://openalex.org/W4280613381
https://openalex.org/W4281968036
https://openalex.org/W4322719895
https://openalex.org/W4377010622
https://openalex.org/W4366133652
https://openalex.org/W1583992601
https://openalex.org/W1996953939
https://openalex.org/W2109372814
https://openalex.org/W2087722949
https://openalex.org/W1969099442
https://openalex.org/W2109448303
https://openalex.org/W2103534054
https://openalex.org/W2104889593
https://openalex.org/W2017756722
https://openalex.org/W2082015951
https://openalex.org/W2082540589
https://openalex.org/W2154869808
https://openalex.org/W2016407585
https://openalex.org/W2098678174
https://openalex.org/W1963668492
https://openalex.org/W2038168681
https://openalex.org/W2155959746
https://openalex.org/W2044424901
https://openalex.org/W2053505667
https://openalex.org/W2001283671
https://openalex.org/W2039477451
https://openalex.org/W2140712182
https://openalex.org/W2001786959
https://openalex.org/W2165283599
https://openalex.org/W1980253429
https://openalex.org/W2033563707
https://openalex.org/W2158168676
https://openalex.org/W2260922242
https://openalex.org/W2011695678
https://openalex.org/W2110700297
https://openalex.org/W2120969795
https://openalex.org/W2048788553
https://openalex.org/W2079790220
https://openalex.org/W2157899451
https://openalex.org/W1996635192
https://openalex.org/W2072057320
https://openalex.org/W1977735548
https://openalex.org/W2071083851
https://openalex.org/W2073632934
https://openalex.org/W2122597368
https://openalex.org/W1976584637
https://openalex.org/W2089248945
https://openalex.org/W2025846600
https://openalex.org/W2121404609
https://openalex.org/W4254297163
https://openalex.org/W1994561652
https://openalex.org/W2003135941
https://openalex.org/W2091141434
https://openalex.org/W2415750388
https://openalex.org/W2106713041
https://openalex.org/W2162040662
https://openalex.org/W2047857645
https://openalex.org/W2163860659
https://openalex.org/W1981122965
https://openalex.org/W1985098657
https://openalex.org/W2068118478
https://openalex.org/W2031714805
https://openalex.org/W2094887382
https://openalex.org/W2032672495
https://openalex.org/W2106454741
https://openalex.org/W2116952906
https://openalex.org/W2118677902
https://openalex.org/W2127259475
https://openalex.org/W1969343927
https://openalex.org/W1517741458
https://openalex.org/W2126948899
https://openalex.org/W2069738019
https://openalex.org/W2068026117
https://openalex.org/W2015908234
https://openalex.org/W2168056656
https://openalex.org/W2281371963
https://openalex.org/W2019339683
https://openalex.org/W2139222692
https://openalex.org/W2076709400
https://openalex.org/W2048468733
https://openalex.org/W2902571864
https://openalex.org/W2761229854
https://openalex.org/W2020830188
https://openalex.org/W1897662255
https://openalex.org/W1067357380
https://openalex.org/W2614567943
https://openalex.org/W2929012249
https://openalex.org/W2066058743
https://openalex.org/W2737209177
https://openalex.org/W2802862355
https://openalex.org/W2900794804
https://openalex.org/W2921309766
https://openalex.org/W2883537653
https://openalex.org/W2997347238
https://openalex.org/W3033354971
https://openalex.org/W2976767291
https://openalex.org/W3000928389
https://openalex.org/W3107446921
https://openalex.org/W3090048431
https://openalex.org/W3132412957
https://openalex.org/W4220840287
https://openalex.org/W4210314824
https://openalex.org/W4221137708
https://openalex.org/W4210443781
https://openalex.org/W4302024010
https://openalex.org/W4313487811
https://openalex.org/W4361000695
https://openalex.org/W4386192189
https://openalex.org/W4391849041
https://openalex.org/W4392356547
https://openalex.org/W1995758939
https://openalex.org/W2020844610
https://openalex.org/W2100975864
https://openalex.org/W2009159083
https://openalex.org/W2147753858
https://openalex.org/W1989238334
https://openalex.org/W2112323334
https://openalex.org/W2145914653
https://openalex.org/W1976904646
https://openalex.org/W2048397935
https://openalex.org/W1987399992
https://openalex.org/W1994136429
https://openalex.org/W2087154256
https://openalex.org/W4298306036
https://openalex.org/W2054319806
https://openalex.org/W2062808664
https://openalex.org/W2099229785
https://openalex.org/W1973117711
https://openalex.org/W2047766820
https://openalex.org/W2052461670
https://openalex.org/W1993937707
https://openalex.org/W1968377494
https://openalex.org/W2102083789
https://openalex.org/W2070069915
https://openalex.org/W2086368563
https://openalex.org/W1982426386
https://openalex.org/W2122693280
https://openalex.org/W1961085741
https://openalex.org/W1963901314
https://openalex.org/W1994778014
https://openalex.org/W2087220028
https://openalex.org/W170073521
https://openalex.org/W1921782533
https://openalex.org/W2118725719
https://openalex.org/W2121332647
https://openalex.org/W2076573026
https://openalex.org/W2027484047
https://openalex.org/W2101577202
https://openalex.org/W3081264035
https://openalex.org/W2019626412
https://openalex.org/W2064814300
https://openalex.org/W2034730830
https://openalex.org/W1941165979
https://openalex.org/W2106253728
https://openalex.org/W2050845887
https://openalex.org/W2064031617
https://openalex.org/W94405583
https://openalex.org/W2167546665
https://openalex.org/W2159748123
https://openalex.org/W1989057303
https://openalex.org/W1967348397
https://openalex.org/W2075363039
https://openalex.org/W2096993743
https://openalex.org/W2133005075
https://openalex.org/W2160548064
https://openalex.org/W2034143104
https://openalex.org/W1987976911
https://openalex.org/W1990063120
https://openalex.org/W2123153633
https://openalex.org/W2080428594
https://openalex.org/W2086012934
https://openalex.org/W2158897346
https://openalex.org/W2156918784
https://openalex.org/W2010246837
https://openalex.org/W2153908509
https://openalex.org/W2013086600
https://openalex.org/W1904220139
https://openalex.org/W2032690275
https://openalex.org/W1976882223
https://openalex.org/W1995407869
https://openalex.org/W2088936910
https://openalex.org/W2084369238
https://openalex.org/W2136754113
https://openalex.org/W2774754156
https://openalex.org/W2094102038
https://openalex.org/W2118086660
https://openalex.org/W2054710062
https://openalex.org/W2126413924
https://openalex.org/W2313808719
https://openalex.org/W2152323931
https://openalex.org/W2883666699
https://openalex.org/W1993509669
https://openalex.org/W2124567314
https://openalex.org/W1943108244
https://openalex.org/W2301854857
https://openalex.org/W2790823590
https://openalex.org/W2570218720
https://openalex.org/W2592547294
https://openalex.org/W2885496744
https://openalex.org/W2609106615
https://openalex.org/W2768004265
https://openalex.org/W2918721485
https://openalex.org/W3008801356
https://openalex.org/W3108929813
https://openalex.org/W3017310793
https://openalex.org/W3012560241
https://openalex.org/W3017133400
https://openalex.org/W3111329050
https://openalex.org/W2069189373
https://openalex.org/W3006493213
https://openalex.org/W3201678100
https://openalex.org/W3214662017
https://openalex.org/W3175533359
https://openalex.org/W4283726769
https://openalex.org/W4302024165
https://openalex.org/W4304196263
https://openalex.org/W4317569490
https://openalex.org/W4318485160
https://openalex.org/W4361285086
https://openalex.org/W4362582963
https://openalex.org/W2042265810
https://openalex.org/W2057972951
https://openalex.org/W2089124540
https://openalex.org/W2092088148
https://openalex.org/W1965671668
https://openalex.org/W2036913800
https://openalex.org/W2318389193
https://openalex.org/W1856941721
https://openalex.org/W1973518811
https://openalex.org/W1980099727
https://openalex.org/W2074587624
https://openalex.org/W2097872500
https://openalex.org/W2139882840
https://openalex.org/W2029189130
https://openalex.org/W2122768363
https://openalex.org/W2144676239
https://openalex.org/W2053085755
https://openalex.org/W2137169654
https://openalex.org/W2075971121
https://openalex.org/W2121655038
https://openalex.org/W2163771546
https://openalex.org/W1977565619
https://openalex.org/W1986340031
https://openalex.org/W2138481467
https://openalex.org/W2074430637
https://openalex.org/W2052025227
https://openalex.org/W2066271515
https://openalex.org/W1997050145
https://openalex.org/W2050122913
https://openalex.org/W2170897776
https://openalex.org/W2052582741
https://openalex.org/W2145824020
https://openalex.org/W1991365184
https://openalex.org/W1979484922
https://openalex.org/W2110105526
https://openalex.org/W2049231119
https://openalex.org/W2097278505
https://openalex.org/W2111603057
https://openalex.org/W2102452727
https://openalex.org/W2129624914
https://openalex.org/W2152953642
https://openalex.org/W2314724867
https://openalex.org/W1975634430
https://openalex.org/W2012442768
https://openalex.org/W2018665187
https://openalex.org/W2073981400
https://openalex.org/W2104372390
https://openalex.org/W2068512532
https://openalex.org/W2115204631
https://openalex.org/W1870421356
https://openalex.org/W2037550134
https://openalex.org/W2069794455
https://openalex.org/W2094613458
https://openalex.org/W2040379258
https://openalex.org/W2100730362
https://openalex.org/W1566792576
https://openalex.org/W2013032275
https://openalex.org/W2395567852
https://openalex.org/W2331611844
https://openalex.org/W1984932411
https://openalex.org/W2072689602
https://openalex.org/W2232677792
https://openalex.org/W2339943232
https://openalex.org/W1972864262
https://openalex.org/W2807440084
https://openalex.org/W2980963406
https://openalex.org/W2343872342
https://openalex.org/W2573571421
https://openalex.org/W2622917734
https://openalex.org/W2793339368
https://openalex.org/W2952757557
https://openalex.org/W2605021550
https://openalex.org/W2801211530
https://openalex.org/W2948800247
https://openalex.org/W1994623508
https://openalex.org/W2981868832
https://openalex.org/W3015150402
https://openalex.org/W3023819548
https://openalex.org/W3081731005
https://openalex.org/W3182845327
https://openalex.org/W2235601604
https://openalex.org/W2327305033
https://openalex.org/W4285197185
https://openalex.org/W4295754330
https://openalex.org/W3209871962
https://openalex.org/W4200532479
https://openalex.org/W4213107079
https://openalex.org/W4220721858
https://openalex.org/W4226441721
https://openalex.org/W4283205484
https://openalex.org/W4323295119
https://openalex.org/W2120341052
https://openalex.org/W2155442204
https://openalex.org/W1561078178
https://openalex.org/W2031747939
https://openalex.org/W1529890067
https://openalex.org/W1986915752
https://openalex.org/W2049916225
https://openalex.org/W1964996959
https://openalex.org/W1992800374
https://openalex.org/W1948408879
https://openalex.org/W2021912155
https://openalex.org/W2053475873
https://openalex.org/W2158905781
https://openalex.org/W2151684028
https://openalex.org/W2011654533
https://openalex.org/W2035871899
https://openalex.org/W2054137245
https://openalex.org/W2054864452
https://openalex.org/W1972766883
https://openalex.org/W2052606270
https://openalex.org/W2009246149
https://openalex.org/W2282061611
https://openalex.org/W2127738452
https://openalex.org/W1911968211
https://openalex.org/W2150110783
https://openalex.org/W1970034135
https://openalex.org/W2096709560
https://openalex.org/W2104049726
https://openalex.org/W2039300450
https://openalex.org/W2097707773
https://openalex.org/W2109352548
https://openalex.org/W2112163076
https://openalex.org/W2325885200
https://openalex.org/W2085941057
https://openalex.org/W2185690987
https://openalex.org/W1967044395
https://openalex.org/W2108304757
https://openalex.org/W1906313944
https://openalex.org/W1974484935
https://openalex.org/W2001471675
https://openalex.org/W2138986580
https://openalex.org/W2154024117
https://openalex.org/W2164575253
https://openalex.org/W1869860973
https://openalex.org/W2086063929
https://openalex.org/W2096330349
https://openalex.org/W2045456195
https://openalex.org/W2157306429
https://openalex.org/W1996901165
https://openalex.org/W2049565823
https://openalex.org/W2068935886
https://openalex.org/W2112470683
https://openalex.org/W2313201931
https://openalex.org/W2015168098
https://openalex.org/W1599522515
https://openalex.org/W2120503610
https://openalex.org/W2158272471
https://openalex.org/W2698650751
https://openalex.org/W1940584187
https://openalex.org/W2566412457
https://openalex.org/W2766058197
https://openalex.org/W2801467855
https://openalex.org/W2886862207
https://openalex.org/W2368644833
https://openalex.org/W2388295221
https://openalex.org/W2558758615
https://openalex.org/W2592149016
https://openalex.org/W2599619849
https://openalex.org/W2735357286
https://openalex.org/W2739038380
https://openalex.org/W2790985447
https://openalex.org/W2925472962
https://openalex.org/W2967414374
https://openalex.org/W1986040716
https://openalex.org/W2944199217
https://openalex.org/W2901514219
https://openalex.org/W3024021631
https://openalex.org/W2990060860
https://openalex.org/W2256918083
https://openalex.org/W3011716228
https://openalex.org/W3027348000
https://openalex.org/W3024615820
https://openalex.org/W3138185790
https://openalex.org/W3166696268
https://openalex.org/W3043177950
https://openalex.org/W3104031023
https://openalex.org/W4200508878
https://openalex.org/W4206641178
https://openalex.org/W4211244841
https://openalex.org/W4280506072
https://openalex.org/W4292939159
https://openalex.org/W4310079398
https://openalex.org/W4320033929
https://openalex.org/W2040614704
https://openalex.org/W2006596995
https://openalex.org/W2143546663
https://openalex.org/W2022515980
https://openalex.org/W2034520597
https://openalex.org/W2123304379
https://openalex.org/W4232145659
https://openalex.org/W1999967293
https://openalex.org/W1784848985
https://openalex.org/W2101442314
https://openalex.org/W2030189147
https://openalex.org/W1973369026
https://openalex.org/W1998915815
https://openalex.org/W2086845057
https://openalex.org/W2157315777
https://openalex.org/W2008952618
https://openalex.org/W2171880950
https://openalex.org/W2036499843
https://openalex.org/W2076268737
https://openalex.org/W2159261299
https://openalex.org/W145629947
https://openalex.org/W1978714692
https://openalex.org/W1997240190
https://openalex.org/W2028984739
https://openalex.org/W2162134651
https://openalex.org/W1757455185
https://openalex.org/W1998352968
https://openalex.org/W205493927
https://openalex.org/W1989856701
https://openalex.org/W2138834752
https://openalex.org/W1966239774
https://openalex.org/W2060728911
https://openalex.org/W1997341724
https://openalex.org/W2053499976
https://openalex.org/W2022108422
https://openalex.org/W2086721871
https://openalex.org/W1975107334
https://openalex.org/W2082904403
https://openalex.org/W2415286226
https://openalex.org/W1587526075
https://openalex.org/W2042341077
https://openalex.org/W2117420410
https://openalex.org/W2065153654
https://openalex.org/W2121407188
https://openalex.org/W2121006735
https://openalex.org/W1849029189
https://openalex.org/W2013360073
https://openalex.org/W2023661718
https://openalex.org/W2041624124
https://openalex.org/W2075306542
https://openalex.org/W2151140419
https://openalex.org/W1974504498
https://openalex.org/W1978410077
https://openalex.org/W2060104306
https://openalex.org/W2141659201
https://openalex.org/W1966287168
https://openalex.org/W2048417607
https://openalex.org/W2089682567
https://openalex.org/W2151357814
https://openalex.org/W2154299102
https://openalex.org/W2021486875
https://openalex.org/W2023708410
https://openalex.org/W2159055489
https://openalex.org/W1859395443
https://openalex.org/W2005600050
https://openalex.org/W2802253628
https://openalex.org/W2884348090
https://openalex.org/W2782321008
https://openalex.org/W2901614627
https://openalex.org/W2477311865
https://openalex.org/W2595484116
https://openalex.org/W2016549230
https://openalex.org/W2302810297
https://openalex.org/W2894183427
https://openalex.org/W2912117958
https://openalex.org/W2945726898
https://openalex.org/W2150419024
https://openalex.org/W2951535531
https://openalex.org/W3025621067
https://openalex.org/W3130661006
https://openalex.org/W3135879057
https://openalex.org/W4281669671
https://openalex.org/W4281785344
https://openalex.org/W4309200317
https://openalex.org/W4229020326
https://openalex.org/W4282932055
https://openalex.org/W2043379522
https://openalex.org/W4317624358
https://openalex.org/W4380538233
https://openalex.org/W2045779964
https://openalex.org/W4242352269
https://openalex.org/W2322364588
https://openalex.org/W1529724547
https://openalex.org/W2031548942
https://openalex.org/W2039278047
https://openalex.org/W326656742
https://openalex.org/W2007735028
https://openalex.org/W1895343859
https://openalex.org/W2056023753
https://openalex.org/W2095093379
https://openalex.org/W2154897699
https://openalex.org/W1991196922
https://openalex.org/W1965931059
https://openalex.org/W2039953199
https://openalex.org/W2009990348
https://openalex.org/W2033737685
https://openalex.org/W2049570980
https://openalex.org/W2119913128
https://openalex.org/W4295690688
https://openalex.org/W2111766962
https://openalex.org/W2017646158
https://openalex.org/W2409287419
https://openalex.org/W2034954568
https://openalex.org/W2061287215
https://openalex.org/W2470590077
https://openalex.org/W1931316900
https://openalex.org/W1978352663
https://openalex.org/W1823918878
https://openalex.org/W2005648853
https://openalex.org/W2143827517
https://openalex.org/W2029323699
https://openalex.org/W2087456562
https://openalex.org/W2147521025
https://openalex.org/W2165545702
https://openalex.org/W2013524115
https://openalex.org/W2147295282
https://openalex.org/W78217546
https://openalex.org/W2019103272
https://openalex.org/W2032445000
https://openalex.org/W2105477251
https://openalex.org/W2141620707
https://openalex.org/W2144574489
https://openalex.org/W4254308618
https://openalex.org/W1501449679
https://openalex.org/W2006303129
https://openalex.org/W2059656683
https://openalex.org/W2049149247
https://openalex.org/W2058200470
https://openalex.org/W2109475965
https://openalex.org/W2121668633
https://openalex.org/W2543513026
https://openalex.org/W2614824787
https://openalex.org/W3130376660
https://openalex.org/W1991198142
https://openalex.org/W2235163886
https://openalex.org/W2314353360
https://openalex.org/W2533657229
https://openalex.org/W2770956706
https://openalex.org/W2793393121
https://openalex.org/W2934596823
https://openalex.org/W1983777294
https://openalex.org/W2075230887
https://openalex.org/W2620749947
https://openalex.org/W2762842080
https://openalex.org/W2771044262
https://openalex.org/W2560351339
https://openalex.org/W2791163819
https://openalex.org/W2935043686
https://openalex.org/W2992936411
https://openalex.org/W3005233737
https://openalex.org/W3033141682
https://openalex.org/W3209982461
https://openalex.org/W3169119144
https://openalex.org/W3204645128
https://openalex.org/W3206931001
https://openalex.org/W4210795550
https://openalex.org/W4220955016
https://openalex.org/W4311330265
https://openalex.org/W4362660025
https://openalex.org/W4362674819
https://openalex.org/W4388441588
https://openalex.org/W4388894478
https://openalex.org/W4389572701
https://openalex.org/W4389975782
https://openalex.org/W4390674374
https://openalex.org/W4390968899
https://openalex.org/W4391045407
https://openalex.org/W4391430138
https://openalex.org/W4391513723
https://openalex.org/W4391788275
https://openalex.org/W4391789616
https://openalex.org/W4391822720
https://openalex.org/W4391841610
https://openalex.org/W4392291553
https://openalex.org/W4392302231
https://openalex.org/W4392355548
https://openalex.org/W4392745871
https://openalex.org/W4392766976
https://openalex.org/W4392870300
https://openalex.org/W4393076885
https://openalex.org/W4393092606
https://openalex.org/W4393186637
https://openalex.org/W4393925958
https://openalex.org/W4394785270
https://openalex.org/W4394811470
https://openalex.org/W4394823933
https://openalex.org/W4394876522
https://openalex.org/W4394959204
https://openalex.org/W4395011780
https://openalex.org/W4395664800
https://openalex.org/W4395672790
https://openalex.org/W2086441322
https://openalex.org/W1760402415
https://openalex.org/W1971924666
https://openalex.org/W1978644071
https://openalex.org/W2029919514
https://openalex.org/W2076741292
https://openalex.org/W2039741910
https://openalex.org/W2047265527
https://openalex.org/W2116572480
https://openalex.org/W2021120529
https://openalex.org/W2032917827
https://openalex.org/W2041419581
https://openalex.org/W1998494062
https://openalex.org/W2073107127
https://openalex.org/W2114909259
https://openalex.org/W2122825464
https://openalex.org/W2154187766
https://openalex.org/W2154561385
https://openalex.org/W1976097380
https://openalex.org/W2105756238
https://openalex.org/W1996433533
https://openalex.org/W1997729046
https://openalex.org/W2001400052
https://openalex.org/W2038478645
https://openalex.org/W1980820347
https://openalex.org/W2029626786
https://openalex.org/W2065055145
https://openalex.org/W2162235194
https://openalex.org/W2110408499
https://openalex.org/W2128732697
https://openalex.org/W2418197339
https://openalex.org/W2414739187
https://openalex.org/W1999999930
https://openalex.org/W2044454121
https://openalex.org/W2068388607
https://openalex.org/W1989119532
https://openalex.org/W2038629922
https://openalex.org/W2089955671
https://openalex.org/W2109570381
https://openalex.org/W2110141870
https://openalex.org/W2228839801
https://openalex.org/W1974761100
https://openalex.org/W2165948267
https://openalex.org/W2061593071
https://openalex.org/W1891021224
https://openalex.org/W1972820017
https://openalex.org/W1983017225
https://openalex.org/W2059365489
https://openalex.org/W2146814779
https://openalex.org/W2163886978
https://openalex.org/W1520517574
https://openalex.org/W2083100228
https://openalex.org/W47037810
https://openalex.org/W1501926866
https://openalex.org/W1928057733
https://openalex.org/W2046306398
https://openalex.org/W2312973005
https://openalex.org/W2329388038
https://openalex.org/W1986852279
https://openalex.org/W2017493144
https://openalex.org/W2031309004
https://openalex.org/W2128640176
https://openalex.org/W2330099458
https://openalex.org/W2540170678
https://openalex.org/W2759045807
https://openalex.org/W2524354866
https://openalex.org/W2583367473
https://openalex.org/W2883059224
https://openalex.org/W2898615937
https://openalex.org/W2971530644
https://openalex.org/W2979600869
https://openalex.org/W2264713473
https://openalex.org/W2520411544
https://openalex.org/W2012754985
https://openalex.org/W2043746307
https://openalex.org/W3040413216
https://openalex.org/W3043092259
https://openalex.org/W3120511375
https://openalex.org/W3124222970
https://openalex.org/W4200434175
https://openalex.org/W4318620466
https://openalex.org/W4319460202
https://openalex.org/W4321018789
https://openalex.org/W4376119861
https://openalex.org/W4377241841
https://openalex.org/W2109003487
https://openalex.org/W1991185808
https://openalex.org/W1966434614
https://openalex.org/W2088593682
https://openalex.org/W2018163321
https://openalex.org/W2171939924
https://openalex.org/W2416146926
https://openalex.org/W2019659330
https://openalex.org/W2049489756
https://openalex.org/W2082637874
https://openalex.org/W2137723654
https://openalex.org/W2030144750
https://openalex.org/W2050168449
https://openalex.org/W2054744246
https://openalex.org/W2086988683
https://openalex.org/W2061131411
https://openalex.org/W1589277502
https://openalex.org/W2062549951
https://openalex.org/W2078993865
https://openalex.org/W2089162108
https://openalex.org/W2095169392
https://openalex.org/W2154327451
https://openalex.org/W2169149417
https://openalex.org/W2009435822
https://openalex.org/W2015647110
https://openalex.org/W2463219218
https://openalex.org/W1990836844
https://openalex.org/W2029181272
https://openalex.org/W2054624953
https://openalex.org/W1498892327
https://openalex.org/W1978300283
https://openalex.org/W1983246503
https://openalex.org/W2090128844
https://openalex.org/W1985225652
https://openalex.org/W2000997724
https://openalex.org/W2194548150
https://openalex.org/W2290697710
https://openalex.org/W2007834382
https://openalex.org/W2084097619
https://openalex.org/W2136013454
https://openalex.org/W2328705360
https://openalex.org/W1567219416
https://openalex.org/W2104348730
https://openalex.org/W2596329279
https://openalex.org/W1522874207
https://openalex.org/W2163598152
https://openalex.org/W1964059354
https://openalex.org/W2054464594
https://openalex.org/W2087776053
https://openalex.org/W2177575688
https://openalex.org/W2180012316
https://openalex.org/W2325490866
https://openalex.org/W2555067354
https://openalex.org/W2792821590
https://openalex.org/W1045254518
https://openalex.org/W2761903189
https://openalex.org/W2902927179
https://openalex.org/W2034436373
https://openalex.org/W2384885987
https://openalex.org/W4251218528
https://openalex.org/W3087856010
https://openalex.org/W3109058640
https://openalex.org/W2014706803
https://openalex.org/W3025794798
https://openalex.org/W2048064364
https://openalex.org/W2072659017
https://openalex.org/W3153416422
https://openalex.org/W3191032224
https://openalex.org/W4200258723
https://openalex.org/W3171207627
https://openalex.org/W4205523428
https://openalex.org/W4214653066
https://openalex.org/W4220780145
https://openalex.org/W4296057268
https://openalex.org/W4317478802
https://openalex.org/W1970140967
https://openalex.org/W1981170338
https://openalex.org/W2008470447
https://openalex.org/W2092510255
https://openalex.org/W2400589212
https://openalex.org/W1976850996
https://openalex.org/W2414923104
https://openalex.org/W4321059689
https://openalex.org/W1628928296
https://openalex.org/W1966302292
https://openalex.org/W2444382571
https://openalex.org/W1597473340
https://openalex.org/W2185435713
https://openalex.org/W2010503957
https://openalex.org/W2074129724
https://openalex.org/W2117559980
https://openalex.org/W2163331499
https://openalex.org/W2282463197
https://openalex.org/W2056177683
https://openalex.org/W2064274852
https://openalex.org/W2051318076
https://openalex.org/W2066211565
https://openalex.org/W2415349455
https://openalex.org/W1981975858
https://openalex.org/W2008438634
https://openalex.org/W2020787352
https://openalex.org/W2114451637
https://openalex.org/W2129810372
https://openalex.org/W2028157580
https://openalex.org/W39439196
https://openalex.org/W1999682105
https://openalex.org/W2037508155
https://openalex.org/W2049769355
https://openalex.org/W2148791002
https://openalex.org/W1981644925
https://openalex.org/W2098884386
https://openalex.org/W2111227663
https://openalex.org/W2143437376
https://openalex.org/W2147332670
https://openalex.org/W2555269424
https://openalex.org/W2903959342
https://openalex.org/W1986495323
https://openalex.org/W2325021523
https://openalex.org/W2575497659
https://openalex.org/W2615594416
https://openalex.org/W2760840365
https://openalex.org/W2788246213
https://openalex.org/W2797965110
https://openalex.org/W2912563687
https://openalex.org/W2931845342
https://openalex.org/W2579747893
https://openalex.org/W2893902463
https://openalex.org/W2924656420
https://openalex.org/W3004243094
https://openalex.org/W3032140423
https://openalex.org/W2042092634
https://openalex.org/W3164977351
https://openalex.org/W3197384406
https://openalex.org/W2324349203
https://openalex.org/W4205246969
https://openalex.org/W4212934788
https://openalex.org/W4214524526
https://openalex.org/W4223440902
https://openalex.org/W4291002235
https://openalex.org/W2143747085
https://openalex.org/W2060593709
https://openalex.org/W2161307173
https://openalex.org/W2118468513
https://openalex.org/W2019791676
https://openalex.org/W2089739184
https://openalex.org/W2034313691
https://openalex.org/W2044601734
https://openalex.org/W2074130409
https://openalex.org/W2082220576
https://openalex.org/W2007753612
https://openalex.org/W2134142625
https://openalex.org/W2158462092
https://openalex.org/W2172275094
https://openalex.org/W2057602339
https://openalex.org/W2101008348
https://openalex.org/W2017305945
https://openalex.org/W2461538356
https://openalex.org/W2035340895
https://openalex.org/W2072509153
https://openalex.org/W2138915139
https://openalex.org/W2159878068
https://openalex.org/W2411491503
https://openalex.org/W4232253112
https://openalex.org/W2069357062
https://openalex.org/W2148341270
https://openalex.org/W1985115922
https://openalex.org/W2084780317
https://openalex.org/W2044141978
https://openalex.org/W2072655238
https://openalex.org/W2006888839
https://openalex.org/W2047072246
https://openalex.org/W2081862054
https://openalex.org/W2125962740
https://openalex.org/W2319697836
https://openalex.org/W1971542728
https://openalex.org/W2013986547
https://openalex.org/W2171206916
https://openalex.org/W1784333682
https://openalex.org/W2049066646
https://openalex.org/W2054141829
https://openalex.org/W2070720109
https://openalex.org/W2102989991
https://openalex.org/W2126201079
https://openalex.org/W2128429019
https://openalex.org/W2145524725
https://openalex.org/W2469445800
https://openalex.org/W2776170888
https://openalex.org/W1870560351
https://openalex.org/W2011662286
https://openalex.org/W2029909774
https://openalex.org/W2085213860
https://openalex.org/W2085350210
https://openalex.org/W2165237855
https://openalex.org/W2210176746
https://openalex.org/W2409685370
https://openalex.org/W2517073087
https://openalex.org/W2549306075
https://openalex.org/W2768697961
https://openalex.org/W2803124145
https://openalex.org/W2921462516
https://openalex.org/W2923882120
https://openalex.org/W2972651311
https://openalex.org/W2050389307
https://openalex.org/W2185370787
https://openalex.org/W2534666124
https://openalex.org/W2026023052
https://openalex.org/W3038396063
https://openalex.org/W3049535507
https://openalex.org/W3163057168
https://openalex.org/W3166065839
https://openalex.org/W3179597629
https://openalex.org/W3187470234
https://openalex.org/W4377019182
https://openalex.org/W1490788549
https://openalex.org/W2037581825
https://openalex.org/W2135889750
https://openalex.org/W2057775851
https://openalex.org/W2112553091
https://openalex.org/W2016509425
https://openalex.org/W2038698333
https://openalex.org/W2072743055
https://openalex.org/W1978210836
https://openalex.org/W1998121271
https://openalex.org/W2189854867
https://openalex.org/W1983530195
https://openalex.org/W1991679685
https://openalex.org/W2017668869
https://openalex.org/W2022420840
https://openalex.org/W2097437458
https://openalex.org/W2324369346
https://openalex.org/W2472306331
https://openalex.org/W108576289
https://openalex.org/W1211814123
https://openalex.org/W2007256416
https://openalex.org/W2029329209
https://openalex.org/W2063835476
https://openalex.org/W2088247047
https://openalex.org/W2126793688
https://openalex.org/W2017309872
https://openalex.org/W2033425146
https://openalex.org/W2049822050
https://openalex.org/W1971270595
https://openalex.org/W2032419373
https://openalex.org/W1596463694
https://openalex.org/W2031781132
https://openalex.org/W2027498968
https://openalex.org/W2092246370
https://openalex.org/W2143785705
https://openalex.org/W1979255903
https://openalex.org/W2073776348
https://openalex.org/W2101188511
https://openalex.org/W2118375737
https://openalex.org/W2587365402
https://openalex.org/W2762934539
https://openalex.org/W2777059475
https://openalex.org/W2888689072
https://openalex.org/W2982544784
https://openalex.org/W957692421
https://openalex.org/W2017872737
https://openalex.org/W2914345307
https://openalex.org/W2968770664
https://openalex.org/W2312603491
https://openalex.org/W3045604038
https://openalex.org/W3110421301
https://openalex.org/W3198781422
https://openalex.org/W4281397503
https://openalex.org/W4283729241
https://openalex.org/W4294991364
https://openalex.org/W4298004568
https://openalex.org/W4311822593
https://openalex.org/W4300864256
https://openalex.org/W4313648956
https://openalex.org/W4320712452
https://openalex.org/W4323347558
https://openalex.org/W4361295307
https://openalex.org/W4367186317
https://openalex.org/W4367397047
https://openalex.org/W4378781149
https://openalex.org/W4383532333
https://openalex.org/W4386262006
https://openalex.org/W4386520415
https://openalex.org/W4386601355
https://openalex.org/W4387400242
https://openalex.org/W4387491607
https://openalex.org/W4389795323
https://openalex.org/W2057272203
https://openalex.org/W2883797410
https://openalex.org/W2142550090
https://openalex.org/W2166603083
https://openalex.org/W1990829120
https://openalex.org/W1991334341
https://openalex.org/W2063013528
https://openalex.org/W4242231003
https://openalex.org/W1027309116
https://openalex.org/W2033016068
https://openalex.org/W2034234871
https://openalex.org/W2069946884
https://openalex.org/W1545943565
https://openalex.org/W1972113444
https://openalex.org/W2007166224
https://openalex.org/W2016704565
https://openalex.org/W2083301831
https://openalex.org/W2304020394
https://openalex.org/W2413045551
https://openalex.org/W2419617745
https://openalex.org/W1605939407
https://openalex.org/W2057506499
https://openalex.org/W1970861854
https://openalex.org/W1996651121
https://openalex.org/W2024821271
https://openalex.org/W2073102768
https://openalex.org/W2075230100
https://openalex.org/W2287847585
https://openalex.org/W1968166125
https://openalex.org/W2072076252
https://openalex.org/W2111207259
https://openalex.org/W2141766352
https://openalex.org/W2411696697
https://openalex.org/W2096994275
https://openalex.org/W2106843743
https://openalex.org/W1966626418
https://openalex.org/W1998926386
https://openalex.org/W2037201134
https://openalex.org/W2070917912
https://openalex.org/W2097470721
https://openalex.org/W2103161071
https://openalex.org/W2586627106
https://openalex.org/W2766849641
https://openalex.org/W2804935525
https://openalex.org/W2023304081
https://openalex.org/W2060606880
https://openalex.org/W2314720681
https://openalex.org/W2319528812
https://openalex.org/W2342801116
https://openalex.org/W2409086089
https://openalex.org/W2414740459
https://openalex.org/W2494043101
https://openalex.org/W2558829067
https://openalex.org/W2560565483
https://openalex.org/W2721679691
https://openalex.org/W2906688953
https://openalex.org/W2957386645
https://openalex.org/W2979942521
https://openalex.org/W1909781143
https://openalex.org/W2057745028
https://openalex.org/W2599035643
https://openalex.org/W2810829076
https://openalex.org/W1982472739
https://openalex.org/W2049913103
https://openalex.org/W2103344277
https://openalex.org/W2008524198
https://openalex.org/W269083454
https://openalex.org/W2048974719
https://openalex.org/W2079159325
https://openalex.org/W2092935422
https://openalex.org/W1994563840
https://openalex.org/W2287038987
https://openalex.org/W2422059654
https://openalex.org/W2080796003
https://openalex.org/W2096048780
https://openalex.org/W2161751967
https://openalex.org/W2164835080
https://openalex.org/W2201038336
https://openalex.org/W2417635042
https://openalex.org/W2055888944
https://openalex.org/W2404127041
https://openalex.org/W1508114142
https://openalex.org/W2074101742
https://openalex.org/W2174231787
https://openalex.org/W2890932584
https://openalex.org/W4236389055
https://openalex.org/W4253726207
https://openalex.org/W1991205147
https://openalex.org/W2064230193
https://openalex.org/W2116840646
https://openalex.org/W2156577937
https://openalex.org/W2185574052
https://openalex.org/W2312604219
https://openalex.org/W2598601918
https://openalex.org/W2728127642
https://openalex.org/W2742070981
https://openalex.org/W2747966606
https://openalex.org/W2910231668
https://openalex.org/W2914726442
https://openalex.org/W2939591746
https://openalex.org/W2945269303
https://openalex.org/W2979367493
https://openalex.org/W2993640391
https://openalex.org/W3014596909
https://openalex.org/W3082452435
https://openalex.org/W635023553
https://openalex.org/W2517445098
https://openalex.org/W3045944117
https://openalex.org/W3092659983
https://openalex.org/W3134968009
https://openalex.org/W3135756180
https://openalex.org/W3175643683
https://openalex.org/W3197579256
https://openalex.org/W3217534986
https://openalex.org/W1974368386
https://openalex.org/W101545923
https://openalex.org/W1980071482
https://openalex.org/W2019417426
https://openalex.org/W2051705011
https://openalex.org/W2016584504
https://openalex.org/W2082742463
https://openalex.org/W4251632485
https://openalex.org/W1041230833
https://openalex.org/W110311297
https://openalex.org/W2075514101
https://openalex.org/W2119265463
https://openalex.org/W1643150276
https://openalex.org/W2089121454
https://openalex.org/W1969202313
https://openalex.org/W2007402745
https://openalex.org/W2123697597
https://openalex.org/W2009353589
https://openalex.org/W2087522777
https://openalex.org/W2416625528
https://openalex.org/W2165274494
https://openalex.org/W2067581547
https://openalex.org/W2099464031
https://openalex.org/W1561853585
https://openalex.org/W1829630505
https://openalex.org/W1895017819
https://openalex.org/W2039799279
https://openalex.org/W2066322421
https://openalex.org/W2109175784
https://openalex.org/W2423574755
https://openalex.org/W2010756555
https://openalex.org/W2057108650
https://openalex.org/W2099748681
https://openalex.org/W2149267166
https://openalex.org/W2860998753
https://openalex.org/W1742588666
https://openalex.org/W1979783402
https://openalex.org/W2024206888
https://openalex.org/W2060915262
https://openalex.org/W2104300630
https://openalex.org/W2110496365
https://openalex.org/W2133972520
https://openalex.org/W2147728618
https://openalex.org/W2344453153
https://openalex.org/W2902182656
https://openalex.org/W2969447079
https://openalex.org/W2988590531
https://openalex.org/W3044137790
https://openalex.org/W1970848660
https://openalex.org/W1990100728
https://openalex.org/W3120570605
https://openalex.org/W3128730438
https://openalex.org/W3159235446
https://openalex.org/W3159767548
https://openalex.org/W3160867242
https://openalex.org/W3166041191
https://openalex.org/W3197224386
https://openalex.org/W3203946874
https://openalex.org/W2071143936
https://openalex.org/W3172818527
https://openalex.org/W4211001187
https://openalex.org/W4220850664
https://openalex.org/W4283078410
https://openalex.org/W4308335901
https://openalex.org/W2076732986
https://openalex.org/W2083775617
https://openalex.org/W2040289040
https://openalex.org/W2322148071
https://openalex.org/W1970707108
https://openalex.org/W2109003949
https://openalex.org/W2415793852
https://openalex.org/W2052320143
https://openalex.org/W2345080160
https://openalex.org/W4236309640
https://openalex.org/W2094173799
https://openalex.org/W2099497857
https://openalex.org/W2414322256
https://openalex.org/W2595632721
https://openalex.org/W1857523091
https://openalex.org/W2794530542
https://openalex.org/W1663726034
https://openalex.org/W1965911706
https://openalex.org/W2075465446
https://openalex.org/W2128282678
https://openalex.org/W2221052244
https://openalex.org/W2335236479
https://openalex.org/W2604500014
https://openalex.org/W2616200518
https://openalex.org/W2627165413
https://openalex.org/W2739596290
https://openalex.org/W2769747216
https://openalex.org/W3081460458
https://openalex.org/W3111404442
https://openalex.org/W4205883970
https://openalex.org/W2066911222
https://openalex.org/W2096767853
https://openalex.org/W2121362240
https://openalex.org/W1981015209
https://openalex.org/W1984287648
https://openalex.org/W2011988635
https://openalex.org/W2013377456
https://openalex.org/W2022962394
https://openalex.org/W2435091612
https://openalex.org/W2121106484
https://openalex.org/W2418702588
https://openalex.org/W2032438302
https://openalex.org/W2423275130
https://openalex.org/W2024616627
https://openalex.org/W2149209429
https://openalex.org/W2060743936
https://openalex.org/W2085104879
https://openalex.org/W2327983640
https://openalex.org/W13726115
https://openalex.org/W1651497970
https://openalex.org/W2082324995
https://openalex.org/W2801481341
https://openalex.org/W2809692178
https://openalex.org/W2948015283
https://openalex.org/W1969775766
https://openalex.org/W1975456474
https://openalex.org/W1993027343
https://openalex.org/W1995315423
https://openalex.org/W2016353148
https://openalex.org/W2097415961
https://openalex.org/W2102999300
https://openalex.org/W2303385366
https://openalex.org/W2321170811
https://openalex.org/W2327965582
https://openalex.org/W2334287194
https://openalex.org/W2335802426
https://openalex.org/W2417010253
https://openalex.org/W2552814553
https://openalex.org/W3164657846
https://openalex.org/W3165898106
https://openalex.org/W3171626633
https://openalex.org/W3214751696
https://openalex.org/W3217007193
https://openalex.org/W3217576348
https://openalex.org/W4200485391
https://openalex.org/W4251356781
https://openalex.org/W2057409842
https://openalex.org/W1989051503
https://openalex.org/W2150356591
https://openalex.org/W2463006674
https://openalex.org/W1529417727
https://openalex.org/W1999046791
https://openalex.org/W2068964983
https://openalex.org/W2407037360
https://openalex.org/W420128937
https://openalex.org/W4298731833
https://openalex.org/W1982053739
https://openalex.org/W2291489713
https://openalex.org/W1572235193
https://openalex.org/W2010150649
https://openalex.org/W2004449046
https://openalex.org/W2314305962
https://openalex.org/W320049268
https://openalex.org/W4237617235
https://openalex.org/W1973895233
https://openalex.org/W1517344020
https://openalex.org/W1520342075
https://openalex.org/W2008867188
https://openalex.org/W1766363124
https://openalex.org/W1973536272
https://openalex.org/W1992635447
https://openalex.org/W2009475268
https://openalex.org/W2075948651
https://openalex.org/W2078093581
https://openalex.org/W2085811020
https://openalex.org/W2085955311
https://openalex.org/W2087647875
https://openalex.org/W2092856580
https://openalex.org/W2334164086
https://openalex.org/W2395213154
https://openalex.org/W2775285768
https://openalex.org/W2778932620
https://openalex.org/W2805821724
https://openalex.org/W2899262993
https://openalex.org/W2911950693
https://openalex.org/W2947267817
https://openalex.org/W2963127238
https://openalex.org/W2993571830
https://openalex.org/W3009329120
https://openalex.org/W3009984335
https://openalex.org/W3083081416
https://openalex.org/W1773609162
https://openalex.org/W1992075529
https://openalex.org/W2074403808
https://openalex.org/W2116144808
https://openalex.org/W2179659084
https://openalex.org/W2337802139
https://openalex.org/W2409012249
https://openalex.org/W3178973315
https://openalex.org/W4220737993
https://openalex.org/W4281779407
https://openalex.org/W4281791862
https://openalex.org/W4281986855
https://openalex.org/W4283207458
https://openalex.org/W4284962061
https://openalex.org/W4285009231
https://openalex.org/W4285501379
https://openalex.org/W4289519515
https://openalex.org/W4300970698
https://openalex.org/W4308462697
https://openalex.org/W4313414099
https://openalex.org/W2051556558
https://openalex.org/W1974869884
https://openalex.org/W404960352
https://openalex.org/W1972461027
https://openalex.org/W2003792081
https://openalex.org/W4230690275
https://openalex.org/W2091992516
https://openalex.org/W2422284980
https://openalex.org/W1581490935
https://openalex.org/W2015208804
https://openalex.org/W824723984
https://openalex.org/W2390744835
https://openalex.org/W1993412036
https://openalex.org/W2015863793
https://openalex.org/W2130267104
https://openalex.org/W1487074311
https://openalex.org/W1488188097
https://openalex.org/W1982476111
https://openalex.org/W1986176321
https://openalex.org/W1996234090
https://openalex.org/W2005964541
https://openalex.org/W2033485391
https://openalex.org/W2055312594
https://openalex.org/W2059605927
https://openalex.org/W2111988902
https://openalex.org/W2128155049
https://openalex.org/W2148650684
https://openalex.org/W2150404516
https://openalex.org/W2171125913
https://openalex.org/W2205850586
https://openalex.org/W1549907322
https://openalex.org/W2024057067
https://openalex.org/W2765314777
https://openalex.org/W1514306610
https://openalex.org/W2034425223
https://openalex.org/W2160310996
https://openalex.org/W2397883708
https://openalex.org/W1984571833
https://openalex.org/W2036555007
https://openalex.org/W2084142948
https://openalex.org/W2276547566
https://openalex.org/W2472469570
https://openalex.org/W2159622770
https://openalex.org/W4241118909
https://openalex.org/W1566747345
https://openalex.org/W2037837468
https://openalex.org/W2418258404
https://openalex.org/W1783959910
https://openalex.org/W1988454046
https://openalex.org/W2091828797
https://openalex.org/W2098528494
https://openalex.org/W2315906261
https://openalex.org/W2556755765
https://openalex.org/W2582068344
https://openalex.org/W2792850052
https://openalex.org/W2944811170
https://openalex.org/W2947185153
https://openalex.org/W2982123910
https://openalex.org/W2995774962
https://openalex.org/W3032228004
https://openalex.org/W3086678288
https://openalex.org/W3088246699
https://openalex.org/W3112517714
https://openalex.org/W3119688672
https://openalex.org/W3157116313
https://openalex.org/W3158823688
https://openalex.org/W3206021840
https://openalex.org/W3214908680
https://openalex.org/W4247269842
https://openalex.org/W170708177
https://openalex.org/W2043416508
https://openalex.org/W2095559852
https://openalex.org/W2306453704
https://openalex.org/W2518076789
https://openalex.org/W2528826805
https://openalex.org/W2529089553
https://openalex.org/W2535683196
https://openalex.org/W1996288417
https://openalex.org/W2009634386
https://openalex.org/W2469745244
https://openalex.org/W995670874
https://openalex.org/W2413601182
https://openalex.org/W1993593814
https://openalex.org/W2411328093
https://openalex.org/W4242115041
https://openalex.org/W46113248
https://openalex.org/W2036609060
https://openalex.org/W2411259072
https://openalex.org/W2587350971
https://openalex.org/W2037363927
https://openalex.org/W2082414917
https://openalex.org/W1154724071
https://openalex.org/W1981177527
https://openalex.org/W1989272296
https://openalex.org/W2001901656
https://openalex.org/W2023554088
https://openalex.org/W2030659217
https://openalex.org/W2059479672
https://openalex.org/W2064633143
https://openalex.org/W2087468999
https://openalex.org/W2121472926
https://openalex.org/W2130816381
https://openalex.org/W2147114633
https://openalex.org/W2165370351
https://openalex.org/W2167082098
https://openalex.org/W2187043503
https://openalex.org/W2248413224
https://openalex.org/W2341328097
https://openalex.org/W4253803505
https://openalex.org/W4256082703
https://openalex.org/W2599249694
https://openalex.org/W2600722604
https://openalex.org/W3025367743
https://openalex.org/W4313638420
https://openalex.org/W4318991226
https://openalex.org/W4322504108
https://openalex.org/W4323353103
https://openalex.org/W4323767343
https://openalex.org/W4327931496
https://openalex.org/W4362546362
https://openalex.org/W4362546633
https://openalex.org/W4362551607
https://openalex.org/W4362551742
https://openalex.org/W4362551780
https://openalex.org/W4362557777
https://openalex.org/W4362557825
https://openalex.org/W4362557829
https://openalex.org/W4362557894
https://openalex.org/W4362557970
https://openalex.org/W4367311752
https://openalex.org/W4377967122
https://openalex.org/W4378348185
https://openalex.org/W4379339266
https://openalex.org/W4379797534
https://openalex.org/W4380264641
https://openalex.org/W4380591383
https://openalex.org/W4383369494
https://openalex.org/W4384338377
https://openalex.org/W4384347179
https://openalex.org/W4385235552
https://openalex.org/W4385409186
https://openalex.org/W4385445380
https://openalex.org/W4385686921
https://openalex.org/W4385987589
https://openalex.org/W4386599881
https://openalex.org/W4386882512
https://openalex.org/W4387027095
https://openalex.org/W4388047381
https://openalex.org/W4388557209
https://openalex.org/W4388588349
https://openalex.org/W4388588714
https://openalex.org/W4388588964
https://openalex.org/W4388589067
https://openalex.org/W4388589218
https://openalex.org/W4388589286
https://openalex.org/W4388590448
https://openalex.org/W4388590727
https://openalex.org/W4388593492
https://openalex.org/W4388599979
https://openalex.org/W4388688506
https://openalex.org/W4389046805
https://openalex.org/W4389305741
https://openalex.org/W4389338078
https://openalex.org/W4389482820
https://openalex.org/W4389540749
https://openalex.org/W4389613774
https://openalex.org/W4389992046
https://openalex.org/W4390074403
https://openalex.org/W4390192805
https://openalex.org/W4390340585
https://openalex.org/W4390419799
https://openalex.org/W4390461456
https://openalex.org/W4390795302
https://openalex.org/W2040952691
https://openalex.org/W2400648642
https://openalex.org/W4246731514
https://openalex.org/W2136016063
https://openalex.org/W2416183607
https://openalex.org/W2460229168
https://openalex.org/W2041297484
https://openalex.org/W2411570450
https://openalex.org/W2472450108
https://openalex.org/W2948620518
https://openalex.org/W2403380434
https://openalex.org/W319465854
https://openalex.org/W67158405
https://openalex.org/W1969346730
https://openalex.org/W2074423864
https://openalex.org/W2100038598
https://openalex.org/W2130795898
https://openalex.org/W2612984858
https://openalex.org/W325535475
https://openalex.org/W2414959239
https://openalex.org/W1194148313
https://openalex.org/W2004858106
https://openalex.org/W2006093815
https://openalex.org/W2149361192
https://openalex.org/W171858893
https://openalex.org/W2020693746
https://openalex.org/W2060227214
https://openalex.org/W2410634938
https://openalex.org/W3148993303
https://openalex.org/W1966434510
https://openalex.org/W1995083189
https://openalex.org/W2082132371
https://openalex.org/W131090672
https://openalex.org/W1644848151
https://openalex.org/W1964482133
https://openalex.org/W1971291993
https://openalex.org/W2135147557
https://openalex.org/W2185690591
https://openalex.org/W2418287050
https://openalex.org/W2899865155
https://openalex.org/W2912227214
https://openalex.org/W2916853125
https://openalex.org/W2947804102
https://openalex.org/W3012011113
https://openalex.org/W3031807825
https://openalex.org/W3088685198
https://openalex.org/W3096356582
https://openalex.org/W3111789639
https://openalex.org/W3151889987
https://openalex.org/W3157280835
https://openalex.org/W3161400225
https://openalex.org/W3213933621
https://openalex.org/W4210750443
https://openalex.org/W1991977152
https://openalex.org/W2088848090
https://openalex.org/W2395859104
https://openalex.org/W2476312908
https://openalex.org/W2587422626
https://openalex.org/W2750732920
https://openalex.org/W3030492003
https://openalex.org/W3204962612
https://openalex.org/W3215175818
https://openalex.org/W4213071028
https://openalex.org/W4225156195
https://openalex.org/W4284962924
https://openalex.org/W4286542933
https://openalex.org/W4293078040
https://openalex.org/W2031889064
https://openalex.org/W2032918194
https://openalex.org/W2051292702
https://openalex.org/W2085827580
https://openalex.org/W2158362575
https://openalex.org/W2179942893
https://openalex.org/W2411846014
https://openalex.org/W2470885452
https://openalex.org/W1012979858
https://openalex.org/W185092443
https://openalex.org/W1979665868
https://openalex.org/W2003853962
https://openalex.org/W2072629638
https://openalex.org/W2083945282
https://openalex.org/W2407919448
https://openalex.org/W2409987810
https://openalex.org/W2418194538
https://openalex.org/W2148293515
https://openalex.org/W2256218177
https://openalex.org/W2398467472
https://openalex.org/W128756473
https://openalex.org/W1420461484
https://openalex.org/W1514361411
https://openalex.org/W1967928387
https://openalex.org/W1972714052
https://openalex.org/W1998359303
https://openalex.org/W2007106393
https://openalex.org/W2008100514
https://openalex.org/W2008931919
https://openalex.org/W2014551454
https://openalex.org/W2014714963
https://openalex.org/W2022495378
https://openalex.org/W2033633603
https://openalex.org/W2069106027
https://openalex.org/W2089940445
https://openalex.org/W2113026496
https://openalex.org/W2140226187
https://openalex.org/W2151807153
https://openalex.org/W2156906649
https://openalex.org/W2159415471
https://openalex.org/W2179392939
https://openalex.org/W2213063265
https://openalex.org/W2314564679
https://openalex.org/W2316777704
https://openalex.org/W2351605551
https://openalex.org/W2368962991
https://openalex.org/W2419335057
https://openalex.org/W2461605034
https://openalex.org/W2494549581
https://openalex.org/W2600612015
https://openalex.org/W2919839112
https://openalex.org/W355805733
https://openalex.org/W4297349391
https://openalex.org/W4312875369
https://openalex.org/W2039725813
https://openalex.org/W2073959712
https://openalex.org/W2417823958
https://openalex.org/W1966090767
https://openalex.org/W2408618051
https://openalex.org/W2418113733
https://openalex.org/W2030967009
https://openalex.org/W2414232318
https://openalex.org/W4250466656
https://openalex.org/W2081910202
https://openalex.org/W2272385850
https://openalex.org/W2409074695
https://openalex.org/W2480416662
https://openalex.org/W133281615
https://openalex.org/W1495119246
https://openalex.org/W1573179262
https://openalex.org/W162580082
https://openalex.org/W1971834626
https://openalex.org/W1974770799
https://openalex.org/W2021919115
https://openalex.org/W2026132004
https://openalex.org/W2070934453
https://openalex.org/W2088362762
https://openalex.org/W2233891441
https://openalex.org/W2314717378
https://openalex.org/W2320641718
https://openalex.org/W23480528
https://openalex.org/W2392745000
https://openalex.org/W2439981546
https://openalex.org/W2468385036
https://openalex.org/W2597316517
https://openalex.org/W2767402603
https://openalex.org/W2767747918
https://openalex.org/W2771603329
https://openalex.org/W2901700452
https://openalex.org/W3005006207
https://openalex.org/W3019140068
https://openalex.org/W1990165475
https://openalex.org/W1994492486
https://openalex.org/W2124484377
https://openalex.org/W4229939516
https://openalex.org/W4250495582
https://openalex.org/W1644729674
https://openalex.org/W2017608172
https://openalex.org/W2263485118
https://openalex.org/W2340064507
https://openalex.org/W2417127116
https://openalex.org/W2439582656
https://openalex.org/W1512512717
https://openalex.org/W2060703192
https://openalex.org/W2079617178
https://openalex.org/W2110036977
https://openalex.org/W2314873121
https://openalex.org/W2800574831
https://openalex.org/W2810928972
https://openalex.org/W2890373549
https://openalex.org/W2891870742
https://openalex.org/W2892242830
https://openalex.org/W2900281512
https://openalex.org/W3025569275
https://openalex.org/W4250232683
https://openalex.org/W2415951333
https://openalex.org/W2417993891
https://openalex.org/W2078573371
https://openalex.org/W2083237908
https://openalex.org/W2411109811
https://openalex.org/W2469906341
https://openalex.org/W2916145751
https://openalex.org/W2953430980
https://openalex.org/W2978781599
https://openalex.org/W2997693226
https://openalex.org/W3003701530
https://openalex.org/W3015409939
https://openalex.org/W3046590968
https://openalex.org/W3085535173
https://openalex.org/W3111525876
https://openalex.org/W3117488519
https://openalex.org/W4237888049
https://openalex.org/W4244729563
https://openalex.org/W189318225
https://openalex.org/W1981257258
https://openalex.org/W2088979879
https://openalex.org/W2401266088
https://openalex.org/W4239976273
https://openalex.org/W1889993386
https://openalex.org/W2412019541
https://openalex.org/W2423692100
https://openalex.org/W1627061527
https://openalex.org/W1997627631
https://openalex.org/W3047242735
https://openalex.org/W3089780162
https://openalex.org/W3115874368
https://openalex.org/W3127671088
https://openalex.org/W3133538192
https://openalex.org/W3138815679
https://openalex.org/W3140379891
https://openalex.org/W3153799815
https://openalex.org/W3162541320
https://openalex.org/W3177385861
https://openalex.org/W3179909111
https://openalex.org/W3215375734
https://openalex.org/W3217383553
https://openalex.org/W4206537706
https://openalex.org/W2515784683
https://openalex.org/W1963562544
https://openalex.org/W2076532241
https://openalex.org/W2407061978
https://openalex.org/W2419323799
https://openalex.org/W2057717949
https://openalex.org/W2036560963
https://openalex.org/W2253595447
https://openalex.org/W2267646527
https://openalex.org/W2268472344
https://openalex.org/W2400285069
https://openalex.org/W2424385275
https://openalex.org/W2979629782
https://openalex.org/W3044721092
https://openalex.org/W3089294460
https://openalex.org/W123978111
https://openalex.org/W137747005
https://openalex.org/W189186982
https://openalex.org/W2226368736
https://openalex.org/W2354715876
https://openalex.org/W2410704343
https://openalex.org/W2412214008
https://openalex.org/W2476074372
https://openalex.org/W4210547846
https://openalex.org/W649812
https://openalex.org/W1984591307
https://openalex.org/W2061188464
https://openalex.org/W2257845488
https://openalex.org/W2418186854
https://openalex.org/W2418512674
https://openalex.org/W1980917652
https://openalex.org/W2369457817
https://openalex.org/W1428126732
https://openalex.org/W1435408659
https://openalex.org/W167712825
https://openalex.org/W1928699358
https://openalex.org/W1970576741
https://openalex.org/W1974327923
https://openalex.org/W1976845535
https://openalex.org/W1978288971
https://openalex.org/W1989361957
https://openalex.org/W2003261157
https://openalex.org/W2024184523
https://openalex.org/W2035407651
https://openalex.org/W2050161895
https://openalex.org/W2050417063
https://openalex.org/W2051466500
https://openalex.org/W2094615857
https://openalex.org/W2095996937
https://openalex.org/W2104891633
https://openalex.org/W2122818504
https://openalex.org/W2147135510
https://openalex.org/W2197256194
https://openalex.org/W2312793205
https://openalex.org/W2314346546
https://openalex.org/W2315437509
https://openalex.org/W2318642460
https://openalex.org/W2321364255
https://openalex.org/W2322678872
https://openalex.org/W2323329164
https://openalex.org/W2325350485
https://openalex.org/W2325518050
https://openalex.org/W2325739288
https://openalex.org/W2326936691
https://openalex.org/W2327031407
https://openalex.org/W2327886294
https://openalex.org/W2331976120
https://openalex.org/W2336684921
https://openalex.org/W2337547272
https://openalex.org/W2337877636
https://openalex.org/W2338485657
https://openalex.org/W2378855383
https://openalex.org/W2393501524
https://openalex.org/W2399418284
https://openalex.org/W2407294150
https://openalex.org/W2418232468
https://openalex.org/W2466823398
https://openalex.org/W2470314534
https://openalex.org/W2478991988
https://openalex.org/W2484043450
https://openalex.org/W2485248044
https://openalex.org/W2485475058
https://openalex.org/W2487949953
https://openalex.org/W2501928435
https://openalex.org/W2505124118
https://openalex.org/W2508456783
https://openalex.org/W2512694757
https://openalex.org/W2515226605
https://openalex.org/W2515594167
https://openalex.org/W2521625005
https://openalex.org/W2523323629
https://openalex.org/W2528143757
https://openalex.org/W2529184997
https://openalex.org/W2530592013
https://openalex.org/W2534908350
https://openalex.org/W2547472645
https://openalex.org/W2554968072
https://openalex.org/W2556688656
https://openalex.org/W2561451519
https://openalex.org/W2563217570
https://openalex.org/W2565883675
https://openalex.org/W2567434631
https://openalex.org/W2567558392
https://openalex.org/W2569766412
https://openalex.org/W2581258944
https://openalex.org/W2584625570
https://openalex.org/W2585037996
https://openalex.org/W2585934871
https://openalex.org/W2587301174
https://openalex.org/W2587435669
https://openalex.org/W2588041781
https://openalex.org/W2588126469
https://openalex.org/W2588612590
https://openalex.org/W2589047049
https://openalex.org/W2619034403
https://openalex.org/W2619151873
https://openalex.org/W2619431172
https://openalex.org/W2738826337
https://openalex.org/W2738853029
https://openalex.org/W2742141419
https://openalex.org/W2749379747
https://openalex.org/W2752499713
https://openalex.org/W2752650696
https://openalex.org/W2774196695
https://openalex.org/W2801690033
https://openalex.org/W2887381147
https://openalex.org/W2892650092
https://openalex.org/W2900485676
https://openalex.org/W2977692088
https://openalex.org/W3005380144
https://openalex.org/W3025403286
https://openalex.org/W3026041721
https://openalex.org/W3028616580
https://openalex.org/W3028622355
https://openalex.org/W3028881743
https://openalex.org/W3030778242
https://openalex.org/W3031142942
https://openalex.org/W3031596327
https://openalex.org/W3031944095
https://openalex.org/W3032224470
https://openalex.org/W3032249801
https://openalex.org/W3181476955
https://openalex.org/W3193684166
https://openalex.org/W3194828123
https://openalex.org/W3208644634
https://openalex.org/W3211516111
https://openalex.org/W3214813871
https://openalex.org/W4236300736
https://openalex.org/W4250795938
https://openalex.org/W4253581234
https://openalex.org/W4394289948
https://openalex.org/W2239589255
https://openalex.org/W2291601543
https://openalex.org/W2396673918
https://openalex.org/W2410606629
https://openalex.org/W2436878245
https://openalex.org/W4241283635
https://openalex.org/W2335997415
https://openalex.org/W2410786559
https://openalex.org/W2469123643
https://openalex.org/W1142964698
https://openalex.org/W1963532337
https://openalex.org/W1966896454
https://openalex.org/W1969729261
https://openalex.org/W1973237786
https://openalex.org/W1978261562
https://openalex.org/W1978781118
https://openalex.org/W1996150278
https://openalex.org/W2018930775
https://openalex.org/W2020234192
https://openalex.org/W2024191503
https://openalex.org/W2036456667
https://openalex.org/W2040353840
https://openalex.org/W2043321136
https://openalex.org/W2047544127
https://openalex.org/W2054427657
https://openalex.org/W2069373622
https://openalex.org/W2079671918
https://openalex.org/W2090364567
https://openalex.org/W2093147415
https://openalex.org/W2102835281
https://openalex.org/W2106113502
https://openalex.org/W2109045597
https://openalex.org/W2118956110
https://openalex.org/W2134745743
https://openalex.org/W2143993098
https://openalex.org/W2149103864
https://openalex.org/W2185218814
https://openalex.org/W2186494691
https://openalex.org/W2188291704
https://openalex.org/W2204627425
https://openalex.org/W2235115863
https://openalex.org/W2240637141
https://openalex.org/W2248536661
https://openalex.org/W2260651598
https://openalex.org/W2289181716
https://openalex.org/W2289211630
https://openalex.org/W2292406620
https://openalex.org/W2304616607
https://openalex.org/W2312863121
https://openalex.org/W2313490089
https://openalex.org/W2314246643
https://openalex.org/W2314514838
https://openalex.org/W2314935993
https://openalex.org/W2317861598
https://openalex.org/W2319663409
https://openalex.org/W2320509637
https://openalex.org/W2321613599
https://openalex.org/W2321678879
https://openalex.org/W2322861591
https://openalex.org/W2325133758
https://openalex.org/W2331444956
https://openalex.org/W2331943526
https://openalex.org/W2339591549
https://openalex.org/W2353345506
https://openalex.org/W2356285855
https://openalex.org/W2362279542
https://openalex.org/W2362409130
https://openalex.org/W2377577224
https://openalex.org/W2386276365
https://openalex.org/W2388967920
https://openalex.org/W2389596768
https://openalex.org/W2393205454
https://openalex.org/W2394957085
https://openalex.org/W2402987369
https://openalex.org/W2407106148
https://openalex.org/W2425153154
https://openalex.org/W2499969595
https://openalex.org/W2520765458
https://openalex.org/W2521800340
https://openalex.org/W2522393479
https://openalex.org/W2526445238
https://openalex.org/W2527958560
https://openalex.org/W2528118704
https://openalex.org/W2533188959
https://openalex.org/W2537754733
https://openalex.org/W2539338819
https://openalex.org/W2544899745
https://openalex.org/W2577694508
https://openalex.org/W2587077613
https://openalex.org/W2588012638
https://openalex.org/W2588339502
https://openalex.org/W2589814141
https://openalex.org/W2626750431
https://openalex.org/W2735845366
https://openalex.org/W2753284225
https://openalex.org/W2781600847
https://openalex.org/W2796625683
https://openalex.org/W2797184709
https://openalex.org/W2892050535
https://openalex.org/W2906179682
https://openalex.org/W2953445315
https://openalex.org/W2958558849
https://openalex.org/W2999713493
https://openalex.org/W3029620524
https://openalex.org/W3215200958
https://openalex.org/W3217675071
https://openalex.org/W4205266590
https://openalex.org/W4247672448
https://openalex.org/W4255399545
https://openalex.org/W4255962117
https://openalex.org/W58289724
https://openalex.org/W766153170
https://openalex.org/W1983668604
https://openalex.org/W1991680449
https://openalex.org/W2034088582
https://openalex.org/W2085222149
https://openalex.org/W2087373493
https://openalex.org/W2164120940
https://openalex.org/W2777072323
https://openalex.org/W2056325449
https://openalex.org/W2414090258
https://openalex.org/W2418553929
https://openalex.org/W2443208531
https://openalex.org/W2462698589
https://openalex.org/W2533752466
https://openalex.org/W604179830
https://openalex.org/W1466390110
https://openalex.org/W1528233898
https://openalex.org/W1584037895
https://openalex.org/W1594550370
https://openalex.org/W1618032733
https://openalex.org/W1801820660
https://openalex.org/W1903057395
https://openalex.org/W1997759866
https://openalex.org/W2001421130
https://openalex.org/W2001528028
https://openalex.org/W2026871852
https://openalex.org/W2050178840
https://openalex.org/W2050406785
https://openalex.org/W2058878283
https://openalex.org/W2105320051
https://openalex.org/W2167440437
https://openalex.org/W2196593012
https://openalex.org/W2226021639
https://openalex.org/W2266611626
https://openalex.org/W2275688070
https://openalex.org/W2288983512
https://openalex.org/W2289635946
https://openalex.org/W2313189849
https://openalex.org/W2348035086
https://openalex.org/W2349486527
https://openalex.org/W2351349965
https://openalex.org/W2355972314
https://openalex.org/W2362635216
https://openalex.org/W2365343684
https://openalex.org/W2366178857
https://openalex.org/W2389170473
https://openalex.org/W2390805621
https://openalex.org/W2390918727
https://openalex.org/W2400389953
https://openalex.org/W2409645450
https://openalex.org/W2412529475
https://openalex.org/W2413211946
https://openalex.org/W2417604731
https://openalex.org/W2418168493
https://openalex.org/W2419490106
https://openalex.org/W2433146644
https://openalex.org/W2437627965
https://openalex.org/W2462625885
https://openalex.org/W2494975723
https://openalex.org/W2563211018
https://openalex.org/W2581769450
https://openalex.org/W2588314277
https://openalex.org/W2591333532
https://openalex.org/W2592184098
https://openalex.org/W2594777667
https://openalex.org/W2608582920
https://openalex.org/W2692308529
https://openalex.org/W2735474828
https://openalex.org/W2735482907
https://openalex.org/W2737082382
https://openalex.org/W2738919195
https://openalex.org/W2741037743
https://openalex.org/W2743915078
https://openalex.org/W2743945496
https://openalex.org/W2767395644
https://openalex.org/W2767520184
https://openalex.org/W2767599279
https://openalex.org/W2767840633
https://openalex.org/W2767889344
https://openalex.org/W2769885974
https://openalex.org/W2785974222
https://openalex.org/W2786482753
https://openalex.org/W2801578490
https://openalex.org/W3004498953
https://openalex.org/W3005138821
https://openalex.org/W3005212316
https://openalex.org/W3024647046
https://openalex.org/W3025743316
https://openalex.org/W3029488217
https://openalex.org/W3030075292
https://openalex.org/W3030543266
https://openalex.org/W3030756943
https://openalex.org/W3031261360
https://openalex.org/W3032074014
https://openalex.org/W3032436682
https://openalex.org/W3188057526
https://openalex.org/W4232278390
https://openalex.org/W4239731662
https://openalex.org/W4252459831
https://openalex.org/W4254087155
https://openalex.org/W4387723316
https://openalex.org/W60587485
https://openalex.org/W2023692820
https://openalex.org/W1503829700
https://openalex.org/W1688325843
https://openalex.org/W1840772722
https://openalex.org/W1892126714
https://openalex.org/W1948966302
https://openalex.org/W1972305797
https://openalex.org/W2014116707
https://openalex.org/W2052353035
https://openalex.org/W2071216883
https://openalex.org/W2079546605
https://openalex.org/W2122029815
https://openalex.org/W2229695530
https://openalex.org/W2232925109
https://openalex.org/W2237067525
https://openalex.org/W2238353329
https://openalex.org/W2245127698
https://openalex.org/W2267092965
https://openalex.org/W2272195936
https://openalex.org/W2313333774
https://openalex.org/W2330674318
https://openalex.org/W2348630508
https://openalex.org/W2361175070
https://openalex.org/W2364370398
https://openalex.org/W2373152187
https://openalex.org/W2375402489
https://openalex.org/W2377620209
https://openalex.org/W2384801438
https://openalex.org/W2384958105
https://openalex.org/W2389163894
https://openalex.org/W2389999903
https://openalex.org/W2390045624
https://openalex.org/W2391641969
https://openalex.org/W2410793389
https://openalex.org/W2412613141
https://openalex.org/W2418950684
https://openalex.org/W2433375772
https://openalex.org/W2461899991
https://openalex.org/W2466146042
https://openalex.org/W2469377165
https://openalex.org/W2572633376
https://openalex.org/W2590498885
https://openalex.org/W2600804628
https://openalex.org/W2622371076
https://openalex.org/W2772383960
https://openalex.org/W2904888327
https://openalex.org/W2905066042
https://openalex.org/W2905724721
https://openalex.org/W2913569937
https://openalex.org/W2950679661
https://openalex.org/W2984064495
https://openalex.org/W2993047045
https://openalex.org/W3004536526
https://openalex.org/W3005250359
https://openalex.org/W3005301548
https://openalex.org/W3118211945
https://openalex.org/W3152697864
https://openalex.org/W3199529376
https://openalex.org/W3208728664
https://openalex.org/W4200476003
https://openalex.org/W4213098952
https://openalex.org/W4213151606
https://openalex.org/W4224228838
https://openalex.org/W4225163008
https://openalex.org/W4225524301
https://openalex.org/W4231877726
https://openalex.org/W4241773010
https://openalex.org/W4280541927
https://openalex.org/W4281697240
https://openalex.org/W4282960676
https://openalex.org/W4282975740
https://openalex.org/W4283079647
https://openalex.org/W4283450846
https://openalex.org/W4285388487
https://openalex.org/W4285399077
https://openalex.org/W4291633248
https://openalex.org/W4294300827
https://openalex.org/W4300773542
https://openalex.org/W4304890535
https://openalex.org/W4306391224
https://openalex.org/W4308721135
https://openalex.org/W4392025203
https://openalex.org/W4394163913
https://openalex.org/W4394417400
https://openalex.org/W951390501
https://openalex.org/W2020515608
https://openalex.org/W2041431006
https://openalex.org/W2405888221
https://openalex.org/W2412626426
https://openalex.org/W2415212672
https://openalex.org/W2415368156
https://openalex.org/W2415923669
https://openalex.org/W1644901678
https://openalex.org/W1979956142
https://openalex.org/W1993226267
https://openalex.org/W2001709581
https://openalex.org/W2076808462
https://openalex.org/W2255566476
https://openalex.org/W2274749622
https://openalex.org/W2276978605
https://openalex.org/W2278304409
https://openalex.org/W2331004041
https://openalex.org/W2367385846
https://openalex.org/W2372963266
https://openalex.org/W2378876105
https://openalex.org/W2388241811
https://openalex.org/W2398798659
https://openalex.org/W2410579747
https://openalex.org/W2518900887
https://openalex.org/W2614827564
https://openalex.org/W2789560261
https://openalex.org/W2791388821
https://openalex.org/W2793364961
https://openalex.org/W2799523948
https://openalex.org/W2800423228
https://openalex.org/W2810522557
https://openalex.org/W2836624212
https://openalex.org/W2860378445
https://openalex.org/W2886518895
https://openalex.org/W2887534262
https://openalex.org/W2899547906
https://openalex.org/W2899555649
https://openalex.org/W2899815765
https://openalex.org/W2900044394
https://openalex.org/W2907678148
https://openalex.org/W2909699983
https://openalex.org/W2936316546
https://openalex.org/W2947713014
https://openalex.org/W2954517755
https://openalex.org/W2966991608
https://openalex.org/W2968245561
https://openalex.org/W2968462167
https://openalex.org/W2969009672
https://openalex.org/W2969362712
https://openalex.org/W2970049521
https://openalex.org/W2970850836
https://openalex.org/W2972092137
https://openalex.org/W2977455745
https://openalex.org/W2983176496
https://openalex.org/W2984094971
https://openalex.org/W2984732343
https://openalex.org/W2984741198
https://openalex.org/W2985373381
https://openalex.org/W2987430440
https://openalex.org/W2987430506
https://openalex.org/W2988615774
https://openalex.org/W2988734677
https://openalex.org/W2997844564
https://openalex.org/W3004972038
https://openalex.org/W3027292429
https://openalex.org/W3029052117
https://openalex.org/W3029098615
https://openalex.org/W3029330417
https://openalex.org/W3029408249
https://openalex.org/W3030475147
https://openalex.org/W3031075472
https://openalex.org/W3032018526
https://openalex.org/W3032283498
https://openalex.org/W3033604308
https://openalex.org/W3034971340
https://openalex.org/W3088002810
https://openalex.org/W3124175155
https://openalex.org/W3134380749
https://openalex.org/W3159235907
https://openalex.org/W3159648811
https://openalex.org/W3190311896
https://openalex.org/W3209804423
https://openalex.org/W3210583641
https://openalex.org/W4232364767
https://openalex.org/W4234412535
https://openalex.org/W4244822606
https://openalex.org/W4290905573
https://openalex.org/W4394126565
https://openalex.org/W4394240518
https://openalex.org/W4394250440
https://openalex.org/W4394251865
https://openalex.org/W4394308367
https://openalex.org/W4394340771
https://openalex.org/W4394380155
https://openalex.org/W4394439126
https://openalex.org/W4394447184
https://openalex.org/W4394469634
https://openalex.org/W4394529248
https://openalex.org/W2048533901
https://openalex.org/W2190795503
https://openalex.org/W2254353900
https://openalex.org/W2275457071
https://openalex.org/W2400933290
https://openalex.org/W2415733364
https://openalex.org/W2416111217
https://openalex.org/W2418694880
https://openalex.org/W2419623444
https://openalex.org/W2430809996
https://openalex.org/W2477780772
https://openalex.org/W2976418991
https://openalex.org/W4211237244
https://openalex.org/W4231989563
https://openalex.org/W4255241271
https://openalex.org/W1551711998
https://openalex.org/W1971828416
https://openalex.org/W2000286696
https://openalex.org/W2003567651
https://openalex.org/W2004624417
https://openalex.org/W2053016097
https://openalex.org/W2064108353
https://openalex.org/W2065633389
https://openalex.org/W2072575053
https://openalex.org/W2212514726
https://openalex.org/W2241589310
https://openalex.org/W2261250696
https://openalex.org/W2326790270
https://openalex.org/W2353654798
https://openalex.org/W2357964173
https://openalex.org/W2368669472
https://openalex.org/W2370760002
https://openalex.org/W2372751216
https://openalex.org/W2374536238
https://openalex.org/W2385250150
https://openalex.org/W2473078809
https://openalex.org/W2478275030
https://openalex.org/W250122260
https://openalex.org/W2626149760
https://openalex.org/W2791405918
https://openalex.org/W2793570371
https://openalex.org/W2920945004
https://openalex.org/W2922176419
https://openalex.org/W2977881298
https://openalex.org/W2998452092
https://openalex.org/W2999579879
https://openalex.org/W3010774249
https://openalex.org/W3013926984
https://openalex.org/W3037622613
https://openalex.org/W3039206577
https://openalex.org/W3039693925
https://openalex.org/W3042081304
https://openalex.org/W3046934682
https://openalex.org/W3047285635
https://openalex.org/W3083800823
https://openalex.org/W3088377655
https://openalex.org/W3089295826
https://openalex.org/W3089944830
https://openalex.org/W3093373727
https://openalex.org/W3094399495
https://openalex.org/W3104092910
https://openalex.org/W3109286159
https://openalex.org/W3111679436
https://openalex.org/W3111954950
https://openalex.org/W3112950027
https://openalex.org/W3113296633
https://openalex.org/W3137568074
https://openalex.org/W3171588793
https://openalex.org/W3183570167
https://openalex.org/W3208426992
https://openalex.org/W3208455289
https://openalex.org/W4239879420
https://openalex.org/W4241087124
https://openalex.org/W4254029340
https://openalex.org/W4255143442
https://openalex.org/W4287751382
https://openalex.org/W4313368674
https://openalex.org/W431472379
https://openalex.org/W4391472359
https://openalex.org/W1973914487
https://openalex.org/W2013902837
https://openalex.org/W2051159613
https://openalex.org/W2110920971
https://openalex.org/W2417379811
https://openalex.org/W2423169399
https://openalex.org/W2474044563
https://openalex.org/W175847589
https://openalex.org/W1871012062
https://openalex.org/W1978129903
https://openalex.org/W1998206016
https://openalex.org/W2027584891
https://openalex.org/W2081798367
https://openalex.org/W2170717209
https://openalex.org/W2174696399
https://openalex.org/W2216925758
https://openalex.org/W2252524853
https://openalex.org/W2255320044
https://openalex.org/W2258498027
https://openalex.org/W2264527559
https://openalex.org/W2272949335
https://openalex.org/W2277961745
https://openalex.org/W2294323050
https://openalex.org/W2357209311
https://openalex.org/W2357585918
https://openalex.org/W2358586976
https://openalex.org/W2364389367
https://openalex.org/W2369249899
https://openalex.org/W2371248950
https://openalex.org/W2379490673
https://openalex.org/W2392190988
https://openalex.org/W2418345468
https://openalex.org/W2421142018
https://openalex.org/W2436535478
https://openalex.org/W2470114379
https://openalex.org/W2977433651
https://openalex.org/W2999443947
https://openalex.org/W3000611991
https://openalex.org/W3088067519
https://openalex.org/W3215940365
https://openalex.org/W4391470802
https://openalex.org/W4391471149
https://openalex.org/W4391471238
https://openalex.org/W633144293
https://openalex.org/W69847598
https://openalex.org/W1513413949
https://openalex.org/W2019182238
https://openalex.org/W2031678765
https://openalex.org/W2224798953
https://openalex.org/W2377371702
https://openalex.org/W2377376632
https://openalex.org/W2378251364
https://openalex.org/W2386349803
https://openalex.org/W2414317689
https://openalex.org/W2417944707
https://openalex.org/W2976937100
https://openalex.org/W2977219989
https://openalex.org/W3012547090
https://openalex.org/W3093305935
https://openalex.org/W3118928771
https://openalex.org/W3119055123
https://openalex.org/W3119413121
https://openalex.org/W3121678103
https://openalex.org/W3125840910
https://openalex.org/W3126837496
https://openalex.org/W3127499476
https://openalex.org/W3128214300
https://openalex.org/W3128982080
https://openalex.org/W3149880144
https://openalex.org/W3170257873
https://openalex.org/W3173290943
https://openalex.org/W3177242589
https://openalex.org/W3183420046
https://openalex.org/W3183528023
https://openalex.org/W3184438157
https://openalex.org/W3185624621
https://openalex.org/W3187924060
https://openalex.org/W3195424812
https://openalex.org/W3201184438
https://openalex.org/W3202521999
https://openalex.org/W3202940671
https://openalex.org/W3203990085
https://openalex.org/W3210475932
https://openalex.org/W3211163052
https://openalex.org/W3211618542
https://openalex.org/W3212038304
https://openalex.org/W3214354222
https://openalex.org/W3215735262
https://openalex.org/W3215875756
https://openalex.org/W3216455644
https://openalex.org/W3216532815
https://openalex.org/W3216762427
https://openalex.org/W3216861610
https://openalex.org/W3217304051
https://openalex.org/W4200384342
https://openalex.org/W4205813793
https://openalex.org/W4206208858
https://openalex.org/W4248966015
https://openalex.org/W4255487888
https://openalex.org/W4393537919
https://openalex.org/W4393812970
https://openalex.org/W4394070856
https://openalex.org/W4394238377
https://openalex.org/W1975502571
https://openalex.org/W2030388338
https://openalex.org/W2032793736
https://openalex.org/W2060626542
https://openalex.org/W2067572164
https://openalex.org/W2351516626
https://openalex.org/W2392472936
https://openalex.org/W2410606416
https://openalex.org/W2466749995
https://openalex.org/W2951488768
https://openalex.org/W2980053756
https://openalex.org/W3008801677
https://openalex.org/W3208817043
https://openalex.org/W3211064845
https://openalex.org/W4210550640
https://openalex.org/W4251277221
https://openalex.org/W4254372853
https://openalex.org/W582401129
https://openalex.org/W87230038
https://openalex.org/W2012044366
https://openalex.org/W2400576248
https://openalex.org/W2415150245
https://openalex.org/W2423158776
https://openalex.org/W1178232088
https://openalex.org/W1606853132
https://openalex.org/W1967289412
https://openalex.org/W1996907526
https://openalex.org/W2082635278
https://openalex.org/W2088555069
https://openalex.org/W2092816023
https://openalex.org/W2253632668
https://openalex.org/W227361978
https://openalex.org/W2343820716
https://openalex.org/W2349149168
https://openalex.org/W2387835054
https://openalex.org/W2395391515
https://openalex.org/W2395640363
https://openalex.org/W2398535087
https://openalex.org/W2409882757
https://openalex.org/W2409962611
https://openalex.org/W2412393694
https://openalex.org/W2412395200
https://openalex.org/W2413834043
https://openalex.org/W2415243202
https://openalex.org/W2415580554
https://openalex.org/W2415744642
https://openalex.org/W2419061590
https://openalex.org/W2419114843
https://openalex.org/W2420608599
https://openalex.org/W2431609010
https://openalex.org/W2437844752
https://openalex.org/W2465660503
https://openalex.org/W2467047163
https://openalex.org/W2468503393
https://openalex.org/W2470135067
https://openalex.org/W2475319326
https://openalex.org/W2494667521
https://openalex.org/W3012341934
https://openalex.org/W3112505202
https://openalex.org/W3211145453
https://openalex.org/W4231593094
https://openalex.org/W4250832934
https://openalex.org/W1972336074
https://openalex.org/W2028195097
https://openalex.org/W2029950442
https://openalex.org/W2317559429
https://openalex.org/W2321027620
https://openalex.org/W2329877884
https://openalex.org/W2332160895
https://openalex.org/W2334200452
https://openalex.org/W2336200304
https://openalex.org/W2395991590
https://openalex.org/W2396306013
https://openalex.org/W2398991259
https://openalex.org/W2401712894
https://openalex.org/W2412022115
https://openalex.org/W2412527178
https://openalex.org/W2413631726
https://openalex.org/W2413746938
https://openalex.org/W2420477186
https://openalex.org/W2434334648
https://openalex.org/W2443232249
https://openalex.org/W2460894329
https://openalex.org/W2463983766
https://openalex.org/W2464358468
https://openalex.org/W2468676806
https://openalex.org/W2472779569
https://openalex.org/W2573834745
https://openalex.org/W2783855372
https://openalex.org/W2898806668
https://openalex.org/W2950566926
https://openalex.org/W2951201146
https://openalex.org/W2953295853
https://openalex.org/W2977384451
https://openalex.org/W2979191307
https://openalex.org/W3045852383
https://openalex.org/W326340935
https://openalex.org/W4230072001
https://openalex.org/W4238705355
https://openalex.org/W4241863814
https://openalex.org/W4252192061
https://openalex.org/W612984083
https://openalex.org/W121559695
https://openalex.org/W1827182261
https://openalex.org/W2045601526
https://openalex.org/W2052542407
https://openalex.org/W2066394202
https://openalex.org/W2068899900
https://openalex.org/W2107003503
https://openalex.org/W2118341146
https://openalex.org/W236352595
https://openalex.org/W2399537013
https://openalex.org/W2414585076
https://openalex.org/W2418403769
https://openalex.org/W2419320998
https://openalex.org/W2434793896
https://openalex.org/W2435221737
https://openalex.org/W2462697916
https://openalex.org/W2472888977
https://openalex.org/W2572020287
https://openalex.org/W2899011430
https://openalex.org/W303790829
https://openalex.org/W36062793
https://openalex.org/W4206496539
https://openalex.org/W4236931769
https://openalex.org/W4243004499
https://openalex.org/W1563421622
https://openalex.org/W1597549583
https://openalex.org/W1963722756
https://openalex.org/W1993802239
https://openalex.org/W2117984493
https://openalex.org/W2259397661
https://openalex.org/W2288224446
https://openalex.org/W2311258683
https://openalex.org/W2340317455
https://openalex.org/W2401027447
https://openalex.org/W2410779056
https://openalex.org/W2410986009
https://openalex.org/W2411674407
https://openalex.org/W2413214723
https://openalex.org/W2414936034
https://openalex.org/W2415029892
https://openalex.org/W2415276672
https://openalex.org/W2416412942
https://openalex.org/W2417889458
https://openalex.org/W2460533369
https://openalex.org/W2467595574
https://openalex.org/W2468861273
https://openalex.org/W2472533779
https://openalex.org/W2724783693
https://openalex.org/W2736994212
https://openalex.org/W2781511206
https://openalex.org/W2793576871
https://openalex.org/W2949543183
https://openalex.org/W2950497227
https://openalex.org/W2951895423
https://openalex.org/W2952318613
https://openalex.org/W303054705
https://openalex.org/W3146177847
https://openalex.org/W3157313848
https://openalex.org/W3188939150
https://openalex.org/W4246047280
https://openalex.org/W4247349474
https://openalex.org/W427652141
