.
https://openalex.org/W2527824850
https://openalex.org/W2098082628
https://openalex.org/W1617145133
https://openalex.org/W2565595087
https://openalex.org/W3143437408
https://openalex.org/W1014257459
https://openalex.org/W2528385426
https://openalex.org/W2604860225
https://openalex.org/W2112579958
https://openalex.org/W1994177577
https://openalex.org/W2027538725
https://openalex.org/W2060459188
https://openalex.org/W2067848116
https://openalex.org/W2117954462
https://openalex.org/W2085105678
https://openalex.org/W2104993716
https://openalex.org/W2152387274
https://openalex.org/W2061973537
https://openalex.org/W2083331107
https://openalex.org/W2089645494
https://openalex.org/W1964452095
https://openalex.org/W2513901369
https://openalex.org/W2066185056
https://openalex.org/W2065337815
https://openalex.org/W2013093033
https://openalex.org/W2041914114
https://openalex.org/W2065215232
https://openalex.org/W2090473586
https://openalex.org/W2102355502
https://openalex.org/W1974264340
https://openalex.org/W2008644522
https://openalex.org/W2606956625
https://openalex.org/W2140786297
https://openalex.org/W4211190027
https://openalex.org/W2752404888
https://openalex.org/W2508424442
https://openalex.org/W2110502968
https://openalex.org/W2019207861
https://openalex.org/W2086883840
https://openalex.org/W2150366828
https://openalex.org/W2754938970
https://openalex.org/W1986409342
https://openalex.org/W2009895341
https://openalex.org/W1985811899
https://openalex.org/W2157561719
https://openalex.org/W2111118302
https://openalex.org/W2049490668
https://openalex.org/W2072525040
https://openalex.org/W2160152459
https://openalex.org/W2013919931
https://openalex.org/W2462759270
https://openalex.org/W2014087908
https://openalex.org/W2999516021
https://openalex.org/W2022646304
https://openalex.org/W1988959629
https://openalex.org/W2765317088
https://openalex.org/W2147663830
https://openalex.org/W1964246836
https://openalex.org/W2017495608
https://openalex.org/W1998418143
https://openalex.org/W1999235323
https://openalex.org/W2037088441
https://openalex.org/W2003555906
https://openalex.org/W2100067358
https://openalex.org/W2079082252
https://openalex.org/W2120539430
https://openalex.org/W2163178183
https://openalex.org/W2003115684
https://openalex.org/W1978140034
https://openalex.org/W1998337942
https://openalex.org/W4244618912
https://openalex.org/W2137189854
https://openalex.org/W1900208830
https://openalex.org/W2526281067
https://openalex.org/W2048005596
https://openalex.org/W2036735781
https://openalex.org/W2567095994
https://openalex.org/W1931605118
https://openalex.org/W2122407705
https://openalex.org/W2922408081
https://openalex.org/W3136922706
https://openalex.org/W4226019726
https://openalex.org/W2014463647
https://openalex.org/W2036961219
https://openalex.org/W2027149291
https://openalex.org/W1999456810
https://openalex.org/W2036302880
https://openalex.org/W2131673806
https://openalex.org/W2138474643
https://openalex.org/W2031556612
https://openalex.org/W1976497875
https://openalex.org/W2150451572
https://openalex.org/W2061793105
https://openalex.org/W2164039475
https://openalex.org/W2319785455
https://openalex.org/W1986978777
https://openalex.org/W2137130674
https://openalex.org/W2008279940
https://openalex.org/W1966538429
https://openalex.org/W2077250280
https://openalex.org/W1989836423
https://openalex.org/W1885155229
https://openalex.org/W1980960224
https://openalex.org/W1997721854
https://openalex.org/W2913273466
https://openalex.org/W2050479503
https://openalex.org/W2143975668
https://openalex.org/W2056740066
https://openalex.org/W2074728848
https://openalex.org/W2143129903
https://openalex.org/W2067106492
https://openalex.org/W2106505027
https://openalex.org/W2131060408
https://openalex.org/W2054759893
https://openalex.org/W1967738525
https://openalex.org/W2003326711
https://openalex.org/W1917269741
https://openalex.org/W2011816149
https://openalex.org/W2024548886
https://openalex.org/W2035551315
https://openalex.org/W1979352439
https://openalex.org/W2117802602
https://openalex.org/W2125841356
https://openalex.org/W1978598058
https://openalex.org/W1965302838
https://openalex.org/W2139066480
https://openalex.org/W2141934245
https://openalex.org/W2159493805
https://openalex.org/W1977415609
https://openalex.org/W2100398499
https://openalex.org/W2132520492
https://openalex.org/W1990404670
https://openalex.org/W2045064734
https://openalex.org/W2058128468
https://openalex.org/W2094194375
https://openalex.org/W2166132430
https://openalex.org/W2001479598
https://openalex.org/W2139507633
https://openalex.org/W2040534221
https://openalex.org/W2151470762
https://openalex.org/W2106227553
https://openalex.org/W2463330148
https://openalex.org/W2008734402
https://openalex.org/W2031725843
https://openalex.org/W2109916969
https://openalex.org/W1968060849
https://openalex.org/W2007880097
https://openalex.org/W2153132847
https://openalex.org/W2043127462
https://openalex.org/W2116855922
https://openalex.org/W1988071238
https://openalex.org/W2038171733
https://openalex.org/W2081198551
https://openalex.org/W1982684746
https://openalex.org/W4361868428
https://openalex.org/W1972851587
https://openalex.org/W2069907861
https://openalex.org/W2077794949
https://openalex.org/W2088627129
https://openalex.org/W1965442507
https://openalex.org/W1967519841
https://openalex.org/W2128042529
https://openalex.org/W2033835940
https://openalex.org/W2085345133
https://openalex.org/W2312634432
https://openalex.org/W1940836370
https://openalex.org/W2322702493
https://openalex.org/W2138657185
https://openalex.org/W2010492051
https://openalex.org/W2624811387
https://openalex.org/W2751199570
https://openalex.org/W2780593010
https://openalex.org/W2006690914
https://openalex.org/W2170752137
https://openalex.org/W2054373401
https://openalex.org/W2202874688
https://openalex.org/W2724129713
https://openalex.org/W2561226755
https://openalex.org/W2898729889
https://openalex.org/W2894871868
https://openalex.org/W2047299360
https://openalex.org/W2118910847
https://openalex.org/W2041640485
https://openalex.org/W2465118814
https://openalex.org/W1673416641
https://openalex.org/W1987038396
https://openalex.org/W2074663778
https://openalex.org/W1991518125
https://openalex.org/W1993147241
https://openalex.org/W2080277761
https://openalex.org/W2082044830
https://openalex.org/W3170496996
https://openalex.org/W2160397574
https://openalex.org/W2626259946
https://openalex.org/W1939512501
https://openalex.org/W2011929082
https://openalex.org/W2733007698
https://openalex.org/W2115984873
https://openalex.org/W2783814616
https://openalex.org/W2954822162
https://openalex.org/W2414283300
https://openalex.org/W2332693523
https://openalex.org/W1770611730
https://openalex.org/W2051017687
https://openalex.org/W182079344
https://openalex.org/W2755566667
https://openalex.org/W2896039917
https://openalex.org/W2794591439
https://openalex.org/W2805342882
https://openalex.org/W2597657200
https://openalex.org/W3040338113
https://openalex.org/W2811501886
https://openalex.org/W2808301714
https://openalex.org/W2080719520
https://openalex.org/W2807210051
https://openalex.org/W2418720283
https://openalex.org/W2580596555
https://openalex.org/W2793063391
https://openalex.org/W2794794769
https://openalex.org/W2600740673
https://openalex.org/W2945506324
https://openalex.org/W2461041374
https://openalex.org/W3107546949
https://openalex.org/W2978682544
https://openalex.org/W3085335845
https://openalex.org/W3158539237
https://openalex.org/W3154802209
https://openalex.org/W4206342967
https://openalex.org/W4220942985
https://openalex.org/W4306867417
https://openalex.org/W4382930099
https://openalex.org/W4313325197
https://openalex.org/W4385497484
https://openalex.org/W4362631363
https://openalex.org/W4385240113
https://openalex.org/W4386413181
https://openalex.org/W4391994591
https://openalex.org/W4390120386
https://openalex.org/W2063018805
https://openalex.org/W2051089689
https://openalex.org/W2040879964
https://openalex.org/W2088003991
https://openalex.org/W2040165558
https://openalex.org/W1985239836
https://openalex.org/W2053060651
https://openalex.org/W2144489906
https://openalex.org/W2064942304
https://openalex.org/W2128421163
https://openalex.org/W2093359361
https://openalex.org/W1896760672
https://openalex.org/W2029714755
https://openalex.org/W2116725368
https://openalex.org/W2154720653
https://openalex.org/W2021868083
https://openalex.org/W2128203605
https://openalex.org/W2033288990
https://openalex.org/W1853165005
https://openalex.org/W2000604574
https://openalex.org/W1766229346
https://openalex.org/W2002796256
https://openalex.org/W2032119575
https://openalex.org/W2160702758
https://openalex.org/W2141668394
https://openalex.org/W2011597615
https://openalex.org/W2092554910
https://openalex.org/W1996629211
https://openalex.org/W1995094885
https://openalex.org/W2077474374
https://openalex.org/W2950539162
https://openalex.org/W4362235782
https://openalex.org/W1983378719
https://openalex.org/W2038236041
https://openalex.org/W2138045140
https://openalex.org/W2090918057
https://openalex.org/W2074217599
https://openalex.org/W1965513137
https://openalex.org/W2137395995
https://openalex.org/W1977985374
https://openalex.org/W2122092859
https://openalex.org/W2026924145
https://openalex.org/W2064466343
https://openalex.org/W2142862062
https://openalex.org/W2734380855
https://openalex.org/W2152793262
https://openalex.org/W2168415753
https://openalex.org/W2031768763
https://openalex.org/W2115068140
https://openalex.org/W1967694347
https://openalex.org/W4248204084
https://openalex.org/W2082727798
https://openalex.org/W2138838821
https://openalex.org/W2010267598
https://openalex.org/W2252597846
https://openalex.org/W2012330545
https://openalex.org/W2056450557
https://openalex.org/W2070235427
https://openalex.org/W2171303549
https://openalex.org/W2042639098
https://openalex.org/W2094425968
https://openalex.org/W2319778858
https://openalex.org/W1983937025
https://openalex.org/W2065886025
https://openalex.org/W2062200936
https://openalex.org/W108344161
https://openalex.org/W2025697410
https://openalex.org/W2084474418
https://openalex.org/W2149165326
https://openalex.org/W2104043769
https://openalex.org/W2120745365
https://openalex.org/W1964299129
https://openalex.org/W1969942127
https://openalex.org/W2143323226
https://openalex.org/W2016703488
https://openalex.org/W2025146556
https://openalex.org/W2047026958
https://openalex.org/W2069096810
https://openalex.org/W2093156745
https://openalex.org/W2004637094
https://openalex.org/W2027740467
https://openalex.org/W2068736159
https://openalex.org/W1965113256
https://openalex.org/W2103031205
https://openalex.org/W2106123030
https://openalex.org/W2135064511
https://openalex.org/W1972379626
https://openalex.org/W2405349986
https://openalex.org/W1983544591
https://openalex.org/W2024441986
https://openalex.org/W1987946111
https://openalex.org/W2029259886
https://openalex.org/W2071083041
https://openalex.org/W2083816327
https://openalex.org/W2115481097
https://openalex.org/W2760359076
https://openalex.org/W2164154622
https://openalex.org/W1980034989
https://openalex.org/W2032066777
https://openalex.org/W2074829477
https://openalex.org/W2114883269
https://openalex.org/W2328015176
https://openalex.org/W1988251774
https://openalex.org/W1977884263
https://openalex.org/W2077691015
https://openalex.org/W2164446605
https://openalex.org/W2616913138
https://openalex.org/W2905830639
https://openalex.org/W2075462003
https://openalex.org/W2393195484
https://openalex.org/W1990475803
https://openalex.org/W2143463252
https://openalex.org/W2168619375
https://openalex.org/W2783221675
https://openalex.org/W2529634568
https://openalex.org/W2613664856
https://openalex.org/W2615363229
https://openalex.org/W2790436749
https://openalex.org/W2314841299
https://openalex.org/W3104796312
https://openalex.org/W2790823312
https://openalex.org/W2413989323
https://openalex.org/W2737331358
https://openalex.org/W2790216155
https://openalex.org/W3098005870
https://openalex.org/W2188996944
https://openalex.org/W2509691098
https://openalex.org/W2941411671
https://openalex.org/W2979283201
https://openalex.org/W3014924582
https://openalex.org/W2793436386
https://openalex.org/W2914613241
https://openalex.org/W2919796669
https://openalex.org/W3016588187
https://openalex.org/W2900847142
https://openalex.org/W3129593942
https://openalex.org/W3174660426
https://openalex.org/W3199165281
https://openalex.org/W4210380752
https://openalex.org/W4212779629
https://openalex.org/W4302425068
https://openalex.org/W4229072515
https://openalex.org/W4316669566
https://openalex.org/W4321458471
https://openalex.org/W4313419614
https://openalex.org/W4389611640
https://openalex.org/W4391052968
https://openalex.org/W4391654974
https://openalex.org/W4391684969
https://openalex.org/W4391743515
https://openalex.org/W2073802471
https://openalex.org/W1970164841
https://openalex.org/W2050795811
https://openalex.org/W2034820068
https://openalex.org/W2085616814
https://openalex.org/W2158935969
https://openalex.org/W2099911343
https://openalex.org/W2085764502
https://openalex.org/W2085624894
https://openalex.org/W4243876153
https://openalex.org/W2153885155
https://openalex.org/W2168474772
https://openalex.org/W2075078693
https://openalex.org/W2092474434
https://openalex.org/W1658044864
https://openalex.org/W2056822884
https://openalex.org/W2143565608
https://openalex.org/W1973773456
https://openalex.org/W2121422938
https://openalex.org/W2135420486
https://openalex.org/W2187561249
https://openalex.org/W2016007623
https://openalex.org/W1993019497
https://openalex.org/W2016093753
https://openalex.org/W2026939915
https://openalex.org/W1997489154
https://openalex.org/W2102229478
https://openalex.org/W1980311961
https://openalex.org/W1531587291
https://openalex.org/W2010378771
https://openalex.org/W2146097802
https://openalex.org/W2007497854
https://openalex.org/W2015586550
https://openalex.org/W2073571283
https://openalex.org/W2157595436
https://openalex.org/W1972381462
https://openalex.org/W1976018125
https://openalex.org/W2028102007
https://openalex.org/W2114725347
https://openalex.org/W2105449003
https://openalex.org/W2155706280
https://openalex.org/W1965697359
https://openalex.org/W2018743889
https://openalex.org/W2041746655
https://openalex.org/W2046614423
https://openalex.org/W2085512538
https://openalex.org/W2086453091
https://openalex.org/W2119257484
https://openalex.org/W2009976397
https://openalex.org/W2046547145
https://openalex.org/W2121898927
https://openalex.org/W2021749518
https://openalex.org/W2056676414
https://openalex.org/W2010821425
https://openalex.org/W2128401926
https://openalex.org/W2400004511
https://openalex.org/W2013556067
https://openalex.org/W2021193677
https://openalex.org/W2113575093
https://openalex.org/W4240831789
https://openalex.org/W2003100912
https://openalex.org/W1980652857
https://openalex.org/W2013917886
https://openalex.org/W2066932002
https://openalex.org/W2120450006
https://openalex.org/W1569491514
https://openalex.org/W2046592340
https://openalex.org/W1999840084
https://openalex.org/W2031986883
https://openalex.org/W2046045564
https://openalex.org/W2076284878
https://openalex.org/W2084212221
https://openalex.org/W2326871654
https://openalex.org/W1971894436
https://openalex.org/W1976240381
https://openalex.org/W2049673989
https://openalex.org/W2051980540
https://openalex.org/W1988545157
https://openalex.org/W1996503884
https://openalex.org/W2332228582
https://openalex.org/W1525488085
https://openalex.org/W2048527389
https://openalex.org/W1971015149
https://openalex.org/W2128389838
https://openalex.org/W2050822508
https://openalex.org/W1995236243
https://openalex.org/W2113542272
https://openalex.org/W2004706847
https://openalex.org/W2144852086
https://openalex.org/W2083538044
https://openalex.org/W1994784188
https://openalex.org/W2148317617
https://openalex.org/W1965597871
https://openalex.org/W2021125816
https://openalex.org/W2078910773
https://openalex.org/W2114455668
https://openalex.org/W2126229642
https://openalex.org/W2019624622
https://openalex.org/W2074490061
https://openalex.org/W1750153920
https://openalex.org/W1998725609
https://openalex.org/W1999477673
https://openalex.org/W2010357513
https://openalex.org/W2028660795
https://openalex.org/W2029752058
https://openalex.org/W2103050725
https://openalex.org/W2137218172
https://openalex.org/W2161979117
https://openalex.org/W2074114546
https://openalex.org/W1986859885
https://openalex.org/W2102172928
https://openalex.org/W2142945106
https://openalex.org/W2557204749
https://openalex.org/W2092826721
https://openalex.org/W2113061086
https://openalex.org/W2531439807
https://openalex.org/W3024251273
https://openalex.org/W1441955743
https://openalex.org/W1535378176
https://openalex.org/W2092782104
https://openalex.org/W2549789045
https://openalex.org/W2906116238
https://openalex.org/W2088115721
https://openalex.org/W2170631530
https://openalex.org/W2470354459
https://openalex.org/W2904189422
https://openalex.org/W2522304627
https://openalex.org/W2281828780
https://openalex.org/W2508760652
https://openalex.org/W2735754627
https://openalex.org/W2751375760
https://openalex.org/W2765190535
https://openalex.org/W2520272705
https://openalex.org/W2807318078
https://openalex.org/W2915080151
https://openalex.org/W332036002
https://openalex.org/W2537137541
https://openalex.org/W2798007722
https://openalex.org/W2808487243
https://openalex.org/W2970042863
https://openalex.org/W2917086028
https://openalex.org/W3113056081
https://openalex.org/W2966489918
https://openalex.org/W2984560689
https://openalex.org/W3047221650
https://openalex.org/W3006215843
https://openalex.org/W3040408307
https://openalex.org/W3035097086
https://openalex.org/W3110410930
https://openalex.org/W3164452675
https://openalex.org/W3164780673
https://openalex.org/W3117970795
https://openalex.org/W3183751837
https://openalex.org/W3197656569
https://openalex.org/W4205478473
https://openalex.org/W4387244387
https://openalex.org/W1990000248
https://openalex.org/W1967661601
https://openalex.org/W1784578127
https://openalex.org/W1983672401
https://openalex.org/W2019164246
https://openalex.org/W306229845
https://openalex.org/W2139463224
https://openalex.org/W1973413214
https://openalex.org/W1993215855
https://openalex.org/W2093051573
https://openalex.org/W2093750998
https://openalex.org/W2052522405
https://openalex.org/W2062046173
https://openalex.org/W2000289892
https://openalex.org/W2037632382
https://openalex.org/W2055323286
https://openalex.org/W2127592573
https://openalex.org/W2152268503
https://openalex.org/W2328016510
https://openalex.org/W2042801728
https://openalex.org/W2161338384
https://openalex.org/W2063611565
https://openalex.org/W2076098855
https://openalex.org/W2146897170
https://openalex.org/W2022475976
https://openalex.org/W2046368904
https://openalex.org/W2050996004
https://openalex.org/W2110466241
https://openalex.org/W335061608
https://openalex.org/W1982910198
https://openalex.org/W2085474754
https://openalex.org/W1999653639
https://openalex.org/W2065102674
https://openalex.org/W2067724473
https://openalex.org/W2125136084
https://openalex.org/W2171472300
https://openalex.org/W2041478600
https://openalex.org/W2061658534
https://openalex.org/W2120888343
https://openalex.org/W2138811102
https://openalex.org/W2333401117
https://openalex.org/W2037679158
https://openalex.org/W1972779778
https://openalex.org/W2041183187
https://openalex.org/W2063291455
https://openalex.org/W2150698989
https://openalex.org/W2066337270
https://openalex.org/W7186246
https://openalex.org/W2075234142
https://openalex.org/W2005471050
https://openalex.org/W2014434454
https://openalex.org/W2078179432
https://openalex.org/W2087381390
https://openalex.org/W2113738829
https://openalex.org/W2169216364
https://openalex.org/W1984564086
https://openalex.org/W2029388382
https://openalex.org/W2139226114
https://openalex.org/W2002851114
https://openalex.org/W2080740800
https://openalex.org/W2136116333
https://openalex.org/W1982733209
https://openalex.org/W1507357229
https://openalex.org/W2093319899
https://openalex.org/W2078465022
https://openalex.org/W2088061142
https://openalex.org/W1977768526
https://openalex.org/W1996177366
https://openalex.org/W2048555181
https://openalex.org/W2099187754
https://openalex.org/W2021929133
https://openalex.org/W2076541469
https://openalex.org/W2082577108
https://openalex.org/W1905389134
https://openalex.org/W2012371423
https://openalex.org/W2051347759
https://openalex.org/W2045733317
https://openalex.org/W2150167592
https://openalex.org/W2166718558
https://openalex.org/W2043932515
https://openalex.org/W2132250446
https://openalex.org/W2314367105
https://openalex.org/W2323598567
https://openalex.org/W2116796970
https://openalex.org/W2316400334
https://openalex.org/W2005555559
https://openalex.org/W2312501736
https://openalex.org/W1980425903
https://openalex.org/W2017127965
https://openalex.org/W2277926856
https://openalex.org/W2770890337
https://openalex.org/W2049241600
https://openalex.org/W2270153484
https://openalex.org/W2590171645
https://openalex.org/W2622405357
https://openalex.org/W1920891823
https://openalex.org/W2597834444
https://openalex.org/W2805608780
https://openalex.org/W1793282116
https://openalex.org/W2792240519
https://openalex.org/W2803714017
https://openalex.org/W2888392724
https://openalex.org/W2614687771
https://openalex.org/W2754628110
https://openalex.org/W2180040678
https://openalex.org/W2276294749
https://openalex.org/W2793224704
https://openalex.org/W2341771763
https://openalex.org/W2412578515
https://openalex.org/W2504685419
https://openalex.org/W2601326269
https://openalex.org/W2807086091
https://openalex.org/W2826605175
https://openalex.org/W2887491751
https://openalex.org/W2791051648
https://openalex.org/W2909473777
https://openalex.org/W2990788841
https://openalex.org/W2993678810
https://openalex.org/W3010973271
https://openalex.org/W3154676031
https://openalex.org/W3040819235
https://openalex.org/W3121310152
https://openalex.org/W3126308011
https://openalex.org/W3126711448
https://openalex.org/W4205609511
https://openalex.org/W4280526238
https://openalex.org/W4294688064
https://openalex.org/W2002976112
https://openalex.org/W4289921149
https://openalex.org/W4317712967
https://openalex.org/W4321350832
https://openalex.org/W4321442287
https://openalex.org/W4367834306
https://openalex.org/W4376126792
https://openalex.org/W4384303583
https://openalex.org/W4386356266
https://openalex.org/W4386485139
https://openalex.org/W2029622239
https://openalex.org/W2169996935
https://openalex.org/W2048281158
https://openalex.org/W2142862261
https://openalex.org/W2136796224
https://openalex.org/W2339802659
https://openalex.org/W2006522580
https://openalex.org/W2125000085
https://openalex.org/W2147631005
https://openalex.org/W1992613377
https://openalex.org/W2067132712
https://openalex.org/W102427270
https://openalex.org/W1900297589
https://openalex.org/W2037692074
https://openalex.org/W2022066131
https://openalex.org/W2127707745
https://openalex.org/W2129468811
https://openalex.org/W2031384801
https://openalex.org/W2002206908
https://openalex.org/W2080692140
https://openalex.org/W1966627945
https://openalex.org/W2069923542
https://openalex.org/W2047153333
https://openalex.org/W2109720482
https://openalex.org/W90249677
https://openalex.org/W1978492246
https://openalex.org/W1979996666
https://openalex.org/W2070563936
https://openalex.org/W2084114471
https://openalex.org/W3047197593
https://openalex.org/W4301078402
https://openalex.org/W2063705163
https://openalex.org/W2161344350
https://openalex.org/W2038658082
https://openalex.org/W2029156776
https://openalex.org/W4238013934
https://openalex.org/W2119889599
https://openalex.org/W1984219378
https://openalex.org/W2007398358
https://openalex.org/W2034425466
https://openalex.org/W2166740360
https://openalex.org/W2170944130
https://openalex.org/W2326308392
https://openalex.org/W2119935488
https://openalex.org/W2171118902
https://openalex.org/W2027215698
https://openalex.org/W3147688669
https://openalex.org/W1978537495
https://openalex.org/W1851580018
https://openalex.org/W1979454098
https://openalex.org/W2007505657
https://openalex.org/W2041315582
https://openalex.org/W2146538037
https://openalex.org/W2159578656
https://openalex.org/W1501391047
https://openalex.org/W2015110792
https://openalex.org/W2279237160
https://openalex.org/W2548142539
https://openalex.org/W2606520685
https://openalex.org/W2133447924
https://openalex.org/W2471740682
https://openalex.org/W2604866103
https://openalex.org/W2792317669
https://openalex.org/W2794992759
https://openalex.org/W2109467702
https://openalex.org/W2470077499
https://openalex.org/W2590901188
https://openalex.org/W2710637486
https://openalex.org/W2786402784
https://openalex.org/W2500647902
https://openalex.org/W2781586714
https://openalex.org/W2811396542
https://openalex.org/W2883313519
https://openalex.org/W2899636950
https://openalex.org/W3000177174
https://openalex.org/W2881442307
https://openalex.org/W2946874565
https://openalex.org/W2968660243
https://openalex.org/W2901470303
https://openalex.org/W3092416781
https://openalex.org/W2807405794
https://openalex.org/W3016413889
https://openalex.org/W3049082138
https://openalex.org/W3113570520
https://openalex.org/W3130374443
https://openalex.org/W3164745457
https://openalex.org/W4200013606
https://openalex.org/W4211140836
https://openalex.org/W4221045671
https://openalex.org/W4318578661
https://openalex.org/W4382651970
https://openalex.org/W4382796670
https://openalex.org/W4385434586
https://openalex.org/W2046820561
https://openalex.org/W1996959443
https://openalex.org/W2035777674
https://openalex.org/W1975244345
https://openalex.org/W1984961484
https://openalex.org/W2062021473
https://openalex.org/W2098667281
https://openalex.org/W1563687867
https://openalex.org/W2156617483
https://openalex.org/W2007925473
https://openalex.org/W2146903690
https://openalex.org/W1527719951
https://openalex.org/W2042857457
https://openalex.org/W2056618765
https://openalex.org/W2414507012
https://openalex.org/W1985784234
https://openalex.org/W1988203656
https://openalex.org/W2058043213
https://openalex.org/W2073166172
https://openalex.org/W2090811314
https://openalex.org/W152380106
https://openalex.org/W1987447360
https://openalex.org/W2064959616
https://openalex.org/W2065195042
https://openalex.org/W2082074807
https://openalex.org/W2118177091
https://openalex.org/W2122780769
https://openalex.org/W1597710764
https://openalex.org/W1987814130
https://openalex.org/W2053762852
https://openalex.org/W2080123217
https://openalex.org/W2464998030
https://openalex.org/W2064229204
https://openalex.org/W2094365619
https://openalex.org/W2137937100
https://openalex.org/W1958965013
https://openalex.org/W1982144854
https://openalex.org/W1988642833
https://openalex.org/W1964735970
https://openalex.org/W2091222634
https://openalex.org/W2018364466
https://openalex.org/W4234119703
https://openalex.org/W1964826753
https://openalex.org/W2066091245
https://openalex.org/W2086345909
https://openalex.org/W2171910249
https://openalex.org/W1968089398
https://openalex.org/W2029004976
https://openalex.org/W2054120036
https://openalex.org/W2161168584
https://openalex.org/W2000347190
https://openalex.org/W2015375655
https://openalex.org/W2060354129
https://openalex.org/W2080796589
https://openalex.org/W2150605367
https://openalex.org/W2081813626
https://openalex.org/W2090075918
https://openalex.org/W2153518655
https://openalex.org/W2034689676
https://openalex.org/W1976777358
https://openalex.org/W2023773792
https://openalex.org/W1975970761
https://openalex.org/W2038514266
https://openalex.org/W1983916024
https://openalex.org/W2037717545
https://openalex.org/W2145052109
https://openalex.org/W2076415441
https://openalex.org/W2150919598
https://openalex.org/W1995460929
https://openalex.org/W2027674147
https://openalex.org/W2077527675
https://openalex.org/W2007585603
https://openalex.org/W1992335543
https://openalex.org/W2019501079
https://openalex.org/W2037564532
https://openalex.org/W2065373743
https://openalex.org/W2065991872
https://openalex.org/W2073790132
https://openalex.org/W2077278607
https://openalex.org/W2062278995
https://openalex.org/W2758711215
https://openalex.org/W1758472869
https://openalex.org/W1963637295
https://openalex.org/W2033934000
https://openalex.org/W2081614460
https://openalex.org/W2178277982
https://openalex.org/W2211502985
https://openalex.org/W2294779428
https://openalex.org/W2884793985
https://openalex.org/W2902183151
https://openalex.org/W2294885092
https://openalex.org/W2492714831
https://openalex.org/W2498176384
https://openalex.org/W2492491650
https://openalex.org/W2608288040
https://openalex.org/W2766671043
https://openalex.org/W2766672756
https://openalex.org/W2767107862
https://openalex.org/W2783206236
https://openalex.org/W2755261628
https://openalex.org/W2793013803
https://openalex.org/W2801065426
https://openalex.org/W2809169336
https://openalex.org/W2902530427
https://openalex.org/W3029661343
https://openalex.org/W3099940150
https://openalex.org/W3044576032
https://openalex.org/W3080814001
https://openalex.org/W3080613240
https://openalex.org/W3135622949
https://openalex.org/W3132132258
https://openalex.org/W3217155948
https://openalex.org/W3128654915
https://openalex.org/W4307977696
https://openalex.org/W3202646349
https://openalex.org/W4205486163
https://openalex.org/W4311006486
https://openalex.org/W4312163586
https://openalex.org/W4310522943
https://openalex.org/W4366000500
https://openalex.org/W4367052573
https://openalex.org/W4380870645
https://openalex.org/W4386147734
https://openalex.org/W4387996904
https://openalex.org/W1973273568
https://openalex.org/W2018280136
https://openalex.org/W2047338115
https://openalex.org/W2029638498
https://openalex.org/W2166111305
https://openalex.org/W2243716407
https://openalex.org/W2100116257
https://openalex.org/W2078313410
https://openalex.org/W2097166367
https://openalex.org/W1967128708
https://openalex.org/W2002204408
https://openalex.org/W2026122233
https://openalex.org/W2018783744
https://openalex.org/W1970720927
https://openalex.org/W2059663039
https://openalex.org/W1963857553
https://openalex.org/W2146540636
https://openalex.org/W2404619399
https://openalex.org/W2008512147
https://openalex.org/W4255101166
https://openalex.org/W2087021397
https://openalex.org/W1977064318
https://openalex.org/W1986140188
https://openalex.org/W2017004382
https://openalex.org/W2023589109
https://openalex.org/W2041246550
https://openalex.org/W2045926806
https://openalex.org/W2062037472
https://openalex.org/W2122035705
https://openalex.org/W2041211828
https://openalex.org/W1965190895
https://openalex.org/W1989061613
https://openalex.org/W2134358966
https://openalex.org/W2145530794
https://openalex.org/W2014966268
https://openalex.org/W2056094368
https://openalex.org/W2000605631
https://openalex.org/W2002943198
https://openalex.org/W2111279450
https://openalex.org/W2142895321
https://openalex.org/W2034609446
https://openalex.org/W2050827759
https://openalex.org/W2129971792
https://openalex.org/W2132525405
https://openalex.org/W1991775394
https://openalex.org/W2011027812
https://openalex.org/W2046947327
https://openalex.org/W1545005711
https://openalex.org/W1981918298
https://openalex.org/W1996128188
https://openalex.org/W2006927628
https://openalex.org/W2017410496
https://openalex.org/W2087054999
https://openalex.org/W2037445476
https://openalex.org/W2139204972
https://openalex.org/W2328761257
https://openalex.org/W1605187324
https://openalex.org/W1992929748
https://openalex.org/W2049999152
https://openalex.org/W2052946175
https://openalex.org/W2072174052
https://openalex.org/W2089316452
https://openalex.org/W2005311204
https://openalex.org/W2032268726
https://openalex.org/W2078966356
https://openalex.org/W2080770225
https://openalex.org/W2110829752
https://openalex.org/W2131641464
https://openalex.org/W2149305620
https://openalex.org/W2019175568
https://openalex.org/W2268097132
https://openalex.org/W2601204221
https://openalex.org/W2609843016
https://openalex.org/W909558682
https://openalex.org/W1983692214
https://openalex.org/W2014416031
https://openalex.org/W2174774056
https://openalex.org/W2266360899
https://openalex.org/W2762594267
https://openalex.org/W2788752482
https://openalex.org/W2883456895
https://openalex.org/W2280190662
https://openalex.org/W2342524066
https://openalex.org/W2405904728
https://openalex.org/W2537956863
https://openalex.org/W2553203127
https://openalex.org/W2616755570
https://openalex.org/W2774180599
https://openalex.org/W2884211720
https://openalex.org/W2951330742
https://openalex.org/W2501078453
https://openalex.org/W2564476001
https://openalex.org/W2890946688
https://openalex.org/W2953222135
https://openalex.org/W2970664418
https://openalex.org/W2979538983
https://openalex.org/W3010929707
https://openalex.org/W840020486
https://openalex.org/W3024576818
https://openalex.org/W3082735129
https://openalex.org/W3018609838
https://openalex.org/W3034049663
https://openalex.org/W3049464729
https://openalex.org/W3017332210
https://openalex.org/W3041121577
https://openalex.org/W3097944723
https://openalex.org/W3115737534
https://openalex.org/W3170718884
https://openalex.org/W3196171073
https://openalex.org/W3024162895
https://openalex.org/W3173376668
https://openalex.org/W3185743155
https://openalex.org/W3196859152
https://openalex.org/W4220986285
https://openalex.org/W4282937242
https://openalex.org/W4290791794
https://openalex.org/W4382396130
https://openalex.org/W4387454992
https://openalex.org/W4390656841
https://openalex.org/W4390885097
https://openalex.org/W4390938698
https://openalex.org/W4390959230
https://openalex.org/W4391097400
https://openalex.org/W4391161668
https://openalex.org/W4391162351
https://openalex.org/W4391162479
https://openalex.org/W4391162680
https://openalex.org/W4391291453
https://openalex.org/W4391310015
https://openalex.org/W4391310032
https://openalex.org/W4391321845
https://openalex.org/W4391329180
https://openalex.org/W4391529600
https://openalex.org/W4391717798
https://openalex.org/W4391846885
https://openalex.org/W4392187084
https://openalex.org/W4392311672
https://openalex.org/W4392596346
https://openalex.org/W4392655685
https://openalex.org/W4392795932
https://openalex.org/W4392865150
https://openalex.org/W4392930467
https://openalex.org/W4393090895
https://openalex.org/W4393095910
https://openalex.org/W4393096479
https://openalex.org/W4393237798
https://openalex.org/W4393443754
https://openalex.org/W4393904097
https://openalex.org/W4393975479
https://openalex.org/W4393975769
https://openalex.org/W4394786889
https://openalex.org/W4394847611
https://openalex.org/W4394870305
https://openalex.org/W4394936128
https://openalex.org/W4396504411
https://openalex.org/W337688299
https://openalex.org/W2148910199
https://openalex.org/W2154595144
https://openalex.org/W1966615868
https://openalex.org/W2046008298
https://openalex.org/W1992066986
https://openalex.org/W2120884709
https://openalex.org/W2321076848
https://openalex.org/W4239081737
https://openalex.org/W1487152933
https://openalex.org/W1990649014
https://openalex.org/W2054390454
https://openalex.org/W2069336058
https://openalex.org/W1934296945
https://openalex.org/W1998972502
https://openalex.org/W162342703
https://openalex.org/W2109468361
https://openalex.org/W175445765
https://openalex.org/W2023790890
https://openalex.org/W2054001380
https://openalex.org/W2123570327
https://openalex.org/W91939197
https://openalex.org/W2018621447
https://openalex.org/W2137007717
https://openalex.org/W2125866056
https://openalex.org/W52917225
https://openalex.org/W2080724972
https://openalex.org/W2022972774
https://openalex.org/W2044061479
https://openalex.org/W2047891244
https://openalex.org/W2080945261
https://openalex.org/W2164864134
https://openalex.org/W2040010536
https://openalex.org/W2054835182
https://openalex.org/W2057398928
https://openalex.org/W1969302884
https://openalex.org/W2055768488
https://openalex.org/W2045035334
https://openalex.org/W2060705503
https://openalex.org/W1640321628
https://openalex.org/W1967362555
https://openalex.org/W2020361557
https://openalex.org/W2028902834
https://openalex.org/W2066416209
https://openalex.org/W81167349
https://openalex.org/W1574039765
https://openalex.org/W1795124303
https://openalex.org/W2071503124
https://openalex.org/W2076109390
https://openalex.org/W298536673
https://openalex.org/W1986714043
https://openalex.org/W2029849310
https://openalex.org/W2063895789
https://openalex.org/W2066132572
https://openalex.org/W2148611097
https://openalex.org/W2333229247
https://openalex.org/W1749592850
https://openalex.org/W1983295250
https://openalex.org/W2091128804
https://openalex.org/W2102646076
https://openalex.org/W2166173905
https://openalex.org/W2546099614
https://openalex.org/W1807504822
https://openalex.org/W1990097538
https://openalex.org/W2241030575
https://openalex.org/W2335934683
https://openalex.org/W2343875067
https://openalex.org/W2730492039
https://openalex.org/W2743565886
https://openalex.org/W1437814532
https://openalex.org/W1975090202
https://openalex.org/W2463413829
https://openalex.org/W2735717682
https://openalex.org/W2765435886
https://openalex.org/W2790943290
https://openalex.org/W2313456313
https://openalex.org/W2557780396
https://openalex.org/W2980675211
https://openalex.org/W2932588735
https://openalex.org/W2951022540
https://openalex.org/W2977092378
https://openalex.org/W3162757321
https://openalex.org/W4292148688
https://openalex.org/W4323365616
https://openalex.org/W4362518875
https://openalex.org/W4377157494
https://openalex.org/W4379283451
https://openalex.org/W4379508844
https://openalex.org/W4379797740
https://openalex.org/W4385555148
https://openalex.org/W4385620559
https://openalex.org/W4387562858
https://openalex.org/W4388907064
https://openalex.org/W4388920947
https://openalex.org/W2024804290
https://openalex.org/W2025409377
https://openalex.org/W2124643110
https://openalex.org/W1559745392
https://openalex.org/W2055478645
https://openalex.org/W2082634537
https://openalex.org/W2205303839
https://openalex.org/W2326829521
https://openalex.org/W4247685933
https://openalex.org/W101212934
https://openalex.org/W1601669311
https://openalex.org/W1570037355
https://openalex.org/W1992692555
https://openalex.org/W2045634359
https://openalex.org/W2063299253
https://openalex.org/W2134046362
https://openalex.org/W1804838609
https://openalex.org/W1998073674
https://openalex.org/W2117170173
https://openalex.org/W2138099911
https://openalex.org/W107088264
https://openalex.org/W1968245175
https://openalex.org/W2026517962
https://openalex.org/W1545480767
https://openalex.org/W1916104670
https://openalex.org/W1971784499
https://openalex.org/W2009078213
https://openalex.org/W2070451280
https://openalex.org/W2084087703
https://openalex.org/W101950051
https://openalex.org/W1999657064
https://openalex.org/W2091841569
https://openalex.org/W2067317081
https://openalex.org/W2401861631
https://openalex.org/W1975929675
https://openalex.org/W2017333137
https://openalex.org/W2025935000
https://openalex.org/W2037693035
https://openalex.org/W2061574274
https://openalex.org/W2208549547
https://openalex.org/W1968740209
https://openalex.org/W2020601717
https://openalex.org/W2024854787
https://openalex.org/W1596271175
https://openalex.org/W1974985024
https://openalex.org/W2074435907
https://openalex.org/W2055303403
https://openalex.org/W1555564012
https://openalex.org/W2050101168
https://openalex.org/W2073365958
https://openalex.org/W2333745338
https://openalex.org/W1976057015
https://openalex.org/W2034369763
https://openalex.org/W2073484373
https://openalex.org/W2130514309
https://openalex.org/W2153592609
https://openalex.org/W2160405396
https://openalex.org/W1929308944
https://openalex.org/W2035528163
https://openalex.org/W2048594837
https://openalex.org/W2773523139
https://openalex.org/W2807579002
https://openalex.org/W2891684104
https://openalex.org/W1567952757
https://openalex.org/W2009814213
https://openalex.org/W2020286810
https://openalex.org/W2142158473
https://openalex.org/W2151818559
https://openalex.org/W2319781950
https://openalex.org/W2410511724
https://openalex.org/W2468632547
https://openalex.org/W2470073981
https://openalex.org/W2756420600
https://openalex.org/W2803768781
https://openalex.org/W2899784297
https://openalex.org/W2140850406
https://openalex.org/W2401135821
https://openalex.org/W2413205932
https://openalex.org/W2494303229
https://openalex.org/W2509172722
https://openalex.org/W2528710633
https://openalex.org/W2560489757
https://openalex.org/W2941318309
https://openalex.org/W2965595383
https://openalex.org/W2970234460
https://openalex.org/W2980599401
https://openalex.org/W3017789552
https://openalex.org/W3018196208
https://openalex.org/W3018784124
https://openalex.org/W3093596294
https://openalex.org/W3000325190
https://openalex.org/W3037922952
https://openalex.org/W3041952831
https://openalex.org/W3089186604
https://openalex.org/W107494361
https://openalex.org/W3061310129
https://openalex.org/W3113063450
https://openalex.org/W4281981525
https://openalex.org/W2077187072
https://openalex.org/W2000323560
https://openalex.org/W2027931495
https://openalex.org/W2170800403
https://openalex.org/W1919588260
https://openalex.org/W2084585825
https://openalex.org/W2097650237
https://openalex.org/W2166553211
https://openalex.org/W2509117836
https://openalex.org/W1986766440
https://openalex.org/W2002910513
https://openalex.org/W364041611
https://openalex.org/W376820131
https://openalex.org/W2147978307
https://openalex.org/W2152419922
https://openalex.org/W2091995564
https://openalex.org/W2408432433
https://openalex.org/W1506599570
https://openalex.org/W2023187454
https://openalex.org/W2066887367
https://openalex.org/W2090340718
https://openalex.org/W2167551318
https://openalex.org/W1726533
https://openalex.org/W2034413433
https://openalex.org/W2050194951
https://openalex.org/W2059105020
https://openalex.org/W1990546598
https://openalex.org/W2016621705
https://openalex.org/W2029201017
https://openalex.org/W2149744053
https://openalex.org/W1972580970
https://openalex.org/W2029410781
https://openalex.org/W2072646309
https://openalex.org/W1981588917
https://openalex.org/W2047988177
https://openalex.org/W2133537052
https://openalex.org/W1965887404
https://openalex.org/W2014522727
https://openalex.org/W2038301107
https://openalex.org/W1969871178
https://openalex.org/W1998583198
https://openalex.org/W1971415424
https://openalex.org/W1982571837
https://openalex.org/W2088268652
https://openalex.org/W2113945614
https://openalex.org/W2171453426
https://openalex.org/W2092782271
https://openalex.org/W1967150338
https://openalex.org/W2096648765
https://openalex.org/W1965386867
https://openalex.org/W1972435936
https://openalex.org/W1973292739
https://openalex.org/W2032065138
https://openalex.org/W2078010543
https://openalex.org/W4297408429
https://openalex.org/W1938911181
https://openalex.org/W1965800761
https://openalex.org/W1966412374
https://openalex.org/W1990691820
https://openalex.org/W1995202737
https://openalex.org/W2035891863
https://openalex.org/W2125761526
https://openalex.org/W2157272342
https://openalex.org/W2594027738
https://openalex.org/W2738477693
https://openalex.org/W2770971463
https://openalex.org/W2783619012
https://openalex.org/W2801606391
https://openalex.org/W2883293506
https://openalex.org/W2890685869
https://openalex.org/W1957138252
https://openalex.org/W1992986529
https://openalex.org/W2070767178
https://openalex.org/W2498066712
https://openalex.org/W2531841720
https://openalex.org/W2547271742
https://openalex.org/W2557616398
https://openalex.org/W2714779231
https://openalex.org/W2766281732
https://openalex.org/W2766685366
https://openalex.org/W2792999885
https://openalex.org/W2901909430
https://openalex.org/W3021225235
https://openalex.org/W340590588
https://openalex.org/W4236760372
https://openalex.org/W2500369481
https://openalex.org/W2530373050
https://openalex.org/W2895847318
https://openalex.org/W2944640286
https://openalex.org/W2989424214
https://openalex.org/W3016885868
https://openalex.org/W3043294680
https://openalex.org/W3048040761
https://openalex.org/W3048759693
https://openalex.org/W3103111586
https://openalex.org/W3110745415
https://openalex.org/W3135025221
https://openalex.org/W3176595402
https://openalex.org/W3177285163
https://openalex.org/W3204382676
https://openalex.org/W4200506336
https://openalex.org/W4200067919
https://openalex.org/W4213268836
https://openalex.org/W4292687690
https://openalex.org/W4295759620
https://openalex.org/W4296327478
https://openalex.org/W4310436606
https://openalex.org/W2080382765
https://openalex.org/W2150563232
https://openalex.org/W2346980964
https://openalex.org/W1904285445
https://openalex.org/W74223650
https://openalex.org/W1887599929
https://openalex.org/W2003796021
https://openalex.org/W2018268329
https://openalex.org/W2005485347
https://openalex.org/W2022065129
https://openalex.org/W2037040736
https://openalex.org/W1967736527
https://openalex.org/W2067951357
https://openalex.org/W2084019036
https://openalex.org/W30384279
https://openalex.org/W2096813687
https://openalex.org/W92262777
https://openalex.org/W1669838791
https://openalex.org/W1910383980
https://openalex.org/W1998503994
https://openalex.org/W1998511123
https://openalex.org/W2023902247
https://openalex.org/W2037704870
https://openalex.org/W2161218516
https://openalex.org/W2011921428
https://openalex.org/W1915717899
https://openalex.org/W1987345523
https://openalex.org/W1993631712
https://openalex.org/W2041838351
https://openalex.org/W2053620651
https://openalex.org/W2014043427
https://openalex.org/W2333985928
https://openalex.org/W1976079070
https://openalex.org/W2024144950
https://openalex.org/W2084245064
https://openalex.org/W2086554518
https://openalex.org/W2162637314
https://openalex.org/W2507798028
https://openalex.org/W1805907704
https://openalex.org/W2044632663
https://openalex.org/W1512840457
https://openalex.org/W2148626692
https://openalex.org/W1974503802
https://openalex.org/W2003402563
https://openalex.org/W2111633856
https://openalex.org/W2123275832
https://openalex.org/W2149267657
https://openalex.org/W2158168693
https://openalex.org/W1973981193
https://openalex.org/W2026298891
https://openalex.org/W2032856113
https://openalex.org/W2042012186
https://openalex.org/W2084440187
https://openalex.org/W2157122152
https://openalex.org/W2410913319
https://openalex.org/W2604671453
https://openalex.org/W2732365141
https://openalex.org/W2771953684
https://openalex.org/W2788221244
https://openalex.org/W2810776450
https://openalex.org/W1092442066
https://openalex.org/W2030551213
https://openalex.org/W2034982119
https://openalex.org/W2152110283
https://openalex.org/W2277727646
https://openalex.org/W2315511220
https://openalex.org/W2535450624
https://openalex.org/W2545964746
https://openalex.org/W2587455328
https://openalex.org/W2672671776
https://openalex.org/W2742701242
https://openalex.org/W2761458481
https://openalex.org/W2922405124
https://openalex.org/W2964689849
https://openalex.org/W2971118851
https://openalex.org/W2972164707
https://openalex.org/W4247044674
https://openalex.org/W2338155547
https://openalex.org/W2409739966
https://openalex.org/W2528248212
https://openalex.org/W2555793542
https://openalex.org/W3012449103
https://openalex.org/W3041102808
https://openalex.org/W3080176120
https://openalex.org/W3108013511
https://openalex.org/W3007616203
https://openalex.org/W3045778422
https://openalex.org/W3048781347
https://openalex.org/W3049275833
https://openalex.org/W3094145563
https://openalex.org/W3130694628
https://openalex.org/W3156646799
https://openalex.org/W3212728405
https://openalex.org/W2059951244
https://openalex.org/W4389481070
https://openalex.org/W2000499773
https://openalex.org/W2064313415
https://openalex.org/W2136945329
https://openalex.org/W1963685792
https://openalex.org/W1975057641
https://openalex.org/W2047193697
https://openalex.org/W2063064544
https://openalex.org/W2084470112
https://openalex.org/W1967309927
https://openalex.org/W2040142903
https://openalex.org/W2040332366
https://openalex.org/W2086418428
https://openalex.org/W2158296408
https://openalex.org/W106802015
https://openalex.org/W2022494720
https://openalex.org/W2026095563
https://openalex.org/W2061277461
https://openalex.org/W2081015395
https://openalex.org/W2093238946
https://openalex.org/W2474129671
https://openalex.org/W1971692299
https://openalex.org/W2055985384
https://openalex.org/W2067083002
https://openalex.org/W2079139501
https://openalex.org/W1971279565
https://openalex.org/W2065341156
https://openalex.org/W2403273293
https://openalex.org/W2081235687
https://openalex.org/W2092427559
https://openalex.org/W2097190228
https://openalex.org/W1885681020
https://openalex.org/W1996874899
https://openalex.org/W2056886354
https://openalex.org/W1498403229
https://openalex.org/W2017091830
https://openalex.org/W1993342573
https://openalex.org/W2000849819
https://openalex.org/W2003142053
https://openalex.org/W2160999269
https://openalex.org/W2164171936
https://openalex.org/W2148806242
https://openalex.org/W1571541516
https://openalex.org/W1981858996
https://openalex.org/W2046596481
https://openalex.org/W2111051136
https://openalex.org/W2130028770
https://openalex.org/W1882805760
https://openalex.org/W2004084787
https://openalex.org/W2010629126
https://openalex.org/W2039430653
https://openalex.org/W2052644828
https://openalex.org/W2052677759
https://openalex.org/W2071822841
https://openalex.org/W2095281939
https://openalex.org/W2152085916
https://openalex.org/W2224217655
https://openalex.org/W2770058624
https://openalex.org/W2906394474
https://openalex.org/W2916310578
https://openalex.org/W2995129872
https://openalex.org/W1965062835
https://openalex.org/W2073937362
https://openalex.org/W2127540145
https://openalex.org/W2220449303
https://openalex.org/W2221995934
https://openalex.org/W2970500296
https://openalex.org/W2989415949
https://openalex.org/W2985692240
https://openalex.org/W3011489437
https://openalex.org/W3018197700
https://openalex.org/W3024618024
https://openalex.org/W3041016809
https://openalex.org/W3045015391
https://openalex.org/W3125694741
https://openalex.org/W3128885191
https://openalex.org/W3163871149
https://openalex.org/W3165938762
https://openalex.org/W3170408636
https://openalex.org/W3208336424
https://openalex.org/W4205412394
https://openalex.org/W4206672937
https://openalex.org/W4210733590
https://openalex.org/W4210911564
https://openalex.org/W4211243447
https://openalex.org/W4223964605
https://openalex.org/W4282821478
https://openalex.org/W4312194980
https://openalex.org/W4306385425
https://openalex.org/W4367860295
https://openalex.org/W4372337152
https://openalex.org/W4384925186
https://openalex.org/W4385497618
https://openalex.org/W4385726998
https://openalex.org/W4386135473
https://openalex.org/W4386366047
https://openalex.org/W4386393236
https://openalex.org/W4386752586
https://openalex.org/W4387355447
https://openalex.org/W4387368602
https://openalex.org/W1987480766
https://openalex.org/W2011839120
https://openalex.org/W1556868655
https://openalex.org/W161944040
https://openalex.org/W1999573413
https://openalex.org/W2042784779
https://openalex.org/W1966081579
https://openalex.org/W2061935372
https://openalex.org/W2095026432
https://openalex.org/W2186638234
https://openalex.org/W2045022958
https://openalex.org/W2053784393
https://openalex.org/W2074388062
https://openalex.org/W1973243733
https://openalex.org/W2064126412
https://openalex.org/W184365285
https://openalex.org/W2003813062
https://openalex.org/W1977853700
https://openalex.org/W2085794854
https://openalex.org/W2093390698
https://openalex.org/W1997310994
https://openalex.org/W2001497271
https://openalex.org/W2008150682
https://openalex.org/W2073288731
https://openalex.org/W2153710758
https://openalex.org/W2042122020
https://openalex.org/W2048955677
https://openalex.org/W1596339343
https://openalex.org/W1973169539
https://openalex.org/W2143414809
https://openalex.org/W2182242671
https://openalex.org/W1970735980
https://openalex.org/W1994656977
https://openalex.org/W2063793687
https://openalex.org/W2114238169
https://openalex.org/W1989945768
https://openalex.org/W1992950309
https://openalex.org/W2052321666
https://openalex.org/W2064485158
https://openalex.org/W2168436093
https://openalex.org/W2432988786
https://openalex.org/W1976605051
https://openalex.org/W2022764472
https://openalex.org/W2037326711
https://openalex.org/W2075227767
https://openalex.org/W2149598667
https://openalex.org/W2806060565
https://openalex.org/W2883691657
https://openalex.org/W2901727210
https://openalex.org/W4234637910
https://openalex.org/W1979106533
https://openalex.org/W2055576553
https://openalex.org/W2162890549
https://openalex.org/W2216116110
https://openalex.org/W2341133908
https://openalex.org/W2482449986
https://openalex.org/W2547698584
https://openalex.org/W2599622229
https://openalex.org/W2738149146
https://openalex.org/W2764180973
https://openalex.org/W2937556693
https://openalex.org/W2979353639
https://openalex.org/W2995584812
https://openalex.org/W4245428369
https://openalex.org/W3214444825
https://openalex.org/W2164054500
https://openalex.org/W2054739817
https://openalex.org/W2040868653
https://openalex.org/W1998519832
https://openalex.org/W2001005803
https://openalex.org/W2071524402
https://openalex.org/W1917860124
https://openalex.org/W2028534716
https://openalex.org/W2045268902
https://openalex.org/W2074137531
https://openalex.org/W2080303092
https://openalex.org/W2091815860
https://openalex.org/W2435532411
https://openalex.org/W2019623868
https://openalex.org/W2071954447
https://openalex.org/W2085136801
https://openalex.org/W1970697324
https://openalex.org/W1987844209
https://openalex.org/W1510622898
https://openalex.org/W1967669001
https://openalex.org/W2005534590
https://openalex.org/W2014085097
https://openalex.org/W2090606405
https://openalex.org/W2041406453
https://openalex.org/W2045464867
https://openalex.org/W2109358114
https://openalex.org/W2418807418
https://openalex.org/W3194657147
https://openalex.org/W2040033657
https://openalex.org/W2058193188
https://openalex.org/W2152861195
https://openalex.org/W1992745424
https://openalex.org/W2417544840
https://openalex.org/W238654306
https://openalex.org/W2793675347
https://openalex.org/W1991349343
https://openalex.org/W2036148984
https://openalex.org/W2292871256
https://openalex.org/W41752723
https://openalex.org/W1952223845
https://openalex.org/W1996311294
https://openalex.org/W2006343297
https://openalex.org/W2021385884
https://openalex.org/W2056566832
https://openalex.org/W2057041147
https://openalex.org/W2149493473
https://openalex.org/W2775888667
https://openalex.org/W2788822811
https://openalex.org/W2797307031
https://openalex.org/W4240580132
https://openalex.org/W1635858395
https://openalex.org/W1881028523
https://openalex.org/W1922364960
https://openalex.org/W2005385363
https://openalex.org/W2207972633
https://openalex.org/W2239721623
https://openalex.org/W2262216087
https://openalex.org/W2320933887
https://openalex.org/W2766822640
https://openalex.org/W2774792320
https://openalex.org/W2950282391
https://openalex.org/W2968392819
https://openalex.org/W2976638277
https://openalex.org/W2995222326
https://openalex.org/W2999952018
https://openalex.org/W3001014283
https://openalex.org/W3014602732
https://openalex.org/W3048996145
https://openalex.org/W3090489084
https://openalex.org/W4254911745
https://openalex.org/W2336261778
https://openalex.org/W2519060637
https://openalex.org/W3023905340
https://openalex.org/W3117841718
https://openalex.org/W3129053679
https://openalex.org/W3136020401
https://openalex.org/W4200456204
https://openalex.org/W4288063388
https://openalex.org/W2135331454
https://openalex.org/W2080070257
https://openalex.org/W1986604600
https://openalex.org/W2054669444
https://openalex.org/W2071336389
https://openalex.org/W2021674593
https://openalex.org/W2029213818
https://openalex.org/W2091349329
https://openalex.org/W17091917
https://openalex.org/W2033466964
https://openalex.org/W2059137434
https://openalex.org/W2085028175
https://openalex.org/W2331750535
https://openalex.org/W2003236326
https://openalex.org/W2003388553
https://openalex.org/W1989861397
https://openalex.org/W2009472894
https://openalex.org/W2020039071
https://openalex.org/W2030372171
https://openalex.org/W2064456338
https://openalex.org/W2183315067
https://openalex.org/W2021102848
https://openalex.org/W2277300017
https://openalex.org/W2911864992
https://openalex.org/W1923978565
https://openalex.org/W1964118766
https://openalex.org/W2060547104
https://openalex.org/W2121439893
https://openalex.org/W2145835150
https://openalex.org/W2412218872
https://openalex.org/W3190278818
https://openalex.org/W4236125104
https://openalex.org/W2008431182
https://openalex.org/W2060841556
https://openalex.org/W2092923041
https://openalex.org/W1574625108
https://openalex.org/W1917312636
https://openalex.org/W2171932226
https://openalex.org/W2785595179
https://openalex.org/W2799493278
https://openalex.org/W2896499057
https://openalex.org/W2904108534
https://openalex.org/W3191686706
https://openalex.org/W1511919648
https://openalex.org/W1559271147
https://openalex.org/W1569792397
https://openalex.org/W1659986743
https://openalex.org/W1857050291
https://openalex.org/W1993975007
https://openalex.org/W2043252670
https://openalex.org/W2068447927
https://openalex.org/W2075927104
https://openalex.org/W2083959962
https://openalex.org/W2101567129
https://openalex.org/W2121814713
https://openalex.org/W2128903576
https://openalex.org/W2334854144
https://openalex.org/W2525240611
https://openalex.org/W2611314696
https://openalex.org/W2918446862
https://openalex.org/W2926622774
https://openalex.org/W2938998294
https://openalex.org/W3032760172
https://openalex.org/W3035920829
https://openalex.org/W3042608959
https://openalex.org/W3047375082
https://openalex.org/W3087388177
https://openalex.org/W3108531642
https://openalex.org/W4241619030
https://openalex.org/W4252205726
https://openalex.org/W745933821
https://openalex.org/W3023327705
https://openalex.org/W3124388683
https://openalex.org/W3174475568
https://openalex.org/W3177442495
https://openalex.org/W3194639206
https://openalex.org/W3199202678
https://openalex.org/W4210427757
https://openalex.org/W4224244670
https://openalex.org/W4224643013
https://openalex.org/W4281632226
https://openalex.org/W4283646179
https://openalex.org/W4284694594
https://openalex.org/W2327439716
https://openalex.org/W171039399
https://openalex.org/W1996883650
https://openalex.org/W1229376970
https://openalex.org/W2038125162
https://openalex.org/W2473830304
https://openalex.org/W73876455
https://openalex.org/W101814813
https://openalex.org/W1547443439
https://openalex.org/W1997908093
https://openalex.org/W4242396154
https://openalex.org/W1987377358
https://openalex.org/W2091935897
https://openalex.org/W269337079
https://openalex.org/W91218895
https://openalex.org/W2037766924
https://openalex.org/W2054441569
https://openalex.org/W2138175224
https://openalex.org/W2091792587
https://openalex.org/W2125212145
https://openalex.org/W2149775722
https://openalex.org/W2038035041
https://openalex.org/W2147029610
https://openalex.org/W1525213405
https://openalex.org/W2040388203
https://openalex.org/W2056426029
https://openalex.org/W2103841354
https://openalex.org/W2107550770
https://openalex.org/W2320511541
https://openalex.org/W2759638164
https://openalex.org/W2811190982
https://openalex.org/W1968228836
https://openalex.org/W1999088541
https://openalex.org/W2009040942
https://openalex.org/W2033514755
https://openalex.org/W2092227210
https://openalex.org/W2161800594
https://openalex.org/W2289739833
https://openalex.org/W2346785107
https://openalex.org/W236165738
https://openalex.org/W2467799572
https://openalex.org/W2472705280
https://openalex.org/W2581023727
https://openalex.org/W2701857308
https://openalex.org/W2765912754
https://openalex.org/W2771943754
https://openalex.org/W3039183684
https://openalex.org/W3081810490
https://openalex.org/W3110600498
https://openalex.org/W1983861120
https://openalex.org/W1987592677
https://openalex.org/W2000173532
https://openalex.org/W2043028439
https://openalex.org/W2132872550
https://openalex.org/W2314538175
https://openalex.org/W71699903
https://openalex.org/W2016728878
https://openalex.org/W2400929833
https://openalex.org/W1780761885
https://openalex.org/W1976975941
https://openalex.org/W1991586387
https://openalex.org/W2057675160
https://openalex.org/W1512707756
https://openalex.org/W1714887617
https://openalex.org/W2021760195
https://openalex.org/W2064457675
https://openalex.org/W2084959398
https://openalex.org/W209769270
https://openalex.org/W2141881825
https://openalex.org/W2339361212
https://openalex.org/W2401211510
https://openalex.org/W2122309078
https://openalex.org/W2240308903
https://openalex.org/W1687527731
https://openalex.org/W2107825618
https://openalex.org/W2473644127
https://openalex.org/W1985643319
https://openalex.org/W2134384996
https://openalex.org/W2286653960
https://openalex.org/W2800210913
https://openalex.org/W2804574127
https://openalex.org/W2810153448
https://openalex.org/W2886743781
https://openalex.org/W2893871013
https://openalex.org/W2896432360
https://openalex.org/W2900436481
https://openalex.org/W2915769432
https://openalex.org/W2972286686
https://openalex.org/W2975029157
https://openalex.org/W2990372252
https://openalex.org/W4237656190
https://openalex.org/W1860222532
https://openalex.org/W1971894885
https://openalex.org/W2006454058
https://openalex.org/W2078183744
https://openalex.org/W2085999864
https://openalex.org/W2172745260
https://openalex.org/W2315231126
https://openalex.org/W3164836092
https://openalex.org/W3193286832
https://openalex.org/W3202998550
https://openalex.org/W3209661611
https://openalex.org/W2186836522
https://openalex.org/W2008006695
https://openalex.org/W2044473368
https://openalex.org/W2050450081
https://openalex.org/W2056824230
https://openalex.org/W2398556874
https://openalex.org/W1975537464
https://openalex.org/W2053652763
https://openalex.org/W2072213519
https://openalex.org/W2073018073
https://openalex.org/W2144815034
https://openalex.org/W2163666298
https://openalex.org/W2416431718
https://openalex.org/W2020030486
https://openalex.org/W2022563355
https://openalex.org/W2046385294
https://openalex.org/W2075403863
https://openalex.org/W2790243119
https://openalex.org/W1554077930
https://openalex.org/W2016341702
https://openalex.org/W2313058251
https://openalex.org/W1515027645
https://openalex.org/W1978256379
https://openalex.org/W1983745699
https://openalex.org/W1997897217
https://openalex.org/W202275005
https://openalex.org/W3191626060
https://openalex.org/W4239511165
https://openalex.org/W2074707575
https://openalex.org/W1983729077
https://openalex.org/W2119248433
https://openalex.org/W1969898086
https://openalex.org/W2012917553
https://openalex.org/W2041055723
https://openalex.org/W2065046563
https://openalex.org/W2070934879
https://openalex.org/W2169772549
https://openalex.org/W2188407397
https://openalex.org/W23811866
https://openalex.org/W2406989148
https://openalex.org/W2497570179
https://openalex.org/W2605685587
https://openalex.org/W2606593678
https://openalex.org/W2747628971
https://openalex.org/W2782743517
https://openalex.org/W2789828854
https://openalex.org/W2896280503
https://openalex.org/W2897544675
https://openalex.org/W2900670615
https://openalex.org/W2986472897
https://openalex.org/W2989583580
https://openalex.org/W3025686850
https://openalex.org/W3091873625
https://openalex.org/W3092874799
https://openalex.org/W3107115901
https://openalex.org/W4232347413
https://openalex.org/W1620740109
https://openalex.org/W2149881446
https://openalex.org/W2336267345
https://openalex.org/W2346149028
https://openalex.org/W2410922130
https://openalex.org/W2463988364
https://openalex.org/W4245680955
https://openalex.org/W4200433984
https://openalex.org/W4224139124
https://openalex.org/W4225848426
https://openalex.org/W4226410633
https://openalex.org/W4303684828
https://openalex.org/W4309269049
https://openalex.org/W4309494155
https://openalex.org/W4309723651
https://openalex.org/W4311285643
https://openalex.org/W639010927
https://openalex.org/W2038493230
https://openalex.org/W1974676453
https://openalex.org/W1986649048
https://openalex.org/W1997120669
https://openalex.org/W2001177030
https://openalex.org/W2082460670
https://openalex.org/W2415367789
https://openalex.org/W139127457
https://openalex.org/W1964584605
https://openalex.org/W1978883372
https://openalex.org/W1986113576
https://openalex.org/W2051045899
https://openalex.org/W2053068578
https://openalex.org/W2108573484
https://openalex.org/W2588539418
https://openalex.org/W2032936284
https://openalex.org/W2081112672
https://openalex.org/W2095333326
https://openalex.org/W2287954094
https://openalex.org/W2001720430
https://openalex.org/W2087269154
https://openalex.org/W2009648687
https://openalex.org/W2121457100
https://openalex.org/W2158025586
https://openalex.org/W2270865219
https://openalex.org/W2034052264
https://openalex.org/W2090525785
https://openalex.org/W2093471355
https://openalex.org/W3026435695
https://openalex.org/W1524121629
https://openalex.org/W1564459357
https://openalex.org/W1580784812
https://openalex.org/W1908371748
https://openalex.org/W1986182503
https://openalex.org/W1990021931
https://openalex.org/W2026130786
https://openalex.org/W2048542280
https://openalex.org/W2059374556
https://openalex.org/W2083030815
https://openalex.org/W2152210857
https://openalex.org/W2322390386
https://openalex.org/W48660321
https://openalex.org/W823543420
https://openalex.org/W1981661912
https://openalex.org/W2070671307
https://openalex.org/W2074118971
https://openalex.org/W2123809406
https://openalex.org/W2167417911
https://openalex.org/W2323205486
https://openalex.org/W4251296555
https://openalex.org/W1969963226
https://openalex.org/W2069189594
https://openalex.org/W1993063059
https://openalex.org/W2013146492
https://openalex.org/W2019572451
https://openalex.org/W2026942225
https://openalex.org/W2078900770
https://openalex.org/W2127714987
https://openalex.org/W2418748688
https://openalex.org/W2409285794
https://openalex.org/W129556428
https://openalex.org/W2042293855
https://openalex.org/W2471767566
https://openalex.org/W40836238
https://openalex.org/W2334482661
https://openalex.org/W1821138441
https://openalex.org/W2066853093
https://openalex.org/W2108108580
https://openalex.org/W2643581238
https://openalex.org/W2736746449
https://openalex.org/W2741652112
https://openalex.org/W2759828533
https://openalex.org/W2766203494
https://openalex.org/W2794758604
https://openalex.org/W2800342464
https://openalex.org/W2805560811
https://openalex.org/W2888490519
https://openalex.org/W2890908880
https://openalex.org/W2897176516
https://openalex.org/W2910135426
https://openalex.org/W2938518105
https://openalex.org/W2966334495
https://openalex.org/W2971046446
https://openalex.org/W2982735547
https://openalex.org/W2982929112
https://openalex.org/W3003030094
https://openalex.org/W3007180338
https://openalex.org/W3010246216
https://openalex.org/W3031716140
https://openalex.org/W3044804951
https://openalex.org/W3151038044
https://openalex.org/W3197436027
https://openalex.org/W3207427423
https://openalex.org/W3210412555
https://openalex.org/W3214761943
https://openalex.org/W39661334
https://openalex.org/W4200010555
https://openalex.org/W4239026924
https://openalex.org/W2008598133
https://openalex.org/W2299333776
https://openalex.org/W2401258383
https://openalex.org/W2515352442
https://openalex.org/W2515972584
https://openalex.org/W2520155087
https://openalex.org/W2527392321
https://openalex.org/W2554156888
https://openalex.org/W2559879629
https://openalex.org/W2562635227
https://openalex.org/W4250038911
https://openalex.org/W2054297290
https://openalex.org/W2313715162
https://openalex.org/W4253663025
https://openalex.org/W1968298928
https://openalex.org/W1988831148
https://openalex.org/W2033838314
https://openalex.org/W2043659391
https://openalex.org/W2053165442
https://openalex.org/W2060105664
https://openalex.org/W2064313863
https://openalex.org/W2416242190
https://openalex.org/W2014044179
https://openalex.org/W2079393688
https://openalex.org/W2146788258
https://openalex.org/W2002713395
https://openalex.org/W2030798468
https://openalex.org/W2076078883
https://openalex.org/W2088657218
https://openalex.org/W2316451239
https://openalex.org/W2981522935
https://openalex.org/W562999042
https://openalex.org/W111332031
https://openalex.org/W1555178980
https://openalex.org/W2017447079
https://openalex.org/W2026449071
https://openalex.org/W2200218841
https://openalex.org/W2232557418
https://openalex.org/W2810334024
https://openalex.org/W3011029051
https://openalex.org/W4236096634
https://openalex.org/W1545284374
https://openalex.org/W1579543028
https://openalex.org/W2003259991
https://openalex.org/W2402501438
https://openalex.org/W2811495491
https://openalex.org/W804133553
https://openalex.org/W125779967
https://openalex.org/W1767359176
https://openalex.org/W1788658936
https://openalex.org/W194753110
https://openalex.org/W1964639751
https://openalex.org/W1967210184
https://openalex.org/W1976925860
https://openalex.org/W1989602522
https://openalex.org/W2003395673
https://openalex.org/W2011955512
https://openalex.org/W2052562741
https://openalex.org/W2074597267
https://openalex.org/W2077320326
https://openalex.org/W2078582018
https://openalex.org/W2138045362
https://openalex.org/W2148821175
https://openalex.org/W2170533326
https://openalex.org/W2187482753
https://openalex.org/W2198120554
https://openalex.org/W2207898711
https://openalex.org/W2217119113
https://openalex.org/W2317299298
https://openalex.org/W2321007717
https://openalex.org/W2511120908
https://openalex.org/W2591250978
https://openalex.org/W3021008679
https://openalex.org/W88269255
https://openalex.org/W1995919029
https://openalex.org/W4237811397
https://openalex.org/W4313898123
https://openalex.org/W4320490809
https://openalex.org/W4320857754
https://openalex.org/W4323066325
https://openalex.org/W4324136187
https://openalex.org/W4328025160
https://openalex.org/W4328025830
https://openalex.org/W4328026009
https://openalex.org/W4353060798
https://openalex.org/W4361244263
https://openalex.org/W4361244267
https://openalex.org/W4361244273
https://openalex.org/W4361244282
https://openalex.org/W4361244356
https://openalex.org/W4361244369
https://openalex.org/W4361244374
https://openalex.org/W4361244377
https://openalex.org/W4361244378
https://openalex.org/W4361244381
https://openalex.org/W4361262168
https://openalex.org/W4361262173
https://openalex.org/W4361262204
https://openalex.org/W4361262218
https://openalex.org/W4361262227
https://openalex.org/W4361262230
https://openalex.org/W4361295330
https://openalex.org/W4361884441
https://openalex.org/W4361887946
https://openalex.org/W4361887959
https://openalex.org/W4361888048
https://openalex.org/W4361907927
https://openalex.org/W4361912705
https://openalex.org/W4361927557
https://openalex.org/W4361928066
https://openalex.org/W4361928162
https://openalex.org/W4361928246
https://openalex.org/W4361928254
https://openalex.org/W4361928261
https://openalex.org/W4361928448
https://openalex.org/W4361928457
https://openalex.org/W4361935564
https://openalex.org/W4361935603
https://openalex.org/W4361935606
https://openalex.org/W4361944910
https://openalex.org/W4361945567
https://openalex.org/W4361946521
https://openalex.org/W4361947022
https://openalex.org/W4361952229
https://openalex.org/W4361952583
https://openalex.org/W4361952967
https://openalex.org/W4361958840
https://openalex.org/W4362395164
https://openalex.org/W4362402171
https://openalex.org/W4362402238
https://openalex.org/W4362402327
https://openalex.org/W4362402400
https://openalex.org/W4362403404
https://openalex.org/W4362403429
https://openalex.org/W4362403890
https://openalex.org/W4362405316
https://openalex.org/W4362477520
https://openalex.org/W4362479097
https://openalex.org/W4362479290
https://openalex.org/W4362479483
https://openalex.org/W4362530832
https://openalex.org/W4362538218
https://openalex.org/W4366000730
https://openalex.org/W4366000807
https://openalex.org/W4366986355
https://openalex.org/W4377140320
https://openalex.org/W4377723598
https://openalex.org/W4378189263
https://openalex.org/W4378977130
https://openalex.org/W4379283285
https://openalex.org/W4379283307
https://openalex.org/W4379474593
https://openalex.org/W4379513185
https://openalex.org/W4379513362
https://openalex.org/W4379513449
https://openalex.org/W4379513457
https://openalex.org/W4379517110
https://openalex.org/W4379517245
https://openalex.org/W4379517257
https://openalex.org/W4379517323
https://openalex.org/W4379519240
https://openalex.org/W4379519379
https://openalex.org/W4379519416
https://openalex.org/W4379521710
https://openalex.org/W4379534054
https://openalex.org/W4380758474
https://openalex.org/W4381610841
https://openalex.org/W4381611176
https://openalex.org/W4381611233
https://openalex.org/W4381611516
https://openalex.org/W4381612029
https://openalex.org/W4381613547
https://openalex.org/W4381730488
https://openalex.org/W4381730498
https://openalex.org/W4381730535
https://openalex.org/W4381738666
https://openalex.org/W4381739514
https://openalex.org/W4381739786
https://openalex.org/W4381739787
https://openalex.org/W4381740268
https://openalex.org/W4381740602
https://openalex.org/W4381740603
https://openalex.org/W4381741056
https://openalex.org/W4381741986
https://openalex.org/W4381742021
https://openalex.org/W4381742564
https://openalex.org/W4381743052
https://openalex.org/W4381743281
https://openalex.org/W4381743802
https://openalex.org/W4381802132
https://openalex.org/W4383383253
https://openalex.org/W4383420637
https://openalex.org/W4383421152
https://openalex.org/W4383551283
https://openalex.org/W4384301799
https://openalex.org/W4384945043
https://openalex.org/W4384945376
https://openalex.org/W4384945707
https://openalex.org/W4385193146
https://openalex.org/W4385220547
https://openalex.org/W4385479335
https://openalex.org/W4385542966
https://openalex.org/W4385568831
https://openalex.org/W4385568939
https://openalex.org/W4385633351
https://openalex.org/W4385773168
https://openalex.org/W4385863724
https://openalex.org/W4385864467
https://openalex.org/W4386047129
https://openalex.org/W4386087078
https://openalex.org/W4386101759
https://openalex.org/W4386156668
https://openalex.org/W4386243606
https://openalex.org/W4386281243
https://openalex.org/W4386362412
https://openalex.org/W4386380368
https://openalex.org/W4386777100
https://openalex.org/W4386959143
https://openalex.org/W4386977464
https://openalex.org/W4387098332
https://openalex.org/W4387116479
https://openalex.org/W4387139925
https://openalex.org/W4387268397
https://openalex.org/W4387566584
https://openalex.org/W4387566703
https://openalex.org/W4387591439
https://openalex.org/W4387591941
https://openalex.org/W4387591981
https://openalex.org/W4387591982
https://openalex.org/W4387592239
https://openalex.org/W4387633608
https://openalex.org/W4387652111
https://openalex.org/W4387808268
https://openalex.org/W4387811936
https://openalex.org/W4387811999
https://openalex.org/W4387812342
https://openalex.org/W4387812993
https://openalex.org/W4387825100
https://openalex.org/W4387872507
https://openalex.org/W4387930994
https://openalex.org/W4387952278
https://openalex.org/W4387952280
https://openalex.org/W4388042823
https://openalex.org/W4388069393
https://openalex.org/W4388201479
https://openalex.org/W4388201741
https://openalex.org/W4388204892
https://openalex.org/W4388206618
https://openalex.org/W4388482567
https://openalex.org/W4388706400
https://openalex.org/W4388764899
https://openalex.org/W4388962846
https://openalex.org/W4388997139
https://openalex.org/W4389031278
https://openalex.org/W4389218117
https://openalex.org/W4389312590
https://openalex.org/W4389410831
https://openalex.org/W4389452939
https://openalex.org/W4389453202
https://openalex.org/W4389811826
https://openalex.org/W4389885753
https://openalex.org/W4389885779
https://openalex.org/W4389885822
https://openalex.org/W4389895588
https://openalex.org/W4389895697
https://openalex.org/W4389956856
https://openalex.org/W4390043753
https://openalex.org/W4390083034
https://openalex.org/W4390129003
https://openalex.org/W4390129104
https://openalex.org/W4390204961
https://openalex.org/W4390348834
https://openalex.org/W4391409768
https://openalex.org/W4392609211
https://openalex.org/W4392690328
https://openalex.org/W4392701782
https://openalex.org/W172592182
https://openalex.org/W1982917085
https://openalex.org/W1985388349
https://openalex.org/W2083535115
https://openalex.org/W2084871428
https://openalex.org/W2086826559
https://openalex.org/W2089307381
https://openalex.org/W2198961352
https://openalex.org/W2337502225
https://openalex.org/W2952134115
https://openalex.org/W2016484322
https://openalex.org/W2051118094
https://openalex.org/W2067391829
https://openalex.org/W73696969
https://openalex.org/W1833807701
https://openalex.org/W1973442567
https://openalex.org/W1978265853
https://openalex.org/W2028550247
https://openalex.org/W2049660540
https://openalex.org/W2085711455
https://openalex.org/W29810831
https://openalex.org/W72465388
https://openalex.org/W2129622344
https://openalex.org/W2222397328
https://openalex.org/W2388837997
https://openalex.org/W18766104
https://openalex.org/W1977901489
https://openalex.org/W2015182495
https://openalex.org/W2256730704
https://openalex.org/W2594912806
https://openalex.org/W2751115158
https://openalex.org/W2754891013
https://openalex.org/W2794624946
https://openalex.org/W2890226973
https://openalex.org/W2900837901
https://openalex.org/W2129296140
https://openalex.org/W4301231208
https://openalex.org/W1969987690
https://openalex.org/W2058600438
https://openalex.org/W2167380652
https://openalex.org/W2409948935
https://openalex.org/W3141985726
https://openalex.org/W4245176334
https://openalex.org/W2035072042
https://openalex.org/W1987826584
https://openalex.org/W2034082503
https://openalex.org/W2055670036
https://openalex.org/W4238007411
https://openalex.org/W1532747803
https://openalex.org/W1991882185
https://openalex.org/W2002854631
https://openalex.org/W2034145105
https://openalex.org/W2442833231
https://openalex.org/W2783681683
https://openalex.org/W2901321106
https://openalex.org/W2912161163
https://openalex.org/W2914758024
https://openalex.org/W2955063881
https://openalex.org/W2972571061
https://openalex.org/W3004468940
https://openalex.org/W3005581915
https://openalex.org/W3005775855
https://openalex.org/W3016278726
https://openalex.org/W3116453141
https://openalex.org/W3126061109
https://openalex.org/W3136894865
https://openalex.org/W3141888829
https://openalex.org/W3162084174
https://openalex.org/W3164361043
https://openalex.org/W3176982913
https://openalex.org/W3214286461
https://openalex.org/W2338749562
https://openalex.org/W2443484044
https://openalex.org/W2535973156
https://openalex.org/W2540609736
https://openalex.org/W2545387599
https://openalex.org/W2588538262
https://openalex.org/W2600875503
https://openalex.org/W2609997109
https://openalex.org/W2626251088
https://openalex.org/W2945097066
https://openalex.org/W2978789538
https://openalex.org/W4212985052
https://openalex.org/W4214517083
https://openalex.org/W4237454777
https://openalex.org/W4282842568
https://openalex.org/W4285241751
https://openalex.org/W4287981196
https://openalex.org/W4292394444
https://openalex.org/W4296371589
https://openalex.org/W4308770779
https://openalex.org/W4313343065
https://openalex.org/W1964748081
https://openalex.org/W2046896120
https://openalex.org/W2091473073
https://openalex.org/W2093605943
https://openalex.org/W1973432829
https://openalex.org/W2013509688
https://openalex.org/W2042940859
https://openalex.org/W2084802562
https://openalex.org/W2406406319
https://openalex.org/W986338549
https://openalex.org/W1973333204
https://openalex.org/W2030513929
https://openalex.org/W2053992143
https://openalex.org/W2085930909
https://openalex.org/W2176318035
https://openalex.org/W219030974
https://openalex.org/W2401395157
https://openalex.org/W1561408095
https://openalex.org/W162928630
https://openalex.org/W1964858095
https://openalex.org/W1995781684
https://openalex.org/W2121164332
https://openalex.org/W2146546840
https://openalex.org/W2392085170
https://openalex.org/W2433324576
https://openalex.org/W2498147339
https://openalex.org/W1046453643
https://openalex.org/W1596979216
https://openalex.org/W1827610513
https://openalex.org/W1861108715
https://openalex.org/W1973788358
https://openalex.org/W2000392494
https://openalex.org/W2015814911
https://openalex.org/W2022382805
https://openalex.org/W2049109491
https://openalex.org/W2122146601
https://openalex.org/W2132872154
https://openalex.org/W2136030829
https://openalex.org/W2149401495
https://openalex.org/W2170855566
https://openalex.org/W217309038
https://openalex.org/W2174826762
https://openalex.org/W2194006003
https://openalex.org/W2220208355
https://openalex.org/W2312517073
https://openalex.org/W2335772442
https://openalex.org/W2382801536
https://openalex.org/W2407196148
https://openalex.org/W2416447837
https://openalex.org/W241847040
https://openalex.org/W2464647792
https://openalex.org/W2497880003
https://openalex.org/W2589218686
https://openalex.org/W2615441164
https://openalex.org/W2733513273
https://openalex.org/W2768689117
https://openalex.org/W3213345363
https://openalex.org/W342746909
https://openalex.org/W4248967151
https://openalex.org/W4254750908
https://openalex.org/W4300819986
https://openalex.org/W4316086126
https://openalex.org/W879890585
https://openalex.org/W887400438
https://openalex.org/W2009074332
https://openalex.org/W2049447831
https://openalex.org/W2053602256
https://openalex.org/W2253698479
https://openalex.org/W1996916204
https://openalex.org/W2048958727
https://openalex.org/W2126910612
https://openalex.org/W2045620048
https://openalex.org/W2055862208
https://openalex.org/W1495902181
https://openalex.org/W2043290006
https://openalex.org/W2417977745
https://openalex.org/W90406058
https://openalex.org/W1506825397
https://openalex.org/W1597293015
https://openalex.org/W1979367034
https://openalex.org/W1994901608
https://openalex.org/W2014383247
https://openalex.org/W2052697177
https://openalex.org/W2082989612
https://openalex.org/W2086782230
https://openalex.org/W2262352802
https://openalex.org/W2312290529
https://openalex.org/W2406794132
https://openalex.org/W2419073533
https://openalex.org/W2475919823
https://openalex.org/W2501744941
https://openalex.org/W2568054581
https://openalex.org/W2585425165
https://openalex.org/W2595969788
https://openalex.org/W2598430153
https://openalex.org/W2601294230
https://openalex.org/W2604798826
https://openalex.org/W2618241389
https://openalex.org/W2618936678
https://openalex.org/W2742236889
https://openalex.org/W2763443997
https://openalex.org/W2765748155
https://openalex.org/W2766398627
https://openalex.org/W2766513030
https://openalex.org/W2766668714
https://openalex.org/W2782948015
https://openalex.org/W28480983
https://openalex.org/W4238869107
https://openalex.org/W4394423423
https://openalex.org/W96205369
https://openalex.org/W1980706745
https://openalex.org/W2072875284
https://openalex.org/W2482547471
https://openalex.org/W570062973
https://openalex.org/W641187347
https://openalex.org/W112620309
https://openalex.org/W2028530282
https://openalex.org/W2045826198
https://openalex.org/W2055357983
https://openalex.org/W2094294939
https://openalex.org/W2112412660
https://openalex.org/W2463540893
https://openalex.org/W2471510070
https://openalex.org/W4233183598
https://openalex.org/W1983688669
https://openalex.org/W1993523404
https://openalex.org/W2413731900
https://openalex.org/W2475230923
https://openalex.org/W2008806880
https://openalex.org/W2058935248
https://openalex.org/W2081670795
https://openalex.org/W2128582073
https://openalex.org/W2415559002
https://openalex.org/W2807771548
https://openalex.org/W3125446115
https://openalex.org/W4251740587
https://openalex.org/W1492465713
https://openalex.org/W1562506512
https://openalex.org/W2026049017
https://openalex.org/W21140475
https://openalex.org/W2286770834
https://openalex.org/W2763770172
https://openalex.org/W2800970985
https://openalex.org/W2884375289
https://openalex.org/W2892270663
https://openalex.org/W2895564624
https://openalex.org/W2896156055
https://openalex.org/W2901345387
https://openalex.org/W2905346821
https://openalex.org/W2921720915
https://openalex.org/W2953214927
https://openalex.org/W2975503923
https://openalex.org/W3076785859
https://openalex.org/W3145291316
https://openalex.org/W347164536
https://openalex.org/W4239338474
https://openalex.org/W1597682865
https://openalex.org/W611537783
https://openalex.org/W618689702
https://openalex.org/W642213278
https://openalex.org/W1976803408
https://openalex.org/W2025865886
https://openalex.org/W2044539099
https://openalex.org/W2944975267
https://openalex.org/W1707296578
https://openalex.org/W2092295519
https://openalex.org/W2497995835
https://openalex.org/W4232910773
https://openalex.org/W2012522607
https://openalex.org/W1993939911
https://openalex.org/W2049028226
https://openalex.org/W2101288636
https://openalex.org/W2148637332
https://openalex.org/W2407974952
https://openalex.org/W2567608558
https://openalex.org/W2600061423
https://openalex.org/W2936104840
https://openalex.org/W2944055043
https://openalex.org/W2947827515
https://openalex.org/W2949666224
https://openalex.org/W2954441864
https://openalex.org/W2962951060
https://openalex.org/W2987858290
https://openalex.org/W2996126790
https://openalex.org/W3003406156
https://openalex.org/W3015247927
https://openalex.org/W3032069829
https://openalex.org/W3038295728
https://openalex.org/W3040792023
https://openalex.org/W3045678553
https://openalex.org/W3048516114
https://openalex.org/W3092053236
https://openalex.org/W3094757243
https://openalex.org/W3102003047
https://openalex.org/W3111548265
https://openalex.org/W3174085109
https://openalex.org/W4322727887
https://openalex.org/W572145898
https://openalex.org/W1972095701
https://openalex.org/W1972676832
https://openalex.org/W2018950571
https://openalex.org/W2035122978
https://openalex.org/W2056002780
https://openalex.org/W2089066810
https://openalex.org/W2090905314
https://openalex.org/W2111819131
https://openalex.org/W2399549554
https://openalex.org/W2405982095
https://openalex.org/W2432580520
https://openalex.org/W1974580012
https://openalex.org/W2002096580
https://openalex.org/W2015193511
https://openalex.org/W2047800757
https://openalex.org/W2061513272
https://openalex.org/W2106554264
https://openalex.org/W2249840277
https://openalex.org/W2425586522
https://openalex.org/W2462475285
https://openalex.org/W30810615
https://openalex.org/W2183861814
https://openalex.org/W2375957259
https://openalex.org/W2418044296
https://openalex.org/W2470061464
https://openalex.org/W2493359836
https://openalex.org/W3138434325
https://openalex.org/W3193434148
https://openalex.org/W3198814378
https://openalex.org/W3206652805
https://openalex.org/W3210716775
https://openalex.org/W3213350938
https://openalex.org/W3213943381
https://openalex.org/W4200283302
https://openalex.org/W4200298531
https://openalex.org/W4200412558
https://openalex.org/W4206069482
https://openalex.org/W4287412462
https://openalex.org/W1821190604
https://openalex.org/W2266255620
https://openalex.org/W2288128031
https://openalex.org/W2337392193
https://openalex.org/W2593598218
https://openalex.org/W2900517427
https://openalex.org/W4236621569
https://openalex.org/W4252091330
https://openalex.org/W601318672
https://openalex.org/W1979287935
https://openalex.org/W1995597323
https://openalex.org/W2012731453
https://openalex.org/W2049810142
https://openalex.org/W2218170969
https://openalex.org/W2408402690
https://openalex.org/W2410536538
https://openalex.org/W2412296905
https://openalex.org/W2413530301
https://openalex.org/W2414646085
https://openalex.org/W2409814344
https://openalex.org/W243642668
https://openalex.org/W1491302242
https://openalex.org/W2023231501
https://openalex.org/W2024403619
https://openalex.org/W2161028750
https://openalex.org/W2297698247
https://openalex.org/W2608507124
https://openalex.org/W4234366941
https://openalex.org/W4252111305
https://openalex.org/W2056324275
https://openalex.org/W2099484975
https://openalex.org/W2319706282
https://openalex.org/W2320550817
https://openalex.org/W2328418382
https://openalex.org/W2330388119
https://openalex.org/W2334100216
https://openalex.org/W272060597
https://openalex.org/W292696737
https://openalex.org/W3035638207
https://openalex.org/W4214762647
https://openalex.org/W1548399770
https://openalex.org/W2035258083
https://openalex.org/W2397505256
https://openalex.org/W3146258413
https://openalex.org/W123225506
https://openalex.org/W1515501777
https://openalex.org/W1593940215
https://openalex.org/W2014850735
https://openalex.org/W2073812075
https://openalex.org/W2414070032
https://openalex.org/W2884321454
https://openalex.org/W1484375055
https://openalex.org/W1489622870
https://openalex.org/W1510843682
https://openalex.org/W1558301380
https://openalex.org/W1565559996
https://openalex.org/W1577995047
https://openalex.org/W1591440706
https://openalex.org/W1606478806
https://openalex.org/W1616421850
https://openalex.org/W1675536700
https://openalex.org/W1684080774
https://openalex.org/W1794801252
https://openalex.org/W1894757792
https://openalex.org/W1899052255
https://openalex.org/W1921807960
https://openalex.org/W1927083360
https://openalex.org/W1981190698
https://openalex.org/W1984806635
https://openalex.org/W1996380623
https://openalex.org/W2002919249
https://openalex.org/W2014522377
https://openalex.org/W2035836712
https://openalex.org/W2035945106
https://openalex.org/W2049128743
https://openalex.org/W210838397
https://openalex.org/W2133402108
https://openalex.org/W2135999908
https://openalex.org/W2137010158
https://openalex.org/W2172841661
https://openalex.org/W2178333453
https://openalex.org/W2178612358
https://openalex.org/W2179857977
https://openalex.org/W2180084014
https://openalex.org/W2181244911
https://openalex.org/W2187864797
https://openalex.org/W2199234263
https://openalex.org/W2199408554
https://openalex.org/W2199627355
https://openalex.org/W2200908865
https://openalex.org/W2202356223
https://openalex.org/W2209987734
https://openalex.org/W2211127224
https://openalex.org/W2220408728
https://openalex.org/W2248129979
https://openalex.org/W2256062669
https://openalex.org/W2256184046
https://openalex.org/W2258799542
https://openalex.org/W2271603646
https://openalex.org/W2300802572
https://openalex.org/W2304920718
https://openalex.org/W2315577047
https://openalex.org/W2319053209
https://openalex.org/W2323752854
https://openalex.org/W2323875643
https://openalex.org/W2324473154
https://openalex.org/W2326998891
https://openalex.org/W2330487308
https://openalex.org/W2331297439
https://openalex.org/W2331620538
https://openalex.org/W2332243571
https://openalex.org/W2333278378
https://openalex.org/W2335272931
https://openalex.org/W2335392511
https://openalex.org/W2336418727
https://openalex.org/W2336906480
https://openalex.org/W2337339177
https://openalex.org/W2340410387
https://openalex.org/W2341051734
https://openalex.org/W2343342860
https://openalex.org/W2345073862
https://openalex.org/W2345271045
https://openalex.org/W2346042796
https://openalex.org/W2406219752
https://openalex.org/W2410111592
https://openalex.org/W2411290648
https://openalex.org/W2419223697
https://openalex.org/W2425810399
https://openalex.org/W2426021445
https://openalex.org/W2426303948
https://openalex.org/W2434483990
https://openalex.org/W2438584389
https://openalex.org/W2467778281
https://openalex.org/W2476755906
https://openalex.org/W2476883781
https://openalex.org/W2478609310
https://openalex.org/W2484674562
https://openalex.org/W2485332755
https://openalex.org/W2491124821
https://openalex.org/W2494028999
https://openalex.org/W2497005122
https://openalex.org/W2499560119
https://openalex.org/W2508247731
https://openalex.org/W2510214039
https://openalex.org/W2511151077
https://openalex.org/W2511467346
https://openalex.org/W2512231749
https://openalex.org/W2512631525
https://openalex.org/W2514219874
https://openalex.org/W2514846277
https://openalex.org/W2522155172
https://openalex.org/W2530105863
https://openalex.org/W2530403479
https://openalex.org/W2531160962
https://openalex.org/W2531512922
https://openalex.org/W2537144052
https://openalex.org/W2538747993
https://openalex.org/W2540238420
https://openalex.org/W2560707270
https://openalex.org/W2561296174
https://openalex.org/W2567017222
https://openalex.org/W2580368973
https://openalex.org/W2584027937
https://openalex.org/W2586414208
https://openalex.org/W2587162747
https://openalex.org/W2588411425
https://openalex.org/W2589082827
https://openalex.org/W2592263756
https://openalex.org/W2594659662
https://openalex.org/W2597789588
https://openalex.org/W2601078529
https://openalex.org/W2604238990
https://openalex.org/W2608370449
https://openalex.org/W2617571226
https://openalex.org/W2740912380
https://openalex.org/W2742540213
https://openalex.org/W2745228456
https://openalex.org/W2749297340
https://openalex.org/W2752030677
https://openalex.org/W2753475905
https://openalex.org/W2753678511
https://openalex.org/W2753893478
https://openalex.org/W2765498368
https://openalex.org/W2783032983
https://openalex.org/W2789718778
https://openalex.org/W280695614
https://openalex.org/W2890213536
https://openalex.org/W2890801705
https://openalex.org/W2923929924
https://openalex.org/W2972970839
https://openalex.org/W2977861016
https://openalex.org/W2989321441
https://openalex.org/W2990070579
https://openalex.org/W2991228853
https://openalex.org/W3030103910
https://openalex.org/W3140709977
https://openalex.org/W3143815748
https://openalex.org/W3176598864
https://openalex.org/W3199995883
https://openalex.org/W3201249542
https://openalex.org/W366708073
https://openalex.org/W4230730260
https://openalex.org/W4240082107
https://openalex.org/W4240207135
https://openalex.org/W4243318165
https://openalex.org/W4243429693
https://openalex.org/W4244145331
https://openalex.org/W4252711997
https://openalex.org/W4252951199
https://openalex.org/W4255589991
https://openalex.org/W4298212060
https://openalex.org/W4301494206
https://openalex.org/W4394068083
https://openalex.org/W4394181745
https://openalex.org/W4394304520
https://openalex.org/W4394341076
https://openalex.org/W4394475552
https://openalex.org/W859381555
https://openalex.org/W2040985511
https://openalex.org/W2048218627
https://openalex.org/W2077937561
https://openalex.org/W2286259907
https://openalex.org/W2330595385
https://openalex.org/W2414419110
https://openalex.org/W2082777719
https://openalex.org/W2443885628
https://openalex.org/W4210509839
https://openalex.org/W4234132218
https://openalex.org/W1023902838
https://openalex.org/W109764883
https://openalex.org/W1140020344
https://openalex.org/W117827344
https://openalex.org/W1439582225
https://openalex.org/W1486327314
https://openalex.org/W1490214282
https://openalex.org/W1501051255
https://openalex.org/W1507857728
https://openalex.org/W1514231222
https://openalex.org/W1528477410
https://openalex.org/W1532029733
https://openalex.org/W1543033574
https://openalex.org/W1549941221
https://openalex.org/W155860
https://openalex.org/W1561223129
https://openalex.org/W1564830650
https://openalex.org/W1587308936
https://openalex.org/W1648584158
https://openalex.org/W1666407490
https://openalex.org/W1729963238
https://openalex.org/W1783486888
https://openalex.org/W1855582730
https://openalex.org/W1865120861
https://openalex.org/W1906389311
https://openalex.org/W1930567037
https://openalex.org/W1954295731
https://openalex.org/W1963862584
https://openalex.org/W1972086815
https://openalex.org/W1978631521
https://openalex.org/W1978650003
https://openalex.org/W1981909935
https://openalex.org/W1995481210
https://openalex.org/W2004354467
https://openalex.org/W2006801364
https://openalex.org/W2007127983
https://openalex.org/W2046293342
https://openalex.org/W2047741854
https://openalex.org/W2067328810
https://openalex.org/W2069565839
https://openalex.org/W2077352461
https://openalex.org/W2082840931
https://openalex.org/W2110764255
https://openalex.org/W2111629452
https://openalex.org/W2115214437
https://openalex.org/W2116307064
https://openalex.org/W2127679917
https://openalex.org/W2133373243
https://openalex.org/W2154189683
https://openalex.org/W2159772915
https://openalex.org/W2159829621
https://openalex.org/W2224535916
https://openalex.org/W2249256645
https://openalex.org/W2278762728
https://openalex.org/W2279770282
https://openalex.org/W2299546977
https://openalex.org/W2300359644
https://openalex.org/W2310616171
https://openalex.org/W2312562273
https://openalex.org/W2313818095
https://openalex.org/W2315549048
https://openalex.org/W2315764074
https://openalex.org/W2315932116
https://openalex.org/W2316800924
https://openalex.org/W2316900250
https://openalex.org/W2317290421
https://openalex.org/W2318338744
https://openalex.org/W2318515983
https://openalex.org/W2318789775
https://openalex.org/W2319265590
https://openalex.org/W2321347000
https://openalex.org/W2321399252
https://openalex.org/W2321970502
https://openalex.org/W2322703672
https://openalex.org/W2322931891
https://openalex.org/W2323702747
https://openalex.org/W2323767237
https://openalex.org/W2324306496
https://openalex.org/W2327588912
https://openalex.org/W2330647516
https://openalex.org/W2331274324
https://openalex.org/W2331414701
https://openalex.org/W2334432912
https://openalex.org/W2335750416
https://openalex.org/W2336554077
https://openalex.org/W2349307897
https://openalex.org/W2351536681
https://openalex.org/W2360601237
https://openalex.org/W2368456114
https://openalex.org/W2379958917
https://openalex.org/W2382234338
https://openalex.org/W2395255008
https://openalex.org/W2410049982
https://openalex.org/W2416475369
https://openalex.org/W2511771869
https://openalex.org/W2564236495
https://openalex.org/W2565224758
https://openalex.org/W2608338641
https://openalex.org/W2610937537
https://openalex.org/W2743751957
https://openalex.org/W2760312809
https://openalex.org/W2769269096
https://openalex.org/W2781293639
https://openalex.org/W2801803485
https://openalex.org/W2805198054
https://openalex.org/W2807646536
https://openalex.org/W2904624609
https://openalex.org/W2910333724
https://openalex.org/W2923906275
https://openalex.org/W2978593600
https://openalex.org/W2991522193
https://openalex.org/W3004533430
https://openalex.org/W301671472
https://openalex.org/W3030521316
https://openalex.org/W3031041630
https://openalex.org/W3145975357
https://openalex.org/W3177479452
https://openalex.org/W3199231201
https://openalex.org/W3200958984
https://openalex.org/W323905729
https://openalex.org/W331751272
https://openalex.org/W346013014
https://openalex.org/W39631727
https://openalex.org/W4230125940
https://openalex.org/W4235543704
https://openalex.org/W4236643010
https://openalex.org/W4238533959
https://openalex.org/W4242284725
https://openalex.org/W4247522059
https://openalex.org/W4247875829
https://openalex.org/W4300419890
https://openalex.org/W4387192789
https://openalex.org/W58366100
https://openalex.org/W65818585
https://openalex.org/W71546564
https://openalex.org/W895026820
https://openalex.org/W1964274750
https://openalex.org/W1977295544
https://openalex.org/W2030775953
https://openalex.org/W2032667458
https://openalex.org/W2133111059
https://openalex.org/W48547211
https://openalex.org/W14218760
https://openalex.org/W1969163268
https://openalex.org/W1984070422
https://openalex.org/W1998283864
https://openalex.org/W2318700579
https://openalex.org/W2395776273
https://openalex.org/W2418291401
https://openalex.org/W2539423075
https://openalex.org/W2771339478
https://openalex.org/W112896078
https://openalex.org/W1484788384
https://openalex.org/W1488931591
https://openalex.org/W1489095896
https://openalex.org/W1499144814
https://openalex.org/W1514711227
https://openalex.org/W1527166801
https://openalex.org/W1663048162
https://openalex.org/W1964696867
https://openalex.org/W1985061410
https://openalex.org/W1988810740
https://openalex.org/W1993878847
https://openalex.org/W2011415234
https://openalex.org/W2012875635
https://openalex.org/W2018822468
https://openalex.org/W2042534464
https://openalex.org/W2073498006
https://openalex.org/W2156169085
https://openalex.org/W2222243914
https://openalex.org/W2275293256
https://openalex.org/W2290186019
https://openalex.org/W2319782999
https://openalex.org/W2344323351
https://openalex.org/W2362927892
https://openalex.org/W2369549406
https://openalex.org/W2373297914
https://openalex.org/W2375688548
https://openalex.org/W2389380458
https://openalex.org/W2400731537
https://openalex.org/W2410430698
https://openalex.org/W2413540453
https://openalex.org/W2413823651
https://openalex.org/W2418046070
https://openalex.org/W2476438212
https://openalex.org/W2528909572
https://openalex.org/W2530405218
https://openalex.org/W2588733067
https://openalex.org/W2592389710
https://openalex.org/W2593333158
https://openalex.org/W2605329104
https://openalex.org/W2606266154
https://openalex.org/W2606471879
https://openalex.org/W2607784794
https://openalex.org/W2609415104
https://openalex.org/W2612322529
https://openalex.org/W2622110414
https://openalex.org/W2622229468
https://openalex.org/W2623565063
https://openalex.org/W2742052951
https://openalex.org/W2745042448
https://openalex.org/W2748242180
https://openalex.org/W2748720849
https://openalex.org/W2748833643
https://openalex.org/W2749193394
https://openalex.org/W2751055413
https://openalex.org/W2751504852
https://openalex.org/W2752732471
https://openalex.org/W2752734266
https://openalex.org/W2752875358
https://openalex.org/W2753752224
https://openalex.org/W2754067036
https://openalex.org/W2754296349
https://openalex.org/W2754842721
https://openalex.org/W2755440486
https://openalex.org/W2761135851
https://openalex.org/W2761488945
https://openalex.org/W2761759971
https://openalex.org/W2762136330
https://openalex.org/W2762236740
https://openalex.org/W2763299101
https://openalex.org/W2763976167
https://openalex.org/W2764067029
https://openalex.org/W2765924345
https://openalex.org/W2765973727
https://openalex.org/W2766358316
https://openalex.org/W2766481029
https://openalex.org/W2766556018
https://openalex.org/W2775699470
https://openalex.org/W2795107682
https://openalex.org/W2796660070
https://openalex.org/W2797715624
https://openalex.org/W2802495988
https://openalex.org/W2886732724
https://openalex.org/W2886902996
https://openalex.org/W2890924615
https://openalex.org/W2891323667
https://openalex.org/W2903133575
https://openalex.org/W2910624906
https://openalex.org/W2920395562
https://openalex.org/W2990270911
https://openalex.org/W3031330066
https://openalex.org/W3091537936
https://openalex.org/W3116685866
https://openalex.org/W3126537621
https://openalex.org/W340795844
https://openalex.org/W4230133243
https://openalex.org/W4233848406
https://openalex.org/W4235668782
https://openalex.org/W4239647743
https://openalex.org/W4242675509
https://openalex.org/W4246229145
https://openalex.org/W4247168563
https://openalex.org/W4248465175
https://openalex.org/W4251801225
https://openalex.org/W4255081715
https://openalex.org/W4390381375
https://openalex.org/W4394793256
https://openalex.org/W71810216
https://openalex.org/W2118865712
https://openalex.org/W2212941238
https://openalex.org/W2405320009
https://openalex.org/W2423958964
https://openalex.org/W109876063
https://openalex.org/W1501979454
https://openalex.org/W1568839564
https://openalex.org/W1991440952
https://openalex.org/W2010046408
https://openalex.org/W2011976077
https://openalex.org/W2032233622
https://openalex.org/W2032254570
https://openalex.org/W2039164905
https://openalex.org/W2047507446
https://openalex.org/W2051012209
https://openalex.org/W2053228180
https://openalex.org/W2057133966
https://openalex.org/W2073840840
https://openalex.org/W2079302069
https://openalex.org/W2086764391
https://openalex.org/W2101644216
https://openalex.org/W2109787895
https://openalex.org/W2180798941
https://openalex.org/W2246734612
https://openalex.org/W2319941025
https://openalex.org/W2334344694
https://openalex.org/W2348748932
https://openalex.org/W2353356912
https://openalex.org/W2353488546
https://openalex.org/W2361188234
https://openalex.org/W2363557749
https://openalex.org/W2371438378
https://openalex.org/W2373289673
https://openalex.org/W2375320469
https://openalex.org/W2376548347
https://openalex.org/W2379142895
https://openalex.org/W2380506945
https://openalex.org/W2382920858
https://openalex.org/W2391216712
https://openalex.org/W2393554457
https://openalex.org/W2418710214
https://openalex.org/W2483139428
https://openalex.org/W2518189142
https://openalex.org/W2533877943
https://openalex.org/W255012969
https://openalex.org/W2565459280
https://openalex.org/W2735038269
https://openalex.org/W2742978531
https://openalex.org/W2745951791
https://openalex.org/W2749458786
https://openalex.org/W2905763201
https://openalex.org/W2909288111
https://openalex.org/W2978444129
https://openalex.org/W3000493131
https://openalex.org/W3022349751
https://openalex.org/W302310327
https://openalex.org/W3163026917
https://openalex.org/W3177665746
https://openalex.org/W3181181021
https://openalex.org/W3192116507
https://openalex.org/W4205306309
https://openalex.org/W4206242534
https://openalex.org/W4210690573
https://openalex.org/W4212787947
https://openalex.org/W4212989869
https://openalex.org/W4214593796
https://openalex.org/W4214621648
https://openalex.org/W4220716539
https://openalex.org/W4220845212
https://openalex.org/W4221013341
https://openalex.org/W4223530437
https://openalex.org/W4223612355
https://openalex.org/W4223654951
https://openalex.org/W4225164718
https://openalex.org/W4225298982
https://openalex.org/W4225417119
https://openalex.org/W4226227874
https://openalex.org/W4226537643
https://openalex.org/W4231984158
https://openalex.org/W4236447860
https://openalex.org/W4254423027
https://openalex.org/W4281481969
https://openalex.org/W4282972877
https://openalex.org/W4283394927
https://openalex.org/W4283814684
https://openalex.org/W4283816562
https://openalex.org/W4283818587
https://openalex.org/W4283835974
https://openalex.org/W4285685542
https://openalex.org/W4285817975
https://openalex.org/W4286294432
https://openalex.org/W4289521431
https://openalex.org/W4296629899
https://openalex.org/W4296640131
https://openalex.org/W4306828778
https://openalex.org/W4310055951
https://openalex.org/W4311571046
https://openalex.org/W4312865714
https://openalex.org/W4318002234
https://openalex.org/W4318930732
https://openalex.org/W4353004277
https://openalex.org/W4362457628
https://openalex.org/W4394134784
https://openalex.org/W603159098
https://openalex.org/W608416623
https://openalex.org/W1989131754
https://openalex.org/W1995863177
https://openalex.org/W1997423659
https://openalex.org/W1999679190
https://openalex.org/W2020062946
https://openalex.org/W2044893248
https://openalex.org/W2053104469
https://openalex.org/W2079085826
https://openalex.org/W2085702547
https://openalex.org/W2462093699
https://openalex.org/W3109174615
https://openalex.org/W4231948870
https://openalex.org/W1544526236
https://openalex.org/W185154526
https://openalex.org/W1984430474
https://openalex.org/W2047940556
https://openalex.org/W2052964912
https://openalex.org/W2054319734
https://openalex.org/W2058823414
https://openalex.org/W2081286443
https://openalex.org/W2090165146
https://openalex.org/W2093433076
https://openalex.org/W2166561568
https://openalex.org/W2268324220
https://openalex.org/W2351677873
https://openalex.org/W2357267042
https://openalex.org/W2361730207
https://openalex.org/W2364512250
https://openalex.org/W2367222573
https://openalex.org/W2369597853
https://openalex.org/W2369828793
https://openalex.org/W2372059474
https://openalex.org/W2377918831
https://openalex.org/W2383054477
https://openalex.org/W2384751067
https://openalex.org/W2406177995
https://openalex.org/W2410683290
https://openalex.org/W2412050419
https://openalex.org/W2415238003
https://openalex.org/W2418434928
https://openalex.org/W2419045783
https://openalex.org/W2435277508
https://openalex.org/W2493958279
https://openalex.org/W2555078422
https://openalex.org/W2572735319
https://openalex.org/W2576281922
https://openalex.org/W2789276859
https://openalex.org/W2790666080
https://openalex.org/W2791446859
https://openalex.org/W2792021982
https://openalex.org/W2792451564
https://openalex.org/W2792963758
https://openalex.org/W2794918521
https://openalex.org/W2797150476
https://openalex.org/W2799037338
https://openalex.org/W2799271767
https://openalex.org/W2800674607
https://openalex.org/W2805789389
https://openalex.org/W2805862664
https://openalex.org/W2806477425
https://openalex.org/W2806588801
https://openalex.org/W2806852247
https://openalex.org/W2807161814
https://openalex.org/W2807531579
https://openalex.org/W2807693073
https://openalex.org/W2809013762
https://openalex.org/W2809023446
https://openalex.org/W2883718140
https://openalex.org/W2886080995
https://openalex.org/W2886228799
https://openalex.org/W2886331400
https://openalex.org/W2886872064
https://openalex.org/W2887092092
https://openalex.org/W2887170755
https://openalex.org/W2888465749
https://openalex.org/W2888737042
https://openalex.org/W2890398522
https://openalex.org/W2891456551
https://openalex.org/W2892057748
https://openalex.org/W2894562691
https://openalex.org/W2894754091
https://openalex.org/W2895069096
https://openalex.org/W2895101396
https://openalex.org/W2895149723
https://openalex.org/W2895207362
https://openalex.org/W2895243122
https://openalex.org/W2895739607
https://openalex.org/W2895857319
https://openalex.org/W2904229156
https://openalex.org/W2906669162
https://openalex.org/W2912146401
https://openalex.org/W2913560997
https://openalex.org/W2913917694
https://openalex.org/W2914442075
https://openalex.org/W2914491882
https://openalex.org/W2916520109
https://openalex.org/W2918522550
https://openalex.org/W2920873770
https://openalex.org/W2936057607
https://openalex.org/W2939649185
https://openalex.org/W2944191942
https://openalex.org/W2944345592
https://openalex.org/W2944741009
https://openalex.org/W2948543541
https://openalex.org/W2949781055
https://openalex.org/W2950029798
https://openalex.org/W2951002456
https://openalex.org/W2951767169
https://openalex.org/W2953257832
https://openalex.org/W2954613267
https://openalex.org/W2954902787
https://openalex.org/W2955818231
https://openalex.org/W2957560662
https://openalex.org/W2963587152
https://openalex.org/W2966049484
https://openalex.org/W2967537265
https://openalex.org/W2967631356
https://openalex.org/W2967781902
https://openalex.org/W2968062662
https://openalex.org/W2968249416
https://openalex.org/W2969016161
https://openalex.org/W2969088114
https://openalex.org/W2969778461
https://openalex.org/W2970047639
https://openalex.org/W2970785576
https://openalex.org/W2972520458
https://openalex.org/W2977409818
https://openalex.org/W2979820445
https://openalex.org/W2983917579
https://openalex.org/W2988795627
https://openalex.org/W2988967058
https://openalex.org/W2992903550
https://openalex.org/W2994920680
https://openalex.org/W2995859494
https://openalex.org/W2996833665
https://openalex.org/W2997024356
https://openalex.org/W2997087396
https://openalex.org/W2997246568
https://openalex.org/W2997614457
https://openalex.org/W2998069385
https://openalex.org/W2998666482
https://openalex.org/W2999825151
https://openalex.org/W3001092764
https://openalex.org/W3004479728
https://openalex.org/W3010924875
https://openalex.org/W3022185392
https://openalex.org/W3023814874
https://openalex.org/W3034851650
https://openalex.org/W3042393504
https://openalex.org/W3045963219
https://openalex.org/W3082146575
https://openalex.org/W3099724967
https://openalex.org/W3109821906
https://openalex.org/W3163499883
https://openalex.org/W3210635359
https://openalex.org/W4230925437
https://openalex.org/W4232108398
https://openalex.org/W4238184675
https://openalex.org/W4241023170
https://openalex.org/W4243827766
https://openalex.org/W4245838356
https://openalex.org/W4250280817
https://openalex.org/W4252448327
https://openalex.org/W4254046762
https://openalex.org/W4254617910
https://openalex.org/W4288373585
https://openalex.org/W4394159290
https://openalex.org/W4394193494
https://openalex.org/W4394234410
https://openalex.org/W4394245251
https://openalex.org/W4394391858
https://openalex.org/W80929021
https://openalex.org/W1491603684
https://openalex.org/W168580096
https://openalex.org/W1976452040
https://openalex.org/W1977510274
https://openalex.org/W2014480407
https://openalex.org/W2044233987
https://openalex.org/W2070437603
https://openalex.org/W2072968370
https://openalex.org/W2077883646
https://openalex.org/W2296294738
https://openalex.org/W2324760447
https://openalex.org/W2409099861
https://openalex.org/W2423703987
https://openalex.org/W2474569122
https://openalex.org/W2588651520
https://openalex.org/W3034255488
https://openalex.org/W3182531611
https://openalex.org/W4250821397
https://openalex.org/W56076759
https://openalex.org/W901314016
https://openalex.org/W1528444818
https://openalex.org/W1573974026
https://openalex.org/W1777796377
https://openalex.org/W1951938951
https://openalex.org/W1980546026
https://openalex.org/W1986926291
https://openalex.org/W1991810957
https://openalex.org/W2009302192
https://openalex.org/W2018135023
https://openalex.org/W2024207696
https://openalex.org/W2033840752
https://openalex.org/W2055522519
https://openalex.org/W2060141738
https://openalex.org/W2062211947
https://openalex.org/W2070074025
https://openalex.org/W2072036570
https://openalex.org/W2082479089
https://openalex.org/W2122671773
https://openalex.org/W2132576860
https://openalex.org/W2186597440
https://openalex.org/W2223957016
https://openalex.org/W2319783728
https://openalex.org/W2347275064
https://openalex.org/W2355559218
https://openalex.org/W2358309083
https://openalex.org/W2358713405
https://openalex.org/W2361951484
https://openalex.org/W2369991064
https://openalex.org/W2374299448
https://openalex.org/W2375953462
https://openalex.org/W2377340793
https://openalex.org/W2378963808
https://openalex.org/W2382798439
https://openalex.org/W2392533991
https://openalex.org/W2409633684
https://openalex.org/W2409753003
https://openalex.org/W2417967814
https://openalex.org/W2434069596
https://openalex.org/W24990293
https://openalex.org/W2561703126
https://openalex.org/W2561911121
https://openalex.org/W2562081746
https://openalex.org/W2563742239
https://openalex.org/W2573243648
https://openalex.org/W2590646038
https://openalex.org/W2623102748
https://openalex.org/W2624288592
https://openalex.org/W2626474094
https://openalex.org/W290357562
https://openalex.org/W2968532248
https://openalex.org/W2972346226
https://openalex.org/W2975685050
https://openalex.org/W2984994561
https://openalex.org/W2999620871
https://openalex.org/W3003705723
https://openalex.org/W3009336285
https://openalex.org/W3009395555
https://openalex.org/W3009474632
https://openalex.org/W3015582675
https://openalex.org/W3020672775
https://openalex.org/W3029775681
https://openalex.org/W3031074402
https://openalex.org/W3034672056
https://openalex.org/W3036327525
https://openalex.org/W3036427986
https://openalex.org/W3041764404
https://openalex.org/W3048412194
https://openalex.org/W3076927593
https://openalex.org/W3080329574
https://openalex.org/W3082150056
https://openalex.org/W3083011263
https://openalex.org/W3087496797
https://openalex.org/W3088523935
https://openalex.org/W3089048758
https://openalex.org/W3090486335
https://openalex.org/W3092220567
https://openalex.org/W3093187191
https://openalex.org/W3093711336
https://openalex.org/W3098014908
https://openalex.org/W3111266305
https://openalex.org/W3111355329
https://openalex.org/W3111532027
https://openalex.org/W3111889270
https://openalex.org/W3111902658
https://openalex.org/W3112061640
https://openalex.org/W3112687854
https://openalex.org/W3113026909
https://openalex.org/W3114402028
https://openalex.org/W3116324814
https://openalex.org/W3120306658
https://openalex.org/W3126670471
https://openalex.org/W3157170250
https://openalex.org/W3175373650
https://openalex.org/W3188465496
https://openalex.org/W3207560559
https://openalex.org/W4206060912
https://openalex.org/W4231271779
https://openalex.org/W4235464409
https://openalex.org/W4237361842
https://openalex.org/W4239294583
https://openalex.org/W4240779892
https://openalex.org/W4244193038
https://openalex.org/W4250558647
https://openalex.org/W4255948790
https://openalex.org/W4287671754
https://openalex.org/W4300561508
https://openalex.org/W4322724237
https://openalex.org/W4388325262
https://openalex.org/W4394127780
https://openalex.org/W4394174747
https://openalex.org/W4394184455
https://openalex.org/W4394244550
https://openalex.org/W4394286678
https://openalex.org/W4394324034
https://openalex.org/W7741600
https://openalex.org/W101240016
https://openalex.org/W1795812383
https://openalex.org/W21468373
https://openalex.org/W2411875477
https://openalex.org/W2415032517
https://openalex.org/W25331045
https://openalex.org/W2743606437
https://openalex.org/W4229914576
https://openalex.org/W1155018500
https://openalex.org/W1556417722
https://openalex.org/W1966947348
https://openalex.org/W1980149870
https://openalex.org/W2040762516
https://openalex.org/W2086345216
https://openalex.org/W2091507638
https://openalex.org/W2095251425
https://openalex.org/W2186536597
https://openalex.org/W2246601212
https://openalex.org/W2341378491
https://openalex.org/W2351571457
https://openalex.org/W2353591395
https://openalex.org/W2359723773
https://openalex.org/W2367306506
https://openalex.org/W2386868728
https://openalex.org/W2394346190
https://openalex.org/W2409292877
https://openalex.org/W2419036240
https://openalex.org/W2420559014
https://openalex.org/W2443023389
https://openalex.org/W2523115198
https://openalex.org/W2561157513
https://openalex.org/W2579470982
https://openalex.org/W2613143548
https://openalex.org/W3123742889
https://openalex.org/W4238748540
https://openalex.org/W4244329760
https://openalex.org/W4247526764
https://openalex.org/W4249928221
https://openalex.org/W1481037178
https://openalex.org/W1506431060
https://openalex.org/W1509628846
https://openalex.org/W1561710348
https://openalex.org/W1977961289
https://openalex.org/W2035518854
https://openalex.org/W2065005569
https://openalex.org/W2135189559
https://openalex.org/W2184598449
https://openalex.org/W2357154668
https://openalex.org/W2390112543
https://openalex.org/W2413787783
https://openalex.org/W2419232913
https://openalex.org/W2420168088
https://openalex.org/W2426208051
https://openalex.org/W2439765524
https://openalex.org/W2557465194
https://openalex.org/W2564481572
https://openalex.org/W2782161447
https://openalex.org/W2786401519
https://openalex.org/W2796632343
https://openalex.org/W2946626847
https://openalex.org/W29926423
https://openalex.org/W2992737144
https://openalex.org/W3032143464
https://openalex.org/W3119955893
https://openalex.org/W3121018376
https://openalex.org/W3127664471
https://openalex.org/W3129258548
https://openalex.org/W3131090497
https://openalex.org/W3136841633
https://openalex.org/W3137959581
https://openalex.org/W3144657723
https://openalex.org/W314637675
https://openalex.org/W3156424729
https://openalex.org/W3162584687
https://openalex.org/W3162662545
https://openalex.org/W3166679436
https://openalex.org/W3167260585
https://openalex.org/W3170993058
https://openalex.org/W3172746942
https://openalex.org/W3173263229
https://openalex.org/W3179467165
https://openalex.org/W3181435780
https://openalex.org/W3183319963
https://openalex.org/W3185017455
https://openalex.org/W3194587591
https://openalex.org/W3195282143
https://openalex.org/W3196158035
https://openalex.org/W3201218593
https://openalex.org/W3201778982
https://openalex.org/W3202001496
https://openalex.org/W3203336073
https://openalex.org/W3203419529
https://openalex.org/W3204225109
https://openalex.org/W3205904374
https://openalex.org/W3207423623
https://openalex.org/W3208504402
https://openalex.org/W3210937797
https://openalex.org/W3211844878
https://openalex.org/W3212544947
https://openalex.org/W3216648926
https://openalex.org/W4205117984
https://openalex.org/W4205796058
https://openalex.org/W4205909893
https://openalex.org/W4206325554
https://openalex.org/W4206582001
https://openalex.org/W4206708505
https://openalex.org/W4206804166
https://openalex.org/W4235439518
https://openalex.org/W4247785930
https://openalex.org/W4249550629
https://openalex.org/W4253096879
https://openalex.org/W4383532125
https://openalex.org/W4389411291
https://openalex.org/W4389411305
https://openalex.org/W4394186996
https://openalex.org/W4394266249
https://openalex.org/W4394479236
https://openalex.org/W4394507723
https://openalex.org/W4394517014
https://openalex.org/W4394543985
https://openalex.org/W68916780
https://openalex.org/W822356413
https://openalex.org/W138177655
https://openalex.org/W1527689340
https://openalex.org/W1576972327
https://openalex.org/W1965630383
https://openalex.org/W1979908657
https://openalex.org/W1980008885
https://openalex.org/W1985490982
https://openalex.org/W1995877185
https://openalex.org/W2000601487
https://openalex.org/W2014366752
https://openalex.org/W2016669007
https://openalex.org/W2034081164
https://openalex.org/W2048680740
https://openalex.org/W2081233048
https://openalex.org/W2084922354
https://openalex.org/W2117276042
https://openalex.org/W2328877466
https://openalex.org/W2408966965
https://openalex.org/W270690238
https://openalex.org/W2796018953
https://openalex.org/W2796246275
https://openalex.org/W2895939221
https://openalex.org/W2978873764
https://openalex.org/W379118472
https://openalex.org/W406444693
https://openalex.org/W4234700273
https://openalex.org/W4254996387
https://openalex.org/W4255031525
https://openalex.org/W4390560398
https://openalex.org/W2307820451
https://openalex.org/W2394922745
https://openalex.org/W2395516377
https://openalex.org/W2398126853
https://openalex.org/W2402803955
https://openalex.org/W2411840384
https://openalex.org/W2412155668
https://openalex.org/W2415855078
https://openalex.org/W2461851131
https://openalex.org/W4252328209
https://openalex.org/W1174048213
https://openalex.org/W1989516284
https://openalex.org/W2046040108
https://openalex.org/W2185831001
https://openalex.org/W2245166894
https://openalex.org/W2316324020
https://openalex.org/W2382985731
https://openalex.org/W2383681658
https://openalex.org/W2396980238
https://openalex.org/W2398147088
https://openalex.org/W2400069053
https://openalex.org/W2409446655
https://openalex.org/W2415079120
https://openalex.org/W2416751773
https://openalex.org/W2417648660
https://openalex.org/W2440578280
https://openalex.org/W2581656054
https://openalex.org/W2612242953
https://openalex.org/W283687143
https://openalex.org/W2976517932
https://openalex.org/W2977156568
https://openalex.org/W31336556
https://openalex.org/W3150077638
https://openalex.org/W381520657
https://openalex.org/W4206116357
https://openalex.org/W4206773828
https://openalex.org/W593051558
https://openalex.org/W828699315
https://openalex.org/W85265781
https://openalex.org/W91750809
https://openalex.org/W1479948385
https://openalex.org/W1480419936
https://openalex.org/W1482862275
https://openalex.org/W1623404180
https://openalex.org/W168897837
https://openalex.org/W169867693
https://openalex.org/W1965274786
https://openalex.org/W1978361540
https://openalex.org/W2013659121
https://openalex.org/W2027859833
https://openalex.org/W2028612498
https://openalex.org/W2037746875
https://openalex.org/W2048463658
https://openalex.org/W2062519504
https://openalex.org/W2070786811
https://openalex.org/W2088333374
https://openalex.org/W2091057723
https://openalex.org/W2098108236
https://openalex.org/W2139121886
https://openalex.org/W2154283577
https://openalex.org/W2159029484
https://openalex.org/W2282317354
https://openalex.org/W2283589845
https://openalex.org/W2322326565
https://openalex.org/W2323065319
https://openalex.org/W2381799986
https://openalex.org/W2396899912
https://openalex.org/W2399903626
https://openalex.org/W2404354365
https://openalex.org/W2408429952
https://openalex.org/W2409946970
https://openalex.org/W2410429517
https://openalex.org/W2412966526
https://openalex.org/W2413439622
https://openalex.org/W2413554836
https://openalex.org/W2415282374
https://openalex.org/W2418714155
https://openalex.org/W2462684111
https://openalex.org/W2469732800
https://openalex.org/W2472393030
https://openalex.org/W2480928965
https://openalex.org/W2485221580
https://openalex.org/W2495175272
https://openalex.org/W2605825434
https://openalex.org/W2735369992
https://openalex.org/W2735774204
https://openalex.org/W2778522223
https://openalex.org/W2780465203
https://openalex.org/W2948464340
https://openalex.org/W304686485
https://openalex.org/W4206316155
https://openalex.org/W4230901497
https://openalex.org/W4231170959
https://openalex.org/W4233135793
https://openalex.org/W4237750797
https://openalex.org/W4240472213
https://openalex.org/W4241845167
https://openalex.org/W4244355142
https://openalex.org/W4245155970
https://openalex.org/W4246310478
https://openalex.org/W4246697230
https://openalex.org/W4248044169
https://openalex.org/W4249889000
https://openalex.org/W4250566674
https://openalex.org/W4251523696
https://openalex.org/W4253701295
https://openalex.org/W4254380110
https://openalex.org/W4255922692
https://openalex.org/W569078572
https://openalex.org/W57489244
https://openalex.org/W990330556
https://openalex.org/W1481460130
https://openalex.org/W1922467782
https://openalex.org/W192508222
https://openalex.org/W1976022414
https://openalex.org/W1981842321
https://openalex.org/W1996732884
https://openalex.org/W2025509779
https://openalex.org/W2036312120
https://openalex.org/W2074137382
https://openalex.org/W2081614509
https://openalex.org/W2085393119
https://openalex.org/W2098583585
https://openalex.org/W2099262587
https://openalex.org/W2136469671
https://openalex.org/W2205527714
https://openalex.org/W2264335409
https://openalex.org/W2312420183
https://openalex.org/W2316496659
https://openalex.org/W2352211910
https://openalex.org/W2396051009
https://openalex.org/W2400282561
https://openalex.org/W2400949732
https://openalex.org/W2410143574
https://openalex.org/W2410425826
https://openalex.org/W2412817428
https://openalex.org/W2413602715
https://openalex.org/W2416282556
https://openalex.org/W2417389434
https://openalex.org/W2429979622
https://openalex.org/W2434934796
https://openalex.org/W2440707127
https://openalex.org/W245613574
https://openalex.org/W2466479260
https://openalex.org/W2471689690
https://openalex.org/W249715866
https://openalex.org/W2894874756
https://openalex.org/W39554854
https://openalex.org/W4210807107
https://openalex.org/W4231255581
https://openalex.org/W4232146160
https://openalex.org/W4233373092
https://openalex.org/W4233535531
https://openalex.org/W4238729723
https://openalex.org/W4239800494
https://openalex.org/W4240153633
https://openalex.org/W4240354902
https://openalex.org/W4246133989
https://openalex.org/W4246297059
https://openalex.org/W4247262157
https://openalex.org/W4248775482
https://openalex.org/W4249486557
https://openalex.org/W4251411001
https://openalex.org/W4252721016
https://openalex.org/W4301101700
https://openalex.org/W1017689059
https://openalex.org/W130826616
https://openalex.org/W179403586
https://openalex.org/W179831237
https://openalex.org/W1830671359
https://openalex.org/W1997114532
https://openalex.org/W2017461477
https://openalex.org/W2022631022
https://openalex.org/W2023121621
https://openalex.org/W2037193012
https://openalex.org/W2050938970
https://openalex.org/W2058149896
https://openalex.org/W2061556685
https://openalex.org/W2068840705
https://openalex.org/W2079152777
https://openalex.org/W2107938868
https://openalex.org/W2188234310
https://openalex.org/W2223553501
https://openalex.org/W2266628625
https://openalex.org/W2276661948
https://openalex.org/W2313935632
https://openalex.org/W2317043235
https://openalex.org/W2321582487
https://openalex.org/W2324029348
https://openalex.org/W2324195870
https://openalex.org/W2344441675
https://openalex.org/W2399919597
https://openalex.org/W2400926487
https://openalex.org/W2405616623
https://openalex.org/W2408978421
https://openalex.org/W2409597952
https://openalex.org/W2410417233
https://openalex.org/W2411682346
https://openalex.org/W2412544181
https://openalex.org/W2412746936
https://openalex.org/W2412942808
https://openalex.org/W2414419520
https://openalex.org/W2414546579
https://openalex.org/W2416743693
https://openalex.org/W2417211463
https://openalex.org/W2419109417
https://openalex.org/W2424427598
https://openalex.org/W2424641640
https://openalex.org/W2431444196
https://openalex.org/W2462744130
https://openalex.org/W2465322640
https://openalex.org/W2466908720
https://openalex.org/W2480974204
https://openalex.org/W2487000219
https://openalex.org/W2517171066
https://openalex.org/W2552945576
https://openalex.org/W2570995888
https://openalex.org/W2581352927
https://openalex.org/W2586136074
https://openalex.org/W2590955305
https://openalex.org/W26494229
https://openalex.org/W2783322627
https://openalex.org/W285194834
https://openalex.org/W295968707
https://openalex.org/W2995054095
https://openalex.org/W3099042261
https://openalex.org/W3136045898
https://openalex.org/W3147328697
https://openalex.org/W3199489763
https://openalex.org/W3201255089
https://openalex.org/W4206298903
https://openalex.org/W4206641131
https://openalex.org/W4212873931
https://openalex.org/W4230027746
https://openalex.org/W4230339397
https://openalex.org/W4233676526
https://openalex.org/W4236177523
https://openalex.org/W4241030938
https://openalex.org/W4242713739
https://openalex.org/W4243520956
https://openalex.org/W4243845821
https://openalex.org/W4254177113
https://openalex.org/W4254967442
https://openalex.org/W4255429769
https://openalex.org/W4256514101
https://openalex.org/W4256564443
https://openalex.org/W4300546251
https://openalex.org/W4394723191
https://openalex.org/W494811853
https://openalex.org/W50560791
https://openalex.org/W589390255
https://openalex.org/W3021590963
https://openalex.org/W2082755106
https://openalex.org/W2104750100
https://openalex.org/W2089762744
https://openalex.org/W2161803000
https://openalex.org/W2106739895
https://openalex.org/W2030772730
https://openalex.org/W2054664500
https://openalex.org/W2332184527
https://openalex.org/W2520662926
https://openalex.org/W2587672802
https://openalex.org/W2756732215
https://openalex.org/W2035435963
https://openalex.org/W2068210430
https://openalex.org/W2432129377
https://openalex.org/W2036050407
https://openalex.org/W2294343028
https://openalex.org/W2010962160
https://openalex.org/W2015735747
https://openalex.org/W2599094379
https://openalex.org/W2016500678
https://openalex.org/W2135943905
https://openalex.org/W3024003125
https://openalex.org/W1992958840
https://openalex.org/W1964989255
https://openalex.org/W2288764910
https://openalex.org/W2043504437
https://openalex.org/W1984582715
https://openalex.org/W2018234166
https://openalex.org/W3000592224
https://openalex.org/W3075325345
https://openalex.org/W2263014130
https://openalex.org/W2063145133
https://openalex.org/W1569046595
https://openalex.org/W2161035945
https://openalex.org/W2126591541
https://openalex.org/W1993671674
https://openalex.org/W2071095527
https://openalex.org/W2131653215
https://openalex.org/W2345726370
https://openalex.org/W2413998958
https://openalex.org/W2136326500
https://openalex.org/W2795903481
https://openalex.org/W2025109766
https://openalex.org/W2106635129
https://openalex.org/W3018753049
https://openalex.org/W3082804787
https://openalex.org/W2938137128
https://openalex.org/W2980849908
https://openalex.org/W2120596570
https://openalex.org/W2176892781
https://openalex.org/W2995993899
https://openalex.org/W2287535531
https://openalex.org/W2981646639
https://openalex.org/W1998454166
https://openalex.org/W1985763742
https://openalex.org/W3101667340
https://openalex.org/W1561196588
https://openalex.org/W1835462906
https://openalex.org/W3011523531
https://openalex.org/W3042535518
https://openalex.org/W2990135887
https://openalex.org/W2972844301
https://openalex.org/W3090218328
https://openalex.org/W4206683102
https://openalex.org/W2357461143
https://openalex.org/W2329397967
https://openalex.org/W2103906718
https://openalex.org/W2901563426
https://openalex.org/W2317207520
https://openalex.org/W3016581454
https://openalex.org/W2794390356
https://openalex.org/W2183174223
https://openalex.org/W2981447666
https://openalex.org/W2781903301
https://openalex.org/W2756004948
https://openalex.org/W2269914759
https://openalex.org/W2153547273
https://openalex.org/W2267323771
https://openalex.org/W3125484118
https://openalex.org/W2915757754
https://openalex.org/W3196734528
https://openalex.org/W3021186559
https://openalex.org/W3033793945
https://openalex.org/W4285592030
https://openalex.org/W2571389079
https://openalex.org/W2904769004
https://openalex.org/W2566733056
https://openalex.org/W2339952160
https://openalex.org/W3111425927
https://openalex.org/W2903347641
https://openalex.org/W2969075209
https://openalex.org/W2981765196
https://openalex.org/W3176467937
https://openalex.org/W2944036317
https://openalex.org/W3037860162
https://openalex.org/W3112814004
https://openalex.org/W3206474129
https://openalex.org/W3011932114
https://openalex.org/W3206743562
https://openalex.org/W3086500165
https://openalex.org/W3004943096
https://openalex.org/W3195745770
https://openalex.org/W3164614949
https://openalex.org/W4317390888
https://openalex.org/W3104692229
https://openalex.org/W3166486274
https://openalex.org/W3135983148
https://openalex.org/W4200296707
https://openalex.org/W3035865387
https://openalex.org/W4224214969
https://openalex.org/W4313545642
https://openalex.org/W4225094351
https://openalex.org/W4213329456
https://openalex.org/W4288873617
https://openalex.org/W4282032657
https://openalex.org/W4228999126
https://openalex.org/W4285726349
https://openalex.org/W4213093003
https://openalex.org/W4224244447
https://openalex.org/W4365150003
https://openalex.org/W4226375118
https://openalex.org/W4283454635
https://openalex.org/W4366684341
https://openalex.org/W4376280168
https://openalex.org/W4382537101
https://openalex.org/W4311282814
https://openalex.org/W4321607094
https://openalex.org/W4313880099
https://openalex.org/W4366481695
https://openalex.org/W4317498996
https://openalex.org/W4323347326
https://openalex.org/W4385955503
https://openalex.org/W4372335637
https://openalex.org/W654845366
https://openalex.org/W4382749361
https://openalex.org/W2000483524
https://openalex.org/W2091000092
https://openalex.org/W2014231536
https://openalex.org/W2094097494
https://openalex.org/W2108200507
https://openalex.org/W2172049533
https://openalex.org/W2017583835
https://openalex.org/W2081250609
https://openalex.org/W2141526471
https://openalex.org/W2024284538
https://openalex.org/W2021388426
https://openalex.org/W1963616108
https://openalex.org/W2013428944
https://openalex.org/W1512343954
https://openalex.org/W2128655898
https://openalex.org/W2054043800
https://openalex.org/W2015449203
https://openalex.org/W2143013288
https://openalex.org/W1972119807
https://openalex.org/W2127829544
https://openalex.org/W2144749256
https://openalex.org/W1995979320
https://openalex.org/W2086246100
https://openalex.org/W2093006514
https://openalex.org/W2159338097
https://openalex.org/W2080743358
https://openalex.org/W1990228054
https://openalex.org/W2068914569
https://openalex.org/W2140768834
https://openalex.org/W2037344133
https://openalex.org/W2329153487
https://openalex.org/W2124961280
https://openalex.org/W2018334950
https://openalex.org/W2028362356
https://openalex.org/W2013976086
https://openalex.org/W2019000662
https://openalex.org/W2150687804
https://openalex.org/W2558096392
https://openalex.org/W1995710376
https://openalex.org/W2518839569
https://openalex.org/W1959810868
https://openalex.org/W612945392
https://openalex.org/W2660058842
https://openalex.org/W2116956214
https://openalex.org/W2134041727
https://openalex.org/W2131084851
https://openalex.org/W2015929828
https://openalex.org/W2564173213
https://openalex.org/W2070505590
https://openalex.org/W1533081994
https://openalex.org/W2075646173
https://openalex.org/W2801021813
https://openalex.org/W2981817024
https://openalex.org/W2363989151
https://openalex.org/W1964119045
https://openalex.org/W2954002791
https://openalex.org/W2116958130
https://openalex.org/W2024051274
https://openalex.org/W2597446931
https://openalex.org/W2226340528
https://openalex.org/W2100957848
https://openalex.org/W2093032030
https://openalex.org/W2092137943
https://openalex.org/W2204819948
https://openalex.org/W2214270336
https://openalex.org/W2123377725
https://openalex.org/W2973154178
https://openalex.org/W3017009515
https://openalex.org/W2406768607
https://openalex.org/W2049800038
https://openalex.org/W2953019624
https://openalex.org/W2985564245
https://openalex.org/W2746831597
https://openalex.org/W2944460722
https://openalex.org/W3104112216
https://openalex.org/W2330128204
https://openalex.org/W2592980166
https://openalex.org/W2592771725
https://openalex.org/W2057798499
https://openalex.org/W2941070761
https://openalex.org/W1980212705
https://openalex.org/W2800635987
https://openalex.org/W2025979627
https://openalex.org/W2889279407
https://openalex.org/W3104145853
https://openalex.org/W1576250491
https://openalex.org/W2802927882
https://openalex.org/W2965522488
https://openalex.org/W2604694675
https://openalex.org/W3030009330
https://openalex.org/W2178247063
https://openalex.org/W3029997440
https://openalex.org/W2150078595
https://openalex.org/W2225843193
https://openalex.org/W2259721260
https://openalex.org/W2731797000
https://openalex.org/W2942193579
https://openalex.org/W2790818515
https://openalex.org/W2287910482
https://openalex.org/W2786175833
https://openalex.org/W2954291267
https://openalex.org/W2297916085
https://openalex.org/W2966145532
https://openalex.org/W3020942769
https://openalex.org/W2954041497
https://openalex.org/W3171381448
https://openalex.org/W2946665012
https://openalex.org/W2797347913
https://openalex.org/W2991934360
https://openalex.org/W2998137346
https://openalex.org/W2987727189
https://openalex.org/W3040882542
https://openalex.org/W3124175311
https://openalex.org/W3048835866
https://openalex.org/W2985216317
https://openalex.org/W2907339953
https://openalex.org/W3020440826
https://openalex.org/W3124062733
https://openalex.org/W3124439551
https://openalex.org/W3022645777
https://openalex.org/W3092995259
https://openalex.org/W3211014227
https://openalex.org/W3110634554
https://openalex.org/W3156713995
https://openalex.org/W4226452201
https://openalex.org/W3206508261
https://openalex.org/W4212934032
https://openalex.org/W4311624385
https://openalex.org/W3199244761
https://openalex.org/W4200383126
https://openalex.org/W4296591874
https://openalex.org/W3137269417
https://openalex.org/W4311290265
https://openalex.org/W4311291795
https://openalex.org/W4283395547
https://openalex.org/W4306641718
https://openalex.org/W4281633359
https://openalex.org/W4280490436
https://openalex.org/W4223596835
https://openalex.org/W4226113872
https://openalex.org/W4303433003
https://openalex.org/W4281772521
https://openalex.org/W4289947637
https://openalex.org/W4292554281
https://openalex.org/W4300861893
https://openalex.org/W4324352699
https://openalex.org/W4382793018
https://openalex.org/W4366481690
https://openalex.org/W4385320398
https://openalex.org/W4319296471
https://openalex.org/W4382138579
https://openalex.org/W4385587115
https://openalex.org/W4297327695
https://openalex.org/W4319319790
https://openalex.org/W4379141969
https://openalex.org/W4379470004
https://openalex.org/W4318067171
https://openalex.org/W4385449674
https://openalex.org/W4386438486
https://openalex.org/W4382918709
https://openalex.org/W4390510450
https://openalex.org/W4367174579
https://openalex.org/W4390883230
https://openalex.org/W4391685891
https://openalex.org/W4391821318
https://openalex.org/W2133993633
https://openalex.org/W2049515151
https://openalex.org/W1979731770
https://openalex.org/W2116909256
https://openalex.org/W2057548628
https://openalex.org/W1975253398
https://openalex.org/W2083850580
https://openalex.org/W2049059535
https://openalex.org/W2095491033
https://openalex.org/W2006170742
https://openalex.org/W2076847257
https://openalex.org/W2093088955
https://openalex.org/W2063689574
https://openalex.org/W3099054464
https://openalex.org/W2075533445
https://openalex.org/W2040681518
https://openalex.org/W2113447616
https://openalex.org/W2009777070
https://openalex.org/W1858413751
https://openalex.org/W1990049062
https://openalex.org/W1980668976
https://openalex.org/W2264587495
https://openalex.org/W2095829296
https://openalex.org/W1993807325
https://openalex.org/W2001256778
https://openalex.org/W2075460754
https://openalex.org/W2136578382
https://openalex.org/W2167075666
https://openalex.org/W2078078372
https://openalex.org/W1984098071
https://openalex.org/W1526464124
https://openalex.org/W2316002010
https://openalex.org/W2019876500
https://openalex.org/W2165063908
https://openalex.org/W1992733681
https://openalex.org/W1836120367
https://openalex.org/W1994953238
https://openalex.org/W2036065538
https://openalex.org/W2253668977
https://openalex.org/W2318668290
https://openalex.org/W2054031839
https://openalex.org/W2290955955
https://openalex.org/W2565838736
https://openalex.org/W2766463353
https://openalex.org/W2964133542
https://openalex.org/W2593089984
https://openalex.org/W2795292634
https://openalex.org/W2032530693
https://openalex.org/W2180127075
https://openalex.org/W2322331943
https://openalex.org/W2130110608
https://openalex.org/W2893152850
https://openalex.org/W2588763934
https://openalex.org/W2341793727
https://openalex.org/W2429893829
https://openalex.org/W2066476958
https://openalex.org/W2892629309
https://openalex.org/W2893212345
https://openalex.org/W2807676431
https://openalex.org/W2905098944
https://openalex.org/W2163065789
https://openalex.org/W2203231883
https://openalex.org/W2325067861
https://openalex.org/W2902349692
https://openalex.org/W2938760022
https://openalex.org/W1424102629
https://openalex.org/W2253794251
https://openalex.org/W2346162764
https://openalex.org/W2792050110
https://openalex.org/W2991207981
https://openalex.org/W3007516749
https://openalex.org/W2498278049
https://openalex.org/W2580026391
https://openalex.org/W3083990445
https://openalex.org/W3026825589
https://openalex.org/W2964175339
https://openalex.org/W3007020220
https://openalex.org/W3028083530
https://openalex.org/W3037482207
https://openalex.org/W2908677077
https://openalex.org/W2983598495
https://openalex.org/W3096703407
https://openalex.org/W2944208148
https://openalex.org/W2981088439
https://openalex.org/W2910571915
https://openalex.org/W2914813778
https://openalex.org/W3116411818
https://openalex.org/W2932864551
https://openalex.org/W2997238274
https://openalex.org/W3079258284
https://openalex.org/W3012977101
https://openalex.org/W3081675369
https://openalex.org/W2982394402
https://openalex.org/W3010552451
https://openalex.org/W3016139125
https://openalex.org/W3043001971
https://openalex.org/W3164435779
https://openalex.org/W2999636349
https://openalex.org/W3201534073
https://openalex.org/W3122229982
https://openalex.org/W3112424516
https://openalex.org/W3119756858
https://openalex.org/W2996169446
https://openalex.org/W3212203602
https://openalex.org/W3214171206
https://openalex.org/W4205849332
https://openalex.org/W4280566530
https://openalex.org/W4210389256
https://openalex.org/W4296139766
https://openalex.org/W4213085648
https://openalex.org/W4214848378
https://openalex.org/W4281667178
https://openalex.org/W4288713398
https://openalex.org/W4294300924
https://openalex.org/W4224922605
https://openalex.org/W4283277587
https://openalex.org/W4213323127
https://openalex.org/W4378472689
https://openalex.org/W4379880476
https://openalex.org/W4320007960
https://openalex.org/W4378574894
https://openalex.org/W4382394718
https://openalex.org/W4387569595
https://openalex.org/W4318263878
https://openalex.org/W4385658333
https://openalex.org/W4390457889
https://openalex.org/W4390668791
https://openalex.org/W4390738073
https://openalex.org/W4390796341
https://openalex.org/W4390976184
https://openalex.org/W4391304165
https://openalex.org/W4392468273
https://openalex.org/W2061306690
https://openalex.org/W2057252828
https://openalex.org/W20724912
https://openalex.org/W2093929033
https://openalex.org/W1869368673
https://openalex.org/W2050249304
https://openalex.org/W1964834622
https://openalex.org/W2032199762
https://openalex.org/W1995860765
https://openalex.org/W2089899300
https://openalex.org/W2074292545
https://openalex.org/W2162896769
https://openalex.org/W2058637118
https://openalex.org/W29072248
https://openalex.org/W2024270688
https://openalex.org/W2012039665
https://openalex.org/W2140477088
https://openalex.org/W2290477147
https://openalex.org/W1593474000
https://openalex.org/W2949755596
https://openalex.org/W184256036
https://openalex.org/W1963553143
https://openalex.org/W2030117430
https://openalex.org/W2052253728
https://openalex.org/W2049063471
https://openalex.org/W1982468331
https://openalex.org/W2083822184
https://openalex.org/W2056443818
https://openalex.org/W2063519292
https://openalex.org/W2074872863
https://openalex.org/W2724457933
https://openalex.org/W1981276559
https://openalex.org/W1996081553
https://openalex.org/W2010145160
https://openalex.org/W2075669922
https://openalex.org/W2063044350
https://openalex.org/W2091277903
https://openalex.org/W2098728824
https://openalex.org/W1992831989
https://openalex.org/W2076424771
https://openalex.org/W2089589328
https://openalex.org/W2050205870
https://openalex.org/W2089286192
https://openalex.org/W2052065096
https://openalex.org/W1989795092
https://openalex.org/W1997191145
https://openalex.org/W2117954295
https://openalex.org/W1966162194
https://openalex.org/W2026836316
https://openalex.org/W2055645281
https://openalex.org/W2087598822
https://openalex.org/W1966062493
https://openalex.org/W1983187731
https://openalex.org/W2080895948
https://openalex.org/W2012810779
https://openalex.org/W2100378669
https://openalex.org/W379462076
https://openalex.org/W1958090760
https://openalex.org/W2323487860
https://openalex.org/W2038043773
https://openalex.org/W2083713132
https://openalex.org/W2140290124
https://openalex.org/W2313126910
https://openalex.org/W2007474958
https://openalex.org/W2316944723
https://openalex.org/W2740687472
https://openalex.org/W2143181076
https://openalex.org/W1818353405
https://openalex.org/W1820858487
https://openalex.org/W1986151403
https://openalex.org/W2591820783
https://openalex.org/W2890834025
https://openalex.org/W2015551931
https://openalex.org/W2039888688
https://openalex.org/W2414824006
https://openalex.org/W2768134107
https://openalex.org/W2803534159
https://openalex.org/W2529520344
https://openalex.org/W2345196499
https://openalex.org/W2721738457
https://openalex.org/W2892057033
https://openalex.org/W1890180745
https://openalex.org/W2302400233
https://openalex.org/W2547319263
https://openalex.org/W2740024157
https://openalex.org/W2765325388
https://openalex.org/W2807106921
https://openalex.org/W2807172703
https://openalex.org/W2519658793
https://openalex.org/W2551002192
https://openalex.org/W2552960237
https://openalex.org/W2616541726
https://openalex.org/W2805232381
https://openalex.org/W2282995391
https://openalex.org/W2519974024
https://openalex.org/W2737425822
https://openalex.org/W2883959598
https://openalex.org/W2771752959
https://openalex.org/W2993870784
https://openalex.org/W2914862125
https://openalex.org/W2936152153
https://openalex.org/W3009577428
https://openalex.org/W3044341916
https://openalex.org/W3108325618
https://openalex.org/W3021599719
https://openalex.org/W3005150019
https://openalex.org/W3049632579
https://openalex.org/W3010490851
https://openalex.org/W3043142785
https://openalex.org/W3135562751
https://openalex.org/W3099068931
https://openalex.org/W3061779248
https://openalex.org/W4200501498
https://openalex.org/W4206665258
https://openalex.org/W4288051140
https://openalex.org/W4292961359
https://openalex.org/W4221156303
https://openalex.org/W3182679052
https://openalex.org/W4302287273
https://openalex.org/W4313278425
https://openalex.org/W4379056618
https://openalex.org/W4388023369
https://openalex.org/W4365138386
https://openalex.org/W4384820846
https://openalex.org/W1997672597
https://openalex.org/W1976797844
https://openalex.org/W2097487971
https://openalex.org/W1974262588
https://openalex.org/W2129849711
https://openalex.org/W2164501807
https://openalex.org/W2018374212
https://openalex.org/W2006885481
https://openalex.org/W2020366170
https://openalex.org/W2271038451
https://openalex.org/W1996221649
https://openalex.org/W2083277990
https://openalex.org/W2079648646
https://openalex.org/W1550840180
https://openalex.org/W1991879694
https://openalex.org/W2077012117
https://openalex.org/W2024480885
https://openalex.org/W2068909630
https://openalex.org/W2066697047
https://openalex.org/W2007915621
https://openalex.org/W2073185510
https://openalex.org/W2043913885
https://openalex.org/W2089394415
https://openalex.org/W2314577083
https://openalex.org/W2267689876
https://openalex.org/W2022408886
https://openalex.org/W2093152783
https://openalex.org/W2145225832
https://openalex.org/W2100783008
https://openalex.org/W2155912243
https://openalex.org/W1977957956
https://openalex.org/W1978428398
https://openalex.org/W2100557711
https://openalex.org/W2050595135
https://openalex.org/W2097946215
https://openalex.org/W1570777767
https://openalex.org/W2021088410
https://openalex.org/W2069466935
https://openalex.org/W2143384972
https://openalex.org/W1968208455
https://openalex.org/W2028838659
https://openalex.org/W2025518169
https://openalex.org/W2333526651
https://openalex.org/W2035585299
https://openalex.org/W2007752964
https://openalex.org/W2096453615
https://openalex.org/W1969420615
https://openalex.org/W1969563500
https://openalex.org/W2024023016
https://openalex.org/W2036650237
https://openalex.org/W2134352949
https://openalex.org/W1969056154
https://openalex.org/W2076809631
https://openalex.org/W2322319898
https://openalex.org/W1989986369
https://openalex.org/W2017511506
https://openalex.org/W652927614
https://openalex.org/W1982053024
https://openalex.org/W2034562072
https://openalex.org/W2330316369
https://openalex.org/W2464346471
https://openalex.org/W1964606244
https://openalex.org/W1982470246
https://openalex.org/W2097974458
https://openalex.org/W2137746159
https://openalex.org/W2170998052
https://openalex.org/W2331270940
https://openalex.org/W2403911643
https://openalex.org/W2525129184
https://openalex.org/W2587680013
https://openalex.org/W2025599113
https://openalex.org/W2181474160
https://openalex.org/W2900074373
https://openalex.org/W1834838761
https://openalex.org/W1162488638
https://openalex.org/W1763786074
https://openalex.org/W2530507620
https://openalex.org/W2783322132
https://openalex.org/W2792171232
https://openalex.org/W3209933733
https://openalex.org/W2423751031
https://openalex.org/W2598967510
https://openalex.org/W2903726529
https://openalex.org/W3105612535
https://openalex.org/W1273746897
https://openalex.org/W2289547149
https://openalex.org/W2303750847
https://openalex.org/W2470320473
https://openalex.org/W2515903289
https://openalex.org/W2789894790
https://openalex.org/W2792388515
https://openalex.org/W2920276726
https://openalex.org/W2993768324
https://openalex.org/W2953789558
https://openalex.org/W3015990730
https://openalex.org/W3111942786
https://openalex.org/W2994633980
https://openalex.org/W3044494634
https://openalex.org/W3115722356
https://openalex.org/W3004675920
https://openalex.org/W3042924653
https://openalex.org/W3086674952
https://openalex.org/W3111573162
https://openalex.org/W3164074153
https://openalex.org/W3167125370
https://openalex.org/W3198982006
https://openalex.org/W3112020626
https://openalex.org/W3135205598
https://openalex.org/W3138831504
https://openalex.org/W3161216216
https://openalex.org/W3085130698
https://openalex.org/W4200532903
https://openalex.org/W3216948874
https://openalex.org/W4210607871
https://openalex.org/W4229008158
https://openalex.org/W4229441796
https://openalex.org/W3183854376
https://openalex.org/W4214666564
https://openalex.org/W4305072491
https://openalex.org/W4206964157
https://openalex.org/W4283073685
https://openalex.org/W4318777229
https://openalex.org/W4321453054
https://openalex.org/W4361004643
https://openalex.org/W4362518633
https://openalex.org/W4362697849
https://openalex.org/W4366524157
https://openalex.org/W4367606355
https://openalex.org/W4375946200
https://openalex.org/W4381949566
https://openalex.org/W4386565671
https://openalex.org/W4388098850
https://openalex.org/W4388296707
https://openalex.org/W2089357141
https://openalex.org/W2038914352
https://openalex.org/W2133596109
https://openalex.org/W2090295584
https://openalex.org/W2025650018
https://openalex.org/W2044865417
https://openalex.org/W1967278896
https://openalex.org/W2033597169
https://openalex.org/W2150322679
https://openalex.org/W2020358988
https://openalex.org/W2027521861
https://openalex.org/W1704875759
https://openalex.org/W1966534904
https://openalex.org/W2016702559
https://openalex.org/W2020229343
https://openalex.org/W2508882119
https://openalex.org/W2059745704
https://openalex.org/W1975067740
https://openalex.org/W2040489703
https://openalex.org/W1979917197
https://openalex.org/W2006233996
https://openalex.org/W2031098560
https://openalex.org/W2061034114
https://openalex.org/W1986826885
https://openalex.org/W2087618629
https://openalex.org/W2133607690
https://openalex.org/W1993468496
https://openalex.org/W2064827077
https://openalex.org/W2102218442
https://openalex.org/W1969223159
https://openalex.org/W2048406727
https://openalex.org/W1963633112
https://openalex.org/W1967650163
https://openalex.org/W1992489037
https://openalex.org/W2006350404
https://openalex.org/W2062930337
https://openalex.org/W2083247937
https://openalex.org/W2014783568
https://openalex.org/W2035840195
https://openalex.org/W2074844508
https://openalex.org/W2068105646
https://openalex.org/W2062453591
https://openalex.org/W1531738342
https://openalex.org/W1578587540
https://openalex.org/W1997806807
https://openalex.org/W2142653080
https://openalex.org/W1967738729
https://openalex.org/W2000579150
https://openalex.org/W2051413325
https://openalex.org/W2165443616
https://openalex.org/W1987690828
https://openalex.org/W2098325309
https://openalex.org/W1974934153
https://openalex.org/W2023051159
https://openalex.org/W2026153387
https://openalex.org/W2131115773
https://openalex.org/W1764817617
https://openalex.org/W2087196092
https://openalex.org/W2100833091
https://openalex.org/W1975784916
https://openalex.org/W2009277989
https://openalex.org/W2044475387
https://openalex.org/W2062825948
https://openalex.org/W2137842908
https://openalex.org/W2010153133
https://openalex.org/W2063748325
https://openalex.org/W1037746795
https://openalex.org/W2519436934
https://openalex.org/W1996507216
https://openalex.org/W2796433514
https://openalex.org/W2079476308
https://openalex.org/W2149888666
https://openalex.org/W2284622531
https://openalex.org/W4361868285
https://openalex.org/W1977404636
https://openalex.org/W2157631546
https://openalex.org/W2264576501
https://openalex.org/W2310907581
https://openalex.org/W2415685100
https://openalex.org/W2607382926
https://openalex.org/W2778216332
https://openalex.org/W2898753550
https://openalex.org/W2799971636
https://openalex.org/W2916240627
https://openalex.org/W2895988052
https://openalex.org/W2971720127
https://openalex.org/W2980161595
https://openalex.org/W2990510972
https://openalex.org/W3011603369
https://openalex.org/W2906604275
https://openalex.org/W2923227558
https://openalex.org/W2987966608
https://openalex.org/W2990933501
https://openalex.org/W3006567547
https://openalex.org/W3014807184
https://openalex.org/W3021567863
https://openalex.org/W3096894159
https://openalex.org/W2998832602
https://openalex.org/W3037790727
https://openalex.org/W3082487317
https://openalex.org/W3006142362
https://openalex.org/W3015171713
https://openalex.org/W3139411171
https://openalex.org/W3130453947
https://openalex.org/W3161313003
https://openalex.org/W3186077170
https://openalex.org/W3172706442
https://openalex.org/W3110944516
https://openalex.org/W3129066196
https://openalex.org/W3204042411
https://openalex.org/W4211127725
https://openalex.org/W4281952075
https://openalex.org/W4288427509
https://openalex.org/W4311280982
https://openalex.org/W4362484203
https://openalex.org/W4380356131
https://openalex.org/W4386013294
https://openalex.org/W4390021891
https://openalex.org/W2018739941
https://openalex.org/W2046532518
https://openalex.org/W1978617325
https://openalex.org/W2049490788
https://openalex.org/W2094939824
https://openalex.org/W1968910556
https://openalex.org/W2042578479
https://openalex.org/W2017040876
https://openalex.org/W2069034309
https://openalex.org/W4256244517
https://openalex.org/W1967913126
https://openalex.org/W2055353613
https://openalex.org/W1969448013
https://openalex.org/W2026812276
https://openalex.org/W1966946742
https://openalex.org/W2050206457
https://openalex.org/W2069661995
https://openalex.org/W1763009435
https://openalex.org/W2028165380
https://openalex.org/W2076626933
https://openalex.org/W2152396820
https://openalex.org/W1993864445
https://openalex.org/W2083455894
https://openalex.org/W2079218669
https://openalex.org/W2004122684
https://openalex.org/W2025044872
https://openalex.org/W2094829316
https://openalex.org/W1988125786
https://openalex.org/W2017274421
https://openalex.org/W2052477398
https://openalex.org/W1969393029
https://openalex.org/W2101877050
https://openalex.org/W2106615661
https://openalex.org/W2115669911
https://openalex.org/W2140265770
https://openalex.org/W75434970
https://openalex.org/W1982892385
https://openalex.org/W2080751384
https://openalex.org/W2094403929
https://openalex.org/W1965037137
https://openalex.org/W2066959989
https://openalex.org/W1966518667
https://openalex.org/W1976259467
https://openalex.org/W1988648508
https://openalex.org/W2033097324
https://openalex.org/W2079241038
https://openalex.org/W2037955653
https://openalex.org/W2126660334
https://openalex.org/W2047986475
https://openalex.org/W2081056857
https://openalex.org/W2114735110
https://openalex.org/W245196201
https://openalex.org/W1974978210
https://openalex.org/W1979099713
https://openalex.org/W2061497203
https://openalex.org/W2104382208
https://openalex.org/W2156350867
https://openalex.org/W2073621582
https://openalex.org/W1971307203
https://openalex.org/W2057995596
https://openalex.org/W2063244814
https://openalex.org/W2023956754
https://openalex.org/W1525768699
https://openalex.org/W1531576249
https://openalex.org/W1976864180
https://openalex.org/W1978656311
https://openalex.org/W2079486921
https://openalex.org/W2334346957
https://openalex.org/W2028432126
https://openalex.org/W2053663237
https://openalex.org/W2168027204
https://openalex.org/W2287217833
https://openalex.org/W1986997615
https://openalex.org/W2302392037
https://openalex.org/W2642874519
https://openalex.org/W2791451054
https://openalex.org/W2803601657
https://openalex.org/W2888055434
https://openalex.org/W2225461777
https://openalex.org/W2547648275
https://openalex.org/W2803591455
https://openalex.org/W2341875597
https://openalex.org/W2344332786
https://openalex.org/W2420005197
https://openalex.org/W2520388342
https://openalex.org/W2521726218
https://openalex.org/W2783608729
https://openalex.org/W2901260691
https://openalex.org/W2182255083
https://openalex.org/W2259441449
https://openalex.org/W2275379041
https://openalex.org/W2889152234
https://openalex.org/W2972282877
https://openalex.org/W3021978633
https://openalex.org/W3042999107
https://openalex.org/W3092680874
https://openalex.org/W2345855163
https://openalex.org/W3122735915
https://openalex.org/W3193010445
https://openalex.org/W3202830234
https://openalex.org/W4214811435
https://openalex.org/W4306653541
https://openalex.org/W4308018591
https://openalex.org/W4310020377
https://openalex.org/W4319655915
https://openalex.org/W4382344159
https://openalex.org/W2091724449
https://openalex.org/W102679795
https://openalex.org/W2004660891
https://openalex.org/W2333536143
https://openalex.org/W1970847271
https://openalex.org/W2056510062
https://openalex.org/W2063063956
https://openalex.org/W2040276311
https://openalex.org/W2062276968
https://openalex.org/W2094965419
https://openalex.org/W1986603891
https://openalex.org/W2087125303
https://openalex.org/W2062329100
https://openalex.org/W1888965171
https://openalex.org/W2032780235
https://openalex.org/W2141804101
https://openalex.org/W2159432928
https://openalex.org/W1257190869
https://openalex.org/W2014259608
https://openalex.org/W2062277796
https://openalex.org/W2112220698
https://openalex.org/W2020738693
https://openalex.org/W2052390553
https://openalex.org/W2081202308
https://openalex.org/W1997258844
https://openalex.org/W2008678514
https://openalex.org/W2117448914
https://openalex.org/W2118110279
https://openalex.org/W2154215062
https://openalex.org/W1976704446
https://openalex.org/W1997694862
https://openalex.org/W2133138859
https://openalex.org/W2015827442
https://openalex.org/W2101627032
https://openalex.org/W2164194978
https://openalex.org/W1976835764
https://openalex.org/W1965492274
https://openalex.org/W1972211355
https://openalex.org/W2067839838
https://openalex.org/W2035659954
https://openalex.org/W2007805521
https://openalex.org/W2015714401
https://openalex.org/W2081587491
https://openalex.org/W2093137277
https://openalex.org/W2107671355
https://openalex.org/W166362641
https://openalex.org/W1970846820
https://openalex.org/W1972372146
https://openalex.org/W2324561278
https://openalex.org/W1981710657
https://openalex.org/W2032259707
https://openalex.org/W2062864294
https://openalex.org/W2053611993
https://openalex.org/W2005512561
https://openalex.org/W2016277559
https://openalex.org/W2027978262
https://openalex.org/W2084143667
https://openalex.org/W2031894582
https://openalex.org/W2122890656
https://openalex.org/W2273132211
https://openalex.org/W1858529858
https://openalex.org/W1963693839
https://openalex.org/W2006570480
https://openalex.org/W2064633470
https://openalex.org/W2103947344
https://openalex.org/W2140325148
https://openalex.org/W2081777367
https://openalex.org/W2460681403
https://openalex.org/W2553352237
https://openalex.org/W2766946676
https://openalex.org/W2789632384
https://openalex.org/W1489890046
https://openalex.org/W1772328432
https://openalex.org/W1887079605
https://openalex.org/W1980782517
https://openalex.org/W2167652248
https://openalex.org/W2507653860
https://openalex.org/W2525630255
https://openalex.org/W2800299824
https://openalex.org/W2511434115
https://openalex.org/W2518853280
https://openalex.org/W2760696881
https://openalex.org/W2895762257
https://openalex.org/W2898420232
https://openalex.org/W2912367230
https://openalex.org/W2962811166
https://openalex.org/W3038154837
https://openalex.org/W2952496801
https://openalex.org/W3006597508
https://openalex.org/W3020805072
https://openalex.org/W3021657502
https://openalex.org/W3080115364
https://openalex.org/W3010902328
https://openalex.org/W3120454595
https://openalex.org/W3130416001
https://openalex.org/W3155869263
https://openalex.org/W3195538230
https://openalex.org/W3202740685
https://openalex.org/W4225495011
https://openalex.org/W4226242779
https://openalex.org/W3118654596
https://openalex.org/W4210783108
https://openalex.org/W4213423871
https://openalex.org/W4286376971
https://openalex.org/W4286698482
https://openalex.org/W4292454792
https://openalex.org/W4386157621
https://openalex.org/W4389947118
https://openalex.org/W4390030993
https://openalex.org/W4390611635
https://openalex.org/W4390670145
https://openalex.org/W4390670603
https://openalex.org/W4390670636
https://openalex.org/W4390699073
https://openalex.org/W4391004169
https://openalex.org/W4391055281
https://openalex.org/W4391055348
https://openalex.org/W4391158768
https://openalex.org/W4391178319
https://openalex.org/W4391337610
https://openalex.org/W4391376604
https://openalex.org/W4391484553
https://openalex.org/W4391487358
https://openalex.org/W4391787572
https://openalex.org/W4391799422
https://openalex.org/W4391801141
https://openalex.org/W4391811241
https://openalex.org/W4391838395
https://openalex.org/W4391957031
https://openalex.org/W4391993563
https://openalex.org/W4392002838
https://openalex.org/W4392013368
https://openalex.org/W4392044556
https://openalex.org/W4392106190
https://openalex.org/W4392151742
https://openalex.org/W4392292119
https://openalex.org/W4392299665
https://openalex.org/W4392344990
https://openalex.org/W4392372635
https://openalex.org/W4392376985
https://openalex.org/W4392402877
https://openalex.org/W4392458952
https://openalex.org/W4392459275
https://openalex.org/W4392461635
https://openalex.org/W4392515232
https://openalex.org/W4392593062
https://openalex.org/W4392595021
https://openalex.org/W4392602703
https://openalex.org/W4392615500
https://openalex.org/W4392638449
https://openalex.org/W4392640457
https://openalex.org/W4392761119
https://openalex.org/W4392763021
https://openalex.org/W4392926880
https://openalex.org/W4392929820
https://openalex.org/W4393069747
https://openalex.org/W4393127905
https://openalex.org/W4393155709
https://openalex.org/W4393204007
https://openalex.org/W4393204029
https://openalex.org/W4393224492
https://openalex.org/W4393250784
https://openalex.org/W4393341016
https://openalex.org/W4393379775
https://openalex.org/W4393404603
https://openalex.org/W4393872437
https://openalex.org/W4393986309
https://openalex.org/W4393989030
https://openalex.org/W4394691658
https://openalex.org/W4394715084
https://openalex.org/W4394723910
https://openalex.org/W4394760980
https://openalex.org/W4394765929
https://openalex.org/W4394852617
https://openalex.org/W4394853916
https://openalex.org/W4394960938
https://openalex.org/W4394964670
https://openalex.org/W4395044595
https://openalex.org/W4395110907
https://openalex.org/W4395452868
https://openalex.org/W4396502363
https://openalex.org/W4396558403
https://openalex.org/W4396592855
https://openalex.org/W1988864330
https://openalex.org/W1985818013
https://openalex.org/W2052910040
https://openalex.org/W2152259447
https://openalex.org/W2163794777
https://openalex.org/W134028361
https://openalex.org/W1980958408
https://openalex.org/W2082833500
https://openalex.org/W2091856868
https://openalex.org/W2006660414
https://openalex.org/W2105291207
https://openalex.org/W169555493
https://openalex.org/W1995295682
https://openalex.org/W2012587711
https://openalex.org/W2076751631
https://openalex.org/W2118886292
https://openalex.org/W1966607567
https://openalex.org/W2012041524
https://openalex.org/W2080426735
https://openalex.org/W2147992516
https://openalex.org/W1975227103
https://openalex.org/W2068357256
https://openalex.org/W2119619008
https://openalex.org/W2577728545
https://openalex.org/W2004614040
https://openalex.org/W2014539364
https://openalex.org/W2153340582
https://openalex.org/W1969606676
https://openalex.org/W2095521823
https://openalex.org/W2024062174
https://openalex.org/W2068156448
https://openalex.org/W1987702422
https://openalex.org/W1996186033
https://openalex.org/W2033724690
https://openalex.org/W2410749291
https://openalex.org/W3102032820
https://openalex.org/W2076463798
https://openalex.org/W2111990836
https://openalex.org/W2035282949
https://openalex.org/W4230381827
https://openalex.org/W2080139231
https://openalex.org/W2325935268
https://openalex.org/W2036110623
https://openalex.org/W2084639155
https://openalex.org/W2168248789
https://openalex.org/W1966421103
https://openalex.org/W2034260636
https://openalex.org/W2315017697
https://openalex.org/W1967534926
https://openalex.org/W1993531730
https://openalex.org/W2017716687
https://openalex.org/W2136585192
https://openalex.org/W2148560498
https://openalex.org/W1964099320
https://openalex.org/W1982454604
https://openalex.org/W1990895899
https://openalex.org/W2028435520
https://openalex.org/W2045180895
https://openalex.org/W2047885410
https://openalex.org/W2321647552
https://openalex.org/W2079020190
https://openalex.org/W2129002809
https://openalex.org/W2131983862
https://openalex.org/W2167602803
https://openalex.org/W2743339518
https://openalex.org/W1866805582
https://openalex.org/W1897352408
https://openalex.org/W2012539159
https://openalex.org/W2124577620
https://openalex.org/W2472636282
https://openalex.org/W2516233865
https://openalex.org/W2531232335
https://openalex.org/W2727244691
https://openalex.org/W2766985594
https://openalex.org/W2767113052
https://openalex.org/W2805183586
https://openalex.org/W2901936812
https://openalex.org/W1116450978
https://openalex.org/W1266178491
https://openalex.org/W2088158319
https://openalex.org/W2366978385
https://openalex.org/W2475333461
https://openalex.org/W2507499879
https://openalex.org/W2598903974
https://openalex.org/W2607002724
https://openalex.org/W2616483096
https://openalex.org/W2726258267
https://openalex.org/W2740464429
https://openalex.org/W2968679590
https://openalex.org/W3102422435
https://openalex.org/W2261406602
https://openalex.org/W2269685961
https://openalex.org/W2521065225
https://openalex.org/W2527458594
https://openalex.org/W2550488372
https://openalex.org/W2945697266
https://openalex.org/W2952085366
https://openalex.org/W2918201399
https://openalex.org/W2945728075
https://openalex.org/W3084103077
https://openalex.org/W3198194658
https://openalex.org/W4226365840
https://openalex.org/W4317708732
https://openalex.org/W4324030284
https://openalex.org/W4327591638
https://openalex.org/W4376871485
https://openalex.org/W4377145680
https://openalex.org/W4377564500
https://openalex.org/W4381848071
https://openalex.org/W4383212905
https://openalex.org/W4384560118
https://openalex.org/W4384563886
https://openalex.org/W4386784507
https://openalex.org/W4387015799
https://openalex.org/W4387301246
https://openalex.org/W4387957634
https://openalex.org/W4388366194
https://openalex.org/W4388632683
https://openalex.org/W4388907246
https://openalex.org/W4389069254
https://openalex.org/W2030414213
https://openalex.org/W2035121121
https://openalex.org/W2070778029
https://openalex.org/W2033268971
https://openalex.org/W1984274427
https://openalex.org/W2032219743
https://openalex.org/W2057059744
https://openalex.org/W2089767789
https://openalex.org/W2079231462
https://openalex.org/W2147379266
https://openalex.org/W2170860256
https://openalex.org/W2041491374
https://openalex.org/W2043684938
https://openalex.org/W1971752079
https://openalex.org/W2093231346
https://openalex.org/W2414744776
https://openalex.org/W1536588853
https://openalex.org/W2006067737
https://openalex.org/W1857856834
https://openalex.org/W1982389873
https://openalex.org/W2004135735
https://openalex.org/W2009903907
https://openalex.org/W2075188498
https://openalex.org/W2419512901
https://openalex.org/W42664448
https://openalex.org/W1979526859
https://openalex.org/W1992696077
https://openalex.org/W1994492781
https://openalex.org/W1971122422
https://openalex.org/W2001396262
https://openalex.org/W2012868985
https://openalex.org/W2064941025
https://openalex.org/W2067148276
https://openalex.org/W2098683191
https://openalex.org/W2056298896
https://openalex.org/W1653559123
https://openalex.org/W2009848789
https://openalex.org/W2012628705
https://openalex.org/W1584473399
https://openalex.org/W1640219703
https://openalex.org/W2054543879
https://openalex.org/W2316922652
https://openalex.org/W2320077295
https://openalex.org/W2418688230
https://openalex.org/W2001827591
https://openalex.org/W1578302947
https://openalex.org/W1965263928
https://openalex.org/W1968502993
https://openalex.org/W2062204460
https://openalex.org/W2070512793
https://openalex.org/W2132970479
https://openalex.org/W2183232356
https://openalex.org/W2326093655
https://openalex.org/W2615396460
https://openalex.org/W1966629572
https://openalex.org/W1972752844
https://openalex.org/W2002791727
https://openalex.org/W2018493853
https://openalex.org/W2109994277
https://openalex.org/W2158009107
https://openalex.org/W2517072933
https://openalex.org/W2605375285
https://openalex.org/W2612647431
https://openalex.org/W2773156629
https://openalex.org/W2789540992
https://openalex.org/W2897500222
https://openalex.org/W1641135985
https://openalex.org/W2018128674
https://openalex.org/W2061872867
https://openalex.org/W2213310492
https://openalex.org/W2580418888
https://openalex.org/W2600016238
https://openalex.org/W2182662992
https://openalex.org/W2307545345
https://openalex.org/W2897545692
https://openalex.org/W2907638469
https://openalex.org/W2975630948
https://openalex.org/W3088265234
https://openalex.org/W3023577214
https://openalex.org/W3029856341
https://openalex.org/W3031957954
https://openalex.org/W3107088662
https://openalex.org/W3120862067
https://openalex.org/W3198758102
https://openalex.org/W3210400574
https://openalex.org/W4206148256
https://openalex.org/W4226475669
https://openalex.org/W4292210464
https://openalex.org/W2021414744
https://openalex.org/W1964564259
https://openalex.org/W1997299838
https://openalex.org/W2029897393
https://openalex.org/W2072316483
https://openalex.org/W2087673603
https://openalex.org/W1983445513
https://openalex.org/W2023009909
https://openalex.org/W1567165111
https://openalex.org/W1807303982
https://openalex.org/W2009979078
https://openalex.org/W2022769884
https://openalex.org/W2039164972
https://openalex.org/W2042569961
https://openalex.org/W2058676962
https://openalex.org/W2395597264
https://openalex.org/W2165492625
https://openalex.org/W1984444309
https://openalex.org/W1987372831
https://openalex.org/W2064712377
https://openalex.org/W2072734766
https://openalex.org/W2080163644
https://openalex.org/W2140939469
https://openalex.org/W2048937737
https://openalex.org/W2080984328
https://openalex.org/W2007276942
https://openalex.org/W2010138143
https://openalex.org/W2020170644
https://openalex.org/W2034806321
https://openalex.org/W1978670047
https://openalex.org/W2022225917
https://openalex.org/W2081444506
https://openalex.org/W2133823640
https://openalex.org/W1485849769
https://openalex.org/W1994327578
https://openalex.org/W2071807099
https://openalex.org/W3104852537
https://openalex.org/W1967653862
https://openalex.org/W1969443153
https://openalex.org/W2010612857
https://openalex.org/W2032417143
https://openalex.org/W2038719979
https://openalex.org/W2040924172
https://openalex.org/W2058869541
https://openalex.org/W2126815739
https://openalex.org/W2129019837
https://openalex.org/W2168904711
https://openalex.org/W1582676199
https://openalex.org/W1991898711
https://openalex.org/W2019541045
https://openalex.org/W2040108980
https://openalex.org/W2054855775
https://openalex.org/W2095586764
https://openalex.org/W2145713685
https://openalex.org/W1680055391
https://openalex.org/W1976509546
https://openalex.org/W2166953500
https://openalex.org/W2279457041
https://openalex.org/W2596972935
https://openalex.org/W2741473383
https://openalex.org/W2962977475
https://openalex.org/W2061886415
https://openalex.org/W2068536848
https://openalex.org/W2085730199
https://openalex.org/W2231073766
https://openalex.org/W2346988384
https://openalex.org/W2563075399
https://openalex.org/W2572735802
https://openalex.org/W2625539025
https://openalex.org/W2790693271
https://openalex.org/W2802841424
https://openalex.org/W2802989638
https://openalex.org/W2804855734
https://openalex.org/W2908597609
https://openalex.org/W2959497303
https://openalex.org/W2994709490
https://openalex.org/W2341216530
https://openalex.org/W2926973408
https://openalex.org/W2950911425
https://openalex.org/W2980745162
https://openalex.org/W2981998181
https://openalex.org/W2986785318
https://openalex.org/W2991632910
https://openalex.org/W944997399
https://openalex.org/W3018961402
https://openalex.org/W3027872361
https://openalex.org/W3047113024
https://openalex.org/W3095724199
https://openalex.org/W3155390395
https://openalex.org/W3166926472
https://openalex.org/W3185756569
https://openalex.org/W3197728331
https://openalex.org/W3212261896
https://openalex.org/W4200474275
https://openalex.org/W3195973916
https://openalex.org/W4210627616
https://openalex.org/W4285745068
https://openalex.org/W4286209507
https://openalex.org/W4286495735
https://openalex.org/W2087456123
https://openalex.org/W4244061099
https://openalex.org/W2039921709
https://openalex.org/W2001671783
https://openalex.org/W2012008863
https://openalex.org/W2034335869
https://openalex.org/W2065867601
https://openalex.org/W2036265803
https://openalex.org/W2014691395
https://openalex.org/W2015744264
https://openalex.org/W2090614244
https://openalex.org/W2053253105
https://openalex.org/W2102074719
https://openalex.org/W1981690551
https://openalex.org/W2021218878
https://openalex.org/W2028642030
https://openalex.org/W2007582966
https://openalex.org/W2020265104
https://openalex.org/W2030965796
https://openalex.org/W2118948463
https://openalex.org/W1623639833
https://openalex.org/W1967696219
https://openalex.org/W1971349153
https://openalex.org/W1972864968
https://openalex.org/W2029248725
https://openalex.org/W2046477073
https://openalex.org/W2132633848
https://openalex.org/W2138582257
https://openalex.org/W2086675120
https://openalex.org/W2092056559
https://openalex.org/W2152693665
https://openalex.org/W185562670
https://openalex.org/W2016204045
https://openalex.org/W2030562438
https://openalex.org/W2007107231
https://openalex.org/W1964727572
https://openalex.org/W1967314308
https://openalex.org/W2031655884
https://openalex.org/W2059270229
https://openalex.org/W2060844582
https://openalex.org/W2061206606
https://openalex.org/W2067375048
https://openalex.org/W2133753939
https://openalex.org/W2322696956
https://openalex.org/W1970053690
https://openalex.org/W1973916513
https://openalex.org/W1979739153
https://openalex.org/W1992897353
https://openalex.org/W2018612712
https://openalex.org/W2029445783
https://openalex.org/W2070004698
https://openalex.org/W2076857392
https://openalex.org/W2083459142
https://openalex.org/W2092552262
https://openalex.org/W2137535703
https://openalex.org/W2150348881
https://openalex.org/W2520934057
https://openalex.org/W2581130297
https://openalex.org/W2763090158
https://openalex.org/W2772050990
https://openalex.org/W2805394656
https://openalex.org/W2808479201
https://openalex.org/W2885130446
https://openalex.org/W644190167
https://openalex.org/W1558146513
https://openalex.org/W1575140717
https://openalex.org/W2023112290
https://openalex.org/W2084507953
https://openalex.org/W2144391631
https://openalex.org/W2254709675
https://openalex.org/W2763029929
https://openalex.org/W2892184671
https://openalex.org/W2900358733
https://openalex.org/W290671805
https://openalex.org/W2906946288
https://openalex.org/W2922705392
https://openalex.org/W2960024786
https://openalex.org/W1970866240
https://openalex.org/W2471914217
https://openalex.org/W2489677929
https://openalex.org/W2522024170
https://openalex.org/W2553025539
https://openalex.org/W2553426338
https://openalex.org/W3024491871
https://openalex.org/W3048230411
https://openalex.org/W3089214058
https://openalex.org/W1561574719
https://openalex.org/W3036837651
https://openalex.org/W3043848572
https://openalex.org/W3117178885
https://openalex.org/W3206535819
https://openalex.org/W3158325922
https://openalex.org/W3168118109
https://openalex.org/W3180916373
https://openalex.org/W3185507836
https://openalex.org/W3186022423
https://openalex.org/W3188849958
https://openalex.org/W3210456119
https://openalex.org/W4245747635
https://openalex.org/W2010078330
https://openalex.org/W1985148816
https://openalex.org/W2002867993
https://openalex.org/W2027377959
https://openalex.org/W2024133208
https://openalex.org/W2136679956
https://openalex.org/W1998001090
https://openalex.org/W2036330463
https://openalex.org/W2072204098
https://openalex.org/W2136063508
https://openalex.org/W2053423193
https://openalex.org/W1659973886
https://openalex.org/W2073279689
https://openalex.org/W2159075520
https://openalex.org/W1965412121
https://openalex.org/W2005011036
https://openalex.org/W2013499350
https://openalex.org/W2054149254
https://openalex.org/W2068794926
https://openalex.org/W2101579018
https://openalex.org/W1577177396
https://openalex.org/W1985163536
https://openalex.org/W2012443121
https://openalex.org/W2045539203
https://openalex.org/W2051181898
https://openalex.org/W2065860047
https://openalex.org/W2313159708
https://openalex.org/W1648220190
https://openalex.org/W2024331258
https://openalex.org/W2044859904
https://openalex.org/W2050243366
https://openalex.org/W2144617697
https://openalex.org/W2005818186
https://openalex.org/W2022087919
https://openalex.org/W2083786822
https://openalex.org/W2011674277
https://openalex.org/W2018738647
https://openalex.org/W2026976481
https://openalex.org/W2028501580
https://openalex.org/W1498132998
https://openalex.org/W1964221059
https://openalex.org/W2031303133
https://openalex.org/W2092516856
https://openalex.org/W1759653944
https://openalex.org/W1963696362
https://openalex.org/W1970982515
https://openalex.org/W2003293419
https://openalex.org/W2207304194
https://openalex.org/W2603664936
https://openalex.org/W2755398061
https://openalex.org/W2784538180
https://openalex.org/W2793952668
https://openalex.org/W2804902152
https://openalex.org/W2888793364
https://openalex.org/W2893653496
https://openalex.org/W2912749735
https://openalex.org/W2950893760
https://openalex.org/W2982262366
https://openalex.org/W57030900
https://openalex.org/W2060212287
https://openalex.org/W2084265270
https://openalex.org/W2206896616
https://openalex.org/W2291614465
https://openalex.org/W2335814271
https://openalex.org/W2435040436
https://openalex.org/W2471582835
https://openalex.org/W2481309556
https://openalex.org/W2527778453
https://openalex.org/W2549200170
https://openalex.org/W2917071361
https://openalex.org/W2947274563
https://openalex.org/W2950716959
https://openalex.org/W2964640842
https://openalex.org/W2970910809
https://openalex.org/W2975757660
https://openalex.org/W2990239019
https://openalex.org/W2993248808
https://openalex.org/W2981787889
https://openalex.org/W3003732552
https://openalex.org/W3086184711
https://openalex.org/W3124922527
https://openalex.org/W3128861074
https://openalex.org/W3131516314
https://openalex.org/W3155792901
https://openalex.org/W3158426252
https://openalex.org/W3162687420
https://openalex.org/W3176126376
https://openalex.org/W2340041238
https://openalex.org/W4205753378
https://openalex.org/W4206632106
https://openalex.org/W4210334752
https://openalex.org/W4210774399
https://openalex.org/W4210999565
https://openalex.org/W4211119266
https://openalex.org/W4214933792
https://openalex.org/W4229022686
https://openalex.org/W4281913109
https://openalex.org/W4283659289
https://openalex.org/W4293367495
https://openalex.org/W4294176232
https://openalex.org/W4303959069
https://openalex.org/W4307336208
https://openalex.org/W4313304529
https://openalex.org/W4313591779
https://openalex.org/W4316495392
https://openalex.org/W4323361214
https://openalex.org/W4360939535
https://openalex.org/W4362596956
https://openalex.org/W4362653593
https://openalex.org/W4365483358
https://openalex.org/W4375954688
https://openalex.org/W4376644154
https://openalex.org/W4379467567
https://openalex.org/W4381232811
https://openalex.org/W4381470275
https://openalex.org/W4381681791
https://openalex.org/W4382775302
https://openalex.org/W4382992612
https://openalex.org/W4385224781
https://openalex.org/W4385289299
https://openalex.org/W4385658459
https://openalex.org/W4386170080
https://openalex.org/W4386249294
https://openalex.org/W4386270749
https://openalex.org/W4386366482
https://openalex.org/W4386886631
https://openalex.org/W4386896866
https://openalex.org/W4386994190
https://openalex.org/W4386995654
https://openalex.org/W4387235575
https://openalex.org/W4387369851
https://openalex.org/W4387805700
https://openalex.org/W4388522577
https://openalex.org/W4388590864
https://openalex.org/W4388628087
https://openalex.org/W4388754952
https://openalex.org/W4389221689
https://openalex.org/W1981467843
https://openalex.org/W2045152189
https://openalex.org/W1985910845
https://openalex.org/W2018413951
https://openalex.org/W2011144729
https://openalex.org/W2006605206
https://openalex.org/W2040117625
https://openalex.org/W2049326507
https://openalex.org/W2060171816
https://openalex.org/W2003055513
https://openalex.org/W2035259872
https://openalex.org/W2054257185
https://openalex.org/W2002753386
https://openalex.org/W2086322937
https://openalex.org/W2749639919
https://openalex.org/W2981282592
https://openalex.org/W2014621280
https://openalex.org/W2064199325
https://openalex.org/W2067240231
https://openalex.org/W4230525131
https://openalex.org/W2007044660
https://openalex.org/W2547253369
https://openalex.org/W2314577553
https://openalex.org/W1981263705
https://openalex.org/W1983770481
https://openalex.org/W1991132008
https://openalex.org/W2002512644
https://openalex.org/W2082493969
https://openalex.org/W2100583546
https://openalex.org/W1993543006
https://openalex.org/W2025407513
https://openalex.org/W2063857116
https://openalex.org/W2109196820
https://openalex.org/W2112165784
https://openalex.org/W1972887683
https://openalex.org/W2015080029
https://openalex.org/W2078385050
https://openalex.org/W3098923294
https://openalex.org/W1979958813
https://openalex.org/W2003014526
https://openalex.org/W2037035518
https://openalex.org/W2075399728
https://openalex.org/W2158132810
https://openalex.org/W2312800900
https://openalex.org/W2603202828
https://openalex.org/W2610648601
https://openalex.org/W2898247665
https://openalex.org/W1192502289
https://openalex.org/W2049314111
https://openalex.org/W2134731955
https://openalex.org/W2237979978
https://openalex.org/W2307850428
https://openalex.org/W2318300255
https://openalex.org/W2398590131
https://openalex.org/W2576658598
https://openalex.org/W2701567007
https://openalex.org/W2916710647
https://openalex.org/W2947493378
https://openalex.org/W2961852463
https://openalex.org/W643253790
https://openalex.org/W2586169274
https://openalex.org/W2035067816
https://openalex.org/W1580264049
https://openalex.org/W1973042391
https://openalex.org/W1981947779
https://openalex.org/W1999288920
https://openalex.org/W2010756096
https://openalex.org/W2087573926
https://openalex.org/W2091483905
https://openalex.org/W2154993912
https://openalex.org/W243228969
https://openalex.org/W2951003709
https://openalex.org/W2058877011
https://openalex.org/W1992735753
https://openalex.org/W2076919362
https://openalex.org/W2134082545
https://openalex.org/W1968744861
https://openalex.org/W2030117893
https://openalex.org/W2088354637
https://openalex.org/W2005991118
https://openalex.org/W2062607750
https://openalex.org/W2366714608
https://openalex.org/W2009210508
https://openalex.org/W2044636438
https://openalex.org/W2064517924
https://openalex.org/W2110256746
https://openalex.org/W2542377932
https://openalex.org/W2022709147
https://openalex.org/W2049638578
https://openalex.org/W2098812750
https://openalex.org/W1974153873
https://openalex.org/W1976723948
https://openalex.org/W1984154933
https://openalex.org/W2011180929
https://openalex.org/W2017665097
https://openalex.org/W2019395596
https://openalex.org/W2082334669
https://openalex.org/W2087678296
https://openalex.org/W2102881601
https://openalex.org/W2124974391
https://openalex.org/W2134736391
https://openalex.org/W2161135634
https://openalex.org/W2325494764
https://openalex.org/W1984004873
https://openalex.org/W1988764259
https://openalex.org/W1992889063
https://openalex.org/W2010664310
https://openalex.org/W2023017312
https://openalex.org/W2047097608
https://openalex.org/W2056658370
https://openalex.org/W2169939060
https://openalex.org/W2204500541
https://openalex.org/W2263262200
https://openalex.org/W2461589501
https://openalex.org/W2577481829
https://openalex.org/W2587591457
https://openalex.org/W2587803463
https://openalex.org/W2590604511
https://openalex.org/W2621069593
https://openalex.org/W2622591512
https://openalex.org/W2743250919
https://openalex.org/W2772342078
https://openalex.org/W2774470662
https://openalex.org/W2781627038
https://openalex.org/W2941194369
https://openalex.org/W2957914859
https://openalex.org/W2974767976
https://openalex.org/W2977005137
https://openalex.org/W2979523191
https://openalex.org/W2988746977
https://openalex.org/W2997602206
https://openalex.org/W3012068051
https://openalex.org/W3015115777
https://openalex.org/W3018221003
https://openalex.org/W3033910370
https://openalex.org/W3041466558
https://openalex.org/W3047770339
https://openalex.org/W3101263983
https://openalex.org/W3103888252
https://openalex.org/W3104414440
https://openalex.org/W3115543072
https://openalex.org/W2285503936
https://openalex.org/W2567326650
https://openalex.org/W3083834068
https://openalex.org/W3136726685
https://openalex.org/W3155522561
https://openalex.org/W4200082631
https://openalex.org/W4206255428
https://openalex.org/W4226167851
https://openalex.org/W1971654714
https://openalex.org/W2110032811
https://openalex.org/W1970999189
https://openalex.org/W1983044917
https://openalex.org/W1989845461
https://openalex.org/W2049026904
https://openalex.org/W2160444623
https://openalex.org/W2001997272
https://openalex.org/W2118234012
https://openalex.org/W3013844178
https://openalex.org/W1970043614
https://openalex.org/W2414233118
https://openalex.org/W1993370679
https://openalex.org/W2029009548
https://openalex.org/W2073698271
https://openalex.org/W2082058092
https://openalex.org/W1981744630
https://openalex.org/W2037109553
https://openalex.org/W2168747637
https://openalex.org/W2132076198
https://openalex.org/W2157210707
https://openalex.org/W2170329551
https://openalex.org/W2435047934
https://openalex.org/W1976402920
https://openalex.org/W1975735487
https://openalex.org/W2013200239
https://openalex.org/W2032341620
https://openalex.org/W2086180531
https://openalex.org/W2144821062
https://openalex.org/W2161403678
https://openalex.org/W2277589524
https://openalex.org/W1524588018
https://openalex.org/W1980475304
https://openalex.org/W1993872268
https://openalex.org/W2128220265
https://openalex.org/W2790313639
https://openalex.org/W2811219157
https://openalex.org/W321836071
https://openalex.org/W1967164750
https://openalex.org/W1969621662
https://openalex.org/W1969664256
https://openalex.org/W1977090832
https://openalex.org/W1991532455
https://openalex.org/W1991863641
https://openalex.org/W1995151426
https://openalex.org/W2020556045
https://openalex.org/W2066188917
https://openalex.org/W2145391074
https://openalex.org/W2266318680
https://openalex.org/W2300353466
https://openalex.org/W2325911540
https://openalex.org/W2333925597
https://openalex.org/W2553400710
https://openalex.org/W2562440237
https://openalex.org/W2594005322
https://openalex.org/W2742964537
https://openalex.org/W2766011176
https://openalex.org/W2771826872
https://openalex.org/W2902457777
https://openalex.org/W2938970638
https://openalex.org/W2973221195
https://openalex.org/W2997111919
https://openalex.org/W3004882235
https://openalex.org/W3006040923
https://openalex.org/W3035271018
https://openalex.org/W3045333502
https://openalex.org/W3046520258
https://openalex.org/W3116980779
https://openalex.org/W4240503985
https://openalex.org/W833918816
https://openalex.org/W901978113
https://openalex.org/W3044787704
https://openalex.org/W3131690151
https://openalex.org/W3132213256
https://openalex.org/W3136217431
https://openalex.org/W3170566174
https://openalex.org/W3177769622
https://openalex.org/W3211910812
https://openalex.org/W3217496416
https://openalex.org/W4225922038
https://openalex.org/W4280515710
https://openalex.org/W4294843755
https://openalex.org/W4295678686
https://openalex.org/W4296932805
https://openalex.org/W4306292695
https://openalex.org/W4306405725
https://openalex.org/W1988958936
https://openalex.org/W1992696541
https://openalex.org/W2036789598
https://openalex.org/W2086774656
https://openalex.org/W1977923116
https://openalex.org/W1978530966
https://openalex.org/W2003904071
https://openalex.org/W2008196169
https://openalex.org/W2023688890
https://openalex.org/W2076150458
https://openalex.org/W2088786085
https://openalex.org/W1968770562
https://openalex.org/W1971763414
https://openalex.org/W1973590464
https://openalex.org/W2003190420
https://openalex.org/W2067785600
https://openalex.org/W2072106171
https://openalex.org/W2119405742
https://openalex.org/W4246388134
https://openalex.org/W237348700
https://openalex.org/W107357630
https://openalex.org/W2018966750
https://openalex.org/W2036830039
https://openalex.org/W2376864096
https://openalex.org/W1980809496
https://openalex.org/W2020629787
https://openalex.org/W2022052847
https://openalex.org/W2085719752
https://openalex.org/W1964198992
https://openalex.org/W1971777942
https://openalex.org/W1997993115
https://openalex.org/W2040391557
https://openalex.org/W2119015685
https://openalex.org/W2135141275
https://openalex.org/W160180122
https://openalex.org/W2011876662
https://openalex.org/W2024282057
https://openalex.org/W2030625155
https://openalex.org/W2040452893
https://openalex.org/W2074641829
https://openalex.org/W2787255329
https://openalex.org/W2799796842
https://openalex.org/W2810245498
https://openalex.org/W2811240037
https://openalex.org/W2906092349
https://openalex.org/W2908099271
https://openalex.org/W2913063534
https://openalex.org/W1805637579
https://openalex.org/W1978844888
https://openalex.org/W1979600621
https://openalex.org/W1994247041
https://openalex.org/W2004067863
https://openalex.org/W2015613200
https://openalex.org/W2017691929
https://openalex.org/W2023298401
https://openalex.org/W2027629138
https://openalex.org/W2027784696
https://openalex.org/W2039930001
https://openalex.org/W2065237063
https://openalex.org/W2066613732
https://openalex.org/W2080214819
https://openalex.org/W2081922744
https://openalex.org/W2083285864
https://openalex.org/W2089001740
https://openalex.org/W2095330578
https://openalex.org/W2162964571
https://openalex.org/W2191673200
https://openalex.org/W2224093735
https://openalex.org/W2290085000
https://openalex.org/W2318253017
https://openalex.org/W2330083349
https://openalex.org/W2350478952
https://openalex.org/W2421059386
https://openalex.org/W2519947848
https://openalex.org/W2549530105
https://openalex.org/W2566074909
https://openalex.org/W2596462118
https://openalex.org/W2607446694
https://openalex.org/W2957162200
https://openalex.org/W3011228243
https://openalex.org/W3011615813
https://openalex.org/W3035190826
https://openalex.org/W3035861780
https://openalex.org/W3038188692
https://openalex.org/W3043926085
https://openalex.org/W3101004448
https://openalex.org/W2019820864
https://openalex.org/W2022389043
https://openalex.org/W2075410181
https://openalex.org/W2004420892
https://openalex.org/W2088741321
https://openalex.org/W2167657350
https://openalex.org/W2041262579
https://openalex.org/W2051904314
https://openalex.org/W2064547232
https://openalex.org/W2414361926
https://openalex.org/W1996287289
https://openalex.org/W2415694239
https://openalex.org/W2062319991
https://openalex.org/W2116122762
https://openalex.org/W1980397633
https://openalex.org/W2001669456
https://openalex.org/W2016121817
https://openalex.org/W2034502636
https://openalex.org/W1976572837
https://openalex.org/W2104454452
https://openalex.org/W2134688237
https://openalex.org/W2394889704
https://openalex.org/W2563511295
https://openalex.org/W2766864539
https://openalex.org/W2776102547
https://openalex.org/W2790629418
https://openalex.org/W2901452023
https://openalex.org/W2905022113
https://openalex.org/W2911737345
https://openalex.org/W2943346946
https://openalex.org/W2951604405
https://openalex.org/W2971475182
https://openalex.org/W2976776131
https://openalex.org/W2995509117
https://openalex.org/W1578511473
https://openalex.org/W1881553049
https://openalex.org/W1986442608
https://openalex.org/W1992175621
https://openalex.org/W2008743088
https://openalex.org/W2058885247
https://openalex.org/W2062668622
https://openalex.org/W2237717686
https://openalex.org/W2259034786
https://openalex.org/W2282157065
https://openalex.org/W2290423967
https://openalex.org/W2546053606
https://openalex.org/W2549593459
https://openalex.org/W2571897170
https://openalex.org/W2759004457
https://openalex.org/W3120746090
https://openalex.org/W3122505136
https://openalex.org/W3127035398
https://openalex.org/W3129555040
https://openalex.org/W3196164586
https://openalex.org/W3200798015
https://openalex.org/W3202891061
https://openalex.org/W3217559228
https://openalex.org/W4380523052
https://openalex.org/W1966079039
https://openalex.org/W1985108280
https://openalex.org/W1988348184
https://openalex.org/W2046572384
https://openalex.org/W2081103407
https://openalex.org/W2089117413
https://openalex.org/W2331523045
https://openalex.org/W2376997727
https://openalex.org/W1965153096
https://openalex.org/W1995913510
https://openalex.org/W2075296192
https://openalex.org/W2085349928
https://openalex.org/W4313331991
https://openalex.org/W4385437321
https://openalex.org/W1526779823
https://openalex.org/W1982029238
https://openalex.org/W2089299549
https://openalex.org/W2255020711
https://openalex.org/W2010461816
https://openalex.org/W2081265092
https://openalex.org/W2095084745
https://openalex.org/W4231977663
https://openalex.org/W1989848619
https://openalex.org/W2370960581
https://openalex.org/W4387684897
https://openalex.org/W1982069370
https://openalex.org/W2028920352
https://openalex.org/W2542700453
https://openalex.org/W1965354424
https://openalex.org/W1967654006
https://openalex.org/W1967974092
https://openalex.org/W2029193812
https://openalex.org/W2032765150
https://openalex.org/W2037158403
https://openalex.org/W2040675916
https://openalex.org/W2045441146
https://openalex.org/W2055481039
https://openalex.org/W2059031115
https://openalex.org/W2073568894
https://openalex.org/W2080429638
https://openalex.org/W2087407666
https://openalex.org/W2092745615
https://openalex.org/W2105946700
https://openalex.org/W2328704334
https://openalex.org/W2592114048
https://openalex.org/W2596207441
https://openalex.org/W2619059956
https://openalex.org/W2634945648
https://openalex.org/W2758816582
https://openalex.org/W2901002866
https://openalex.org/W2902628159
https://openalex.org/W2912439315
https://openalex.org/W2924119503
https://openalex.org/W2948317637
https://openalex.org/W2966703011
https://openalex.org/W2970530803
https://openalex.org/W2990861929
https://openalex.org/W3015204578
https://openalex.org/W3035815526
https://openalex.org/W3082660573
https://openalex.org/W3082939499
https://openalex.org/W3084437950
https://openalex.org/W3087375845
https://openalex.org/W3088389573
https://openalex.org/W3099653088
https://openalex.org/W2276469637
https://openalex.org/W2289858186
https://openalex.org/W2345049435
https://openalex.org/W2392479065
https://openalex.org/W2533363140
https://openalex.org/W2536303746
https://openalex.org/W2544787689
https://openalex.org/W2587852351
https://openalex.org/W4200469741
https://openalex.org/W4205971093
https://openalex.org/W4214888228
https://openalex.org/W4214922703
https://openalex.org/W4223977673
https://openalex.org/W4224635308
https://openalex.org/W4296143721
https://openalex.org/W4298185454
https://openalex.org/W4304687561
https://openalex.org/W4307231921
https://openalex.org/W4307889857
https://openalex.org/W4309471419
https://openalex.org/W2028525228
https://openalex.org/W2014818762
https://openalex.org/W2032566077
https://openalex.org/W2039305578
https://openalex.org/W2049749863
https://openalex.org/W2054216953
https://openalex.org/W2069027386
https://openalex.org/W2070558093
https://openalex.org/W2075100350
https://openalex.org/W1988131987
https://openalex.org/W2082403478
https://openalex.org/W2098575524
https://openalex.org/W1929091024
https://openalex.org/W2039768130
https://openalex.org/W3000375049
https://openalex.org/W2030630923
https://openalex.org/W2075363141
https://openalex.org/W2083112555
https://openalex.org/W2086841119
https://openalex.org/W300126953
https://openalex.org/W120090172
https://openalex.org/W2041033111
https://openalex.org/W2075720443
https://openalex.org/W2113800339
https://openalex.org/W2353260031
https://openalex.org/W2395719763
https://openalex.org/W1977841689
https://openalex.org/W2029673849
https://openalex.org/W2052276253
https://openalex.org/W2105721215
https://openalex.org/W1552307325
https://openalex.org/W1971103612
https://openalex.org/W1973236444
https://openalex.org/W1978341852
https://openalex.org/W2005916114
https://openalex.org/W2019293656
https://openalex.org/W2022646830
https://openalex.org/W2049296842
https://openalex.org/W2049638071
https://openalex.org/W2055600392
https://openalex.org/W2058977112
https://openalex.org/W2088822723
https://openalex.org/W2089154226
https://openalex.org/W2091235235
https://openalex.org/W2105535652
https://openalex.org/W2160222891
https://openalex.org/W2169680314
https://openalex.org/W2312595559
https://openalex.org/W2314274750
https://openalex.org/W2315155990
https://openalex.org/W2317141630
https://openalex.org/W2330923345
https://openalex.org/W3004729634
https://openalex.org/W3101443224
https://openalex.org/W1966834921
https://openalex.org/W196937072
https://openalex.org/W1991830253
https://openalex.org/W2005211859
https://openalex.org/W2478620144
https://openalex.org/W2602219986
https://openalex.org/W1996902315
https://openalex.org/W2027622096
https://openalex.org/W2123400745
https://openalex.org/W1587725408
https://openalex.org/W2012846531
https://openalex.org/W2030016381
https://openalex.org/W2070200764
https://openalex.org/W2073384834
https://openalex.org/W2095548975
https://openalex.org/W2139940038
https://openalex.org/W2161973744
https://openalex.org/W2164332102
https://openalex.org/W2460035249
https://openalex.org/W2039157646
https://openalex.org/W2077358116
https://openalex.org/W2096839837
https://openalex.org/W2097017911
https://openalex.org/W2026722677
https://openalex.org/W2601827563
https://openalex.org/W2606272163
https://openalex.org/W2790232976
https://openalex.org/W2800515805
https://openalex.org/W2803076032
https://openalex.org/W2808149708
https://openalex.org/W2890243550
https://openalex.org/W2901146891
https://openalex.org/W2908454549
https://openalex.org/W2915043973
https://openalex.org/W2943669987
https://openalex.org/W2954177681
https://openalex.org/W3003946105
https://openalex.org/W3004031395
https://openalex.org/W3009166029
https://openalex.org/W3014976174
https://openalex.org/W3022238271
https://openalex.org/W3035877667
https://openalex.org/W3036895100
https://openalex.org/W3097136010
https://openalex.org/W3121310102
https://openalex.org/W3128275746
https://openalex.org/W3176305143
https://openalex.org/W3195740513
https://openalex.org/W3203537410
https://openalex.org/W3214038393
https://openalex.org/W3214974288
https://openalex.org/W4234296047
https://openalex.org/W2232760220
https://openalex.org/W2345618531
https://openalex.org/W2416035786
https://openalex.org/W2506204280
https://openalex.org/W2529340958
https://openalex.org/W2551937089
https://openalex.org/W4392944216
https://openalex.org/W1495965208
https://openalex.org/W2008064360
https://openalex.org/W2066363860
https://openalex.org/W2068233847
https://openalex.org/W2074732875
https://openalex.org/W2091663226
https://openalex.org/W1975629086
https://openalex.org/W1989258558
https://openalex.org/W1999892212
https://openalex.org/W2473504861
https://openalex.org/W4244385743
https://openalex.org/W2058549872
https://openalex.org/W2140213154
https://openalex.org/W1273541184
https://openalex.org/W2003131266
https://openalex.org/W2072428979
https://openalex.org/W1489196293
https://openalex.org/W1517833744
https://openalex.org/W1540598883
https://openalex.org/W1749767901
https://openalex.org/W1977040563
https://openalex.org/W1987054675
https://openalex.org/W1994234498
https://openalex.org/W1995067356
https://openalex.org/W1997658293
https://openalex.org/W2002466586
https://openalex.org/W2013451096
https://openalex.org/W2016917657
https://openalex.org/W2018026856
https://openalex.org/W2025899833
https://openalex.org/W2028250507
https://openalex.org/W2031138690
https://openalex.org/W2045478276
https://openalex.org/W2047773566
https://openalex.org/W2051123882
https://openalex.org/W2061024958
https://openalex.org/W2081606430
https://openalex.org/W2081813287
https://openalex.org/W2089951227
https://openalex.org/W2090530423
https://openalex.org/W2091957898
https://openalex.org/W2138324195
https://openalex.org/W2147346215
https://openalex.org/W2178149275
https://openalex.org/W2328475367
https://openalex.org/W2330015495
https://openalex.org/W2411765002
https://openalex.org/W2418359581
https://openalex.org/W2767607515
https://openalex.org/W2952294535
https://openalex.org/W2977018450
https://openalex.org/W4239773514
https://openalex.org/W4304136516
https://openalex.org/W4309332271
https://openalex.org/W4313420441
https://openalex.org/W4313823294
https://openalex.org/W4313877668
https://openalex.org/W4315881916
https://openalex.org/W4317394385
https://openalex.org/W4321189986
https://openalex.org/W4321783615
https://openalex.org/W4321845092
https://openalex.org/W4322616375
https://openalex.org/W4322622035
https://openalex.org/W4322717055
https://openalex.org/W4323361170
https://openalex.org/W4323830611
https://openalex.org/W4324355337
https://openalex.org/W4327915835
https://openalex.org/W4353113808
https://openalex.org/W4360104786
https://openalex.org/W4360852214
https://openalex.org/W4360889359
https://openalex.org/W4361881962
https://openalex.org/W4361904945
https://openalex.org/W4361944143
https://openalex.org/W4361950633
https://openalex.org/W4362586550
https://openalex.org/W4362589836
https://openalex.org/W4366206997
https://openalex.org/W4366266250
https://openalex.org/W4366343400
https://openalex.org/W4366472721
https://openalex.org/W4366603732
https://openalex.org/W4366729190
https://openalex.org/W4367607246
https://openalex.org/W4376121544
https://openalex.org/W4376460950
https://openalex.org/W4376485721
https://openalex.org/W4376877058
https://openalex.org/W4380450174
https://openalex.org/W4380450255
https://openalex.org/W4381839600
https://openalex.org/W4382051483
https://openalex.org/W4382502532
https://openalex.org/W4383311931
https://openalex.org/W4383860188
https://openalex.org/W4384343392
https://openalex.org/W4384345991
https://openalex.org/W4384346025
https://openalex.org/W4384664897
https://openalex.org/W4384812174
https://openalex.org/W4385068514
https://openalex.org/W4385240578
https://openalex.org/W4385246331
https://openalex.org/W4385254625
https://openalex.org/W4385340317
https://openalex.org/W4385373699
https://openalex.org/W4385649898
https://openalex.org/W4385649930
https://openalex.org/W4385649931
https://openalex.org/W4385649966
https://openalex.org/W4385650614
https://openalex.org/W4385650655
https://openalex.org/W4385650686
https://openalex.org/W4385650688
https://openalex.org/W4385650701
https://openalex.org/W4385650723
https://openalex.org/W4385650846
https://openalex.org/W4385650874
https://openalex.org/W4385650907
https://openalex.org/W4385650908
https://openalex.org/W4385650978
https://openalex.org/W4385651054
https://openalex.org/W4385836568
https://openalex.org/W4385836623
https://openalex.org/W4385836728
https://openalex.org/W4385836757
https://openalex.org/W4385838189
https://openalex.org/W4385838262
https://openalex.org/W4385838286
https://openalex.org/W4385838333
https://openalex.org/W4385838434
https://openalex.org/W4385838491
https://openalex.org/W4385838493
https://openalex.org/W4385838495
https://openalex.org/W4385838784
https://openalex.org/W4385893949
https://openalex.org/W4385894562
https://openalex.org/W4385970721
https://openalex.org/W4386100247
https://openalex.org/W4386139827
https://openalex.org/W4386170583
https://openalex.org/W4386346720
https://openalex.org/W4386414273
https://openalex.org/W4386421994
https://openalex.org/W4386507586
https://openalex.org/W4386544714
https://openalex.org/W4386594098
https://openalex.org/W4386689717
https://openalex.org/W4386825935
https://openalex.org/W4386918434
https://openalex.org/W4386939428
https://openalex.org/W4387618943
https://openalex.org/W4387651954
https://openalex.org/W4387800633
https://openalex.org/W4388011935
https://openalex.org/W4388021309
https://openalex.org/W4388045233
https://openalex.org/W4388079272
https://openalex.org/W4388482415
https://openalex.org/W4388494058
https://openalex.org/W4388529682
https://openalex.org/W4388574344
https://openalex.org/W4388589054
https://openalex.org/W4388762104
https://openalex.org/W4388848623
https://openalex.org/W4389179443
https://openalex.org/W4389194876
https://openalex.org/W4389260822
https://openalex.org/W4389340565
https://openalex.org/W4389714009
https://openalex.org/W4389944955
https://openalex.org/W4389956707
https://openalex.org/W4390957256
https://openalex.org/W4391638322
https://openalex.org/W4393470541
https://openalex.org/W4393535763
https://openalex.org/W4393544498
https://openalex.org/W4393655241
https://openalex.org/W4393925736
https://openalex.org/W4394039996
https://openalex.org/W4394436607
https://openalex.org/W1987302896
https://openalex.org/W1990080158
https://openalex.org/W2024781059
https://openalex.org/W2061526912
https://openalex.org/W2080569735
https://openalex.org/W2086404155
https://openalex.org/W1990288899
https://openalex.org/W2004080519
https://openalex.org/W2075943102
https://openalex.org/W161853186
https://openalex.org/W2000105020
https://openalex.org/W2131230003
https://openalex.org/W1492588799
https://openalex.org/W1969114013
https://openalex.org/W2028712223
https://openalex.org/W2048538635
https://openalex.org/W2052621655
https://openalex.org/W2080060138
https://openalex.org/W2103419994
https://openalex.org/W2402534776
https://openalex.org/W2586082312
https://openalex.org/W2610498582
https://openalex.org/W2611325315
https://openalex.org/W2621211178
https://openalex.org/W2737013542
https://openalex.org/W2754771954
https://openalex.org/W2767967333
https://openalex.org/W2978839953
https://openalex.org/W3094557688
https://openalex.org/W3102353372
https://openalex.org/W1493496476
https://openalex.org/W2316713204
https://openalex.org/W2411835902
https://openalex.org/W1521865516
https://openalex.org/W2401543547
https://openalex.org/W2019494666
https://openalex.org/W2034284354
https://openalex.org/W2042315754
https://openalex.org/W2058736097
https://openalex.org/W2064442829
https://openalex.org/W2071351761
https://openalex.org/W2419388703
https://openalex.org/W2502919568
https://openalex.org/W1719679439
https://openalex.org/W2001443838
https://openalex.org/W2022032855
https://openalex.org/W2047136230
https://openalex.org/W2064938440
https://openalex.org/W2082377433
https://openalex.org/W2156270722
https://openalex.org/W2187410565
https://openalex.org/W2768461043
https://openalex.org/W2890577516
https://openalex.org/W2892396825
https://openalex.org/W2906257397
https://openalex.org/W2910717946
https://openalex.org/W2942748420
https://openalex.org/W2946448778
https://openalex.org/W2947691703
https://openalex.org/W2964692637
https://openalex.org/W2965460238
https://openalex.org/W2978617060
https://openalex.org/W2982457381
https://openalex.org/W2982622369
https://openalex.org/W2985653034
https://openalex.org/W3007031328
https://openalex.org/W3015404217
https://openalex.org/W3038479444
https://openalex.org/W3045384380
https://openalex.org/W3062015665
https://openalex.org/W3077577756
https://openalex.org/W3081282721
https://openalex.org/W3087607488
https://openalex.org/W3089574003
https://openalex.org/W3090241516
https://openalex.org/W3120032411
https://openalex.org/W3134782494
https://openalex.org/W3139146721
https://openalex.org/W3139219815
https://openalex.org/W3159563179
https://openalex.org/W3167026867
https://openalex.org/W3176672909
https://openalex.org/W3196175699
https://openalex.org/W3202375805
https://openalex.org/W3215281992
https://openalex.org/W4200055161
https://openalex.org/W4225723200
https://openalex.org/W4231854578
https://openalex.org/W4236913852
https://openalex.org/W4287414588
https://openalex.org/W4380435071
https://openalex.org/W2276184642
https://openalex.org/W2329930337
https://openalex.org/W2429044411
https://openalex.org/W2517142876
https://openalex.org/W2517403962
https://openalex.org/W2546496719
https://openalex.org/W2551795499
https://openalex.org/W2554685692
https://openalex.org/W2564166097
https://openalex.org/W2567143180
https://openalex.org/W2590282396
https://openalex.org/W2603848120
https://openalex.org/W4206410525
https://openalex.org/W4206939021
https://openalex.org/W4210444283
https://openalex.org/W4210863318
https://openalex.org/W4212997252
https://openalex.org/W4220891675
https://openalex.org/W4229013582
https://openalex.org/W4280630636
https://openalex.org/W4284993003
https://openalex.org/W4285170174
https://openalex.org/W4289238721
https://openalex.org/W4291722415
https://openalex.org/W4297821835
https://openalex.org/W4301367276
https://openalex.org/W4312046206
https://openalex.org/W1573416884
https://openalex.org/W1595182412
https://openalex.org/W2034430053
https://openalex.org/W2063472357
https://openalex.org/W1998920464
https://openalex.org/W2018253743
https://openalex.org/W2076404595
https://openalex.org/W1983216756
https://openalex.org/W2043757091
https://openalex.org/W1565397255
https://openalex.org/W1965777446
https://openalex.org/W1982327417
https://openalex.org/W2099416747
https://openalex.org/W2000454696
https://openalex.org/W2018690321
https://openalex.org/W2075880054
https://openalex.org/W2315410910
https://openalex.org/W2371064693
https://openalex.org/W2412955737
https://openalex.org/W2418633180
https://openalex.org/W128004708
https://openalex.org/W1453692022
https://openalex.org/W1496374028
https://openalex.org/W1663338622
https://openalex.org/W1936770763
https://openalex.org/W1975797625
https://openalex.org/W1976688462
https://openalex.org/W1998862272
https://openalex.org/W1999781312
https://openalex.org/W2010924670
https://openalex.org/W2012810854
https://openalex.org/W2032944506
https://openalex.org/W2039009707
https://openalex.org/W2040569307
https://openalex.org/W2043382355
https://openalex.org/W2048067815
https://openalex.org/W2049085789
https://openalex.org/W2054388226
https://openalex.org/W2059557426
https://openalex.org/W2060416997
https://openalex.org/W2065706675
https://openalex.org/W2073940368
https://openalex.org/W2075787749
https://openalex.org/W2083492027
https://openalex.org/W2094972441
https://openalex.org/W2101396827
https://openalex.org/W2106214057
https://openalex.org/W2133451302
https://openalex.org/W2157631069
https://openalex.org/W2176830675
https://openalex.org/W2206204013
https://openalex.org/W2220324881
https://openalex.org/W2245082218
https://openalex.org/W2255274207
https://openalex.org/W2290905459
https://openalex.org/W2294227039
https://openalex.org/W2313489457
https://openalex.org/W2319281837
https://openalex.org/W2321356048
https://openalex.org/W2325849210
https://openalex.org/W2337243271
https://openalex.org/W2338996968
https://openalex.org/W2344709870
https://openalex.org/W2359097237
https://openalex.org/W2393313337
https://openalex.org/W2399165223
https://openalex.org/W2409464283
https://openalex.org/W2478368749
https://openalex.org/W2484740315
https://openalex.org/W2747392272
https://openalex.org/W2801326747
https://openalex.org/W2997328535
https://openalex.org/W3103446784
https://openalex.org/W3105031003
https://openalex.org/W3143913721
https://openalex.org/W321294916
https://openalex.org/W4220771944
https://openalex.org/W4286655928
https://openalex.org/W4293328824
https://openalex.org/W4297501570
https://openalex.org/W4309017084
https://openalex.org/W4313180736
https://openalex.org/W942567535
https://openalex.org/W2009086557
https://openalex.org/W2057989686
https://openalex.org/W2079220867
https://openalex.org/W2929194783
https://openalex.org/W4235975156
https://openalex.org/W1983518014
https://openalex.org/W2414430487
https://openalex.org/W110655755
https://openalex.org/W2014813283
https://openalex.org/W2058998855
https://openalex.org/W2138489899
https://openalex.org/W2141215087
https://openalex.org/W2347552828
https://openalex.org/W2351878870
https://openalex.org/W2355886253
https://openalex.org/W2361376365
https://openalex.org/W2372913279
https://openalex.org/W2418405598
https://openalex.org/W4241655990
https://openalex.org/W2034713805
https://openalex.org/W2059234322
https://openalex.org/W2061062725
https://openalex.org/W2096463682
https://openalex.org/W2239204390
https://openalex.org/W2329213408
https://openalex.org/W2333365153
https://openalex.org/W2366804823
https://openalex.org/W2375497720
https://openalex.org/W2466083667
https://openalex.org/W2499333279
https://openalex.org/W2618695569
https://openalex.org/W2619716492
https://openalex.org/W2622387329
https://openalex.org/W2739291575
https://openalex.org/W2741465742
https://openalex.org/W2744441299
https://openalex.org/W3030754814
https://openalex.org/W3101864944
https://openalex.org/W3200245405
https://openalex.org/W4231115836
https://openalex.org/W4389024847
https://openalex.org/W167072442
https://openalex.org/W1966732656
https://openalex.org/W2005761529
https://openalex.org/W2043830167
https://openalex.org/W2075751696
https://openalex.org/W2415018486
https://openalex.org/W88423406
https://openalex.org/W1644804863
https://openalex.org/W1989123474
https://openalex.org/W2044726373
https://openalex.org/W2139948519
https://openalex.org/W2394809919
https://openalex.org/W2091226562
https://openalex.org/W2417729024
https://openalex.org/W137989371
https://openalex.org/W1496481320
https://openalex.org/W1520930173
https://openalex.org/W1521331395
https://openalex.org/W1969674168
https://openalex.org/W1975953146
https://openalex.org/W2022927045
https://openalex.org/W2121197017
https://openalex.org/W2348620286
https://openalex.org/W2350892043
https://openalex.org/W2359633077
https://openalex.org/W2359777021
https://openalex.org/W2410675899
https://openalex.org/W2420967660
https://openalex.org/W2475342411
https://openalex.org/W2531991753
https://openalex.org/W2545037063
https://openalex.org/W2752935464
https://openalex.org/W2789064609
https://openalex.org/W2793378953
https://openalex.org/W2799292158
https://openalex.org/W2802797791
https://openalex.org/W2883115054
https://openalex.org/W2899641034
https://openalex.org/W2903959958
https://openalex.org/W4231597581
https://openalex.org/W4303207
https://openalex.org/W63658222
https://openalex.org/W648770068
https://openalex.org/W2085981580
https://openalex.org/W2440675913
https://openalex.org/W1974424375
https://openalex.org/W1967058735
https://openalex.org/W2000223309
https://openalex.org/W2041927580
https://openalex.org/W2058484357
https://openalex.org/W2085711153
https://openalex.org/W2400559040
https://openalex.org/W2418749580
https://openalex.org/W2794550127
https://openalex.org/W2921197501
https://openalex.org/W2922122350
https://openalex.org/W2938962010
https://openalex.org/W2971859111
https://openalex.org/W2987649082
https://openalex.org/W2988180034
https://openalex.org/W2996899682
https://openalex.org/W2999776773
https://openalex.org/W3000949604
https://openalex.org/W3010954180
https://openalex.org/W3027040873
https://openalex.org/W3028279245
https://openalex.org/W3034647263
https://openalex.org/W3037720249
https://openalex.org/W3040989969
https://openalex.org/W3041095741
https://openalex.org/W3092481778
https://openalex.org/W3103698019
https://openalex.org/W3117536422
https://openalex.org/W3213997876
https://openalex.org/W4254317815
https://openalex.org/W4302354308
https://openalex.org/W4323873353
https://openalex.org/W2015880976
https://openalex.org/W2027010221
https://openalex.org/W2069192211
https://openalex.org/W2091690357
https://openalex.org/W2410201966
https://openalex.org/W188191286
https://openalex.org/W2419305926
https://openalex.org/W287282924
https://openalex.org/W4253897234
https://openalex.org/W2018078362
https://openalex.org/W2056196426
https://openalex.org/W2111170858
https://openalex.org/W2111669060
https://openalex.org/W21751537
https://openalex.org/W2318616624
https://openalex.org/W2374721982
https://openalex.org/W2379053577
https://openalex.org/W3125206582
https://openalex.org/W3125651743
https://openalex.org/W3128990361
https://openalex.org/W3136876572
https://openalex.org/W3143284390
https://openalex.org/W3147650282
https://openalex.org/W3158517716
https://openalex.org/W3158583016
https://openalex.org/W3162682939
https://openalex.org/W3163709360
https://openalex.org/W3212048354
https://openalex.org/W3214929807
https://openalex.org/W3215281451
https://openalex.org/W4200277778
https://openalex.org/W4287165202
https://openalex.org/W2617342894
https://openalex.org/W4239724478
https://openalex.org/W108423208
https://openalex.org/W1980588128
https://openalex.org/W2071163362
https://openalex.org/W2154360469
https://openalex.org/W2597386655
https://openalex.org/W1015304079
https://openalex.org/W1518092879
https://openalex.org/W2049207848
https://openalex.org/W2122757502
https://openalex.org/W2155625708
https://openalex.org/W2361048487
https://openalex.org/W2411310915
https://openalex.org/W2412349133
https://openalex.org/W2033881167
https://openalex.org/W2992690138
https://openalex.org/W1518509799
https://openalex.org/W2027689457
https://openalex.org/W2065219689
https://openalex.org/W2340776749
https://openalex.org/W2414829546
https://openalex.org/W2419578782
https://openalex.org/W2370830168
https://openalex.org/W97545072
https://openalex.org/W144849883
https://openalex.org/W149058504
https://openalex.org/W1587222650
https://openalex.org/W1710626856
https://openalex.org/W184595507
https://openalex.org/W186260809
https://openalex.org/W189151229
https://openalex.org/W1970626419
https://openalex.org/W1974175691
https://openalex.org/W1997210029
https://openalex.org/W2000024002
https://openalex.org/W2002684624
https://openalex.org/W2012451752
https://openalex.org/W2015102663
https://openalex.org/W2015349345
https://openalex.org/W2018863082
https://openalex.org/W2027336853
https://openalex.org/W2028273925
https://openalex.org/W2028956927
https://openalex.org/W2038169502
https://openalex.org/W2038836571
https://openalex.org/W2041335340
https://openalex.org/W2044706663
https://openalex.org/W2072244742
https://openalex.org/W2074005093
https://openalex.org/W2080948425
https://openalex.org/W2083290875
https://openalex.org/W2085219547
https://openalex.org/W2092521843
https://openalex.org/W2106159213
https://openalex.org/W2130395913
https://openalex.org/W2177505351
https://openalex.org/W2210662514
https://openalex.org/W2216743613
https://openalex.org/W2234232395
https://openalex.org/W2253752687
https://openalex.org/W2257863119
https://openalex.org/W2288890839
https://openalex.org/W2296377254
https://openalex.org/W2312470420
https://openalex.org/W2314306745
https://openalex.org/W2317609618
https://openalex.org/W2318037426
https://openalex.org/W2319376530
https://openalex.org/W2329902885
https://openalex.org/W2330950261
https://openalex.org/W2335388233
https://openalex.org/W2336752290
https://openalex.org/W2338002580
https://openalex.org/W2340172097
https://openalex.org/W2342849774
https://openalex.org/W2346291668
https://openalex.org/W2360277899
https://openalex.org/W2391317119
https://openalex.org/W2406908898
https://openalex.org/W2412971041
https://openalex.org/W2418213154
https://openalex.org/W2418596954
https://openalex.org/W2420177403
https://openalex.org/W2422126177
https://openalex.org/W2422314036
https://openalex.org/W2424047667
https://openalex.org/W2425704550
https://openalex.org/W2435229075
https://openalex.org/W2436184100
https://openalex.org/W2436860281
https://openalex.org/W2438251130
https://openalex.org/W2440170922
https://openalex.org/W2442309264
https://openalex.org/W2442467330
https://openalex.org/W2444229492
https://openalex.org/W2465978652
https://openalex.org/W2489555869
https://openalex.org/W2491016409
https://openalex.org/W2501939385
https://openalex.org/W2504627375
https://openalex.org/W2509472508
https://openalex.org/W2514647320
https://openalex.org/W2514839255
https://openalex.org/W2518212800
https://openalex.org/W2520456924
https://openalex.org/W2520509081
https://openalex.org/W2525811878
https://openalex.org/W2527362041
https://openalex.org/W2528611261
https://openalex.org/W2531952086
https://openalex.org/W2550099630
https://openalex.org/W2553219604
https://openalex.org/W2553315804
https://openalex.org/W2554486912
https://openalex.org/W2558580190
https://openalex.org/W2561652656
https://openalex.org/W2562142679
https://openalex.org/W2572612721
https://openalex.org/W2592020548
https://openalex.org/W2596301778
https://openalex.org/W2596676698
https://openalex.org/W2600208528
https://openalex.org/W2600257791
https://openalex.org/W2601337203
https://openalex.org/W2601913518
https://openalex.org/W2604001388
https://openalex.org/W2607786390
https://openalex.org/W2608725493
https://openalex.org/W2609826153
https://openalex.org/W2610847074
https://openalex.org/W2619241639
https://openalex.org/W2626158663
https://openalex.org/W2728095734
https://openalex.org/W2729086670
https://openalex.org/W2733007496
https://openalex.org/W2742610927
https://openalex.org/W2742846122
https://openalex.org/W2742992866
https://openalex.org/W2744410329
https://openalex.org/W2745802294
https://openalex.org/W2745909391
https://openalex.org/W2745989136
https://openalex.org/W2747722101
https://openalex.org/W2748156122
https://openalex.org/W2748697621
https://openalex.org/W2748826638
https://openalex.org/W2749223737
https://openalex.org/W2749386458
https://openalex.org/W2749410621
https://openalex.org/W2749787914
https://openalex.org/W2751316678
https://openalex.org/W2752917304
https://openalex.org/W2800650069
https://openalex.org/W2892515385
https://openalex.org/W2906461392
https://openalex.org/W2910342014
https://openalex.org/W2946822254
https://openalex.org/W2947455540
https://openalex.org/W2947673110
https://openalex.org/W2949787233
https://openalex.org/W2950369362
https://openalex.org/W2950385436
https://openalex.org/W2951499116
https://openalex.org/W2952926905
https://openalex.org/W2962892174
https://openalex.org/W2980543938
https://openalex.org/W2995967539
https://openalex.org/W3016824489
https://openalex.org/W3029045445
https://openalex.org/W3029260702
https://openalex.org/W3029414044
https://openalex.org/W3029604665
https://openalex.org/W3030459999
https://openalex.org/W3030517820
https://openalex.org/W3031034248
https://openalex.org/W3031451488
https://openalex.org/W3031721580
https://openalex.org/W3032844957
https://openalex.org/W3032845508
https://openalex.org/W3032863671
https://openalex.org/W304522973
https://openalex.org/W3092663133
https://openalex.org/W3098717595
https://openalex.org/W3101764790
https://openalex.org/W3104920100
https://openalex.org/W3105765848
https://openalex.org/W3109945757
https://openalex.org/W3112429070
https://openalex.org/W3126123722
https://openalex.org/W3157195827
https://openalex.org/W3161448900
https://openalex.org/W3194544193
https://openalex.org/W3210489181
https://openalex.org/W4205978531
https://openalex.org/W4229932851
https://openalex.org/W4234114143
https://openalex.org/W4242378183
https://openalex.org/W4250615030
https://openalex.org/W4250864132
https://openalex.org/W4252554639
https://openalex.org/W4253979330
https://openalex.org/W4292002081
https://openalex.org/W4301358650
https://openalex.org/W4390127621
https://openalex.org/W4390647222
https://openalex.org/W4394800306
https://openalex.org/W95713093
https://openalex.org/W2161886954
https://openalex.org/W2472007274
https://openalex.org/W513696
https://openalex.org/W131755349
https://openalex.org/W48741851
https://openalex.org/W108757823
https://openalex.org/W1412508010
https://openalex.org/W146258595
https://openalex.org/W1491437044
https://openalex.org/W1498115560
https://openalex.org/W1501220962
https://openalex.org/W1522303815
https://openalex.org/W1529891466
https://openalex.org/W1532064597
https://openalex.org/W1557983127
https://openalex.org/W1568065227
https://openalex.org/W1568099584
https://openalex.org/W1599991406
https://openalex.org/W1613088049
https://openalex.org/W1854521785
https://openalex.org/W1876251851
https://openalex.org/W1945945451
https://openalex.org/W1961890556
https://openalex.org/W1963729284
https://openalex.org/W1966549302
https://openalex.org/W1969356469
https://openalex.org/W1974703284
https://openalex.org/W1995916424
https://openalex.org/W1999701923
https://openalex.org/W2004018288
https://openalex.org/W2005717953
https://openalex.org/W2007877111
https://openalex.org/W2016902494
https://openalex.org/W2017078600
https://openalex.org/W2019329982
https://openalex.org/W2035268555
https://openalex.org/W2036314363
https://openalex.org/W2037429979
https://openalex.org/W2039454547
https://openalex.org/W2040462322
https://openalex.org/W2052543277
https://openalex.org/W2059328926
https://openalex.org/W2063023827
https://openalex.org/W2069595709
https://openalex.org/W2072187508
https://openalex.org/W207340055
https://openalex.org/W2077208386
https://openalex.org/W2080255138
https://openalex.org/W2116158291
https://openalex.org/W2119424665
https://openalex.org/W2121024855
https://openalex.org/W2123200521
https://openalex.org/W2130167064
https://openalex.org/W2152609812
https://openalex.org/W2158892730
https://openalex.org/W2172096476
https://openalex.org/W2218841068
https://openalex.org/W2242327237
https://openalex.org/W2242829173
https://openalex.org/W2251647533
https://openalex.org/W2261941251
https://openalex.org/W2289900319
https://openalex.org/W2317477001
https://openalex.org/W2320548515
https://openalex.org/W2321322514
https://openalex.org/W2322562788
https://openalex.org/W2324418940
https://openalex.org/W2324611472
https://openalex.org/W2325208940
https://openalex.org/W2329091045
https://openalex.org/W2330238935
https://openalex.org/W2330997275
https://openalex.org/W2347534395
https://openalex.org/W2347820514
https://openalex.org/W2348696868
https://openalex.org/W2350927288
https://openalex.org/W2352236990
https://openalex.org/W2353705217
https://openalex.org/W2353775871
https://openalex.org/W2354387540
https://openalex.org/W2355934272
https://openalex.org/W2356301359
https://openalex.org/W2356422787
https://openalex.org/W2356720913
https://openalex.org/W2356987189
https://openalex.org/W2357227436
https://openalex.org/W2357814667
https://openalex.org/W2358286118
https://openalex.org/W2358476272
https://openalex.org/W2360759241
https://openalex.org/W2362025187
https://openalex.org/W2364050357
https://openalex.org/W2365640768
https://openalex.org/W23672863
https://openalex.org/W2368655505
https://openalex.org/W2371024225
https://openalex.org/W2371515761
https://openalex.org/W2372175090
https://openalex.org/W2373589511
https://openalex.org/W2374168517
https://openalex.org/W2375745086
https://openalex.org/W2378464098
https://openalex.org/W2379198241
https://openalex.org/W2379333483
https://openalex.org/W2380231506
https://openalex.org/W2380533858
https://openalex.org/W2381242696
https://openalex.org/W2382124713
https://openalex.org/W2382626499
https://openalex.org/W2383201816
https://openalex.org/W2385314252
https://openalex.org/W2386838001
https://openalex.org/W2388639786
https://openalex.org/W2389720153
https://openalex.org/W2392914725
https://openalex.org/W2393458336
https://openalex.org/W2393551370
https://openalex.org/W2396335576
https://openalex.org/W2408038067
https://openalex.org/W2413106540
https://openalex.org/W2413226265
https://openalex.org/W2416580336
https://openalex.org/W2418527416
https://openalex.org/W2461112041
https://openalex.org/W252370691
https://openalex.org/W2533706849
https://openalex.org/W2562638913
https://openalex.org/W2581285007
https://openalex.org/W2587457049
https://openalex.org/W2590789495
https://openalex.org/W2592256753
https://openalex.org/W2596099243
https://openalex.org/W2617845542
https://openalex.org/W2625731515
https://openalex.org/W272891164
https://openalex.org/W2786914130
https://openalex.org/W2792606327
https://openalex.org/W2901851038
https://openalex.org/W2963380629
https://openalex.org/W2964237596
https://openalex.org/W3018900798
https://openalex.org/W3029313721
https://openalex.org/W3030189210
https://openalex.org/W3030347793
https://openalex.org/W3030997157
https://openalex.org/W3031041127
https://openalex.org/W3031252915
https://openalex.org/W3031381500
https://openalex.org/W3031558467
https://openalex.org/W3031909786
https://openalex.org/W3031931979
https://openalex.org/W3032855107
https://openalex.org/W3046876509
https://openalex.org/W3091594798
https://openalex.org/W3132829214
https://openalex.org/W3155331844
https://openalex.org/W3159606358
https://openalex.org/W3160217097
https://openalex.org/W3175174091
https://openalex.org/W4232842740
https://openalex.org/W4297662903
https://openalex.org/W4297793651
https://openalex.org/W4297903692
https://openalex.org/W4298019296
https://openalex.org/W4298231774
https://openalex.org/W50417579
https://openalex.org/W89855070
https://openalex.org/W1602354728
https://openalex.org/W1978186548
https://openalex.org/W1982318236
https://openalex.org/W2041914672
https://openalex.org/W2056844759
https://openalex.org/W2078522058
https://openalex.org/W4301509274
https://openalex.org/W1513538823
https://openalex.org/W1829016440
https://openalex.org/W2038035031
https://openalex.org/W2078032704
https://openalex.org/W2088432527
https://openalex.org/W2357484051
https://openalex.org/W2369377750
https://openalex.org/W2414052089
https://openalex.org/W2414442466
https://openalex.org/W2416211705
https://openalex.org/W2461196175
https://openalex.org/W4234471552
https://openalex.org/W4390559322
https://openalex.org/W127687516
https://openalex.org/W130016283
https://openalex.org/W1486788429
https://openalex.org/W1497500991
https://openalex.org/W1508755472
https://openalex.org/W1598684216
https://openalex.org/W1741226263
https://openalex.org/W1856308238
https://openalex.org/W1965471525
https://openalex.org/W1977375071
https://openalex.org/W1978370303
https://openalex.org/W1995798141
https://openalex.org/W1998911736
https://openalex.org/W1999095972
https://openalex.org/W2014689321
https://openalex.org/W2018039478
https://openalex.org/W2027917321
https://openalex.org/W2043175727
https://openalex.org/W2060122521
https://openalex.org/W2068429820
https://openalex.org/W2086824203
https://openalex.org/W2088479531
https://openalex.org/W210225797
https://openalex.org/W2210403701
https://openalex.org/W2222799599
https://openalex.org/W2243054521
https://openalex.org/W2246369114
https://openalex.org/W2256723478
https://openalex.org/W2261871090
https://openalex.org/W2263533426
https://openalex.org/W2281973919
https://openalex.org/W2291037017
https://openalex.org/W2301176286
https://openalex.org/W2343105506
https://openalex.org/W2348203587
https://openalex.org/W2349838569
https://openalex.org/W2350772831
https://openalex.org/W2352393377
https://openalex.org/W2356113021
https://openalex.org/W2357125978
https://openalex.org/W2360014943
https://openalex.org/W2360946038
https://openalex.org/W2363280732
https://openalex.org/W2363958693
https://openalex.org/W2363999049
https://openalex.org/W2369103134
https://openalex.org/W2374089246
https://openalex.org/W2377861296
https://openalex.org/W2378319576
https://openalex.org/W2378558897
https://openalex.org/W2379562399
https://openalex.org/W2385236535
https://openalex.org/W2387112465
https://openalex.org/W2388240173
https://openalex.org/W2390245721
https://openalex.org/W2392852820
https://openalex.org/W2398556545
https://openalex.org/W2405801358
https://openalex.org/W2407166378
https://openalex.org/W2416230720
https://openalex.org/W2472241185
https://openalex.org/W2473764998
https://openalex.org/W2473988869
https://openalex.org/W2569339245
https://openalex.org/W2580985882
https://openalex.org/W2586192837
https://openalex.org/W2587670730
https://openalex.org/W2587882289
https://openalex.org/W2588532870
https://openalex.org/W2588629629
https://openalex.org/W2588893252
https://openalex.org/W2616728337
https://openalex.org/W2617039785
https://openalex.org/W2618338870
https://openalex.org/W2619191416
https://openalex.org/W2619239218
https://openalex.org/W2619641141
https://openalex.org/W2620504206
https://openalex.org/W2622052511
https://openalex.org/W2622126459
https://openalex.org/W2624056397
https://openalex.org/W2624576276
https://openalex.org/W2625811225
https://openalex.org/W2726799753
https://openalex.org/W2727729748
https://openalex.org/W2732475613
https://openalex.org/W2734782334
https://openalex.org/W2738289667
https://openalex.org/W2739388296
https://openalex.org/W2742741492
https://openalex.org/W2744020497
https://openalex.org/W2747781945
https://openalex.org/W2750336564
https://openalex.org/W2755930115
https://openalex.org/W2756567180
https://openalex.org/W2757401740
https://openalex.org/W2760428311
https://openalex.org/W2761290591
https://openalex.org/W2761845526
https://openalex.org/W2763060314
https://openalex.org/W2765128344
https://openalex.org/W2766391878
https://openalex.org/W2766640702
https://openalex.org/W2766912294
https://openalex.org/W2780807656
https://openalex.org/W2789736626
https://openalex.org/W2888106902
https://openalex.org/W2946568834
https://openalex.org/W2947130010
https://openalex.org/W2949468742
https://openalex.org/W2952284540
https://openalex.org/W2953348205
https://openalex.org/W2980251626
https://openalex.org/W3026889705
https://openalex.org/W3028781321
https://openalex.org/W3029221620
https://openalex.org/W3029553798
https://openalex.org/W3029697224
https://openalex.org/W3030251077
https://openalex.org/W3030345621
https://openalex.org/W3030433027
https://openalex.org/W3030519885
https://openalex.org/W3030923449
https://openalex.org/W3031073456
https://openalex.org/W3031184976
https://openalex.org/W3031343378
https://openalex.org/W3031653590
https://openalex.org/W3095069623
https://openalex.org/W3113150112
https://openalex.org/W3131263014
https://openalex.org/W3156665370
https://openalex.org/W3161467702
https://openalex.org/W3166108082
https://openalex.org/W3192758058
https://openalex.org/W3197803766
https://openalex.org/W4236610846
https://openalex.org/W43791343
https://openalex.org/W4389022822
https://openalex.org/W4389023426
https://openalex.org/W4391090074
https://openalex.org/W4394406273
https://openalex.org/W4394670317
https://openalex.org/W88725598
https://openalex.org/W2420225686
https://openalex.org/W1025163308
https://openalex.org/W1027832732
https://openalex.org/W1490425825
https://openalex.org/W1518497598
https://openalex.org/W1532447080
https://openalex.org/W1563172672
https://openalex.org/W1579649513
https://openalex.org/W1599609467
https://openalex.org/W1634625718
https://openalex.org/W1644147289
https://openalex.org/W1723289898
https://openalex.org/W1785890580
https://openalex.org/W1797903885
https://openalex.org/W1809526473
https://openalex.org/W1874357608
https://openalex.org/W1931980553
https://openalex.org/W1941961619
https://openalex.org/W1972764873
https://openalex.org/W1977487791
https://openalex.org/W1983581960
https://openalex.org/W1985852857
https://openalex.org/W1986284370
https://openalex.org/W1998026588
https://openalex.org/W1999403021
https://openalex.org/W2015521234
https://openalex.org/W2032201515
https://openalex.org/W2040988047
https://openalex.org/W2043001390
https://openalex.org/W2063164289
https://openalex.org/W2065118443
https://openalex.org/W2078516696
https://openalex.org/W2088949346
https://openalex.org/W2101860011
https://openalex.org/W2111384125
https://openalex.org/W2120716045
https://openalex.org/W2151230942
https://openalex.org/W2171659658
https://openalex.org/W223114576
https://openalex.org/W2242324316
https://openalex.org/W2245383741
https://openalex.org/W2282718492
https://openalex.org/W2301919940
https://openalex.org/W2336558529
https://openalex.org/W2347715670
https://openalex.org/W2348558006
https://openalex.org/W2349849128
https://openalex.org/W2350048189
https://openalex.org/W2350381362
https://openalex.org/W2350900962
https://openalex.org/W2352009070
https://openalex.org/W2353504922
https://openalex.org/W2353665613
https://openalex.org/W2355312091
https://openalex.org/W2356234187
https://openalex.org/W2357213215
https://openalex.org/W2357430748
https://openalex.org/W2359394974
https://openalex.org/W2360381461
https://openalex.org/W2360384560
https://openalex.org/W2361544597
https://openalex.org/W2363425630
https://openalex.org/W2364016736
https://openalex.org/W2365093245
https://openalex.org/W2365261122
https://openalex.org/W2366437493
https://openalex.org/W2366995659
https://openalex.org/W2367938629
https://openalex.org/W2370048700
https://openalex.org/W2370108489
https://openalex.org/W2370885938
https://openalex.org/W2371222623
https://openalex.org/W2371598860
https://openalex.org/W2371715364
https://openalex.org/W2372897239
https://openalex.org/W2373727779
https://openalex.org/W2374902024
https://openalex.org/W2375337831
https://openalex.org/W2375763031
https://openalex.org/W2377115098
https://openalex.org/W2378580976
https://openalex.org/W2379397689
https://openalex.org/W2379948609
https://openalex.org/W2380515226
https://openalex.org/W2380820129
https://openalex.org/W2385140352
https://openalex.org/W2385950515
https://openalex.org/W2386411305
https://openalex.org/W2387310040
https://openalex.org/W2388153534
https://openalex.org/W2389611008
https://openalex.org/W2389884130
https://openalex.org/W2390299356
https://openalex.org/W2391033017
https://openalex.org/W2393149677
https://openalex.org/W2401909637
https://openalex.org/W2403139117
https://openalex.org/W2409639680
https://openalex.org/W2422623232
https://openalex.org/W2462702042
https://openalex.org/W2469124517
https://openalex.org/W2472467957
https://openalex.org/W2486584680
https://openalex.org/W2584357524
https://openalex.org/W2586446251
https://openalex.org/W2588900424
https://openalex.org/W2808320347
https://openalex.org/W289652745
https://openalex.org/W2914533641
https://openalex.org/W2917858958
https://openalex.org/W2952258353
https://openalex.org/W2963139954
https://openalex.org/W2971095107
https://openalex.org/W2994171803
https://openalex.org/W3028919454
https://openalex.org/W3029017808
https://openalex.org/W3030219379
https://openalex.org/W3031734898
https://openalex.org/W3032782029
https://openalex.org/W3125666527
https://openalex.org/W3146063962
https://openalex.org/W3157737783
https://openalex.org/W316098066
https://openalex.org/W3163128566
https://openalex.org/W3192050155
https://openalex.org/W3198002327
https://openalex.org/W3199122685
https://openalex.org/W3206613065
https://openalex.org/W3216774000
https://openalex.org/W329069062
https://openalex.org/W331147789
https://openalex.org/W398271764
https://openalex.org/W4200043010
https://openalex.org/W4200452749
https://openalex.org/W4206178148
https://openalex.org/W4206917392
https://openalex.org/W4207055393
https://openalex.org/W4210365647
https://openalex.org/W4213367987
https://openalex.org/W421420195
https://openalex.org/W4214718580
https://openalex.org/W4214806593
https://openalex.org/W4214874798
https://openalex.org/W4220708900
https://openalex.org/W4221048708
https://openalex.org/W4221166654
https://openalex.org/W4223550924
https://openalex.org/W4223648458
https://openalex.org/W4224110036
https://openalex.org/W4224250203
https://openalex.org/W4225293597
https://openalex.org/W4225988464
https://openalex.org/W4226191552
https://openalex.org/W4228999059
https://openalex.org/W4229879978
https://openalex.org/W4281289287
https://openalex.org/W4281486224
https://openalex.org/W4281558708
https://openalex.org/W4282927316
https://openalex.org/W4282978747
https://openalex.org/W4283265979
https://openalex.org/W4283321469
https://openalex.org/W4283447467
https://openalex.org/W4283818833
https://openalex.org/W4285226328
https://openalex.org/W4285280441
https://openalex.org/W4288726122
https://openalex.org/W4292373315
https://openalex.org/W4294959062
https://openalex.org/W4295689539
https://openalex.org/W4297798099
https://openalex.org/W4297810398
https://openalex.org/W4306178034
https://openalex.org/W4307306640
https://openalex.org/W4307882099
https://openalex.org/W4308224653
https://openalex.org/W4309018695
https://openalex.org/W4309431874
https://openalex.org/W4310872312
https://openalex.org/W4312057445
https://openalex.org/W4312063740
https://openalex.org/W4312593257
https://openalex.org/W4312884979
https://openalex.org/W4384304798
https://openalex.org/W4384304799
https://openalex.org/W4384347659
https://openalex.org/W4384347854
https://openalex.org/W4387943860
https://openalex.org/W4388249569
https://openalex.org/W4394108961
https://openalex.org/W56039192
https://openalex.org/W579590076
https://openalex.org/W76448511
https://openalex.org/W829284838
https://openalex.org/W981297388
https://openalex.org/W1525724606
https://openalex.org/W1985325226
https://openalex.org/W2017557442
https://openalex.org/W2039144800
https://openalex.org/W2413557233
https://openalex.org/W2416146330
https://openalex.org/W2417538782
https://openalex.org/W2469333998
https://openalex.org/W2483908272
https://openalex.org/W1582550152
https://openalex.org/W1971126817
https://openalex.org/W2051634933
https://openalex.org/W2064265394
https://openalex.org/W2072026492
https://openalex.org/W2082404400
https://openalex.org/W2102845347
https://openalex.org/W2140294891
https://openalex.org/W2347421355
https://openalex.org/W2350490027
https://openalex.org/W2352575470
https://openalex.org/W2354427380
https://openalex.org/W2354697060
https://openalex.org/W2355436611
https://openalex.org/W2357977254
https://openalex.org/W2362365428
https://openalex.org/W2362833318
https://openalex.org/W2364818447
https://openalex.org/W2365578637
https://openalex.org/W2366922936
https://openalex.org/W2369170983
https://openalex.org/W2370580713
https://openalex.org/W2373118328
https://openalex.org/W2375867914
https://openalex.org/W2377209059
https://openalex.org/W2377497257
https://openalex.org/W2384537178
https://openalex.org/W2390631568
https://openalex.org/W2395321101
https://openalex.org/W2397431593
https://openalex.org/W2400150890
https://openalex.org/W2403703787
https://openalex.org/W2404164148
https://openalex.org/W2411052376
https://openalex.org/W2412932109
https://openalex.org/W2413503053
https://openalex.org/W2413877053
https://openalex.org/W2415432366
https://openalex.org/W2418229800
https://openalex.org/W2427078009
https://openalex.org/W2429390850
https://openalex.org/W2430482224
https://openalex.org/W2430512756
https://openalex.org/W2532440654
https://openalex.org/W2744210351
https://openalex.org/W2745625958
https://openalex.org/W2746097615
https://openalex.org/W2782432885
https://openalex.org/W2787809869
https://openalex.org/W2789157557
https://openalex.org/W2790245448
https://openalex.org/W2795461347
https://openalex.org/W2795664196
https://openalex.org/W2798335973
https://openalex.org/W2799324935
https://openalex.org/W2800561582
https://openalex.org/W2801017785
https://openalex.org/W2801113968
https://openalex.org/W2801186903
https://openalex.org/W2801568914
https://openalex.org/W2801769239
https://openalex.org/W2802069506
https://openalex.org/W2802492916
https://openalex.org/W2802932442
https://openalex.org/W2805625649
https://openalex.org/W2807531412
https://openalex.org/W2807578986
https://openalex.org/W2808349142
https://openalex.org/W2809628401
https://openalex.org/W2810384411
https://openalex.org/W2884383756
https://openalex.org/W2885644509
https://openalex.org/W2886531617
https://openalex.org/W2887255904
https://openalex.org/W2888806516
https://openalex.org/W2892443173
https://openalex.org/W2897205331
https://openalex.org/W2897469204
https://openalex.org/W2897694906
https://openalex.org/W2899052292
https://openalex.org/W2899358415
https://openalex.org/W2899507634
https://openalex.org/W2899537929
https://openalex.org/W2914751426
https://openalex.org/W2917093463
https://openalex.org/W2919487383
https://openalex.org/W2922327506
https://openalex.org/W2923205781
https://openalex.org/W2923257232
https://openalex.org/W2941079121
https://openalex.org/W2947556385
https://openalex.org/W2950972351
https://openalex.org/W2951240315
https://openalex.org/W2965260842
https://openalex.org/W2972762729
https://openalex.org/W2973203032
https://openalex.org/W2978214728
https://openalex.org/W2980345730
https://openalex.org/W2980729379
https://openalex.org/W2981203821
https://openalex.org/W2989889724
https://openalex.org/W2990428910
https://openalex.org/W2991337514
https://openalex.org/W2991560220
https://openalex.org/W2993812186
https://openalex.org/W2995407343
https://openalex.org/W2995584444
https://openalex.org/W2997513196
https://openalex.org/W3008421263
https://openalex.org/W3015543485
https://openalex.org/W3019728338
https://openalex.org/W3025021872
https://openalex.org/W3028864398
https://openalex.org/W3029377096
https://openalex.org/W3029931725
https://openalex.org/W3030241609
https://openalex.org/W3030298909
https://openalex.org/W3030474089
https://openalex.org/W3031318513
https://openalex.org/W3032500353
https://openalex.org/W3032742368
https://openalex.org/W3032885435
https://openalex.org/W3082708486
https://openalex.org/W3085973434
https://openalex.org/W3088184232
https://openalex.org/W3089147118
https://openalex.org/W3101322626
https://openalex.org/W3102976332
https://openalex.org/W3108420961
https://openalex.org/W3110879865
https://openalex.org/W3118637017
https://openalex.org/W3128170991
https://openalex.org/W3134093676
https://openalex.org/W3139210933
https://openalex.org/W3153119498
https://openalex.org/W3153339488
https://openalex.org/W3153471472
https://openalex.org/W3159580733
https://openalex.org/W3169994780
https://openalex.org/W3183274484
https://openalex.org/W3187686966
https://openalex.org/W4211178645
https://openalex.org/W4231238801
https://openalex.org/W4231532624
https://openalex.org/W4236580637
https://openalex.org/W4236972751
https://openalex.org/W4238136635
https://openalex.org/W4245858942
https://openalex.org/W4249299580
https://openalex.org/W4249995038
https://openalex.org/W4300549630
https://openalex.org/W4367554193
https://openalex.org/W4393494307
https://openalex.org/W4393542191
https://openalex.org/W4394066745
https://openalex.org/W4394373547
https://openalex.org/W4394484438
https://openalex.org/W4394541869
https://openalex.org/W1580802974
https://openalex.org/W1598252628
https://openalex.org/W1986739184
https://openalex.org/W2010297145
https://openalex.org/W2055515480
https://openalex.org/W2093962394
https://openalex.org/W2401469448
https://openalex.org/W2411924843
https://openalex.org/W2412955081
https://openalex.org/W2413179745
https://openalex.org/W2467351646
https://openalex.org/W630331021
https://openalex.org/W136581495
https://openalex.org/W141903774
https://openalex.org/W1441588918
https://openalex.org/W15303260
https://openalex.org/W16101299
https://openalex.org/W164701976
https://openalex.org/W1990363858
https://openalex.org/W2068245326
https://openalex.org/W2085866031
https://openalex.org/W2188146342
https://openalex.org/W2209182947
https://openalex.org/W2285688720
https://openalex.org/W2348561470
https://openalex.org/W2348643760
https://openalex.org/W2350153224
https://openalex.org/W2351192124
https://openalex.org/W2352332004
https://openalex.org/W2353853339
https://openalex.org/W2356043282
https://openalex.org/W2357375348
https://openalex.org/W2359654373
https://openalex.org/W2361566815
https://openalex.org/W2361886525
https://openalex.org/W2362050667
https://openalex.org/W2363540153
https://openalex.org/W2366465990
https://openalex.org/W2366498348
https://openalex.org/W2366752356
https://openalex.org/W2367247291
https://openalex.org/W2368444789
https://openalex.org/W2369070806
https://openalex.org/W2369779045
https://openalex.org/W2370006380
https://openalex.org/W2370177948
https://openalex.org/W2371952358
https://openalex.org/W2372481197
https://openalex.org/W2372622662
https://openalex.org/W2373110613
https://openalex.org/W2374694467
https://openalex.org/W2377067717
https://openalex.org/W2377722674
https://openalex.org/W2378122457
https://openalex.org/W2378172083
https://openalex.org/W2378338142
https://openalex.org/W2379638029
https://openalex.org/W2380782385
https://openalex.org/W2380971952
https://openalex.org/W2383351158
https://openalex.org/W2384993904
https://openalex.org/W2386389803
https://openalex.org/W2387666648
https://openalex.org/W2389676199
https://openalex.org/W2390137945
https://openalex.org/W2392030657
https://openalex.org/W2395714043
https://openalex.org/W2411464013
https://openalex.org/W2418203412
https://openalex.org/W2497543195
https://openalex.org/W2545210816
https://openalex.org/W2547566336
https://openalex.org/W2559210543
https://openalex.org/W2743036192
https://openalex.org/W2766845099
https://openalex.org/W2802037685
https://openalex.org/W2804290951
https://openalex.org/W2809279196
https://openalex.org/W2997443793
https://openalex.org/W2997708462
https://openalex.org/W3003687609
https://openalex.org/W3009107975
https://openalex.org/W3022412686
https://openalex.org/W3023425348
https://openalex.org/W3025392870
https://openalex.org/W3037000258
https://openalex.org/W3041639437
https://openalex.org/W3042722172
https://openalex.org/W3043427457
https://openalex.org/W3043476201
https://openalex.org/W3044434756
https://openalex.org/W3046139041
https://openalex.org/W3047922463
https://openalex.org/W3082014954
https://openalex.org/W3082019312
https://openalex.org/W3083256273
https://openalex.org/W3084275127
https://openalex.org/W3087190338
https://openalex.org/W3096496061
https://openalex.org/W3107719855
https://openalex.org/W3112561608
https://openalex.org/W3112605767
https://openalex.org/W3122434834
https://openalex.org/W3130324849
https://openalex.org/W3137339084
https://openalex.org/W3162704269
https://openalex.org/W3168699347
https://openalex.org/W3180196616
https://openalex.org/W3186887266
https://openalex.org/W3192092108
https://openalex.org/W3194729519
https://openalex.org/W3209129101
https://openalex.org/W4206843098
https://openalex.org/W4212837083
https://openalex.org/W4214774279
https://openalex.org/W4214947738
https://openalex.org/W4235850672
https://openalex.org/W4236088258
https://openalex.org/W4250410714
https://openalex.org/W4393416017
https://openalex.org/W4393525566
https://openalex.org/W4393558779
https://openalex.org/W4393599917
https://openalex.org/W4393647102
https://openalex.org/W4393694800
https://openalex.org/W4393810941
https://openalex.org/W4393819460
https://openalex.org/W4393840682
https://openalex.org/W4394043901
https://openalex.org/W4394120440
https://openalex.org/W4394337416
https://openalex.org/W4394496977
https://openalex.org/W1499652968
https://openalex.org/W1967506541
https://openalex.org/W1976057734
https://openalex.org/W2026179876
https://openalex.org/W2315173926
https://openalex.org/W2318766863
https://openalex.org/W2989954465
https://openalex.org/W104893794
https://openalex.org/W1945523358
https://openalex.org/W1963969214
https://openalex.org/W1996112557
https://openalex.org/W2008057012
https://openalex.org/W2022048492
https://openalex.org/W2035694543
https://openalex.org/W2090442047
https://openalex.org/W2274497860
https://openalex.org/W2327229494
https://openalex.org/W2337689619
https://openalex.org/W2349187059
https://openalex.org/W2350214375
https://openalex.org/W2351652993
https://openalex.org/W2352458043
https://openalex.org/W2355636030
https://openalex.org/W2369047471
https://openalex.org/W2369954097
https://openalex.org/W2375833980
https://openalex.org/W2376958176
https://openalex.org/W2384644397
https://openalex.org/W2386272722
https://openalex.org/W2386823367
https://openalex.org/W2386963709
https://openalex.org/W2387602214
https://openalex.org/W2391520312
https://openalex.org/W2397299185
https://openalex.org/W2409558420
https://openalex.org/W2409903279
https://openalex.org/W2410109681
https://openalex.org/W2411685367
https://openalex.org/W2412588944
https://openalex.org/W2415528109
https://openalex.org/W2417340368
https://openalex.org/W2417805760
https://openalex.org/W2419309015
https://openalex.org/W2425740098
https://openalex.org/W2427543303
https://openalex.org/W2432455319
https://openalex.org/W2434166750
https://openalex.org/W2440420039
https://openalex.org/W2472990968
https://openalex.org/W24926309
https://openalex.org/W2612069451
https://openalex.org/W2614509006
https://openalex.org/W2619213609
https://openalex.org/W2626322987
https://openalex.org/W2788662595
https://openalex.org/W3178227497
https://openalex.org/W3196423183
https://openalex.org/W4239056460
https://openalex.org/W54606023
https://openalex.org/W2353587002
https://openalex.org/W2356726253
https://openalex.org/W2362789915
https://openalex.org/W2367905731
https://openalex.org/W2371041503
https://openalex.org/W2373880594
https://openalex.org/W2382847586
https://openalex.org/W2384317445
https://openalex.org/W2389977213
https://openalex.org/W2397621271
https://openalex.org/W2411101891
https://openalex.org/W2411626728
https://openalex.org/W2412341912
https://openalex.org/W2413186684
https://openalex.org/W2413507797
https://openalex.org/W2415171947
https://openalex.org/W2417969458
https://openalex.org/W2423752931
https://openalex.org/W2467401720
https://openalex.org/W2467825658
https://openalex.org/W2468494518
https://openalex.org/W2473493532
https://openalex.org/W3132793096
https://openalex.org/W3134757454
https://openalex.org/W3152573357
https://openalex.org/W3160361020
https://openalex.org/W3170308564
https://openalex.org/W3171880418
https://openalex.org/W3173540322
https://openalex.org/W3174802154
https://openalex.org/W3175447281
https://openalex.org/W3175631838
https://openalex.org/W3177139445
https://openalex.org/W3178557050
https://openalex.org/W3179347362
https://openalex.org/W3187975821
https://openalex.org/W3188764928
https://openalex.org/W3191614455
https://openalex.org/W3193075603
https://openalex.org/W3193166699
https://openalex.org/W3193918918
https://openalex.org/W3197737079
https://openalex.org/W3208264058
https://openalex.org/W3215084005
https://openalex.org/W3215245395
https://openalex.org/W3215791074
https://openalex.org/W4200121434
https://openalex.org/W4205538522
https://openalex.org/W4206042093
https://openalex.org/W4213110652
https://openalex.org/W4235710762
https://openalex.org/W4245650410
https://openalex.org/W4250040120
https://openalex.org/W4285525081
https://openalex.org/W4298563666
https://openalex.org/W4393959258
https://openalex.org/W4394353049
https://openalex.org/W4394358454
https://openalex.org/W2016904970
https://openalex.org/W2028607923
https://openalex.org/W2036389791
https://openalex.org/W2348617346
https://openalex.org/W2364677140
https://openalex.org/W2366702026
https://openalex.org/W2367288321
https://openalex.org/W2378297229
https://openalex.org/W2378395098
https://openalex.org/W2387734595
https://openalex.org/W2388751952
https://openalex.org/W2395903046
https://openalex.org/W2403313361
https://openalex.org/W2429608858
https://openalex.org/W2430085046
https://openalex.org/W2499237867
https://openalex.org/W2521429148
https://openalex.org/W3192080880
https://openalex.org/W624715628
https://openalex.org/W228544462
https://openalex.org/W239672335
https://openalex.org/W2397461059
https://openalex.org/W2409112812
https://openalex.org/W2409974761
https://openalex.org/W2418470882
https://openalex.org/W2430236796
https://openalex.org/W2439200251
https://openalex.org/W2464698074
https://openalex.org/W109110879
https://openalex.org/W2183263361
https://openalex.org/W2264569493
https://openalex.org/W2354665461
https://openalex.org/W2355192751
https://openalex.org/W2362146143
https://openalex.org/W2395145498
https://openalex.org/W2397157725
https://openalex.org/W2400652000
https://openalex.org/W2402151639
https://openalex.org/W2402155441
https://openalex.org/W2402420815
https://openalex.org/W2404002642
https://openalex.org/W2412692438
https://openalex.org/W2413093140
https://openalex.org/W2413143981
https://openalex.org/W2432926628
https://openalex.org/W2437551192
https://openalex.org/W2440760470
https://openalex.org/W2468131840
https://openalex.org/W2469241617
https://openalex.org/W64394397
https://openalex.org/W145898380
https://openalex.org/W1967589957
https://openalex.org/W2004488016
https://openalex.org/W2023877099
https://openalex.org/W2033794245
https://openalex.org/W2043480023
https://openalex.org/W2045221445
https://openalex.org/W2055737989
https://openalex.org/W2073996282
https://openalex.org/W2145306265
https://openalex.org/W2145575245
https://openalex.org/W2343501481
https://openalex.org/W2355867997
https://openalex.org/W2373966353
https://openalex.org/W2396192656
https://openalex.org/W2397875669
https://openalex.org/W2398681807
https://openalex.org/W2400106364
https://openalex.org/W2401315890
https://openalex.org/W2401387140
https://openalex.org/W2408628875
https://openalex.org/W2411093137
https://openalex.org/W2411753146
https://openalex.org/W2413029177
https://openalex.org/W2414234722
https://openalex.org/W2414598370
https://openalex.org/W2414614816
https://openalex.org/W2414727911
https://openalex.org/W2415863890
https://openalex.org/W2417567946
https://openalex.org/W2418456834
https://openalex.org/W2419128099
https://openalex.org/W2419502966
https://openalex.org/W2421267609
https://openalex.org/W2434766356
https://openalex.org/W2437690505
https://openalex.org/W2464288376
https://openalex.org/W2470050592
https://openalex.org/W2475081846
https://openalex.org/W2591113068
https://openalex.org/W3034719715
https://openalex.org/W3181533444
https://openalex.org/W4206958978
https://openalex.org/W4232043335
https://openalex.org/W4255610985
https://openalex.org/W4392023950
https://openalex.org/W585871448
https://openalex.org/W1630591059
https://openalex.org/W176463735
https://openalex.org/W2019819124
https://openalex.org/W2043070955
https://openalex.org/W2072644278
https://openalex.org/W2345519952
https://openalex.org/W2377016214
https://openalex.org/W2399280955
https://openalex.org/W2399835647
https://openalex.org/W2409383069
https://openalex.org/W2410027934
https://openalex.org/W2412877730
https://openalex.org/W2414786680
https://openalex.org/W2415994749
https://openalex.org/W2417224069
https://openalex.org/W2418945354
https://openalex.org/W2419523618
https://openalex.org/W2423626866
https://openalex.org/W2435588973
https://openalex.org/W2436952472
https://openalex.org/W2460811503
https://openalex.org/W2462420301
https://openalex.org/W2472886095
https://openalex.org/W2950308510
https://openalex.org/W2951391520
https://openalex.org/W3182724732
https://openalex.org/W4240952701
https://openalex.org/W585131541
https://openalex.org/W158781161
https://openalex.org/W190642464
https://openalex.org/W1999871343
https://openalex.org/W2014477138
https://openalex.org/W2023783341
https://openalex.org/W2038849938
https://openalex.org/W2039691457
https://openalex.org/W2056963518
https://openalex.org/W2061463528
https://openalex.org/W2081104208
https://openalex.org/W2082562869
https://openalex.org/W2142579492
https://openalex.org/W2250165048
https://openalex.org/W2295171300
https://openalex.org/W2361801556
https://openalex.org/W2399840726
https://openalex.org/W2406964549
https://openalex.org/W2410086813
https://openalex.org/W2410421091
https://openalex.org/W2411585761
https://openalex.org/W2412028736
https://openalex.org/W2412725741
https://openalex.org/W2412789945
https://openalex.org/W2413719615
https://openalex.org/W2414742209
https://openalex.org/W2416072996
https://openalex.org/W2416786644
https://openalex.org/W2416928530
https://openalex.org/W2418371406
https://openalex.org/W2418785363
https://openalex.org/W2418943452
https://openalex.org/W2433852881
https://openalex.org/W2470251469
https://openalex.org/W2472683375
https://openalex.org/W2790637122
https://openalex.org/W2915511461
https://openalex.org/W2949342447
https://openalex.org/W2950360554
https://openalex.org/W2951438571
https://openalex.org/W2951732129
https://openalex.org/W2963674745
https://openalex.org/W2992608143
https://openalex.org/W3007533865
https://openalex.org/W3010276320
https://openalex.org/W3160024460
https://openalex.org/W3176221326
https://openalex.org/W562301782
https://openalex.org/W615060911
https://openalex.org/W6894376
https://openalex.org/W2507945794
https://openalex.org/W1984542647
https://openalex.org/W2155458338
https://openalex.org/W2099856240
https://openalex.org/W2065890382
https://openalex.org/W2001701937
https://openalex.org/W2107608797
https://openalex.org/W1986991899
https://openalex.org/W2069002937
https://openalex.org/W2020213679
https://openalex.org/W1975600230
https://openalex.org/W2167946477
https://openalex.org/W2091791088
https://openalex.org/W2032829090
https://openalex.org/W2132623481
https://openalex.org/W2040225364
https://openalex.org/W1965732593
https://openalex.org/W2128200490
https://openalex.org/W2073196712
https://openalex.org/W1862004330
https://openalex.org/W2105369704
https://openalex.org/W2068598785
https://openalex.org/W2343892901
https://openalex.org/W2618189754
https://openalex.org/W2107139378
https://openalex.org/W1994122604
https://openalex.org/W2049330354
https://openalex.org/W2980283119
https://openalex.org/W2138398056
https://openalex.org/W2160796563
https://openalex.org/W1986471304
https://openalex.org/W2345296148
https://openalex.org/W1835137027
https://openalex.org/W1986456272
https://openalex.org/W2973404796
https://openalex.org/W2042560956
https://openalex.org/W2887546984
https://openalex.org/W2613251848
https://openalex.org/W3106282915
https://openalex.org/W2769337510
https://openalex.org/W2147075251
https://openalex.org/W3088120666
https://openalex.org/W2064839949
https://openalex.org/W2043348175
https://openalex.org/W3091445330
https://openalex.org/W603891031
https://openalex.org/W3007037748
https://openalex.org/W3004765623
https://openalex.org/W2420403948
https://openalex.org/W2254403995
https://openalex.org/W2944417415
https://openalex.org/W3016752752
https://openalex.org/W3011824585
https://openalex.org/W4224881964
https://openalex.org/W2904355662
https://openalex.org/W3041413756
https://openalex.org/W3186939867
https://openalex.org/W3134292010
https://openalex.org/W3195512253
https://openalex.org/W4315706058
https://openalex.org/W4225321033
https://openalex.org/W3165009133
https://openalex.org/W4391150042
https://openalex.org/W4213170810
https://openalex.org/W4221109462
https://openalex.org/W4292685072
https://openalex.org/W4384927635
https://openalex.org/W4390889531
https://openalex.org/W4391887471
https://openalex.org/W1966937220
https://openalex.org/W2029089280
https://openalex.org/W2038131683
https://openalex.org/W2105052825
https://openalex.org/W2100528017
https://openalex.org/W1966188750
https://openalex.org/W2025095916
https://openalex.org/W2091720000
https://openalex.org/W2057994246
https://openalex.org/W2139644773
https://openalex.org/W1991837678
https://openalex.org/W2123343744
https://openalex.org/W2024598483
https://openalex.org/W2030408713
https://openalex.org/W2158520056
https://openalex.org/W2033737637
https://openalex.org/W1973521766
https://openalex.org/W2016998573
https://openalex.org/W2056965752
https://openalex.org/W2079648635
https://openalex.org/W2032205612
https://openalex.org/W2115337964
https://openalex.org/W2007598092
https://openalex.org/W2087347915
https://openalex.org/W2107992604
https://openalex.org/W1923702019
https://openalex.org/W112211129
https://openalex.org/W2142490731
https://openalex.org/W2158139019
https://openalex.org/W1975747020
https://openalex.org/W1890097486
https://openalex.org/W2137680114
https://openalex.org/W2089046621
https://openalex.org/W2031944646
https://openalex.org/W2056644150
https://openalex.org/W2163478251
https://openalex.org/W1780318691
https://openalex.org/W1527764486
https://openalex.org/W2162358004
https://openalex.org/W2023474291
https://openalex.org/W1986061526
https://openalex.org/W1988493810
https://openalex.org/W2148514863
https://openalex.org/W1996001084
https://openalex.org/W2014309206
https://openalex.org/W2028437262
https://openalex.org/W2097347258
https://openalex.org/W2138837775
https://openalex.org/W2138012333
https://openalex.org/W1752517676
https://openalex.org/W3023934244
https://openalex.org/W2062525669
https://openalex.org/W2007859055
https://openalex.org/W1559958337
https://openalex.org/W2003471890
https://openalex.org/W2024057598
https://openalex.org/W2091455056
https://openalex.org/W2125183419
https://openalex.org/W1839847945
https://openalex.org/W2044122549
https://openalex.org/W2097901251
https://openalex.org/W2164163537
https://openalex.org/W2144281413
https://openalex.org/W2114014633
https://openalex.org/W2069482092
https://openalex.org/W2394947394
https://openalex.org/W1989670101
https://openalex.org/W2038528466
https://openalex.org/W1535188141
https://openalex.org/W2042515647
https://openalex.org/W2144548438
https://openalex.org/W2593603324
https://openalex.org/W2132917502
https://openalex.org/W1986414020
https://openalex.org/W1975371494
https://openalex.org/W2074735643
https://openalex.org/W2047261154
https://openalex.org/W2081977613
https://openalex.org/W2016526951
https://openalex.org/W2094602321
https://openalex.org/W2113593720
https://openalex.org/W2151406622
https://openalex.org/W1914663912
https://openalex.org/W2127106146
https://openalex.org/W2158047743
https://openalex.org/W2808291463
https://openalex.org/W2009703738
https://openalex.org/W2934553524
https://openalex.org/W2046932648
https://openalex.org/W2159520876
https://openalex.org/W2794759084
https://openalex.org/W2068150567
https://openalex.org/W2940096206
https://openalex.org/W2044522546
https://openalex.org/W2071040214
https://openalex.org/W2034764968
https://openalex.org/W2089091170
https://openalex.org/W2294083761
https://openalex.org/W71782267
https://openalex.org/W2010521953
https://openalex.org/W2165941587
https://openalex.org/W2429443139
https://openalex.org/W2074195534
https://openalex.org/W1579160800
https://openalex.org/W2914818527
https://openalex.org/W1695757115
https://openalex.org/W2165645314
https://openalex.org/W2463359016
https://openalex.org/W2607002167
https://openalex.org/W2122410197
https://openalex.org/W2464191955
https://openalex.org/W1999620774
https://openalex.org/W2801105853
https://openalex.org/W1980662226
https://openalex.org/W2097471815
https://openalex.org/W2026617045
https://openalex.org/W2081523342
https://openalex.org/W2170044093
https://openalex.org/W2797549992
https://openalex.org/W2789540690
https://openalex.org/W2023199104
https://openalex.org/W3005498837
https://openalex.org/W2546894736
https://openalex.org/W2781314235
https://openalex.org/W2901725625
https://openalex.org/W2790980747
https://openalex.org/W3020196078
https://openalex.org/W2783406844
https://openalex.org/W2999748704
https://openalex.org/W2105096699
https://openalex.org/W2464886291
https://openalex.org/W2600794207
https://openalex.org/W2924450737
https://openalex.org/W2306598664
https://openalex.org/W3052105661
https://openalex.org/W2278276767
https://openalex.org/W2777488888
https://openalex.org/W3015570610
https://openalex.org/W2974236990
https://openalex.org/W2806003529
https://openalex.org/W2535649952
https://openalex.org/W2792483895
https://openalex.org/W2789554429
https://openalex.org/W2910347779
https://openalex.org/W2981430129
https://openalex.org/W3038256291
https://openalex.org/W2938788853
https://openalex.org/W2973376215
https://openalex.org/W2904316432
https://openalex.org/W3022603364
https://openalex.org/W3032367207
https://openalex.org/W3113362529
https://openalex.org/W3108552872
https://openalex.org/W3156825717
https://openalex.org/W3095136052
https://openalex.org/W3158588292
https://openalex.org/W3200143315
https://openalex.org/W3134222986
https://openalex.org/W3210553238
https://openalex.org/W3122919452
https://openalex.org/W4283517476
https://openalex.org/W3153210404
https://openalex.org/W4220706381
https://openalex.org/W4212799764
https://openalex.org/W3198402353
https://openalex.org/W3209594283
https://openalex.org/W4282925510
https://openalex.org/W4205521319
https://openalex.org/W4220996377
https://openalex.org/W4293581579
https://openalex.org/W3176501415
https://openalex.org/W4220758012
https://openalex.org/W4292666488
https://openalex.org/W4308861908
https://openalex.org/W4200391675
https://openalex.org/W4285006174
https://openalex.org/W4297009996
https://openalex.org/W4289520209
https://openalex.org/W4206016685
https://openalex.org/W4213324337
https://openalex.org/W4281800546
https://openalex.org/W4366824629
https://openalex.org/W4311669370
https://openalex.org/W4324353703
https://openalex.org/W4385606367
https://openalex.org/W4309579391
https://openalex.org/W4312065910
https://openalex.org/W4382721543
https://openalex.org/W4310377346
https://openalex.org/W4312065120
https://openalex.org/W4315649642
https://openalex.org/W4317666398
https://openalex.org/W4362583923
https://openalex.org/W4313368457
https://openalex.org/W4313894072
https://openalex.org/W4385351142
https://openalex.org/W4387124858
https://openalex.org/W4393045174
https://openalex.org/W4296444540
https://openalex.org/W4313442972
https://openalex.org/W4388088522
https://openalex.org/W4388570937
https://openalex.org/W4389141831
https://openalex.org/W4389513660
https://openalex.org/W2332489276
https://openalex.org/W2078826554
https://openalex.org/W2012134384
https://openalex.org/W2037896350
https://openalex.org/W2097488714
https://openalex.org/W2022024669
https://openalex.org/W2037168459
https://openalex.org/W2107649199
https://openalex.org/W2153634271
https://openalex.org/W1978084341
https://openalex.org/W2072241257
https://openalex.org/W2139284087
https://openalex.org/W2105969196
https://openalex.org/W2149468546
https://openalex.org/W201164920
https://openalex.org/W2033401780
https://openalex.org/W2011793282
https://openalex.org/W2060619530
https://openalex.org/W2120640932
https://openalex.org/W2038258748
https://openalex.org/W2170200079
https://openalex.org/W2059657702
https://openalex.org/W3146727228
https://openalex.org/W2465311561
https://openalex.org/W2008378813
https://openalex.org/W2110085049
https://openalex.org/W2053512483
https://openalex.org/W2155034518
https://openalex.org/W2139035877
https://openalex.org/W2171721156
https://openalex.org/W2044157798
https://openalex.org/W2094140658
https://openalex.org/W2008933869
https://openalex.org/W2026432070
https://openalex.org/W1982268861
https://openalex.org/W2126195590
https://openalex.org/W2086836910
https://openalex.org/W2069098102
https://openalex.org/W1986338655
https://openalex.org/W2056250922
https://openalex.org/W2126462325
https://openalex.org/W2103707052
https://openalex.org/W2116709052
https://openalex.org/W2010184452
https://openalex.org/W1984454826
https://openalex.org/W2071138507
https://openalex.org/W2126645982
https://openalex.org/W2015542208
https://openalex.org/W2065984332
https://openalex.org/W2023406139
https://openalex.org/W2064514351
https://openalex.org/W1984555384
https://openalex.org/W2161036476
https://openalex.org/W2113217101
https://openalex.org/W2171451000
https://openalex.org/W2031582804
https://openalex.org/W2119300599
https://openalex.org/W2339493864
https://openalex.org/W2114313094
https://openalex.org/W2017497823
https://openalex.org/W2093528976
https://openalex.org/W2113873723
https://openalex.org/W2149871041
https://openalex.org/W1896451102
https://openalex.org/W1985826613
https://openalex.org/W2604816557
https://openalex.org/W1563398459
https://openalex.org/W2194344439
https://openalex.org/W2062545627
https://openalex.org/W2098360148
https://openalex.org/W2158060873
https://openalex.org/W1994393818
https://openalex.org/W2124811637
https://openalex.org/W2404217920
https://openalex.org/W2110008381
https://openalex.org/W1981809281
https://openalex.org/W1488390118
https://openalex.org/W1621072076
https://openalex.org/W2038061570
https://openalex.org/W2196029350
https://openalex.org/W2407795864
https://openalex.org/W2798334860
https://openalex.org/W1975254771
https://openalex.org/W2809341006
https://openalex.org/W1853847487
https://openalex.org/W2011829345
https://openalex.org/W2729760051
https://openalex.org/W2890158121
https://openalex.org/W2065378850
https://openalex.org/W2724219936
https://openalex.org/W2168468058
https://openalex.org/W2564075491
https://openalex.org/W1809777734
https://openalex.org/W2114197475
https://openalex.org/W2175505771
https://openalex.org/W2321037035
https://openalex.org/W1970123788
https://openalex.org/W2049131364
https://openalex.org/W2516655395
https://openalex.org/W2805530493
https://openalex.org/W1825302926
https://openalex.org/W2330933064
https://openalex.org/W2019529279
https://openalex.org/W2325780079
https://openalex.org/W2765293807
https://openalex.org/W2808154558
https://openalex.org/W2020726288
https://openalex.org/W2196905301
https://openalex.org/W2332007287
https://openalex.org/W2772818254
https://openalex.org/W2803378467
https://openalex.org/W2907193396
https://openalex.org/W2564815138
https://openalex.org/W2037762378
https://openalex.org/W2974467510
https://openalex.org/W1994685963
https://openalex.org/W2799476498
https://openalex.org/W2516278947
https://openalex.org/W2548891540
https://openalex.org/W2738342886
https://openalex.org/W2942909941
https://openalex.org/W2971781906
https://openalex.org/W2414095963
https://openalex.org/W2512620678
https://openalex.org/W2910477567
https://openalex.org/W2353132647
https://openalex.org/W2526135013
https://openalex.org/W2972959386
https://openalex.org/W2799618021
https://openalex.org/W3014499080
https://openalex.org/W3043686005
https://openalex.org/W2801681470
https://openalex.org/W2791491926
https://openalex.org/W3092307218
https://openalex.org/W2967237344
https://openalex.org/W3010562286
https://openalex.org/W3083145699
https://openalex.org/W3095441943
https://openalex.org/W3033480690
https://openalex.org/W2958392997
https://openalex.org/W2909554716
https://openalex.org/W3036061820
https://openalex.org/W3048669229
https://openalex.org/W3017191321
https://openalex.org/W3093061945
https://openalex.org/W3133168766
https://openalex.org/W3172038011
https://openalex.org/W3132164494
https://openalex.org/W3135038944
https://openalex.org/W3152096498
https://openalex.org/W3209058351
https://openalex.org/W3135717699
https://openalex.org/W3136936732
https://openalex.org/W3207884321
https://openalex.org/W3158792860
https://openalex.org/W4200539365
https://openalex.org/W3089159301
https://openalex.org/W3132239886
https://openalex.org/W3107354285
https://openalex.org/W2980850285
https://openalex.org/W3121425150
https://openalex.org/W4280537821
https://openalex.org/W4280600480
https://openalex.org/W4281788539
https://openalex.org/W4286249734
https://openalex.org/W3209692794
https://openalex.org/W4212788889
https://openalex.org/W3197373632
https://openalex.org/W4224241683
https://openalex.org/W3172259625
https://openalex.org/W3177721668
https://openalex.org/W4200070889
https://openalex.org/W4291972596
https://openalex.org/W4206295423
https://openalex.org/W4207067628
https://openalex.org/W4229000566
https://openalex.org/W4311025046
https://openalex.org/W4309196268
https://openalex.org/W4311147449
https://openalex.org/W4313420423
https://openalex.org/W4313516507
https://openalex.org/W4313611652
https://openalex.org/W4317566137
https://openalex.org/W4319341258
https://openalex.org/W4327559484
https://openalex.org/W4375847019
https://openalex.org/W4300003271
https://openalex.org/W4315629239
https://openalex.org/W4320005008
https://openalex.org/W4320034034
https://openalex.org/W4320480779
https://openalex.org/W4321020991
https://openalex.org/W4327601970
https://openalex.org/W4328051200
https://openalex.org/W4386840595
https://openalex.org/W4313442733
https://openalex.org/W4365142022
https://openalex.org/W4385804062
https://openalex.org/W4388249402
https://openalex.org/W4389322927
https://openalex.org/W4389839240
https://openalex.org/W4389981676
https://openalex.org/W4390542486
https://openalex.org/W4390598878
https://openalex.org/W4390603759
https://openalex.org/W4391166961
https://openalex.org/W4391466977
https://openalex.org/W4391542622
https://openalex.org/W4391837286
https://openalex.org/W4392303328
https://openalex.org/W4392860030
https://openalex.org/W4394615375
https://openalex.org/W2027274063
https://openalex.org/W2003990839
https://openalex.org/W2060304087
https://openalex.org/W1986119856
https://openalex.org/W2009816497
https://openalex.org/W2148142242
https://openalex.org/W1993962408
https://openalex.org/W2051640201
https://openalex.org/W2145507388
https://openalex.org/W2064815058
https://openalex.org/W2084328958
https://openalex.org/W1986462630
https://openalex.org/W2000884916
https://openalex.org/W2089814882
https://openalex.org/W1998298246
https://openalex.org/W2014017391
https://openalex.org/W2046968668
https://openalex.org/W1534564948
https://openalex.org/W1978642981
https://openalex.org/W2102171595
https://openalex.org/W2096229327
https://openalex.org/W2099463502
https://openalex.org/W1985005579
https://openalex.org/W2113386256
https://openalex.org/W2143996121
https://openalex.org/W2068989897
https://openalex.org/W2111556188
https://openalex.org/W1974241938
https://openalex.org/W2089394098
https://openalex.org/W2101612727
https://openalex.org/W3167924871
https://openalex.org/W1965517451
https://openalex.org/W2048267025
https://openalex.org/W2003690147
https://openalex.org/W2159974485
https://openalex.org/W2148177150
https://openalex.org/W2168717822
https://openalex.org/W2047311681
https://openalex.org/W1986100807
https://openalex.org/W2108649846
https://openalex.org/W2013732967
https://openalex.org/W2005485981
https://openalex.org/W1990760584
https://openalex.org/W2033448755
https://openalex.org/W2132235646
https://openalex.org/W2134193575
https://openalex.org/W2125500553
https://openalex.org/W2156485374
https://openalex.org/W2145622735
https://openalex.org/W2003357955
https://openalex.org/W2097963051
https://openalex.org/W1972029847
https://openalex.org/W2147995638
https://openalex.org/W110092094
https://openalex.org/W2028768193
https://openalex.org/W2036497226
https://openalex.org/W2149934068
https://openalex.org/W2141649159
https://openalex.org/W2127236929
https://openalex.org/W2144067912
https://openalex.org/W28839989
https://openalex.org/W2155681333
https://openalex.org/W2016424088
https://openalex.org/W2115195151
https://openalex.org/W2013215486
https://openalex.org/W2075976573
https://openalex.org/W1990221544
https://openalex.org/W2105129195
https://openalex.org/W2116035127
https://openalex.org/W2118938512
https://openalex.org/W2043357639
https://openalex.org/W2105330246
https://openalex.org/W2166867196
https://openalex.org/W2137818078
https://openalex.org/W2156673508
https://openalex.org/W248131431
https://openalex.org/W2044128591
https://openalex.org/W2154769712
https://openalex.org/W2605606581
https://openalex.org/W2008661676
https://openalex.org/W2061465207
https://openalex.org/W2133169886
https://openalex.org/W2165340299
https://openalex.org/W2476222657
https://openalex.org/W2044845812
https://openalex.org/W2072019502
https://openalex.org/W2475028135
https://openalex.org/W2588603921
https://openalex.org/W2069893532
https://openalex.org/W2306592561
https://openalex.org/W2725092383
https://openalex.org/W2066482942
https://openalex.org/W2102740921
https://openalex.org/W2518743679
https://openalex.org/W2788897851
https://openalex.org/W2792800097
https://openalex.org/W3102828761
https://openalex.org/W2178702640
https://openalex.org/W2529606145
https://openalex.org/W2901534722
https://openalex.org/W2337430825
https://openalex.org/W2783249617
https://openalex.org/W2951316505
https://openalex.org/W2396433385
https://openalex.org/W2887865671
https://openalex.org/W2909271738
https://openalex.org/W2346185412
https://openalex.org/W2441394149
https://openalex.org/W2566588825
https://openalex.org/W2765745260
https://openalex.org/W2795645530
https://openalex.org/W2995621756
https://openalex.org/W2802972977
https://openalex.org/W2945846828
https://openalex.org/W2983092509
https://openalex.org/W2902484138
https://openalex.org/W2964567099
https://openalex.org/W3034469123
https://openalex.org/W3037413427
https://openalex.org/W2919636416
https://openalex.org/W2948965648
https://openalex.org/W2985118335
https://openalex.org/W2998111149
https://openalex.org/W3013580137
https://openalex.org/W3100438702
https://openalex.org/W2960756397
https://openalex.org/W2982417727
https://openalex.org/W3003573859
https://openalex.org/W3012898036
https://openalex.org/W3102663983
https://openalex.org/W3016078453
https://openalex.org/W3042022233
https://openalex.org/W3093577416
https://openalex.org/W3087617646
https://openalex.org/W2976249426
https://openalex.org/W3130229853
https://openalex.org/W3133696516
https://openalex.org/W3215414920
https://openalex.org/W3134110598
https://openalex.org/W3162624898
https://openalex.org/W3183418725
https://openalex.org/W3170804543
https://openalex.org/W3121125065
https://openalex.org/W3204847426
https://openalex.org/W3193838209
https://openalex.org/W4285588951
https://openalex.org/W4311599516
https://openalex.org/W4213455744
https://openalex.org/W4224244483
https://openalex.org/W4283214690
https://openalex.org/W4205835910
https://openalex.org/W4225985297
https://openalex.org/W4283746341
https://openalex.org/W4297463995
https://openalex.org/W4308923409
https://openalex.org/W4310836697
https://openalex.org/W4315474745
https://openalex.org/W4327719874
https://openalex.org/W4379377338
https://openalex.org/W4381716081
https://openalex.org/W4384560056
https://openalex.org/W4385336979
https://openalex.org/W4307667997
https://openalex.org/W4310671666
https://openalex.org/W4313407774
https://openalex.org/W4315781467
https://openalex.org/W4319293703
https://openalex.org/W4362666108
https://openalex.org/W4362672620
https://openalex.org/W4377092131
https://openalex.org/W4382502425
https://openalex.org/W4383558893
https://openalex.org/W4387058929
https://openalex.org/W2065950115
https://openalex.org/W2014696761
https://openalex.org/W2130027360
https://openalex.org/W2004258776
https://openalex.org/W2027138177
https://openalex.org/W1989577737
https://openalex.org/W2084512076
https://openalex.org/W2141502026
https://openalex.org/W2138597496
https://openalex.org/W2212856635
https://openalex.org/W1991714812
https://openalex.org/W2100209448
https://openalex.org/W1605224674
https://openalex.org/W2102844669
https://openalex.org/W1969997152
https://openalex.org/W2038177472
https://openalex.org/W2098028459
https://openalex.org/W1967550860
https://openalex.org/W2097801707
https://openalex.org/W2125887504
https://openalex.org/W2116055440
https://openalex.org/W1982097444
https://openalex.org/W2043838926
https://openalex.org/W2002294041
https://openalex.org/W2109147261
https://openalex.org/W1970299902
https://openalex.org/W2015602861
https://openalex.org/W2106471257
https://openalex.org/W2157610965
https://openalex.org/W2077464457
https://openalex.org/W1982671490
https://openalex.org/W1982676644
https://openalex.org/W1995913191
https://openalex.org/W2022734490
https://openalex.org/W2042341265
https://openalex.org/W2074555442
https://openalex.org/W2075519163
https://openalex.org/W2123685958
https://openalex.org/W1988465526
https://openalex.org/W2021108139
https://openalex.org/W2065780207
https://openalex.org/W2127143958
https://openalex.org/W160887227
https://openalex.org/W1996006512
https://openalex.org/W2035491492
https://openalex.org/W2020485360
https://openalex.org/W2116614720
https://openalex.org/W2045865903
https://openalex.org/W2046432259
https://openalex.org/W2130829295
https://openalex.org/W2007918429
https://openalex.org/W2108484409
https://openalex.org/W1791842865
https://openalex.org/W2009199821
https://openalex.org/W2043207983
https://openalex.org/W2133592335
https://openalex.org/W1990231951
https://openalex.org/W2062607464
https://openalex.org/W1965843462
https://openalex.org/W2001523891
https://openalex.org/W2276671904
https://openalex.org/W1822928535
https://openalex.org/W1985480856
https://openalex.org/W2015831896
https://openalex.org/W2107036127
https://openalex.org/W2125730430
https://openalex.org/W1992705059
https://openalex.org/W2099700680
https://openalex.org/W2009146989
https://openalex.org/W2024943723
https://openalex.org/W2124408205
https://openalex.org/W2334979416
https://openalex.org/W952110662
https://openalex.org/W1974991749
https://openalex.org/W2005531069
https://openalex.org/W2033520298
https://openalex.org/W2210611751
https://openalex.org/W2171943054
https://openalex.org/W2191110339
https://openalex.org/W2324606080
https://openalex.org/W1781296111
https://openalex.org/W1966434586
https://openalex.org/W2018447020
https://openalex.org/W2055999993
https://openalex.org/W2404756173
https://openalex.org/W2460875272
https://openalex.org/W2621383554
https://openalex.org/W2737146427
https://openalex.org/W2083070723
https://openalex.org/W2140831779
https://openalex.org/W2339585302
https://openalex.org/W2560018952
https://openalex.org/W2761485945
https://openalex.org/W2419079406
https://openalex.org/W2567704420
https://openalex.org/W2736216945
https://openalex.org/W2770468002
https://openalex.org/W2789814238
https://openalex.org/W1909740023
https://openalex.org/W2094979780
https://openalex.org/W2403427843
https://openalex.org/W2545349444
https://openalex.org/W2793559259
https://openalex.org/W2469392127
https://openalex.org/W2545039089
https://openalex.org/W2596497316
https://openalex.org/W2897424394
https://openalex.org/W2728614907
https://openalex.org/W2800718406
https://openalex.org/W2809060824
https://openalex.org/W2889210169
https://openalex.org/W2950805809
https://openalex.org/W2917044048
https://openalex.org/W2921672315
https://openalex.org/W2962125222
https://openalex.org/W2981050301
https://openalex.org/W2990609018
https://openalex.org/W3006651694
https://openalex.org/W2996479167
https://openalex.org/W3080725622
https://openalex.org/W2980442686
https://openalex.org/W3007133668
https://openalex.org/W3013105584
https://openalex.org/W3044102111
https://openalex.org/W3045276657
https://openalex.org/W3091976173
https://openalex.org/W3153721203
https://openalex.org/W3154264600
https://openalex.org/W3157817659
https://openalex.org/W3084159257
https://openalex.org/W3155335537
https://openalex.org/W3164960589
https://openalex.org/W3196665329
https://openalex.org/W3110338025
https://openalex.org/W3116569471
https://openalex.org/W3203855237
https://openalex.org/W3119219399
https://openalex.org/W3133445085
https://openalex.org/W3178174733
https://openalex.org/W3193585681
https://openalex.org/W3212264173
https://openalex.org/W4212867966
https://openalex.org/W4225115469
https://openalex.org/W4283797833
https://openalex.org/W4289861302
https://openalex.org/W4308884429
https://openalex.org/W4210870429
https://openalex.org/W4213022770
https://openalex.org/W4213043564
https://openalex.org/W4224315527
https://openalex.org/W4229335666
https://openalex.org/W4283837383
https://openalex.org/W4205557803
https://openalex.org/W4213197577
https://openalex.org/W4220877549
https://openalex.org/W4226089482
https://openalex.org/W4283733422
https://openalex.org/W4285084326
https://openalex.org/W4293548203
https://openalex.org/W4296903759
https://openalex.org/W4307841790
https://openalex.org/W4308896360
https://openalex.org/W4309047499
https://openalex.org/W4308462843
https://openalex.org/W4313894423
https://openalex.org/W4319656135
https://openalex.org/W4321369123
https://openalex.org/W4321444196
https://openalex.org/W4360824148
https://openalex.org/W4366167195
https://openalex.org/W4366691518
https://openalex.org/W4366831345
https://openalex.org/W4376871523
https://openalex.org/W4378191206
https://openalex.org/W4380323099
https://openalex.org/W4380480927
https://openalex.org/W4381940540
https://openalex.org/W4382929816
https://openalex.org/W2344498967
https://openalex.org/W2047225651
https://openalex.org/W2468362690
https://openalex.org/W2074787067
https://openalex.org/W2033211733
https://openalex.org/W2043853636
https://openalex.org/W2080310482
https://openalex.org/W2042921005
https://openalex.org/W2057833102
https://openalex.org/W2111170135
https://openalex.org/W2058946117
https://openalex.org/W2094818788
https://openalex.org/W2148148487
https://openalex.org/W1498468718
https://openalex.org/W1820776709
https://openalex.org/W2047808865
https://openalex.org/W2066775361
https://openalex.org/W2160058400
https://openalex.org/W1529323135
https://openalex.org/W2117570635
https://openalex.org/W2049158565
https://openalex.org/W2129310218
https://openalex.org/W2082757530
https://openalex.org/W1970064359
https://openalex.org/W1999363014
https://openalex.org/W2049158038
https://openalex.org/W2068682939
https://openalex.org/W2073593710
https://openalex.org/W2010528292
https://openalex.org/W2023501509
https://openalex.org/W1988425676
https://openalex.org/W2060030269
https://openalex.org/W2032617005
https://openalex.org/W2059025315
https://openalex.org/W15945757
https://openalex.org/W1983090368
https://openalex.org/W2008726956
https://openalex.org/W1566002474
https://openalex.org/W1973232006
https://openalex.org/W2092498184
https://openalex.org/W2122837097
https://openalex.org/W2134631638
https://openalex.org/W2167746858
https://openalex.org/W2046310839
https://openalex.org/W2084919447
https://openalex.org/W3098811678
https://openalex.org/W1997480133
https://openalex.org/W2064375089
https://openalex.org/W2327149918
https://openalex.org/W2014773433
https://openalex.org/W2144119702
https://openalex.org/W2023444374
https://openalex.org/W2032042929
https://openalex.org/W2103806078
https://openalex.org/W2136423167
https://openalex.org/W2489336527
https://openalex.org/W2142552906
https://openalex.org/W2952527289
https://openalex.org/W2154339166
https://openalex.org/W2162241896
https://openalex.org/W1976164550
https://openalex.org/W2069852471
https://openalex.org/W2095256089
https://openalex.org/W2167483937
https://openalex.org/W1816978768
https://openalex.org/W1969516891
https://openalex.org/W1996746804
https://openalex.org/W2000057172
https://openalex.org/W2085868330
https://openalex.org/W2109402444
https://openalex.org/W2000521506
https://openalex.org/W2002260290
https://openalex.org/W2036148388
https://openalex.org/W2325961950
https://openalex.org/W1998361083
https://openalex.org/W2051259540
https://openalex.org/W2076048864
https://openalex.org/W1531139087
https://openalex.org/W1976664134
https://openalex.org/W2010187366
https://openalex.org/W2044211413
https://openalex.org/W2196096155
https://openalex.org/W1591675690
https://openalex.org/W844097320
https://openalex.org/W1983466037
https://openalex.org/W1992139467
https://openalex.org/W1992281634
https://openalex.org/W2465730694
https://openalex.org/W2516354401
https://openalex.org/W2883861457
https://openalex.org/W2886051507
https://openalex.org/W1967475054
https://openalex.org/W2053697349
https://openalex.org/W2119022280
https://openalex.org/W2531524485
https://openalex.org/W2773466882
https://openalex.org/W2811074962
https://openalex.org/W1866446428
https://openalex.org/W2015793053
https://openalex.org/W2038926448
https://openalex.org/W2044248383
https://openalex.org/W2044687165
https://openalex.org/W2079364627
https://openalex.org/W2534983733
https://openalex.org/W2596536295
https://openalex.org/W2606599182
https://openalex.org/W2789414208
https://openalex.org/W2803964505
https://openalex.org/W2893561842
https://openalex.org/W2895057498
https://openalex.org/W2297718566
https://openalex.org/W2359752640
https://openalex.org/W2465674188
https://openalex.org/W2741892297
https://openalex.org/W2752046068
https://openalex.org/W2802773982
https://openalex.org/W2808676572
https://openalex.org/W2949489250
https://openalex.org/W2950520164
https://openalex.org/W2968236113
https://openalex.org/W2996966456
https://openalex.org/W2324713866
https://openalex.org/W2346128621
https://openalex.org/W2896723142
https://openalex.org/W2923679108
https://openalex.org/W2948181462
https://openalex.org/W2966037284
https://openalex.org/W2913881895
https://openalex.org/W2971356505
https://openalex.org/W2983201959
https://openalex.org/W3011299304
https://openalex.org/W3088110731
https://openalex.org/W3015556055
https://openalex.org/W3033061505
https://openalex.org/W3047163764
https://openalex.org/W3094367028
https://openalex.org/W3035563396
https://openalex.org/W3006275146
https://openalex.org/W3094897171
https://openalex.org/W3118394147
https://openalex.org/W3169538861
https://openalex.org/W3213356570
https://openalex.org/W3153118471
https://openalex.org/W3165330890
https://openalex.org/W3025976913
https://openalex.org/W3173882292
https://openalex.org/W3204971966
https://openalex.org/W3215595864
https://openalex.org/W4206031702
https://openalex.org/W4220730527
https://openalex.org/W4224310140
https://openalex.org/W4285036569
https://openalex.org/W4285042149
https://openalex.org/W4296229229
https://openalex.org/W4307059209
https://openalex.org/W4316672175
https://openalex.org/W4353021258
https://openalex.org/W4362635823
https://openalex.org/W4362699009
https://openalex.org/W4376142418
https://openalex.org/W2235522709
https://openalex.org/W2090936455
https://openalex.org/W2150404014
https://openalex.org/W68500076
https://openalex.org/W1900272315
https://openalex.org/W2066848374
https://openalex.org/W2073958645
https://openalex.org/W2131147995
https://openalex.org/W2151315112
https://openalex.org/W2188079120
https://openalex.org/W2201204991
https://openalex.org/W2416387760
https://openalex.org/W1561306842
https://openalex.org/W2008955409
https://openalex.org/W2141674379
https://openalex.org/W2084955907
https://openalex.org/W2022687493
https://openalex.org/W2087082845
https://openalex.org/W2091619027
https://openalex.org/W2139539252
https://openalex.org/W2015455016
https://openalex.org/W2076271147
https://openalex.org/W2100468109
https://openalex.org/W2133034461
https://openalex.org/W2136194788
https://openalex.org/W2004599213
https://openalex.org/W2023191087
https://openalex.org/W2109682731
https://openalex.org/W2115388557
https://openalex.org/W1972237981
https://openalex.org/W1975986470
https://openalex.org/W2062766406
https://openalex.org/W2065097602
https://openalex.org/W2158027999
https://openalex.org/W2166842732
https://openalex.org/W1901293686
https://openalex.org/W1997306766
https://openalex.org/W2093716829
https://openalex.org/W2162910195
https://openalex.org/W102798308
https://openalex.org/W2000795677
https://openalex.org/W2147127076
https://openalex.org/W1834267459
https://openalex.org/W2051517875
https://openalex.org/W2057248618
https://openalex.org/W2108905729
https://openalex.org/W1499983104
https://openalex.org/W1978209538
https://openalex.org/W2158424148
https://openalex.org/W1971979765
https://openalex.org/W2105629509
https://openalex.org/W56469980
https://openalex.org/W1985274091
https://openalex.org/W1994993004
https://openalex.org/W2134781465
https://openalex.org/W2165099490
https://openalex.org/W2145628074
https://openalex.org/W32558623
https://openalex.org/W1987657792
https://openalex.org/W2027315625
https://openalex.org/W2033485264
https://openalex.org/W2012442854
https://openalex.org/W2087204715
https://openalex.org/W2009186187
https://openalex.org/W2059447615
https://openalex.org/W1965270320
https://openalex.org/W2021122774
https://openalex.org/W1978483218
https://openalex.org/W2089329339
https://openalex.org/W2010466919
https://openalex.org/W2050144621
https://openalex.org/W2030319838
https://openalex.org/W2060465902
https://openalex.org/W2098074567
https://openalex.org/W2106327442
https://openalex.org/W1854505386
https://openalex.org/W1966794310
https://openalex.org/W1967049445
https://openalex.org/W2038337239
https://openalex.org/W2045665882
https://openalex.org/W2052470393
https://openalex.org/W2071268856
https://openalex.org/W2132550701
https://openalex.org/W2161984891
https://openalex.org/W2023454365
https://openalex.org/W2038919085
https://openalex.org/W2068370762
https://openalex.org/W2139848029
https://openalex.org/W2149333392
https://openalex.org/W2587911225
https://openalex.org/W2605899210
https://openalex.org/W2732114590
https://openalex.org/W1840874113
https://openalex.org/W1982888974
https://openalex.org/W2015819396
https://openalex.org/W2060345746
https://openalex.org/W2238223458
https://openalex.org/W2895805317
https://openalex.org/W2754348707
https://openalex.org/W2891449764
https://openalex.org/W2892938500
https://openalex.org/W2346004123
https://openalex.org/W2549729245
https://openalex.org/W2567269667
https://openalex.org/W2737306400
https://openalex.org/W2792700798
https://openalex.org/W2902715602
https://openalex.org/W2301729783
https://openalex.org/W2301830968
https://openalex.org/W2302711420
https://openalex.org/W2475055502
https://openalex.org/W2529771612
https://openalex.org/W2790857134
https://openalex.org/W2799540840
https://openalex.org/W2800590115
https://openalex.org/W2923065666
https://openalex.org/W2963018929
https://openalex.org/W2946922428
https://openalex.org/W2950595223
https://openalex.org/W2960245240
https://openalex.org/W2965011436
https://openalex.org/W2965156161
https://openalex.org/W2902534318
https://openalex.org/W2907828560
https://openalex.org/W2917263976
https://openalex.org/W2932278627
https://openalex.org/W2948151272
https://openalex.org/W3087601879
https://openalex.org/W3019625872
https://openalex.org/W3108770655
https://openalex.org/W3134958385
https://openalex.org/W3138682731
https://openalex.org/W3178418120
https://openalex.org/W3193362405
https://openalex.org/W3096175185
https://openalex.org/W3157322511
https://openalex.org/W3163720407
https://openalex.org/W3168692620
https://openalex.org/W3186256029
https://openalex.org/W3186584995
https://openalex.org/W3206844310
https://openalex.org/W3194176981
https://openalex.org/W3210961603
https://openalex.org/W4224231791
https://openalex.org/W4280510750
https://openalex.org/W4285202305
https://openalex.org/W4291972743
https://openalex.org/W4298008826
https://openalex.org/W4311542111
https://openalex.org/W3202897830
https://openalex.org/W3209803072
https://openalex.org/W4205420626
https://openalex.org/W4206201522
https://openalex.org/W4212878307
https://openalex.org/W4213255320
https://openalex.org/W4281672058
https://openalex.org/W4286639003
https://openalex.org/W4292935984
https://openalex.org/W4294487794
https://openalex.org/W4307701981
https://openalex.org/W4309729106
https://openalex.org/W4298008808
https://openalex.org/W4308787047
https://openalex.org/W4310257970
https://openalex.org/W4311777525
https://openalex.org/W4312489230
https://openalex.org/W4313442782
https://openalex.org/W4318574507
https://openalex.org/W4319461423
https://openalex.org/W4321610412
https://openalex.org/W4323807451
https://openalex.org/W4324144268
https://openalex.org/W4367835232
https://openalex.org/W4377141128
https://openalex.org/W4378903384
https://openalex.org/W4379599970
https://openalex.org/W4380353985
https://openalex.org/W4381309394
https://openalex.org/W4385382701
https://openalex.org/W4386012033
https://openalex.org/W4387079014
https://openalex.org/W4387267236
https://openalex.org/W1585017744
https://openalex.org/W2059286755
https://openalex.org/W2021787055
https://openalex.org/W2055646996
https://openalex.org/W2159306990
https://openalex.org/W1527056435
https://openalex.org/W2014542720
https://openalex.org/W2056863383
https://openalex.org/W2293587574
https://openalex.org/W2058024992
https://openalex.org/W1494682945
https://openalex.org/W2136451752
https://openalex.org/W1985527350
https://openalex.org/W2027957050
https://openalex.org/W2051199727
https://openalex.org/W2001387036
https://openalex.org/W2082613176
https://openalex.org/W2052726801
https://openalex.org/W2090727636
https://openalex.org/W2123338658
https://openalex.org/W2005130498
https://openalex.org/W2171567160
https://openalex.org/W2578231687
https://openalex.org/W2051812988
https://openalex.org/W2030359107
https://openalex.org/W2055153155
https://openalex.org/W2109752669
https://openalex.org/W2043357234
https://openalex.org/W2077576711
https://openalex.org/W2142214919
https://openalex.org/W2156360881
https://openalex.org/W2161150099
https://openalex.org/W1993882228
https://openalex.org/W2052225984
https://openalex.org/W2060835792
https://openalex.org/W2077411557
https://openalex.org/W2062447775
https://openalex.org/W2135054219
https://openalex.org/W2136645835
https://openalex.org/W2096009865
https://openalex.org/W2104737198
https://openalex.org/W2114041003
https://openalex.org/W1482508587
https://openalex.org/W1993625586
https://openalex.org/W2152156382
https://openalex.org/W1981429462
https://openalex.org/W2029325773
https://openalex.org/W1990240630
https://openalex.org/W2093937863
https://openalex.org/W2162179945
https://openalex.org/W2123879337
https://openalex.org/W2151536328
https://openalex.org/W2047304802
https://openalex.org/W2059152796
https://openalex.org/W1973742082
https://openalex.org/W2002376986
https://openalex.org/W2085205511
https://openalex.org/W2137918969
https://openalex.org/W2564990373
https://openalex.org/W2603149885
https://openalex.org/W263059088
https://openalex.org/W2774105413
https://openalex.org/W313018139
https://openalex.org/W2024833685
https://openalex.org/W2126964856
https://openalex.org/W2255101814
https://openalex.org/W2798085031
https://openalex.org/W2800929348
https://openalex.org/W2886647762
https://openalex.org/W2897666582
https://openalex.org/W1588885046
https://openalex.org/W2558760959
https://openalex.org/W2615617633
https://openalex.org/W2765998840
https://openalex.org/W2807129591
https://openalex.org/W2776140028
https://openalex.org/W2790899614
https://openalex.org/W2800030038
https://openalex.org/W2811511030
https://openalex.org/W2987699894
https://openalex.org/W2884109160
https://openalex.org/W2958081432
https://openalex.org/W2971208601
https://openalex.org/W2994718555
https://openalex.org/W3000551848
https://openalex.org/W3010254890
https://openalex.org/W2999752617
https://openalex.org/W3000423321
https://openalex.org/W3015521839
https://openalex.org/W3085012837
https://openalex.org/W3088550254
https://openalex.org/W3014610950
https://openalex.org/W3035398293
https://openalex.org/W2042175286
https://openalex.org/W3153639242
https://openalex.org/W3156779796
https://openalex.org/W3202607253
https://openalex.org/W3213714814
https://openalex.org/W4200396283
https://openalex.org/W3114342505
https://openalex.org/W3116246410
https://openalex.org/W3116587006
https://openalex.org/W3118795984
https://openalex.org/W3131208881
https://openalex.org/W3132864437
https://openalex.org/W3143862143
https://openalex.org/W3158246555
https://openalex.org/W3162757313
https://openalex.org/W3165326282
https://openalex.org/W3169064172
https://openalex.org/W3206762629
https://openalex.org/W3214820959
https://openalex.org/W4205426308
https://openalex.org/W4206784804
https://openalex.org/W4220676240
https://openalex.org/W4281493133
https://openalex.org/W4281621450
https://openalex.org/W4281655556
https://openalex.org/W4281975170
https://openalex.org/W4282585029
https://openalex.org/W4288072103
https://openalex.org/W4292356768
https://openalex.org/W4299804830
https://openalex.org/W4309859203
https://openalex.org/W4387107717
https://openalex.org/W4387468643
https://openalex.org/W4387873180
https://openalex.org/W4388125522
https://openalex.org/W4388203590
https://openalex.org/W4388486982
https://openalex.org/W4388687553
https://openalex.org/W4389071028
https://openalex.org/W4389918211
https://openalex.org/W4389990713
https://openalex.org/W4390141831
https://openalex.org/W4390233922
https://openalex.org/W4390331729
https://openalex.org/W4390565267
https://openalex.org/W4390590715
https://openalex.org/W4390615612
https://openalex.org/W4390629969
https://openalex.org/W4390742056
https://openalex.org/W4390751953
https://openalex.org/W4390755537
https://openalex.org/W4390858598
https://openalex.org/W4390863859
https://openalex.org/W4390902846
https://openalex.org/W4390903096
https://openalex.org/W4390938581
https://openalex.org/W4390974685
https://openalex.org/W4391044519
https://openalex.org/W4391166763
https://openalex.org/W4391167064
https://openalex.org/W4391211391
https://openalex.org/W4391218331
https://openalex.org/W4391220415
https://openalex.org/W4391231944
https://openalex.org/W4391255110
https://openalex.org/W4391325743
https://openalex.org/W4391325766
https://openalex.org/W4391346662
https://openalex.org/W4391402435
https://openalex.org/W4391430672
https://openalex.org/W4391449906
https://openalex.org/W4391477750
https://openalex.org/W4391486715
https://openalex.org/W4391576540
https://openalex.org/W4391685069
https://openalex.org/W4391690913
https://openalex.org/W4391724557
https://openalex.org/W4391731141
https://openalex.org/W4391750899
https://openalex.org/W4391782387
https://openalex.org/W4391873059
https://openalex.org/W4391919116
https://openalex.org/W4391948413
https://openalex.org/W4391956280
https://openalex.org/W4391956687
https://openalex.org/W4391999279
https://openalex.org/W4392004103
https://openalex.org/W4392104677
https://openalex.org/W4392104717
https://openalex.org/W4392106353
https://openalex.org/W4392116249
https://openalex.org/W4392116252
https://openalex.org/W4392120326
https://openalex.org/W4392121875
https://openalex.org/W4392128528
https://openalex.org/W4392199019
https://openalex.org/W4392236036
https://openalex.org/W4392238619
https://openalex.org/W4392238812
https://openalex.org/W4392250871
https://openalex.org/W4392267280
https://openalex.org/W4392285311
https://openalex.org/W4392287249
https://openalex.org/W4392347686
https://openalex.org/W4392452935
https://openalex.org/W4392457594
https://openalex.org/W4392457613
https://openalex.org/W4392459742
https://openalex.org/W4392462715
https://openalex.org/W4392469989
https://openalex.org/W4392517952
https://openalex.org/W4392538746
https://openalex.org/W4392548277
https://openalex.org/W4392597924
https://openalex.org/W4392637480
https://openalex.org/W4392644683
https://openalex.org/W4392647938
https://openalex.org/W4392651576
https://openalex.org/W4392658636
https://openalex.org/W4392658975
https://openalex.org/W4392673064
https://openalex.org/W4392696013
https://openalex.org/W4392733960
https://openalex.org/W4392748664
https://openalex.org/W4392787689
https://openalex.org/W4392922243
https://openalex.org/W4392935483
https://openalex.org/W4392973898
https://openalex.org/W4393009965
https://openalex.org/W4393042826
https://openalex.org/W4393157826
https://openalex.org/W4393167055
https://openalex.org/W4393193543
https://openalex.org/W4393237450
https://openalex.org/W4393254988
https://openalex.org/W4393273059
https://openalex.org/W4393302157
https://openalex.org/W4393302850
https://openalex.org/W4393315868
https://openalex.org/W4393357809
https://openalex.org/W4393381206
https://openalex.org/W4393682279
https://openalex.org/W4393872390
https://openalex.org/W4393901911
https://openalex.org/W4393902161
https://openalex.org/W4393973857
https://openalex.org/W4394014209
https://openalex.org/W4394566831
https://openalex.org/W4394581629
https://openalex.org/W4394615717
https://openalex.org/W4394720252
https://openalex.org/W4394745144
https://openalex.org/W4394758202
https://openalex.org/W4394770127
https://openalex.org/W4394819220
https://openalex.org/W4394849077
https://openalex.org/W4394874253
https://openalex.org/W4394921328
https://openalex.org/W4394927822
https://openalex.org/W4394951234
https://openalex.org/W4394958040
https://openalex.org/W4394977987
https://openalex.org/W4394989361
https://openalex.org/W4394996030
https://openalex.org/W4395016955
https://openalex.org/W4395044991
https://openalex.org/W4395077289
https://openalex.org/W4395097676
https://openalex.org/W4395468475
https://openalex.org/W4395669364
https://openalex.org/W4395689097
https://openalex.org/W4395957218
https://openalex.org/W4395960024
https://openalex.org/W4396224558
https://openalex.org/W4396227710
https://openalex.org/W4396544699
https://openalex.org/W1968590543
https://openalex.org/W1560329260
https://openalex.org/W1985457289
https://openalex.org/W2000404341
https://openalex.org/W2158134800
https://openalex.org/W1968374877
https://openalex.org/W1978189126
https://openalex.org/W2104667190
https://openalex.org/W2134716519
https://openalex.org/W4360754825
https://openalex.org/W1249045265
https://openalex.org/W2162898808
https://openalex.org/W2167530093
https://openalex.org/W2171942820
https://openalex.org/W2322173588
https://openalex.org/W2033566910
https://openalex.org/W2053623985
https://openalex.org/W2087754038
https://openalex.org/W2116245251
https://openalex.org/W2000525031
https://openalex.org/W1679997233
https://openalex.org/W2014029751
https://openalex.org/W2071259329
https://openalex.org/W2077131002
https://openalex.org/W2080654749
https://openalex.org/W1975784885
https://openalex.org/W2023677766
https://openalex.org/W2116573718
https://openalex.org/W1456392880
https://openalex.org/W2060632858
https://openalex.org/W1917090946
https://openalex.org/W2061864885
https://openalex.org/W2131835432
https://openalex.org/W2017524318
https://openalex.org/W2051693847
https://openalex.org/W2073563674
https://openalex.org/W2087305851
https://openalex.org/W2093116104
https://openalex.org/W8224192
https://openalex.org/W1972862005
https://openalex.org/W2025221041
https://openalex.org/W2158695941
https://openalex.org/W1971590227
https://openalex.org/W1665987100
https://openalex.org/W2001885068
https://openalex.org/W2002815352
https://openalex.org/W2031434508
https://openalex.org/W2103084464
https://openalex.org/W1565128354
https://openalex.org/W1997107555
https://openalex.org/W2076500714
https://openalex.org/W2081414449
https://openalex.org/W2167377151
https://openalex.org/W1977142820
https://openalex.org/W1979941572
https://openalex.org/W1985640207
https://openalex.org/W2057880658
https://openalex.org/W2081538793
https://openalex.org/W2086008669
https://openalex.org/W2006651829
https://openalex.org/W2046836826
https://openalex.org/W2168825354
https://openalex.org/W1840756776
https://openalex.org/W2059503771
https://openalex.org/W111488668
https://openalex.org/W2030191233
https://openalex.org/W2069377139
https://openalex.org/W2090389647
https://openalex.org/W2098286992
https://openalex.org/W2102545544
https://openalex.org/W1983852077
https://openalex.org/W2040439438
https://openalex.org/W2073591360
https://openalex.org/W2124874065
https://openalex.org/W2323889680
https://openalex.org/W1568724241
https://openalex.org/W1980273510
https://openalex.org/W1980615908
https://openalex.org/W2048024182
https://openalex.org/W2062814486
https://openalex.org/W2132289781
https://openalex.org/W2421045169
https://openalex.org/W2526268436
https://openalex.org/W2594460883
https://openalex.org/W2620032911
https://openalex.org/W2626212921
https://openalex.org/W4234764229
https://openalex.org/W1160851458
https://openalex.org/W1494733462
https://openalex.org/W2065300262
https://openalex.org/W2069360227
https://openalex.org/W2097045181
https://openalex.org/W2159794755
https://openalex.org/W2667827713
https://openalex.org/W2748795643
https://openalex.org/W2802104422
https://openalex.org/W2244986783
https://openalex.org/W2292957667
https://openalex.org/W2303467532
https://openalex.org/W2337841524
https://openalex.org/W2578036649
https://openalex.org/W2782355083
https://openalex.org/W2884368961
https://openalex.org/W2892551892
https://openalex.org/W2963122878
https://openalex.org/W2979186645
https://openalex.org/W2988532018
https://openalex.org/W2338554213
https://openalex.org/W2340264757
https://openalex.org/W2471521293
https://openalex.org/W2529736968
https://openalex.org/W2556330233
https://openalex.org/W2904709653
https://openalex.org/W2908110815
https://openalex.org/W2910880045
https://openalex.org/W2949864164
https://openalex.org/W2952370197
https://openalex.org/W2973725674
https://openalex.org/W2979754275
https://openalex.org/W2021581961
https://openalex.org/W2942732813
https://openalex.org/W2951093290
https://openalex.org/W2966008663
https://openalex.org/W2982945080
https://openalex.org/W2991307762
https://openalex.org/W2998348682
https://openalex.org/W2999299459
https://openalex.org/W3012897613
https://openalex.org/W3013256333
https://openalex.org/W3041850101
https://openalex.org/W3088428492
https://openalex.org/W3129681337
https://openalex.org/W3181854227
https://openalex.org/W3184829007
https://openalex.org/W3185082607
https://openalex.org/W4200063950
https://openalex.org/W4200189664
https://openalex.org/W4297316688
https://openalex.org/W4313585994
https://openalex.org/W4315797471
https://openalex.org/W4318015101
https://openalex.org/W4318069450
https://openalex.org/W4320709904
https://openalex.org/W4321601923
https://openalex.org/W4322397514
https://openalex.org/W4322505304
https://openalex.org/W4323546175
https://openalex.org/W4323566694
https://openalex.org/W4361216797
https://openalex.org/W4361807718
https://openalex.org/W4362473486
https://openalex.org/W4365148521
https://openalex.org/W4366498200
https://openalex.org/W4367318002
https://openalex.org/W4372348067
https://openalex.org/W4376983172
https://openalex.org/W4379880159
https://openalex.org/W4381893599
https://openalex.org/W4382195827
https://openalex.org/W4384346279
https://openalex.org/W4384498155
https://openalex.org/W4384663412
https://openalex.org/W4384912997
https://openalex.org/W4385274205
https://openalex.org/W4385484207
https://openalex.org/W4385492442
https://openalex.org/W4386019327
https://openalex.org/W4386779927
https://openalex.org/W4387473262
https://openalex.org/W4387788206
https://openalex.org/W4388570184
https://openalex.org/W4388880439
https://openalex.org/W4389988062
https://openalex.org/W2097107776
https://openalex.org/W2097779071
https://openalex.org/W2092949787
https://openalex.org/W2165657201
https://openalex.org/W2183315897
https://openalex.org/W1986985173
https://openalex.org/W2038450410
https://openalex.org/W2116990938
https://openalex.org/W1970468764
https://openalex.org/W2044576993
https://openalex.org/W2057790468
https://openalex.org/W2121482981
https://openalex.org/W1979220883
https://openalex.org/W2035645237
https://openalex.org/W2036164382
https://openalex.org/W2066510808
https://openalex.org/W2136599559
https://openalex.org/W2024300183
https://openalex.org/W2028339624
https://openalex.org/W2099709403
https://openalex.org/W2134070237
https://openalex.org/W2205333876
https://openalex.org/W2322189609
https://openalex.org/W2041227414
https://openalex.org/W2042782683
https://openalex.org/W2113417033
https://openalex.org/W2116154085
https://openalex.org/W1965858297
https://openalex.org/W2005045071
https://openalex.org/W2120399482
https://openalex.org/W2144813793
https://openalex.org/W2016011412
https://openalex.org/W1972201554
https://openalex.org/W1978897525
https://openalex.org/W2010774261
https://openalex.org/W2012150809
https://openalex.org/W2133965596
https://openalex.org/W2172281110
https://openalex.org/W2037783835
https://openalex.org/W2067917224
https://openalex.org/W2050412925
https://openalex.org/W2078507013
https://openalex.org/W2044463383
https://openalex.org/W2048167340
https://openalex.org/W2037053581
https://openalex.org/W2106731107
https://openalex.org/W66128193
https://openalex.org/W1498429503
https://openalex.org/W1968755526
https://openalex.org/W1975247902
https://openalex.org/W1982638044
https://openalex.org/W2000122650
https://openalex.org/W2032292841
https://openalex.org/W2063851500
https://openalex.org/W2066406754
https://openalex.org/W2130416016
https://openalex.org/W2140146928
https://openalex.org/W2322730150
https://openalex.org/W2034042286
https://openalex.org/W2134246359
https://openalex.org/W2140114972
https://openalex.org/W1499117408
https://openalex.org/W1971549869
https://openalex.org/W1983620802
https://openalex.org/W2002281127
https://openalex.org/W2050071043
https://openalex.org/W2072426501
https://openalex.org/W2126619768
https://openalex.org/W2135857290
https://openalex.org/W2028822787
https://openalex.org/W2032730797
https://openalex.org/W2269647470
https://openalex.org/W2326511046
https://openalex.org/W2399701927
https://openalex.org/W2613324952
https://openalex.org/W2618451453
https://openalex.org/W2624079112
https://openalex.org/W2806443237
https://openalex.org/W2809674805
https://openalex.org/W1927804792
https://openalex.org/W1950572657
https://openalex.org/W1990894554
https://openalex.org/W2315000405
https://openalex.org/W2566295821
https://openalex.org/W2588216775
https://openalex.org/W2600609261
https://openalex.org/W2763019563
https://openalex.org/W2766918342
https://openalex.org/W2792957919
https://openalex.org/W4237539107
https://openalex.org/W2473820312
https://openalex.org/W2916356687
https://openalex.org/W2972720803
https://openalex.org/W3013969892
https://openalex.org/W3048320424
https://openalex.org/W3110190156
https://openalex.org/W3005317217
https://openalex.org/W3083433628
https://openalex.org/W3110660650
https://openalex.org/W3118592688
https://openalex.org/W3134989491
https://openalex.org/W3139348248
https://openalex.org/W3193482914
https://openalex.org/W4214634980
https://openalex.org/W4221028186
https://openalex.org/W4225277555
https://openalex.org/W4283753945
https://openalex.org/W4288040421
https://openalex.org/W4296095315
https://openalex.org/W4303198230
https://openalex.org/W4308451851
https://openalex.org/W4308875884
https://openalex.org/W4308975467
https://openalex.org/W2012558167
https://openalex.org/W1999612024
https://openalex.org/W1967689743
https://openalex.org/W2114188442
https://openalex.org/W2125348355
https://openalex.org/W2014547643
https://openalex.org/W2044668431
https://openalex.org/W1959104078
https://openalex.org/W2078760690
https://openalex.org/W2112409934
https://openalex.org/W2132676549
https://openalex.org/W2038517865
https://openalex.org/W2059992575
https://openalex.org/W2074504673
https://openalex.org/W2131074314
https://openalex.org/W2224024464
https://openalex.org/W1785437066
https://openalex.org/W1953490439
https://openalex.org/W2010769674
https://openalex.org/W2079584267
https://openalex.org/W2081731657
https://openalex.org/W2125435981
https://openalex.org/W2168981462
https://openalex.org/W2260114759
https://openalex.org/W4301101465
https://openalex.org/W1964014586
https://openalex.org/W1968127943
https://openalex.org/W1990116574
https://openalex.org/W2042059732
https://openalex.org/W2065059133
https://openalex.org/W2067928823
https://openalex.org/W2071651403
https://openalex.org/W2073682963
https://openalex.org/W2171124063
https://openalex.org/W1485373511
https://openalex.org/W2000163529
https://openalex.org/W2050688261
https://openalex.org/W2132797500
https://openalex.org/W329692441
https://openalex.org/W1634893639
https://openalex.org/W2075885034
https://openalex.org/W4294929893
https://openalex.org/W2044584175
https://openalex.org/W2149394747
https://openalex.org/W2031501332
https://openalex.org/W2052954777
https://openalex.org/W2131169447
https://openalex.org/W2018802125
https://openalex.org/W2063467951
https://openalex.org/W1770674500
https://openalex.org/W1975934317
https://openalex.org/W2057481598
https://openalex.org/W75507637
https://openalex.org/W1594996035
https://openalex.org/W1999212253
https://openalex.org/W1999400975
https://openalex.org/W2004532039
https://openalex.org/W2013883767
https://openalex.org/W2052768247
https://openalex.org/W2101814196
https://openalex.org/W2112602230
https://openalex.org/W2163433489
https://openalex.org/W2166708343
https://openalex.org/W2170388796
https://openalex.org/W2007416887
https://openalex.org/W2105603019
https://openalex.org/W2143372891
https://openalex.org/W2170987219
https://openalex.org/W4231594426
https://openalex.org/W1973372498
https://openalex.org/W1977074537
https://openalex.org/W2020519808
https://openalex.org/W2051366026
https://openalex.org/W2102076414
https://openalex.org/W2111859756
https://openalex.org/W2151025860
https://openalex.org/W2157061205
https://openalex.org/W2767882589
https://openalex.org/W2805671365
https://openalex.org/W2886889605
https://openalex.org/W2953357589
https://openalex.org/W1531849013
https://openalex.org/W1964375841
https://openalex.org/W1996065279
https://openalex.org/W2259830074
https://openalex.org/W2288311864
https://openalex.org/W2460311006
https://openalex.org/W2518719690
https://openalex.org/W2605464241
https://openalex.org/W2763111384
https://openalex.org/W2789287767
https://openalex.org/W2789901284
https://openalex.org/W2890612305
https://openalex.org/W2904514450
https://openalex.org/W2948373027
https://openalex.org/W2964425167
https://openalex.org/W2968469940
https://openalex.org/W2985815163
https://openalex.org/W3032943875
https://openalex.org/W2507580486
https://openalex.org/W2907899372
https://openalex.org/W2908739933
https://openalex.org/W2936054044
https://openalex.org/W2943466925
https://openalex.org/W2944036508
https://openalex.org/W2976115057
https://openalex.org/W2982385084
https://openalex.org/W2997276299
https://openalex.org/W2973145748
https://openalex.org/W3127693487
https://openalex.org/W3170495571
https://openalex.org/W3188657758
https://openalex.org/W3211610318
https://openalex.org/W3211827558
https://openalex.org/W4200026016
https://openalex.org/W4210591779
https://openalex.org/W3209771611
https://openalex.org/W4210809009
https://openalex.org/W4213351092
https://openalex.org/W4220750440
https://openalex.org/W4224093569
https://openalex.org/W4224296214
https://openalex.org/W4225126559
https://openalex.org/W4229056694
https://openalex.org/W4229060249
https://openalex.org/W4281785943
https://openalex.org/W4282913814
https://openalex.org/W4283396255
https://openalex.org/W4284888032
https://openalex.org/W4285590168
https://openalex.org/W4285614320
https://openalex.org/W4293574779
https://openalex.org/W4296783653
https://openalex.org/W4297371003
https://openalex.org/W4300962434
https://openalex.org/W4301393894
https://openalex.org/W4302009204
https://openalex.org/W4307744867
https://openalex.org/W4236997124
https://openalex.org/W2128384495
https://openalex.org/W2314314692
https://openalex.org/W2083957236
https://openalex.org/W2103875237
https://openalex.org/W1648341831
https://openalex.org/W1901962869
https://openalex.org/W2001313091
https://openalex.org/W2052732312
https://openalex.org/W2071528616
https://openalex.org/W2043332074
https://openalex.org/W2069263488
https://openalex.org/W2070061206
https://openalex.org/W2074976523
https://openalex.org/W2114688500
https://openalex.org/W1973024029
https://openalex.org/W2027495368
https://openalex.org/W2068744094
https://openalex.org/W1494350842
https://openalex.org/W2070963519
https://openalex.org/W2147761290
https://openalex.org/W63336643
https://openalex.org/W1523896164
https://openalex.org/W1977832382
https://openalex.org/W2024602980
https://openalex.org/W2031003789
https://openalex.org/W2049329050
https://openalex.org/W2083441216
https://openalex.org/W1991120296
https://openalex.org/W2064207889
https://openalex.org/W2101467134
https://openalex.org/W65163373
https://openalex.org/W155348865
https://openalex.org/W1986610075
https://openalex.org/W2003251778
https://openalex.org/W2036631165
https://openalex.org/W1994657880
https://openalex.org/W1980444379
https://openalex.org/W2129337568
https://openalex.org/W1544384933
https://openalex.org/W1964436957
https://openalex.org/W2031951439
https://openalex.org/W1518437579
https://openalex.org/W1587086726
https://openalex.org/W1988694859
https://openalex.org/W2042936368
https://openalex.org/W2140940991
https://openalex.org/W1529510897
https://openalex.org/W1972207621
https://openalex.org/W1985345595
https://openalex.org/W2016498616
https://openalex.org/W2017118974
https://openalex.org/W2044818826
https://openalex.org/W2045223828
https://openalex.org/W2075915122
https://openalex.org/W2078145765
https://openalex.org/W2087647650
https://openalex.org/W2135366953
https://openalex.org/W2150776760
https://openalex.org/W1492616729
https://openalex.org/W2002498364
https://openalex.org/W2004147341
https://openalex.org/W2013698605
https://openalex.org/W2026249594
https://openalex.org/W2039924667
https://openalex.org/W2043344812
https://openalex.org/W2047676041
https://openalex.org/W2058156046
https://openalex.org/W2079482244
https://openalex.org/W2123734827
https://openalex.org/W2132955299
https://openalex.org/W2374351798
https://openalex.org/W2587670717
https://openalex.org/W2593255057
https://openalex.org/W2617134463
https://openalex.org/W2737807414
https://openalex.org/W2750015817
https://openalex.org/W2794054025
https://openalex.org/W2883511530
https://openalex.org/W2885432051
https://openalex.org/W2904479628
https://openalex.org/W1565366090
https://openalex.org/W2276680159
https://openalex.org/W2315722334
https://openalex.org/W2345741119
https://openalex.org/W2623945559
https://openalex.org/W2737376100
https://openalex.org/W2774509753
https://openalex.org/W2793471912
https://openalex.org/W2795658902
https://openalex.org/W2804075476
https://openalex.org/W2805797196
https://openalex.org/W2883547994
https://openalex.org/W2957259829
https://openalex.org/W2959800256
https://openalex.org/W2961204381
https://openalex.org/W2968288119
https://openalex.org/W2969719231
https://openalex.org/W2984869091
https://openalex.org/W2195972063
https://openalex.org/W2516453000
https://openalex.org/W2546990377
https://openalex.org/W2942990975
https://openalex.org/W2998961240
https://openalex.org/W3006414815
https://openalex.org/W3021931158
https://openalex.org/W3040934879
https://openalex.org/W3109110566
https://openalex.org/W3111857491
https://openalex.org/W2970208868
https://openalex.org/W3007365331
https://openalex.org/W3010261793
https://openalex.org/W3017233737
https://openalex.org/W3018864466
https://openalex.org/W3038014110
https://openalex.org/W3117158312
https://openalex.org/W3094497891
https://openalex.org/W3128509602
https://openalex.org/W3136501075
https://openalex.org/W3165369014
https://openalex.org/W3176204239
https://openalex.org/W2040866942
https://openalex.org/W4380878149
https://openalex.org/W1548402808
https://openalex.org/W1974034189
https://openalex.org/W1988508414
https://openalex.org/W1982000029
https://openalex.org/W1983472515
https://openalex.org/W1996019531
https://openalex.org/W2042411433
https://openalex.org/W2070378546
https://openalex.org/W2102104962
https://openalex.org/W2180440240
https://openalex.org/W1590895580
https://openalex.org/W1964713387
https://openalex.org/W2058366710
https://openalex.org/W2066707649
https://openalex.org/W2186752371
https://openalex.org/W2193483853
https://openalex.org/W2203848107
https://openalex.org/W50842523
https://openalex.org/W2013603192
https://openalex.org/W2044896100
https://openalex.org/W2078094133
https://openalex.org/W2160164751
https://openalex.org/W2163007295
https://openalex.org/W2402514312
https://openalex.org/W1984670491
https://openalex.org/W2039216420
https://openalex.org/W2066786200
https://openalex.org/W2001128472
https://openalex.org/W2048068330
https://openalex.org/W2142052892
https://openalex.org/W2151435177
https://openalex.org/W1971820106
https://openalex.org/W2077605724
https://openalex.org/W2095119661
https://openalex.org/W2155791816
https://openalex.org/W2077232252
https://openalex.org/W2604013643
https://openalex.org/W2072452862
https://openalex.org/W2150357396
https://openalex.org/W1993782629
https://openalex.org/W2002342511
https://openalex.org/W2065209303
https://openalex.org/W2087239451
https://openalex.org/W2100835333
https://openalex.org/W2409177413
https://openalex.org/W4237400577
https://openalex.org/W2035963921
https://openalex.org/W2051373280
https://openalex.org/W2132769407
https://openalex.org/W2152377349
https://openalex.org/W1999795729
https://openalex.org/W2114484480
https://openalex.org/W2185705181
https://openalex.org/W2431763184
https://openalex.org/W1604653970
https://openalex.org/W1973735008
https://openalex.org/W2043720435
https://openalex.org/W2070386893
https://openalex.org/W2152358323
https://openalex.org/W1880105791
https://openalex.org/W1966050445
https://openalex.org/W1975152769
https://openalex.org/W1983203758
https://openalex.org/W1985003886
https://openalex.org/W2038529263
https://openalex.org/W2065243694
https://openalex.org/W2096768242
https://openalex.org/W2333110720
https://openalex.org/W2572279077
https://openalex.org/W2743157560
https://openalex.org/W2780389747
https://openalex.org/W2786266077
https://openalex.org/W2787903348
https://openalex.org/W2802765079
https://openalex.org/W2887064424
https://openalex.org/W2895790452
https://openalex.org/W2897092921
https://openalex.org/W2899650194
https://openalex.org/W2902981678
https://openalex.org/W2944523917
https://openalex.org/W2944823165
https://openalex.org/W2968132012
https://openalex.org/W2979330479
https://openalex.org/W2982212624
https://openalex.org/W3005495064
https://openalex.org/W2035104088
https://openalex.org/W2068354431
https://openalex.org/W2171830139
https://openalex.org/W2173465741
https://openalex.org/W2462299893
https://openalex.org/W2497399459
https://openalex.org/W2548639499
https://openalex.org/W2910845200
https://openalex.org/W2951043557
https://openalex.org/W2980060436
https://openalex.org/W2075746897
https://openalex.org/W2514068074
https://openalex.org/W3010960295
https://openalex.org/W3012303088
https://openalex.org/W3018873318
https://openalex.org/W3032898143
https://openalex.org/W3033077662
https://openalex.org/W3087413123
https://openalex.org/W3100866787
https://openalex.org/W3110792462
https://openalex.org/W3121752759
https://openalex.org/W3121878028
https://openalex.org/W3132998703
https://openalex.org/W3137004895
https://openalex.org/W3163159362
https://openalex.org/W3164432411
https://openalex.org/W3176218788
https://openalex.org/W3181361901
https://openalex.org/W3186715797
https://openalex.org/W3202559695
https://openalex.org/W3210578294
https://openalex.org/W3214554089
https://openalex.org/W3198624405
https://openalex.org/W4206151885
https://openalex.org/W4210489744
https://openalex.org/W4210511278
https://openalex.org/W4220832842
https://openalex.org/W4223426665
https://openalex.org/W4223910795
https://openalex.org/W4224224950
https://openalex.org/W4224282772
https://openalex.org/W4226110786
https://openalex.org/W4226408172
https://openalex.org/W4280516243
https://openalex.org/W4281698942
https://openalex.org/W4289886567
https://openalex.org/W4294204619
https://openalex.org/W4296970385
https://openalex.org/W4297200765
https://openalex.org/W4306885287
https://openalex.org/W4308549699
https://openalex.org/W4309665288
https://openalex.org/W4311892354
https://openalex.org/W4313357556
https://openalex.org/W4210848781
https://openalex.org/W4310169956
https://openalex.org/W4311609156
https://openalex.org/W4312415595
https://openalex.org/W4313477294
https://openalex.org/W4313588252
https://openalex.org/W4315647363
https://openalex.org/W4315928035
https://openalex.org/W4317213732
https://openalex.org/W4317733574
https://openalex.org/W4317869072
https://openalex.org/W4318541490
https://openalex.org/W4318620495
https://openalex.org/W4318952681
https://openalex.org/W4319656501
https://openalex.org/W4320017877
https://openalex.org/W4323533335
https://openalex.org/W4327606239
https://openalex.org/W4360979146
https://openalex.org/W4362454411
https://openalex.org/W4365146764
https://openalex.org/W4366368040
https://openalex.org/W4366454455
https://openalex.org/W4366493020
https://openalex.org/W4367320486
https://openalex.org/W4367623926
https://openalex.org/W4367721699
https://openalex.org/W4376105858
https://openalex.org/W4376129083
https://openalex.org/W4376527825
https://openalex.org/W4378082581
https://openalex.org/W4378224885
https://openalex.org/W4379741306
https://openalex.org/W4379880296
https://openalex.org/W4380081708
https://openalex.org/W4380854266
https://openalex.org/W4381613108
https://openalex.org/W4382702833
https://openalex.org/W4383068920
https://openalex.org/W4383218679
https://openalex.org/W4384025382
https://openalex.org/W4384203948
https://openalex.org/W4384701361
https://openalex.org/W4385421909
https://openalex.org/W4385428354
https://openalex.org/W4385457192
https://openalex.org/W4385632786
https://openalex.org/W4385715445
https://openalex.org/W4385737856
https://openalex.org/W4385969277
https://openalex.org/W4386051222
https://openalex.org/W4386357130
https://openalex.org/W4386363099
https://openalex.org/W4386416280
https://openalex.org/W4386573195
https://openalex.org/W4386616793
https://openalex.org/W4386714712
https://openalex.org/W4386735473
https://openalex.org/W4386956391
https://openalex.org/W4387013367
https://openalex.org/W4387103259
https://openalex.org/W4387164594
https://openalex.org/W4387298316
https://openalex.org/W4387472741
https://openalex.org/W4387562876
https://openalex.org/W4388523544
https://openalex.org/W4388531802
https://openalex.org/W4388941307
https://openalex.org/W4389064773
https://openalex.org/W4389246237
https://openalex.org/W4389322563
https://openalex.org/W4389627503
https://openalex.org/W4390165457
https://openalex.org/W4390197531
https://openalex.org/W4390269373
https://openalex.org/W1968092223
https://openalex.org/W2028056321
https://openalex.org/W2050684026
https://openalex.org/W2085448374
https://openalex.org/W2086127723
https://openalex.org/W2095975635
https://openalex.org/W4294333774
https://openalex.org/W1991272875
https://openalex.org/W2161684111
https://openalex.org/W4242617047
https://openalex.org/W2061233798
https://openalex.org/W1971568076
https://openalex.org/W1972572431
https://openalex.org/W1974029693
https://openalex.org/W1985179044
https://openalex.org/W2025775510
https://openalex.org/W2083715213
https://openalex.org/W2112256420
https://openalex.org/W2148488505
https://openalex.org/W19467983
https://openalex.org/W1996053525
https://openalex.org/W2001894839
https://openalex.org/W2053676188
https://openalex.org/W2137454367
https://openalex.org/W2406809967
https://openalex.org/W2072442432
https://openalex.org/W2091426321
https://openalex.org/W2182012540
https://openalex.org/W1948888552
https://openalex.org/W1986149769
https://openalex.org/W1988415358
https://openalex.org/W2003583752
https://openalex.org/W2167599591
https://openalex.org/W1996227632
https://openalex.org/W2002817326
https://openalex.org/W2035493429
https://openalex.org/W1974350963
https://openalex.org/W1992729035
https://openalex.org/W2004886907
https://openalex.org/W2059549024
https://openalex.org/W2075463761
https://openalex.org/W2131943628
https://openalex.org/W1565977899
https://openalex.org/W2001970159
https://openalex.org/W2022328274
https://openalex.org/W2071503428
https://openalex.org/W129310106
https://openalex.org/W1490430093
https://openalex.org/W1983916787
https://openalex.org/W2016097715
https://openalex.org/W2017679520
https://openalex.org/W2043213856
https://openalex.org/W2043276426
https://openalex.org/W2077662187
https://openalex.org/W2089730608
https://openalex.org/W2111027241
https://openalex.org/W2312975802
https://openalex.org/W2324097447
https://openalex.org/W24862773
https://openalex.org/W2493272929
https://openalex.org/W2587647067
https://openalex.org/W2591759714
https://openalex.org/W2600447384
https://openalex.org/W2612314270
https://openalex.org/W2747347755
https://openalex.org/W2759371637
https://openalex.org/W2889511553
https://openalex.org/W2097521242
https://openalex.org/W2246272958
https://openalex.org/W2336844540
https://openalex.org/W2511407747
https://openalex.org/W2548534539
https://openalex.org/W2684177874
https://openalex.org/W2736098479
https://openalex.org/W2740025821
https://openalex.org/W2767054838
https://openalex.org/W2783004139
https://openalex.org/W2913223946
https://openalex.org/W2940157890
https://openalex.org/W2945275085
https://openalex.org/W2949860835
https://openalex.org/W2967364467
https://openalex.org/W2030690161
https://openalex.org/W2055510774
https://openalex.org/W1986126709
https://openalex.org/W1995465409
https://openalex.org/W2017475127
https://openalex.org/W2026239378
https://openalex.org/W2037187252
https://openalex.org/W2090185751
https://openalex.org/W1980046052
https://openalex.org/W2049848002
https://openalex.org/W2112599261
https://openalex.org/W2182733336
https://openalex.org/W2287774064
https://openalex.org/W4210953629
https://openalex.org/W2006484779
https://openalex.org/W2079258672
https://openalex.org/W2112461171
https://openalex.org/W2037249630
https://openalex.org/W2108178144
https://openalex.org/W2134723299
https://openalex.org/W2137363880
https://openalex.org/W4239595881
https://openalex.org/W1544996093
https://openalex.org/W2054215936
https://openalex.org/W2137239815
https://openalex.org/W2409061355
https://openalex.org/W2030274438
https://openalex.org/W2040044355
https://openalex.org/W2047639710
https://openalex.org/W2119506174
https://openalex.org/W2121659592
https://openalex.org/W2365360331
https://openalex.org/W2409438179
https://openalex.org/W1971178541
https://openalex.org/W1954224626
https://openalex.org/W1994479206
https://openalex.org/W2004145545
https://openalex.org/W2049048466
https://openalex.org/W2142683014
https://openalex.org/W1509613751
https://openalex.org/W1597988058
https://openalex.org/W1985357334
https://openalex.org/W1990684293
https://openalex.org/W2007705174
https://openalex.org/W2016237933
https://openalex.org/W2030880796
https://openalex.org/W2094536205
https://openalex.org/W2106262715
https://openalex.org/W2140298868
https://openalex.org/W2322603022
https://openalex.org/W2803060500
https://openalex.org/W2805947265
https://openalex.org/W2898840431
https://openalex.org/W2904067733
https://openalex.org/W1976130440
https://openalex.org/W2018149124
https://openalex.org/W2160471058
https://openalex.org/W2331870442
https://openalex.org/W2342674531
https://openalex.org/W2407728106
https://openalex.org/W2473204715
https://openalex.org/W2598182868
https://openalex.org/W2765666490
https://openalex.org/W2919565679
https://openalex.org/W2970457048
https://openalex.org/W2976542242
https://openalex.org/W2980956583
https://openalex.org/W2993274305
https://openalex.org/W2996373511
https://openalex.org/W3002885725
https://openalex.org/W3021244600
https://openalex.org/W3034290717
https://openalex.org/W3043074901
https://openalex.org/W3081975575
https://openalex.org/W3093064524
https://openalex.org/W3117010596
https://openalex.org/W2277636903
https://openalex.org/W2467286926
https://openalex.org/W2525767283
https://openalex.org/W2551484020
https://openalex.org/W2556455075
https://openalex.org/W3093738570
https://openalex.org/W3139230635
https://openalex.org/W3158350307
https://openalex.org/W3159699066
https://openalex.org/W3163136987
https://openalex.org/W3167494728
https://openalex.org/W3171814294
https://openalex.org/W3175532813
https://openalex.org/W3196290634
https://openalex.org/W3197411591
https://openalex.org/W3208907575
https://openalex.org/W4200063263
https://openalex.org/W4200554564
https://openalex.org/W4212809448
https://openalex.org/W2067350404
https://openalex.org/W2072440670
https://openalex.org/W1546010727
https://openalex.org/W1567756114
https://openalex.org/W1911376021
https://openalex.org/W1993876355
https://openalex.org/W1997665656
https://openalex.org/W2030786711
https://openalex.org/W2042172587
https://openalex.org/W2043307511
https://openalex.org/W2186887924
https://openalex.org/W3128184027
https://openalex.org/W4251011128
https://openalex.org/W2030189680
https://openalex.org/W2048643222
https://openalex.org/W2130262343
https://openalex.org/W111962859
https://openalex.org/W118077752
https://openalex.org/W1992535072
https://openalex.org/W2014465713
https://openalex.org/W2019749469
https://openalex.org/W2077522880
https://openalex.org/W2086573476
https://openalex.org/W2344028589
https://openalex.org/W1964818138
https://openalex.org/W1982251189
https://openalex.org/W2089008527
https://openalex.org/W2103427091
https://openalex.org/W2125981734
https://openalex.org/W2410794735
https://openalex.org/W2028922539
https://openalex.org/W2096331482
https://openalex.org/W2164536883
https://openalex.org/W2254407374
https://openalex.org/W2395622756
https://openalex.org/W1974496395
https://openalex.org/W2913853794
https://openalex.org/W1995837717
https://openalex.org/W2086805539
https://openalex.org/W2093825068
https://openalex.org/W2095981226
https://openalex.org/W1594939518
https://openalex.org/W1974358719
https://openalex.org/W2027665308
https://openalex.org/W2027715415
https://openalex.org/W2036746406
https://openalex.org/W2046616324
https://openalex.org/W2612551800
https://openalex.org/W1558182156
https://openalex.org/W2008434024
https://openalex.org/W2091197670
https://openalex.org/W2114204100
https://openalex.org/W2807301440
https://openalex.org/W2807362931
https://openalex.org/W639697945
https://openalex.org/W91462782
https://openalex.org/W13077946
https://openalex.org/W1535744179
https://openalex.org/W1968162076
https://openalex.org/W1982214879
https://openalex.org/W1994745200
https://openalex.org/W2000894271
https://openalex.org/W2013143943
https://openalex.org/W202485534
https://openalex.org/W2027635785
https://openalex.org/W2042235752
https://openalex.org/W2079139671
https://openalex.org/W2080090158
https://openalex.org/W2087425174
https://openalex.org/W2095404913
https://openalex.org/W2166900453
https://openalex.org/W2333603496
https://openalex.org/W2419274601
https://openalex.org/W2463259214
https://openalex.org/W2523002232
https://openalex.org/W2595260298
https://openalex.org/W2736289495
https://openalex.org/W2747779061
https://openalex.org/W2757942160
https://openalex.org/W2767502029
https://openalex.org/W2768370565
https://openalex.org/W2942768522
https://openalex.org/W2942793391
https://openalex.org/W2964402541
https://openalex.org/W2965297448
https://openalex.org/W2967923814
https://openalex.org/W2997366993
https://openalex.org/W3000402112
https://openalex.org/W3008104391
https://openalex.org/W3047739508
https://openalex.org/W3082407224
https://openalex.org/W3116739640
https://openalex.org/W4241364037
https://openalex.org/W3115011724
https://openalex.org/W3119593545
https://openalex.org/W3159731494
https://openalex.org/W3173521974
https://openalex.org/W3174273607
https://openalex.org/W3195375824
https://openalex.org/W3197104270
https://openalex.org/W3198044684
https://openalex.org/W3199788805
https://openalex.org/W3199800764
https://openalex.org/W3203229804
https://openalex.org/W4200505410
https://openalex.org/W4206618245
https://openalex.org/W4221035403
https://openalex.org/W4280541486
https://openalex.org/W4281256836
https://openalex.org/W4282927845
https://openalex.org/W4282960947
https://openalex.org/W4283074996
https://openalex.org/W4283588977
https://openalex.org/W4285742695
https://openalex.org/W4286948207
https://openalex.org/W4288700677
https://openalex.org/W4289341692
https://openalex.org/W4290802296
https://openalex.org/W4293009028
https://openalex.org/W4293679915
https://openalex.org/W4293821116
https://openalex.org/W4296343840
https://openalex.org/W4306353192
https://openalex.org/W4306874670
https://openalex.org/W4307055866
https://openalex.org/W4307922525
https://openalex.org/W4308416553
https://openalex.org/W4311077003
https://openalex.org/W61039152
https://openalex.org/W2001486363
https://openalex.org/W2006008730
https://openalex.org/W2014014880
https://openalex.org/W2094031698
https://openalex.org/W2146580529
https://openalex.org/W96748260
https://openalex.org/W2032991292
https://openalex.org/W1991168241
https://openalex.org/W1998482349
https://openalex.org/W2001160784
https://openalex.org/W2061800671
https://openalex.org/W2074747430
https://openalex.org/W2315327589
https://openalex.org/W1978761113
https://openalex.org/W1995837252
https://openalex.org/W2086676422
https://openalex.org/W2094467889
https://openalex.org/W2161844144
https://openalex.org/W2164126359
https://openalex.org/W2030263271
https://openalex.org/W2123339462
https://openalex.org/W2416709008
https://openalex.org/W1544319387
https://openalex.org/W1974555330
https://openalex.org/W1994887297
https://openalex.org/W2028368714
https://openalex.org/W2125249072
https://openalex.org/W2127791361
https://openalex.org/W214310689
https://openalex.org/W2147427818
https://openalex.org/W2798122874
https://openalex.org/W2802629133
https://openalex.org/W2901956071
https://openalex.org/W2905902185
https://openalex.org/W1668149359
https://openalex.org/W1992678236
https://openalex.org/W2001102079
https://openalex.org/W2018762489
https://openalex.org/W2082374729
https://openalex.org/W2119994814
https://openalex.org/W2291445470
https://openalex.org/W2324617277
https://openalex.org/W2337125951
https://openalex.org/W2406243191
https://openalex.org/W2503510411
https://openalex.org/W2737628766
https://openalex.org/W2792333856
https://openalex.org/W2976248073
https://openalex.org/W2999670404
https://openalex.org/W3021689698
https://openalex.org/W3040099048
https://openalex.org/W3083648380
https://openalex.org/W3111351210
https://openalex.org/W4244084059
https://openalex.org/W4248650479
https://openalex.org/W2192197346
https://openalex.org/W2018052794
https://openalex.org/W2027212387
https://openalex.org/W2039465308
https://openalex.org/W2139400467
https://openalex.org/W2146315609
https://openalex.org/W4246674112
https://openalex.org/W2037571460
https://openalex.org/W2046521535
https://openalex.org/W2112151011
https://openalex.org/W2404609534
https://openalex.org/W1973263642
https://openalex.org/W1996642573
https://openalex.org/W2121489283
https://openalex.org/W2160176761
https://openalex.org/W2276560264
https://openalex.org/W4300590787
https://openalex.org/W2057397153
https://openalex.org/W2086513231
https://openalex.org/W2131615313
https://openalex.org/W2412075017
https://openalex.org/W2419173205
https://openalex.org/W1972075178
https://openalex.org/W2064399251
https://openalex.org/W194674754
https://openalex.org/W1538355399
https://openalex.org/W1552005777
https://openalex.org/W2010991362
https://openalex.org/W2015073391
https://openalex.org/W2069209181
https://openalex.org/W2314636054
https://openalex.org/W1974131497
https://openalex.org/W2011821032
https://openalex.org/W2035598433
https://openalex.org/W2078172671
https://openalex.org/W2085878147
https://openalex.org/W2106104647
https://openalex.org/W2586272333
https://openalex.org/W2783391584
https://openalex.org/W2797949645
https://openalex.org/W2846282313
https://openalex.org/W2884661677
https://openalex.org/W2887612511
https://openalex.org/W2923117024
https://openalex.org/W2936251303
https://openalex.org/W2965720266
https://openalex.org/W2982541773
https://openalex.org/W2991648329
https://openalex.org/W3149326851
https://openalex.org/W1543102278
https://openalex.org/W1924117811
https://openalex.org/W2053177568
https://openalex.org/W2086756512
https://openalex.org/W2093974860
https://openalex.org/W2127079539
https://openalex.org/W2325606765
https://openalex.org/W2326024468
https://openalex.org/W2331533751
https://openalex.org/W2351447872
https://openalex.org/W2396390138
https://openalex.org/W2398664789
https://openalex.org/W2406527592
https://openalex.org/W2519291224
https://openalex.org/W2569703404
https://openalex.org/W2997603862
https://openalex.org/W3091535136
https://openalex.org/W3093399576
https://openalex.org/W3112803300
https://openalex.org/W3113524169
https://openalex.org/W3127872178
https://openalex.org/W3129348229
https://openalex.org/W3130931497
https://openalex.org/W3156335229
https://openalex.org/W3159958967
https://openalex.org/W3161057295
https://openalex.org/W3164858157
https://openalex.org/W3165710975
https://openalex.org/W3172972579
https://openalex.org/W3179569260
https://openalex.org/W3185396345
https://openalex.org/W3187396349
https://openalex.org/W3189001839
https://openalex.org/W3202635708
https://openalex.org/W3203750527
https://openalex.org/W3205131435
https://openalex.org/W3209245056
https://openalex.org/W4200108775
https://openalex.org/W4200227750
https://openalex.org/W4289258187
https://openalex.org/W658572260
https://openalex.org/W1979833505
https://openalex.org/W1987926205
https://openalex.org/W2048641480
https://openalex.org/W2083620861
https://openalex.org/W2277260869
https://openalex.org/W2443641427
https://openalex.org/W1969718137
https://openalex.org/W1993605299
https://openalex.org/W2416050572
https://openalex.org/W1975845242
https://openalex.org/W2004164022
https://openalex.org/W2029224165
https://openalex.org/W2073566361
https://openalex.org/W2087067790
https://openalex.org/W2464556299
https://openalex.org/W2473090852
https://openalex.org/W2003389171
https://openalex.org/W2033088489
https://openalex.org/W2089947864
https://openalex.org/W2094504271
https://openalex.org/W2169962547
https://openalex.org/W2470193208
https://openalex.org/W1976094848
https://openalex.org/W2095131924
https://openalex.org/W33967854
https://openalex.org/W1968748978
https://openalex.org/W2124827924
https://openalex.org/W2169743312
https://openalex.org/W2471373974
https://openalex.org/W1489001415
https://openalex.org/W1525833003
https://openalex.org/W1978498725
https://openalex.org/W1991798849
https://openalex.org/W2057827143
https://openalex.org/W2089782667
https://openalex.org/W2093839044
https://openalex.org/W3023502099
https://openalex.org/W1548896727
https://openalex.org/W1561207429
https://openalex.org/W1605948819
https://openalex.org/W1679310043
https://openalex.org/W1720935935
https://openalex.org/W1984502203
https://openalex.org/W2007333816
https://openalex.org/W2100558510
https://openalex.org/W2316133221
https://openalex.org/W2337331060
https://openalex.org/W2357928875
https://openalex.org/W2552054675
https://openalex.org/W2597739838
https://openalex.org/W2602462092
https://openalex.org/W2731373589
https://openalex.org/W2781945609
https://openalex.org/W2807985320
https://openalex.org/W2883085751
https://openalex.org/W2904958724
https://openalex.org/W2911934044
https://openalex.org/W2912679745
https://openalex.org/W2942156955
https://openalex.org/W2942587230
https://openalex.org/W2944229116
https://openalex.org/W2949005882
https://openalex.org/W2958121827
https://openalex.org/W2973061054
https://openalex.org/W2981066130
https://openalex.org/W3002003522
https://openalex.org/W3006130159
https://openalex.org/W3009900496
https://openalex.org/W3013445602
https://openalex.org/W3014028703
https://openalex.org/W3015042889
https://openalex.org/W3020581326
https://openalex.org/W3021600663
https://openalex.org/W3030393762
https://openalex.org/W3035706788
https://openalex.org/W3036478891
https://openalex.org/W3084277780
https://openalex.org/W3087620170
https://openalex.org/W3089496835
https://openalex.org/W3094406255
https://openalex.org/W3111168336
https://openalex.org/W4306669709
https://openalex.org/W651318640
https://openalex.org/W1861335919
https://openalex.org/W2117388232
https://openalex.org/W2137717697
https://openalex.org/W2329900495
https://openalex.org/W2467299750
https://openalex.org/W2519531508
https://openalex.org/W2543232722
https://openalex.org/W2612442733
https://openalex.org/W3216320324
https://openalex.org/W4206051941
https://openalex.org/W4206451127
https://openalex.org/W4210699339
https://openalex.org/W4212967067
https://openalex.org/W4220841763
https://openalex.org/W4221013727
https://openalex.org/W4225009055
https://openalex.org/W4226018336
https://openalex.org/W4226031968
https://openalex.org/W4226460743
https://openalex.org/W4281745670
https://openalex.org/W4281788190
https://openalex.org/W4281979258
https://openalex.org/W4283026524
https://openalex.org/W4283168541
https://openalex.org/W4283211827
https://openalex.org/W4283825830
https://openalex.org/W4284889807
https://openalex.org/W4285092767
https://openalex.org/W4285549580
https://openalex.org/W4286220025
https://openalex.org/W4290839592
https://openalex.org/W4292182643
https://openalex.org/W4292454824
https://openalex.org/W4293565919
https://openalex.org/W4293769232
https://openalex.org/W4295122306
https://openalex.org/W4296184687
https://openalex.org/W4297499587
https://openalex.org/W4302283368
https://openalex.org/W4304614226
https://openalex.org/W4304960658
https://openalex.org/W4307348938
https://openalex.org/W4307726653
https://openalex.org/W4308024239
https://openalex.org/W4310061942
https://openalex.org/W4311495008
https://openalex.org/W4311922825
https://openalex.org/W4312079899
https://openalex.org/W4312132519
https://openalex.org/W4313236869
https://openalex.org/W4313255964
https://openalex.org/W1960040941
https://openalex.org/W1985577304
https://openalex.org/W1995511931
https://openalex.org/W1999917437
https://openalex.org/W2024812698
https://openalex.org/W2034276909
https://openalex.org/W2082840080
https://openalex.org/W2322002854
https://openalex.org/W2052248308
https://openalex.org/W2053164274
https://openalex.org/W2119153810
https://openalex.org/W2135342062
https://openalex.org/W2313863753
https://openalex.org/W2488577726
https://openalex.org/W1501237708
https://openalex.org/W1983318082
https://openalex.org/W2051294973
https://openalex.org/W2071993771
https://openalex.org/W2075408704
https://openalex.org/W2123486475
https://openalex.org/W2151898564
https://openalex.org/W1999128583
https://openalex.org/W2313225915
https://openalex.org/W1976966647
https://openalex.org/W1998472761
https://openalex.org/W2037097459
https://openalex.org/W2082315714
https://openalex.org/W4248836472
https://openalex.org/W1869778671
https://openalex.org/W2034465869
https://openalex.org/W1996972765
https://openalex.org/W2030885138
https://openalex.org/W2076615155
https://openalex.org/W2119011425
https://openalex.org/W53839456
https://openalex.org/W1533102634
https://openalex.org/W1831313092
https://openalex.org/W1914110
https://openalex.org/W1981935005
https://openalex.org/W2026396676
https://openalex.org/W2033183351
https://openalex.org/W2044265383
https://openalex.org/W2046691370
https://openalex.org/W2078736474
https://openalex.org/W2082811359
https://openalex.org/W2084423530
https://openalex.org/W2086699211
https://openalex.org/W2091866358
https://openalex.org/W2118092607
https://openalex.org/W2120313777
https://openalex.org/W2125867289
https://openalex.org/W2313803444
https://openalex.org/W2426446054
https://openalex.org/W3206455048
https://openalex.org/W4300032723
https://openalex.org/W65176137
https://openalex.org/W1995286102
https://openalex.org/W2015192914
https://openalex.org/W2019677716
https://openalex.org/W2321965386
https://openalex.org/W2322331030
https://openalex.org/W2419611702
https://openalex.org/W2119777914
https://openalex.org/W4298357753
https://openalex.org/W2011274275
https://openalex.org/W2051880729
https://openalex.org/W2101356967
https://openalex.org/W2122524031
https://openalex.org/W4236836492
https://openalex.org/W2318570158
https://openalex.org/W2423515804
https://openalex.org/W1969929001
https://openalex.org/W2025750542
https://openalex.org/W2047085756
https://openalex.org/W2136734481
https://openalex.org/W2338437409
https://openalex.org/W2767939067
https://openalex.org/W2791778012
https://openalex.org/W2797505409
https://openalex.org/W2883677222
https://openalex.org/W2887655575
https://openalex.org/W2887753586
https://openalex.org/W2890380078
https://openalex.org/W2898435009
https://openalex.org/W2910316543
https://openalex.org/W2926291845
https://openalex.org/W2979094456
https://openalex.org/W2980431024
https://openalex.org/W2980875666
https://openalex.org/W2981517416
https://openalex.org/W2989375565
https://openalex.org/W2992881083
https://openalex.org/W2996069061
https://openalex.org/W2996824228
https://openalex.org/W2997937666
https://openalex.org/W3006623543
https://openalex.org/W3007870266
https://openalex.org/W3019247330
https://openalex.org/W3041034977
https://openalex.org/W3045992135
https://openalex.org/W3085083533
https://openalex.org/W3093735546
https://openalex.org/W3112100188
https://openalex.org/W3114886113
https://openalex.org/W3126381227
https://openalex.org/W3128072602
https://openalex.org/W3128300068
https://openalex.org/W3134432078
https://openalex.org/W3162389032
https://openalex.org/W3165903476
https://openalex.org/W3166974183
https://openalex.org/W3205783714
https://openalex.org/W3214596099
https://openalex.org/W3217078720
https://openalex.org/W4206427517
https://openalex.org/W4226225598
https://openalex.org/W4236921788
https://openalex.org/W4244787323
https://openalex.org/W2341111148
https://openalex.org/W2346346864
https://openalex.org/W2517094047
https://openalex.org/W2528998321
https://openalex.org/W2530104979
https://openalex.org/W2530286165
https://openalex.org/W2593670009
https://openalex.org/W2987750129
https://openalex.org/W4211179857
https://openalex.org/W4235473012
https://openalex.org/W1989669473
https://openalex.org/W2028733068
https://openalex.org/W2036408908
https://openalex.org/W2076116095
https://openalex.org/W2095824761
https://openalex.org/W2088018454
https://openalex.org/W1975754799
https://openalex.org/W2030835345
https://openalex.org/W2049268492
https://openalex.org/W2417550844
https://openalex.org/W1775934905
https://openalex.org/W1834411832
https://openalex.org/W2006789498
https://openalex.org/W212976504
https://openalex.org/W2023327253
https://openalex.org/W2375285478
https://openalex.org/W2414137829
https://openalex.org/W1999293306
https://openalex.org/W2017895826
https://openalex.org/W101972641
https://openalex.org/W1480279218
https://openalex.org/W1525448137
https://openalex.org/W1537484332
https://openalex.org/W1585874491
https://openalex.org/W1959614936
https://openalex.org/W1977044923
https://openalex.org/W1981114519
https://openalex.org/W1982949105
https://openalex.org/W1987986020
https://openalex.org/W1989195379
https://openalex.org/W2015801257
https://openalex.org/W2018159406
https://openalex.org/W2018983990
https://openalex.org/W2019855433
https://openalex.org/W2024331914
https://openalex.org/W2026678938
https://openalex.org/W2032001301
https://openalex.org/W2035641196
https://openalex.org/W2038675955
https://openalex.org/W2043637473
https://openalex.org/W2047371966
https://openalex.org/W2058765162
https://openalex.org/W2068099528
https://openalex.org/W2072207691
https://openalex.org/W2073948732
https://openalex.org/W2078491072
https://openalex.org/W2089291498
https://openalex.org/W2109871947
https://openalex.org/W2115760865
https://openalex.org/W2130262326
https://openalex.org/W2155516851
https://openalex.org/W2321765253
https://openalex.org/W2324713212
https://openalex.org/W2331173027
https://openalex.org/W2333450339
https://openalex.org/W2333975270
https://openalex.org/W2341877277
https://openalex.org/W2350213439
https://openalex.org/W2375598106
https://openalex.org/W2408953124
https://openalex.org/W2418970085
https://openalex.org/W2596174099
https://openalex.org/W2601829908
https://openalex.org/W2608256727
https://openalex.org/W4249000801
https://openalex.org/W2520601726
https://openalex.org/W3202733869
https://openalex.org/W4289814967
https://openalex.org/W4309772926
https://openalex.org/W4312221392
https://openalex.org/W4313703717
https://openalex.org/W4315779088
https://openalex.org/W4316259490
https://openalex.org/W4318617821
https://openalex.org/W4318617925
https://openalex.org/W4319067538
https://openalex.org/W4319080086
https://openalex.org/W4319241519
https://openalex.org/W4319593648
https://openalex.org/W4319653657
https://openalex.org/W4319962712
https://openalex.org/W4320719201
https://openalex.org/W4321434578
https://openalex.org/W4321441221
https://openalex.org/W4321602959
https://openalex.org/W4321789100
https://openalex.org/W4322753705
https://openalex.org/W4323039613
https://openalex.org/W4323255475
https://openalex.org/W4323294182
https://openalex.org/W4323542523
https://openalex.org/W4323816703
https://openalex.org/W4323924732
https://openalex.org/W4324028972
https://openalex.org/W4324131339
https://openalex.org/W4324344135
https://openalex.org/W4328048701
https://openalex.org/W4361912302
https://openalex.org/W4361912725
https://openalex.org/W4361944952
https://openalex.org/W4361951303
https://openalex.org/W4361985165
https://openalex.org/W4362397108
https://openalex.org/W4362432867
https://openalex.org/W4362526026
https://openalex.org/W4362661154
https://openalex.org/W4364382772
https://openalex.org/W4365139871
https://openalex.org/W4365483800
https://openalex.org/W4365504121
https://openalex.org/W4366189546
https://openalex.org/W4366726877
https://openalex.org/W4366769929
https://openalex.org/W4366833315
https://openalex.org/W4366833522
https://openalex.org/W4367173685
https://openalex.org/W4367174379
https://openalex.org/W4367184201
https://openalex.org/W4367334221
https://openalex.org/W4367838045
https://openalex.org/W4368351593
https://openalex.org/W4368368583
https://openalex.org/W4372318507
https://openalex.org/W4372354852
https://openalex.org/W4375951162
https://openalex.org/W4376055486
https://openalex.org/W4376140542
https://openalex.org/W4376254164
https://openalex.org/W4376270164
https://openalex.org/W4376481451
https://openalex.org/W4376956077
https://openalex.org/W4377024196
https://openalex.org/W4377030054
https://openalex.org/W4377139900
https://openalex.org/W4378194796
https://openalex.org/W4378348943
https://openalex.org/W4378348963
https://openalex.org/W4378549585
https://openalex.org/W4378649110
https://openalex.org/W4378745727
https://openalex.org/W4378841041
https://openalex.org/W4378841055
https://openalex.org/W4378841552
https://openalex.org/W4378902539
https://openalex.org/W4379093858
https://openalex.org/W4380323132
https://openalex.org/W4380365807
https://openalex.org/W4381330525
https://openalex.org/W4381571345
https://openalex.org/W4381839146
https://openalex.org/W4381893222
https://openalex.org/W4382065436
https://openalex.org/W4382318889
https://openalex.org/W4382398376
https://openalex.org/W4382568082
https://openalex.org/W4382699759
https://openalex.org/W4382725199
https://openalex.org/W4383102486
https://openalex.org/W4383373137
https://openalex.org/W4383533017
https://openalex.org/W4383534996
https://openalex.org/W4383616298
https://openalex.org/W4384009576
https://openalex.org/W4384499674
https://openalex.org/W4384560508
https://openalex.org/W4384695289
https://openalex.org/W4384697622
https://openalex.org/W4384920875
https://openalex.org/W4385067916
https://openalex.org/W4385219245
https://openalex.org/W4385246387
https://openalex.org/W4385385936
https://openalex.org/W4385441953
https://openalex.org/W4385551020
https://openalex.org/W4385557384
https://openalex.org/W4385606734
https://openalex.org/W4385818451
https://openalex.org/W4385932834
https://openalex.org/W4386026680
https://openalex.org/W4386027796
https://openalex.org/W4386032418
https://openalex.org/W4386032624
https://openalex.org/W4386046315
https://openalex.org/W4386090884
https://openalex.org/W4386117424
https://openalex.org/W4386118060
https://openalex.org/W4386134579
https://openalex.org/W4386246477
https://openalex.org/W4386278403
https://openalex.org/W4386337347
https://openalex.org/W4386446628
https://openalex.org/W4386514713
https://openalex.org/W4386532180
https://openalex.org/W4386532252
https://openalex.org/W4386619737
https://openalex.org/W4386701449
https://openalex.org/W4386703718
https://openalex.org/W4386742904
https://openalex.org/W4386817453
https://openalex.org/W4386836559
https://openalex.org/W4387025731
https://openalex.org/W4387078855
https://openalex.org/W4387179168
https://openalex.org/W4387187022
https://openalex.org/W4387259863
https://openalex.org/W4387259886
https://openalex.org/W4387262543
https://openalex.org/W4387262653
https://openalex.org/W4387262800
https://openalex.org/W4387262818
https://openalex.org/W4387262980
https://openalex.org/W4387263045
https://openalex.org/W4387263214
https://openalex.org/W4387263315
https://openalex.org/W4387263370
https://openalex.org/W4387263421
https://openalex.org/W4387263510
https://openalex.org/W4387263581
https://openalex.org/W4387263721
https://openalex.org/W4387263762
https://openalex.org/W4387263799
https://openalex.org/W4387263891
https://openalex.org/W4387263971
https://openalex.org/W4387263978
https://openalex.org/W4387264009
https://openalex.org/W4387264251
https://openalex.org/W4387311234
https://openalex.org/W4387343940
https://openalex.org/W4387358346
https://openalex.org/W4387440417
https://openalex.org/W4387440651
https://openalex.org/W4387446499
https://openalex.org/W4387459097
https://openalex.org/W4387486505
https://openalex.org/W4387490039
https://openalex.org/W4387494401
https://openalex.org/W4387535364
https://openalex.org/W4387572551
https://openalex.org/W4387587339
https://openalex.org/W4387742712
https://openalex.org/W4387915888
https://openalex.org/W4387960164
https://openalex.org/W4388002956
https://openalex.org/W4388034710
https://openalex.org/W4388037477
https://openalex.org/W4388125869
https://openalex.org/W4388185909
https://openalex.org/W4388285259
https://openalex.org/W4388300210
https://openalex.org/W4388348057
https://openalex.org/W4388462899
https://openalex.org/W4388464016
https://openalex.org/W4388465570
https://openalex.org/W4388724170
https://openalex.org/W4388823165
https://openalex.org/W4388831883
https://openalex.org/W4388895296
https://openalex.org/W4388942959
https://openalex.org/W4389145626
https://openalex.org/W4389208474
https://openalex.org/W4389410951
https://openalex.org/W4389559345
https://openalex.org/W4389664632
https://openalex.org/W4389668411
https://openalex.org/W4389692196
https://openalex.org/W4389719870
https://openalex.org/W4389778155
https://openalex.org/W4389935161
https://openalex.org/W4389937378
https://openalex.org/W4389939777
https://openalex.org/W4389993989
https://openalex.org/W4390115225
https://openalex.org/W4390229949
https://openalex.org/W4390230066
https://openalex.org/W4390268906
https://openalex.org/W4390395131
https://openalex.org/W4390415878
https://openalex.org/W4390461597
https://openalex.org/W4390609038
https://openalex.org/W4390713228
https://openalex.org/W4390753500
https://openalex.org/W4390890612
https://openalex.org/W4390994128
https://openalex.org/W4391266284
https://openalex.org/W4392255828
https://openalex.org/W4393606411
https://openalex.org/W4393631130
https://openalex.org/W4393700312
https://openalex.org/W4393804688
https://openalex.org/W4393838698
https://openalex.org/W4393894756
https://openalex.org/W4394021789
https://openalex.org/W4394028467
https://openalex.org/W4394242343
https://openalex.org/W4394328452
https://openalex.org/W4394441823
https://openalex.org/W4394446067
https://openalex.org/W4394477535
https://openalex.org/W4394495531
https://openalex.org/W4394495788
https://openalex.org/W4394805342
https://openalex.org/W4394805667
https://openalex.org/W823647934
https://openalex.org/W1997462770
https://openalex.org/W2058221520
https://openalex.org/W2059702478
https://openalex.org/W2083401612
https://openalex.org/W148877900
https://openalex.org/W1687286880
https://openalex.org/W1975860467
https://openalex.org/W2031774418
https://openalex.org/W2055195774
https://openalex.org/W2059314564
https://openalex.org/W2256258957
https://openalex.org/W2401217420
https://openalex.org/W2409643700
https://openalex.org/W2480464044
https://openalex.org/W2489755601
https://openalex.org/W1597629075
https://openalex.org/W1793114315
https://openalex.org/W1964280113
https://openalex.org/W1989623305
https://openalex.org/W2004885936
https://openalex.org/W2065876864
https://openalex.org/W2089815029
https://openalex.org/W2399697486
https://openalex.org/W1527142194
https://openalex.org/W1832277448
https://openalex.org/W2029318839
https://openalex.org/W2002904542
https://openalex.org/W2032764260
https://openalex.org/W2045536261
https://openalex.org/W2051501600
https://openalex.org/W2068898501
https://openalex.org/W2086763518
https://openalex.org/W2106577534
https://openalex.org/W2116932664
https://openalex.org/W2408642727
https://openalex.org/W2434083192
https://openalex.org/W2598741086
https://openalex.org/W2602536753
https://openalex.org/W2620928853
https://openalex.org/W2700437588
https://openalex.org/W2755088611
https://openalex.org/W2763015070
https://openalex.org/W2770076315
https://openalex.org/W2783000348
https://openalex.org/W2805421592
https://openalex.org/W2987107078
https://openalex.org/W3025344574
https://openalex.org/W3127523073
https://openalex.org/W3156881230
https://openalex.org/W4245117847
https://openalex.org/W2483014182
https://openalex.org/W2024896809
https://openalex.org/W2033760471
https://openalex.org/W2033131825
https://openalex.org/W2303310995
https://openalex.org/W1564432950
https://openalex.org/W1965071541
https://openalex.org/W1969626390
https://openalex.org/W1988973193
https://openalex.org/W2079768828
https://openalex.org/W66712922
https://openalex.org/W2022951548
https://openalex.org/W2121806285
https://openalex.org/W2372329374
https://openalex.org/W2789400622
https://openalex.org/W2791928092
https://openalex.org/W2792034874
https://openalex.org/W2809607856
https://openalex.org/W2908671628
https://openalex.org/W2930525798
https://openalex.org/W2937804812
https://openalex.org/W2945743938
https://openalex.org/W2953148312
https://openalex.org/W2956074298
https://openalex.org/W2961304963
https://openalex.org/W2966530064
https://openalex.org/W2987000654
https://openalex.org/W2990319249
https://openalex.org/W3007476417
https://openalex.org/W3009819511
https://openalex.org/W3015343509
https://openalex.org/W3017175441
https://openalex.org/W3022776397
https://openalex.org/W3024097782
https://openalex.org/W3024284839
https://openalex.org/W3024454796
https://openalex.org/W3024703590
https://openalex.org/W3026232269
https://openalex.org/W3028347771
https://openalex.org/W3042442745
https://openalex.org/W3049768279
https://openalex.org/W3083676988
https://openalex.org/W3088768438
https://openalex.org/W3094840767
https://openalex.org/W3095893721
https://openalex.org/W3120245367
https://openalex.org/W3130265378
https://openalex.org/W3135014324
https://openalex.org/W3157593386
https://openalex.org/W3161523266
https://openalex.org/W3167913143
https://openalex.org/W3168211653
https://openalex.org/W3183315533
https://openalex.org/W3195069968
https://openalex.org/W3200673484
https://openalex.org/W3214917098
https://openalex.org/W4200000478
https://openalex.org/W4241900951
https://openalex.org/W4245538334
https://openalex.org/W2331600962
https://openalex.org/W2340109595
https://openalex.org/W2409862444
https://openalex.org/W2460410982
https://openalex.org/W2484676703
https://openalex.org/W2498408535
https://openalex.org/W2528616549
https://openalex.org/W3141912933
https://openalex.org/W3201314592
https://openalex.org/W4205120123
https://openalex.org/W4205842384
https://openalex.org/W4206335566
https://openalex.org/W4211138330
https://openalex.org/W4212916200
https://openalex.org/W4213442495
https://openalex.org/W4220689445
https://openalex.org/W4225539033
https://openalex.org/W4226230012
https://openalex.org/W4255605542
https://openalex.org/W4280610221
https://openalex.org/W4280639510
https://openalex.org/W4284666778
https://openalex.org/W4284881093
https://openalex.org/W4285291742
https://openalex.org/W4285590635
https://openalex.org/W4289913051
https://openalex.org/W4290039828
https://openalex.org/W4292097867
https://openalex.org/W4292685258
https://openalex.org/W4293382587
https://openalex.org/W4293773069
https://openalex.org/W4296064930
https://openalex.org/W4297541027
https://openalex.org/W4297825542
https://openalex.org/W4302445385
https://openalex.org/W4304115874
https://openalex.org/W4307362305
https://openalex.org/W4309138616
https://openalex.org/W4309230138
https://openalex.org/W4310778805
https://openalex.org/W4310959362
https://openalex.org/W4311003686
https://openalex.org/W4312286575
https://openalex.org/W4312847445
https://openalex.org/W4316924392
https://openalex.org/W560386696
https://openalex.org/W2168566057
https://openalex.org/W1972008985
https://openalex.org/W1972436424
https://openalex.org/W1980484421
https://openalex.org/W1989508251
https://openalex.org/W2049421250
https://openalex.org/W2068933927
https://openalex.org/W2070291798
https://openalex.org/W214511356
https://openalex.org/W2334895766
https://openalex.org/W4206340299
https://openalex.org/W1965879711
https://openalex.org/W1979208253
https://openalex.org/W1989882636
https://openalex.org/W1991380671
https://openalex.org/W2013494387
https://openalex.org/W2028094450
https://openalex.org/W2113586748
https://openalex.org/W2125090773
https://openalex.org/W2318389780
https://openalex.org/W2392492074
https://openalex.org/W2071418153
https://openalex.org/W2377384175
https://openalex.org/W2486240123
https://openalex.org/W3148123000
https://openalex.org/W1506164302
https://openalex.org/W1532878983
https://openalex.org/W1847099633
https://openalex.org/W1911741238
https://openalex.org/W1968821584
https://openalex.org/W1972665644
https://openalex.org/W1972826695
https://openalex.org/W1987264313
https://openalex.org/W2048987789
https://openalex.org/W2053109160
https://openalex.org/W2065955099
https://openalex.org/W2086220192
https://openalex.org/W2094118263
https://openalex.org/W2094486991
https://openalex.org/W2129441145
https://openalex.org/W2172520291
https://openalex.org/W2174231470
https://openalex.org/W2196153943
https://openalex.org/W2262320570
https://openalex.org/W2263491874
https://openalex.org/W2300553119
https://openalex.org/W2308155307
https://openalex.org/W2313083953
https://openalex.org/W2313172637
https://openalex.org/W2314292400
https://openalex.org/W2327303411
https://openalex.org/W2335907506
https://openalex.org/W2351680629
https://openalex.org/W2359562227
https://openalex.org/W2373780861
https://openalex.org/W2373811777
https://openalex.org/W2377805436
https://openalex.org/W2381326825
https://openalex.org/W2383897363
https://openalex.org/W2383909848
https://openalex.org/W2394180322
https://openalex.org/W2410509924
https://openalex.org/W2416159382
https://openalex.org/W2427626223
https://openalex.org/W2461574373
https://openalex.org/W2521770418
https://openalex.org/W2535209405
https://openalex.org/W2547159708
https://openalex.org/W2585111326
https://openalex.org/W2598685661
https://openalex.org/W2952245100
https://openalex.org/W3022709564
https://openalex.org/W3030912229
https://openalex.org/W3132265403
https://openalex.org/W4223905453
https://openalex.org/W4224104975
https://openalex.org/W4225607917
https://openalex.org/W4239840681
https://openalex.org/W4241126545
https://openalex.org/W4280610376
https://openalex.org/W4283067477
https://openalex.org/W4283592371
https://openalex.org/W4288435838
https://openalex.org/W4289109813
https://openalex.org/W4289890456
https://openalex.org/W4297902916
https://openalex.org/W4298313708
https://openalex.org/W4300688919
https://openalex.org/W4306679359
https://openalex.org/W4309507466
https://openalex.org/W4310564808
https://openalex.org/W4311945089
https://openalex.org/W4320086626
https://openalex.org/W4394235309
https://openalex.org/W92372140
https://openalex.org/W1979399737
https://openalex.org/W1997535419
https://openalex.org/W2009382270
https://openalex.org/W2025908731
https://openalex.org/W2029342625
https://openalex.org/W2102715828
https://openalex.org/W2107159072
https://openalex.org/W2332106861
https://openalex.org/W2338811204
https://openalex.org/W1593514314
https://openalex.org/W2034389254
https://openalex.org/W2039542483
https://openalex.org/W2050030123
https://openalex.org/W2094016342
https://openalex.org/W2315012924
https://openalex.org/W2404339483
https://openalex.org/W3163449032
https://openalex.org/W8937367
https://openalex.org/W2133829632
https://openalex.org/W2185744382
https://openalex.org/W120654410
https://openalex.org/W1877788585
https://openalex.org/W1979394238
https://openalex.org/W1998479531
https://openalex.org/W2005392917
https://openalex.org/W2007568174
https://openalex.org/W2128185311
https://openalex.org/W2131861153
https://openalex.org/W224817542
https://openalex.org/W2332673142
https://openalex.org/W2366551336
https://openalex.org/W2380010440
https://openalex.org/W2416399346
https://openalex.org/W123304399
https://openalex.org/W1543270876
https://openalex.org/W1568419847
https://openalex.org/W1980498140
https://openalex.org/W1997563305
https://openalex.org/W2015362002
https://openalex.org/W2025522132
https://openalex.org/W2052227180
https://openalex.org/W2055127597
https://openalex.org/W2066100969
https://openalex.org/W2067452846
https://openalex.org/W2074075546
https://openalex.org/W2077171537
https://openalex.org/W2081239996
https://openalex.org/W2146295806
https://openalex.org/W2148142584
https://openalex.org/W2189502490
https://openalex.org/W2324275192
https://openalex.org/W2350692886
https://openalex.org/W2353767165
https://openalex.org/W2353827215
https://openalex.org/W2388449734
https://openalex.org/W2403351056
https://openalex.org/W2409294048
https://openalex.org/W2580710704
https://openalex.org/W2591632070
https://openalex.org/W2604635736
https://openalex.org/W2605166578
https://openalex.org/W2756646979
https://openalex.org/W2971595447
https://openalex.org/W2993798672
https://openalex.org/W3123137213
https://openalex.org/W2010885265
https://openalex.org/W2011237259
https://openalex.org/W2028802177
https://openalex.org/W2107284417
https://openalex.org/W2481929427
https://openalex.org/W2592905624
https://openalex.org/W2971910006
https://openalex.org/W3112067752
https://openalex.org/W4235830901
https://openalex.org/W1977788142
https://openalex.org/W2012280903
https://openalex.org/W2039895189
https://openalex.org/W2052613802
https://openalex.org/W2092457719
https://openalex.org/W2095571599
https://openalex.org/W2625324174
https://openalex.org/W39484136
https://openalex.org/W629618160
https://openalex.org/W1994262203
https://openalex.org/W2049053828
https://openalex.org/W2182076497
https://openalex.org/W2388501278
https://openalex.org/W2414340368
https://openalex.org/W3200122623
https://openalex.org/W1633617102
https://openalex.org/W1953535650
https://openalex.org/W2023130687
https://openalex.org/W2289768947
https://openalex.org/W2347952709
https://openalex.org/W2353404747
https://openalex.org/W2362303606
https://openalex.org/W2377582112
https://openalex.org/W2413082282
https://openalex.org/W2415181266
https://openalex.org/W2534064800
https://openalex.org/W2735317674
https://openalex.org/W2803470285
https://openalex.org/W2803556269
https://openalex.org/W2806763362
https://openalex.org/W2808849901
https://openalex.org/W2886755102
https://openalex.org/W2888916452
https://openalex.org/W2907913332
https://openalex.org/W3032878489
https://openalex.org/W4236331330
https://openalex.org/W75048263
https://openalex.org/W1990163181
https://openalex.org/W2067425296
https://openalex.org/W2093408886
https://openalex.org/W2139389312
https://openalex.org/W2415493597
https://openalex.org/W2432118524
https://openalex.org/W2518551832
https://openalex.org/W578905084
https://openalex.org/W67562751
https://openalex.org/W1966460769
https://openalex.org/W2093775874
https://openalex.org/W450079090
https://openalex.org/W2003762716
https://openalex.org/W2033448555
https://openalex.org/W2004230121
https://openalex.org/W2013285352
https://openalex.org/W2020986794
https://openalex.org/W2361482029
https://openalex.org/W2386361141
https://openalex.org/W2390343686
https://openalex.org/W2410255207
https://openalex.org/W2911910555
https://openalex.org/W2925131415
https://openalex.org/W2936058335
https://openalex.org/W2954583338
https://openalex.org/W2958753784
https://openalex.org/W2972403469
https://openalex.org/W2972797050
https://openalex.org/W2980516128
https://openalex.org/W2992449522
https://openalex.org/W2995442281
https://openalex.org/W2995883844
https://openalex.org/W3004660112
https://openalex.org/W3005915812
https://openalex.org/W3008965542
https://openalex.org/W3011084494
https://openalex.org/W3015440355
https://openalex.org/W3015775634
https://openalex.org/W3024378901
https://openalex.org/W3025165152
https://openalex.org/W3028529788
https://openalex.org/W3032622691
https://openalex.org/W3089335310
https://openalex.org/W3092421171
https://openalex.org/W3106653960
https://openalex.org/W3107539772
https://openalex.org/W3199749131
https://openalex.org/W4253352867
https://openalex.org/W4300796134
https://openalex.org/W438999101
https://openalex.org/W1918825818
https://openalex.org/W1979098722
https://openalex.org/W2046190693
https://openalex.org/W2085742509
https://openalex.org/W2440042618
https://openalex.org/W2463139171
https://openalex.org/W891564303
https://openalex.org/W1985248070
https://openalex.org/W200795363
https://openalex.org/W2037612871
https://openalex.org/W2314471105
https://openalex.org/W2351869269
https://openalex.org/W2393250575
https://openalex.org/W90891697
https://openalex.org/W2044930311
https://openalex.org/W2050915454
https://openalex.org/W2411297270
https://openalex.org/W3124115713
https://openalex.org/W3127416694
https://openalex.org/W3128960549
https://openalex.org/W3137890999
https://openalex.org/W3146548151
https://openalex.org/W3156866276
https://openalex.org/W3157459457
https://openalex.org/W3162903231
https://openalex.org/W3169177477
https://openalex.org/W3189955691
https://openalex.org/W3190055583
https://openalex.org/W3194242897
https://openalex.org/W3198647077
https://openalex.org/W3205328487
https://openalex.org/W3206942789
https://openalex.org/W3207977210
https://openalex.org/W3208325549
https://openalex.org/W3210617487
https://openalex.org/W4200095136
https://openalex.org/W4205416072
https://openalex.org/W4206585896
https://openalex.org/W4234268479
https://openalex.org/W4255879504
https://openalex.org/W4256465025
https://openalex.org/W2246155265
https://openalex.org/W2384330479
https://openalex.org/W2385446528
https://openalex.org/W2386483914
https://openalex.org/W2387268490
https://openalex.org/W2390825891
https://openalex.org/W2751840271
https://openalex.org/W3136698022
https://openalex.org/W3157674902
https://openalex.org/W3161627455
https://openalex.org/W1987774585
https://openalex.org/W1994908808
https://openalex.org/W2012515844
https://openalex.org/W2083802015
https://openalex.org/W2321156180
https://openalex.org/W629641084
https://openalex.org/W2020030517
https://openalex.org/W2078497340
https://openalex.org/W2188199543
https://openalex.org/W411817636
https://openalex.org/W1971320905
https://openalex.org/W2078027885
https://openalex.org/W2078840714
https://openalex.org/W2172074616
https://openalex.org/W2184213760
https://openalex.org/W2363861076
https://openalex.org/W2381681132
https://openalex.org/W2385706277
https://openalex.org/W2396706522
https://openalex.org/W2412946813
https://openalex.org/W2391686211
https://openalex.org/W3089408552
https://openalex.org/W3090146085
https://openalex.org/W3091526485
https://openalex.org/W654485127
https://openalex.org/W2036825278
https://openalex.org/W2047414944
https://openalex.org/W2092850112
https://openalex.org/W2093584678
https://openalex.org/W2115583489
https://openalex.org/W2262990191
https://openalex.org/W2325228554
https://openalex.org/W2328410713
https://openalex.org/W2399729557
https://openalex.org/W2409532193
https://openalex.org/W3022298999
https://openalex.org/W4230975818
https://openalex.org/W4241584171
https://openalex.org/W4243969946
https://openalex.org/W4313012242
https://openalex.org/W1988307278
https://openalex.org/W2288797657
https://openalex.org/W2376225593
https://openalex.org/W2475192394
https://openalex.org/W2995065849
https://openalex.org/W3107213124
https://openalex.org/W1041030967
https://openalex.org/W1535381992
https://openalex.org/W1573892782
https://openalex.org/W1599419213
https://openalex.org/W1896060831
https://openalex.org/W1967106517
https://openalex.org/W1979570926
https://openalex.org/W1992570481
https://openalex.org/W2002661986
https://openalex.org/W2012239373
https://openalex.org/W2012508499
https://openalex.org/W2038096999
https://openalex.org/W2039892342
https://openalex.org/W2054848330
https://openalex.org/W2078914926
https://openalex.org/W2080078140
https://openalex.org/W2093263648
https://openalex.org/W2108023984
https://openalex.org/W2145346868
https://openalex.org/W2182800340
https://openalex.org/W2184167031
https://openalex.org/W2188707421
https://openalex.org/W2205504685
https://openalex.org/W2226768364
https://openalex.org/W2258124516
https://openalex.org/W2273450376
https://openalex.org/W2279995548
https://openalex.org/W2312496140
https://openalex.org/W2315947919
https://openalex.org/W2317184592
https://openalex.org/W2326475925
https://openalex.org/W2327092074
https://openalex.org/W2331018716
https://openalex.org/W2335259095
https://openalex.org/W2336066472
https://openalex.org/W2337411289
https://openalex.org/W2341001482
https://openalex.org/W2342827365
https://openalex.org/W2343558423
https://openalex.org/W2346841447
https://openalex.org/W2347982429
https://openalex.org/W2349136990
https://openalex.org/W2349540541
https://openalex.org/W2350855272
https://openalex.org/W2352983958
https://openalex.org/W2353846160
https://openalex.org/W2353871226
https://openalex.org/W2355115158
https://openalex.org/W2355567136
https://openalex.org/W2356711595
https://openalex.org/W2357645278
https://openalex.org/W2358126630
https://openalex.org/W2358577086
https://openalex.org/W2359335789
https://openalex.org/W2360510492
https://openalex.org/W2361365706
https://openalex.org/W2361366519
https://openalex.org/W2362090805
https://openalex.org/W2362160608
https://openalex.org/W2362165097
https://openalex.org/W2362692672
https://openalex.org/W2362847906
https://openalex.org/W2363619795
https://openalex.org/W2368345887
https://openalex.org/W2369147817
https://openalex.org/W2370732616
https://openalex.org/W2370941253
https://openalex.org/W2371281145
https://openalex.org/W2371295376
https://openalex.org/W2371566025
https://openalex.org/W2371617817
https://openalex.org/W2371902727
https://openalex.org/W2372733146
https://openalex.org/W2373464891
https://openalex.org/W2373489237
https://openalex.org/W2373519766
https://openalex.org/W2374601249
https://openalex.org/W2375338298
https://openalex.org/W2375360406
https://openalex.org/W2376188976
https://openalex.org/W2376314483
https://openalex.org/W2377017301
https://openalex.org/W2377141533
https://openalex.org/W2378149558
https://openalex.org/W2378692382
https://openalex.org/W2378799241
https://openalex.org/W2379479350
https://openalex.org/W2379669195
https://openalex.org/W2380575805
https://openalex.org/W2381148285
https://openalex.org/W2381302500
https://openalex.org/W2381825943
https://openalex.org/W2381849247
https://openalex.org/W2381919460
https://openalex.org/W2382183268
https://openalex.org/W2382185705
https://openalex.org/W2382257117
https://openalex.org/W2382555785
https://openalex.org/W2383185364
https://openalex.org/W2383279570
https://openalex.org/W2383321327
https://openalex.org/W2383430844
https://openalex.org/W2383490061
https://openalex.org/W2383724855
https://openalex.org/W2384076620
https://openalex.org/W2384579654
https://openalex.org/W2385450862
https://openalex.org/W2386185909
https://openalex.org/W2386980336
https://openalex.org/W2387657366
https://openalex.org/W2388218562
https://openalex.org/W2388463174
https://openalex.org/W2390099581
https://openalex.org/W2390674318
https://openalex.org/W2391821104
https://openalex.org/W2392020976
https://openalex.org/W2392803142
https://openalex.org/W2392842241
https://openalex.org/W2393474603
https://openalex.org/W2393807350
https://openalex.org/W2393968495
https://openalex.org/W2394049417
https://openalex.org/W2400731786
https://openalex.org/W2401089418
https://openalex.org/W2409371762
https://openalex.org/W2409408584
https://openalex.org/W2414030867
https://openalex.org/W2414936991
https://openalex.org/W2418765978
https://openalex.org/W2423139699
https://openalex.org/W2424273465
https://openalex.org/W2435977769
https://openalex.org/W2461008388
https://openalex.org/W2469605835
https://openalex.org/W2470919809
https://openalex.org/W2475078909
https://openalex.org/W2475562826
https://openalex.org/W2476363722
https://openalex.org/W2478986420
https://openalex.org/W2485890628
https://openalex.org/W2486084867
https://openalex.org/W2488227955
https://openalex.org/W2492209409
https://openalex.org/W2493750011
https://openalex.org/W2495692462
https://openalex.org/W2498361873
https://openalex.org/W2498679464
https://openalex.org/W2499213454
https://openalex.org/W2500828165
https://openalex.org/W2501627640
https://openalex.org/W2502766956
https://openalex.org/W2504414155
https://openalex.org/W2505486653
https://openalex.org/W2506006576
https://openalex.org/W2506490866
https://openalex.org/W2506907294
https://openalex.org/W2521386953
https://openalex.org/W2527526114
https://openalex.org/W2528590222
https://openalex.org/W2531524792
https://openalex.org/W2550244771
https://openalex.org/W2561966866
https://openalex.org/W2574216630
https://openalex.org/W2577523710
https://openalex.org/W2585039441
https://openalex.org/W2590585944
https://openalex.org/W2591126210
https://openalex.org/W2593263493
https://openalex.org/W2599596557
https://openalex.org/W2601105804
https://openalex.org/W2602135428
https://openalex.org/W2603412036
https://openalex.org/W2607878897
https://openalex.org/W2611232377
https://openalex.org/W2611772106
https://openalex.org/W2617865655
https://openalex.org/W2720202031
https://openalex.org/W2737222504
https://openalex.org/W2742262561
https://openalex.org/W2742402600
https://openalex.org/W2743101023
https://openalex.org/W2743404536
https://openalex.org/W2743419173
https://openalex.org/W2743507490
https://openalex.org/W2743554586
https://openalex.org/W2744333799
https://openalex.org/W2745574530
https://openalex.org/W2745655637
https://openalex.org/W2745855077
https://openalex.org/W2745958277
https://openalex.org/W2746393900
https://openalex.org/W2746449239
https://openalex.org/W2746560710
https://openalex.org/W2747414453
https://openalex.org/W2747502045
https://openalex.org/W2747949991
https://openalex.org/W2748067800
https://openalex.org/W2748242474
https://openalex.org/W2748722020
https://openalex.org/W2748878499
https://openalex.org/W2749045399
https://openalex.org/W2749367581
https://openalex.org/W2750113747
https://openalex.org/W2750600322
https://openalex.org/W2750742718
https://openalex.org/W2750792083
https://openalex.org/W2751003858
https://openalex.org/W2751559807
https://openalex.org/W2751563759
https://openalex.org/W2751807040
https://openalex.org/W2751811606
https://openalex.org/W2752128090
https://openalex.org/W2752204353
https://openalex.org/W2752519383
https://openalex.org/W2752745302
https://openalex.org/W2753023870
https://openalex.org/W2753053922
https://openalex.org/W2753294342
https://openalex.org/W2753307745
https://openalex.org/W2753387520
https://openalex.org/W2753775037
https://openalex.org/W2784378065
https://openalex.org/W2801929386
https://openalex.org/W2904381081
https://openalex.org/W2954284671
https://openalex.org/W2967322133
https://openalex.org/W2977775128
https://openalex.org/W2989631119
https://openalex.org/W3017373794
https://openalex.org/W3024470732
https://openalex.org/W3028722884
https://openalex.org/W3029231042
https://openalex.org/W3030164023
https://openalex.org/W3031321211
https://openalex.org/W3032374536
https://openalex.org/W3032622615
https://openalex.org/W3032662438
https://openalex.org/W3048359617
https://openalex.org/W3081674168
https://openalex.org/W3088781344
https://openalex.org/W3109315938
https://openalex.org/W3112605346
https://openalex.org/W3115899999
https://openalex.org/W3119391732
https://openalex.org/W3130597067
https://openalex.org/W3132928707
https://openalex.org/W3135616711
https://openalex.org/W3146732629
https://openalex.org/W3146840920
https://openalex.org/W3150265072
https://openalex.org/W3166079954
https://openalex.org/W3166290839
https://openalex.org/W3171536808
https://openalex.org/W3175664931
https://openalex.org/W3201999066
https://openalex.org/W3209099681
https://openalex.org/W4231984610
https://openalex.org/W4234988785
https://openalex.org/W4235970110
https://openalex.org/W4236479745
https://openalex.org/W4245466747
https://openalex.org/W4298331327
https://openalex.org/W4299617807
https://openalex.org/W964021099
https://openalex.org/W1007660538
https://openalex.org/W15336629
https://openalex.org/W1987479510
https://openalex.org/W1997423640
https://openalex.org/W2039014692
https://openalex.org/W2047972258
https://openalex.org/W2048192111
https://openalex.org/W2058614151
https://openalex.org/W2134149024
https://openalex.org/W2143977297
https://openalex.org/W2481788672
https://openalex.org/W4253226998
https://openalex.org/W4254337178
https://openalex.org/W4388331054
https://openalex.org/W2026040724
https://openalex.org/W2031981336
https://openalex.org/W2165734725
https://openalex.org/W2616398742
https://openalex.org/W1145280110
https://openalex.org/W1424049354
https://openalex.org/W146142194
https://openalex.org/W1670453748
https://openalex.org/W1704014340
https://openalex.org/W179552431
https://openalex.org/W1972774541
https://openalex.org/W1974314112
https://openalex.org/W1996689341
https://openalex.org/W1997756056
https://openalex.org/W2005593205
https://openalex.org/W2007386579
https://openalex.org/W2025964094
https://openalex.org/W2026646504
https://openalex.org/W2028761680
https://openalex.org/W2031101697
https://openalex.org/W2037732035
https://openalex.org/W2049479272
https://openalex.org/W2066623462
https://openalex.org/W2076326720
https://openalex.org/W2081997685
https://openalex.org/W2082130372
https://openalex.org/W2086869208
https://openalex.org/W2092415921
https://openalex.org/W2112173951
https://openalex.org/W2138534618
https://openalex.org/W2146470809
https://openalex.org/W2153290017
https://openalex.org/W2183966705
https://openalex.org/W2187854801
https://openalex.org/W2191722467
https://openalex.org/W2231165923
https://openalex.org/W2241928221
https://openalex.org/W2246079030
https://openalex.org/W2247554588
https://openalex.org/W2253445911
https://openalex.org/W2254703160
https://openalex.org/W2278323807
https://openalex.org/W2298377508
https://openalex.org/W2312318507
https://openalex.org/W2313217606
https://openalex.org/W2313223324
https://openalex.org/W2314054286
https://openalex.org/W2314219800
https://openalex.org/W2314437406
https://openalex.org/W2316976680
https://openalex.org/W2318156004
https://openalex.org/W2319176894
https://openalex.org/W2323329598
https://openalex.org/W2326183358
https://openalex.org/W2326348779
https://openalex.org/W2328033639
https://openalex.org/W2331798142
https://openalex.org/W2347508088
https://openalex.org/W2347782383
https://openalex.org/W2348522677
https://openalex.org/W2348958283
https://openalex.org/W2349649055
https://openalex.org/W2350481038
https://openalex.org/W2351660931
https://openalex.org/W2351960371
https://openalex.org/W2352008827
https://openalex.org/W2352091571
https://openalex.org/W2352867283
https://openalex.org/W2352978234
https://openalex.org/W2353218557
https://openalex.org/W2353661669
https://openalex.org/W2353709713
https://openalex.org/W2353789489
https://openalex.org/W2353954090
https://openalex.org/W2354061081
https://openalex.org/W2354396622
https://openalex.org/W2354968404
https://openalex.org/W2355204826
https://openalex.org/W2356135952
https://openalex.org/W2356527248
https://openalex.org/W2357043172
https://openalex.org/W2357223467
https://openalex.org/W2357231876
https://openalex.org/W2357770544
https://openalex.org/W2357772289
https://openalex.org/W2360228539
https://openalex.org/W2360391603
https://openalex.org/W2360421830
https://openalex.org/W2360509022
https://openalex.org/W2360570881
https://openalex.org/W2360586689
https://openalex.org/W2361025108
https://openalex.org/W2361354312
https://openalex.org/W2361546264
https://openalex.org/W2361938438
https://openalex.org/W2362247748
https://openalex.org/W2363161262
https://openalex.org/W2364563939
https://openalex.org/W2364751542
https://openalex.org/W2366235498
https://openalex.org/W2366647852
https://openalex.org/W2366939644
https://openalex.org/W2366945698
https://openalex.org/W2368889704
https://openalex.org/W2368948306
https://openalex.org/W2369132966
https://openalex.org/W2369381705
https://openalex.org/W2370520332
https://openalex.org/W2370600911
https://openalex.org/W2371116672
https://openalex.org/W2371177345
https://openalex.org/W2371741889
https://openalex.org/W2371943140
https://openalex.org/W2372160278
https://openalex.org/W2372313704
https://openalex.org/W2372544944
https://openalex.org/W2373535119
https://openalex.org/W2373939863
https://openalex.org/W2374379808
https://openalex.org/W2376356993
https://openalex.org/W2377624618
https://openalex.org/W2377926900
https://openalex.org/W2378248623
https://openalex.org/W2378461301
https://openalex.org/W2378966279
https://openalex.org/W2379369563
https://openalex.org/W2379466508
https://openalex.org/W2380538941
https://openalex.org/W2380980683
https://openalex.org/W2381178176
https://openalex.org/W2382043107
https://openalex.org/W2382129942
https://openalex.org/W2382722205
https://openalex.org/W2383030180
https://openalex.org/W2383622168
https://openalex.org/W2385351494
https://openalex.org/W2386080618
https://openalex.org/W2386250479
https://openalex.org/W2386295582
https://openalex.org/W2388448881
https://openalex.org/W2389091752
https://openalex.org/W2389258488
https://openalex.org/W2389530671
https://openalex.org/W2389640921
https://openalex.org/W2390021945
https://openalex.org/W2390652200
https://openalex.org/W2391033602
https://openalex.org/W2391097740
https://openalex.org/W2391425078
https://openalex.org/W2391634665
https://openalex.org/W2391691716
https://openalex.org/W2393291883
https://openalex.org/W2393630347
https://openalex.org/W2396790325
https://openalex.org/W2397074089
https://openalex.org/W2401633613
https://openalex.org/W2405033037
https://openalex.org/W2422853593
https://openalex.org/W2424091807
https://openalex.org/W2431917324
https://openalex.org/W2473188698
https://openalex.org/W2541367330
https://openalex.org/W2553793540
https://openalex.org/W2563353835
https://openalex.org/W2580829216
https://openalex.org/W2582985358
https://openalex.org/W2587995199
https://openalex.org/W2596737769
https://openalex.org/W2607988998
https://openalex.org/W2615699857
https://openalex.org/W261764489
https://openalex.org/W2618683664
https://openalex.org/W2623888840
https://openalex.org/W2624766112
https://openalex.org/W2756071740
https://openalex.org/W277297197
https://openalex.org/W2792814756
https://openalex.org/W2911146527
https://openalex.org/W2952182944
https://openalex.org/W2954530549
https://openalex.org/W2978615494
https://openalex.org/W2989931404
https://openalex.org/W2998506612
https://openalex.org/W3000252228
https://openalex.org/W3027215058
https://openalex.org/W3029060823
https://openalex.org/W3029618145
https://openalex.org/W3030022680
https://openalex.org/W3030829253
https://openalex.org/W3031876679
https://openalex.org/W3032031646
https://openalex.org/W3032258579
https://openalex.org/W3032344262
https://openalex.org/W3032348270
https://openalex.org/W3081758348
https://openalex.org/W3096546547
https://openalex.org/W3106331417
https://openalex.org/W3116019047
https://openalex.org/W3141471615
https://openalex.org/W3150349509
https://openalex.org/W3169847734
https://openalex.org/W3170227062
https://openalex.org/W3173174696
https://openalex.org/W3190780326
https://openalex.org/W4205492137
https://openalex.org/W4213396219
https://openalex.org/W4247819442
https://openalex.org/W4249209808
https://openalex.org/W4249699777
https://openalex.org/W4289796266
https://openalex.org/W4296521375
https://openalex.org/W4299022714
https://openalex.org/W4377820421
https://openalex.org/W4392934304
https://openalex.org/W47341123
https://openalex.org/W560519644
https://openalex.org/W602439242
https://openalex.org/W656627987
https://openalex.org/W659076213
https://openalex.org/W925785039
https://openalex.org/W953393678
https://openalex.org/W2020955905
https://openalex.org/W2050000979
https://openalex.org/W2409404840
https://openalex.org/W2412149105
https://openalex.org/W2432966481
https://openalex.org/W1968942069
https://openalex.org/W2056695290
https://openalex.org/W2062367598
https://openalex.org/W2066807405
https://openalex.org/W2123659785
https://openalex.org/W2185922750
https://openalex.org/W2351304073
https://openalex.org/W2377122037
https://openalex.org/W2397056969
https://openalex.org/W2471330271
https://openalex.org/W161580507
https://openalex.org/W1892072419
https://openalex.org/W1971522665
https://openalex.org/W1974812452
https://openalex.org/W1977400233
https://openalex.org/W1985135403
https://openalex.org/W2010184923
https://openalex.org/W2032145173
https://openalex.org/W2052222788
https://openalex.org/W2056559397
https://openalex.org/W2077201611
https://openalex.org/W2091538572
https://openalex.org/W2140044872
https://openalex.org/W2257845375
https://openalex.org/W2302174911
https://openalex.org/W2339697272
https://openalex.org/W2348760450
https://openalex.org/W2349717950
https://openalex.org/W2350596484
https://openalex.org/W2353616379
https://openalex.org/W2353647875
https://openalex.org/W2355994813
https://openalex.org/W2357473743
https://openalex.org/W2358177814
https://openalex.org/W2361792210
https://openalex.org/W2361810078
https://openalex.org/W2362560404
https://openalex.org/W2362672136
https://openalex.org/W2363224113
https://openalex.org/W2364457587
https://openalex.org/W2365045950
https://openalex.org/W2365282439
https://openalex.org/W2367257787
https://openalex.org/W2367992632
https://openalex.org/W2368433294
https://openalex.org/W2370872013
https://openalex.org/W2373034334
https://openalex.org/W2373379622
https://openalex.org/W2374724573
https://openalex.org/W2375175286
https://openalex.org/W2378219846
https://openalex.org/W2378880666
https://openalex.org/W2379624622
https://openalex.org/W2381690708
https://openalex.org/W2382560316
https://openalex.org/W2382730586
https://openalex.org/W2382808905
https://openalex.org/W2383958018
https://openalex.org/W2385579191
https://openalex.org/W2386618218
https://openalex.org/W2386725979
https://openalex.org/W2388270689
https://openalex.org/W2394530654
https://openalex.org/W2397484189
https://openalex.org/W2405705663
https://openalex.org/W2410274807
https://openalex.org/W2413386583
https://openalex.org/W2413644052
https://openalex.org/W2460851260
https://openalex.org/W2462156021
https://openalex.org/W2474298661
https://openalex.org/W2544810566
https://openalex.org/W2564788743
https://openalex.org/W2604589946
https://openalex.org/W2604610912
https://openalex.org/W2604825058
https://openalex.org/W2604889594
https://openalex.org/W2605084242
https://openalex.org/W2605299987
https://openalex.org/W2605332712
https://openalex.org/W2609125404
https://openalex.org/W2609698983
https://openalex.org/W2611323863
https://openalex.org/W2612201236
https://openalex.org/W2612606563
https://openalex.org/W2638165783
https://openalex.org/W2689993791
https://openalex.org/W2727427121
https://openalex.org/W2735674424
https://openalex.org/W2740604731
https://openalex.org/W2741836618
https://openalex.org/W2741845072
https://openalex.org/W2741890317
https://openalex.org/W2742578539
https://openalex.org/W2742692071
https://openalex.org/W2743175707
https://openalex.org/W2743780114
https://openalex.org/W2749012545
https://openalex.org/W2749928875
https://openalex.org/W2752189462
https://openalex.org/W2752379231
https://openalex.org/W2752788266
https://openalex.org/W2754136253
https://openalex.org/W2754953894
https://openalex.org/W2755256899
https://openalex.org/W2757997574
https://openalex.org/W2758336674
https://openalex.org/W2761895594
https://openalex.org/W2766814916
https://openalex.org/W2767070546
https://openalex.org/W2773066197
https://openalex.org/W2773164332
https://openalex.org/W2776298251
https://openalex.org/W2776885606
https://openalex.org/W2778912663
https://openalex.org/W2780000350
https://openalex.org/W2782139529
https://openalex.org/W2785295110
https://openalex.org/W2898537575
https://openalex.org/W2903034879
https://openalex.org/W2904133833
https://openalex.org/W2942290781
https://openalex.org/W2962754915
https://openalex.org/W2967550080
https://openalex.org/W2993324228
https://openalex.org/W3003688826
https://openalex.org/W3018087240
https://openalex.org/W3028616718
https://openalex.org/W3028672793
https://openalex.org/W3028809743
https://openalex.org/W3029261973
https://openalex.org/W3031042044
https://openalex.org/W3031295111
https://openalex.org/W3031302285
https://openalex.org/W3032019400
https://openalex.org/W3032564851
https://openalex.org/W3093491349
https://openalex.org/W3106697177
https://openalex.org/W3111088891
https://openalex.org/W3118257819
https://openalex.org/W3136555150
https://openalex.org/W3137402077
https://openalex.org/W3186656013
https://openalex.org/W3191456082
https://openalex.org/W3193281084
https://openalex.org/W3200652149
https://openalex.org/W3209136478
https://openalex.org/W371948059
https://openalex.org/W4232312786
https://openalex.org/W4233723846
https://openalex.org/W4234143162
https://openalex.org/W4234590763
https://openalex.org/W4234980039
https://openalex.org/W4238455027
https://openalex.org/W4238972213
https://openalex.org/W4239180011
https://openalex.org/W4240958065
https://openalex.org/W4241060887
https://openalex.org/W4245274284
https://openalex.org/W4249466100
https://openalex.org/W4251241549
https://openalex.org/W4286492140
https://openalex.org/W4394378598
https://openalex.org/W779760074
https://openalex.org/W1985021889
https://openalex.org/W2001077853
https://openalex.org/W2010396612
https://openalex.org/W2013064331
https://openalex.org/W2032157827
https://openalex.org/W2089158560
https://openalex.org/W619571730
https://openalex.org/W1417974431
https://openalex.org/W1461302537
https://openalex.org/W1498429490
https://openalex.org/W150808283
https://openalex.org/W1582272251
https://openalex.org/W1624109826
https://openalex.org/W1645599902
https://openalex.org/W1970329903
https://openalex.org/W1980739709
https://openalex.org/W1981339155
https://openalex.org/W1991520503
https://openalex.org/W1993673072
https://openalex.org/W2000925407
https://openalex.org/W2010602181
https://openalex.org/W2013428998
https://openalex.org/W2015624367
https://openalex.org/W2039099654
https://openalex.org/W2044507535
https://openalex.org/W2044543994
https://openalex.org/W2070310006
https://openalex.org/W2075441099
https://openalex.org/W2089575875
https://openalex.org/W2094136694
https://openalex.org/W2096394818
https://openalex.org/W2112169509
https://openalex.org/W2147489022
https://openalex.org/W2156164458
https://openalex.org/W2175193427
https://openalex.org/W2176176431
https://openalex.org/W2176495335
https://openalex.org/W2227163977
https://openalex.org/W2241878206
https://openalex.org/W2281456023
https://openalex.org/W2306582008
https://openalex.org/W2316188578
https://openalex.org/W2346825954
https://openalex.org/W2348714797
https://openalex.org/W2349103628
https://openalex.org/W2349965002
https://openalex.org/W2350702679
https://openalex.org/W2350712801
https://openalex.org/W2352400872
https://openalex.org/W2352589610
https://openalex.org/W2353287857
https://openalex.org/W2353762121
https://openalex.org/W2354267005
https://openalex.org/W2354606463
https://openalex.org/W2355084017
https://openalex.org/W2356425119
https://openalex.org/W2357370547
https://openalex.org/W2360134493
https://openalex.org/W2360501278
https://openalex.org/W2361951966
https://openalex.org/W2363374920
https://openalex.org/W2364013390
https://openalex.org/W2364082612
https://openalex.org/W2364222117
https://openalex.org/W2364643920
https://openalex.org/W2365799828
https://openalex.org/W2366553823
https://openalex.org/W2366754717
https://openalex.org/W2369261431
https://openalex.org/W2374409019
https://openalex.org/W2374892719
https://openalex.org/W2375290498
https://openalex.org/W2375299463
https://openalex.org/W2377063689
https://openalex.org/W2378137000
https://openalex.org/W2378949714
https://openalex.org/W2379077458
https://openalex.org/W2379995642
https://openalex.org/W2380468992
https://openalex.org/W2381077891
https://openalex.org/W2381691271
https://openalex.org/W2382002149
https://openalex.org/W2383241694
https://openalex.org/W2384272167
https://openalex.org/W2385956087
https://openalex.org/W2387004539
https://openalex.org/W2387726542
https://openalex.org/W2388872849
https://openalex.org/W2389809892
https://openalex.org/W2390871121
https://openalex.org/W2391032656
https://openalex.org/W2391680416
https://openalex.org/W2391680992
https://openalex.org/W2393556876
https://openalex.org/W2410262058
https://openalex.org/W2416996869
https://openalex.org/W2436204940
https://openalex.org/W2436510954
https://openalex.org/W2462104220
https://openalex.org/W2464445928
https://openalex.org/W2481155142
https://openalex.org/W249233490
https://openalex.org/W2535136651
https://openalex.org/W2568369581
https://openalex.org/W2587925633
https://openalex.org/W2612644252
https://openalex.org/W2613039838
https://openalex.org/W2626473616
https://openalex.org/W2681672524
https://openalex.org/W2716864728
https://openalex.org/W2735815532
https://openalex.org/W2736122100
https://openalex.org/W2744223154
https://openalex.org/W2746517262
https://openalex.org/W2750470495
https://openalex.org/W2924043012
https://openalex.org/W2970063024
https://openalex.org/W2970316261
https://openalex.org/W2992285664
https://openalex.org/W2995022263
https://openalex.org/W3030564316
https://openalex.org/W3031858016
https://openalex.org/W3032690971
https://openalex.org/W3036381932
https://openalex.org/W3087797273
https://openalex.org/W3101133872
https://openalex.org/W3106682603
https://openalex.org/W3143426241
https://openalex.org/W3173025077
https://openalex.org/W3181449625
https://openalex.org/W4205507217
https://openalex.org/W4206019733
https://openalex.org/W4206192737
https://openalex.org/W4206400700
https://openalex.org/W4210896434
https://openalex.org/W4212856726
https://openalex.org/W4212964779
https://openalex.org/W4212971812
https://openalex.org/W4213000670
https://openalex.org/W4213024430
https://openalex.org/W4213412798
https://openalex.org/W4214674334
https://openalex.org/W4214807660
https://openalex.org/W4224237310
https://openalex.org/W4225424102
https://openalex.org/W4225879149
https://openalex.org/W4225986319
https://openalex.org/W4226040747
https://openalex.org/W4226246641
https://openalex.org/W4226253743
https://openalex.org/W4229002941
https://openalex.org/W4229065164
https://openalex.org/W4229455132
https://openalex.org/W4234268414
https://openalex.org/W4237717123
https://openalex.org/W4246787520
https://openalex.org/W4247948867
https://openalex.org/W4280640809
https://openalex.org/W4281399112
https://openalex.org/W4281570371
https://openalex.org/W4281657882
https://openalex.org/W4281746517
https://openalex.org/W4282037397
https://openalex.org/W4282983492
https://openalex.org/W4283080411
https://openalex.org/W4283219239
https://openalex.org/W4283640974
https://openalex.org/W4283718245
https://openalex.org/W4283758462
https://openalex.org/W4283825740
https://openalex.org/W4285017976
https://openalex.org/W4285084423
https://openalex.org/W4285086389
https://openalex.org/W4285103283
https://openalex.org/W4285105625
https://openalex.org/W4285160315
https://openalex.org/W4285203379
https://openalex.org/W4285279728
https://openalex.org/W4285411072
https://openalex.org/W4285505791
https://openalex.org/W4285684454
https://openalex.org/W4285787475
https://openalex.org/W4285794406
https://openalex.org/W4286667282
https://openalex.org/W4286823342
https://openalex.org/W4288035172
https://openalex.org/W4288036068
https://openalex.org/W4288045133
https://openalex.org/W4288439595
https://openalex.org/W4289536968
https://openalex.org/W4289551180
https://openalex.org/W4291157158
https://openalex.org/W4291667013
https://openalex.org/W4293442730
https://openalex.org/W4293560105
https://openalex.org/W4293581954
https://openalex.org/W4293745871
https://openalex.org/W4294050815
https://openalex.org/W4294391533
https://openalex.org/W4294934197
https://openalex.org/W4295096344
https://openalex.org/W4295886896
https://openalex.org/W4296126626
https://openalex.org/W4296168784
https://openalex.org/W4296545303
https://openalex.org/W4296619367
https://openalex.org/W4296619995
https://openalex.org/W4296847191
https://openalex.org/W4297000814
https://openalex.org/W4297795344
https://openalex.org/W4298071378
https://openalex.org/W4298120935
https://openalex.org/W4302307494
https://openalex.org/W4304481086
https://openalex.org/W4306707194
https://openalex.org/W4306938578
https://openalex.org/W4307009027
https://openalex.org/W4307323201
https://openalex.org/W4307446310
https://openalex.org/W4307837693
https://openalex.org/W4308719520
https://openalex.org/W4309353049
https://openalex.org/W4309372828
https://openalex.org/W4309451234
https://openalex.org/W4310355105
https://openalex.org/W4310558306
https://openalex.org/W4310835394
https://openalex.org/W4311069758
https://openalex.org/W4311435774
https://openalex.org/W4311489562
https://openalex.org/W4312076453
https://openalex.org/W4312098353
https://openalex.org/W4312100367
https://openalex.org/W4312345499
https://openalex.org/W4312735560
https://openalex.org/W4312782296
https://openalex.org/W4313163088
https://openalex.org/W4313210434
https://openalex.org/W4313546238
https://openalex.org/W4318822406
https://openalex.org/W4320152546
https://openalex.org/W4360996029
https://openalex.org/W4361183050
https://openalex.org/W4361767600
https://openalex.org/W4378965947
https://openalex.org/W4380793656
https://openalex.org/W4391089101
https://openalex.org/W4393660211
https://openalex.org/W4393877501
https://openalex.org/W4393892332
https://openalex.org/W4393896626
https://openalex.org/W4394242546
https://openalex.org/W4394280012
https://openalex.org/W4394333572
https://openalex.org/W4394510081
https://openalex.org/W586559201
https://openalex.org/W59390095
https://openalex.org/W625047091
https://openalex.org/W648882975
https://openalex.org/W655798064
https://openalex.org/W111811083
https://openalex.org/W2003768442
https://openalex.org/W2055874194
https://openalex.org/W2072087880
https://openalex.org/W2313796235
https://openalex.org/W2318183761
https://openalex.org/W2626733625
https://openalex.org/W3021707812
https://openalex.org/W80487013
https://openalex.org/W117821332
https://openalex.org/W141105137
https://openalex.org/W1617088733
https://openalex.org/W1968408692
https://openalex.org/W1982851986
https://openalex.org/W1983063096
https://openalex.org/W2018860225
https://openalex.org/W2044044019
https://openalex.org/W2047517650
https://openalex.org/W2049120321
https://openalex.org/W2076836992
https://openalex.org/W2079075287
https://openalex.org/W2087030991
https://openalex.org/W2091439265
https://openalex.org/W2161989804
https://openalex.org/W2268208513
https://openalex.org/W2348083422
https://openalex.org/W2349751120
https://openalex.org/W2350738574
https://openalex.org/W2355581684
https://openalex.org/W2358961220
https://openalex.org/W2359031603
https://openalex.org/W2359369414
https://openalex.org/W2366179340
https://openalex.org/W2372871735
https://openalex.org/W2373084103
https://openalex.org/W2376171694
https://openalex.org/W2376574634
https://openalex.org/W2378791921
https://openalex.org/W2379898988
https://openalex.org/W2380063870
https://openalex.org/W2382714897
https://openalex.org/W2391443923
https://openalex.org/W2391752261
https://openalex.org/W2391898191
https://openalex.org/W2401425271
https://openalex.org/W2408518697
https://openalex.org/W2415741632
https://openalex.org/W2416768221
https://openalex.org/W2443039939
https://openalex.org/W2463449966
https://openalex.org/W2562811302
https://openalex.org/W2627030555
https://openalex.org/W2696988890
https://openalex.org/W2762061829
https://openalex.org/W2771124536
https://openalex.org/W2777953212
https://openalex.org/W2784247235
https://openalex.org/W2790287028
https://openalex.org/W2799355273
https://openalex.org/W2799423933
https://openalex.org/W2803698928
https://openalex.org/W2804234949
https://openalex.org/W2805673455
https://openalex.org/W2809710466
https://openalex.org/W2885701236
https://openalex.org/W2886601760
https://openalex.org/W2894557929
https://openalex.org/W2895094366
https://openalex.org/W2896430699
https://openalex.org/W2902700698
https://openalex.org/W2905353090
https://openalex.org/W2906610904
https://openalex.org/W2909784806
https://openalex.org/W2921481060
https://openalex.org/W2931570827
https://openalex.org/W2938700151
https://openalex.org/W2942967473
https://openalex.org/W2945048132
https://openalex.org/W2945164253
https://openalex.org/W2946324382
https://openalex.org/W2947726087
https://openalex.org/W2947796106
https://openalex.org/W2950177179
https://openalex.org/W2963398504
https://openalex.org/W2965241011
https://openalex.org/W2965884637
https://openalex.org/W2966897629
https://openalex.org/W2967622004
https://openalex.org/W2971380526
https://openalex.org/W2972133448
https://openalex.org/W2977477759
https://openalex.org/W2978025510
https://openalex.org/W2979532267
https://openalex.org/W2980251078
https://openalex.org/W2980940649
https://openalex.org/W2989773104
https://openalex.org/W2993129171
https://openalex.org/W2996195284
https://openalex.org/W2997585446
https://openalex.org/W2999254072
https://openalex.org/W3000064390
https://openalex.org/W3000721793
https://openalex.org/W3005561021
https://openalex.org/W3005737593
https://openalex.org/W3008843306
https://openalex.org/W3011414032
https://openalex.org/W3012228217
https://openalex.org/W3013698826
https://openalex.org/W3013724775
https://openalex.org/W3017102103
https://openalex.org/W3029440077
https://openalex.org/W3030426775
https://openalex.org/W3030487692
https://openalex.org/W3030873810
https://openalex.org/W3031391391
https://openalex.org/W3031498591
https://openalex.org/W3031585082
https://openalex.org/W3031668185
https://openalex.org/W3031708615
https://openalex.org/W3032024978
https://openalex.org/W3042018154
https://openalex.org/W3045601853
https://openalex.org/W3046493730
https://openalex.org/W3048063612
https://openalex.org/W3049521497
https://openalex.org/W3082141722
https://openalex.org/W3083814602
https://openalex.org/W3096031827
https://openalex.org/W3116929232
https://openalex.org/W3136931306
https://openalex.org/W3137345940
https://openalex.org/W3145980703
https://openalex.org/W3161396399
https://openalex.org/W3173270050
https://openalex.org/W3176825227
https://openalex.org/W3181366798
https://openalex.org/W3184866892
https://openalex.org/W3188306851
https://openalex.org/W3192036635
https://openalex.org/W3210596713
https://openalex.org/W3212048350
https://openalex.org/W387123336
https://openalex.org/W4230505756
https://openalex.org/W4230719072
https://openalex.org/W4232192066
https://openalex.org/W4232214712
https://openalex.org/W4235042032
https://openalex.org/W4235180757
https://openalex.org/W4235532767
https://openalex.org/W4238863852
https://openalex.org/W4238885474
https://openalex.org/W4240826761
https://openalex.org/W4241235856
https://openalex.org/W4241489024
https://openalex.org/W4241617339
https://openalex.org/W4244755743
https://openalex.org/W4245976558
https://openalex.org/W4251514431
https://openalex.org/W4255438609
https://openalex.org/W4289650710
https://openalex.org/W4297850215
https://openalex.org/W4384103232
https://openalex.org/W4385870245
https://openalex.org/W4394379696
https://openalex.org/W4394450365
https://openalex.org/W649381815
https://openalex.org/W111819434
https://openalex.org/W1973693619
https://openalex.org/W1990536250
https://openalex.org/W2008406650
https://openalex.org/W2024341630
https://openalex.org/W2083631908
https://openalex.org/W2087018692
https://openalex.org/W2089144683
https://openalex.org/W2136389323
https://openalex.org/W2300981912
https://openalex.org/W2312322011
https://openalex.org/W2312508735
https://openalex.org/W2613310210
https://openalex.org/W407112639
https://openalex.org/W41742336
https://openalex.org/W4231696585
https://openalex.org/W4235913673
https://openalex.org/W4292807165
https://openalex.org/W561176063
https://openalex.org/W123715128
https://openalex.org/W1575560331
https://openalex.org/W1988123687
https://openalex.org/W2018498057
https://openalex.org/W2019174398
https://openalex.org/W2044929119
https://openalex.org/W2047098346
https://openalex.org/W2063521854
https://openalex.org/W2068820148
https://openalex.org/W210612903
https://openalex.org/W2217732052
https://openalex.org/W2245040093
https://openalex.org/W2252963139
https://openalex.org/W2325564601
https://openalex.org/W2326856730
https://openalex.org/W2348012503
https://openalex.org/W2354299960
https://openalex.org/W2355637460
https://openalex.org/W2355945761
https://openalex.org/W2357959451
https://openalex.org/W2360574753
https://openalex.org/W2365039430
https://openalex.org/W2367950319
https://openalex.org/W2370525677
https://openalex.org/W2377795288
https://openalex.org/W2378387591
https://openalex.org/W2379211689
https://openalex.org/W2379577460
https://openalex.org/W2381857994
https://openalex.org/W2382945812
https://openalex.org/W2384195816
https://openalex.org/W2384758759
https://openalex.org/W2387300907
https://openalex.org/W2388138145
https://openalex.org/W2389007088
https://openalex.org/W2389044984
https://openalex.org/W2391733416
https://openalex.org/W2392352955
https://openalex.org/W2394172999
https://openalex.org/W2412721642
https://openalex.org/W2413595892
https://openalex.org/W2471477139
https://openalex.org/W2613412616
https://openalex.org/W2624466082
https://openalex.org/W2783118161
https://openalex.org/W2949293615
https://openalex.org/W2951365463
https://openalex.org/W2978118456
https://openalex.org/W2997297941
https://openalex.org/W3002262002
https://openalex.org/W3003624046
https://openalex.org/W3004698877
https://openalex.org/W3005721732
https://openalex.org/W3008058506
https://openalex.org/W3010940190
https://openalex.org/W3015573600
https://openalex.org/W3018825578
https://openalex.org/W3021050540
https://openalex.org/W3023025410
https://openalex.org/W3023259485
https://openalex.org/W3023269138
https://openalex.org/W3026589899
https://openalex.org/W3028046785
https://openalex.org/W3031691622
https://openalex.org/W3033251786
https://openalex.org/W3033312356
https://openalex.org/W3033350866
https://openalex.org/W3036124881
https://openalex.org/W3039868299
https://openalex.org/W3041997979
https://openalex.org/W3042143573
https://openalex.org/W3045142370
https://openalex.org/W3080677583
https://openalex.org/W3083575730
https://openalex.org/W3083935775
https://openalex.org/W3087529329
https://openalex.org/W3091130694
https://openalex.org/W3093290677
https://openalex.org/W3094363302
https://openalex.org/W3094838869
https://openalex.org/W3094976728
https://openalex.org/W3096720723
https://openalex.org/W3107341084
https://openalex.org/W3107979375
https://openalex.org/W3110305420
https://openalex.org/W3112615840
https://openalex.org/W3113891964
https://openalex.org/W3117255873
https://openalex.org/W3117538102
https://openalex.org/W3119390024
https://openalex.org/W3119562629
https://openalex.org/W3136664382
https://openalex.org/W3138589621
https://openalex.org/W3141124482
https://openalex.org/W3161961994
https://openalex.org/W3170977948
https://openalex.org/W3177490145
https://openalex.org/W3180547574
https://openalex.org/W3189724590
https://openalex.org/W3191011261
https://openalex.org/W3193181032
https://openalex.org/W3199374041
https://openalex.org/W3208249656
https://openalex.org/W3213230742
https://openalex.org/W4213153213
https://openalex.org/W4230669047
https://openalex.org/W4234035743
https://openalex.org/W4234440654
https://openalex.org/W4237171974
https://openalex.org/W4237189954
https://openalex.org/W4237343210
https://openalex.org/W4237383955
https://openalex.org/W4238209523
https://openalex.org/W4239335522
https://openalex.org/W4240072221
https://openalex.org/W4243162127
https://openalex.org/W4243273564
https://openalex.org/W4244205065
https://openalex.org/W4244298169
https://openalex.org/W4246028587
https://openalex.org/W4252289726
https://openalex.org/W4252308082
https://openalex.org/W4252509574
https://openalex.org/W4253898458
https://openalex.org/W4255402212
https://openalex.org/W4255764835
https://openalex.org/W624880991
https://openalex.org/W783517499
https://openalex.org/W2077929712
https://openalex.org/W2087287617
https://openalex.org/W2089955202
https://openalex.org/W2105704384
https://openalex.org/W2317636575
https://openalex.org/W2427540002
https://openalex.org/W4252873721
https://openalex.org/W49895841
https://openalex.org/W1159130240
https://openalex.org/W1200897750
https://openalex.org/W1974909987
https://openalex.org/W2042470813
https://openalex.org/W2059094410
https://openalex.org/W2094186422
https://openalex.org/W2128292165
https://openalex.org/W2169338453
https://openalex.org/W2187849197
https://openalex.org/W2205619774
https://openalex.org/W2288584403
https://openalex.org/W2350174240
https://openalex.org/W2353462444
https://openalex.org/W2353581025
https://openalex.org/W2354665912
https://openalex.org/W2358378413
https://openalex.org/W2363061628
https://openalex.org/W2365552887
https://openalex.org/W2379024062
https://openalex.org/W2379520233
https://openalex.org/W2388520090
https://openalex.org/W2388711750
https://openalex.org/W2415207696
https://openalex.org/W2416596686
https://openalex.org/W2416645324
https://openalex.org/W2419023101
https://openalex.org/W2464921483
https://openalex.org/W2624617449
https://openalex.org/W2639691415
https://openalex.org/W2901949660
https://openalex.org/W2993400577
https://openalex.org/W3149516855
https://openalex.org/W3204605133
https://openalex.org/W4210860862
https://openalex.org/W4245051741
https://openalex.org/W4256331290
https://openalex.org/W1488928710
https://openalex.org/W2089643752
https://openalex.org/W2135146024
https://openalex.org/W2260624902
https://openalex.org/W2348704750
https://openalex.org/W2351525812
https://openalex.org/W2352308310
https://openalex.org/W2354622451
https://openalex.org/W2355058926
https://openalex.org/W2356456592
https://openalex.org/W2357728851
https://openalex.org/W2359757093
https://openalex.org/W2362440926
https://openalex.org/W2362596815
https://openalex.org/W2363700393
https://openalex.org/W2364062087
https://openalex.org/W2364190788
https://openalex.org/W2369367598
https://openalex.org/W2369405300
https://openalex.org/W2370165673
https://openalex.org/W2381016396
https://openalex.org/W2382510355
https://openalex.org/W2383811620
https://openalex.org/W2384306154
https://openalex.org/W2386483594
https://openalex.org/W2387904044
https://openalex.org/W2394328554
https://openalex.org/W2419930680
https://openalex.org/W2466669061
https://openalex.org/W2499364369
https://openalex.org/W2625077922
https://openalex.org/W2739444526
https://openalex.org/W2883101640
https://openalex.org/W3107757735
https://openalex.org/W3117887359
https://openalex.org/W3124514146
https://openalex.org/W3126969418
https://openalex.org/W3133217688
https://openalex.org/W3133692757
https://openalex.org/W3135968582
https://openalex.org/W3140787840
https://openalex.org/W3155674481
https://openalex.org/W3157401118
https://openalex.org/W3159384507
https://openalex.org/W3160968758
https://openalex.org/W3163533742
https://openalex.org/W3164030086
https://openalex.org/W3164477045
https://openalex.org/W3167095951
https://openalex.org/W3167235467
https://openalex.org/W3169995989
https://openalex.org/W3170076280
https://openalex.org/W3170730140
https://openalex.org/W3175938918
https://openalex.org/W3177559738
https://openalex.org/W3180060987
https://openalex.org/W3183827190
https://openalex.org/W3190590324
https://openalex.org/W3190809673
https://openalex.org/W3193801746
https://openalex.org/W3194363085
https://openalex.org/W3194369919
https://openalex.org/W3194848504
https://openalex.org/W3196458258
https://openalex.org/W3196606898
https://openalex.org/W3197195117
https://openalex.org/W3197594301
https://openalex.org/W3197823608
https://openalex.org/W3199034631
https://openalex.org/W3199671143
https://openalex.org/W3200343160
https://openalex.org/W3200653255
https://openalex.org/W3200977049
https://openalex.org/W3201955165
https://openalex.org/W3201965392
https://openalex.org/W3202335545
https://openalex.org/W3208048065
https://openalex.org/W3210247544
https://openalex.org/W3213150647
https://openalex.org/W3213792525
https://openalex.org/W3214566162
https://openalex.org/W3215189397
https://openalex.org/W3215233086
https://openalex.org/W3216513667
https://openalex.org/W3216864242
https://openalex.org/W4200123768
https://openalex.org/W4200625281
https://openalex.org/W4205211695
https://openalex.org/W4205330972
https://openalex.org/W4205752073
https://openalex.org/W4206071748
https://openalex.org/W4206202244
https://openalex.org/W4206252801
https://openalex.org/W4206692523
https://openalex.org/W4211255460
https://openalex.org/W4225351654
https://openalex.org/W4231513016
https://openalex.org/W4232070434
https://openalex.org/W4232604524
https://openalex.org/W4238454255
https://openalex.org/W4245466432
https://openalex.org/W4246374336
https://openalex.org/W4247864446
https://openalex.org/W4247947002
https://openalex.org/W4248839598
https://openalex.org/W4250733989
https://openalex.org/W4254265577
https://openalex.org/W4286949232
https://openalex.org/W4387226395
https://openalex.org/W4388433501
https://openalex.org/W4388442939
https://openalex.org/W4393966960
https://openalex.org/W4394081187
https://openalex.org/W4394110707
https://openalex.org/W4394131497
https://openalex.org/W4394171782
https://openalex.org/W4394201968
https://openalex.org/W4394219460
https://openalex.org/W4394234909
https://openalex.org/W4394256979
https://openalex.org/W4394268452
https://openalex.org/W4394277039
https://openalex.org/W4394306397
https://openalex.org/W4394380634
https://openalex.org/W4394398342
https://openalex.org/W4394454171
https://openalex.org/W4394454856
https://openalex.org/W4394493793
https://openalex.org/W4394519451
https://openalex.org/W4394541756
https://openalex.org/W985384679
https://openalex.org/W174613355
https://openalex.org/W181659154
https://openalex.org/W1832124176
https://openalex.org/W1977815840
https://openalex.org/W2073439086
https://openalex.org/W2090770699
https://openalex.org/W2277222583
https://openalex.org/W2351717751
https://openalex.org/W2358248987
https://openalex.org/W2365831812
https://openalex.org/W2373199889
https://openalex.org/W2376158563
https://openalex.org/W2376698968
https://openalex.org/W2377542964
https://openalex.org/W2377546664
https://openalex.org/W2380367062
https://openalex.org/W2381570042
https://openalex.org/W2388159162
https://openalex.org/W2413225753
https://openalex.org/W2422310225
https://openalex.org/W2423939768
https://openalex.org/W2503528991
https://openalex.org/W2507857369
https://openalex.org/W2625259334
https://openalex.org/W2771554432
https://openalex.org/W2920487603
https://openalex.org/W3208973718
https://openalex.org/W4245183765
https://openalex.org/W4252587703
https://openalex.org/W4388358452
https://openalex.org/W446800491
https://openalex.org/W630862479
https://openalex.org/W82688036
https://openalex.org/W2312855682
https://openalex.org/W2340083900
https://openalex.org/W2400234071
https://openalex.org/W2411504649
https://openalex.org/W2411706334
https://openalex.org/W2413090021
https://openalex.org/W2417838244
https://openalex.org/W2419081924
https://openalex.org/W2429373934
https://openalex.org/W4207083770
https://openalex.org/W43363802
https://openalex.org/W572342248
https://openalex.org/W1483516841
https://openalex.org/W2074719858
https://openalex.org/W2078397250
https://openalex.org/W2112596328
https://openalex.org/W2171562685
https://openalex.org/W2184447902
https://openalex.org/W221324228
https://openalex.org/W2239498593
https://openalex.org/W2314442081
https://openalex.org/W2349476797
https://openalex.org/W2353028359
https://openalex.org/W2353648639
https://openalex.org/W2360791815
https://openalex.org/W2366991371
https://openalex.org/W2374876683
https://openalex.org/W2388865564
https://openalex.org/W2398225349
https://openalex.org/W2401149426
https://openalex.org/W2405825807
https://openalex.org/W2408761650
https://openalex.org/W2410367945
https://openalex.org/W2415302937
https://openalex.org/W2428539784
https://openalex.org/W2460129385
https://openalex.org/W2471606027
https://openalex.org/W2476726609
https://openalex.org/W2479832791
https://openalex.org/W2489958734
https://openalex.org/W2577655159
https://openalex.org/W2735715218
https://openalex.org/W2993294802
https://openalex.org/W315424833
https://openalex.org/W317626038
https://openalex.org/W3202377296
https://openalex.org/W363650463
https://openalex.org/W433290774
https://openalex.org/W607492077
https://openalex.org/W827097412
https://openalex.org/W87180606
https://openalex.org/W1534676291
https://openalex.org/W1978873316
https://openalex.org/W2005499924
https://openalex.org/W2005614185
https://openalex.org/W2035937267
https://openalex.org/W2036638688
https://openalex.org/W2039475226
https://openalex.org/W2040168672
https://openalex.org/W2041272711
https://openalex.org/W2043822949
https://openalex.org/W2057209753
https://openalex.org/W2058428278
https://openalex.org/W2088979731
https://openalex.org/W2130093509
https://openalex.org/W2167142440
https://openalex.org/W2258221811
https://openalex.org/W2305621722
https://openalex.org/W2318057291
https://openalex.org/W2325405245
https://openalex.org/W2326347985
https://openalex.org/W2327801631
https://openalex.org/W2329721292
https://openalex.org/W2330581313
https://openalex.org/W2331435869
https://openalex.org/W2334170970
https://openalex.org/W2384643750
https://openalex.org/W2386308158
https://openalex.org/W2390430329
https://openalex.org/W2392407983
https://openalex.org/W2401268014
https://openalex.org/W2403735153
https://openalex.org/W2409572166
https://openalex.org/W2413904737
https://openalex.org/W2413984678
https://openalex.org/W2428035684
https://openalex.org/W2465478391
https://openalex.org/W2469573973
https://openalex.org/W2475021794
https://openalex.org/W2482682828
https://openalex.org/W2482994462
https://openalex.org/W2488694544
https://openalex.org/W2489702788
https://openalex.org/W2582622306
https://openalex.org/W2598542597
https://openalex.org/W262542428
https://openalex.org/W2802177360
https://openalex.org/W2989634221
https://openalex.org/W3012728658
https://openalex.org/W3021516589
https://openalex.org/W4240322383
https://openalex.org/W4241046023
https://openalex.org/W4241268759
https://openalex.org/W4241862980
https://openalex.org/W4243193243
https://openalex.org/W4254262167
https://openalex.org/W495709889
https://openalex.org/W620843598
https://openalex.org/W69417366
https://openalex.org/W109425956
https://openalex.org/W1433429540
https://openalex.org/W1494879581
https://openalex.org/W1597678904
https://openalex.org/W167488108
https://openalex.org/W173384628
https://openalex.org/W1759124093
https://openalex.org/W189904355
https://openalex.org/W1968515671
https://openalex.org/W1980889595
https://openalex.org/W1982012625
https://openalex.org/W1991635021
https://openalex.org/W1992274398
https://openalex.org/W2002425561
https://openalex.org/W2017304717
https://openalex.org/W2020493464
https://openalex.org/W2024151053
https://openalex.org/W202659593
https://openalex.org/W2038062412
https://openalex.org/W2044124421
https://openalex.org/W2063133535
https://openalex.org/W2074929197
https://openalex.org/W2088046687
https://openalex.org/W2142958720
https://openalex.org/W2222885730
https://openalex.org/W2256939428
https://openalex.org/W2261961144
https://openalex.org/W2284968895
https://openalex.org/W2312675462
https://openalex.org/W2328137571
https://openalex.org/W2343263502
https://openalex.org/W2404392286
https://openalex.org/W2413106904
https://openalex.org/W2413261933
https://openalex.org/W2414927828
https://openalex.org/W2418574118
https://openalex.org/W2418671471
https://openalex.org/W2463778858
https://openalex.org/W2465367185
https://openalex.org/W2466772035
https://openalex.org/W2475201964
https://openalex.org/W2476823432
https://openalex.org/W2488027849
https://openalex.org/W2497239052
https://openalex.org/W2500949075
https://openalex.org/W2507003317
https://openalex.org/W2560973902
https://openalex.org/W2609219313
https://openalex.org/W2733986319
https://openalex.org/W2980641390
https://openalex.org/W2993582606
https://openalex.org/W3105669919
https://openalex.org/W3125580470
https://openalex.org/W316373535
https://openalex.org/W3195496046
https://openalex.org/W3201102659
https://openalex.org/W355324976
https://openalex.org/W380345821
https://openalex.org/W4231339385
https://openalex.org/W4242506063
https://openalex.org/W4242543219
https://openalex.org/W4246148721
https://openalex.org/W4250278277
https://openalex.org/W4251608222
https://openalex.org/W4252925525
https://openalex.org/W4299146365
https://openalex.org/W562233263
https://openalex.org/W642730531
https://openalex.org/W778838933
https://openalex.org/W83474211
https://openalex.org/W97165523
https://openalex.org/W1013410924
https://openalex.org/W111780942
https://openalex.org/W1672769076
https://openalex.org/W170532046
https://openalex.org/W176015632
https://openalex.org/W1764199251
https://openalex.org/W1806140354
https://openalex.org/W1979330973
https://openalex.org/W2015385050
https://openalex.org/W2035981635
https://openalex.org/W2051630582
https://openalex.org/W2052385230
https://openalex.org/W2053028314
https://openalex.org/W2057942676
https://openalex.org/W2060702366
https://openalex.org/W2072567790
https://openalex.org/W2077942989
https://openalex.org/W2080765550
https://openalex.org/W2080924995
https://openalex.org/W2083406667
https://openalex.org/W2130778496
https://openalex.org/W2280716091
https://openalex.org/W2316146885
https://openalex.org/W2327218172
https://openalex.org/W2328464179
https://openalex.org/W2332007997
https://openalex.org/W2333582357
https://openalex.org/W2337800553
https://openalex.org/W2380328682
https://openalex.org/W239084396
https://openalex.org/W2402866009
https://openalex.org/W2404165334
https://openalex.org/W2405704500
https://openalex.org/W2410182570
https://openalex.org/W2410395657
https://openalex.org/W2417101233
https://openalex.org/W2418334916
https://openalex.org/W2461816023
https://openalex.org/W2463292315
https://openalex.org/W2463602479
https://openalex.org/W2485598836
https://openalex.org/W2492073290
https://openalex.org/W2496194253
https://openalex.org/W2499584538
https://openalex.org/W2504716549
https://openalex.org/W2505147051
https://openalex.org/W2507010853
https://openalex.org/W2527014652
https://openalex.org/W2529467648
https://openalex.org/W2612617373
https://openalex.org/W2782889095
https://openalex.org/W3003113477
https://openalex.org/W3099455233
https://openalex.org/W386664835
https://openalex.org/W4211107922
https://openalex.org/W4229771870
https://openalex.org/W4229944401
https://openalex.org/W4245373457
https://openalex.org/W4247784497
https://openalex.org/W4249443139
https://openalex.org/W434873337
https://openalex.org/W45266249
https://openalex.org/W486932748
https://openalex.org/W575970859
https://openalex.org/W595384773
https://openalex.org/W98496882
https://openalex.org/W995642949
https://openalex.org/W1824236177
https://openalex.org/W2416890084
https://openalex.org/W2018274907
https://openalex.org/W2321054372
https://openalex.org/W2077358165
https://openalex.org/W2102343808
https://openalex.org/W1969384923
https://openalex.org/W2014237020
https://openalex.org/W2440876827
https://openalex.org/W2054371924
https://openalex.org/W2171708713
https://openalex.org/W2315163544
https://openalex.org/W417798614
https://openalex.org/W2031380579
https://openalex.org/W1990070700
https://openalex.org/W2563582687
https://openalex.org/W2067753910
https://openalex.org/W1998584078
https://openalex.org/W1999625972
https://openalex.org/W2020783997
https://openalex.org/W2007598438
https://openalex.org/W2052055486
https://openalex.org/W1995796666
https://openalex.org/W2037987181
https://openalex.org/W2072656918
https://openalex.org/W2125228502
https://openalex.org/W157203447
https://openalex.org/W255759321
https://openalex.org/W3184541229
https://openalex.org/W2102724049
https://openalex.org/W1969360125
https://openalex.org/W2000975493
https://openalex.org/W2010341377
https://openalex.org/W2152410666
https://openalex.org/W1963482017
https://openalex.org/W2326177375
https://openalex.org/W2999937356
https://openalex.org/W1988930999
https://openalex.org/W2896398567
https://openalex.org/W2129499276
https://openalex.org/W3128001346
https://openalex.org/W2056057798
https://openalex.org/W3003765589
https://openalex.org/W2178404060
https://openalex.org/W2120831575
https://openalex.org/W2891800729
https://openalex.org/W2331166549
https://openalex.org/W2897253633
https://openalex.org/W3033988386
https://openalex.org/W2734675227
https://openalex.org/W2791445428
https://openalex.org/W1566009475
https://openalex.org/W2231091456
https://openalex.org/W2883807309
https://openalex.org/W2906650498
https://openalex.org/W2971948757
https://openalex.org/W3012429256
https://openalex.org/W2888577325
https://openalex.org/W1977790052
https://openalex.org/W3089115135
https://openalex.org/W3096108868
https://openalex.org/W3171813265
https://openalex.org/W3113561091
https://openalex.org/W4200421556
https://openalex.org/W4292325347
https://openalex.org/W4210389502
https://openalex.org/W4293317566
https://openalex.org/W4296640347
https://openalex.org/W4318822888
https://openalex.org/W4385271142
https://openalex.org/W4389752877
https://openalex.org/W1962105746
https://openalex.org/W2001903565
https://openalex.org/W1832002274
https://openalex.org/W2050517158
https://openalex.org/W2091588586
https://openalex.org/W2031541318
https://openalex.org/W1967866503
https://openalex.org/W2017415683
https://openalex.org/W1973370124
https://openalex.org/W2149279767
https://openalex.org/W2089913912
https://openalex.org/W2084389143
https://openalex.org/W2156911484
https://openalex.org/W2496221727
https://openalex.org/W1966637576
https://openalex.org/W2053284320
https://openalex.org/W1983411280
https://openalex.org/W2013220683
https://openalex.org/W2141121384
https://openalex.org/W2073877344
https://openalex.org/W1987195341
https://openalex.org/W2095797872
https://openalex.org/W1982886551
https://openalex.org/W1979283613
https://openalex.org/W2039648325
https://openalex.org/W1990084472
https://openalex.org/W2021226471
https://openalex.org/W2026528419
https://openalex.org/W1535035744
https://openalex.org/W2136807904
https://openalex.org/W2110928639
https://openalex.org/W1554259536
https://openalex.org/W2051887203
https://openalex.org/W2035778895
https://openalex.org/W2161498398
https://openalex.org/W1979310749
https://openalex.org/W2053517506
https://openalex.org/W2073972552
https://openalex.org/W2092005515
https://openalex.org/W2086695420
https://openalex.org/W2062168631
https://openalex.org/W2071186202
https://openalex.org/W1754455313
https://openalex.org/W2046029794
https://openalex.org/W2057981650
https://openalex.org/W1999810277
https://openalex.org/W2064759488
https://openalex.org/W1976191374
https://openalex.org/W1972802593
https://openalex.org/W1978857409
https://openalex.org/W2032207130
https://openalex.org/W2072661057
https://openalex.org/W2161496603
https://openalex.org/W2060613120
https://openalex.org/W2034445103
https://openalex.org/W1970366785
https://openalex.org/W2074961133
https://openalex.org/W1979316500
https://openalex.org/W2172355106
https://openalex.org/W2048303712
https://openalex.org/W1514789312
https://openalex.org/W2436632490
https://openalex.org/W2603029028
https://openalex.org/W1998554650
https://openalex.org/W2039222707
https://openalex.org/W2883749738
https://openalex.org/W1965248422
https://openalex.org/W2772571351
https://openalex.org/W2035466974
https://openalex.org/W2112430920
https://openalex.org/W2011304541
https://openalex.org/W2034266386
https://openalex.org/W2556885664
https://openalex.org/W2325656652
https://openalex.org/W2043416895
https://openalex.org/W59978479
https://openalex.org/W2024977289
https://openalex.org/W2158028484
https://openalex.org/W2043283571
https://openalex.org/W2896958435
https://openalex.org/W2169952242
https://openalex.org/W1963850474
https://openalex.org/W2037906735
https://openalex.org/W2133571839
https://openalex.org/W2314400509
https://openalex.org/W2515463500
https://openalex.org/W2091946129
https://openalex.org/W2962908573
https://openalex.org/W2048330057
https://openalex.org/W2740593230
https://openalex.org/W2801976704
https://openalex.org/W2027374205
https://openalex.org/W2791780174
https://openalex.org/W2056794800
https://openalex.org/W2999884309
https://openalex.org/W1980477426
https://openalex.org/W2802717988
https://openalex.org/W2758319150
https://openalex.org/W2986015386
https://openalex.org/W3001963796
https://openalex.org/W2241559218
https://openalex.org/W2599562108
https://openalex.org/W2699842075
https://openalex.org/W2295670542
https://openalex.org/W2887978317
https://openalex.org/W2917581530
https://openalex.org/W2903546354
https://openalex.org/W2028043813
https://openalex.org/W2765326473
https://openalex.org/W2754682295
https://openalex.org/W2974085187
https://openalex.org/W2253410235
https://openalex.org/W2952016927
https://openalex.org/W2008718662
https://openalex.org/W2607246618
https://openalex.org/W3030998394
https://openalex.org/W3092243251
https://openalex.org/W2266426853
https://openalex.org/W2327421344
https://openalex.org/W2790450821
https://openalex.org/W2511281246
https://openalex.org/W2556245155
https://openalex.org/W2958570257
https://openalex.org/W2256796161
https://openalex.org/W2617527972
https://openalex.org/W2030535488
https://openalex.org/W2803545655
https://openalex.org/W2002746673
https://openalex.org/W2969284581
https://openalex.org/W2986473659
https://openalex.org/W3082014541
https://openalex.org/W2999124294
https://openalex.org/W3134784940
https://openalex.org/W3096155909
https://openalex.org/W186523623
https://openalex.org/W2916001569
https://openalex.org/W2988202812
https://openalex.org/W2896186985
https://openalex.org/W2991535050
https://openalex.org/W3010481552
https://openalex.org/W4211177033
https://openalex.org/W3213883594
https://openalex.org/W95624340
https://openalex.org/W3101769997
https://openalex.org/W2984111567
https://openalex.org/W3121869245
https://openalex.org/W3045621455
https://openalex.org/W1587594023
https://openalex.org/W3130272405
https://openalex.org/W3082365715
https://openalex.org/W4226391565
https://openalex.org/W3215029840
https://openalex.org/W3197738969
https://openalex.org/W4223613093
https://openalex.org/W4200577878
https://openalex.org/W4220808593
https://openalex.org/W3202408387
https://openalex.org/W4223483231
https://openalex.org/W4200022283
https://openalex.org/W4283696759
https://openalex.org/W3213934730
https://openalex.org/W4285282831
https://openalex.org/W4200563212
https://openalex.org/W4292365308
https://openalex.org/W4324135601
https://openalex.org/W4318499558
https://openalex.org/W4324057813
https://openalex.org/W4372311399
https://openalex.org/W4309879883
https://openalex.org/W4321018150
https://openalex.org/W4318716614
https://openalex.org/W4385302197
https://openalex.org/W4309821887
https://openalex.org/W4319656655
https://openalex.org/W4353055558
https://openalex.org/W4360602561
https://openalex.org/W4362723252
https://openalex.org/W4388904415
https://openalex.org/W4388890190
https://openalex.org/W4390670187
https://openalex.org/W4390884747
https://openalex.org/W2000027332
https://openalex.org/W1963764786
https://openalex.org/W1991091514
https://openalex.org/W2415097579
https://openalex.org/W1971728858
https://openalex.org/W2082345506
https://openalex.org/W2042841759
https://openalex.org/W2246404862
https://openalex.org/W1997913414
https://openalex.org/W1499662805
https://openalex.org/W2053601875
https://openalex.org/W2055873049
https://openalex.org/W2008380988
https://openalex.org/W199734132
https://openalex.org/W2000176929
https://openalex.org/W2039562943
https://openalex.org/W2058559285
https://openalex.org/W1788311176
https://openalex.org/W1994106070
https://openalex.org/W2152418443
https://openalex.org/W2093026774
https://openalex.org/W2072300166
https://openalex.org/W1969603690
https://openalex.org/W2049703207
https://openalex.org/W2089266124
https://openalex.org/W2094812923
https://openalex.org/W2036734539
https://openalex.org/W2083506326
https://openalex.org/W2018805026
https://openalex.org/W2066029528
https://openalex.org/W227028467
https://openalex.org/W1976666578
https://openalex.org/W2088904086
https://openalex.org/W1991143739
https://openalex.org/W2157064144
https://openalex.org/W1985906441
https://openalex.org/W2000897977
https://openalex.org/W1981856263
https://openalex.org/W2016511238
https://openalex.org/W2077442952
https://openalex.org/W2084985434
https://openalex.org/W1975727747
https://openalex.org/W2006246396
https://openalex.org/W2044498041
https://openalex.org/W1996466510
https://openalex.org/W2077490574
https://openalex.org/W2080485913
https://openalex.org/W2171191658
https://openalex.org/W2104810030
https://openalex.org/W2139797071
https://openalex.org/W2023971327
https://openalex.org/W2093396991
https://openalex.org/W1938797521
https://openalex.org/W2111167996
https://openalex.org/W2031441771
https://openalex.org/W2142493244
https://openalex.org/W2330597215
https://openalex.org/W2012448088
https://openalex.org/W1980271884
https://openalex.org/W2010271564
https://openalex.org/W2036291000
https://openalex.org/W1902427643
https://openalex.org/W2079562345
https://openalex.org/W2135249452
https://openalex.org/W2069779268
https://openalex.org/W2078204754
https://openalex.org/W2321875763
https://openalex.org/W2035573155
https://openalex.org/W2099815389
https://openalex.org/W2417895445
https://openalex.org/W1986376119
https://openalex.org/W2118116935
https://openalex.org/W1974041902
https://openalex.org/W2031326779
https://openalex.org/W2536854043
https://openalex.org/W2345553799
https://openalex.org/W2605917295
https://openalex.org/W4240236035
https://openalex.org/W2335423558
https://openalex.org/W2065254987
https://openalex.org/W2276562013
https://openalex.org/W2607837382
https://openalex.org/W2725288594
https://openalex.org/W2904536430
https://openalex.org/W2091199148
https://openalex.org/W2228247602
https://openalex.org/W2574522581
https://openalex.org/W2791083955
https://openalex.org/W2799569089
https://openalex.org/W2593273109
https://openalex.org/W1815724028
https://openalex.org/W2581335650
https://openalex.org/W2982698578
https://openalex.org/W2783757104
https://openalex.org/W2317098268
https://openalex.org/W2409338832
https://openalex.org/W2462432387
https://openalex.org/W2788152579
https://openalex.org/W2192220805
https://openalex.org/W2294585384
https://openalex.org/W2775772812
https://openalex.org/W2315825994
https://openalex.org/W2570041048
https://openalex.org/W2329714234
https://openalex.org/W2943294157
https://openalex.org/W2982472910
https://openalex.org/W2616337968
https://openalex.org/W2341631224
https://openalex.org/W2959185538
https://openalex.org/W2938071156
https://openalex.org/W2968982355
https://openalex.org/W2991028229
https://openalex.org/W2791199471
https://openalex.org/W3000808086
https://openalex.org/W2965303713
https://openalex.org/W63155312
https://openalex.org/W1498071951
https://openalex.org/W3010224065
https://openalex.org/W2909796907
https://openalex.org/W2995570681
https://openalex.org/W1983039548
https://openalex.org/W2889689819
https://openalex.org/W2970009660
https://openalex.org/W4211157099
https://openalex.org/W2328496023
https://openalex.org/W2999773892
https://openalex.org/W3133427353
https://openalex.org/W166641612
https://openalex.org/W2991483680
https://openalex.org/W3208186427
https://openalex.org/W82108215
https://openalex.org/W2060624308
https://openalex.org/W3081047008
https://openalex.org/W3137629568
https://openalex.org/W3173327395
https://openalex.org/W2314126301
https://openalex.org/W3122211444
https://openalex.org/W3127634134
https://openalex.org/W3194690539
https://openalex.org/W3159315933
https://openalex.org/W4226459295
https://openalex.org/W4206132619
https://openalex.org/W4290596794
https://openalex.org/W4291033907
https://openalex.org/W4282835606
https://openalex.org/W4214709980
https://openalex.org/W3204109446
https://openalex.org/W3212045878
https://openalex.org/W4226445719
https://openalex.org/W4295126449
https://openalex.org/W4295807924
https://openalex.org/W4312084388
https://openalex.org/W4316927731
https://openalex.org/W4366496049
https://openalex.org/W4317871140
https://openalex.org/W4384562932
https://openalex.org/W4385575249
https://openalex.org/W4388321696
https://openalex.org/W4390636027
https://openalex.org/W4391349070
https://openalex.org/W4391412664
https://openalex.org/W4391952471
https://openalex.org/W4392658923
https://openalex.org/W2049601255
https://openalex.org/W2084492438
https://openalex.org/W2182951228
https://openalex.org/W2080431718
https://openalex.org/W2012623730
https://openalex.org/W2023185801
https://openalex.org/W2029412361
https://openalex.org/W2128652266
https://openalex.org/W2036877902
https://openalex.org/W2033279534
https://openalex.org/W1986253688
https://openalex.org/W2084029889
https://openalex.org/W2061836855
https://openalex.org/W1999413474
https://openalex.org/W2021262070
https://openalex.org/W2082841063
https://openalex.org/W2158225515
https://openalex.org/W2029792509
https://openalex.org/W2094049060
https://openalex.org/W1602285939
https://openalex.org/W2015489274
https://openalex.org/W2054022490
https://openalex.org/W2073108733
https://openalex.org/W2019055988
https://openalex.org/W2161858872
https://openalex.org/W1605643841
https://openalex.org/W2121044482
https://openalex.org/W2057544629
https://openalex.org/W2158526391
https://openalex.org/W2054213011
https://openalex.org/W2055887779
https://openalex.org/W2006570445
https://openalex.org/W1696280731
https://openalex.org/W1967054403
https://openalex.org/W2001577600
https://openalex.org/W2113798657
https://openalex.org/W2010386040
https://openalex.org/W2033686710
https://openalex.org/W2053551109
https://openalex.org/W2063868752
https://openalex.org/W2034651863
https://openalex.org/W2088871419
https://openalex.org/W1969418135
https://openalex.org/W2096002902
https://openalex.org/W2000082816
https://openalex.org/W2004696557
https://openalex.org/W2130291567
https://openalex.org/W2165304922
https://openalex.org/W2171314041
https://openalex.org/W2045548277
https://openalex.org/W2009633138
https://openalex.org/W2017576186
https://openalex.org/W1969909475
https://openalex.org/W2122419451
https://openalex.org/W4250650309
https://openalex.org/W1967942772
https://openalex.org/W2014886928
https://openalex.org/W2074213157
https://openalex.org/W2095059947
https://openalex.org/W4247492782
https://openalex.org/W1990410500
https://openalex.org/W2132063387
https://openalex.org/W2089224632
https://openalex.org/W2096275640
https://openalex.org/W2072364328
https://openalex.org/W1995061397
https://openalex.org/W1963738348
https://openalex.org/W1990947156
https://openalex.org/W2028028908
https://openalex.org/W2034355639
https://openalex.org/W2126770098
https://openalex.org/W2129380486
https://openalex.org/W2138897256
https://openalex.org/W2160393617
https://openalex.org/W2109138629
https://openalex.org/W2895981377
https://openalex.org/W4235748682
https://openalex.org/W2035190527
https://openalex.org/W2055055229
https://openalex.org/W2438637095
https://openalex.org/W2084566706
https://openalex.org/W2152207074
https://openalex.org/W1997384748
https://openalex.org/W2022138704
https://openalex.org/W2057066738
https://openalex.org/W2333179986
https://openalex.org/W2319387424
https://openalex.org/W2012881750
https://openalex.org/W2013727257
https://openalex.org/W2051435465
https://openalex.org/W1965011623
https://openalex.org/W2012614658
https://openalex.org/W2068976900
https://openalex.org/W2095137094
https://openalex.org/W1530155176
https://openalex.org/W1830592026
https://openalex.org/W1992846295
https://openalex.org/W2611735969
https://openalex.org/W2617407565
https://openalex.org/W2671657358
https://openalex.org/W1824333148
https://openalex.org/W2500999531
https://openalex.org/W2770777550
https://openalex.org/W2883348324
https://openalex.org/W1492247165
https://openalex.org/W2460819642
https://openalex.org/W2798017470
https://openalex.org/W2001490570
https://openalex.org/W2607435391
https://openalex.org/W314857251
https://openalex.org/W4234300256
https://openalex.org/W953251117
https://openalex.org/W2300806746
https://openalex.org/W2325607383
https://openalex.org/W2615968417
https://openalex.org/W2765199874
https://openalex.org/W2811186863
https://openalex.org/W2892116095
https://openalex.org/W2061524822
https://openalex.org/W2605207453
https://openalex.org/W2792660860
https://openalex.org/W2964567473
https://openalex.org/W2883782506
https://openalex.org/W2946158548
https://openalex.org/W2958371778
https://openalex.org/W2996855452
https://openalex.org/W2740245214
https://openalex.org/W4256243953
https://openalex.org/W2883673607
https://openalex.org/W3022345981
https://openalex.org/W2987718540
https://openalex.org/W158346679
https://openalex.org/W2329699591
https://openalex.org/W2332588877
https://openalex.org/W3036330432
https://openalex.org/W3043064328
https://openalex.org/W1603045960
https://openalex.org/W3090990446
https://openalex.org/W3092755211
https://openalex.org/W3205709136
https://openalex.org/W1992058213
https://openalex.org/W2314962375
https://openalex.org/W1495168196
https://openalex.org/W3133154045
https://openalex.org/W3169176837
https://openalex.org/W1544211483
https://openalex.org/W3118205379
https://openalex.org/W3147519647
https://openalex.org/W3175172069
https://openalex.org/W3105934015
https://openalex.org/W3186925313
https://openalex.org/W4214852157
https://openalex.org/W4281672273
https://openalex.org/W4308275627
https://openalex.org/W2947914817
https://openalex.org/W4293464032
https://openalex.org/W4365143204
https://openalex.org/W4365513259
https://openalex.org/W4380319009
https://openalex.org/W4285603304
https://openalex.org/W4310256184
https://openalex.org/W4313236914
https://openalex.org/W4315880893
https://openalex.org/W4322743924
https://openalex.org/W4323926566
https://openalex.org/W4361000084
https://openalex.org/W4377694866
https://openalex.org/W4249639623
https://openalex.org/W187876752
https://openalex.org/W152533851
https://openalex.org/W2077339976
https://openalex.org/W1986890656
https://openalex.org/W1990402206
https://openalex.org/W2026749175
https://openalex.org/W2056243418
https://openalex.org/W2054093478
https://openalex.org/W1998377824
https://openalex.org/W2107898589
https://openalex.org/W1964684463
https://openalex.org/W2031757914
https://openalex.org/W2074575591
https://openalex.org/W1978206531
https://openalex.org/W2076838713
https://openalex.org/W2324476407
https://openalex.org/W2062870514
https://openalex.org/W1988695799
https://openalex.org/W3122481980
https://openalex.org/W1990711762
https://openalex.org/W2009539903
https://openalex.org/W2190262133
https://openalex.org/W1971724508
https://openalex.org/W1974412044
https://openalex.org/W2018932226
https://openalex.org/W2050267656
https://openalex.org/W2060343559
https://openalex.org/W4241597535
https://openalex.org/W2013789052
https://openalex.org/W2028682837
https://openalex.org/W2006559673
https://openalex.org/W2316367211
https://openalex.org/W1978484957
https://openalex.org/W1982285416
https://openalex.org/W2120256133
https://openalex.org/W1556749757
https://openalex.org/W1997112397
https://openalex.org/W2043529669
https://openalex.org/W2058657452
https://openalex.org/W2063807231
https://openalex.org/W2094846894
https://openalex.org/W1606766566
https://openalex.org/W1995713977
https://openalex.org/W2040995813
https://openalex.org/W2091653076
https://openalex.org/W1968612373
https://openalex.org/W1982177132
https://openalex.org/W1984361364
https://openalex.org/W2034989331
https://openalex.org/W2095412526
https://openalex.org/W2165750766
https://openalex.org/W1967303569
https://openalex.org/W2052258308
https://openalex.org/W2061535870
https://openalex.org/W1978934258
https://openalex.org/W2031842785
https://openalex.org/W2020950943
https://openalex.org/W1629517555
https://openalex.org/W2103364761
https://openalex.org/W2163473590
https://openalex.org/W2041333363
https://openalex.org/W2062201893
https://openalex.org/W2077824349
https://openalex.org/W1491398520
https://openalex.org/W2044046956
https://openalex.org/W2056918670
https://openalex.org/W2102644668
https://openalex.org/W2148121914
https://openalex.org/W2314851062
https://openalex.org/W1538481976
https://openalex.org/W2022499277
https://openalex.org/W2024982960
https://openalex.org/W2099511738
https://openalex.org/W2105378795
https://openalex.org/W2071579624
https://openalex.org/W2116839198
https://openalex.org/W2028716925
https://openalex.org/W2431599571
https://openalex.org/W1992446648
https://openalex.org/W2022955823
https://openalex.org/W2066913399
https://openalex.org/W2149565359
https://openalex.org/W2191458497
https://openalex.org/W2491245480
https://openalex.org/W1989540748
https://openalex.org/W2088746608
https://openalex.org/W1928158719
https://openalex.org/W2061025612
https://openalex.org/W2041997513
https://openalex.org/W2045670700
https://openalex.org/W2064256886
https://openalex.org/W2394824424
https://openalex.org/W2398877534
https://openalex.org/W2546404061
https://openalex.org/W2738230696
https://openalex.org/W2892988774
https://openalex.org/W1637414192
https://openalex.org/W1870642198
https://openalex.org/W2592148887
https://openalex.org/W1989892765
https://openalex.org/W2726885049
https://openalex.org/W2442798078
https://openalex.org/W2806785533
https://openalex.org/W2886590581
https://openalex.org/W2931131261
https://openalex.org/W2962224020
https://openalex.org/W1981333111
https://openalex.org/W2769773645
https://openalex.org/W2902952643
https://openalex.org/W2942802285
https://openalex.org/W2042583311
https://openalex.org/W2999717636
https://openalex.org/W3007439703
https://openalex.org/W3094284996
https://openalex.org/W3112919604
https://openalex.org/W3082067666
https://openalex.org/W4206528359
https://openalex.org/W3157966802
https://openalex.org/W2120075088
https://openalex.org/W3195131127
https://openalex.org/W4213143880
https://openalex.org/W4223466516
https://openalex.org/W4221076152
https://openalex.org/W4292237273
https://openalex.org/W4308398783
https://openalex.org/W3085727825
https://openalex.org/W4318203385
https://openalex.org/W4366234737
https://openalex.org/W4378516426
https://openalex.org/W4385331435
https://openalex.org/W1981050316
https://openalex.org/W2007694679
https://openalex.org/W2088142264
https://openalex.org/W2155260647
https://openalex.org/W2066200560
https://openalex.org/W2034996308
https://openalex.org/W1976741382
https://openalex.org/W2086532433
https://openalex.org/W2336659187
https://openalex.org/W2001854026
https://openalex.org/W1988224666
https://openalex.org/W2027897297
https://openalex.org/W2045374694
https://openalex.org/W2077215535
https://openalex.org/W1975659143
https://openalex.org/W2097603877
https://openalex.org/W1969816301
https://openalex.org/W2001439609
https://openalex.org/W2020534151
https://openalex.org/W2046945670
https://openalex.org/W2088800801
https://openalex.org/W2106732753
https://openalex.org/W2133696531
https://openalex.org/W2323496393
https://openalex.org/W2067018032
https://openalex.org/W2067587404
https://openalex.org/W2078414572
https://openalex.org/W1975010249
https://openalex.org/W1990045434
https://openalex.org/W2058895823
https://openalex.org/W1975535464
https://openalex.org/W1995390092
https://openalex.org/W2155606524
https://openalex.org/W1988659390
https://openalex.org/W1997877468
https://openalex.org/W2071810197
https://openalex.org/W2115663750
https://openalex.org/W2006243467
https://openalex.org/W2038624037
https://openalex.org/W2068949479
https://openalex.org/W2072427673
https://openalex.org/W2330725597
https://openalex.org/W2018163867
https://openalex.org/W2037564822
https://openalex.org/W2139249982
https://openalex.org/W2464516790
https://openalex.org/W2036961507
https://openalex.org/W2044107201
https://openalex.org/W2066595728
https://openalex.org/W2079430643
https://openalex.org/W1890069367
https://openalex.org/W1946501884
https://openalex.org/W1968536015
https://openalex.org/W2000544210
https://openalex.org/W2041110533
https://openalex.org/W1968312159
https://openalex.org/W2006479780
https://openalex.org/W2007369660
https://openalex.org/W2008028144
https://openalex.org/W2041859572
https://openalex.org/W2140131543
https://openalex.org/W2159965137
https://openalex.org/W1978176341
https://openalex.org/W1989092241
https://openalex.org/W2019355528
https://openalex.org/W2082599645
https://openalex.org/W2090993376
https://openalex.org/W1852342283
https://openalex.org/W1978814960
https://openalex.org/W2034893387
https://openalex.org/W2039980135
https://openalex.org/W2055801290
https://openalex.org/W2100540244
https://openalex.org/W2114981235
https://openalex.org/W2001652052
https://openalex.org/W2040571953
https://openalex.org/W2051369860
https://openalex.org/W2057320244
https://openalex.org/W2084827597
https://openalex.org/W2321866285
https://openalex.org/W1502620834
https://openalex.org/W1994863852
https://openalex.org/W1992050943
https://openalex.org/W2017345433
https://openalex.org/W2059843298
https://openalex.org/W2155290331
https://openalex.org/W2170785678
https://openalex.org/W2018168033
https://openalex.org/W2063715945
https://openalex.org/W2085013947
https://openalex.org/W2093774621
https://openalex.org/W1990115998
https://openalex.org/W2068130509
https://openalex.org/W1973718504
https://openalex.org/W2065150226
https://openalex.org/W2314446703
https://openalex.org/W1579236616
https://openalex.org/W1970973621
https://openalex.org/W2058515034
https://openalex.org/W2010758355
https://openalex.org/W2301459461
https://openalex.org/W2403380586
https://openalex.org/W2536495322
https://openalex.org/W1997317531
https://openalex.org/W2058149282
https://openalex.org/W2328991638
https://openalex.org/W2496503597
https://openalex.org/W2078421931
https://openalex.org/W2196963387
https://openalex.org/W2793556683
https://openalex.org/W2007945124
https://openalex.org/W2396094971
https://openalex.org/W2771606065
https://openalex.org/W2610434432
https://openalex.org/W2982564935
https://openalex.org/W2902307137
https://openalex.org/W2903484479
https://openalex.org/W2912640048
https://openalex.org/W2901610335
https://openalex.org/W2970126758
https://openalex.org/W2973714986
https://openalex.org/W2901200106
https://openalex.org/W2995166609
https://openalex.org/W2975738038
https://openalex.org/W3012322146
https://openalex.org/W3013198409
https://openalex.org/W3027430355
https://openalex.org/W3033941892
https://openalex.org/W186480613
https://openalex.org/W3125045269
https://openalex.org/W3138230826
https://openalex.org/W3111718777
https://openalex.org/W3188839933
https://openalex.org/W2315096293
https://openalex.org/W4236298788
https://openalex.org/W4280601042
https://openalex.org/W4293551793
https://openalex.org/W4306851344
https://openalex.org/W4313360978
https://openalex.org/W4317434946
https://openalex.org/W4323044148
https://openalex.org/W4327895137
https://openalex.org/W4381143867
https://openalex.org/W2091667647
https://openalex.org/W2027944589
https://openalex.org/W2076283764
https://openalex.org/W1979252514
https://openalex.org/W2071390025
https://openalex.org/W2072163536
https://openalex.org/W2075334394
https://openalex.org/W2082890561
https://openalex.org/W2003446802
https://openalex.org/W2060182856
https://openalex.org/W2109228725
https://openalex.org/W2315714292
https://openalex.org/W4233846581
https://openalex.org/W2030000364
https://openalex.org/W1999177132
https://openalex.org/W2000458950
https://openalex.org/W2059900452
https://openalex.org/W2038430554
https://openalex.org/W1963605283
https://openalex.org/W2019892522
https://openalex.org/W2077239011
https://openalex.org/W2084757756
https://openalex.org/W2144476611
https://openalex.org/W2100417232
https://openalex.org/W2134211979
https://openalex.org/W2051941456
https://openalex.org/W2087243607
https://openalex.org/W2213904354
https://openalex.org/W1969550063
https://openalex.org/W1981056997
https://openalex.org/W2069363631
https://openalex.org/W2075696210
https://openalex.org/W2117834490
https://openalex.org/W2016384861
https://openalex.org/W2025495018
https://openalex.org/W2067744221
https://openalex.org/W1975121285
https://openalex.org/W2090882242
https://openalex.org/W2150535918
https://openalex.org/W1989741197
https://openalex.org/W1999263138
https://openalex.org/W2020147760
https://openalex.org/W2085566481
https://openalex.org/W2153964024
https://openalex.org/W1992910994
https://openalex.org/W2046660422
https://openalex.org/W2018495351
https://openalex.org/W2146829104
https://openalex.org/W1969773474
https://openalex.org/W2036136265
https://openalex.org/W2056886076
https://openalex.org/W2165966758
https://openalex.org/W3165751150
https://openalex.org/W1965053577
https://openalex.org/W2010707082
https://openalex.org/W2022297768
https://openalex.org/W2141187292
https://openalex.org/W1969721890
https://openalex.org/W1988189013
https://openalex.org/W2055603464
https://openalex.org/W2057177573
https://openalex.org/W2092660959
https://openalex.org/W2116339556
https://openalex.org/W2314266213
https://openalex.org/W1979802724
https://openalex.org/W1991920032
https://openalex.org/W2022456457
https://openalex.org/W2091870991
https://openalex.org/W1983635081
https://openalex.org/W2073715635
https://openalex.org/W2034383402
https://openalex.org/W1662851294
https://openalex.org/W1997344064
https://openalex.org/W2004063114
https://openalex.org/W2026751805
https://openalex.org/W2326668085
https://openalex.org/W2587168726
https://openalex.org/W2598372261
https://openalex.org/W2778752795
https://openalex.org/W2016837497
https://openalex.org/W2094525646
https://openalex.org/W2366248262
https://openalex.org/W2409608407
https://openalex.org/W2512196502
https://openalex.org/W2808854766
https://openalex.org/W2605983656
https://openalex.org/W2299892267
https://openalex.org/W2800748663
https://openalex.org/W2845000172
https://openalex.org/W2894713164
https://openalex.org/W2910850179
https://openalex.org/W2911405534
https://openalex.org/W2946111118
https://openalex.org/W2947131267
https://openalex.org/W2897121944
https://openalex.org/W2980985033
https://openalex.org/W2314609693
https://openalex.org/W3044078278
https://openalex.org/W2092147177
https://openalex.org/W2318657956
https://openalex.org/W3021850734
https://openalex.org/W3036745675
https://openalex.org/W2327068818
https://openalex.org/W3122668016
https://openalex.org/W3161211602
https://openalex.org/W3201288607
https://openalex.org/W2002591629
https://openalex.org/W2339227433
https://openalex.org/W2408034320
https://openalex.org/W3114793470
https://openalex.org/W3136505380
https://openalex.org/W3171336038
https://openalex.org/W43806145
https://openalex.org/W2324439379
https://openalex.org/W4221072232
https://openalex.org/W4295196917
https://openalex.org/W4205967270
https://openalex.org/W4282002427
https://openalex.org/W4291000705
https://openalex.org/W4312113232
https://openalex.org/W4311367500
https://openalex.org/W4320199805
https://openalex.org/W4353114509
https://openalex.org/W4360820800
https://openalex.org/W4383821932
https://openalex.org/W4385076427
https://openalex.org/W4385663811
https://openalex.org/W2019237794
https://openalex.org/W2054549257
https://openalex.org/W2330355211
https://openalex.org/W2220177972
https://openalex.org/W2042116820
https://openalex.org/W1991192468
https://openalex.org/W2064767977
https://openalex.org/W2168087269
https://openalex.org/W2186845984
https://openalex.org/W4318599212
https://openalex.org/W1983361531
https://openalex.org/W1999406197
https://openalex.org/W2029812035
https://openalex.org/W2059942465
https://openalex.org/W2320114629
https://openalex.org/W1968507817
https://openalex.org/W1979037207
https://openalex.org/W2005382458
https://openalex.org/W2136007125
https://openalex.org/W2138864524
https://openalex.org/W2392512137
https://openalex.org/W2048221712
https://openalex.org/W2111419315
https://openalex.org/W2171981219
https://openalex.org/W2036812718
https://openalex.org/W2092583115
https://openalex.org/W2095871712
https://openalex.org/W1613813707
https://openalex.org/W2053157257
https://openalex.org/W1675551830
https://openalex.org/W1997289116
https://openalex.org/W2017901771
https://openalex.org/W2022679334
https://openalex.org/W2001691754
https://openalex.org/W2010457223
https://openalex.org/W1550290298
https://openalex.org/W2010578399
https://openalex.org/W2018026515
https://openalex.org/W2114611297
https://openalex.org/W2146670085
https://openalex.org/W2024748582
https://openalex.org/W2042076762
https://openalex.org/W2002132987
https://openalex.org/W2011873455
https://openalex.org/W2029200922
https://openalex.org/W2032452032
https://openalex.org/W2071421661
https://openalex.org/W1966426211
https://openalex.org/W2001568842
https://openalex.org/W2011642696
https://openalex.org/W2021365038
https://openalex.org/W2065927274
https://openalex.org/W2069853953
https://openalex.org/W2128555454
https://openalex.org/W2400785971
https://openalex.org/W2000183959
https://openalex.org/W2049573158
https://openalex.org/W1985413968
https://openalex.org/W2011389101
https://openalex.org/W2043692076
https://openalex.org/W2051514198
https://openalex.org/W2048192217
https://openalex.org/W2086468692
https://openalex.org/W2023862046
https://openalex.org/W2050939765
https://openalex.org/W1570374838
https://openalex.org/W2104599448
https://openalex.org/W2135600070
https://openalex.org/W1970363775
https://openalex.org/W2020564871
https://openalex.org/W2046256694
https://openalex.org/W2085179053
https://openalex.org/W2002327057
https://openalex.org/W2073668191
https://openalex.org/W2076108561
https://openalex.org/W2144681380
https://openalex.org/W2160527585
https://openalex.org/W1974394723
https://openalex.org/W2043927172
https://openalex.org/W2770128569
https://openalex.org/W2411563643
https://openalex.org/W2538600680
https://openalex.org/W2563069842
https://openalex.org/W2765295385
https://openalex.org/W2810212473
https://openalex.org/W2079939577
https://openalex.org/W2081428676
https://openalex.org/W2136207769
https://openalex.org/W2461281104
https://openalex.org/W2885304676
https://openalex.org/W2255556454
https://openalex.org/W2790318269
https://openalex.org/W2791884959
https://openalex.org/W2893723700
https://openalex.org/W2036476712
https://openalex.org/W2889491880
https://openalex.org/W2943421132
https://openalex.org/W2969679436
https://openalex.org/W3045603578
https://openalex.org/W2981366794
https://openalex.org/W2985668959
https://openalex.org/W3031393050
https://openalex.org/W3107397986
https://openalex.org/W2943461954
https://openalex.org/W2998945230
https://openalex.org/W3013795228
https://openalex.org/W3015679661
https://openalex.org/W3034190030
https://openalex.org/W3037906266
https://openalex.org/W3135439986
https://openalex.org/W3216623053
https://openalex.org/W2027780368
https://openalex.org/W3172509042
https://openalex.org/W2332080278
https://openalex.org/W3197404812
https://openalex.org/W4207011572
https://openalex.org/W4225395572
https://openalex.org/W4289397694
https://openalex.org/W4301391298
https://openalex.org/W4307721624
https://openalex.org/W4312128064
https://openalex.org/W4387336447
https://openalex.org/W4387514028
https://openalex.org/W4388210990
https://openalex.org/W4388806265
https://openalex.org/W4388879735
https://openalex.org/W4388907212
https://openalex.org/W4389430648
https://openalex.org/W4390048567
https://openalex.org/W4390588251
https://openalex.org/W4390604908
https://openalex.org/W4390685546
https://openalex.org/W4390750686
https://openalex.org/W4390871123
https://openalex.org/W4390948829
https://openalex.org/W4391097059
https://openalex.org/W4391101949
https://openalex.org/W4391103152
https://openalex.org/W4391109322
https://openalex.org/W4391112782
https://openalex.org/W4391217630
https://openalex.org/W4391345992
https://openalex.org/W4391469975
https://openalex.org/W4391577220
https://openalex.org/W4391577502
https://openalex.org/W4391578855
https://openalex.org/W4391580047
https://openalex.org/W4391771735
https://openalex.org/W4391809532
https://openalex.org/W4391897375
https://openalex.org/W4391951310
https://openalex.org/W4391968300
https://openalex.org/W4391998727
https://openalex.org/W4392024373
https://openalex.org/W4392139703
https://openalex.org/W4392173497
https://openalex.org/W4392347164
https://openalex.org/W4392388063
https://openalex.org/W4392682816
https://openalex.org/W4392729987
https://openalex.org/W4392858108
https://openalex.org/W4392881401
https://openalex.org/W4393061450
https://openalex.org/W4393071738
https://openalex.org/W4393082741
https://openalex.org/W4393145529
https://openalex.org/W4393320585
https://openalex.org/W4393905387
https://openalex.org/W4393984846
https://openalex.org/W4394265765
https://openalex.org/W4394600650
https://openalex.org/W4394768656
https://openalex.org/W4394852051
https://openalex.org/W4394872253
https://openalex.org/W4394986903
https://openalex.org/W4394988252
https://openalex.org/W4395053767
https://openalex.org/W4395078267
https://openalex.org/W4395662745
https://openalex.org/W4396222777
https://openalex.org/W4396553882
https://openalex.org/W4396560853
https://openalex.org/W2164348587
https://openalex.org/W1575197920
https://openalex.org/W1991838025
https://openalex.org/W1997847501
https://openalex.org/W2016052507
https://openalex.org/W2080260121
https://openalex.org/W2123249247
https://openalex.org/W2009755547
https://openalex.org/W2039207960
https://openalex.org/W1982610952
https://openalex.org/W38869978
https://openalex.org/W1973639729
https://openalex.org/W1983712550
https://openalex.org/W2170846037
https://openalex.org/W2023750265
https://openalex.org/W2032277290
https://openalex.org/W2047807442
https://openalex.org/W2056436200
https://openalex.org/W2042226859
https://openalex.org/W2057799838
https://openalex.org/W2119804796
https://openalex.org/W1967912497
https://openalex.org/W2027220320
https://openalex.org/W2122336650
https://openalex.org/W4255707386
https://openalex.org/W2009518509
https://openalex.org/W2047414143
https://openalex.org/W2114168018
https://openalex.org/W2126874663
https://openalex.org/W2156599152
https://openalex.org/W43967158
https://openalex.org/W1995759826
https://openalex.org/W2034514379
https://openalex.org/W1988892556
https://openalex.org/W2043458267
https://openalex.org/W2048720439
https://openalex.org/W2090699733
https://openalex.org/W2113313320
https://openalex.org/W1977158540
https://openalex.org/W2004682872
https://openalex.org/W2132114680
https://openalex.org/W1980423234
https://openalex.org/W2004681496
https://openalex.org/W2025047197
https://openalex.org/W2065532504
https://openalex.org/W2093868479
https://openalex.org/W1968222598
https://openalex.org/W2018241888
https://openalex.org/W2042323300
https://openalex.org/W2067622885
https://openalex.org/W2080194402
https://openalex.org/W1963759257
https://openalex.org/W2124279087
https://openalex.org/W1592004043
https://openalex.org/W1966365267
https://openalex.org/W2004656209
https://openalex.org/W2063857435
https://openalex.org/W2075560528
https://openalex.org/W1994139085
https://openalex.org/W2007179047
https://openalex.org/W2059123583
https://openalex.org/W2138688604
https://openalex.org/W2138980669
https://openalex.org/W1974009305
https://openalex.org/W2008283958
https://openalex.org/W2019105010
https://openalex.org/W2048991547
https://openalex.org/W2068903911
https://openalex.org/W2121985721
https://openalex.org/W2334284916
https://openalex.org/W2118673417
https://openalex.org/W2130936824
https://openalex.org/W2167424681
https://openalex.org/W2003440107
https://openalex.org/W2074401033
https://openalex.org/W2075766178
https://openalex.org/W2060687667
https://openalex.org/W2071239341
https://openalex.org/W2111395700
https://openalex.org/W1516610103
https://openalex.org/W1787922333
https://openalex.org/W2049574879
https://openalex.org/W2052588858
https://openalex.org/W2064994462
https://openalex.org/W2084182282
https://openalex.org/W2329215303
https://openalex.org/W2409552598
https://openalex.org/W2044457064
https://openalex.org/W1999797112
https://openalex.org/W2158855966
https://openalex.org/W1789535841
https://openalex.org/W1999084511
https://openalex.org/W2070330478
https://openalex.org/W2122274157
https://openalex.org/W2170189022
https://openalex.org/W2049869939
https://openalex.org/W2233811851
https://openalex.org/W2395756132
https://openalex.org/W2759311891
https://openalex.org/W2767705687
https://openalex.org/W2790065260
https://openalex.org/W2886715584
https://openalex.org/W2033610629
https://openalex.org/W2110297592
https://openalex.org/W2278715616
https://openalex.org/W2290812249
https://openalex.org/W2333237557
https://openalex.org/W2462416979
https://openalex.org/W2506934007
https://openalex.org/W2577097845
https://openalex.org/W2690758616
https://openalex.org/W2736804847
https://openalex.org/W2768957602
https://openalex.org/W2777358405
https://openalex.org/W2791373180
https://openalex.org/W2889046615
https://openalex.org/W2963652239
https://openalex.org/W2966531426
https://openalex.org/W885631210
https://openalex.org/W2320692886
https://openalex.org/W2608285565
https://openalex.org/W2919814652
https://openalex.org/W2981973730
https://openalex.org/W3003660241
https://openalex.org/W3004374559
https://openalex.org/W3045518472
https://openalex.org/W3084632114
https://openalex.org/W3099227255
https://openalex.org/W2314248844
https://openalex.org/W1548659414
https://openalex.org/W2332470073
https://openalex.org/W139581791
https://openalex.org/W1548276801
https://openalex.org/W1996922002
https://openalex.org/W3157930698
https://openalex.org/W3160406667
https://openalex.org/W1555127393
https://openalex.org/W2792637298
https://openalex.org/W2023442899
https://openalex.org/W2121969293
https://openalex.org/W4312056183
https://openalex.org/W4312085324
https://openalex.org/W4313825866
https://openalex.org/W4318473192
https://openalex.org/W4322506586
https://openalex.org/W4323314186
https://openalex.org/W4360863155
https://openalex.org/W4361010346
https://openalex.org/W4362640339
https://openalex.org/W4367599073
https://openalex.org/W4376115623
https://openalex.org/W4380881422
https://openalex.org/W4384923680
https://openalex.org/W4385190587
https://openalex.org/W4385412010
https://openalex.org/W4385845352
https://openalex.org/W4386026346
https://openalex.org/W4386387382
https://openalex.org/W4386851704
https://openalex.org/W4387142996
https://openalex.org/W1979476606
https://openalex.org/W2110320714
https://openalex.org/W2160167488
https://openalex.org/W1676688030
https://openalex.org/W2003791055
https://openalex.org/W2051823173
https://openalex.org/W2119748083
https://openalex.org/W1972209747
https://openalex.org/W2053140687
https://openalex.org/W2146373200
https://openalex.org/W2163101021
https://openalex.org/W2268185737
https://openalex.org/W1966227346
https://openalex.org/W1965109009
https://openalex.org/W2015298154
https://openalex.org/W2026753619
https://openalex.org/W2112145477
https://openalex.org/W1977546143
https://openalex.org/W2027847134
https://openalex.org/W2082360357
https://openalex.org/W2087552678
https://openalex.org/W2088195866
https://openalex.org/W2000647768
https://openalex.org/W2037931063
https://openalex.org/W2090372432
https://openalex.org/W2287186281
https://openalex.org/W3145601104
https://openalex.org/W2003367010
https://openalex.org/W2027008774
https://openalex.org/W2047827213
https://openalex.org/W2073314423
https://openalex.org/W2201841891
https://openalex.org/W2403687124
https://openalex.org/W1978540169
https://openalex.org/W2008138729
https://openalex.org/W2048565702
https://openalex.org/W2066989166
https://openalex.org/W2068038868
https://openalex.org/W1668583999
https://openalex.org/W1993775863
https://openalex.org/W2018151173
https://openalex.org/W2045904569
https://openalex.org/W2055210229
https://openalex.org/W2057979652
https://openalex.org/W2066085561
https://openalex.org/W2094660707
https://openalex.org/W2097076109
https://openalex.org/W1617306560
https://openalex.org/W1972406503
https://openalex.org/W1975148179
https://openalex.org/W1983048973
https://openalex.org/W1992302128
https://openalex.org/W2074711141
https://openalex.org/W1994167132
https://openalex.org/W1995238248
https://openalex.org/W2078776499
https://openalex.org/W2029906938
https://openalex.org/W2037465174
https://openalex.org/W2090757610
https://openalex.org/W1545306008
https://openalex.org/W1993970831
https://openalex.org/W2083958206
https://openalex.org/W1963907206
https://openalex.org/W1992773406
https://openalex.org/W2051750420
https://openalex.org/W2052446909
https://openalex.org/W2088258577
https://openalex.org/W2047149042
https://openalex.org/W2047008175
https://openalex.org/W2047088928
https://openalex.org/W2050296466
https://openalex.org/W2151852004
https://openalex.org/W2172097102
https://openalex.org/W2103423788
https://openalex.org/W2128684408
https://openalex.org/W1963772012
https://openalex.org/W1987833442
https://openalex.org/W2086222081
https://openalex.org/W2086316501
https://openalex.org/W2138129788
https://openalex.org/W2159194139
https://openalex.org/W2168403383
https://openalex.org/W2017816449
https://openalex.org/W2094229802
https://openalex.org/W2119535925
https://openalex.org/W2120677787
https://openalex.org/W1488249655
https://openalex.org/W1514973990
https://openalex.org/W1991990734
https://openalex.org/W2070859055
https://openalex.org/W27184842
https://openalex.org/W1991275608
https://openalex.org/W1995871723
https://openalex.org/W2119800606
https://openalex.org/W2528224517
https://openalex.org/W2589487692
https://openalex.org/W2735960989
https://openalex.org/W2036263467
https://openalex.org/W2071109184
https://openalex.org/W2106426833
https://openalex.org/W2529193968
https://openalex.org/W2559089672
https://openalex.org/W2560084149
https://openalex.org/W2573659029
https://openalex.org/W2605240068
https://openalex.org/W2772169807
https://openalex.org/W2785588398
https://openalex.org/W1983428675
https://openalex.org/W2080187343
https://openalex.org/W2412588732
https://openalex.org/W1967885814
https://openalex.org/W2412600985
https://openalex.org/W2972617874
https://openalex.org/W2999888375
https://openalex.org/W3013490015
https://openalex.org/W3089123397
https://openalex.org/W4211051172
https://openalex.org/W2999042694
https://openalex.org/W3002688942
https://openalex.org/W3021257061
https://openalex.org/W3033665871
https://openalex.org/W2327665032
https://openalex.org/W3093104009
https://openalex.org/W3117327548
https://openalex.org/W3117505882
https://openalex.org/W3129051601
https://openalex.org/W4226194505
https://openalex.org/W4255988766
https://openalex.org/W1042920079
https://openalex.org/W1970567606
https://openalex.org/W2327752804
https://openalex.org/W3195671906
https://openalex.org/W3198381134
https://openalex.org/W4200476888
https://openalex.org/W4221038257
https://openalex.org/W4225418937
https://openalex.org/W4283716105
https://openalex.org/W4283743994
https://openalex.org/W4283781612
https://openalex.org/W4283792847
https://openalex.org/W2011976144
https://openalex.org/W2021813342
https://openalex.org/W2002799969
https://openalex.org/W2008371935
https://openalex.org/W2036029036
https://openalex.org/W2166927331
https://openalex.org/W1975291035
https://openalex.org/W1985644776
https://openalex.org/W2010451659
https://openalex.org/W2032965353
https://openalex.org/W2078025768
https://openalex.org/W2080410464
https://openalex.org/W2414407899
https://openalex.org/W1979051438
https://openalex.org/W1989628470
https://openalex.org/W1993128047
https://openalex.org/W2010747033
https://openalex.org/W2132245626
https://openalex.org/W147203052
https://openalex.org/W1991708662
https://openalex.org/W2014706144
https://openalex.org/W2395784085
https://openalex.org/W1999762766
https://openalex.org/W2010196759
https://openalex.org/W2060153212
https://openalex.org/W2066865888
https://openalex.org/W2165640025
https://openalex.org/W109784360
https://openalex.org/W1977607418
https://openalex.org/W1990156904
https://openalex.org/W2039374364
https://openalex.org/W2045639102
https://openalex.org/W2046793214
https://openalex.org/W2061972323
https://openalex.org/W2090951011
https://openalex.org/W2099155886
https://openalex.org/W2143141096
https://openalex.org/W2154893265
https://openalex.org/W2399856225
https://openalex.org/W4239170562
https://openalex.org/W4246983568
https://openalex.org/W1973333683
https://openalex.org/W2032540782
https://openalex.org/W2041188269
https://openalex.org/W2148847278
https://openalex.org/W1967578349
https://openalex.org/W1983321661
https://openalex.org/W1984121229
https://openalex.org/W2011173960
https://openalex.org/W2012444071
https://openalex.org/W2061620856
https://openalex.org/W2154154841
https://openalex.org/W2161375520
https://openalex.org/W2013958678
https://openalex.org/W2406581700
https://openalex.org/W1981690519
https://openalex.org/W2024985720
https://openalex.org/W1509120330
https://openalex.org/W1973074279
https://openalex.org/W1985998193
https://openalex.org/W2012727634
https://openalex.org/W2081183802
https://openalex.org/W2107696647
https://openalex.org/W2334691682
https://openalex.org/W1993213565
https://openalex.org/W1996497851
https://openalex.org/W2068538842
https://openalex.org/W2164672774
https://openalex.org/W4233338942
https://openalex.org/W2070277824
https://openalex.org/W2110690689
https://openalex.org/W1961501912
https://openalex.org/W2059139120
https://openalex.org/W1976760463
https://openalex.org/W2094847801
https://openalex.org/W2019421910
https://openalex.org/W2137577514
https://openalex.org/W2162796946
https://openalex.org/W4231218661
https://openalex.org/W1491431896
https://openalex.org/W1788555665
https://openalex.org/W2012877934
https://openalex.org/W2045853169
https://openalex.org/W2063060745
https://openalex.org/W2068725933
https://openalex.org/W2113398378
https://openalex.org/W2587244268
https://openalex.org/W2612432737
https://openalex.org/W2757699863
https://openalex.org/W2758442017
https://openalex.org/W2796237464
https://openalex.org/W2885558127
https://openalex.org/W1972220739
https://openalex.org/W2053291849
https://openalex.org/W2144811587
https://openalex.org/W2397657982
https://openalex.org/W2409695420
https://openalex.org/W2472622281
https://openalex.org/W2578699060
https://openalex.org/W2583064345
https://openalex.org/W2774687905
https://openalex.org/W2888618764
https://openalex.org/W2894989677
https://openalex.org/W2901010538
https://openalex.org/W2905010384
https://openalex.org/W2951833813
https://openalex.org/W2989763128
https://openalex.org/W116363728
https://openalex.org/W2334863726
https://openalex.org/W2495026347
https://openalex.org/W3014542267
https://openalex.org/W3021284786
https://openalex.org/W3033154905
https://openalex.org/W3057625252
https://openalex.org/W3111555701
https://openalex.org/W3118952277
https://openalex.org/W3154855525
https://openalex.org/W3157553538
https://openalex.org/W3181352990
https://openalex.org/W3190259062
https://openalex.org/W3200309856
https://openalex.org/W4200161004
https://openalex.org/W2329309541
https://openalex.org/W2343946890
https://openalex.org/W4211035084
https://openalex.org/W4220742753
https://openalex.org/W4226493204
https://openalex.org/W4280536969
https://openalex.org/W4282824945
https://openalex.org/W4310707954
https://openalex.org/W2003052935
https://openalex.org/W2170916341
https://openalex.org/W2021029085
https://openalex.org/W2025250435
https://openalex.org/W2037224647
https://openalex.org/W2056117112
https://openalex.org/W2127378776
https://openalex.org/W1971129869
https://openalex.org/W1988833456
https://openalex.org/W1990175839
https://openalex.org/W2018178996
https://openalex.org/W2019431865
https://openalex.org/W2026208187
https://openalex.org/W2038242602
https://openalex.org/W2040632883
https://openalex.org/W2065883864
https://openalex.org/W1965909087
https://openalex.org/W1991823104
https://openalex.org/W2062475552
https://openalex.org/W2094271597
https://openalex.org/W2327118788
https://openalex.org/W4233872859
https://openalex.org/W2052336619
https://openalex.org/W2087968228
https://openalex.org/W2099555937
https://openalex.org/W1973694004
https://openalex.org/W1974484532
https://openalex.org/W2058373818
https://openalex.org/W2072991946
https://openalex.org/W2091413897
https://openalex.org/W2108170447
https://openalex.org/W1967999513
https://openalex.org/W1973313299
https://openalex.org/W1974421976
https://openalex.org/W1975708252
https://openalex.org/W1998725607
https://openalex.org/W2002044590
https://openalex.org/W2028141119
https://openalex.org/W2083690172
https://openalex.org/W2162764826
https://openalex.org/W2170920005
https://openalex.org/W2415096987
https://openalex.org/W1017381203
https://openalex.org/W2014308977
https://openalex.org/W2034598383
https://openalex.org/W2057231331
https://openalex.org/W2096230059
https://openalex.org/W2167760473
https://openalex.org/W2397759210
https://openalex.org/W2001449801
https://openalex.org/W2012473730
https://openalex.org/W2027471040
https://openalex.org/W1996618726
https://openalex.org/W86628883
https://openalex.org/W1982141785
https://openalex.org/W2040899095
https://openalex.org/W2061623340
https://openalex.org/W2068392742
https://openalex.org/W2108864017
https://openalex.org/W2151201992
https://openalex.org/W1968523642
https://openalex.org/W2002324038
https://openalex.org/W2091600489
https://openalex.org/W2003267275
https://openalex.org/W2034840085
https://openalex.org/W2068489942
https://openalex.org/W2080976433
https://openalex.org/W1598947957
https://openalex.org/W2417853627
https://openalex.org/W2414427153
https://openalex.org/W1988802120
https://openalex.org/W2145877489
https://openalex.org/W1195245804
https://openalex.org/W1567512571
https://openalex.org/W2017091702
https://openalex.org/W2023718052
https://openalex.org/W2054271563
https://openalex.org/W2072432479
https://openalex.org/W2112215091
https://openalex.org/W2600987136
https://openalex.org/W2618718423
https://openalex.org/W2790410737
https://openalex.org/W2793980117
https://openalex.org/W2902565044
https://openalex.org/W4238283326
https://openalex.org/W1119789418
https://openalex.org/W1906033835
https://openalex.org/W2011305900
https://openalex.org/W2071549808
https://openalex.org/W2077864528
https://openalex.org/W2189964473
https://openalex.org/W2213807437
https://openalex.org/W2260957162
https://openalex.org/W2555550506
https://openalex.org/W2565073358
https://openalex.org/W2618829303
https://openalex.org/W2758919759
https://openalex.org/W2769037238
https://openalex.org/W2772318818
https://openalex.org/W2796210150
https://openalex.org/W2802025082
https://openalex.org/W2901154505
https://openalex.org/W2902232697
https://openalex.org/W2903571466
https://openalex.org/W2909127140
https://openalex.org/W2935974918
https://openalex.org/W2940795040
https://openalex.org/W2980177326
https://openalex.org/W767672881
https://openalex.org/W2201853482
https://openalex.org/W2272642975
https://openalex.org/W2295158068
https://openalex.org/W2312308942
https://openalex.org/W2330540167
https://openalex.org/W2473910991
https://openalex.org/W2537836518
https://openalex.org/W2592601337
https://openalex.org/W2984263684
https://openalex.org/W3023985074
https://openalex.org/W3094865596
https://openalex.org/W3109658723
https://openalex.org/W2330765226
https://openalex.org/W3028834084
https://openalex.org/W3034484473
https://openalex.org/W3036170895
https://openalex.org/W3081838961
https://openalex.org/W3087654129
https://openalex.org/W3092444095
https://openalex.org/W3117584913
https://openalex.org/W3084409318
https://openalex.org/W3125794443
https://openalex.org/W3165936387
https://openalex.org/W3168575044
https://openalex.org/W3214767739
https://openalex.org/W2028394506
https://openalex.org/W2160133634
https://openalex.org/W2021686095
https://openalex.org/W2314912195
https://openalex.org/W2048713022
https://openalex.org/W2032259491
https://openalex.org/W2034183147
https://openalex.org/W2047285065
https://openalex.org/W1979853472
https://openalex.org/W1996688371
https://openalex.org/W2011989911
https://openalex.org/W2032895641
https://openalex.org/W2115766797
https://openalex.org/W1966718922
https://openalex.org/W1983581530
https://openalex.org/W1984103451
https://openalex.org/W2008220479
https://openalex.org/W2015370356
https://openalex.org/W2060444900
https://openalex.org/W2078825694
https://openalex.org/W1522774640
https://openalex.org/W181432168
https://openalex.org/W2065172667
https://openalex.org/W1971157329
https://openalex.org/W1995713912
https://openalex.org/W1991101531
https://openalex.org/W2017254218
https://openalex.org/W2025927825
https://openalex.org/W2085423225
https://openalex.org/W2121204962
https://openalex.org/W1997338336
https://openalex.org/W2021491341
https://openalex.org/W2091190626
https://openalex.org/W2189938574
https://openalex.org/W1964552844
https://openalex.org/W1970951060
https://openalex.org/W1994809144
https://openalex.org/W2002232633
https://openalex.org/W2059065155
https://openalex.org/W2090934241
https://openalex.org/W2408339623
https://openalex.org/W127199097
https://openalex.org/W1970283120
https://openalex.org/W1988297029
https://openalex.org/W2023133858
https://openalex.org/W2038825672
https://openalex.org/W4229540821
https://openalex.org/W1978535583
https://openalex.org/W1981432079
https://openalex.org/W1992468615
https://openalex.org/W2007955593
https://openalex.org/W2015346708
https://openalex.org/W4251990510
https://openalex.org/W1574983449
https://openalex.org/W1995061894
https://openalex.org/W2082475837
https://openalex.org/W2128186760
https://openalex.org/W1984066459
https://openalex.org/W1992765342
https://openalex.org/W2018551744
https://openalex.org/W2052442450
https://openalex.org/W2061639714
https://openalex.org/W2029715684
https://openalex.org/W2035344200
https://openalex.org/W2323065146
https://openalex.org/W2397098475
https://openalex.org/W1972792451
https://openalex.org/W2015345450
https://openalex.org/W2087802736
https://openalex.org/W2814403832
https://openalex.org/W2895194202
https://openalex.org/W2898761854
https://openalex.org/W2914557573
https://openalex.org/W2997750451
https://openalex.org/W3005106846
https://openalex.org/W4243950029
https://openalex.org/W4253049545
https://openalex.org/W2026157531
https://openalex.org/W2083042375
https://openalex.org/W2090506553
https://openalex.org/W2096204530
https://openalex.org/W2209515021
https://openalex.org/W2333094271
https://openalex.org/W2908931337
https://openalex.org/W2929207796
https://openalex.org/W2944300027
https://openalex.org/W2994139931
https://openalex.org/W2009108975
https://openalex.org/W2998779290
https://openalex.org/W3000503129
https://openalex.org/W3013019149
https://openalex.org/W3015361879
https://openalex.org/W3017388875
https://openalex.org/W3032644657
https://openalex.org/W3036830332
https://openalex.org/W3107426601
https://openalex.org/W2026605928
https://openalex.org/W3125891821
https://openalex.org/W3134047332
https://openalex.org/W3157658764
https://openalex.org/W3166096963
https://openalex.org/W3196125586
https://openalex.org/W3204310689
https://openalex.org/W4221018075
https://openalex.org/W4225809226
https://openalex.org/W4229058197
https://openalex.org/W4281776293
https://openalex.org/W4285268539
https://openalex.org/W4295359761
https://openalex.org/W4308685606
https://openalex.org/W4308687467
https://openalex.org/W4296430487
https://openalex.org/W4310123685
https://openalex.org/W4313300933
https://openalex.org/W4313543527
https://openalex.org/W4313647489
https://openalex.org/W4315498281
https://openalex.org/W4318052397
https://openalex.org/W4319963679
https://openalex.org/W4322503569
https://openalex.org/W4362636693
https://openalex.org/W4362736857
https://openalex.org/W4366425131
https://openalex.org/W4367176122
https://openalex.org/W4383217413
https://openalex.org/W4385603230
https://openalex.org/W4386391016
https://openalex.org/W4386529385
https://openalex.org/W4386529486
https://openalex.org/W4387095873
https://openalex.org/W4387521296
https://openalex.org/W4387740163
https://openalex.org/W4388702436
https://openalex.org/W4389108305
https://openalex.org/W4389149675
https://openalex.org/W4389553847
https://openalex.org/W1988620030
https://openalex.org/W1999058080
https://openalex.org/W2017747165
https://openalex.org/W2044788523
https://openalex.org/W2083578766
https://openalex.org/W2264089050
https://openalex.org/W2000753190
https://openalex.org/W2093627575
https://openalex.org/W2103648284
https://openalex.org/W2007258359
https://openalex.org/W2027188464
https://openalex.org/W2029313971
https://openalex.org/W2048854418
https://openalex.org/W2051621973
https://openalex.org/W2072729410
https://openalex.org/W2162638684
https://openalex.org/W1985928421
https://openalex.org/W2025985754
https://openalex.org/W2047827383
https://openalex.org/W2006315353
https://openalex.org/W2031425446
https://openalex.org/W2080783589
https://openalex.org/W2089541370
https://openalex.org/W2154339972
https://openalex.org/W3021958629
https://openalex.org/W1513957650
https://openalex.org/W1969710676
https://openalex.org/W2042671541
https://openalex.org/W2089137460
https://openalex.org/W1015844816
https://openalex.org/W2000715675
https://openalex.org/W2023796832
https://openalex.org/W2029900103
https://openalex.org/W2051458054
https://openalex.org/W2051768330
https://openalex.org/W2078252372
https://openalex.org/W2082581711
https://openalex.org/W2136919414
https://openalex.org/W2952817412
https://openalex.org/W2064260749
https://openalex.org/W2068209662
https://openalex.org/W1998849842
https://openalex.org/W2013816117
https://openalex.org/W2333318767
https://openalex.org/W2419070650
https://openalex.org/W1966759905
https://openalex.org/W1971548652
https://openalex.org/W2001457087
https://openalex.org/W2104348316
https://openalex.org/W2115201146
https://openalex.org/W134248033
https://openalex.org/W1963653929
https://openalex.org/W2145418587
https://openalex.org/W1984420922
https://openalex.org/W2049992032
https://openalex.org/W2083849004
https://openalex.org/W2106875740
https://openalex.org/W2113733314
https://openalex.org/W2116085568
https://openalex.org/W2122656920
https://openalex.org/W2151718775
https://openalex.org/W2512406515
https://openalex.org/W2571577426
https://openalex.org/W2610341922
https://openalex.org/W2730179845
https://openalex.org/W2769596744
https://openalex.org/W1529990915
https://openalex.org/W1972032430
https://openalex.org/W1987683404
https://openalex.org/W2253196215
https://openalex.org/W2282072578
https://openalex.org/W2317562980
https://openalex.org/W2329710443
https://openalex.org/W2504840575
https://openalex.org/W2521213125
https://openalex.org/W2555813742
https://openalex.org/W2600154136
https://openalex.org/W2602139821
https://openalex.org/W2901114117
https://openalex.org/W2905766756
https://openalex.org/W2944246952
https://openalex.org/W2944639548
https://openalex.org/W4254828925
https://openalex.org/W2324330499
https://openalex.org/W1975244738
https://openalex.org/W1967122626
https://openalex.org/W1970203473
https://openalex.org/W1992461278
https://openalex.org/W1999258270
https://openalex.org/W2029138449
https://openalex.org/W2034398437
https://openalex.org/W2035091171
https://openalex.org/W2075073649
https://openalex.org/W2094331551
https://openalex.org/W2152408672
https://openalex.org/W2418204411
https://openalex.org/W1964628373
https://openalex.org/W1982141158
https://openalex.org/W2005358668
https://openalex.org/W2007099525
https://openalex.org/W2021903942
https://openalex.org/W2055464415
https://openalex.org/W2056332464
https://openalex.org/W2103947405
https://openalex.org/W2118852447
https://openalex.org/W2792182345
https://openalex.org/W2033595716
https://openalex.org/W2051654148
https://openalex.org/W2110628662
https://openalex.org/W2230841554
https://openalex.org/W1899719944
https://openalex.org/W1940246573
https://openalex.org/W1969149921
https://openalex.org/W1997661632
https://openalex.org/W2040950867
https://openalex.org/W2115707029
https://openalex.org/W1535193808
https://openalex.org/W1664507869
https://openalex.org/W1878948704
https://openalex.org/W1965225844
https://openalex.org/W2036249179
https://openalex.org/W1965241315
https://openalex.org/W2009632030
https://openalex.org/W2001313647
https://openalex.org/W2025744010
https://openalex.org/W2062890909
https://openalex.org/W2064223977
https://openalex.org/W2066987101
https://openalex.org/W2161078639
https://openalex.org/W2023429152
https://openalex.org/W2035312007
https://openalex.org/W2101370270
https://openalex.org/W2182769511
https://openalex.org/W1480255761
https://openalex.org/W2071577827
https://openalex.org/W2170432986
https://openalex.org/W1991052579
https://openalex.org/W1995540637
https://openalex.org/W2007707277
https://openalex.org/W2040072715
https://openalex.org/W2060842691
https://openalex.org/W2156427263
https://openalex.org/W1500644732
https://openalex.org/W1984174207
https://openalex.org/W1996464308
https://openalex.org/W2024685588
https://openalex.org/W2039476955
https://openalex.org/W2792156408
https://openalex.org/W2793051659
https://openalex.org/W2800814627
https://openalex.org/W2805511542
https://openalex.org/W2090612846
https://openalex.org/W2115103251
https://openalex.org/W2134637930
https://openalex.org/W2187331682
https://openalex.org/W2277368526
https://openalex.org/W2294481294
https://openalex.org/W2312782448
https://openalex.org/W2321609791
https://openalex.org/W2322310468
https://openalex.org/W2327495002
https://openalex.org/W2343622203
https://openalex.org/W2346423389
https://openalex.org/W2547038996
https://openalex.org/W2590285871
https://openalex.org/W2907987936
https://openalex.org/W2940241508
https://openalex.org/W2981079557
https://openalex.org/W3013415539
https://openalex.org/W3093728685
https://openalex.org/W3114063604
https://openalex.org/W2264917429
https://openalex.org/W2318879609
https://openalex.org/W2336085756
https://openalex.org/W2338808217
https://openalex.org/W3081728721
https://openalex.org/W3117164863
https://openalex.org/W3118403020
https://openalex.org/W3134564325
https://openalex.org/W3148514219
https://openalex.org/W3164930799
https://openalex.org/W3202572566
https://openalex.org/W1969984674
https://openalex.org/W2018680555
https://openalex.org/W2065380171
https://openalex.org/W4238503894
https://openalex.org/W1967372986
https://openalex.org/W1984155417
https://openalex.org/W1995985357
https://openalex.org/W2006006429
https://openalex.org/W2049039986
https://openalex.org/W2065178879
https://openalex.org/W2078937921
https://openalex.org/W2125633615
https://openalex.org/W2154572073
https://openalex.org/W2434584842
https://openalex.org/W2003361711
https://openalex.org/W2073193569
https://openalex.org/W67367379
https://openalex.org/W2068602743
https://openalex.org/W2070918431
https://openalex.org/W2034993331
https://openalex.org/W2065451902
https://openalex.org/W2118512683
https://openalex.org/W2072849445
https://openalex.org/W2088913153
https://openalex.org/W2097883933
https://openalex.org/W2127397907
https://openalex.org/W2146204120
https://openalex.org/W2171279750
https://openalex.org/W1969998364
https://openalex.org/W1984057934
https://openalex.org/W2015244878
https://openalex.org/W2024173996
https://openalex.org/W2079194358
https://openalex.org/W2141510665
https://openalex.org/W2334272024
https://openalex.org/W4244976211
https://openalex.org/W2412402225
https://openalex.org/W1972903771
https://openalex.org/W2055691429
https://openalex.org/W1992536725
https://openalex.org/W2109911286
https://openalex.org/W2130249275
https://openalex.org/W329648880
https://openalex.org/W1992299009
https://openalex.org/W2021587247
https://openalex.org/W2082877810
https://openalex.org/W2089813015
https://openalex.org/W2096107409
https://openalex.org/W2131523717
https://openalex.org/W2329511728
https://openalex.org/W2329667799
https://openalex.org/W2788394007
https://openalex.org/W2793062210
https://openalex.org/W2803837568
https://openalex.org/W2905746878
https://openalex.org/W1835875708
https://openalex.org/W2000771610
https://openalex.org/W2038521726
https://openalex.org/W2041055403
https://openalex.org/W2053560656
https://openalex.org/W2077844307
https://openalex.org/W2134020371
https://openalex.org/W2160184727
https://openalex.org/W2165393590
https://openalex.org/W2171931905
https://openalex.org/W2313458580
https://openalex.org/W2322386607
https://openalex.org/W2751856105
https://openalex.org/W2768006002
https://openalex.org/W2888564663
https://openalex.org/W2931360853
https://openalex.org/W2936158782
https://openalex.org/W2939878797
https://openalex.org/W2942376309
https://openalex.org/W2945843083
https://openalex.org/W2946028392
https://openalex.org/W2974651016
https://openalex.org/W3005224922
https://openalex.org/W3010722793
https://openalex.org/W3013650838
https://openalex.org/W3022226412
https://openalex.org/W3082509963
https://openalex.org/W3082582557
https://openalex.org/W3083074695
https://openalex.org/W3093656256
https://openalex.org/W3107446200
https://openalex.org/W3044958741
https://openalex.org/W3097258587
https://openalex.org/W3164981649
https://openalex.org/W3197463876
https://openalex.org/W3212923584
https://openalex.org/W2346538984
https://openalex.org/W3202434086
https://openalex.org/W3205468825
https://openalex.org/W4226417775
https://openalex.org/W4285033222
https://openalex.org/W4286432809
https://openalex.org/W4288443102
https://openalex.org/W4294953490
https://openalex.org/W4295367038
https://openalex.org/W4296475307
https://openalex.org/W4307931491
https://openalex.org/W4308769165
https://openalex.org/W4312115180
https://openalex.org/W4312871907
https://openalex.org/W141160462
https://openalex.org/W1964059705
https://openalex.org/W1971929591
https://openalex.org/W2001807193
https://openalex.org/W2019517439
https://openalex.org/W2090026155
https://openalex.org/W2188267776
https://openalex.org/W2416907121
https://openalex.org/W2012351558
https://openalex.org/W2019567477
https://openalex.org/W2049815479
https://openalex.org/W2058871799
https://openalex.org/W2078034340
https://openalex.org/W2081571687
https://openalex.org/W2395413473
https://openalex.org/W4233570368
https://openalex.org/W4238197563
https://openalex.org/W1666970824
https://openalex.org/W1967025281
https://openalex.org/W1969282025
https://openalex.org/W1982999951
https://openalex.org/W1991550113
https://openalex.org/W1996085899
https://openalex.org/W2079185935
https://openalex.org/W2289432646
https://openalex.org/W2030846950
https://openalex.org/W2086918963
https://openalex.org/W2094810098
https://openalex.org/W2114672470
https://openalex.org/W2281016190
https://openalex.org/W2099368133
https://openalex.org/W4233629038
https://openalex.org/W50770513
https://openalex.org/W2087070942
https://openalex.org/W23129020
https://openalex.org/W1966948315
https://openalex.org/W2081290119
https://openalex.org/W2187096243
https://openalex.org/W2412684294
https://openalex.org/W1979390516
https://openalex.org/W1983370353
https://openalex.org/W1999488769
https://openalex.org/W2127056567
https://openalex.org/W1779535034
https://openalex.org/W2005149349
https://openalex.org/W2019927590
https://openalex.org/W2020282173
https://openalex.org/W2020633657
https://openalex.org/W2032860344
https://openalex.org/W2070592189
https://openalex.org/W2793231827
https://openalex.org/W2901397029
https://openalex.org/W2906641029
https://openalex.org/W3024304808
https://openalex.org/W1197163067
https://openalex.org/W1979024622
https://openalex.org/W1985267117
https://openalex.org/W1993683261
https://openalex.org/W1996166270
https://openalex.org/W2046289945
https://openalex.org/W2050117210
https://openalex.org/W2094151281
https://openalex.org/W2139371022
https://openalex.org/W2144949715
https://openalex.org/W2277043828
https://openalex.org/W2300452452
https://openalex.org/W2318937240
https://openalex.org/W2329118107
https://openalex.org/W2416331355
https://openalex.org/W2492418044
https://openalex.org/W2512135010
https://openalex.org/W2557123659
https://openalex.org/W2570084985
https://openalex.org/W2972865339
https://openalex.org/W3013093086
https://openalex.org/W3022860727
https://openalex.org/W3035333624
https://openalex.org/W3038827814
https://openalex.org/W3041353221
https://openalex.org/W3048911439
https://openalex.org/W4240402713
https://openalex.org/W4243338103
https://openalex.org/W949512570
https://openalex.org/W88539
https://openalex.org/W411446431
https://openalex.org/W1968646267
https://openalex.org/W1967643767
https://openalex.org/W1999731818
https://openalex.org/W2001605875
https://openalex.org/W2008497955
https://openalex.org/W2032725124
https://openalex.org/W2042706646
https://openalex.org/W2064138590
https://openalex.org/W2064468373
https://openalex.org/W2082835423
https://openalex.org/W2463641816
https://openalex.org/W324852712
https://openalex.org/W119913561
https://openalex.org/W1503504835
https://openalex.org/W1982724382
https://openalex.org/W2025501224
https://openalex.org/W2027435466
https://openalex.org/W2065516758
https://openalex.org/W2082985590
https://openalex.org/W2460756992
https://openalex.org/W1985303906
https://openalex.org/W2038963046
https://openalex.org/W4206558695
https://openalex.org/W1972217326
https://openalex.org/W1993979878
https://openalex.org/W2030071404
https://openalex.org/W2046812018
https://openalex.org/W2054966611
https://openalex.org/W2058077943
https://openalex.org/W2069723501
https://openalex.org/W2141894986
https://openalex.org/W2152263148
https://openalex.org/W1939220970
https://openalex.org/W1966204764
https://openalex.org/W1990799607
https://openalex.org/W2032948002
https://openalex.org/W2083430802
https://openalex.org/W2166973744
https://openalex.org/W2030661373
https://openalex.org/W1523172794
https://openalex.org/W1558768760
https://openalex.org/W184511203
https://openalex.org/W1971565697
https://openalex.org/W2007340857
https://openalex.org/W2031973268
https://openalex.org/W2057393100
https://openalex.org/W2088732565
https://openalex.org/W3095019144
https://openalex.org/W3193109319
https://openalex.org/W1964926294
https://openalex.org/W1985041435
https://openalex.org/W2028677832
https://openalex.org/W2324513163
https://openalex.org/W2560670053
https://openalex.org/W2783276311
https://openalex.org/W2808273144
https://openalex.org/W2890266293
https://openalex.org/W2891268552
https://openalex.org/W2920893687
https://openalex.org/W2967639983
https://openalex.org/W2976939086
https://openalex.org/W2980451092
https://openalex.org/W3161948935
https://openalex.org/W6855356
https://openalex.org/W904184155
https://openalex.org/W1535559157
https://openalex.org/W1912292683
https://openalex.org/W2009024090
https://openalex.org/W2053465842
https://openalex.org/W2164414622
https://openalex.org/W2181237326
https://openalex.org/W2233993185
https://openalex.org/W2282095169
https://openalex.org/W2329977262
https://openalex.org/W2525994119
https://openalex.org/W2532119315
https://openalex.org/W2556194749
https://openalex.org/W3041450618
https://openalex.org/W3119815618
https://openalex.org/W3125929016
https://openalex.org/W3138615381
https://openalex.org/W3163647279
https://openalex.org/W3166161402
https://openalex.org/W3175579773
https://openalex.org/W3212933391
https://openalex.org/W3215025888
https://openalex.org/W3215061520
https://openalex.org/W4235341364
https://openalex.org/W1968947300
https://openalex.org/W1971951821
https://openalex.org/W1981696820
https://openalex.org/W2028301999
https://openalex.org/W2038867165
https://openalex.org/W2073707688
https://openalex.org/W2296370218
https://openalex.org/W4233000763
https://openalex.org/W179142
https://openalex.org/W1857414486
https://openalex.org/W1983596523
https://openalex.org/W2052258623
https://openalex.org/W2326215575
https://openalex.org/W3215662718
https://openalex.org/W4255747389
https://openalex.org/W4255949199
https://openalex.org/W2008231766
https://openalex.org/W2056373428
https://openalex.org/W2144632974
https://openalex.org/W1487627087
https://openalex.org/W1965049738
https://openalex.org/W2003294412
https://openalex.org/W2005634255
https://openalex.org/W2023392096
https://openalex.org/W2033262913
https://openalex.org/W2062039925
https://openalex.org/W2105376093
https://openalex.org/W1584656138
https://openalex.org/W1967454615
https://openalex.org/W2004903221
https://openalex.org/W2034447411
https://openalex.org/W2074673569
https://openalex.org/W114574916
https://openalex.org/W131510582
https://openalex.org/W1998077301
https://openalex.org/W2124499883
https://openalex.org/W2144696394
https://openalex.org/W2145614634
https://openalex.org/W2162218809
https://openalex.org/W1965373483
https://openalex.org/W2104562327
https://openalex.org/W4241041933
https://openalex.org/W1975704117
https://openalex.org/W2036396764
https://openalex.org/W2065210023
https://openalex.org/W2097932906
https://openalex.org/W2790406863
https://openalex.org/W106223874
https://openalex.org/W1981033692
https://openalex.org/W1992986183
https://openalex.org/W2003205611
https://openalex.org/W2050389976
https://openalex.org/W2054388222
https://openalex.org/W2060498757
https://openalex.org/W2062676863
https://openalex.org/W2165689959
https://openalex.org/W2315523308
https://openalex.org/W2322994352
https://openalex.org/W2568109628
https://openalex.org/W2617397384
https://openalex.org/W2623416355
https://openalex.org/W2657873923
https://openalex.org/W2757585049
https://openalex.org/W2758319204
https://openalex.org/W2780073095
https://openalex.org/W2802755171
https://openalex.org/W2805029266
https://openalex.org/W2805250912
https://openalex.org/W2883813729
https://openalex.org/W2898920068
https://openalex.org/W2903820777
https://openalex.org/W2915696864
https://openalex.org/W2937146189
https://openalex.org/W2946562306
https://openalex.org/W2966120243
https://openalex.org/W2966554476
https://openalex.org/W2968589470
https://openalex.org/W2976412413
https://openalex.org/W2994645988
https://openalex.org/W2996599579
https://openalex.org/W2999815091
https://openalex.org/W3106828749
https://openalex.org/W3107599013
https://openalex.org/W3115956731
https://openalex.org/W2048313256
https://openalex.org/W2061630497
https://openalex.org/W2095255330
https://openalex.org/W2130698394
https://openalex.org/W2196979452
https://openalex.org/W2308553350
https://openalex.org/W2345078408
https://openalex.org/W2410041459
https://openalex.org/W2413810829
https://openalex.org/W2419558955
https://openalex.org/W2561985572
https://openalex.org/W3169906254
https://openalex.org/W4213034810
https://openalex.org/W4220819045
https://openalex.org/W4221125543
https://openalex.org/W4281568054
https://openalex.org/W4283835738
https://openalex.org/W4285726695
https://openalex.org/W4286110619
https://openalex.org/W4295911563
https://openalex.org/W4309234895
https://openalex.org/W4309244345
https://openalex.org/W4310184960
https://openalex.org/W4312218603
https://openalex.org/W1539079662
https://openalex.org/W1963524033
https://openalex.org/W1963665803
https://openalex.org/W1970586520
https://openalex.org/W1996588710
https://openalex.org/W2014912287
https://openalex.org/W2020918535
https://openalex.org/W2071730834
https://openalex.org/W2094954766
https://openalex.org/W2195648670
https://openalex.org/W2402795983
https://openalex.org/W1982853117
https://openalex.org/W1990380102
https://openalex.org/W1993956791
https://openalex.org/W2138718651
https://openalex.org/W1967662303
https://openalex.org/W2028020706
https://openalex.org/W2043325974
https://openalex.org/W2072824913
https://openalex.org/W2049464883
https://openalex.org/W2059241391
https://openalex.org/W2059641431
https://openalex.org/W1986258598
https://openalex.org/W2017731866
https://openalex.org/W2017919745
https://openalex.org/W2039618707
https://openalex.org/W2083178429
https://openalex.org/W2116927408
https://openalex.org/W2242326692
https://openalex.org/W2405455244
https://openalex.org/W2414991551
https://openalex.org/W2486959086
https://openalex.org/W2005354977
https://openalex.org/W1990879993
https://openalex.org/W2201805678
https://openalex.org/W2315731809
https://openalex.org/W2598032646
https://openalex.org/W1423879547
https://openalex.org/W1583452624
https://openalex.org/W1598997779
https://openalex.org/W1963723388
https://openalex.org/W1985538433
https://openalex.org/W2003853891
https://openalex.org/W2025267323
https://openalex.org/W2044627935
https://openalex.org/W2145406572
https://openalex.org/W2163038816
https://openalex.org/W2169636945
https://openalex.org/W2216047448
https://openalex.org/W2407168933
https://openalex.org/W359871931
https://openalex.org/W93853869
https://openalex.org/W1734582490
https://openalex.org/W1967385924
https://openalex.org/W1969359927
https://openalex.org/W1975650242
https://openalex.org/W1987540116
https://openalex.org/W1990749870
https://openalex.org/W2031197953
https://openalex.org/W2056785081
https://openalex.org/W2072903285
https://openalex.org/W2075579761
https://openalex.org/W1965673887
https://openalex.org/W1972420163
https://openalex.org/W1995659209
https://openalex.org/W2015159609
https://openalex.org/W2015849257
https://openalex.org/W2022837369
https://openalex.org/W2023612987
https://openalex.org/W2078471602
https://openalex.org/W2497962137
https://openalex.org/W1966009498
https://openalex.org/W1985684666
https://openalex.org/W2031019927
https://openalex.org/W2043474240
https://openalex.org/W2056499872
https://openalex.org/W2084630374
https://openalex.org/W2092178108
https://openalex.org/W2127225198
https://openalex.org/W2151187918
https://openalex.org/W2491509333
https://openalex.org/W1988524549
https://openalex.org/W2065078472
https://openalex.org/W2800272546
https://openalex.org/W1968298861
https://openalex.org/W2073815614
https://openalex.org/W2086465160
https://openalex.org/W2157458171
https://openalex.org/W2068792332
https://openalex.org/W2073479585
https://openalex.org/W2461721555
https://openalex.org/W2009692668
https://openalex.org/W2113307479
https://openalex.org/W2331896227
https://openalex.org/W2484998835
https://openalex.org/W2616967368
https://openalex.org/W2753603765
https://openalex.org/W2769163279
https://openalex.org/W2790279170
https://openalex.org/W2790797034
https://openalex.org/W2792740678
https://openalex.org/W2800817975
https://openalex.org/W2801749561
https://openalex.org/W2807417534
https://openalex.org/W2887154840
https://openalex.org/W2891771004
https://openalex.org/W2893314636
https://openalex.org/W2915883087
https://openalex.org/W2917104478
https://openalex.org/W2921753314
https://openalex.org/W2925608443
https://openalex.org/W2947779049
https://openalex.org/W2978165355
https://openalex.org/W2980421886
https://openalex.org/W3002823875
https://openalex.org/W3004929854
https://openalex.org/W3017925063
https://openalex.org/W3019594259
https://openalex.org/W3023611759
https://openalex.org/W3023688716
https://openalex.org/W3024034021
https://openalex.org/W3025677050
https://openalex.org/W3033106077
https://openalex.org/W3087620848
https://openalex.org/W3090095237
https://openalex.org/W3094033738
https://openalex.org/W3130509079
https://openalex.org/W3135136070
https://openalex.org/W3139058673
https://openalex.org/W3144691825
https://openalex.org/W3159354935
https://openalex.org/W3164433676
https://openalex.org/W3168614546
https://openalex.org/W3179611980
https://openalex.org/W3199074699
https://openalex.org/W3207237047
https://openalex.org/W3215080391
https://openalex.org/W4200151313
https://openalex.org/W4282917316
https://openalex.org/W1761383249
https://openalex.org/W2068125999
https://openalex.org/W2280265225
https://openalex.org/W2282432733
https://openalex.org/W2323832365
https://openalex.org/W2412877183
https://openalex.org/W2465802184
https://openalex.org/W2507330105
https://openalex.org/W3031823135
https://openalex.org/W4234301131
https://openalex.org/W4386939387
https://openalex.org/W2026383074
https://openalex.org/W2037089941
https://openalex.org/W2042698310
https://openalex.org/W2043826622
https://openalex.org/W2059350855
https://openalex.org/W2123810274
https://openalex.org/W2317275405
https://openalex.org/W2324114323
https://openalex.org/W2422394405
https://openalex.org/W2025922419
https://openalex.org/W2039190507
https://openalex.org/W2065498093
https://openalex.org/W2067785044
https://openalex.org/W2411592482
https://openalex.org/W4251403594
https://openalex.org/W1486227697
https://openalex.org/W1966375677
https://openalex.org/W1982345560
https://openalex.org/W2029738915
https://openalex.org/W2035721563
https://openalex.org/W2037361196
https://openalex.org/W2040470328
https://openalex.org/W2044753785
https://openalex.org/W2055973790
https://openalex.org/W2056310573
https://openalex.org/W1995207973
https://openalex.org/W2053264375
https://openalex.org/W2068143212
https://openalex.org/W230558582
https://openalex.org/W1542451991
https://openalex.org/W175243535
https://openalex.org/W1973363455
https://openalex.org/W2027386378
https://openalex.org/W2056305330
https://openalex.org/W1544764275
https://openalex.org/W2039847932
https://openalex.org/W2061574030
https://openalex.org/W2125523718
https://openalex.org/W2275478313
https://openalex.org/W2413068159
https://openalex.org/W1510044801
https://openalex.org/W1560394676
https://openalex.org/W1594924170
https://openalex.org/W1985281977
https://openalex.org/W1992236312
https://openalex.org/W2042466111
https://openalex.org/W2064150194
https://openalex.org/W2064701318
https://openalex.org/W2078479506
https://openalex.org/W2086077499
https://openalex.org/W2089604783
https://openalex.org/W2157414170
https://openalex.org/W2318602365
https://openalex.org/W2336514467
https://openalex.org/W2410897829
https://openalex.org/W2475756724
https://openalex.org/W2495099384
https://openalex.org/W2503482651
https://openalex.org/W2528529583
https://openalex.org/W4232866247
https://openalex.org/W4256600597
https://openalex.org/W4312221096
https://openalex.org/W4313454560
https://openalex.org/W4315780675
https://openalex.org/W4316661368
https://openalex.org/W4317933139
https://openalex.org/W4319318166
https://openalex.org/W4319333896
https://openalex.org/W4319656141
https://openalex.org/W4319657253
https://openalex.org/W4320040805
https://openalex.org/W4320500747
https://openalex.org/W4321235124
https://openalex.org/W4321457468
https://openalex.org/W4321499134
https://openalex.org/W4321499471
https://openalex.org/W4322004615
https://openalex.org/W4323050393
https://openalex.org/W4327684941
https://openalex.org/W4327912919
https://openalex.org/W4361302167
https://openalex.org/W4361817787
https://openalex.org/W4361818235
https://openalex.org/W4361818435
https://openalex.org/W4361818438
https://openalex.org/W4361818753
https://openalex.org/W4361818848
https://openalex.org/W4361818946
https://openalex.org/W4361902349
https://openalex.org/W4361943684
https://openalex.org/W4362392678
https://openalex.org/W4362576800
https://openalex.org/W4365802392
https://openalex.org/W4366144976
https://openalex.org/W4366977790
https://openalex.org/W4375855270
https://openalex.org/W4375859023
https://openalex.org/W4375947202
https://openalex.org/W4376225855
https://openalex.org/W4380853907
https://openalex.org/W4381598276
https://openalex.org/W4381664588
https://openalex.org/W4381988463
https://openalex.org/W4382280972
https://openalex.org/W4383059054
https://openalex.org/W4383302052
https://openalex.org/W4383378580
https://openalex.org/W4383388782
https://openalex.org/W4383420969
https://openalex.org/W4383904003
https://openalex.org/W4384023884
https://openalex.org/W4384944487
https://openalex.org/W4385219205
https://openalex.org/W4385381527
https://openalex.org/W4385687901
https://openalex.org/W4385805209
https://openalex.org/W4385972035
https://openalex.org/W4386027463
https://openalex.org/W4386037557
https://openalex.org/W4386037612
https://openalex.org/W4386037626
https://openalex.org/W4386037628
https://openalex.org/W4386037639
https://openalex.org/W4386037651
https://openalex.org/W4386070142
https://openalex.org/W4386101099
https://openalex.org/W4386263227
https://openalex.org/W4386381501
https://openalex.org/W4386395710
https://openalex.org/W4386530038
https://openalex.org/W4386583806
https://openalex.org/W4386584481
https://openalex.org/W4386591892
https://openalex.org/W4386594412
https://openalex.org/W4387004054
https://openalex.org/W4387006343
https://openalex.org/W4387058575
https://openalex.org/W4387087237
https://openalex.org/W4387160860
https://openalex.org/W4387178911
https://openalex.org/W4387248194
https://openalex.org/W4387450518
https://openalex.org/W4387516873
https://openalex.org/W4387661646
https://openalex.org/W4387733503
https://openalex.org/W4387734230
https://openalex.org/W4387749824
https://openalex.org/W4387752144
https://openalex.org/W4387752176
https://openalex.org/W4387763596
https://openalex.org/W4387893381
https://openalex.org/W4388120194
https://openalex.org/W4388186863
https://openalex.org/W4388274820
https://openalex.org/W4388460216
https://openalex.org/W4388611335
https://openalex.org/W4388699855
https://openalex.org/W4388842043
https://openalex.org/W4388871920
https://openalex.org/W4388998822
https://openalex.org/W4390271964
https://openalex.org/W4391016726
https://openalex.org/W4392188691
https://openalex.org/W4392542096
https://openalex.org/W4392941139
https://openalex.org/W4392945772
https://openalex.org/W4394275862
https://openalex.org/W1623187719
https://openalex.org/W1780338288
https://openalex.org/W1975700413
https://openalex.org/W1977948341
https://openalex.org/W1982271596
https://openalex.org/W1988947741
https://openalex.org/W2001063073
https://openalex.org/W2007353180
https://openalex.org/W2022615304
https://openalex.org/W2027307300
https://openalex.org/W2039652761
https://openalex.org/W2041432714
https://openalex.org/W2056649314
https://openalex.org/W2117682714
https://openalex.org/W2022769125
https://openalex.org/W2023911360
https://openalex.org/W2025509002
https://openalex.org/W2047083521
https://openalex.org/W2076951624
https://openalex.org/W2079682061
https://openalex.org/W2081738482
https://openalex.org/W2279670990
https://openalex.org/W1975713579
https://openalex.org/W1977497906
https://openalex.org/W2066086543
https://openalex.org/W2066679097
https://openalex.org/W2069545702
https://openalex.org/W2091329709
https://openalex.org/W2094954476
https://openalex.org/W2418419153
https://openalex.org/W2425160116
https://openalex.org/W1532866349
https://openalex.org/W1679680327
https://openalex.org/W2135858786
https://openalex.org/W4251933322
https://openalex.org/W2124043089
https://openalex.org/W2323638367
https://openalex.org/W2410567291
https://openalex.org/W1049767462
https://openalex.org/W125110917
https://openalex.org/W165986209
https://openalex.org/W1994097973
https://openalex.org/W2067657410
https://openalex.org/W2095958138
https://openalex.org/W2316420138
https://openalex.org/W2332155026
https://openalex.org/W2334319132
https://openalex.org/W2377309523
https://openalex.org/W2579585388
https://openalex.org/W2600617346
https://openalex.org/W2605541074
https://openalex.org/W2075849529
https://openalex.org/W184327112
https://openalex.org/W1975085028
https://openalex.org/W1978557261
https://openalex.org/W1983032656
https://openalex.org/W2019062913
https://openalex.org/W2028623969
https://openalex.org/W2048093879
https://openalex.org/W2087397800
https://openalex.org/W2091421930
https://openalex.org/W2094251905
https://openalex.org/W2066525779
https://openalex.org/W4230834002
https://openalex.org/W2408210270
https://openalex.org/W2487541009
https://openalex.org/W1983892934
https://openalex.org/W2087372939
https://openalex.org/W2087901706
https://openalex.org/W2328623695
https://openalex.org/W2408990986
https://openalex.org/W4210360445
https://openalex.org/W4236442304
https://openalex.org/W1521060200
https://openalex.org/W1639892625
https://openalex.org/W1995177757
https://openalex.org/W2038854791
https://openalex.org/W2053765303
https://openalex.org/W2081965681
https://openalex.org/W2183993249
https://openalex.org/W2315983001
https://openalex.org/W2407074092
https://openalex.org/W2789540719
https://openalex.org/W2791697074
https://openalex.org/W2900460462
https://openalex.org/W2906024189
https://openalex.org/W2909892363
https://openalex.org/W2912702827
https://openalex.org/W2922374402
https://openalex.org/W2966882886
https://openalex.org/W2981312348
https://openalex.org/W2990678996
https://openalex.org/W3005173543
https://openalex.org/W3009783728
https://openalex.org/W3022869345
https://openalex.org/W3025079559
https://openalex.org/W3026906380
https://openalex.org/W3039957986
https://openalex.org/W3081091472
https://openalex.org/W3084128614
https://openalex.org/W3092270243
https://openalex.org/W3109713809
https://openalex.org/W3111551912
https://openalex.org/W3115054740
https://openalex.org/W3117167893
https://openalex.org/W3120925992
https://openalex.org/W3121432715
https://openalex.org/W3160668019
https://openalex.org/W3162085666
https://openalex.org/W3200544707
https://openalex.org/W4230150759
https://openalex.org/W2283104920
https://openalex.org/W2315488966
https://openalex.org/W2376772546
https://openalex.org/W2464844318
https://openalex.org/W2489739235
https://openalex.org/W2494349559
https://openalex.org/W2521874069
https://openalex.org/W3133474134
https://openalex.org/W3212752264
https://openalex.org/W4206666512
https://openalex.org/W4220881858
https://openalex.org/W4224294438
https://openalex.org/W4280580765
https://openalex.org/W4280630291
https://openalex.org/W4280630455
https://openalex.org/W4285988044
https://openalex.org/W4292679875
https://openalex.org/W4294956127
https://openalex.org/W4296683573
https://openalex.org/W4297256604
https://openalex.org/W4300688562
https://openalex.org/W4303415105
https://openalex.org/W4306317385
https://openalex.org/W4307414420
https://openalex.org/W4309189460
https://openalex.org/W4309604681
https://openalex.org/W4311635476
https://openalex.org/W2014002922
https://openalex.org/W284057411
https://openalex.org/W1964595513
https://openalex.org/W1975060357
https://openalex.org/W1976029748
https://openalex.org/W1983209604
https://openalex.org/W1998227828
https://openalex.org/W2043685641
https://openalex.org/W2048649538
https://openalex.org/W2067776535
https://openalex.org/W2069329225
https://openalex.org/W2076329222
https://openalex.org/W2091317747
https://openalex.org/W2323049749
https://openalex.org/W2394649775
https://openalex.org/W2462893441
https://openalex.org/W598469496
https://openalex.org/W1980693405
https://openalex.org/W2005137733
https://openalex.org/W2067649617
https://openalex.org/W2072008135
https://openalex.org/W2075117186
https://openalex.org/W2089730763
https://openalex.org/W2103560513
https://openalex.org/W2410190324
https://openalex.org/W4241449907
https://openalex.org/W2023960034
https://openalex.org/W2381106664
https://openalex.org/W1994482629
https://openalex.org/W2200104652
https://openalex.org/W1514749515
https://openalex.org/W1589397202
https://openalex.org/W1749878699
https://openalex.org/W1798625991
https://openalex.org/W1969363971
https://openalex.org/W1986100296
https://openalex.org/W1994415376
https://openalex.org/W2056612491
https://openalex.org/W2059405711
https://openalex.org/W2073815328
https://openalex.org/W2077090263
https://openalex.org/W2079266647
https://openalex.org/W2105780754
https://openalex.org/W2136064642
https://openalex.org/W2268658288
https://openalex.org/W2313417174
https://openalex.org/W2315712800
https://openalex.org/W2333511256
https://openalex.org/W2378382471
https://openalex.org/W2382444363
https://openalex.org/W2385939489
https://openalex.org/W2389028915
https://openalex.org/W2389506411
https://openalex.org/W2499050708
https://openalex.org/W2560159641
https://openalex.org/W2604707931
https://openalex.org/W3118643234
https://openalex.org/W4223465260
https://openalex.org/W4225957991
https://openalex.org/W4247255332
https://openalex.org/W4299954094
https://openalex.org/W4311852548
https://openalex.org/W96802612
https://openalex.org/W1531396976
https://openalex.org/W2025411119
https://openalex.org/W2042393671
https://openalex.org/W2048835651
https://openalex.org/W2138621315
https://openalex.org/W1556746244
https://openalex.org/W1772922631
https://openalex.org/W2026529335
https://openalex.org/W2091633911
https://openalex.org/W2098976224
https://openalex.org/W2402146685
https://openalex.org/W2414815968
https://openalex.org/W2415342945
https://openalex.org/W1966460906
https://openalex.org/W2035385813
https://openalex.org/W2052591058
https://openalex.org/W2113063152
https://openalex.org/W1526536062
https://openalex.org/W1983336690
https://openalex.org/W2042928792
https://openalex.org/W2328011885
https://openalex.org/W2384221449
https://openalex.org/W2408247116
https://openalex.org/W2416042057
https://openalex.org/W2993418439
https://openalex.org/W3200306957
https://openalex.org/W1964730938
https://openalex.org/W1996242958
https://openalex.org/W2023177532
https://openalex.org/W2044126830
https://openalex.org/W2079193954
https://openalex.org/W2079562837
https://openalex.org/W2128923344
https://openalex.org/W2285879146
https://openalex.org/W2320200992
https://openalex.org/W2325201901
https://openalex.org/W2360836624
https://openalex.org/W2418676157
https://openalex.org/W2571283756
https://openalex.org/W2621880099
https://openalex.org/W2953182651
https://openalex.org/W2982630962
https://openalex.org/W3026502657
https://openalex.org/W1976603998
https://openalex.org/W1994255091
https://openalex.org/W1996991138
https://openalex.org/W2012120298
https://openalex.org/W2013980342
https://openalex.org/W2023714955
https://openalex.org/W2028003650
https://openalex.org/W2033576781
https://openalex.org/W2037643250
https://openalex.org/W2070116819
https://openalex.org/W2082418455
https://openalex.org/W2086565263
https://openalex.org/W2400030720
https://openalex.org/W2400656743
https://openalex.org/W2414972788
https://openalex.org/W2438346052
https://openalex.org/W54108890
https://openalex.org/W61966894
https://openalex.org/W86616794
https://openalex.org/W1972038705
https://openalex.org/W2054877807
https://openalex.org/W2070343058
https://openalex.org/W2167860665
https://openalex.org/W2460662125
https://openalex.org/W1990203977
https://openalex.org/W2404872122
https://openalex.org/W1486722079
https://openalex.org/W1670335612
https://openalex.org/W1968337229
https://openalex.org/W1994965646
https://openalex.org/W2064695779
https://openalex.org/W2076358396
https://openalex.org/W2280992663
https://openalex.org/W2315645637
https://openalex.org/W2351985230
https://openalex.org/W2362723609
https://openalex.org/W2598595154
https://openalex.org/W2737711264
https://openalex.org/W2792245867
https://openalex.org/W2802561027
https://openalex.org/W2889258093
https://openalex.org/W2889455037
https://openalex.org/W2889844628
https://openalex.org/W2892658307
https://openalex.org/W2896348003
https://openalex.org/W2898690345
https://openalex.org/W2902546604
https://openalex.org/W2910340362
https://openalex.org/W2978655400
https://openalex.org/W3080428939
https://openalex.org/W3115919350
https://openalex.org/W48923309
https://openalex.org/W1777119659
https://openalex.org/W1972379587
https://openalex.org/W2028009738
https://openalex.org/W2040030938
https://openalex.org/W2042697351
https://openalex.org/W2069488237
https://openalex.org/W2306102462
https://openalex.org/W2337824461
https://openalex.org/W4249227439
https://openalex.org/W1999749904
https://openalex.org/W2059619849
https://openalex.org/W2411153190
https://openalex.org/W2501400574
https://openalex.org/W2097198126
https://openalex.org/W2414072918
https://openalex.org/W3158288421
https://openalex.org/W1673478143
https://openalex.org/W1994214443
https://openalex.org/W2027553515
https://openalex.org/W2079916240
https://openalex.org/W2417127663
https://openalex.org/W2417907190
https://openalex.org/W2788882132
https://openalex.org/W2912019329
https://openalex.org/W2915974377
https://openalex.org/W2962323943
https://openalex.org/W2965579240
https://openalex.org/W2971951861
https://openalex.org/W2982063077
https://openalex.org/W2983734321
https://openalex.org/W2983872932
https://openalex.org/W2984228607
https://openalex.org/W2986966092
https://openalex.org/W3021766331
https://openalex.org/W3033111541
https://openalex.org/W3034701315
https://openalex.org/W3043994834
https://openalex.org/W3081697382
https://openalex.org/W3083504013
https://openalex.org/W3089840121
https://openalex.org/W3112927272
https://openalex.org/W3122832542
https://openalex.org/W4248237495
https://openalex.org/W116335194
https://openalex.org/W1627242751
https://openalex.org/W1674286856
https://openalex.org/W1970060464
https://openalex.org/W1978721556
https://openalex.org/W1980096262
https://openalex.org/W2000596059
https://openalex.org/W2016235801
https://openalex.org/W2019001616
https://openalex.org/W2046571481
https://openalex.org/W2107328170
https://openalex.org/W2213596863
https://openalex.org/W2242657490
https://openalex.org/W2245026063
https://openalex.org/W2396281998
https://openalex.org/W2397097184
https://openalex.org/W2415171723
https://openalex.org/W2497652535
https://openalex.org/W4214759707
https://openalex.org/W4235288842
https://openalex.org/W4236024841
https://openalex.org/W4247491389
https://openalex.org/W4254951735
https://openalex.org/W2047261186
https://openalex.org/W2094799458
https://openalex.org/W2106127465
https://openalex.org/W2333353133
https://openalex.org/W2414235066
https://openalex.org/W2480983615
https://openalex.org/W2944923658
https://openalex.org/W4390559970
https://openalex.org/W1512166623
https://openalex.org/W2012191907
https://openalex.org/W2061231841
https://openalex.org/W2116960123
https://openalex.org/W2165670915
https://openalex.org/W2373719306
https://openalex.org/W2410985412
https://openalex.org/W2434804547
https://openalex.org/W2484580055
https://openalex.org/W2500164297
https://openalex.org/W3023966598
https://openalex.org/W3032965242
https://openalex.org/W3106980305
https://openalex.org/W3129336411
https://openalex.org/W3130730630
https://openalex.org/W3137291371
https://openalex.org/W3164900209
https://openalex.org/W3182029947
https://openalex.org/W3203856353
https://openalex.org/W4205976605
https://openalex.org/W4206789994
https://openalex.org/W4238783046
https://openalex.org/W68947093
https://openalex.org/W2215260106
https://openalex.org/W2906326643
https://openalex.org/W1983157416
https://openalex.org/W2013556831
https://openalex.org/W2014678830
https://openalex.org/W2055010346
https://openalex.org/W2078615098
https://openalex.org/W2139308026
https://openalex.org/W2263243857
https://openalex.org/W2403716810
https://openalex.org/W2478954086
https://openalex.org/W3080716403
https://openalex.org/W594823031
https://openalex.org/W2406815305
https://openalex.org/W1963539410
https://openalex.org/W2001166364
https://openalex.org/W2017781905
https://openalex.org/W2055511867
https://openalex.org/W2057367928
https://openalex.org/W2074602062
https://openalex.org/W2415512491
https://openalex.org/W2419166100
https://openalex.org/W2424685855
https://openalex.org/W2437883290
https://openalex.org/W28865244
https://openalex.org/W4243470919
https://openalex.org/W2031743509
https://openalex.org/W2094824355
https://openalex.org/W2096174759
https://openalex.org/W2098575102
https://openalex.org/W2321152725
https://openalex.org/W2375230278
https://openalex.org/W2469583662
https://openalex.org/W2993304835
https://openalex.org/W1983300310
https://openalex.org/W1996728522
https://openalex.org/W1997292477
https://openalex.org/W2026523537
https://openalex.org/W2041742874
https://openalex.org/W2092679429
https://openalex.org/W2330529565
https://openalex.org/W2406367744
https://openalex.org/W2417847998
https://openalex.org/W2436775124
https://openalex.org/W2462228430
https://openalex.org/W2505606277
https://openalex.org/W2517331872
https://openalex.org/W3088173380
https://openalex.org/W3167588474
https://openalex.org/W4243258016
https://openalex.org/W97788674
https://openalex.org/W1993598582
https://openalex.org/W2014081356
https://openalex.org/W2016887587
https://openalex.org/W2044691242
https://openalex.org/W1548778542
https://openalex.org/W1654967646
https://openalex.org/W1761062611
https://openalex.org/W1964068793
https://openalex.org/W1973239302
https://openalex.org/W1982294248
https://openalex.org/W1989459373
https://openalex.org/W2016384195
https://openalex.org/W2021270393
https://openalex.org/W2027953580
https://openalex.org/W2031836676
https://openalex.org/W2043690720
https://openalex.org/W2085958038
https://openalex.org/W2156957602
https://openalex.org/W2167254660
https://openalex.org/W2202624680
https://openalex.org/W2233083142
https://openalex.org/W2244960515
https://openalex.org/W2269919966
https://openalex.org/W2270809485
https://openalex.org/W2273800917
https://openalex.org/W2275955371
https://openalex.org/W2280600920
https://openalex.org/W2284496904
https://openalex.org/W2289662476
https://openalex.org/W2302997602
https://openalex.org/W2312702276
https://openalex.org/W2317051261
https://openalex.org/W2317464572
https://openalex.org/W2320908453
https://openalex.org/W2322877776
https://openalex.org/W2324821859
https://openalex.org/W2326039764
https://openalex.org/W2326545366
https://openalex.org/W2329428065
https://openalex.org/W2337118029
https://openalex.org/W2342808166
https://openalex.org/W2342899093
https://openalex.org/W2345732939
https://openalex.org/W2362905560
https://openalex.org/W2365114644
https://openalex.org/W2367239717
https://openalex.org/W2368772002
https://openalex.org/W2369530946
https://openalex.org/W2378517808
https://openalex.org/W2400179502
https://openalex.org/W2401676170
https://openalex.org/W2408763650
https://openalex.org/W2415451367
https://openalex.org/W2417667207
https://openalex.org/W2437665626
https://openalex.org/W2461417661
https://openalex.org/W2463899116
https://openalex.org/W2470214567
https://openalex.org/W2483077494
https://openalex.org/W2486225016
https://openalex.org/W2517460954
https://openalex.org/W2519729346
https://openalex.org/W2529915432
https://openalex.org/W2538009990
https://openalex.org/W2549072192
https://openalex.org/W2549560279
https://openalex.org/W2551988121
https://openalex.org/W2552250709
https://openalex.org/W2554885369
https://openalex.org/W2565670353
https://openalex.org/W2566132952
https://openalex.org/W2567035689
https://openalex.org/W2579200533
https://openalex.org/W2583031124
https://openalex.org/W2583766396
https://openalex.org/W2606986829
https://openalex.org/W2615118801
https://openalex.org/W2627024995
https://openalex.org/W2731140369
https://openalex.org/W2735556770
https://openalex.org/W2739478422
https://openalex.org/W2742803157
https://openalex.org/W2744132372
https://openalex.org/W2744525218
https://openalex.org/W2744598765
https://openalex.org/W2744890791
https://openalex.org/W2744941838
https://openalex.org/W2745099258
https://openalex.org/W2746450446
https://openalex.org/W2746718305
https://openalex.org/W2747390951
https://openalex.org/W2747898360
https://openalex.org/W2748417206
https://openalex.org/W2750010723
https://openalex.org/W2750179710
https://openalex.org/W2751962452
https://openalex.org/W2752632457
https://openalex.org/W2753533041
https://openalex.org/W2785825876
https://openalex.org/W2788894796
https://openalex.org/W2796931183
https://openalex.org/W2797329804
https://openalex.org/W2807780585
https://openalex.org/W2809516962
https://openalex.org/W2905685373
https://openalex.org/W2913092338
https://openalex.org/W2913152736
https://openalex.org/W2921988831
https://openalex.org/W2923745857
https://openalex.org/W2926820479
https://openalex.org/W2981016882
https://openalex.org/W2993965485
https://openalex.org/W3029181427
https://openalex.org/W3030451824
https://openalex.org/W3031428652
https://openalex.org/W3095534051
https://openalex.org/W3108953749
https://openalex.org/W3155826581
https://openalex.org/W3161538723
https://openalex.org/W3208971388
https://openalex.org/W4230564860
https://openalex.org/W4231781095
https://openalex.org/W4242726981
https://openalex.org/W4244457746
https://openalex.org/W4248748579
https://openalex.org/W4300060523
https://openalex.org/W4392718291
https://openalex.org/W4394372668
https://openalex.org/W4394471382
https://openalex.org/W5987710
https://openalex.org/W829257193
https://openalex.org/W1038358956
https://openalex.org/W1486517012
https://openalex.org/W1988206020
https://openalex.org/W1994232108
https://openalex.org/W2030519981
https://openalex.org/W2030873941
https://openalex.org/W2055711381
https://openalex.org/W2079143145
https://openalex.org/W2410452681
https://openalex.org/W2417642095
https://openalex.org/W2418731205
https://openalex.org/W2492100974
https://openalex.org/W2508227559
https://openalex.org/W2553898571
https://openalex.org/W266553745
https://openalex.org/W4233226288
https://openalex.org/W931673396
https://openalex.org/W1529125323
https://openalex.org/W2412193160
https://openalex.org/W2414184618
https://openalex.org/W2416120369
https://openalex.org/W2416140130
https://openalex.org/W2418393004
https://openalex.org/W2425380929
https://openalex.org/W2426258327
https://openalex.org/W2480345229
https://openalex.org/W2495232392
https://openalex.org/W2991893430
https://openalex.org/W4242355025
https://openalex.org/W4242730429
https://openalex.org/W4250606691
https://openalex.org/W4389734461
https://openalex.org/W1122448261
https://openalex.org/W1234638816
https://openalex.org/W135714862
https://openalex.org/W1966880528
https://openalex.org/W1969904468
https://openalex.org/W1971383486
https://openalex.org/W1973249759
https://openalex.org/W1973560090
https://openalex.org/W1974082225
https://openalex.org/W2001887843
https://openalex.org/W2004685094
https://openalex.org/W2008591620
https://openalex.org/W2018596115
https://openalex.org/W2023762041
https://openalex.org/W2029260153
https://openalex.org/W2030452600
https://openalex.org/W2032771816
https://openalex.org/W2040439972
https://openalex.org/W2044018431
https://openalex.org/W2048741848
https://openalex.org/W2056779892
https://openalex.org/W2060594562
https://openalex.org/W2072913329
https://openalex.org/W2073840319
https://openalex.org/W2074283006
https://openalex.org/W2075370068
https://openalex.org/W2075393284
https://openalex.org/W2085599115
https://openalex.org/W2089600020
https://openalex.org/W2094581899
https://openalex.org/W2107287634
https://openalex.org/W2111220956
https://openalex.org/W2123382441
https://openalex.org/W2128115553
https://openalex.org/W2134912331
https://openalex.org/W2147359174
https://openalex.org/W2152932207
https://openalex.org/W2162174437
https://openalex.org/W2168884487
https://openalex.org/W2182788973
https://openalex.org/W2189346783
https://openalex.org/W2228370735
https://openalex.org/W2233443833
https://openalex.org/W2256325062
https://openalex.org/W2268158993
https://openalex.org/W2282593066
https://openalex.org/W2304004853
https://openalex.org/W2313828687
https://openalex.org/W2314031607
https://openalex.org/W2314562717
https://openalex.org/W2319379698
https://openalex.org/W2321476172
https://openalex.org/W2324966118
https://openalex.org/W2332957859
https://openalex.org/W2346749634
https://openalex.org/W2348536586
https://openalex.org/W2348960153
https://openalex.org/W2349132520
https://openalex.org/W2352843806
https://openalex.org/W2356902351
https://openalex.org/W2357948193
https://openalex.org/W2358358261
https://openalex.org/W2358842150
https://openalex.org/W2361645469
https://openalex.org/W2361966623
https://openalex.org/W2361975553
https://openalex.org/W2363536063
https://openalex.org/W2365495396
https://openalex.org/W2365498554
https://openalex.org/W2367520989
https://openalex.org/W2368995044
https://openalex.org/W2372566431
https://openalex.org/W2375318802
https://openalex.org/W2375418359
https://openalex.org/W2378127654
https://openalex.org/W2378531642
https://openalex.org/W2380443694
https://openalex.org/W2380937772
https://openalex.org/W2382533915
https://openalex.org/W2386994033
https://openalex.org/W2388531066
https://openalex.org/W2389226575
https://openalex.org/W2391185178
https://openalex.org/W2392129236
https://openalex.org/W2392892274
https://openalex.org/W2400293881
https://openalex.org/W2413536508
https://openalex.org/W2422918892
https://openalex.org/W2467626520
https://openalex.org/W2481818854
https://openalex.org/W2483756898
https://openalex.org/W2484573307
https://openalex.org/W2485714566
https://openalex.org/W2487654895
https://openalex.org/W2488606392
https://openalex.org/W2491430138
https://openalex.org/W2493261257
https://openalex.org/W2494393152
https://openalex.org/W2502339352
https://openalex.org/W2506931999
https://openalex.org/W2530389262
https://openalex.org/W2534243618
https://openalex.org/W2560865930
https://openalex.org/W2570443720
https://openalex.org/W2578227645
https://openalex.org/W2587890503
https://openalex.org/W2596849042
https://openalex.org/W2606714684
https://openalex.org/W2745105502
https://openalex.org/W2793888861
https://openalex.org/W2808248234
https://openalex.org/W2884954226
https://openalex.org/W2886656652
https://openalex.org/W2897814440
https://openalex.org/W2906984317
https://openalex.org/W2914891936
https://openalex.org/W2944735864
https://openalex.org/W2948286549
https://openalex.org/W2955572678
https://openalex.org/W2977924297
https://openalex.org/W2980188358
https://openalex.org/W3011125462
https://openalex.org/W3011890176
https://openalex.org/W3030930637
https://openalex.org/W3035420107
https://openalex.org/W3036250674
https://openalex.org/W3118646972
https://openalex.org/W3118826732
https://openalex.org/W3166060838
https://openalex.org/W3209983802
https://openalex.org/W3211030049
https://openalex.org/W35713818
https://openalex.org/W383645101
https://openalex.org/W4233152637
https://openalex.org/W4237932407
https://openalex.org/W4239476754
https://openalex.org/W4250290278
https://openalex.org/W4255498734
https://openalex.org/W4298074628
https://openalex.org/W4298769195
https://openalex.org/W4299833252
https://openalex.org/W45241441
https://openalex.org/W643241061
https://openalex.org/W190815256
https://openalex.org/W2069497396
https://openalex.org/W2400340914
https://openalex.org/W2463863711
https://openalex.org/W2574349747
https://openalex.org/W1482114951
https://openalex.org/W2033741138
https://openalex.org/W2034021095
https://openalex.org/W2061825274
https://openalex.org/W2211595712
https://openalex.org/W2395900796
https://openalex.org/W2408236703
https://openalex.org/W2414827663
https://openalex.org/W2417266352
https://openalex.org/W2418077456
https://openalex.org/W2472165936
https://openalex.org/W4231298181
https://openalex.org/W1220017111
https://openalex.org/W1666958768
https://openalex.org/W1753919770
https://openalex.org/W1848295800
https://openalex.org/W186277200
https://openalex.org/W1975457175
https://openalex.org/W1980420698
https://openalex.org/W1982121491
https://openalex.org/W1986919719
https://openalex.org/W1986940232
https://openalex.org/W1996262735
https://openalex.org/W2003154143
https://openalex.org/W2014761569
https://openalex.org/W2020547051
https://openalex.org/W2024662477
https://openalex.org/W2028455990
https://openalex.org/W2042086157
https://openalex.org/W2060472365
https://openalex.org/W2069670166
https://openalex.org/W2083608656
https://openalex.org/W2084682787
https://openalex.org/W2099914978
https://openalex.org/W2101039787
https://openalex.org/W2120940674
https://openalex.org/W2126368297
https://openalex.org/W2237361746
https://openalex.org/W2354741325
https://openalex.org/W2356552874
https://openalex.org/W2357502311
https://openalex.org/W2366702287
https://openalex.org/W2367116695
https://openalex.org/W2368805533
https://openalex.org/W2371829055
https://openalex.org/W2379006791
https://openalex.org/W2382259954
https://openalex.org/W2385477782
https://openalex.org/W2385734795
https://openalex.org/W2388231318
https://openalex.org/W2392648470
https://openalex.org/W2411606972
https://openalex.org/W2412345764
https://openalex.org/W2416423898
https://openalex.org/W2417963815
https://openalex.org/W2468343899
https://openalex.org/W2591969379
https://openalex.org/W2592924218
https://openalex.org/W2598048234
https://openalex.org/W2605214480
https://openalex.org/W2606272194
https://openalex.org/W2610609835
https://openalex.org/W2625494849
https://openalex.org/W2738614186
https://openalex.org/W2742785419
https://openalex.org/W2743335691
https://openalex.org/W2745681894
https://openalex.org/W2748783339
https://openalex.org/W2749600626
https://openalex.org/W2750601983
https://openalex.org/W2751030834
https://openalex.org/W2751707007
https://openalex.org/W2752093700
https://openalex.org/W2752967979
https://openalex.org/W2753206828
https://openalex.org/W2754326350
https://openalex.org/W2754753368
https://openalex.org/W2755784967
https://openalex.org/W2755816590
https://openalex.org/W2756048393
https://openalex.org/W2756317392
https://openalex.org/W2759483395
https://openalex.org/W2761375676
https://openalex.org/W2770962864
https://openalex.org/W2773856375
https://openalex.org/W2779135489
https://openalex.org/W2790037080
https://openalex.org/W2792469145
https://openalex.org/W2801877100
https://openalex.org/W2886243281
https://openalex.org/W2901793792
https://openalex.org/W2921033625
https://openalex.org/W2925289928
https://openalex.org/W2926706211
https://openalex.org/W2982896343
https://openalex.org/W2985805916
https://openalex.org/W3004353742
https://openalex.org/W3021291728
https://openalex.org/W3168140779
https://openalex.org/W317164780
https://openalex.org/W4213411436
https://openalex.org/W4229789847
https://openalex.org/W4243129282
https://openalex.org/W4254243209
https://openalex.org/W563252364
https://openalex.org/W160417531
https://openalex.org/W1993990354
https://openalex.org/W2286701296
https://openalex.org/W2405578022
https://openalex.org/W2414047924
https://openalex.org/W2432988421
https://openalex.org/W2950590647
https://openalex.org/W1129282772
https://openalex.org/W125779571
https://openalex.org/W131929676
https://openalex.org/W1487159520
https://openalex.org/W1491137763
https://openalex.org/W1498563689
https://openalex.org/W153112452
https://openalex.org/W1535064286
https://openalex.org/W1581912262
https://openalex.org/W1595203748
https://openalex.org/W1606580569
https://openalex.org/W161353647
https://openalex.org/W1681218165
https://openalex.org/W1701754411
https://openalex.org/W1706117066
https://openalex.org/W184095917
https://openalex.org/W188673006
https://openalex.org/W1907748457
https://openalex.org/W1965039567
https://openalex.org/W1982210603
https://openalex.org/W1983142850
https://openalex.org/W1997745854
https://openalex.org/W2002126294
https://openalex.org/W2003079262
https://openalex.org/W2005059091
https://openalex.org/W2005327161
https://openalex.org/W2005692523
https://openalex.org/W2013873732
https://openalex.org/W2015109704
https://openalex.org/W2051407845
https://openalex.org/W2053968921
https://openalex.org/W2058555335
https://openalex.org/W2060332373
https://openalex.org/W2077304929
https://openalex.org/W2114122278
https://openalex.org/W2124235249
https://openalex.org/W2158013532
https://openalex.org/W2174172456
https://openalex.org/W2189202512
https://openalex.org/W2256619423
https://openalex.org/W2264269811
https://openalex.org/W2273629739
https://openalex.org/W2288010929
https://openalex.org/W2304618054
https://openalex.org/W2326152568
https://openalex.org/W2349675880
https://openalex.org/W2351007853
https://openalex.org/W2354046620
https://openalex.org/W2359148410
https://openalex.org/W2363182389
https://openalex.org/W2364946518
https://openalex.org/W2365128653
https://openalex.org/W2370035964
https://openalex.org/W2370502900
https://openalex.org/W2372790986
https://openalex.org/W2383698199
https://openalex.org/W2387207310
https://openalex.org/W2388328052
https://openalex.org/W2409939172
https://openalex.org/W2411377714
https://openalex.org/W2412971258
https://openalex.org/W2414033000
https://openalex.org/W2497884134
https://openalex.org/W2519962536
https://openalex.org/W2521993247
https://openalex.org/W2524879589
https://openalex.org/W2591442883
https://openalex.org/W2743312626
https://openalex.org/W2888028649
https://openalex.org/W2939399865
https://openalex.org/W300826886
https://openalex.org/W3011255521
https://openalex.org/W3029182668
https://openalex.org/W3044390185
https://openalex.org/W3125918783
https://openalex.org/W3159153530
https://openalex.org/W3160473900
https://openalex.org/W3195943728
https://openalex.org/W3209657879
https://openalex.org/W33220071
https://openalex.org/W358725951
https://openalex.org/W39012727
https://openalex.org/W4206838518
https://openalex.org/W4206959160
https://openalex.org/W4210758398
https://openalex.org/W4210839563
https://openalex.org/W4210936642
https://openalex.org/W4220696109
https://openalex.org/W4220812738
https://openalex.org/W4224240253
https://openalex.org/W4224998152
https://openalex.org/W4225890623
https://openalex.org/W4230077924
https://openalex.org/W4234405920
https://openalex.org/W4237636039
https://openalex.org/W4241915372
https://openalex.org/W4242054314
https://openalex.org/W4246088588
https://openalex.org/W4246816945
https://openalex.org/W4247956363
https://openalex.org/W4248411511
https://openalex.org/W4249187763
https://openalex.org/W4250823894
https://openalex.org/W4253625550
https://openalex.org/W4280557771
https://openalex.org/W4281668505
https://openalex.org/W4282917000
https://openalex.org/W4282931269
https://openalex.org/W4282961549
https://openalex.org/W4282968269
https://openalex.org/W4283019420
https://openalex.org/W4283020622
https://openalex.org/W4283033050
https://openalex.org/W4283722202
https://openalex.org/W4283823044
https://openalex.org/W4286213188
https://openalex.org/W4286324936
https://openalex.org/W4288778755
https://openalex.org/W4291010264
https://openalex.org/W4293004931
https://openalex.org/W4293518929
https://openalex.org/W4293579226
https://openalex.org/W4294526158
https://openalex.org/W4294658881
https://openalex.org/W4295872879
https://openalex.org/W4296691660
https://openalex.org/W4298089158
https://openalex.org/W4302007895
https://openalex.org/W4304092400
https://openalex.org/W4306180192
https://openalex.org/W4307564487
https://openalex.org/W4308182200
https://openalex.org/W4308843812
https://openalex.org/W4309583566
https://openalex.org/W4309750272
https://openalex.org/W4309924877
https://openalex.org/W4310102760
https://openalex.org/W4312609105
https://openalex.org/W4312760852
https://openalex.org/W4312981796
https://openalex.org/W4313146835
https://openalex.org/W4313154090
https://openalex.org/W4313459632
https://openalex.org/W4316078890
https://openalex.org/W4316078946
https://openalex.org/W4316079092
https://openalex.org/W4316081904
https://openalex.org/W4316084495
https://openalex.org/W4316085170
https://openalex.org/W4317655661
https://openalex.org/W4318167008
https://openalex.org/W4366308314
https://openalex.org/W4390970353
https://openalex.org/W4394071106
https://openalex.org/W4394134835
https://openalex.org/W4394177929
https://openalex.org/W4394224237
https://openalex.org/W4394257348
https://openalex.org/W4394351213
https://openalex.org/W4394374727
https://openalex.org/W4394421553
https://openalex.org/W4394514446
https://openalex.org/W4394520562
https://openalex.org/W4394531877
https://openalex.org/W4394543175
https://openalex.org/W49216818
https://openalex.org/W608760385
https://openalex.org/W633773782
https://openalex.org/W644722335
https://openalex.org/W86491146
https://openalex.org/W86550866
https://openalex.org/W99209893
https://openalex.org/W11450947
https://openalex.org/W181732437
https://openalex.org/W1977765645
https://openalex.org/W1985129116
https://openalex.org/W1990367109
https://openalex.org/W2021783525
https://openalex.org/W2022867198
https://openalex.org/W2056549482
https://openalex.org/W2067484282
https://openalex.org/W2070077721
https://openalex.org/W2075589514
https://openalex.org/W2090856619
https://openalex.org/W2242752917
https://openalex.org/W2320303015
https://openalex.org/W2399083496
https://openalex.org/W2411388025
https://openalex.org/W2416339440
https://openalex.org/W2489974280
https://openalex.org/W2523435743
https://openalex.org/W2755744155
https://openalex.org/W2996945497
https://openalex.org/W3131370182
https://openalex.org/W3131371303
https://openalex.org/W3133123509
https://openalex.org/W4233747097
https://openalex.org/W4248028935
https://openalex.org/W96359273
https://openalex.org/W1496594172
https://openalex.org/W1563638639
https://openalex.org/W1595051142
https://openalex.org/W1608870170
https://openalex.org/W1966202733
https://openalex.org/W1994295925
https://openalex.org/W2008937845
https://openalex.org/W2031691315
https://openalex.org/W2036331650
https://openalex.org/W2044040198
https://openalex.org/W2044770265
https://openalex.org/W2053074611
https://openalex.org/W2092347451
https://openalex.org/W2095468323
https://openalex.org/W2112697534
https://openalex.org/W2188767888
https://openalex.org/W2209242717
https://openalex.org/W2240296360
https://openalex.org/W2332983242
https://openalex.org/W2366152045
https://openalex.org/W2380210784
https://openalex.org/W2392393469
https://openalex.org/W2403008560
https://openalex.org/W2409961045
https://openalex.org/W2435097704
https://openalex.org/W2581809802
https://openalex.org/W2651148845
https://openalex.org/W2738863547
https://openalex.org/W2791881588
https://openalex.org/W2800230789
https://openalex.org/W2806345175
https://openalex.org/W2886285776
https://openalex.org/W2887452939
https://openalex.org/W2888407567
https://openalex.org/W2888642724
https://openalex.org/W2899300181
https://openalex.org/W2904954262
https://openalex.org/W2905061634
https://openalex.org/W2905365486
https://openalex.org/W2906278132
https://openalex.org/W2908684346
https://openalex.org/W2909691061
https://openalex.org/W2911082433
https://openalex.org/W2913518513
https://openalex.org/W2913519761
https://openalex.org/W2921824063
https://openalex.org/W2932878629
https://openalex.org/W2939545067
https://openalex.org/W2939660431
https://openalex.org/W2940617684
https://openalex.org/W2944530036
https://openalex.org/W2944666279
https://openalex.org/W2944778429
https://openalex.org/W2947109519
https://openalex.org/W2950359534
https://openalex.org/W2955329150
https://openalex.org/W2963399399
https://openalex.org/W2965595479
https://openalex.org/W2965864918
https://openalex.org/W2967029524
https://openalex.org/W2967153938
https://openalex.org/W2968209551
https://openalex.org/W2972585541
https://openalex.org/W2989740078
https://openalex.org/W2990983755
https://openalex.org/W2993416643
https://openalex.org/W2996362046
https://openalex.org/W2996420514
https://openalex.org/W3000008070
https://openalex.org/W3003396739
https://openalex.org/W3004244400
https://openalex.org/W3009500592
https://openalex.org/W3029642030
https://openalex.org/W3031516836
https://openalex.org/W3042830529
https://openalex.org/W3047832997
https://openalex.org/W3082761334
https://openalex.org/W3091610994
https://openalex.org/W3097945905
https://openalex.org/W3125670582
https://openalex.org/W3135607856
https://openalex.org/W3140470135
https://openalex.org/W3163229256
https://openalex.org/W3174977144
https://openalex.org/W3215813820
https://openalex.org/W4205573740
https://openalex.org/W4206321156
https://openalex.org/W4214767884
https://openalex.org/W4230011572
https://openalex.org/W4233252942
https://openalex.org/W4237362716
https://openalex.org/W4239516474
https://openalex.org/W4241269961
https://openalex.org/W4241846910
https://openalex.org/W4242065457
https://openalex.org/W4242373434
https://openalex.org/W4245563764
https://openalex.org/W4251554190
https://openalex.org/W4252373341
https://openalex.org/W1518990071
https://openalex.org/W169736905
https://openalex.org/W1963660843
https://openalex.org/W1964692708
https://openalex.org/W2008473303
https://openalex.org/W2017147422
https://openalex.org/W2024334918
https://openalex.org/W2036617145
https://openalex.org/W2060987528
https://openalex.org/W2178515789
https://openalex.org/W2198404844
https://openalex.org/W2321688142
https://openalex.org/W2398324675
https://openalex.org/W2410387278
https://openalex.org/W2410479076
https://openalex.org/W2415618088
https://openalex.org/W2415880524
https://openalex.org/W2418912971
https://openalex.org/W2437351620
https://openalex.org/W2440228997
https://openalex.org/W2471904813
https://openalex.org/W2725256549
https://openalex.org/W2732926485
https://openalex.org/W4232177713
https://openalex.org/W4245264003
https://openalex.org/W4253411039
https://openalex.org/W52685909
https://openalex.org/W1500916238
https://openalex.org/W1926182090
https://openalex.org/W1967998586
https://openalex.org/W1972225131
https://openalex.org/W2008011158
https://openalex.org/W2024184937
https://openalex.org/W2026519307
https://openalex.org/W2036791640
https://openalex.org/W2045424311
https://openalex.org/W2065966142
https://openalex.org/W2067182896
https://openalex.org/W2068106360
https://openalex.org/W2071363646
https://openalex.org/W2138873105
https://openalex.org/W2313192062
https://openalex.org/W2330690643
https://openalex.org/W2331180960
https://openalex.org/W2350635601
https://openalex.org/W2353195221
https://openalex.org/W2354084171
https://openalex.org/W2356886454
https://openalex.org/W2364573919
https://openalex.org/W2371771071
https://openalex.org/W237185232
https://openalex.org/W2382154994
https://openalex.org/W2388406291
https://openalex.org/W2398717723
https://openalex.org/W2408864190
https://openalex.org/W2408869355
https://openalex.org/W2413485765
https://openalex.org/W2432340047
https://openalex.org/W2463042466
https://openalex.org/W2471227475
https://openalex.org/W2517399259
https://openalex.org/W2517527240
https://openalex.org/W2557891631
https://openalex.org/W2654865022
https://openalex.org/W2789405655
https://openalex.org/W2791953534
https://openalex.org/W2794389040
https://openalex.org/W2914026483
https://openalex.org/W2917827151
https://openalex.org/W2969347212
https://openalex.org/W2996933158
https://openalex.org/W3001170570
https://openalex.org/W3002122676
https://openalex.org/W3009284982
https://openalex.org/W3009435507
https://openalex.org/W3010126537
https://openalex.org/W3013030750
https://openalex.org/W3014065260
https://openalex.org/W3015390197
https://openalex.org/W3017279444
https://openalex.org/W3027204859
https://openalex.org/W3034641890
https://openalex.org/W3046287214
https://openalex.org/W3046489911
https://openalex.org/W3055189844
https://openalex.org/W3082554971
https://openalex.org/W3084133119
https://openalex.org/W3088184400
https://openalex.org/W3088342780
https://openalex.org/W3090131653
https://openalex.org/W3092821327
https://openalex.org/W3093776837
https://openalex.org/W3093977632
https://openalex.org/W3097220894
https://openalex.org/W3101542367
https://openalex.org/W3107028356
https://openalex.org/W3108594668
https://openalex.org/W3108872400
https://openalex.org/W3112163844
https://openalex.org/W3112343838
https://openalex.org/W3113216962
https://openalex.org/W3117718052
https://openalex.org/W3120078868
https://openalex.org/W3138791636
https://openalex.org/W3146082047
https://openalex.org/W3153445397
https://openalex.org/W3154451642
https://openalex.org/W3160165587
https://openalex.org/W3165221704
https://openalex.org/W3165518731
https://openalex.org/W3165809198
https://openalex.org/W3166534238
https://openalex.org/W3166662552
https://openalex.org/W3168306334
https://openalex.org/W3171860601
https://openalex.org/W3172647121
https://openalex.org/W3176234355
https://openalex.org/W3184441862
https://openalex.org/W3185985077
https://openalex.org/W3186896509
https://openalex.org/W3199098775
https://openalex.org/W3209562687
https://openalex.org/W4205619046
https://openalex.org/W4206382098
https://openalex.org/W4210457496
https://openalex.org/W4210960753
https://openalex.org/W4211056534
https://openalex.org/W4211135125
https://openalex.org/W4211158252
https://openalex.org/W4211168223
https://openalex.org/W4229513765
https://openalex.org/W4230330644
https://openalex.org/W4230925167
https://openalex.org/W4233895844
https://openalex.org/W4235190060
https://openalex.org/W4239867713
https://openalex.org/W4240083207
https://openalex.org/W4240566671
https://openalex.org/W4241293683
https://openalex.org/W4243239939
https://openalex.org/W4245145036
https://openalex.org/W4248176101
https://openalex.org/W4248411239
https://openalex.org/W4250737346
https://openalex.org/W4250853292
https://openalex.org/W4251046708
https://openalex.org/W4251987763
https://openalex.org/W4252067081
https://openalex.org/W4255826608
https://openalex.org/W4285722590
https://openalex.org/W4287749012
https://openalex.org/W4391503170
https://openalex.org/W566646924
https://openalex.org/W2001756915
https://openalex.org/W2007359837
https://openalex.org/W2022939153
https://openalex.org/W2036505036
https://openalex.org/W2092587925
https://openalex.org/W2107453825
https://openalex.org/W2283718963
https://openalex.org/W2332087409
https://openalex.org/W2398453087
https://openalex.org/W2417115231
https://openalex.org/W2418655239
https://openalex.org/W2893706808
https://openalex.org/W1581073957
https://openalex.org/W187746035
https://openalex.org/W188647045
https://openalex.org/W1936803002
https://openalex.org/W2007844961
https://openalex.org/W2009725891
https://openalex.org/W2049185637
https://openalex.org/W2065072388
https://openalex.org/W2138996160
https://openalex.org/W2287097233
https://openalex.org/W2298929162
https://openalex.org/W2315572214
https://openalex.org/W2373814361
https://openalex.org/W2379623248
https://openalex.org/W2388486308
https://openalex.org/W2401375021
https://openalex.org/W2404561938
https://openalex.org/W2409561884
https://openalex.org/W2410953406
https://openalex.org/W2411282481
https://openalex.org/W2411595301
https://openalex.org/W2413146918
https://openalex.org/W2416306536
https://openalex.org/W2431724553
https://openalex.org/W2434605455
https://openalex.org/W2437346888
https://openalex.org/W2460353124
https://openalex.org/W2790025879
https://openalex.org/W3137874709
https://openalex.org/W4213105558
https://openalex.org/W4230708062
https://openalex.org/W4238821018
https://openalex.org/W2007000755
https://openalex.org/W2016592794
https://openalex.org/W2020642865
https://openalex.org/W2038136673
https://openalex.org/W2054146104
https://openalex.org/W2085199224
https://openalex.org/W2094408887
https://openalex.org/W2374264182
https://openalex.org/W2379150121
https://openalex.org/W2387043054
https://openalex.org/W2395108686
https://openalex.org/W2399022174
https://openalex.org/W2401880834
https://openalex.org/W2412492436
https://openalex.org/W2416365327
https://openalex.org/W2688348547
https://openalex.org/W2912920659
https://openalex.org/W2951500827
https://openalex.org/W3088799282
https://openalex.org/W3112749861
https://openalex.org/W3118916799
https://openalex.org/W3126325122
https://openalex.org/W3127122636
https://openalex.org/W3135476991
https://openalex.org/W3135498637
https://openalex.org/W3137119503
https://openalex.org/W3139295682
https://openalex.org/W3139533797
https://openalex.org/W3153433176
https://openalex.org/W3164300835
https://openalex.org/W3168563750
https://openalex.org/W3170182241
https://openalex.org/W3171946933
https://openalex.org/W3176132495
https://openalex.org/W3177851746
https://openalex.org/W3178173535
https://openalex.org/W3179495802
https://openalex.org/W3185069478
https://openalex.org/W3201017011
https://openalex.org/W3201048425
https://openalex.org/W3202992631
https://openalex.org/W3206908788
https://openalex.org/W3208260307
https://openalex.org/W3209779272
https://openalex.org/W3211790943
https://openalex.org/W3213580856
https://openalex.org/W3214860020
https://openalex.org/W3214901361
https://openalex.org/W3214995159
https://openalex.org/W3215119278
https://openalex.org/W3215412239
https://openalex.org/W3216731095
https://openalex.org/W4200572512
https://openalex.org/W4205539222
https://openalex.org/W4205607313
https://openalex.org/W4231550247
https://openalex.org/W4254153237
https://openalex.org/W4297777309
https://openalex.org/W4320513956
https://openalex.org/W4394121498
https://openalex.org/W4394244898
https://openalex.org/W4394359559
https://openalex.org/W4394391199
https://openalex.org/W1003165514
https://openalex.org/W1978594779
https://openalex.org/W2043604058
https://openalex.org/W2048256922
https://openalex.org/W2116991317
https://openalex.org/W2246997144
https://openalex.org/W2297924128
https://openalex.org/W2298033887
https://openalex.org/W2305223507
https://openalex.org/W2307658801
https://openalex.org/W2348753579
https://openalex.org/W2355449787
https://openalex.org/W2371133600
https://openalex.org/W2381126902
https://openalex.org/W2384100387
https://openalex.org/W2403576630
https://openalex.org/W2405493903
https://openalex.org/W2415691462
https://openalex.org/W2417005986
https://openalex.org/W2471387839
https://openalex.org/W2471459028
https://openalex.org/W2479131188
https://openalex.org/W2748131690
https://openalex.org/W2767477184
https://openalex.org/W2911622325
https://openalex.org/W2950752085
https://openalex.org/W2977821271
https://openalex.org/W335217922
https://openalex.org/W4213003660
https://openalex.org/W4239185006
https://openalex.org/W4243541902
https://openalex.org/W4244018343
https://openalex.org/W4251970961
https://openalex.org/W149008316
https://openalex.org/W200346129
https://openalex.org/W2084567723
https://openalex.org/W2088674784
https://openalex.org/W2188558609
https://openalex.org/W2412501547
https://openalex.org/W2414267215
https://openalex.org/W2415148411
https://openalex.org/W2417334950
https://openalex.org/W2419641407
https://openalex.org/W2419720558
https://openalex.org/W2419904139
https://openalex.org/W2441954550
https://openalex.org/W2464876287
https://openalex.org/W2943765559
https://openalex.org/W49401189
https://openalex.org/W576604569
https://openalex.org/W1993316099
https://openalex.org/W1993333260
https://openalex.org/W2026472822
https://openalex.org/W2030019489
https://openalex.org/W2034772186
https://openalex.org/W2046369919
https://openalex.org/W2053511778
https://openalex.org/W2077854882
https://openalex.org/W2240230213
https://openalex.org/W2399715721
https://openalex.org/W2405841760
https://openalex.org/W2409529808
https://openalex.org/W2412146910
https://openalex.org/W2412297875
https://openalex.org/W2412561573
https://openalex.org/W2414863961
https://openalex.org/W2439760863
https://openalex.org/W2474492156
https://openalex.org/W2522891885
https://openalex.org/W2581191278
https://openalex.org/W2796358389
https://openalex.org/W2993640818
https://openalex.org/W4244239452
https://openalex.org/W4250737548
https://openalex.org/W867155332
https://openalex.org/W1497787965
https://openalex.org/W1555605241
https://openalex.org/W1886212611
https://openalex.org/W1989987787
https://openalex.org/W1990882125
https://openalex.org/W1998107025
https://openalex.org/W2003328291
https://openalex.org/W2010466956
https://openalex.org/W2014776299
https://openalex.org/W2017058167
https://openalex.org/W2022439213
https://openalex.org/W2031892800
https://openalex.org/W2041243756
https://openalex.org/W2048546680
https://openalex.org/W2051407158
https://openalex.org/W2052367858
https://openalex.org/W2057388462
https://openalex.org/W2061235377
https://openalex.org/W2061577531
https://openalex.org/W2063345808
https://openalex.org/W2104738541
https://openalex.org/W2183214477
https://openalex.org/W2235355216
https://openalex.org/W226329859
https://openalex.org/W2271955540
https://openalex.org/W2312656359
https://openalex.org/W2318958082
https://openalex.org/W2331199966
https://openalex.org/W2342586570
https://openalex.org/W2379830647
https://openalex.org/W2396212575
https://openalex.org/W2397244176
https://openalex.org/W2399313967
https://openalex.org/W2412078075
https://openalex.org/W2412530337
https://openalex.org/W2413409627
https://openalex.org/W2413746987
https://openalex.org/W2414864434
https://openalex.org/W2416295542
https://openalex.org/W2417058011
https://openalex.org/W2417275847
https://openalex.org/W2420979799
https://openalex.org/W2442767007
https://openalex.org/W2463873047
https://openalex.org/W2468263816
https://openalex.org/W2472366224
https://openalex.org/W2494437605
https://openalex.org/W2504204844
https://openalex.org/W2547374483
https://openalex.org/W2567238924
https://openalex.org/W2605086428
https://openalex.org/W2949707676
https://openalex.org/W2949986662
https://openalex.org/W2950631698
https://openalex.org/W2950659824
https://openalex.org/W2952468586
https://openalex.org/W2952907368
https://openalex.org/W2953043803
https://openalex.org/W3106571018
https://openalex.org/W3148058908
https://openalex.org/W3167035833
https://openalex.org/W3173520684
https://openalex.org/W3195383768
https://openalex.org/W4239906212
https://openalex.org/W4243043658
https://openalex.org/W4249420520
https://openalex.org/W4249605115
https://openalex.org/W4252747772
https://openalex.org/W173624628
https://openalex.org/W1983375939
https://openalex.org/W1996597578
https://openalex.org/W2012198042
https://openalex.org/W2019799864
https://openalex.org/W2034105887
https://openalex.org/W2049235119
https://openalex.org/W2078132573
https://openalex.org/W2083063802
https://openalex.org/W2092217253
https://openalex.org/W2257959977
https://openalex.org/W2313441344
https://openalex.org/W2319666882
https://openalex.org/W2325830004
https://openalex.org/W2327505156
https://openalex.org/W2336765564
https://openalex.org/W237235284
https://openalex.org/W2402003020
https://openalex.org/W2409744502
https://openalex.org/W2409762643
https://openalex.org/W2414531371
https://openalex.org/W2416260343
https://openalex.org/W2416415426
https://openalex.org/W2471879921
https://openalex.org/W2472966514
https://openalex.org/W2475906546
https://openalex.org/W2488326782
https://openalex.org/W249803770
https://openalex.org/W2520881983
https://openalex.org/W2536598355
https://openalex.org/W2573262113
https://openalex.org/W2728116808
https://openalex.org/W2764372371
https://openalex.org/W2950054221
https://openalex.org/W2951521080
https://openalex.org/W2951972511
https://openalex.org/W2952191333
https://openalex.org/W2952273393
https://openalex.org/W2991805443
https://openalex.org/W387126701
https://openalex.org/W4235069995
https://openalex.org/W4238135947
https://openalex.org/W4238741919
https://openalex.org/W4253271183
https://openalex.org/W4254467664
https://openalex.org/W587756237
https://openalex.org/W659415509
https://openalex.org/W105082005
https://openalex.org/W1515744148
https://openalex.org/W155921634
https://openalex.org/W160348905
https://openalex.org/W1644292756
https://openalex.org/W179485310
https://openalex.org/W1887035939
https://openalex.org/W194756242
https://openalex.org/W1976290147
https://openalex.org/W1978313091
https://openalex.org/W1978467920
https://openalex.org/W1995489182
https://openalex.org/W1997069383
https://openalex.org/W2001859507
https://openalex.org/W2007138159
https://openalex.org/W2010836667
https://openalex.org/W2018258067
https://openalex.org/W203801319
https://openalex.org/W2038945211
https://openalex.org/W2047638297
https://openalex.org/W2053113717
https://openalex.org/W2053590381
https://openalex.org/W2054813133
https://openalex.org/W2061145748
https://openalex.org/W2093838741
https://openalex.org/W2094195441
https://openalex.org/W2107121899
https://openalex.org/W2130307724
https://openalex.org/W2136026790
https://openalex.org/W2183704531
https://openalex.org/W2298876942
https://openalex.org/W2301147227
https://openalex.org/W2314467122
https://openalex.org/W2315280712
https://openalex.org/W2315625633
https://openalex.org/W2316012149
https://openalex.org/W2319830563
https://openalex.org/W2323268689
https://openalex.org/W2326400847
https://openalex.org/W2334338688
https://openalex.org/W2340062844
https://openalex.org/W2399384764
https://openalex.org/W2401243569
https://openalex.org/W2402082953
https://openalex.org/W2405027825
https://openalex.org/W2409664298
https://openalex.org/W2409738434
https://openalex.org/W2411637802
https://openalex.org/W2412017422
https://openalex.org/W2412599295
https://openalex.org/W2412938295
https://openalex.org/W2413038904
https://openalex.org/W2413386882
https://openalex.org/W2413447709
https://openalex.org/W2413857621
https://openalex.org/W2415700906
https://openalex.org/W2416181728
https://openalex.org/W2416590953
https://openalex.org/W2417978598
https://openalex.org/W2419221735
https://openalex.org/W2419392909
https://openalex.org/W2422052378
https://openalex.org/W2424829903
https://openalex.org/W2425253678
https://openalex.org/W244889339
https://openalex.org/W2462773614
https://openalex.org/W2465193206
https://openalex.org/W2468790273
https://openalex.org/W2469675925
https://openalex.org/W2484674958
https://openalex.org/W2485854253
https://openalex.org/W2492336251
https://openalex.org/W2500550096
https://openalex.org/W2504340876
https://openalex.org/W2504643425
https://openalex.org/W2513437272
https://openalex.org/W2513985798
https://openalex.org/W2530023746
https://openalex.org/W2564014305
https://openalex.org/W2588396090
https://openalex.org/W260786610
https://openalex.org/W2608066997
https://openalex.org/W2725915250
https://openalex.org/W2734565951
https://openalex.org/W2735363322
https://openalex.org/W2735957393
https://openalex.org/W2914287179
https://openalex.org/W2951064857
https://openalex.org/W2953132148
https://openalex.org/W296772158
https://openalex.org/W2992065105
https://openalex.org/W3028097739
https://openalex.org/W3047916897
https://openalex.org/W3049025107
https://openalex.org/W3181308504
https://openalex.org/W3207838261
https://openalex.org/W365942952
https://openalex.org/W368480812
https://openalex.org/W394410456
https://openalex.org/W416835374
https://openalex.org/W4206463298
https://openalex.org/W4236642278
https://openalex.org/W4237766280
https://openalex.org/W4237923137
https://openalex.org/W4239780414
https://openalex.org/W4241287974
https://openalex.org/W4241655757
https://openalex.org/W4250087389
https://openalex.org/W4255004800
https://openalex.org/W463681705
https://openalex.org/W570552357
https://openalex.org/W600941692
https://openalex.org/W68268796
https://openalex.org/W70662073
https://openalex.org/W73012300
https://openalex.org/W798687636
https://openalex.org/W946622463
https://openalex.org/W2147068163
https://openalex.org/W2170515966
https://openalex.org/W2094338449
https://openalex.org/W1997822484
https://openalex.org/W2170274374
https://openalex.org/W1981690705
https://openalex.org/W35202944
https://openalex.org/W2066980099
https://openalex.org/W2064642161
https://openalex.org/W2339482838
https://openalex.org/W2068311105
https://openalex.org/W2130040182
https://openalex.org/W2017357594
https://openalex.org/W1926049969
https://openalex.org/W2315326052
https://openalex.org/W2337976486
https://openalex.org/W2057781614
https://openalex.org/W2020413211
https://openalex.org/W2123680400
https://openalex.org/W2339392195
https://openalex.org/W1756373912
https://openalex.org/W1869195861
https://openalex.org/W2089097621
https://openalex.org/W2149086737
https://openalex.org/W2121779980
https://openalex.org/W2000581759
https://openalex.org/W1986741896
https://openalex.org/W1922200225
https://openalex.org/W2028389385
https://openalex.org/W1875615308
https://openalex.org/W967373311
https://openalex.org/W2125771066
https://openalex.org/W1973607284
https://openalex.org/W2099972381
https://openalex.org/W2071141381
https://openalex.org/W2046689400
https://openalex.org/W2801363769
https://openalex.org/W1579352208
https://openalex.org/W2119077291
https://openalex.org/W1504779493
https://openalex.org/W2624387478
https://openalex.org/W158545688
https://openalex.org/W2123333705
https://openalex.org/W3043959317
https://openalex.org/W2107589168
https://openalex.org/W1594322774
https://openalex.org/W2147154305
https://openalex.org/W2673137008
https://openalex.org/W2606039401
https://openalex.org/W2989653485
https://openalex.org/W2792053361
https://openalex.org/W2032026823
https://openalex.org/W2784126913
https://openalex.org/W2905611270
https://openalex.org/W1984195475
https://openalex.org/W3080092764
https://openalex.org/W2262060930
https://openalex.org/W3216282807
https://openalex.org/W3019648101
https://openalex.org/W4205173149
https://openalex.org/W4283207056
https://openalex.org/W4205625128
https://openalex.org/W3194868199
https://openalex.org/W3194077334
https://openalex.org/W4290692624
https://openalex.org/W4321200817
https://openalex.org/W4360979824
https://openalex.org/W4323363026
https://openalex.org/W4387340389
https://openalex.org/W32834579
https://openalex.org/W1972788615
https://openalex.org/W2134967635
https://openalex.org/W2073940609
https://openalex.org/W2064200301
https://openalex.org/W2058627191
https://openalex.org/W2329315405
https://openalex.org/W2126841263
https://openalex.org/W2017809653
https://openalex.org/W2003581757
https://openalex.org/W317817448
https://openalex.org/W2076215076
https://openalex.org/W175238850
https://openalex.org/W2066925537
https://openalex.org/W1986882958
https://openalex.org/W2143248961
https://openalex.org/W1517807534
https://openalex.org/W2078383484
https://openalex.org/W2168048025
https://openalex.org/W2087200285
https://openalex.org/W2140250563
https://openalex.org/W2167220415
https://openalex.org/W2094980399
https://openalex.org/W2273350722
https://openalex.org/W23937482
https://openalex.org/W2007766732
https://openalex.org/W2019579835
https://openalex.org/W2148134316
https://openalex.org/W2068487122
https://openalex.org/W1982265133
https://openalex.org/W2046033375
https://openalex.org/W2140817425
https://openalex.org/W1991417087
https://openalex.org/W1966762976
https://openalex.org/W1998753515
https://openalex.org/W2076118435
https://openalex.org/W2131004674
https://openalex.org/W2016763391
https://openalex.org/W2093107492
https://openalex.org/W2034022404
https://openalex.org/W1986853263
https://openalex.org/W2039628371
https://openalex.org/W2132597772
https://openalex.org/W2030554779
https://openalex.org/W2093213870
https://openalex.org/W2463753492
https://openalex.org/W2009957319
https://openalex.org/W1967863051
https://openalex.org/W2115182078
https://openalex.org/W2893611617
https://openalex.org/W2528888241
https://openalex.org/W2114243674
https://openalex.org/W2801727786
https://openalex.org/W2338803898
https://openalex.org/W2161909892
https://openalex.org/W2799478339
https://openalex.org/W2809641182
https://openalex.org/W1989966599
https://openalex.org/W2051940084
https://openalex.org/W2885982844
https://openalex.org/W2919180304
https://openalex.org/W2992843112
https://openalex.org/W2163472335
https://openalex.org/W2770568243
https://openalex.org/W3011882517
https://openalex.org/W2054181485
https://openalex.org/W2751837113
https://openalex.org/W2086400609
https://openalex.org/W2099293414
https://openalex.org/W2026205985
https://openalex.org/W997750804
https://openalex.org/W3082076460
https://openalex.org/W2118961511
https://openalex.org/W2147343319
https://openalex.org/W2891900900
https://openalex.org/W2947229613
https://openalex.org/W2792345801
https://openalex.org/W2341261941
https://openalex.org/W2344691092
https://openalex.org/W2291928603
https://openalex.org/W2227686726
https://openalex.org/W2800482471
https://openalex.org/W2893812458
https://openalex.org/W3080443321
https://openalex.org/W3042268052
https://openalex.org/W2765335682
https://openalex.org/W2887926363
https://openalex.org/W2912427927
https://openalex.org/W2940629231
https://openalex.org/W2991677294
https://openalex.org/W2961141310
https://openalex.org/W3041875666
https://openalex.org/W3045709907
https://openalex.org/W2944714885
https://openalex.org/W3120888163
https://openalex.org/W3211223079
https://openalex.org/W3186037283
https://openalex.org/W3193317294
https://openalex.org/W4288036432
https://openalex.org/W4223419422
https://openalex.org/W4211085927
https://openalex.org/W4200351202
https://openalex.org/W4220818032
https://openalex.org/W4378348045
https://openalex.org/W4317745905
https://openalex.org/W4378348389
https://openalex.org/W4294631064
https://openalex.org/W4295350434
https://openalex.org/W4389279421
https://openalex.org/W4391407227
https://openalex.org/W4391560837
https://openalex.org/W4392096253
https://openalex.org/W1580500775
https://openalex.org/W2586329328
https://openalex.org/W2000117915
https://openalex.org/W2157621855
https://openalex.org/W2159615897
https://openalex.org/W166570454
https://openalex.org/W2113204556
https://openalex.org/W2117329557
https://openalex.org/W1982456907
https://openalex.org/W2013021063
https://openalex.org/W2021407059
https://openalex.org/W2077252739
https://openalex.org/W2025811635
https://openalex.org/W150494351
https://openalex.org/W1979754217
https://openalex.org/W1987170195
https://openalex.org/W2283489760
https://openalex.org/W2065859138
https://openalex.org/W1979057708
https://openalex.org/W2079027438
https://openalex.org/W1809398380
https://openalex.org/W1968618136
https://openalex.org/W1570144863
https://openalex.org/W1989696211
https://openalex.org/W2004180374
https://openalex.org/W2025213109
https://openalex.org/W2075762450
https://openalex.org/W1964901155
https://openalex.org/W2013282820
https://openalex.org/W2059008121
https://openalex.org/W1838957180
https://openalex.org/W2162938499
https://openalex.org/W2103144236
https://openalex.org/W2120396987
https://openalex.org/W1987288188
https://openalex.org/W2092044693
https://openalex.org/W1963687548
https://openalex.org/W2136490696
https://openalex.org/W1932496804
https://openalex.org/W2067266908
https://openalex.org/W9602007
https://openalex.org/W2094755485
https://openalex.org/W2090118868
https://openalex.org/W2071051446
https://openalex.org/W2057453987
https://openalex.org/W2048522531
https://openalex.org/W2075606933
https://openalex.org/W2056951025
https://openalex.org/W2061062987
https://openalex.org/W2051302501
https://openalex.org/W1975083127
https://openalex.org/W1967886419
https://openalex.org/W2896900679
https://openalex.org/W2045458017
https://openalex.org/W2107094925
https://openalex.org/W2040255643
https://openalex.org/W2041455975
https://openalex.org/W2346847441
https://openalex.org/W2504522418
https://openalex.org/W2788926776
https://openalex.org/W2792136736
https://openalex.org/W2791053681
https://openalex.org/W2048670925
https://openalex.org/W2091226564
https://openalex.org/W2151164874
https://openalex.org/W2584752200
https://openalex.org/W2898685318
https://openalex.org/W2557099177
https://openalex.org/W2558475804
https://openalex.org/W2771687225
https://openalex.org/W2766925614
https://openalex.org/W2013185328
https://openalex.org/W2626800902
https://openalex.org/W2914158671
https://openalex.org/W2063096966
https://openalex.org/W2417522345
https://openalex.org/W2888294900
https://openalex.org/W2921900936
https://openalex.org/W2612203761
https://openalex.org/W2274320516
https://openalex.org/W2775772713
https://openalex.org/W2900985981
https://openalex.org/W2905288402
https://openalex.org/W2974306493
https://openalex.org/W2397020202
https://openalex.org/W2761001821
https://openalex.org/W2809942118
https://openalex.org/W2791849537
https://openalex.org/W2937172014
https://openalex.org/W2807978801
https://openalex.org/W3084765945
https://openalex.org/W2889358716
https://openalex.org/W2884546282
https://openalex.org/W2966282875
https://openalex.org/W3016454915
https://openalex.org/W2946814987
https://openalex.org/W2939192227
https://openalex.org/W2986768652
https://openalex.org/W2994802460
https://openalex.org/W3027321639
https://openalex.org/W2989407153
https://openalex.org/W3014101207
https://openalex.org/W3135339900
https://openalex.org/W3194765287
https://openalex.org/W1997755016
https://openalex.org/W3125910893
https://openalex.org/W3153764795
https://openalex.org/W3137032461
https://openalex.org/W3195240821
https://openalex.org/W3164041565
https://openalex.org/W3202574545
https://openalex.org/W3173699501
https://openalex.org/W3090176851
https://openalex.org/W4289210947
https://openalex.org/W4311289767
https://openalex.org/W3209461155
https://openalex.org/W4313398238
https://openalex.org/W4362475683
https://openalex.org/W4383102027
https://openalex.org/W4386268539
https://openalex.org/W4386278227
https://openalex.org/W4389409732
https://openalex.org/W4389640293
https://openalex.org/W4390414993
https://openalex.org/W4390743296
https://openalex.org/W4391264528
https://openalex.org/W4391814720
https://openalex.org/W4391887190
https://openalex.org/W1731955413
https://openalex.org/W2020458122
https://openalex.org/W2172135937
https://openalex.org/W1583367053
https://openalex.org/W1933934781
https://openalex.org/W2043457978
https://openalex.org/W2045800054
https://openalex.org/W2150424644
https://openalex.org/W2292416400
https://openalex.org/W2270747020
https://openalex.org/W2022363938
https://openalex.org/W2022731111
https://openalex.org/W2067511162
https://openalex.org/W1969124409
https://openalex.org/W1969756786
https://openalex.org/W2006091918
https://openalex.org/W2081703948
https://openalex.org/W1568913968
https://openalex.org/W2024579170
https://openalex.org/W1946786654
https://openalex.org/W2155322080
https://openalex.org/W2033249901
https://openalex.org/W1986777690
https://openalex.org/W2110767560
https://openalex.org/W2157810393
https://openalex.org/W1610491136
https://openalex.org/W2012657996
https://openalex.org/W2141655193
https://openalex.org/W2046800200
https://openalex.org/W1988363816
https://openalex.org/W1990914973
https://openalex.org/W1985703062
https://openalex.org/W2027797896
https://openalex.org/W2029688453
https://openalex.org/W2068507644
https://openalex.org/W2076110701
https://openalex.org/W2095991155
https://openalex.org/W2129083394
https://openalex.org/W1608698513
https://openalex.org/W1983416388
https://openalex.org/W2110320290
https://openalex.org/W2023534572
https://openalex.org/W2070208355
https://openalex.org/W2081942999
https://openalex.org/W2144795369
https://openalex.org/W2464960462
https://openalex.org/W2075579802
https://openalex.org/W2008318218
https://openalex.org/W2027944817
https://openalex.org/W2073623971
https://openalex.org/W1969441406
https://openalex.org/W2147395899
https://openalex.org/W2054050573
https://openalex.org/W2084506195
https://openalex.org/W4249533080
https://openalex.org/W2397070607
https://openalex.org/W2024116429
https://openalex.org/W2283432975
https://openalex.org/W2538538514
https://openalex.org/W2595497193
https://openalex.org/W2092303564
https://openalex.org/W2526492644
https://openalex.org/W2623171908
https://openalex.org/W2625790153
https://openalex.org/W2745048246
https://openalex.org/W2525895691
https://openalex.org/W2793626409
https://openalex.org/W1606972428
https://openalex.org/W2800503898
https://openalex.org/W2273828733
https://openalex.org/W2586184441
https://openalex.org/W2013146343
https://openalex.org/W2568127319
https://openalex.org/W2800857665
https://openalex.org/W2749489219
https://openalex.org/W2789533057
https://openalex.org/W2783518072
https://openalex.org/W2803305360
https://openalex.org/W2903366545
https://openalex.org/W2296888051
https://openalex.org/W2470690353
https://openalex.org/W2909767152
https://openalex.org/W2285722537
https://openalex.org/W2411540069
https://openalex.org/W2790159824
https://openalex.org/W2810256105
https://openalex.org/W2908358369
https://openalex.org/W2918790696
https://openalex.org/W2944324559
https://openalex.org/W2969484628
https://openalex.org/W2978818932
https://openalex.org/W2907713937
https://openalex.org/W2980464362
https://openalex.org/W3021409316
https://openalex.org/W3036218367
https://openalex.org/W3043160249
https://openalex.org/W3031244454
https://openalex.org/W3083283984
https://openalex.org/W3152842836
https://openalex.org/W3111763173
https://openalex.org/W3120754394
https://openalex.org/W3127505943
https://openalex.org/W3135792738
https://openalex.org/W3120047349
https://openalex.org/W3182339857
https://openalex.org/W4214743640
https://openalex.org/W4280632103
https://openalex.org/W4206112612
https://openalex.org/W4206667663
https://openalex.org/W4220917837
https://openalex.org/W4321373135
https://openalex.org/W4382777124
https://openalex.org/W4384007660
https://openalex.org/W4313588400
https://openalex.org/W4317748913
https://openalex.org/W4321792594
https://openalex.org/W4377024314
https://openalex.org/W4379093628
https://openalex.org/W4381051037
https://openalex.org/W4386077814
https://openalex.org/W1985997267
https://openalex.org/W1928781582
https://openalex.org/W2019467989
https://openalex.org/W2133272697
https://openalex.org/W2189259121
https://openalex.org/W1857526637
https://openalex.org/W2053451473
https://openalex.org/W2016197383
https://openalex.org/W2144644090
https://openalex.org/W1501602897
https://openalex.org/W1511684880
https://openalex.org/W2047302707
https://openalex.org/W2042711599
https://openalex.org/W2100035442
https://openalex.org/W2033179183
https://openalex.org/W2165894555
https://openalex.org/W2412579254
https://openalex.org/W2022001141
https://openalex.org/W2091576293
https://openalex.org/W1998325662
https://openalex.org/W2044344947
https://openalex.org/W2019711545
https://openalex.org/W2071894522
https://openalex.org/W2026039012
https://openalex.org/W2067393357
https://openalex.org/W2010035902
https://openalex.org/W2036287352
https://openalex.org/W2060565455
https://openalex.org/W1969451129
https://openalex.org/W2011400992
https://openalex.org/W1760210941
https://openalex.org/W1981790843
https://openalex.org/W2030747435
https://openalex.org/W2010053852
https://openalex.org/W2057832517
https://openalex.org/W2112488019
https://openalex.org/W2002418348
https://openalex.org/W1978965576
https://openalex.org/W2080394264
https://openalex.org/W2151999666
https://openalex.org/W2016079044
https://openalex.org/W2017212235
https://openalex.org/W1767314125
https://openalex.org/W1965343535
https://openalex.org/W2082423527
https://openalex.org/W2048304457
https://openalex.org/W2082154006
https://openalex.org/W2314749585
https://openalex.org/W2598152783
https://openalex.org/W2623470829
https://openalex.org/W2728672087
https://openalex.org/W2733800758
https://openalex.org/W77531641
https://openalex.org/W2130614237
https://openalex.org/W2465826042
https://openalex.org/W2835235068
https://openalex.org/W763063979
https://openalex.org/W2417886070
https://openalex.org/W2603955566
https://openalex.org/W2606740377
https://openalex.org/W2806192494
https://openalex.org/W2253401747
https://openalex.org/W2605412573
https://openalex.org/W2757887597
https://openalex.org/W2794219072
https://openalex.org/W2738697492
https://openalex.org/W2807149559
https://openalex.org/W2898859802
https://openalex.org/W2903509054
https://openalex.org/W2911082360
https://openalex.org/W2463069055
https://openalex.org/W2803426121
https://openalex.org/W2904822587
https://openalex.org/W2923540257
https://openalex.org/W2894058108
https://openalex.org/W2896025126
https://openalex.org/W2915755777
https://openalex.org/W2953305918
https://openalex.org/W2963578824
https://openalex.org/W2968400169
https://openalex.org/W2958925593
https://openalex.org/W2914985880
https://openalex.org/W2923421882
https://openalex.org/W2989797048
https://openalex.org/W2960532416
https://openalex.org/W3127648207
https://openalex.org/W3011612172
https://openalex.org/W3016722693
https://openalex.org/W2983022347
https://openalex.org/W3005154624
https://openalex.org/W3009704773
https://openalex.org/W3166118195
https://openalex.org/W3176992370
https://openalex.org/W3119230556
https://openalex.org/W2016361199
https://openalex.org/W3040948570
https://openalex.org/W3131361689
https://openalex.org/W3134806661
https://openalex.org/W3122681336
https://openalex.org/W3168737826
https://openalex.org/W3194045995
https://openalex.org/W4225086744
https://openalex.org/W4288053944
https://openalex.org/W4210482081
https://openalex.org/W4293102378
https://openalex.org/W4214504771
https://openalex.org/W4220878080
https://openalex.org/W4281859968
https://openalex.org/W4281961686
https://openalex.org/W4296179069
https://openalex.org/W1474828613
https://openalex.org/W4301400890
https://openalex.org/W4311671245
https://openalex.org/W4317659318
https://openalex.org/W4319939716
https://openalex.org/W4321459282
https://openalex.org/W4387190879
https://openalex.org/W2007689030
https://openalex.org/W2094917315
https://openalex.org/W2068318162
https://openalex.org/W2037901717
https://openalex.org/W1966838831
https://openalex.org/W1523207078
https://openalex.org/W1999448616
https://openalex.org/W2089578861
https://openalex.org/W2258225212
https://openalex.org/W2019726071
https://openalex.org/W2137468770
https://openalex.org/W1664280071
https://openalex.org/W2084082339
https://openalex.org/W2156333450
https://openalex.org/W1971760344
https://openalex.org/W2032353614
https://openalex.org/W2049117465
https://openalex.org/W7038983
https://openalex.org/W2247195428
https://openalex.org/W2072084501
https://openalex.org/W1510351889
https://openalex.org/W2080806347
https://openalex.org/W2129101373
https://openalex.org/W1969302053
https://openalex.org/W2011400825
https://openalex.org/W306561522
https://openalex.org/W2082214098
https://openalex.org/W2410939086
https://openalex.org/W1520927967
https://openalex.org/W2013324421
https://openalex.org/W2033902375
https://openalex.org/W2161184668
https://openalex.org/W2162360204
https://openalex.org/W2041092399
https://openalex.org/W2138928429
https://openalex.org/W2052044857
https://openalex.org/W2093868824
https://openalex.org/W1500995897
https://openalex.org/W2013345571
https://openalex.org/W2128585473
https://openalex.org/W2047387002
https://openalex.org/W2132688484
https://openalex.org/W1988919994
https://openalex.org/W2129124139
https://openalex.org/W146750099
https://openalex.org/W2013044488
https://openalex.org/W2041983502
https://openalex.org/W2044183130
https://openalex.org/W2049956286
https://openalex.org/W2050569068
https://openalex.org/W2111193392
https://openalex.org/W2113277278
https://openalex.org/W2133777899
https://openalex.org/W2035304706
https://openalex.org/W2051312970
https://openalex.org/W2120014337
https://openalex.org/W1660654272
https://openalex.org/W2032801740
https://openalex.org/W2174652052
https://openalex.org/W2533070597
https://openalex.org/W2589080767
https://openalex.org/W2543543112
https://openalex.org/W2554269924
https://openalex.org/W2810096156
https://openalex.org/W1501219740
https://openalex.org/W2202298048
https://openalex.org/W2603828373
https://openalex.org/W2547616363
https://openalex.org/W2754737562
https://openalex.org/W2286581550
https://openalex.org/W2525518005
https://openalex.org/W2553074193
https://openalex.org/W2553110413
https://openalex.org/W2910256456
https://openalex.org/W2970498020
https://openalex.org/W2792595520
https://openalex.org/W2810653729
https://openalex.org/W2898636681
https://openalex.org/W2939818559
https://openalex.org/W2955446778
https://openalex.org/W2901018273
https://openalex.org/W2945778160
https://openalex.org/W2961021218
https://openalex.org/W3013287403
https://openalex.org/W2994159136
https://openalex.org/W3003479200
https://openalex.org/W3134267553
https://openalex.org/W3207157411
https://openalex.org/W3208059267
https://openalex.org/W3216450898
https://openalex.org/W4200549831
https://openalex.org/W4205399576
https://openalex.org/W4281260312
https://openalex.org/W4281679602
https://openalex.org/W4304761854
https://openalex.org/W4382518014
https://openalex.org/W4387041385
https://openalex.org/W1969075164
https://openalex.org/W2127119928
https://openalex.org/W2041263570
https://openalex.org/W1997865697
https://openalex.org/W1998110587
https://openalex.org/W2014177484
https://openalex.org/W2147720641
https://openalex.org/W107376341
https://openalex.org/W1572903573
https://openalex.org/W2030509965
https://openalex.org/W2046374926
https://openalex.org/W1967235944
https://openalex.org/W2168183663
https://openalex.org/W2003758836
https://openalex.org/W2045013153
https://openalex.org/W2055363664
https://openalex.org/W2066684795
https://openalex.org/W2319524978
https://openalex.org/W1873136023
https://openalex.org/W2046796296
https://openalex.org/W2095969201
https://openalex.org/W1967520631
https://openalex.org/W2417282830
https://openalex.org/W1628334372
https://openalex.org/W2048786653
https://openalex.org/W1526806339
https://openalex.org/W1972258702
https://openalex.org/W1981037660
https://openalex.org/W2006719617
https://openalex.org/W2061000442
https://openalex.org/W1988879678
https://openalex.org/W1989362180
https://openalex.org/W2017317143
https://openalex.org/W2079089488
https://openalex.org/W2093068057
https://openalex.org/W2116489466
https://openalex.org/W2125899324
https://openalex.org/W2184847882
https://openalex.org/W1598749822
https://openalex.org/W2010885025
https://openalex.org/W1528656906
https://openalex.org/W1989945866
https://openalex.org/W2006411880
https://openalex.org/W2024455385
https://openalex.org/W2057514304
https://openalex.org/W1997965154
https://openalex.org/W2040912301
https://openalex.org/W2055975695
https://openalex.org/W2089040466
https://openalex.org/W2333263463
https://openalex.org/W2198192904
https://openalex.org/W2625708750
https://openalex.org/W2750984562
https://openalex.org/W1026011046
https://openalex.org/W1726323211
https://openalex.org/W2033298067
https://openalex.org/W2096670394
https://openalex.org/W2466514417
https://openalex.org/W2567973555
https://openalex.org/W2737365800
https://openalex.org/W2220527558
https://openalex.org/W2512985113
https://openalex.org/W2577839285
https://openalex.org/W2605494638
https://openalex.org/W2735315522
https://openalex.org/W2759501528
https://openalex.org/W2908487597
https://openalex.org/W2782490471
https://openalex.org/W2808728409
https://openalex.org/W2810929841
https://openalex.org/W2898240572
https://openalex.org/W2904425499
https://openalex.org/W2913038030
https://openalex.org/W2939985213
https://openalex.org/W2971580400
https://openalex.org/W3034613974
https://openalex.org/W3041559542
https://openalex.org/W2945958045
https://openalex.org/W3135653402
https://openalex.org/W3007996611
https://openalex.org/W3128359172
https://openalex.org/W3171361314
https://openalex.org/W3215444786
https://openalex.org/W4211021761
https://openalex.org/W4214849878
https://openalex.org/W4224444163
https://openalex.org/W4205436871
https://openalex.org/W4221104441
https://openalex.org/W4310640107
https://openalex.org/W4315796470
https://openalex.org/W4361012759
https://openalex.org/W4375950547
https://openalex.org/W4378469280
https://openalex.org/W4379768150
https://openalex.org/W4385281393
https://openalex.org/W4386089531
https://openalex.org/W4386168510
https://openalex.org/W2079887571
https://openalex.org/W1971908494
https://openalex.org/W4231078793
https://openalex.org/W1512721670
https://openalex.org/W1991691688
https://openalex.org/W2061202791
https://openalex.org/W2081411016
https://openalex.org/W1553919913
https://openalex.org/W1480533650
https://openalex.org/W2024542283
https://openalex.org/W2314734471
https://openalex.org/W2149125844
https://openalex.org/W1991298768
https://openalex.org/W2022890800
https://openalex.org/W2065024851
https://openalex.org/W2013805936
https://openalex.org/W1971544812
https://openalex.org/W1978921530
https://openalex.org/W1979309423
https://openalex.org/W2035092957
https://openalex.org/W81902193
https://openalex.org/W1978561752
https://openalex.org/W2265823874
https://openalex.org/W2399968036
https://openalex.org/W2008108116
https://openalex.org/W1523620886
https://openalex.org/W2084100172
https://openalex.org/W1994709737
https://openalex.org/W2040357289
https://openalex.org/W2113431885
https://openalex.org/W2057195141
https://openalex.org/W2181894565
https://openalex.org/W1879770439
https://openalex.org/W2134816264
https://openalex.org/W2138022493
https://openalex.org/W1968841569
https://openalex.org/W2060528083
https://openalex.org/W2289633383
https://openalex.org/W1618221312
https://openalex.org/W2032521343
https://openalex.org/W2044619311
https://openalex.org/W2075209682
https://openalex.org/W1967863492
https://openalex.org/W1490534637
https://openalex.org/W2133379821
https://openalex.org/W2014349022
https://openalex.org/W2021759456
https://openalex.org/W2047031579
https://openalex.org/W2065057949
https://openalex.org/W2094673025
https://openalex.org/W1804811459
https://openalex.org/W2015425475
https://openalex.org/W2024874419
https://openalex.org/W2042264189
https://openalex.org/W2081684301
https://openalex.org/W242868852
https://openalex.org/W2018460862
https://openalex.org/W2042537761
https://openalex.org/W2049249566
https://openalex.org/W2315065477
https://openalex.org/W1966914706
https://openalex.org/W2256748050
https://openalex.org/W2289656755
https://openalex.org/W2595850651
https://openalex.org/W2735999379
https://openalex.org/W2762916123
https://openalex.org/W2794199902
https://openalex.org/W2800402855
https://openalex.org/W3003223443
https://openalex.org/W2611629280
https://openalex.org/W2900422540
https://openalex.org/W2410606874
https://openalex.org/W2473633310
https://openalex.org/W2937846108
https://openalex.org/W2951078330
https://openalex.org/W2962729457
https://openalex.org/W2965106327
https://openalex.org/W2972159382
https://openalex.org/W3013157997
https://openalex.org/W3026041348
https://openalex.org/W3047400921
https://openalex.org/W2987311823
https://openalex.org/W3005499241
https://openalex.org/W3087550623
https://openalex.org/W3099896282
https://openalex.org/W3129223619
https://openalex.org/W3203498851
https://openalex.org/W3207552778
https://openalex.org/W3211113418
https://openalex.org/W3122549210
https://openalex.org/W3139350615
https://openalex.org/W3173875455
https://openalex.org/W4224291328
https://openalex.org/W4225390958
https://openalex.org/W4289784928
https://openalex.org/W4295346109
https://openalex.org/W4307623911
https://openalex.org/W4307836692
https://openalex.org/W4387566960
https://openalex.org/W4389109156
https://openalex.org/W4389143745
https://openalex.org/W4389312459
https://openalex.org/W4389956216
https://openalex.org/W4390579781
https://openalex.org/W4390686072
https://openalex.org/W4390702045
https://openalex.org/W4390858538
https://openalex.org/W4390985430
https://openalex.org/W4390988929
https://openalex.org/W4391044431
https://openalex.org/W4391145967
https://openalex.org/W4391177949
https://openalex.org/W4391253996
https://openalex.org/W4391464705
https://openalex.org/W4391760859
https://openalex.org/W4391800069
https://openalex.org/W4392132520
https://openalex.org/W4392153827
https://openalex.org/W4392302793
https://openalex.org/W4392309653
https://openalex.org/W4392347209
https://openalex.org/W4392592142
https://openalex.org/W4392601853
https://openalex.org/W4392619375
https://openalex.org/W4392637149
https://openalex.org/W4393007369
https://openalex.org/W4393058577
https://openalex.org/W4393096720
https://openalex.org/W4393187926
https://openalex.org/W4393203673
https://openalex.org/W4393255198
https://openalex.org/W4393356616
https://openalex.org/W4393376298
https://openalex.org/W4393470932
https://openalex.org/W4393512228
https://openalex.org/W4393852193
https://openalex.org/W4393945172
https://openalex.org/W4394014905
https://openalex.org/W4394566659
https://openalex.org/W4394674180
https://openalex.org/W4394693717
https://openalex.org/W4394720098
https://openalex.org/W4394742852
https://openalex.org/W4394858625
https://openalex.org/W4394873631
https://openalex.org/W4394913139
https://openalex.org/W4395480889
https://openalex.org/W4396240130
https://openalex.org/W4396514300
https://openalex.org/W4396517707
https://openalex.org/W4396523530
https://openalex.org/W4396553239
https://openalex.org/W4396560635
https://openalex.org/W2028050852
https://openalex.org/W2110171939
https://openalex.org/W2035315391
https://openalex.org/W2443930017
https://openalex.org/W2235927674
https://openalex.org/W2044578566
https://openalex.org/W2178078446
https://openalex.org/W2980167576
https://openalex.org/W2019495226
https://openalex.org/W2085960733
https://openalex.org/W2418531401
https://openalex.org/W1626608411
https://openalex.org/W1987154904
https://openalex.org/W2065556165
https://openalex.org/W2071576536
https://openalex.org/W2396138585
https://openalex.org/W2014852451
https://openalex.org/W2101562179
https://openalex.org/W2129241486
https://openalex.org/W1973958553
https://openalex.org/W1989691606
https://openalex.org/W2020939112
https://openalex.org/W2109328185
https://openalex.org/W2092921580
https://openalex.org/W1965298666
https://openalex.org/W2015513262
https://openalex.org/W2071377731
https://openalex.org/W2048110697
https://openalex.org/W2070494106
https://openalex.org/W2115969242
https://openalex.org/W2161672416
https://openalex.org/W1567552861
https://openalex.org/W1906294374
https://openalex.org/W1969046172
https://openalex.org/W2010797152
https://openalex.org/W1978941807
https://openalex.org/W1996174527
https://openalex.org/W1997847412
https://openalex.org/W2026974664
https://openalex.org/W2032433369
https://openalex.org/W2126058981
https://openalex.org/W2029216301
https://openalex.org/W2091073884
https://openalex.org/W1995027195
https://openalex.org/W2010041359
https://openalex.org/W1662983744
https://openalex.org/W1964001533
https://openalex.org/W2065085405
https://openalex.org/W2068630276
https://openalex.org/W2070970224
https://openalex.org/W2019084716
https://openalex.org/W2059556829
https://openalex.org/W2089251014
https://openalex.org/W2112714722
https://openalex.org/W2117251503
https://openalex.org/W1996868338
https://openalex.org/W2061181216
https://openalex.org/W2572440180
https://openalex.org/W2615829246
https://openalex.org/W2746758042
https://openalex.org/W2344052098
https://openalex.org/W2419035386
https://openalex.org/W2465989587
https://openalex.org/W2758410814
https://openalex.org/W2416669703
https://openalex.org/W2578407655
https://openalex.org/W2579595960
https://openalex.org/W2585141675
https://openalex.org/W2601061805
https://openalex.org/W2746133475
https://openalex.org/W2765227930
https://openalex.org/W2784156202
https://openalex.org/W2804398201
https://openalex.org/W2807175208
https://openalex.org/W2906110065
https://openalex.org/W2979635841
https://openalex.org/W2412586988
https://openalex.org/W2552945555
https://openalex.org/W2923248379
https://openalex.org/W2969187307
https://openalex.org/W2981258340
https://openalex.org/W3004322417
https://openalex.org/W3012510295
https://openalex.org/W3032061225
https://openalex.org/W3153942054
https://openalex.org/W3158891942
https://openalex.org/W3159482007
https://openalex.org/W3203403066
https://openalex.org/W4310552516
https://openalex.org/W4313340515
https://openalex.org/W4323267649
https://openalex.org/W4362608127
https://openalex.org/W4366750952
https://openalex.org/W4366983029
https://openalex.org/W4367601885
https://openalex.org/W4379095652
https://openalex.org/W4381839115
https://openalex.org/W4382051915
https://openalex.org/W4386019698
https://openalex.org/W4386484544
https://openalex.org/W4386811514
https://openalex.org/W4387081209
https://openalex.org/W4387765034
https://openalex.org/W4389751350
https://openalex.org/W4390061944
https://openalex.org/W1970424175
https://openalex.org/W207649642
https://openalex.org/W2166652094
https://openalex.org/W1952859914
https://openalex.org/W2013452087
https://openalex.org/W2411702680
https://openalex.org/W2037900294
https://openalex.org/W2268842808
https://openalex.org/W1974375423
https://openalex.org/W2079685513
https://openalex.org/W2091716327
https://openalex.org/W2144064572
https://openalex.org/W1980476050
https://openalex.org/W1833794347
https://openalex.org/W1991029017
https://openalex.org/W2114720154
https://openalex.org/W1989473196
https://openalex.org/W2164303346
https://openalex.org/W1987866639
https://openalex.org/W1996737755
https://openalex.org/W2094481110
https://openalex.org/W1976657305
https://openalex.org/W1542707998
https://openalex.org/W1995435341
https://openalex.org/W2146899581
https://openalex.org/W2031046992
https://openalex.org/W2126959513
https://openalex.org/W2156781830
https://openalex.org/W1997449443
https://openalex.org/W2028474439
https://openalex.org/W2084196699
https://openalex.org/W2069587974
https://openalex.org/W2085442076
https://openalex.org/W1556354812
https://openalex.org/W2007583470
https://openalex.org/W2135459474
https://openalex.org/W1485800213
https://openalex.org/W1971440187
https://openalex.org/W1991810860
https://openalex.org/W2031243537
https://openalex.org/W2052230390
https://openalex.org/W2134632364
https://openalex.org/W2171147025
https://openalex.org/W2027565989
https://openalex.org/W2088269782
https://openalex.org/W1495013777
https://openalex.org/W1941587883
https://openalex.org/W1967996097
https://openalex.org/W1986222627
https://openalex.org/W1481606637
https://openalex.org/W1969942890
https://openalex.org/W1999654508
https://openalex.org/W2286337989
https://openalex.org/W2593000347
https://openalex.org/W2607458330
https://openalex.org/W2765536278
https://openalex.org/W2800435850
https://openalex.org/W1664400488
https://openalex.org/W1990376832
https://openalex.org/W2024161146
https://openalex.org/W2087651111
https://openalex.org/W2115126729
https://openalex.org/W2346330494
https://openalex.org/W2512578565
https://openalex.org/W2591557431
https://openalex.org/W2683941869
https://openalex.org/W2745446510
https://openalex.org/W2767316707
https://openalex.org/W2794170645
https://openalex.org/W2809213532
https://openalex.org/W2811437447
https://openalex.org/W2900648492
https://openalex.org/W2340188254
https://openalex.org/W2464660438
https://openalex.org/W2563465038
https://openalex.org/W2565855851
https://openalex.org/W2991080380
https://openalex.org/W3082042345
https://openalex.org/W3101090774
https://openalex.org/W3104375723
https://openalex.org/W3006477997
https://openalex.org/W3024157668
https://openalex.org/W3085177384
https://openalex.org/W3123679128
https://openalex.org/W3198330242
https://openalex.org/W4220842668
https://openalex.org/W4229064466
https://openalex.org/W4281491562
https://openalex.org/W4285495146
https://openalex.org/W4306168238
https://openalex.org/W4309666621
https://openalex.org/W2098645505
https://openalex.org/W2021054721
https://openalex.org/W2067892490
https://openalex.org/W2133361353
https://openalex.org/W2408826253
https://openalex.org/W1971023795
https://openalex.org/W1972606268
https://openalex.org/W2013112678
https://openalex.org/W2068791791
https://openalex.org/W1971901057
https://openalex.org/W1989847275
https://openalex.org/W1967811723
https://openalex.org/W1970219448
https://openalex.org/W1988786314
https://openalex.org/W2072946274
https://openalex.org/W250722813
https://openalex.org/W2089862068
https://openalex.org/W2110968937
https://openalex.org/W2148981402
https://openalex.org/W2154903714
https://openalex.org/W277230760
https://openalex.org/W2085602616
https://openalex.org/W2117743050
https://openalex.org/W2003818350
https://openalex.org/W2068038312
https://openalex.org/W2325363762
https://openalex.org/W2035906662
https://openalex.org/W2077505215
https://openalex.org/W2052769829
https://openalex.org/W2102112546
https://openalex.org/W1604098037
https://openalex.org/W300626154
https://openalex.org/W1966041306
https://openalex.org/W2048818451
https://openalex.org/W2067005885
https://openalex.org/W2082588542
https://openalex.org/W1888722399
https://openalex.org/W2062977256
https://openalex.org/W2128033314
https://openalex.org/W2438181383
https://openalex.org/W4248114447
https://openalex.org/W1966068885
https://openalex.org/W1972816641
https://openalex.org/W1975872882
https://openalex.org/W2029669363
https://openalex.org/W2189417492
https://openalex.org/W2585514330
https://openalex.org/W2619089083
https://openalex.org/W2902468043
https://openalex.org/W2907048270
https://openalex.org/W1967690455
https://openalex.org/W2030643751
https://openalex.org/W2032760659
https://openalex.org/W2093064166
https://openalex.org/W2115164155
https://openalex.org/W2274595357
https://openalex.org/W2280780362
https://openalex.org/W2344091722
https://openalex.org/W2403957782
https://openalex.org/W2528000615
https://openalex.org/W2565532702
https://openalex.org/W2761640182
https://openalex.org/W2884902881
https://openalex.org/W2914138764
https://openalex.org/W2945390016
https://openalex.org/W2207127845
https://openalex.org/W2963206324
https://openalex.org/W2971990958
https://openalex.org/W2969481687
https://openalex.org/W2990110382
https://openalex.org/W2995408334
https://openalex.org/W3013252917
https://openalex.org/W3034230843
https://openalex.org/W3082485358
https://openalex.org/W3198376672
https://openalex.org/W3121638893
https://openalex.org/W3151083319
https://openalex.org/W3214193304
https://openalex.org/W3217310935
https://openalex.org/W4224232928
https://openalex.org/W4306969041
https://openalex.org/W4307501529
https://openalex.org/W2010128921
https://openalex.org/W2321825866
https://openalex.org/W1481065157
https://openalex.org/W1990672049
https://openalex.org/W2019722176
https://openalex.org/W2950913071
https://openalex.org/W1977132899
https://openalex.org/W1999523090
https://openalex.org/W2024187079
https://openalex.org/W2058275365
https://openalex.org/W2182356588
https://openalex.org/W85824962
https://openalex.org/W2058681121
https://openalex.org/W2134953012
https://openalex.org/W2159275367
https://openalex.org/W2000713469
https://openalex.org/W2002490659
https://openalex.org/W2027017417
https://openalex.org/W2051573849
https://openalex.org/W2158212782
https://openalex.org/W2549674243
https://openalex.org/W2599425020
https://openalex.org/W2056451162
https://openalex.org/W2125853443
https://openalex.org/W4313311406
https://openalex.org/W2038708313
https://openalex.org/W2056387244
https://openalex.org/W2148459556
https://openalex.org/W2041520575
https://openalex.org/W2049535965
https://openalex.org/W2058313108
https://openalex.org/W2061528958
https://openalex.org/W2123806807
https://openalex.org/W1597018605
https://openalex.org/W1980231730
https://openalex.org/W2040180129
https://openalex.org/W2050297947
https://openalex.org/W2172290214
https://openalex.org/W2072897117
https://openalex.org/W2425371637
https://openalex.org/W2979667348
https://openalex.org/W1963870408
https://openalex.org/W1994039258
https://openalex.org/W2009812539
https://openalex.org/W2042833979
https://openalex.org/W2404342336
https://openalex.org/W1957766770
https://openalex.org/W1979743643
https://openalex.org/W1992326485
https://openalex.org/W2078466211
https://openalex.org/W2160835549
https://openalex.org/W2314998058
https://openalex.org/W1834810871
https://openalex.org/W2003825595
https://openalex.org/W2009591567
https://openalex.org/W2044112493
https://openalex.org/W2050705447
https://openalex.org/W2056009360
https://openalex.org/W2079254615
https://openalex.org/W2092196177
https://openalex.org/W2138374660
https://openalex.org/W2586739815
https://openalex.org/W2794641472
https://openalex.org/W2809557372
https://openalex.org/W2899296203
https://openalex.org/W2901289418
https://openalex.org/W4242890588
https://openalex.org/W2045753978
https://openalex.org/W2255079601
https://openalex.org/W2332582819
https://openalex.org/W2336847877
https://openalex.org/W2409499157
https://openalex.org/W2415594644
https://openalex.org/W2534928088
https://openalex.org/W2556629661
https://openalex.org/W2607566233
https://openalex.org/W2751833642
https://openalex.org/W2760517727
https://openalex.org/W2785651619
https://openalex.org/W2790403199
https://openalex.org/W2793291691
https://openalex.org/W2887923870
https://openalex.org/W2904796244
https://openalex.org/W2908502291
https://openalex.org/W2908592727
https://openalex.org/W2910010136
https://openalex.org/W2915690081
https://openalex.org/W2979077590
https://openalex.org/W2984695138
https://openalex.org/W1976030689
https://openalex.org/W2417813484
https://openalex.org/W2422061145
https://openalex.org/W2560585718
https://openalex.org/W2997106380
https://openalex.org/W3064873124
https://openalex.org/W3094439298
https://openalex.org/W3083270187
https://openalex.org/W3089093492
https://openalex.org/W3124980574
https://openalex.org/W3142316447
https://openalex.org/W3163541913
https://openalex.org/W3165646544
https://openalex.org/W3188361953
https://openalex.org/W3198844782
https://openalex.org/W3200879663
https://openalex.org/W2022459639
https://openalex.org/W1991248943
https://openalex.org/W2029510600
https://openalex.org/W2009715326
https://openalex.org/W2048214055
https://openalex.org/W2082314311
https://openalex.org/W2162115316
https://openalex.org/W2070181663
https://openalex.org/W2326259325
https://openalex.org/W2036003153
https://openalex.org/W2044885250
https://openalex.org/W2284726917
https://openalex.org/W2318616002
https://openalex.org/W2091295258
https://openalex.org/W2154436239
https://openalex.org/W2012081593
https://openalex.org/W2018392060
https://openalex.org/W2019428976
https://openalex.org/W2090188073
https://openalex.org/W1573976687
https://openalex.org/W2014397636
https://openalex.org/W2410100828
https://openalex.org/W2187632469
https://openalex.org/W1788829307
https://openalex.org/W1563803601
https://openalex.org/W2009043966
https://openalex.org/W2015515862
https://openalex.org/W2125975997
https://openalex.org/W1490840493
https://openalex.org/W2004440959
https://openalex.org/W2047323237
https://openalex.org/W2017621684
https://openalex.org/W2028959353
https://openalex.org/W2061734310
https://openalex.org/W2152284014
https://openalex.org/W2165044429
https://openalex.org/W2589665335
https://openalex.org/W2604546401
https://openalex.org/W2606984183
https://openalex.org/W2759037702
https://openalex.org/W2889422035
https://openalex.org/W2890107585
https://openalex.org/W2898410674
https://openalex.org/W2927447676
https://openalex.org/W1608412512
https://openalex.org/W2067499633
https://openalex.org/W2185214741
https://openalex.org/W2258948347
https://openalex.org/W2288701331
https://openalex.org/W2412131479
https://openalex.org/W2463311028
https://openalex.org/W2535382861
https://openalex.org/W2550994556
https://openalex.org/W2944288071
https://openalex.org/W2948772015
https://openalex.org/W2964891170
https://openalex.org/W2966587747
https://openalex.org/W2969969054
https://openalex.org/W2978612609
https://openalex.org/W4246529389
https://openalex.org/W3003635976
https://openalex.org/W3017757898
https://openalex.org/W3036834821
https://openalex.org/W3038052743
https://openalex.org/W3115287390
https://openalex.org/W3124859740
https://openalex.org/W3128199778
https://openalex.org/W3158734284
https://openalex.org/W3163753222
https://openalex.org/W3183384116
https://openalex.org/W3194643881
https://openalex.org/W4213109067
https://openalex.org/W3215881803
https://openalex.org/W4205130549
https://openalex.org/W4210741450
https://openalex.org/W4220966383
https://openalex.org/W4281289667
https://openalex.org/W4283392629
https://openalex.org/W4285726353
https://openalex.org/W4287147596
https://openalex.org/W4296027779
https://openalex.org/W4306894191
https://openalex.org/W4309048106
https://openalex.org/W4306169019
https://openalex.org/W4315853729
https://openalex.org/W4320039705
https://openalex.org/W4324007124
https://openalex.org/W4362508753
https://openalex.org/W4364360146
https://openalex.org/W4366281037
https://openalex.org/W4367369573
https://openalex.org/W4385076177
https://openalex.org/W4385225316
https://openalex.org/W4385349102
https://openalex.org/W4386378818
https://openalex.org/W4386870552
https://openalex.org/W4387100510
https://openalex.org/W4387542744
https://openalex.org/W4388019766
https://openalex.org/W2073333969
https://openalex.org/W1971037769
https://openalex.org/W2049846475
https://openalex.org/W2320637409
https://openalex.org/W1411120189
https://openalex.org/W2063259170
https://openalex.org/W2281768942
https://openalex.org/W2344520853
https://openalex.org/W4246904083
https://openalex.org/W2075866000
https://openalex.org/W2410391475
https://openalex.org/W299705778
https://openalex.org/W1590227023
https://openalex.org/W1989889818
https://openalex.org/W2044762859
https://openalex.org/W2082308397
https://openalex.org/W2095998568
https://openalex.org/W2441697906
https://openalex.org/W2045998051
https://openalex.org/W2062958643
https://openalex.org/W2072480957
https://openalex.org/W2318430561
https://openalex.org/W2076224930
https://openalex.org/W2228919704
https://openalex.org/W1966668055
https://openalex.org/W1987761562
https://openalex.org/W2032271074
https://openalex.org/W1974807569
https://openalex.org/W2008443685
https://openalex.org/W2062020621
https://openalex.org/W2442905817
https://openalex.org/W2526159855
https://openalex.org/W3022743639
https://openalex.org/W1561400777
https://openalex.org/W2034992079
https://openalex.org/W2041117169
https://openalex.org/W2054967149
https://openalex.org/W2415611663
https://openalex.org/W2031604249
https://openalex.org/W2399557945
https://openalex.org/W2401542450
https://openalex.org/W1571701128
https://openalex.org/W2039284561
https://openalex.org/W2053220602
https://openalex.org/W2062462847
https://openalex.org/W2089684453
https://openalex.org/W2091276692
https://openalex.org/W2461336482
https://openalex.org/W2560349129
https://openalex.org/W2756201138
https://openalex.org/W2794294071
https://openalex.org/W2803630515
https://openalex.org/W2809628171
https://openalex.org/W2895105916
https://openalex.org/W2900699081
https://openalex.org/W2901281047
https://openalex.org/W2949811456
https://openalex.org/W2980299327
https://openalex.org/W1561255963
https://openalex.org/W2016529742
https://openalex.org/W2017609936
https://openalex.org/W2467984790
https://openalex.org/W2469777882
https://openalex.org/W2530087159
https://openalex.org/W2619174741
https://openalex.org/W2898653430
https://openalex.org/W2922255744
https://openalex.org/W2947921242
https://openalex.org/W2972395020
https://openalex.org/W2973065676
https://openalex.org/W618207269
https://openalex.org/W2332775983
https://openalex.org/W2038148110
https://openalex.org/W2285532681
https://openalex.org/W2418027485
https://openalex.org/W1548889657
https://openalex.org/W2093352268
https://openalex.org/W1986328832
https://openalex.org/W2067935217
https://openalex.org/W2409182054
https://openalex.org/W1985453340
https://openalex.org/W2073217335
https://openalex.org/W1531332868
https://openalex.org/W1985437798
https://openalex.org/W2046358684
https://openalex.org/W2099146442
https://openalex.org/W2019678775
https://openalex.org/W2083947519
https://openalex.org/W2506048930
https://openalex.org/W2056250090
https://openalex.org/W1536005761
https://openalex.org/W1975192374
https://openalex.org/W2057963193
https://openalex.org/W2080065018
https://openalex.org/W2093867741
https://openalex.org/W2160458847
https://openalex.org/W1968019235
https://openalex.org/W2001666577
https://openalex.org/W2013235350
https://openalex.org/W2120326008
https://openalex.org/W2415565141
https://openalex.org/W1681100730
https://openalex.org/W1982732865
https://openalex.org/W2035545242
https://openalex.org/W2793946681
https://openalex.org/W2796151509
https://openalex.org/W1894650070
https://openalex.org/W1996257718
https://openalex.org/W201248491
https://openalex.org/W2066343552
https://openalex.org/W2069120819
https://openalex.org/W2112089824
https://openalex.org/W2151533275
https://openalex.org/W2194122324
https://openalex.org/W2343659937
https://openalex.org/W2460640622
https://openalex.org/W2465735292
https://openalex.org/W2540414995
https://openalex.org/W2573971665
https://openalex.org/W2592726889
https://openalex.org/W2607232339
https://openalex.org/W2617693811
https://openalex.org/W2734216096
https://openalex.org/W2913959640
https://openalex.org/W2966682225
https://openalex.org/W2972316291
https://openalex.org/W3034063406
https://openalex.org/W3048295544
https://openalex.org/W3063300815
https://openalex.org/W3081382588
https://openalex.org/W3098258197
https://openalex.org/W978322231
https://openalex.org/W2501463411
https://openalex.org/W3006383197
https://openalex.org/W3183673668
https://openalex.org/W3183779711
https://openalex.org/W3196827703
https://openalex.org/W3210547731
https://openalex.org/W3217705964
https://openalex.org/W2395294180
https://openalex.org/W2052342821
https://openalex.org/W2290482147
https://openalex.org/W1977673261
https://openalex.org/W1984549668
https://openalex.org/W2030364318
https://openalex.org/W2033116780
https://openalex.org/W2084900960
https://openalex.org/W1482101943
https://openalex.org/W1965458218
https://openalex.org/W2024431933
https://openalex.org/W2317840807
https://openalex.org/W1528986354
https://openalex.org/W2048845177
https://openalex.org/W2272155199
https://openalex.org/W2072309901
https://openalex.org/W4313339253
https://openalex.org/W193792267
https://openalex.org/W1969206759
https://openalex.org/W1990501602
https://openalex.org/W2103442424
https://openalex.org/W2164196535
https://openalex.org/W1984718312
https://openalex.org/W1985850095
https://openalex.org/W1992856424
https://openalex.org/W2001121920
https://openalex.org/W2005240350
https://openalex.org/W2019271372
https://openalex.org/W1991368812
https://openalex.org/W2052272516
https://openalex.org/W2072655304
https://openalex.org/W2082036628
https://openalex.org/W2089208170
https://openalex.org/W2113046909
https://openalex.org/W2135763726
https://openalex.org/W2143070802
https://openalex.org/W2438831494
https://openalex.org/W152141173
https://openalex.org/W1533092095
https://openalex.org/W1546514346
https://openalex.org/W2039936290
https://openalex.org/W2062372407
https://openalex.org/W2071494903
https://openalex.org/W2083958052
https://openalex.org/W2087146717
https://openalex.org/W2152255973
https://openalex.org/W2169090668
https://openalex.org/W2328833494
https://openalex.org/W2771481076
https://openalex.org/W2897745938
https://openalex.org/W1986148040
https://openalex.org/W2007526859
https://openalex.org/W2114765265
https://openalex.org/W2196819034
https://openalex.org/W2265914184
https://openalex.org/W2281443063
https://openalex.org/W2294325039
https://openalex.org/W2578743133
https://openalex.org/W2761936163
https://openalex.org/W2888314304
https://openalex.org/W2894069660
https://openalex.org/W2911311537
https://openalex.org/W2979466946
https://openalex.org/W2998540714
https://openalex.org/W3004393119
https://openalex.org/W3011750648
https://openalex.org/W3016273137
https://openalex.org/W3045059605
https://openalex.org/W3048945401
https://openalex.org/W3082286944
https://openalex.org/W4205424567
https://openalex.org/W3126712507
https://openalex.org/W3128390753
https://openalex.org/W3157155436
https://openalex.org/W3170584091
https://openalex.org/W3184212274
https://openalex.org/W3194886041
https://openalex.org/W3196058096
https://openalex.org/W3206952001
https://openalex.org/W3211628518
https://openalex.org/W4210387710
https://openalex.org/W4280517884
https://openalex.org/W4280589735
https://openalex.org/W4281558964
https://openalex.org/W4286494108
https://openalex.org/W4288080887
https://openalex.org/W4292117571
https://openalex.org/W4309655246
https://openalex.org/W4313389687
https://openalex.org/W2046427264
https://openalex.org/W41663315
https://openalex.org/W2109681756
https://openalex.org/W1981444753
https://openalex.org/W1984841644
https://openalex.org/W2064674952
https://openalex.org/W2126109474
https://openalex.org/W2159937869
https://openalex.org/W2091778769
https://openalex.org/W2323668092
https://openalex.org/W2467913372
https://openalex.org/W2060728804
https://openalex.org/W1946269968
https://openalex.org/W2006799431
https://openalex.org/W2016251865
https://openalex.org/W2035690476
https://openalex.org/W22870794
https://openalex.org/W264589939
https://openalex.org/W2151821882
https://openalex.org/W2371431453
https://openalex.org/W1518514079
https://openalex.org/W1654257868
https://openalex.org/W2090616581
https://openalex.org/W2093542275
https://openalex.org/W2151164660
https://openalex.org/W2413023924
https://openalex.org/W2036467948
https://openalex.org/W2158798310
https://openalex.org/W2784152985
https://openalex.org/W2895277287
https://openalex.org/W2904946979
https://openalex.org/W1951305277
https://openalex.org/W1983761191
https://openalex.org/W1996375783
https://openalex.org/W2019941389
https://openalex.org/W2035530222
https://openalex.org/W2096039232
https://openalex.org/W2215262366
https://openalex.org/W2278677715
https://openalex.org/W2400371109
https://openalex.org/W2472925868
https://openalex.org/W2594420147
https://openalex.org/W2727418720
https://openalex.org/W2759457726
https://openalex.org/W3000300777
https://openalex.org/W3084514529
https://openalex.org/W3089458339
https://openalex.org/W3090287808
https://openalex.org/W2416763610
https://openalex.org/W1546898230
https://openalex.org/W1999199121
https://openalex.org/W3116336680
https://openalex.org/W1992401008
https://openalex.org/W2004093146
https://openalex.org/W2086532709
https://openalex.org/W2087206466
https://openalex.org/W2166075633
https://openalex.org/W1973609932
https://openalex.org/W2007811167
https://openalex.org/W2043988717
https://openalex.org/W2045325214
https://openalex.org/W2082195559
https://openalex.org/W112554369
https://openalex.org/W2083416139
https://openalex.org/W2274521120
https://openalex.org/W2079363542
https://openalex.org/W2415525012
https://openalex.org/W2430673575
https://openalex.org/W274280934
https://openalex.org/W1991954803
https://openalex.org/W1994893281
https://openalex.org/W2034065145
https://openalex.org/W3183212023
https://openalex.org/W1968015676
https://openalex.org/W1969354557
https://openalex.org/W2060196316
https://openalex.org/W2140874993
https://openalex.org/W2331216443
https://openalex.org/W2408088908
https://openalex.org/W2891286827
https://openalex.org/W2891632148
https://openalex.org/W2901862530
https://openalex.org/W2916000067
https://openalex.org/W2920453592
https://openalex.org/W2920802615
https://openalex.org/W2922513249
https://openalex.org/W2925395595
https://openalex.org/W2945990730
https://openalex.org/W2982431296
https://openalex.org/W2987636487
https://openalex.org/W1887664467
https://openalex.org/W2031394188
https://openalex.org/W2035445365
https://openalex.org/W2053633694
https://openalex.org/W2092556861
https://openalex.org/W2131771632
https://openalex.org/W2199740547
https://openalex.org/W2323006124
https://openalex.org/W2388101880
https://openalex.org/W2418669644
https://openalex.org/W2470647282
https://openalex.org/W2491778418
https://openalex.org/W3110905403
https://openalex.org/W3161107147
https://openalex.org/W3164332832
https://openalex.org/W3169278451
https://openalex.org/W3176598567
https://openalex.org/W3193674007
https://openalex.org/W3197363704
https://openalex.org/W3203233418
https://openalex.org/W4226407096
https://openalex.org/W2149395768
https://openalex.org/W169035791
https://openalex.org/W2031701701
https://openalex.org/W2077650637
https://openalex.org/W2168958641
https://openalex.org/W1535376286
https://openalex.org/W2037993687
https://openalex.org/W2040969666
https://openalex.org/W2122877630
https://openalex.org/W2321104368
https://openalex.org/W1964314742
https://openalex.org/W2023698654
https://openalex.org/W2065304346
https://openalex.org/W2132676794
https://openalex.org/W1991978518
https://openalex.org/W3141179549
https://openalex.org/W4321829154
https://openalex.org/W122608779
https://openalex.org/W1997084478
https://openalex.org/W2065272576
https://openalex.org/W2154632710
https://openalex.org/W2047774533
https://openalex.org/W2074188102
https://openalex.org/W2340289790
https://openalex.org/W191600213
https://openalex.org/W2028977258
https://openalex.org/W2086686581
https://openalex.org/W2181754946
https://openalex.org/W2323100388
https://openalex.org/W1877290497
https://openalex.org/W1978564805
https://openalex.org/W1983037494
https://openalex.org/W2012307671
https://openalex.org/W2013168078
https://openalex.org/W2027645439
https://openalex.org/W2089183920
https://openalex.org/W2134776367
https://openalex.org/W2139580264
https://openalex.org/W2170795381
https://openalex.org/W2269773617
https://openalex.org/W2409660943
https://openalex.org/W2432206315
https://openalex.org/W2471061542
https://openalex.org/W2616821213
https://openalex.org/W2735238926
https://openalex.org/W2749371366
https://openalex.org/W2755105356
https://openalex.org/W2783137072
https://openalex.org/W2785393064
https://openalex.org/W2791031020
https://openalex.org/W2801845908
https://openalex.org/W2852004734
https://openalex.org/W2890329667
https://openalex.org/W2908950271
https://openalex.org/W2912360789
https://openalex.org/W2969553397
https://openalex.org/W2970906301
https://openalex.org/W2984299059
https://openalex.org/W3008238663
https://openalex.org/W3022709048
https://openalex.org/W3029202120
https://openalex.org/W3045194982
https://openalex.org/W3045997485
https://openalex.org/W3046491180
https://openalex.org/W3105696698
https://openalex.org/W3108700776
https://openalex.org/W3122814061
https://openalex.org/W4300180380
https://openalex.org/W1598638270
https://openalex.org/W2101741284
https://openalex.org/W2158826539
https://openalex.org/W2283773982
https://openalex.org/W2469951452
https://openalex.org/W2541611545
https://openalex.org/W2556866881
https://openalex.org/W2563985210
https://openalex.org/W2757399078
https://openalex.org/W3199874134
https://openalex.org/W4205984049
https://openalex.org/W4214683246
https://openalex.org/W4280549411
https://openalex.org/W4280568876
https://openalex.org/W4287147972
https://openalex.org/W4289756379
https://openalex.org/W4291015597
https://openalex.org/W4296050444
https://openalex.org/W4296209126
https://openalex.org/W4298146336
https://openalex.org/W4303471368
https://openalex.org/W4303647008
https://openalex.org/W166915006
https://openalex.org/W1965906306
https://openalex.org/W2011065475
https://openalex.org/W2020433547
https://openalex.org/W2022940523
https://openalex.org/W2054601460
https://openalex.org/W107117861
https://openalex.org/W1515263653
https://openalex.org/W2006027495
https://openalex.org/W2007217496
https://openalex.org/W2148323693
https://openalex.org/W2274399277
https://openalex.org/W159012241
https://openalex.org/W1964421485
https://openalex.org/W1985581661
https://openalex.org/W2262268752
https://openalex.org/W1984510366
https://openalex.org/W133730019
https://openalex.org/W2007295534
https://openalex.org/W2154713783
https://openalex.org/W2337824991
https://openalex.org/W2499657217
https://openalex.org/W2573301860
https://openalex.org/W4247582716
https://openalex.org/W2003676111
https://openalex.org/W2007949836
https://openalex.org/W2191994612
https://openalex.org/W2743370874
https://openalex.org/W2006785807
https://openalex.org/W2030390163
https://openalex.org/W2049095152
https://openalex.org/W2049532935
https://openalex.org/W2582804610
https://openalex.org/W71676064
https://openalex.org/W142732658
https://openalex.org/W1983251971
https://openalex.org/W1988280964
https://openalex.org/W1994502544
https://openalex.org/W2026130838
https://openalex.org/W2036694210
https://openalex.org/W2103179558
https://openalex.org/W2155425735
https://openalex.org/W2183884378
https://openalex.org/W2323330363
https://openalex.org/W3186171937
https://openalex.org/W1972364401
https://openalex.org/W2007687176
https://openalex.org/W2058295886
https://openalex.org/W2122282961
https://openalex.org/W2411677056
https://openalex.org/W2413673519
https://openalex.org/W4241670612
https://openalex.org/W561246563
https://openalex.org/W1995980436
https://openalex.org/W127867997
https://openalex.org/W2374465222
https://openalex.org/W1986446065
https://openalex.org/W2004574606
https://openalex.org/W2015736775
https://openalex.org/W1511768944
https://openalex.org/W1868111238
https://openalex.org/W2000202986
https://openalex.org/W2011382325
https://openalex.org/W2110796732
https://openalex.org/W2274612368
https://openalex.org/W2417691282
https://openalex.org/W2732437988
https://openalex.org/W117882518
https://openalex.org/W2395393218
https://openalex.org/W2005490598
https://openalex.org/W2041135477
https://openalex.org/W2053421095
https://openalex.org/W2092352446
https://openalex.org/W2092895948
https://openalex.org/W2152487908
https://openalex.org/W2165601651
https://openalex.org/W2412440963
https://openalex.org/W2561441235
https://openalex.org/W2574693147
https://openalex.org/W2615368019
https://openalex.org/W2636342657
https://openalex.org/W2762662273
https://openalex.org/W2805227862
https://openalex.org/W2808494958
https://openalex.org/W2897448731
https://openalex.org/W2897536583
https://openalex.org/W2903675237
https://openalex.org/W2905009367
https://openalex.org/W2968078872
https://openalex.org/W2971300677
https://openalex.org/W2971635045
https://openalex.org/W2980034151
https://openalex.org/W2982038358
https://openalex.org/W2990736615
https://openalex.org/W3008214842
https://openalex.org/W3008928258
https://openalex.org/W3011467544
https://openalex.org/W3020139636
https://openalex.org/W3082328304
https://openalex.org/W3125429697
https://openalex.org/W3127591757
https://openalex.org/W3130180306
https://openalex.org/W3133866489
https://openalex.org/W3172168128
https://openalex.org/W3185430528
https://openalex.org/W3195211860
https://openalex.org/W3202640289
https://openalex.org/W3204512328
https://openalex.org/W3207636151
https://openalex.org/W2336435349
https://openalex.org/W2417603155
https://openalex.org/W2462294424
https://openalex.org/W2521312354
https://openalex.org/W2576767106
https://openalex.org/W2788165701
https://openalex.org/W2002336128
https://openalex.org/W2023773617
https://openalex.org/W2029606696
https://openalex.org/W2328298983
https://openalex.org/W2461987774
https://openalex.org/W364182957
https://openalex.org/W1540087448
https://openalex.org/W1966989024
https://openalex.org/W2019804237
https://openalex.org/W2078419182
https://openalex.org/W2367234190
https://openalex.org/W241005905
https://openalex.org/W2480846629
https://openalex.org/W2318507716
https://openalex.org/W2342082538
https://openalex.org/W2897722076
https://openalex.org/W1553884683
https://openalex.org/W2005123940
https://openalex.org/W2125787283
https://openalex.org/W2442107345
https://openalex.org/W4250151799
https://openalex.org/W1965084160
https://openalex.org/W2055814888
https://openalex.org/W2093731880
https://openalex.org/W2133002664
https://openalex.org/W2149585349
https://openalex.org/W2417672486
https://openalex.org/W1977236644
https://openalex.org/W1984679813
https://openalex.org/W2023704702
https://openalex.org/W2075138359
https://openalex.org/W2079560488
https://openalex.org/W2121063511
https://openalex.org/W2160545094
https://openalex.org/W2307884540
https://openalex.org/W2313976054
https://openalex.org/W2332458376
https://openalex.org/W2366213882
https://openalex.org/W2386120640
https://openalex.org/W2476417100
https://openalex.org/W2726899659
https://openalex.org/W2805860497
https://openalex.org/W3156076737
https://openalex.org/W3211281586
https://openalex.org/W646598307
https://openalex.org/W658387544
https://openalex.org/W2066001095
https://openalex.org/W4295922665
https://openalex.org/W4317905775
https://openalex.org/W4318586103
https://openalex.org/W4318586334
https://openalex.org/W4318619126
https://openalex.org/W4318777991
https://openalex.org/W4319335181
https://openalex.org/W4321370119
https://openalex.org/W4322733204
https://openalex.org/W4323543068
https://openalex.org/W4323543251
https://openalex.org/W4323546354
https://openalex.org/W4323833027
https://openalex.org/W4323833092
https://openalex.org/W4323833136
https://openalex.org/W4324032701
https://openalex.org/W4324032745
https://openalex.org/W4324032806
https://openalex.org/W4324032809
https://openalex.org/W4324344430
https://openalex.org/W4324344593
https://openalex.org/W4324346213
https://openalex.org/W4324346226
https://openalex.org/W4324346229
https://openalex.org/W4324346253
https://openalex.org/W4324347396
https://openalex.org/W4324386943
https://openalex.org/W4327571400
https://openalex.org/W4360611027
https://openalex.org/W4361246256
https://openalex.org/W4361246645
https://openalex.org/W4361253271
https://openalex.org/W4361253277
https://openalex.org/W4361820866
https://openalex.org/W4361822244
https://openalex.org/W4361823517
https://openalex.org/W4361825288
https://openalex.org/W4361877917
https://openalex.org/W4361895793
https://openalex.org/W4361895908
https://openalex.org/W4361895920
https://openalex.org/W4361895944
https://openalex.org/W4361896001
https://openalex.org/W4361985370
https://openalex.org/W4362242149
https://openalex.org/W4362242302
https://openalex.org/W4362242329
https://openalex.org/W4362242418
https://openalex.org/W4362242420
https://openalex.org/W4362546317
https://openalex.org/W4362567681
https://openalex.org/W4362610331
https://openalex.org/W4362623941
https://openalex.org/W4363673302
https://openalex.org/W4366506739
https://openalex.org/W4366518817
https://openalex.org/W4367156659
https://openalex.org/W4367318074
https://openalex.org/W4368248119
https://openalex.org/W4372319357
https://openalex.org/W4379052833
https://openalex.org/W4379985925
https://openalex.org/W4380417819
https://openalex.org/W4380870706
https://openalex.org/W4382789930
https://openalex.org/W4383053593
https://openalex.org/W4383065923
https://openalex.org/W4383105211
https://openalex.org/W4383342451
https://openalex.org/W4383382985
https://openalex.org/W4383550906
https://openalex.org/W4383610009
https://openalex.org/W4383645861
https://openalex.org/W4383646032
https://openalex.org/W4383737970
https://openalex.org/W4384664267
https://openalex.org/W4384818908
https://openalex.org/W4384921273
https://openalex.org/W4385474741
https://openalex.org/W4385545886
https://openalex.org/W4385654024
https://openalex.org/W4385723614
https://openalex.org/W4385985823
https://openalex.org/W4385986328
https://openalex.org/W4386028813
https://openalex.org/W4386067440
https://openalex.org/W4386187317
https://openalex.org/W4386201759
https://openalex.org/W4386500677
https://openalex.org/W4386806306
https://openalex.org/W4386837173
https://openalex.org/W4387007504
https://openalex.org/W4387008384
https://openalex.org/W4387131912
https://openalex.org/W4387332391
https://openalex.org/W4387788409
https://openalex.org/W4387788456
https://openalex.org/W4387788597
https://openalex.org/W4387788609
https://openalex.org/W4388178159
https://openalex.org/W4388191655
https://openalex.org/W4388302938
https://openalex.org/W4388501443
https://openalex.org/W4388534821
https://openalex.org/W4388878149
https://openalex.org/W4388913591
https://openalex.org/W4388994287
https://openalex.org/W4389141185
https://openalex.org/W4389252512
https://openalex.org/W4389518067
https://openalex.org/W4389624893
https://openalex.org/W4389675437
https://openalex.org/W4389720572
https://openalex.org/W4389831854
https://openalex.org/W4389890395
https://openalex.org/W4390016516
https://openalex.org/W4390048151
https://openalex.org/W4390236165
https://openalex.org/W4390500255
https://openalex.org/W4390943190
https://openalex.org/W4392687456
https://openalex.org/W4394200654
https://openalex.org/W4394271393
https://openalex.org/W822534946
https://openalex.org/W1997346905
https://openalex.org/W2063202933
https://openalex.org/W2082394611
https://openalex.org/W2224863008
https://openalex.org/W2429086452
https://openalex.org/W2472265080
https://openalex.org/W2472827889
https://openalex.org/W4242108518
https://openalex.org/W2089573997
https://openalex.org/W2012984430
https://openalex.org/W2043150499
https://openalex.org/W2077553268
https://openalex.org/W2411231296
https://openalex.org/W2411674851
https://openalex.org/W1975847831
https://openalex.org/W2052952190
https://openalex.org/W2083041950
https://openalex.org/W2084996929
https://openalex.org/W2290216617
https://openalex.org/W2317938440
https://openalex.org/W2767841498
https://openalex.org/W2779113317
https://openalex.org/W2416806877
https://openalex.org/W2003748976
https://openalex.org/W2065204575
https://openalex.org/W9463328
https://openalex.org/W21110252
https://openalex.org/W2316103581
https://openalex.org/W1482478808
https://openalex.org/W1601786526
https://openalex.org/W2001766089
https://openalex.org/W2002811648
https://openalex.org/W2005435287
https://openalex.org/W2074835376
https://openalex.org/W2125867554
https://openalex.org/W1221322996
https://openalex.org/W1965069696
https://openalex.org/W1967718108
https://openalex.org/W1975509143
https://openalex.org/W2032607668
https://openalex.org/W2116237007
https://openalex.org/W2161175286
https://openalex.org/W2399273241
https://openalex.org/W2474777983
https://openalex.org/W2810016971
https://openalex.org/W2885807685
https://openalex.org/W2892006481
https://openalex.org/W2913393369
https://openalex.org/W2913903189
https://openalex.org/W2948550493
https://openalex.org/W2953270784
https://openalex.org/W2955412237
https://openalex.org/W2996019447
https://openalex.org/W2998346046
https://openalex.org/W2998900056
https://openalex.org/W2999567491
https://openalex.org/W3003915246
https://openalex.org/W3009392054
https://openalex.org/W3009596595
https://openalex.org/W3014049706
https://openalex.org/W3022872705
https://openalex.org/W3027885805
https://openalex.org/W3034922138
https://openalex.org/W3128713967
https://openalex.org/W3129288018
https://openalex.org/W3146758672
https://openalex.org/W3157324213
https://openalex.org/W3161154649
https://openalex.org/W3170793133
https://openalex.org/W3170892093
https://openalex.org/W3186124548
https://openalex.org/W3200353563
https://openalex.org/W3208165499
https://openalex.org/W3214520667
https://openalex.org/W4229973333
https://openalex.org/W4251990536
https://openalex.org/W4252061613
https://openalex.org/W4307032144
https://openalex.org/W1451310204
https://openalex.org/W2329310480
https://openalex.org/W2340261165
https://openalex.org/W2342398466
https://openalex.org/W2484815303
https://openalex.org/W2533781554
https://openalex.org/W2542431058
https://openalex.org/W2599875655
https://openalex.org/W2609416477
https://openalex.org/W3143568055
https://openalex.org/W4224238389
https://openalex.org/W4234980886
https://openalex.org/W4245454451
https://openalex.org/W4285725409
https://openalex.org/W4288474805
https://openalex.org/W4292377181
https://openalex.org/W4294771042
https://openalex.org/W4294867761
https://openalex.org/W4302281981
https://openalex.org/W4308029482
https://openalex.org/W4308147355
https://openalex.org/W4309481250
https://openalex.org/W4310163213
https://openalex.org/W4311870645
https://openalex.org/W122577484
https://openalex.org/W2151738251
https://openalex.org/W4238176908
https://openalex.org/W1582285611
https://openalex.org/W1972069314
https://openalex.org/W1973614298
https://openalex.org/W2123283062
https://openalex.org/W2334044950
https://openalex.org/W2395290116
https://openalex.org/W2464876436
https://openalex.org/W258678729
https://openalex.org/W2078755004
https://openalex.org/W2315043171
https://openalex.org/W2414044170
https://openalex.org/W2460182507
https://openalex.org/W2460585073
https://openalex.org/W2952670013
https://openalex.org/W359063312
https://openalex.org/W96641955
https://openalex.org/W2367478819
https://openalex.org/W2368857242
https://openalex.org/W135107160
https://openalex.org/W2025717899
https://openalex.org/W2048706889
https://openalex.org/W2412771697
https://openalex.org/W2473663289
https://openalex.org/W10248111
https://openalex.org/W1515965353
https://openalex.org/W1539351718
https://openalex.org/W1775655667
https://openalex.org/W1828891119
https://openalex.org/W1965898255
https://openalex.org/W1997933827
https://openalex.org/W2001718013
https://openalex.org/W2036316834
https://openalex.org/W2040696701
https://openalex.org/W2057714781
https://openalex.org/W2085477365
https://openalex.org/W2090256167
https://openalex.org/W2121453953
https://openalex.org/W2123281912
https://openalex.org/W2147826451
https://openalex.org/W2153449506
https://openalex.org/W2165765750
https://openalex.org/W2174077502
https://openalex.org/W2191757333
https://openalex.org/W2215105964
https://openalex.org/W2228907519
https://openalex.org/W2236323022
https://openalex.org/W2256137617
https://openalex.org/W2282396784
https://openalex.org/W2284834278
https://openalex.org/W2290013561
https://openalex.org/W2291894596
https://openalex.org/W2319070056
https://openalex.org/W2337859561
https://openalex.org/W2349288129
https://openalex.org/W2357340766
https://openalex.org/W2372565850
https://openalex.org/W2396356242
https://openalex.org/W2398782003
https://openalex.org/W2415901072
https://openalex.org/W2503593707
https://openalex.org/W2520608151
https://openalex.org/W2564076646
https://openalex.org/W2575876668
https://openalex.org/W2615916783
https://openalex.org/W2757086211
https://openalex.org/W2774142510
https://openalex.org/W2795594715
https://openalex.org/W4206769114
https://openalex.org/W4280598165
https://openalex.org/W4283018150
https://openalex.org/W4289994243
https://openalex.org/W4293708087
https://openalex.org/W4300716999
https://openalex.org/W44395234
https://openalex.org/W928029854
https://openalex.org/W999545983
https://openalex.org/W2040520563
https://openalex.org/W2020907987
https://openalex.org/W2412943691
https://openalex.org/W2327026617
https://openalex.org/W2505002610
https://openalex.org/W178334628
https://openalex.org/W1989996545
https://openalex.org/W2034760501
https://openalex.org/W2094153527
https://openalex.org/W2143087333
https://openalex.org/W2390527415
https://openalex.org/W2397180706
https://openalex.org/W2473475484
https://openalex.org/W4231017408
https://openalex.org/W965625270
https://openalex.org/W160906157
https://openalex.org/W1972378272
https://openalex.org/W1977272081
https://openalex.org/W2019537533
https://openalex.org/W2063978337
https://openalex.org/W2080752440
https://openalex.org/W2084578144
https://openalex.org/W2085750509
https://openalex.org/W2106747270
https://openalex.org/W2164580528
https://openalex.org/W2351870829
https://openalex.org/W2357942285
https://openalex.org/W2379081475
https://openalex.org/W2380314063
https://openalex.org/W2553370969
https://openalex.org/W2597683790
https://openalex.org/W2610028634
https://openalex.org/W2621290319
https://openalex.org/W2622452210
https://openalex.org/W2727637382
https://openalex.org/W2765302462
https://openalex.org/W2771843858
https://openalex.org/W2792249840
https://openalex.org/W2978599056
https://openalex.org/W3030478365
https://openalex.org/W3105355887
https://openalex.org/W3120913267
https://openalex.org/W4247373782
https://openalex.org/W816560969
https://openalex.org/W173061233
https://openalex.org/W194796071
https://openalex.org/W1978013554
https://openalex.org/W2024062532
https://openalex.org/W2264878539
https://openalex.org/W2408815964
https://openalex.org/W2409050408
https://openalex.org/W2467884490
https://openalex.org/W1985384776
https://openalex.org/W2006164027
https://openalex.org/W2042445662
https://openalex.org/W2408223404
https://openalex.org/W2411862558
https://openalex.org/W2415283898
https://openalex.org/W4249864311
https://openalex.org/W4250021498
https://openalex.org/W2411661453
https://openalex.org/W103600707
https://openalex.org/W1986665692
https://openalex.org/W2002439018
https://openalex.org/W2022930683
https://openalex.org/W2030443424
https://openalex.org/W2079465969
https://openalex.org/W2141293335
https://openalex.org/W2165036698
https://openalex.org/W2281764513
https://openalex.org/W2290553007
https://openalex.org/W2359220542
https://openalex.org/W2369824238
https://openalex.org/W2372804416
https://openalex.org/W2391327744
https://openalex.org/W2394898621
https://openalex.org/W2414209648
https://openalex.org/W2415761052
https://openalex.org/W2460122482
https://openalex.org/W2526067051
https://openalex.org/W2550021149
https://openalex.org/W2791587019
https://openalex.org/W2794614735
https://openalex.org/W2796255251
https://openalex.org/W2799349483
https://openalex.org/W2805681839
https://openalex.org/W2893726879
https://openalex.org/W2900705213
https://openalex.org/W2913637224
https://openalex.org/W2916837240
https://openalex.org/W3003713947
https://openalex.org/W3119571848
https://openalex.org/W3141897718
https://openalex.org/W1490163934
https://openalex.org/W2086074114
https://openalex.org/W2119045376
https://openalex.org/W2439359818
https://openalex.org/W1507920049
https://openalex.org/W2004912792
https://openalex.org/W2262940778
https://openalex.org/W2388779247
https://openalex.org/W2409646592
https://openalex.org/W2743982763
https://openalex.org/W2912742464
https://openalex.org/W2944586894
https://openalex.org/W2947124923
https://openalex.org/W2948068183
https://openalex.org/W2971853224
https://openalex.org/W2983254119
https://openalex.org/W2996491940
https://openalex.org/W3013489239
https://openalex.org/W3026985087
https://openalex.org/W3042650706
https://openalex.org/W3048303893
https://openalex.org/W348252166
https://openalex.org/W949518761
https://openalex.org/W149453842
https://openalex.org/W1516445894
https://openalex.org/W2006896617
https://openalex.org/W2016092865
https://openalex.org/W2030087207
https://openalex.org/W2062519826
https://openalex.org/W2329944398
https://openalex.org/W2409141542
https://openalex.org/W2409628918
https://openalex.org/W2433260715
https://openalex.org/W26677532
https://openalex.org/W1576104795
https://openalex.org/W1964624353
https://openalex.org/W1996187450
https://openalex.org/W2029473534
https://openalex.org/W2046869402
https://openalex.org/W2066181389
https://openalex.org/W2086574432
https://openalex.org/W2390914111
https://openalex.org/W2392402367
https://openalex.org/W2496007830
https://openalex.org/W4252411423
https://openalex.org/W1977839165
https://openalex.org/W2026376458
https://openalex.org/W2078615297
https://openalex.org/W2190559642
https://openalex.org/W2356999422
https://openalex.org/W2407686159
https://openalex.org/W2410695524
https://openalex.org/W2412686409
https://openalex.org/W2416931041
https://openalex.org/W2420765426
https://openalex.org/W2437970824
https://openalex.org/W2464124830
https://openalex.org/W3118505716
https://openalex.org/W3123575798
https://openalex.org/W3130571096
https://openalex.org/W3139719167
https://openalex.org/W3154394560
https://openalex.org/W3180034945
https://openalex.org/W3190194962
https://openalex.org/W3194920230
https://openalex.org/W3199839793
https://openalex.org/W3204358478
https://openalex.org/W3208410941
https://openalex.org/W3209521185
https://openalex.org/W4235561843
https://openalex.org/W2742212120
https://openalex.org/W2980309303
https://openalex.org/W2141037645
https://openalex.org/W2185032317
https://openalex.org/W2256347250
https://openalex.org/W2299569414
https://openalex.org/W2324181895
https://openalex.org/W2413023800
https://openalex.org/W2415485971
https://openalex.org/W2058181351
https://openalex.org/W129529338
https://openalex.org/W1505013843
https://openalex.org/W1766627858
https://openalex.org/W2011643295
https://openalex.org/W201674893
https://openalex.org/W2020847950
https://openalex.org/W2054176049
https://openalex.org/W2161483691
https://openalex.org/W2348843788
https://openalex.org/W2354987099
https://openalex.org/W2357934810
https://openalex.org/W2366722090
https://openalex.org/W2370856726
https://openalex.org/W2378779743
https://openalex.org/W2416238366
https://openalex.org/W2517064206
https://openalex.org/W2886367133
https://openalex.org/W9587733
https://openalex.org/W108571627
https://openalex.org/W2408836092
https://openalex.org/W2411670935
https://openalex.org/W2444255360
https://openalex.org/W2460614389
https://openalex.org/W4291267372
https://openalex.org/W109013059
https://openalex.org/W153554407
https://openalex.org/W1614598270
https://openalex.org/W175146938
https://openalex.org/W2019779859
https://openalex.org/W2036567540
https://openalex.org/W2094871539
https://openalex.org/W2416912016
https://openalex.org/W2462062120
https://openalex.org/W2895334128
https://openalex.org/W2095368942
https://openalex.org/W2113896532
https://openalex.org/W2348222268
https://openalex.org/W2374840580
https://openalex.org/W2409650169
https://openalex.org/W2416987916
https://openalex.org/W2418465708
https://openalex.org/W4250622077
https://openalex.org/W1498657170
https://openalex.org/W1527601281
https://openalex.org/W1551741465
https://openalex.org/W1555541565
https://openalex.org/W1595327483
https://openalex.org/W160139703
https://openalex.org/W1967010593
https://openalex.org/W1982908616
https://openalex.org/W2007783516
https://openalex.org/W2014163672
https://openalex.org/W2025059265
https://openalex.org/W2048248227
https://openalex.org/W2065491097
https://openalex.org/W2093602051
https://openalex.org/W2115579285
https://openalex.org/W2147848281
https://openalex.org/W2149605466
https://openalex.org/W2185881259
https://openalex.org/W2187960208
https://openalex.org/W2196611335
https://openalex.org/W2234910004
https://openalex.org/W2242268352
https://openalex.org/W2242367367
https://openalex.org/W2245503699
https://openalex.org/W2246676408
https://openalex.org/W2253215156
https://openalex.org/W2257408431
https://openalex.org/W2281914125
https://openalex.org/W2292288730
https://openalex.org/W2292823642
https://openalex.org/W2293678924
https://openalex.org/W2297275836
https://openalex.org/W2301345319
https://openalex.org/W2307833191
https://openalex.org/W2310677704
https://openalex.org/W2314023595
https://openalex.org/W2320641246
https://openalex.org/W2320936052
https://openalex.org/W2324174699
https://openalex.org/W2326006082
https://openalex.org/W2331401876
https://openalex.org/W2335886318
https://openalex.org/W2342088608
https://openalex.org/W2390471234
https://openalex.org/W2398139530
https://openalex.org/W2398996562
https://openalex.org/W2401517017
https://openalex.org/W2406049304
https://openalex.org/W2407502861
https://openalex.org/W2409618322
https://openalex.org/W2416435127
https://openalex.org/W2417470657
https://openalex.org/W2418016608
https://openalex.org/W2465494588
https://openalex.org/W2473266002
https://openalex.org/W2474557397
https://openalex.org/W2481052145
https://openalex.org/W2487510508
https://openalex.org/W2488679195
https://openalex.org/W2495508956
https://openalex.org/W2516494132
https://openalex.org/W2517447749
https://openalex.org/W2530460923
https://openalex.org/W2538988649
https://openalex.org/W2551930510
https://openalex.org/W2553622917
https://openalex.org/W2558855431
https://openalex.org/W2568601135
https://openalex.org/W2568745727
https://openalex.org/W2581409169
https://openalex.org/W2590821322
https://openalex.org/W2594479047
https://openalex.org/W2594591468
https://openalex.org/W2602373439
https://openalex.org/W2602827877
https://openalex.org/W2606340836
https://openalex.org/W2611889106
https://openalex.org/W2612291232
https://openalex.org/W2612875160
https://openalex.org/W2616502667
https://openalex.org/W2619843229
https://openalex.org/W2625278100
https://openalex.org/W2657550199
https://openalex.org/W2716979542
https://openalex.org/W2726502231
https://openalex.org/W2730208204
https://openalex.org/W2736657134
https://openalex.org/W2742293530
https://openalex.org/W2742727317
https://openalex.org/W2745271783
https://openalex.org/W2745308763
https://openalex.org/W2745381577
https://openalex.org/W2745698335
https://openalex.org/W2745801719
https://openalex.org/W2746508373
https://openalex.org/W2747690440
https://openalex.org/W2747835034
https://openalex.org/W2748013898
https://openalex.org/W2748843447
https://openalex.org/W2749122273
https://openalex.org/W2749479735
https://openalex.org/W2749919145
https://openalex.org/W2750036408
https://openalex.org/W2750463731
https://openalex.org/W2750581585
https://openalex.org/W2751125525
https://openalex.org/W2751468269
https://openalex.org/W2751607030
https://openalex.org/W2751945151
https://openalex.org/W2752128275
https://openalex.org/W2752312581
https://openalex.org/W2752449985
https://openalex.org/W2752599209
https://openalex.org/W2753129305
https://openalex.org/W2753830410
https://openalex.org/W2753839149
https://openalex.org/W2754642933
https://openalex.org/W2772008879
https://openalex.org/W2784803372
https://openalex.org/W2784960839
https://openalex.org/W2785235969
https://openalex.org/W2788792247
https://openalex.org/W2793499940
https://openalex.org/W2793614450
https://openalex.org/W2793973348
https://openalex.org/W2794315103
https://openalex.org/W2796447399
https://openalex.org/W2796827277
https://openalex.org/W2796925966
https://openalex.org/W2804421888
https://openalex.org/W2804533274
https://openalex.org/W2806151455
https://openalex.org/W2806860226
https://openalex.org/W2807039624
https://openalex.org/W2807603176
https://openalex.org/W2894232712
https://openalex.org/W2904106113
https://openalex.org/W2906479896
https://openalex.org/W2907861124
https://openalex.org/W2947355149
https://openalex.org/W2947738060
https://openalex.org/W2977693424
https://openalex.org/W2983769269
https://openalex.org/W2991836170
https://openalex.org/W2992623603
https://openalex.org/W3024498962
https://openalex.org/W3025954625
https://openalex.org/W3031441308
https://openalex.org/W3033213290
https://openalex.org/W3087007979
https://openalex.org/W3122386920
https://openalex.org/W3161874640
https://openalex.org/W3164496644
https://openalex.org/W3173863338
https://openalex.org/W3199512649
https://openalex.org/W3202084964
https://openalex.org/W3209005485
https://openalex.org/W4210326252
https://openalex.org/W4210673549
https://openalex.org/W4231395151
https://openalex.org/W4235577291
https://openalex.org/W4236279490
https://openalex.org/W4239687911
https://openalex.org/W4242833817
https://openalex.org/W4243874400
https://openalex.org/W4247241920
https://openalex.org/W4250274913
https://openalex.org/W4299840830
https://openalex.org/W4394332404
https://openalex.org/W609397648
https://openalex.org/W789092579
https://openalex.org/W800788668
https://openalex.org/W826012825
https://openalex.org/W1942346263
https://openalex.org/W1965605892
https://openalex.org/W1990309348
https://openalex.org/W2001800675
https://openalex.org/W2008632124
https://openalex.org/W2053565655
https://openalex.org/W2056754975
https://openalex.org/W2221542734
https://openalex.org/W2270513388
https://openalex.org/W3199800121
https://openalex.org/W2409883892
https://openalex.org/W104851032
https://openalex.org/W1199503933
https://openalex.org/W121962705
https://openalex.org/W1220120577
https://openalex.org/W1275618027
https://openalex.org/W154371287
https://openalex.org/W1577530621
https://openalex.org/W1587120626
https://openalex.org/W1673502538
https://openalex.org/W1693549897
https://openalex.org/W1748929420
https://openalex.org/W1809172737
https://openalex.org/W1934116058
https://openalex.org/W1967210010
https://openalex.org/W1968706942
https://openalex.org/W1971739193
https://openalex.org/W1974624634
https://openalex.org/W1979141793
https://openalex.org/W1989583098
https://openalex.org/W1991025775
https://openalex.org/W1998375762
https://openalex.org/W1999158461
https://openalex.org/W2001385276
https://openalex.org/W2005762010
https://openalex.org/W2011229170
https://openalex.org/W2022152789
https://openalex.org/W2026273448
https://openalex.org/W2031390400
https://openalex.org/W2040444990
https://openalex.org/W2058743253
https://openalex.org/W2059711209
https://openalex.org/W2072346105
https://openalex.org/W2074104134
https://openalex.org/W2081761511
https://openalex.org/W2108152266
https://openalex.org/W2125429560
https://openalex.org/W2153149343
https://openalex.org/W2164111376
https://openalex.org/W2181648164
https://openalex.org/W2185208174
https://openalex.org/W2230524624
https://openalex.org/W2239767903
https://openalex.org/W2263588924
https://openalex.org/W2263689774
https://openalex.org/W2266371116
https://openalex.org/W2277539588
https://openalex.org/W2278601814
https://openalex.org/W2280136087
https://openalex.org/W2281602901
https://openalex.org/W2287786366
https://openalex.org/W2327456123
https://openalex.org/W2345747934
https://openalex.org/W2349354202
https://openalex.org/W2350146048
https://openalex.org/W2355144053
https://openalex.org/W2359305926
https://openalex.org/W2361749784
https://openalex.org/W2368758096
https://openalex.org/W2372234547
https://openalex.org/W2375878703
https://openalex.org/W2377948736
https://openalex.org/W2380923580
https://openalex.org/W2383039617
https://openalex.org/W2383986093
https://openalex.org/W2390377380
https://openalex.org/W2391394191
https://openalex.org/W2399942282
https://openalex.org/W2402470762
https://openalex.org/W2402665887
https://openalex.org/W2411706178
https://openalex.org/W2415116537
https://openalex.org/W2422018126
https://openalex.org/W2461875574
https://openalex.org/W2467012711
https://openalex.org/W2473482375
https://openalex.org/W2482509711
https://openalex.org/W25159765
https://openalex.org/W2534045017
https://openalex.org/W2581341171
https://openalex.org/W2588754212
https://openalex.org/W2595525709
https://openalex.org/W2624834104
https://openalex.org/W2726566980
https://openalex.org/W2734775152
https://openalex.org/W2742188227
https://openalex.org/W2751420777
https://openalex.org/W2778934468
https://openalex.org/W2787551689
https://openalex.org/W2788691610
https://openalex.org/W2794812078
https://openalex.org/W2804044957
https://openalex.org/W2883747744
https://openalex.org/W2885278479
https://openalex.org/W2902837556
https://openalex.org/W2902838032
https://openalex.org/W2911369656
https://openalex.org/W2943571795
https://openalex.org/W2947930566
https://openalex.org/W2953435475
https://openalex.org/W2954478633
https://openalex.org/W2954506006
https://openalex.org/W2954992816
https://openalex.org/W2955046898
https://openalex.org/W3005419288
https://openalex.org/W3142850114
https://openalex.org/W3149310013
https://openalex.org/W3179517125
https://openalex.org/W3197235200
https://openalex.org/W3199358351
https://openalex.org/W320181526
https://openalex.org/W347016579
https://openalex.org/W4211245421
https://openalex.org/W4231186887
https://openalex.org/W4240651988
https://openalex.org/W4250705199
https://openalex.org/W4252261667
https://openalex.org/W4301484346
https://openalex.org/W4392786325
https://openalex.org/W659414308
https://openalex.org/W74278550
https://openalex.org/W768701926
https://openalex.org/W979251665
https://openalex.org/W2399973084
https://openalex.org/W159597695
https://openalex.org/W185148529
https://openalex.org/W1888528710
https://openalex.org/W2006694742
https://openalex.org/W2095155695
https://openalex.org/W2182867586
https://openalex.org/W2187265417
https://openalex.org/W2387526694
https://openalex.org/W2389066672
https://openalex.org/W2620836255
https://openalex.org/W4230738336
https://openalex.org/W4237477993
https://openalex.org/W1489276151
https://openalex.org/W1987185730
https://openalex.org/W1999289897
https://openalex.org/W2004029527
https://openalex.org/W2007317715
https://openalex.org/W2025563527
https://openalex.org/W2058949177
https://openalex.org/W2062976610
https://openalex.org/W2073055470
https://openalex.org/W2085147925
https://openalex.org/W2086856554
https://openalex.org/W2163166849
https://openalex.org/W2209421423
https://openalex.org/W2226440938
https://openalex.org/W2240251910
https://openalex.org/W2283530064
https://openalex.org/W2303480609
https://openalex.org/W2318840844
https://openalex.org/W2323879463
https://openalex.org/W2325761852
https://openalex.org/W2356109467
https://openalex.org/W2358421989
https://openalex.org/W2362673284
https://openalex.org/W2375932881
https://openalex.org/W2385179057
https://openalex.org/W2402330989
https://openalex.org/W2407194758
https://openalex.org/W2410174585
https://openalex.org/W2413650318
https://openalex.org/W2417237694
https://openalex.org/W2417997121
https://openalex.org/W2462837953
https://openalex.org/W2471278761
https://openalex.org/W2476526173
https://openalex.org/W2502847020
https://openalex.org/W2503283718
https://openalex.org/W2566189139
https://openalex.org/W2581879572
https://openalex.org/W2581902438
https://openalex.org/W2584701617
https://openalex.org/W2585082090
https://openalex.org/W260152921
https://openalex.org/W2608506133
https://openalex.org/W2609044398
https://openalex.org/W2609116977
https://openalex.org/W2609369642
https://openalex.org/W2609994159
https://openalex.org/W2612313752
https://openalex.org/W262244718
https://openalex.org/W2687882269
https://openalex.org/W2724284302
https://openalex.org/W2731819034
https://openalex.org/W2736261799
https://openalex.org/W2742528474
https://openalex.org/W2744938829
https://openalex.org/W2746572308
https://openalex.org/W2746813817
https://openalex.org/W2747923036
https://openalex.org/W2749171004
https://openalex.org/W2751069156
https://openalex.org/W2751187033
https://openalex.org/W2752321589
https://openalex.org/W2752885240
https://openalex.org/W2752949106
https://openalex.org/W2753768291
https://openalex.org/W2756442936
https://openalex.org/W2763175472
https://openalex.org/W2764219091
https://openalex.org/W2765407518
https://openalex.org/W2767542813
https://openalex.org/W2768024188
https://openalex.org/W2769920825
https://openalex.org/W2774142135
https://openalex.org/W2774337525
https://openalex.org/W2777498690
https://openalex.org/W2787020869
https://openalex.org/W2788273790
https://openalex.org/W2799560498
https://openalex.org/W2799751153
https://openalex.org/W2802018284
https://openalex.org/W2803670883
https://openalex.org/W2900305277
https://openalex.org/W2906196571
https://openalex.org/W2914474943
https://openalex.org/W2946295964
https://openalex.org/W2971522123
https://openalex.org/W2973814473
https://openalex.org/W2978157570
https://openalex.org/W2980156361
https://openalex.org/W2983724403
https://openalex.org/W3148615596
https://openalex.org/W3165781219
https://openalex.org/W3179253454
https://openalex.org/W3186733591
https://openalex.org/W3186856080
https://openalex.org/W3207900595
https://openalex.org/W3210378818
https://openalex.org/W360172164
https://openalex.org/W4231673165
https://openalex.org/W4242192198
https://openalex.org/W4243358447
https://openalex.org/W4247095024
https://openalex.org/W4247234400
https://openalex.org/W4255894791
https://openalex.org/W4256490522
https://openalex.org/W4301000677
https://openalex.org/W4394266068
https://openalex.org/W4394394139
https://openalex.org/W50131674
https://openalex.org/W2488201581
https://openalex.org/W1159511832
https://openalex.org/W1173790026
https://openalex.org/W131221658
https://openalex.org/W1454639119
https://openalex.org/W1524426731
https://openalex.org/W1683618339
https://openalex.org/W1746198276
https://openalex.org/W1789564790
https://openalex.org/W1978867717
https://openalex.org/W1991823850
https://openalex.org/W1996585919
https://openalex.org/W2001003456
https://openalex.org/W202455337
https://openalex.org/W2033059939
https://openalex.org/W2033716482
https://openalex.org/W2036297590
https://openalex.org/W2040247991
https://openalex.org/W2045985626
https://openalex.org/W2048422956
https://openalex.org/W2050096569
https://openalex.org/W2055862131
https://openalex.org/W2059909799
https://openalex.org/W2065064393
https://openalex.org/W2073557006
https://openalex.org/W2122231008
https://openalex.org/W2161010247
https://openalex.org/W220215751
https://openalex.org/W2207540564
https://openalex.org/W2244631323
https://openalex.org/W2245170442
https://openalex.org/W2279254976
https://openalex.org/W2315362474
https://openalex.org/W2349341295
https://openalex.org/W2349673535
https://openalex.org/W2350454215
https://openalex.org/W2352343778
https://openalex.org/W2353938296
https://openalex.org/W2357247972
https://openalex.org/W2358770287
https://openalex.org/W2360367455
https://openalex.org/W2362020772
https://openalex.org/W2367833903
https://openalex.org/W2368848904
https://openalex.org/W2370990863
https://openalex.org/W2373832310
https://openalex.org/W2375137277
https://openalex.org/W2375329951
https://openalex.org/W2376167518
https://openalex.org/W2377452930
https://openalex.org/W2383119507
https://openalex.org/W2384063970
https://openalex.org/W2386059296
https://openalex.org/W2389242032
https://openalex.org/W2389882152
https://openalex.org/W2390474276
https://openalex.org/W2393331544
https://openalex.org/W2396295597
https://openalex.org/W2403862217
https://openalex.org/W2410907596
https://openalex.org/W2417316648
https://openalex.org/W2471211888
https://openalex.org/W2530431945
https://openalex.org/W253081395
https://openalex.org/W2552063511
https://openalex.org/W2560058993
https://openalex.org/W2564084093
https://openalex.org/W2571714634
https://openalex.org/W2577445617
https://openalex.org/W2707821952
https://openalex.org/W2747706975
https://openalex.org/W2752133601
https://openalex.org/W2753608461
https://openalex.org/W2773157396
https://openalex.org/W2774231026
https://openalex.org/W2774618562
https://openalex.org/W2784263491
https://openalex.org/W2807218489
https://openalex.org/W2897491080
https://openalex.org/W2910432180
https://openalex.org/W2921400002
https://openalex.org/W2937359132
https://openalex.org/W2940348002
https://openalex.org/W295377386
https://openalex.org/W295753663
https://openalex.org/W3001626631
https://openalex.org/W3024511647
https://openalex.org/W3111984411
https://openalex.org/W3143235048
https://openalex.org/W3149034431
https://openalex.org/W3185253437
https://openalex.org/W397792300
https://openalex.org/W4206207059
https://openalex.org/W4214687652
https://openalex.org/W4220867056
https://openalex.org/W4220910634
https://openalex.org/W4224981224
https://openalex.org/W4226205277
https://openalex.org/W4229018572
https://openalex.org/W4229373613
https://openalex.org/W4241727013
https://openalex.org/W4281639670
https://openalex.org/W4281756651
https://openalex.org/W4284690059
https://openalex.org/W4285177654
https://openalex.org/W4286480210
https://openalex.org/W4286480248
https://openalex.org/W4286835648
https://openalex.org/W4291285286
https://openalex.org/W4292769304
https://openalex.org/W4297851241
https://openalex.org/W4297899944
https://openalex.org/W4302160352
https://openalex.org/W4302307029
https://openalex.org/W4303475924
https://openalex.org/W4306318070
https://openalex.org/W4306651824
https://openalex.org/W4307049899
https://openalex.org/W4307162773
https://openalex.org/W4307584523
https://openalex.org/W4309243773
https://openalex.org/W4309302278
https://openalex.org/W4309912862
https://openalex.org/W4310001185
https://openalex.org/W4310108975
https://openalex.org/W4311453648
https://openalex.org/W4311583530
https://openalex.org/W4312180390
https://openalex.org/W4312195545
https://openalex.org/W4312306840
https://openalex.org/W4312381599
https://openalex.org/W4312431112
https://openalex.org/W4312519721
https://openalex.org/W4312659916
https://openalex.org/W4312780516
https://openalex.org/W4318755365
https://openalex.org/W4328027885
https://openalex.org/W4360764701
https://openalex.org/W4380794230
https://openalex.org/W4394424793
https://openalex.org/W4395483817
https://openalex.org/W642883360
https://openalex.org/W76495282
https://openalex.org/W131850347
https://openalex.org/W1992164142
https://openalex.org/W2009015343
https://openalex.org/W2390482371
https://openalex.org/W2417012933
https://openalex.org/W2436077406
https://openalex.org/W2472717318
https://openalex.org/W2581330603
https://openalex.org/W2621222484
https://openalex.org/W282010152
https://openalex.org/W4233987651
https://openalex.org/W1184947062
https://openalex.org/W1834380080
https://openalex.org/W1838103255
https://openalex.org/W1986892344
https://openalex.org/W2013046452
https://openalex.org/W2190192951
https://openalex.org/W2342797722
https://openalex.org/W2347579244
https://openalex.org/W2347852625
https://openalex.org/W2353367648
https://openalex.org/W2359045223
https://openalex.org/W2364002773
https://openalex.org/W2364111411
https://openalex.org/W2365800045
https://openalex.org/W2366191270
https://openalex.org/W2369001866
https://openalex.org/W2378356669
https://openalex.org/W2380319487
https://openalex.org/W2383073008
https://openalex.org/W2402366710
https://openalex.org/W2405697912
https://openalex.org/W2407386337
https://openalex.org/W2409602185
https://openalex.org/W2411051235
https://openalex.org/W2419608808
https://openalex.org/W2422320631
https://openalex.org/W2435864180
https://openalex.org/W2464635821
https://openalex.org/W2466850706
https://openalex.org/W2476501252
https://openalex.org/W2581489306
https://openalex.org/W2766698438
https://openalex.org/W2772405414
https://openalex.org/W2782458869
https://openalex.org/W2790167338
https://openalex.org/W2793921866
https://openalex.org/W2798407049
https://openalex.org/W2799359007
https://openalex.org/W2801669243
https://openalex.org/W2802001964
https://openalex.org/W2805177855
https://openalex.org/W2805245372
https://openalex.org/W2806523731
https://openalex.org/W2807192985
https://openalex.org/W2807462972
https://openalex.org/W2818775498
https://openalex.org/W2824372816
https://openalex.org/W285039080
https://openalex.org/W2883055568
https://openalex.org/W2883855644
https://openalex.org/W2892090297
https://openalex.org/W2894116573
https://openalex.org/W2894554489
https://openalex.org/W2894636687
https://openalex.org/W2895128367
https://openalex.org/W2895446423
https://openalex.org/W2896899599
https://openalex.org/W2901456048
https://openalex.org/W2902455860
https://openalex.org/W2903506219
https://openalex.org/W2903602688
https://openalex.org/W2908691454
https://openalex.org/W2911755866
https://openalex.org/W2911761807
https://openalex.org/W2912576548
https://openalex.org/W2913301219
https://openalex.org/W2913334976
https://openalex.org/W2913541255
https://openalex.org/W2914777173
https://openalex.org/W2914978564
https://openalex.org/W2922849381
https://openalex.org/W2924593856
https://openalex.org/W2937520568
https://openalex.org/W2938831512
https://openalex.org/W2940503657
https://openalex.org/W2942455326
https://openalex.org/W2942723304
https://openalex.org/W2944460569
https://openalex.org/W2945794690
https://openalex.org/W2947057746
https://openalex.org/W2947382206
https://openalex.org/W2947577041
https://openalex.org/W2947890091
https://openalex.org/W2947969494
https://openalex.org/W2948403941
https://openalex.org/W2948972837
https://openalex.org/W2949880668
https://openalex.org/W2952387962
https://openalex.org/W2952676400
https://openalex.org/W2954413474
https://openalex.org/W2955777029
https://openalex.org/W2963419871
https://openalex.org/W2964108340
https://openalex.org/W2966321549
https://openalex.org/W2967692665
https://openalex.org/W2969053801
https://openalex.org/W2972858827
https://openalex.org/W2973041700
https://openalex.org/W2973557840
https://openalex.org/W2973561133
https://openalex.org/W2974706752
https://openalex.org/W298089388
https://openalex.org/W2981073023
https://openalex.org/W2981256730
https://openalex.org/W2981304903
https://openalex.org/W2983049379
https://openalex.org/W2983647892
https://openalex.org/W2984619844
https://openalex.org/W2985228976
https://openalex.org/W2989570907
https://openalex.org/W2989585278
https://openalex.org/W2989774799
https://openalex.org/W2994447933
https://openalex.org/W2995407272
https://openalex.org/W2995920410
https://openalex.org/W2995950464
https://openalex.org/W2996001752
https://openalex.org/W2996116984
https://openalex.org/W2996700876
https://openalex.org/W2999452862
https://openalex.org/W3000494707
https://openalex.org/W3003299603
https://openalex.org/W3005002706
https://openalex.org/W3005086739
https://openalex.org/W3005829642
https://openalex.org/W3006194730
https://openalex.org/W3006339532
https://openalex.org/W3006569052
https://openalex.org/W3006592308
https://openalex.org/W3006610006
https://openalex.org/W3007666671
https://openalex.org/W3011912792
https://openalex.org/W3090298960
https://openalex.org/W3092280168
https://openalex.org/W3116029770
https://openalex.org/W311701
https://openalex.org/W3121245718
https://openalex.org/W3134324679
https://openalex.org/W3134718954
https://openalex.org/W3135285137
https://openalex.org/W3168529694
https://openalex.org/W3171574238
https://openalex.org/W3181506267
https://openalex.org/W3185957765
https://openalex.org/W3188716951
https://openalex.org/W3198317009
https://openalex.org/W3213456701
https://openalex.org/W4229843052
https://openalex.org/W4234383744
https://openalex.org/W4236913274
https://openalex.org/W4246672085
https://openalex.org/W4248854378
https://openalex.org/W4254828639
https://openalex.org/W4255131430
https://openalex.org/W4255837696
https://openalex.org/W4288594342
https://openalex.org/W4300261223
https://openalex.org/W4328049989
https://openalex.org/W4376633351
https://openalex.org/W4386686145
https://openalex.org/W4392671034
https://openalex.org/W4394115446
https://openalex.org/W4394162483
https://openalex.org/W4394163392
https://openalex.org/W4394204654
https://openalex.org/W4394250141
https://openalex.org/W4394496354
https://openalex.org/W4394553231
https://openalex.org/W44341233
https://openalex.org/W626267107
https://openalex.org/W841970680
https://openalex.org/W915223976
https://openalex.org/W952313282
https://openalex.org/W1599659823
https://openalex.org/W180630017
https://openalex.org/W180992407
https://openalex.org/W194818170
https://openalex.org/W1970843524
https://openalex.org/W2025092936
https://openalex.org/W2026422649
https://openalex.org/W2026990134
https://openalex.org/W206760538
https://openalex.org/W2076232240
https://openalex.org/W2164260819
https://openalex.org/W2264301513
https://openalex.org/W2282344576
https://openalex.org/W2327673116
https://openalex.org/W2336359351
https://openalex.org/W2411966169
https://openalex.org/W2412570212
https://openalex.org/W2418942160
https://openalex.org/W2462289045
https://openalex.org/W2791554389
https://openalex.org/W3096130644
https://openalex.org/W4388242547
https://openalex.org/W4390566861
https://openalex.org/W46157360
https://openalex.org/W76183111
https://openalex.org/W1499158088
https://openalex.org/W1499423099
https://openalex.org/W1531918615
https://openalex.org/W1585646669
https://openalex.org/W1789090789
https://openalex.org/W1875877403
https://openalex.org/W1956994274
https://openalex.org/W1966635702
https://openalex.org/W1969806067
https://openalex.org/W1978320860
https://openalex.org/W1988417045
https://openalex.org/W2034256868
https://openalex.org/W2082514540
https://openalex.org/W2262057063
https://openalex.org/W2282886787
https://openalex.org/W2347506831
https://openalex.org/W2349630503
https://openalex.org/W2351927080
https://openalex.org/W2355735376
https://openalex.org/W2355759192
https://openalex.org/W2356928987
https://openalex.org/W2360712579
https://openalex.org/W2365835521
https://openalex.org/W2368753531
https://openalex.org/W2369565661
https://openalex.org/W2370680893
https://openalex.org/W2371406632
https://openalex.org/W2372399547
https://openalex.org/W2373316047
https://openalex.org/W2377489486
https://openalex.org/W2380053451
https://openalex.org/W2381700338
https://openalex.org/W2387403344
https://openalex.org/W2389950253
https://openalex.org/W2391744004
https://openalex.org/W2409853645
https://openalex.org/W2411032415
https://openalex.org/W2415372261
https://openalex.org/W2416211300
https://openalex.org/W2417035534
https://openalex.org/W2417355935
https://openalex.org/W2429272761
https://openalex.org/W2509433145
https://openalex.org/W2557408407
https://openalex.org/W2560513595
https://openalex.org/W2573937748
https://openalex.org/W2577260852
https://openalex.org/W2578043738
https://openalex.org/W2588535657
https://openalex.org/W2592477758
https://openalex.org/W2593007078
https://openalex.org/W2594787609
https://openalex.org/W2603388478
https://openalex.org/W2626105135
https://openalex.org/W2705518095
https://openalex.org/W2731469990
https://openalex.org/W2742505796
https://openalex.org/W2745267868
https://openalex.org/W2751012360
https://openalex.org/W2755117780
https://openalex.org/W2756355619
https://openalex.org/W2775431678
https://openalex.org/W2775560378
https://openalex.org/W2783341112
https://openalex.org/W2922283616
https://openalex.org/W2941654530
https://openalex.org/W2944026210
https://openalex.org/W2947495092
https://openalex.org/W297249859
https://openalex.org/W2978773245
https://openalex.org/W2980263203
https://openalex.org/W2999735766
https://openalex.org/W3027190321
https://openalex.org/W3029889933
https://openalex.org/W3033354478
https://openalex.org/W3040008940
https://openalex.org/W3040302731
https://openalex.org/W3041204123
https://openalex.org/W3047276838
https://openalex.org/W3047773840
https://openalex.org/W3082503084
https://openalex.org/W3091747850
https://openalex.org/W3095198532
https://openalex.org/W3096037703
https://openalex.org/W3096862570
https://openalex.org/W3104012192
https://openalex.org/W3107192401
https://openalex.org/W3113821106
https://openalex.org/W3114795767
https://openalex.org/W3117989236
https://openalex.org/W3122846434
https://openalex.org/W3133799399
https://openalex.org/W3136332597
https://openalex.org/W3136367216
https://openalex.org/W3140404900
https://openalex.org/W3150865947
https://openalex.org/W3160757661
https://openalex.org/W3165300725
https://openalex.org/W3174701110
https://openalex.org/W3184293047
https://openalex.org/W3184328407
https://openalex.org/W3184396760
https://openalex.org/W3185149087
https://openalex.org/W3186252367
https://openalex.org/W3187858343
https://openalex.org/W3191915216
https://openalex.org/W3192928176
https://openalex.org/W3200927691
https://openalex.org/W3208137896
https://openalex.org/W4210830392
https://openalex.org/W4211042312
https://openalex.org/W4229784936
https://openalex.org/W4235249937
https://openalex.org/W4236145731
https://openalex.org/W4241290924
https://openalex.org/W4242911790
https://openalex.org/W4249741095
https://openalex.org/W4253303699
https://openalex.org/W4253418425
https://openalex.org/W4255735862
https://openalex.org/W4288083728
https://openalex.org/W4389525910
https://openalex.org/W4394478474
https://openalex.org/W1975412499
https://openalex.org/W2003245169
https://openalex.org/W2018088911
https://openalex.org/W2321467680
https://openalex.org/W243044701
https://openalex.org/W617806807
https://openalex.org/W12482565
https://openalex.org/W1412866496
https://openalex.org/W150852031
https://openalex.org/W1512060815
https://openalex.org/W1522792212
https://openalex.org/W1596056117
https://openalex.org/W1968132026
https://openalex.org/W1980370083
https://openalex.org/W1985950328
https://openalex.org/W2016981223
https://openalex.org/W2071177321
https://openalex.org/W2083757355
https://openalex.org/W2088798521
https://openalex.org/W2095092821
https://openalex.org/W2157153363
https://openalex.org/W2209290523
https://openalex.org/W2321102048
https://openalex.org/W2348912107
https://openalex.org/W2350047290
https://openalex.org/W2357180518
https://openalex.org/W2362440927
https://openalex.org/W2365017843
https://openalex.org/W2366540926
https://openalex.org/W2373170028
https://openalex.org/W2381212167
https://openalex.org/W2383825193
https://openalex.org/W2384329900
https://openalex.org/W2389868964
https://openalex.org/W2402766734
https://openalex.org/W2403292920
https://openalex.org/W2414872420
https://openalex.org/W2414914752
https://openalex.org/W2415151943
https://openalex.org/W2417190138
https://openalex.org/W2418746210
https://openalex.org/W2419246129
https://openalex.org/W2430397120
https://openalex.org/W2467415964
https://openalex.org/W2492052521
https://openalex.org/W2498048368
https://openalex.org/W2562777528
https://openalex.org/W2566014632
https://openalex.org/W2576156410
https://openalex.org/W2610186809
https://openalex.org/W2736810713
https://openalex.org/W2744459195
https://openalex.org/W2762705645
https://openalex.org/W2782346757
https://openalex.org/W2785496191
https://openalex.org/W2793658208
https://openalex.org/W2870684749
https://openalex.org/W2905980243
https://openalex.org/W2907035232
https://openalex.org/W2946011666
https://openalex.org/W2992462739
https://openalex.org/W2997960250
https://openalex.org/W3108101980
https://openalex.org/W3119036107
https://openalex.org/W3134562698
https://openalex.org/W3152173275
https://openalex.org/W4205889988
https://openalex.org/W4252380204
https://openalex.org/W4300516951
https://openalex.org/W45071805
https://openalex.org/W163527937
https://openalex.org/W1965771348
https://openalex.org/W1970598997
https://openalex.org/W1979536407
https://openalex.org/W2026794176
https://openalex.org/W2050995817
https://openalex.org/W2093157746
https://openalex.org/W2095424280
https://openalex.org/W2167591067
https://openalex.org/W2347428601
https://openalex.org/W2349481709
https://openalex.org/W2365590514
https://openalex.org/W2366934250
https://openalex.org/W2369406983
https://openalex.org/W2372144308
https://openalex.org/W2380388381
https://openalex.org/W2388709846
https://openalex.org/W2393436231
https://openalex.org/W2397182967
https://openalex.org/W2397794556
https://openalex.org/W2405609175
https://openalex.org/W2411507458
https://openalex.org/W2414290828
https://openalex.org/W2417402088
https://openalex.org/W2436106310
https://openalex.org/W2438387820
https://openalex.org/W2475149412
https://openalex.org/W2745308132
https://openalex.org/W2745938723
https://openalex.org/W2790534071
https://openalex.org/W2890839143
https://openalex.org/W2921290321
https://openalex.org/W2921789859
https://openalex.org/W2955802840
https://openalex.org/W297049945
https://openalex.org/W2992857106
https://openalex.org/W2994315300
https://openalex.org/W2995708061
https://openalex.org/W3109511952
https://openalex.org/W3119835663
https://openalex.org/W3126243863
https://openalex.org/W3128353803
https://openalex.org/W3129089923
https://openalex.org/W3129210958
https://openalex.org/W3131175942
https://openalex.org/W3151785052
https://openalex.org/W3157814099
https://openalex.org/W3158521744
https://openalex.org/W3166235362
https://openalex.org/W3168547451
https://openalex.org/W3171298056
https://openalex.org/W3175107846
https://openalex.org/W3184362105
https://openalex.org/W3184943065
https://openalex.org/W3192125869
https://openalex.org/W3195830975
https://openalex.org/W3196938141
https://openalex.org/W3200435670
https://openalex.org/W3203825628
https://openalex.org/W3209364361
https://openalex.org/W3209801281
https://openalex.org/W3211584839
https://openalex.org/W3213255083
https://openalex.org/W3214434026
https://openalex.org/W3214600899
https://openalex.org/W3214679150
https://openalex.org/W3215570699
https://openalex.org/W3216408084
https://openalex.org/W3217016071
https://openalex.org/W3217147092
https://openalex.org/W3217414487
https://openalex.org/W3217666083
https://openalex.org/W3217799285
https://openalex.org/W323894746
https://openalex.org/W4200223282
https://openalex.org/W4206335877
https://openalex.org/W4230916411
https://openalex.org/W4242080009
https://openalex.org/W4394506381
https://openalex.org/W4395057623
https://openalex.org/W1190169025
https://openalex.org/W1505728784
https://openalex.org/W1581987706
https://openalex.org/W171091178
https://openalex.org/W1980246755
https://openalex.org/W2019470069
https://openalex.org/W2065269956
https://openalex.org/W2072039227
https://openalex.org/W2125984241
https://openalex.org/W2139622226
https://openalex.org/W2181733406
https://openalex.org/W2187814198
https://openalex.org/W2325077435
https://openalex.org/W2341262884
https://openalex.org/W2347519951
https://openalex.org/W2349720852
https://openalex.org/W2349886251
https://openalex.org/W2364378083
https://openalex.org/W2398782282
https://openalex.org/W2467512143
https://openalex.org/W2602218304
https://openalex.org/W2605424294
https://openalex.org/W2742214653
https://openalex.org/W2762308519
https://openalex.org/W2780210059
https://openalex.org/W2797091228
https://openalex.org/W2803799945
https://openalex.org/W2803853415
https://openalex.org/W2808286234
https://openalex.org/W2882977636
https://openalex.org/W2884131466
https://openalex.org/W2884156443
https://openalex.org/W2898985820
https://openalex.org/W2912353115
https://openalex.org/W2915993671
https://openalex.org/W2920818527
https://openalex.org/W2942480716
https://openalex.org/W2944165906
https://openalex.org/W2947211968
https://openalex.org/W2981190904
https://openalex.org/W2996900843
https://openalex.org/W2997972276
https://openalex.org/W3000482355
https://openalex.org/W3048826829
https://openalex.org/W3114035026
https://openalex.org/W3186919046
https://openalex.org/W3191263712
https://openalex.org/W4205229407
https://openalex.org/W423414092
https://openalex.org/W2060337683
https://openalex.org/W2399065601
https://openalex.org/W2401127172
https://openalex.org/W2412307002
https://openalex.org/W2413679376
https://openalex.org/W2415338541
https://openalex.org/W2417400705
https://openalex.org/W2434362834
https://openalex.org/W2602596992
https://openalex.org/W1585178216
https://openalex.org/W2023746848
https://openalex.org/W2045326564
https://openalex.org/W2170604627
https://openalex.org/W2326009376
https://openalex.org/W2349105066
https://openalex.org/W2351413647
https://openalex.org/W2352820315
https://openalex.org/W2395431936
https://openalex.org/W2397108690
https://openalex.org/W2400612712
https://openalex.org/W2403292241
https://openalex.org/W2406143536
https://openalex.org/W2406607443
https://openalex.org/W2408778086
https://openalex.org/W2408826696
https://openalex.org/W2410618300
https://openalex.org/W2411616115
https://openalex.org/W2416637779
https://openalex.org/W2417006447
https://openalex.org/W2463668161
https://openalex.org/W2470144555
https://openalex.org/W2620797883
https://openalex.org/W2725120493
https://openalex.org/W2905916643
https://openalex.org/W2906069411
https://openalex.org/W2993065060
https://openalex.org/W4232497197
https://openalex.org/W4244412206
https://openalex.org/W567344020
https://openalex.org/W806756671
https://openalex.org/W832746237
https://openalex.org/W958242920
https://openalex.org/W1967426411
https://openalex.org/W1977748501
https://openalex.org/W20008467
https://openalex.org/W2042971057
https://openalex.org/W2048167266
https://openalex.org/W2051932352
https://openalex.org/W2068860453
https://openalex.org/W2073341223
https://openalex.org/W2082585711
https://openalex.org/W21277913
https://openalex.org/W2178586777
https://openalex.org/W2279843482
https://openalex.org/W2286414900
https://openalex.org/W2291563907
https://openalex.org/W2307898760
https://openalex.org/W2331143974
https://openalex.org/W2332121308
https://openalex.org/W2350617599
https://openalex.org/W2374166472
https://openalex.org/W2397510435
https://openalex.org/W2400722207
https://openalex.org/W2404377384
https://openalex.org/W2409195057
https://openalex.org/W2410006700
https://openalex.org/W2411028936
https://openalex.org/W2411206316
https://openalex.org/W2414454794
https://openalex.org/W2415013243
https://openalex.org/W2419273416
https://openalex.org/W2422623462
https://openalex.org/W2423124480
https://openalex.org/W2427946627
https://openalex.org/W2440227210
https://openalex.org/W24605695
https://openalex.org/W2465740246
https://openalex.org/W2472671852
https://openalex.org/W2474099711
https://openalex.org/W2485858795
https://openalex.org/W258980405
https://openalex.org/W2621352875
https://openalex.org/W2780899262
https://openalex.org/W2794962417
https://openalex.org/W2797735570
https://openalex.org/W2808697544
https://openalex.org/W2905861645
https://openalex.org/W2925087847
https://openalex.org/W2972824002
https://openalex.org/W2993985244
https://openalex.org/W2996318794
https://openalex.org/W3024453897
https://openalex.org/W3109929272
https://openalex.org/W31306234
https://openalex.org/W3205360203
https://openalex.org/W3206415626
https://openalex.org/W4255227104
https://openalex.org/W623347907
https://openalex.org/W654448930
https://openalex.org/W120660933
https://openalex.org/W1490156871
https://openalex.org/W1976221559
https://openalex.org/W2006495786
https://openalex.org/W2021855740
https://openalex.org/W2132764944
https://openalex.org/W2158919904
https://openalex.org/W2187295136
https://openalex.org/W2209383172
https://openalex.org/W2379851812
https://openalex.org/W2400420442
https://openalex.org/W2405346358
https://openalex.org/W2409824023
https://openalex.org/W2411290426
https://openalex.org/W2411717282
https://openalex.org/W2412844453
https://openalex.org/W2414948621
https://openalex.org/W2414953027
https://openalex.org/W2415143206
https://openalex.org/W2420554102
https://openalex.org/W2460433783
https://openalex.org/W247108605
https://openalex.org/W2742411991
https://openalex.org/W3030979955
https://openalex.org/W3150366321
https://openalex.org/W3161111413
https://openalex.org/W3217521717
https://openalex.org/W411148465
https://openalex.org/W4206583823
https://openalex.org/W4393136657
https://openalex.org/W103694667
https://openalex.org/W105314139
https://openalex.org/W188755704
https://openalex.org/W1980507831
https://openalex.org/W199119168
https://openalex.org/W2009119975
https://openalex.org/W2018322643
https://openalex.org/W2025045170
https://openalex.org/W2050378264
https://openalex.org/W2061918001
https://openalex.org/W2130130236
https://openalex.org/W2159280539
https://openalex.org/W2170691917
https://openalex.org/W2274787665
https://openalex.org/W2282226559
https://openalex.org/W2282343914
https://openalex.org/W2287160684
https://openalex.org/W2315191663
https://openalex.org/W2315210988
https://openalex.org/W2330336219
https://openalex.org/W2331242128
https://openalex.org/W2380209579
https://openalex.org/W2394637076
https://openalex.org/W2402818586
https://openalex.org/W2403183267
https://openalex.org/W2405497323
https://openalex.org/W2408196841
https://openalex.org/W2408808093
https://openalex.org/W2409404525
https://openalex.org/W2410993824
https://openalex.org/W2413285022
https://openalex.org/W2413891911
https://openalex.org/W2417962386
https://openalex.org/W2433389992
https://openalex.org/W2439142279
https://openalex.org/W2439986283
https://openalex.org/W2441930209
https://openalex.org/W2442857823
https://openalex.org/W2464564555
https://openalex.org/W2470849043
https://openalex.org/W2472455783
https://openalex.org/W2743431346
https://openalex.org/W2781622826
https://openalex.org/W2786356340
https://openalex.org/W2888789734
https://openalex.org/W2888819527
https://openalex.org/W2888934287
https://openalex.org/W2889119854
https://openalex.org/W2899988763
https://openalex.org/W3120657880
https://openalex.org/W3125114175
https://openalex.org/W3161278404
https://openalex.org/W3212403742
https://openalex.org/W3212792328
https://openalex.org/W3214344825
https://openalex.org/W343859943
https://openalex.org/W4302423396
https://openalex.org/W4390565749
https://openalex.org/W5981541
https://openalex.org/W626507112
https://openalex.org/W810557107
https://openalex.org/W2887185538
https://openalex.org/W2132796361
https://openalex.org/W2606281213
https://openalex.org/W2334386657
https://openalex.org/W2736029153
https://openalex.org/W2142514727
https://openalex.org/W2064315281
https://openalex.org/W2078178450
https://openalex.org/W1970545979
https://openalex.org/W2135585295
https://openalex.org/W2887373570
https://openalex.org/W2085153672
https://openalex.org/W2037020666
https://openalex.org/W2064783811
https://openalex.org/W2976081967
https://openalex.org/W2767945620
https://openalex.org/W1973230733
https://openalex.org/W2103589755
https://openalex.org/W2122027328
https://openalex.org/W56968070
https://openalex.org/W2078439148
https://openalex.org/W2031475362
https://openalex.org/W2795375387
https://openalex.org/W2139751459
https://openalex.org/W3135374557
https://openalex.org/W1977956532
https://openalex.org/W2622369154
https://openalex.org/W2994984469
https://openalex.org/W2912867695
https://openalex.org/W3127261778
https://openalex.org/W3159964022
https://openalex.org/W3159024029
https://openalex.org/W4289839070
https://openalex.org/W3181897208
https://openalex.org/W4229064045
https://openalex.org/W4390535611
https://openalex.org/W1991988352
https://openalex.org/W2131682111
https://openalex.org/W2110917154
https://openalex.org/W1989479447
https://openalex.org/W2026924684
https://openalex.org/W2030861869
https://openalex.org/W1977918131
https://openalex.org/W2076953985
https://openalex.org/W1968939951
https://openalex.org/W4235607961
https://openalex.org/W3105582484
https://openalex.org/W2041118328
https://openalex.org/W2153939223
https://openalex.org/W2152216522
https://openalex.org/W2019766823
https://openalex.org/W2013800720
https://openalex.org/W1991369147
https://openalex.org/W2064330536
https://openalex.org/W2168728562
https://openalex.org/W2050646440
https://openalex.org/W2054100929
https://openalex.org/W2093943045
https://openalex.org/W2071356282
https://openalex.org/W2152958704
https://openalex.org/W2069602780
https://openalex.org/W1996555743
https://openalex.org/W2313979994
https://openalex.org/W2045697879
https://openalex.org/W2163092270
https://openalex.org/W1992326266
https://openalex.org/W2095807833
https://openalex.org/W1990802090
https://openalex.org/W1967578007
https://openalex.org/W2096166657
https://openalex.org/W2123153396
https://openalex.org/W2045570428
https://openalex.org/W1993506271
https://openalex.org/W2051881267
https://openalex.org/W2051215326
https://openalex.org/W4231099946
https://openalex.org/W2058065877
https://openalex.org/W2273187858
https://openalex.org/W1999104671
https://openalex.org/W1814992742
https://openalex.org/W1989739279
https://openalex.org/W1798331425
https://openalex.org/W2916468376
https://openalex.org/W2469944338
https://openalex.org/W2019031900
https://openalex.org/W2006444955
https://openalex.org/W2331210993
https://openalex.org/W2607433432
https://openalex.org/W2791530122
https://openalex.org/W2902805578
https://openalex.org/W2123325806
https://openalex.org/W2129432302
https://openalex.org/W2193311020
https://openalex.org/W2999871614
https://openalex.org/W2885125481
https://openalex.org/W3002656091
https://openalex.org/W3093544118
https://openalex.org/W3097361880
https://openalex.org/W2981166425
https://openalex.org/W3016656551
https://openalex.org/W3096831886
https://openalex.org/W3156953762
https://openalex.org/W3148141195
https://openalex.org/W3191219243
https://openalex.org/W3174884763
https://openalex.org/W3127029381
https://openalex.org/W3213786132
https://openalex.org/W3214868756
https://openalex.org/W4229449868
https://openalex.org/W4376616215
https://openalex.org/W4320709597
https://openalex.org/W4319723652
https://openalex.org/W4381716260
https://openalex.org/W4321785502
https://openalex.org/W4323534941
https://openalex.org/W4392105727
https://openalex.org/W2057986024
https://openalex.org/W2156990782
https://openalex.org/W2048899341
https://openalex.org/W2067462824
https://openalex.org/W2149571723
https://openalex.org/W2047963749
https://openalex.org/W2159527519
https://openalex.org/W2029528150
https://openalex.org/W2155006772
https://openalex.org/W175414047
https://openalex.org/W2120390261
https://openalex.org/W2074187580
https://openalex.org/W2061007206
https://openalex.org/W1503058432
https://openalex.org/W2087063545
https://openalex.org/W1997673720
https://openalex.org/W2140335098
https://openalex.org/W2060145978
https://openalex.org/W2108689276
https://openalex.org/W2071513614
https://openalex.org/W2156051724
https://openalex.org/W2004675452
https://openalex.org/W2025969064
https://openalex.org/W2142972041
https://openalex.org/W1992733381
https://openalex.org/W2167232230
https://openalex.org/W2008173480
https://openalex.org/W2338371321
https://openalex.org/W2121330222
https://openalex.org/W2074531670
https://openalex.org/W4233365813
https://openalex.org/W2029029598
https://openalex.org/W2088632644
https://openalex.org/W2017318459
https://openalex.org/W2093122121
https://openalex.org/W2013019550
https://openalex.org/W2114600428
https://openalex.org/W1997960985
https://openalex.org/W2134228200
https://openalex.org/W1965624581
https://openalex.org/W2079560671
https://openalex.org/W2072890337
https://openalex.org/W2147563825
https://openalex.org/W2060647007
https://openalex.org/W2052311091
https://openalex.org/W2062367242
https://openalex.org/W2082003372
https://openalex.org/W2059204828
https://openalex.org/W1999539801
https://openalex.org/W2163639779
https://openalex.org/W2162257338
https://openalex.org/W1938879020
https://openalex.org/W2048565758
https://openalex.org/W1538844003
https://openalex.org/W2166856570
https://openalex.org/W1979079966
https://openalex.org/W2081460605
https://openalex.org/W2284990121
https://openalex.org/W1984239941
https://openalex.org/W2071772175
https://openalex.org/W2582412523
https://openalex.org/W1925196301
https://openalex.org/W2117902398
https://openalex.org/W2801015192
https://openalex.org/W2808748371
https://openalex.org/W2520856740
https://openalex.org/W2726673424
https://openalex.org/W2006545737
https://openalex.org/W2041487276
https://openalex.org/W2118096229
https://openalex.org/W2157437573
https://openalex.org/W2548723506
https://openalex.org/W2783435762
https://openalex.org/W2147335241
https://openalex.org/W2298467162
https://openalex.org/W2792349974
https://openalex.org/W2953631623
https://openalex.org/W2259896843
https://openalex.org/W2337090699
https://openalex.org/W2750597153
https://openalex.org/W2761038569
https://openalex.org/W2190927192
https://openalex.org/W2344328930
https://openalex.org/W2942746363
https://openalex.org/W3037357795
https://openalex.org/W2987152751
https://openalex.org/W3037180584
https://openalex.org/W3064675111
https://openalex.org/W3092815537
https://openalex.org/W3013120382
https://openalex.org/W3203166965
https://openalex.org/W3216824656
https://openalex.org/W4285602498
https://openalex.org/W4361226144
https://openalex.org/W4385665364
https://openalex.org/W4386698610
https://openalex.org/W4389298265
https://openalex.org/W4388847434
https://openalex.org/W4385263747
https://openalex.org/W4390485786
https://openalex.org/W4390906867
https://openalex.org/W4391919117
https://openalex.org/W2027159161
https://openalex.org/W2037316404
https://openalex.org/W2103277516
https://openalex.org/W2056932864
https://openalex.org/W1985586370
https://openalex.org/W1979417052
https://openalex.org/W2072135728
https://openalex.org/W2038963210
https://openalex.org/W2118819274
https://openalex.org/W2161664572
https://openalex.org/W2038326517
https://openalex.org/W2041383070
https://openalex.org/W2071941385
https://openalex.org/W2029240487
https://openalex.org/W2088988038
https://openalex.org/W1483130144
https://openalex.org/W2087009660
https://openalex.org/W2034773787
https://openalex.org/W2075100290
https://openalex.org/W1964900782
https://openalex.org/W1970003637
https://openalex.org/W1974409178
https://openalex.org/W2020966500
https://openalex.org/W1971601137
https://openalex.org/W2057821382
https://openalex.org/W2137084404
https://openalex.org/W2264873785
https://openalex.org/W1999270048
https://openalex.org/W2089593050
https://openalex.org/W2067436133
https://openalex.org/W2092593050
https://openalex.org/W2135048447
https://openalex.org/W2005048522
https://openalex.org/W1979562948
https://openalex.org/W2031783987
https://openalex.org/W2160671437
https://openalex.org/W64304115
https://openalex.org/W2034786948
https://openalex.org/W1972489384
https://openalex.org/W2159406283
https://openalex.org/W2020394309
https://openalex.org/W2063510353
https://openalex.org/W2334780982
https://openalex.org/W2093117165
https://openalex.org/W2036664684
https://openalex.org/W2055927030
https://openalex.org/W2004460775
https://openalex.org/W2044218287
https://openalex.org/W2019638504
https://openalex.org/W1996809750
https://openalex.org/W2006588930
https://openalex.org/W2023231296
https://openalex.org/W2050717652
https://openalex.org/W2122644286
https://openalex.org/W2158759096
https://openalex.org/W1627980444
https://openalex.org/W2051705044
https://openalex.org/W2580610451
https://openalex.org/W2255468098
https://openalex.org/W2898695474
https://openalex.org/W4312435936
https://openalex.org/W2092318421
https://openalex.org/W2278802124
https://openalex.org/W2622499609
https://openalex.org/W2791584820
https://openalex.org/W2778075109
https://openalex.org/W2801775757
https://openalex.org/W2788320998
https://openalex.org/W2805161098
https://openalex.org/W2949532938
https://openalex.org/W2912256861
https://openalex.org/W2965030334
https://openalex.org/W2988197090
https://openalex.org/W3000962954
https://openalex.org/W3004284456
https://openalex.org/W3048390006
https://openalex.org/W2953443285
https://openalex.org/W3035894658
https://openalex.org/W3019793903
https://openalex.org/W3134034464
https://openalex.org/W3113243658
https://openalex.org/W4220763419
https://openalex.org/W4280600426
https://openalex.org/W4214613217
https://openalex.org/W4226383818
https://openalex.org/W4297878818
https://openalex.org/W4375950724
https://openalex.org/W4378072428
https://openalex.org/W4296248957
https://openalex.org/W4361205183
https://openalex.org/W4376612365
https://openalex.org/W4386857366
https://openalex.org/W56603240
https://openalex.org/W2008560382
https://openalex.org/W2134004059
https://openalex.org/W2084347047
https://openalex.org/W1996039846
https://openalex.org/W2080133477
https://openalex.org/W2069543550
https://openalex.org/W2036219928
https://openalex.org/W2078608479
https://openalex.org/W2031015192
https://openalex.org/W2121720782
https://openalex.org/W1970698078
https://openalex.org/W1974925162
https://openalex.org/W1979505512
https://openalex.org/W2164608576
https://openalex.org/W2168939765
https://openalex.org/W1979133141
https://openalex.org/W2076863442
https://openalex.org/W2078681483
https://openalex.org/W2015671658
https://openalex.org/W2117031715
https://openalex.org/W2139032577
https://openalex.org/W2051670497
https://openalex.org/W2080034820
https://openalex.org/W1983588648
https://openalex.org/W2092744114
https://openalex.org/W2124343304
https://openalex.org/W1982786367
https://openalex.org/W2083759314
https://openalex.org/W2092966383
https://openalex.org/W2341408905
https://openalex.org/W2012955978
https://openalex.org/W2078375403
https://openalex.org/W2151454410
https://openalex.org/W2079300873
https://openalex.org/W2002730161
https://openalex.org/W2017684241
https://openalex.org/W2003318494
https://openalex.org/W1511789734
https://openalex.org/W1978838773
https://openalex.org/W2143377056
https://openalex.org/W2084916518
https://openalex.org/W1932585516
https://openalex.org/W2072723924
https://openalex.org/W1760545321
https://openalex.org/W2116967123
https://openalex.org/W2138183796
https://openalex.org/W2006805261
https://openalex.org/W2117950723
https://openalex.org/W2164884987
https://openalex.org/W1981621794
https://openalex.org/W2037501632
https://openalex.org/W2051949501
https://openalex.org/W2060270482
https://openalex.org/W2530051039
https://openalex.org/W2027438984
https://openalex.org/W2801430538
https://openalex.org/W2136623079
https://openalex.org/W2567694642
https://openalex.org/W2123079864
https://openalex.org/W2178191916
https://openalex.org/W2619660990
https://openalex.org/W2885859576
https://openalex.org/W2899644023
https://openalex.org/W2968510131
https://openalex.org/W2973159657
https://openalex.org/W2980786831
https://openalex.org/W2900693115
https://openalex.org/W2942326538
https://openalex.org/W3015328651
https://openalex.org/W3013177500
https://openalex.org/W3120698147
https://openalex.org/W3155636325
https://openalex.org/W3119423600
https://openalex.org/W3197563078
https://openalex.org/W4289868456
https://openalex.org/W4303432138
https://openalex.org/W4221072992
https://openalex.org/W4292302186
https://openalex.org/W4292858598
https://openalex.org/W2029540868
https://openalex.org/W4313545447
https://openalex.org/W4323543495
https://openalex.org/W1973770970
https://openalex.org/W2064953522
https://openalex.org/W2111867236
https://openalex.org/W2055670597
https://openalex.org/W57601297
https://openalex.org/W1985734380
https://openalex.org/W1964127662
https://openalex.org/W2035419023
https://openalex.org/W1496380491
https://openalex.org/W1989466565
https://openalex.org/W4232575082
https://openalex.org/W2138076272
https://openalex.org/W2007867267
https://openalex.org/W1973767502
https://openalex.org/W1973935779
https://openalex.org/W1997805459
https://openalex.org/W2087239479
https://openalex.org/W2162763593
https://openalex.org/W1964298584
https://openalex.org/W2026210212
https://openalex.org/W2045321935
https://openalex.org/W2158536057
https://openalex.org/W2064393967
https://openalex.org/W2005811304
https://openalex.org/W2014508320
https://openalex.org/W2055539432
https://openalex.org/W2157069635
https://openalex.org/W2031018950
https://openalex.org/W2131099998
https://openalex.org/W2001441947
https://openalex.org/W2077153198
https://openalex.org/W2042273272
https://openalex.org/W3102371280
https://openalex.org/W4256228313
https://openalex.org/W1987874253
https://openalex.org/W2056623768
https://openalex.org/W2102803707
https://openalex.org/W2144755703
https://openalex.org/W1986210117
https://openalex.org/W2012299728
https://openalex.org/W2017557250
https://openalex.org/W2335086660
https://openalex.org/W2066334128
https://openalex.org/W2168041699
https://openalex.org/W1910190157
https://openalex.org/W2006527617
https://openalex.org/W2037460445
https://openalex.org/W2315094227
https://openalex.org/W2106341482
https://openalex.org/W2117428074
https://openalex.org/W2741181070
https://openalex.org/W2478630076
https://openalex.org/W2567075861
https://openalex.org/W2055011359
https://openalex.org/W2140992549
https://openalex.org/W2588591933
https://openalex.org/W2577206821
https://openalex.org/W2782445488
https://openalex.org/W2017301762
https://openalex.org/W2039632240
https://openalex.org/W2342150076
https://openalex.org/W2601197859
https://openalex.org/W2574777985
https://openalex.org/W2775222356
https://openalex.org/W2793740355
https://openalex.org/W2783020541
https://openalex.org/W2791315788
https://openalex.org/W2803452640
https://openalex.org/W2890541938
https://openalex.org/W2962730619
https://openalex.org/W2947508681
https://openalex.org/W2890901506
https://openalex.org/W2944541171
https://openalex.org/W2800738255
https://openalex.org/W3046587449
https://openalex.org/W2985843621
https://openalex.org/W3036047704
https://openalex.org/W3113130833
https://openalex.org/W3136081713
https://openalex.org/W3196321768
https://openalex.org/W3135311317
https://openalex.org/W3160111214
https://openalex.org/W4282014719
https://openalex.org/W2323221860
https://openalex.org/W4327898070
https://openalex.org/W4380988747
https://openalex.org/W2033207448
https://openalex.org/W1989119488
https://openalex.org/W1984090668
https://openalex.org/W2044564243
https://openalex.org/W1532062207
https://openalex.org/W2025651760
https://openalex.org/W2045109030
https://openalex.org/W2116809806
https://openalex.org/W1964227866
https://openalex.org/W1968691865
https://openalex.org/W1977660312
https://openalex.org/W2077903349
https://openalex.org/W1484811228
https://openalex.org/W2028740485
https://openalex.org/W2087493860
https://openalex.org/W2274480200
https://openalex.org/W1964429055
https://openalex.org/W2000652267
https://openalex.org/W2064536743
https://openalex.org/W2148390117
https://openalex.org/W2419327623
https://openalex.org/W1978755536
https://openalex.org/W2007796276
https://openalex.org/W2145410616
https://openalex.org/W2081774741
https://openalex.org/W1986495987
https://openalex.org/W2000446177
https://openalex.org/W2010104947
https://openalex.org/W2018237864
https://openalex.org/W2080380061
https://openalex.org/W2132123837
https://openalex.org/W171607362
https://openalex.org/W1964243931
https://openalex.org/W2100189687
https://openalex.org/W2887118424
https://openalex.org/W2137525012
https://openalex.org/W2029803663
https://openalex.org/W2030460942
https://openalex.org/W2046659340
https://openalex.org/W2011809983
https://openalex.org/W2095337575
https://openalex.org/W2022002815
https://openalex.org/W1967082365
https://openalex.org/W2055677414
https://openalex.org/W2072545748
https://openalex.org/W1970929107
https://openalex.org/W2050010202
https://openalex.org/W2067237549
https://openalex.org/W2033871769
https://openalex.org/W2154654790
https://openalex.org/W2077887072
https://openalex.org/W2331083328
https://openalex.org/W1972850638
https://openalex.org/W2046486271
https://openalex.org/W2320574724
https://openalex.org/W2755905517
https://openalex.org/W2897820496
https://openalex.org/W2560787159
https://openalex.org/W2806340705
https://openalex.org/W2773937672
https://openalex.org/W2883233791
https://openalex.org/W2916289941
https://openalex.org/W2972804526
https://openalex.org/W2475109224
https://openalex.org/W2527979234
https://openalex.org/W2879759802
https://openalex.org/W2967630641
https://openalex.org/W3011044479
https://openalex.org/W3014957865
https://openalex.org/W3009238883
https://openalex.org/W3109470170
https://openalex.org/W4221036902
https://openalex.org/W4221094958
https://openalex.org/W4205225930
https://openalex.org/W4281480789
https://openalex.org/W4362658138
https://openalex.org/W4376126307
https://openalex.org/W2107148118
https://openalex.org/W2148191976
https://openalex.org/W2144863531
https://openalex.org/W2418443257
https://openalex.org/W2041892037
https://openalex.org/W2067476805
https://openalex.org/W2128534060
https://openalex.org/W4300824115
https://openalex.org/W2001478888
https://openalex.org/W2037692529
https://openalex.org/W2051021484
https://openalex.org/W2094789033
https://openalex.org/W2143420065
https://openalex.org/W84970975
https://openalex.org/W1972148846
https://openalex.org/W2039817078
https://openalex.org/W2152023917
https://openalex.org/W2157646834
https://openalex.org/W2075379712
https://openalex.org/W2080108456
https://openalex.org/W2139189807
https://openalex.org/W2006394765
https://openalex.org/W1892103065
https://openalex.org/W1971381910
https://openalex.org/W1995637165
https://openalex.org/W2105804474
https://openalex.org/W1602592332
https://openalex.org/W1996745130
https://openalex.org/W310318129
https://openalex.org/W1972953754
https://openalex.org/W2071757884
https://openalex.org/W2131096911
https://openalex.org/W2067216574
https://openalex.org/W2077441794
https://openalex.org/W2129655685
https://openalex.org/W2138186181
https://openalex.org/W1993829068
https://openalex.org/W2132303734
https://openalex.org/W2144230680
https://openalex.org/W2166247054
https://openalex.org/W1981429860
https://openalex.org/W1992287766
https://openalex.org/W2024461582
https://openalex.org/W2056843995
https://openalex.org/W4247571330
https://openalex.org/W1995287178
https://openalex.org/W2011467531
https://openalex.org/W2130539715
https://openalex.org/W2056915800
https://openalex.org/W2313626530
https://openalex.org/W2512796417
https://openalex.org/W2780905717
https://openalex.org/W2890598577
https://openalex.org/W4244934251
https://openalex.org/W2114887573
https://openalex.org/W2264417903
https://openalex.org/W2512819968
https://openalex.org/W2545384545
https://openalex.org/W2788122171
https://openalex.org/W2793928299
https://openalex.org/W2173643479
https://openalex.org/W2335956423
https://openalex.org/W2473281566
https://openalex.org/W2802889037
https://openalex.org/W2952677103
https://openalex.org/W2980182241
https://openalex.org/W3021795591
https://openalex.org/W3042269476
https://openalex.org/W2999601372
https://openalex.org/W3085560445
https://openalex.org/W3110301048
https://openalex.org/W2738773091
https://openalex.org/W2999029362
https://openalex.org/W3002016152
https://openalex.org/W3048288110
https://openalex.org/W2963528974
https://openalex.org/W3118535564
https://openalex.org/W3120441980
https://openalex.org/W3151327015
https://openalex.org/W3164679810
https://openalex.org/W3164754396
https://openalex.org/W4200480479
https://openalex.org/W4200293799
https://openalex.org/W4220840290
https://openalex.org/W4225381841
https://openalex.org/W4292999153
https://openalex.org/W4308949086
https://openalex.org/W4366703118
https://openalex.org/W4385719309
https://openalex.org/W4388538534
https://openalex.org/W4390033574
https://openalex.org/W4390198139
https://openalex.org/W4390586108
https://openalex.org/W4390617748
https://openalex.org/W4390639055
https://openalex.org/W4390701508
https://openalex.org/W4390828350
https://openalex.org/W4390830457
https://openalex.org/W4390887033
https://openalex.org/W4391063494
https://openalex.org/W4391126187
https://openalex.org/W4391338124
https://openalex.org/W4391454616
https://openalex.org/W4391473816
https://openalex.org/W4391513970
https://openalex.org/W4391517304
https://openalex.org/W4391529171
https://openalex.org/W4391786982
https://openalex.org/W4391786989
https://openalex.org/W4392052376
https://openalex.org/W4392404701
https://openalex.org/W4392472161
https://openalex.org/W4392707898
https://openalex.org/W4392765862
https://openalex.org/W4393031886
https://openalex.org/W4393033086
https://openalex.org/W4393057536
https://openalex.org/W4393439079
https://openalex.org/W4393439098
https://openalex.org/W4393439233
https://openalex.org/W4393491309
https://openalex.org/W4393491577
https://openalex.org/W4393491628
https://openalex.org/W4393491633
https://openalex.org/W4393491751
https://openalex.org/W4393491857
https://openalex.org/W4393492167
https://openalex.org/W4393492629
https://openalex.org/W4393492667
https://openalex.org/W4393492719
https://openalex.org/W4393493361
https://openalex.org/W4393494012
https://openalex.org/W4393494346
https://openalex.org/W4393494756
https://openalex.org/W4393494812
https://openalex.org/W4393495504
https://openalex.org/W4393495507
https://openalex.org/W4393495616
https://openalex.org/W4393496540
https://openalex.org/W4393496801
https://openalex.org/W4393497006
https://openalex.org/W4393497010
https://openalex.org/W4393497833
https://openalex.org/W4393498686
https://openalex.org/W4393500317
https://openalex.org/W4393604962
https://openalex.org/W4393712288
https://openalex.org/W4393970661
https://openalex.org/W4393999721
https://openalex.org/W4394748469
https://openalex.org/W4394768769
https://openalex.org/W4394841732
https://openalex.org/W4394866899
https://openalex.org/W4395704752
https://openalex.org/W4396217990
https://openalex.org/W4396226617
https://openalex.org/W1994240688
https://openalex.org/W2038441221
https://openalex.org/W2089770247
https://openalex.org/W1272328312
https://openalex.org/W2091116475
https://openalex.org/W2000398622
https://openalex.org/W2021870617
https://openalex.org/W2027799273
https://openalex.org/W2411492524
https://openalex.org/W4235385579
https://openalex.org/W1569078778
https://openalex.org/W1963543961
https://openalex.org/W1970564487
https://openalex.org/W2016694289
https://openalex.org/W2022476698
https://openalex.org/W2284796082
https://openalex.org/W2079160374
https://openalex.org/W2095480309
https://openalex.org/W1995671438
https://openalex.org/W2010438443
https://openalex.org/W2056327426
https://openalex.org/W2110007022
https://openalex.org/W1989186383
https://openalex.org/W2034136295
https://openalex.org/W2346494993
https://openalex.org/W1991704292
https://openalex.org/W2017867998
https://openalex.org/W2022103970
https://openalex.org/W2005273283
https://openalex.org/W2001263918
https://openalex.org/W2012499245
https://openalex.org/W2041485503
https://openalex.org/W2075695046
https://openalex.org/W2122993898
https://openalex.org/W2157305721
https://openalex.org/W2065611259
https://openalex.org/W2325102240
https://openalex.org/W2912332860
https://openalex.org/W2110261609
https://openalex.org/W2122108153
https://openalex.org/W2022265218
https://openalex.org/W2035029210
https://openalex.org/W2091440111
https://openalex.org/W2059042353
https://openalex.org/W2066863701
https://openalex.org/W2915583103
https://openalex.org/W1565900517
https://openalex.org/W2017236031
https://openalex.org/W2333352409
https://openalex.org/W2036741387
https://openalex.org/W2057586918
https://openalex.org/W2326757790
https://openalex.org/W3124286055
https://openalex.org/W1968965595
https://openalex.org/W1992130502
https://openalex.org/W2029388359
https://openalex.org/W2080978637
https://openalex.org/W1975040525
https://openalex.org/W2085262462
https://openalex.org/W2115116346
https://openalex.org/W2303882528
https://openalex.org/W2315739318
https://openalex.org/W2741010786
https://openalex.org/W2397903957
https://openalex.org/W2625856574
https://openalex.org/W2804649432
https://openalex.org/W2903964463
https://openalex.org/W2470343341
https://openalex.org/W2553733843
https://openalex.org/W2591944542
https://openalex.org/W2727385390
https://openalex.org/W2755330555
https://openalex.org/W2757934032
https://openalex.org/W2789670493
https://openalex.org/W2811154178
https://openalex.org/W2886967338
https://openalex.org/W2897666292
https://openalex.org/W2966988866
https://openalex.org/W2970815520
https://openalex.org/W2327670253
https://openalex.org/W2490090193
https://openalex.org/W2969925778
https://openalex.org/W2998485774
https://openalex.org/W3044338963
https://openalex.org/W3048319610
https://openalex.org/W3159151789
https://openalex.org/W4309726656
https://openalex.org/W4312220504
https://openalex.org/W4313480276
https://openalex.org/W4317659502
https://openalex.org/W4362466448
https://openalex.org/W4385191046
https://openalex.org/W4387728942
https://openalex.org/W4389130695
https://openalex.org/W2130882007
https://openalex.org/W1991558979
https://openalex.org/W1995462091
https://openalex.org/W2060953756
https://openalex.org/W2416185119
https://openalex.org/W4242674669
https://openalex.org/W1980564242
https://openalex.org/W2019414051
https://openalex.org/W2122456333
https://openalex.org/W2314571347
https://openalex.org/W1970469828
https://openalex.org/W1985061705
https://openalex.org/W1990407677
https://openalex.org/W2141098862
https://openalex.org/W1968043959
https://openalex.org/W2066175161
https://openalex.org/W2099605342
https://openalex.org/W1972444679
https://openalex.org/W1990887832
https://openalex.org/W2050067622
https://openalex.org/W2158133585
https://openalex.org/W2023180760
https://openalex.org/W2114465378
https://openalex.org/W2118959975
https://openalex.org/W2087153720
https://openalex.org/W2274049571
https://openalex.org/W2002999945
https://openalex.org/W2122753498
https://openalex.org/W2120056733
https://openalex.org/W2040845762
https://openalex.org/W2090812834
https://openalex.org/W2006402744
https://openalex.org/W2131076484
https://openalex.org/W1983352395
https://openalex.org/W2050672565
https://openalex.org/W140256642
https://openalex.org/W2011138192
https://openalex.org/W1589554963
https://openalex.org/W1710117656
https://openalex.org/W135914834
https://openalex.org/W1982802122
https://openalex.org/W2012781811
https://openalex.org/W2114135831
https://openalex.org/W1970763279
https://openalex.org/W2099214563
https://openalex.org/W1964989931
https://openalex.org/W1810359437
https://openalex.org/W1994575134
https://openalex.org/W2022886459
https://openalex.org/W2064908309
https://openalex.org/W2080072910
https://openalex.org/W1979739482
https://openalex.org/W2037749809
https://openalex.org/W2095112140
https://openalex.org/W2165250461
https://openalex.org/W2399224965
https://openalex.org/W1564319950
https://openalex.org/W1904685633
https://openalex.org/W2408126433
https://openalex.org/W2520906870
https://openalex.org/W2563191733
https://openalex.org/W2748735842
https://openalex.org/W2981279272
https://openalex.org/W2997364381
https://openalex.org/W3005031213
https://openalex.org/W3045954209
https://openalex.org/W3093560808
https://openalex.org/W3014506572
https://openalex.org/W3157078147
https://openalex.org/W4220710269
https://openalex.org/W4221002063
https://openalex.org/W4224937147
https://openalex.org/W4281813028
https://openalex.org/W2010404863
https://openalex.org/W2068390628
https://openalex.org/W2401338057
https://openalex.org/W1976468381
https://openalex.org/W2116449847
https://openalex.org/W1967544319
https://openalex.org/W1992198720
https://openalex.org/W2011840630
https://openalex.org/W2082713709
https://openalex.org/W2137073868
https://openalex.org/W2026762183
https://openalex.org/W2055030254
https://openalex.org/W2093836052
https://openalex.org/W2159117172
https://openalex.org/W1632216766
https://openalex.org/W1977031064
https://openalex.org/W2020497016
https://openalex.org/W2034999435
https://openalex.org/W2151039947
https://openalex.org/W2012475263
https://openalex.org/W1995286156
https://openalex.org/W2010518886
https://openalex.org/W2037276450
https://openalex.org/W2132380559
https://openalex.org/W1985357116
https://openalex.org/W2047522116
https://openalex.org/W2015947122
https://openalex.org/W2088604755
https://openalex.org/W2047400105
https://openalex.org/W2055544233
https://openalex.org/W1652321115
https://openalex.org/W1999475332
https://openalex.org/W2126776246
https://openalex.org/W1992554453
https://openalex.org/W2019506305
https://openalex.org/W2063797114
https://openalex.org/W2079611152
https://openalex.org/W2092846669
https://openalex.org/W1858397219
https://openalex.org/W1969122605
https://openalex.org/W2029556409
https://openalex.org/W2040492092
https://openalex.org/W2073678739
https://openalex.org/W2083488566
https://openalex.org/W2107081351
https://openalex.org/W2587597213
https://openalex.org/W144320431
https://openalex.org/W1996583434
https://openalex.org/W2011816363
https://openalex.org/W2013668804
https://openalex.org/W2052950423
https://openalex.org/W2046607686
https://openalex.org/W2054917764
https://openalex.org/W2112897905
https://openalex.org/W2791662927
https://openalex.org/W2886735596
https://openalex.org/W74753608
https://openalex.org/W142602513
https://openalex.org/W1942453782
https://openalex.org/W2154212341
https://openalex.org/W2171132215
https://openalex.org/W2465175429
https://openalex.org/W2520767865
https://openalex.org/W2535828547
https://openalex.org/W2807303929
https://openalex.org/W2888553320
https://openalex.org/W2936804502
https://openalex.org/W2997177968
https://openalex.org/W594089454
https://openalex.org/W801736026
https://openalex.org/W2294473731
https://openalex.org/W2437194866
https://openalex.org/W2552101389
https://openalex.org/W2918408728
https://openalex.org/W2980799126
https://openalex.org/W2996559378
https://openalex.org/W3084275476
https://openalex.org/W3136887023
https://openalex.org/W4200418704
https://openalex.org/W4223419931
https://openalex.org/W4288732535
https://openalex.org/W4289517604
https://openalex.org/W4307348136
https://openalex.org/W4309474216
https://openalex.org/W2313568567
https://openalex.org/W2169902758
https://openalex.org/W1996351300
https://openalex.org/W2026089584
https://openalex.org/W2027601343
https://openalex.org/W2034614691
https://openalex.org/W82200290
https://openalex.org/W2075290855
https://openalex.org/W2129946470
https://openalex.org/W2008436636
https://openalex.org/W2063814373
https://openalex.org/W2345749714
https://openalex.org/W1966784957
https://openalex.org/W2034834543
https://openalex.org/W2090615488
https://openalex.org/W2145484650
https://openalex.org/W1963601568
https://openalex.org/W1999088886
https://openalex.org/W2090300064
https://openalex.org/W1976137826
https://openalex.org/W1964893068
https://openalex.org/W1974988996
https://openalex.org/W2079527626
https://openalex.org/W2054612089
https://openalex.org/W2154970866
https://openalex.org/W2035664161
https://openalex.org/W2043083743
https://openalex.org/W1969570261
https://openalex.org/W2314585220
https://openalex.org/W2091095631
https://openalex.org/W1998110288
https://openalex.org/W2020613923
https://openalex.org/W2031763149
https://openalex.org/W2417797407
https://openalex.org/W4246114393
https://openalex.org/W1980880239
https://openalex.org/W2008504201
https://openalex.org/W2062599056
https://openalex.org/W2111064663
https://openalex.org/W2137181282
https://openalex.org/W2514815381
https://openalex.org/W2588123570
https://openalex.org/W2632166282
https://openalex.org/W2738681947
https://openalex.org/W2775746544
https://openalex.org/W2802063092
https://openalex.org/W1181829556
https://openalex.org/W1584764350
https://openalex.org/W2273524341
https://openalex.org/W2398317880
https://openalex.org/W2401679044
https://openalex.org/W2595548247
https://openalex.org/W2760906553
https://openalex.org/W2767699453
https://openalex.org/W3125962588
https://openalex.org/W3010735724
https://openalex.org/W3034623166
https://openalex.org/W3028750225
https://openalex.org/W3037515287
https://openalex.org/W3039400718
https://openalex.org/W3042104850
https://openalex.org/W3104907676
https://openalex.org/W3125111051
https://openalex.org/W3134905336
https://openalex.org/W3143828459
https://openalex.org/W3159377406
https://openalex.org/W3177892608
https://openalex.org/W3212924457
https://openalex.org/W3216039993
https://openalex.org/W1971017691
https://openalex.org/W2020465005
https://openalex.org/W2404961431
https://openalex.org/W1084270547
https://openalex.org/W2043769286
https://openalex.org/W2075359916
https://openalex.org/W2087631911
https://openalex.org/W2135084471
https://openalex.org/W2184546319
https://openalex.org/W2421468294
https://openalex.org/W1844271202
https://openalex.org/W2044116080
https://openalex.org/W2061638424
https://openalex.org/W2062855372
https://openalex.org/W1987247884
https://openalex.org/W2035833953
https://openalex.org/W2072197309
https://openalex.org/W2082220009
https://openalex.org/W2094704938
https://openalex.org/W2033762865
https://openalex.org/W2038628663
https://openalex.org/W2053742463
https://openalex.org/W2080634627
https://openalex.org/W1563921671
https://openalex.org/W1991200936
https://openalex.org/W2029797589
https://openalex.org/W2046745893
https://openalex.org/W2166589630
https://openalex.org/W1979498618
https://openalex.org/W2047222041
https://openalex.org/W2066277520
https://openalex.org/W2082569297
https://openalex.org/W2112209194
https://openalex.org/W2271130169
https://openalex.org/W2002203503
https://openalex.org/W2100324776
https://openalex.org/W2074420001
https://openalex.org/W2091961327
https://openalex.org/W2108146511
https://openalex.org/W2171619064
https://openalex.org/W2412152188
https://openalex.org/W2071422823
https://openalex.org/W2083253420
https://openalex.org/W1968936471
https://openalex.org/W2004735690
https://openalex.org/W2057649730
https://openalex.org/W2062435199
https://openalex.org/W2111788898
https://openalex.org/W1987754425
https://openalex.org/W2032757211
https://openalex.org/W2070618596
https://openalex.org/W2079787005
https://openalex.org/W2140009929
https://openalex.org/W565527406
https://openalex.org/W1973776623
https://openalex.org/W2042684882
https://openalex.org/W2051871312
https://openalex.org/W1991744153
https://openalex.org/W2068837067
https://openalex.org/W2073215769
https://openalex.org/W2077928812
https://openalex.org/W2129023194
https://openalex.org/W1536192726
https://openalex.org/W1754936982
https://openalex.org/W1972265973
https://openalex.org/W1992285875
https://openalex.org/W2019112722
https://openalex.org/W2051908890
https://openalex.org/W2060838666
https://openalex.org/W2067929433
https://openalex.org/W2143520254
https://openalex.org/W2396048751
https://openalex.org/W2582396204
https://openalex.org/W2625222080
https://openalex.org/W2727661541
https://openalex.org/W2984874697
https://openalex.org/W4236936630
https://openalex.org/W1997842993
https://openalex.org/W2030405838
https://openalex.org/W2199370450
https://openalex.org/W2274006670
https://openalex.org/W2412765054
https://openalex.org/W2415502551
https://openalex.org/W2940623253
https://openalex.org/W2955211393
https://openalex.org/W2967729268
https://openalex.org/W2975766264
https://openalex.org/W2979332536
https://openalex.org/W4247824502
https://openalex.org/W3008776356
https://openalex.org/W3012429056
https://openalex.org/W3036909656
https://openalex.org/W3046975485
https://openalex.org/W4210954943
https://openalex.org/W4221124613
https://openalex.org/W4290374751
https://openalex.org/W4306411138
https://openalex.org/W4311111482
https://openalex.org/W4311221109
https://openalex.org/W4313340503
https://openalex.org/W4320854601
https://openalex.org/W4362632507
https://openalex.org/W4365504589
https://openalex.org/W4376640281
https://openalex.org/W4381194537
https://openalex.org/W4381805170
https://openalex.org/W4382792016
https://openalex.org/W4384944281
https://openalex.org/W4385230236
https://openalex.org/W4386152538
https://openalex.org/W4386222880
https://openalex.org/W4386425169
https://openalex.org/W4387666998
https://openalex.org/W4388282454
https://openalex.org/W4388525173
https://openalex.org/W4388762670
https://openalex.org/W4389398566
https://openalex.org/W4389691696
https://openalex.org/W4391184378
https://openalex.org/W4391331226
https://openalex.org/W1979074018
https://openalex.org/W1973609810
https://openalex.org/W2066226438
https://openalex.org/W2126422828
https://openalex.org/W2060864416
https://openalex.org/W2077984655
https://openalex.org/W2149973184
https://openalex.org/W2483317258
https://openalex.org/W2007904578
https://openalex.org/W2038922248
https://openalex.org/W2040365165
https://openalex.org/W2056103919
https://openalex.org/W2136368403
https://openalex.org/W2403040226
https://openalex.org/W88774493
https://openalex.org/W2067752172
https://openalex.org/W2098559959
https://openalex.org/W4254717474
https://openalex.org/W2009815045
https://openalex.org/W2017653530
https://openalex.org/W2021578702
https://openalex.org/W2046355012
https://openalex.org/W2070336927
https://openalex.org/W2083963792
https://openalex.org/W2096000617
https://openalex.org/W2065456893
https://openalex.org/W2162795087
https://openalex.org/W2085974313
https://openalex.org/W1968081466
https://openalex.org/W2059441847
https://openalex.org/W2085279062
https://openalex.org/W2145828040
https://openalex.org/W2027393206
https://openalex.org/W2068276079
https://openalex.org/W2116079892
https://openalex.org/W2154076372
https://openalex.org/W2170965379
https://openalex.org/W1972540181
https://openalex.org/W2013364149
https://openalex.org/W2017464872
https://openalex.org/W2041014611
https://openalex.org/W2075903824
https://openalex.org/W1986141724
https://openalex.org/W1988358927
https://openalex.org/W2003663511
https://openalex.org/W2613984136
https://openalex.org/W2622498544
https://openalex.org/W2794078419
https://openalex.org/W2902260998
https://openalex.org/W81899577
https://openalex.org/W1565351441
https://openalex.org/W2017099839
https://openalex.org/W248385863
https://openalex.org/W2790401002
https://openalex.org/W2915193641
https://openalex.org/W2972210629
https://openalex.org/W3005059516
https://openalex.org/W2016402085
https://openalex.org/W2144070592
https://openalex.org/W2167165543
https://openalex.org/W2464860568
https://openalex.org/W1995261932
https://openalex.org/W2089714448
https://openalex.org/W4243524350
https://openalex.org/W115628611
https://openalex.org/W1965550916
https://openalex.org/W1998310000
https://openalex.org/W2122284049
https://openalex.org/W2405812348
https://openalex.org/W1984926357
https://openalex.org/W2001489677
https://openalex.org/W2016401091
https://openalex.org/W2085914992
https://openalex.org/W2280657187
https://openalex.org/W2040159910
https://openalex.org/W2072000840
https://openalex.org/W2009021769
https://openalex.org/W2043756635
https://openalex.org/W2079617449
https://openalex.org/W2007747185
https://openalex.org/W2132095647
https://openalex.org/W247812592
https://openalex.org/W1965780202
https://openalex.org/W2033690369
https://openalex.org/W2041789117
https://openalex.org/W15969209
https://openalex.org/W1965563513
https://openalex.org/W2010806337
https://openalex.org/W2042392021
https://openalex.org/W2127770910
https://openalex.org/W2002035763
https://openalex.org/W2014162484
https://openalex.org/W1500408108
https://openalex.org/W2001181684
https://openalex.org/W2082871748
https://openalex.org/W2124943861
https://openalex.org/W2154053798
https://openalex.org/W2162809828
https://openalex.org/W2505665000
https://openalex.org/W2789917011
https://openalex.org/W2790142686
https://openalex.org/W2796164947
https://openalex.org/W1604202012
https://openalex.org/W1685565340
https://openalex.org/W1986407612
https://openalex.org/W1987269910
https://openalex.org/W2035316736
https://openalex.org/W2062267618
https://openalex.org/W2092304474
https://openalex.org/W2124612280
https://openalex.org/W2180805156
https://openalex.org/W2243982286
https://openalex.org/W2262074982
https://openalex.org/W2334542889
https://openalex.org/W2405964398
https://openalex.org/W2588011340
https://openalex.org/W2759093158
https://openalex.org/W2912087701
https://openalex.org/W2913120216
https://openalex.org/W2923622841
https://openalex.org/W2951071861
https://openalex.org/W2982666549
https://openalex.org/W2996419281
https://openalex.org/W3000730199
https://openalex.org/W3003094234
https://openalex.org/W3010899827
https://openalex.org/W3011884551
https://openalex.org/W3034531847
https://openalex.org/W3049538187
https://openalex.org/W3081224032
https://openalex.org/W3125949411
https://openalex.org/W2281268787
https://openalex.org/W2343274149
https://openalex.org/W3115235115
https://openalex.org/W3140764575
https://openalex.org/W3202025049
https://openalex.org/W1936298868
https://openalex.org/W2327115568
https://openalex.org/W2028378619
https://openalex.org/W2035940081
https://openalex.org/W2056626211
https://openalex.org/W2084052817
https://openalex.org/W2094179427
https://openalex.org/W2164389741
https://openalex.org/W2415722921
https://openalex.org/W1977840702
https://openalex.org/W1978717947
https://openalex.org/W1996760866
https://openalex.org/W2037228920
https://openalex.org/W2089346738
https://openalex.org/W4240718512
https://openalex.org/W1987471494
https://openalex.org/W2062055169
https://openalex.org/W2094701821
https://openalex.org/W2014903149
https://openalex.org/W2030842465
https://openalex.org/W2096762089
https://openalex.org/W2154508892
https://openalex.org/W2031030985
https://openalex.org/W2079232432
https://openalex.org/W2093747522
https://openalex.org/W1504490797
https://openalex.org/W176618471
https://openalex.org/W1966537610
https://openalex.org/W2091115064
https://openalex.org/W1996715078
https://openalex.org/W2056856941
https://openalex.org/W2081083389
https://openalex.org/W2410658472
https://openalex.org/W2072160408
https://openalex.org/W1554776251
https://openalex.org/W1997835321
https://openalex.org/W2054425490
https://openalex.org/W1564719000
https://openalex.org/W1970624324
https://openalex.org/W1989872369
https://openalex.org/W2007829853
https://openalex.org/W2050119957
https://openalex.org/W2053613936
https://openalex.org/W2077437326
https://openalex.org/W2082486280
https://openalex.org/W2141627309
https://openalex.org/W2764094134
https://openalex.org/W2765330895
https://openalex.org/W2765999443
https://openalex.org/W2847448558
https://openalex.org/W2897849583
https://openalex.org/W1767899352
https://openalex.org/W1857964705
https://openalex.org/W1981764228
https://openalex.org/W2003237825
https://openalex.org/W2005632636
https://openalex.org/W2020914005
https://openalex.org/W2140184103
https://openalex.org/W2163786375
https://openalex.org/W2168226795
https://openalex.org/W2249914435
https://openalex.org/W2318974816
https://openalex.org/W2396978384
https://openalex.org/W2416498903
https://openalex.org/W2419325252
https://openalex.org/W2462343982
https://openalex.org/W2588685741
https://openalex.org/W2751428287
https://openalex.org/W2753859547
https://openalex.org/W2755399151
https://openalex.org/W2955152481
https://openalex.org/W3032111592
https://openalex.org/W3048607974
https://openalex.org/W3172349881
https://openalex.org/W4249026440
https://openalex.org/W97639945
https://openalex.org/W3131722251
https://openalex.org/W3138531014
https://openalex.org/W3195109339
https://openalex.org/W3198766693
https://openalex.org/W3216651349
https://openalex.org/W4210864677
https://openalex.org/W4214599661
https://openalex.org/W4214901506
https://openalex.org/W4220930543
https://openalex.org/W4223490305
https://openalex.org/W4282926050
https://openalex.org/W4293019174
https://openalex.org/W3134107713
https://openalex.org/W1983489188
https://openalex.org/W2088030704
https://openalex.org/W2112413073
https://openalex.org/W2010516868
https://openalex.org/W2035485654
https://openalex.org/W2067383242
https://openalex.org/W2094320763
https://openalex.org/W2098355909
https://openalex.org/W2145850985
https://openalex.org/W2402942774
https://openalex.org/W1979248835
https://openalex.org/W1997214390
https://openalex.org/W2110004154
https://openalex.org/W2123196789
https://openalex.org/W4233645487
https://openalex.org/W1967055461
https://openalex.org/W1989961802
https://openalex.org/W1993019902
https://openalex.org/W1999946340
https://openalex.org/W2023665525
https://openalex.org/W2027868051
https://openalex.org/W2029427174
https://openalex.org/W2065711909
https://openalex.org/W2094717412
https://openalex.org/W1969450823
https://openalex.org/W2131798622
https://openalex.org/W1986732872
https://openalex.org/W1994491379
https://openalex.org/W2002431274
https://openalex.org/W2027277543
https://openalex.org/W2053495133
https://openalex.org/W2081319272
https://openalex.org/W2085052228
https://openalex.org/W2224353274
https://openalex.org/W2061578375
https://openalex.org/W1973929570
https://openalex.org/W1984017332
https://openalex.org/W2046981998
https://openalex.org/W2049916895
https://openalex.org/W2419592580
https://openalex.org/W2609594921
https://openalex.org/W4232351415
https://openalex.org/W1557458442
https://openalex.org/W2803681882
https://openalex.org/W2808631097
https://openalex.org/W66726604
https://openalex.org/W1508222058
https://openalex.org/W1847092765
https://openalex.org/W2042680199
https://openalex.org/W2315340451
https://openalex.org/W2328370025
https://openalex.org/W2410562779
https://openalex.org/W2460423134
https://openalex.org/W2549551817
https://openalex.org/W2549591224
https://openalex.org/W2557205410
https://openalex.org/W2560687049
https://openalex.org/W2589070238
https://openalex.org/W2590647244
https://openalex.org/W2598318874
https://openalex.org/W2765353998
https://openalex.org/W3037502829
https://openalex.org/W3041795362
https://openalex.org/W306254438
https://openalex.org/W3091940227
https://openalex.org/W3111813514
https://openalex.org/W799858886
https://openalex.org/W2466701060
https://openalex.org/W1974839841
https://openalex.org/W1975555865
https://openalex.org/W2022918438
https://openalex.org/W2048046815
https://openalex.org/W2117161733
https://openalex.org/W2035845498
https://openalex.org/W222894257
https://openalex.org/W1976281704
https://openalex.org/W1987343173
https://openalex.org/W1992545579
https://openalex.org/W2006808751
https://openalex.org/W2029229279
https://openalex.org/W2107127794
https://openalex.org/W2160866506
https://openalex.org/W2313057296
https://openalex.org/W2605994882
https://openalex.org/W2020638898
https://openalex.org/W2050096501
https://openalex.org/W2088144761
https://openalex.org/W2105046760
https://openalex.org/W2394619282
https://openalex.org/W137631978
https://openalex.org/W1973786195
https://openalex.org/W2060426994
https://openalex.org/W2062916815
https://openalex.org/W1493057151
https://openalex.org/W2051453950
https://openalex.org/W2077672861
https://openalex.org/W2480423113
https://openalex.org/W2587829312
https://openalex.org/W2757818446
https://openalex.org/W2810104994
https://openalex.org/W2810497162
https://openalex.org/W2886542089
https://openalex.org/W2889703591
https://openalex.org/W2892471128
https://openalex.org/W2899756891
https://openalex.org/W2916684707
https://openalex.org/W2965674758
https://openalex.org/W2972495996
https://openalex.org/W595272758
https://openalex.org/W1122853981
https://openalex.org/W1658176287
https://openalex.org/W2005381143
https://openalex.org/W2011770103
https://openalex.org/W2081808163
https://openalex.org/W2270233938
https://openalex.org/W2399012338
https://openalex.org/W2463273198
https://openalex.org/W2506660324
https://openalex.org/W2563028394
https://openalex.org/W3083257671
https://openalex.org/W3177091419
https://openalex.org/W3196949121
https://openalex.org/W3202041316
https://openalex.org/W3217671853
https://openalex.org/W2057765267
https://openalex.org/W2082500569
https://openalex.org/W2083931696
https://openalex.org/W2136581061
https://openalex.org/W2406603566
https://openalex.org/W1950549096
https://openalex.org/W1965963905
https://openalex.org/W2019107789
https://openalex.org/W2019831581
https://openalex.org/W2023667949
https://openalex.org/W2027791524
https://openalex.org/W2032086716
https://openalex.org/W2048029350
https://openalex.org/W2077207444
https://openalex.org/W2096610811
https://openalex.org/W2114081064
https://openalex.org/W2406292714
https://openalex.org/W2010208651
https://openalex.org/W2095896333
https://openalex.org/W2323668396
https://openalex.org/W2079144316
https://openalex.org/W2053684410
https://openalex.org/W2104720842
https://openalex.org/W1547383007
https://openalex.org/W2053924581
https://openalex.org/W2137736885
https://openalex.org/W1975830926
https://openalex.org/W2011847058
https://openalex.org/W2018227709
https://openalex.org/W2120746188
https://openalex.org/W2470540191
https://openalex.org/W1934792606
https://openalex.org/W2001409945
https://openalex.org/W2018145531
https://openalex.org/W2059401563
https://openalex.org/W2060911901
https://openalex.org/W2112077139
https://openalex.org/W1869723591
https://openalex.org/W2025884299
https://openalex.org/W2036975103
https://openalex.org/W2039679666
https://openalex.org/W2041879400
https://openalex.org/W2044540248
https://openalex.org/W2050076446
https://openalex.org/W2074669533
https://openalex.org/W2102418375
https://openalex.org/W2321029891
https://openalex.org/W2362690862
https://openalex.org/W2418756923
https://openalex.org/W2466090030
https://openalex.org/W2571620234
https://openalex.org/W2585524774
https://openalex.org/W2587598668
https://openalex.org/W2587947032
https://openalex.org/W2668065382
https://openalex.org/W2746707217
https://openalex.org/W2747342803
https://openalex.org/W2789813477
https://openalex.org/W2804313247
https://openalex.org/W2808675930
https://openalex.org/W2889683204
https://openalex.org/W2892056998
https://openalex.org/W3011656080
https://openalex.org/W3015040792
https://openalex.org/W3040006193
https://openalex.org/W2093420742
https://openalex.org/W2162923966
https://openalex.org/W2218712542
https://openalex.org/W2467347259
https://openalex.org/W2898510976
https://openalex.org/W3216206697
https://openalex.org/W4212776423
https://openalex.org/W4213042814
https://openalex.org/W4213370330
https://openalex.org/W4220687005
https://openalex.org/W4223570713
https://openalex.org/W4229025077
https://openalex.org/W4283658503
https://openalex.org/W4285213207
https://openalex.org/W4285605879
https://openalex.org/W4295166248
https://openalex.org/W4312356611
https://openalex.org/W4312527927
https://openalex.org/W4313304509
https://openalex.org/W2069618323
https://openalex.org/W2141425966
https://openalex.org/W2156776251
https://openalex.org/W2417070852
https://openalex.org/W4239924329
https://openalex.org/W1973569526
https://openalex.org/W1988660659
https://openalex.org/W2316474533
https://openalex.org/W4242167375
https://openalex.org/W2015442034
https://openalex.org/W1990082353
https://openalex.org/W2004662209
https://openalex.org/W2013349962
https://openalex.org/W2042950374
https://openalex.org/W2043922507
https://openalex.org/W2046137823
https://openalex.org/W2048574873
https://openalex.org/W2088662138
https://openalex.org/W2145953852
https://openalex.org/W2004680372
https://openalex.org/W1973121559
https://openalex.org/W1980829042
https://openalex.org/W1998656892
https://openalex.org/W2154592736
https://openalex.org/W4249197480
https://openalex.org/W1519310722
https://openalex.org/W1526723420
https://openalex.org/W1556881875
https://openalex.org/W2048701509
https://openalex.org/W2154202694
https://openalex.org/W2402116593
https://openalex.org/W2413254172
https://openalex.org/W2714449278
https://openalex.org/W38187086
https://openalex.org/W93614961
https://openalex.org/W137908158
https://openalex.org/W1526962206
https://openalex.org/W1871587865
https://openalex.org/W2014042364
https://openalex.org/W2038289798
https://openalex.org/W2081400749
https://openalex.org/W2113763345
https://openalex.org/W2122255683
https://openalex.org/W2255881764
https://openalex.org/W2580217854
https://openalex.org/W64202550
https://openalex.org/W1975116010
https://openalex.org/W2039165205
https://openalex.org/W1975653750
https://openalex.org/W1978384531
https://openalex.org/W2026520141
https://openalex.org/W2028201689
https://openalex.org/W2065653018
https://openalex.org/W1971725996
https://openalex.org/W2047917482
https://openalex.org/W2078375637
https://openalex.org/W2090662355
https://openalex.org/W1992040662
https://openalex.org/W2008790294
https://openalex.org/W2028552628
https://openalex.org/W2059240748
https://openalex.org/W2072723969
https://openalex.org/W2076375474
https://openalex.org/W2084701183
https://openalex.org/W4243459414
https://openalex.org/W1924880937
https://openalex.org/W1982233014
https://openalex.org/W2045199463
https://openalex.org/W2465097350
https://openalex.org/W2530510079
https://openalex.org/W2734953437
https://openalex.org/W2761825372
https://openalex.org/W2784612514
https://openalex.org/W2804517495
https://openalex.org/W2906525529
https://openalex.org/W2907528995
https://openalex.org/W2918310368
https://openalex.org/W2922296720
https://openalex.org/W2948996406
https://openalex.org/W2954987167
https://openalex.org/W2955211188
https://openalex.org/W2967069849
https://openalex.org/W2969654451
https://openalex.org/W2972785715
https://openalex.org/W2972857660
https://openalex.org/W2999495401
https://openalex.org/W3007371257
https://openalex.org/W3037169514
https://openalex.org/W3087259390
https://openalex.org/W3102619821
https://openalex.org/W3106583508
https://openalex.org/W3110127294
https://openalex.org/W3119391639
https://openalex.org/W3135377546
https://openalex.org/W3155286761
https://openalex.org/W3210376285
https://openalex.org/W3215515143
https://openalex.org/W2318563526
https://openalex.org/W2398712018
https://openalex.org/W2515351038
https://openalex.org/W2602240683
https://openalex.org/W2738434857
https://openalex.org/W3194075765
https://openalex.org/W4320011819
https://openalex.org/W4366209656
https://openalex.org/W1556856838
https://openalex.org/W1627975052
https://openalex.org/W1784344499
https://openalex.org/W2000569249
https://openalex.org/W2033043704
https://openalex.org/W2061791939
https://openalex.org/W2091149472
https://openalex.org/W2111476567
https://openalex.org/W2336965092
https://openalex.org/W2505927011
https://openalex.org/W183326888
https://openalex.org/W1997827239
https://openalex.org/W2006842861
https://openalex.org/W2019019244
https://openalex.org/W2092200507
https://openalex.org/W432145291
https://openalex.org/W1967445548
https://openalex.org/W2014269766
https://openalex.org/W2014363240
https://openalex.org/W2025122052
https://openalex.org/W2038976745
https://openalex.org/W2078436590
https://openalex.org/W2140072803
https://openalex.org/W2276365256
https://openalex.org/W1998366662
https://openalex.org/W2011566462
https://openalex.org/W2027954524
https://openalex.org/W2067769621
https://openalex.org/W2076641876
https://openalex.org/W2092889837
https://openalex.org/W2104334087
https://openalex.org/W2411641041
https://openalex.org/W1980738362
https://openalex.org/W1996799494
https://openalex.org/W2043867014
https://openalex.org/W2065694625
https://openalex.org/W2070617772
https://openalex.org/W2088628799
https://openalex.org/W2113546909
https://openalex.org/W2125894107
https://openalex.org/W2129697537
https://openalex.org/W2147719218
https://openalex.org/W1549144610
https://openalex.org/W1963561893
https://openalex.org/W1965074634
https://openalex.org/W1965565898
https://openalex.org/W1967763729
https://openalex.org/W1971440215
https://openalex.org/W1980258448
https://openalex.org/W2063668742
https://openalex.org/W2074474109
https://openalex.org/W2137040582
https://openalex.org/W2204682026
https://openalex.org/W2269592556
https://openalex.org/W2317415945
https://openalex.org/W2317889853
https://openalex.org/W2326066327
https://openalex.org/W2328369183
https://openalex.org/W2328492494
https://openalex.org/W2335773754
https://openalex.org/W2336951905
https://openalex.org/W2480329498
https://openalex.org/W2506039012
https://openalex.org/W370954503
https://openalex.org/W4233385409
https://openalex.org/W1974200016
https://openalex.org/W2038522511
https://openalex.org/W2062873759
https://openalex.org/W2065253620
https://openalex.org/W2066091579
https://openalex.org/W2393445313
https://openalex.org/W4306410827
https://openalex.org/W4313390707
https://openalex.org/W4318020100
https://openalex.org/W4318828630
https://openalex.org/W4319315648
https://openalex.org/W4327555395
https://openalex.org/W4353089977
https://openalex.org/W4362525016
https://openalex.org/W4362532136
https://openalex.org/W4362540259
https://openalex.org/W4362546822
https://openalex.org/W4365443456
https://openalex.org/W4375862247
https://openalex.org/W4376543536
https://openalex.org/W4377011418
https://openalex.org/W4377253863
https://openalex.org/W4377262302
https://openalex.org/W4378349131
https://openalex.org/W4381392627
https://openalex.org/W4381622915
https://openalex.org/W4381715971
https://openalex.org/W4382987679
https://openalex.org/W4383225086
https://openalex.org/W4384160546
https://openalex.org/W4385188765
https://openalex.org/W4385219810
https://openalex.org/W4385338286
https://openalex.org/W4385583877
https://openalex.org/W4385669000
https://openalex.org/W4385669587
https://openalex.org/W4385669889
https://openalex.org/W4385669896
https://openalex.org/W4385724910
https://openalex.org/W4385726821
https://openalex.org/W4386337932
https://openalex.org/W4386753420
https://openalex.org/W4386823119
https://openalex.org/W4386858081
https://openalex.org/W4386892359
https://openalex.org/W4386905212
https://openalex.org/W4386960000
https://openalex.org/W4386960091
https://openalex.org/W4386960164
https://openalex.org/W4386969175
https://openalex.org/W4386969183
https://openalex.org/W4386969312
https://openalex.org/W4387116084
https://openalex.org/W4387298336
https://openalex.org/W4387318345
https://openalex.org/W4387319772
https://openalex.org/W4387375655
https://openalex.org/W4388048212
https://openalex.org/W4388100809
https://openalex.org/W4388195840
https://openalex.org/W4388569741
https://openalex.org/W4388581351
https://openalex.org/W4388646707
https://openalex.org/W4388871553
https://openalex.org/W4389230089
https://openalex.org/W4389324210
https://openalex.org/W4389488188
https://openalex.org/W4389891845
https://openalex.org/W4390400465
https://openalex.org/W4391023736
https://openalex.org/W4391189870
https://openalex.org/W4391308206
https://openalex.org/W4392175275
https://openalex.org/W4395612770
https://openalex.org/W1486377401
https://openalex.org/W2046071324
https://openalex.org/W2079919065
https://openalex.org/W2089709285
https://openalex.org/W2155610924
https://openalex.org/W2316378309
https://openalex.org/W2324736105
https://openalex.org/W2417095130
https://openalex.org/W41209367
https://openalex.org/W1985661893
https://openalex.org/W2097136350
https://openalex.org/W4252254695
https://openalex.org/W1972067225
https://openalex.org/W2032542421
https://openalex.org/W2074512752
https://openalex.org/W2144984804
https://openalex.org/W2411640482
https://openalex.org/W2412048161
https://openalex.org/W3192912848
https://openalex.org/W44113647
https://openalex.org/W1983101700
https://openalex.org/W2112529232
https://openalex.org/W2131810242
https://openalex.org/W62507944
https://openalex.org/W1884479052
https://openalex.org/W2041148268
https://openalex.org/W2048462715
https://openalex.org/W2531023446
https://openalex.org/W2593999866
https://openalex.org/W2738396253
https://openalex.org/W2766817355
https://openalex.org/W2992464240
https://openalex.org/W1992479553
https://openalex.org/W2015483990
https://openalex.org/W2026597216
https://openalex.org/W2088512676
https://openalex.org/W2112031813
https://openalex.org/W2402783566
https://openalex.org/W2398546768
https://openalex.org/W1990404528
https://openalex.org/W1996604072
https://openalex.org/W2004244069
https://openalex.org/W2012286399
https://openalex.org/W2091124429
https://openalex.org/W2100453068
https://openalex.org/W2147306959
https://openalex.org/W2353356057
https://openalex.org/W35436793
https://openalex.org/W4239422879
https://openalex.org/W131980761
https://openalex.org/W1969894487
https://openalex.org/W1990033981
https://openalex.org/W2006241615
https://openalex.org/W2038389157
https://openalex.org/W2064236076
https://openalex.org/W2078511624
https://openalex.org/W2111978751
https://openalex.org/W2202302415
https://openalex.org/W2748351157
https://openalex.org/W2803090671
https://openalex.org/W2809737176
https://openalex.org/W2811388494
https://openalex.org/W2869650506
https://openalex.org/W2887680933
https://openalex.org/W2887712451
https://openalex.org/W2899287767
https://openalex.org/W2901190309
https://openalex.org/W2904008098
https://openalex.org/W2920979440
https://openalex.org/W2945519272
https://openalex.org/W2977073926
https://openalex.org/W2977398830
https://openalex.org/W2987635773
https://openalex.org/W2995897848
https://openalex.org/W2999610098
https://openalex.org/W3005945415
https://openalex.org/W3007587106
https://openalex.org/W3007649332
https://openalex.org/W3012394273
https://openalex.org/W3043568855
https://openalex.org/W3043758557
https://openalex.org/W3080973923
https://openalex.org/W3124606830
https://openalex.org/W3152593835
https://openalex.org/W3154263489
https://openalex.org/W3158184162
https://openalex.org/W3158956463
https://openalex.org/W3160100461
https://openalex.org/W3181774819
https://openalex.org/W3189276520
https://openalex.org/W3194300190
https://openalex.org/W3199351965
https://openalex.org/W3201161500
https://openalex.org/W3201823674
https://openalex.org/W3202280813
https://openalex.org/W3204709603
https://openalex.org/W3204790970
https://openalex.org/W3210335898
https://openalex.org/W3217561167
https://openalex.org/W4214780893
https://openalex.org/W4226186109
https://openalex.org/W4240526492
https://openalex.org/W4245849416
https://openalex.org/W1583429911
https://openalex.org/W2345561233
https://openalex.org/W2465438643
https://openalex.org/W2557208661
https://openalex.org/W2560321313
https://openalex.org/W2621099678
https://openalex.org/W3205965543
https://openalex.org/W4210952176
https://openalex.org/W4224927248
https://openalex.org/W4226143405
https://openalex.org/W4226281122
https://openalex.org/W4229014854
https://openalex.org/W4237877674
https://openalex.org/W4281563150
https://openalex.org/W4283075958
https://openalex.org/W4284958263
https://openalex.org/W4285117865
https://openalex.org/W4289878099
https://openalex.org/W4291124614
https://openalex.org/W4293215362
https://openalex.org/W4294234155
https://openalex.org/W4295008517
https://openalex.org/W4310644254
https://openalex.org/W4312291331
https://openalex.org/W2082714507
https://openalex.org/W2318524831
https://openalex.org/W2064969971
https://openalex.org/W2080836923
https://openalex.org/W2345040267
https://openalex.org/W2410653026
https://openalex.org/W2425707897
https://openalex.org/W103739198
https://openalex.org/W1578090818
https://openalex.org/W1979310841
https://openalex.org/W1988744844
https://openalex.org/W1991008333
https://openalex.org/W2052193003
https://openalex.org/W2057143319
https://openalex.org/W2088957124
https://openalex.org/W2104124026
https://openalex.org/W2147438561
https://openalex.org/W2167444338
https://openalex.org/W2408705488
https://openalex.org/W2418648073
https://openalex.org/W1982809839
https://openalex.org/W2008214876
https://openalex.org/W2040456349
https://openalex.org/W2058155259
https://openalex.org/W2058601183
https://openalex.org/W2077239563
https://openalex.org/W2078588513
https://openalex.org/W2021249685
https://openalex.org/W2054393579
https://openalex.org/W2076666266
https://openalex.org/W2402053892
https://openalex.org/W2414217742
https://openalex.org/W560717344
https://openalex.org/W1553750879
https://openalex.org/W2071195138
https://openalex.org/W2083507647
https://openalex.org/W2436539323
https://openalex.org/W4237888589
https://openalex.org/W131957482
https://openalex.org/W1549589594
https://openalex.org/W1585497240
https://openalex.org/W17301186
https://openalex.org/W1880791200
https://openalex.org/W1969114014
https://openalex.org/W1998796800
https://openalex.org/W2002989098
https://openalex.org/W2007731443
https://openalex.org/W2033091393
https://openalex.org/W2044208550
https://openalex.org/W2056656303
https://openalex.org/W2056954075
https://openalex.org/W2061076062
https://openalex.org/W2089308557
https://openalex.org/W2093913800
https://openalex.org/W2101967728
https://openalex.org/W2106183842
https://openalex.org/W2150394423
https://openalex.org/W2163344169
https://openalex.org/W2170753594
https://openalex.org/W2190552067
https://openalex.org/W2227364493
https://openalex.org/W2312270715
https://openalex.org/W2313259261
https://openalex.org/W2316488409
https://openalex.org/W2320805976
https://openalex.org/W2332242648
https://openalex.org/W2332436201
https://openalex.org/W2342363107
https://openalex.org/W2402267469
https://openalex.org/W2420316632
https://openalex.org/W2461904847
https://openalex.org/W2465038522
https://openalex.org/W2486532304
https://openalex.org/W2559685064
https://openalex.org/W2609448640
https://openalex.org/W2892068217
https://openalex.org/W3011456610
https://openalex.org/W3084384539
https://openalex.org/W3086585274
https://openalex.org/W3184354822
https://openalex.org/W3200035020
https://openalex.org/W421836752
https://openalex.org/W4221005256
https://openalex.org/W4226116663
https://openalex.org/W4285129752
https://openalex.org/W4292363683
https://openalex.org/W4292937777
https://openalex.org/W4307137806
https://openalex.org/W635265965
https://openalex.org/W999807021
https://openalex.org/W2051664665
https://openalex.org/W2328197812
https://openalex.org/W586017034
https://openalex.org/W2260351183
https://openalex.org/W1966779188
https://openalex.org/W4295316283
https://openalex.org/W2000906760
https://openalex.org/W2072203035
https://openalex.org/W2396051392
https://openalex.org/W2415153928
https://openalex.org/W4388360498
https://openalex.org/W1977456618
https://openalex.org/W1981844911
https://openalex.org/W1981970569
https://openalex.org/W2006247386
https://openalex.org/W2053409485
https://openalex.org/W2070081122
https://openalex.org/W2089586243
https://openalex.org/W2397160994
https://openalex.org/W11946139
https://openalex.org/W1596541126
https://openalex.org/W1972527586
https://openalex.org/W1980542545
https://openalex.org/W1983296191
https://openalex.org/W200155748
https://openalex.org/W2015438177
https://openalex.org/W2020608675
https://openalex.org/W2054965070
https://openalex.org/W20792846
https://openalex.org/W2145632753
https://openalex.org/W2152381023
https://openalex.org/W2156219370
https://openalex.org/W2171552390
https://openalex.org/W2268818303
https://openalex.org/W2494524687
https://openalex.org/W2544750329
https://openalex.org/W2553375919
https://openalex.org/W2593468849
https://openalex.org/W2613589904
https://openalex.org/W2613623921
https://openalex.org/W2756739413
https://openalex.org/W2756965434
https://openalex.org/W2775043426
https://openalex.org/W2775602335
https://openalex.org/W2946379774
https://openalex.org/W2966549924
https://openalex.org/W3025486785
https://openalex.org/W3122163547
https://openalex.org/W4200127735
https://openalex.org/W4229498483
https://openalex.org/W4248218194
https://openalex.org/W4388397734
https://openalex.org/W568280229
https://openalex.org/W142072975
https://openalex.org/W1983115768
https://openalex.org/W1985065387
https://openalex.org/W2047648332
https://openalex.org/W2087491900
https://openalex.org/W2242443706
https://openalex.org/W2251304392
https://openalex.org/W2406296374
https://openalex.org/W2408871928
https://openalex.org/W1965850216
https://openalex.org/W2004797368
https://openalex.org/W2016689466
https://openalex.org/W2046592481
https://openalex.org/W2325516963
https://openalex.org/W1989598159
https://openalex.org/W2004431161
https://openalex.org/W2007890272
https://openalex.org/W2123621519
https://openalex.org/W2125972147
https://openalex.org/W12958292
https://openalex.org/W2068982148
https://openalex.org/W2071921459
https://openalex.org/W2164299329
https://openalex.org/W2344093097
https://openalex.org/W2503751603
https://openalex.org/W2794222281
https://openalex.org/W2884457371
https://openalex.org/W2898708807
https://openalex.org/W2908733208
https://openalex.org/W2937325169
https://openalex.org/W2949500102
https://openalex.org/W3040958469
https://openalex.org/W4235173273
https://openalex.org/W4250286794
https://openalex.org/W4362505187
https://openalex.org/W574201145
https://openalex.org/W581316421
https://openalex.org/W655486403
https://openalex.org/W2031435757
https://openalex.org/W2049812291
https://openalex.org/W2256335592
https://openalex.org/W2405432487
https://openalex.org/W2507241389
https://openalex.org/W1972722232
https://openalex.org/W2400250451
https://openalex.org/W2411576334
https://openalex.org/W2468055428
https://openalex.org/W2472461889
https://openalex.org/W4250900282
https://openalex.org/W1567500586
https://openalex.org/W1976057227
https://openalex.org/W2047800512
https://openalex.org/W2091944429
https://openalex.org/W2133618302
https://openalex.org/W2342461230
https://openalex.org/W2596857959
https://openalex.org/W2736797303
https://openalex.org/W2956359388
https://openalex.org/W2957779244
https://openalex.org/W2964537690
https://openalex.org/W2979879114
https://openalex.org/W2980774971
https://openalex.org/W2984463714
https://openalex.org/W2988007029
https://openalex.org/W2989958116
https://openalex.org/W2996394794
https://openalex.org/W2996445315
https://openalex.org/W2996540876
https://openalex.org/W3004383087
https://openalex.org/W3006415892
https://openalex.org/W3014781845
https://openalex.org/W3015992109
https://openalex.org/W3018592668
https://openalex.org/W3025090687
https://openalex.org/W3032791723
https://openalex.org/W3041884660
https://openalex.org/W3046815486
https://openalex.org/W3048851756
https://openalex.org/W3064281161
https://openalex.org/W3082190842
https://openalex.org/W3083110585
https://openalex.org/W3084321949
https://openalex.org/W3090836896
https://openalex.org/W3100573746
https://openalex.org/W3163175772
https://openalex.org/W3188491665
https://openalex.org/W3198533672
https://openalex.org/W4237466097
https://openalex.org/W4238564655
https://openalex.org/W4241419997
https://openalex.org/W4249585807
https://openalex.org/W4251262878
https://openalex.org/W4253991020
https://openalex.org/W2025225258
https://openalex.org/W2027117876
https://openalex.org/W2072971156
https://openalex.org/W2081246405
https://openalex.org/W2163794915
https://openalex.org/W2164654288
https://openalex.org/W2394829408
https://openalex.org/W2399434815
https://openalex.org/W2403047825
https://openalex.org/W2410753161
https://openalex.org/W2412145536
https://openalex.org/W2443581045
https://openalex.org/W2462262379
https://openalex.org/W1514319964
https://openalex.org/W1972359925
https://openalex.org/W2035360526
https://openalex.org/W2046865516
https://openalex.org/W2060633642
https://openalex.org/W2065039262
https://openalex.org/W2090918981
https://openalex.org/W2169829971
https://openalex.org/W2333978260
https://openalex.org/W2396934731
https://openalex.org/W2412291358
https://openalex.org/W2421953197
https://openalex.org/W243530254
https://openalex.org/W271313229
https://openalex.org/W373172848
https://openalex.org/W4235416495
https://openalex.org/W2064502856
https://openalex.org/W2145317023
https://openalex.org/W2263820448
https://openalex.org/W2408195439
https://openalex.org/W2410229794
https://openalex.org/W2411849405
https://openalex.org/W2412865753
https://openalex.org/W2413846995
https://openalex.org/W2913971629
https://openalex.org/W2952619126
https://openalex.org/W2953220709
https://openalex.org/W3036639586
https://openalex.org/W3083185545
https://openalex.org/W3128745634
https://openalex.org/W3130402605
https://openalex.org/W3136033869
https://openalex.org/W3137615213
https://openalex.org/W3157964877
https://openalex.org/W3159425024
https://openalex.org/W3159552912
https://openalex.org/W3185879277
https://openalex.org/W3200655488
https://openalex.org/W3204644407
https://openalex.org/W3211315147
https://openalex.org/W3214017971
https://openalex.org/W3216981503
https://openalex.org/W4207028961
https://openalex.org/W2189588262
https://openalex.org/W2240296629
https://openalex.org/W2244569113
https://openalex.org/W2246770445
https://openalex.org/W2329267373
https://openalex.org/W2497424543
https://openalex.org/W2901971830
https://openalex.org/W2904348189
https://openalex.org/W4301347308
https://openalex.org/W168301947
https://openalex.org/W1980345579
https://openalex.org/W1994227053
https://openalex.org/W2072281105
https://openalex.org/W2079576981
https://openalex.org/W2081845808
https://openalex.org/W2270173582
https://openalex.org/W2068057465
https://openalex.org/W2411885168
https://openalex.org/W2460393513
https://openalex.org/W2964316539
https://openalex.org/W2052589554
https://openalex.org/W2087629653
https://openalex.org/W2100956521
https://openalex.org/W2157877886
https://openalex.org/W2416259949
https://openalex.org/W2583662136
https://openalex.org/W4235119045
https://openalex.org/W4245696980
https://openalex.org/W2048979802
https://openalex.org/W2295424796
https://openalex.org/W2404727774
https://openalex.org/W2415105211
https://openalex.org/W2977890463
https://openalex.org/W1967215369
https://openalex.org/W1982439303
https://openalex.org/W1987250936
https://openalex.org/W2019339095
https://openalex.org/W2046046004
https://openalex.org/W2048838257
https://openalex.org/W2078909477
https://openalex.org/W2093391686
https://openalex.org/W2291354315
https://openalex.org/W2328531974
https://openalex.org/W2334490071
https://openalex.org/W2335645759
https://openalex.org/W2340002497
https://openalex.org/W2397455711
https://openalex.org/W2418223269
https://openalex.org/W2418923957
https://openalex.org/W1256569915
https://openalex.org/W2026421801
https://openalex.org/W1146614512
https://openalex.org/W116324132
https://openalex.org/W1948893376
https://openalex.org/W2029167229
https://openalex.org/W2035799587
https://openalex.org/W2059176545
https://openalex.org/W2082708598
https://openalex.org/W2085929484
https://openalex.org/W2086512977
https://openalex.org/W2171745816
https://openalex.org/W2217917359
https://openalex.org/W2250113220
https://openalex.org/W2259548225
https://openalex.org/W2261953589
https://openalex.org/W2291992880
https://openalex.org/W2295805921
https://openalex.org/W2298426072
https://openalex.org/W2299957742
https://openalex.org/W2312515235
https://openalex.org/W2316771485
https://openalex.org/W2320033801
https://openalex.org/W2328786415
https://openalex.org/W2331788344
https://openalex.org/W2335219386
https://openalex.org/W2337907757
https://openalex.org/W2344951573
https://openalex.org/W2346853223
https://openalex.org/W2401803781
https://openalex.org/W2411280683
https://openalex.org/W2412355858
https://openalex.org/W2413409038
https://openalex.org/W2413578381
https://openalex.org/W2413625732
https://openalex.org/W2414186933
https://openalex.org/W2414231107
https://openalex.org/W2414393657
https://openalex.org/W2414726081
https://openalex.org/W2414807224
https://openalex.org/W2417352041
https://openalex.org/W2418801172
https://openalex.org/W2423781475
https://openalex.org/W2427482745
https://openalex.org/W2441383431
https://openalex.org/W2441738542
https://openalex.org/W2462084834
https://openalex.org/W2467545964
https://openalex.org/W2470770420
https://openalex.org/W2472402689
https://openalex.org/W2472576295
https://openalex.org/W2475982996
https://openalex.org/W2476497829
https://openalex.org/W2479680294
https://openalex.org/W2483287915
https://openalex.org/W2484571208
https://openalex.org/W2486005963
https://openalex.org/W2486782485
https://openalex.org/W2487335291
https://openalex.org/W2488726586
https://openalex.org/W2489163308
https://openalex.org/W2489376893
https://openalex.org/W2489513010
https://openalex.org/W2490324276
https://openalex.org/W2490519967
https://openalex.org/W2490746483
https://openalex.org/W2491355025
https://openalex.org/W2491859222
https://openalex.org/W2492712242
https://openalex.org/W2493965681
https://openalex.org/W2494525275
https://openalex.org/W2495102755
https://openalex.org/W2501051921
https://openalex.org/W2502784586
https://openalex.org/W2503937594
https://openalex.org/W2513712732
https://openalex.org/W2513952194
https://openalex.org/W2524036675
https://openalex.org/W2524902556
https://openalex.org/W2525587746
https://openalex.org/W2528383624
https://openalex.org/W2532645821
https://openalex.org/W2549084454
https://openalex.org/W2549424313
https://openalex.org/W2551829364
https://openalex.org/W2555162489
https://openalex.org/W2559366035
https://openalex.org/W2559885080
https://openalex.org/W2560151092
https://openalex.org/W2560339199
https://openalex.org/W2560590623
https://openalex.org/W2564954813
https://openalex.org/W2565473666
https://openalex.org/W2573793169
https://openalex.org/W2577300516
https://openalex.org/W2603171871
https://openalex.org/W2610493006
https://openalex.org/W2612260612
https://openalex.org/W2612329931
https://openalex.org/W2616293487
https://openalex.org/W2617150380
https://openalex.org/W2618218792
https://openalex.org/W2620816898
https://openalex.org/W2624858496
https://openalex.org/W2625421528
https://openalex.org/W2625794065
https://openalex.org/W2626550201
https://openalex.org/W2680179132
https://openalex.org/W2724590654
https://openalex.org/W2725507844
https://openalex.org/W2726982553
https://openalex.org/W2744372088
https://openalex.org/W2750947611
https://openalex.org/W2751400832
https://openalex.org/W2762356120
https://openalex.org/W2768294325
https://openalex.org/W2788411974
https://openalex.org/W2809911291
https://openalex.org/W2891968128
https://openalex.org/W2898662195
https://openalex.org/W2905744621
https://openalex.org/W2912724151
https://openalex.org/W2980881374
https://openalex.org/W2997436697
https://openalex.org/W3000969827
https://openalex.org/W3004287133
https://openalex.org/W3024470863
https://openalex.org/W3028691200
https://openalex.org/W3031035852
https://openalex.org/W3032538577
https://openalex.org/W3091067773
https://openalex.org/W3165099242
https://openalex.org/W3180463890
https://openalex.org/W3206350548
https://openalex.org/W3207480952
https://openalex.org/W4205379571
https://openalex.org/W4206343361
https://openalex.org/W4230138528
https://openalex.org/W4232925059
https://openalex.org/W4238035849
https://openalex.org/W4238429320
https://openalex.org/W4238644993
https://openalex.org/W4239519421
https://openalex.org/W4244327559
https://openalex.org/W4245920724
https://openalex.org/W4246093078
https://openalex.org/W4246359155
https://openalex.org/W4247970073
https://openalex.org/W4252797037
https://openalex.org/W4292461416
https://openalex.org/W4292718383
https://openalex.org/W4299856431
https://openalex.org/W4365397906
https://openalex.org/W4394905114
https://openalex.org/W82737114
https://openalex.org/W1762308895
https://openalex.org/W2024044487
https://openalex.org/W2042056565
https://openalex.org/W2056879166
https://openalex.org/W2064410478
https://openalex.org/W2085838223
https://openalex.org/W2149689710
https://openalex.org/W2186151918
https://openalex.org/W2333106335
https://openalex.org/W2412053253
https://openalex.org/W2415043534
https://openalex.org/W2417048094
https://openalex.org/W2473086212
https://openalex.org/W2473289557
https://openalex.org/W588031411
https://openalex.org/W2114812836
https://openalex.org/W2317416767
https://openalex.org/W2406510185
https://openalex.org/W2469355011
https://openalex.org/W1596196648
https://openalex.org/W169838713
https://openalex.org/W1846891201
https://openalex.org/W1859778884
https://openalex.org/W1971516313
https://openalex.org/W1975189039
https://openalex.org/W1978198153
https://openalex.org/W1978719366
https://openalex.org/W1991399425
https://openalex.org/W1991605983
https://openalex.org/W1991743000
https://openalex.org/W1993114995
https://openalex.org/W1997625577
https://openalex.org/W2003889126
https://openalex.org/W2005791648
https://openalex.org/W2007116708
https://openalex.org/W200919681
https://openalex.org/W2012828994
https://openalex.org/W2022582643
https://openalex.org/W2022984928
https://openalex.org/W2026267287
https://openalex.org/W2026807128
https://openalex.org/W2028175927
https://openalex.org/W2030245673
https://openalex.org/W2031713063
https://openalex.org/W2034710571
https://openalex.org/W2049071642
https://openalex.org/W2053175843
https://openalex.org/W2062764775
https://openalex.org/W2066916296
https://openalex.org/W2071152424
https://openalex.org/W2075128719
https://openalex.org/W2075587919
https://openalex.org/W2077751437
https://openalex.org/W2078642886
https://openalex.org/W2086502682
https://openalex.org/W2093628405
https://openalex.org/W2094590585
https://openalex.org/W2095069019
https://openalex.org/W2097057349
https://openalex.org/W2125800820
https://openalex.org/W2130879425
https://openalex.org/W2133384390
https://openalex.org/W2135169996
https://openalex.org/W2140361705
https://openalex.org/W2144272764
https://openalex.org/W2154025358
https://openalex.org/W2163751221
https://openalex.org/W2174481058
https://openalex.org/W2245105635
https://openalex.org/W2249981127
https://openalex.org/W2263904688
https://openalex.org/W2287600711
https://openalex.org/W2297529440
https://openalex.org/W2300971469
https://openalex.org/W2312917487
https://openalex.org/W2316351382
https://openalex.org/W2316627336
https://openalex.org/W2318159455
https://openalex.org/W2322942833
https://openalex.org/W2324237779
https://openalex.org/W2325049547
https://openalex.org/W2325551193
https://openalex.org/W2330148364
https://openalex.org/W2331606154
https://openalex.org/W2333655998
https://openalex.org/W2335075857
https://openalex.org/W2358328951
https://openalex.org/W2360536213
https://openalex.org/W2363597264
https://openalex.org/W2376104809
https://openalex.org/W2382837510
https://openalex.org/W2386739095
https://openalex.org/W2417308160
https://openalex.org/W2440355434
https://openalex.org/W2476776040
https://openalex.org/W2499309390
https://openalex.org/W2502643049
https://openalex.org/W2519192275
https://openalex.org/W2529811260
https://openalex.org/W2563228179
https://openalex.org/W2564433142
https://openalex.org/W2589537722
https://openalex.org/W2597627257
https://openalex.org/W2597839221
https://openalex.org/W2611469066
https://openalex.org/W2612466133
https://openalex.org/W2612713561
https://openalex.org/W2612739560
https://openalex.org/W2613083698
https://openalex.org/W2615305753
https://openalex.org/W2646509073
https://openalex.org/W2728596771
https://openalex.org/W2808643964
https://openalex.org/W2887201529
https://openalex.org/W2898892775
https://openalex.org/W2899087681
https://openalex.org/W2912596843
https://openalex.org/W2944956138
https://openalex.org/W3023249211
https://openalex.org/W3030121463
https://openalex.org/W3036111428
https://openalex.org/W3084416513
https://openalex.org/W3139103764
https://openalex.org/W3142408586
https://openalex.org/W3203853032
https://openalex.org/W3210747033
https://openalex.org/W4205176099
https://openalex.org/W4206534504
https://openalex.org/W4206608125
https://openalex.org/W4230163420
https://openalex.org/W4237970671
https://openalex.org/W4239662617
https://openalex.org/W4241168117
https://openalex.org/W4241207632
https://openalex.org/W4242567928
https://openalex.org/W4244041921
https://openalex.org/W4247055259
https://openalex.org/W4247303496
https://openalex.org/W4249286934
https://openalex.org/W4249354176
https://openalex.org/W4253553762
https://openalex.org/W4255763146
https://openalex.org/W4386979379
https://openalex.org/W4388925806
https://openalex.org/W814511385
https://openalex.org/W988209370
https://openalex.org/W2021050748
https://openalex.org/W2026507871
https://openalex.org/W2090599412
https://openalex.org/W2158839256
https://openalex.org/W2324266148
https://openalex.org/W2342999971
https://openalex.org/W2409727097
https://openalex.org/W2418033236
https://openalex.org/W2462735698
https://openalex.org/W2467926327
https://openalex.org/W1988502795
https://openalex.org/W2116147588
https://openalex.org/W2144457740
https://openalex.org/W2315738766
https://openalex.org/W2319139646
https://openalex.org/W2323427087
https://openalex.org/W2375853145
https://openalex.org/W2406177506
https://openalex.org/W2409359620
https://openalex.org/W2411619229
https://openalex.org/W2423411337
https://openalex.org/W2434997690
https://openalex.org/W2470786916
https://openalex.org/W1416739990
https://openalex.org/W1546029780
https://openalex.org/W1567242754
https://openalex.org/W176032769
https://openalex.org/W190469068
https://openalex.org/W1977808763
https://openalex.org/W1999868351
https://openalex.org/W2001305698
https://openalex.org/W2002300828
https://openalex.org/W2003007055
https://openalex.org/W2011657232
https://openalex.org/W2029958736
https://openalex.org/W2030758960
https://openalex.org/W2055351663
https://openalex.org/W2056594596
https://openalex.org/W2063124310
https://openalex.org/W2063241233
https://openalex.org/W2070170678
https://openalex.org/W2071573428
https://openalex.org/W2072208635
https://openalex.org/W2073070091
https://openalex.org/W2083265972
https://openalex.org/W2088070203
https://openalex.org/W2106606902
https://openalex.org/W2137853918
https://openalex.org/W2185640547
https://openalex.org/W2291825572
https://openalex.org/W2380755323
https://openalex.org/W2385439635
https://openalex.org/W2411912614
https://openalex.org/W2576003204
https://openalex.org/W2581280977
https://openalex.org/W2581564950
https://openalex.org/W2582532183
https://openalex.org/W2587810966
https://openalex.org/W2608941666
https://openalex.org/W2622766139
https://openalex.org/W2627081747
https://openalex.org/W2728590483
https://openalex.org/W2743467402
https://openalex.org/W2804642664
https://openalex.org/W2901277797
https://openalex.org/W2904895799
https://openalex.org/W2906013236
https://openalex.org/W2928879700
https://openalex.org/W2940869994
https://openalex.org/W2943072386
https://openalex.org/W2953606781
https://openalex.org/W2978303898
https://openalex.org/W2987393282
https://openalex.org/W3030076546
https://openalex.org/W3124380786
https://openalex.org/W3163608883
https://openalex.org/W3170886189
https://openalex.org/W3212800643
https://openalex.org/W4230530171
https://openalex.org/W4230810024
https://openalex.org/W4230901383
https://openalex.org/W4231114944
https://openalex.org/W4231461952
https://openalex.org/W4235842662
https://openalex.org/W4236062623
https://openalex.org/W4242817912
https://openalex.org/W4248280033
https://openalex.org/W4249166237
https://openalex.org/W4249885319
https://openalex.org/W4252350227
https://openalex.org/W4253119378
https://openalex.org/W4256406834
https://openalex.org/W4297534340
https://openalex.org/W4312976448
https://openalex.org/W2213475256
https://openalex.org/W2412181383
https://openalex.org/W2412623073
https://openalex.org/W2462994263
https://openalex.org/W4214600842
https://openalex.org/W123214439
https://openalex.org/W1417140639
https://openalex.org/W1765312077
https://openalex.org/W1790940316
https://openalex.org/W1990893222
https://openalex.org/W1996554811
https://openalex.org/W1999221492
https://openalex.org/W2002028981
https://openalex.org/W2002037769
https://openalex.org/W2013972282
https://openalex.org/W2026403796
https://openalex.org/W2056774637
https://openalex.org/W2062750870
https://openalex.org/W2066110257
https://openalex.org/W2077496124
https://openalex.org/W2080372130
https://openalex.org/W2084309034
https://openalex.org/W2086399099
https://openalex.org/W2093260343
https://openalex.org/W2117216359
https://openalex.org/W2215309730
https://openalex.org/W2314498958
https://openalex.org/W2361476634
https://openalex.org/W2472702947
https://openalex.org/W2503974314
https://openalex.org/W2528745785
https://openalex.org/W3031963075
https://openalex.org/W3043163370
https://openalex.org/W3093482822
https://openalex.org/W3173695311
https://openalex.org/W4200087817
https://openalex.org/W4200270368
https://openalex.org/W4205503720
https://openalex.org/W4205867888
https://openalex.org/W4206417874
https://openalex.org/W4213141704
https://openalex.org/W4213347489
https://openalex.org/W4220848751
https://openalex.org/W4220884440
https://openalex.org/W4221092687
https://openalex.org/W4224224125
https://openalex.org/W4224274592
https://openalex.org/W4225310526
https://openalex.org/W4225392203
https://openalex.org/W4226154709
https://openalex.org/W4226314509
https://openalex.org/W4230700932
https://openalex.org/W4232538903
https://openalex.org/W4233247540
https://openalex.org/W4234036112
https://openalex.org/W4235906339
https://openalex.org/W4236271376
https://openalex.org/W4238324028
https://openalex.org/W4239768283
https://openalex.org/W4240426622
https://openalex.org/W4241202858
https://openalex.org/W4242235684
https://openalex.org/W4242927795
https://openalex.org/W4243437776
https://openalex.org/W4243660546
https://openalex.org/W4246877257
https://openalex.org/W4247482239
https://openalex.org/W4247992070
https://openalex.org/W4248118598
https://openalex.org/W4250892691
https://openalex.org/W4253268761
https://openalex.org/W4255651973
https://openalex.org/W4256409388
https://openalex.org/W4280490619
https://openalex.org/W4280561477
https://openalex.org/W4280590192
https://openalex.org/W4280593348
https://openalex.org/W4280654104
https://openalex.org/W4281382032
https://openalex.org/W4281746119
https://openalex.org/W4283362302
https://openalex.org/W4283763907
https://openalex.org/W4285814495
https://openalex.org/W4287883283
https://openalex.org/W4288034202
https://openalex.org/W4288063105
https://openalex.org/W4288068886
https://openalex.org/W4289337034
https://openalex.org/W4292848247
https://openalex.org/W4293192160
https://openalex.org/W4293572635
https://openalex.org/W4294316779
https://openalex.org/W4295094358
https://openalex.org/W4295094365
https://openalex.org/W4295260237
https://openalex.org/W4295260267
https://openalex.org/W4295260657
https://openalex.org/W4295261205
https://openalex.org/W4295442855
https://openalex.org/W4296280918
https://openalex.org/W4296392061
https://openalex.org/W4297359299
https://openalex.org/W4304757240
https://openalex.org/W4306251499
https://openalex.org/W4308366194
https://openalex.org/W4308654580
https://openalex.org/W4309129404
https://openalex.org/W4309149925
https://openalex.org/W4310108229
https://openalex.org/W4310112831
https://openalex.org/W4310996192
https://openalex.org/W4312295060
https://openalex.org/W4312634997
https://openalex.org/W4312925908
https://openalex.org/W4312980175
https://openalex.org/W4313441997
https://openalex.org/W4315630221
https://openalex.org/W4323339569
https://openalex.org/W4323339646
https://openalex.org/W4386513585
https://openalex.org/W4394871347
https://openalex.org/W5505245
https://openalex.org/W87944898
https://openalex.org/W2017891567
https://openalex.org/W2031018587
https://openalex.org/W2079924370
https://openalex.org/W2118567153
https://openalex.org/W2318349641
https://openalex.org/W2323396029
https://openalex.org/W2409102037
https://openalex.org/W2414186687
https://openalex.org/W2414967596
https://openalex.org/W2417322399
https://openalex.org/W2418707860
https://openalex.org/W2423005992
https://openalex.org/W2428076190
https://openalex.org/W4237907939
https://openalex.org/W107544115
https://openalex.org/W131330825
https://openalex.org/W1509299671
https://openalex.org/W1604342044
https://openalex.org/W1952440987
https://openalex.org/W2000026863
https://openalex.org/W2001064422
https://openalex.org/W2040253150
https://openalex.org/W2056562799
https://openalex.org/W2080662340
https://openalex.org/W2145670203
https://openalex.org/W2224430553
https://openalex.org/W2420506157
https://openalex.org/W2566200148
https://openalex.org/W2568044117
https://openalex.org/W2792542391
https://openalex.org/W2797955283
https://openalex.org/W2798213703
https://openalex.org/W2799278144
https://openalex.org/W2801085401
https://openalex.org/W2802807123
https://openalex.org/W2804390975
https://openalex.org/W2805015234
https://openalex.org/W2807310504
https://openalex.org/W2808454265
https://openalex.org/W2883061222
https://openalex.org/W2883260395
https://openalex.org/W2888053829
https://openalex.org/W2888655711
https://openalex.org/W2889611776
https://openalex.org/W2890913704
https://openalex.org/W2899805153
https://openalex.org/W2901294967
https://openalex.org/W2903123600
https://openalex.org/W2903197861
https://openalex.org/W2903926849
https://openalex.org/W2909978585
https://openalex.org/W2910189776
https://openalex.org/W2910235073
https://openalex.org/W2911248867
https://openalex.org/W2911681151
https://openalex.org/W2912003242
https://openalex.org/W2912030387
https://openalex.org/W2913126740
https://openalex.org/W2914617245
https://openalex.org/W2915341276
https://openalex.org/W2918678731
https://openalex.org/W2920023548
https://openalex.org/W2921618763
https://openalex.org/W2938104469
https://openalex.org/W2946801521
https://openalex.org/W2947075198
https://openalex.org/W2949291583
https://openalex.org/W2950032355
https://openalex.org/W2953780098
https://openalex.org/W2954228045
https://openalex.org/W2955829240
https://openalex.org/W2961466530
https://openalex.org/W2961866430
https://openalex.org/W2963868214
https://openalex.org/W2967624892
https://openalex.org/W2968481624
https://openalex.org/W2971730359
https://openalex.org/W2971988973
https://openalex.org/W2972461942
https://openalex.org/W2973132901
https://openalex.org/W2973227181
https://openalex.org/W2974031249
https://openalex.org/W2974140522
https://openalex.org/W2981559785
https://openalex.org/W2982202148
https://openalex.org/W2985041708
https://openalex.org/W2990622179
https://openalex.org/W2991246268
https://openalex.org/W2991281929
https://openalex.org/W2991368140
https://openalex.org/W2995588634
https://openalex.org/W2995700649
https://openalex.org/W2997453601
https://openalex.org/W2999142319
https://openalex.org/W3010358075
https://openalex.org/W3013405782
https://openalex.org/W3023202316
https://openalex.org/W3023210860
https://openalex.org/W3028805718
https://openalex.org/W3028969032
https://openalex.org/W3031610450
https://openalex.org/W3032984918
https://openalex.org/W3033413455
https://openalex.org/W3037430545
https://openalex.org/W3041348442
https://openalex.org/W3043265604
https://openalex.org/W3044185128
https://openalex.org/W3048058248
https://openalex.org/W3081030663
https://openalex.org/W3108541932
https://openalex.org/W3120095293
https://openalex.org/W3121032048
https://openalex.org/W3121755886
https://openalex.org/W3125556689
https://openalex.org/W3174171540
https://openalex.org/W3215930168
https://openalex.org/W4210602428
https://openalex.org/W4210990148
https://openalex.org/W4229601465
https://openalex.org/W4230840305
https://openalex.org/W4233381027
https://openalex.org/W4236326923
https://openalex.org/W4238785610
https://openalex.org/W4238982520
https://openalex.org/W4240046753
https://openalex.org/W4241335305
https://openalex.org/W4241354651
https://openalex.org/W4242916068
https://openalex.org/W4246171267
https://openalex.org/W4247465851
https://openalex.org/W4250236828
https://openalex.org/W4252499547
https://openalex.org/W4252666490
https://openalex.org/W4253251043
https://openalex.org/W4254716542
https://openalex.org/W4255950383
https://openalex.org/W4256090337
https://openalex.org/W4256578844
https://openalex.org/W4288337448
https://openalex.org/W4292356052
https://openalex.org/W4297577315
https://openalex.org/W4297967284
https://openalex.org/W4302013889
https://openalex.org/W4394322348
https://openalex.org/W4394409847
https://openalex.org/W4394471116
https://openalex.org/W563096777
https://openalex.org/W577805535
https://openalex.org/W620870326
https://openalex.org/W1562734924
https://openalex.org/W1974866471
https://openalex.org/W1975868136
https://openalex.org/W1985507227
https://openalex.org/W1985862054
https://openalex.org/W1991355367
https://openalex.org/W1998202868
https://openalex.org/W2132220544
https://openalex.org/W2154187829
https://openalex.org/W2234234486
https://openalex.org/W2238854136
https://openalex.org/W2315799192
https://openalex.org/W2328172566
https://openalex.org/W2413710661
https://openalex.org/W2414624147
https://openalex.org/W2431498491
https://openalex.org/W2432628090
https://openalex.org/W2438535891
https://openalex.org/W4295308189
https://openalex.org/W46424261
https://openalex.org/W1593080081
https://openalex.org/W169320852
https://openalex.org/W188226978
https://openalex.org/W1973200031
https://openalex.org/W1979552900
https://openalex.org/W1984047414
https://openalex.org/W2000829886
https://openalex.org/W2008060807
https://openalex.org/W2013294183
https://openalex.org/W2016366558
https://openalex.org/W2025731656
https://openalex.org/W2033375772
https://openalex.org/W2043068583
https://openalex.org/W2074368070
https://openalex.org/W2203852146
https://openalex.org/W2330508880
https://openalex.org/W2357857118
https://openalex.org/W2506819225
https://openalex.org/W2545832855
https://openalex.org/W2570256657
https://openalex.org/W2582079470
https://openalex.org/W2587181045
https://openalex.org/W2598256748
https://openalex.org/W2630076559
https://openalex.org/W2737018798
https://openalex.org/W2941150267
https://openalex.org/W3008192330
https://openalex.org/W3011046045
https://openalex.org/W3016452157
https://openalex.org/W3016687854
https://openalex.org/W3017174284
https://openalex.org/W3019213342
https://openalex.org/W3023587477
https://openalex.org/W3029250043
https://openalex.org/W3040778957
https://openalex.org/W3040840827
https://openalex.org/W3081161861
https://openalex.org/W3084163696
https://openalex.org/W3084582477
https://openalex.org/W3084678584
https://openalex.org/W3084979659
https://openalex.org/W3088635591
https://openalex.org/W3089223285
https://openalex.org/W3092512800
https://openalex.org/W3093911315
https://openalex.org/W3096830799
https://openalex.org/W3096936085
https://openalex.org/W3102176387
https://openalex.org/W3104761777
https://openalex.org/W3107060794
https://openalex.org/W3107598465
https://openalex.org/W3110876427
https://openalex.org/W3118283424
https://openalex.org/W3118939461
https://openalex.org/W3121957882
https://openalex.org/W3132067493
https://openalex.org/W3144812079
https://openalex.org/W3168283573
https://openalex.org/W3176083727
https://openalex.org/W3177037321
https://openalex.org/W3177813395
https://openalex.org/W3180203421
https://openalex.org/W3181923421
https://openalex.org/W3183075502
https://openalex.org/W3184732020
https://openalex.org/W3188325367
https://openalex.org/W3190626859
https://openalex.org/W3192262083
https://openalex.org/W3194387435
https://openalex.org/W3194765227
https://openalex.org/W3195894337
https://openalex.org/W3196282293
https://openalex.org/W3196292309
https://openalex.org/W3199115953
https://openalex.org/W3199230386
https://openalex.org/W3200116406
https://openalex.org/W3201076147
https://openalex.org/W3201552313
https://openalex.org/W3204135188
https://openalex.org/W3205154441
https://openalex.org/W3205525512
https://openalex.org/W3205825826
https://openalex.org/W3208014414
https://openalex.org/W3211455867
https://openalex.org/W3211976556
https://openalex.org/W3216192005
https://openalex.org/W4229879351
https://openalex.org/W4239855117
https://openalex.org/W4246240424
https://openalex.org/W4248894610
https://openalex.org/W4388337885
https://openalex.org/W4394235796
https://openalex.org/W562820312
https://openalex.org/W586153824
https://openalex.org/W614556852
https://openalex.org/W106716487
https://openalex.org/W1977424152
https://openalex.org/W2010765297
https://openalex.org/W2052987060
https://openalex.org/W2107717564
https://openalex.org/W2141683312
https://openalex.org/W2405025289
https://openalex.org/W2415821264
https://openalex.org/W2418505228
https://openalex.org/W2431096742
https://openalex.org/W2470450261
https://openalex.org/W4239142608
https://openalex.org/W4295886295
https://openalex.org/W1655451699
https://openalex.org/W1987914782
https://openalex.org/W2061118575
https://openalex.org/W2065200076
https://openalex.org/W2400652745
https://openalex.org/W2409739453
https://openalex.org/W2413381330
https://openalex.org/W2413669563
https://openalex.org/W2418205496
https://openalex.org/W2418780762
https://openalex.org/W2431906454
https://openalex.org/W2571107976
https://openalex.org/W2771630588
https://openalex.org/W2948166562
https://openalex.org/W3132020188
https://openalex.org/W3146881025
https://openalex.org/W3181665212
https://openalex.org/W3204225493
https://openalex.org/W4205716770
https://openalex.org/W4210486086
https://openalex.org/W4240375156
https://openalex.org/W4244908640
https://openalex.org/W4244952485
https://openalex.org/W4246283369
https://openalex.org/W4246649186
https://openalex.org/W612729258
https://openalex.org/W66246624
https://openalex.org/W1597730408
https://openalex.org/W1767033660
https://openalex.org/W1995537002
https://openalex.org/W2008976866
https://openalex.org/W201923457
https://openalex.org/W2320837268
https://openalex.org/W2323559221
https://openalex.org/W2406178610
https://openalex.org/W2409029294
https://openalex.org/W2412515366
https://openalex.org/W2412556066
https://openalex.org/W2412992232
https://openalex.org/W2416207324
https://openalex.org/W2416434700
https://openalex.org/W2416485329
https://openalex.org/W2417927859
https://openalex.org/W2426011751
https://openalex.org/W2467667086
https://openalex.org/W2578043744
https://openalex.org/W2635107163
https://openalex.org/W2688716087
https://openalex.org/W2707232518
https://openalex.org/W286306007
https://openalex.org/W3099344268
https://openalex.org/W3120221532
https://openalex.org/W3137203498
https://openalex.org/W3137881763
https://openalex.org/W3153512559
https://openalex.org/W3157623009
https://openalex.org/W3157869188
https://openalex.org/W3164597236
https://openalex.org/W3166997168
https://openalex.org/W3168103608
https://openalex.org/W3176642142
https://openalex.org/W3178554606
https://openalex.org/W3183503805
https://openalex.org/W3185796500
https://openalex.org/W3186925380
https://openalex.org/W3186943280
https://openalex.org/W3195354678
https://openalex.org/W3195825183
https://openalex.org/W3201687920
https://openalex.org/W3202481121
https://openalex.org/W3204102469
https://openalex.org/W3204512511
https://openalex.org/W3204698053
https://openalex.org/W3209849866
https://openalex.org/W3214432585
https://openalex.org/W3214511984
https://openalex.org/W3214694886
https://openalex.org/W3216084666
https://openalex.org/W3216855511
https://openalex.org/W3217503269
https://openalex.org/W4200133284
https://openalex.org/W4200274826
https://openalex.org/W4214807345
https://openalex.org/W4226340500
https://openalex.org/W4234346716
https://openalex.org/W4237549328
https://openalex.org/W4241716132
https://openalex.org/W4286962938
https://openalex.org/W4287422538
https://openalex.org/W4295127473
https://openalex.org/W4388196606
https://openalex.org/W4388984736
https://openalex.org/W4390632780
https://openalex.org/W4393648325
https://openalex.org/W4393751314
https://openalex.org/W4393762847
https://openalex.org/W4393842316
https://openalex.org/W4394022434
https://openalex.org/W629154727
https://openalex.org/W64753124
https://openalex.org/W128205855
https://openalex.org/W1964439596
https://openalex.org/W1998305692
https://openalex.org/W2049732549
https://openalex.org/W2115746140
https://openalex.org/W2159874350
https://openalex.org/W2204843462
https://openalex.org/W2235427922
https://openalex.org/W2272016932
https://openalex.org/W2279063457
https://openalex.org/W2282562601
https://openalex.org/W2315729822
https://openalex.org/W2322716390
https://openalex.org/W2331573421
https://openalex.org/W2397812025
https://openalex.org/W2399478599
https://openalex.org/W2409165585
https://openalex.org/W2409513962
https://openalex.org/W2416700647
https://openalex.org/W2440658170
https://openalex.org/W2464317075
https://openalex.org/W2470096924
https://openalex.org/W2515636523
https://openalex.org/W2521675053
https://openalex.org/W2610191193
https://openalex.org/W2629266811
https://openalex.org/W2719047148
https://openalex.org/W2887680529
https://openalex.org/W4240107082
https://openalex.org/W4244182568
https://openalex.org/W4254874728
https://openalex.org/W4388156903
https://openalex.org/W171355112
https://openalex.org/W2058007746
https://openalex.org/W2283544613
https://openalex.org/W2395776527
https://openalex.org/W2401629604
https://openalex.org/W2408918019
https://openalex.org/W2409846640
https://openalex.org/W2410441978
https://openalex.org/W2411019593
https://openalex.org/W2412882490
https://openalex.org/W2415171557
https://openalex.org/W2416405300
https://openalex.org/W2416474066
https://openalex.org/W2418450289
https://openalex.org/W2419005544
https://openalex.org/W2419197505
https://openalex.org/W2423510033
https://openalex.org/W2427024882
https://openalex.org/W2460351508
https://openalex.org/W2464044466
https://openalex.org/W2468689356
https://openalex.org/W2476154527
https://openalex.org/W2476723465
https://openalex.org/W2487175083
https://openalex.org/W2505690402
https://openalex.org/W2915245708
https://openalex.org/W13200365
https://openalex.org/W149288881
https://openalex.org/W1502038073
https://openalex.org/W1525599266
https://openalex.org/W2023454937
https://openalex.org/W204110101
https://openalex.org/W2399179325
https://openalex.org/W2403106527
https://openalex.org/W2406455639
https://openalex.org/W2408290145
https://openalex.org/W2409177746
https://openalex.org/W2411834338
https://openalex.org/W2411849286
https://openalex.org/W2412118219
https://openalex.org/W2413671796
https://openalex.org/W2416605959
https://openalex.org/W2418512258
https://openalex.org/W2419108584
https://openalex.org/W2419616528
https://openalex.org/W2442598224
https://openalex.org/W2464145868
https://openalex.org/W2485816672
https://openalex.org/W2486349035
https://openalex.org/W2488697707
https://openalex.org/W2673775868
https://openalex.org/W2710323931
https://openalex.org/W2949299347
https://openalex.org/W2992887452
https://openalex.org/W4232836124
https://openalex.org/W746551793
https://openalex.org/W109369571
https://openalex.org/W165623368
https://openalex.org/W181757593
https://openalex.org/W1838971171
https://openalex.org/W1968245952
https://openalex.org/W1971349418
https://openalex.org/W1978914790
https://openalex.org/W1979711533
https://openalex.org/W2001638940
https://openalex.org/W2004480452
https://openalex.org/W2011537994
https://openalex.org/W2060312142
https://openalex.org/W2068860059
https://openalex.org/W2093586012
https://openalex.org/W2096761214
https://openalex.org/W2102634327
https://openalex.org/W2154315272
https://openalex.org/W2240667752
https://openalex.org/W2321155917
https://openalex.org/W2394998238
https://openalex.org/W2397627527
https://openalex.org/W2397783548
https://openalex.org/W2401624663
https://openalex.org/W2408283550
https://openalex.org/W2408341000
https://openalex.org/W2409216372
https://openalex.org/W2409228167
https://openalex.org/W2409552821
https://openalex.org/W2410146518
https://openalex.org/W2410984066
https://openalex.org/W2411110239
https://openalex.org/W2416626461
https://openalex.org/W2417025329
https://openalex.org/W2417320274
https://openalex.org/W2417734284
https://openalex.org/W2418631365
https://openalex.org/W2419622774
https://openalex.org/W2422961730
https://openalex.org/W2428432963
https://openalex.org/W2432686882
https://openalex.org/W2462870824
https://openalex.org/W2463407262
https://openalex.org/W2468697161
https://openalex.org/W2469065286
https://openalex.org/W2470174287
https://openalex.org/W2783542593
https://openalex.org/W2936360986
https://openalex.org/W2938385548
https://openalex.org/W2962769370
https://openalex.org/W2962916176
https://openalex.org/W2963115060
https://openalex.org/W2963198867
https://openalex.org/W2963216426
https://openalex.org/W2963223055
https://openalex.org/W2963294836
https://openalex.org/W2963451270
https://openalex.org/W2963989109
https://openalex.org/W2964199427
https://openalex.org/W3021518332
https://openalex.org/W3089698232
https://openalex.org/W3102343429
https://openalex.org/W3161688449
https://openalex.org/W3205995505
https://openalex.org/W3206557090
https://openalex.org/W3211294663
https://openalex.org/W386605714
https://openalex.org/W401250639
https://openalex.org/W409902047
https://openalex.org/W423926604
https://openalex.org/W4246776100
https://openalex.org/W4300907905
https://openalex.org/W626500088
https://openalex.org/W968012769
https://openalex.org/W115622328
https://openalex.org/W127133719
https://openalex.org/W1969590029
https://openalex.org/W2027594677
https://openalex.org/W2129866106
https://openalex.org/W2167655402
https://openalex.org/W2183490477
https://openalex.org/W2267315664
https://openalex.org/W2293311828
https://openalex.org/W2336866337
https://openalex.org/W2399068940
https://openalex.org/W2403144936
https://openalex.org/W2408473421
https://openalex.org/W2408956617
https://openalex.org/W2408973617
https://openalex.org/W2410138994
https://openalex.org/W2411068964
https://openalex.org/W2412010093
https://openalex.org/W2413938835
https://openalex.org/W2415595889
https://openalex.org/W2415621284
https://openalex.org/W2417126027
https://openalex.org/W2417696444
https://openalex.org/W2418980814
https://openalex.org/W2419234529
https://openalex.org/W2436823829
https://openalex.org/W2436984023
https://openalex.org/W2439206439
https://openalex.org/W2465990166
https://openalex.org/W2508030514
https://openalex.org/W2519157730
https://openalex.org/W2781325550
https://openalex.org/W2917845682
https://openalex.org/W2949323094
https://openalex.org/W3043737772
https://openalex.org/W3207140522
https://openalex.org/W358055555
https://openalex.org/W6784248
https://openalex.org/W1841258394
https://openalex.org/W1964669919
https://openalex.org/W1971792576
https://openalex.org/W1974222234
https://openalex.org/W1994382109
https://openalex.org/W1995977665
https://openalex.org/W2012778738
https://openalex.org/W2016550170
https://openalex.org/W2017622465
https://openalex.org/W2020382249
https://openalex.org/W2029624028
https://openalex.org/W2036607375
https://openalex.org/W2058610130
https://openalex.org/W2068863705
https://openalex.org/W2086490613
https://openalex.org/W2092172455
https://openalex.org/W20975391
https://openalex.org/W2146977293
https://openalex.org/W2249037000
https://openalex.org/W2256326642
https://openalex.org/W2285803361
https://openalex.org/W2313552560
https://openalex.org/W2324748669
https://openalex.org/W2329296046
https://openalex.org/W2332007694
https://openalex.org/W2394748862
https://openalex.org/W2396420534
https://openalex.org/W2396660513
https://openalex.org/W2400752771
https://openalex.org/W2401509998
https://openalex.org/W2403404180
https://openalex.org/W2406207190
https://openalex.org/W2406930302
https://openalex.org/W2407164633
https://openalex.org/W2410198450
https://openalex.org/W2411983740
https://openalex.org/W2412029695
https://openalex.org/W2412104825
https://openalex.org/W2413987328
https://openalex.org/W2415108901
https://openalex.org/W2415291859
https://openalex.org/W2415918369
https://openalex.org/W2418759536
https://openalex.org/W2420167538
https://openalex.org/W2421033344
https://openalex.org/W2438414898
https://openalex.org/W2438721971
https://openalex.org/W2460261059
https://openalex.org/W2463022698
https://openalex.org/W2465658952
https://openalex.org/W2465904750
https://openalex.org/W2466752799
https://openalex.org/W2467716698
https://openalex.org/W2468639742
https://openalex.org/W2474104458
https://openalex.org/W2507503627
https://openalex.org/W2509390384
https://openalex.org/W2510199757
https://openalex.org/W2565655260
https://openalex.org/W2569339295
https://openalex.org/W2578576488
https://openalex.org/W2615245566
https://openalex.org/W2615793211
https://openalex.org/W2793959763
https://openalex.org/W2904837019
https://openalex.org/W2922448755
https://openalex.org/W3028231216
https://openalex.org/W3161740148
https://openalex.org/W3191273181
https://openalex.org/W356069163
https://openalex.org/W406692661
https://openalex.org/W4205621382
https://openalex.org/W4232202254
https://openalex.org/W4232532732
https://openalex.org/W4236514959
https://openalex.org/W4237356930
https://openalex.org/W4237995095
https://openalex.org/W4240090414
https://openalex.org/W4242453520
https://openalex.org/W4242658105
https://openalex.org/W4244015251
https://openalex.org/W424637358
https://openalex.org/W4246457197
https://openalex.org/W4248249432
https://openalex.org/W4249289689
https://openalex.org/W4251637111
https://openalex.org/W4252301435
https://openalex.org/W4254555435
https://openalex.org/W4295307644
https://openalex.org/W4295308139
https://openalex.org/W4299902106
https://openalex.org/W4300509325
https://openalex.org/W46889829
https://openalex.org/W5342271
https://openalex.org/W596086413
https://openalex.org/W619189108
https://openalex.org/W623040414
https://openalex.org/W650631925
https://openalex.org/W1993913242
https://openalex.org/W1774817685
https://openalex.org/W1831445803
https://openalex.org/W1974253960
https://openalex.org/W2131632358
https://openalex.org/W1572456528
https://openalex.org/W2012987872
https://openalex.org/W1835655851
https://openalex.org/W1701091641
https://openalex.org/W1968205721
https://openalex.org/W1967489571
https://openalex.org/W1861389859
https://openalex.org/W2562503458
https://openalex.org/W2807447523
https://openalex.org/W1524557218
https://openalex.org/W2009357877
https://openalex.org/W2159943949
https://openalex.org/W3093693178
https://openalex.org/W2396957290
https://openalex.org/W579510187
https://openalex.org/W2557841389
https://openalex.org/W1890032920
https://openalex.org/W2086626831
https://openalex.org/W2085955627
https://openalex.org/W2273321167
https://openalex.org/W1581085660
https://openalex.org/W124336584
https://openalex.org/W2043640261
https://openalex.org/W2001288207
https://openalex.org/W2999837798
https://openalex.org/W3011518082
https://openalex.org/W2148107472
https://openalex.org/W2902590891
https://openalex.org/W4205666916
https://openalex.org/W2152402882
https://openalex.org/W2968251151
https://openalex.org/W2730282981
https://openalex.org/W2073557016
https://openalex.org/W2443300690
https://openalex.org/W3041531776
https://openalex.org/W3044623713
https://openalex.org/W3049512736
https://openalex.org/W3047307349
https://openalex.org/W2223672797
https://openalex.org/W2338327158
https://openalex.org/W3128445746
https://openalex.org/W4200224204
https://openalex.org/W3215330689
https://openalex.org/W4220914817
https://openalex.org/W4380371766
https://openalex.org/W4317829383
https://openalex.org/W1505726535
https://openalex.org/W1977937243
https://openalex.org/W1972205221
https://openalex.org/W1607217555
https://openalex.org/W2105118448
https://openalex.org/W2043529660
https://openalex.org/W1995256062
https://openalex.org/W2069908070
https://openalex.org/W2147162951
https://openalex.org/W2004099987
https://openalex.org/W1986598233
https://openalex.org/W1968312144
https://openalex.org/W2124139079
https://openalex.org/W2028410287
https://openalex.org/W2137707055
https://openalex.org/W654694389
https://openalex.org/W2002264499
https://openalex.org/W2017971431
https://openalex.org/W2080960152
https://openalex.org/W118170402
https://openalex.org/W2479715393
https://openalex.org/W1985057387
https://openalex.org/W1969371115
https://openalex.org/W2147129825
https://openalex.org/W2088365828
https://openalex.org/W2000459404
https://openalex.org/W2078939327
https://openalex.org/W2145152682
https://openalex.org/W2121213810
https://openalex.org/W2171446692
https://openalex.org/W2020614308
https://openalex.org/W2118119860
https://openalex.org/W2060051808
https://openalex.org/W2096302008
https://openalex.org/W2126974776
https://openalex.org/W2097648206
https://openalex.org/W2150497821
https://openalex.org/W2055973186
https://openalex.org/W2084273391
https://openalex.org/W2074206592
https://openalex.org/W1980453928
https://openalex.org/W2174455357
https://openalex.org/W2097319008
https://openalex.org/W1563763675
https://openalex.org/W2398894765
https://openalex.org/W2033884248
https://openalex.org/W656428501
https://openalex.org/W2403323326
https://openalex.org/W2093336622
https://openalex.org/W1953871740
https://openalex.org/W2060294967
https://openalex.org/W1985334921
https://openalex.org/W784973642
https://openalex.org/W2610282908
https://openalex.org/W2318049965
https://openalex.org/W2306937308
https://openalex.org/W2757949084
https://openalex.org/W2011059408
https://openalex.org/W2074732088
https://openalex.org/W2414253581
https://openalex.org/W2074235938
https://openalex.org/W2795021885
https://openalex.org/W2799703080
https://openalex.org/W2150264805
https://openalex.org/W3111071964
https://openalex.org/W2026016174
https://openalex.org/W3045965548
https://openalex.org/W1999262951
https://openalex.org/W2901165057
https://openalex.org/W2001767134
https://openalex.org/W2064849446
https://openalex.org/W2229313525
https://openalex.org/W2529546134
https://openalex.org/W1973335644
https://openalex.org/W2257943861
https://openalex.org/W2050937940
https://openalex.org/W2399861983
https://openalex.org/W3081752913
https://openalex.org/W1876350010
https://openalex.org/W2884208015
https://openalex.org/W3123610340
https://openalex.org/W2788743957
https://openalex.org/W2994996288
https://openalex.org/W2014790500
https://openalex.org/W3039638204
https://openalex.org/W3134549819
https://openalex.org/W2237443945
https://openalex.org/W3136448628
https://openalex.org/W60804961
https://openalex.org/W2412822006
https://openalex.org/W3193041130
https://openalex.org/W3194422471
https://openalex.org/W4283028003
https://openalex.org/W4221128591
https://openalex.org/W4322770357
https://openalex.org/W4317857036
https://openalex.org/W4318913047
https://openalex.org/W4322769613
https://openalex.org/W4387803948
https://openalex.org/W2030631573
https://openalex.org/W1989672476
https://openalex.org/W1998643867
https://openalex.org/W2001379802
https://openalex.org/W2003426180
https://openalex.org/W2165446303
https://openalex.org/W2132308671
https://openalex.org/W1966669224
https://openalex.org/W1985601577
https://openalex.org/W1962269101
https://openalex.org/W2005843225
https://openalex.org/W2045002331
https://openalex.org/W2172231111
https://openalex.org/W2098961287
https://openalex.org/W2011088407
https://openalex.org/W1969911040
https://openalex.org/W2150883847
https://openalex.org/W1972350996
https://openalex.org/W2048141191
https://openalex.org/W1966674879
https://openalex.org/W2115742965
https://openalex.org/W2150157711
https://openalex.org/W2051572655
https://openalex.org/W2077777080
https://openalex.org/W2316911566
https://openalex.org/W1890132005
https://openalex.org/W2061604362
https://openalex.org/W2066862693
https://openalex.org/W1979744962
https://openalex.org/W2060905354
https://openalex.org/W2068372805
https://openalex.org/W2070912403
https://openalex.org/W2112238743
https://openalex.org/W2000423950
https://openalex.org/W2128830823
https://openalex.org/W2038615160
https://openalex.org/W2047065082
https://openalex.org/W2160515161
https://openalex.org/W2157789273
https://openalex.org/W2219935035
https://openalex.org/W2239911324
https://openalex.org/W1985612700
https://openalex.org/W1987411303
https://openalex.org/W2091461625
https://openalex.org/W1972163469
https://openalex.org/W4232821480
https://openalex.org/W2009641564
https://openalex.org/W4361867044
https://openalex.org/W2119036651
https://openalex.org/W2058220257
https://openalex.org/W2127984104
https://openalex.org/W1972186980
https://openalex.org/W2160358071
https://openalex.org/W1983376830
https://openalex.org/W2079342949
https://openalex.org/W2475365536
https://openalex.org/W2234307324
https://openalex.org/W2800431953
https://openalex.org/W2014151363
https://openalex.org/W2268260868
https://openalex.org/W2901108193
https://openalex.org/W2073302057
https://openalex.org/W2891697593
https://openalex.org/W148281954
https://openalex.org/W2194425420
https://openalex.org/W2417726650
https://openalex.org/W2769293392
https://openalex.org/W2789985529
https://openalex.org/W96747349
https://openalex.org/W2403777998
https://openalex.org/W4232182382
https://openalex.org/W2508503169
https://openalex.org/W2776689919
https://openalex.org/W2965152045
https://openalex.org/W3033806537
https://openalex.org/W2548062210
https://openalex.org/W2754919470
https://openalex.org/W3092088529
https://openalex.org/W206984276
https://openalex.org/W2228096232
https://openalex.org/W2937239829
https://openalex.org/W3013729652
https://openalex.org/W1992636874
https://openalex.org/W3042925636
https://openalex.org/W1903839318
https://openalex.org/W2323247004
https://openalex.org/W3005810705
https://openalex.org/W2996353017
https://openalex.org/W3183641977
https://openalex.org/W3110514518
https://openalex.org/W3109846023
https://openalex.org/W3107229356
https://openalex.org/W2410340941
https://openalex.org/W2340126060
https://openalex.org/W2397946972
https://openalex.org/W4224298769
https://openalex.org/W4229015795
https://openalex.org/W4287377111
https://openalex.org/W4225263157
https://openalex.org/W2136015677
https://openalex.org/W4307593309
https://openalex.org/W4318474775
https://openalex.org/W4353085194
https://openalex.org/W4311141711
https://openalex.org/W4323066841
https://openalex.org/W112164333
https://openalex.org/W4389570666
https://openalex.org/W4391052474
https://openalex.org/W2951484604
https://openalex.org/W2124276173
https://openalex.org/W2006704568
https://openalex.org/W2028736491
https://openalex.org/W2142715010
https://openalex.org/W2183002199
https://openalex.org/W1487145677
https://openalex.org/W1609393582
https://openalex.org/W1590191111
https://openalex.org/W1964192204
https://openalex.org/W2167521589
https://openalex.org/W2166372209
https://openalex.org/W2064875411
https://openalex.org/W2109786560
https://openalex.org/W113360898
https://openalex.org/W2078931357
https://openalex.org/W2111805231
https://openalex.org/W1536733402
https://openalex.org/W186296382
https://openalex.org/W2027159773
https://openalex.org/W590583072
https://openalex.org/W1556256043
https://openalex.org/W2029393392
https://openalex.org/W2158169337
https://openalex.org/W2003148951
https://openalex.org/W2004457545
https://openalex.org/W1997084373
https://openalex.org/W2028738356
https://openalex.org/W2056354633
https://openalex.org/W2023996577
https://openalex.org/W2031589207
https://openalex.org/W2132190158
https://openalex.org/W2115141403
https://openalex.org/W2169234947
https://openalex.org/W2143237730
https://openalex.org/W1967310578
https://openalex.org/W2076253293
https://openalex.org/W2072883794
https://openalex.org/W2104803174
https://openalex.org/W2142052772
https://openalex.org/W1540667887
https://openalex.org/W2077854685
https://openalex.org/W4251037768
https://openalex.org/W2128698122
https://openalex.org/W2135142497
https://openalex.org/W2032247976
https://openalex.org/W2050732473
https://openalex.org/W1986202323
https://openalex.org/W2018903058
https://openalex.org/W2081555447
https://openalex.org/W2145191560
https://openalex.org/W1998732693
https://openalex.org/W2007606901
https://openalex.org/W2014682848
https://openalex.org/W2099963496
https://openalex.org/W2117734675
https://openalex.org/W2145549519
https://openalex.org/W2169315741
https://openalex.org/W2315162724
https://openalex.org/W2436456413
https://openalex.org/W2105607550
https://openalex.org/W2471322408
https://openalex.org/W2046515757
https://openalex.org/W2068593134
https://openalex.org/W2167140773
https://openalex.org/W2160280552
https://openalex.org/W2804121186
https://openalex.org/W1482541224
https://openalex.org/W2292362220
https://openalex.org/W2189341371
https://openalex.org/W2235165147
https://openalex.org/W2327343280
https://openalex.org/W2337562127
https://openalex.org/W2802540011
https://openalex.org/W2887010130
https://openalex.org/W2593747843
https://openalex.org/W2741409873
https://openalex.org/W2896426715
https://openalex.org/W2947228372
https://openalex.org/W2980602459
https://openalex.org/W2965541213
https://openalex.org/W3008877377
https://openalex.org/W3011248195
https://openalex.org/W3024063991
https://openalex.org/W3159390199
https://openalex.org/W3171379969
https://openalex.org/W3195711439
https://openalex.org/W4206604207
https://openalex.org/W4312094178
https://openalex.org/W2105197095
https://openalex.org/W2162466671
https://openalex.org/W4205775431
https://openalex.org/W4210324407
https://openalex.org/W4210795331
https://openalex.org/W4220697052
https://openalex.org/W4308029019
https://openalex.org/W4316668864
https://openalex.org/W4376619917
https://openalex.org/W1973603204
https://openalex.org/W2170429277
https://openalex.org/W2008181448
https://openalex.org/W1499981907
https://openalex.org/W2079417533
https://openalex.org/W1983204380
https://openalex.org/W205570465
https://openalex.org/W2042980523
https://openalex.org/W1992438163
https://openalex.org/W1976994883
https://openalex.org/W2014898218
https://openalex.org/W2136427321
https://openalex.org/W2166469154
https://openalex.org/W2082606686
https://openalex.org/W1991793369
https://openalex.org/W2074669218
https://openalex.org/W87757529
https://openalex.org/W2012904391
https://openalex.org/W2107739703
https://openalex.org/W2017044032
https://openalex.org/W2186015564
https://openalex.org/W1965854336
https://openalex.org/W2143520063
https://openalex.org/W2073277100
https://openalex.org/W4238384652
https://openalex.org/W2058086822
https://openalex.org/W2069435306
https://openalex.org/W2004453024
https://openalex.org/W2118285937
https://openalex.org/W2013689834
https://openalex.org/W2156779243
https://openalex.org/W1960324718
https://openalex.org/W1999400152
https://openalex.org/W2018477359
https://openalex.org/W2087115659
https://openalex.org/W2116779601
https://openalex.org/W1996496876
https://openalex.org/W2081958224
https://openalex.org/W2164121910
https://openalex.org/W2071078402
https://openalex.org/W2171267463
https://openalex.org/W1896602542
https://openalex.org/W2079577160
https://openalex.org/W2007374732
https://openalex.org/W1606646764
https://openalex.org/W2024115283
https://openalex.org/W2343553693
https://openalex.org/W2554967178
https://openalex.org/W2008517758
https://openalex.org/W2414681864
https://openalex.org/W2527925634
https://openalex.org/W2736569292
https://openalex.org/W2413500213
https://openalex.org/W2767050862
https://openalex.org/W2787815465
https://openalex.org/W1823409224
https://openalex.org/W2769984659
https://openalex.org/W2608070344
https://openalex.org/W2169167023
https://openalex.org/W2205437903
https://openalex.org/W2259263684
https://openalex.org/W2780640993
https://openalex.org/W2787081151
https://openalex.org/W1970513719
https://openalex.org/W2413039117
https://openalex.org/W2969876108
https://openalex.org/W2913217935
https://openalex.org/W2998855521
https://openalex.org/W3111258097
https://openalex.org/W2255550191
https://openalex.org/W3097078318
https://openalex.org/W3005708248
https://openalex.org/W3012048972
https://openalex.org/W1996753260
https://openalex.org/W2065385662
https://openalex.org/W3116382403
https://openalex.org/W3203096999
https://openalex.org/W3119532588
https://openalex.org/W3164662413
https://openalex.org/W4294740726
https://openalex.org/W4205230119
https://openalex.org/W4206711667
https://openalex.org/W4226417438
https://openalex.org/W2600864761
https://openalex.org/W2321730009
https://openalex.org/W4313545865
https://openalex.org/W4317036508
https://openalex.org/W4322503452
https://openalex.org/W4376872248
https://openalex.org/W142046272
https://openalex.org/W1978419992
https://openalex.org/W1985978706
https://openalex.org/W4249365379
https://openalex.org/W1497687914
https://openalex.org/W2036067300
https://openalex.org/W2051130898
https://openalex.org/W1982857233
https://openalex.org/W2035225924
https://openalex.org/W1980190885
https://openalex.org/W2076110917
https://openalex.org/W2133864715
https://openalex.org/W2078871718
https://openalex.org/W1980369850
https://openalex.org/W1964001158
https://openalex.org/W1997530389
https://openalex.org/W2069492610
https://openalex.org/W1969479803
https://openalex.org/W1979826620
https://openalex.org/W2164229742
https://openalex.org/W1969940333
https://openalex.org/W2117656674
https://openalex.org/W1989989027
https://openalex.org/W2066772013
https://openalex.org/W1993613892
https://openalex.org/W1990825796
https://openalex.org/W2016066213
https://openalex.org/W2037974177
https://openalex.org/W2137501900
https://openalex.org/W2135430194
https://openalex.org/W1969643312
https://openalex.org/W2150196410
https://openalex.org/W1999721648
https://openalex.org/W2472811795
https://openalex.org/W93818550
https://openalex.org/W2018862981
https://openalex.org/W2073209072
https://openalex.org/W2129013527
https://openalex.org/W185472532
https://openalex.org/W2096279562
https://openalex.org/W2057496320
https://openalex.org/W1517930663
https://openalex.org/W2000914121
https://openalex.org/W2050846744
https://openalex.org/W2084683770
https://openalex.org/W2144780964
https://openalex.org/W2116692269
https://openalex.org/W1988502072
https://openalex.org/W2013024096
https://openalex.org/W2051317975
https://openalex.org/W2159516322
https://openalex.org/W2564950927
https://openalex.org/W1151074289
https://openalex.org/W1971588814
https://openalex.org/W2175070379
https://openalex.org/W1730502039
https://openalex.org/W2104347703
https://openalex.org/W1779444278
https://openalex.org/W1992265324
https://openalex.org/W2046692109
https://openalex.org/W2071197507
https://openalex.org/W2187994576
https://openalex.org/W2151930597
https://openalex.org/W2727339460
https://openalex.org/W2388822919
https://openalex.org/W2800925099
https://openalex.org/W2951356747
https://openalex.org/W2787450004
https://openalex.org/W2912401376
https://openalex.org/W3160536687
https://openalex.org/W2933685574
https://openalex.org/W2944927413
https://openalex.org/W2994826726
https://openalex.org/W3159878005
https://openalex.org/W2050822049
https://openalex.org/W3166596170
https://openalex.org/W3185794959
https://openalex.org/W4205432409
https://openalex.org/W4221001445
https://openalex.org/W4280582122
https://openalex.org/W2114600595
https://openalex.org/W4318017309
https://openalex.org/W2041322615
https://openalex.org/W2149020559
https://openalex.org/W2015676042
https://openalex.org/W2076091930
https://openalex.org/W1619584887
https://openalex.org/W2166899068
https://openalex.org/W2171424855
https://openalex.org/W2068661706
https://openalex.org/W2107179986
https://openalex.org/W1982025080
https://openalex.org/W2062049828
https://openalex.org/W2075470886
https://openalex.org/W2168471948
https://openalex.org/W1992369861
https://openalex.org/W2075562703
https://openalex.org/W1964438970
https://openalex.org/W56441618
https://openalex.org/W2096500160
https://openalex.org/W2067757693
https://openalex.org/W1992150165
https://openalex.org/W2053469546
https://openalex.org/W1499247113
https://openalex.org/W1759362230
https://openalex.org/W1558266431
https://openalex.org/W1986236392
https://openalex.org/W1999320633
https://openalex.org/W2036287340
https://openalex.org/W2054757814
https://openalex.org/W2125981386
https://openalex.org/W1966747836
https://openalex.org/W2017155215
https://openalex.org/W2003762711
https://openalex.org/W2001232700
https://openalex.org/W1991301936
https://openalex.org/W1254801778
https://openalex.org/W2088456845
https://openalex.org/W1972455890
https://openalex.org/W2066245777
https://openalex.org/W2112737085
https://openalex.org/W2141762402
https://openalex.org/W2156176623
https://openalex.org/W2158042043
https://openalex.org/W2003373044
https://openalex.org/W2016064545
https://openalex.org/W2073387093
https://openalex.org/W2077354038
https://openalex.org/W2152729357
https://openalex.org/W2170455095
https://openalex.org/W1487546854
https://openalex.org/W2002982531
https://openalex.org/W2060777363
https://openalex.org/W2066498493
https://openalex.org/W2415148941
https://openalex.org/W1557677915
https://openalex.org/W2115891014
https://openalex.org/W1557285634
https://openalex.org/W1974958084
https://openalex.org/W2000281010
https://openalex.org/W1978959281
https://openalex.org/W2089364232
https://openalex.org/W178886378
https://openalex.org/W2021913229
https://openalex.org/W2099408735
https://openalex.org/W1985990082
https://openalex.org/W2008050944
https://openalex.org/W2065690638
https://openalex.org/W2137424274
https://openalex.org/W2736555309
https://openalex.org/W2284141342
https://openalex.org/W2332604147
https://openalex.org/W2750908576
https://openalex.org/W2751880434
https://openalex.org/W2926751360
https://openalex.org/W2981196437
https://openalex.org/W2994698141
https://openalex.org/W2912906273
https://openalex.org/W2964279307
https://openalex.org/W2983746707
https://openalex.org/W2082106673
https://openalex.org/W3030585794
https://openalex.org/W3028687269
https://openalex.org/W4235091075
https://openalex.org/W1814432523
https://openalex.org/W3164152995
https://openalex.org/W3200490509
https://openalex.org/W2037513859
https://openalex.org/W3134249947
https://openalex.org/W3181793239
https://openalex.org/W3200988265
https://openalex.org/W2010348091
https://openalex.org/W2345194515
https://openalex.org/W4220999819
https://openalex.org/W4210419327
https://openalex.org/W4308325201
https://openalex.org/W4313561385
https://openalex.org/W4317433255
https://openalex.org/W4317733662
https://openalex.org/W4365148145
https://openalex.org/W4377115738
https://openalex.org/W4378172530
https://openalex.org/W4385406965
https://openalex.org/W2119774504
https://openalex.org/W2002233505
https://openalex.org/W2036929280
https://openalex.org/W1784895990
https://openalex.org/W2037370942
https://openalex.org/W2118783065
https://openalex.org/W2156676993
https://openalex.org/W1996403683
https://openalex.org/W2045414945
https://openalex.org/W2067768467
https://openalex.org/W2572151537
https://openalex.org/W2092763020
https://openalex.org/W1508410554
https://openalex.org/W2003969873
https://openalex.org/W2052466991
https://openalex.org/W2952045639
https://openalex.org/W2100138630
https://openalex.org/W2065387826
https://openalex.org/W2125701180
https://openalex.org/W2066134714
https://openalex.org/W2144581919
https://openalex.org/W4244371472
https://openalex.org/W2036440367
https://openalex.org/W2105646402
https://openalex.org/W2038453622
https://openalex.org/W1986845209
https://openalex.org/W2088434274
https://openalex.org/W2126361624
https://openalex.org/W2163520835
https://openalex.org/W1991772360
https://openalex.org/W2128322178
https://openalex.org/W2162147891
https://openalex.org/W1995588291
https://openalex.org/W2477350973
https://openalex.org/W123987812
https://openalex.org/W1556250811
https://openalex.org/W1966498742
https://openalex.org/W2011537807
https://openalex.org/W2167584870
https://openalex.org/W2013702990
https://openalex.org/W2062744256
https://openalex.org/W2435340582
https://openalex.org/W1088793517
https://openalex.org/W1983092076
https://openalex.org/W2015213458
https://openalex.org/W2018804843
https://openalex.org/W2080893412
https://openalex.org/W2123509652
https://openalex.org/W2406537531
https://openalex.org/W2005986635
https://openalex.org/W2240113615
https://openalex.org/W1706768167
https://openalex.org/W2008933205
https://openalex.org/W2336378048
https://openalex.org/W2588736477
https://openalex.org/W2751314968
https://openalex.org/W2792955632
https://openalex.org/W2346537289
https://openalex.org/W2545630113
https://openalex.org/W2561316676
https://openalex.org/W2620691261
https://openalex.org/W2802284622
https://openalex.org/W2472500593
https://openalex.org/W2523658712
https://openalex.org/W2548498805
https://openalex.org/W2888761546
https://openalex.org/W2092321356
https://openalex.org/W2994748456
https://openalex.org/W3010342924
https://openalex.org/W3046629437
https://openalex.org/W3087790039
https://openalex.org/W3110940955
https://openalex.org/W2419287997
https://openalex.org/W90971763
https://openalex.org/W2231277598
https://openalex.org/W3124026938
https://openalex.org/W3132842451
https://openalex.org/W3165379786
https://openalex.org/W1980742264
https://openalex.org/W3125489392
https://openalex.org/W3202263198
https://openalex.org/W3209596191
https://openalex.org/W4214493674
https://openalex.org/W4281644983
https://openalex.org/W179796761
https://openalex.org/W4387326766
https://openalex.org/W4390542747
https://openalex.org/W4390724370
https://openalex.org/W4390743490
https://openalex.org/W4391026688
https://openalex.org/W4391233625
https://openalex.org/W4391233852
https://openalex.org/W4391392716
https://openalex.org/W4391514776
https://openalex.org/W4391578010
https://openalex.org/W4391898796
https://openalex.org/W4391987482
https://openalex.org/W4391995628
https://openalex.org/W4392196633
https://openalex.org/W4392359958
https://openalex.org/W4392595967
https://openalex.org/W4393022864
https://openalex.org/W4393044434
https://openalex.org/W4393170340
https://openalex.org/W4393251695
https://openalex.org/W4393285964
https://openalex.org/W4393314366
https://openalex.org/W4393987054
https://openalex.org/W4393993236
https://openalex.org/W4394013682
https://openalex.org/W4394580585
https://openalex.org/W4394685419
https://openalex.org/W4394740357
https://openalex.org/W4394741490
https://openalex.org/W4394800825
https://openalex.org/W4394912122
https://openalex.org/W4394984747
https://openalex.org/W4394999893
https://openalex.org/W4395094129
https://openalex.org/W4395463663
https://openalex.org/W4396504388
https://openalex.org/W2048897045
https://openalex.org/W1992848019
https://openalex.org/W2072457855
https://openalex.org/W2029915657
https://openalex.org/W2077885834
https://openalex.org/W2097747680
https://openalex.org/W46847149
https://openalex.org/W2019460280
https://openalex.org/W2093940431
https://openalex.org/W2887676750
https://openalex.org/W2000396923
https://openalex.org/W1980706080
https://openalex.org/W1547924532
https://openalex.org/W1985081412
https://openalex.org/W2104651585
https://openalex.org/W2005829196
https://openalex.org/W2010693030
https://openalex.org/W2032818830
https://openalex.org/W2067571960
https://openalex.org/W2057676420
https://openalex.org/W2232576453
https://openalex.org/W1985034269
https://openalex.org/W2043686365
https://openalex.org/W2408035212
https://openalex.org/W2036408758
https://openalex.org/W2039094526
https://openalex.org/W2162600724
https://openalex.org/W2166091838
https://openalex.org/W2068562305
https://openalex.org/W2109333094
https://openalex.org/W1977370041
https://openalex.org/W1994579180
https://openalex.org/W2067910581
https://openalex.org/W2003452092
https://openalex.org/W2027306151
https://openalex.org/W2028672234
https://openalex.org/W2093023834
https://openalex.org/W2172142079
https://openalex.org/W1989764165
https://openalex.org/W2025104887
https://openalex.org/W2067979424
https://openalex.org/W2103957760
https://openalex.org/W2316050656
https://openalex.org/W1964259022
https://openalex.org/W2036697090
https://openalex.org/W2067793748
https://openalex.org/W2095423196
https://openalex.org/W2169433939
https://openalex.org/W2049968854
https://openalex.org/W2192699634
https://openalex.org/W2611621774
https://openalex.org/W1606070383
https://openalex.org/W2264389354
https://openalex.org/W2273733696
https://openalex.org/W2290393005
https://openalex.org/W2313428568
https://openalex.org/W2330143220
https://openalex.org/W2540437876
https://openalex.org/W2605452075
https://openalex.org/W2794035435
https://openalex.org/W2290225843
https://openalex.org/W2793210632
https://openalex.org/W2907159530
https://openalex.org/W2971196605
https://openalex.org/W2974424762
https://openalex.org/W2986453558
https://openalex.org/W2991240235
https://openalex.org/W3035105293
https://openalex.org/W3040337697
https://openalex.org/W3041111949
https://openalex.org/W3081361872
https://openalex.org/W3092406740
https://openalex.org/W2282953818
https://openalex.org/W2013239441
https://openalex.org/W2408135765
https://openalex.org/W2985005837
https://openalex.org/W3092239247
https://openalex.org/W3159377913
https://openalex.org/W3175068592
https://openalex.org/W3200685809
https://openalex.org/W2069818141
https://openalex.org/W4308888807
https://openalex.org/W4315649062
https://openalex.org/W4317815062
https://openalex.org/W4323315054
https://openalex.org/W4323569515
https://openalex.org/W4323830406
https://openalex.org/W4364354107
https://openalex.org/W4367322941
https://openalex.org/W4376139087
https://openalex.org/W4377292365
https://openalex.org/W4380356794
https://openalex.org/W4381620423
https://openalex.org/W4386278209
https://openalex.org/W4387769115
https://openalex.org/W4388657659
https://openalex.org/W4389045133
https://openalex.org/W4389219393
https://openalex.org/W4389521135
https://openalex.org/W2070479198
https://openalex.org/W2077564004
https://openalex.org/W2023729526
https://openalex.org/W2057207241
https://openalex.org/W2129967227
https://openalex.org/W1998339631
https://openalex.org/W2033663396
https://openalex.org/W2086073006
https://openalex.org/W2953039673
https://openalex.org/W1975852083
https://openalex.org/W2065632085
https://openalex.org/W2093178194
https://openalex.org/W2015956138
https://openalex.org/W2123439668
https://openalex.org/W2320592644
https://openalex.org/W2011031607
https://openalex.org/W2055849781
https://openalex.org/W2076202433
https://openalex.org/W2079725667
https://openalex.org/W2088374430
https://openalex.org/W2124970379
https://openalex.org/W2100972315
https://openalex.org/W2116931650
https://openalex.org/W2095192850
https://openalex.org/W2172318934
https://openalex.org/W2024085056
https://openalex.org/W2074928178
https://openalex.org/W2084239817
https://openalex.org/W2061812755
https://openalex.org/W2067014653
https://openalex.org/W2009592798
https://openalex.org/W2019430527
https://openalex.org/W2075973986
https://openalex.org/W2152352202
https://openalex.org/W1997396897
https://openalex.org/W1997945311
https://openalex.org/W2028715771
https://openalex.org/W2073481670
https://openalex.org/W2084030037
https://openalex.org/W2113293162
https://openalex.org/W1555095314
https://openalex.org/W1984138145
https://openalex.org/W1857469616
https://openalex.org/W2341086169
https://openalex.org/W1977411146
https://openalex.org/W1983086731
https://openalex.org/W2022954108
https://openalex.org/W2024366802
https://openalex.org/W2056868602
https://openalex.org/W2063460566
https://openalex.org/W1654240555
https://openalex.org/W1769883532
https://openalex.org/W1969448064
https://openalex.org/W1990425274
https://openalex.org/W2002319836
https://openalex.org/W2004975452
https://openalex.org/W2028690852
https://openalex.org/W2088819118
https://openalex.org/W2090905752
https://openalex.org/W2166543067
https://openalex.org/W2789019272
https://openalex.org/W2799731606
https://openalex.org/W1998589893
https://openalex.org/W2125388133
https://openalex.org/W2171721375
https://openalex.org/W2195865794
https://openalex.org/W2306564163
https://openalex.org/W2327968330
https://openalex.org/W2403377241
https://openalex.org/W2569348766
https://openalex.org/W2575091601
https://openalex.org/W2617147521
https://openalex.org/W2624528183
https://openalex.org/W2790295267
https://openalex.org/W2920619574
https://openalex.org/W2296605604
https://openalex.org/W2321981216
https://openalex.org/W2939044897
https://openalex.org/W2037470485
https://openalex.org/W3102810490
https://openalex.org/W3007308897
https://openalex.org/W3119721368
https://openalex.org/W3141296272
https://openalex.org/W2588421889
https://openalex.org/W4224051708
https://openalex.org/W4229073977
https://openalex.org/W4281294357
https://openalex.org/W4285035607
https://openalex.org/W4291019766
https://openalex.org/W4297093669
https://openalex.org/W4304943572
https://openalex.org/W1990998447
https://openalex.org/W2952430688
https://openalex.org/W1972755710
https://openalex.org/W2065179734
https://openalex.org/W2044624451
https://openalex.org/W2077028044
https://openalex.org/W2086649610
https://openalex.org/W2123046419
https://openalex.org/W2024153208
https://openalex.org/W2025303231
https://openalex.org/W1980155485
https://openalex.org/W2000826853
https://openalex.org/W1974373442
https://openalex.org/W1988827156
https://openalex.org/W2158834355
https://openalex.org/W1963760923
https://openalex.org/W1987951110
https://openalex.org/W2008480562
https://openalex.org/W2148956857
https://openalex.org/W2156929147
https://openalex.org/W2164585583
https://openalex.org/W1994518099
https://openalex.org/W2038894814
https://openalex.org/W2052302545
https://openalex.org/W2117444420
https://openalex.org/W2119970287
https://openalex.org/W2414237581
https://openalex.org/W2322768692
https://openalex.org/W2041686458
https://openalex.org/W2070655414
https://openalex.org/W2002160262
https://openalex.org/W2121893618
https://openalex.org/W2620709321
https://openalex.org/W2802960937
https://openalex.org/W2884300582
https://openalex.org/W1973526839
https://openalex.org/W1997287926
https://openalex.org/W2020780549
https://openalex.org/W2190159717
https://openalex.org/W2324316038
https://openalex.org/W2343282465
https://openalex.org/W2743322503
https://openalex.org/W2745275891
https://openalex.org/W2776097477
https://openalex.org/W2806184984
https://openalex.org/W2959761797
https://openalex.org/W2987816858
https://openalex.org/W4248007809
https://openalex.org/W2945007885
https://openalex.org/W2974415167
https://openalex.org/W1541307658
https://openalex.org/W2998606664
https://openalex.org/W2999613981
https://openalex.org/W3006811022
https://openalex.org/W3013659810
https://openalex.org/W3033714031
https://openalex.org/W3044263553
https://openalex.org/W3087769035
https://openalex.org/W3123032844
https://openalex.org/W3138023508
https://openalex.org/W2030633244
https://openalex.org/W4223577309
https://openalex.org/W4285141972
https://openalex.org/W4290601985
https://openalex.org/W4297425467
https://openalex.org/W4308159580
https://openalex.org/W4313293010
https://openalex.org/W2344432138
https://openalex.org/W2031654610
https://openalex.org/W2056455930
https://openalex.org/W2088802744
https://openalex.org/W2004655163
https://openalex.org/W2106056315
https://openalex.org/W2047393240
https://openalex.org/W2331777003
https://openalex.org/W2155884652
https://openalex.org/W1975971995
https://openalex.org/W1970214957
https://openalex.org/W1996437582
https://openalex.org/W2007636686
https://openalex.org/W2042035541
https://openalex.org/W2575727520
https://openalex.org/W100696174
https://openalex.org/W1970746416
https://openalex.org/W2000943326
https://openalex.org/W2015771714
https://openalex.org/W1965905991
https://openalex.org/W2010689964
https://openalex.org/W2031830539
https://openalex.org/W2081240610
https://openalex.org/W2090548611
https://openalex.org/W1846479752
https://openalex.org/W1983081715
https://openalex.org/W2079407821
https://openalex.org/W2168463047
https://openalex.org/W1550673386
https://openalex.org/W2054828831
https://openalex.org/W2061332990
https://openalex.org/W2329752803
https://openalex.org/W1986228855
https://openalex.org/W1987806503
https://openalex.org/W2012654474
https://openalex.org/W2088182594
https://openalex.org/W2133546102
https://openalex.org/W2146568255
https://openalex.org/W2154660132
https://openalex.org/W2273955690
https://openalex.org/W2414796950
https://openalex.org/W2560140596
https://openalex.org/W2586377749
https://openalex.org/W2766689051
https://openalex.org/W2792683451
https://openalex.org/W2901136941
https://openalex.org/W3014847834
https://openalex.org/W4241015073
https://openalex.org/W1489059043
https://openalex.org/W1659339385
https://openalex.org/W1946903704
https://openalex.org/W2048070479
https://openalex.org/W2049868158
https://openalex.org/W2090056082
https://openalex.org/W2094176826
https://openalex.org/W2097204419
https://openalex.org/W2109039839
https://openalex.org/W2404104837
https://openalex.org/W2466929744
https://openalex.org/W2518218822
https://openalex.org/W2611800914
https://openalex.org/W2626748538
https://openalex.org/W2647371481
https://openalex.org/W2800109557
https://openalex.org/W2800901165
https://openalex.org/W2885429989
https://openalex.org/W2902327740
https://openalex.org/W2908612589
https://openalex.org/W2942538573
https://openalex.org/W2969223566
https://openalex.org/W2991576553
https://openalex.org/W1581925011
https://openalex.org/W2274753183
https://openalex.org/W2527706265
https://openalex.org/W3083408793
https://openalex.org/W3125326927
https://openalex.org/W3012040412
https://openalex.org/W3034913496
https://openalex.org/W3132163774
https://openalex.org/W3159725078
https://openalex.org/W3194845691
https://openalex.org/W3206788725
https://openalex.org/W2076079015
https://openalex.org/W1964653600
https://openalex.org/W404942512
https://openalex.org/W2158594969
https://openalex.org/W2046155050
https://openalex.org/W2070764560
https://openalex.org/W1972029001
https://openalex.org/W2007966496
https://openalex.org/W2144673317
https://openalex.org/W220691327
https://openalex.org/W1965975534
https://openalex.org/W111649132
https://openalex.org/W2017351690
https://openalex.org/W2070803924
https://openalex.org/W2120572049
https://openalex.org/W2435778734
https://openalex.org/W1991722143
https://openalex.org/W2008290722
https://openalex.org/W2018929694
https://openalex.org/W2034738137
https://openalex.org/W2114646251
https://openalex.org/W2032595555
https://openalex.org/W2053328039
https://openalex.org/W2121162769
https://openalex.org/W2163817191
https://openalex.org/W1681005685
https://openalex.org/W1983182061
https://openalex.org/W2003771106
https://openalex.org/W2152490947
https://openalex.org/W2026126888
https://openalex.org/W2049030868
https://openalex.org/W2125195683
https://openalex.org/W2128603034
https://openalex.org/W2053235561
https://openalex.org/W2066265608
https://openalex.org/W2103111407
https://openalex.org/W2324631255
https://openalex.org/W2333593106
https://openalex.org/W1933854979
https://openalex.org/W2017434903
https://openalex.org/W2068160682
https://openalex.org/W2588855433
https://openalex.org/W2592205691
https://openalex.org/W2769554040
https://openalex.org/W2791018536
https://openalex.org/W2890247773
https://openalex.org/W2894989868
https://openalex.org/W2917365854
https://openalex.org/W2918724198
https://openalex.org/W2964429238
https://openalex.org/W2993899994
https://openalex.org/W2997389796
https://openalex.org/W3126030295
https://openalex.org/W1951685127
https://openalex.org/W1982039700
https://openalex.org/W2084175422
https://openalex.org/W2258310986
https://openalex.org/W2403232626
https://openalex.org/W2416727769
https://openalex.org/W2441789223
https://openalex.org/W2473626941
https://openalex.org/W2497385464
https://openalex.org/W2970818211
https://openalex.org/W2988544100
https://openalex.org/W3009887886
https://openalex.org/W3046840285
https://openalex.org/W3082674446
https://openalex.org/W2219737742
https://openalex.org/W3128920367
https://openalex.org/W3142108848
https://openalex.org/W3193228960
https://openalex.org/W3197757594
https://openalex.org/W2421872401
https://openalex.org/W1995953643
https://openalex.org/W3212584151
https://openalex.org/W4207068601
https://openalex.org/W4210807886
https://openalex.org/W4212882287
https://openalex.org/W4214917139
https://openalex.org/W4280628636
https://openalex.org/W4281634211
https://openalex.org/W4283360495
https://openalex.org/W4293218865
https://openalex.org/W4294991094
https://openalex.org/W4307862153
https://openalex.org/W4308136520
https://openalex.org/W4313261000
https://openalex.org/W2174783535
https://openalex.org/W4309486151
https://openalex.org/W4309675260
https://openalex.org/W4315702862
https://openalex.org/W4321376237
https://openalex.org/W4321598336
https://openalex.org/W4322761622
https://openalex.org/W4361278760
https://openalex.org/W4362716796
https://openalex.org/W4379056858
https://openalex.org/W4382994584
https://openalex.org/W4385476501
https://openalex.org/W4385623361
https://openalex.org/W4385797864
https://openalex.org/W4385997342
https://openalex.org/W4386226914
https://openalex.org/W4386280220
https://openalex.org/W4386833493
https://openalex.org/W4387328014
https://openalex.org/W4388193843
https://openalex.org/W4388550969
https://openalex.org/W4389229547
https://openalex.org/W4389240151
https://openalex.org/W2022965665
https://openalex.org/W2065044415
https://openalex.org/W2069124331
https://openalex.org/W2147198254
https://openalex.org/W198029427
https://openalex.org/W2158090152
https://openalex.org/W2075642219
https://openalex.org/W2133140423
https://openalex.org/W1990600224
https://openalex.org/W2024225248
https://openalex.org/W2001405977
https://openalex.org/W1992209933
https://openalex.org/W2042111505
https://openalex.org/W2112040194
https://openalex.org/W2165667444
https://openalex.org/W2023816486
https://openalex.org/W2117345310
https://openalex.org/W2950297545
https://openalex.org/W1981250178
https://openalex.org/W2041160717
https://openalex.org/W1516498531
https://openalex.org/W195005365
https://openalex.org/W1996248368
https://openalex.org/W2076843410
https://openalex.org/W2087879697
https://openalex.org/W2099205366
https://openalex.org/W2415959392
https://openalex.org/W2016690058
https://openalex.org/W569553758
https://openalex.org/W1978393003
https://openalex.org/W2011442349
https://openalex.org/W2059538670
https://openalex.org/W2166847988
https://openalex.org/W2589815994
https://openalex.org/W2610006708
https://openalex.org/W2765387623
https://openalex.org/W2892215040
https://openalex.org/W1988124711
https://openalex.org/W1990436633
https://openalex.org/W2237270303
https://openalex.org/W2269904070
https://openalex.org/W2342922672
https://openalex.org/W2555717687
https://openalex.org/W2558897308
https://openalex.org/W2567853012
https://openalex.org/W2581633842
https://openalex.org/W2740557605
https://openalex.org/W2753763498
https://openalex.org/W2765321761
https://openalex.org/W2769661231
https://openalex.org/W2943490995
https://openalex.org/W2967419046
https://openalex.org/W2988047267
https://openalex.org/W1520338130
https://openalex.org/W300970960
https://openalex.org/W1983718528
https://openalex.org/W2109005342
https://openalex.org/W2044513233
https://openalex.org/W2148186016
https://openalex.org/W1963759393
https://openalex.org/W1971572530
https://openalex.org/W2097885852
https://openalex.org/W2311868228
https://openalex.org/W2017323142
https://openalex.org/W2152255139
https://openalex.org/W4255355988
https://openalex.org/W2253202670
https://openalex.org/W1987735727
https://openalex.org/W2038652174
https://openalex.org/W2086356171
https://openalex.org/W2111690048
https://openalex.org/W2417989038
https://openalex.org/W1994378354
https://openalex.org/W2001789895
https://openalex.org/W655750774
https://openalex.org/W2066643369
https://openalex.org/W2077466204
https://openalex.org/W2949384030
https://openalex.org/W1970117368
https://openalex.org/W1982342288
https://openalex.org/W2041928047
https://openalex.org/W2131391243
https://openalex.org/W1486521582
https://openalex.org/W1607303026
https://openalex.org/W1972465446
https://openalex.org/W1974209740
https://openalex.org/W1985473260
https://openalex.org/W2031377793
https://openalex.org/W2045784338
https://openalex.org/W2067332089
https://openalex.org/W2093850929
https://openalex.org/W2429354408
https://openalex.org/W2792475560
https://openalex.org/W2793067453
https://openalex.org/W2893876868
https://openalex.org/W2902137363
https://openalex.org/W2905331982
https://openalex.org/W2963402145
https://openalex.org/W1457926748
https://openalex.org/W2329262455
https://openalex.org/W2343642528
https://openalex.org/W2398676488
https://openalex.org/W2409275887
https://openalex.org/W2419932348
https://openalex.org/W2472990650
https://openalex.org/W2530713973
https://openalex.org/W2560830610
https://openalex.org/W2735937719
https://openalex.org/W2744819108
https://openalex.org/W2954235564
https://openalex.org/W2988626919
https://openalex.org/W2997841174
https://openalex.org/W3011776749
https://openalex.org/W3014947739
https://openalex.org/W3041264183
https://openalex.org/W2498743629
https://openalex.org/W2553148280
https://openalex.org/W3143430025
https://openalex.org/W3167730488
https://openalex.org/W3175543367
https://openalex.org/W3177492738
https://openalex.org/W3202732131
https://openalex.org/W3208659351
https://openalex.org/W2416991488
https://openalex.org/W2913716291
https://openalex.org/W4229451113
https://openalex.org/W2052540574
https://openalex.org/W2031287389
https://openalex.org/W2088626565
https://openalex.org/W2089276536
https://openalex.org/W1212225652
https://openalex.org/W1994690299
https://openalex.org/W1999152823
https://openalex.org/W2022837567
https://openalex.org/W2027630927
https://openalex.org/W2040313957
https://openalex.org/W1584540996
https://openalex.org/W2078082283
https://openalex.org/W1969300538
https://openalex.org/W2049475782
https://openalex.org/W2027428615
https://openalex.org/W2034522182
https://openalex.org/W2043229986
https://openalex.org/W2055355431
https://openalex.org/W2473423877
https://openalex.org/W1492967289
https://openalex.org/W1989320890
https://openalex.org/W1997735101
https://openalex.org/W2136659025
https://openalex.org/W4230986835
https://openalex.org/W2008216973
https://openalex.org/W2076265958
https://openalex.org/W2030569070
https://openalex.org/W2069742929
https://openalex.org/W2088443579
https://openalex.org/W2101888124
https://openalex.org/W2139551085
https://openalex.org/W1968505650
https://openalex.org/W1980531623
https://openalex.org/W2033407747
https://openalex.org/W2034492361
https://openalex.org/W1499520752
https://openalex.org/W2048047838
https://openalex.org/W2057977491
https://openalex.org/W2092272274
https://openalex.org/W2135920045
https://openalex.org/W2163723493
https://openalex.org/W2197577719
https://openalex.org/W2321440591
https://openalex.org/W2392990277
https://openalex.org/W2412180378
https://openalex.org/W2611429487
https://openalex.org/W2951276192
https://openalex.org/W2953902012
https://openalex.org/W2955702453
https://openalex.org/W2963427120
https://openalex.org/W2968336078
https://openalex.org/W2975931278
https://openalex.org/W2998335579
https://openalex.org/W2999531031
https://openalex.org/W3001418896
https://openalex.org/W3023437208
https://openalex.org/W3036047300
https://openalex.org/W3136016926
https://openalex.org/W3161000450
https://openalex.org/W3179820349
https://openalex.org/W3209644301
https://openalex.org/W4200066990
https://openalex.org/W1015275963
https://openalex.org/W2132273158
https://openalex.org/W2289513091
https://openalex.org/W2436742037
https://openalex.org/W3142369547
https://openalex.org/W4210754250
https://openalex.org/W4212775184
https://openalex.org/W4214887278
https://openalex.org/W4226059373
https://openalex.org/W4280632066
https://openalex.org/W4280645969
https://openalex.org/W4292851276
https://openalex.org/W4294390559
https://openalex.org/W2031430306
https://openalex.org/W2276285784
https://openalex.org/W1963670883
https://openalex.org/W2110662148
https://openalex.org/W1978464667
https://openalex.org/W2064325823
https://openalex.org/W2094761337
https://openalex.org/W1810942429
https://openalex.org/W1963546424
https://openalex.org/W1982736986
https://openalex.org/W2028449761
https://openalex.org/W1993602270
https://openalex.org/W2048470460
https://openalex.org/W2058816577
https://openalex.org/W2076894552
https://openalex.org/W2151943701
https://openalex.org/W2501826559
https://openalex.org/W2912522935
https://openalex.org/W1978642921
https://openalex.org/W2003206770
https://openalex.org/W2074558802
https://openalex.org/W2047136522
https://openalex.org/W1984358279
https://openalex.org/W2001840129
https://openalex.org/W2010170803
https://openalex.org/W2012657808
https://openalex.org/W2109038785
https://openalex.org/W2164651199
https://openalex.org/W2427640569
https://openalex.org/W1488249784
https://openalex.org/W1970805314
https://openalex.org/W1971137208
https://openalex.org/W2015604337
https://openalex.org/W2793340212
https://openalex.org/W2794372826
https://openalex.org/W37012197
https://openalex.org/W1541189468
https://openalex.org/W1574819333
https://openalex.org/W1662282059
https://openalex.org/W183143119
https://openalex.org/W1963570780
https://openalex.org/W1966209812
https://openalex.org/W2011726134
https://openalex.org/W2019093156
https://openalex.org/W2077478758
https://openalex.org/W2161424414
https://openalex.org/W2384483415
https://openalex.org/W2413263738
https://openalex.org/W2517982692
https://openalex.org/W2585464816
https://openalex.org/W2597110772
https://openalex.org/W2736179030
https://openalex.org/W2753599791
https://openalex.org/W2770961921
https://openalex.org/W2998197264
https://openalex.org/W3000483966
https://openalex.org/W3005125462
https://openalex.org/W3093028963
https://openalex.org/W3112844955
https://openalex.org/W2280464758
https://openalex.org/W345539300
https://openalex.org/W1969817337
https://openalex.org/W1973222814
https://openalex.org/W2070958560
https://openalex.org/W1970322406
https://openalex.org/W2004608123
https://openalex.org/W2058759755
https://openalex.org/W2120807193
https://openalex.org/W2125073185
https://openalex.org/W2130937461
https://openalex.org/W2486460822
https://openalex.org/W2058978758
https://openalex.org/W2043322096
https://openalex.org/W2084499504
https://openalex.org/W2086768461
https://openalex.org/W2154410483
https://openalex.org/W14396380
https://openalex.org/W2116650303
https://openalex.org/W2161700477
https://openalex.org/W1884209559
https://openalex.org/W1992459983
https://openalex.org/W2036395208
https://openalex.org/W76313340
https://openalex.org/W2020054641
https://openalex.org/W2313488983
https://openalex.org/W2313520390
https://openalex.org/W2408373078
https://openalex.org/W2512953674
https://openalex.org/W2790288345
https://openalex.org/W2791119624
https://openalex.org/W2883678372
https://openalex.org/W2908372143
https://openalex.org/W2913548753
https://openalex.org/W2946666511
https://openalex.org/W2950908708
https://openalex.org/W2961349238
https://openalex.org/W2968418169
https://openalex.org/W2980751238
https://openalex.org/W2983401431
https://openalex.org/W2016100217
https://openalex.org/W2053749837
https://openalex.org/W2395381968
https://openalex.org/W2465805708
https://openalex.org/W3094188174
https://openalex.org/W3105815216
https://openalex.org/W3115014918
https://openalex.org/W3119376616
https://openalex.org/W3124490710
https://openalex.org/W3126908856
https://openalex.org/W3160547931
https://openalex.org/W3164302589
https://openalex.org/W3180355649
https://openalex.org/W3185035262
https://openalex.org/W3209098923
https://openalex.org/W4200269613
https://openalex.org/W1676731661
https://openalex.org/W1968574717
https://openalex.org/W2224819279
https://openalex.org/W2237528222
https://openalex.org/W2286666098
https://openalex.org/W2058571462
https://openalex.org/W2261668122
https://openalex.org/W1501536843
https://openalex.org/W2029523185
https://openalex.org/W2051059054
https://openalex.org/W2134145235
https://openalex.org/W2470041943
https://openalex.org/W4241077445
https://openalex.org/W2036670523
https://openalex.org/W2014488042
https://openalex.org/W2127415224
https://openalex.org/W383685688
https://openalex.org/W2054308755
https://openalex.org/W2261565004
https://openalex.org/W2028796401
https://openalex.org/W2054914609
https://openalex.org/W2066388374
https://openalex.org/W3022674793
https://openalex.org/W1994726973
https://openalex.org/W2140615347
https://openalex.org/W2160413198
https://openalex.org/W2166577713
https://openalex.org/W1479856382
https://openalex.org/W1964479930
https://openalex.org/W1967911108
https://openalex.org/W1969011638
https://openalex.org/W1977896126
https://openalex.org/W2001213091
https://openalex.org/W2016957753
https://openalex.org/W2059148125
https://openalex.org/W2062088396
https://openalex.org/W2064542673
https://openalex.org/W2134944614
https://openalex.org/W2147560724
https://openalex.org/W2341858408
https://openalex.org/W2399965997
https://openalex.org/W2402656548
https://openalex.org/W2439478358
https://openalex.org/W2558793052
https://openalex.org/W2602266902
https://openalex.org/W2613536188
https://openalex.org/W2885842019
https://openalex.org/W2913620181
https://openalex.org/W2970203785
https://openalex.org/W2984168630
https://openalex.org/W2994717138
https://openalex.org/W3001624055
https://openalex.org/W3010163626
https://openalex.org/W3024344051
https://openalex.org/W3032707938
https://openalex.org/W3043058794
https://openalex.org/W3088026078
https://openalex.org/W4205855386
https://openalex.org/W8894008
https://openalex.org/W2411474143
https://openalex.org/W2462640573
https://openalex.org/W2531232968
https://openalex.org/W2562646915
https://openalex.org/W2592705046
https://openalex.org/W2952606941
https://openalex.org/W4239985974
https://openalex.org/W4206777987
https://openalex.org/W4214865227
https://openalex.org/W4220759684
https://openalex.org/W4220863019
https://openalex.org/W4223892755
https://openalex.org/W4249192622
https://openalex.org/W4293073829
https://openalex.org/W4298139555
https://openalex.org/W4307512268
https://openalex.org/W4309348715
https://openalex.org/W4309699911
https://openalex.org/W4310051077
https://openalex.org/W4312326257
https://openalex.org/W1408852861
https://openalex.org/W2037937132
https://openalex.org/W2089821051
https://openalex.org/W2092105909
https://openalex.org/W2411961438
https://openalex.org/W2474355508
https://openalex.org/W2408300131
https://openalex.org/W2100554654
https://openalex.org/W2409928639
https://openalex.org/W2064989937
https://openalex.org/W2950204676
https://openalex.org/W1979750874
https://openalex.org/W1981675071
https://openalex.org/W2117672285
https://openalex.org/W2409237745
https://openalex.org/W1983277351
https://openalex.org/W2004834350
https://openalex.org/W2016765922
https://openalex.org/W2097454662
https://openalex.org/W2292930185
https://openalex.org/W4237635313
https://openalex.org/W2060212850
https://openalex.org/W2134353546
https://openalex.org/W2399533769
https://openalex.org/W39373786
https://openalex.org/W4018506
https://openalex.org/W4230036792
https://openalex.org/W1189774244
https://openalex.org/W1490692730
https://openalex.org/W1509778969
https://openalex.org/W1559478537
https://openalex.org/W1620122642
https://openalex.org/W1934299734
https://openalex.org/W1991246866
https://openalex.org/W2017735446
https://openalex.org/W2071488756
https://openalex.org/W2145569196
https://openalex.org/W2279138697
https://openalex.org/W2317730751
https://openalex.org/W2414844906
https://openalex.org/W2583181025
https://openalex.org/W644275601
https://openalex.org/W1496132847
https://openalex.org/W2105122021
https://openalex.org/W114463985
https://openalex.org/W1979395419
https://openalex.org/W1999111761
https://openalex.org/W2035587648
https://openalex.org/W2036935184
https://openalex.org/W2141687781
https://openalex.org/W2312342335
https://openalex.org/W4243810907
https://openalex.org/W1996364913
https://openalex.org/W2038680138
https://openalex.org/W2069796565
https://openalex.org/W2092403861
https://openalex.org/W2098482691
https://openalex.org/W273648937
https://openalex.org/W1921576060
https://openalex.org/W2012091644
https://openalex.org/W2330134911
https://openalex.org/W581981679
https://openalex.org/W2011076925
https://openalex.org/W2015965641
https://openalex.org/W2016578690
https://openalex.org/W2071051577
https://openalex.org/W2086574756
https://openalex.org/W2416312575
https://openalex.org/W4233972296
https://openalex.org/W173786040
https://openalex.org/W2011189759
https://openalex.org/W2221035225
https://openalex.org/W1990331208
https://openalex.org/W2050980828
https://openalex.org/W2100378881
https://openalex.org/W2168837060
https://openalex.org/W2548224198
https://openalex.org/W2606794437
https://openalex.org/W2612596275
https://openalex.org/W2734265669
https://openalex.org/W2748580921
https://openalex.org/W2750799437
https://openalex.org/W2757732394
https://openalex.org/W2790523345
https://openalex.org/W2793302561
https://openalex.org/W2886581158
https://openalex.org/W2890390545
https://openalex.org/W2903399837
https://openalex.org/W2913931557
https://openalex.org/W2914902734
https://openalex.org/W2917126734
https://openalex.org/W2931185015
https://openalex.org/W2944637773
https://openalex.org/W2974163606
https://openalex.org/W2977527139
https://openalex.org/W2980405548
https://openalex.org/W2981622047
https://openalex.org/W3007673987
https://openalex.org/W3008180766
https://openalex.org/W3017369348
https://openalex.org/W3022551967
https://openalex.org/W3043082565
https://openalex.org/W3049635503
https://openalex.org/W3081333515
https://openalex.org/W3092714375
https://openalex.org/W3119926761
https://openalex.org/W3137456182
https://openalex.org/W3168512677
https://openalex.org/W3192283073
https://openalex.org/W4200322595
https://openalex.org/W2179475340
https://openalex.org/W2182257362
https://openalex.org/W2472499616
https://openalex.org/W2511469554
https://openalex.org/W2530213374
https://openalex.org/W3154607422
https://openalex.org/W4200586590
https://openalex.org/W2337849741
https://openalex.org/W4377023791
https://openalex.org/W4379282614
https://openalex.org/W1994423506
https://openalex.org/W4230960854
https://openalex.org/W67332013
https://openalex.org/W2161791398
https://openalex.org/W2098826614
https://openalex.org/W14598661
https://openalex.org/W2014136596
https://openalex.org/W2144475253
https://openalex.org/W61834665
https://openalex.org/W1971042263
https://openalex.org/W1994563354
https://openalex.org/W2026340313
https://openalex.org/W2062834091
https://openalex.org/W2410592939
https://openalex.org/W77171710
https://openalex.org/W1502359400
https://openalex.org/W1502650628
https://openalex.org/W1546180381
https://openalex.org/W167369680
https://openalex.org/W1936276567
https://openalex.org/W1972593786
https://openalex.org/W1975579941
https://openalex.org/W1990712094
https://openalex.org/W2002660784
https://openalex.org/W2008932519
https://openalex.org/W2013360606
https://openalex.org/W2028800950
https://openalex.org/W2036005602
https://openalex.org/W2039393602
https://openalex.org/W2067968321
https://openalex.org/W2071792381
https://openalex.org/W2079226306
https://openalex.org/W2080356992
https://openalex.org/W2126386135
https://openalex.org/W2168742542
https://openalex.org/W2170349184
https://openalex.org/W2178415122
https://openalex.org/W2195004000
https://openalex.org/W2198662118
https://openalex.org/W2322789790
https://openalex.org/W2408893750
https://openalex.org/W2410332528
https://openalex.org/W2414919524
https://openalex.org/W2415207991
https://openalex.org/W2588615676
https://openalex.org/W2603215498
https://openalex.org/W2745221428
https://openalex.org/W30575619
https://openalex.org/W4242885201
https://openalex.org/W42549329
https://openalex.org/W906203038
https://openalex.org/W2173712524
https://openalex.org/W2414984427
https://openalex.org/W1515982073
https://openalex.org/W2132269462
https://openalex.org/W4315866550
https://openalex.org/W4319839126
https://openalex.org/W4319995611
https://openalex.org/W4320015055
https://openalex.org/W4320403419
https://openalex.org/W4321453933
https://openalex.org/W4321461052
https://openalex.org/W4322762231
https://openalex.org/W4323651686
https://openalex.org/W4360600909
https://openalex.org/W4362560522
https://openalex.org/W4362563806
https://openalex.org/W4362648811
https://openalex.org/W4364352454
https://openalex.org/W4365398498
https://openalex.org/W4365511320
https://openalex.org/W4366690536
https://openalex.org/W4366754107
https://openalex.org/W4367839703
https://openalex.org/W4367856136
https://openalex.org/W4376150572
https://openalex.org/W4376850301
https://openalex.org/W4377101460
https://openalex.org/W4377940115
https://openalex.org/W4378745199
https://openalex.org/W4379285843
https://openalex.org/W4379911846
https://openalex.org/W4380357665
https://openalex.org/W4381125270
https://openalex.org/W4381233955
https://openalex.org/W4381376374
https://openalex.org/W4381376442
https://openalex.org/W4381376486
https://openalex.org/W4381377595
https://openalex.org/W4381737345
https://openalex.org/W4381839066
https://openalex.org/W4382045340
https://openalex.org/W4382402621
https://openalex.org/W4383388289
https://openalex.org/W4384699402
https://openalex.org/W4385421826
https://openalex.org/W4385433306
https://openalex.org/W4385655140
https://openalex.org/W4385956103
https://openalex.org/W4385988866
https://openalex.org/W4386288849
https://openalex.org/W4386443080
https://openalex.org/W4386506507
https://openalex.org/W4386554403
https://openalex.org/W4386563717
https://openalex.org/W4386795917
https://openalex.org/W4386860197
https://openalex.org/W4386913342
https://openalex.org/W4387040102
https://openalex.org/W4387061155
https://openalex.org/W4387097970
https://openalex.org/W4387157063
https://openalex.org/W4387183842
https://openalex.org/W4387246591
https://openalex.org/W4387326791
https://openalex.org/W4387452309
https://openalex.org/W4387814938
https://openalex.org/W4387937033
https://openalex.org/W4388279696
https://openalex.org/W4388300425
https://openalex.org/W4388469662
https://openalex.org/W4388581072
https://openalex.org/W4388689090
https://openalex.org/W4388724639
https://openalex.org/W4388851401
https://openalex.org/W4388876211
https://openalex.org/W4389219593
https://openalex.org/W4389235461
https://openalex.org/W4389360443
https://openalex.org/W4389481646
https://openalex.org/W4389686528
https://openalex.org/W4389689161
https://openalex.org/W4389702922
https://openalex.org/W4389730421
https://openalex.org/W4389833816
https://openalex.org/W4389840611
https://openalex.org/W4390102927
https://openalex.org/W4390104309
https://openalex.org/W4391017306
https://openalex.org/W4391080654
https://openalex.org/W4391081318
https://openalex.org/W4391081348
https://openalex.org/W4391081914
https://openalex.org/W4391081946
https://openalex.org/W4391081995
https://openalex.org/W4391082176
https://openalex.org/W4391082257
https://openalex.org/W4391082264
https://openalex.org/W4391082354
https://openalex.org/W4391082405
https://openalex.org/W4391083813
https://openalex.org/W4391084309
https://openalex.org/W4392410048
https://openalex.org/W4394102340
https://openalex.org/W4394104990
https://openalex.org/W4394326335
https://openalex.org/W4394950877
https://openalex.org/W4395001850
https://openalex.org/W594302684
https://openalex.org/W2003575004
https://openalex.org/W2007492366
https://openalex.org/W2013349768
https://openalex.org/W2585124233
https://openalex.org/W2321304788
https://openalex.org/W2401481594
https://openalex.org/W1964954544
https://openalex.org/W2007108543
https://openalex.org/W2506566208
https://openalex.org/W2049090107
https://openalex.org/W2173468334
https://openalex.org/W2212200994
https://openalex.org/W178157852
https://openalex.org/W2012446878
https://openalex.org/W2058712131
https://openalex.org/W2567121818
https://openalex.org/W2593097196
https://openalex.org/W2642900976
https://openalex.org/W2745723936
https://openalex.org/W2794938888
https://openalex.org/W2996010954
https://openalex.org/W2212691149
https://openalex.org/W2409169156
https://openalex.org/W1966060542
https://openalex.org/W1994123488
https://openalex.org/W2014272686
https://openalex.org/W2030516998
https://openalex.org/W2410104458
https://openalex.org/W2421273815
https://openalex.org/W2436104566
https://openalex.org/W1630469680
https://openalex.org/W2324335596
https://openalex.org/W2428908984
https://openalex.org/W1965438928
https://openalex.org/W2024655910
https://openalex.org/W2060533904
https://openalex.org/W2071853648
https://openalex.org/W2072979378
https://openalex.org/W2087211416
https://openalex.org/W2161879403
https://openalex.org/W2378506007
https://openalex.org/W2401774367
https://openalex.org/W2413108986
https://openalex.org/W2753589425
https://openalex.org/W9540519
https://openalex.org/W1668638685
https://openalex.org/W2001292750
https://openalex.org/W2025720730
https://openalex.org/W2053721698
https://openalex.org/W22622190
https://openalex.org/W2396595528
https://openalex.org/W2404112702
https://openalex.org/W2501177567
https://openalex.org/W2731185868
https://openalex.org/W2787535111
https://openalex.org/W2788500173
https://openalex.org/W2889950174
https://openalex.org/W2893174267
https://openalex.org/W2902417862
https://openalex.org/W2902446920
https://openalex.org/W2944110006
https://openalex.org/W2968302159
https://openalex.org/W2970016085
https://openalex.org/W2977726874
https://openalex.org/W2978814949
https://openalex.org/W2979826695
https://openalex.org/W2985244938
https://openalex.org/W2989611116
https://openalex.org/W3000451323
https://openalex.org/W3005836537
https://openalex.org/W3009689500
https://openalex.org/W3015665447
https://openalex.org/W3021390635
https://openalex.org/W3022815492
https://openalex.org/W3034367399
https://openalex.org/W3049351366
https://openalex.org/W3054553941
https://openalex.org/W3099251987
https://openalex.org/W3111274562
https://openalex.org/W3117568451
https://openalex.org/W3126950716
https://openalex.org/W3159319878
https://openalex.org/W3162652107
https://openalex.org/W3171405949
https://openalex.org/W3200210306
https://openalex.org/W3208319486
https://openalex.org/W3208325520
https://openalex.org/W3214652164
https://openalex.org/W4200337633
https://openalex.org/W4237771280
https://openalex.org/W2311907856
https://openalex.org/W2406251291
https://openalex.org/W2490854321
https://openalex.org/W2516577344
https://openalex.org/W2517626835
https://openalex.org/W2523360361
https://openalex.org/W2893387465
https://openalex.org/W4210349995
https://openalex.org/W4224270317
https://openalex.org/W4224275329
https://openalex.org/W4225134634
https://openalex.org/W4226143111
https://openalex.org/W4229074845
https://openalex.org/W4280519440
https://openalex.org/W4280626130
https://openalex.org/W4285060049
https://openalex.org/W4285408966
https://openalex.org/W4298139741
https://openalex.org/W4386947385
https://openalex.org/W2008194407
https://openalex.org/W2059230289
https://openalex.org/W2101755057
https://openalex.org/W2395170695
https://openalex.org/W46216656
https://openalex.org/W1521721656
https://openalex.org/W2335595425
https://openalex.org/W2463503935
https://openalex.org/W1581428365
https://openalex.org/W2246984378
https://openalex.org/W2018851297
https://openalex.org/W2098225808
https://openalex.org/W2127316368
https://openalex.org/W36588248
https://openalex.org/W1248127880
https://openalex.org/W129225949
https://openalex.org/W1982517417
https://openalex.org/W1988279153
https://openalex.org/W1991184060
https://openalex.org/W1999853766
https://openalex.org/W2007723242
https://openalex.org/W2013778524
https://openalex.org/W2024191566
https://openalex.org/W2043888466
https://openalex.org/W2056761813
https://openalex.org/W2061555452
https://openalex.org/W2109280117
https://openalex.org/W2177509827
https://openalex.org/W2227738759
https://openalex.org/W2279240996
https://openalex.org/W2316819220
https://openalex.org/W2322855525
https://openalex.org/W2330009298
https://openalex.org/W2331991847
https://openalex.org/W2392206550
https://openalex.org/W2404817581
https://openalex.org/W2416753850
https://openalex.org/W2471695250
https://openalex.org/W2570308576
https://openalex.org/W2589479662
https://openalex.org/W2741427268
https://openalex.org/W2797072792
https://openalex.org/W280764149
https://openalex.org/W286181010
https://openalex.org/W299458449
https://openalex.org/W3098052681
https://openalex.org/W3142830682
https://openalex.org/W3193835177
https://openalex.org/W4206662779
https://openalex.org/W4226325098
https://openalex.org/W4229883816
https://openalex.org/W4280496207
https://openalex.org/W57573286
https://openalex.org/W96116990
https://openalex.org/W1981992146
https://openalex.org/W2048056610
https://openalex.org/W2246444005
https://openalex.org/W2036214188
https://openalex.org/W193798829
https://openalex.org/W1988739552
https://openalex.org/W2025353601
https://openalex.org/W2053912894
https://openalex.org/W2077803956
https://openalex.org/W2085029902
https://openalex.org/W2093718044
https://openalex.org/W2094202927
https://openalex.org/W2137693032
https://openalex.org/W2403165067
https://openalex.org/W644430135
https://openalex.org/W1437354014
https://openalex.org/W1584085178
https://openalex.org/W1966125407
https://openalex.org/W1989103462
https://openalex.org/W2004179834
https://openalex.org/W2015638864
https://openalex.org/W2060205156
https://openalex.org/W2060637570
https://openalex.org/W2067168163
https://openalex.org/W2073192409
https://openalex.org/W2102295458
https://openalex.org/W2167104498
https://openalex.org/W2313318794
https://openalex.org/W2322663720
https://openalex.org/W2349127270
https://openalex.org/W2468308244
https://openalex.org/W2468580109
https://openalex.org/W2594398233
https://openalex.org/W2594666084
https://openalex.org/W2605608959
https://openalex.org/W2737157220
https://openalex.org/W2742392855
https://openalex.org/W2758397052
https://openalex.org/W2765860319
https://openalex.org/W2963963528
https://openalex.org/W2977678447
https://openalex.org/W2990578971
https://openalex.org/W3084930914
https://openalex.org/W3112797616
https://openalex.org/W4205868967
https://openalex.org/W862540486
https://openalex.org/W1977029060
https://openalex.org/W2131164894
https://openalex.org/W2157685290
https://openalex.org/W2360127664
https://openalex.org/W2409943439
https://openalex.org/W1593340001
https://openalex.org/W2050744366
https://openalex.org/W2051245187
https://openalex.org/W2059858611
https://openalex.org/W2102708388
https://openalex.org/W2198712308
https://openalex.org/W224670999
https://openalex.org/W2559424534
https://openalex.org/W31175085
https://openalex.org/W2073616495
https://openalex.org/W2407359950
https://openalex.org/W1536348656
https://openalex.org/W1613749085
https://openalex.org/W1806892727
https://openalex.org/W1972224138
https://openalex.org/W1996616829
https://openalex.org/W2019217761
https://openalex.org/W2033962245
https://openalex.org/W2098243191
https://openalex.org/W2202776734
https://openalex.org/W2373514943
https://openalex.org/W2392795757
https://openalex.org/W2413570379
https://openalex.org/W2416113394
https://openalex.org/W2558365110
https://openalex.org/W2810690042
https://openalex.org/W2882991359
https://openalex.org/W2888888905
https://openalex.org/W2899758927
https://openalex.org/W2906353175
https://openalex.org/W2917282379
https://openalex.org/W2922160790
https://openalex.org/W2971469649
https://openalex.org/W2979257533
https://openalex.org/W1974904521
https://openalex.org/W2053858602
https://openalex.org/W2087668312
https://openalex.org/W2129567889
https://openalex.org/W2430263937
https://openalex.org/W2405744100
https://openalex.org/W2211633782
https://openalex.org/W2072425322
https://openalex.org/W2084250665
https://openalex.org/W2134170881
https://openalex.org/W2811210032
https://openalex.org/W2912216602
https://openalex.org/W2933398990
https://openalex.org/W2943319386
https://openalex.org/W2944692041
https://openalex.org/W2963889001
https://openalex.org/W2970861989
https://openalex.org/W2971070090
https://openalex.org/W2975380600
https://openalex.org/W2982057091
https://openalex.org/W3012127456
https://openalex.org/W3015265620
https://openalex.org/W3025005635
https://openalex.org/W3037322354
https://openalex.org/W3042206804
https://openalex.org/W3085171686
https://openalex.org/W3093025736
https://openalex.org/W3093170247
https://openalex.org/W3098645600
https://openalex.org/W3135856911
https://openalex.org/W3165900789
https://openalex.org/W3186822997
https://openalex.org/W4237880217
https://openalex.org/W4251824653
https://openalex.org/W4252530342
https://openalex.org/W1978888282
https://openalex.org/W1992935394
https://openalex.org/W1993343301
https://openalex.org/W2029307707
https://openalex.org/W2331889556
https://openalex.org/W2412717529
https://openalex.org/W4241181799
https://openalex.org/W1975245321
https://openalex.org/W2000712198
https://openalex.org/W2004595849
https://openalex.org/W2059667841
https://openalex.org/W2061519964
https://openalex.org/W2146665825
https://openalex.org/W2315827222
https://openalex.org/W2325296798
https://openalex.org/W2411431444
https://openalex.org/W2764604811
https://openalex.org/W2081843653
https://openalex.org/W2406885105
https://openalex.org/W2415347555
https://openalex.org/W2463643002
https://openalex.org/W2937431919
https://openalex.org/W3190638102
https://openalex.org/W3196450431
https://openalex.org/W3206545945
https://openalex.org/W3208743763
https://openalex.org/W3211238542
https://openalex.org/W3212157597
https://openalex.org/W3214530750
https://openalex.org/W4200324705
https://openalex.org/W4200399274
https://openalex.org/W4245750330
https://openalex.org/W7561882
https://openalex.org/W1569578131
https://openalex.org/W2308520763
https://openalex.org/W2324693105
https://openalex.org/W2339793373
https://openalex.org/W107807545
https://openalex.org/W1521432695
https://openalex.org/W2411970571
https://openalex.org/W3006966058
https://openalex.org/W1496688333
https://openalex.org/W1969633948
https://openalex.org/W2029111158
https://openalex.org/W2063187837
https://openalex.org/W2070695697
https://openalex.org/W2112523985
https://openalex.org/W2123766467
https://openalex.org/W2337674316
https://openalex.org/W2412821169
https://openalex.org/W2413566076
https://openalex.org/W2416155689
https://openalex.org/W2993998604
https://openalex.org/W604417552
https://openalex.org/W625193630
https://openalex.org/W2007731421
https://openalex.org/W2136045211
https://openalex.org/W2197643855
https://openalex.org/W2237049169
https://openalex.org/W2399410386
https://openalex.org/W2409131077
https://openalex.org/W2418049704
https://openalex.org/W2588818577
https://openalex.org/W2595527434
https://openalex.org/W3016022383
https://openalex.org/W3102334742
https://openalex.org/W34513271
https://openalex.org/W979828020
https://openalex.org/W1967178407
https://openalex.org/W1978664864
https://openalex.org/W1997332931
https://openalex.org/W2016619018
https://openalex.org/W2026878224
https://openalex.org/W2395334706
https://openalex.org/W2414858806
https://openalex.org/W2416413085
https://openalex.org/W2419315719
https://openalex.org/W4244393032
https://openalex.org/W2009637436
https://openalex.org/W2098325764
https://openalex.org/W4235621125
https://openalex.org/W4250384801
https://openalex.org/W1496909221
https://openalex.org/W1528467729
https://openalex.org/W1559397904
https://openalex.org/W1561205521
https://openalex.org/W1567308430
https://openalex.org/W1589062505
https://openalex.org/W1598952263
https://openalex.org/W1638501801
https://openalex.org/W1670556884
https://openalex.org/W1729258942
https://openalex.org/W1772138475
https://openalex.org/W178417303
https://openalex.org/W1964278082
https://openalex.org/W1964653631
https://openalex.org/W1967949516
https://openalex.org/W1970447981
https://openalex.org/W1979020239
https://openalex.org/W1990177232
https://openalex.org/W1992963211
https://openalex.org/W1993264822
https://openalex.org/W2009819114
https://openalex.org/W2024575322
https://openalex.org/W2032387651
https://openalex.org/W2050591093
https://openalex.org/W2074683908
https://openalex.org/W2101645343
https://openalex.org/W2115385108
https://openalex.org/W2137686621
https://openalex.org/W2156104210
https://openalex.org/W2161697745
https://openalex.org/W2170383946
https://openalex.org/W2175581520
https://openalex.org/W2184000595
https://openalex.org/W2184831522
https://openalex.org/W2187995832
https://openalex.org/W2188878790
https://openalex.org/W2198238629
https://openalex.org/W2211980800
https://openalex.org/W2248447260
https://openalex.org/W2261104890
https://openalex.org/W2272216949
https://openalex.org/W2291990609
https://openalex.org/W2310817331
https://openalex.org/W2315994442
https://openalex.org/W2317858873
https://openalex.org/W2319912872
https://openalex.org/W2321895388
https://openalex.org/W2322259939
https://openalex.org/W2324937872
https://openalex.org/W2326172433
https://openalex.org/W2327769580
https://openalex.org/W2329376918
https://openalex.org/W2331354657
https://openalex.org/W2332528259
https://openalex.org/W2339301025
https://openalex.org/W2340168753
https://openalex.org/W2347109902
https://openalex.org/W2355936033
https://openalex.org/W2366158935
https://openalex.org/W2376796821
https://openalex.org/W2381494753
https://openalex.org/W2387897890
https://openalex.org/W2390216263
https://openalex.org/W2408692267
https://openalex.org/W2415261172
https://openalex.org/W2416103355
https://openalex.org/W2416771389
https://openalex.org/W2419028424
https://openalex.org/W2464954517
https://openalex.org/W2467557326
https://openalex.org/W2467884591
https://openalex.org/W2469667894
https://openalex.org/W2480750522
https://openalex.org/W2495860892
https://openalex.org/W2501677548
https://openalex.org/W2504969344
https://openalex.org/W2511569070
https://openalex.org/W2541480640
https://openalex.org/W2563627394
https://openalex.org/W2596174515
https://openalex.org/W2612169037
https://openalex.org/W2616654146
https://openalex.org/W2620020926
https://openalex.org/W2624085377
https://openalex.org/W2725918154
https://openalex.org/W2728165951
https://openalex.org/W2735118618
https://openalex.org/W2739603357
https://openalex.org/W2744155058
https://openalex.org/W2744494178
https://openalex.org/W2744846993
https://openalex.org/W2746757133
https://openalex.org/W2746837792
https://openalex.org/W2747364320
https://openalex.org/W2747796962
https://openalex.org/W2749872911
https://openalex.org/W2751858811
https://openalex.org/W2752961110
https://openalex.org/W2757114776
https://openalex.org/W2771184848
https://openalex.org/W2772213287
https://openalex.org/W2772412430
https://openalex.org/W2773424537
https://openalex.org/W2773532284
https://openalex.org/W2773665760
https://openalex.org/W2773753554
https://openalex.org/W2774077670
https://openalex.org/W2775798788
https://openalex.org/W2790085529
https://openalex.org/W2794743198
https://openalex.org/W2802853566
https://openalex.org/W2804423465
https://openalex.org/W2805468023
https://openalex.org/W2905758906
https://openalex.org/W2937116999
https://openalex.org/W2941084482
https://openalex.org/W2941456861
https://openalex.org/W2972345279
https://openalex.org/W2973548174
https://openalex.org/W2978914220
https://openalex.org/W2992387995
https://openalex.org/W2994090308
https://openalex.org/W3021573561
https://openalex.org/W3023090430
https://openalex.org/W3028928135
https://openalex.org/W3030612732
https://openalex.org/W3034251731
https://openalex.org/W3034833529
https://openalex.org/W3040891012
https://openalex.org/W3043180613
https://openalex.org/W3083080624
https://openalex.org/W3124791881
https://openalex.org/W3143058734
https://openalex.org/W3146467795
https://openalex.org/W3148010391
https://openalex.org/W3148644053
https://openalex.org/W3151663714
https://openalex.org/W3152189405
https://openalex.org/W3157834966
https://openalex.org/W3166791352
https://openalex.org/W3177923185
https://openalex.org/W3182872526
https://openalex.org/W3202131918
https://openalex.org/W331324071
https://openalex.org/W4207021346
https://openalex.org/W4230830560
https://openalex.org/W4247002564
https://openalex.org/W4247263853
https://openalex.org/W4252330026
https://openalex.org/W4394349716
https://openalex.org/W76577410
https://openalex.org/W1966900914
https://openalex.org/W1981453503
https://openalex.org/W2082345002
https://openalex.org/W2171132463
https://openalex.org/W2314660266
https://openalex.org/W4251608011
https://openalex.org/W1601484169
https://openalex.org/W2036608727
https://openalex.org/W2327993271
https://openalex.org/W2419288825
https://openalex.org/W3038804207
https://openalex.org/W70788140
https://openalex.org/W1044370432
https://openalex.org/W12924222
https://openalex.org/W135429244
https://openalex.org/W146657533
https://openalex.org/W1495618296
https://openalex.org/W1571160088
https://openalex.org/W159477698
https://openalex.org/W1605203091
https://openalex.org/W1605444957
https://openalex.org/W1611124823
https://openalex.org/W1967845228
https://openalex.org/W1969393311
https://openalex.org/W1974139565
https://openalex.org/W1980408888
https://openalex.org/W198522820
https://openalex.org/W1987510430
https://openalex.org/W1991366992
https://openalex.org/W2010638386
https://openalex.org/W2014634203
https://openalex.org/W2017374231
https://openalex.org/W2021680659
https://openalex.org/W2026346411
https://openalex.org/W2037908203
https://openalex.org/W2039382782
https://openalex.org/W2062844362
https://openalex.org/W2068100957
https://openalex.org/W2069051078
https://openalex.org/W2087417478
https://openalex.org/W2089019682
https://openalex.org/W2091376131
https://openalex.org/W2093047204
https://openalex.org/W2108730433
https://openalex.org/W2121107320
https://openalex.org/W2128323636
https://openalex.org/W2136828046
https://openalex.org/W2140442195
https://openalex.org/W2164780526
https://openalex.org/W2170360709
https://openalex.org/W2182619713
https://openalex.org/W2184757354
https://openalex.org/W2243121153
https://openalex.org/W2268537972
https://openalex.org/W22807143
https://openalex.org/W2282137929
https://openalex.org/W2301282317
https://openalex.org/W230877779
https://openalex.org/W2312909609
https://openalex.org/W2315227425
https://openalex.org/W2315453266
https://openalex.org/W23200482
https://openalex.org/W2320221519
https://openalex.org/W2322247520
https://openalex.org/W2323281355
https://openalex.org/W2323479783
https://openalex.org/W2330089970
https://openalex.org/W2333233689
https://openalex.org/W2335602326
https://openalex.org/W2350561325
https://openalex.org/W2355635501
https://openalex.org/W2356181196
https://openalex.org/W2359241694
https://openalex.org/W2363956836
https://openalex.org/W2364247403
https://openalex.org/W2366035137
https://openalex.org/W2369996748
https://openalex.org/W2370186160
https://openalex.org/W2370424385
https://openalex.org/W2372362258
https://openalex.org/W2385843451
https://openalex.org/W2390021385
https://openalex.org/W2392091488
https://openalex.org/W2397805777
https://openalex.org/W2399563253
https://openalex.org/W2405491498
https://openalex.org/W2406204330
https://openalex.org/W2411589362
https://openalex.org/W2413946913
https://openalex.org/W2419124541
https://openalex.org/W2443711467
https://openalex.org/W2482008690
https://openalex.org/W2489894906
https://openalex.org/W2498250374
https://openalex.org/W2541737989
https://openalex.org/W2556621162
https://openalex.org/W2561415706
https://openalex.org/W2592292071
https://openalex.org/W2595797252
https://openalex.org/W2598848283
https://openalex.org/W2602797254
https://openalex.org/W2603433053
https://openalex.org/W2611555961
https://openalex.org/W2613499465
https://openalex.org/W2687708239
https://openalex.org/W2712432986
https://openalex.org/W2737266264
https://openalex.org/W2744997881
https://openalex.org/W2747463098
https://openalex.org/W2748844760
https://openalex.org/W2754178713
https://openalex.org/W28476958
https://openalex.org/W28850495
https://openalex.org/W2913417838
https://openalex.org/W2914949395
https://openalex.org/W2922252176
https://openalex.org/W2922475133
https://openalex.org/W2941093908
https://openalex.org/W2941710852
https://openalex.org/W2944487617
https://openalex.org/W2969055845
https://openalex.org/W2970073683
https://openalex.org/W2970402974
https://openalex.org/W2977651806
https://openalex.org/W2979069217
https://openalex.org/W2998442328
https://openalex.org/W3029652189
https://openalex.org/W3031575108
https://openalex.org/W3049278284
https://openalex.org/W3139755634
https://openalex.org/W3141539657
https://openalex.org/W3147840899
https://openalex.org/W3148385639
https://openalex.org/W3150255236
https://openalex.org/W3150479264
https://openalex.org/W385438487
https://openalex.org/W414870345
https://openalex.org/W4232550382
https://openalex.org/W4235253057
https://openalex.org/W4236631138
https://openalex.org/W4238137762
https://openalex.org/W4253194537
https://openalex.org/W4255839538
https://openalex.org/W4376570319
https://openalex.org/W563755808
https://openalex.org/W625882177
https://openalex.org/W82750076
https://openalex.org/W91697677
https://openalex.org/W978323824
https://openalex.org/W1999778286
https://openalex.org/W2050641923
https://openalex.org/W4243822898
https://openalex.org/W4290142812
https://openalex.org/W1515612885
https://openalex.org/W1977842445
https://openalex.org/W2041789871
https://openalex.org/W2062451249
https://openalex.org/W2064225085
https://openalex.org/W2091922691
https://openalex.org/W2115606953
https://openalex.org/W2115627368
https://openalex.org/W2168372947
https://openalex.org/W2265908560
https://openalex.org/W2332154373
https://openalex.org/W2337601150
https://openalex.org/W2406314084
https://openalex.org/W2414080110
https://openalex.org/W2462795767
https://openalex.org/W4237531492
https://openalex.org/W4241695634
https://openalex.org/W1509744920
https://openalex.org/W1515047314
https://openalex.org/W1566517782
https://openalex.org/W1569620935
https://openalex.org/W1574276095
https://openalex.org/W1601186462
https://openalex.org/W1734426423
https://openalex.org/W192992054
https://openalex.org/W1996617514
https://openalex.org/W1997703611
https://openalex.org/W2003179476
https://openalex.org/W2003775794
https://openalex.org/W2012292765
https://openalex.org/W2020734024
https://openalex.org/W2031043344
https://openalex.org/W2051176322
https://openalex.org/W2076396056
https://openalex.org/W2079125714
https://openalex.org/W2082250936
https://openalex.org/W2123623840
https://openalex.org/W2136823169
https://openalex.org/W2164821745
https://openalex.org/W2169568350
https://openalex.org/W2182000532
https://openalex.org/W2241595218
https://openalex.org/W2243299951
https://openalex.org/W2273187531
https://openalex.org/W2278109564
https://openalex.org/W2281685292
https://openalex.org/W2283017959
https://openalex.org/W2288992855
https://openalex.org/W2358826228
https://openalex.org/W2365273430
https://openalex.org/W2370129049
https://openalex.org/W2385258206
https://openalex.org/W2388482625
https://openalex.org/W2398548149
https://openalex.org/W2546178943
https://openalex.org/W2566603211
https://openalex.org/W2578383972
https://openalex.org/W2580496698
https://openalex.org/W2581445362
https://openalex.org/W2585685550
https://openalex.org/W2588815098
https://openalex.org/W2589075128
https://openalex.org/W2589700114
https://openalex.org/W2593111347
https://openalex.org/W2608209822
https://openalex.org/W2612090086
https://openalex.org/W2614029487
https://openalex.org/W2618484445
https://openalex.org/W2620881495
https://openalex.org/W2645216945
https://openalex.org/W2675566715
https://openalex.org/W2708180446
https://openalex.org/W2709069043
https://openalex.org/W2729328926
https://openalex.org/W2743572911
https://openalex.org/W2747134784
https://openalex.org/W2757468034
https://openalex.org/W2762110215
https://openalex.org/W2762338104
https://openalex.org/W2766964692
https://openalex.org/W2768560884
https://openalex.org/W2771967732
https://openalex.org/W2780385080
https://openalex.org/W2782498595
https://openalex.org/W2790141252
https://openalex.org/W2794453566
https://openalex.org/W2794568907
https://openalex.org/W2799691595
https://openalex.org/W2799878826
https://openalex.org/W2805283744
https://openalex.org/W2809682501
https://openalex.org/W284183541
https://openalex.org/W2912897940
https://openalex.org/W2915363835
https://openalex.org/W2921627695
https://openalex.org/W2922057221
https://openalex.org/W2950466636
https://openalex.org/W2972644544
https://openalex.org/W2984747816
https://openalex.org/W2989889360
https://openalex.org/W2990001093
https://openalex.org/W2990043188
https://openalex.org/W2990401126
https://openalex.org/W2990464603
https://openalex.org/W2990468505
https://openalex.org/W2990640288
https://openalex.org/W2990858236
https://openalex.org/W2991174800
https://openalex.org/W2991639391
https://openalex.org/W2991792385
https://openalex.org/W2991845509
https://openalex.org/W2991894270
https://openalex.org/W2993968127
https://openalex.org/W3000831583
https://openalex.org/W3021604250
https://openalex.org/W3028695167
https://openalex.org/W3029928477
https://openalex.org/W3036601962
https://openalex.org/W3041786602
https://openalex.org/W3042130870
https://openalex.org/W3044067478
https://openalex.org/W3141232171
https://openalex.org/W3141642317
https://openalex.org/W3148152350
https://openalex.org/W3148244553
https://openalex.org/W3148797056
https://openalex.org/W3150115786
https://openalex.org/W3150590782
https://openalex.org/W3151139243
https://openalex.org/W3151857867
https://openalex.org/W3161356376
https://openalex.org/W3175774761
https://openalex.org/W3183411050
https://openalex.org/W3198348702
https://openalex.org/W3202243286
https://openalex.org/W3204583752
https://openalex.org/W42008166
https://openalex.org/W4205892961
https://openalex.org/W4234789380
https://openalex.org/W4236510117
https://openalex.org/W4244218591
https://openalex.org/W4301232006
https://openalex.org/W4380762867
https://openalex.org/W4391738277
https://openalex.org/W53744315
https://openalex.org/W766639844
https://openalex.org/W2026983968
https://openalex.org/W2461388024
https://openalex.org/W2555028356
https://openalex.org/W103316693
https://openalex.org/W115035518
https://openalex.org/W118328040
https://openalex.org/W12280632
https://openalex.org/W127081478
https://openalex.org/W128872716
https://openalex.org/W1474288541
https://openalex.org/W1525049428
https://openalex.org/W152536646
https://openalex.org/W1540617340
https://openalex.org/W1541336409
https://openalex.org/W1558287847
https://openalex.org/W1755515699
https://openalex.org/W1780700446
https://openalex.org/W1970996517
https://openalex.org/W1978639045
https://openalex.org/W1992286135
https://openalex.org/W1994736128
https://openalex.org/W202080212
https://openalex.org/W2021052034
https://openalex.org/W2034348904
https://openalex.org/W2037169178
https://openalex.org/W2044845165
https://openalex.org/W2052026782
https://openalex.org/W2054288012
https://openalex.org/W2066503
https://openalex.org/W2088962268
https://openalex.org/W2090385538
https://openalex.org/W2099460163
https://openalex.org/W2103896716
https://openalex.org/W2105951810
https://openalex.org/W2111766500
https://openalex.org/W2155185395
https://openalex.org/W2168047337
https://openalex.org/W2185900042
https://openalex.org/W2186783117
https://openalex.org/W2249283300
https://openalex.org/W2298068974
https://openalex.org/W2305636389
https://openalex.org/W2350779594
https://openalex.org/W2353678406
https://openalex.org/W2364106473
https://openalex.org/W2368209780
https://openalex.org/W2374817283
https://openalex.org/W2376774503
https://openalex.org/W2379975216
https://openalex.org/W2386324642
https://openalex.org/W2386626911
https://openalex.org/W2388299313
https://openalex.org/W2392583500
https://openalex.org/W2574972294
https://openalex.org/W2598478532
https://openalex.org/W2605991318
https://openalex.org/W2740242169
https://openalex.org/W2744094595
https://openalex.org/W2951969082
https://openalex.org/W2978551691
https://openalex.org/W3029065278
https://openalex.org/W3030861218
https://openalex.org/W3031570582
https://openalex.org/W3031691466
https://openalex.org/W3042838042
https://openalex.org/W3140013194
https://openalex.org/W3144216470
https://openalex.org/W3150786761
https://openalex.org/W3175451737
https://openalex.org/W339894006
https://openalex.org/W358284873
https://openalex.org/W4200008540
https://openalex.org/W4212816706
https://openalex.org/W4220779810
https://openalex.org/W4221062838
https://openalex.org/W4225696850
https://openalex.org/W4226317902
https://openalex.org/W4229335637
https://openalex.org/W4243233090
https://openalex.org/W4251042249
https://openalex.org/W4280562198
https://openalex.org/W4280594647
https://openalex.org/W4281254716
https://openalex.org/W4281655889
https://openalex.org/W4281992625
https://openalex.org/W4283579451
https://openalex.org/W4283807620
https://openalex.org/W4284964740
https://openalex.org/W4285231260
https://openalex.org/W4285298801
https://openalex.org/W4289734424
https://openalex.org/W4294811760
https://openalex.org/W4296385492
https://openalex.org/W4299355455
https://openalex.org/W4303194992
https://openalex.org/W4304756223
https://openalex.org/W4306178736
https://openalex.org/W4307558509
https://openalex.org/W4308923766
https://openalex.org/W4311115657
https://openalex.org/W4312360556
https://openalex.org/W4312631680
https://openalex.org/W4312928274
https://openalex.org/W4313135021
https://openalex.org/W4316081203
https://openalex.org/W4318827439
https://openalex.org/W433813
https://openalex.org/W4388376873
https://openalex.org/W573875084
https://openalex.org/W596976983
https://openalex.org/W630492486
https://openalex.org/W638361206
https://openalex.org/W87801528
https://openalex.org/W951863499
https://openalex.org/W1983612133
https://openalex.org/W2004508694
https://openalex.org/W2005942091
https://openalex.org/W2012232345
https://openalex.org/W2087401286
https://openalex.org/W2273005738
https://openalex.org/W2406030484
https://openalex.org/W2410049824
https://openalex.org/W2418166255
https://openalex.org/W2423281168
https://openalex.org/W2437095512
https://openalex.org/W4230184276
https://openalex.org/W4239258671
https://openalex.org/W4243324418
https://openalex.org/W4247378157
https://openalex.org/W1511277570
https://openalex.org/W1603381228
https://openalex.org/W176021296
https://openalex.org/W187425080
https://openalex.org/W195445090
https://openalex.org/W1966455810
https://openalex.org/W2001270582
https://openalex.org/W2015385906
https://openalex.org/W2047379082
https://openalex.org/W2060234957
https://openalex.org/W2080651865
https://openalex.org/W2091195179
https://openalex.org/W2115087192
https://openalex.org/W2246163850
https://openalex.org/W2326738371
https://openalex.org/W2341480579
https://openalex.org/W2356008568
https://openalex.org/W2365728530
https://openalex.org/W2391392188
https://openalex.org/W2392468463
https://openalex.org/W2403759875
https://openalex.org/W2403923289
https://openalex.org/W2413688469
https://openalex.org/W2416963925
https://openalex.org/W2422396459
https://openalex.org/W2508363147
https://openalex.org/W2562904573
https://openalex.org/W2613138297
https://openalex.org/W2784885277
https://openalex.org/W2793706373
https://openalex.org/W2797884398
https://openalex.org/W2799286171
https://openalex.org/W2802653123
https://openalex.org/W2802890376
https://openalex.org/W2803910936
https://openalex.org/W2804263822
https://openalex.org/W2808476803
https://openalex.org/W2808695330
https://openalex.org/W2883150051
https://openalex.org/W2883522293
https://openalex.org/W2883948435
https://openalex.org/W2884126466
https://openalex.org/W2886217671
https://openalex.org/W2886966914
https://openalex.org/W2889383746
https://openalex.org/W2889771841
https://openalex.org/W2890248297
https://openalex.org/W2894629870
https://openalex.org/W2897199452
https://openalex.org/W2898601882
https://openalex.org/W2900429730
https://openalex.org/W2901762339
https://openalex.org/W2903802146
https://openalex.org/W2907028453
https://openalex.org/W2914327608
https://openalex.org/W2914993929
https://openalex.org/W2916217702
https://openalex.org/W2923530384
https://openalex.org/W2925029218
https://openalex.org/W2939204354
https://openalex.org/W2948002294
https://openalex.org/W2953835548
https://openalex.org/W2957786022
https://openalex.org/W2959314401
https://openalex.org/W2966086063
https://openalex.org/W2966594089
https://openalex.org/W2969282162
https://openalex.org/W2969691427
https://openalex.org/W2970209638
https://openalex.org/W2970476519
https://openalex.org/W2970504595
https://openalex.org/W2970951030
https://openalex.org/W2971035281
https://openalex.org/W2971058718
https://openalex.org/W2971089994
https://openalex.org/W2971098903
https://openalex.org/W2972555552
https://openalex.org/W2972608993
https://openalex.org/W2972796156
https://openalex.org/W2974241213
https://openalex.org/W2974608816
https://openalex.org/W2978276854
https://openalex.org/W2978313246
https://openalex.org/W2981402605
https://openalex.org/W2981864254
https://openalex.org/W2982540235
https://openalex.org/W2984324552
https://openalex.org/W2984680648
https://openalex.org/W2988577889
https://openalex.org/W2988768520
https://openalex.org/W2989785184
https://openalex.org/W2990124787
https://openalex.org/W2990199462
https://openalex.org/W2990356594
https://openalex.org/W2990399410
https://openalex.org/W2991221639
https://openalex.org/W2991654213
https://openalex.org/W2992251479
https://openalex.org/W2993666276
https://openalex.org/W2994142784
https://openalex.org/W2995786329
https://openalex.org/W2997776470
https://openalex.org/W2999273570
https://openalex.org/W2999625640
https://openalex.org/W3002800030
https://openalex.org/W3004288148
https://openalex.org/W3004496381
https://openalex.org/W3006044393
https://openalex.org/W3010519216
https://openalex.org/W3012105611
https://openalex.org/W3012345291
https://openalex.org/W3027242860
https://openalex.org/W3027476524
https://openalex.org/W3032915646
https://openalex.org/W3039607909
https://openalex.org/W3041559719
https://openalex.org/W3048399476
https://openalex.org/W3048701091
https://openalex.org/W3048789978
https://openalex.org/W3080495420
https://openalex.org/W3086862857
https://openalex.org/W3095904298
https://openalex.org/W3125662370
https://openalex.org/W3126893595
https://openalex.org/W3135360421
https://openalex.org/W3155548804
https://openalex.org/W3162001563
https://openalex.org/W3162761619
https://openalex.org/W3163009677
https://openalex.org/W3166168154
https://openalex.org/W3174045469
https://openalex.org/W3176513329
https://openalex.org/W3182887708
https://openalex.org/W3185479225
https://openalex.org/W31917342
https://openalex.org/W3216208687
https://openalex.org/W4231430581
https://openalex.org/W4240046103
https://openalex.org/W4245248082
https://openalex.org/W4246453845
https://openalex.org/W4246734836
https://openalex.org/W4246875142
https://openalex.org/W4255080732
https://openalex.org/W4388891659
https://openalex.org/W4389436843
https://openalex.org/W4394476873
https://openalex.org/W482501160
https://openalex.org/W555320
https://openalex.org/W1997071070
https://openalex.org/W2005348960
https://openalex.org/W2051524073
https://openalex.org/W2056368695
https://openalex.org/W2068793844
https://openalex.org/W2079204639
https://openalex.org/W2314891093
https://openalex.org/W2403715476
https://openalex.org/W2414976077
https://openalex.org/W2473491275
https://openalex.org/W3010317640
https://openalex.org/W4232401425
https://openalex.org/W4244815953
https://openalex.org/W1501935737
https://openalex.org/W1864085415
https://openalex.org/W187933174
https://openalex.org/W194065073
https://openalex.org/W1966401771
https://openalex.org/W1982772773
https://openalex.org/W1988235077
https://openalex.org/W1993577437
https://openalex.org/W1994653572
https://openalex.org/W1998949374
https://openalex.org/W2055684664
https://openalex.org/W2066022277
https://openalex.org/W2096907748
https://openalex.org/W2107318657
https://openalex.org/W2122535966
https://openalex.org/W2137231445
https://openalex.org/W2147423851
https://openalex.org/W2189145343
https://openalex.org/W2267056010
https://openalex.org/W2272698001
https://openalex.org/W23130344
https://openalex.org/W2349458764
https://openalex.org/W2362216658
https://openalex.org/W2368995586
https://openalex.org/W2375243813
https://openalex.org/W2375945580
https://openalex.org/W2378032989
https://openalex.org/W23980234
https://openalex.org/W2406866633
https://openalex.org/W2411640050
https://openalex.org/W2412600354
https://openalex.org/W2415627578
https://openalex.org/W2444364649
https://openalex.org/W2578856516
https://openalex.org/W2788928662
https://openalex.org/W2790792340
https://openalex.org/W2918982250
https://openalex.org/W2960640860
https://openalex.org/W3005560276
https://openalex.org/W3006658144
https://openalex.org/W3011029049
https://openalex.org/W3013088418
https://openalex.org/W3013417652
https://openalex.org/W3014847735
https://openalex.org/W3017466713
https://openalex.org/W3025009770
https://openalex.org/W3028374415
https://openalex.org/W3029294435
https://openalex.org/W3029384732
https://openalex.org/W3030479065
https://openalex.org/W3030497249
https://openalex.org/W3040108128
https://openalex.org/W3042035688
https://openalex.org/W3044522857
https://openalex.org/W3045478077
https://openalex.org/W3048374830
https://openalex.org/W3082863310
https://openalex.org/W3088373757
https://openalex.org/W3090187363
https://openalex.org/W3092780221
https://openalex.org/W3095043379
https://openalex.org/W3095309332
https://openalex.org/W3095338321
https://openalex.org/W3107407428
https://openalex.org/W3108953030
https://openalex.org/W3110873206
https://openalex.org/W3113091462
https://openalex.org/W3116473674
https://openalex.org/W3130482801
https://openalex.org/W3130903509
https://openalex.org/W3133183121
https://openalex.org/W3135237381
https://openalex.org/W3158938623
https://openalex.org/W3159510900
https://openalex.org/W3165825277
https://openalex.org/W3180220444
https://openalex.org/W3181325758
https://openalex.org/W3197227821
https://openalex.org/W3198020617
https://openalex.org/W3208254327
https://openalex.org/W4205218028
https://openalex.org/W4232611943
https://openalex.org/W4235705105
https://openalex.org/W4238226584
https://openalex.org/W4242383056
https://openalex.org/W4246610959
https://openalex.org/W4249499554
https://openalex.org/W4253297552
https://openalex.org/W4256561737
https://openalex.org/W599474362
https://openalex.org/W1971408085
https://openalex.org/W1977991384
https://openalex.org/W205128197
https://openalex.org/W2135736129
https://openalex.org/W2398753573
https://openalex.org/W2417397826
https://openalex.org/W2422769013
https://openalex.org/W2425155172
https://openalex.org/W1480323273
https://openalex.org/W1495083979
https://openalex.org/W1525997232
https://openalex.org/W1587825292
https://openalex.org/W1607084603
https://openalex.org/W1831816318
https://openalex.org/W2024112285
https://openalex.org/W2043808453
https://openalex.org/W2044629742
https://openalex.org/W2087444349
https://openalex.org/W2134191667
https://openalex.org/W2158620946
https://openalex.org/W2282872688
https://openalex.org/W2379452298
https://openalex.org/W2384474800
https://openalex.org/W2412256637
https://openalex.org/W2460420572
https://openalex.org/W24643427
https://openalex.org/W2589088928
https://openalex.org/W2590847380
https://openalex.org/W2626279301
https://openalex.org/W2700290961
https://openalex.org/W2704237156
https://openalex.org/W2896505976
https://openalex.org/W2977533151
https://openalex.org/W2995730808
https://openalex.org/W3122260630
https://openalex.org/W563181052
https://openalex.org/W73615586
https://openalex.org/W1660946612
https://openalex.org/W1670265405
https://openalex.org/W1987713378
https://openalex.org/W2036546201
https://openalex.org/W2112532675
https://openalex.org/W2115820756
https://openalex.org/W2170164738
https://openalex.org/W2206366021
https://openalex.org/W2228107047
https://openalex.org/W2265897308
https://openalex.org/W2363717590
https://openalex.org/W2389931389
https://openalex.org/W2394088870
https://openalex.org/W2401700288
https://openalex.org/W2407789377
https://openalex.org/W2409115180
https://openalex.org/W2414426972
https://openalex.org/W2428528503
https://openalex.org/W2790682882
https://openalex.org/W2796534516
https://openalex.org/W2952185620
https://openalex.org/W2952904678
https://openalex.org/W3088573611
https://openalex.org/W3094242087
https://openalex.org/W3127764079
https://openalex.org/W3128722458
https://openalex.org/W3129895684
https://openalex.org/W3133884728
https://openalex.org/W3135282237
https://openalex.org/W3138486154
https://openalex.org/W3143565215
https://openalex.org/W3145038037
https://openalex.org/W3147726356
https://openalex.org/W3154795188
https://openalex.org/W3158301769
https://openalex.org/W3163458862
https://openalex.org/W3164670306
https://openalex.org/W3164777134
https://openalex.org/W3166797515
https://openalex.org/W3170362638
https://openalex.org/W3170813034
https://openalex.org/W3171498390
https://openalex.org/W3175183441
https://openalex.org/W3175802146
https://openalex.org/W3180895812
https://openalex.org/W3183548843
https://openalex.org/W3185982755
https://openalex.org/W3190483745
https://openalex.org/W3195236769
https://openalex.org/W3198204900
https://openalex.org/W3198752635
https://openalex.org/W3204594627
https://openalex.org/W3204792558
https://openalex.org/W3206234099
https://openalex.org/W3208630030
https://openalex.org/W3210020564
https://openalex.org/W3210301770
https://openalex.org/W3210333930
https://openalex.org/W3210353269
https://openalex.org/W3210958179
https://openalex.org/W3212153370
https://openalex.org/W3212821300
https://openalex.org/W3216730591
https://openalex.org/W3217362131
https://openalex.org/W4200094042
https://openalex.org/W4200407280
https://openalex.org/W4200450676
https://openalex.org/W4206150485
https://openalex.org/W4229847634
https://openalex.org/W4244994316
https://openalex.org/W4285416349
https://openalex.org/W4285482249
https://openalex.org/W4285482445
https://openalex.org/W4393751500
https://openalex.org/W4394033878
https://openalex.org/W4394051239
https://openalex.org/W4394498406
https://openalex.org/W120237175
https://openalex.org/W1564075958
https://openalex.org/W164762138
https://openalex.org/W1988540387
https://openalex.org/W2040308952
https://openalex.org/W205170143
https://openalex.org/W2054154944
https://openalex.org/W2071865850
https://openalex.org/W2089613364
https://openalex.org/W2106363709
https://openalex.org/W2138104061
https://openalex.org/W2317179831
https://openalex.org/W2320955663
https://openalex.org/W2323167469
https://openalex.org/W2328284200
https://openalex.org/W2328578965
https://openalex.org/W2350509719
https://openalex.org/W2358791870
https://openalex.org/W2363762139
https://openalex.org/W2365068804
https://openalex.org/W2376119242
https://openalex.org/W2481691366
https://openalex.org/W2561043437
https://openalex.org/W2930094070
https://openalex.org/W2951769437
https://openalex.org/W2952111433
https://openalex.org/W2952382544
https://openalex.org/W2952558864
https://openalex.org/W2952825750
https://openalex.org/W2953034986
https://openalex.org/W3022124653
https://openalex.org/W3039017925
https://openalex.org/W3040257291
https://openalex.org/W3158398060
https://openalex.org/W3182429167
https://openalex.org/W4247163236
https://openalex.org/W4250843954
https://openalex.org/W4300909877
https://openalex.org/W4390560255
https://openalex.org/W826015120
https://openalex.org/W226476140
https://openalex.org/W2270924977
https://openalex.org/W2411528404
https://openalex.org/W2918342827
https://openalex.org/W104342921
https://openalex.org/W159239139
https://openalex.org/W1680806387
https://openalex.org/W1968283821
https://openalex.org/W2000319969
https://openalex.org/W2035602706
https://openalex.org/W2039257836
https://openalex.org/W206559715
https://openalex.org/W2267709674
https://openalex.org/W2289065322
https://openalex.org/W2325374527
https://openalex.org/W2349082160
https://openalex.org/W2360810540
https://openalex.org/W2379323550
https://openalex.org/W2396211353
https://openalex.org/W2406323699
https://openalex.org/W2590206653
https://openalex.org/W2949268510
https://openalex.org/W2951426720
https://openalex.org/W3023594195
https://openalex.org/W357518686
https://openalex.org/W4205530753
https://openalex.org/W4231548097
https://openalex.org/W4248902195
https://openalex.org/W4251463492
https://openalex.org/W4254657589
https://openalex.org/W605919107
https://openalex.org/W619435395
https://openalex.org/W1512795236
https://openalex.org/W1965897283
https://openalex.org/W1975264714
https://openalex.org/W1980588323
https://openalex.org/W1985910330
https://openalex.org/W1993419071
https://openalex.org/W2012875136
https://openalex.org/W2019564353
https://openalex.org/W2023138471
https://openalex.org/W2031950491
https://openalex.org/W2036255262
https://openalex.org/W2039602110
https://openalex.org/W2056277255
https://openalex.org/W2059211215
https://openalex.org/W2060184750
https://openalex.org/W2091306795
https://openalex.org/W2290778053
https://openalex.org/W2302078522
https://openalex.org/W2332117940
https://openalex.org/W2334953240
https://openalex.org/W2404215490
https://openalex.org/W2411118701
https://openalex.org/W2412253807
https://openalex.org/W2416439357
https://openalex.org/W2417943884
https://openalex.org/W2420848333
https://openalex.org/W2495385414
https://openalex.org/W2511518497
https://openalex.org/W2516306168
https://openalex.org/W2737890480
https://openalex.org/W2740471203
https://openalex.org/W2890021778
https://openalex.org/W2951308384
https://openalex.org/W2975223533
https://openalex.org/W3038818632
https://openalex.org/W3039661042
https://openalex.org/W3137049630
https://openalex.org/W4229699640
https://openalex.org/W4238041942
https://openalex.org/W4247704079
https://openalex.org/W167697563
https://openalex.org/W1966538594
https://openalex.org/W197339410
https://openalex.org/W1992808342
https://openalex.org/W2072929421
https://openalex.org/W2158249383
https://openalex.org/W2248138840
https://openalex.org/W2270085026
https://openalex.org/W2329424973
https://openalex.org/W2418658290
https://openalex.org/W2425704079
https://openalex.org/W2471600285
https://openalex.org/W2479123280
https://openalex.org/W2529334524
https://openalex.org/W2534401185
https://openalex.org/W2620763061
https://openalex.org/W2625290053
https://openalex.org/W2889438208
https://openalex.org/W2903518268
https://openalex.org/W2987425914
https://openalex.org/W3013412116
https://openalex.org/W3127437125
https://openalex.org/W3146509076
https://openalex.org/W3159279234
https://openalex.org/W4252160885
https://openalex.org/W981525321
https://openalex.org/W139703164
https://openalex.org/W147517487
https://openalex.org/W1557239831
https://openalex.org/W1574602619
https://openalex.org/W1666219401
https://openalex.org/W1987210942
https://openalex.org/W1990199671
https://openalex.org/W1992838610
https://openalex.org/W2001920362
https://openalex.org/W2013862485
https://openalex.org/W2017289715
https://openalex.org/W2024696007
https://openalex.org/W2033444687
https://openalex.org/W2036506815
https://openalex.org/W2036664468
https://openalex.org/W2057136546
https://openalex.org/W2071321496
https://openalex.org/W207892205
https://openalex.org/W2082207561
https://openalex.org/W2085843023
https://openalex.org/W2090256794
https://openalex.org/W2092629953
https://openalex.org/W2097672319
https://openalex.org/W2097992358
https://openalex.org/W2099271494
https://openalex.org/W2246336064
https://openalex.org/W2254770435
https://openalex.org/W2320589844
https://openalex.org/W2336277007
https://openalex.org/W2396448189
https://openalex.org/W2404746937
https://openalex.org/W2409174047
https://openalex.org/W2410131101
https://openalex.org/W2410699121
https://openalex.org/W2413042640
https://openalex.org/W2414123583
https://openalex.org/W2416812363
https://openalex.org/W2442980724
https://openalex.org/W2460635737
https://openalex.org/W2460822608
https://openalex.org/W2481103658
https://openalex.org/W2486695471
https://openalex.org/W2490908444
https://openalex.org/W2497381466
https://openalex.org/W2615988763
https://openalex.org/W2884461983
https://openalex.org/W2888900993
https://openalex.org/W2921587781
https://openalex.org/W2921991753
https://openalex.org/W2927038789
https://openalex.org/W2996716275
https://openalex.org/W3005897337
https://openalex.org/W3021807337
https://openalex.org/W3022759297
https://openalex.org/W3033718087
https://openalex.org/W3083957329
https://openalex.org/W3094949799
https://openalex.org/W3210324209
https://openalex.org/W4206439464
https://openalex.org/W4231998518
https://openalex.org/W4232364033
https://openalex.org/W4234394263
https://openalex.org/W4234708566
https://openalex.org/W4234893613
https://openalex.org/W4242375584
https://openalex.org/W4254062679
https://openalex.org/W654738791
https://openalex.org/W825743267
https://openalex.org/W2138595885
https://openalex.org/W2080504768
https://openalex.org/W4255683973
https://openalex.org/W2982303713
https://openalex.org/W2153664287
https://openalex.org/W2599276599
https://openalex.org/W1935541780
https://openalex.org/W2049609735
https://openalex.org/W2334200141
https://openalex.org/W2118738743
https://openalex.org/W2110141704
https://openalex.org/W2035343180
https://openalex.org/W2151560640
https://openalex.org/W2063898537
https://openalex.org/W1993945290
https://openalex.org/W2128491464
https://openalex.org/W2162485829
https://openalex.org/W2315152253
https://openalex.org/W2036610808
https://openalex.org/W2530115453
https://openalex.org/W1481564836
https://openalex.org/W1586763410
https://openalex.org/W2151347057
https://openalex.org/W2067809229
https://openalex.org/W1976482369
https://openalex.org/W2025639667
https://openalex.org/W4211217504
https://openalex.org/W4237543851
https://openalex.org/W2038533833
https://openalex.org/W2153558008
https://openalex.org/W2912913457
https://openalex.org/W2554580516
https://openalex.org/W2149724818
https://openalex.org/W1992795892
https://openalex.org/W2062951145
https://openalex.org/W2093728612
https://openalex.org/W2092930252
https://openalex.org/W2049209075
https://openalex.org/W2410089930
https://openalex.org/W2096102243
https://openalex.org/W1997565067
https://openalex.org/W2037148599
https://openalex.org/W2100293053
https://openalex.org/W2053056001
https://openalex.org/W2145463329
https://openalex.org/W2116194748
https://openalex.org/W2078761761
https://openalex.org/W2766519591
https://openalex.org/W2559999038
https://openalex.org/W283165560
https://openalex.org/W2138023339
https://openalex.org/W2055084844
https://openalex.org/W3023141957
https://openalex.org/W2024896152
https://openalex.org/W2380988490
https://openalex.org/W3036803938
https://openalex.org/W2024432480
https://openalex.org/W2324393204
https://openalex.org/W3003426268
https://openalex.org/W3095909202
https://openalex.org/W3173710414
https://openalex.org/W3009386543
https://openalex.org/W3037564140
https://openalex.org/W3136012160
https://openalex.org/W3159940075
https://openalex.org/W4210368247
https://openalex.org/W4214617036
https://openalex.org/W4214579017
https://openalex.org/W4318779478
https://openalex.org/W4206718430
https://openalex.org/W4306408627
https://openalex.org/W4382918478
https://openalex.org/W4389816153
https://openalex.org/W4390577789
https://openalex.org/W3016015592
https://openalex.org/W2006033475
https://openalex.org/W2111135913
https://openalex.org/W2159256284
https://openalex.org/W2006036490
https://openalex.org/W2058389700
https://openalex.org/W2262251960
https://openalex.org/W2143202928
https://openalex.org/W1905906989
https://openalex.org/W2158267391
https://openalex.org/W2102546792
https://openalex.org/W2013048291
https://openalex.org/W2159685035
https://openalex.org/W2125486570
https://openalex.org/W2161900691
https://openalex.org/W1843453924
https://openalex.org/W2018587767
https://openalex.org/W1495582545
https://openalex.org/W2096743264
https://openalex.org/W2075609357
https://openalex.org/W2032551896
https://openalex.org/W2077751490
https://openalex.org/W2144417832
https://openalex.org/W207118996
https://openalex.org/W1972283434
https://openalex.org/W2058979413
https://openalex.org/W2066006150
https://openalex.org/W2075207411
https://openalex.org/W2084421885
https://openalex.org/W1917085797
https://openalex.org/W1981221600
https://openalex.org/W2023909272
https://openalex.org/W2074723317
https://openalex.org/W2086558996
https://openalex.org/W2104151418
https://openalex.org/W2040850442
https://openalex.org/W1499259786
https://openalex.org/W2317199730
https://openalex.org/W1906530659
https://openalex.org/W2139716595
https://openalex.org/W1963701446
https://openalex.org/W1868479675
https://openalex.org/W2002140553
https://openalex.org/W1973674165
https://openalex.org/W1977295445
https://openalex.org/W1971900596
https://openalex.org/W1984748997
https://openalex.org/W2105186755
https://openalex.org/W2058220175
https://openalex.org/W2067408425
https://openalex.org/W2087263011
https://openalex.org/W2022020819
https://openalex.org/W2089222249
https://openalex.org/W1782939833
https://openalex.org/W2094012249
https://openalex.org/W2336030880
https://openalex.org/W1557415260
https://openalex.org/W2056725654
https://openalex.org/W2141307029
https://openalex.org/W2275383285
https://openalex.org/W2483260420
https://openalex.org/W2021130630
https://openalex.org/W2416633777
https://openalex.org/W2107251918
https://openalex.org/W2107367362
https://openalex.org/W2461458897
https://openalex.org/W2006496064
https://openalex.org/W1981154777
https://openalex.org/W2109001066
https://openalex.org/W2254345040
https://openalex.org/W2098208011
https://openalex.org/W1789224823
https://openalex.org/W2314637310
https://openalex.org/W1579311705
https://openalex.org/W2537986190
https://openalex.org/W1849517704
https://openalex.org/W2154764714
https://openalex.org/W2133437356
https://openalex.org/W2058800494
https://openalex.org/W2088058798
https://openalex.org/W2105019574
https://openalex.org/W2529977718
https://openalex.org/W2808694334
https://openalex.org/W1271926320
https://openalex.org/W1700609558
https://openalex.org/W2312905989
https://openalex.org/W2200801731
https://openalex.org/W1984122059
https://openalex.org/W2018693735
https://openalex.org/W1964021416
https://openalex.org/W2586696391
https://openalex.org/W2024179311
https://openalex.org/W2504377459
https://openalex.org/W2752182706
https://openalex.org/W2792861393
https://openalex.org/W2905365489
https://openalex.org/W3017082538
https://openalex.org/W3021491427
https://openalex.org/W2096254843
https://openalex.org/W2559236277
https://openalex.org/W2644131026
https://openalex.org/W2963720324
https://openalex.org/W4206310953
https://openalex.org/W2756347264
https://openalex.org/W2922719888
https://openalex.org/W2802488938
https://openalex.org/W2285402383
https://openalex.org/W2286519782
https://openalex.org/W2647028854
https://openalex.org/W3111471842
https://openalex.org/W2801287522
https://openalex.org/W2805595805
https://openalex.org/W2920938533
https://openalex.org/W2886750200
https://openalex.org/W2911488608
https://openalex.org/W2958211329
https://openalex.org/W3039555118
https://openalex.org/W3197410690
https://openalex.org/W2979912832
https://openalex.org/W3158861843
https://openalex.org/W4214508112
https://openalex.org/W4311767233
https://openalex.org/W4283765787
https://openalex.org/W4213174503
https://openalex.org/W4290802666
https://openalex.org/W4220759592
https://openalex.org/W4386609550
https://openalex.org/W4318320757
https://openalex.org/W2095357364
https://openalex.org/W2165050427
https://openalex.org/W136206523
https://openalex.org/W1738645663
https://openalex.org/W127746953
https://openalex.org/W2129034527
https://openalex.org/W1988821601
https://openalex.org/W2080378860
https://openalex.org/W1797007315
https://openalex.org/W2010045412
https://openalex.org/W2035624040
https://openalex.org/W2038455918
https://openalex.org/W2044967573
https://openalex.org/W2001149062
https://openalex.org/W2065405843
https://openalex.org/W2065063783
https://openalex.org/W1757115607
https://openalex.org/W2253620059
https://openalex.org/W1968041475
https://openalex.org/W1984102166
https://openalex.org/W2039208569
https://openalex.org/W2058760208
https://openalex.org/W1991028764
https://openalex.org/W2172003275
https://openalex.org/W2411321078
https://openalex.org/W2063051635
https://openalex.org/W2082458039
https://openalex.org/W2009287101
https://openalex.org/W2318541103
https://openalex.org/W1977591100
https://openalex.org/W2003627577
https://openalex.org/W2102139362
https://openalex.org/W2006671022
https://openalex.org/W2020353068
https://openalex.org/W2035275282
https://openalex.org/W2114358266
https://openalex.org/W2052972364
https://openalex.org/W4250944084
https://openalex.org/W2003171100
https://openalex.org/W2131995312
https://openalex.org/W2171588936
https://openalex.org/W2597606998
https://openalex.org/W2040359168
https://openalex.org/W2119620003
https://openalex.org/W1492940396
https://openalex.org/W2023150413
https://openalex.org/W2010742890
https://openalex.org/W1971535688
https://openalex.org/W2110571187
https://openalex.org/W1512405047
https://openalex.org/W2077735209
https://openalex.org/W1990517195
https://openalex.org/W2141537593
https://openalex.org/W1970964036
https://openalex.org/W2136105871
https://openalex.org/W2009857663
https://openalex.org/W2018910795
https://openalex.org/W1976011248
https://openalex.org/W1981046650
https://openalex.org/W2153662628
https://openalex.org/W2032982863
https://openalex.org/W2001008758
https://openalex.org/W2002525399
https://openalex.org/W2009691322
https://openalex.org/W2129915926
https://openalex.org/W2121877929
https://openalex.org/W2049603020
https://openalex.org/W2069902792
https://openalex.org/W2032366312
https://openalex.org/W2024036444
https://openalex.org/W2121670538
https://openalex.org/W1997239133
https://openalex.org/W2066394436
https://openalex.org/W2134002152
https://openalex.org/W1524146737
https://openalex.org/W2234893047
https://openalex.org/W2520206930
https://openalex.org/W2071688954
https://openalex.org/W2611680298
https://openalex.org/W2024484582
https://openalex.org/W2315860036
https://openalex.org/W2015309726
https://openalex.org/W2340000371
https://openalex.org/W2507901651
https://openalex.org/W2558237908
https://openalex.org/W2735862946
https://openalex.org/W2613781965
https://openalex.org/W2109619078
https://openalex.org/W2553732142
https://openalex.org/W2781991155
https://openalex.org/W2914036135
https://openalex.org/W2563144416
https://openalex.org/W2767841922
https://openalex.org/W2910027874
https://openalex.org/W2400873988
https://openalex.org/W2792367547
https://openalex.org/W2791387005
https://openalex.org/W2996053699
https://openalex.org/W2972615392
https://openalex.org/W3119304629
https://openalex.org/W4206997229
https://openalex.org/W4206468930
https://openalex.org/W1987748364
https://openalex.org/W4362497425
https://openalex.org/W4323661634
https://openalex.org/W4390583886
https://openalex.org/W4392662191
https://openalex.org/W2129173665
https://openalex.org/W4238829088
https://openalex.org/W1989262969
https://openalex.org/W188092000
https://openalex.org/W2032856781
https://openalex.org/W2036354783
https://openalex.org/W2044659370
https://openalex.org/W2515364124
https://openalex.org/W2269139791
https://openalex.org/W1973227219
https://openalex.org/W1974852811
https://openalex.org/W1917226481
https://openalex.org/W1004236300
https://openalex.org/W2072972852
https://openalex.org/W2037220141
https://openalex.org/W2130447745
https://openalex.org/W2016160143
https://openalex.org/W2152471060
https://openalex.org/W2171941560
https://openalex.org/W2047786730
https://openalex.org/W2149417821
https://openalex.org/W1994732268
https://openalex.org/W1971439170
https://openalex.org/W1981700569
https://openalex.org/W2060191879
https://openalex.org/W2020911362
https://openalex.org/W2148055289
https://openalex.org/W1596754732
https://openalex.org/W2052265237
https://openalex.org/W1559377530
https://openalex.org/W2064340380
https://openalex.org/W2007228157
https://openalex.org/W2019783003
https://openalex.org/W2035404108
https://openalex.org/W2037463725
https://openalex.org/W2091451657
https://openalex.org/W2082215896
https://openalex.org/W1980761629
https://openalex.org/W1994006788
https://openalex.org/W1955094421
https://openalex.org/W2050786374
https://openalex.org/W2417030729
https://openalex.org/W2395692099
https://openalex.org/W2035765716
https://openalex.org/W2070460996
https://openalex.org/W2076076303
https://openalex.org/W1517009499
https://openalex.org/W1980926507
https://openalex.org/W2016868469
https://openalex.org/W2154039198
https://openalex.org/W2116380600
https://openalex.org/W932508888
https://openalex.org/W2070654145
https://openalex.org/W2135989296
https://openalex.org/W2735972988
https://openalex.org/W2071922399
https://openalex.org/W2433943400
https://openalex.org/W2889175017
https://openalex.org/W2175194472
https://openalex.org/W1970057472
https://openalex.org/W2791776602
https://openalex.org/W2758538645
https://openalex.org/W2167424771
https://openalex.org/W2924767318
https://openalex.org/W2597744619
https://openalex.org/W2617205121
https://openalex.org/W2791238394
https://openalex.org/W2972244512
https://openalex.org/W2898850852
https://openalex.org/W3017944100
https://openalex.org/W2902251105
https://openalex.org/W2943279636
https://openalex.org/W2991448883
https://openalex.org/W3093924638
https://openalex.org/W3119127838
https://openalex.org/W3123651126
https://openalex.org/W3173426006
https://openalex.org/W3183630488
https://openalex.org/W3118920003
https://openalex.org/W3127061703
https://openalex.org/W3196716685
https://openalex.org/W4226340259
https://openalex.org/W4309185978
https://openalex.org/W4379744020
https://openalex.org/W4385445156
https://openalex.org/W145337992
https://openalex.org/W2127930531
https://openalex.org/W1803368891
https://openalex.org/W1975358045
https://openalex.org/W2028151610
https://openalex.org/W2328520840
https://openalex.org/W1515761395
https://openalex.org/W2134629593
https://openalex.org/W2106573465
https://openalex.org/W1989174478
https://openalex.org/W2021782426
https://openalex.org/W2095966074
https://openalex.org/W1982527376
https://openalex.org/W2160129731
https://openalex.org/W2022553406
https://openalex.org/W2118526547
https://openalex.org/W2018954579
https://openalex.org/W2054893296
https://openalex.org/W1583701394
https://openalex.org/W1966790550
https://openalex.org/W2041433124
https://openalex.org/W2089577433
https://openalex.org/W2091494901
https://openalex.org/W2101371955
https://openalex.org/W2086618645
https://openalex.org/W2090330762
https://openalex.org/W1964706721
https://openalex.org/W2024115835
https://openalex.org/W2050017936
https://openalex.org/W2057456466
https://openalex.org/W2018413926
https://openalex.org/W2020854288
https://openalex.org/W2068995466
https://openalex.org/W2080965841
https://openalex.org/W2081855991
https://openalex.org/W2156103494
https://openalex.org/W1548712825
https://openalex.org/W1994547647
https://openalex.org/W2014964400
https://openalex.org/W2340083213
https://openalex.org/W2007508216
https://openalex.org/W2058237928
https://openalex.org/W2072285589
https://openalex.org/W2081106241
https://openalex.org/W2082724006
https://openalex.org/W2092586894
https://openalex.org/W1523144738
https://openalex.org/W1981977212
https://openalex.org/W1984007196
https://openalex.org/W1985896548
https://openalex.org/W2093040625
https://openalex.org/W2108330437
https://openalex.org/W1561447878
https://openalex.org/W1965859682
https://openalex.org/W1966526032
https://openalex.org/W1974251353
https://openalex.org/W1990506000
https://openalex.org/W2154217668
https://openalex.org/W1970908837
https://openalex.org/W1993052687
https://openalex.org/W2025287460
https://openalex.org/W2065851478
https://openalex.org/W1997141932
https://openalex.org/W2075656894
https://openalex.org/W1975013859
https://openalex.org/W2106339484
https://openalex.org/W1972648144
https://openalex.org/W2035006306
https://openalex.org/W2095280352
https://openalex.org/W1975496190
https://openalex.org/W2014602512
https://openalex.org/W2138591909
https://openalex.org/W2119733997
https://openalex.org/W2068542855
https://openalex.org/W2079695479
https://openalex.org/W2119598815
https://openalex.org/W2066345249
https://openalex.org/W2146457461
https://openalex.org/W2132987776
https://openalex.org/W1988531571
https://openalex.org/W2101772297
https://openalex.org/W2189683173
https://openalex.org/W1947057196
https://openalex.org/W2756086179
https://openalex.org/W2149681415
https://openalex.org/W2482937796
https://openalex.org/W2606459372
https://openalex.org/W2919377211
https://openalex.org/W2739191486
https://openalex.org/W2802143982
https://openalex.org/W2941437497
https://openalex.org/W2993534970
https://openalex.org/W2964980511
https://openalex.org/W2979331888
https://openalex.org/W2998414876
https://openalex.org/W3014844306
https://openalex.org/W3023179304
https://openalex.org/W3086293783
https://openalex.org/W3090180101
https://openalex.org/W3103155967
https://openalex.org/W3009916786
https://openalex.org/W3022202977
https://openalex.org/W3088465282
https://openalex.org/W4214806325
https://openalex.org/W3159862285
https://openalex.org/W3190537960
https://openalex.org/W4229070163
https://openalex.org/W4224058961
https://openalex.org/W4282973117
https://openalex.org/W3125904353
https://openalex.org/W4322500813
https://openalex.org/W4381853381
https://openalex.org/W2053135322
https://openalex.org/W2079557541
https://openalex.org/W2129482748
https://openalex.org/W4302772633
https://openalex.org/W2161924983
https://openalex.org/W1996979904
https://openalex.org/W155020461
https://openalex.org/W2011703019
https://openalex.org/W2119588279
https://openalex.org/W1979797741
https://openalex.org/W2021531746
https://openalex.org/W2073398681
https://openalex.org/W2160289739
https://openalex.org/W1980004316
https://openalex.org/W1997057448
https://openalex.org/W2114671956
https://openalex.org/W2132501168
https://openalex.org/W2243641547
https://openalex.org/W2411582113
https://openalex.org/W1996912787
https://openalex.org/W2144979894
https://openalex.org/W2071280821
https://openalex.org/W2072398441
https://openalex.org/W2121056827
https://openalex.org/W1844155670
https://openalex.org/W2012804955
https://openalex.org/W2071438678
https://openalex.org/W2162825616
https://openalex.org/W2161621615
https://openalex.org/W1949980229
https://openalex.org/W2164147551
https://openalex.org/W2550633476
https://openalex.org/W2033621756
https://openalex.org/W2065079081
https://openalex.org/W2113533422
https://openalex.org/W1768088721
https://openalex.org/W2095854555
https://openalex.org/W2077731194
https://openalex.org/W1966478765
https://openalex.org/W2030545696
https://openalex.org/W2036591018
https://openalex.org/W2051923943
https://openalex.org/W2172180906
https://openalex.org/W1992383626
https://openalex.org/W2030158804
https://openalex.org/W2105351790
https://openalex.org/W2043846588
https://openalex.org/W2062790749
https://openalex.org/W2073595786
https://openalex.org/W2140238922
https://openalex.org/W1528128291
https://openalex.org/W1933709061
https://openalex.org/W1976889521
https://openalex.org/W2078402380
https://openalex.org/W327980714
https://openalex.org/W2003761818
https://openalex.org/W2070010470
https://openalex.org/W2170100354
https://openalex.org/W1985421657
https://openalex.org/W2100982363
https://openalex.org/W2134458920
https://openalex.org/W2149014685
https://openalex.org/W2152068353
https://openalex.org/W2156428357
https://openalex.org/W2029134100
https://openalex.org/W2048103922
https://openalex.org/W1967163102
https://openalex.org/W2051897756
https://openalex.org/W2051357399
https://openalex.org/W2041871820
https://openalex.org/W2286198611
https://openalex.org/W2172223236
https://openalex.org/W2077550964
https://openalex.org/W2106376569
https://openalex.org/W1982376537
https://openalex.org/W2054710078
https://openalex.org/W2063081197
https://openalex.org/W2086450990
https://openalex.org/W2056983369
https://openalex.org/W2168409553
https://openalex.org/W2003877091
https://openalex.org/W2041115786
https://openalex.org/W2067725825
https://openalex.org/W1912748512
https://openalex.org/W2123785079
https://openalex.org/W1573064034
https://openalex.org/W1975200152
https://openalex.org/W2102988506
https://openalex.org/W2198731292
https://openalex.org/W2286695651
https://openalex.org/W2408545705
https://openalex.org/W2742138330
https://openalex.org/W2609742636
https://openalex.org/W2567847178
https://openalex.org/W2625144143
https://openalex.org/W2739164330
https://openalex.org/W2927210275
https://openalex.org/W2914842070
https://openalex.org/W2981649126
https://openalex.org/W2908169428
https://openalex.org/W3016127315
https://openalex.org/W3034566037
https://openalex.org/W3092593057
https://openalex.org/W3138768105
https://openalex.org/W3103387340
https://openalex.org/W3153403996
https://openalex.org/W3161014913
https://openalex.org/W3199382643
https://openalex.org/W3209433616
https://openalex.org/W4382065089
https://openalex.org/W4382281223
https://openalex.org/W4386634745
https://openalex.org/W1992032346
https://openalex.org/W2036311524
https://openalex.org/W2088571496
https://openalex.org/W2141289674
https://openalex.org/W2158510501
https://openalex.org/W1993840237
https://openalex.org/W2016717501
https://openalex.org/W2130704441
https://openalex.org/W2132208474
https://openalex.org/W1991857376
https://openalex.org/W1994411794
https://openalex.org/W2012467251
https://openalex.org/W2104977496
https://openalex.org/W2160831398
https://openalex.org/W2413689718
https://openalex.org/W1980229311
https://openalex.org/W2037395740
https://openalex.org/W2039771683
https://openalex.org/W2153942338
https://openalex.org/W2063094626
https://openalex.org/W1975002231
https://openalex.org/W2013538281
https://openalex.org/W2052680247
https://openalex.org/W2056538653
https://openalex.org/W2060922881
https://openalex.org/W2005713744
https://openalex.org/W2065572971
https://openalex.org/W2002987136
https://openalex.org/W2028732741
https://openalex.org/W1856289993
https://openalex.org/W1985608652
https://openalex.org/W2017959250
https://openalex.org/W2417517420
https://openalex.org/W2087571995
https://openalex.org/W1991200687
https://openalex.org/W2003992736
https://openalex.org/W2150123386
https://openalex.org/W2002728401
https://openalex.org/W1988674688
https://openalex.org/W1993686441
https://openalex.org/W2009159125
https://openalex.org/W2043451211
https://openalex.org/W1676288580
https://openalex.org/W2012503386
https://openalex.org/W1990083348
https://openalex.org/W2061809406
https://openalex.org/W2079635869
https://openalex.org/W2115038579
https://openalex.org/W2020919422
https://openalex.org/W2062288891
https://openalex.org/W2058982581
https://openalex.org/W2094702515
https://openalex.org/W2147222647
https://openalex.org/W2085716654
https://openalex.org/W2014300222
https://openalex.org/W2015738554
https://openalex.org/W2038675757
https://openalex.org/W4242142220
https://openalex.org/W1618647659
https://openalex.org/W1904899082
https://openalex.org/W2022794417
https://openalex.org/W2067433459
https://openalex.org/W2073737601
https://openalex.org/W2020429995
https://openalex.org/W1980337610
https://openalex.org/W1982328542
https://openalex.org/W2143419083
https://openalex.org/W2172861931
https://openalex.org/W2163965847
https://openalex.org/W2285364033
https://openalex.org/W2793831706
https://openalex.org/W81297576
https://openalex.org/W2278773312
https://openalex.org/W2282402897
https://openalex.org/W2893882276
https://openalex.org/W2274847426
https://openalex.org/W2294106478
https://openalex.org/W2504451459
https://openalex.org/W2605922583
https://openalex.org/W2619444431
https://openalex.org/W2789311121
https://openalex.org/W2965914903
https://openalex.org/W2900577399
https://openalex.org/W2911702384
https://openalex.org/W2999664506
https://openalex.org/W3108456002
https://openalex.org/W3165595125
https://openalex.org/W3172554084
https://openalex.org/W3154151365
https://openalex.org/W4213327263
https://openalex.org/W4283707701
https://openalex.org/W3215872583
https://openalex.org/W4283158434
https://openalex.org/W4312067469
https://openalex.org/W4214606723
https://openalex.org/W4313405543
https://openalex.org/W4360914205
https://openalex.org/W4385220477
https://openalex.org/W2041348987
https://openalex.org/W2090630705
https://openalex.org/W2340098149
https://openalex.org/W1249439018
https://openalex.org/W1983863797
https://openalex.org/W2013113693
https://openalex.org/W2030586260
https://openalex.org/W2044961400
https://openalex.org/W2049830294
https://openalex.org/W1498501198
https://openalex.org/W2036038911
https://openalex.org/W2025794817
https://openalex.org/W2086882772
https://openalex.org/W2091494101
https://openalex.org/W2188650473
https://openalex.org/W2232133231
https://openalex.org/W1969718554
https://openalex.org/W2036113168
https://openalex.org/W2082926377
https://openalex.org/W1989584428
https://openalex.org/W2010991444
https://openalex.org/W2184229176
https://openalex.org/W2024990517
https://openalex.org/W2011535831
https://openalex.org/W2033260357
https://openalex.org/W2051272634
https://openalex.org/W1965695621
https://openalex.org/W1993516334
https://openalex.org/W2025023425
https://openalex.org/W2039740829
https://openalex.org/W2073246892
https://openalex.org/W2087311829
https://openalex.org/W2089962798
https://openalex.org/W1504551819
https://openalex.org/W1969934521
https://openalex.org/W2015792167
https://openalex.org/W2019266556
https://openalex.org/W2047820537
https://openalex.org/W2087348837
https://openalex.org/W2158304489
https://openalex.org/W2009032360
https://openalex.org/W2089214315
https://openalex.org/W1979809993
https://openalex.org/W1985359290
https://openalex.org/W1994695323
https://openalex.org/W2107637449
https://openalex.org/W2138927381
https://openalex.org/W2141182193
https://openalex.org/W263811687
https://openalex.org/W1967934438
https://openalex.org/W1985787385
https://openalex.org/W2031733145
https://openalex.org/W2067194293
https://openalex.org/W2153775430
https://openalex.org/W2016837018
https://openalex.org/W2027325997
https://openalex.org/W2433647539
https://openalex.org/W2025207495
https://openalex.org/W2135761291
https://openalex.org/W2415837337
https://openalex.org/W2951238607
https://openalex.org/W2047574069
https://openalex.org/W2105740844
https://openalex.org/W1727907506
https://openalex.org/W1968465588
https://openalex.org/W2019409300
https://openalex.org/W2135261289
https://openalex.org/W2138749140
https://openalex.org/W2140246516
https://openalex.org/W2161981908
https://openalex.org/W1992295662
https://openalex.org/W2076401395
https://openalex.org/W2156594438
https://openalex.org/W2168941899
https://openalex.org/W2019701250
https://openalex.org/W2029118152
https://openalex.org/W2073487360
https://openalex.org/W2951004697
https://openalex.org/W1560541802
https://openalex.org/W2012466399
https://openalex.org/W2006687972
https://openalex.org/W2062261483
https://openalex.org/W2086360593
https://openalex.org/W2111333053
https://openalex.org/W1983573496
https://openalex.org/W1986095071
https://openalex.org/W1990553375
https://openalex.org/W2031747278
https://openalex.org/W2057386606
https://openalex.org/W2057815534
https://openalex.org/W2118669252
https://openalex.org/W2131873765
https://openalex.org/W2135355494
https://openalex.org/W1966211734
https://openalex.org/W1994850546
https://openalex.org/W2159688593
https://openalex.org/W2148388739
https://openalex.org/W2547634679
https://openalex.org/W2769432452
https://openalex.org/W2805924354
https://openalex.org/W2907472689
https://openalex.org/W2522388964
https://openalex.org/W2907776834
https://openalex.org/W3002062518
https://openalex.org/W3017712815
https://openalex.org/W3116791773
https://openalex.org/W3014984338
https://openalex.org/W3127717022
https://openalex.org/W3118681276
https://openalex.org/W3179355680
https://openalex.org/W3202052032
https://openalex.org/W3155050138
https://openalex.org/W4210255282
https://openalex.org/W4293108820
https://openalex.org/W4390277140
https://openalex.org/W4390507217
https://openalex.org/W4390707758
https://openalex.org/W4391026873
https://openalex.org/W4391354387
https://openalex.org/W4391477818
https://openalex.org/W4391484941
https://openalex.org/W4391660876
https://openalex.org/W4391690863
https://openalex.org/W4391808373
https://openalex.org/W4391841762
https://openalex.org/W4391952929
https://openalex.org/W4392170351
https://openalex.org/W4392245224
https://openalex.org/W4392425374
https://openalex.org/W4392554863
https://openalex.org/W4392611996
https://openalex.org/W4392619639
https://openalex.org/W4392626716
https://openalex.org/W4392806691
https://openalex.org/W4392858587
https://openalex.org/W4393050572
https://openalex.org/W4393187462
https://openalex.org/W4393194262
https://openalex.org/W4393199891
https://openalex.org/W4393318307
https://openalex.org/W4393364967
https://openalex.org/W4393409498
https://openalex.org/W4393851632
https://openalex.org/W4393861446
https://openalex.org/W4394598566
https://openalex.org/W4394601499
https://openalex.org/W4394626239
https://openalex.org/W4394850386
https://openalex.org/W4394908421
https://openalex.org/W4394984877
https://openalex.org/W4394997164
https://openalex.org/W4395465884
https://openalex.org/W4395466594
https://openalex.org/W171201224
https://openalex.org/W329015177
https://openalex.org/W1909187586
https://openalex.org/W2065872310
https://openalex.org/W2049135087
https://openalex.org/W1971089173
https://openalex.org/W1971397057
https://openalex.org/W2071904349
https://openalex.org/W2152262415
https://openalex.org/W4233908801
https://openalex.org/W2338991699
https://openalex.org/W2014524714
https://openalex.org/W2081075803
https://openalex.org/W2247294101
https://openalex.org/W2094975407
https://openalex.org/W2215950689
https://openalex.org/W2395962359
https://openalex.org/W1963779027
https://openalex.org/W1971725715
https://openalex.org/W2092083708
https://openalex.org/W2114412352
https://openalex.org/W2180449971
https://openalex.org/W1996579011
https://openalex.org/W2013668634
https://openalex.org/W2024364864
https://openalex.org/W2033243754
https://openalex.org/W2145999470
https://openalex.org/W4240153001
https://openalex.org/W1993421745
https://openalex.org/W2072808406
https://openalex.org/W2003698701
https://openalex.org/W2075916359
https://openalex.org/W1989406529
https://openalex.org/W2011692714
https://openalex.org/W2090176507
https://openalex.org/W1975372756
https://openalex.org/W2062578116
https://openalex.org/W1557346074
https://openalex.org/W2419624115
https://openalex.org/W2070870895
https://openalex.org/W1234653855
https://openalex.org/W1515906819
https://openalex.org/W2002834942
https://openalex.org/W2023240780
https://openalex.org/W2085598121
https://openalex.org/W1590941359
https://openalex.org/W1973149399
https://openalex.org/W2059367761
https://openalex.org/W2125909818
https://openalex.org/W2145300301
https://openalex.org/W2030847313
https://openalex.org/W2143381247
https://openalex.org/W2022169345
https://openalex.org/W2768178692
https://openalex.org/W174280007
https://openalex.org/W2126938268
https://openalex.org/W2278257237
https://openalex.org/W2803243430
https://openalex.org/W652819688
https://openalex.org/W1509866952
https://openalex.org/W1982696802
https://openalex.org/W2522194999
https://openalex.org/W2557349465
https://openalex.org/W2599646576
https://openalex.org/W2612456363
https://openalex.org/W2743500961
https://openalex.org/W2791834770
https://openalex.org/W2893291240
https://openalex.org/W2967119243
https://openalex.org/W2495863125
https://openalex.org/W2908002695
https://openalex.org/W3010440717
https://openalex.org/W3023630350
https://openalex.org/W3024518976
https://openalex.org/W3127505914
https://openalex.org/W3167688297
https://openalex.org/W4310783777
https://openalex.org/W4312067020
https://openalex.org/W4319295176
https://openalex.org/W4319984628
https://openalex.org/W4322100287
https://openalex.org/W4379230480
https://openalex.org/W4382069015
https://openalex.org/W2005916280
https://openalex.org/W2021832915
https://openalex.org/W2004792287
https://openalex.org/W2039138238
https://openalex.org/W2053620063
https://openalex.org/W4322697658
https://openalex.org/W2013509596
https://openalex.org/W2096984081
https://openalex.org/W2168016896
https://openalex.org/W2001506375
https://openalex.org/W2002800169
https://openalex.org/W2039412651
https://openalex.org/W2048011268
https://openalex.org/W2327398113
https://openalex.org/W2075286033
https://openalex.org/W2337591052
https://openalex.org/W4241522114
https://openalex.org/W52962518
https://openalex.org/W2006904597
https://openalex.org/W2040752148
https://openalex.org/W2018137432
https://openalex.org/W2069087101
https://openalex.org/W1539486798
https://openalex.org/W1965724389
https://openalex.org/W2005404902
https://openalex.org/W2024208902
https://openalex.org/W2009638537
https://openalex.org/W2091250024
https://openalex.org/W2168678951
https://openalex.org/W2037701984
https://openalex.org/W2136969761
https://openalex.org/W2013450100
https://openalex.org/W2019279687
https://openalex.org/W2036858736
https://openalex.org/W2118528248
https://openalex.org/W2012280123
https://openalex.org/W2044303261
https://openalex.org/W2092423539
https://openalex.org/W2396479670
https://openalex.org/W2949854979
https://openalex.org/W2199488276
https://openalex.org/W2414923675
https://openalex.org/W2157575107
https://openalex.org/W611262750
https://openalex.org/W2168266169
https://openalex.org/W1509085171
https://openalex.org/W2049159960
https://openalex.org/W2071646941
https://openalex.org/W2003281936
https://openalex.org/W1964185155
https://openalex.org/W1968443701
https://openalex.org/W2071786239
https://openalex.org/W2072367458
https://openalex.org/W2077935937
https://openalex.org/W2083418507
https://openalex.org/W2028921245
https://openalex.org/W2072120343
https://openalex.org/W2154858454
https://openalex.org/W2160981050
https://openalex.org/W2410895205
https://openalex.org/W2563483335
https://openalex.org/W2895286142
https://openalex.org/W1677066198
https://openalex.org/W2324407747
https://openalex.org/W2770653928
https://openalex.org/W2792341811
https://openalex.org/W2521006809
https://openalex.org/W2909828910
https://openalex.org/W2918285535
https://openalex.org/W2973196805
https://openalex.org/W2200699329
https://openalex.org/W2743590681
https://openalex.org/W3003092374
https://openalex.org/W3005765057
https://openalex.org/W3087938922
https://openalex.org/W3089769823
https://openalex.org/W3094133087
https://openalex.org/W3106892058
https://openalex.org/W4285204016
https://openalex.org/W4286485330
https://openalex.org/W4292828960
https://openalex.org/W4304620009
https://openalex.org/W1990884278
https://openalex.org/W2032005438
https://openalex.org/W2050710027
https://openalex.org/W2127688806
https://openalex.org/W2193325565
https://openalex.org/W2318178276
https://openalex.org/W2051630535
https://openalex.org/W2066602494
https://openalex.org/W2007085333
https://openalex.org/W2041108878
https://openalex.org/W2068732875
https://openalex.org/W2149566299
https://openalex.org/W1999420648
https://openalex.org/W1999527257
https://openalex.org/W2020766740
https://openalex.org/W2045089633
https://openalex.org/W2057960452
https://openalex.org/W2122377293
https://openalex.org/W89181885
https://openalex.org/W1982362228
https://openalex.org/W2018291953
https://openalex.org/W2038063474
https://openalex.org/W2110233690
https://openalex.org/W2422106878
https://openalex.org/W1791229126
https://openalex.org/W1984345084
https://openalex.org/W2078679713
https://openalex.org/W2130589143
https://openalex.org/W1929165921
https://openalex.org/W2033888256
https://openalex.org/W2045229590
https://openalex.org/W1984133718
https://openalex.org/W2055347857
https://openalex.org/W1982478351
https://openalex.org/W2132322140
https://openalex.org/W2090097752
https://openalex.org/W1775759814
https://openalex.org/W2027792387
https://openalex.org/W2072314984
https://openalex.org/W2397141510
https://openalex.org/W1987460933
https://openalex.org/W2027859345
https://openalex.org/W2071000355
https://openalex.org/W1972701014
https://openalex.org/W1974956773
https://openalex.org/W2094394564
https://openalex.org/W2107629118
https://openalex.org/W2120149702
https://openalex.org/W2086744529
https://openalex.org/W2081586298
https://openalex.org/W2115936753
https://openalex.org/W2148307625
https://openalex.org/W1984238769
https://openalex.org/W2006785614
https://openalex.org/W2078036175
https://openalex.org/W2090384774
https://openalex.org/W1971174984
https://openalex.org/W1981032925
https://openalex.org/W2053691467
https://openalex.org/W2080678874
https://openalex.org/W2153328678
https://openalex.org/W2311783550
https://openalex.org/W2323103191
https://openalex.org/W2440320084
https://openalex.org/W2582675228
https://openalex.org/W2789476480
https://openalex.org/W2808835366
https://openalex.org/W4251026533
https://openalex.org/W1896565249
https://openalex.org/W1908503636
https://openalex.org/W2062745734
https://openalex.org/W2106569197
https://openalex.org/W2151325642
https://openalex.org/W2172559029
https://openalex.org/W2317872890
https://openalex.org/W2519053332
https://openalex.org/W2560157901
https://openalex.org/W2790811653
https://openalex.org/W2883880638
https://openalex.org/W2339815175
https://openalex.org/W2408274177
https://openalex.org/W2472296931
https://openalex.org/W2800416481
https://openalex.org/W2984507164
https://openalex.org/W2998187100
https://openalex.org/W3003193172
https://openalex.org/W3012727287
https://openalex.org/W3027505604
https://openalex.org/W3092096071
https://openalex.org/W2796745109
https://openalex.org/W3140831297
https://openalex.org/W3174994934
https://openalex.org/W3176405900
https://openalex.org/W3182793389
https://openalex.org/W4220789910
https://openalex.org/W4308624690
https://openalex.org/W2120209669
https://openalex.org/W1982212042
https://openalex.org/W2012052580
https://openalex.org/W2080677717
https://openalex.org/W2017073853
https://openalex.org/W2045932863
https://openalex.org/W2082588961
https://openalex.org/W2121935635
https://openalex.org/W195403846
https://openalex.org/W1971354222
https://openalex.org/W2037150333
https://openalex.org/W2091551054
https://openalex.org/W1997112032
https://openalex.org/W2002778161
https://openalex.org/W2033697755
https://openalex.org/W2044035331
https://openalex.org/W2037272235
https://openalex.org/W2086073541
https://openalex.org/W2000996658
https://openalex.org/W2012084077
https://openalex.org/W2020012857
https://openalex.org/W2056797031
https://openalex.org/W2071882543
https://openalex.org/W1608292346
https://openalex.org/W1988672489
https://openalex.org/W2110337022
https://openalex.org/W2146175980
https://openalex.org/W2162599279
https://openalex.org/W2155266755
https://openalex.org/W2165733251
https://openalex.org/W2537595153
https://openalex.org/W1920174966
https://openalex.org/W1980009493
https://openalex.org/W2014991919
https://openalex.org/W2070175977
https://openalex.org/W2106473092
https://openalex.org/W1979986159
https://openalex.org/W2033443695
https://openalex.org/W2060599503
https://openalex.org/W2130517848
https://openalex.org/W2432945817
https://openalex.org/W2062507838
https://openalex.org/W812104970
https://openalex.org/W1895726976
https://openalex.org/W2071518685
https://openalex.org/W2134027261
https://openalex.org/W1967655235
https://openalex.org/W2024870703
https://openalex.org/W2081972199
https://openalex.org/W1499740117
https://openalex.org/W1983713521
https://openalex.org/W2020291371
https://openalex.org/W2127198104
https://openalex.org/W1877974466
https://openalex.org/W1991025301
https://openalex.org/W2000841861
https://openalex.org/W2063590839
https://openalex.org/W2065902965
https://openalex.org/W2161640522
https://openalex.org/W2624749251
https://openalex.org/W2736183088
https://openalex.org/W2751779650
https://openalex.org/W2796167289
https://openalex.org/W2802622855
https://openalex.org/W3118434584
https://openalex.org/W2008444950
https://openalex.org/W2030801706
https://openalex.org/W2071441783
https://openalex.org/W2077279526
https://openalex.org/W2166701686
https://openalex.org/W2481329983
https://openalex.org/W2600247044
https://openalex.org/W2790309710
https://openalex.org/W2884293442
https://openalex.org/W2512100497
https://openalex.org/W3009080046
https://openalex.org/W3034820752
https://openalex.org/W3083108013
https://openalex.org/W3096345301
https://openalex.org/W3013807845
https://openalex.org/W3016321623
https://openalex.org/W3040927312
https://openalex.org/W3081836675
https://openalex.org/W4225463546
https://openalex.org/W1993484299
https://openalex.org/W205464435
https://openalex.org/W1992085308
https://openalex.org/W2017361745
https://openalex.org/W2035724610
https://openalex.org/W2095081036
https://openalex.org/W2117501833
https://openalex.org/W2182398531
https://openalex.org/W2414693326
https://openalex.org/W161005713
https://openalex.org/W2034698019
https://openalex.org/W1999725704
https://openalex.org/W2013857703
https://openalex.org/W2021134829
https://openalex.org/W2035472840
https://openalex.org/W2131848743
https://openalex.org/W2144660773
https://openalex.org/W1969261847
https://openalex.org/W1986590417
https://openalex.org/W2058352636
https://openalex.org/W2094939093
https://openalex.org/W1980838211
https://openalex.org/W2030810580
https://openalex.org/W2047089546
https://openalex.org/W2068764832
https://openalex.org/W2089352818
https://openalex.org/W1990905812
https://openalex.org/W2039731929
https://openalex.org/W2042853163
https://openalex.org/W2155581332
https://openalex.org/W1863260603
https://openalex.org/W2014658579
https://openalex.org/W2053735782
https://openalex.org/W2080140270
https://openalex.org/W4231204879
https://openalex.org/W1976370505
https://openalex.org/W2002103724
https://openalex.org/W2034596087
https://openalex.org/W2057147762
https://openalex.org/W2092537853
https://openalex.org/W2037807704
https://openalex.org/W2060951215
https://openalex.org/W2073834479
https://openalex.org/W2562287499
https://openalex.org/W1975219397
https://openalex.org/W1985303178
https://openalex.org/W2037629648
https://openalex.org/W2057931843
https://openalex.org/W2104098321
https://openalex.org/W1902182202
https://openalex.org/W2040251435
https://openalex.org/W2080668518
https://openalex.org/W1992397918
https://openalex.org/W2030726128
https://openalex.org/W2034560065
https://openalex.org/W2067205616
https://openalex.org/W2170499187
https://openalex.org/W1497640256
https://openalex.org/W207680453
https://openalex.org/W1763227746
https://openalex.org/W2019963965
https://openalex.org/W2034364207
https://openalex.org/W2104934165
https://openalex.org/W2105987919
https://openalex.org/W2119306556
https://openalex.org/W2163733662
https://openalex.org/W2164579398
https://openalex.org/W55909503
https://openalex.org/W1997747102
https://openalex.org/W2063235552
https://openalex.org/W2073246567
https://openalex.org/W2093140503
https://openalex.org/W2171495773
https://openalex.org/W2206711613
https://openalex.org/W2269195041
https://openalex.org/W2556304477
https://openalex.org/W2799808246
https://openalex.org/W2895572421
https://openalex.org/W2908178905
https://openalex.org/W2910516558
https://openalex.org/W4241684443
https://openalex.org/W956292316
https://openalex.org/W1862328227
https://openalex.org/W2065334068
https://openalex.org/W2096880490
https://openalex.org/W2469638476
https://openalex.org/W2786427121
https://openalex.org/W2943796676
https://openalex.org/W2972223825
https://openalex.org/W3043939711
https://openalex.org/W3049728066
https://openalex.org/W3093533792
https://openalex.org/W3096224372
https://openalex.org/W3102585676
https://openalex.org/W3122330726
https://openalex.org/W3142740124
https://openalex.org/W3183778605
https://openalex.org/W4210503561
https://openalex.org/W4286716561
https://openalex.org/W4306248041
https://openalex.org/W4285173501
https://openalex.org/W4321378919
https://openalex.org/W4376271539
https://openalex.org/W4381334153
https://openalex.org/W4381334464
https://openalex.org/W4382239987
https://openalex.org/W4382317864
https://openalex.org/W4385446210
https://openalex.org/W4386162443
https://openalex.org/W4388832954
https://openalex.org/W4390100979
https://openalex.org/W2084878414
https://openalex.org/W1967782618
https://openalex.org/W1985500761
https://openalex.org/W1987252526
https://openalex.org/W2124132201
https://openalex.org/W4406366
https://openalex.org/W1964226439
https://openalex.org/W1967071508
https://openalex.org/W1994918739
https://openalex.org/W1996626294
https://openalex.org/W1999538824
https://openalex.org/W2033983088
https://openalex.org/W2047825935
https://openalex.org/W2081768129
https://openalex.org/W2017169041
https://openalex.org/W2068450017
https://openalex.org/W2101942897
https://openalex.org/W2401219920
https://openalex.org/W2064243076
https://openalex.org/W1583826087
https://openalex.org/W1783940284
https://openalex.org/W2004336771
https://openalex.org/W2022017497
https://openalex.org/W2133584878
https://openalex.org/W2152387362
https://openalex.org/W1978153965
https://openalex.org/W2069727802
https://openalex.org/W2092184947
https://openalex.org/W1920767418
https://openalex.org/W2018647068
https://openalex.org/W2050392865
https://openalex.org/W1546586862
https://openalex.org/W1970215952
https://openalex.org/W1981308749
https://openalex.org/W1491079171
https://openalex.org/W2035898929
https://openalex.org/W2189387400
https://openalex.org/W1982822343
https://openalex.org/W2048394022
https://openalex.org/W2049573735
https://openalex.org/W2059445320
https://openalex.org/W2080207572
https://openalex.org/W2049470688
https://openalex.org/W2099370949
https://openalex.org/W2115410539
https://openalex.org/W1968778413
https://openalex.org/W2009942296
https://openalex.org/W1973776565
https://openalex.org/W2019016246
https://openalex.org/W2172249479
https://openalex.org/W2313152990
https://openalex.org/W2409005924
https://openalex.org/W2527533458
https://openalex.org/W2611299066
https://openalex.org/W2804127256
https://openalex.org/W2889473322
https://openalex.org/W2900593311
https://openalex.org/W2904785472
https://openalex.org/W1858306846
https://openalex.org/W2047609448
https://openalex.org/W2108001405
https://openalex.org/W2157919023
https://openalex.org/W2400701129
https://openalex.org/W2475149878
https://openalex.org/W2549504003
https://openalex.org/W2757136171
https://openalex.org/W2914664430
https://openalex.org/W2938239771
https://openalex.org/W2971735420
https://openalex.org/W2994904576
https://openalex.org/W3023393323
https://openalex.org/W1995899663
https://openalex.org/W2008099754
https://openalex.org/W2015560018
https://openalex.org/W2118989978
https://openalex.org/W2413957383
https://openalex.org/W1965391127
https://openalex.org/W1995103427
https://openalex.org/W2063469338
https://openalex.org/W190387394
https://openalex.org/W2011059647
https://openalex.org/W1971966198
https://openalex.org/W2006634567
https://openalex.org/W2039192220
https://openalex.org/W2068985363
https://openalex.org/W2070147328
https://openalex.org/W2074372316
https://openalex.org/W2143998313
https://openalex.org/W2279026238
https://openalex.org/W1916736728
https://openalex.org/W2035889234
https://openalex.org/W1991621051
https://openalex.org/W2056760181
https://openalex.org/W2133905135
https://openalex.org/W2405157106
https://openalex.org/W1994259489
https://openalex.org/W2093383496
https://openalex.org/W2121113840
https://openalex.org/W2396576432
https://openalex.org/W2312456519
https://openalex.org/W1809981810
https://openalex.org/W1972045410
https://openalex.org/W1988187161
https://openalex.org/W1990365380
https://openalex.org/W2117940965
https://openalex.org/W1980088493
https://openalex.org/W2024679932
https://openalex.org/W1532444234
https://openalex.org/W2058969898
https://openalex.org/W2059471745
https://openalex.org/W2095041000
https://openalex.org/W2113348676
https://openalex.org/W2116685321
https://openalex.org/W2154756951
https://openalex.org/W2800383825
https://openalex.org/W2891937443
https://openalex.org/W1843233176
https://openalex.org/W2008470406
https://openalex.org/W2029197126
https://openalex.org/W2066197160
https://openalex.org/W2082389552
https://openalex.org/W2123702677
https://openalex.org/W2157998666
https://openalex.org/W2198141116
https://openalex.org/W2277611983
https://openalex.org/W2286809042
https://openalex.org/W2341579090
https://openalex.org/W2392190591
https://openalex.org/W2561696533
https://openalex.org/W2612613562
https://openalex.org/W2730495418
https://openalex.org/W2766701964
https://openalex.org/W2924014674
https://openalex.org/W3012451150
https://openalex.org/W2560150447
https://openalex.org/W3092854029
https://openalex.org/W3111752985
https://openalex.org/W3136927236
https://openalex.org/W3206875021
https://openalex.org/W4225740413
https://openalex.org/W2003065139
https://openalex.org/W2033588533
https://openalex.org/W2070285638
https://openalex.org/W2074512820
https://openalex.org/W2086417974
https://openalex.org/W2328805286
https://openalex.org/W196716875
https://openalex.org/W1967240021
https://openalex.org/W2051590
https://openalex.org/W2072565230
https://openalex.org/W2079588965
https://openalex.org/W2088569272
https://openalex.org/W2090100916
https://openalex.org/W2135253200
https://openalex.org/W309646083
https://openalex.org/W168252763
https://openalex.org/W1986744692
https://openalex.org/W2004908597
https://openalex.org/W2043823924
https://openalex.org/W2058439875
https://openalex.org/W2158085998
https://openalex.org/W2063031964
https://openalex.org/W2085815243
https://openalex.org/W2429871247
https://openalex.org/W4243740624
https://openalex.org/W89942505
https://openalex.org/W1982145907
https://openalex.org/W2887391805
https://openalex.org/W2024689432
https://openalex.org/W2048137404
https://openalex.org/W2069467861
https://openalex.org/W2154453164
https://openalex.org/W2413012416
https://openalex.org/W2591111711
https://openalex.org/W1998340591
https://openalex.org/W2072586513
https://openalex.org/W2275038506
https://openalex.org/W2323517951
https://openalex.org/W2407183167
https://openalex.org/W2546617012
https://openalex.org/W1730814196
https://openalex.org/W1963644465
https://openalex.org/W1972989462
https://openalex.org/W1980888977
https://openalex.org/W2547389876
https://openalex.org/W1996335673
https://openalex.org/W2010580825
https://openalex.org/W2498493179
https://openalex.org/W2602925463
https://openalex.org/W1966658362
https://openalex.org/W1991340721
https://openalex.org/W2052881544
https://openalex.org/W2088381736
https://openalex.org/W2144555467
https://openalex.org/W2333589903
https://openalex.org/W2897551402
https://openalex.org/W2009702247
https://openalex.org/W2027999020
https://openalex.org/W2038076127
https://openalex.org/W2049287594
https://openalex.org/W2086855290
https://openalex.org/W2104709846
https://openalex.org/W2143829945
https://openalex.org/W2154888903
https://openalex.org/W2170776261
https://openalex.org/W2418828978
https://openalex.org/W2588002066
https://openalex.org/W2737086952
https://openalex.org/W2770092276
https://openalex.org/W2890175392
https://openalex.org/W2891093401
https://openalex.org/W2947124459
https://openalex.org/W2985830661
https://openalex.org/W2988119956
https://openalex.org/W3020774812
https://openalex.org/W3029416216
https://openalex.org/W2094752600
https://openalex.org/W3129408564
https://openalex.org/W3147847817
https://openalex.org/W4286504511
https://openalex.org/W4307980686
https://openalex.org/W4310720375
https://openalex.org/W2006718493
https://openalex.org/W2032051916
https://openalex.org/W2063516844
https://openalex.org/W2065840695
https://openalex.org/W2085403643
https://openalex.org/W1998427615
https://openalex.org/W2005623055
https://openalex.org/W2026915298
https://openalex.org/W2092072954
https://openalex.org/W2003689029
https://openalex.org/W2063855201
https://openalex.org/W2134349409
https://openalex.org/W2411984084
https://openalex.org/W1995534141
https://openalex.org/W2014403345
https://openalex.org/W2048093240
https://openalex.org/W2054369077
https://openalex.org/W2058125934
https://openalex.org/W2100671723
https://openalex.org/W2120445337
https://openalex.org/W2152211504
https://openalex.org/W2417555678
https://openalex.org/W1527289220
https://openalex.org/W1968315408
https://openalex.org/W2463258845
https://openalex.org/W2053430278
https://openalex.org/W2053949745
https://openalex.org/W2063481198
https://openalex.org/W2082998696
https://openalex.org/W2320078422
https://openalex.org/W1965673755
https://openalex.org/W1991655036
https://openalex.org/W2086716652
https://openalex.org/W2147704817
https://openalex.org/W2465001827
https://openalex.org/W2034646941
https://openalex.org/W2333865631
https://openalex.org/W2505013495
https://openalex.org/W2084429073
https://openalex.org/W2792989164
https://openalex.org/W2897736976
https://openalex.org/W186826653
https://openalex.org/W1941898938
https://openalex.org/W1983562889
https://openalex.org/W1983785167
https://openalex.org/W2076100107
https://openalex.org/W2110075235
https://openalex.org/W2144198182
https://openalex.org/W2147054335
https://openalex.org/W2193718993
https://openalex.org/W2200676124
https://openalex.org/W2265030412
https://openalex.org/W2280878868
https://openalex.org/W2381966539
https://openalex.org/W2403277015
https://openalex.org/W2413895611
https://openalex.org/W2544178345
https://openalex.org/W3025398299
https://openalex.org/W3048480127
https://openalex.org/W3048873595
https://openalex.org/W3091096575
https://openalex.org/W3096804755
https://openalex.org/W3103339374
https://openalex.org/W346529750
https://openalex.org/W4213210336
https://openalex.org/W4242740248
https://openalex.org/W2118374794
https://openalex.org/W2102875788
https://openalex.org/W2041926493
https://openalex.org/W2075817222
https://openalex.org/W2077234420
https://openalex.org/W2126955442
https://openalex.org/W2259388898
https://openalex.org/W1765835423
https://openalex.org/W2396669524
https://openalex.org/W2410820412
https://openalex.org/W1978371796
https://openalex.org/W1992576667
https://openalex.org/W1996245183
https://openalex.org/W2000979697
https://openalex.org/W2027023605
https://openalex.org/W2045577426
https://openalex.org/W2058111827
https://openalex.org/W2132430573
https://openalex.org/W2063561605
https://openalex.org/W2079871048
https://openalex.org/W2088488098
https://openalex.org/W2016669220
https://openalex.org/W2018559770
https://openalex.org/W2022660192
https://openalex.org/W2061624614
https://openalex.org/W2086010364
https://openalex.org/W1976091979
https://openalex.org/W2000002534
https://openalex.org/W2062208935
https://openalex.org/W2559197675
https://openalex.org/W1977795207
https://openalex.org/W2072877877
https://openalex.org/W2753070687
https://openalex.org/W2763374265
https://openalex.org/W2790895962
https://openalex.org/W2803728755
https://openalex.org/W2907028119
https://openalex.org/W2924232160
https://openalex.org/W2942723507
https://openalex.org/W2989823558
https://openalex.org/W1493616761
https://openalex.org/W2059113946
https://openalex.org/W2073954656
https://openalex.org/W2170376456
https://openalex.org/W2294856161
https://openalex.org/W2419159769
https://openalex.org/W2469776980
https://openalex.org/W2531503649
https://openalex.org/W2573444710
https://openalex.org/W3041959865
https://openalex.org/W3128976299
https://openalex.org/W3136777903
https://openalex.org/W3154095712
https://openalex.org/W3201535914
https://openalex.org/W189288578
https://openalex.org/W2091906464
https://openalex.org/W2146041773
https://openalex.org/W2323327975
https://openalex.org/W110424349
https://openalex.org/W192038910
https://openalex.org/W1976723391
https://openalex.org/W2051032256
https://openalex.org/W2137704790
https://openalex.org/W4244211158
https://openalex.org/W1978481078
https://openalex.org/W1980937058
https://openalex.org/W1982932757
https://openalex.org/W2013724068
https://openalex.org/W2063751783
https://openalex.org/W2035171203
https://openalex.org/W2064208274
https://openalex.org/W2079303008
https://openalex.org/W2087543303
https://openalex.org/W2091756113
https://openalex.org/W2249224868
https://openalex.org/W2415929294
https://openalex.org/W1758403003
https://openalex.org/W2000441222
https://openalex.org/W2080543308
https://openalex.org/W2128859097
https://openalex.org/W2339833920
https://openalex.org/W2414606034
https://openalex.org/W2056121402
https://openalex.org/W2409925402
https://openalex.org/W139871012
https://openalex.org/W2032259546
https://openalex.org/W2056119745
https://openalex.org/W2129943501
https://openalex.org/W2321432001
https://openalex.org/W2400791689
https://openalex.org/W1554439614
https://openalex.org/W2012986490
https://openalex.org/W2070813798
https://openalex.org/W2074384911
https://openalex.org/W2075397692
https://openalex.org/W2144675865
https://openalex.org/W2144978902
https://openalex.org/W2410265175
https://openalex.org/W2890196339
https://openalex.org/W2901216157
https://openalex.org/W3037329269
https://openalex.org/W4254016417
https://openalex.org/W9996792
https://openalex.org/W2143108807
https://openalex.org/W2297348845
https://openalex.org/W2334636129
https://openalex.org/W2410129720
https://openalex.org/W2480688207
https://openalex.org/W2592038517
https://openalex.org/W4211111007
https://openalex.org/W2395925388
https://openalex.org/W3217774989
https://openalex.org/W4205275795
https://openalex.org/W4214553800
https://openalex.org/W4225900440
https://openalex.org/W4226203317
https://openalex.org/W4281634979
https://openalex.org/W133118496
https://openalex.org/W2068874937
https://openalex.org/W2278773275
https://openalex.org/W2320854363
https://openalex.org/W389829349
https://openalex.org/W1966818060
https://openalex.org/W1994305939
https://openalex.org/W2106394434
https://openalex.org/W2136317689
https://openalex.org/W2144523583
https://openalex.org/W130443499
https://openalex.org/W1575644797
https://openalex.org/W1992527055
https://openalex.org/W2071484089
https://openalex.org/W2073706327
https://openalex.org/W2088832038
https://openalex.org/W2091959278
https://openalex.org/W2149670201
https://openalex.org/W2335188284
https://openalex.org/W2044923696
https://openalex.org/W2136579147
https://openalex.org/W1998165868
https://openalex.org/W2009728951
https://openalex.org/W2071456612
https://openalex.org/W2400960683
https://openalex.org/W1966377044
https://openalex.org/W2025919903
https://openalex.org/W2085182320
https://openalex.org/W2587970063
https://openalex.org/W2591361875
https://openalex.org/W4252037816
https://openalex.org/W2441642219
https://openalex.org/W3022562470
https://openalex.org/W2033044778
https://openalex.org/W2063538499
https://openalex.org/W2066386443
https://openalex.org/W2075133076
https://openalex.org/W2284296382
https://openalex.org/W2554314444
https://openalex.org/W2883843765
https://openalex.org/W1564943925
https://openalex.org/W1570870612
https://openalex.org/W1974750761
https://openalex.org/W2020541329
https://openalex.org/W2034000837
https://openalex.org/W2037206312
https://openalex.org/W2057261717
https://openalex.org/W2074527086
https://openalex.org/W2142515413
https://openalex.org/W2181455473
https://openalex.org/W220363498
https://openalex.org/W2314586191
https://openalex.org/W2331055675
https://openalex.org/W289751373
https://openalex.org/W317381734
https://openalex.org/W2415487247
https://openalex.org/W1979322890
https://openalex.org/W2024917642
https://openalex.org/W2071353702
https://openalex.org/W2086725986
https://openalex.org/W2089167141
https://openalex.org/W2154467158
https://openalex.org/W2147159483
https://openalex.org/W2152330502
https://openalex.org/W2273503589
https://openalex.org/W1763024183
https://openalex.org/W2002299250
https://openalex.org/W2050788060
https://openalex.org/W2149669710
https://openalex.org/W4297309734
https://openalex.org/W1971393765
https://openalex.org/W207342433
https://openalex.org/W2133297433
https://openalex.org/W2156564031
https://openalex.org/W2159893553
https://openalex.org/W2991656618
https://openalex.org/W2088700579
https://openalex.org/W76659717
https://openalex.org/W152998627
https://openalex.org/W1983295558
https://openalex.org/W2068947305
https://openalex.org/W2777282477
https://openalex.org/W2793814437
https://openalex.org/W2795039289
https://openalex.org/W2884788326
https://openalex.org/W2890191382
https://openalex.org/W2946046043
https://openalex.org/W2970841980
https://openalex.org/W3001320256
https://openalex.org/W3007615094
https://openalex.org/W3009572506
https://openalex.org/W3012449870
https://openalex.org/W3023639107
https://openalex.org/W3031045895
https://openalex.org/W3113073800
https://openalex.org/W3121564771
https://openalex.org/W3125410280
https://openalex.org/W3133876937
https://openalex.org/W3185564219
https://openalex.org/W3207044305
https://openalex.org/W4200516049
https://openalex.org/W4245242226
https://openalex.org/W2308990499
https://openalex.org/W2336426491
https://openalex.org/W2528773543
https://openalex.org/W2545362532
https://openalex.org/W4234845174
https://openalex.org/W4377082384
https://openalex.org/W1677930295
https://openalex.org/W1972399996
https://openalex.org/W2024693069
https://openalex.org/W2041661539
https://openalex.org/W2080014491
https://openalex.org/W2083652702
https://openalex.org/W2099548520
https://openalex.org/W2121015467
https://openalex.org/W2320553052
https://openalex.org/W2414864628
https://openalex.org/W1593091318
https://openalex.org/W2037459536
https://openalex.org/W2267894894
https://openalex.org/W2418532917
https://openalex.org/W66114927
https://openalex.org/W2001663849
https://openalex.org/W2027887600
https://openalex.org/W2065377016
https://openalex.org/W2183388181
https://openalex.org/W2317956174
https://openalex.org/W327487860
https://openalex.org/W4241871265
https://openalex.org/W2035773703
https://openalex.org/W2325705566
https://openalex.org/W1977167135
https://openalex.org/W2557861322
https://openalex.org/W2014819353
https://openalex.org/W2183504526
https://openalex.org/W2410187767
https://openalex.org/W2586735184
https://openalex.org/W4250914263
https://openalex.org/W166564585
https://openalex.org/W1887319400
https://openalex.org/W2016663106
https://openalex.org/W2049343034
https://openalex.org/W2050245836
https://openalex.org/W2094641237
https://openalex.org/W2140972582
https://openalex.org/W2158221965
https://openalex.org/W2312690684
https://openalex.org/W2314064968
https://openalex.org/W2322237380
https://openalex.org/W2345329754
https://openalex.org/W2419084470
https://openalex.org/W2507563507
https://openalex.org/W2552559078
https://openalex.org/W2577154603
https://openalex.org/W2589920139
https://openalex.org/W2590605009
https://openalex.org/W2600333895
https://openalex.org/W2753577323
https://openalex.org/W4253296689
https://openalex.org/W55097668
https://openalex.org/W565427761
https://openalex.org/W615675438
https://openalex.org/W85430002
https://openalex.org/W2797836258
https://openalex.org/W2797241009
https://openalex.org/W4212877219
https://openalex.org/W4233537412
https://openalex.org/W4243964241
https://openalex.org/W4251559242
https://openalex.org/W4309335285
https://openalex.org/W4312018399
https://openalex.org/W4313424176
https://openalex.org/W4313457048
https://openalex.org/W4315750314
https://openalex.org/W4318313463
https://openalex.org/W4319006030
https://openalex.org/W4319454174
https://openalex.org/W4319950021
https://openalex.org/W4320032733
https://openalex.org/W4320857810
https://openalex.org/W4322008451
https://openalex.org/W4327486492
https://openalex.org/W4327923955
https://openalex.org/W4361816354
https://openalex.org/W4361879590
https://openalex.org/W4361948122
https://openalex.org/W4361969114
https://openalex.org/W4362492699
https://openalex.org/W4362534085
https://openalex.org/W4362534092
https://openalex.org/W4362534105
https://openalex.org/W4362534668
https://openalex.org/W4362546400
https://openalex.org/W4362557778
https://openalex.org/W4362557823
https://openalex.org/W4362557827
https://openalex.org/W4362557834
https://openalex.org/W4362558003
https://openalex.org/W4362558004
https://openalex.org/W4362600638
https://openalex.org/W4362608870
https://openalex.org/W4362609127
https://openalex.org/W4362609128
https://openalex.org/W4362609150
https://openalex.org/W4365446110
https://openalex.org/W4366160630
https://openalex.org/W4366603411
https://openalex.org/W4367462868
https://openalex.org/W4378465018
https://openalex.org/W4379984449
https://openalex.org/W4381327290
https://openalex.org/W4381480427
https://openalex.org/W4382204737
https://openalex.org/W4382362641
https://openalex.org/W4382806979
https://openalex.org/W4383421005
https://openalex.org/W4383906519
https://openalex.org/W4384068203
https://openalex.org/W4384561377
https://openalex.org/W4384932942
https://openalex.org/W4385327107
https://openalex.org/W4385331068
https://openalex.org/W4385345852
https://openalex.org/W4385421990
https://openalex.org/W4385538073
https://openalex.org/W4385680948
https://openalex.org/W4385801170
https://openalex.org/W4385812447
https://openalex.org/W4386058824
https://openalex.org/W4386533928
https://openalex.org/W4386784102
https://openalex.org/W4386819161
https://openalex.org/W4387162264
https://openalex.org/W4387197590
https://openalex.org/W4387389685
https://openalex.org/W4387458448
https://openalex.org/W4387521854
https://openalex.org/W4387561393
https://openalex.org/W4387845718
https://openalex.org/W4387883182
https://openalex.org/W4388529837
https://openalex.org/W4388673873
https://openalex.org/W4388758834
https://openalex.org/W4389096800
https://openalex.org/W4389232079
https://openalex.org/W4389243831
https://openalex.org/W4389453696
https://openalex.org/W4389486240
https://openalex.org/W4389500798
https://openalex.org/W4389628043
https://openalex.org/W4389781364
https://openalex.org/W4389816216
https://openalex.org/W4390100965
https://openalex.org/W4391087137
https://openalex.org/W4391331261
https://openalex.org/W4392687912
https://openalex.org/W4394497160
https://openalex.org/W4394529323
https://openalex.org/W4394829940
https://openalex.org/W1976346173
https://openalex.org/W2045322960
https://openalex.org/W2410529563
https://openalex.org/W4231360439
https://openalex.org/W1908974670
https://openalex.org/W2000522068
https://openalex.org/W2008910030
https://openalex.org/W2041487161
https://openalex.org/W2059761483
https://openalex.org/W4251493938
https://openalex.org/W1966386564
https://openalex.org/W2023030733
https://openalex.org/W2087805607
https://openalex.org/W2411065309
https://openalex.org/W2323939368
https://openalex.org/W4253010287
https://openalex.org/W83162330
https://openalex.org/W186139970
https://openalex.org/W1914530885
https://openalex.org/W1970138502
https://openalex.org/W2588617965
https://openalex.org/W2615245923
https://openalex.org/W2622744492
https://openalex.org/W2751209503
https://openalex.org/W2756674521
https://openalex.org/W2857270213
https://openalex.org/W2981161406
https://openalex.org/W4230378833
https://openalex.org/W4243812296
https://openalex.org/W920280865
https://openalex.org/W1711213997
https://openalex.org/W1975165864
https://openalex.org/W1994225693
https://openalex.org/W2003429118
https://openalex.org/W2004866305
https://openalex.org/W2069058793
https://openalex.org/W2124920298
https://openalex.org/W2147532792
https://openalex.org/W2161601830
https://openalex.org/W2417657105
https://openalex.org/W141704322
https://openalex.org/W1968462023
https://openalex.org/W2071780470
https://openalex.org/W2085569181
https://openalex.org/W2073031099
https://openalex.org/W1967764154
https://openalex.org/W2007954128
https://openalex.org/W2037942338
https://openalex.org/W2136941066
https://openalex.org/W2444300112
https://openalex.org/W2553667979
https://openalex.org/W68460703
https://openalex.org/W1979392407
https://openalex.org/W1993036888
https://openalex.org/W2111366870
https://openalex.org/W2141537637
https://openalex.org/W2169993011
https://openalex.org/W2765886250
https://openalex.org/W2799326977
https://openalex.org/W2806773115
https://openalex.org/W2809163569
https://openalex.org/W2809629553
https://openalex.org/W2886764942
https://openalex.org/W2895053075
https://openalex.org/W2895933735
https://openalex.org/W2908398320
https://openalex.org/W2932313803
https://openalex.org/W2943432054
https://openalex.org/W2944473824
https://openalex.org/W3000272272
https://openalex.org/W3022485887
https://openalex.org/W3032570368
https://openalex.org/W3034993689
https://openalex.org/W30791958
https://openalex.org/W3120686916
https://openalex.org/W3121229533
https://openalex.org/W3181183322
https://openalex.org/W3214793170
https://openalex.org/W4200001494
https://openalex.org/W4239760134
https://openalex.org/W4246023473
https://openalex.org/W4246533772
https://openalex.org/W64120137
https://openalex.org/W2278331142
https://openalex.org/W2318218623
https://openalex.org/W2329570310
https://openalex.org/W2469680304
https://openalex.org/W2519774064
https://openalex.org/W2522409951
https://openalex.org/W2560757047
https://openalex.org/W2614708741
https://openalex.org/W4225515092
https://openalex.org/W4286111617
https://openalex.org/W4289528813
https://openalex.org/W4308384330
https://openalex.org/W1963597130
https://openalex.org/W2032741872
https://openalex.org/W1970774994
https://openalex.org/W1981341049
https://openalex.org/W1981478433
https://openalex.org/W1982005764
https://openalex.org/W1984792621
https://openalex.org/W2007829974
https://openalex.org/W2017129026
https://openalex.org/W2044052783
https://openalex.org/W2057296038
https://openalex.org/W2071921437
https://openalex.org/W2090694431
https://openalex.org/W2093482299
https://openalex.org/W2327885176
https://openalex.org/W2415632741
https://openalex.org/W2519318718
https://openalex.org/W2033865124
https://openalex.org/W2069059461
https://openalex.org/W213828750
https://openalex.org/W2257403452
https://openalex.org/W2409271799
https://openalex.org/W2417360776
https://openalex.org/W2417900709
https://openalex.org/W128935275
https://openalex.org/W1973525623
https://openalex.org/W2007721238
https://openalex.org/W2321647855
https://openalex.org/W2006213925
https://openalex.org/W2317947920
https://openalex.org/W2340583376
https://openalex.org/W2559375802
https://openalex.org/W2993051492
https://openalex.org/W3022149294
https://openalex.org/W4246883272
https://openalex.org/W1409609250
https://openalex.org/W1575644925
https://openalex.org/W1656428850
https://openalex.org/W1933632804
https://openalex.org/W1964885941
https://openalex.org/W1966299533
https://openalex.org/W1977598101
https://openalex.org/W2005330275
https://openalex.org/W2026692521
https://openalex.org/W2078967594
https://openalex.org/W2081931982
https://openalex.org/W2086793968
https://openalex.org/W2134719986
https://openalex.org/W2149845711
https://openalex.org/W2325707775
https://openalex.org/W2370730958
https://openalex.org/W2416184616
https://openalex.org/W2418655503
https://openalex.org/W2771263021
https://openalex.org/W2795743686
https://openalex.org/W3012410033
https://openalex.org/W3031970825
https://openalex.org/W4282587259
https://openalex.org/W4291938045
https://openalex.org/W4294199428
https://openalex.org/W4308384311
https://openalex.org/W4309534430
https://openalex.org/W1697569086
https://openalex.org/W1986965290
https://openalex.org/W2036204271
https://openalex.org/W2036396104
https://openalex.org/W2059597017
https://openalex.org/W2075880458
https://openalex.org/W2094692303
https://openalex.org/W141753337
https://openalex.org/W1944105603
https://openalex.org/W2059772987
https://openalex.org/W2081672360
https://openalex.org/W2469354091
https://openalex.org/W1985618823
https://openalex.org/W1559825219
https://openalex.org/W2002771606
https://openalex.org/W2002906041
https://openalex.org/W2138263598
https://openalex.org/W2161821971
https://openalex.org/W2557825309
https://openalex.org/W4236725593
https://openalex.org/W62423395
https://openalex.org/W1830606079
https://openalex.org/W1970232227
https://openalex.org/W2006670518
https://openalex.org/W2066815215
https://openalex.org/W2123573272
https://openalex.org/W2155046123
https://openalex.org/W2155924796
https://openalex.org/W2226116310
https://openalex.org/W2400916494
https://openalex.org/W2587060813
https://openalex.org/W2588013087
https://openalex.org/W2591175682
https://openalex.org/W2592193300
https://openalex.org/W2599639085
https://openalex.org/W2600515763
https://openalex.org/W2603814180
https://openalex.org/W2613884541
https://openalex.org/W2620904893
https://openalex.org/W2739627100
https://openalex.org/W2756425673
https://openalex.org/W2777647964
https://openalex.org/W3024872274
https://openalex.org/W2031906406
https://openalex.org/W2044079754
https://openalex.org/W2044082176
https://openalex.org/W2051520155
https://openalex.org/W2065542458
https://openalex.org/W2330196838
https://openalex.org/W2400204619
https://openalex.org/W2413298207
https://openalex.org/W35877211
https://openalex.org/W640197774
https://openalex.org/W2031321812
https://openalex.org/W2050733939
https://openalex.org/W2060073307
https://openalex.org/W2073060294
https://openalex.org/W2167928156
https://openalex.org/W1978444607
https://openalex.org/W2091526352
https://openalex.org/W2092236467
https://openalex.org/W2475886055
https://openalex.org/W4255632502
https://openalex.org/W1573109816
https://openalex.org/W1938564357
https://openalex.org/W1968976845
https://openalex.org/W1997069133
https://openalex.org/W2039145105
https://openalex.org/W2063776674
https://openalex.org/W2186557068
https://openalex.org/W2335981762
https://openalex.org/W2419503634
https://openalex.org/W2486129695
https://openalex.org/W2555663229
https://openalex.org/W2587522587
https://openalex.org/W2780209101
https://openalex.org/W2794249022
https://openalex.org/W2884105569
https://openalex.org/W2887846667
https://openalex.org/W4244287750
https://openalex.org/W106976724
https://openalex.org/W2019520730
https://openalex.org/W2409464813
https://openalex.org/W2461277320
https://openalex.org/W2607283620
https://openalex.org/W194197851
https://openalex.org/W1969615534
https://openalex.org/W2203732799
https://openalex.org/W1974218175
https://openalex.org/W2091575306
https://openalex.org/W4243881620
https://openalex.org/W2027328561
https://openalex.org/W2041531388
https://openalex.org/W2481838784
https://openalex.org/W2524995079
https://openalex.org/W2582811520
https://openalex.org/W2884051463
https://openalex.org/W2909787275
https://openalex.org/W2910846844
https://openalex.org/W2978013792
https://openalex.org/W2980204254
https://openalex.org/W2980996144
https://openalex.org/W2988902145
https://openalex.org/W2997721665
https://openalex.org/W3011141764
https://openalex.org/W3012499729
https://openalex.org/W3028573392
https://openalex.org/W3043518083
https://openalex.org/W3089040659
https://openalex.org/W3093660441
https://openalex.org/W3112592527
https://openalex.org/W3127248283
https://openalex.org/W3130043265
https://openalex.org/W3134865376
https://openalex.org/W3204302198
https://openalex.org/W4206189050
https://openalex.org/W4236387054
https://openalex.org/W4237451829
https://openalex.org/W4244242754
https://openalex.org/W1618545391
https://openalex.org/W1919575899
https://openalex.org/W1991558001
https://openalex.org/W2003561743
https://openalex.org/W2003608462
https://openalex.org/W2016050147
https://openalex.org/W2017761089
https://openalex.org/W2020052333
https://openalex.org/W2035143858
https://openalex.org/W2050493601
https://openalex.org/W2095960724
https://openalex.org/W4235591343
https://openalex.org/W4249060861
https://openalex.org/W1982703036
https://openalex.org/W1992953348
https://openalex.org/W2128648523
https://openalex.org/W2329864954
https://openalex.org/W2468956106
https://openalex.org/W2483558904
https://openalex.org/W2488062766
https://openalex.org/W4255009080
https://openalex.org/W2051562083
https://openalex.org/W2075312553
https://openalex.org/W2149974324
https://openalex.org/W3098306856
https://openalex.org/W3127193843
https://openalex.org/W3130184321
https://openalex.org/W3133244738
https://openalex.org/W3158068403
https://openalex.org/W3158326974
https://openalex.org/W3179817154
https://openalex.org/W3186682074
https://openalex.org/W4236268111
https://openalex.org/W4301346990
https://openalex.org/W4312979052
https://openalex.org/W3031891472
https://openalex.org/W4300660508
https://openalex.org/W1970522488
https://openalex.org/W2007304899
https://openalex.org/W2017500306
https://openalex.org/W2035640378
https://openalex.org/W2129789397
https://openalex.org/W2397489028
https://openalex.org/W2430654971
https://openalex.org/W2438316588
https://openalex.org/W2465026282
https://openalex.org/W2588810684
https://openalex.org/W124459985
https://openalex.org/W2407706486
https://openalex.org/W111660651
https://openalex.org/W1991080423
https://openalex.org/W2001076795
https://openalex.org/W2068666594
https://openalex.org/W2332737730
https://openalex.org/W2397156474
https://openalex.org/W2406674150
https://openalex.org/W2534669560
https://openalex.org/W2549702303
https://openalex.org/W2771215047
https://openalex.org/W2781967451
https://openalex.org/W281758871
https://openalex.org/W2363060005
https://openalex.org/W2405279271
https://openalex.org/W2418277721
https://openalex.org/W4255699682
https://openalex.org/W4301018854
https://openalex.org/W2002153452
https://openalex.org/W2041081500
https://openalex.org/W2327542904
https://openalex.org/W2334905884
https://openalex.org/W2395456345
https://openalex.org/W2408947657
https://openalex.org/W2417801967
https://openalex.org/W2466388734
https://openalex.org/W2569441250
https://openalex.org/W304609767
https://openalex.org/W4230287762
https://openalex.org/W1564313736
https://openalex.org/W1990879497
https://openalex.org/W2003339516
https://openalex.org/W2030997447
https://openalex.org/W2094097125
https://openalex.org/W2130454748
https://openalex.org/W2419330880
https://openalex.org/W3017738094
https://openalex.org/W1483973657
https://openalex.org/W1519093680
https://openalex.org/W1527845491
https://openalex.org/W1557219836
https://openalex.org/W1594084353
https://openalex.org/W1595981641
https://openalex.org/W1825227572
https://openalex.org/W1930402981
https://openalex.org/W1967202730
https://openalex.org/W2000043891
https://openalex.org/W2001339168
https://openalex.org/W2021853462
https://openalex.org/W2026809347
https://openalex.org/W2051727786
https://openalex.org/W2059843683
https://openalex.org/W2065088608
https://openalex.org/W2065349056
https://openalex.org/W2074975413
https://openalex.org/W2110819220
https://openalex.org/W2111297963
https://openalex.org/W2164525770
https://openalex.org/W2182517516
https://openalex.org/W2183254305
https://openalex.org/W2270028253
https://openalex.org/W2272841976
https://openalex.org/W2273965990
https://openalex.org/W2277453923
https://openalex.org/W2283779765
https://openalex.org/W2295222422
https://openalex.org/W2296058842
https://openalex.org/W2318307739
https://openalex.org/W2322623709
https://openalex.org/W2327324443
https://openalex.org/W2332696393
https://openalex.org/W2335578084
https://openalex.org/W2336242250
https://openalex.org/W2388486537
https://openalex.org/W2399704935
https://openalex.org/W2401453978
https://openalex.org/W2410878303
https://openalex.org/W2412338489
https://openalex.org/W2415440041
https://openalex.org/W2415660271
https://openalex.org/W2460146959
https://openalex.org/W2460973496
https://openalex.org/W2469358734
https://openalex.org/W2471718711
https://openalex.org/W2472263540
https://openalex.org/W2473210531
https://openalex.org/W2475632541
https://openalex.org/W2487467360
https://openalex.org/W2489082504
https://openalex.org/W2494535018
https://openalex.org/W2501510939
https://openalex.org/W2508151927
https://openalex.org/W2509066692
https://openalex.org/W2509199843
https://openalex.org/W2509834236
https://openalex.org/W2514090869
https://openalex.org/W2514638942
https://openalex.org/W2514727337
https://openalex.org/W2515891893
https://openalex.org/W2516626727
https://openalex.org/W2530015269
https://openalex.org/W2530417741
https://openalex.org/W2568019574
https://openalex.org/W2568354907
https://openalex.org/W2575422444
https://openalex.org/W2582612908
https://openalex.org/W2584724954
https://openalex.org/W2589146440
https://openalex.org/W2589235705
https://openalex.org/W2594376205
https://openalex.org/W2603562818
https://openalex.org/W2604262858
https://openalex.org/W2699445326
https://openalex.org/W2741031653
https://openalex.org/W2742847918
https://openalex.org/W2744590781
https://openalex.org/W2744689850
https://openalex.org/W2745102540
https://openalex.org/W2749713089
https://openalex.org/W2753645968
https://openalex.org/W2753771657
https://openalex.org/W2755509765
https://openalex.org/W2760163840
https://openalex.org/W2765876514
https://openalex.org/W2769306369
https://openalex.org/W2773674160
https://openalex.org/W2780662372
https://openalex.org/W2894849760
https://openalex.org/W2901853633
https://openalex.org/W2948006345
https://openalex.org/W3029891365
https://openalex.org/W3031493383
https://openalex.org/W3032616268
https://openalex.org/W3036182440
https://openalex.org/W3044499504
https://openalex.org/W3044737844
https://openalex.org/W3116075879
https://openalex.org/W3150073853
https://openalex.org/W3160043679
https://openalex.org/W3200000564
https://openalex.org/W330913760
https://openalex.org/W4205350075
https://openalex.org/W4231768992
https://openalex.org/W4233497757
https://openalex.org/W4239529149
https://openalex.org/W4239995028
https://openalex.org/W4242642618
https://openalex.org/W4247679446
https://openalex.org/W4247754838
https://openalex.org/W4248674355
https://openalex.org/W4252607274
https://openalex.org/W4253985828
https://openalex.org/W4254037966
https://openalex.org/W4297957361
https://openalex.org/W4299486378
https://openalex.org/W4299840362
https://openalex.org/W4300529833
https://openalex.org/W4300774691
https://openalex.org/W4300945908
https://openalex.org/W4389467374
https://openalex.org/W4394080463
https://openalex.org/W4394418570
https://openalex.org/W638813395
https://openalex.org/W1710597383
https://openalex.org/W1968289852
https://openalex.org/W1991103235
https://openalex.org/W2025795764
https://openalex.org/W2031906674
https://openalex.org/W2059194222
https://openalex.org/W2115636234
https://openalex.org/W2164249456
https://openalex.org/W2406848001
https://openalex.org/W2466931009
https://openalex.org/W2614062474
https://openalex.org/W2911318113
https://openalex.org/W1569306762
https://openalex.org/W1993669126
https://openalex.org/W2004781333
https://openalex.org/W206762066
https://openalex.org/W2415042247
https://openalex.org/W30846366
https://openalex.org/W142479922
https://openalex.org/W1483917812
https://openalex.org/W1556487751
https://openalex.org/W1567600496
https://openalex.org/W1617993323
https://openalex.org/W167629896
https://openalex.org/W1718832124
https://openalex.org/W185994634
https://openalex.org/W1970636418
https://openalex.org/W1977351015
https://openalex.org/W1980435158
https://openalex.org/W1988964403
https://openalex.org/W1994640574
https://openalex.org/W1995033320
https://openalex.org/W1996429782
https://openalex.org/W1998644125
https://openalex.org/W2008028035
https://openalex.org/W2008941195
https://openalex.org/W2009469496
https://openalex.org/W2015247407
https://openalex.org/W2023980297
https://openalex.org/W2026127840
https://openalex.org/W2028098866
https://openalex.org/W2032258590
https://openalex.org/W2033741319
https://openalex.org/W2036432062
https://openalex.org/W2039599257
https://openalex.org/W2048209394
https://openalex.org/W2050286959
https://openalex.org/W2066452257
https://openalex.org/W2077039899
https://openalex.org/W2079748777
https://openalex.org/W2086274570
https://openalex.org/W2088444207
https://openalex.org/W2090170676
https://openalex.org/W2120223727
https://openalex.org/W2158635202
https://openalex.org/W2163422544
https://openalex.org/W2181307926
https://openalex.org/W2183162480
https://openalex.org/W2259524881
https://openalex.org/W2263938841
https://openalex.org/W2265953967
https://openalex.org/W2286678092
https://openalex.org/W2291261838
https://openalex.org/W2314417195
https://openalex.org/W2315324914
https://openalex.org/W2316517771
https://openalex.org/W2318463399
https://openalex.org/W2322356448
https://openalex.org/W2324059000
https://openalex.org/W2324947718
https://openalex.org/W2325306695
https://openalex.org/W2328802069
https://openalex.org/W2330155645
https://openalex.org/W2333144881
https://openalex.org/W2352873433
https://openalex.org/W2354644667
https://openalex.org/W2355112373
https://openalex.org/W2356095117
https://openalex.org/W2356613967
https://openalex.org/W2358837188
https://openalex.org/W2359684974
https://openalex.org/W2360532520
https://openalex.org/W2361165451
https://openalex.org/W2368084845
https://openalex.org/W2373910537
https://openalex.org/W2377045412
https://openalex.org/W2379275951
https://openalex.org/W2379475541
https://openalex.org/W2385537785
https://openalex.org/W2385906397
https://openalex.org/W2388104749
https://openalex.org/W2389345255
https://openalex.org/W2391979547
https://openalex.org/W2393239807
https://openalex.org/W2393602497
https://openalex.org/W2397121854
https://openalex.org/W2399797685
https://openalex.org/W2400287239
https://openalex.org/W2401453634
https://openalex.org/W2401661086
https://openalex.org/W2407597216
https://openalex.org/W2408401505
https://openalex.org/W2409426339
https://openalex.org/W2411244960
https://openalex.org/W2412457366
https://openalex.org/W2414833249
https://openalex.org/W2415550014
https://openalex.org/W2415986072
https://openalex.org/W2416233500
https://openalex.org/W2419580822
https://openalex.org/W2474520654
https://openalex.org/W2505408750
https://openalex.org/W2565819103
https://openalex.org/W2569146942
https://openalex.org/W2586128385
https://openalex.org/W2604364686
https://openalex.org/W2612163586
https://openalex.org/W2617463937
https://openalex.org/W2625216521
https://openalex.org/W2625360349
https://openalex.org/W2730046006
https://openalex.org/W2741193887
https://openalex.org/W2743027699
https://openalex.org/W2776954605
https://openalex.org/W2806465442
https://openalex.org/W2964936009
https://openalex.org/W2995078431
https://openalex.org/W3022782594
https://openalex.org/W3029031275
https://openalex.org/W3029750118
https://openalex.org/W3029790649
https://openalex.org/W3029843502
https://openalex.org/W3030368446
https://openalex.org/W3030491970
https://openalex.org/W3032076474
https://openalex.org/W3133611447
https://openalex.org/W3164791363
https://openalex.org/W3194162638
https://openalex.org/W3215155264
https://openalex.org/W329132674
https://openalex.org/W4211014212
https://openalex.org/W4230801419
https://openalex.org/W4231994282
https://openalex.org/W4232259323
https://openalex.org/W4234484439
https://openalex.org/W4235607427
https://openalex.org/W4236538820
https://openalex.org/W4238758462
https://openalex.org/W4240805640
https://openalex.org/W4241478458
https://openalex.org/W4243038711
https://openalex.org/W4243125531
https://openalex.org/W4244720978
https://openalex.org/W4246001397
https://openalex.org/W4246279720
https://openalex.org/W4249274089
https://openalex.org/W4250556142
https://openalex.org/W4255389666
https://openalex.org/W4255644563
https://openalex.org/W4395041141
https://openalex.org/W580789375
https://openalex.org/W2004467603
https://openalex.org/W2051376743
https://openalex.org/W2284687419
https://openalex.org/W2321651895
https://openalex.org/W2333995548
https://openalex.org/W1953603522
https://openalex.org/W1970629686
https://openalex.org/W2006890559
https://openalex.org/W2013888412
https://openalex.org/W2082441294
https://openalex.org/W2101785818
https://openalex.org/W2132700773
https://openalex.org/W2268840231
https://openalex.org/W3023470398
https://openalex.org/W3143283212
https://openalex.org/W4245349336
https://openalex.org/W624068733
https://openalex.org/W12203504
https://openalex.org/W1495255686
https://openalex.org/W1532810141
https://openalex.org/W1675418894
https://openalex.org/W1792733792
https://openalex.org/W1924563839
https://openalex.org/W1935229966
https://openalex.org/W1939114088
https://openalex.org/W2001707816
https://openalex.org/W2012110318
https://openalex.org/W2026813602
https://openalex.org/W2050686065
https://openalex.org/W2147507123
https://openalex.org/W2232921793
https://openalex.org/W2235334657
https://openalex.org/W2255332308
https://openalex.org/W2266697279
https://openalex.org/W2271525458
https://openalex.org/W2292146559
https://openalex.org/W2305516028
https://openalex.org/W2344663333
https://openalex.org/W2352730776
https://openalex.org/W2369675421
https://openalex.org/W2375972950
https://openalex.org/W2379622732
https://openalex.org/W2380080278
https://openalex.org/W2395994296
https://openalex.org/W2409465532
https://openalex.org/W2410143190
https://openalex.org/W2411147630
https://openalex.org/W2412140510
https://openalex.org/W2413318808
https://openalex.org/W2414577620
https://openalex.org/W2417424798
https://openalex.org/W2424705351
https://openalex.org/W2432450153
https://openalex.org/W2460327868
https://openalex.org/W2462633942
https://openalex.org/W2469940728
https://openalex.org/W2472903691
https://openalex.org/W2483311244
https://openalex.org/W2558524734
https://openalex.org/W256580792
https://openalex.org/W2586921462
https://openalex.org/W2588003488
https://openalex.org/W2588569977
https://openalex.org/W2589127789
https://openalex.org/W2600793350
https://openalex.org/W2604278097
https://openalex.org/W2604551967
https://openalex.org/W2608993524
https://openalex.org/W2609905822
https://openalex.org/W2688032963
https://openalex.org/W2729736681
https://openalex.org/W2742537148
https://openalex.org/W2742778072
https://openalex.org/W2743432140
https://openalex.org/W2750052807
https://openalex.org/W2753049202
https://openalex.org/W2754488073
https://openalex.org/W2754659881
https://openalex.org/W2762862079
https://openalex.org/W2771650610
https://openalex.org/W2771796418
https://openalex.org/W2772597275
https://openalex.org/W2783922068
https://openalex.org/W2792943785
https://openalex.org/W2801453115
https://openalex.org/W2884302960
https://openalex.org/W2896515345
https://openalex.org/W2950075633
https://openalex.org/W2980871552
https://openalex.org/W2989690372
https://openalex.org/W3023665174
https://openalex.org/W3023868675
https://openalex.org/W3025896038
https://openalex.org/W3028819885
https://openalex.org/W3030708193
https://openalex.org/W3148846350
https://openalex.org/W320750385
https://openalex.org/W4211075396
https://openalex.org/W4230023249
https://openalex.org/W4231041443
https://openalex.org/W4231777820
https://openalex.org/W4231779889
https://openalex.org/W4232361617
https://openalex.org/W4233286480
https://openalex.org/W4233750946
https://openalex.org/W4233852475
https://openalex.org/W4235981961
https://openalex.org/W4236604574
https://openalex.org/W4237229478
https://openalex.org/W4240110702
https://openalex.org/W4240799669
https://openalex.org/W4241170087
https://openalex.org/W4242433422
https://openalex.org/W4242936882
https://openalex.org/W4243011001
https://openalex.org/W4243638707
https://openalex.org/W4244266770
https://openalex.org/W4244681831
https://openalex.org/W4244851744
https://openalex.org/W4245264352
https://openalex.org/W4247352904
https://openalex.org/W4249218389
https://openalex.org/W4249614127
https://openalex.org/W4250016840
https://openalex.org/W4250371266
https://openalex.org/W4251578349
https://openalex.org/W4253422284
https://openalex.org/W4253735980
https://openalex.org/W4253769082
https://openalex.org/W4253885314
https://openalex.org/W4254120098
https://openalex.org/W4254707236
https://openalex.org/W4255364192
https://openalex.org/W4256083339
https://openalex.org/W4289542512
https://openalex.org/W575767447
https://openalex.org/W652345024
https://openalex.org/W747080776
https://openalex.org/W824057541
https://openalex.org/W90329485
https://openalex.org/W963261743
https://openalex.org/W987618475
https://openalex.org/W2332703603
https://openalex.org/W2405789931
https://openalex.org/W4240660373
https://openalex.org/W155825810
https://openalex.org/W1612479333
https://openalex.org/W1672431098
https://openalex.org/W169673597
https://openalex.org/W1968451240
https://openalex.org/W1999950603
https://openalex.org/W2027686664
https://openalex.org/W2053834742
https://openalex.org/W2054388237
https://openalex.org/W2079295700
https://openalex.org/W2088917521
https://openalex.org/W2108206529
https://openalex.org/W2154519565
https://openalex.org/W2164302313
https://openalex.org/W2187114425
https://openalex.org/W2253934315
https://openalex.org/W2358024043
https://openalex.org/W2361578095
https://openalex.org/W2362050132
https://openalex.org/W2362658160
https://openalex.org/W2365304817
https://openalex.org/W2378420109
https://openalex.org/W2389454547
https://openalex.org/W2421401194
https://openalex.org/W2461696499
https://openalex.org/W2463107832
https://openalex.org/W2499217461
https://openalex.org/W2508321354
https://openalex.org/W2549132118
https://openalex.org/W2604144355
https://openalex.org/W2708720992
https://openalex.org/W2781706617
https://openalex.org/W2883307320
https://openalex.org/W2883440064
https://openalex.org/W2883565665
https://openalex.org/W2883964302
https://openalex.org/W2884919045
https://openalex.org/W2977564249
https://openalex.org/W3009540471
https://openalex.org/W3029504480
https://openalex.org/W3146322435
https://openalex.org/W4205471330
https://openalex.org/W4205543675
https://openalex.org/W4206177195
https://openalex.org/W4210524245
https://openalex.org/W4210572970
https://openalex.org/W4210666364
https://openalex.org/W4212858007
https://openalex.org/W4214593704
https://openalex.org/W4220983384
https://openalex.org/W4221051549
https://openalex.org/W4225350637
https://openalex.org/W4226244234
https://openalex.org/W4229076769
https://openalex.org/W4230804972
https://openalex.org/W4232623605
https://openalex.org/W4232984711
https://openalex.org/W4234754081
https://openalex.org/W4240061288
https://openalex.org/W4240346245
https://openalex.org/W4240903225
https://openalex.org/W4243096143
https://openalex.org/W4245455403
https://openalex.org/W4246689385
https://openalex.org/W4249591884
https://openalex.org/W4250950435
https://openalex.org/W4256007823
https://openalex.org/W4256035961
https://openalex.org/W4280614889
https://openalex.org/W4285129457
https://openalex.org/W4285263612
https://openalex.org/W4285287625
https://openalex.org/W4287854730
https://openalex.org/W4289261769
https://openalex.org/W4291208795
https://openalex.org/W4292171952
https://openalex.org/W4296339724
https://openalex.org/W4297549399
https://openalex.org/W4300962950
https://openalex.org/W4301391232
https://openalex.org/W4302323431
https://openalex.org/W4306754168
https://openalex.org/W4308365791
https://openalex.org/W4312627790
https://openalex.org/W4312727573
https://openalex.org/W4312770687
https://openalex.org/W4312981019
https://openalex.org/W4313293351
https://openalex.org/W4313391732
https://openalex.org/W4313393602
https://openalex.org/W4313393755
https://openalex.org/W4315436220
https://openalex.org/W4315778407
https://openalex.org/W4385504010
https://openalex.org/W4389368470
https://openalex.org/W4389404722
https://openalex.org/W4394254489
https://openalex.org/W4394376369
https://openalex.org/W1585700784
https://openalex.org/W1996827729
https://openalex.org/W2004965737
https://openalex.org/W2026280784
https://openalex.org/W2047078322
https://openalex.org/W2110619640
https://openalex.org/W2133743721
https://openalex.org/W2155642368
https://openalex.org/W223749870
https://openalex.org/W2317967189
https://openalex.org/W2371513415
https://openalex.org/W2410978778
https://openalex.org/W2416419798
https://openalex.org/W3144554709
https://openalex.org/W4252157867
https://openalex.org/W1979921098
https://openalex.org/W2000729758
https://openalex.org/W2012206780
https://openalex.org/W204061424
https://openalex.org/W2040837470
https://openalex.org/W2054809745
https://openalex.org/W2063727154
https://openalex.org/W2098990914
https://openalex.org/W2127776293
https://openalex.org/W2135301247
https://openalex.org/W2182506771
https://openalex.org/W2185785307
https://openalex.org/W2267304293
https://openalex.org/W2366441712
https://openalex.org/W2372313336
https://openalex.org/W2386242049
https://openalex.org/W2390079371
https://openalex.org/W2412014856
https://openalex.org/W2417752085
https://openalex.org/W2472040781
https://openalex.org/W2505133178
https://openalex.org/W2505666137
https://openalex.org/W2599865634
https://openalex.org/W2619801385
https://openalex.org/W2769599332
https://openalex.org/W2786091324
https://openalex.org/W2791290020
https://openalex.org/W2795922984
https://openalex.org/W2798932842
https://openalex.org/W2803961791
https://openalex.org/W2810728624
https://openalex.org/W2883439553
https://openalex.org/W2885735854
https://openalex.org/W2887438126
https://openalex.org/W2892296797
https://openalex.org/W2896469838
https://openalex.org/W2896543450
https://openalex.org/W2897222854
https://openalex.org/W2898244995
https://openalex.org/W2899391491
https://openalex.org/W2900425649
https://openalex.org/W2901732479
https://openalex.org/W2912331001
https://openalex.org/W2912895196
https://openalex.org/W2924981500
https://openalex.org/W2934623162
https://openalex.org/W2938110350
https://openalex.org/W2940005684
https://openalex.org/W2944761573
https://openalex.org/W2946669533
https://openalex.org/W2947143343
https://openalex.org/W2964406604
https://openalex.org/W2969529211
https://openalex.org/W2970522645
https://openalex.org/W2980388314
https://openalex.org/W2982234296
https://openalex.org/W2985552372
https://openalex.org/W2988186973
https://openalex.org/W2997271455
https://openalex.org/W2998112863
https://openalex.org/W3013502925
https://openalex.org/W3028895213
https://openalex.org/W3029850838
https://openalex.org/W3032243784
https://openalex.org/W3101241617
https://openalex.org/W3180956870
https://openalex.org/W3199296051
https://openalex.org/W3209137905
https://openalex.org/W4206388637
https://openalex.org/W4229594019
https://openalex.org/W4229814389
https://openalex.org/W4230637168
https://openalex.org/W4230699207
https://openalex.org/W4230917285
https://openalex.org/W4230962509
https://openalex.org/W4232150700
https://openalex.org/W4233789657
https://openalex.org/W4234124479
https://openalex.org/W4235102493
https://openalex.org/W4236449705
https://openalex.org/W4236788282
https://openalex.org/W4237547808
https://openalex.org/W4237732790
https://openalex.org/W4238075056
https://openalex.org/W4239786512
https://openalex.org/W4240341673
https://openalex.org/W4240558017
https://openalex.org/W4240934552
https://openalex.org/W4240945716
https://openalex.org/W4241047978
https://openalex.org/W4241822306
https://openalex.org/W4242607430
https://openalex.org/W4242792087
https://openalex.org/W4243541188
https://openalex.org/W4243729557
https://openalex.org/W4244130661
https://openalex.org/W4244320185
https://openalex.org/W4245058828
https://openalex.org/W4245181163
https://openalex.org/W4245341315
https://openalex.org/W4246711660
https://openalex.org/W4247044934
https://openalex.org/W4247845413
https://openalex.org/W4248678847
https://openalex.org/W4249067270
https://openalex.org/W4249428062
https://openalex.org/W4250963804
https://openalex.org/W4251714844
https://openalex.org/W4251881954
https://openalex.org/W4252291078
https://openalex.org/W4252593921
https://openalex.org/W4252671546
https://openalex.org/W4253359137
https://openalex.org/W4253475530
https://openalex.org/W4253553408
https://openalex.org/W4255627616
https://openalex.org/W4301482041
https://openalex.org/W4389466299
https://openalex.org/W4394944487
https://openalex.org/W99368345
https://openalex.org/W1980321935
https://openalex.org/W1991324642
https://openalex.org/W2000413203
https://openalex.org/W2039397565
https://openalex.org/W2052941623
https://openalex.org/W2054109150
https://openalex.org/W2056958782
https://openalex.org/W2066304858
https://openalex.org/W2082938424
https://openalex.org/W2091759592
https://openalex.org/W2100807096
https://openalex.org/W2395623313
https://openalex.org/W2405862522
https://openalex.org/W2432969900
https://openalex.org/W2433505731
https://openalex.org/W2509005554
https://openalex.org/W2560324910
https://openalex.org/W4231135386
https://openalex.org/W4253326173
https://openalex.org/W1965101132
https://openalex.org/W1978654743
https://openalex.org/W2035527568
https://openalex.org/W2050989830
https://openalex.org/W2058999881
https://openalex.org/W2089057418
https://openalex.org/W2177652758
https://openalex.org/W2240670984
https://openalex.org/W2274874900
https://openalex.org/W2315308673
https://openalex.org/W2328652140
https://openalex.org/W2357853714
https://openalex.org/W2358978541
https://openalex.org/W2360613512
https://openalex.org/W2360940702
https://openalex.org/W2366911957
https://openalex.org/W2367541127
https://openalex.org/W2370414843
https://openalex.org/W2413984977
https://openalex.org/W2417075077
https://openalex.org/W2422116610
https://openalex.org/W2540579743
https://openalex.org/W2558154779
https://openalex.org/W2558570689
https://openalex.org/W2610892272
https://openalex.org/W2613334540
https://openalex.org/W2618343745
https://openalex.org/W2910205953
https://openalex.org/W2976822486
https://openalex.org/W2980061757
https://openalex.org/W2992389832
https://openalex.org/W3005270863
https://openalex.org/W3009919666
https://openalex.org/W3010417009
https://openalex.org/W3015701456
https://openalex.org/W3029753112
https://openalex.org/W3033372686
https://openalex.org/W3042391591
https://openalex.org/W3044365386
https://openalex.org/W3063695912
https://openalex.org/W3078338901
https://openalex.org/W3092319543
https://openalex.org/W3094340219
https://openalex.org/W3106757797
https://openalex.org/W3120165629
https://openalex.org/W3125540804
https://openalex.org/W3131340849
https://openalex.org/W3134101661
https://openalex.org/W3135886384
https://openalex.org/W3170332345
https://openalex.org/W3175194939
https://openalex.org/W3176025064
https://openalex.org/W3198658139
https://openalex.org/W3200055619
https://openalex.org/W4206003896
https://openalex.org/W4230429987
https://openalex.org/W4230482895
https://openalex.org/W4230790431
https://openalex.org/W4235076240
https://openalex.org/W4238784766
https://openalex.org/W4239588156
https://openalex.org/W4245349554
https://openalex.org/W4250539891
https://openalex.org/W4251619155
https://openalex.org/W4254123700
https://openalex.org/W4254334163
https://openalex.org/W4254396909
https://openalex.org/W4254993525
https://openalex.org/W4287628723
https://openalex.org/W4287642499
https://openalex.org/W4287758669
https://openalex.org/W81327718
https://openalex.org/W82294943
https://openalex.org/W8672528
https://openalex.org/W1982082340
https://openalex.org/W2053259535
https://openalex.org/W2086572624
https://openalex.org/W2089225558
https://openalex.org/W2161529595
https://openalex.org/W2326742969
https://openalex.org/W2329226432
https://openalex.org/W2465525705
https://openalex.org/W2473672598
https://openalex.org/W2516913929
https://openalex.org/W4251336140
https://openalex.org/W103115375
https://openalex.org/W134096799
https://openalex.org/W138360318
https://openalex.org/W1857771626
https://openalex.org/W1970569116
https://openalex.org/W1982723590
https://openalex.org/W1990523865
https://openalex.org/W1995417312
https://openalex.org/W2013586297
https://openalex.org/W2067052618
https://openalex.org/W2082730843
https://openalex.org/W2147692577
https://openalex.org/W2189467240
https://openalex.org/W2264964277
https://openalex.org/W2296578456
https://openalex.org/W2328334870
https://openalex.org/W2337591315
https://openalex.org/W2368384319
https://openalex.org/W2373236782
https://openalex.org/W2392982448
https://openalex.org/W2396505874
https://openalex.org/W2403892001
https://openalex.org/W2407938541
https://openalex.org/W2408128014
https://openalex.org/W2411766694
https://openalex.org/W2412651221
https://openalex.org/W2413531490
https://openalex.org/W2414084499
https://openalex.org/W2426693045
https://openalex.org/W2439372847
https://openalex.org/W2559235200
https://openalex.org/W2580533611
https://openalex.org/W2590018723
https://openalex.org/W3106973527
https://openalex.org/W3112629640
https://openalex.org/W4244820580
https://openalex.org/W1011193617
https://openalex.org/W1979434367
https://openalex.org/W2037014888
https://openalex.org/W2060809626
https://openalex.org/W2132476945
https://openalex.org/W2142305777
https://openalex.org/W2155636374
https://openalex.org/W2169730417
https://openalex.org/W2215226943
https://openalex.org/W2361141963
https://openalex.org/W2366019754
https://openalex.org/W2371430825
https://openalex.org/W2383575609
https://openalex.org/W2410515252
https://openalex.org/W2411111644
https://openalex.org/W2414680695
https://openalex.org/W2471253358
https://openalex.org/W2474874678
https://openalex.org/W2571593714
https://openalex.org/W3118281543
https://openalex.org/W3127768988
https://openalex.org/W3157495418
https://openalex.org/W3163251969
https://openalex.org/W3166537256
https://openalex.org/W3176926363
https://openalex.org/W3181415324
https://openalex.org/W3184003944
https://openalex.org/W3190275969
https://openalex.org/W3195988557
https://openalex.org/W3201692735
https://openalex.org/W3201837452
https://openalex.org/W3203240269
https://openalex.org/W3203749377
https://openalex.org/W3205670291
https://openalex.org/W3211638287
https://openalex.org/W3214691994
https://openalex.org/W3214906411
https://openalex.org/W3215659966
https://openalex.org/W4200631657
https://openalex.org/W4210602719
https://openalex.org/W4210621222
https://openalex.org/W4211111631
https://openalex.org/W4226401562
https://openalex.org/W4229492596
https://openalex.org/W4229836100
https://openalex.org/W4242159077
https://openalex.org/W4242175542
https://openalex.org/W4244619942
https://openalex.org/W4245531505
https://openalex.org/W4253473266
https://openalex.org/W4394474063
https://openalex.org/W1963486015
https://openalex.org/W2001898639
https://openalex.org/W2004571099
https://openalex.org/W2014322944
https://openalex.org/W2042257502
https://openalex.org/W2044804786
https://openalex.org/W2075985723
https://openalex.org/W2105288100
https://openalex.org/W2315560215
https://openalex.org/W2333967572
https://openalex.org/W2348805471
https://openalex.org/W2368205899
https://openalex.org/W2386536438
https://openalex.org/W2394088064
https://openalex.org/W2414137728
https://openalex.org/W2414702522
https://openalex.org/W2431632418
https://openalex.org/W2436009528
https://openalex.org/W2464566001
https://openalex.org/W2488091932
https://openalex.org/W2587076078
https://openalex.org/W2610885647
https://openalex.org/W2775272825
https://openalex.org/W2775455066
https://openalex.org/W2792975112
https://openalex.org/W3024847762
https://openalex.org/W3215193881
https://openalex.org/W4230067353
https://openalex.org/W4233643810
https://openalex.org/W4236066047
https://openalex.org/W4242646627
https://openalex.org/W4244655345
https://openalex.org/W4253946747
https://openalex.org/W4255882784
https://openalex.org/W4378375845
https://openalex.org/W113995682
https://openalex.org/W1178227611
https://openalex.org/W1550194860
https://openalex.org/W1967947571
https://openalex.org/W1996505951
https://openalex.org/W2017757761
https://openalex.org/W2024380412
https://openalex.org/W2038733068
https://openalex.org/W2046793516
https://openalex.org/W2053925540
https://openalex.org/W2079708391
https://openalex.org/W2087412841
https://openalex.org/W2112333764
https://openalex.org/W2290520231
https://openalex.org/W2315011523
https://openalex.org/W2317333183
https://openalex.org/W2332801843
https://openalex.org/W2352624247
https://openalex.org/W2354641617
https://openalex.org/W2361238623
https://openalex.org/W2361428917
https://openalex.org/W2409272415
https://openalex.org/W2411340888
https://openalex.org/W2413301723
https://openalex.org/W2414047983
https://openalex.org/W2467927081
https://openalex.org/W2475954358
https://openalex.org/W2506881875
https://openalex.org/W3006779610
https://openalex.org/W3017532643
https://openalex.org/W37349157
https://openalex.org/W387563642
https://openalex.org/W4229811658
https://openalex.org/W4255931896
https://openalex.org/W167040986
https://openalex.org/W1908006972
https://openalex.org/W1965313239
https://openalex.org/W1976627831
https://openalex.org/W1982081115
https://openalex.org/W2036026756
https://openalex.org/W2036436413
https://openalex.org/W2039446848
https://openalex.org/W2058057642
https://openalex.org/W2087297338
https://openalex.org/W2091742919
https://openalex.org/W2094592143
https://openalex.org/W2103797252
https://openalex.org/W2169519558
https://openalex.org/W2188185779
https://openalex.org/W2259470801
https://openalex.org/W2315863542
https://openalex.org/W2320219116
https://openalex.org/W2327093336
https://openalex.org/W2327865470
https://openalex.org/W2333113803
https://openalex.org/W2339529727
https://openalex.org/W2404648922
https://openalex.org/W2410332958
https://openalex.org/W2410440009
https://openalex.org/W2413804515
https://openalex.org/W2416787357
https://openalex.org/W2424740433
https://openalex.org/W2430641887
https://openalex.org/W2442658891
https://openalex.org/W2461281641
https://openalex.org/W2464563977
https://openalex.org/W2471496623
https://openalex.org/W2472838020
https://openalex.org/W2589387374
https://openalex.org/W2792623064
https://openalex.org/W2913175052
https://openalex.org/W3012692475
https://openalex.org/W3111701146
https://openalex.org/W3208662118
https://openalex.org/W330802864
https://openalex.org/W359424937
https://openalex.org/W4232940644
https://openalex.org/W4233690774
https://openalex.org/W4234912119
https://openalex.org/W4251819214
https://openalex.org/W4253776441
https://openalex.org/W4256443067
https://openalex.org/W809215991
https://openalex.org/W93525153
https://openalex.org/W1523926519
https://openalex.org/W2024753203
https://openalex.org/W2035659493
https://openalex.org/W2038218951
https://openalex.org/W2064036363
https://openalex.org/W2085202682
https://openalex.org/W2091970847
https://openalex.org/W2194214644
https://openalex.org/W2214021640
https://openalex.org/W2282631985
https://openalex.org/W2327976376
https://openalex.org/W2338117497
https://openalex.org/W2395588426
https://openalex.org/W2412494142
https://openalex.org/W2415538313
https://openalex.org/W2417956696
https://openalex.org/W2482712737
https://openalex.org/W2613765162
https://openalex.org/W2618517565
https://openalex.org/W2922499861
https://openalex.org/W3010156054
https://openalex.org/W3023517866
https://openalex.org/W3024154303
https://openalex.org/W374902034
https://openalex.org/W4239117911
https://openalex.org/W4251580392
https://openalex.org/W4251791985
https://openalex.org/W4300941187
https://openalex.org/W4301337940
https://openalex.org/W4389843552
https://openalex.org/W1966306220
https://openalex.org/W1968143450
https://openalex.org/W1969289813
https://openalex.org/W1990486809
https://openalex.org/W1995207433
https://openalex.org/W2003971986
https://openalex.org/W2017710225
https://openalex.org/W2029484634
https://openalex.org/W203004184
https://openalex.org/W2037220065
https://openalex.org/W2040989816
https://openalex.org/W2044164702
https://openalex.org/W2060087129
https://openalex.org/W2061112927
https://openalex.org/W2061377424
https://openalex.org/W2064699876
https://openalex.org/W2068154389
https://openalex.org/W2082200831
https://openalex.org/W2171825729
https://openalex.org/W2287695216
https://openalex.org/W2314788147
https://openalex.org/W2323022433
https://openalex.org/W2327645050
https://openalex.org/W2327758309
https://openalex.org/W2360942781
https://openalex.org/W2395628287
https://openalex.org/W2415890508
https://openalex.org/W2417862955
https://openalex.org/W2418093402
https://openalex.org/W2418550224
https://openalex.org/W256682733
https://openalex.org/W2567048737
https://openalex.org/W2592802829
https://openalex.org/W2593838226
https://openalex.org/W2597887099
https://openalex.org/W2599707309
https://openalex.org/W2604416182
https://openalex.org/W2605183773
https://openalex.org/W2608228906
https://openalex.org/W2608577223
https://openalex.org/W2608675778
https://openalex.org/W2609643068
https://openalex.org/W2663968046
https://openalex.org/W2721498162
https://openalex.org/W2792168848
https://openalex.org/W2803460157
https://openalex.org/W2947051561
https://openalex.org/W2950920516
https://openalex.org/W2993046325
https://openalex.org/W3141108090
https://openalex.org/W3199842279
https://openalex.org/W3211145845
https://openalex.org/W397123631
https://openalex.org/W4237822959
https://openalex.org/W4240790117
https://openalex.org/W4241077114
https://openalex.org/W4243323013
https://openalex.org/W4252754045
https://openalex.org/W4253699468
https://openalex.org/W4290267983
https://openalex.org/W54231075
https://openalex.org/W640671388
https://openalex.org/W2042472927
https://openalex.org/W2077865652
https://openalex.org/W2013571259
https://openalex.org/W2159075850
https://openalex.org/W1968254266
https://openalex.org/W1978411158
https://openalex.org/W2038798176
https://openalex.org/W2043256557
https://openalex.org/W2800027563
https://openalex.org/W2914165044
https://openalex.org/W2563771740
https://openalex.org/W2995810258
https://openalex.org/W2922467660
https://openalex.org/W2948955366
https://openalex.org/W3128799710
https://openalex.org/W4220674210
https://openalex.org/W4225417124
https://openalex.org/W4313396966
https://openalex.org/W4390815551
https://openalex.org/W1593154204
https://openalex.org/W1972765628
https://openalex.org/W2103763724
https://openalex.org/W1502422472
https://openalex.org/W1906468352
https://openalex.org/W1580770264
https://openalex.org/W2045020364
https://openalex.org/W2116354125
https://openalex.org/W2492575668
https://openalex.org/W2110878808
https://openalex.org/W596332277
https://openalex.org/W2113980563
https://openalex.org/W1985379875
https://openalex.org/W2044825855
https://openalex.org/W1973438438
https://openalex.org/W1968141941
https://openalex.org/W1996638606
https://openalex.org/W2884854621
https://openalex.org/W2070919048
https://openalex.org/W2165336608
https://openalex.org/W2090942203
https://openalex.org/W4379162758
https://openalex.org/W2753931614
https://openalex.org/W2019633686
https://openalex.org/W2754879044
https://openalex.org/W2775059756
https://openalex.org/W2902387465
https://openalex.org/W2764331949
https://openalex.org/W2111117485
https://openalex.org/W2326230365
https://openalex.org/W2900362977
https://openalex.org/W923067868
https://openalex.org/W2805482077
https://openalex.org/W2936836467
https://openalex.org/W2912585165
https://openalex.org/W3214398063
https://openalex.org/W3092088236
https://openalex.org/W3159520521
https://openalex.org/W4206921844
https://openalex.org/W3205403188
https://openalex.org/W3197536371
https://openalex.org/W3205491235
https://openalex.org/W4280592767
https://openalex.org/W4387207557
https://openalex.org/W4390940664
https://openalex.org/W2011559747
https://openalex.org/W2105871302
https://openalex.org/W2171819593
https://openalex.org/W2079669517
https://openalex.org/W2009614821
https://openalex.org/W2071952197
https://openalex.org/W1994029944
https://openalex.org/W2104440982
https://openalex.org/W2110015614
https://openalex.org/W2020512703
https://openalex.org/W2057537220
https://openalex.org/W1997613975
https://openalex.org/W2034363767
https://openalex.org/W1612243840
https://openalex.org/W1747677343
https://openalex.org/W2140723563
https://openalex.org/W1763193602
https://openalex.org/W2007182311
https://openalex.org/W1939660131
https://openalex.org/W2115658330
https://openalex.org/W1974044014
https://openalex.org/W1992031477
https://openalex.org/W1531087253
https://openalex.org/W1603693791
https://openalex.org/W1965836384
https://openalex.org/W2085671712
https://openalex.org/W1572325604
https://openalex.org/W2048452199
https://openalex.org/W2020097343
https://openalex.org/W1507728960
https://openalex.org/W2080018599
https://openalex.org/W2138684147
https://openalex.org/W2013105709
https://openalex.org/W1974473537
https://openalex.org/W2735319444
https://openalex.org/W2463814916
https://openalex.org/W2735144640
https://openalex.org/W2194148989
https://openalex.org/W2213684587
https://openalex.org/W2530055814
https://openalex.org/W2801062908
https://openalex.org/W2547103937
https://openalex.org/W2060839577
https://openalex.org/W2010380943
https://openalex.org/W1997709754
https://openalex.org/W2094380730
https://openalex.org/W2101233152
https://openalex.org/W1875231889
https://openalex.org/W2513973284
https://openalex.org/W2572865496
https://openalex.org/W3000273898
https://openalex.org/W3012501552
https://openalex.org/W2906374347
https://openalex.org/W2999034945
https://openalex.org/W3034780668
https://openalex.org/W2981814657
https://openalex.org/W3000854008
https://openalex.org/W3117974514
https://openalex.org/W3152813261
https://openalex.org/W3113531122
https://openalex.org/W3116416203
https://openalex.org/W3159763726
https://openalex.org/W3126505498
https://openalex.org/W4214762020
https://openalex.org/W3201143117
https://openalex.org/W3205362277
https://openalex.org/W4223521625
https://openalex.org/W4323805485
https://openalex.org/W4319216518
https://openalex.org/W4389496536
https://openalex.org/W4391002675
https://openalex.org/W4391051286
https://openalex.org/W4391741149
https://openalex.org/W4392109397
https://openalex.org/W2313176081
https://openalex.org/W1999329221
https://openalex.org/W2321329826
https://openalex.org/W2035501058
https://openalex.org/W2154044361
https://openalex.org/W2013403628
https://openalex.org/W2146684793
https://openalex.org/W280347373
https://openalex.org/W1498658789
https://openalex.org/W2036549126
https://openalex.org/W2077201731
https://openalex.org/W1964716484
https://openalex.org/W1992308402
https://openalex.org/W1562583604
https://openalex.org/W2056658264
https://openalex.org/W2071664730
https://openalex.org/W2029009395
https://openalex.org/W2019926331
https://openalex.org/W2110344121
https://openalex.org/W2131245367
https://openalex.org/W2133163166
https://openalex.org/W2054648838
https://openalex.org/W1991800772
https://openalex.org/W2026034321
https://openalex.org/W2078597094
https://openalex.org/W2057815022
https://openalex.org/W2100151338
https://openalex.org/W2086572669
https://openalex.org/W2032884361
https://openalex.org/W1967252813
https://openalex.org/W2142774970
https://openalex.org/W1991901646
https://openalex.org/W2068071664
https://openalex.org/W2580269893
https://openalex.org/W2590826142
https://openalex.org/W2790186412
https://openalex.org/W1022936698
https://openalex.org/W2282661938
https://openalex.org/W2511167998
https://openalex.org/W2049966221
https://openalex.org/W2406750391
https://openalex.org/W2513059377
https://openalex.org/W2767395045
https://openalex.org/W2307446181
https://openalex.org/W2593037505
https://openalex.org/W2600111905
https://openalex.org/W2952545224
https://openalex.org/W2795535491
https://openalex.org/W2905638201
https://openalex.org/W2930502683
https://openalex.org/W3000385087
https://openalex.org/W3083521451
https://openalex.org/W3165663970
https://openalex.org/W3045964021
https://openalex.org/W4308769342
https://openalex.org/W4312054198
https://openalex.org/W4367598742
https://openalex.org/W4367668330
https://openalex.org/W4377291569
https://openalex.org/W1514498101
https://openalex.org/W2028394676
https://openalex.org/W2116646339
https://openalex.org/W2086970037
https://openalex.org/W2030920532
https://openalex.org/W2045472471
https://openalex.org/W2004708438
https://openalex.org/W2010799520
https://openalex.org/W2088566699
https://openalex.org/W2102877939
https://openalex.org/W2131400044
https://openalex.org/W1514594630
https://openalex.org/W2128941263
https://openalex.org/W1610618731
https://openalex.org/W2005812593
https://openalex.org/W2116947268
https://openalex.org/W1032730310
https://openalex.org/W2049855636
https://openalex.org/W2086702012
https://openalex.org/W2097088373
https://openalex.org/W1986512606
https://openalex.org/W2132139248
https://openalex.org/W1595148330
https://openalex.org/W2008716992
https://openalex.org/W2076898705
https://openalex.org/W1982655333
https://openalex.org/W2169060995
https://openalex.org/W2055183083
https://openalex.org/W2054080830
https://openalex.org/W2333942120
https://openalex.org/W2014313129
https://openalex.org/W2125274635
https://openalex.org/W1994304798
https://openalex.org/W2274156145
https://openalex.org/W2431146984
https://openalex.org/W2768575127
https://openalex.org/W1635945907
https://openalex.org/W2752039928
https://openalex.org/W2890282775
https://openalex.org/W2912604833
https://openalex.org/W2980325615
https://openalex.org/W2806805867
https://openalex.org/W2945409063
https://openalex.org/W2949243116
https://openalex.org/W2889940472
https://openalex.org/W3006051133
https://openalex.org/W3012966760
https://openalex.org/W2981248170
https://openalex.org/W3013418784
https://openalex.org/W3192659669
https://openalex.org/W3092214828
https://openalex.org/W3151710639
https://openalex.org/W3172314426
https://openalex.org/W3152908770
https://openalex.org/W4226538108
https://openalex.org/W4229452922
https://openalex.org/W4282946931
https://openalex.org/W4297282940
https://openalex.org/W4210816293
https://openalex.org/W4293583437
https://openalex.org/W4366982990
https://openalex.org/W2087090094
https://openalex.org/W2052902290
https://openalex.org/W2146772981
https://openalex.org/W2086407688
https://openalex.org/W1981156437
https://openalex.org/W2001044314
https://openalex.org/W2008587488
https://openalex.org/W1549215911
https://openalex.org/W2098099565
https://openalex.org/W2120395099
https://openalex.org/W2022074799
https://openalex.org/W2036456099
https://openalex.org/W2020822944
https://openalex.org/W1990589901
https://openalex.org/W2021828003
https://openalex.org/W2026045959
https://openalex.org/W2128212855
https://openalex.org/W1967332266
https://openalex.org/W2161026520
https://openalex.org/W2151198760
https://openalex.org/W2129284552
https://openalex.org/W1986243498
https://openalex.org/W2010265982
https://openalex.org/W2036798042
https://openalex.org/W2060801850
https://openalex.org/W2002098616
https://openalex.org/W2131583347
https://openalex.org/W1964744590
https://openalex.org/W2007315291
https://openalex.org/W2064374180
https://openalex.org/W2136214992
https://openalex.org/W2601431695
https://openalex.org/W2521700877
https://openalex.org/W2893152975
https://openalex.org/W2773105865
https://openalex.org/W2885041076
https://openalex.org/W2336530873
https://openalex.org/W2592066099
https://openalex.org/W2768851705
https://openalex.org/W2995327635
https://openalex.org/W1993535499
https://openalex.org/W2410387667
https://openalex.org/W2915617240
https://openalex.org/W2990553362
https://openalex.org/W2913803585
https://openalex.org/W2996666136
https://openalex.org/W3010202682
https://openalex.org/W3037926886
https://openalex.org/W3009030138
https://openalex.org/W3044858526
https://openalex.org/W3049182698
https://openalex.org/W3165838705
https://openalex.org/W3203943809
https://openalex.org/W3133945076
https://openalex.org/W3136127882
https://openalex.org/W3175579027
https://openalex.org/W3183902330
https://openalex.org/W4211263575
https://openalex.org/W4296178319
https://openalex.org/W4312197450
https://openalex.org/W1499492311
https://openalex.org/W1603924874
https://openalex.org/W2025773780
https://openalex.org/W2442939049
https://openalex.org/W2047312702
https://openalex.org/W2153047323
https://openalex.org/W1990892252
https://openalex.org/W1982857362
https://openalex.org/W2078435909
https://openalex.org/W2102809225
https://openalex.org/W2042008525
https://openalex.org/W2120350111
https://openalex.org/W2155957137
https://openalex.org/W2094904527
https://openalex.org/W1995365271
https://openalex.org/W2139320030
https://openalex.org/W1966672134
https://openalex.org/W2061630788
https://openalex.org/W1975164514
https://openalex.org/W2135356134
https://openalex.org/W2008204789
https://openalex.org/W2915782544
https://openalex.org/W2165632689
https://openalex.org/W2029105454
https://openalex.org/W2164085757
https://openalex.org/W2325435112
https://openalex.org/W2078371290
https://openalex.org/W1979118730
https://openalex.org/W1995984381
https://openalex.org/W1983866536
https://openalex.org/W2020170257
https://openalex.org/W2084602335
https://openalex.org/W2042856155
https://openalex.org/W2604446138
https://openalex.org/W2758763358
https://openalex.org/W2043109273
https://openalex.org/W2059274769
https://openalex.org/W2145683406
https://openalex.org/W2153662719
https://openalex.org/W2476847573
https://openalex.org/W2563845955
https://openalex.org/W2586598311
https://openalex.org/W2898239581
https://openalex.org/W2966248748
https://openalex.org/W2782639567
https://openalex.org/W2802809570
https://openalex.org/W2894798394
https://openalex.org/W2902797781
https://openalex.org/W2905844825
https://openalex.org/W2911388459
https://openalex.org/W2912430808
https://openalex.org/W2967333533
https://openalex.org/W3010950281
https://openalex.org/W3089478328
https://openalex.org/W3099963685
https://openalex.org/W3094320617
https://openalex.org/W4225273189
https://openalex.org/W4293149259
https://openalex.org/W4214927184
https://openalex.org/W4226054359
https://openalex.org/W4308528201
https://openalex.org/W4311138236
https://openalex.org/W4376614262
https://openalex.org/W4380681874
https://openalex.org/W4380881755
https://openalex.org/W4382777486
https://openalex.org/W4386366216
https://openalex.org/W2335811715
https://openalex.org/W4233744974
https://openalex.org/W2004304252
https://openalex.org/W2060383216
https://openalex.org/W2006795825
https://openalex.org/W2104996552
https://openalex.org/W2110480271
https://openalex.org/W2029086125
https://openalex.org/W1990466313
https://openalex.org/W2031873063
https://openalex.org/W2015944229
https://openalex.org/W1514552328
https://openalex.org/W1964115588
https://openalex.org/W2031854346
https://openalex.org/W2077650837
https://openalex.org/W2039459719
https://openalex.org/W1981363843
https://openalex.org/W2001034723
https://openalex.org/W2090282908
https://openalex.org/W1997916049
https://openalex.org/W2026591639
https://openalex.org/W1983283736
https://openalex.org/W2068698020
https://openalex.org/W2108126644
https://openalex.org/W2135233845
https://openalex.org/W2050581231
https://openalex.org/W1997990275
https://openalex.org/W2077844301
https://openalex.org/W2417092536
https://openalex.org/W2046363529
https://openalex.org/W2057596268
https://openalex.org/W2080479843
https://openalex.org/W2238976540
https://openalex.org/W2342529200
https://openalex.org/W2460868642
https://openalex.org/W2621411875
https://openalex.org/W2791970157
https://openalex.org/W2898636415
https://openalex.org/W2904664361
https://openalex.org/W1929423342
https://openalex.org/W2560015040
https://openalex.org/W2752479541
https://openalex.org/W2770638816
https://openalex.org/W2268138294
https://openalex.org/W2522415461
https://openalex.org/W2916215443
https://openalex.org/W2954982919
https://openalex.org/W3011355118
https://openalex.org/W3044833571
https://openalex.org/W3113265071
https://openalex.org/W3129038148
https://openalex.org/W3165573834
https://openalex.org/W3131591549
https://openalex.org/W3202638270
https://openalex.org/W3203044955
https://openalex.org/W3214207311
https://openalex.org/W3199585181
https://openalex.org/W4205396393
https://openalex.org/W4284959816
https://openalex.org/W4307210428
https://openalex.org/W4387674701
https://openalex.org/W4388461990
https://openalex.org/W4389373637
https://openalex.org/W4389622710
https://openalex.org/W4389904122
https://openalex.org/W4390509324
https://openalex.org/W4390545311
https://openalex.org/W4390586756
https://openalex.org/W4390696115
https://openalex.org/W4390912458
https://openalex.org/W4391098556
https://openalex.org/W4391227579
https://openalex.org/W4391274884
https://openalex.org/W4391384880
https://openalex.org/W4391746434
https://openalex.org/W4391941502
https://openalex.org/W4392282627
https://openalex.org/W4392366280
https://openalex.org/W4392390680
https://openalex.org/W4392647232
https://openalex.org/W4392663804
https://openalex.org/W4392714233
https://openalex.org/W4392757342
https://openalex.org/W4392854053
https://openalex.org/W4392854054
https://openalex.org/W4392854078
https://openalex.org/W4392854104
https://openalex.org/W4392935466
https://openalex.org/W4392942266
https://openalex.org/W4392961674
https://openalex.org/W4393157717
https://openalex.org/W4393157871
https://openalex.org/W4393282015
https://openalex.org/W4393324804
https://openalex.org/W4393385984
https://openalex.org/W4393866759
https://openalex.org/W4393902608
https://openalex.org/W4394696695
https://openalex.org/W4394786787
https://openalex.org/W4394839957
https://openalex.org/W4395456194
https://openalex.org/W2037236616
https://openalex.org/W2335685841
https://openalex.org/W1963950961
https://openalex.org/W2157116323
https://openalex.org/W4704776
https://openalex.org/W2029537272
https://openalex.org/W1546129341
https://openalex.org/W2074139829
https://openalex.org/W1976508110
https://openalex.org/W2125887781
https://openalex.org/W2168374264
https://openalex.org/W2340005038
https://openalex.org/W2108839397
https://openalex.org/W1567891725
https://openalex.org/W2008739986
https://openalex.org/W2035732746
https://openalex.org/W253872681
https://openalex.org/W2057197124
https://openalex.org/W1968698052
https://openalex.org/W2169700313
https://openalex.org/W2020151379
https://openalex.org/W2039788501
https://openalex.org/W2111225391
https://openalex.org/W2057794105
https://openalex.org/W2061710220
https://openalex.org/W2004255374
https://openalex.org/W2027040180
https://openalex.org/W2031962192
https://openalex.org/W2037805391
https://openalex.org/W2100802801
https://openalex.org/W2992537693
https://openalex.org/W2063433645
https://openalex.org/W2485678424
https://openalex.org/W2146682817
https://openalex.org/W2742609669
https://openalex.org/W274753257
https://openalex.org/W2082063644
https://openalex.org/W2462841975
https://openalex.org/W2806233781
https://openalex.org/W2507288294
https://openalex.org/W2726955848
https://openalex.org/W2913511059
https://openalex.org/W3005824099
https://openalex.org/W3021962921
https://openalex.org/W3106469848
https://openalex.org/W3164812586
https://openalex.org/W3175946098
https://openalex.org/W4308804224
https://openalex.org/W4317870685
https://openalex.org/W4318624665
https://openalex.org/W4321497642
https://openalex.org/W4324123202
https://openalex.org/W4379375081
https://openalex.org/W4380368474
https://openalex.org/W4383998578
https://openalex.org/W4384843035
https://openalex.org/W24508724
https://openalex.org/W331185930
https://openalex.org/W1967867861
https://openalex.org/W1997319931
https://openalex.org/W2009202810
https://openalex.org/W1900655002
https://openalex.org/W2054649468
https://openalex.org/W2101037301
https://openalex.org/W110824312
https://openalex.org/W2109581028
https://openalex.org/W1996633293
https://openalex.org/W2025429942
https://openalex.org/W1562642050
https://openalex.org/W1985692899
https://openalex.org/W2053708877
https://openalex.org/W2135264944
https://openalex.org/W1984650191
https://openalex.org/W2409631353
https://openalex.org/W350472026
https://openalex.org/W2000504892
https://openalex.org/W2130580553
https://openalex.org/W1980078794
https://openalex.org/W2241690772
https://openalex.org/W1986871890
https://openalex.org/W2020572838
https://openalex.org/W1967180846
https://openalex.org/W2081379244
https://openalex.org/W2046130068
https://openalex.org/W2077200534
https://openalex.org/W2145885975
https://openalex.org/W2270770032
https://openalex.org/W2396450869
https://openalex.org/W2743322696
https://openalex.org/W2807814239
https://openalex.org/W2888335750
https://openalex.org/W2109525012
https://openalex.org/W2113739336
https://openalex.org/W2282757740
https://openalex.org/W2557285946
https://openalex.org/W2588816175
https://openalex.org/W2753512337
https://openalex.org/W2887893658
https://openalex.org/W2906634649
https://openalex.org/W3005370682
https://openalex.org/W3022489322
https://openalex.org/W3198552310
https://openalex.org/W4205722666
https://openalex.org/W4214724379
https://openalex.org/W4224271870
https://openalex.org/W4280541923
https://openalex.org/W4284883706
https://openalex.org/W4307582684
https://openalex.org/W1970943658
https://openalex.org/W281799091
https://openalex.org/W2026607317
https://openalex.org/W2039563080
https://openalex.org/W2146260553
https://openalex.org/W1965620225
https://openalex.org/W2074744103
https://openalex.org/W1543097762
https://openalex.org/W1992370805
https://openalex.org/W1975898342
https://openalex.org/W2086869049
https://openalex.org/W1931404334
https://openalex.org/W2001454983
https://openalex.org/W2614908608
https://openalex.org/W285885149
https://openalex.org/W2019918727
https://openalex.org/W2032000186
https://openalex.org/W4298400963
https://openalex.org/W2071474057
https://openalex.org/W2140539964
https://openalex.org/W2048038052
https://openalex.org/W1592899272
https://openalex.org/W1973566193
https://openalex.org/W2144607530
https://openalex.org/W1880081206
https://openalex.org/W1999475707
https://openalex.org/W2135621871
https://openalex.org/W1072246579
https://openalex.org/W1964978859
https://openalex.org/W2073511730
https://openalex.org/W2074251257
https://openalex.org/W2084718445
https://openalex.org/W216148247
https://openalex.org/W2622998398
https://openalex.org/W2740113963
https://openalex.org/W2792639797
https://openalex.org/W2895896263
https://openalex.org/W1176013680
https://openalex.org/W1965103416
https://openalex.org/W2115786305
https://openalex.org/W2605941260
https://openalex.org/W2778099515
https://openalex.org/W2789265006
https://openalex.org/W2801012973
https://openalex.org/W2939861864
https://openalex.org/W2996507505
https://openalex.org/W3007340222
https://openalex.org/W3015481973
https://openalex.org/W3118351544
https://openalex.org/W3119931162
https://openalex.org/W3126676043
https://openalex.org/W3136205605
https://openalex.org/W3164632602
https://openalex.org/W3211695788
https://openalex.org/W4225752343
https://openalex.org/W4385340033
https://openalex.org/W4214486472
https://openalex.org/W4224994293
https://openalex.org/W4306253277
https://openalex.org/W4307951258
https://openalex.org/W4307982883
https://openalex.org/W2070505950
https://openalex.org/W2146018684
https://openalex.org/W2152100310
https://openalex.org/W2065743538
https://openalex.org/W1777136549
https://openalex.org/W1982870033
https://openalex.org/W2130749544
https://openalex.org/W2414552273
https://openalex.org/W2023751806
https://openalex.org/W2155334357
https://openalex.org/W1912256772
https://openalex.org/W2049566578
https://openalex.org/W2062249546
https://openalex.org/W2111617944
https://openalex.org/W2148039141
https://openalex.org/W1627876142
https://openalex.org/W1568693668
https://openalex.org/W2056739027
https://openalex.org/W2062701780
https://openalex.org/W2079048112
https://openalex.org/W2091272102
https://openalex.org/W2048105385
https://openalex.org/W2029567857
https://openalex.org/W2079437847
https://openalex.org/W1857812286
https://openalex.org/W1509081410
https://openalex.org/W2039270297
https://openalex.org/W2057225729
https://openalex.org/W2098840830
https://openalex.org/W2116903058
https://openalex.org/W1979574942
https://openalex.org/W2124234109
https://openalex.org/W2168768456
https://openalex.org/W1968308247
https://openalex.org/W1975260446
https://openalex.org/W2007147493
https://openalex.org/W2036590812
https://openalex.org/W2123279892
https://openalex.org/W2159586089
https://openalex.org/W2326958878
https://openalex.org/W2607680200
https://openalex.org/W1971103342
https://openalex.org/W2158988803
https://openalex.org/W2264345952
https://openalex.org/W2743431179
https://openalex.org/W2330115667
https://openalex.org/W2344356233
https://openalex.org/W2410368930
https://openalex.org/W2467827582
https://openalex.org/W2999734173
https://openalex.org/W3033551006
https://openalex.org/W3034234370
https://openalex.org/W2986116325
https://openalex.org/W3010773991
https://openalex.org/W3165650933
https://openalex.org/W3216987297
https://openalex.org/W2404724174
https://openalex.org/W2024966065
https://openalex.org/W2023462486
https://openalex.org/W2031644769
https://openalex.org/W2077287189
https://openalex.org/W1991924462
https://openalex.org/W2023714669
https://openalex.org/W2086365157
https://openalex.org/W2150557327
https://openalex.org/W2063981575
https://openalex.org/W2120511083
https://openalex.org/W2041580311
https://openalex.org/W2054123920
https://openalex.org/W2119535663
https://openalex.org/W2340473184
https://openalex.org/W2082164659
https://openalex.org/W2122607949
https://openalex.org/W2444607938
https://openalex.org/W2108502102
https://openalex.org/W2060880007
https://openalex.org/W1903407540
https://openalex.org/W2018594869
https://openalex.org/W2139454638
https://openalex.org/W2005916434
https://openalex.org/W2076860587
https://openalex.org/W1993054954
https://openalex.org/W2000305821
https://openalex.org/W2064696869
https://openalex.org/W2073075985
https://openalex.org/W2076381803
https://openalex.org/W1980716192
https://openalex.org/W1997196584
https://openalex.org/W1998141454
https://openalex.org/W2027481178
https://openalex.org/W2037669230
https://openalex.org/W2079188032
https://openalex.org/W2085938618
https://openalex.org/W2092969486
https://openalex.org/W2794421601
https://openalex.org/W2961892618
https://openalex.org/W2968771749
https://openalex.org/W1715809260
https://openalex.org/W2909736431
https://openalex.org/W2941006651
https://openalex.org/W3015134220
https://openalex.org/W3031883258
https://openalex.org/W3036364361
https://openalex.org/W3163939007
https://openalex.org/W3198892495
https://openalex.org/W4205586578
https://openalex.org/W4210339620
https://openalex.org/W4220928146
https://openalex.org/W4280643852
https://openalex.org/W4308059660
https://openalex.org/W4307812283
https://openalex.org/W4313453670
https://openalex.org/W4316928021
https://openalex.org/W4322501438
https://openalex.org/W4327974638
https://openalex.org/W4376617335
https://openalex.org/W4379645102
https://openalex.org/W4379932273
https://openalex.org/W4382133973
https://openalex.org/W4382345323
https://openalex.org/W4385780109
https://openalex.org/W4385988894
https://openalex.org/W4386086005
https://openalex.org/W4386222494
https://openalex.org/W4386757836
https://openalex.org/W4388440692
https://openalex.org/W4389246247
https://openalex.org/W4389301582
https://openalex.org/W4389732483
https://openalex.org/W2030004902
https://openalex.org/W2083344645
https://openalex.org/W1989026644
https://openalex.org/W2081715118
https://openalex.org/W1493256723
https://openalex.org/W1898309734
https://openalex.org/W1992932039
https://openalex.org/W2056364348
https://openalex.org/W25300322
https://openalex.org/W2140444776
https://openalex.org/W2015081867
https://openalex.org/W2050849338
https://openalex.org/W2120308299
https://openalex.org/W2010373113
https://openalex.org/W2049645940
https://openalex.org/W2053388110
https://openalex.org/W2098004242
https://openalex.org/W2316924833
https://openalex.org/W1986244797
https://openalex.org/W2042932336
https://openalex.org/W2130911005
https://openalex.org/W1947929989
https://openalex.org/W1978547904
https://openalex.org/W1999369438
https://openalex.org/W2020204024
https://openalex.org/W2077756237
https://openalex.org/W2319983177
https://openalex.org/W2735035351
https://openalex.org/W2772744535
https://openalex.org/W2791311589
https://openalex.org/W3032186430
https://openalex.org/W2129645603
https://openalex.org/W2154453228
https://openalex.org/W2155326634
https://openalex.org/W2337303155
https://openalex.org/W2516548139
https://openalex.org/W2754478202
https://openalex.org/W2908946331
https://openalex.org/W2968187362
https://openalex.org/W2983123413
https://openalex.org/W2403274214
https://openalex.org/W2060709734
https://openalex.org/W4248218753
https://openalex.org/W2078224843
https://openalex.org/W2141584870
https://openalex.org/W2051579870
https://openalex.org/W2058184332
https://openalex.org/W2165213653
https://openalex.org/W2345565391
https://openalex.org/W1507236179
https://openalex.org/W125633613
https://openalex.org/W1983988452
https://openalex.org/W1994460324
https://openalex.org/W2027798828
https://openalex.org/W2074659969
https://openalex.org/W2132377980
https://openalex.org/W2170364983
https://openalex.org/W1971755659
https://openalex.org/W2067569350
https://openalex.org/W2119684249
https://openalex.org/W2416327534
https://openalex.org/W641746951
https://openalex.org/W2071052592
https://openalex.org/W2082726127
https://openalex.org/W1988409701
https://openalex.org/W1994369313
https://openalex.org/W2032942972
https://openalex.org/W2096982917
https://openalex.org/W2907881776
https://openalex.org/W1980390642
https://openalex.org/W2043642586
https://openalex.org/W2171983513
https://openalex.org/W2173721567
https://openalex.org/W2398969441
https://openalex.org/W2976537244
https://openalex.org/W3092819068
https://openalex.org/W3094198055
https://openalex.org/W3096287536
https://openalex.org/W3110407434
https://openalex.org/W3152285885
https://openalex.org/W3156753382
https://openalex.org/W3157941728
https://openalex.org/W3159858240
https://openalex.org/W3175666571
https://openalex.org/W3201841605
https://openalex.org/W3209516071
https://openalex.org/W2024170336
https://openalex.org/W2034402092
https://openalex.org/W2075995420
https://openalex.org/W2079752584
https://openalex.org/W4299390742
https://openalex.org/W2950993015
https://openalex.org/W1777228490
https://openalex.org/W1966494170
https://openalex.org/W331875619
https://openalex.org/W1981808598
https://openalex.org/W2046747504
https://openalex.org/W2346794707
https://openalex.org/W3033954242
https://openalex.org/W1969522998
https://openalex.org/W2023993909
https://openalex.org/W2092439172
https://openalex.org/W1980939574
https://openalex.org/W2047960445
https://openalex.org/W2164399444
https://openalex.org/W1608162859
https://openalex.org/W2029140337
https://openalex.org/W2040626120
https://openalex.org/W2085987866
https://openalex.org/W2091218679
https://openalex.org/W2912905110
https://openalex.org/W2942792225
https://openalex.org/W2946725672
https://openalex.org/W2949274520
https://openalex.org/W2969557841
https://openalex.org/W3034758744
https://openalex.org/W3039175242
https://openalex.org/W3090804112
https://openalex.org/W3128224209
https://openalex.org/W3162237047
https://openalex.org/W3176376188
https://openalex.org/W3182702903
https://openalex.org/W3201022540
https://openalex.org/W3203689264
https://openalex.org/W4200306817
https://openalex.org/W4206778135
https://openalex.org/W4214702064
https://openalex.org/W4223547630
https://openalex.org/W4223564934
https://openalex.org/W4281773958
https://openalex.org/W4286295752
https://openalex.org/W4290989871
https://openalex.org/W4294843249
https://openalex.org/W4296436737
https://openalex.org/W4306666495
https://openalex.org/W4307981473
https://openalex.org/W1567064871
https://openalex.org/W2056050549
https://openalex.org/W1982817857
https://openalex.org/W1996084576
https://openalex.org/W2053183355
https://openalex.org/W2061329841
https://openalex.org/W1987667420
https://openalex.org/W1999046494
https://openalex.org/W2005093442
https://openalex.org/W2019858102
https://openalex.org/W2313195398
https://openalex.org/W1582400678
https://openalex.org/W1584860489
https://openalex.org/W1826520431
https://openalex.org/W1985459367
https://openalex.org/W2329255505
https://openalex.org/W2046568601
https://openalex.org/W2053050031
https://openalex.org/W2066720564
https://openalex.org/W2078647430
https://openalex.org/W2095007674
https://openalex.org/W3122268382
https://openalex.org/W1533029263
https://openalex.org/W26637783
https://openalex.org/W2021683022
https://openalex.org/W2893927881
https://openalex.org/W1702341552
https://openalex.org/W2004605681
https://openalex.org/W2006269657
https://openalex.org/W2030516513
https://openalex.org/W2224560392
https://openalex.org/W2320730345
https://openalex.org/W2776352907
https://openalex.org/W2997040964
https://openalex.org/W2997810466
https://openalex.org/W3022034985
https://openalex.org/W3029782448
https://openalex.org/W961933092
https://openalex.org/W2061275443
https://openalex.org/W2004425829
https://openalex.org/W2012612088
https://openalex.org/W2017205265
https://openalex.org/W2070019284
https://openalex.org/W1545085694
https://openalex.org/W1973306792
https://openalex.org/W2000588578
https://openalex.org/W2023550966
https://openalex.org/W2039153694
https://openalex.org/W2075218106
https://openalex.org/W3121621928
https://openalex.org/W2148259335
https://openalex.org/W2025916195
https://openalex.org/W2114539117
https://openalex.org/W2153006771
https://openalex.org/W2359907714
https://openalex.org/W4249757163
https://openalex.org/W2136925918
https://openalex.org/W2141661170
https://openalex.org/W2034854717
https://openalex.org/W2613124651
https://openalex.org/W2022840843
https://openalex.org/W2766364279
https://openalex.org/W2779889570
https://openalex.org/W2930218853
https://openalex.org/W2958673626
https://openalex.org/W2992906264
https://openalex.org/W2994084860
https://openalex.org/W2004809687
https://openalex.org/W2061754449
https://openalex.org/W2416054816
https://openalex.org/W2474062396
https://openalex.org/W3118040794
https://openalex.org/W3128156576
https://openalex.org/W3130065965
https://openalex.org/W3163297857
https://openalex.org/W3189778808
https://openalex.org/W3195240873
https://openalex.org/W3199846628
https://openalex.org/W3203718679
https://openalex.org/W4200310777
https://openalex.org/W2049686165
https://openalex.org/W4251845675
https://openalex.org/W1621640386
https://openalex.org/W2015860016
https://openalex.org/W2142934047
https://openalex.org/W2011899079
https://openalex.org/W2405984368
https://openalex.org/W260417488
https://openalex.org/W1999771790
https://openalex.org/W2323441323
https://openalex.org/W653916157
https://openalex.org/W1972762660
https://openalex.org/W2010632037
https://openalex.org/W2162920048
https://openalex.org/W2504017032
https://openalex.org/W1987293104
https://openalex.org/W2054401949
https://openalex.org/W2252885027
https://openalex.org/W2401012454
https://openalex.org/W1973891471
https://openalex.org/W2064978922
https://openalex.org/W2076623874
https://openalex.org/W2087940881
https://openalex.org/W2381055673
https://openalex.org/W2407140673
https://openalex.org/W2415815299
https://openalex.org/W2793085819
https://openalex.org/W2889366301
https://openalex.org/W2900508641
https://openalex.org/W2900608916
https://openalex.org/W2911770808
https://openalex.org/W2985824086
https://openalex.org/W2994447304
https://openalex.org/W3034927759
https://openalex.org/W3115028367
https://openalex.org/W2124004853
https://openalex.org/W2468846791
https://openalex.org/W2510983739
https://openalex.org/W3209916088
https://openalex.org/W4206904961
https://openalex.org/W4220960229
https://openalex.org/W4281696343
https://openalex.org/W4283168075
https://openalex.org/W4283578076
https://openalex.org/W4287847645
https://openalex.org/W4293724084
https://openalex.org/W4293817060
https://openalex.org/W4307270541
https://openalex.org/W4308974953
https://openalex.org/W1937692595
https://openalex.org/W2000733085
https://openalex.org/W2186782910
https://openalex.org/W1565903126
https://openalex.org/W2028656722
https://openalex.org/W2042985697
https://openalex.org/W2030708433
https://openalex.org/W1717946758
https://openalex.org/W1853342242
https://openalex.org/W2096984530
https://openalex.org/W2122058056
https://openalex.org/W2146792494
https://openalex.org/W2318004541
https://openalex.org/W2383415930
https://openalex.org/W2417251634
https://openalex.org/W2590310537
https://openalex.org/W3160568282
https://openalex.org/W4205110871
https://openalex.org/W1996071147
https://openalex.org/W2034915305
https://openalex.org/W2065559325
https://openalex.org/W2914601381
https://openalex.org/W1590005751
https://openalex.org/W2047615290
https://openalex.org/W2075524243
https://openalex.org/W2035897770
https://openalex.org/W2051641843
https://openalex.org/W613494200
https://openalex.org/W2312913990
https://openalex.org/W1983425765
https://openalex.org/W1987795796
https://openalex.org/W2025656844
https://openalex.org/W2952055841
https://openalex.org/W2078941673
https://openalex.org/W4252759648
https://openalex.org/W1970902700
https://openalex.org/W1980650942
https://openalex.org/W1991132282
https://openalex.org/W2124973135
https://openalex.org/W2147141635
https://openalex.org/W2898572939
https://openalex.org/W2914515588
https://openalex.org/W2982811188
https://openalex.org/W3002372553
https://openalex.org/W3024255163
https://openalex.org/W3029166007
https://openalex.org/W3032805410
https://openalex.org/W3088027900
https://openalex.org/W3088679265
https://openalex.org/W3101496723
https://openalex.org/W3143470973
https://openalex.org/W3200474708
https://openalex.org/W2233029857
https://openalex.org/W2276759521
https://openalex.org/W3217047008
https://openalex.org/W1998700110
https://openalex.org/W2143681074
https://openalex.org/W2318396375
https://openalex.org/W1627072196
https://openalex.org/W2208823434
https://openalex.org/W1964582365
https://openalex.org/W1979860708
https://openalex.org/W2039526830
https://openalex.org/W2724706778
https://openalex.org/W1997661488
https://openalex.org/W1999414144
https://openalex.org/W1999506567
https://openalex.org/W2015339112
https://openalex.org/W4236307359
https://openalex.org/W1969951107
https://openalex.org/W1970368013
https://openalex.org/W1984231997
https://openalex.org/W2041297047
https://openalex.org/W2051623315
https://openalex.org/W2063670848
https://openalex.org/W2089914759
https://openalex.org/W2185357472
https://openalex.org/W2346701027
https://openalex.org/W2400269859
https://openalex.org/W2417523292
https://openalex.org/W4313313200
https://openalex.org/W4316115947
https://openalex.org/W4321764398
https://openalex.org/W4323364159
https://openalex.org/W4327958887
https://openalex.org/W4327978542
https://openalex.org/W4353085772
https://openalex.org/W4361799027
https://openalex.org/W4361824606
https://openalex.org/W4362357055
https://openalex.org/W4362363098
https://openalex.org/W4362363139
https://openalex.org/W4362364668
https://openalex.org/W4362364710
https://openalex.org/W4362423130
https://openalex.org/W4362423233
https://openalex.org/W4362423253
https://openalex.org/W4362423264
https://openalex.org/W4362423317
https://openalex.org/W4366352723
https://openalex.org/W4366378722
https://openalex.org/W4378376476
https://openalex.org/W4381110705
https://openalex.org/W4384407922
https://openalex.org/W4385190388
https://openalex.org/W4385752010
https://openalex.org/W4385850384
https://openalex.org/W4386191958
https://openalex.org/W4386242026
https://openalex.org/W4386603503
https://openalex.org/W4386645100
https://openalex.org/W4386807165
https://openalex.org/W4386949524
https://openalex.org/W4387270247
https://openalex.org/W4387473236
https://openalex.org/W4387633283
https://openalex.org/W4387772360
https://openalex.org/W4387826661
https://openalex.org/W4387916530
https://openalex.org/W4388582790
https://openalex.org/W4388962067
https://openalex.org/W4388970633
https://openalex.org/W4389351327
https://openalex.org/W4389612548
https://openalex.org/W4389815387
https://openalex.org/W4389938578
https://openalex.org/W4390061040
https://openalex.org/W4390061170
https://openalex.org/W4390190424
https://openalex.org/W4392685702
https://openalex.org/W4393478316
https://openalex.org/W4393572448
https://openalex.org/W1965961020
https://openalex.org/W2013399078
https://openalex.org/W2098690388
https://openalex.org/W2020885332
https://openalex.org/W2412268917
https://openalex.org/W287327363
https://openalex.org/W1957161952
https://openalex.org/W2190359923
https://openalex.org/W2413473403
https://openalex.org/W2004168642
https://openalex.org/W2132684062
https://openalex.org/W2398033916
https://openalex.org/W2985952854
https://openalex.org/W2001918192
https://openalex.org/W2005343181
https://openalex.org/W2350583644
https://openalex.org/W2560222204
https://openalex.org/W2592895762
https://openalex.org/W2604001072
https://openalex.org/W2755379358
https://openalex.org/W3005127872
https://openalex.org/W4246948813
https://openalex.org/W12631169
https://openalex.org/W1964060032
https://openalex.org/W1972339255
https://openalex.org/W2086424870
https://openalex.org/W2054100460
https://openalex.org/W1750346388
https://openalex.org/W2057922545
https://openalex.org/W2077745643
https://openalex.org/W2092559854
https://openalex.org/W218141573
https://openalex.org/W2350564266
https://openalex.org/W2386672511
https://openalex.org/W2409865554
https://openalex.org/W2530446528
https://openalex.org/W2010558503
https://openalex.org/W2137143243
https://openalex.org/W2402449653
https://openalex.org/W2792776002
https://openalex.org/W3026486618
https://openalex.org/W3035640432
https://openalex.org/W3047230411
https://openalex.org/W3082217625
https://openalex.org/W3123367506
https://openalex.org/W3197601378
https://openalex.org/W3197837068
https://openalex.org/W3209995488
https://openalex.org/W3215042309
https://openalex.org/W3217345620
https://openalex.org/W348478666
https://openalex.org/W4200315225
https://openalex.org/W4205362008
https://openalex.org/W898399307
https://openalex.org/W2425175309
https://openalex.org/W2475609823
https://openalex.org/W2487629609
https://openalex.org/W4211023301
https://openalex.org/W4213330788
https://openalex.org/W4292099403
https://openalex.org/W4293153999
https://openalex.org/W4295791433
https://openalex.org/W4319309254
https://openalex.org/W2048498976
https://openalex.org/W2076957273
https://openalex.org/W2235806101
https://openalex.org/W1965541989
https://openalex.org/W1979139769
https://openalex.org/W1989463275
https://openalex.org/W2023621765
https://openalex.org/W2057311555
https://openalex.org/W1982782814
https://openalex.org/W1986040390
https://openalex.org/W2064736415
https://openalex.org/W2108772208
https://openalex.org/W2142491835
https://openalex.org/W3086739722
https://openalex.org/W1988974290
https://openalex.org/W2316784415
https://openalex.org/W1527644780
https://openalex.org/W2016573769
https://openalex.org/W2087308018
https://openalex.org/W2103451519
https://openalex.org/W2414266747
https://openalex.org/W1500968954
https://openalex.org/W1774281
https://openalex.org/W1892440781
https://openalex.org/W1971459763
https://openalex.org/W1976234475
https://openalex.org/W2033029941
https://openalex.org/W2059839526
https://openalex.org/W2118815167
https://openalex.org/W2132132419
https://openalex.org/W2172429845
https://openalex.org/W2373649312
https://openalex.org/W2400979059
https://openalex.org/W2408365474
https://openalex.org/W2417232095
https://openalex.org/W2551281733
https://openalex.org/W2591279655
https://openalex.org/W2788820263
https://openalex.org/W4200333405
https://openalex.org/W4224504093
https://openalex.org/W4249564236
https://openalex.org/W4309726473
https://openalex.org/W2093873804
https://openalex.org/W4388262471
https://openalex.org/W800950515
https://openalex.org/W1452281304
https://openalex.org/W2044150911
https://openalex.org/W2484800701
https://openalex.org/W1982697819
https://openalex.org/W2004326694
https://openalex.org/W2566053471
https://openalex.org/W337632517
https://openalex.org/W1970641297
https://openalex.org/W2381838934
https://openalex.org/W141375263
https://openalex.org/W2006535821
https://openalex.org/W2029083007
https://openalex.org/W2060781349
https://openalex.org/W2109298748
https://openalex.org/W2140713516
https://openalex.org/W2171285464
https://openalex.org/W2326733250
https://openalex.org/W2330483517
https://openalex.org/W235256015
https://openalex.org/W2370230940
https://openalex.org/W2385669899
https://openalex.org/W2392514889
https://openalex.org/W2412314871
https://openalex.org/W2440756063
https://openalex.org/W2765665268
https://openalex.org/W2969063132
https://openalex.org/W36074316
https://openalex.org/W1535539799
https://openalex.org/W2041773654
https://openalex.org/W2052165898
https://openalex.org/W2057137646
https://openalex.org/W2062483838
https://openalex.org/W36631127
https://openalex.org/W4251955787
https://openalex.org/W2003836095
https://openalex.org/W1527305865
https://openalex.org/W1970470638
https://openalex.org/W1986870713
https://openalex.org/W2009575765
https://openalex.org/W2059651928
https://openalex.org/W2283742228
https://openalex.org/W2395047457
https://openalex.org/W2407771166
https://openalex.org/W2804530652
https://openalex.org/W2891506501
https://openalex.org/W2910563678
https://openalex.org/W3173696363
https://openalex.org/W1555528947
https://openalex.org/W2013213072
https://openalex.org/W2089098732
https://openalex.org/W2582413027
https://openalex.org/W2103225229
https://openalex.org/W1487555958
https://openalex.org/W1568872455
https://openalex.org/W1637900104
https://openalex.org/W1927245032
https://openalex.org/W1967684722
https://openalex.org/W1981330783
https://openalex.org/W2027998325
https://openalex.org/W2408675630
https://openalex.org/W2462187753
https://openalex.org/W2988692659
https://openalex.org/W3000300093
https://openalex.org/W3005513081
https://openalex.org/W3005522684
https://openalex.org/W3026187043
https://openalex.org/W3028840125
https://openalex.org/W3088664640
https://openalex.org/W3109714705
https://openalex.org/W3172455491
https://openalex.org/W37545182
https://openalex.org/W4233144121
https://openalex.org/W4233630879
https://openalex.org/W1813322658
https://openalex.org/W2027818027
https://openalex.org/W2060299401
https://openalex.org/W2087787594
https://openalex.org/W2091329914
https://openalex.org/W2419053573
https://openalex.org/W2419150542
https://openalex.org/W4239518981
https://openalex.org/W4299827828
https://openalex.org/W607785209
https://openalex.org/W820956559
https://openalex.org/W1978490176
https://openalex.org/W2041714040
https://openalex.org/W2325317576
https://openalex.org/W2968897216
https://openalex.org/W1559692220
https://openalex.org/W2058865916
https://openalex.org/W2360114959
https://openalex.org/W2360636851
https://openalex.org/W2366354783
https://openalex.org/W2377244382
https://openalex.org/W3120049599
https://openalex.org/W3127592834
https://openalex.org/W3128661965
https://openalex.org/W3135818062
https://openalex.org/W3170857272
https://openalex.org/W3173116237
https://openalex.org/W3207304169
https://openalex.org/W4200258059
https://openalex.org/W4319433893
https://openalex.org/W840502159
https://openalex.org/W2011306490
https://openalex.org/W2019943689
https://openalex.org/W2337358568
https://openalex.org/W2410465177
https://openalex.org/W1449081468
https://openalex.org/W794080948
https://openalex.org/W1967128974
https://openalex.org/W2010207766
https://openalex.org/W2028543931
https://openalex.org/W2110771545
https://openalex.org/W2152842831
https://openalex.org/W2257127235
https://openalex.org/W2376308962
https://openalex.org/W2395780763
https://openalex.org/W2413144098
https://openalex.org/W2739961402
https://openalex.org/W2951789235
https://openalex.org/W2022392837
https://openalex.org/W2043424918
https://openalex.org/W2113678470
https://openalex.org/W2152630084
https://openalex.org/W2325157423
https://openalex.org/W1199948304
https://openalex.org/W1995431980
https://openalex.org/W2293022499
https://openalex.org/W299582807
https://openalex.org/W3123822328
https://openalex.org/W343742576
https://openalex.org/W4233119024
https://openalex.org/W74124444
https://openalex.org/W2008320318
https://openalex.org/W2014417769
https://openalex.org/W2170154916
https://openalex.org/W2950559627
https://openalex.org/W1515763727
https://openalex.org/W1595836684
https://openalex.org/W1867121060
https://openalex.org/W1925472404
https://openalex.org/W2037873874
https://openalex.org/W2060530879
https://openalex.org/W2087056298
https://openalex.org/W2178658670
https://openalex.org/W2194390850
https://openalex.org/W2258587431
https://openalex.org/W2279755176
https://openalex.org/W2315432319
https://openalex.org/W2321560723
https://openalex.org/W2340333271
https://openalex.org/W2371078631
https://openalex.org/W2378329717
https://openalex.org/W2386288466
https://openalex.org/W2398565150
https://openalex.org/W2412143649
https://openalex.org/W2414578409
https://openalex.org/W2417521410
https://openalex.org/W2417623071
https://openalex.org/W2421759438
https://openalex.org/W2471667739
https://openalex.org/W2482167469
https://openalex.org/W2504687546
https://openalex.org/W2517749998
https://openalex.org/W2530010342
https://openalex.org/W2588291488
https://openalex.org/W2592250572
https://openalex.org/W2597821611
https://openalex.org/W2604123893
https://openalex.org/W2604767704
https://openalex.org/W2605332180
https://openalex.org/W2605351563
https://openalex.org/W2605867860
https://openalex.org/W2616052605
https://openalex.org/W2620887483
https://openalex.org/W2625330284
https://openalex.org/W2743027028
https://openalex.org/W2745876396
https://openalex.org/W2747563337
https://openalex.org/W2748087852
https://openalex.org/W2749218067
https://openalex.org/W2749774330
https://openalex.org/W2751711445
https://openalex.org/W2753165591
https://openalex.org/W2753237125
https://openalex.org/W2753713638
https://openalex.org/W2811351767
https://openalex.org/W2951376391
https://openalex.org/W2969484552
https://openalex.org/W2970763249
https://openalex.org/W2971385734
https://openalex.org/W2978797219
https://openalex.org/W3016535209
https://openalex.org/W3021897840
https://openalex.org/W3025680493
https://openalex.org/W3029220341
https://openalex.org/W3029247431
https://openalex.org/W3029399995
https://openalex.org/W3029872625
https://openalex.org/W3032872936
https://openalex.org/W3094161747
https://openalex.org/W3110207241
https://openalex.org/W3115090124
https://openalex.org/W3149017387
https://openalex.org/W3175145451
https://openalex.org/W3212678281
https://openalex.org/W4292525914
https://openalex.org/W4324201422
https://openalex.org/W62870770
https://openalex.org/W983410386
https://openalex.org/W1983530535
https://openalex.org/W1989845261
https://openalex.org/W2404776492
https://openalex.org/W7159758
https://openalex.org/W2390258127
https://openalex.org/W2409042559
https://openalex.org/W1015832580
https://openalex.org/W1498366079
https://openalex.org/W150522491
https://openalex.org/W1539583885
https://openalex.org/W1539620744
https://openalex.org/W168821981
https://openalex.org/W1951286862
https://openalex.org/W1983685958
https://openalex.org/W2003335824
https://openalex.org/W2006650459
https://openalex.org/W2026144299
https://openalex.org/W2029093251
https://openalex.org/W2032314278
https://openalex.org/W2037173840
https://openalex.org/W2050178963
https://openalex.org/W2052147581
https://openalex.org/W2074650382
https://openalex.org/W2091187361
https://openalex.org/W2096194632
https://openalex.org/W2111617192
https://openalex.org/W2118060492
https://openalex.org/W2128290930
https://openalex.org/W2134294015
https://openalex.org/W2158913943
https://openalex.org/W2184800861
https://openalex.org/W2189283170
https://openalex.org/W2223680252
https://openalex.org/W2289292961
https://openalex.org/W2293398743
https://openalex.org/W2313779678
https://openalex.org/W2348288933
https://openalex.org/W2350670836
https://openalex.org/W2350826454
https://openalex.org/W2351167726
https://openalex.org/W2351634356
https://openalex.org/W2353010379
https://openalex.org/W2354143293
https://openalex.org/W2355469521
https://openalex.org/W2355530489
https://openalex.org/W2355782268
https://openalex.org/W2356040623
https://openalex.org/W2358063513
https://openalex.org/W2360549846
https://openalex.org/W2362465299
https://openalex.org/W2364261541
https://openalex.org/W2364577516
https://openalex.org/W2364837658
https://openalex.org/W2365840157
https://openalex.org/W2366713199
https://openalex.org/W2369055470
https://openalex.org/W2369767094
https://openalex.org/W2370336668
https://openalex.org/W2370361251
https://openalex.org/W2370978099
https://openalex.org/W2371214484
https://openalex.org/W2372809525
https://openalex.org/W2373424246
https://openalex.org/W2377041521
https://openalex.org/W2377429881
https://openalex.org/W2380305112
https://openalex.org/W2380475171
https://openalex.org/W2380920801
https://openalex.org/W2382396917
https://openalex.org/W2382659087
https://openalex.org/W2385599771
https://openalex.org/W2386248501
https://openalex.org/W2390557338
https://openalex.org/W2392524743
https://openalex.org/W2392965985
https://openalex.org/W2395420808
https://openalex.org/W2401740095
https://openalex.org/W2409741695
https://openalex.org/W2431053970
https://openalex.org/W2436284584
https://openalex.org/W2490499401
https://openalex.org/W2531262529
https://openalex.org/W2561579138
https://openalex.org/W2575975850
https://openalex.org/W2600260213
https://openalex.org/W2649125077
https://openalex.org/W2756046374
https://openalex.org/W2897350223
https://openalex.org/W2962767590
https://openalex.org/W2969993601
https://openalex.org/W3021160667
https://openalex.org/W3029621521
https://openalex.org/W3029905243
https://openalex.org/W3030846859
https://openalex.org/W3032617633
https://openalex.org/W3112778652
https://openalex.org/W3137988590
https://openalex.org/W3159939978
https://openalex.org/W3162613634
https://openalex.org/W3173910489
https://openalex.org/W4297975995
https://openalex.org/W4388397768
https://openalex.org/W4390810376
https://openalex.org/W7971430
https://openalex.org/W2002194624
https://openalex.org/W2054001253
https://openalex.org/W2093469906
https://openalex.org/W2121708211
https://openalex.org/W2474459074
https://openalex.org/W3149563725
https://openalex.org/W168935418
https://openalex.org/W1977668592
https://openalex.org/W2069666657
https://openalex.org/W1524609607
https://openalex.org/W1552936010
https://openalex.org/W1913996616
https://openalex.org/W2024955586
https://openalex.org/W2031624889
https://openalex.org/W2054683165
https://openalex.org/W2058475561
https://openalex.org/W2069777383
https://openalex.org/W2111766139
https://openalex.org/W2154677258
https://openalex.org/W2306838208
https://openalex.org/W2336032790
https://openalex.org/W2350451233
https://openalex.org/W2350451785
https://openalex.org/W2353991152
https://openalex.org/W2355933117
https://openalex.org/W2372179574
https://openalex.org/W2374564081
https://openalex.org/W2378979344
https://openalex.org/W2384540191
https://openalex.org/W2387814666
https://openalex.org/W2437046336
https://openalex.org/W2610633272
https://openalex.org/W2613357089
https://openalex.org/W2618012722
https://openalex.org/W2625503724
https://openalex.org/W2732339570
https://openalex.org/W2735195594
https://openalex.org/W2742469716
https://openalex.org/W2745383974
https://openalex.org/W2750863422
https://openalex.org/W2753056411
https://openalex.org/W2753874282
https://openalex.org/W2766526789
https://openalex.org/W2776378100
https://openalex.org/W2784143224
https://openalex.org/W2791632811
https://openalex.org/W2794828667
https://openalex.org/W2978499556
https://openalex.org/W2992546552
https://openalex.org/W2998934381
https://openalex.org/W3011663686
https://openalex.org/W3029235827
https://openalex.org/W3031649381
https://openalex.org/W3031941772
https://openalex.org/W3048009323
https://openalex.org/W3123395069
https://openalex.org/W3141654351
https://openalex.org/W3173450950
https://openalex.org/W3181551011
https://openalex.org/W3199742170
https://openalex.org/W3200858234
https://openalex.org/W4236539888
https://openalex.org/W4245672652
https://openalex.org/W4251376084
https://openalex.org/W4251395976
https://openalex.org/W4252197969
https://openalex.org/W4253685115
https://openalex.org/W78466299
https://openalex.org/W2413588391
https://openalex.org/W2417209367
https://openalex.org/W2444429725
https://openalex.org/W4387527356
https://openalex.org/W4394678248
https://openalex.org/W141556731
https://openalex.org/W1436404560
https://openalex.org/W1990725834
https://openalex.org/W2002572457
https://openalex.org/W2005785608
https://openalex.org/W2029709939
https://openalex.org/W2033048225
https://openalex.org/W2038396606
https://openalex.org/W2075241339
https://openalex.org/W2117875782
https://openalex.org/W2169694572
https://openalex.org/W2181558099
https://openalex.org/W2185763952
https://openalex.org/W2187712359
https://openalex.org/W2268406218
https://openalex.org/W2275859078
https://openalex.org/W2282232247
https://openalex.org/W2350156822
https://openalex.org/W2351111536
https://openalex.org/W2356589043
https://openalex.org/W2358090751
https://openalex.org/W2358272144
https://openalex.org/W2361851588
https://openalex.org/W2362121289
https://openalex.org/W2363495959
https://openalex.org/W2363831441
https://openalex.org/W2367985640
https://openalex.org/W2368754936
https://openalex.org/W2372045323
https://openalex.org/W2374030805
https://openalex.org/W2393032252
https://openalex.org/W2393535529
https://openalex.org/W2408648663
https://openalex.org/W2410032350
https://openalex.org/W2410341113
https://openalex.org/W2441874533
https://openalex.org/W2461870140
https://openalex.org/W2509519732
https://openalex.org/W2511999876
https://openalex.org/W2515480109
https://openalex.org/W2518167537
https://openalex.org/W2556148703
https://openalex.org/W2559777013
https://openalex.org/W2570789376
https://openalex.org/W2590258799
https://openalex.org/W2601226033
https://openalex.org/W262796732
https://openalex.org/W2794842373
https://openalex.org/W3015688215
https://openalex.org/W3213067457
https://openalex.org/W4213097833
https://openalex.org/W4220820705
https://openalex.org/W4226334150
https://openalex.org/W4251655072
https://openalex.org/W4252661511
https://openalex.org/W4281630367
https://openalex.org/W4285286115
https://openalex.org/W4289825102
https://openalex.org/W4291302214
https://openalex.org/W4293102890
https://openalex.org/W4293688538
https://openalex.org/W4301373847
https://openalex.org/W4309263262
https://openalex.org/W4312787463
https://openalex.org/W4312958762
https://openalex.org/W4318211234
https://openalex.org/W4390171379
https://openalex.org/W4390171699
https://openalex.org/W86338496
https://openalex.org/W1470074384
https://openalex.org/W1929980706
https://openalex.org/W1974301766
https://openalex.org/W2013969814
https://openalex.org/W2031210082
https://openalex.org/W2071519828
https://openalex.org/W2086427813
https://openalex.org/W2112610870
https://openalex.org/W2359729744
https://openalex.org/W2395420614
https://openalex.org/W2473662861
https://openalex.org/W2749671853
https://openalex.org/W2993689910
https://openalex.org/W1483358915
https://openalex.org/W1486824843
https://openalex.org/W1490850458
https://openalex.org/W1496593730
https://openalex.org/W1501366975
https://openalex.org/W1503187987
https://openalex.org/W1547159994
https://openalex.org/W1562058308
https://openalex.org/W1577639098
https://openalex.org/W1590316276
https://openalex.org/W1594038880
https://openalex.org/W1991052998
https://openalex.org/W2002815863
https://openalex.org/W2006694941
https://openalex.org/W2039242409
https://openalex.org/W2048688512
https://openalex.org/W2071398429
https://openalex.org/W2078513741
https://openalex.org/W2082025068
https://openalex.org/W2091951576
https://openalex.org/W2118458796
https://openalex.org/W2227529910
https://openalex.org/W2267322552
https://openalex.org/W2285168742
https://openalex.org/W2310955588
https://openalex.org/W2360401983
https://openalex.org/W2371990918
https://openalex.org/W2372595195
https://openalex.org/W2372866256
https://openalex.org/W2377991268
https://openalex.org/W2379023086
https://openalex.org/W2381610866
https://openalex.org/W2382062840
https://openalex.org/W2389496062
https://openalex.org/W2402423217
https://openalex.org/W2626942876
https://openalex.org/W2785784998
https://openalex.org/W2797030765
https://openalex.org/W2805452589
https://openalex.org/W2807115396
https://openalex.org/W2889792181
https://openalex.org/W2892671505
https://openalex.org/W2897658052
https://openalex.org/W2903158928
https://openalex.org/W2913342897
https://openalex.org/W2913678556
https://openalex.org/W2936774635
https://openalex.org/W2942182172
https://openalex.org/W2945565894
https://openalex.org/W2947437164
https://openalex.org/W2961399741
https://openalex.org/W2964018887
https://openalex.org/W2967597086
https://openalex.org/W2986220393
https://openalex.org/W2998953429
https://openalex.org/W3005452301
https://openalex.org/W3012928899
https://openalex.org/W3022379981
https://openalex.org/W3029407619
https://openalex.org/W3029485091
https://openalex.org/W3030053786
https://openalex.org/W3030143452
https://openalex.org/W3030991340
https://openalex.org/W3031725727
https://openalex.org/W3032559362
https://openalex.org/W3032834050
https://openalex.org/W3037296882
https://openalex.org/W3123109780
https://openalex.org/W3133508519
https://openalex.org/W3144187384
https://openalex.org/W3148355145
https://openalex.org/W3150570291
https://openalex.org/W3183325010
https://openalex.org/W3189296236
https://openalex.org/W3198582486
https://openalex.org/W3199514416
https://openalex.org/W3203415078
https://openalex.org/W4239303962
https://openalex.org/W4239390614
https://openalex.org/W4241290051
https://openalex.org/W4249383997
https://openalex.org/W4252447307
https://openalex.org/W4390785001
https://openalex.org/W4393367404
https://openalex.org/W4394180992
https://openalex.org/W4394439196
https://openalex.org/W1525808909
https://openalex.org/W1577836967
https://openalex.org/W179614193
https://openalex.org/W1986737595
https://openalex.org/W2015727401
https://openalex.org/W2043271227
https://openalex.org/W2053944643
https://openalex.org/W2070058004
https://openalex.org/W2081676148
https://openalex.org/W2089983135
https://openalex.org/W2093157349
https://openalex.org/W214437173
https://openalex.org/W2418061251
https://openalex.org/W2418628393
https://openalex.org/W2436839406
https://openalex.org/W2560222369
https://openalex.org/W2890343034
https://openalex.org/W28965470
https://openalex.org/W2916579987
https://openalex.org/W295412683
https://openalex.org/W3025861192
https://openalex.org/W4246716125
https://openalex.org/W4253870119
https://openalex.org/W605662152
https://openalex.org/W765685
https://openalex.org/W778033925
https://openalex.org/W13287084
https://openalex.org/W1480922213
https://openalex.org/W1506541527
https://openalex.org/W1527658950
https://openalex.org/W1983922612
https://openalex.org/W1986689099
https://openalex.org/W1990797838
https://openalex.org/W1999491982
https://openalex.org/W2019789562
https://openalex.org/W2025169291
https://openalex.org/W2036695097
https://openalex.org/W2048460373
https://openalex.org/W2061025391
https://openalex.org/W2069918547
https://openalex.org/W2076105818
https://openalex.org/W2076724257
https://openalex.org/W2082873768
https://openalex.org/W2118073734
https://openalex.org/W2202543001
https://openalex.org/W2265243435
https://openalex.org/W2288939304
https://openalex.org/W2347353829
https://openalex.org/W2347938972
https://openalex.org/W2349492175
https://openalex.org/W2355207199
https://openalex.org/W2356011797
https://openalex.org/W2357013947
https://openalex.org/W2359290742
https://openalex.org/W2365535974
https://openalex.org/W2366245240
https://openalex.org/W2367787958
https://openalex.org/W2374109499
https://openalex.org/W2375183124
https://openalex.org/W2378859755
https://openalex.org/W2380792560
https://openalex.org/W2380843975
https://openalex.org/W2381816083
https://openalex.org/W2385339776
https://openalex.org/W2387022013
https://openalex.org/W2392529096
https://openalex.org/W2412619720
https://openalex.org/W2493925333
https://openalex.org/W2599503265
https://openalex.org/W2762286717
https://openalex.org/W2796185665
https://openalex.org/W2908690689
https://openalex.org/W2950003231
https://openalex.org/W2978787581
https://openalex.org/W3014379106
https://openalex.org/W3024829913
https://openalex.org/W3045756652
https://openalex.org/W3048124986
https://openalex.org/W3048836933
https://openalex.org/W3080276394
https://openalex.org/W3080880124
https://openalex.org/W3084703151
https://openalex.org/W3092745636
https://openalex.org/W3094049582
https://openalex.org/W3096136358
https://openalex.org/W3097059456
https://openalex.org/W3109883227
https://openalex.org/W3115657780
https://openalex.org/W3124495253
https://openalex.org/W3144373013
https://openalex.org/W3174468128
https://openalex.org/W3215557729
https://openalex.org/W4212794501
https://openalex.org/W4247743065
https://openalex.org/W4254555245
https://openalex.org/W4285723166
https://openalex.org/W4393580597
https://openalex.org/W4394190538
https://openalex.org/W4394213845
https://openalex.org/W1530106058
https://openalex.org/W1914377894
https://openalex.org/W1969485044
https://openalex.org/W2068820858
https://openalex.org/W2314251361
https://openalex.org/W2335126806
https://openalex.org/W2335796339
https://openalex.org/W4251835873
https://openalex.org/W87352148
https://openalex.org/W1529381863
https://openalex.org/W18338122
https://openalex.org/W197504601
https://openalex.org/W1993607353
https://openalex.org/W2089994146
https://openalex.org/W2185969168
https://openalex.org/W2219964875
https://openalex.org/W2241937253
https://openalex.org/W2280216755
https://openalex.org/W2303687037
https://openalex.org/W2314270779
https://openalex.org/W2339019202
https://openalex.org/W2359458052
https://openalex.org/W2364098375
https://openalex.org/W2373205495
https://openalex.org/W2380423562
https://openalex.org/W2386257701
https://openalex.org/W2395184208
https://openalex.org/W2416525134
https://openalex.org/W2754648777
https://openalex.org/W2899571463
https://openalex.org/W2950772945
https://openalex.org/W2967021813
https://openalex.org/W3148446481
https://openalex.org/W3163924699
https://openalex.org/W321206746
https://openalex.org/W385646530
https://openalex.org/W1966865599
https://openalex.org/W1983110135
https://openalex.org/W1995149815
https://openalex.org/W1999813571
https://openalex.org/W2087000553
https://openalex.org/W2149627800
https://openalex.org/W2241411539
https://openalex.org/W2242491586
https://openalex.org/W2274222808
https://openalex.org/W2285818035
https://openalex.org/W2402372108
https://openalex.org/W2409680202
https://openalex.org/W2950263525
https://openalex.org/W3088765396
https://openalex.org/W3109490846
https://openalex.org/W3114006500
https://openalex.org/W3127621878
https://openalex.org/W3143925599
https://openalex.org/W3159261938
https://openalex.org/W3161592541
https://openalex.org/W3173683156
https://openalex.org/W3178628244
https://openalex.org/W3178916507
https://openalex.org/W3194527030
https://openalex.org/W3196559717
https://openalex.org/W3199130743
https://openalex.org/W3202689585
https://openalex.org/W3203922804
https://openalex.org/W3206280435
https://openalex.org/W3209264905
https://openalex.org/W3212626301
https://openalex.org/W3214080291
https://openalex.org/W337722050
https://openalex.org/W4205755136
https://openalex.org/W4225688922
https://openalex.org/W4226369702
https://openalex.org/W4240064911
https://openalex.org/W4251643245
https://openalex.org/W4285369020
https://openalex.org/W4285369858
https://openalex.org/W4285370313
https://openalex.org/W4394415830
https://openalex.org/W4394464181
https://openalex.org/W4394467121
https://openalex.org/W4394587789
https://openalex.org/W1969914523
https://openalex.org/W2003095369
https://openalex.org/W2013925939
https://openalex.org/W2036085853
https://openalex.org/W2038238215
https://openalex.org/W2040357033
https://openalex.org/W2053352846
https://openalex.org/W2058392114
https://openalex.org/W2077922549
https://openalex.org/W216053293
https://openalex.org/W2170982343
https://openalex.org/W2196788732
https://openalex.org/W2352862801
https://openalex.org/W2356688784
https://openalex.org/W2375980037
https://openalex.org/W2381162372
https://openalex.org/W2409652597
https://openalex.org/W2680676023
https://openalex.org/W3025615223
https://openalex.org/W4248443885
https://openalex.org/W87582752
https://openalex.org/W2406110009
https://openalex.org/W2409036459
https://openalex.org/W2409591534
https://openalex.org/W2427744142
https://openalex.org/W2460452464
https://openalex.org/W3014337066
https://openalex.org/W4232502492
https://openalex.org/W1530673434
https://openalex.org/W15875259
https://openalex.org/W1919613397
https://openalex.org/W1938363891
https://openalex.org/W196470960
https://openalex.org/W2034119566
https://openalex.org/W206286761
https://openalex.org/W2072392019
https://openalex.org/W2099919156
https://openalex.org/W2125087476
https://openalex.org/W2153748171
https://openalex.org/W2158648696
https://openalex.org/W2354143085
https://openalex.org/W2375231108
https://openalex.org/W2384894230
https://openalex.org/W2386204773
https://openalex.org/W2407766276
https://openalex.org/W2409300532
https://openalex.org/W2410174610
https://openalex.org/W2411295049
https://openalex.org/W2411416190
https://openalex.org/W2414194751
https://openalex.org/W2433548033
https://openalex.org/W2437051271
https://openalex.org/W2464599372
https://openalex.org/W2474703815
https://openalex.org/W2551670291
https://openalex.org/W288878603
https://openalex.org/W2992576488
https://openalex.org/W3036872528
https://openalex.org/W3179979724
https://openalex.org/W4246218965
https://openalex.org/W1022294185
https://openalex.org/W1550184284
https://openalex.org/W1569705004
https://openalex.org/W1967572355
https://openalex.org/W2023573550
https://openalex.org/W2029041830
https://openalex.org/W2037396411
https://openalex.org/W2056396932
https://openalex.org/W2126343488
https://openalex.org/W2141175013
https://openalex.org/W2160894276
https://openalex.org/W2242433029
https://openalex.org/W2249124458
https://openalex.org/W2272943479
https://openalex.org/W2343361591
https://openalex.org/W2382619560
https://openalex.org/W2382945429
https://openalex.org/W2399602098
https://openalex.org/W2405995021
https://openalex.org/W2406146001
https://openalex.org/W2409132634
https://openalex.org/W2416721060
https://openalex.org/W2418009615
https://openalex.org/W2419169073
https://openalex.org/W2419344324
https://openalex.org/W2443039974
https://openalex.org/W2517495404
https://openalex.org/W2542916385
https://openalex.org/W2807767297
https://openalex.org/W3217576034
https://openalex.org/W4387552846
https://openalex.org/W4387553071
https://openalex.org/W4389413071
https://openalex.org/W4389413845
https://openalex.org/W1497298660
https://openalex.org/W1499527801
https://openalex.org/W1508734626
https://openalex.org/W1525190259
https://openalex.org/W1533533760
https://openalex.org/W1538202781
https://openalex.org/W1577547856
https://openalex.org/W1578295613
https://openalex.org/W167345163
https://openalex.org/W1983475574
https://openalex.org/W1996574974
https://openalex.org/W2001333586
https://openalex.org/W2022632089
https://openalex.org/W2049262252
https://openalex.org/W2074157680
https://openalex.org/W2077029834
https://openalex.org/W2197770126
https://openalex.org/W2300286715
https://openalex.org/W2399877515
https://openalex.org/W2405378982
https://openalex.org/W2407481347
https://openalex.org/W2409295445
https://openalex.org/W2409464398
https://openalex.org/W2411790384
https://openalex.org/W2412408672
https://openalex.org/W2413444188
https://openalex.org/W2415500561
https://openalex.org/W2419553554
https://openalex.org/W2423845181
https://openalex.org/W2424676852
https://openalex.org/W2435332677
https://openalex.org/W2591434751
https://openalex.org/W2613228034
https://openalex.org/W2941605626
https://openalex.org/W301825426
https://openalex.org/W3141674220
https://openalex.org/W3176889953
https://openalex.org/W3206626454
https://openalex.org/W3207872566
https://openalex.org/W4254664013
https://openalex.org/W799664495
https://openalex.org/W108541212
https://openalex.org/W1471302279
https://openalex.org/W1481069291
https://openalex.org/W1521763039
https://openalex.org/W1853761494
https://openalex.org/W1968812991
https://openalex.org/W1986719438
https://openalex.org/W1998958922
https://openalex.org/W2020609401
https://openalex.org/W2052607363
https://openalex.org/W2055199078
https://openalex.org/W2085312204
https://openalex.org/W2085817190
https://openalex.org/W2086094202
https://openalex.org/W2128783310
https://openalex.org/W2313937322
https://openalex.org/W2319592340
https://openalex.org/W2321945186
https://openalex.org/W2323592787
https://openalex.org/W2345071832
https://openalex.org/W2355482882
https://openalex.org/W2397047001
https://openalex.org/W239838747
https://openalex.org/W2400546866
https://openalex.org/W2402992530
https://openalex.org/W2406983413
https://openalex.org/W2409838164
https://openalex.org/W2412330380
https://openalex.org/W2413563874
https://openalex.org/W2413773672
https://openalex.org/W2414330503
https://openalex.org/W2414757659
https://openalex.org/W2415742601
https://openalex.org/W2418278667
https://openalex.org/W2419449758
https://openalex.org/W2420086782
https://openalex.org/W2433477134
https://openalex.org/W2468522253
https://openalex.org/W2474708842
https://openalex.org/W2507950293
https://openalex.org/W2517299716
https://openalex.org/W2565966044
https://openalex.org/W276276113
https://openalex.org/W2884469168
https://openalex.org/W2888946977
https://openalex.org/W2895844606
https://openalex.org/W2903114495
https://openalex.org/W2993507640
https://openalex.org/W3034440556
https://openalex.org/W3123911504
https://openalex.org/W3125691428
https://openalex.org/W3165486052
https://openalex.org/W3166568038
https://openalex.org/W337854640
https://openalex.org/W413656264
https://openalex.org/W4211198080
https://openalex.org/W4233689844
https://openalex.org/W4239493672
https://openalex.org/W4249256114
https://openalex.org/W4385522869
https://openalex.org/W4387553024
https://openalex.org/W4387553032
https://openalex.org/W38523360
https://openalex.org/W2154272456
https://openalex.org/W2094491269
https://openalex.org/W1984979116
https://openalex.org/W2538387706
https://openalex.org/W1981510555
https://openalex.org/W1553014277
https://openalex.org/W4211038654
https://openalex.org/W1911703092
https://openalex.org/W1989880575
https://openalex.org/W1497475797
https://openalex.org/W2150560546
https://openalex.org/W1981326664
https://openalex.org/W2090754175
https://openalex.org/W2581686152
https://openalex.org/W2592034847
https://openalex.org/W2027339399
https://openalex.org/W2085622815
https://openalex.org/W2116183712
https://openalex.org/W2063995898
https://openalex.org/W2157287222
https://openalex.org/W4214918818
https://openalex.org/W2613481590
https://openalex.org/W2807398893
https://openalex.org/W3017233408
https://openalex.org/W2474782031
https://openalex.org/W2030050099
https://openalex.org/W2403031333
https://openalex.org/W2102177673
https://openalex.org/W2101075875
https://openalex.org/W4200569669
https://openalex.org/W648294619
https://openalex.org/W2171882604
https://openalex.org/W2020948897
https://openalex.org/W2560774896
https://openalex.org/W2056616404
https://openalex.org/W2100535000
https://openalex.org/W2157043788
https://openalex.org/W2041231665
https://openalex.org/W2280445555
https://openalex.org/W2054279077
https://openalex.org/W2949007191
https://openalex.org/W2516898737
https://openalex.org/W3197355167
https://openalex.org/W2885291567
https://openalex.org/W2794436977
https://openalex.org/W3006509899
https://openalex.org/W3185391926
https://openalex.org/W1947838475
https://openalex.org/W2531920443
https://openalex.org/W2805617641
https://openalex.org/W3030219906
https://openalex.org/W4254495319
https://openalex.org/W2169771626
https://openalex.org/W1532085934
https://openalex.org/W2157442995
https://openalex.org/W1972225360
https://openalex.org/W1966395760
https://openalex.org/W2039301090
https://openalex.org/W2087248478
https://openalex.org/W2075357057
https://openalex.org/W11202050
https://openalex.org/W1964504543
https://openalex.org/W2107494253
https://openalex.org/W2122394887
https://openalex.org/W1994607936
https://openalex.org/W2092704267
https://openalex.org/W1523871332
https://openalex.org/W2023623848
https://openalex.org/W2101580077
https://openalex.org/W1969040012
https://openalex.org/W2053357319
https://openalex.org/W2011210864
https://openalex.org/W2038444380
https://openalex.org/W2084806669
https://openalex.org/W2020713751
https://openalex.org/W1997675582
https://openalex.org/W2021439942
https://openalex.org/W2089395246
https://openalex.org/W4251694607
https://openalex.org/W2083084454
https://openalex.org/W2045663769
https://openalex.org/W2099172974
https://openalex.org/W2530109452
https://openalex.org/W2715387098
https://openalex.org/W1972072208
https://openalex.org/W2007901463
https://openalex.org/W2156405617
https://openalex.org/W2062657568
https://openalex.org/W1500340499
https://openalex.org/W2338344824
https://openalex.org/W1968876618
https://openalex.org/W2052455413
https://openalex.org/W1836273607
https://openalex.org/W2158758488
https://openalex.org/W2163258984
https://openalex.org/W2340910237
https://openalex.org/W2065827354
https://openalex.org/W2510796616
https://openalex.org/W2133988469
https://openalex.org/W2040370193
https://openalex.org/W2167549300
https://openalex.org/W2791222668
https://openalex.org/W2927192868
https://openalex.org/W2114421664
https://openalex.org/W1836599342
https://openalex.org/W1584314049
https://openalex.org/W2766144721
https://openalex.org/W2016246049
https://openalex.org/W2295122297
https://openalex.org/W2735444473
https://openalex.org/W2736809432
https://openalex.org/W2014450724
https://openalex.org/W2553774025
https://openalex.org/W2438382511
https://openalex.org/W2500348179
https://openalex.org/W2592154370
https://openalex.org/W2921680432
https://openalex.org/W2607339461
https://openalex.org/W2141575804
https://openalex.org/W3041886411
https://openalex.org/W1573078268
https://openalex.org/W2977257606
https://openalex.org/W3170831652
https://openalex.org/W2886814579
https://openalex.org/W2901073679
https://openalex.org/W3036215195
https://openalex.org/W2801558063
https://openalex.org/W2899238247
https://openalex.org/W3129825267
https://openalex.org/W3083716436
https://openalex.org/W3116338726
https://openalex.org/W4311203637
https://openalex.org/W4376226294
https://openalex.org/W4367312014
https://openalex.org/W4387498275
https://openalex.org/W4389750075
https://openalex.org/W4390350660
https://openalex.org/W1594732746
https://openalex.org/W2072625023
https://openalex.org/W2096277584
https://openalex.org/W1966636545
https://openalex.org/W1989913422
https://openalex.org/W1980865530
https://openalex.org/W2047843724
https://openalex.org/W1995649974
https://openalex.org/W2084808659
https://openalex.org/W1548752966
https://openalex.org/W2121874499
https://openalex.org/W2024210718
https://openalex.org/W2034743931
https://openalex.org/W2079878399
https://openalex.org/W2104273729
https://openalex.org/W2132056377
https://openalex.org/W1977880024
https://openalex.org/W2105274814
https://openalex.org/W2055991501
https://openalex.org/W1845483486
https://openalex.org/W1967366192
https://openalex.org/W1979207905
https://openalex.org/W1983857917
https://openalex.org/W2045780971
https://openalex.org/W2086438010
https://openalex.org/W2053260150
https://openalex.org/W2166567576
https://openalex.org/W1575987090
https://openalex.org/W1991384054
https://openalex.org/W2079696821
https://openalex.org/W2159535343
https://openalex.org/W1986350405
https://openalex.org/W1992992562
https://openalex.org/W2041956872
https://openalex.org/W2074178415
https://openalex.org/W2056070723
https://openalex.org/W2081852626
https://openalex.org/W1965983655
https://openalex.org/W2006601797
https://openalex.org/W2007088392
https://openalex.org/W2115162935
https://openalex.org/W2044399985
https://openalex.org/W1981104731
https://openalex.org/W2008096185
https://openalex.org/W2025209619
https://openalex.org/W2146345525
https://openalex.org/W2030109982
https://openalex.org/W1992287797
https://openalex.org/W2047648101
https://openalex.org/W2020734526
https://openalex.org/W2044951529
https://openalex.org/W2080281611
https://openalex.org/W2092279820
https://openalex.org/W1972947543
https://openalex.org/W2083831570
https://openalex.org/W2167086064
https://openalex.org/W2672188854
https://openalex.org/W2802747963
https://openalex.org/W2896211882
https://openalex.org/W2037479709
https://openalex.org/W2052495636
https://openalex.org/W2326999317
https://openalex.org/W2536777088
https://openalex.org/W3185774732
https://openalex.org/W2734481200
https://openalex.org/W2136739352
https://openalex.org/W2254048381
https://openalex.org/W2797357414
https://openalex.org/W2133520776
https://openalex.org/W2179649750
https://openalex.org/W2809335258
https://openalex.org/W2953230857
https://openalex.org/W2930963392
https://openalex.org/W1799593222
https://openalex.org/W2901362956
https://openalex.org/W2930681453
https://openalex.org/W2530382325
https://openalex.org/W2766678819
https://openalex.org/W2886203108
https://openalex.org/W2796455913
https://openalex.org/W2802549853
https://openalex.org/W2957701326
https://openalex.org/W2767801165
https://openalex.org/W2911462662
https://openalex.org/W2969940759
https://openalex.org/W3090491197
https://openalex.org/W2909054039
https://openalex.org/W3008580132
https://openalex.org/W2953248423
https://openalex.org/W3006922449
https://openalex.org/W3043150385
https://openalex.org/W3020405140
https://openalex.org/W3128990812
https://openalex.org/W3200292250
https://openalex.org/W3136706811
https://openalex.org/W4283015450
https://openalex.org/W3179796379
https://openalex.org/W4318220699
https://openalex.org/W4321350358
https://openalex.org/W4323545672
https://openalex.org/W4387059879
https://openalex.org/W4390512083
https://openalex.org/W4390901972
https://openalex.org/W4391322874
https://openalex.org/W4391959218
https://openalex.org/W4393947826
https://openalex.org/W4394623492
https://openalex.org/W2013325898
https://openalex.org/W2085694882
https://openalex.org/W2056132478
https://openalex.org/W1889428966
https://openalex.org/W1981451552
https://openalex.org/W2034341130
https://openalex.org/W2080682387
https://openalex.org/W2070243956
https://openalex.org/W2091347710
https://openalex.org/W1560573617
https://openalex.org/W2032764191
https://openalex.org/W2099864223
https://openalex.org/W1989051804
https://openalex.org/W2005465342
https://openalex.org/W2058014641
https://openalex.org/W2107048211
https://openalex.org/W1536916610
https://openalex.org/W2032217951
https://openalex.org/W2107419121
https://openalex.org/W2048696671
https://openalex.org/W2950988822
https://openalex.org/W3119108935
https://openalex.org/W1990182385
https://openalex.org/W2060671095
https://openalex.org/W1601971808
https://openalex.org/W2028208330
https://openalex.org/W1952239112
https://openalex.org/W2012218714
https://openalex.org/W1971327986
https://openalex.org/W2148242495
https://openalex.org/W2151012083
https://openalex.org/W2090406494
https://openalex.org/W2029991616
https://openalex.org/W2025736978
https://openalex.org/W2146971143
https://openalex.org/W1982607771
https://openalex.org/W2023411585
https://openalex.org/W2160213712
https://openalex.org/W1915803358
https://openalex.org/W1975000707
https://openalex.org/W2034362833
https://openalex.org/W2036314725
https://openalex.org/W2009978231
https://openalex.org/W2724667212
https://openalex.org/W2529180302
https://openalex.org/W2621560236
https://openalex.org/W2512624603
https://openalex.org/W2547162536
https://openalex.org/W2548460887
https://openalex.org/W2781834898
https://openalex.org/W2322689001
https://openalex.org/W2765765447
https://openalex.org/W2911603673
https://openalex.org/W2749504271
https://openalex.org/W2907068844
https://openalex.org/W2197701818
https://openalex.org/W2766932827
https://openalex.org/W2767214617
https://openalex.org/W2537295457
https://openalex.org/W2973170708
https://openalex.org/W2927684094
https://openalex.org/W3113300247
https://openalex.org/W3007176539
https://openalex.org/W3008072261
https://openalex.org/W3144387831
https://openalex.org/W3136486842
https://openalex.org/W4283271511
https://openalex.org/W4283760817
https://openalex.org/W4213051420
https://openalex.org/W4321365813
https://openalex.org/W4323656323
https://openalex.org/W4382918185
https://openalex.org/W4385658180
https://openalex.org/W4311837509
https://openalex.org/W1998703554
https://openalex.org/W2064985825
https://openalex.org/W2023611704
https://openalex.org/W2075982593
https://openalex.org/W2159132424
https://openalex.org/W2094067084
https://openalex.org/W1992183487
https://openalex.org/W1993020011
https://openalex.org/W2031933469
https://openalex.org/W2084736093
https://openalex.org/W2156422702
https://openalex.org/W1601324916
https://openalex.org/W2018917661
https://openalex.org/W2025300542
https://openalex.org/W2038084862
https://openalex.org/W1663785932
https://openalex.org/W1971038143
https://openalex.org/W1984006428
https://openalex.org/W2014829336
https://openalex.org/W2105309660
https://openalex.org/W2018658803
https://openalex.org/W1966030818
https://openalex.org/W1815958519
https://openalex.org/W107213678
https://openalex.org/W2026031021
https://openalex.org/W2067885030
https://openalex.org/W1985627474
https://openalex.org/W2028125760
https://openalex.org/W2001489708
https://openalex.org/W1976575809
https://openalex.org/W1987460364
https://openalex.org/W2015215410
https://openalex.org/W2131568686
https://openalex.org/W2128870510
https://openalex.org/W2086254400
https://openalex.org/W2078033586
https://openalex.org/W2037893392
https://openalex.org/W2007053870
https://openalex.org/W1983269298
https://openalex.org/W2012412444
https://openalex.org/W2084828299
https://openalex.org/W2126721644
https://openalex.org/W2324077892
https://openalex.org/W87361761
https://openalex.org/W1503207160
https://openalex.org/W2034605371
https://openalex.org/W2078709542
https://openalex.org/W1992068522
https://openalex.org/W2140859208
https://openalex.org/W1979315477
https://openalex.org/W1980381726
https://openalex.org/W2074989168
https://openalex.org/W2233421331
https://openalex.org/W2075798920
https://openalex.org/W2313063314
https://openalex.org/W1980585654
https://openalex.org/W1989942110
https://openalex.org/W2901644914
https://openalex.org/W1825103704
https://openalex.org/W2756352045
https://openalex.org/W2762074365
https://openalex.org/W2782748610
https://openalex.org/W2795944599
https://openalex.org/W2798236440
https://openalex.org/W2895052234
https://openalex.org/W2898582815
https://openalex.org/W2997636972
https://openalex.org/W1983044596
https://openalex.org/W2184905874
https://openalex.org/W2307826413
https://openalex.org/W2527909544
https://openalex.org/W2891313491
https://openalex.org/W2791691665
https://openalex.org/W2922314175
https://openalex.org/W2966421690
https://openalex.org/W3084258407
https://openalex.org/W3006235962
https://openalex.org/W3115859959
https://openalex.org/W3120103777
https://openalex.org/W3206376895
https://openalex.org/W3130843993
https://openalex.org/W3216342289
https://openalex.org/W3133671616
https://openalex.org/W1484525657
https://openalex.org/W4213263372
https://openalex.org/W3202864420
https://openalex.org/W4213264857
https://openalex.org/W4213378452
https://openalex.org/W4384393185
https://openalex.org/W4390048408
https://openalex.org/W1965884067
https://openalex.org/W2015988975
https://openalex.org/W2076925149
https://openalex.org/W2022271552
https://openalex.org/W2063074592
https://openalex.org/W1970934359
https://openalex.org/W2060126639
https://openalex.org/W2070249439
https://openalex.org/W2066490780
https://openalex.org/W1971740222
https://openalex.org/W2048552701
https://openalex.org/W2046875328
https://openalex.org/W2174952446
https://openalex.org/W2055271864
https://openalex.org/W2077811934
https://openalex.org/W1981246801
https://openalex.org/W2107006962
https://openalex.org/W1996774946
https://openalex.org/W2035643186
https://openalex.org/W2150845762
https://openalex.org/W2009295142
https://openalex.org/W2021678721
https://openalex.org/W2135095307
https://openalex.org/W1975638112
https://openalex.org/W1984880244
https://openalex.org/W1968790208
https://openalex.org/W2069671861
https://openalex.org/W2153502554
https://openalex.org/W2018683122
https://openalex.org/W2067034126
https://openalex.org/W2079578426
https://openalex.org/W2139969299
https://openalex.org/W1984384255
https://openalex.org/W2005959034
https://openalex.org/W1980281465
https://openalex.org/W2322535748
https://openalex.org/W3172069814
https://openalex.org/W1977108635
https://openalex.org/W1979919335
https://openalex.org/W2057946965
https://openalex.org/W2053426881
https://openalex.org/W2084434110
https://openalex.org/W2086322451
https://openalex.org/W2100329122
https://openalex.org/W2321940603
https://openalex.org/W2331158831
https://openalex.org/W1984605344
https://openalex.org/W2056639381
https://openalex.org/W2110902234
https://openalex.org/W2134067258
https://openalex.org/W2735767118
https://openalex.org/W2761685176
https://openalex.org/W2415472455
https://openalex.org/W2626568597
https://openalex.org/W2804686050
https://openalex.org/W2120699529
https://openalex.org/W2569332715
https://openalex.org/W2275985167
https://openalex.org/W2409157550
https://openalex.org/W2615423453
https://openalex.org/W2791295421
https://openalex.org/W2801254287
https://openalex.org/W2809459576
https://openalex.org/W2969878576
https://openalex.org/W2998444599
https://openalex.org/W2947371837
https://openalex.org/W2982867602
https://openalex.org/W3091544984
https://openalex.org/W3011038551
https://openalex.org/W3019356251
https://openalex.org/W3112542908
https://openalex.org/W3121139991
https://openalex.org/W3157628466
https://openalex.org/W3155036272
https://openalex.org/W3159652872
https://openalex.org/W3164657522
https://openalex.org/W3194624016
https://openalex.org/W3125376818
https://openalex.org/W3156413642
https://openalex.org/W2020923456
https://openalex.org/W4221127613
https://openalex.org/W4308101976
https://openalex.org/W2145507797
https://openalex.org/W2171481279
https://openalex.org/W2067022724
https://openalex.org/W2414073701
https://openalex.org/W2438191237
https://openalex.org/W2124366974
https://openalex.org/W1655963185
https://openalex.org/W1974456730
https://openalex.org/W2044689179
https://openalex.org/W2099776284
https://openalex.org/W2023756081
https://openalex.org/W2055047527
https://openalex.org/W2025691203
https://openalex.org/W2060488966
https://openalex.org/W2122100679
https://openalex.org/W2028662708
https://openalex.org/W1495151627
https://openalex.org/W2038832335
https://openalex.org/W2093086017
https://openalex.org/W2147777350
https://openalex.org/W88964204
https://openalex.org/W1978793897
https://openalex.org/W2064494420
https://openalex.org/W2082536110
https://openalex.org/W2025002678
https://openalex.org/W2060025012
https://openalex.org/W2100333422
https://openalex.org/W2038815389
https://openalex.org/W2085883073
https://openalex.org/W1994937266
https://openalex.org/W2087551175
https://openalex.org/W1978721766
https://openalex.org/W1987248891
https://openalex.org/W2082002944
https://openalex.org/W1971874669
https://openalex.org/W1992687023
https://openalex.org/W2058294760
https://openalex.org/W2069146574
https://openalex.org/W4247130211
https://openalex.org/W2738189269
https://openalex.org/W1971296151
https://openalex.org/W2007963121
https://openalex.org/W2056848169
https://openalex.org/W2112180237
https://openalex.org/W2626486651
https://openalex.org/W2808372909
https://openalex.org/W2900376084
https://openalex.org/W1977910849
https://openalex.org/W2184288884
https://openalex.org/W2339406321
https://openalex.org/W2535668744
https://openalex.org/W2620444946
https://openalex.org/W2791050740
https://openalex.org/W2800996196
https://openalex.org/W2261898680
https://openalex.org/W2498753157
https://openalex.org/W2612718255
https://openalex.org/W2740228493
https://openalex.org/W2926703861
https://openalex.org/W2810253762
https://openalex.org/W2903828449
https://openalex.org/W2937227953
https://openalex.org/W2960237921
https://openalex.org/W2965998343
https://openalex.org/W2919429912
https://openalex.org/W2976294272
https://openalex.org/W2903607151
https://openalex.org/W2944230093
https://openalex.org/W2964942421
https://openalex.org/W3041254650
https://openalex.org/W3087153800
https://openalex.org/W3087575730
https://openalex.org/W3111685685
https://openalex.org/W3201646188
https://openalex.org/W3133131999
https://openalex.org/W3174920826
https://openalex.org/W3177372574
https://openalex.org/W3185020649
https://openalex.org/W3202126036
https://openalex.org/W4309367685
https://openalex.org/W3215388492
https://openalex.org/W4206552444
https://openalex.org/W4220884964
https://openalex.org/W4309362380
https://openalex.org/W4312196536
https://openalex.org/W4318947304
https://openalex.org/W4323353705
https://openalex.org/W4323822035
https://openalex.org/W4375862554
https://openalex.org/W4386648315
https://openalex.org/W2095568708
https://openalex.org/W2010310291
https://openalex.org/W2109254966
https://openalex.org/W2120931275
https://openalex.org/W1996717644
https://openalex.org/W2045670160
https://openalex.org/W2108593314
https://openalex.org/W1972982468
https://openalex.org/W1491281884
https://openalex.org/W2075593004
https://openalex.org/W2161575074
https://openalex.org/W2125187877
https://openalex.org/W2171988186
https://openalex.org/W2313482528
https://openalex.org/W2059132188
https://openalex.org/W2325415012
https://openalex.org/W2006943851
https://openalex.org/W1981631089
https://openalex.org/W2112913510
https://openalex.org/W1994860112
https://openalex.org/W2034010079
https://openalex.org/W2063402144
https://openalex.org/W2099558056
https://openalex.org/W1979669960
https://openalex.org/W2063937369
https://openalex.org/W2071265412
https://openalex.org/W2106000245
https://openalex.org/W1986613079
https://openalex.org/W2048815483
https://openalex.org/W2053062635
https://openalex.org/W2062894682
https://openalex.org/W2166790190
https://openalex.org/W2419294245
https://openalex.org/W1987831675
https://openalex.org/W2061820469
https://openalex.org/W1986094846
https://openalex.org/W2027985967
https://openalex.org/W2053269322
https://openalex.org/W2036954719
https://openalex.org/W2042318590
https://openalex.org/W2100305384
https://openalex.org/W1499388038
https://openalex.org/W2034930924
https://openalex.org/W2333716116
https://openalex.org/W2315035006
https://openalex.org/W2519922916
https://openalex.org/W1992464037
https://openalex.org/W2329334654
https://openalex.org/W2412420586
https://openalex.org/W2440266615
https://openalex.org/W2537327999
https://openalex.org/W2594280123
https://openalex.org/W2705325118
https://openalex.org/W2735182748
https://openalex.org/W2756825202
https://openalex.org/W2809094038
https://openalex.org/W2038478544
https://openalex.org/W2400284888
https://openalex.org/W2344241465
https://openalex.org/W2625452033
https://openalex.org/W2790070240
https://openalex.org/W2941114990
https://openalex.org/W2991622394
https://openalex.org/W3022890240
https://openalex.org/W3033573627
https://openalex.org/W3115643435
https://openalex.org/W3165168927
https://openalex.org/W3183346817
https://openalex.org/W4223655359
https://openalex.org/W4389001308
https://openalex.org/W4389613057
https://openalex.org/W4389802875
https://openalex.org/W4390860219
https://openalex.org/W4390871301
https://openalex.org/W4391017590
https://openalex.org/W4391027799
https://openalex.org/W4391035941
https://openalex.org/W4391103830
https://openalex.org/W4391133264
https://openalex.org/W4391187982
https://openalex.org/W4391257132
https://openalex.org/W4391345774
https://openalex.org/W4391375870
https://openalex.org/W4391568741
https://openalex.org/W4391572888
https://openalex.org/W4391597457
https://openalex.org/W4391751196
https://openalex.org/W4391783650
https://openalex.org/W4391812315
https://openalex.org/W4391959101
https://openalex.org/W4392200940
https://openalex.org/W4392510972
https://openalex.org/W4392514555
https://openalex.org/W4392640282
https://openalex.org/W4393086043
https://openalex.org/W4393087741
https://openalex.org/W4393152078
https://openalex.org/W4393258571
https://openalex.org/W4393294816
https://openalex.org/W4394008838
https://openalex.org/W4394554887
https://openalex.org/W4394618730
https://openalex.org/W4394675638
https://openalex.org/W4394687618
https://openalex.org/W4394691640
https://openalex.org/W4394758525
https://openalex.org/W4394785482
https://openalex.org/W4394858628
https://openalex.org/W4395032751
https://openalex.org/W4395040003
https://openalex.org/W4395046124
https://openalex.org/W4395110382
https://openalex.org/W4395959716
https://openalex.org/W4396218451
https://openalex.org/W2070475451
https://openalex.org/W2069610284
https://openalex.org/W2103134005
https://openalex.org/W2122054297
https://openalex.org/W2145288694
https://openalex.org/W2063005475
https://openalex.org/W2179979840
https://openalex.org/W2326165099
https://openalex.org/W49238953
https://openalex.org/W2065812923
https://openalex.org/W2160534445
https://openalex.org/W2078168842
https://openalex.org/W74058207
https://openalex.org/W2009334902
https://openalex.org/W2092307284
https://openalex.org/W1999376757
https://openalex.org/W2004311052
https://openalex.org/W2084479464
https://openalex.org/W2061260814
https://openalex.org/W2073136084
https://openalex.org/W2172646285
https://openalex.org/W2059790272
https://openalex.org/W193843883
https://openalex.org/W1969523076
https://openalex.org/W2074309332
https://openalex.org/W2334376424
https://openalex.org/W1977095827
https://openalex.org/W2007339882
https://openalex.org/W2017035416
https://openalex.org/W1996671940
https://openalex.org/W2045007914
https://openalex.org/W1979840704
https://openalex.org/W2031240789
https://openalex.org/W2046333918
https://openalex.org/W2418932661
https://openalex.org/W1967126192
https://openalex.org/W2021688070
https://openalex.org/W2039357683
https://openalex.org/W2064115397
https://openalex.org/W2326269138
https://openalex.org/W1981426973
https://openalex.org/W2002307980
https://openalex.org/W2045970483
https://openalex.org/W2055879813
https://openalex.org/W2085456360
https://openalex.org/W2088436440
https://openalex.org/W1979426164
https://openalex.org/W2033103358
https://openalex.org/W2606155459
https://openalex.org/W979273936
https://openalex.org/W2043015028
https://openalex.org/W2172593161
https://openalex.org/W2258533112
https://openalex.org/W2473150619
https://openalex.org/W2491859403
https://openalex.org/W2518358772
https://openalex.org/W2530956915
https://openalex.org/W2889678688
https://openalex.org/W2106713987
https://openalex.org/W2233430069
https://openalex.org/W2476874003
https://openalex.org/W2617617599
https://openalex.org/W2790519845
https://openalex.org/W2793915040
https://openalex.org/W2794551840
https://openalex.org/W2892668978
https://openalex.org/W2946529349
https://openalex.org/W2817692636
https://openalex.org/W2900142803
https://openalex.org/W2945266649
https://openalex.org/W3006306958
https://openalex.org/W3029747181
https://openalex.org/W3043986439
https://openalex.org/W2022481458
https://openalex.org/W1982740216
https://openalex.org/W3143647002
https://openalex.org/W3187914104
https://openalex.org/W4200325107
https://openalex.org/W4320710252
https://openalex.org/W4375951868
https://openalex.org/W4377832436
https://openalex.org/W4380990772
https://openalex.org/W4384565015
https://openalex.org/W4385666172
https://openalex.org/W4386378036
https://openalex.org/W4387381194
https://openalex.org/W4388636767
https://openalex.org/W4388763532
https://openalex.org/W4388858660
https://openalex.org/W54225539
https://openalex.org/W1972487381
https://openalex.org/W1991284850
https://openalex.org/W2097603260
https://openalex.org/W2023509443
https://openalex.org/W2311461176
https://openalex.org/W1517925608
https://openalex.org/W2022836838
https://openalex.org/W2079903394
https://openalex.org/W2089830694
https://openalex.org/W1972908920
https://openalex.org/W1982565254
https://openalex.org/W1987050410
https://openalex.org/W1607008081
https://openalex.org/W2047097646
https://openalex.org/W2133407489
https://openalex.org/W2157480138
https://openalex.org/W2023942693
https://openalex.org/W2028304175
https://openalex.org/W1985817732
https://openalex.org/W2013491126
https://openalex.org/W2025167089
https://openalex.org/W2049821416
https://openalex.org/W2063457812
https://openalex.org/W2086417616
https://openalex.org/W2093762178
https://openalex.org/W2150660095
https://openalex.org/W647000851
https://openalex.org/W2041534677
https://openalex.org/W2106622817
https://openalex.org/W2337681058
https://openalex.org/W1979365504
https://openalex.org/W2047568523
https://openalex.org/W2057803984
https://openalex.org/W2070096322
https://openalex.org/W2167338137
https://openalex.org/W2103391627
https://openalex.org/W1986395827
https://openalex.org/W1852346278
https://openalex.org/W1972328667
https://openalex.org/W2013915309
https://openalex.org/W2079722746
https://openalex.org/W2153796318
https://openalex.org/W1956312209
https://openalex.org/W2047412309
https://openalex.org/W2980187817
https://openalex.org/W1972923101
https://openalex.org/W2054770198
https://openalex.org/W2163635991
https://openalex.org/W1984872711
https://openalex.org/W2009747763
https://openalex.org/W2031599370
https://openalex.org/W2166364293
https://openalex.org/W2615989018
https://openalex.org/W2765749569
https://openalex.org/W1853459516
https://openalex.org/W2509909440
https://openalex.org/W2567926984
https://openalex.org/W2625834016
https://openalex.org/W2720013344
https://openalex.org/W2743803218
https://openalex.org/W2793982446
https://openalex.org/W2213138911
https://openalex.org/W2267161570
https://openalex.org/W2276515162
https://openalex.org/W2474412086
https://openalex.org/W2974063869
https://openalex.org/W2970719833
https://openalex.org/W3046657537
https://openalex.org/W3064980751
https://openalex.org/W3119553533
https://openalex.org/W3126154589
https://openalex.org/W3153579060
https://openalex.org/W3164167898
https://openalex.org/W3170999361
https://openalex.org/W3206277248
https://openalex.org/W4205288315
https://openalex.org/W4221097989
https://openalex.org/W4286268416
https://openalex.org/W2178329573
https://openalex.org/W1981237903
https://openalex.org/W2014527447
https://openalex.org/W115839141
https://openalex.org/W2091160921
https://openalex.org/W2117949566
https://openalex.org/W1983108738
https://openalex.org/W2007149677
https://openalex.org/W2030141948
https://openalex.org/W2056264479
https://openalex.org/W1979664847
https://openalex.org/W1996795014
https://openalex.org/W2002635907
https://openalex.org/W2085920429
https://openalex.org/W3955892
https://openalex.org/W2009875108
https://openalex.org/W2056696891
https://openalex.org/W2081989400
https://openalex.org/W2083413308
https://openalex.org/W2171646689
https://openalex.org/W1976553678
https://openalex.org/W2056708390
https://openalex.org/W1986065107
https://openalex.org/W1983469474
https://openalex.org/W2046307890
https://openalex.org/W2102695091
https://openalex.org/W656775878
https://openalex.org/W1988787830
https://openalex.org/W2033489350
https://openalex.org/W2063502984
https://openalex.org/W2083658315
https://openalex.org/W2102126143
https://openalex.org/W2003652757
https://openalex.org/W2128318438
https://openalex.org/W2005180118
https://openalex.org/W2032737554
https://openalex.org/W2038350379
https://openalex.org/W2042192194
https://openalex.org/W2097472021
https://openalex.org/W2802149197
https://openalex.org/W2809156195
https://openalex.org/W2884672691
https://openalex.org/W2509355790
https://openalex.org/W2591221247
https://openalex.org/W2732745994
https://openalex.org/W2903522400
https://openalex.org/W2912382275
https://openalex.org/W2915549489
https://openalex.org/W2925289690
https://openalex.org/W2517081594
https://openalex.org/W2983167441
https://openalex.org/W2995696404
https://openalex.org/W3169041040
https://openalex.org/W3185994799
https://openalex.org/W4200431120
https://openalex.org/W4283065666
https://openalex.org/W4283314698
https://openalex.org/W2130133851
https://openalex.org/W1969910289
https://openalex.org/W2062030703
https://openalex.org/W2059857674
https://openalex.org/W2068022035
https://openalex.org/W2004854662
https://openalex.org/W2025864071
https://openalex.org/W2586263874
https://openalex.org/W2001579995
https://openalex.org/W2048503962
https://openalex.org/W1963583459
https://openalex.org/W2006124169
https://openalex.org/W2045786383
https://openalex.org/W2070921643
https://openalex.org/W2080303783
https://openalex.org/W649612728
https://openalex.org/W2171101316
https://openalex.org/W1969013825
https://openalex.org/W1984053564
https://openalex.org/W2462436870
https://openalex.org/W1543094761
https://openalex.org/W2088082425
https://openalex.org/W1969986580
https://openalex.org/W2061758657
https://openalex.org/W1975751294
https://openalex.org/W2030006126
https://openalex.org/W1165896209
https://openalex.org/W1991887892
https://openalex.org/W2102441099
https://openalex.org/W1944226094
https://openalex.org/W1969490758
https://openalex.org/W2036431780
https://openalex.org/W2047223587
https://openalex.org/W2054935701
https://openalex.org/W1989609662
https://openalex.org/W2042521007
https://openalex.org/W2060631290
https://openalex.org/W2093620642
https://openalex.org/W2098840926
https://openalex.org/W2135591338
https://openalex.org/W2318457098
https://openalex.org/W2486328783
https://openalex.org/W2742321716
https://openalex.org/W2768846218
https://openalex.org/W2889046911
https://openalex.org/W2937089818
https://openalex.org/W2942861518
https://openalex.org/W2954058077
https://openalex.org/W2960194872
https://openalex.org/W2967920768
https://openalex.org/W2973295540
https://openalex.org/W302920627
https://openalex.org/W2508484058
https://openalex.org/W2555337458
https://openalex.org/W3037465930
https://openalex.org/W3043933717
https://openalex.org/W3092545634
https://openalex.org/W3094319956
https://openalex.org/W2071718496
https://openalex.org/W2999570949
https://openalex.org/W3019753149
https://openalex.org/W3049652923
https://openalex.org/W3168509733
https://openalex.org/W1981680455
https://openalex.org/W2016221890
https://openalex.org/W2051657862
https://openalex.org/W2063786246
https://openalex.org/W2026661086
https://openalex.org/W2044284882
https://openalex.org/W2067014844
https://openalex.org/W1990275455
https://openalex.org/W2077478306
https://openalex.org/W2009320479
https://openalex.org/W2013196750
https://openalex.org/W2054608881
https://openalex.org/W2074544562
https://openalex.org/W4245955583
https://openalex.org/W1999175212
https://openalex.org/W2345069000
https://openalex.org/W2043948558
https://openalex.org/W2060242852
https://openalex.org/W2075653589
https://openalex.org/W2410871400
https://openalex.org/W2072056380
https://openalex.org/W2071532569
https://openalex.org/W2165826635
https://openalex.org/W2063793184
https://openalex.org/W2551297326
https://openalex.org/W62012992
https://openalex.org/W2102934010
https://openalex.org/W2027329702
https://openalex.org/W2032405172
https://openalex.org/W2075303614
https://openalex.org/W2558513597
https://openalex.org/W1990043517
https://openalex.org/W1999339664
https://openalex.org/W2017011574
https://openalex.org/W2053355316
https://openalex.org/W1968498409
https://openalex.org/W1980388084
https://openalex.org/W2073498662
https://openalex.org/W2613284515
https://openalex.org/W2808243805
https://openalex.org/W2890233569
https://openalex.org/W2895364889
https://openalex.org/W2901068199
https://openalex.org/W2963375795
https://openalex.org/W2985892442
https://openalex.org/W3021258227
https://openalex.org/W2203719331
https://openalex.org/W2900900413
https://openalex.org/W2915019746
https://openalex.org/W2916262440
https://openalex.org/W1977181608
https://openalex.org/W3046351107
https://openalex.org/W3048703611
https://openalex.org/W3068884419
https://openalex.org/W3126350917
https://openalex.org/W3163570674
https://openalex.org/W3174984848
https://openalex.org/W3215094721
https://openalex.org/W2334699159
https://openalex.org/W3198702241
https://openalex.org/W4214831372
https://openalex.org/W4226394010
https://openalex.org/W4286270600
https://openalex.org/W4289516027
https://openalex.org/W4295900110
https://openalex.org/W4307241603
https://openalex.org/W4313454380
https://openalex.org/W4308454145
https://openalex.org/W4361746296
https://openalex.org/W4365512195
https://openalex.org/W4379967230
https://openalex.org/W4380442328
https://openalex.org/W4380680566
https://openalex.org/W4385250407
https://openalex.org/W4385970664
https://openalex.org/W4386283469
https://openalex.org/W4387340879
https://openalex.org/W4387905111
https://openalex.org/W4388408141
https://openalex.org/W2141420286
https://openalex.org/W1991268187
https://openalex.org/W2017978292
https://openalex.org/W2088228123
https://openalex.org/W2163830546
https://openalex.org/W2024418160
https://openalex.org/W2088385904
https://openalex.org/W2312828242
https://openalex.org/W1498734320
https://openalex.org/W2047025790
https://openalex.org/W2076522192
https://openalex.org/W2093966395
https://openalex.org/W1985679232
https://openalex.org/W2009175494
https://openalex.org/W2063868577
https://openalex.org/W2106661638
https://openalex.org/W1981946465
https://openalex.org/W4233820882
https://openalex.org/W2144341096
https://openalex.org/W2070171843
https://openalex.org/W2030412630
https://openalex.org/W2170399934
https://openalex.org/W2249637737
https://openalex.org/W2090074340
https://openalex.org/W2112583446
https://openalex.org/W2326904946
https://openalex.org/W2790721556
https://openalex.org/W2039606192
https://openalex.org/W2340724438
https://openalex.org/W2395469140
https://openalex.org/W2578246530
https://openalex.org/W2598327510
https://openalex.org/W2606995253
https://openalex.org/W2685471319
https://openalex.org/W2924430187
https://openalex.org/W2939458040
https://openalex.org/W2971138731
https://openalex.org/W2017394507
https://openalex.org/W1973666844
https://openalex.org/W1972837814
https://openalex.org/W1983015138
https://openalex.org/W2320430805
https://openalex.org/W2321240435
https://openalex.org/W2333928511
https://openalex.org/W1481691706
https://openalex.org/W2016571836
https://openalex.org/W2053257656
https://openalex.org/W2154426336
https://openalex.org/W86461601
https://openalex.org/W2121153797
https://openalex.org/W1969694506
https://openalex.org/W2104643283
https://openalex.org/W1971693116
https://openalex.org/W1995974111
https://openalex.org/W2066745620
https://openalex.org/W83477901
https://openalex.org/W1965396031
https://openalex.org/W1973898324
https://openalex.org/W1988845045
https://openalex.org/W2046909727
https://openalex.org/W2058820731
https://openalex.org/W2030971521
https://openalex.org/W2075636823
https://openalex.org/W2092319508
https://openalex.org/W2585105615
https://openalex.org/W1581162422
https://openalex.org/W1988265512
https://openalex.org/W1999251733
https://openalex.org/W2086634752
https://openalex.org/W2415657363
https://openalex.org/W2811420816
https://openalex.org/W2889115468
https://openalex.org/W2904598816
https://openalex.org/W1968029714
https://openalex.org/W1999609987
https://openalex.org/W2009403162
https://openalex.org/W2041585751
https://openalex.org/W2063050083
https://openalex.org/W2099889958
https://openalex.org/W2149301840
https://openalex.org/W2289184579
https://openalex.org/W2729166166
https://openalex.org/W2754805366
https://openalex.org/W2885799330
https://openalex.org/W2954873609
https://openalex.org/W2963117815
https://openalex.org/W2980449186
https://openalex.org/W2980799887
https://openalex.org/W3016330102
https://openalex.org/W3044650137
https://openalex.org/W3082652121
https://openalex.org/W2010397685
https://openalex.org/W2515170108
https://openalex.org/W2552038728
https://openalex.org/W2935396019
https://openalex.org/W3165174953
https://openalex.org/W3211550325
https://openalex.org/W3216819090
https://openalex.org/W2029285540
https://openalex.org/W2314059599
https://openalex.org/W2325167961
https://openalex.org/W2330866182
https://openalex.org/W4200033350
https://openalex.org/W2039140318
https://openalex.org/W2055764869
https://openalex.org/W2325084365
https://openalex.org/W1545304501
https://openalex.org/W1993485047
https://openalex.org/W2049264674
https://openalex.org/W2094895717
https://openalex.org/W2097186850
https://openalex.org/W2043779857
https://openalex.org/W2052144130
https://openalex.org/W1922582121
https://openalex.org/W1977585722
https://openalex.org/W1984021494
https://openalex.org/W1995148306
https://openalex.org/W2030633287
https://openalex.org/W2073497533
https://openalex.org/W1992178151
https://openalex.org/W2092855358
https://openalex.org/W210827374
https://openalex.org/W2936888746
https://openalex.org/W1995506199
https://openalex.org/W2047096513
https://openalex.org/W2123262771
https://openalex.org/W1969733902
https://openalex.org/W2092759413
https://openalex.org/W2119392836
https://openalex.org/W2327138772
https://openalex.org/W2777090966
https://openalex.org/W2782912892
https://openalex.org/W2792701654
https://openalex.org/W2074615324
https://openalex.org/W2096044789
https://openalex.org/W2105773930
https://openalex.org/W2144528825
https://openalex.org/W2264984207
https://openalex.org/W2740965596
https://openalex.org/W2908820665
https://openalex.org/W2916557556
https://openalex.org/W2944759965
https://openalex.org/W2963084277
https://openalex.org/W2988138388
https://openalex.org/W2999693752
https://openalex.org/W3046522620
https://openalex.org/W3092015154
https://openalex.org/W2803903514
https://openalex.org/W3111509599
https://openalex.org/W3112591719
https://openalex.org/W3140698270
https://openalex.org/W3178325989
https://openalex.org/W3187052457
https://openalex.org/W3202476162
https://openalex.org/W3215423945
https://openalex.org/W3135813325
https://openalex.org/W4210518195
https://openalex.org/W4220772254
https://openalex.org/W4223468557
https://openalex.org/W4280556116
https://openalex.org/W4281772243
https://openalex.org/W4282946195
https://openalex.org/W4293382242
https://openalex.org/W4297477284
https://openalex.org/W4308834569
https://openalex.org/W4309492462
https://openalex.org/W1999980012
https://openalex.org/W1999681697
https://openalex.org/W75902900
https://openalex.org/W1914923809
https://openalex.org/W2021844461
https://openalex.org/W2415961959
https://openalex.org/W2082678258
https://openalex.org/W643309395
https://openalex.org/W1987912953
https://openalex.org/W2169052166
https://openalex.org/W2325216011
https://openalex.org/W2410846801
https://openalex.org/W1514764495
https://openalex.org/W2061052791
https://openalex.org/W3113529139
https://openalex.org/W1977576368
https://openalex.org/W2092364266
https://openalex.org/W2414711009
https://openalex.org/W1971719094
https://openalex.org/W1987867422
https://openalex.org/W2036269501
https://openalex.org/W2118522135
https://openalex.org/W2952774866
https://openalex.org/W2007124356
https://openalex.org/W2797487137
https://openalex.org/W2889258826
https://openalex.org/W2901273434
https://openalex.org/W2902227128
https://openalex.org/W1853696987
https://openalex.org/W1943618481
https://openalex.org/W1992390986
https://openalex.org/W2041830956
https://openalex.org/W2088634851
https://openalex.org/W2155664642
https://openalex.org/W2175064863
https://openalex.org/W2256659165
https://openalex.org/W2316917755
https://openalex.org/W2341066328
https://openalex.org/W2344711253
https://openalex.org/W2415545179
https://openalex.org/W2478741145
https://openalex.org/W2563231102
https://openalex.org/W2743619138
https://openalex.org/W3000628921
https://openalex.org/W3037067436
https://openalex.org/W3080482631
https://openalex.org/W3098164035
https://openalex.org/W86464793
https://openalex.org/W2493464240
https://openalex.org/W1839226598
https://openalex.org/W2085835370
https://openalex.org/W189757321
https://openalex.org/W1986007686
https://openalex.org/W2063640718
https://openalex.org/W2119586908
https://openalex.org/W1993633801
https://openalex.org/W306300567
https://openalex.org/W763457434
https://openalex.org/W2126828230
https://openalex.org/W1964120420
https://openalex.org/W1968309027
https://openalex.org/W2095308506
https://openalex.org/W2166287745
https://openalex.org/W1970798331
https://openalex.org/W2070240753
https://openalex.org/W2026006337
https://openalex.org/W2141880911
https://openalex.org/W2405599263
https://openalex.org/W606746420
https://openalex.org/W1966692109
https://openalex.org/W2030673169
https://openalex.org/W2058333707
https://openalex.org/W2520062295
https://openalex.org/W2586653685
https://openalex.org/W2800280548
https://openalex.org/W2901806388
https://openalex.org/W2911326901
https://openalex.org/W2911382302
https://openalex.org/W2947638733
https://openalex.org/W2967070598
https://openalex.org/W4232803146
https://openalex.org/W1462003177
https://openalex.org/W2112017351
https://openalex.org/W2312321808
https://openalex.org/W2345975593
https://openalex.org/W2461393555
https://openalex.org/W3113187785
https://openalex.org/W3120818045
https://openalex.org/W3137353140
https://openalex.org/W3165880510
https://openalex.org/W3178850905
https://openalex.org/W3193231570
https://openalex.org/W3194104571
https://openalex.org/W3195165738
https://openalex.org/W3211411124
https://openalex.org/W3215827269
https://openalex.org/W4200618205
https://openalex.org/W2324931781
https://openalex.org/W2013165275
https://openalex.org/W2334181618
https://openalex.org/W2073195135
https://openalex.org/W2073410021
https://openalex.org/W55307318
https://openalex.org/W2004024159
https://openalex.org/W2013235032
https://openalex.org/W2071411314
https://openalex.org/W2085508340
https://openalex.org/W80241460
https://openalex.org/W1973461464
https://openalex.org/W2057994532
https://openalex.org/W658187594
https://openalex.org/W1966816305
https://openalex.org/W1974407555
https://openalex.org/W1500508014
https://openalex.org/W1970343794
https://openalex.org/W1985955207
https://openalex.org/W2086707042
https://openalex.org/W787289136
https://openalex.org/W2016044752
https://openalex.org/W2081690479
https://openalex.org/W2091065934
https://openalex.org/W2155531467
https://openalex.org/W2396819099
https://openalex.org/W2412692221
https://openalex.org/W2062903968
https://openalex.org/W4239121976
https://openalex.org/W2034084378
https://openalex.org/W2040004280
https://openalex.org/W2055322767
https://openalex.org/W2095541026
https://openalex.org/W2042799876
https://openalex.org/W2115951574
https://openalex.org/W2185364324
https://openalex.org/W2526258451
https://openalex.org/W2595610931
https://openalex.org/W2735176235
https://openalex.org/W2768704558
https://openalex.org/W2779071383
https://openalex.org/W2810181417
https://openalex.org/W2840020927
https://openalex.org/W2900378619
https://openalex.org/W2904275135
https://openalex.org/W2968051584
https://openalex.org/W2975165382
https://openalex.org/W2978569348
https://openalex.org/W2989072024
https://openalex.org/W2995036162
https://openalex.org/W3031593571
https://openalex.org/W3033427200
https://openalex.org/W3034431925
https://openalex.org/W3093964319
https://openalex.org/W1174521194
https://openalex.org/W1971093011
https://openalex.org/W2182990685
https://openalex.org/W2495727954
https://openalex.org/W2522206655
https://openalex.org/W28923429
https://openalex.org/W2320267281
https://openalex.org/W4224229640
https://openalex.org/W4224300093
https://openalex.org/W4226208757
https://openalex.org/W4281941441
https://openalex.org/W4307338955
https://openalex.org/W4308224692
https://openalex.org/W4308581858
https://openalex.org/W4313279066
https://openalex.org/W1966419603
https://openalex.org/W1968524430
https://openalex.org/W1997184495
https://openalex.org/W2041365413
https://openalex.org/W2049786106
https://openalex.org/W2095460916
https://openalex.org/W2095584836
https://openalex.org/W2287606492
https://openalex.org/W620737053
https://openalex.org/W2020509157
https://openalex.org/W2031840463
https://openalex.org/W2033237769
https://openalex.org/W2051760177
https://openalex.org/W2088579887
https://openalex.org/W4233639050
https://openalex.org/W4235533189
https://openalex.org/W4251505370
https://openalex.org/W89291322
https://openalex.org/W2017325102
https://openalex.org/W2080534275
https://openalex.org/W2401016321
https://openalex.org/W2403634143
https://openalex.org/W1964439561
https://openalex.org/W2038172740
https://openalex.org/W2064970876
https://openalex.org/W2331605867
https://openalex.org/W2056522734
https://openalex.org/W2066947533
https://openalex.org/W2098077337
https://openalex.org/W4253156563
https://openalex.org/W2013749151
https://openalex.org/W2157721619
https://openalex.org/W1967998605
https://openalex.org/W1970019595
https://openalex.org/W1973582569
https://openalex.org/W2008511452
https://openalex.org/W2093256173
https://openalex.org/W2316242042
https://openalex.org/W2593683506
https://openalex.org/W1540015363
https://openalex.org/W1966284102
https://openalex.org/W2010069002
https://openalex.org/W2055224513
https://openalex.org/W2059325297
https://openalex.org/W2092731110
https://openalex.org/W2169155673
https://openalex.org/W2319980413
https://openalex.org/W2460844489
https://openalex.org/W2469780262
https://openalex.org/W2015739371
https://openalex.org/W2017991778
https://openalex.org/W2022136651
https://openalex.org/W2073237562
https://openalex.org/W2114432515
https://openalex.org/W4255956620
https://openalex.org/W2013798236
https://openalex.org/W2139605249
https://openalex.org/W1558374132
https://openalex.org/W2012914076
https://openalex.org/W2126692825
https://openalex.org/W647803295
https://openalex.org/W2002447171
https://openalex.org/W2171183669
https://openalex.org/W2335286434
https://openalex.org/W183793999
https://openalex.org/W2004495804
https://openalex.org/W2007583540
https://openalex.org/W41992383
https://openalex.org/W2002826177
https://openalex.org/W2081737149
https://openalex.org/W2139197655
https://openalex.org/W2143614070
https://openalex.org/W2620644889
https://openalex.org/W2687779884
https://openalex.org/W2753940925
https://openalex.org/W2789392390
https://openalex.org/W2804456479
https://openalex.org/W2805558295
https://openalex.org/W284214049
https://openalex.org/W2888217107
https://openalex.org/W2891028652
https://openalex.org/W2900971374
https://openalex.org/W2944369095
https://openalex.org/W2953738757
https://openalex.org/W2960129555
https://openalex.org/W2964829174
https://openalex.org/W2984379574
https://openalex.org/W3009912850
https://openalex.org/W3045614132
https://openalex.org/W3098537844
https://openalex.org/W3100693081
https://openalex.org/W3111350382
https://openalex.org/W3121138834
https://openalex.org/W3122660129
https://openalex.org/W3143315840
https://openalex.org/W3146168863
https://openalex.org/W3160846730
https://openalex.org/W3163825106
https://openalex.org/W3164049582
https://openalex.org/W3165261979
https://openalex.org/W3165595775
https://openalex.org/W2343434788
https://openalex.org/W2402152512
https://openalex.org/W2465982085
https://openalex.org/W2501438537
https://openalex.org/W2532089795
https://openalex.org/W2539248033
https://openalex.org/W1553099060
https://openalex.org/W1977345874
https://openalex.org/W1983402176
https://openalex.org/W1987305802
https://openalex.org/W2045167092
https://openalex.org/W2047466649
https://openalex.org/W2067713324
https://openalex.org/W2085304229
https://openalex.org/W2087431124
https://openalex.org/W1980303418
https://openalex.org/W1983802501
https://openalex.org/W2312348267
https://openalex.org/W2016627201
https://openalex.org/W2040353642
https://openalex.org/W2460041083
https://openalex.org/W2473426697
https://openalex.org/W906630890
https://openalex.org/W1740319452
https://openalex.org/W1502400672
https://openalex.org/W1994700823
https://openalex.org/W2088567544
https://openalex.org/W2101053818
https://openalex.org/W2572987148
https://openalex.org/W2791409851
https://openalex.org/W2138773686
https://openalex.org/W2184491767
https://openalex.org/W293340090
https://openalex.org/W2995868167
https://openalex.org/W913743318
https://openalex.org/W1508991891
https://openalex.org/W1593571149
https://openalex.org/W1947260072
https://openalex.org/W1994668879
https://openalex.org/W2021305786
https://openalex.org/W2022130535
https://openalex.org/W2040327697
https://openalex.org/W2051002345
https://openalex.org/W2059859214
https://openalex.org/W2083848628
https://openalex.org/W2089380333
https://openalex.org/W2321967770
https://openalex.org/W2397389017
https://openalex.org/W2410555949
https://openalex.org/W2588242376
https://openalex.org/W2994111929
https://openalex.org/W38594661
https://openalex.org/W2331070184
https://openalex.org/W4310707963
https://openalex.org/W4316925786
https://openalex.org/W4320169699
https://openalex.org/W4321183651
https://openalex.org/W4323037820
https://openalex.org/W4323928594
https://openalex.org/W4361889747
https://openalex.org/W4361889898
https://openalex.org/W4361889918
https://openalex.org/W4361920449
https://openalex.org/W4361920481
https://openalex.org/W4361920511
https://openalex.org/W4361920549
https://openalex.org/W4361920624
https://openalex.org/W4361920634
https://openalex.org/W4361920653
https://openalex.org/W4361920701
https://openalex.org/W4361938851
https://openalex.org/W4361938878
https://openalex.org/W4361938907
https://openalex.org/W4361945460
https://openalex.org/W4361947191
https://openalex.org/W4361952989
https://openalex.org/W4361958497
https://openalex.org/W4361958503
https://openalex.org/W4361959625
https://openalex.org/W4361967567
https://openalex.org/W4362400421
https://openalex.org/W4362400741
https://openalex.org/W4362400750
https://openalex.org/W4362400751
https://openalex.org/W4362400760
https://openalex.org/W4362400767
https://openalex.org/W4362400852
https://openalex.org/W4362400857
https://openalex.org/W4362408572
https://openalex.org/W4362661160
https://openalex.org/W4362733885
https://openalex.org/W4362733974
https://openalex.org/W4363651162
https://openalex.org/W4367669227
https://openalex.org/W4368341197
https://openalex.org/W4377099453
https://openalex.org/W4378471745
https://openalex.org/W4379015935
https://openalex.org/W4379506031
https://openalex.org/W4380871566
https://openalex.org/W4381125314
https://openalex.org/W4381884964
https://openalex.org/W4382393760
https://openalex.org/W4383550449
https://openalex.org/W4384130591
https://openalex.org/W4384774728
https://openalex.org/W4384808246
https://openalex.org/W4384833429
https://openalex.org/W4385275722
https://openalex.org/W4385360610
https://openalex.org/W4385619919
https://openalex.org/W4385727930
https://openalex.org/W4385950491
https://openalex.org/W4386225802
https://openalex.org/W4386284543
https://openalex.org/W4386440687
https://openalex.org/W4386844107
https://openalex.org/W4386852886
https://openalex.org/W4386927820
https://openalex.org/W4386955073
https://openalex.org/W4387250523
https://openalex.org/W4387392299
https://openalex.org/W4387454139
https://openalex.org/W4387880270
https://openalex.org/W4387909477
https://openalex.org/W4388325839
https://openalex.org/W4388337055
https://openalex.org/W4388421018
https://openalex.org/W4388537518
https://openalex.org/W4388694584
https://openalex.org/W4388852453
https://openalex.org/W4388870475
https://openalex.org/W4389001197
https://openalex.org/W4389220842
https://openalex.org/W4389886172
https://openalex.org/W4389980273
https://openalex.org/W4390396131
https://openalex.org/W4390591590
https://openalex.org/W4391079495
https://openalex.org/W4392375668
https://openalex.org/W652885630
https://openalex.org/W2043981479
https://openalex.org/W2212721520
https://openalex.org/W4235386587
https://openalex.org/W610481282
https://openalex.org/W1848340251
https://openalex.org/W1989222281
https://openalex.org/W2031942104
https://openalex.org/W2086443654
https://openalex.org/W2397307986
https://openalex.org/W46855672
https://openalex.org/W1979526132
https://openalex.org/W2157351409
https://openalex.org/W2410978049
https://openalex.org/W2013761474
https://openalex.org/W2088252562
https://openalex.org/W2897009803
https://openalex.org/W1920285
https://openalex.org/W2463904259
https://openalex.org/W2607669356
https://openalex.org/W2691959714
https://openalex.org/W2756608107
https://openalex.org/W2774477163
https://openalex.org/W2902120141
https://openalex.org/W2921658422
https://openalex.org/W4290978372
https://openalex.org/W1978092124
https://openalex.org/W2029842041
https://openalex.org/W2059944925
https://openalex.org/W2402571072
https://openalex.org/W70324328
https://openalex.org/W1597898776
https://openalex.org/W1991182011
https://openalex.org/W1933507498
https://openalex.org/W1996595778
https://openalex.org/W2280672088
https://openalex.org/W2324532937
https://openalex.org/W2347853301
https://openalex.org/W2245536657
https://openalex.org/W2245996232
https://openalex.org/W2809440055
https://openalex.org/W2889426274
https://openalex.org/W2897852562
https://openalex.org/W2912279971
https://openalex.org/W2951926078
https://openalex.org/W2952997030
https://openalex.org/W2960347784
https://openalex.org/W2965276336
https://openalex.org/W2969195663
https://openalex.org/W2996921859
https://openalex.org/W2997273580
https://openalex.org/W3000260421
https://openalex.org/W3010928170
https://openalex.org/W3012548753
https://openalex.org/W3017428567
https://openalex.org/W3017595177
https://openalex.org/W3031461679
https://openalex.org/W3034320269
https://openalex.org/W3082091877
https://openalex.org/W3082578905
https://openalex.org/W3118386088
https://openalex.org/W3138903574
https://openalex.org/W3144487336
https://openalex.org/W3167306470
https://openalex.org/W3181449679
https://openalex.org/W3182143239
https://openalex.org/W3189174425
https://openalex.org/W3204029989
https://openalex.org/W3208487902
https://openalex.org/W3212470774
https://openalex.org/W4200343875
https://openalex.org/W2033075860
https://openalex.org/W2412779123
https://openalex.org/W2432147558
https://openalex.org/W2474410553
https://openalex.org/W2481382044
https://openalex.org/W2563380902
https://openalex.org/W2597274788
https://openalex.org/W2980815274
https://openalex.org/W4205303330
https://openalex.org/W4212772984
https://openalex.org/W4224996810
https://openalex.org/W4282966202
https://openalex.org/W4295817287
https://openalex.org/W4297102958
https://openalex.org/W4309161019
https://openalex.org/W810405647
https://openalex.org/W1978793125
https://openalex.org/W1979498764
https://openalex.org/W2042928708
https://openalex.org/W2050832366
https://openalex.org/W2088580996
https://openalex.org/W2278549074
https://openalex.org/W2320065246
https://openalex.org/W2412020138
https://openalex.org/W2416009597
https://openalex.org/W4253164522
https://openalex.org/W2009147130
https://openalex.org/W2009459534
https://openalex.org/W2117681053
https://openalex.org/W2149232594
https://openalex.org/W2441061356
https://openalex.org/W2995121480
https://openalex.org/W3103204615
https://openalex.org/W2037191214
https://openalex.org/W2141584541
https://openalex.org/W1775199447
https://openalex.org/W1965724508
https://openalex.org/W1975906663
https://openalex.org/W1991576488
https://openalex.org/W1995783401
https://openalex.org/W200035047
https://openalex.org/W2016445338
https://openalex.org/W208035418
https://openalex.org/W2273852116
https://openalex.org/W2355347695
https://openalex.org/W2373520446
https://openalex.org/W2420759594
https://openalex.org/W2464757327
https://openalex.org/W2561933334
https://openalex.org/W2587440118
https://openalex.org/W2587509560
https://openalex.org/W2595238986
https://openalex.org/W2980735234
https://openalex.org/W3029457585
https://openalex.org/W3147444844
https://openalex.org/W4224008527
https://openalex.org/W4280534571
https://openalex.org/W2093811937
https://openalex.org/W2166041925
https://openalex.org/W2037095329
https://openalex.org/W2038568369
https://openalex.org/W2068331847
https://openalex.org/W2083987628
https://openalex.org/W2085265599
https://openalex.org/W2067296662
https://openalex.org/W149805073
https://openalex.org/W1968232365
https://openalex.org/W1972009907
https://openalex.org/W2022003741
https://openalex.org/W2032264082
https://openalex.org/W2067838394
https://openalex.org/W2072010253
https://openalex.org/W2349423133
https://openalex.org/W2403202157
https://openalex.org/W2415082450
https://openalex.org/W2965615112
https://openalex.org/W570631302
https://openalex.org/W1552974847
https://openalex.org/W1648126481
https://openalex.org/W1968963952
https://openalex.org/W2028943231
https://openalex.org/W2078706570
https://openalex.org/W2144762689
https://openalex.org/W2295952296
https://openalex.org/W2301366483
https://openalex.org/W2347337207
https://openalex.org/W2384893014
https://openalex.org/W2407704851
https://openalex.org/W2522319663
https://openalex.org/W2775154044
https://openalex.org/W2921388174
https://openalex.org/W3007955078
https://openalex.org/W3029569216
https://openalex.org/W3183522138
https://openalex.org/W4236360804
https://openalex.org/W4237838900
https://openalex.org/W4252152020
https://openalex.org/W82042202
https://openalex.org/W1590927772
https://openalex.org/W165828293
https://openalex.org/W1971545066
https://openalex.org/W1972998466
https://openalex.org/W1996072411
https://openalex.org/W1998835429
https://openalex.org/W2086202535
https://openalex.org/W2093274782
https://openalex.org/W2108751454
https://openalex.org/W2165814232
https://openalex.org/W2337419881
https://openalex.org/W2411614508
https://openalex.org/W2494788575
https://openalex.org/W3215531926
https://openalex.org/W1562733994
https://openalex.org/W159051900
https://openalex.org/W1600817439
https://openalex.org/W2034496727
https://openalex.org/W2064132208
https://openalex.org/W2107254763
https://openalex.org/W2148112187
https://openalex.org/W2224974144
https://openalex.org/W2331162178
https://openalex.org/W2412190732
https://openalex.org/W3110454406
https://openalex.org/W581385660
https://openalex.org/W2032974097
https://openalex.org/W131518483
https://openalex.org/W2031945119
https://openalex.org/W2059651492
https://openalex.org/W2076420738
https://openalex.org/W2091125926
https://openalex.org/W2134890637
https://openalex.org/W2181427076
https://openalex.org/W2249629523
https://openalex.org/W229208439
https://openalex.org/W2419230013
https://openalex.org/W2549494013
https://openalex.org/W2552408358
https://openalex.org/W2597142572
https://openalex.org/W2794190130
https://openalex.org/W2809640184
https://openalex.org/W2809738942
https://openalex.org/W2891500755
https://openalex.org/W2982612414
https://openalex.org/W3084190709
https://openalex.org/W3148931401
https://openalex.org/W4385290987
https://openalex.org/W2572705675
https://openalex.org/W2611067428
https://openalex.org/W995240523
https://openalex.org/W2061686564
https://openalex.org/W2101169241
https://openalex.org/W2228090597
https://openalex.org/W2980189178
https://openalex.org/W1898255411
https://openalex.org/W2332986579
https://openalex.org/W2438446743
https://openalex.org/W2596364633
https://openalex.org/W2137574077
https://openalex.org/W2322262686
https://openalex.org/W65738236
https://openalex.org/W1544352508
https://openalex.org/W2002012037
https://openalex.org/W2025969871
https://openalex.org/W2409711976
https://openalex.org/W2750272487
https://openalex.org/W2794138438
https://openalex.org/W2909212281
https://openalex.org/W2917592495
https://openalex.org/W2920115558
https://openalex.org/W2953580563
https://openalex.org/W2956226087
https://openalex.org/W2964086561
https://openalex.org/W2966038487
https://openalex.org/W2982814688
https://openalex.org/W2997748893
https://openalex.org/W2998725072
https://openalex.org/W3030333113
https://openalex.org/W3036504194
https://openalex.org/W3082683782
https://openalex.org/W3090024129
https://openalex.org/W4246193890
https://openalex.org/W4249331458
https://openalex.org/W116767843
https://openalex.org/W1541005547
https://openalex.org/W1971087617
https://openalex.org/W2009521929
https://openalex.org/W2014806364
https://openalex.org/W2042855511
https://openalex.org/W2084137385
https://openalex.org/W2243204133
https://openalex.org/W2264162493
https://openalex.org/W2412933209
https://openalex.org/W118898466
https://openalex.org/W1970606401
https://openalex.org/W2021137072
https://openalex.org/W2021790020
https://openalex.org/W2065528464
https://openalex.org/W2085096251
https://openalex.org/W2262194530
https://openalex.org/W2439728402
https://openalex.org/W2546964828
https://openalex.org/W33890577
https://openalex.org/W4230620400
https://openalex.org/W948383504
https://openalex.org/W2038089468
https://openalex.org/W2072348877
https://openalex.org/W2550029324
https://openalex.org/W3127501864
https://openalex.org/W3127535988
https://openalex.org/W3159511728
https://openalex.org/W3163636427
https://openalex.org/W3170417127
https://openalex.org/W3173224152
https://openalex.org/W3180917829
https://openalex.org/W3187267259
https://openalex.org/W3193497168
https://openalex.org/W3201861842
https://openalex.org/W3203182132
https://openalex.org/W3203579641
https://openalex.org/W3215124065
https://openalex.org/W4200411802
https://openalex.org/W4244981254
https://openalex.org/W436434034
https://openalex.org/W2598955342
https://openalex.org/W3167214750
https://openalex.org/W3169238333
https://openalex.org/W3179691654
https://openalex.org/W3181424509
https://openalex.org/W3193874794
https://openalex.org/W2287452474
https://openalex.org/W2396537420
https://openalex.org/W2976601792
https://openalex.org/W348409237
https://openalex.org/W2068256959
https://openalex.org/W2168467653
https://openalex.org/W1489468958
https://openalex.org/W1995163861
https://openalex.org/W2028293896
https://openalex.org/W2039838194
https://openalex.org/W2040043594
https://openalex.org/W2054768460
https://openalex.org/W2109645562
https://openalex.org/W2348710165
https://openalex.org/W2422677758
https://openalex.org/W2591151363
https://openalex.org/W2596190729
https://openalex.org/W389213926
https://openalex.org/W4233951081
https://openalex.org/W4234559831
https://openalex.org/W4241770465
https://openalex.org/W1920053784
https://openalex.org/W2261849820
https://openalex.org/W2320073654
https://openalex.org/W2406194943
https://openalex.org/W2412118829
https://openalex.org/W2419286562
https://openalex.org/W2977377187
https://openalex.org/W3091541503
https://openalex.org/W3091725708
https://openalex.org/W3190044112
https://openalex.org/W3194126156
https://openalex.org/W183136355
https://openalex.org/W2008201801
https://openalex.org/W2093359607
https://openalex.org/W2164865980
https://openalex.org/W2464974456
https://openalex.org/W2467923013
https://openalex.org/W2472513514
https://openalex.org/W2529659220
https://openalex.org/W2612987523
https://openalex.org/W2735530085
https://openalex.org/W58071051
https://openalex.org/W818651857
https://openalex.org/W2007639321
https://openalex.org/W2039025196
https://openalex.org/W2080037374
https://openalex.org/W2102132892
https://openalex.org/W1878387588
https://openalex.org/W1971853134
https://openalex.org/W1983344788
https://openalex.org/W1992735730
https://openalex.org/W2009596722
https://openalex.org/W2015662718
https://openalex.org/W2018406222
https://openalex.org/W2053942351
https://openalex.org/W2096686514
https://openalex.org/W2175975324
https://openalex.org/W2233407718
https://openalex.org/W2290349792
https://openalex.org/W2327206362
https://openalex.org/W2332030968
https://openalex.org/W2333739936
https://openalex.org/W2344794550
https://openalex.org/W2346069164
https://openalex.org/W2350721324
https://openalex.org/W2398376686
https://openalex.org/W2400068875
https://openalex.org/W2413099103
https://openalex.org/W2417292047
https://openalex.org/W2428232136
https://openalex.org/W2435488022
https://openalex.org/W2461611883
https://openalex.org/W2480815757
https://openalex.org/W2493312106
https://openalex.org/W2530515153
https://openalex.org/W2537325502
https://openalex.org/W2564720563
https://openalex.org/W2588575202
https://openalex.org/W2590060281
https://openalex.org/W2592341866
https://openalex.org/W2592751893
https://openalex.org/W2605808814
https://openalex.org/W2606540733
https://openalex.org/W2725413910
https://openalex.org/W2734338317
https://openalex.org/W2745334957
https://openalex.org/W2746064845
https://openalex.org/W2746259280
https://openalex.org/W2746970573
https://openalex.org/W2747267008
https://openalex.org/W2748409669
https://openalex.org/W2749222961
https://openalex.org/W2749986249
https://openalex.org/W2750258357
https://openalex.org/W2751031184
https://openalex.org/W2751752633
https://openalex.org/W2751760454
https://openalex.org/W2752184783
https://openalex.org/W2752860747
https://openalex.org/W2753081346
https://openalex.org/W2757882817
https://openalex.org/W2773278792
https://openalex.org/W2784268566
https://openalex.org/W2913895374
https://openalex.org/W2977726495
https://openalex.org/W3028880675
https://openalex.org/W3032321405
https://openalex.org/W3036307958
https://openalex.org/W3095828790
https://openalex.org/W3096079350
https://openalex.org/W3100707474
https://openalex.org/W3122880292
https://openalex.org/W3148921760
https://openalex.org/W3149096040
https://openalex.org/W3198676487
https://openalex.org/W3216489140
https://openalex.org/W4255556328
https://openalex.org/W4394211510
https://openalex.org/W154335443
https://openalex.org/W1999433092
https://openalex.org/W2003828371
https://openalex.org/W2123304876
https://openalex.org/W2312633756
https://openalex.org/W2318712712
https://openalex.org/W2341185114
https://openalex.org/W2400081521
https://openalex.org/W2411472244
https://openalex.org/W2416461830
https://openalex.org/W2474930053
https://openalex.org/W2479787512
https://openalex.org/W2509313464
https://openalex.org/W2512617662
https://openalex.org/W4241148940
https://openalex.org/W4242357593
https://openalex.org/W4302046649
https://openalex.org/W1595338467
https://openalex.org/W181773195
https://openalex.org/W2036227862
https://openalex.org/W4240449320
https://openalex.org/W4300098022
https://openalex.org/W596160209
https://openalex.org/W1536169002
https://openalex.org/W159749576
https://openalex.org/W160417845
https://openalex.org/W1996771673
https://openalex.org/W2029758963
https://openalex.org/W2035162212
https://openalex.org/W2044179455
https://openalex.org/W2057158347
https://openalex.org/W2091599545
https://openalex.org/W2136837586
https://openalex.org/W2139563591
https://openalex.org/W2143319651
https://openalex.org/W2252754315
https://openalex.org/W2313151492
https://openalex.org/W2322893010
https://openalex.org/W2349923058
https://openalex.org/W2354667450
https://openalex.org/W2356193419
https://openalex.org/W2361261176
https://openalex.org/W2362954834
https://openalex.org/W2372982591
https://openalex.org/W2377526037
https://openalex.org/W2378736718
https://openalex.org/W2384355025
https://openalex.org/W2385913346
https://openalex.org/W2389986235
https://openalex.org/W2392273596
https://openalex.org/W2392747824
https://openalex.org/W2396869842
https://openalex.org/W2397012066
https://openalex.org/W2505374687
https://openalex.org/W2535054665
https://openalex.org/W2554054155
https://openalex.org/W2696122585
https://openalex.org/W2740583948
https://openalex.org/W2768840991
https://openalex.org/W277879755
https://openalex.org/W2787355934
https://openalex.org/W2808286285
https://openalex.org/W2950859037
https://openalex.org/W2952293241
https://openalex.org/W2970637911
https://openalex.org/W2991661288
https://openalex.org/W30139559
https://openalex.org/W3031430173
https://openalex.org/W3031459151
https://openalex.org/W3031549214
https://openalex.org/W312371371
https://openalex.org/W3147273580
https://openalex.org/W3147809689
https://openalex.org/W316460933
https://openalex.org/W3176283809
https://openalex.org/W3654736
https://openalex.org/W4252278693
https://openalex.org/W4395061334
https://openalex.org/W805305064
https://openalex.org/W811903111
https://openalex.org/W981965556
https://openalex.org/W986191603
https://openalex.org/W1996857628
https://openalex.org/W2038625261
https://openalex.org/W2160655442
https://openalex.org/W781871344
https://openalex.org/W213311267
https://openalex.org/W2277760823
https://openalex.org/W1975956561
https://openalex.org/W1985262478
https://openalex.org/W1988360856
https://openalex.org/W1990123711
https://openalex.org/W2045960190
https://openalex.org/W2052582431
https://openalex.org/W2069128950
https://openalex.org/W2084182153
https://openalex.org/W2088678617
https://openalex.org/W2335739074
https://openalex.org/W2352472576
https://openalex.org/W2353113766
https://openalex.org/W2355561317
https://openalex.org/W2363322250
https://openalex.org/W2366189243
https://openalex.org/W2367402039
https://openalex.org/W2371653296
https://openalex.org/W2374789838
https://openalex.org/W2377983464
https://openalex.org/W2416974730
https://openalex.org/W2432346063
https://openalex.org/W2585446118
https://openalex.org/W2591272539
https://openalex.org/W2609199555
https://openalex.org/W2611588670
https://openalex.org/W2619073563
https://openalex.org/W2620377560
https://openalex.org/W2620981226
https://openalex.org/W2621162882
https://openalex.org/W2625105782
https://openalex.org/W2626007842
https://openalex.org/W2696740174
https://openalex.org/W2735467750
https://openalex.org/W2741152046
https://openalex.org/W2741250704
https://openalex.org/W2743212273
https://openalex.org/W2745814830
https://openalex.org/W2749608242
https://openalex.org/W2751217075
https://openalex.org/W2752794110
https://openalex.org/W2754438644
https://openalex.org/W2756569998
https://openalex.org/W2758222122
https://openalex.org/W2761337790
https://openalex.org/W2762566354
https://openalex.org/W2763767687
https://openalex.org/W2765273385
https://openalex.org/W2765741086
https://openalex.org/W2766281257
https://openalex.org/W2770148135
https://openalex.org/W2771418602
https://openalex.org/W2775380872
https://openalex.org/W2794744234
https://openalex.org/W2795263614
https://openalex.org/W2807585307
https://openalex.org/W2807833749
https://openalex.org/W2901762063
https://openalex.org/W2914388203
https://openalex.org/W2918337506
https://openalex.org/W2942755125
https://openalex.org/W2947469296
https://openalex.org/W2991310386
https://openalex.org/W2998604688
https://openalex.org/W3022511592
https://openalex.org/W3116873001
https://openalex.org/W3120555834
https://openalex.org/W3181728973
https://openalex.org/W3195953519
https://openalex.org/W3196335458
https://openalex.org/W3201731897
https://openalex.org/W4249566733
https://openalex.org/W4394286375
https://openalex.org/W602936688
https://openalex.org/W614234413
https://openalex.org/W809944937
https://openalex.org/W814464277
https://openalex.org/W1586635179
https://openalex.org/W1986006519
https://openalex.org/W1990506759
https://openalex.org/W1992568837
https://openalex.org/W2008268455
https://openalex.org/W2060779473
https://openalex.org/W2090734589
https://openalex.org/W2952620420
https://openalex.org/W1484952296
https://openalex.org/W1498389434
https://openalex.org/W1535720770
https://openalex.org/W1607718650
https://openalex.org/W1654718735
https://openalex.org/W1964916891
https://openalex.org/W1966843087
https://openalex.org/W1969062478
https://openalex.org/W1996699486
https://openalex.org/W2052406880
https://openalex.org/W2060782694
https://openalex.org/W2068713736
https://openalex.org/W2071679592
https://openalex.org/W2134177278
https://openalex.org/W2152168825
https://openalex.org/W2165552499
https://openalex.org/W2191799323
https://openalex.org/W2240698581
https://openalex.org/W2250063374
https://openalex.org/W2281340227
https://openalex.org/W228589316
https://openalex.org/W2348584326
https://openalex.org/W2350912233
https://openalex.org/W2358593255
https://openalex.org/W2360552497
https://openalex.org/W2360569844
https://openalex.org/W2361199728
https://openalex.org/W2363513883
https://openalex.org/W2365748025
https://openalex.org/W2366842104
https://openalex.org/W2367203609
https://openalex.org/W2380780855
https://openalex.org/W2381300862
https://openalex.org/W2384018497
https://openalex.org/W2385598368
https://openalex.org/W2405058405
https://openalex.org/W2411887076
https://openalex.org/W2514566104
https://openalex.org/W2912329553
https://openalex.org/W2949376148
https://openalex.org/W2952240460
https://openalex.org/W2952844009
https://openalex.org/W2953208050
https://openalex.org/W2981147870
https://openalex.org/W2992208085
https://openalex.org/W3027274727
https://openalex.org/W3030049761
https://openalex.org/W3032704435
https://openalex.org/W3139169806
https://openalex.org/W3144380241
https://openalex.org/W3206339878
https://openalex.org/W3207324105
https://openalex.org/W4205487486
https://openalex.org/W4205532723
https://openalex.org/W4205858580
https://openalex.org/W4206501578
https://openalex.org/W4221030972
https://openalex.org/W4224253420
https://openalex.org/W4225736968
https://openalex.org/W4226088677
https://openalex.org/W4229019503
https://openalex.org/W4230174542
https://openalex.org/W4237902021
https://openalex.org/W4240337745
https://openalex.org/W4282960459
https://openalex.org/W4282969275
https://openalex.org/W4283069118
https://openalex.org/W4285206133
https://openalex.org/W4285407018
https://openalex.org/W4289835667
https://openalex.org/W4290025310
https://openalex.org/W4293470122
https://openalex.org/W4295819832
https://openalex.org/W4296794460
https://openalex.org/W4297102807
https://openalex.org/W4307033254
https://openalex.org/W4307853162
https://openalex.org/W4308465864
https://openalex.org/W4310769158
https://openalex.org/W4312252769
https://openalex.org/W4312949115
https://openalex.org/W4313300466
https://openalex.org/W4313325204
https://openalex.org/W4360973667
https://openalex.org/W4381188842
https://openalex.org/W4392177912
https://openalex.org/W4392375371
https://openalex.org/W1916294389
https://openalex.org/W1974063777
https://openalex.org/W1988038799
https://openalex.org/W1998216985
https://openalex.org/W2019357869
https://openalex.org/W2064479119
https://openalex.org/W2410570299
https://openalex.org/W2421147491
https://openalex.org/W2463617019
https://openalex.org/W2469016904
https://openalex.org/W2604796794
https://openalex.org/W2734473921
https://openalex.org/W93067278
https://openalex.org/W1639176664
https://openalex.org/W1644691416
https://openalex.org/W1754895137
https://openalex.org/W1987711210
https://openalex.org/W2011365078
https://openalex.org/W2015468023
https://openalex.org/W2036091488
https://openalex.org/W2049582261
https://openalex.org/W2054458882
https://openalex.org/W2107687089
https://openalex.org/W2241232955
https://openalex.org/W2243905377
https://openalex.org/W2352020507
https://openalex.org/W2353219645
https://openalex.org/W2359604255
https://openalex.org/W2363754647
https://openalex.org/W2366351848
https://openalex.org/W2369824492
https://openalex.org/W2384279726
https://openalex.org/W2408761534
https://openalex.org/W2417523861
https://openalex.org/W2421087183
https://openalex.org/W2432338827
https://openalex.org/W2464309592
https://openalex.org/W2467218336
https://openalex.org/W2475252164
https://openalex.org/W2529358212
https://openalex.org/W2540438697
https://openalex.org/W2577615026
https://openalex.org/W2603747289
https://openalex.org/W2620606334
https://openalex.org/W2623141569
https://openalex.org/W2781909876
https://openalex.org/W2782044906
https://openalex.org/W2783280899
https://openalex.org/W2783680197
https://openalex.org/W2783726004
https://openalex.org/W2785775415
https://openalex.org/W2785862883
https://openalex.org/W2786729374
https://openalex.org/W2787475778
https://openalex.org/W2789657953
https://openalex.org/W2792184186
https://openalex.org/W2794724020
https://openalex.org/W2800410137
https://openalex.org/W2801410654
https://openalex.org/W2802627838
https://openalex.org/W2805842036
https://openalex.org/W2806798911
https://openalex.org/W2806807821
https://openalex.org/W2807351393
https://openalex.org/W2808848510
https://openalex.org/W2809675383
https://openalex.org/W2810743989
https://openalex.org/W2883101932
https://openalex.org/W2884347212
https://openalex.org/W2888364466
https://openalex.org/W2888571354
https://openalex.org/W2888959442
https://openalex.org/W2889741695
https://openalex.org/W2891747831
https://openalex.org/W2892663108
https://openalex.org/W2894378921
https://openalex.org/W2895364499
https://openalex.org/W2895474471
https://openalex.org/W2897743183
https://openalex.org/W2898545738
https://openalex.org/W2898778853
https://openalex.org/W2899706571
https://openalex.org/W2901238067
https://openalex.org/W2901915779
https://openalex.org/W2902927679
https://openalex.org/W2904876883
https://openalex.org/W2907629721
https://openalex.org/W2908918536
https://openalex.org/W2910300907
https://openalex.org/W2911312547
https://openalex.org/W2912456569
https://openalex.org/W2913038179
https://openalex.org/W2913257544
https://openalex.org/W2913637575
https://openalex.org/W2916526356
https://openalex.org/W2918071868
https://openalex.org/W2921985042
https://openalex.org/W2922314863
https://openalex.org/W2923861892
https://openalex.org/W2930723370
https://openalex.org/W2937072165
https://openalex.org/W2940803639
https://openalex.org/W2944608339
https://openalex.org/W2944622593
https://openalex.org/W2945925361
https://openalex.org/W2947382625
https://openalex.org/W2947916236
https://openalex.org/W2950760850
https://openalex.org/W2952094565
https://openalex.org/W2952111069
https://openalex.org/W2952967119
https://openalex.org/W2954009216
https://openalex.org/W2954202252
https://openalex.org/W2954233665
https://openalex.org/W2958627385
https://openalex.org/W2962682244
https://openalex.org/W2963256067
https://openalex.org/W2963530753
https://openalex.org/W2969234822
https://openalex.org/W2971268911
https://openalex.org/W2971425098
https://openalex.org/W2973159003
https://openalex.org/W2974157506
https://openalex.org/W2977859920
https://openalex.org/W2979045993
https://openalex.org/W2980218554
https://openalex.org/W2983951844
https://openalex.org/W2987825239
https://openalex.org/W2988290380
https://openalex.org/W2989079419
https://openalex.org/W2990366087
https://openalex.org/W2992711608
https://openalex.org/W2992982525
https://openalex.org/W2997065559
https://openalex.org/W2997362353
https://openalex.org/W3012088659
https://openalex.org/W3012388474
https://openalex.org/W3041480408
https://openalex.org/W3123939004
https://openalex.org/W3142751452
https://openalex.org/W3161714916
https://openalex.org/W3162699926
https://openalex.org/W3165298484
https://openalex.org/W3169648057
https://openalex.org/W3196314355
https://openalex.org/W4244379424
https://openalex.org/W4247817366
https://openalex.org/W4256175477
https://openalex.org/W4394471015
https://openalex.org/W151898926
https://openalex.org/W1602697392
https://openalex.org/W1837651751
https://openalex.org/W1965122250
https://openalex.org/W1968326780
https://openalex.org/W1979095632
https://openalex.org/W2000631186
https://openalex.org/W2015032316
https://openalex.org/W2026653806
https://openalex.org/W2042721460
https://openalex.org/W2044503413
https://openalex.org/W2077768573
https://openalex.org/W2200357836
https://openalex.org/W2287594853
https://openalex.org/W2399190559
https://openalex.org/W2410628925
https://openalex.org/W2416684270
https://openalex.org/W2417771423
https://openalex.org/W2462291867
https://openalex.org/W2463470254
https://openalex.org/W2471364035
https://openalex.org/W2473084373
https://openalex.org/W2994617274
https://openalex.org/W4232820668
https://openalex.org/W4250835831
https://openalex.org/W4255641169
https://openalex.org/W4256452442
https://openalex.org/W4390377721
https://openalex.org/W1041660195
https://openalex.org/W1142734500
https://openalex.org/W1190500668
https://openalex.org/W122981253
https://openalex.org/W1537889223
https://openalex.org/W1981155929
https://openalex.org/W2048817237
https://openalex.org/W2060470590
https://openalex.org/W2079576404
https://openalex.org/W2142276686
https://openalex.org/W2181725729
https://openalex.org/W2287883862
https://openalex.org/W2327673352
https://openalex.org/W2347671891
https://openalex.org/W2357162686
https://openalex.org/W2358065716
https://openalex.org/W2358206537
https://openalex.org/W2360098314
https://openalex.org/W2362866872
https://openalex.org/W2369458554
https://openalex.org/W2375444336
https://openalex.org/W2390944492
https://openalex.org/W2515163010
https://openalex.org/W2760297050
https://openalex.org/W2764156908
https://openalex.org/W2940864126
https://openalex.org/W2952209371
https://openalex.org/W2962975308
https://openalex.org/W2997753349
https://openalex.org/W2998173083
https://openalex.org/W3003691550
https://openalex.org/W3004136037
https://openalex.org/W3004255573
https://openalex.org/W3005483516
https://openalex.org/W3008840180
https://openalex.org/W3011205242
https://openalex.org/W3011924364
https://openalex.org/W3012071376
https://openalex.org/W3015281526
https://openalex.org/W3015744640
https://openalex.org/W3020509703
https://openalex.org/W3020785983
https://openalex.org/W3021188036
https://openalex.org/W3023507191
https://openalex.org/W3033334496
https://openalex.org/W3039046587
https://openalex.org/W3041002987
https://openalex.org/W3042296276
https://openalex.org/W3042522139
https://openalex.org/W3046680156
https://openalex.org/W3049080958
https://openalex.org/W3080959918
https://openalex.org/W3081024668
https://openalex.org/W3081139740
https://openalex.org/W3083637433
https://openalex.org/W3087198216
https://openalex.org/W3088821436
https://openalex.org/W3089048777
https://openalex.org/W3092670091
https://openalex.org/W3093216207
https://openalex.org/W3093936180
https://openalex.org/W3095094264
https://openalex.org/W3096327557
https://openalex.org/W3096571635
https://openalex.org/W3105053356
https://openalex.org/W3105356022
https://openalex.org/W3108217401
https://openalex.org/W3108233065
https://openalex.org/W3112134629
https://openalex.org/W3122903229
https://openalex.org/W3155064711
https://openalex.org/W3157749022
https://openalex.org/W3159067623
https://openalex.org/W3162822114
https://openalex.org/W3163540003
https://openalex.org/W3165415264
https://openalex.org/W3170146578
https://openalex.org/W3178090021
https://openalex.org/W3183044645
https://openalex.org/W3203780889
https://openalex.org/W35588211
https://openalex.org/W370667044
https://openalex.org/W4206781852
https://openalex.org/W4229925951
https://openalex.org/W4234102076
https://openalex.org/W4250129651
https://openalex.org/W4253699393
https://openalex.org/W1967192329
https://openalex.org/W2216277278
https://openalex.org/W2259929230
https://openalex.org/W2326094370
https://openalex.org/W2401161099
https://openalex.org/W4242142265
https://openalex.org/W821800377
https://openalex.org/W1979817335
https://openalex.org/W2266191933
https://openalex.org/W2320718070
https://openalex.org/W2352295941
https://openalex.org/W2367062047
https://openalex.org/W2391937662
https://openalex.org/W2400039455
https://openalex.org/W2403162111
https://openalex.org/W2409113496
https://openalex.org/W2506550213
https://openalex.org/W2591235083
https://openalex.org/W2782943580
https://openalex.org/W2795622908
https://openalex.org/W2807370190
https://openalex.org/W3000248866
https://openalex.org/W3018380551
https://openalex.org/W3199605561
https://openalex.org/W4233038331
https://openalex.org/W435943227
https://openalex.org/W578727128
https://openalex.org/W606936304
https://openalex.org/W94784341
https://openalex.org/W1480677709
https://openalex.org/W2355272065
https://openalex.org/W2368875150
https://openalex.org/W2371218498
https://openalex.org/W2413993347
https://openalex.org/W2530896498
https://openalex.org/W2559360122
https://openalex.org/W2731963604
https://openalex.org/W3135988157
https://openalex.org/W3136502896
https://openalex.org/W3137176157
https://openalex.org/W3137296977
https://openalex.org/W3137469346
https://openalex.org/W3137470296
https://openalex.org/W3137475931
https://openalex.org/W3137525105
https://openalex.org/W3137689565
https://openalex.org/W3137702005
https://openalex.org/W3138312591
https://openalex.org/W3138508368
https://openalex.org/W3138697693
https://openalex.org/W3139472693
https://openalex.org/W3158059630
https://openalex.org/W3159266557
https://openalex.org/W3172116763
https://openalex.org/W3180600352
https://openalex.org/W3181346462
https://openalex.org/W3185714414
https://openalex.org/W3190010003
https://openalex.org/W3191931080
https://openalex.org/W3201689407
https://openalex.org/W3202178702
https://openalex.org/W3202706797
https://openalex.org/W3204759097
https://openalex.org/W3204953812
https://openalex.org/W3208612932
https://openalex.org/W3211818422
https://openalex.org/W3212868972
https://openalex.org/W41226806
https://openalex.org/W416473460
https://openalex.org/W4200049682
https://openalex.org/W4200307498
https://openalex.org/W4205204381
https://openalex.org/W4207046340
https://openalex.org/W4232278085
https://openalex.org/W4244764967
https://openalex.org/W4285343904
https://openalex.org/W4285351177
https://openalex.org/W4286928109
https://openalex.org/W4394364708
https://openalex.org/W4394381707
https://openalex.org/W4394517441
https://openalex.org/W4394537830
https://openalex.org/W649798424
https://openalex.org/W1544888529
https://openalex.org/W1607257257
https://openalex.org/W1996706451
https://openalex.org/W2017233725
https://openalex.org/W2078720672
https://openalex.org/W2188382933
https://openalex.org/W2249011266
https://openalex.org/W2282836623
https://openalex.org/W2382269911
https://openalex.org/W2410083082
https://openalex.org/W2415341555
https://openalex.org/W2442005174
https://openalex.org/W2501887837
https://openalex.org/W2782598282
https://openalex.org/W2927689833
https://openalex.org/W3015211241
https://openalex.org/W3169753229
https://openalex.org/W3209005565
https://openalex.org/W565421359
https://openalex.org/W71072371
https://openalex.org/W81219081
https://openalex.org/W2406275702
https://openalex.org/W2409046329
https://openalex.org/W2513042303
https://openalex.org/W2514161248
https://openalex.org/W1502248940
https://openalex.org/W1674982545
https://openalex.org/W2057979281
https://openalex.org/W2183930161
https://openalex.org/W224496383
https://openalex.org/W2349077634
https://openalex.org/W2355310527
https://openalex.org/W2385507284
https://openalex.org/W2395480560
https://openalex.org/W2395938765
https://openalex.org/W2411688148
https://openalex.org/W2411898145
https://openalex.org/W2412204055
https://openalex.org/W2414597065
https://openalex.org/W2418355621
https://openalex.org/W2423371612
https://openalex.org/W2474906466
https://openalex.org/W2475824300
https://openalex.org/W2595835416
https://openalex.org/W2893594622
https://openalex.org/W2912743664
https://openalex.org/W2981203355
https://openalex.org/W2997232762
https://openalex.org/W31645766
https://openalex.org/W4230813792
https://openalex.org/W4300826407
https://openalex.org/W1484180013
https://openalex.org/W1747235164
https://openalex.org/W1977031871
https://openalex.org/W1987247091
https://openalex.org/W1989363929
https://openalex.org/W1999379558
https://openalex.org/W2028878887
https://openalex.org/W2031158113
https://openalex.org/W2057482912
https://openalex.org/W2176708623
https://openalex.org/W2188865242
https://openalex.org/W2188947419
https://openalex.org/W2201423023
https://openalex.org/W2246800373
https://openalex.org/W2279980837
https://openalex.org/W2310335129
https://openalex.org/W2400827310
https://openalex.org/W2409734701
https://openalex.org/W2412358604
https://openalex.org/W2414262438
https://openalex.org/W2416466179
https://openalex.org/W2416892193
https://openalex.org/W2417774825
https://openalex.org/W2440494498
https://openalex.org/W2470048178
https://openalex.org/W2588069806
https://openalex.org/W2588548934
https://openalex.org/W2610947221
https://openalex.org/W2613836223
https://openalex.org/W2733031465
https://openalex.org/W2734454386
https://openalex.org/W2736063303
https://openalex.org/W2737716833
https://openalex.org/W2747020052
https://openalex.org/W2796040519
https://openalex.org/W2937661003
https://openalex.org/W2950679944
https://openalex.org/W2951242805
https://openalex.org/W2974926144
https://openalex.org/W3145356611
https://openalex.org/W4238313835
https://openalex.org/W4246588882
https://openalex.org/W4247865703
https://openalex.org/W4389106787
https://openalex.org/W639861911
https://openalex.org/W745801105
https://openalex.org/W767992583
https://openalex.org/W848622092
https://openalex.org/W1592239758
https://openalex.org/W1655170197
https://openalex.org/W187730004
https://openalex.org/W1896958178
https://openalex.org/W1977234755
https://openalex.org/W1985410574
https://openalex.org/W1991428494
https://openalex.org/W2012087442
https://openalex.org/W2031419197
https://openalex.org/W2079459350
https://openalex.org/W2157944986
https://openalex.org/W2323599367
https://openalex.org/W2333105560
https://openalex.org/W2378732561
https://openalex.org/W2397748380
https://openalex.org/W2399822033
https://openalex.org/W2402403993
https://openalex.org/W2402908118
https://openalex.org/W2408298328
https://openalex.org/W2411481116
https://openalex.org/W2412060136
https://openalex.org/W2413751242
https://openalex.org/W2414443402
https://openalex.org/W2416583003
https://openalex.org/W2417090781
https://openalex.org/W2425997528
https://openalex.org/W2429838512
https://openalex.org/W2436982416
https://openalex.org/W2465046922
https://openalex.org/W2483646199
https://openalex.org/W2513524714
https://openalex.org/W2606059701
https://openalex.org/W2673658827
https://openalex.org/W2775099052
https://openalex.org/W2792301395
https://openalex.org/W2938467034
https://openalex.org/W2940414784
https://openalex.org/W3106091994
https://openalex.org/W3108039241
https://openalex.org/W3128351373
https://openalex.org/W3145319843
https://openalex.org/W3161186762
https://openalex.org/W318366951
https://openalex.org/W4229805588
https://openalex.org/W4290746933
https://openalex.org/W601908123
https://openalex.org/W623467860
https://openalex.org/W764023946
https://openalex.org/W808020753
https://openalex.org/W822206358
https://openalex.org/W844080269
https://openalex.org/W849829435
https://openalex.org/W1494856217
https://openalex.org/W15481509
https://openalex.org/W1573818052
https://openalex.org/W1579753010
https://openalex.org/W1579772827
https://openalex.org/W1749766047
https://openalex.org/W1837723134
https://openalex.org/W1968499411
https://openalex.org/W1969415548
https://openalex.org/W1969627711
https://openalex.org/W1975444018
https://openalex.org/W1978872638
https://openalex.org/W1982570456
https://openalex.org/W1989228627
https://openalex.org/W1992035902
https://openalex.org/W1994633552
https://openalex.org/W2013177944
https://openalex.org/W2015650964
https://openalex.org/W2021391397
https://openalex.org/W2021533855
https://openalex.org/W2051810530
https://openalex.org/W2057261407
https://openalex.org/W2062065183
https://openalex.org/W2076248016
https://openalex.org/W2081646452
https://openalex.org/W2094045785
https://openalex.org/W2150866676
https://openalex.org/W2162222706
https://openalex.org/W2183674052
https://openalex.org/W2184220464
https://openalex.org/W2184658708
https://openalex.org/W2197331344
https://openalex.org/W2229882922
https://openalex.org/W2243771916
https://openalex.org/W2286256539
https://openalex.org/W2314835542
https://openalex.org/W2331079734
https://openalex.org/W2334075089
https://openalex.org/W2394486768
https://openalex.org/W2394610688
https://openalex.org/W2395470794
https://openalex.org/W2395965990
https://openalex.org/W2398423597
https://openalex.org/W2404328476
https://openalex.org/W2404726001
https://openalex.org/W2408595805
https://openalex.org/W2409529745
https://openalex.org/W2412074898
https://openalex.org/W2412368294
https://openalex.org/W2412380700
https://openalex.org/W2412611697
https://openalex.org/W2413176049
https://openalex.org/W2413856403
https://openalex.org/W2413907409
https://openalex.org/W2414678134
https://openalex.org/W2414714659
https://openalex.org/W2417557779
https://openalex.org/W2419022509
https://openalex.org/W2419158593
https://openalex.org/W2421317412
https://openalex.org/W2424039796
https://openalex.org/W2425004801
https://openalex.org/W2425981961
https://openalex.org/W2427493711
https://openalex.org/W2430993517
https://openalex.org/W2431949408
https://openalex.org/W2435140163
https://openalex.org/W2438435433
https://openalex.org/W2439622125
https://openalex.org/W2441878380
https://openalex.org/W2442907315
https://openalex.org/W2468583038
https://openalex.org/W2498754481
https://openalex.org/W2524374426
https://openalex.org/W2586923810
https://openalex.org/W2588093150
https://openalex.org/W2597932971
https://openalex.org/W2624392992
https://openalex.org/W2938744909
https://openalex.org/W2948150646
https://openalex.org/W2978031822
https://openalex.org/W2996785282
https://openalex.org/W3093392147
https://openalex.org/W352041473
https://openalex.org/W377798808
https://openalex.org/W4205645785
https://openalex.org/W4214917137
https://openalex.org/W4230461654
https://openalex.org/W4238047153
https://openalex.org/W4239671023
https://openalex.org/W4244178674
https://openalex.org/W4245688526
https://openalex.org/W4248097556
https://openalex.org/W4251475956
https://openalex.org/W4252261025
https://openalex.org/W4255011359
https://openalex.org/W43710366
https://openalex.org/W4388650243
https://openalex.org/W46554853
https://openalex.org/W579532923
https://openalex.org/W598049001
https://openalex.org/W604173329
https://openalex.org/W62032188
https://openalex.org/W73287256
https://openalex.org/W748482053
https://openalex.org/W778184257
https://openalex.org/W802896538
https://openalex.org/W807456764
https://openalex.org/W822681625
https://openalex.org/W824380537
https://openalex.org/W88502003
https://openalex.org/W92241171
