.
https://openalex.org/W2162258804
https://openalex.org/W2000904449
https://openalex.org/W1627352250
https://openalex.org/W1985935486
https://openalex.org/W3035408224
https://openalex.org/W1972284605
https://openalex.org/W1981042444
https://openalex.org/W2005173166
https://openalex.org/W4296939038
https://openalex.org/W2117121789
https://openalex.org/W2028591423
https://openalex.org/W2033133946
https://openalex.org/W1990839717
https://openalex.org/W2002398009
https://openalex.org/W1989778243
https://openalex.org/W2157507785
https://openalex.org/W2042863127
https://openalex.org/W2059506493
https://openalex.org/W3010221652
https://openalex.org/W2914854965
https://openalex.org/W2900051774
https://openalex.org/W2973501885
https://openalex.org/W3016022755
https://openalex.org/W3163053079
https://openalex.org/W4313325178
https://openalex.org/W2005692528
https://openalex.org/W1997358698
https://openalex.org/W2105994280
https://openalex.org/W2015612792
https://openalex.org/W4321429418
https://openalex.org/W2003627673
https://openalex.org/W2112294566
https://openalex.org/W2015020044
https://openalex.org/W1979756386
https://openalex.org/W1848879777
https://openalex.org/W2138505744
https://openalex.org/W2158962985
https://openalex.org/W2050889305
https://openalex.org/W2066434686
https://openalex.org/W4230032116
https://openalex.org/W1992228474
https://openalex.org/W1969949124
https://openalex.org/W2051295551
https://openalex.org/W2019403778
https://openalex.org/W1696739609
https://openalex.org/W2068802001
https://openalex.org/W1981295657
https://openalex.org/W2088875650
https://openalex.org/W2062039294
https://openalex.org/W2168428585
https://openalex.org/W2119919478
https://openalex.org/W1976148489
https://openalex.org/W2082661008
https://openalex.org/W2148757073
https://openalex.org/W2056930496
https://openalex.org/W2083869326
https://openalex.org/W2014114813
https://openalex.org/W2092758595
https://openalex.org/W2024268760
https://openalex.org/W1973032994
https://openalex.org/W2136982551
https://openalex.org/W2041090873
https://openalex.org/W2114276767
https://openalex.org/W2143056517
https://openalex.org/W2000862295
https://openalex.org/W2000566162
https://openalex.org/W2118529444
https://openalex.org/W2148441868
https://openalex.org/W2098858923
https://openalex.org/W2152288672
https://openalex.org/W2028488176
https://openalex.org/W2776922069
https://openalex.org/W2104726039
https://openalex.org/W2116128158
https://openalex.org/W2924027400
https://openalex.org/W2005624944
https://openalex.org/W2776062928
https://openalex.org/W2777311200
https://openalex.org/W1560041739
https://openalex.org/W2589074108
https://openalex.org/W2071018647
https://openalex.org/W2086604923
https://openalex.org/W2891517109
https://openalex.org/W2983288534
https://openalex.org/W2778160201
https://openalex.org/W2807820171
https://openalex.org/W2527834482
https://openalex.org/W2911065693
https://openalex.org/W2939991395
https://openalex.org/W3164268272
https://openalex.org/W2940716150
https://openalex.org/W2908858750
https://openalex.org/W3118039365
https://openalex.org/W3135176588
https://openalex.org/W2942427214
https://openalex.org/W3210445555
https://openalex.org/W4213089954
https://openalex.org/W4225152038
https://openalex.org/W4280555831
https://openalex.org/W4317831218
https://openalex.org/W4318025404
https://openalex.org/W2075852849
https://openalex.org/W4243765331
https://openalex.org/W200054359
https://openalex.org/W2402015124
https://openalex.org/W2053808304
https://openalex.org/W2098428530
https://openalex.org/W1997917368
https://openalex.org/W2039884548
https://openalex.org/W2040738774
https://openalex.org/W2062115411
https://openalex.org/W2073566204
https://openalex.org/W2119133264
https://openalex.org/W161519178
https://openalex.org/W2002406597
https://openalex.org/W2097581254
https://openalex.org/W2020748137
https://openalex.org/W1992160758
https://openalex.org/W1981775760
https://openalex.org/W2135714538
https://openalex.org/W1972090950
https://openalex.org/W2035115523
https://openalex.org/W2020813914
https://openalex.org/W2018962702
https://openalex.org/W2039061846
https://openalex.org/W2017382682
https://openalex.org/W2048737732
https://openalex.org/W2018537340
https://openalex.org/W2167529354
https://openalex.org/W2083910110
https://openalex.org/W2118441530
https://openalex.org/W1983647460
https://openalex.org/W2156120199
https://openalex.org/W2089771155
https://openalex.org/W2086404346
https://openalex.org/W2122044252
https://openalex.org/W2602907732
https://openalex.org/W2136466617
https://openalex.org/W2583903597
https://openalex.org/W2460570201
https://openalex.org/W2726149874
https://openalex.org/W2751443010
https://openalex.org/W2108563018
https://openalex.org/W4248180789
https://openalex.org/W2937265313
https://openalex.org/W2898118387
https://openalex.org/W2038656400
https://openalex.org/W2892786948
https://openalex.org/W2896497474
https://openalex.org/W3011898623
https://openalex.org/W2997856190
https://openalex.org/W2999043334
https://openalex.org/W3010351125
https://openalex.org/W3084436257
https://openalex.org/W4298008884
https://openalex.org/W4390953836
https://openalex.org/W2152896349
https://openalex.org/W1965893696
https://openalex.org/W3149277096
https://openalex.org/W1988292720
https://openalex.org/W2130080922
https://openalex.org/W2140417559
https://openalex.org/W1892771671
https://openalex.org/W3177585778
https://openalex.org/W1976907736
https://openalex.org/W2139966082
https://openalex.org/W2096338294
https://openalex.org/W2037352042
https://openalex.org/W4229536731
https://openalex.org/W2075306625
https://openalex.org/W2061516723
https://openalex.org/W2081602601
https://openalex.org/W2165679126
https://openalex.org/W2159009641
https://openalex.org/W1976961119
https://openalex.org/W2053270492
https://openalex.org/W1599242432
https://openalex.org/W2118396369
https://openalex.org/W2020028069
https://openalex.org/W1985993322
https://openalex.org/W2080533746
https://openalex.org/W2170491022
https://openalex.org/W1998776386
https://openalex.org/W1874032102
https://openalex.org/W1968810687
https://openalex.org/W2037122633
https://openalex.org/W2029081826
https://openalex.org/W2006794239
https://openalex.org/W2116922003
https://openalex.org/W1966117087
https://openalex.org/W2075126903
https://openalex.org/W2075832265
https://openalex.org/W1994082479
https://openalex.org/W2099114955
https://openalex.org/W2159607494
https://openalex.org/W1768673001
https://openalex.org/W1975774056
https://openalex.org/W2053176278
https://openalex.org/W2132788916
https://openalex.org/W2023506265
https://openalex.org/W2115049957
https://openalex.org/W1482782604
https://openalex.org/W2110765367
https://openalex.org/W2143565776
https://openalex.org/W2300158168
https://openalex.org/W2624627350
https://openalex.org/W2604433922
https://openalex.org/W2224652349
https://openalex.org/W2462617436
https://openalex.org/W2753223056
https://openalex.org/W2241966779
https://openalex.org/W2599784444
https://openalex.org/W1865975572
https://openalex.org/W2337474653
https://openalex.org/W2516663901
https://openalex.org/W2552399398
https://openalex.org/W2972968440
https://openalex.org/W2800864800
https://openalex.org/W2942555465
https://openalex.org/W1972404308
https://openalex.org/W3184702704
https://openalex.org/W4280621002
https://openalex.org/W4281669552
https://openalex.org/W4378695393
https://openalex.org/W2030219147
https://openalex.org/W2103448594
https://openalex.org/W2156308165
https://openalex.org/W2036046251
https://openalex.org/W2006628912
https://openalex.org/W1988159927
https://openalex.org/W2037716390
https://openalex.org/W2082508210
https://openalex.org/W2158495033
https://openalex.org/W2018506729
https://openalex.org/W1972741090
https://openalex.org/W2065945546
https://openalex.org/W2166794708
https://openalex.org/W2076279706
https://openalex.org/W2132725552
https://openalex.org/W2139360810
https://openalex.org/W2053102339
https://openalex.org/W2024832575
https://openalex.org/W2090641309
https://openalex.org/W1967471318
https://openalex.org/W1992162906
https://openalex.org/W2057111254
https://openalex.org/W2138198084
https://openalex.org/W1969436158
https://openalex.org/W1972271966
https://openalex.org/W2110076943
https://openalex.org/W1987282
https://openalex.org/W2062210922
https://openalex.org/W2051937800
https://openalex.org/W2009756863
https://openalex.org/W4234635869
https://openalex.org/W2009317324
https://openalex.org/W2039114630
https://openalex.org/W2119651386
https://openalex.org/W2743560535
https://openalex.org/W2791900913
https://openalex.org/W1773212438
https://openalex.org/W2278191303
https://openalex.org/W2524483396
https://openalex.org/W1912481925
https://openalex.org/W2019514271
https://openalex.org/W2508077876
https://openalex.org/W3013710311
https://openalex.org/W2969287153
https://openalex.org/W2197810142
https://openalex.org/W3198284808
https://openalex.org/W3214265622
https://openalex.org/W4206447571
https://openalex.org/W4313824009
https://openalex.org/W4319334439
https://openalex.org/W4323924132
https://openalex.org/W4380569219
https://openalex.org/W4387045429
https://openalex.org/W2126397368
https://openalex.org/W2038312531
https://openalex.org/W2067299535
https://openalex.org/W1989620953
https://openalex.org/W2017627903
https://openalex.org/W2071126583
https://openalex.org/W2134316104
https://openalex.org/W2006210305
https://openalex.org/W2121482382
https://openalex.org/W1645775945
https://openalex.org/W2093412170
https://openalex.org/W2010822045
https://openalex.org/W2021349492
https://openalex.org/W2317245895
https://openalex.org/W1972627665
https://openalex.org/W2014731564
https://openalex.org/W1580828845
https://openalex.org/W2040044724
https://openalex.org/W2060369032
https://openalex.org/W2059341202
https://openalex.org/W2140766114
https://openalex.org/W2075957752
https://openalex.org/W1972911917
https://openalex.org/W2012815398
https://openalex.org/W2060968258
https://openalex.org/W2074009793
https://openalex.org/W1971099146
https://openalex.org/W3023694200
https://openalex.org/W2167886553
https://openalex.org/W1965131136
https://openalex.org/W2030544705
https://openalex.org/W2114409829
https://openalex.org/W2149767054
https://openalex.org/W2342559510
https://openalex.org/W2342561619
https://openalex.org/W2594169722
https://openalex.org/W2596435933
https://openalex.org/W2580134956
https://openalex.org/W2740867695
https://openalex.org/W2782256132
https://openalex.org/W2925298485
https://openalex.org/W2964244906
https://openalex.org/W2979725610
https://openalex.org/W3174731555
https://openalex.org/W3136317172
https://openalex.org/W3137057157
https://openalex.org/W3206965022
https://openalex.org/W4306746939
https://openalex.org/W2134582050
https://openalex.org/W2152283368
https://openalex.org/W2039919489
https://openalex.org/W1920803729
https://openalex.org/W2070425047
https://openalex.org/W2015943918
https://openalex.org/W2184160660
https://openalex.org/W121893554
https://openalex.org/W2068250514
https://openalex.org/W1981409187
https://openalex.org/W2006219838
https://openalex.org/W1575493897
https://openalex.org/W1966650827
https://openalex.org/W2077124237
https://openalex.org/W2090667526
https://openalex.org/W1975297773
https://openalex.org/W2132662456
https://openalex.org/W2163196524
https://openalex.org/W2057476088
https://openalex.org/W2066535874
https://openalex.org/W2006070236
https://openalex.org/W2041100638
https://openalex.org/W2058546521
https://openalex.org/W2067431220
https://openalex.org/W2001667120
https://openalex.org/W1660541361
https://openalex.org/W2008488809
https://openalex.org/W2077874602
https://openalex.org/W2110749897
https://openalex.org/W2001172126
https://openalex.org/W2023833523
https://openalex.org/W2091856445
https://openalex.org/W2031182987
https://openalex.org/W2052063198
https://openalex.org/W2044424593
https://openalex.org/W2138042440
https://openalex.org/W2015650785
https://openalex.org/W2044251799
https://openalex.org/W2016613731
https://openalex.org/W1939651919
https://openalex.org/W2162714534
https://openalex.org/W2110611634
https://openalex.org/W2288215718
https://openalex.org/W2468933515
https://openalex.org/W2728965222
https://openalex.org/W2922467100
https://openalex.org/W2954738113
https://openalex.org/W2996063965
https://openalex.org/W2320888444
https://openalex.org/W2917268352
https://openalex.org/W2953827490
https://openalex.org/W2982088294
https://openalex.org/W2980832888
https://openalex.org/W3048288999
https://openalex.org/W3088786244
https://openalex.org/W2105708922
https://openalex.org/W3139297503
https://openalex.org/W3162706634
https://openalex.org/W3174109121
https://openalex.org/W3199503295
https://openalex.org/W4225137542
https://openalex.org/W3213441077
https://openalex.org/W4205244524
https://openalex.org/W4293393880
https://openalex.org/W4324056402
https://openalex.org/W4385728825
https://openalex.org/W2110924043
https://openalex.org/W2179353172
https://openalex.org/W2050055755
https://openalex.org/W1975484711
https://openalex.org/W2030070884
https://openalex.org/W2418278686
https://openalex.org/W2019717762
https://openalex.org/W194074682
https://openalex.org/W2013343274
https://openalex.org/W2064452651
https://openalex.org/W2073964272
https://openalex.org/W2097857384
https://openalex.org/W1984592758
https://openalex.org/W2055518719
https://openalex.org/W2132762817
https://openalex.org/W2473562197
https://openalex.org/W2035605985
https://openalex.org/W2088412264
https://openalex.org/W2033093097
https://openalex.org/W2037409124
https://openalex.org/W2056040662
https://openalex.org/W2133906017
https://openalex.org/W2041467437
https://openalex.org/W2041351774
https://openalex.org/W2003719851
https://openalex.org/W2082978094
https://openalex.org/W1874193801
https://openalex.org/W2007629740
https://openalex.org/W2095042984
https://openalex.org/W2094454891
https://openalex.org/W2140816369
https://openalex.org/W2597859327
https://openalex.org/W2737771160
https://openalex.org/W2763887236
https://openalex.org/W2727027761
https://openalex.org/W2791718962
https://openalex.org/W2796233939
https://openalex.org/W2809312266
https://openalex.org/W2438104996
https://openalex.org/W2573510575
https://openalex.org/W2762178820
https://openalex.org/W2888571293
https://openalex.org/W890773258
https://openalex.org/W2405613288
https://openalex.org/W2442497363
https://openalex.org/W2771695305
https://openalex.org/W2950715717
https://openalex.org/W3008350708
https://openalex.org/W3007755190
https://openalex.org/W3117445042
https://openalex.org/W3163383607
https://openalex.org/W4242535076
https://openalex.org/W4205332409
https://openalex.org/W4211225930
https://openalex.org/W4286433409
https://openalex.org/W4295018357
https://openalex.org/W4303684336
https://openalex.org/W4306947254
https://openalex.org/W4389942381
https://openalex.org/W4390463233
https://openalex.org/W4390500671
https://openalex.org/W4390765058
https://openalex.org/W4390788348
https://openalex.org/W4390840604
https://openalex.org/W4391066552
https://openalex.org/W4391137621
https://openalex.org/W4391224823
https://openalex.org/W4391340111
https://openalex.org/W4391614890
https://openalex.org/W4391656462
https://openalex.org/W4391772550
https://openalex.org/W4391773621
https://openalex.org/W4391932836
https://openalex.org/W4392056225
https://openalex.org/W4392155839
https://openalex.org/W4392297586
https://openalex.org/W4392305215
https://openalex.org/W4392516185
https://openalex.org/W4392600814
https://openalex.org/W4392858481
https://openalex.org/W4392901645
https://openalex.org/W4394571579
https://openalex.org/W4394593821
https://openalex.org/W4394600825
https://openalex.org/W4394928325
https://openalex.org/W4395954563
https://openalex.org/W2085648967
https://openalex.org/W2170033972
https://openalex.org/W2015373592
https://openalex.org/W2044604749
https://openalex.org/W6276722
https://openalex.org/W1631597121
https://openalex.org/W2033903704
https://openalex.org/W1551789416
https://openalex.org/W1579942497
https://openalex.org/W1979231210
https://openalex.org/W2011140988
https://openalex.org/W1981282646
https://openalex.org/W2060661101
https://openalex.org/W2057910640
https://openalex.org/W2043753837
https://openalex.org/W2045955474
https://openalex.org/W2111524107
https://openalex.org/W2125499085
https://openalex.org/W2144572037
https://openalex.org/W2164321144
https://openalex.org/W2252477353
https://openalex.org/W2737092979
https://openalex.org/W2007024573
https://openalex.org/W2093743994
https://openalex.org/W2890749145
https://openalex.org/W4255736405
https://openalex.org/W2123561106
https://openalex.org/W2541101275
https://openalex.org/W2767003118
https://openalex.org/W2944323426
https://openalex.org/W2562300111
https://openalex.org/W2910462753
https://openalex.org/W2226850139
https://openalex.org/W2924674967
https://openalex.org/W2987558628
https://openalex.org/W3045861960
https://openalex.org/W1981525169
https://openalex.org/W3157411108
https://openalex.org/W3168513640
https://openalex.org/W3178669545
https://openalex.org/W2055146919
https://openalex.org/W3203403714
https://openalex.org/W4322765748
https://openalex.org/W4366421227
https://openalex.org/W4381486119
https://openalex.org/W4385397141
https://openalex.org/W4386256759
https://openalex.org/W4387639170
https://openalex.org/W1989618319
https://openalex.org/W47120749
https://openalex.org/W2034353477
https://openalex.org/W2129304441
https://openalex.org/W2155230057
https://openalex.org/W2027205120
https://openalex.org/W2158465797
https://openalex.org/W1562543361
https://openalex.org/W2073639609
https://openalex.org/W2014458848
https://openalex.org/W2014759861
https://openalex.org/W2037712590
https://openalex.org/W1982932354
https://openalex.org/W2016681275
https://openalex.org/W2139227862
https://openalex.org/W2010988942
https://openalex.org/W2027913771
https://openalex.org/W2122295004
https://openalex.org/W2163900015
https://openalex.org/W2038095362
https://openalex.org/W2044684123
https://openalex.org/W1922784691
https://openalex.org/W2071587370
https://openalex.org/W2094477561
https://openalex.org/W1984789742
https://openalex.org/W2032454442
https://openalex.org/W2046310640
https://openalex.org/W2225422090
https://openalex.org/W2240620424
https://openalex.org/W2748613642
https://openalex.org/W2883833013
https://openalex.org/W1575929975
https://openalex.org/W2337473223
https://openalex.org/W2395273324
https://openalex.org/W2406548825
https://openalex.org/W2557755028
https://openalex.org/W2770048456
https://openalex.org/W2789547080
https://openalex.org/W2975954377
https://openalex.org/W3023896581
https://openalex.org/W3068546034
https://openalex.org/W3083963328
https://openalex.org/W3109015207
https://openalex.org/W3145342475
https://openalex.org/W3195502049
https://openalex.org/W4300773017
https://openalex.org/W116245843
https://openalex.org/W2011733713
https://openalex.org/W2027220381
https://openalex.org/W2053940144
https://openalex.org/W2470090077
https://openalex.org/W1546982963
https://openalex.org/W2065507002
https://openalex.org/W2084754794
https://openalex.org/W2410877066
https://openalex.org/W1978988043
https://openalex.org/W1991138272
https://openalex.org/W2033115370
https://openalex.org/W2417989978
https://openalex.org/W113658537
https://openalex.org/W1968570816
https://openalex.org/W2258362830
https://openalex.org/W1985515739
https://openalex.org/W1989085582
https://openalex.org/W2042586048
https://openalex.org/W2073095265
https://openalex.org/W1964136483
https://openalex.org/W1966939529
https://openalex.org/W2069379539
https://openalex.org/W2150734917
https://openalex.org/W1484632492
https://openalex.org/W1971401122
https://openalex.org/W1994264909
https://openalex.org/W2078303064
https://openalex.org/W2763790288
https://openalex.org/W3144337116
https://openalex.org/W2047052048
https://openalex.org/W2090145588
https://openalex.org/W2097408008
https://openalex.org/W2520799287
https://openalex.org/W2791610528
https://openalex.org/W2426877962
https://openalex.org/W2519542232
https://openalex.org/W3052819791
https://openalex.org/W3110512577
https://openalex.org/W1991134848
https://openalex.org/W4205470988
https://openalex.org/W4224995296
https://openalex.org/W4281293473
https://openalex.org/W4308435297
https://openalex.org/W2156417208
https://openalex.org/W2044110938
https://openalex.org/W2063058595
https://openalex.org/W1999887834
https://openalex.org/W2066480236
https://openalex.org/W1993493992
https://openalex.org/W1973268179
https://openalex.org/W2092694715
https://openalex.org/W88404977
https://openalex.org/W2125775971
https://openalex.org/W1555608236
https://openalex.org/W2091576160
https://openalex.org/W2013584788
https://openalex.org/W2015868353
https://openalex.org/W2139346460
https://openalex.org/W1981037268
https://openalex.org/W2001579798
https://openalex.org/W2079331692
https://openalex.org/W2043686557
https://openalex.org/W2416014192
https://openalex.org/W2794998003
https://openalex.org/W956544121
https://openalex.org/W1600581163
https://openalex.org/W1987048923
https://openalex.org/W2157415607
https://openalex.org/W2422327365
https://openalex.org/W2767343206
https://openalex.org/W2795941802
https://openalex.org/W2884825195
https://openalex.org/W2972273018
https://openalex.org/W2203422978
https://openalex.org/W2464047429
https://openalex.org/W3013052909
https://openalex.org/W3023539659
https://openalex.org/W2020026438
https://openalex.org/W2410385370
https://openalex.org/W1983760761
https://openalex.org/W1978980274
https://openalex.org/W1975259541
https://openalex.org/W2122163034
https://openalex.org/W2170981788
https://openalex.org/W2007758955
https://openalex.org/W2129735778
https://openalex.org/W2162328566
https://openalex.org/W1969337258
https://openalex.org/W2102239739
https://openalex.org/W1926634570
https://openalex.org/W2065072931
https://openalex.org/W2118995941
https://openalex.org/W2345023002
https://openalex.org/W1588690572
https://openalex.org/W1971790417
https://openalex.org/W1998284293
https://openalex.org/W2050259912
https://openalex.org/W2768317957
https://openalex.org/W2950986546
https://openalex.org/W2966245531
https://openalex.org/W2974792968
https://openalex.org/W2009362841
https://openalex.org/W2031714758
https://openalex.org/W2527140976
https://openalex.org/W2971551953
https://openalex.org/W3020630331
https://openalex.org/W3022139532
https://openalex.org/W3043618614
https://openalex.org/W3094362627
https://openalex.org/W3196946241
https://openalex.org/W3204534331
https://openalex.org/W3208941825
https://openalex.org/W4200474855
https://openalex.org/W4205932709
https://openalex.org/W4210323681
https://openalex.org/W4281776742
https://openalex.org/W4283697634
https://openalex.org/W4306167459
https://openalex.org/W4323316721
https://openalex.org/W4323320276
https://openalex.org/W4366826926
https://openalex.org/W4378472830
https://openalex.org/W4378713925
https://openalex.org/W4381549894
https://openalex.org/W4383264334
https://openalex.org/W4385327353
https://openalex.org/W4385620837
https://openalex.org/W4386420851
https://openalex.org/W4386851722
https://openalex.org/W4386878900
https://openalex.org/W4388871101
https://openalex.org/W4389684222
https://openalex.org/W2092309860
https://openalex.org/W2094329399
https://openalex.org/W1521505820
https://openalex.org/W2045298118
https://openalex.org/W2396402337
https://openalex.org/W1947472639
https://openalex.org/W2007666190
https://openalex.org/W1973630644
https://openalex.org/W2064249260
https://openalex.org/W2148360484
https://openalex.org/W924176
https://openalex.org/W1967357466
https://openalex.org/W1993800607
https://openalex.org/W1999727235
https://openalex.org/W2012628516
https://openalex.org/W2016975762
https://openalex.org/W2030945951
https://openalex.org/W2768403659
https://openalex.org/W2780188195
https://openalex.org/W2810161799
https://openalex.org/W2810624580
https://openalex.org/W1989134228
https://openalex.org/W2078459258
https://openalex.org/W2252436412
https://openalex.org/W2946221651
https://openalex.org/W593782057
https://openalex.org/W2055083698
https://openalex.org/W1970848662
https://openalex.org/W581076953
https://openalex.org/W1986553583
https://openalex.org/W2015589776
https://openalex.org/W2088192362
https://openalex.org/W2240083637
https://openalex.org/W150476911
https://openalex.org/W2006077743
https://openalex.org/W2007987380
https://openalex.org/W2014265283
https://openalex.org/W122913573
https://openalex.org/W2056652244
https://openalex.org/W2072841976
https://openalex.org/W1966632757
https://openalex.org/W1974174828
https://openalex.org/W2089968128
https://openalex.org/W4251731448
https://openalex.org/W1490432190
https://openalex.org/W1966200458
https://openalex.org/W2053512035
https://openalex.org/W2167717370
https://openalex.org/W2169144103
https://openalex.org/W2807250413
https://openalex.org/W1945789113
https://openalex.org/W2076677785
https://openalex.org/W2092979177
https://openalex.org/W2193672763
https://openalex.org/W2462648790
https://openalex.org/W2686688671
https://openalex.org/W2775683371
https://openalex.org/W2936210541
https://openalex.org/W2937813242
https://openalex.org/W2938318222
https://openalex.org/W2943375080
https://openalex.org/W2951702933
https://openalex.org/W2994829569
https://openalex.org/W3012751255
https://openalex.org/W3021955061
https://openalex.org/W2414685414
https://openalex.org/W2463133359
https://openalex.org/W2464700421
https://openalex.org/W3145659568
https://openalex.org/W3146547389
https://openalex.org/W3212830169
https://openalex.org/W2036540802
https://openalex.org/W2413506890
https://openalex.org/W2138667733
https://openalex.org/W2401564525
https://openalex.org/W1978103955
https://openalex.org/W2088861661
https://openalex.org/W2071238286
https://openalex.org/W2163699506
https://openalex.org/W3027380909
https://openalex.org/W2002091669
https://openalex.org/W2026670132
https://openalex.org/W2583290669
https://openalex.org/W2128404274
https://openalex.org/W1481621866
https://openalex.org/W168809865
https://openalex.org/W195657070
https://openalex.org/W2888071736
https://openalex.org/W1572831357
https://openalex.org/W1589770508
https://openalex.org/W2108060917
https://openalex.org/W2160828720
https://openalex.org/W2324846672
https://openalex.org/W2901821065
https://openalex.org/W2906763854
https://openalex.org/W2910498824
https://openalex.org/W2927683425
https://openalex.org/W2982550967
https://openalex.org/W2983693348
https://openalex.org/W3011218358
https://openalex.org/W3041040744
https://openalex.org/W3046870888
https://openalex.org/W3119634508
https://openalex.org/W3133618227
https://openalex.org/W3203502731
https://openalex.org/W4205478399
https://openalex.org/W4224059588
https://openalex.org/W4281260837
https://openalex.org/W4281635261
https://openalex.org/W4283809256
https://openalex.org/W4288049091
https://openalex.org/W4310466554
https://openalex.org/W2174707971
https://openalex.org/W2144048982
https://openalex.org/W2038025734
https://openalex.org/W2122781201
https://openalex.org/W2066660355
https://openalex.org/W2207157268
https://openalex.org/W2811075331
https://openalex.org/W2914305947
https://openalex.org/W3012171546
https://openalex.org/W1929705553
https://openalex.org/W2207199670
https://openalex.org/W2260464333
https://openalex.org/W2283597390
https://openalex.org/W2318080474
https://openalex.org/W2475047545
https://openalex.org/W2747493986
https://openalex.org/W290909990
https://openalex.org/W3012988371
https://openalex.org/W3029646245
https://openalex.org/W3030075658
https://openalex.org/W3094830724
https://openalex.org/W3109382691
https://openalex.org/W1991751629
https://openalex.org/W2048415707
https://openalex.org/W2462560108
https://openalex.org/W1985208252
https://openalex.org/W2021132677
https://openalex.org/W2031381408
https://openalex.org/W2166373554
https://openalex.org/W2172486767
https://openalex.org/W2616342243
https://openalex.org/W1237914868
https://openalex.org/W133861539
https://openalex.org/W2808301187
https://openalex.org/W2914253666
https://openalex.org/W2941642131
https://openalex.org/W1637608972
https://openalex.org/W2107335778
https://openalex.org/W2157597075
https://openalex.org/W2212234276
https://openalex.org/W3082038037
https://openalex.org/W3120734586
https://openalex.org/W3159214327
https://openalex.org/W4200182608
https://openalex.org/W2413120765
https://openalex.org/W2565402107
https://openalex.org/W4231757306
https://openalex.org/W48445985
https://openalex.org/W2062456175
https://openalex.org/W2012631159
https://openalex.org/W2098086395
https://openalex.org/W1964783667
https://openalex.org/W2156862977
https://openalex.org/W2102197652
https://openalex.org/W2185502370
https://openalex.org/W2018497074
https://openalex.org/W2018605831
https://openalex.org/W2418814333
https://openalex.org/W2108224841
https://openalex.org/W1982773124
https://openalex.org/W2066815991
https://openalex.org/W2604618283
https://openalex.org/W2751520572
https://openalex.org/W2898276062
https://openalex.org/W2913420958
https://openalex.org/W2946442797
https://openalex.org/W2978697501
https://openalex.org/W2990552095
https://openalex.org/W3026166468
https://openalex.org/W3029642574
https://openalex.org/W3033364922
https://openalex.org/W3048741897
https://openalex.org/W3165957710
https://openalex.org/W2315053119
https://openalex.org/W2425846369
https://openalex.org/W2441647874
https://openalex.org/W4206766088
https://openalex.org/W4210255481
https://openalex.org/W4220815071
https://openalex.org/W4281396392
https://openalex.org/W4283023397
https://openalex.org/W4283764242
https://openalex.org/W4292212677
https://openalex.org/W4295048272
https://openalex.org/W4297857863
https://openalex.org/W4302591434
https://openalex.org/W4307734667
https://openalex.org/W4308872440
https://openalex.org/W2416936102
https://openalex.org/W4254095336
https://openalex.org/W2502262551
https://openalex.org/W2442519604
https://openalex.org/W193410164
https://openalex.org/W1975731040
https://openalex.org/W2190457181
https://openalex.org/W118321655
https://openalex.org/W1993844484
https://openalex.org/W1999962581
https://openalex.org/W2014079198
https://openalex.org/W2089470730
https://openalex.org/W1552121435
https://openalex.org/W1972940933
https://openalex.org/W1983248099
https://openalex.org/W2045282306
https://openalex.org/W2051236694
https://openalex.org/W2071393616
https://openalex.org/W2409650899
https://openalex.org/W2066572184
https://openalex.org/W86113663
https://openalex.org/W1975063232
https://openalex.org/W2087132496
https://openalex.org/W2399079845
https://openalex.org/W183901952
https://openalex.org/W1975916002
https://openalex.org/W2051282642
https://openalex.org/W2409020468
https://openalex.org/W2183852198
https://openalex.org/W570129400
https://openalex.org/W2002027707
https://openalex.org/W2006014797
https://openalex.org/W2168433834
https://openalex.org/W2560380403
https://openalex.org/W2615585835
https://openalex.org/W2754787245
https://openalex.org/W2769005719
https://openalex.org/W2888689616
https://openalex.org/W3091497509
https://openalex.org/W3092421847
https://openalex.org/W3094532054
https://openalex.org/W3127605212
https://openalex.org/W3167155800
https://openalex.org/W3198939720
https://openalex.org/W3215989766
https://openalex.org/W4200412038
https://openalex.org/W4205642117
https://openalex.org/W2028278623
https://openalex.org/W2299024225
https://openalex.org/W2325819114
https://openalex.org/W2491774171
https://openalex.org/W2992958019
https://openalex.org/W2004686007
https://openalex.org/W2099798082
https://openalex.org/W2551526423
https://openalex.org/W2002265968
https://openalex.org/W2048515888
https://openalex.org/W2079617236
https://openalex.org/W1986363350
https://openalex.org/W2141394290
https://openalex.org/W2357092093
https://openalex.org/W27934876
https://openalex.org/W2005666825
https://openalex.org/W2024041742
https://openalex.org/W1508414601
https://openalex.org/W2044574844
https://openalex.org/W2055030993
https://openalex.org/W2072803789
https://openalex.org/W2114639267
https://openalex.org/W2147256490
https://openalex.org/W2539583871
https://openalex.org/W1966691231
https://openalex.org/W1981672105
https://openalex.org/W1992590533
https://openalex.org/W2001482590
https://openalex.org/W2368264148
https://openalex.org/W4251857016
https://openalex.org/W1532210863
https://openalex.org/W1572090769
https://openalex.org/W181650762
https://openalex.org/W1894188455
https://openalex.org/W1983049357
https://openalex.org/W2000042474
https://openalex.org/W2005463843
https://openalex.org/W2027599866
https://openalex.org/W2087786109
https://openalex.org/W2168249593
https://openalex.org/W2322290458
https://openalex.org/W2329863239
https://openalex.org/W2339957302
https://openalex.org/W2605617795
https://openalex.org/W2827308506
https://openalex.org/W398840415
https://openalex.org/W4240139216
https://openalex.org/W4241470188
https://openalex.org/W4310061946
https://openalex.org/W4316661341
https://openalex.org/W4319068609
https://openalex.org/W4323568310
https://openalex.org/W4323865233
https://openalex.org/W4361816191
https://openalex.org/W4361822662
https://openalex.org/W4361850750
https://openalex.org/W4361851227
https://openalex.org/W4362320288
https://openalex.org/W4362324208
https://openalex.org/W4362476801
https://openalex.org/W4362526199
https://openalex.org/W4362526307
https://openalex.org/W4362526325
https://openalex.org/W4362534121
https://openalex.org/W4362534635
https://openalex.org/W4362534671
https://openalex.org/W4376111254
https://openalex.org/W4376620297
https://openalex.org/W4377028098
https://openalex.org/W4378746370
https://openalex.org/W4379142957
https://openalex.org/W4379280634
https://openalex.org/W4379281845
https://openalex.org/W4380423228
https://openalex.org/W4381295914
https://openalex.org/W4381735844
https://openalex.org/W4382238819
https://openalex.org/W4382245237
https://openalex.org/W4382536314
https://openalex.org/W4382933761
https://openalex.org/W4383345346
https://openalex.org/W4383877902
https://openalex.org/W4385163928
https://openalex.org/W4385762224
https://openalex.org/W4386001984
https://openalex.org/W4386019689
https://openalex.org/W4386026034
https://openalex.org/W4386030899
https://openalex.org/W4386055474
https://openalex.org/W4386085655
https://openalex.org/W4386163125
https://openalex.org/W4386168229
https://openalex.org/W4386377069
https://openalex.org/W4386485214
https://openalex.org/W4386614614
https://openalex.org/W4386615440
https://openalex.org/W4386721661
https://openalex.org/W4387699049
https://openalex.org/W4388207110
https://openalex.org/W4388406624
https://openalex.org/W4388460776
https://openalex.org/W4388584991
https://openalex.org/W4389077171
https://openalex.org/W4390030583
https://openalex.org/W4390311823
https://openalex.org/W4390394737
https://openalex.org/W4392723122
https://openalex.org/W4393969980
https://openalex.org/W4396549616
https://openalex.org/W1999335859
https://openalex.org/W2000020665
https://openalex.org/W2005850079
https://openalex.org/W2019502733
https://openalex.org/W202249599
https://openalex.org/W200863380
https://openalex.org/W2029343592
https://openalex.org/W2063416438
https://openalex.org/W2070015070
https://openalex.org/W2404346601
https://openalex.org/W2275171892
https://openalex.org/W1490929986
https://openalex.org/W2062744951
https://openalex.org/W2025506444
https://openalex.org/W2096895604
https://openalex.org/W2750068748
https://openalex.org/W3195286395
https://openalex.org/W2045516639
https://openalex.org/W2155942348
https://openalex.org/W2162575374
https://openalex.org/W107518433
https://openalex.org/W53150988
https://openalex.org/W1534302781
https://openalex.org/W2035875117
https://openalex.org/W2154373812
https://openalex.org/W2255490031
https://openalex.org/W2361388925
https://openalex.org/W2734557504
https://openalex.org/W2030862190
https://openalex.org/W2365981449
https://openalex.org/W2742158066
https://openalex.org/W2800990049
https://openalex.org/W2890883048
https://openalex.org/W2944310945
https://openalex.org/W2947660442
https://openalex.org/W2990888293
https://openalex.org/W3017071013
https://openalex.org/W3032340072
https://openalex.org/W3086113543
https://openalex.org/W3110912314
https://openalex.org/W3178868164
https://openalex.org/W3180550345
https://openalex.org/W3185428818
https://openalex.org/W3211882871
https://openalex.org/W4240789209
https://openalex.org/W4286856480
https://openalex.org/W4312200875
https://openalex.org/W2104015238
https://openalex.org/W2469943677
https://openalex.org/W2554902741
https://openalex.org/W2567105598
https://openalex.org/W2596074344
https://openalex.org/W2804962224
https://openalex.org/W2932753369
https://openalex.org/W2990537330
https://openalex.org/W3015394337
https://openalex.org/W3093465544
https://openalex.org/W4205911500
https://openalex.org/W4210545345
https://openalex.org/W4220851146
https://openalex.org/W4225136871
https://openalex.org/W4281765677
https://openalex.org/W4286586789
https://openalex.org/W4286826323
https://openalex.org/W4289527913
https://openalex.org/W4291174036
https://openalex.org/W4293660734
https://openalex.org/W4295018383
https://openalex.org/W4307137573
https://openalex.org/W4313150482
https://openalex.org/W4362650612
https://openalex.org/W19315828
https://openalex.org/W2036169797
https://openalex.org/W2403149267
https://openalex.org/W1993156794
https://openalex.org/W199396372
https://openalex.org/W2000540935
https://openalex.org/W2008174036
https://openalex.org/W2284975943
https://openalex.org/W2400511492
https://openalex.org/W42845490
https://openalex.org/W72841592
https://openalex.org/W2014565389
https://openalex.org/W4245260895
https://openalex.org/W2349435000
https://openalex.org/W114247527
https://openalex.org/W1497126576
https://openalex.org/W1632353437
https://openalex.org/W1963825250
https://openalex.org/W1998346551
https://openalex.org/W2018020076
https://openalex.org/W2034046250
https://openalex.org/W2039172357
https://openalex.org/W2050676372
https://openalex.org/W2074645794
https://openalex.org/W2099179003
https://openalex.org/W2136722538
https://openalex.org/W2159967812
https://openalex.org/W2161620760
https://openalex.org/W2286881474
https://openalex.org/W2299181711
https://openalex.org/W2318777488
https://openalex.org/W2320030665
https://openalex.org/W2341599534
https://openalex.org/W2349070527
https://openalex.org/W2411403835
https://openalex.org/W2435729798
https://openalex.org/W2472081919
https://openalex.org/W2760987815
https://openalex.org/W3028976827
https://openalex.org/W3088097641
https://openalex.org/W4226082261
https://openalex.org/W4283167004
https://openalex.org/W4290975314
https://openalex.org/W796929490
https://openalex.org/W1993355187
https://openalex.org/W2008686897
https://openalex.org/W2007878385
https://openalex.org/W2080823652
https://openalex.org/W2133973952
https://openalex.org/W2150747463
https://openalex.org/W9973436
https://openalex.org/W2040205299
https://openalex.org/W2052167377
https://openalex.org/W2396660257
https://openalex.org/W2439639270
https://openalex.org/W2111142848
https://openalex.org/W2420894857
https://openalex.org/W1516480198
https://openalex.org/W1553723780
https://openalex.org/W1985007710
https://openalex.org/W2040945257
https://openalex.org/W2047577685
https://openalex.org/W2078601663
https://openalex.org/W2201167186
https://openalex.org/W2319780933
https://openalex.org/W2332186140
https://openalex.org/W2334529766
https://openalex.org/W2369681224
https://openalex.org/W2392271292
https://openalex.org/W2409257064
https://openalex.org/W2621032275
https://openalex.org/W2766314719
https://openalex.org/W2771576410
https://openalex.org/W2772403409
https://openalex.org/W2774534556
https://openalex.org/W2883361046
https://openalex.org/W4236032690
https://openalex.org/W63260149
https://openalex.org/W1986554720
https://openalex.org/W2073649538
https://openalex.org/W2083301241
https://openalex.org/W2291819095
https://openalex.org/W1802096072
https://openalex.org/W1867507268
https://openalex.org/W1984471254
https://openalex.org/W2113114237
https://openalex.org/W2114763746
https://openalex.org/W2148496680
https://openalex.org/W2362644174
https://openalex.org/W2775258995
https://openalex.org/W2812879443
https://openalex.org/W2883664904
https://openalex.org/W2893863524
https://openalex.org/W2150955129
https://openalex.org/W2428831577
https://openalex.org/W845803168
https://openalex.org/W2344036456
https://openalex.org/W3188218327
https://openalex.org/W1969043146
https://openalex.org/W2052418563
https://openalex.org/W1993876213
https://openalex.org/W2027870889
https://openalex.org/W2066720109
https://openalex.org/W2438257613
https://openalex.org/W2565129007
https://openalex.org/W2930183334
https://openalex.org/W2964219986
https://openalex.org/W2998530412
https://openalex.org/W3027312075
https://openalex.org/W3045874638
https://openalex.org/W3091782419
https://openalex.org/W3096023128
https://openalex.org/W3103241099
https://openalex.org/W3103824833
https://openalex.org/W3180189310
https://openalex.org/W3205500495
https://openalex.org/W84333349
https://openalex.org/W2064432479
https://openalex.org/W2117311944
https://openalex.org/W2406177968
https://openalex.org/W266401591
https://openalex.org/W82028256
https://openalex.org/W1978221154
https://openalex.org/W2347077522
https://openalex.org/W1582503479
https://openalex.org/W1977665534
https://openalex.org/W2397640662
https://openalex.org/W2595695342
https://openalex.org/W3116564663
https://openalex.org/W3163341326
https://openalex.org/W3184849262
https://openalex.org/W3188493526
https://openalex.org/W3211435785
https://openalex.org/W4200275794
https://openalex.org/W4205743206
https://openalex.org/W4242890780
https://openalex.org/W4298032423
https://openalex.org/W1975994846
https://openalex.org/W2101492677
https://openalex.org/W2347188037
https://openalex.org/W2487783649
https://openalex.org/W2513185571
https://openalex.org/W2280953806
https://openalex.org/W2359264624
https://openalex.org/W2013218080
https://openalex.org/W76580922
https://openalex.org/W1841273994
https://openalex.org/W2099815301
https://openalex.org/W2154312657
https://openalex.org/W2208066896
https://openalex.org/W2395913344
https://openalex.org/W1588644832
https://openalex.org/W2464071048
https://openalex.org/W2473547955
https://openalex.org/W2513522486
https://openalex.org/W3090194067
https://openalex.org/W4229928897
https://openalex.org/W4232128056
https://openalex.org/W4389411742
https://openalex.org/W2248325188
https://openalex.org/W2410258727
https://openalex.org/W2412039301
https://openalex.org/W1974617637
https://openalex.org/W1788407893
https://openalex.org/W1931360211
https://openalex.org/W1996295255
https://openalex.org/W1999930126
https://openalex.org/W2023718856
https://openalex.org/W2030143083
https://openalex.org/W2030815135
https://openalex.org/W2033887319
https://openalex.org/W2058872019
https://openalex.org/W2108832493
https://openalex.org/W2114122025
https://openalex.org/W2114554322
https://openalex.org/W2117470533
https://openalex.org/W2119329084
https://openalex.org/W2128703026
https://openalex.org/W2138388058
https://openalex.org/W2229291290
https://openalex.org/W2241859373
https://openalex.org/W2243061036
https://openalex.org/W2247706421
https://openalex.org/W2268125454
https://openalex.org/W2288061218
https://openalex.org/W2297914546
https://openalex.org/W2310727911
https://openalex.org/W2312985580
https://openalex.org/W2314122569
https://openalex.org/W2321358491
https://openalex.org/W2331906242
https://openalex.org/W2334704830
https://openalex.org/W2345029605
https://openalex.org/W2346354589
https://openalex.org/W2367285367
https://openalex.org/W2397055152
https://openalex.org/W2400649255
https://openalex.org/W2401065717
https://openalex.org/W2403908083
https://openalex.org/W2404223895
https://openalex.org/W2404970805
https://openalex.org/W2412326076
https://openalex.org/W2417307701
https://openalex.org/W2491673844
https://openalex.org/W2495403222
https://openalex.org/W2504615663
https://openalex.org/W2517311470
https://openalex.org/W2540117768
https://openalex.org/W2551382998
https://openalex.org/W2559905059
https://openalex.org/W2561379638
https://openalex.org/W2563135021
https://openalex.org/W2566367387
https://openalex.org/W2579024801
https://openalex.org/W2609597301
https://openalex.org/W2610232798
https://openalex.org/W2617399040
https://openalex.org/W2742527555
https://openalex.org/W2744505622
https://openalex.org/W2747244247
https://openalex.org/W2749556901
https://openalex.org/W2750036472
https://openalex.org/W2751853476
https://openalex.org/W2751917620
https://openalex.org/W2752090321
https://openalex.org/W2752830490
https://openalex.org/W2809727703
https://openalex.org/W2898603637
https://openalex.org/W2982123709
https://openalex.org/W3029216685
https://openalex.org/W3029235677
https://openalex.org/W3031542071
https://openalex.org/W3031543593
https://openalex.org/W3142432230
https://openalex.org/W3208342644
https://openalex.org/W354860300
https://openalex.org/W4231764148
https://openalex.org/W4251643852
https://openalex.org/W4252567716
https://openalex.org/W4253061130
https://openalex.org/W4253523456
https://openalex.org/W4254589385
https://openalex.org/W4256521653
https://openalex.org/W4299315011
https://openalex.org/W4299544471
https://openalex.org/W4383869139
https://openalex.org/W4389025348
https://openalex.org/W4389466931
https://openalex.org/W4394734343
https://openalex.org/W2047404574
https://openalex.org/W2077608571
https://openalex.org/W2410322397
https://openalex.org/W2411607403
https://openalex.org/W103699639
https://openalex.org/W2375251431
https://openalex.org/W2737952260
https://openalex.org/W4248618626
https://openalex.org/W109637283
https://openalex.org/W1551963378
https://openalex.org/W1563908993
https://openalex.org/W1588468773
https://openalex.org/W177212935
https://openalex.org/W1911602371
https://openalex.org/W1968323169
https://openalex.org/W1973126307
https://openalex.org/W1980153952
https://openalex.org/W1983601153
https://openalex.org/W2004073867
https://openalex.org/W2015642118
https://openalex.org/W2017017608
https://openalex.org/W2023451800
https://openalex.org/W2024369700
https://openalex.org/W2035422942
https://openalex.org/W2046965764
https://openalex.org/W2063848131
https://openalex.org/W2079912582
https://openalex.org/W2080558106
https://openalex.org/W2087590488
https://openalex.org/W2091641052
https://openalex.org/W2094790644
https://openalex.org/W2095035508
https://openalex.org/W2103062687
https://openalex.org/W2129826819
https://openalex.org/W2144925871
https://openalex.org/W2153543334
https://openalex.org/W2178837806
https://openalex.org/W2182891956
https://openalex.org/W2194339480
https://openalex.org/W2217710963
https://openalex.org/W2247824224
https://openalex.org/W2249194258
https://openalex.org/W2255779304
https://openalex.org/W2297655362
https://openalex.org/W2313623696
https://openalex.org/W2315282296
https://openalex.org/W2315474696
https://openalex.org/W2316277827
https://openalex.org/W2320203399
https://openalex.org/W2321243083
https://openalex.org/W2322102431
https://openalex.org/W2323124877
https://openalex.org/W2323686080
https://openalex.org/W2325237560
https://openalex.org/W2325431838
https://openalex.org/W2326432781
https://openalex.org/W2326905566
https://openalex.org/W2334459549
https://openalex.org/W2335306758
https://openalex.org/W2343245599
https://openalex.org/W2351495643
https://openalex.org/W2353986224
https://openalex.org/W2356112622
https://openalex.org/W2357292813
https://openalex.org/W2360431650
https://openalex.org/W2361373006
https://openalex.org/W2361471616
https://openalex.org/W2379741735
https://openalex.org/W2382926660
https://openalex.org/W2385538757
https://openalex.org/W2385748050
https://openalex.org/W2387594048
https://openalex.org/W2388844481
https://openalex.org/W2393232422
https://openalex.org/W2401402694
https://openalex.org/W2403141703
https://openalex.org/W2413858233
https://openalex.org/W2414307991
https://openalex.org/W2417449458
https://openalex.org/W2422282596
https://openalex.org/W2479441707
https://openalex.org/W2590620965
https://openalex.org/W2745441646
https://openalex.org/W2913716293
https://openalex.org/W2999575552
https://openalex.org/W3001865515
https://openalex.org/W3024106753
https://openalex.org/W3031910328
https://openalex.org/W3031939172
https://openalex.org/W3032679136
https://openalex.org/W3032743636
https://openalex.org/W3111552631
https://openalex.org/W3142578718
https://openalex.org/W4230152449
https://openalex.org/W4233455987
https://openalex.org/W4233911605
https://openalex.org/W4250251540
https://openalex.org/W4389407324
https://openalex.org/W2419234963
https://openalex.org/W2046779248
https://openalex.org/W2129957898
https://openalex.org/W2358052894
https://openalex.org/W2412148469
https://openalex.org/W2923602711
https://openalex.org/W4299862280
https://openalex.org/W1011696823
https://openalex.org/W1485425886
https://openalex.org/W1504744026
https://openalex.org/W1519059823
https://openalex.org/W1530136851
https://openalex.org/W1531391105
https://openalex.org/W1532888555
https://openalex.org/W1539353562
https://openalex.org/W1547797111
https://openalex.org/W1552566550
https://openalex.org/W1559105625
https://openalex.org/W1559893083
https://openalex.org/W1561578251
https://openalex.org/W1571397823
https://openalex.org/W1588815247
https://openalex.org/W1973736740
https://openalex.org/W1973737362
https://openalex.org/W1979760828
https://openalex.org/W2006999474
https://openalex.org/W2020378887
https://openalex.org/W2079762015
https://openalex.org/W2088460443
https://openalex.org/W2094845443
https://openalex.org/W2104166720
https://openalex.org/W2115166927
https://openalex.org/W2238772048
https://openalex.org/W2313260937
https://openalex.org/W2313611721
https://openalex.org/W2318560633
https://openalex.org/W2321884985
https://openalex.org/W2330158433
https://openalex.org/W2334866781
https://openalex.org/W2337927600
https://openalex.org/W2349111195
https://openalex.org/W2359733782
https://openalex.org/W2359735813
https://openalex.org/W2360235046
https://openalex.org/W2360740305
https://openalex.org/W2366534827
https://openalex.org/W2367172178
https://openalex.org/W2369453065
https://openalex.org/W2374704004
https://openalex.org/W2378976682
https://openalex.org/W2387813185
https://openalex.org/W2390464521
https://openalex.org/W2391659320
https://openalex.org/W2404754622
https://openalex.org/W2409326491
https://openalex.org/W2420013591
https://openalex.org/W2424872801
https://openalex.org/W2466422618
https://openalex.org/W2474845426
https://openalex.org/W2478495967
https://openalex.org/W2490783582
https://openalex.org/W2536620500
https://openalex.org/W2547642682
https://openalex.org/W2547874056
https://openalex.org/W2548357998
https://openalex.org/W2558347510
https://openalex.org/W2587636037
https://openalex.org/W2592455948
https://openalex.org/W2597008133
https://openalex.org/W2604430414
https://openalex.org/W2606461033
https://openalex.org/W2606647932
https://openalex.org/W2613514180
https://openalex.org/W2620399129
https://openalex.org/W2707379005
https://openalex.org/W2742636999
https://openalex.org/W2744199427
https://openalex.org/W2744402050
https://openalex.org/W2751194651
https://openalex.org/W2751496365
https://openalex.org/W2766650168
https://openalex.org/W2809562428
https://openalex.org/W2910720381
https://openalex.org/W2911058936
https://openalex.org/W2917709065
https://openalex.org/W2992235544
https://openalex.org/W3012753037
https://openalex.org/W3022592213
https://openalex.org/W3029330636
https://openalex.org/W3030877863
https://openalex.org/W3031035612
https://openalex.org/W3033363241
https://openalex.org/W3035265371
https://openalex.org/W3108335298
https://openalex.org/W3190338373
https://openalex.org/W328408472
https://openalex.org/W4246504679
https://openalex.org/W4250375068
https://openalex.org/W4254073718
https://openalex.org/W4389436882
https://openalex.org/W4389467075
https://openalex.org/W4395549234
https://openalex.org/W652183643
https://openalex.org/W972156274
https://openalex.org/W2413352657
https://openalex.org/W1576222229
https://openalex.org/W1955744583
https://openalex.org/W1968654279
https://openalex.org/W2029348490
https://openalex.org/W2034528613
https://openalex.org/W2059011802
https://openalex.org/W2070670589
https://openalex.org/W2085587382
https://openalex.org/W2133360951
https://openalex.org/W2143629879
https://openalex.org/W2166451235
https://openalex.org/W2188256336
https://openalex.org/W2264407308
https://openalex.org/W2281764156
https://openalex.org/W2282825335
https://openalex.org/W2318780115
https://openalex.org/W2322216836
https://openalex.org/W2329424432
https://openalex.org/W2342412436
https://openalex.org/W2348158090
https://openalex.org/W2359386973
https://openalex.org/W2359789220
https://openalex.org/W2362248054
https://openalex.org/W2362933271
https://openalex.org/W2371476679
https://openalex.org/W2372217258
https://openalex.org/W2373224557
https://openalex.org/W2373881197
https://openalex.org/W2374016812
https://openalex.org/W2375481147
https://openalex.org/W2379457212
https://openalex.org/W2380821660
https://openalex.org/W2385253845
https://openalex.org/W2473395032
https://openalex.org/W2483624031
https://openalex.org/W2566007889
https://openalex.org/W2590284062
https://openalex.org/W267385576
https://openalex.org/W2743189627
https://openalex.org/W2744947922
https://openalex.org/W2747842768
https://openalex.org/W2896644010
https://openalex.org/W2978467982
https://openalex.org/W3030485636
https://openalex.org/W3030493053
https://openalex.org/W3092293546
https://openalex.org/W3093193161
https://openalex.org/W314207379
https://openalex.org/W3161816001
https://openalex.org/W3173872074
https://openalex.org/W3213658167
https://openalex.org/W349473790
https://openalex.org/W4206940789
https://openalex.org/W4210792490
https://openalex.org/W4214687784
https://openalex.org/W4220864420
https://openalex.org/W4226163963
https://openalex.org/W4245901099
https://openalex.org/W4281737822
https://openalex.org/W4282940300
https://openalex.org/W4282972529
https://openalex.org/W4282976974
https://openalex.org/W4284890090
https://openalex.org/W4285190158
https://openalex.org/W4286208368
https://openalex.org/W4288804681
https://openalex.org/W4289344812
https://openalex.org/W4289920216
https://openalex.org/W4291776721
https://openalex.org/W4293078376
https://openalex.org/W4296042711
https://openalex.org/W4307162885
https://openalex.org/W4308687022
https://openalex.org/W4309330733
https://openalex.org/W4310516291
https://openalex.org/W4311684391
https://openalex.org/W4312260487
https://openalex.org/W4312384900
https://openalex.org/W4312584728
https://openalex.org/W4312608382
https://openalex.org/W4312905157
https://openalex.org/W4312996996
https://openalex.org/W4313041945
https://openalex.org/W4313043258
https://openalex.org/W4389368520
https://openalex.org/W4389442084
https://openalex.org/W603902114
https://openalex.org/W167980177
https://openalex.org/W2137792257
https://openalex.org/W2243786299
https://openalex.org/W2288441813
https://openalex.org/W2352682520
https://openalex.org/W2363518011
https://openalex.org/W2381722302
https://openalex.org/W2409744114
https://openalex.org/W2413708586
https://openalex.org/W2413908986
https://openalex.org/W2986312599
https://openalex.org/W4237055890
https://openalex.org/W4302360754
https://openalex.org/W193748576
https://openalex.org/W1963607460
https://openalex.org/W2064258785
https://openalex.org/W2107673360
https://openalex.org/W2186547391
https://openalex.org/W2281361322
https://openalex.org/W2296882740
https://openalex.org/W2359694395
https://openalex.org/W2364662563
https://openalex.org/W2367633809
https://openalex.org/W2381839123
https://openalex.org/W2385519690
https://openalex.org/W2386561111
https://openalex.org/W2397813777
https://openalex.org/W2407581048
https://openalex.org/W2462464478
https://openalex.org/W2463413342
https://openalex.org/W2472719334
https://openalex.org/W2565598982
https://openalex.org/W2616681641
https://openalex.org/W2745988308
https://openalex.org/W2783497953
https://openalex.org/W2790239709
https://openalex.org/W2791789153
https://openalex.org/W2794600078
https://openalex.org/W2804533400
https://openalex.org/W2805842153
https://openalex.org/W2810029853
https://openalex.org/W2810120985
https://openalex.org/W2886754393
https://openalex.org/W2891547206
https://openalex.org/W2899873446
https://openalex.org/W2905258059
https://openalex.org/W2915268306
https://openalex.org/W2916549317
https://openalex.org/W2916582030
https://openalex.org/W2921280090
https://openalex.org/W2940325840
https://openalex.org/W2945364864
https://openalex.org/W2955156344
https://openalex.org/W2956031568
https://openalex.org/W2956668437
https://openalex.org/W2979467856
https://openalex.org/W2980065538
https://openalex.org/W2981274073
https://openalex.org/W2981980112
https://openalex.org/W2982548285
https://openalex.org/W2982835813
https://openalex.org/W2991837301
https://openalex.org/W2998145560
https://openalex.org/W2998559348
https://openalex.org/W2998715915
https://openalex.org/W3003318863
https://openalex.org/W3009538959
https://openalex.org/W3013264612
https://openalex.org/W3015718727
https://openalex.org/W3023427224
https://openalex.org/W3029202222
https://openalex.org/W3029398795
https://openalex.org/W3030103273
https://openalex.org/W3032488644
https://openalex.org/W3032810344
https://openalex.org/W3092903964
https://openalex.org/W3117736567
https://openalex.org/W3179032779
https://openalex.org/W3183118851
https://openalex.org/W3202652653
https://openalex.org/W363490968
https://openalex.org/W4213104222
https://openalex.org/W4230313381
https://openalex.org/W4233547071
https://openalex.org/W4250477421
https://openalex.org/W4318426543
https://openalex.org/W4385513066
https://openalex.org/W4389438676
https://openalex.org/W4389442172
https://openalex.org/W4394396652
https://openalex.org/W91039432
https://openalex.org/W1007325000
https://openalex.org/W1483406229
https://openalex.org/W2020016817
https://openalex.org/W2045966451
https://openalex.org/W2078200392
https://openalex.org/W2214500310
https://openalex.org/W2413633874
https://openalex.org/W2416047615
https://openalex.org/W2647146960
https://openalex.org/W42389213
https://openalex.org/W4249031615
https://openalex.org/W108126540
https://openalex.org/W1579712471
https://openalex.org/W2148694718
https://openalex.org/W2358490803
https://openalex.org/W2359485354
https://openalex.org/W2361160805
https://openalex.org/W2368827544
https://openalex.org/W2373512752
https://openalex.org/W2375194502
https://openalex.org/W2378884377
https://openalex.org/W2379010413
https://openalex.org/W2386632825
https://openalex.org/W2389675209
https://openalex.org/W2389778699
https://openalex.org/W2443648166
https://openalex.org/W2604394831
https://openalex.org/W2625360923
https://openalex.org/W2793798454
https://openalex.org/W3009807228
https://openalex.org/W3014849402
https://openalex.org/W3021100485
https://openalex.org/W3027210325
https://openalex.org/W3040851302
https://openalex.org/W3083084319
https://openalex.org/W3083206115
https://openalex.org/W3083342231
https://openalex.org/W3085156734
https://openalex.org/W3096747778
https://openalex.org/W3100916589
https://openalex.org/W3112356022
https://openalex.org/W3113130217
https://openalex.org/W3147014641
https://openalex.org/W3162903059
https://openalex.org/W3185417791
https://openalex.org/W3203782779
https://openalex.org/W3210515933
https://openalex.org/W4238697373
https://openalex.org/W4247266256
https://openalex.org/W4251019583
https://openalex.org/W4251767716
https://openalex.org/W4253140509
https://openalex.org/W4256357062
https://openalex.org/W4287822121
https://openalex.org/W4378569238
https://openalex.org/W4386301041
https://openalex.org/W4387632745
https://openalex.org/W4391732679
https://openalex.org/W4391803918
https://openalex.org/W4394181435
https://openalex.org/W4394376651
https://openalex.org/W651468684
https://openalex.org/W113477944
https://openalex.org/W1988946864
https://openalex.org/W2392667054
https://openalex.org/W2944966580
https://openalex.org/W1980639393
https://openalex.org/W2034882761
https://openalex.org/W2246724430
https://openalex.org/W2254406036
https://openalex.org/W2268122653
https://openalex.org/W2297500811
https://openalex.org/W2378332619
https://openalex.org/W2395915524
https://openalex.org/W2407940932
https://openalex.org/W2413617434
https://openalex.org/W2462647402
https://openalex.org/W2610351309
https://openalex.org/W2611001167
https://openalex.org/W2746004635
https://openalex.org/W2792605979
https://openalex.org/W3209119677
https://openalex.org/W4391801437
https://openalex.org/W598273531
https://openalex.org/W1517033104
https://openalex.org/W2001976213
https://openalex.org/W2196782792
https://openalex.org/W2349277859
https://openalex.org/W2356727825
https://openalex.org/W2433142967
https://openalex.org/W2462524127
https://openalex.org/W2466600876
https://openalex.org/W2780770990
https://openalex.org/W3123962571
https://openalex.org/W3130191190
https://openalex.org/W3135498720
https://openalex.org/W3138417728
https://openalex.org/W3165087024
https://openalex.org/W3168393198
https://openalex.org/W3172075710
https://openalex.org/W3174510878
https://openalex.org/W3174767545
https://openalex.org/W3175568661
https://openalex.org/W3185305689
https://openalex.org/W3193540680
https://openalex.org/W3199615671
https://openalex.org/W3201502239
https://openalex.org/W3202518120
https://openalex.org/W3216202195
https://openalex.org/W4206497776
https://openalex.org/W4206574787
https://openalex.org/W4210279289
https://openalex.org/W4213427843
https://openalex.org/W4255395563
https://openalex.org/W4306792849
https://openalex.org/W4389449050
https://openalex.org/W4395292416
https://openalex.org/W1230095225
https://openalex.org/W2302464684
https://openalex.org/W2313823813
https://openalex.org/W2347460636
https://openalex.org/W2352726960
https://openalex.org/W2363536440
https://openalex.org/W2370591281
https://openalex.org/W2393046808
https://openalex.org/W2410738667
https://openalex.org/W2739331792
https://openalex.org/W2759172489
https://openalex.org/W4213229962
https://openalex.org/W4252422024
https://openalex.org/W569183995
https://openalex.org/W607177539
https://openalex.org/W2007189393
https://openalex.org/W2013262006
https://openalex.org/W2068659753
https://openalex.org/W2407752597
https://openalex.org/W2409758709
https://openalex.org/W2419544203
https://openalex.org/W2565089073
https://openalex.org/W2799289327
https://openalex.org/W4255874920
https://openalex.org/W4392290527
https://openalex.org/W1576607241
https://openalex.org/W1584363891
https://openalex.org/W1805829719
https://openalex.org/W1996369318
https://openalex.org/W2159212141
https://openalex.org/W2319102529
https://openalex.org/W2362682148
https://openalex.org/W2365711170
https://openalex.org/W239440488
https://openalex.org/W2400667458
https://openalex.org/W2406697337
https://openalex.org/W2412764000
https://openalex.org/W2413742509
https://openalex.org/W2417666181
https://openalex.org/W2436104508
https://openalex.org/W2442097751
https://openalex.org/W2468863327
https://openalex.org/W2726875926
https://openalex.org/W2767310176
https://openalex.org/W2918122064
https://openalex.org/W2965179987
https://openalex.org/W3036426137
https://openalex.org/W3122553681
https://openalex.org/W4256674952
https://openalex.org/W1968505974
https://openalex.org/W2015370490
https://openalex.org/W2015494004
https://openalex.org/W2038757435
https://openalex.org/W2082031488
https://openalex.org/W2260083239
https://openalex.org/W2313815858
https://openalex.org/W2359627520
https://openalex.org/W2373005217
https://openalex.org/W2400406387
https://openalex.org/W2411329146
https://openalex.org/W2419185065
https://openalex.org/W2425020403
https://openalex.org/W2460474952
https://openalex.org/W2464640736
https://openalex.org/W3024385030
https://openalex.org/W339747377
https://openalex.org/W4235491436
https://openalex.org/W4236705022
https://openalex.org/W73458536
https://openalex.org/W1987146772
https://openalex.org/W2029434122
https://openalex.org/W2067498523
https://openalex.org/W2183360844
https://openalex.org/W2286130406
https://openalex.org/W2296931906
https://openalex.org/W2325708438
https://openalex.org/W2328439292
https://openalex.org/W2332704597
https://openalex.org/W2371583577
https://openalex.org/W2396407203
https://openalex.org/W2408198369
https://openalex.org/W2409358392
https://openalex.org/W2412390340
https://openalex.org/W2414479466
https://openalex.org/W2420101450
https://openalex.org/W2429097979
https://openalex.org/W2463057488
https://openalex.org/W2471687585
https://openalex.org/W2603038765
https://openalex.org/W2606051109
https://openalex.org/W342549336
https://openalex.org/W86741898
https://openalex.org/W2000051667
https://openalex.org/W2011564514
https://openalex.org/W2028930762
https://openalex.org/W2029750855
https://openalex.org/W2042726262
https://openalex.org/W2084438727
https://openalex.org/W2367570193
https://openalex.org/W2374596737
https://openalex.org/W2382701209
https://openalex.org/W2396090480
https://openalex.org/W2397657840
https://openalex.org/W2399814440
https://openalex.org/W2402233050
https://openalex.org/W2404427511
https://openalex.org/W2407266162
https://openalex.org/W2407465940
https://openalex.org/W2408546070
https://openalex.org/W2409483470
https://openalex.org/W2410787289
https://openalex.org/W2411310432
https://openalex.org/W2411973551
https://openalex.org/W2414182112
https://openalex.org/W2415194413
https://openalex.org/W2416537696
https://openalex.org/W2417101124
https://openalex.org/W2419195003
https://openalex.org/W2422968175
https://openalex.org/W2427353677
https://openalex.org/W2433082399
https://openalex.org/W2437583382
https://openalex.org/W2438818070
https://openalex.org/W2460366802
https://openalex.org/W2460691687
https://openalex.org/W2464537014
https://openalex.org/W2464692295
https://openalex.org/W2473667040
https://openalex.org/W2608593493
https://openalex.org/W2741401663
https://openalex.org/W277303904
https://openalex.org/W4205883048
https://openalex.org/W2119504728
https://openalex.org/W2143751244
https://openalex.org/W1978597088
https://openalex.org/W2116281003
https://openalex.org/W1974125594
https://openalex.org/W2181283187
https://openalex.org/W2567986926
https://openalex.org/W1975347539
https://openalex.org/W2161933674
https://openalex.org/W2924630617
https://openalex.org/W1546911375
https://openalex.org/W1994179246
https://openalex.org/W2083926838
https://openalex.org/W2090645934
https://openalex.org/W2031355298
https://openalex.org/W2160405880
https://openalex.org/W2340035778
https://openalex.org/W2157889657
https://openalex.org/W2156391988
https://openalex.org/W1999314634
https://openalex.org/W2072879374
https://openalex.org/W2029292942
https://openalex.org/W1602655991
https://openalex.org/W2110155476
https://openalex.org/W2033213048
https://openalex.org/W2134988422
https://openalex.org/W1987015602
https://openalex.org/W3005209336
https://openalex.org/W1993744080
https://openalex.org/W2890756572
https://openalex.org/W2133689391
https://openalex.org/W1964471691
https://openalex.org/W2887996898
https://openalex.org/W2133538151
https://openalex.org/W2887518336
https://openalex.org/W4323653529
https://openalex.org/W2015804728
https://openalex.org/W2770978345
https://openalex.org/W2084571195
https://openalex.org/W1995747866
https://openalex.org/W2144193855
https://openalex.org/W2095942710
https://openalex.org/W3013376317
https://openalex.org/W2559913225
https://openalex.org/W2780628352
https://openalex.org/W3016296474
https://openalex.org/W2269467898
https://openalex.org/W2812127840
https://openalex.org/W2955039931
https://openalex.org/W2913381099
https://openalex.org/W3037520725
https://openalex.org/W3043502623
https://openalex.org/W2925827085
https://openalex.org/W3099412592
https://openalex.org/W3142605790
https://openalex.org/W3007230274
https://openalex.org/W3161489718
https://openalex.org/W4221056780
https://openalex.org/W4317777580
https://openalex.org/W4379519131
https://openalex.org/W4322217344
https://openalex.org/W4385657507
https://openalex.org/W2070947645
https://openalex.org/W1991607389
https://openalex.org/W2060557250
https://openalex.org/W1993076328
https://openalex.org/W2084104753
https://openalex.org/W2134157331
https://openalex.org/W2084104292
https://openalex.org/W2106083846
https://openalex.org/W1969850608
https://openalex.org/W2092318974
https://openalex.org/W1978368727
https://openalex.org/W1989705791
https://openalex.org/W2063014337
https://openalex.org/W1949475342
https://openalex.org/W2111265707
https://openalex.org/W1980479597
https://openalex.org/W1567731029
https://openalex.org/W1990261439
https://openalex.org/W2149889600
https://openalex.org/W2156272715
https://openalex.org/W1978705357
https://openalex.org/W1995877693
https://openalex.org/W2101112840
https://openalex.org/W2008760139
https://openalex.org/W2109483913
https://openalex.org/W2019000662
https://openalex.org/W2088558199
https://openalex.org/W2015200057
https://openalex.org/W2057472243
https://openalex.org/W2128386489
https://openalex.org/W2399256080
https://openalex.org/W2604261501
https://openalex.org/W2909712920
https://openalex.org/W1977033970
https://openalex.org/W2048802521
https://openalex.org/W2168208516
https://openalex.org/W2596888118
https://openalex.org/W2013547707
https://openalex.org/W2027847775
https://openalex.org/W2899375750
https://openalex.org/W2921658800
https://openalex.org/W4230003581
https://openalex.org/W2259713578
https://openalex.org/W2739000214
https://openalex.org/W2515348268
https://openalex.org/W2538755837
https://openalex.org/W3036947735
https://openalex.org/W2023987874
https://openalex.org/W1998951248
https://openalex.org/W2341752324
https://openalex.org/W2050112915
https://openalex.org/W2409375961
https://openalex.org/W2273161154
https://openalex.org/W1565436195
https://openalex.org/W2076672005
https://openalex.org/W2259721260
https://openalex.org/W2971086850
https://openalex.org/W2791677715
https://openalex.org/W2526030726
https://openalex.org/W2902093446
https://openalex.org/W2802544663
https://openalex.org/W2945446976
https://openalex.org/W2994855941
https://openalex.org/W2526290020
https://openalex.org/W2799406326
https://openalex.org/W2887971464
https://openalex.org/W3183200743
https://openalex.org/W2097087449
https://openalex.org/W2959534923
https://openalex.org/W2986013085
https://openalex.org/W2340627035
https://openalex.org/W2397698539
https://openalex.org/W2524180331
https://openalex.org/W2525118479
https://openalex.org/W3217225376
https://openalex.org/W3167494513
https://openalex.org/W3190303450
https://openalex.org/W4287578522
https://openalex.org/W3204795262
https://openalex.org/W4304470211
https://openalex.org/W4284879826
https://openalex.org/W4284881905
https://openalex.org/W4295733365
https://openalex.org/W4225921237
https://openalex.org/W4280623895
https://openalex.org/W4385801124
https://openalex.org/W4308029260
https://openalex.org/W4321483303
https://openalex.org/W4366823439
https://openalex.org/W4377240400
https://openalex.org/W4310416256
https://openalex.org/W4316035595
https://openalex.org/W4380787102
https://openalex.org/W4387747339
https://openalex.org/W4389279086
https://openalex.org/W4391072562
https://openalex.org/W2055010339
https://openalex.org/W2030621224
https://openalex.org/W2122158568
https://openalex.org/W2007449037
https://openalex.org/W1998940585
https://openalex.org/W2050853810
https://openalex.org/W2019071133
https://openalex.org/W1499963775
https://openalex.org/W2076916549
https://openalex.org/W2121825056
https://openalex.org/W2105844664
https://openalex.org/W2416761072
https://openalex.org/W2093513474
https://openalex.org/W2018400354
https://openalex.org/W2049830267
https://openalex.org/W1505397543
https://openalex.org/W1972575931
https://openalex.org/W2005247663
https://openalex.org/W2053472316
https://openalex.org/W2074813280
https://openalex.org/W1998085200
https://openalex.org/W2057795409
https://openalex.org/W2027854932
https://openalex.org/W2531025566
https://openalex.org/W2074209800
https://openalex.org/W2395953807
https://openalex.org/W1974040328
https://openalex.org/W2007434763
https://openalex.org/W1969997959
https://openalex.org/W2116567335
https://openalex.org/W1987923869
https://openalex.org/W2087884748
https://openalex.org/W2130648065
https://openalex.org/W2586843900
https://openalex.org/W2569070471
https://openalex.org/W2122991820
https://openalex.org/W2148223953
https://openalex.org/W2172203661
https://openalex.org/W2633784066
https://openalex.org/W2139022223
https://openalex.org/W1829283065
https://openalex.org/W2767077429
https://openalex.org/W1979333520
https://openalex.org/W2885617334
https://openalex.org/W2466751718
https://openalex.org/W2766721026
https://openalex.org/W2968172750
https://openalex.org/W2791726092
https://openalex.org/W2800070384
https://openalex.org/W2743511075
https://openalex.org/W2738758271
https://openalex.org/W2550167794
https://openalex.org/W2624205014
https://openalex.org/W2799317426
https://openalex.org/W2907801443
https://openalex.org/W2997493847
https://openalex.org/W2903442382
https://openalex.org/W3035848987
https://openalex.org/W3042371468
https://openalex.org/W2525702198
https://openalex.org/W3005744760
https://openalex.org/W3018948861
https://openalex.org/W3037782904
https://openalex.org/W2335890085
https://openalex.org/W3042116172
https://openalex.org/W2996152501
https://openalex.org/W3021572418
https://openalex.org/W3020794358
https://openalex.org/W3023802772
https://openalex.org/W1965740168
https://openalex.org/W3156811229
https://openalex.org/W3117955013
https://openalex.org/W4293240365
https://openalex.org/W4210934429
https://openalex.org/W4200191383
https://openalex.org/W4206266724
https://openalex.org/W4210660682
https://openalex.org/W4281722838
https://openalex.org/W4283122476
https://openalex.org/W4379508941
https://openalex.org/W4386094692
https://openalex.org/W4366263858
https://openalex.org/W4376111616
https://openalex.org/W4385514162
https://openalex.org/W4387747064
https://openalex.org/W4388974335
https://openalex.org/W4390708994
https://openalex.org/W4390906621
https://openalex.org/W2136086513
https://openalex.org/W1994005750
https://openalex.org/W2059290306
https://openalex.org/W2148236278
https://openalex.org/W2035107662
https://openalex.org/W2041714098
https://openalex.org/W2007633933
https://openalex.org/W1993921740
https://openalex.org/W1974633566
https://openalex.org/W1988294309
https://openalex.org/W2075947642
https://openalex.org/W1933171821
https://openalex.org/W1969082619
https://openalex.org/W2120488577
https://openalex.org/W2148009162
https://openalex.org/W2000273557
https://openalex.org/W1549733473
https://openalex.org/W2076076812
https://openalex.org/W1977874955
https://openalex.org/W2062671046
https://openalex.org/W2081346422
https://openalex.org/W2049576690
https://openalex.org/W2090094306
https://openalex.org/W1986839804
https://openalex.org/W2126095641
https://openalex.org/W2149069125
https://openalex.org/W198469028
https://openalex.org/W1992283884
https://openalex.org/W2005271492
https://openalex.org/W2041967307
https://openalex.org/W2148021628
https://openalex.org/W2143363396
https://openalex.org/W2118374007
https://openalex.org/W2161317708
https://openalex.org/W1966781420
https://openalex.org/W2023539564
https://openalex.org/W1107458194
https://openalex.org/W2017084796
https://openalex.org/W2033315171
https://openalex.org/W2513927208
https://openalex.org/W2522658312
https://openalex.org/W2525180202
https://openalex.org/W2763769864
https://openalex.org/W2756031656
https://openalex.org/W2308581254
https://openalex.org/W2802125673
https://openalex.org/W2788204172
https://openalex.org/W2941938889
https://openalex.org/W2789859309
https://openalex.org/W3014350516
https://openalex.org/W2008421861
https://openalex.org/W3034026584
https://openalex.org/W3109687457
https://openalex.org/W2943549200
https://openalex.org/W3035308736
https://openalex.org/W3010235824
https://openalex.org/W2998102494
https://openalex.org/W3017393312
https://openalex.org/W2991356770
https://openalex.org/W1980738741
https://openalex.org/W3136593857
https://openalex.org/W3081111229
https://openalex.org/W3217166861
https://openalex.org/W3184150024
https://openalex.org/W3212576342
https://openalex.org/W4210300668
https://openalex.org/W4280578293
https://openalex.org/W4206005981
https://openalex.org/W4213372455
https://openalex.org/W4296196096
https://openalex.org/W4206121701
https://openalex.org/W3160847234
https://openalex.org/W4372350695
https://openalex.org/W4324378521
https://openalex.org/W4382653098
https://openalex.org/W1972804126
https://openalex.org/W1967041961
https://openalex.org/W2083113766
https://openalex.org/W1989719980
https://openalex.org/W2183771419
https://openalex.org/W1981640710
https://openalex.org/W2089471300
https://openalex.org/W2182429476
https://openalex.org/W1976302127
https://openalex.org/W2036775032
https://openalex.org/W1994545472
https://openalex.org/W2056230791
https://openalex.org/W2107803475
https://openalex.org/W1975583915
https://openalex.org/W2146044450
https://openalex.org/W2163804185
https://openalex.org/W1998200920
https://openalex.org/W2091711265
https://openalex.org/W2118141669
https://openalex.org/W2022429196
https://openalex.org/W1999532128
https://openalex.org/W2034286713
https://openalex.org/W2120366846
https://openalex.org/W1547332149
https://openalex.org/W1647413433
https://openalex.org/W2145890930
https://openalex.org/W2156270057
https://openalex.org/W2167546081
https://openalex.org/W1989351880
https://openalex.org/W2033809170
https://openalex.org/W2030342126
https://openalex.org/W2527552390
https://openalex.org/W2587292880
https://openalex.org/W2783228276
https://openalex.org/W2888762763
https://openalex.org/W2903421796
https://openalex.org/W4249811124
https://openalex.org/W2142092985
https://openalex.org/W2279032771
https://openalex.org/W2626328893
https://openalex.org/W272253102
https://openalex.org/W2791656081
https://openalex.org/W2797209786
https://openalex.org/W2239123773
https://openalex.org/W2875569594
https://openalex.org/W2612556535
https://openalex.org/W2614043699
https://openalex.org/W2896353007
https://openalex.org/W2949532156
https://openalex.org/W2585723656
https://openalex.org/W2804561408
https://openalex.org/W2944014204
https://openalex.org/W2915020723
https://openalex.org/W2908629719
https://openalex.org/W2927336630
https://openalex.org/W2947771027
https://openalex.org/W2968641370
https://openalex.org/W2079463164
https://openalex.org/W2966874059
https://openalex.org/W2961596905
https://openalex.org/W2969439579
https://openalex.org/W3003690006
https://openalex.org/W3013820948
https://openalex.org/W2413356155
https://openalex.org/W2054294089
https://openalex.org/W3041710569
https://openalex.org/W3028045865
https://openalex.org/W3011608214
https://openalex.org/W3038407928
https://openalex.org/W3041366716
https://openalex.org/W2071279250
https://openalex.org/W2035357987
https://openalex.org/W3169500574
https://openalex.org/W3090745018
https://openalex.org/W2015691717
https://openalex.org/W2146369437
https://openalex.org/W3047242388
https://openalex.org/W3156960999
https://openalex.org/W3168996777
https://openalex.org/W4291281481
https://openalex.org/W4206515769
https://openalex.org/W4221084664
https://openalex.org/W4304203358
https://openalex.org/W4306157786
https://openalex.org/W4292809034
https://openalex.org/W4295277205
https://openalex.org/W4316654747
https://openalex.org/W4321366205
https://openalex.org/W4322761416
https://openalex.org/W4361210474
https://openalex.org/W4362473153
https://openalex.org/W4386219724
https://openalex.org/W4386314351
https://openalex.org/W4387849101
https://openalex.org/W4389372653
https://openalex.org/W1514478472
https://openalex.org/W1495018662
https://openalex.org/W2059580371
https://openalex.org/W2164794793
https://openalex.org/W2168769143
https://openalex.org/W4321258374
https://openalex.org/W190962653
https://openalex.org/W2032037878
https://openalex.org/W2169899830
https://openalex.org/W41315778
https://openalex.org/W2003605193
https://openalex.org/W2006988445
https://openalex.org/W2120650829
https://openalex.org/W2052353621
https://openalex.org/W1529933991
https://openalex.org/W2041141108
https://openalex.org/W4300520028
https://openalex.org/W2053877829
https://openalex.org/W1571795835
https://openalex.org/W2092295117
https://openalex.org/W1974311537
https://openalex.org/W2137850094
https://openalex.org/W1987705936
https://openalex.org/W2033910859
https://openalex.org/W1998060132
https://openalex.org/W2029003945
https://openalex.org/W2330996235
https://openalex.org/W1505642196
https://openalex.org/W2185022361
https://openalex.org/W1845410394
https://openalex.org/W2044355533
https://openalex.org/W2016396190
https://openalex.org/W2108335589
https://openalex.org/W2082144350
https://openalex.org/W1963810709
https://openalex.org/W2092544186
https://openalex.org/W2167900412
https://openalex.org/W2020470870
https://openalex.org/W2038841615
https://openalex.org/W2066065623
https://openalex.org/W2143482189
https://openalex.org/W1964298295
https://openalex.org/W2509513786
https://openalex.org/W2744701749
https://openalex.org/W2788338872
https://openalex.org/W2066390334
https://openalex.org/W2887726433
https://openalex.org/W2022628689
https://openalex.org/W2896598117
https://openalex.org/W2905473591
https://openalex.org/W2035498006
https://openalex.org/W2070282008
https://openalex.org/W2508208697
https://openalex.org/W2801640288
https://openalex.org/W2898894491
https://openalex.org/W2885012433
https://openalex.org/W2954265718
https://openalex.org/W2940062732
https://openalex.org/W3093025902
https://openalex.org/W2973091643
https://openalex.org/W3008700205
https://openalex.org/W3094140299
https://openalex.org/W2400853104
https://openalex.org/W3094154313
https://openalex.org/W4200552148
https://openalex.org/W4221078600
https://openalex.org/W4280614458
https://openalex.org/W4313237580
https://openalex.org/W4367316094
https://openalex.org/W1964867688
https://openalex.org/W2028125541
https://openalex.org/W2091223293
https://openalex.org/W2141769884
https://openalex.org/W1985942852
https://openalex.org/W1600089631
https://openalex.org/W2158255239
https://openalex.org/W2054420993
https://openalex.org/W2161629828
https://openalex.org/W2014363404
https://openalex.org/W1964137340
https://openalex.org/W2014944612
https://openalex.org/W2165086210
https://openalex.org/W2082346247
https://openalex.org/W2089033157
https://openalex.org/W924164347
https://openalex.org/W2127144097
https://openalex.org/W2043788728
https://openalex.org/W2097347992
https://openalex.org/W2327094718
https://openalex.org/W2091619112
https://openalex.org/W2098052853
https://openalex.org/W2158067972
https://openalex.org/W2897522687
https://openalex.org/W2065141824
https://openalex.org/W2075752200
https://openalex.org/W1992421280
https://openalex.org/W2027040289
https://openalex.org/W2158527350
https://openalex.org/W2165665524
https://openalex.org/W2334961603
https://openalex.org/W2581749448
https://openalex.org/W2609879810
https://openalex.org/W2809307457
https://openalex.org/W2889226059
https://openalex.org/W1791161943
https://openalex.org/W2736290516
https://openalex.org/W2739759106
https://openalex.org/W2801325884
https://openalex.org/W2801448468
https://openalex.org/W2804421272
https://openalex.org/W2290095826
https://openalex.org/W2557521581
https://openalex.org/W2771001793
https://openalex.org/W2957343671
https://openalex.org/W2990090517
https://openalex.org/W2990759553
https://openalex.org/W2893227570
https://openalex.org/W2909501639
https://openalex.org/W2940355755
https://openalex.org/W2894555682
https://openalex.org/W3034956589
https://openalex.org/W3088975446
https://openalex.org/W2003937325
https://openalex.org/W2044473687
https://openalex.org/W3124104888
https://openalex.org/W3165088919
https://openalex.org/W2072440173
https://openalex.org/W3135157222
https://openalex.org/W3174518577
https://openalex.org/W2079447750
https://openalex.org/W2064190363
https://openalex.org/W4205205129
https://openalex.org/W4210259865
https://openalex.org/W4214553055
https://openalex.org/W4224436584
https://openalex.org/W4282830955
https://openalex.org/W4292622280
https://openalex.org/W4306386037
https://openalex.org/W4214771252
https://openalex.org/W4224932884
https://openalex.org/W4297875045
https://openalex.org/W4318200342
https://openalex.org/W4323663962
https://openalex.org/W4327560428
https://openalex.org/W4366779543
https://openalex.org/W4382318304
https://openalex.org/W4386347603
https://openalex.org/W4386387738
https://openalex.org/W4386785871
https://openalex.org/W4386835507
https://openalex.org/W4387397835
https://openalex.org/W2034683915
https://openalex.org/W2134453578
https://openalex.org/W1517282304
https://openalex.org/W2001575970
https://openalex.org/W2008863047
https://openalex.org/W2045067894
https://openalex.org/W1570882498
https://openalex.org/W1986116967
https://openalex.org/W2015375337
https://openalex.org/W1986196247
https://openalex.org/W2051646987
https://openalex.org/W2134433411
https://openalex.org/W2031712056
https://openalex.org/W1977038581
https://openalex.org/W1988355588
https://openalex.org/W1988659710
https://openalex.org/W2018176899
https://openalex.org/W2021357755
https://openalex.org/W2057228383
https://openalex.org/W1991428628
https://openalex.org/W2021116177
https://openalex.org/W2162650338
https://openalex.org/W2171282122
https://openalex.org/W2162247436
https://openalex.org/W1976382776
https://openalex.org/W2082842277
https://openalex.org/W2043915519
https://openalex.org/W2076879835
https://openalex.org/W2152270855
https://openalex.org/W1967959380
https://openalex.org/W2034703650
https://openalex.org/W1989495298
https://openalex.org/W2148938371
https://openalex.org/W2015732817
https://openalex.org/W1781901386
https://openalex.org/W2098563138
https://openalex.org/W2131465359
https://openalex.org/W2027184535
https://openalex.org/W2134949867
https://openalex.org/W2139745630
https://openalex.org/W2101259502
https://openalex.org/W2138400815
https://openalex.org/W1513631791
https://openalex.org/W1994239858
https://openalex.org/W2060951957
https://openalex.org/W2221199309
https://openalex.org/W2075865728
https://openalex.org/W2076371382
https://openalex.org/W2240801130
https://openalex.org/W2754037637
https://openalex.org/W1910401799
https://openalex.org/W2532310088
https://openalex.org/W2548808329
https://openalex.org/W2763230079
https://openalex.org/W2597785438
https://openalex.org/W2605811765
https://openalex.org/W2756420607
https://openalex.org/W2885945897
https://openalex.org/W2917769285
https://openalex.org/W2944691118
https://openalex.org/W2976387518
https://openalex.org/W2971229433
https://openalex.org/W2985454068
https://openalex.org/W3044355919
https://openalex.org/W3048391136
https://openalex.org/W3088564968
https://openalex.org/W3116903941
https://openalex.org/W3107343278
https://openalex.org/W3081966735
https://openalex.org/W3167835108
https://openalex.org/W3171320549
https://openalex.org/W2082745507
https://openalex.org/W3213785229
https://openalex.org/W4200173845
https://openalex.org/W4220756237
https://openalex.org/W4225291880
https://openalex.org/W4283024318
https://openalex.org/W4312052747
https://openalex.org/W4386947002
https://openalex.org/W4387569149
https://openalex.org/W4388835639
https://openalex.org/W4388839864
https://openalex.org/W4388842291
https://openalex.org/W4390036287
https://openalex.org/W4390460424
https://openalex.org/W4390587747
https://openalex.org/W4390666603
https://openalex.org/W4390674870
https://openalex.org/W4390690581
https://openalex.org/W4390783105
https://openalex.org/W4390796158
https://openalex.org/W4390946110
https://openalex.org/W4391057881
https://openalex.org/W4391228963
https://openalex.org/W4391261267
https://openalex.org/W4391310529
https://openalex.org/W4391364631
https://openalex.org/W4391400399
https://openalex.org/W4391418267
https://openalex.org/W4391513149
https://openalex.org/W4391514076
https://openalex.org/W4391518963
https://openalex.org/W4391611310
https://openalex.org/W4391642920
https://openalex.org/W4391655249
https://openalex.org/W4391740518
https://openalex.org/W4391745806
https://openalex.org/W4391754109
https://openalex.org/W4391896520
https://openalex.org/W4391909698
https://openalex.org/W4391928461
https://openalex.org/W4391991299
https://openalex.org/W4392014549
https://openalex.org/W4392102991
https://openalex.org/W4392197039
https://openalex.org/W4392208011
https://openalex.org/W4392294989
https://openalex.org/W4392371835
https://openalex.org/W4392561816
https://openalex.org/W4392666889
https://openalex.org/W4392702033
https://openalex.org/W4392785386
https://openalex.org/W4392906982
https://openalex.org/W4392927749
https://openalex.org/W4393091143
https://openalex.org/W4393100944
https://openalex.org/W4393157741
https://openalex.org/W4393196833
https://openalex.org/W4393215889
https://openalex.org/W4393930389
https://openalex.org/W4394015746
https://openalex.org/W4394060137
https://openalex.org/W4394599176
https://openalex.org/W4394765130
https://openalex.org/W4394785215
https://openalex.org/W4394834653
https://openalex.org/W4394893541
https://openalex.org/W4394910446
https://openalex.org/W4394982196
https://openalex.org/W4395479021
https://openalex.org/W4395695338
https://openalex.org/W4396559054
https://openalex.org/W4396563942
https://openalex.org/W2137275481
https://openalex.org/W2189212376
https://openalex.org/W2032366524
https://openalex.org/W2034461366
https://openalex.org/W2069989953
https://openalex.org/W1984454710
https://openalex.org/W2000963760
https://openalex.org/W2034627321
https://openalex.org/W2059677780
https://openalex.org/W2090298210
https://openalex.org/W2095422460
https://openalex.org/W2169583215
https://openalex.org/W2116426326
https://openalex.org/W1967741546
https://openalex.org/W1969816494
https://openalex.org/W2038990536
https://openalex.org/W2172087872
https://openalex.org/W2031498743
https://openalex.org/W2093115961
https://openalex.org/W2008439233
https://openalex.org/W2046509275
https://openalex.org/W2106214035
https://openalex.org/W1604197460
https://openalex.org/W2125680248
https://openalex.org/W2031631063
https://openalex.org/W1982477711
https://openalex.org/W2067871663
https://openalex.org/W2003218731
https://openalex.org/W2078467678
https://openalex.org/W1981079083
https://openalex.org/W2006120819
https://openalex.org/W2056056054
https://openalex.org/W2097617185
https://openalex.org/W2038056303
https://openalex.org/W2598290788
https://openalex.org/W2742240375
https://openalex.org/W1998197925
https://openalex.org/W2065731149
https://openalex.org/W2171333647
https://openalex.org/W2200650619
https://openalex.org/W2286473587
https://openalex.org/W2749735433
https://openalex.org/W2792641213
https://openalex.org/W2796774009
https://openalex.org/W2799993368
https://openalex.org/W2800849051
https://openalex.org/W2908507153
https://openalex.org/W2997287830
https://openalex.org/W2339153084
https://openalex.org/W2344250337
https://openalex.org/W2992373651
https://openalex.org/W2909352306
https://openalex.org/W2996189252
https://openalex.org/W3101579102
https://openalex.org/W2060928081
https://openalex.org/W2525668045
https://openalex.org/W1968251672
https://openalex.org/W3128571308
https://openalex.org/W3136616876
https://openalex.org/W3215546810
https://openalex.org/W4207013187
https://openalex.org/W4317885348
https://openalex.org/W4322493141
https://openalex.org/W4323348831
https://openalex.org/W4323841401
https://openalex.org/W4323926400
https://openalex.org/W4362625891
https://openalex.org/W4365443069
https://openalex.org/W4376865023
https://openalex.org/W4378191328
https://openalex.org/W4378233967
https://openalex.org/W4379522088
https://openalex.org/W4385437147
https://openalex.org/W4386573565
https://openalex.org/W4387965146
https://openalex.org/W1840007326
https://openalex.org/W1966528209
https://openalex.org/W2129758358
https://openalex.org/W2023577964
https://openalex.org/W1481404512
https://openalex.org/W2023670690
https://openalex.org/W2044023464
https://openalex.org/W2053682876
https://openalex.org/W2002086661
https://openalex.org/W2063201352
https://openalex.org/W1995283951
https://openalex.org/W2053332977
https://openalex.org/W2057426170
https://openalex.org/W2071357007
https://openalex.org/W2053735921
https://openalex.org/W2092040713
https://openalex.org/W1998025972
https://openalex.org/W2002698392
https://openalex.org/W2003808680
https://openalex.org/W2050469201
https://openalex.org/W2256175727
https://openalex.org/W2023655765
https://openalex.org/W2057250287
https://openalex.org/W2060786706
https://openalex.org/W2093017938
https://openalex.org/W1575582526
https://openalex.org/W2408507046
https://openalex.org/W1987837996
https://openalex.org/W2075471311
https://openalex.org/W97969978
https://openalex.org/W4233583121
https://openalex.org/W4323254393
https://openalex.org/W1576824188
https://openalex.org/W2040374751
https://openalex.org/W2151306747
https://openalex.org/W1980864912
https://openalex.org/W2145167989
https://openalex.org/W2050742859
https://openalex.org/W2061371865
https://openalex.org/W2560276340
https://openalex.org/W2754616472
https://openalex.org/W2535602148
https://openalex.org/W2594527488
https://openalex.org/W2624854824
https://openalex.org/W2741443873
https://openalex.org/W2765537790
https://openalex.org/W2902374063
https://openalex.org/W2411807570
https://openalex.org/W2954391056
https://openalex.org/W2972914310
https://openalex.org/W2987732974
https://openalex.org/W3021414393
https://openalex.org/W3035056255
https://openalex.org/W3041266055
https://openalex.org/W3042335085
https://openalex.org/W3096042986
https://openalex.org/W3008148734
https://openalex.org/W3011886176
https://openalex.org/W3020469273
https://openalex.org/W3173188535
https://openalex.org/W3216052796
https://openalex.org/W4200023169
https://openalex.org/W4213181067
https://openalex.org/W4213279547
https://openalex.org/W4224443972
https://openalex.org/W4226003957
https://openalex.org/W4226057568
https://openalex.org/W4281938663
https://openalex.org/W4286005700
https://openalex.org/W4287735701
https://openalex.org/W4303857069
https://openalex.org/W4308970416
https://openalex.org/W4310330102
https://openalex.org/W2083392802
https://openalex.org/W80878212
https://openalex.org/W2075901601
https://openalex.org/W1964356494
https://openalex.org/W2013721007
https://openalex.org/W2046456113
https://openalex.org/W1994081486
https://openalex.org/W2049589694
https://openalex.org/W4244579144
https://openalex.org/W2008999474
https://openalex.org/W2101584782
https://openalex.org/W2017994680
https://openalex.org/W2116215473
https://openalex.org/W2138029761
https://openalex.org/W2045349079
https://openalex.org/W2138564158
https://openalex.org/W1971417066
https://openalex.org/W2137003721
https://openalex.org/W2093094070
https://openalex.org/W1976429085
https://openalex.org/W1920440108
https://openalex.org/W2027431306
https://openalex.org/W1988909246
https://openalex.org/W2158858029
https://openalex.org/W1943540535
https://openalex.org/W2023999614
https://openalex.org/W1965196431
https://openalex.org/W2044144835
https://openalex.org/W2001477340
https://openalex.org/W2089360828
https://openalex.org/W2129129308
https://openalex.org/W170477115
https://openalex.org/W1978022581
https://openalex.org/W2042673316
https://openalex.org/W2119528816
https://openalex.org/W2584831459
https://openalex.org/W2761835151
https://openalex.org/W2809881830
https://openalex.org/W2886927588
https://openalex.org/W1555561448
https://openalex.org/W2087391006
https://openalex.org/W2519058811
https://openalex.org/W2555538493
https://openalex.org/W2902615933
https://openalex.org/W2938201511
https://openalex.org/W2511144288
https://openalex.org/W2913902953
https://openalex.org/W3035246976
https://openalex.org/W3039466095
https://openalex.org/W3175569356
https://openalex.org/W3178607989
https://openalex.org/W4283008842
https://openalex.org/W4293008339
https://openalex.org/W4293724184
https://openalex.org/W4307834056
https://openalex.org/W2064524555
https://openalex.org/W2409756333
https://openalex.org/W2414428309
https://openalex.org/W2079814879
https://openalex.org/W2131970200
https://openalex.org/W2090845843
https://openalex.org/W1972136427
https://openalex.org/W2008752745
https://openalex.org/W2046078651
https://openalex.org/W2102676621
https://openalex.org/W2154557709
https://openalex.org/W1567341762
https://openalex.org/W1995055009
https://openalex.org/W2006845111
https://openalex.org/W2011177613
https://openalex.org/W2036780615
https://openalex.org/W2062129835
https://openalex.org/W2085666084
https://openalex.org/W2001811541
https://openalex.org/W2022342659
https://openalex.org/W2101474141
https://openalex.org/W2122796439
https://openalex.org/W2140394731
https://openalex.org/W2181553928
https://openalex.org/W2565081925
https://openalex.org/W2591018282
https://openalex.org/W2774446295
https://openalex.org/W2225718754
https://openalex.org/W2737604197
https://openalex.org/W2885970887
https://openalex.org/W2891147195
https://openalex.org/W2468964546
https://openalex.org/W2533844735
https://openalex.org/W3046440118
https://openalex.org/W3000613042
https://openalex.org/W3048066282
https://openalex.org/W3080767985
https://openalex.org/W3108301836
https://openalex.org/W3117418961
https://openalex.org/W4255468358
https://openalex.org/W3096933743
https://openalex.org/W3113091178
https://openalex.org/W3124494901
https://openalex.org/W3126921147
https://openalex.org/W3199479947
https://openalex.org/W3201580084
https://openalex.org/W3210016035
https://openalex.org/W3216764874
https://openalex.org/W2161179045
https://openalex.org/W2026955137
https://openalex.org/W1971906787
https://openalex.org/W2035798865
https://openalex.org/W2035822419
https://openalex.org/W2186604548
https://openalex.org/W2413458617
https://openalex.org/W47100601
https://openalex.org/W2184896812
https://openalex.org/W2230479178
https://openalex.org/W2356107639
https://openalex.org/W2011475878
https://openalex.org/W88281778
https://openalex.org/W1591331034
https://openalex.org/W2021753372
https://openalex.org/W1510167923
https://openalex.org/W1979472729
https://openalex.org/W2005624155
https://openalex.org/W2030551041
https://openalex.org/W2041065772
https://openalex.org/W2066594256
https://openalex.org/W2067111085
https://openalex.org/W2178499166
https://openalex.org/W2187814259
https://openalex.org/W2914254406
https://openalex.org/W2921192618
https://openalex.org/W2948809850
https://openalex.org/W2962791440
https://openalex.org/W2007998863
https://openalex.org/W2060678530
https://openalex.org/W2064293339
https://openalex.org/W2174478466
https://openalex.org/W2521636139
https://openalex.org/W2920050890
https://openalex.org/W2972713880
https://openalex.org/W2979352482
https://openalex.org/W2019448475
https://openalex.org/W3008799402
https://openalex.org/W3023603122
https://openalex.org/W3035919351
https://openalex.org/W3042659884
https://openalex.org/W3095721381
https://openalex.org/W3114090439
https://openalex.org/W1938246833
https://openalex.org/W3099524903
https://openalex.org/W3105827827
https://openalex.org/W3120071581
https://openalex.org/W3147470721
https://openalex.org/W3164093059
https://openalex.org/W3188007095
https://openalex.org/W3197006685
https://openalex.org/W3207366163
https://openalex.org/W3213857647
https://openalex.org/W2917028520
https://openalex.org/W2003000151
https://openalex.org/W4221013556
https://openalex.org/W4224237596
https://openalex.org/W4284675891
https://openalex.org/W4307475911
https://openalex.org/W4308074793
https://openalex.org/W4316927749
https://openalex.org/W4317863159
https://openalex.org/W4319230714
https://openalex.org/W4321597908
https://openalex.org/W4322709803
https://openalex.org/W4324116377
https://openalex.org/W4328118458
https://openalex.org/W4362706379
https://openalex.org/W4367021401
https://openalex.org/W4376223665
https://openalex.org/W4377564056
https://openalex.org/W4380447234
https://openalex.org/W4383105868
https://openalex.org/W4383497874
https://openalex.org/W4385689625
https://openalex.org/W4385740427
https://openalex.org/W4385743272
https://openalex.org/W4385781517
https://openalex.org/W4385801394
https://openalex.org/W4385953862
https://openalex.org/W4386280207
https://openalex.org/W4386575305
https://openalex.org/W4386605036
https://openalex.org/W4386771419
https://openalex.org/W4386857378
https://openalex.org/W4387424296
https://openalex.org/W4387653405
https://openalex.org/W4387667897
https://openalex.org/W4387916189
https://openalex.org/W4387925035
https://openalex.org/W4388274211
https://openalex.org/W1977177124
https://openalex.org/W2007945536
https://openalex.org/W1984160387
https://openalex.org/W4250275494
https://openalex.org/W1492038191
https://openalex.org/W1715874
https://openalex.org/W2066572765
https://openalex.org/W2080817721
https://openalex.org/W2162194055
https://openalex.org/W1978291626
https://openalex.org/W2029627626
https://openalex.org/W2051952146
https://openalex.org/W2076658762
https://openalex.org/W2095113485
https://openalex.org/W2128578707
https://openalex.org/W2741232433
https://openalex.org/W1966100095
https://openalex.org/W1986851367
https://openalex.org/W1991898761
https://openalex.org/W2053953308
https://openalex.org/W2124691176
https://openalex.org/W2567640113
https://openalex.org/W2795117812
https://openalex.org/W2042786116
https://openalex.org/W2287806198
https://openalex.org/W2905237750
https://openalex.org/W2908522435
https://openalex.org/W2944769711
https://openalex.org/W2945947475
https://openalex.org/W2948428008
https://openalex.org/W2954891785
https://openalex.org/W2977915668
https://openalex.org/W2155634911
https://openalex.org/W1986139681
https://openalex.org/W2082690446
https://openalex.org/W2076060336
https://openalex.org/W2143136278
https://openalex.org/W2413293288
https://openalex.org/W2151426595
https://openalex.org/W66395769
https://openalex.org/W1993694684
https://openalex.org/W2074574020
https://openalex.org/W1498656600
https://openalex.org/W1987436552
https://openalex.org/W2094308833
https://openalex.org/W2094565747
https://openalex.org/W1977261978
https://openalex.org/W2098061096
https://openalex.org/W2099054301
https://openalex.org/W2005446819
https://openalex.org/W2425497619
https://openalex.org/W1976216753
https://openalex.org/W1989787913
https://openalex.org/W2293673268
https://openalex.org/W2015929733
https://openalex.org/W2790831676
https://openalex.org/W2805255795
https://openalex.org/W1792947220
https://openalex.org/W2004979130
https://openalex.org/W2099034534
https://openalex.org/W2240974893
https://openalex.org/W2401695792
https://openalex.org/W2418958653
https://openalex.org/W2477814425
https://openalex.org/W2496152130
https://openalex.org/W2563726270
https://openalex.org/W2757314243
https://openalex.org/W2890781421
https://openalex.org/W2976927809
https://openalex.org/W3004646331
https://openalex.org/W3023573652
https://openalex.org/W3033501400
https://openalex.org/W3084008888
https://openalex.org/W3092359839
https://openalex.org/W2361896981
https://openalex.org/W3016892838
https://openalex.org/W3131752322
https://openalex.org/W3133870231
https://openalex.org/W3156804984
https://openalex.org/W3161189739
https://openalex.org/W3171652107
https://openalex.org/W3173409116
https://openalex.org/W3195046244
https://openalex.org/W3213148970
https://openalex.org/W1967888936
https://openalex.org/W1990882992
https://openalex.org/W2007463830
https://openalex.org/W1999499973
https://openalex.org/W2009245221
https://openalex.org/W256551520
https://openalex.org/W2417149352
https://openalex.org/W1999258474
https://openalex.org/W2079553896
https://openalex.org/W2108829727
https://openalex.org/W2161684975
https://openalex.org/W1986308746
https://openalex.org/W2006311073
https://openalex.org/W2122524987
https://openalex.org/W2136496254
https://openalex.org/W2430200926
https://openalex.org/W2066941441
https://openalex.org/W2117005396
https://openalex.org/W1964063993
https://openalex.org/W2408590047
https://openalex.org/W4249754359
https://openalex.org/W1524524130
https://openalex.org/W1969077298
https://openalex.org/W2003118430
https://openalex.org/W211038114
https://openalex.org/W2265245679
https://openalex.org/W2017336819
https://openalex.org/W2090112677
https://openalex.org/W2791921168
https://openalex.org/W2797465776
https://openalex.org/W2953835997
https://openalex.org/W57761768
https://openalex.org/W15312852
https://openalex.org/W1893749812
https://openalex.org/W193778346
https://openalex.org/W1995394229
https://openalex.org/W2002642541
https://openalex.org/W2007417002
https://openalex.org/W2008927213
https://openalex.org/W2116710774
https://openalex.org/W2123146936
https://openalex.org/W2276105616
https://openalex.org/W2291469793
https://openalex.org/W2606210460
https://openalex.org/W2940985465
https://openalex.org/W3017017719
https://openalex.org/W3027148523
https://openalex.org/W3033026968
https://openalex.org/W3044623846
https://openalex.org/W3093538678
https://openalex.org/W3103937930
https://openalex.org/W3090105940
https://openalex.org/W3110060570
https://openalex.org/W3130049882
https://openalex.org/W3146925813
https://openalex.org/W3170815250
https://openalex.org/W3206681007
https://openalex.org/W3210431286
https://openalex.org/W4213370367
https://openalex.org/W4223454138
https://openalex.org/W4224230775
https://openalex.org/W4291019290
https://openalex.org/W4293553880
https://openalex.org/W4298004145
https://openalex.org/W4309309140
https://openalex.org/W4311034150
https://openalex.org/W4311077043
https://openalex.org/W1979473276
https://openalex.org/W2050553289
https://openalex.org/W2165888216
https://openalex.org/W2419571735
https://openalex.org/W2185599477
https://openalex.org/W1990507811
https://openalex.org/W2329522575
https://openalex.org/W1982935417
https://openalex.org/W2252343845
https://openalex.org/W2412058230
https://openalex.org/W4238096878
https://openalex.org/W2400390664
https://openalex.org/W2047526994
https://openalex.org/W2130775044
https://openalex.org/W4234634233
https://openalex.org/W1976332512
https://openalex.org/W2038947216
https://openalex.org/W2136735804
https://openalex.org/W2009747348
https://openalex.org/W2028623814
https://openalex.org/W2061516681
https://openalex.org/W2768193450
https://openalex.org/W2905973001
https://openalex.org/W1498501976
https://openalex.org/W1986156051
https://openalex.org/W1991781826
https://openalex.org/W2106685373
https://openalex.org/W2139047742
https://openalex.org/W2222051608
https://openalex.org/W2339809260
https://openalex.org/W2396712651
https://openalex.org/W2412044852
https://openalex.org/W2464330666
https://openalex.org/W2467065410
https://openalex.org/W2564501848
https://openalex.org/W2591017416
https://openalex.org/W2599979005
https://openalex.org/W2610005154
https://openalex.org/W2997036262
https://openalex.org/W3035109975
https://openalex.org/W3037503431
https://openalex.org/W3086232752
https://openalex.org/W3202709142
https://openalex.org/W63551440
https://openalex.org/W2525184948
https://openalex.org/W1607792352
https://openalex.org/W2056173603
https://openalex.org/W2096810749
https://openalex.org/W2171309706
https://openalex.org/W2465172498
https://openalex.org/W2032208885
https://openalex.org/W2341325478
https://openalex.org/W1980665056
https://openalex.org/W1999192001
https://openalex.org/W1422379381
https://openalex.org/W2024300828
https://openalex.org/W2029993079
https://openalex.org/W2076470277
https://openalex.org/W2136703943
https://openalex.org/W2077568056
https://openalex.org/W1635185438
https://openalex.org/W2036649844
https://openalex.org/W22989311
https://openalex.org/W2008055334
https://openalex.org/W2029879997
https://openalex.org/W2030051275
https://openalex.org/W2135248798
https://openalex.org/W2771725614
https://openalex.org/W2804071458
https://openalex.org/W2853074481
https://openalex.org/W2941809284
https://openalex.org/W2948318753
https://openalex.org/W307486622
https://openalex.org/W2023051899
https://openalex.org/W2032207974
https://openalex.org/W2474805898
https://openalex.org/W2507399974
https://openalex.org/W2545354202
https://openalex.org/W3112174553
https://openalex.org/W3125866438
https://openalex.org/W3127035398
https://openalex.org/W3127966765
https://openalex.org/W3131138570
https://openalex.org/W3161413380
https://openalex.org/W3175414104
https://openalex.org/W3183839453
https://openalex.org/W3205903699
https://openalex.org/W1980872230
https://openalex.org/W2100751029
https://openalex.org/W2007985198
https://openalex.org/W2239963534
https://openalex.org/W1997786750
https://openalex.org/W2018438754
https://openalex.org/W2065572576
https://openalex.org/W2406769195
https://openalex.org/W1871076451
https://openalex.org/W1978829748
https://openalex.org/W2087861502
https://openalex.org/W2043647137
https://openalex.org/W2411640082
https://openalex.org/W1979546644
https://openalex.org/W2084436097
https://openalex.org/W63879343
https://openalex.org/W1980568434
https://openalex.org/W1988060531
https://openalex.org/W2123153774
https://openalex.org/W2171920210
https://openalex.org/W1007621835
https://openalex.org/W106725683
https://openalex.org/W1975409952
https://openalex.org/W2046249171
https://openalex.org/W2046908600
https://openalex.org/W2059911857
https://openalex.org/W2083771748
https://openalex.org/W2112566971
https://openalex.org/W2113466000
https://openalex.org/W2166191507
https://openalex.org/W2169474321
https://openalex.org/W2183919484
https://openalex.org/W2189587306
https://openalex.org/W2233328409
https://openalex.org/W2246273326
https://openalex.org/W2410366478
https://openalex.org/W2562915716
https://openalex.org/W2588264694
https://openalex.org/W2588757008
https://openalex.org/W2731854644
https://openalex.org/W2794901612
https://openalex.org/W2796165492
https://openalex.org/W2808146763
https://openalex.org/W2913169251
https://openalex.org/W2972353158
https://openalex.org/W2989991237
https://openalex.org/W2990141018
https://openalex.org/W2991514506
https://openalex.org/W2994903628
https://openalex.org/W2995306160
https://openalex.org/W2996913122
https://openalex.org/W2998436767
https://openalex.org/W3009224879
https://openalex.org/W3044970056
https://openalex.org/W3091017548
https://openalex.org/W3094344606
https://openalex.org/W3100753987
https://openalex.org/W1639820608
https://openalex.org/W3137255501
https://openalex.org/W4205520086
https://openalex.org/W4206697543
https://openalex.org/W4207084052
https://openalex.org/W4214565770
https://openalex.org/W4220912600
https://openalex.org/W4223620708
https://openalex.org/W4225863767
https://openalex.org/W4226245917
https://openalex.org/W4229051569
https://openalex.org/W4280554565
https://openalex.org/W4282014568
https://openalex.org/W4282821683
https://openalex.org/W4284991343
https://openalex.org/W4286560018
https://openalex.org/W4288778372
https://openalex.org/W4292182608
https://openalex.org/W4293348901
https://openalex.org/W4294798306
https://openalex.org/W4306653204
https://openalex.org/W4310076699
https://openalex.org/W2052538674
https://openalex.org/W2087255311
https://openalex.org/W2073753425
https://openalex.org/W2092952206
https://openalex.org/W2137023900
https://openalex.org/W2159192748
https://openalex.org/W302581807
https://openalex.org/W169214001
https://openalex.org/W2019581263
https://openalex.org/W2087574464
https://openalex.org/W2133386652
https://openalex.org/W1970014986
https://openalex.org/W1992930423
https://openalex.org/W2036884135
https://openalex.org/W2142230908
https://openalex.org/W168629157
https://openalex.org/W2016166426
https://openalex.org/W2122654187
https://openalex.org/W2171520191
https://openalex.org/W2366609656
https://openalex.org/W2394677212
https://openalex.org/W4200413169
https://openalex.org/W4251616630
https://openalex.org/W2039792484
https://openalex.org/W4231217206
https://openalex.org/W1989249740
https://openalex.org/W2004818881
https://openalex.org/W2151837569
https://openalex.org/W2062674369
https://openalex.org/W2156972348
https://openalex.org/W2247562435
https://openalex.org/W2416684701
https://openalex.org/W1991132851
https://openalex.org/W2008398391
https://openalex.org/W1973057019
https://openalex.org/W2030201118
https://openalex.org/W2123667539
https://openalex.org/W2167339143
https://openalex.org/W2592911201
https://openalex.org/W2612212011
https://openalex.org/W2612590767
https://openalex.org/W2751898314
https://openalex.org/W2846150908
https://openalex.org/W2889681007
https://openalex.org/W2936612348
https://openalex.org/W2944970762
https://openalex.org/W2971777716
https://openalex.org/W2995478946
https://openalex.org/W3010520798
https://openalex.org/W3011419086
https://openalex.org/W3013428522
https://openalex.org/W3017506920
https://openalex.org/W3018620788
https://openalex.org/W3026957747
https://openalex.org/W3037191072
https://openalex.org/W3047805768
https://openalex.org/W3087532055
https://openalex.org/W3095724279
https://openalex.org/W3097735399
https://openalex.org/W3107102779
https://openalex.org/W3136992243
https://openalex.org/W3147209269
https://openalex.org/W3159318320
https://openalex.org/W3165532048
https://openalex.org/W3169254140
https://openalex.org/W3179598394
https://openalex.org/W3189694191
https://openalex.org/W3198130165
https://openalex.org/W3210429913
https://openalex.org/W4232791788
https://openalex.org/W4288079485
https://openalex.org/W2060005913
https://openalex.org/W2238081047
https://openalex.org/W2488529323
https://openalex.org/W2502364666
https://openalex.org/W2521504796
https://openalex.org/W2529794226
https://openalex.org/W2549445176
https://openalex.org/W4361946878
https://openalex.org/W4361956006
https://openalex.org/W4380577444
https://openalex.org/W1619927660
https://openalex.org/W1976712750
https://openalex.org/W2001072591
https://openalex.org/W2032910761
https://openalex.org/W2086935165
https://openalex.org/W2089594224
https://openalex.org/W2123534253
https://openalex.org/W41366908
https://openalex.org/W1452819228
https://openalex.org/W2059494649
https://openalex.org/W2084451318
https://openalex.org/W2144424203
https://openalex.org/W2409260651
https://openalex.org/W2036699913
https://openalex.org/W2411743501
https://openalex.org/W2065679339
https://openalex.org/W45341032
https://openalex.org/W2182015631
https://openalex.org/W1216421593
https://openalex.org/W1483623603
https://openalex.org/W1564152089
https://openalex.org/W1951694
https://openalex.org/W1970309586
https://openalex.org/W1983083550
https://openalex.org/W1985360298
https://openalex.org/W2008177099
https://openalex.org/W2029486954
https://openalex.org/W2064036419
https://openalex.org/W2108682832
https://openalex.org/W2137130383
https://openalex.org/W2138032305
https://openalex.org/W2151729175
https://openalex.org/W2277833142
https://openalex.org/W2278038734
https://openalex.org/W2407042899
https://openalex.org/W2410763537
https://openalex.org/W2500881862
https://openalex.org/W272574927
https://openalex.org/W2908775723
https://openalex.org/W1981515120
https://openalex.org/W1985682574
https://openalex.org/W2040935711
https://openalex.org/W4247874610
https://openalex.org/W4253594009
https://openalex.org/W2331512670
https://openalex.org/W2797826342
https://openalex.org/W3025985013
https://openalex.org/W4309478584
https://openalex.org/W4318763298
https://openalex.org/W4319214626
https://openalex.org/W4319333670
https://openalex.org/W4321617516
https://openalex.org/W4323317302
https://openalex.org/W4324352696
https://openalex.org/W4361249318
https://openalex.org/W4361249983
https://openalex.org/W4361250030
https://openalex.org/W4361250358
https://openalex.org/W4361276608
https://openalex.org/W4361887160
https://openalex.org/W4361888265
https://openalex.org/W4361888288
https://openalex.org/W4361888327
https://openalex.org/W4361888428
https://openalex.org/W4361933467
https://openalex.org/W4361933487
https://openalex.org/W4361933675
https://openalex.org/W4361933921
https://openalex.org/W4361936226
https://openalex.org/W4361936245
https://openalex.org/W4361946438
https://openalex.org/W4361954293
https://openalex.org/W4361962323
https://openalex.org/W4361967544
https://openalex.org/W4362157629
https://openalex.org/W4362164182
https://openalex.org/W4362164184
https://openalex.org/W4362474710
https://openalex.org/W4362514738
https://openalex.org/W4362545396
https://openalex.org/W4362570155
https://openalex.org/W4362616268
https://openalex.org/W4362616278
https://openalex.org/W4362616282
https://openalex.org/W4362616288
https://openalex.org/W4362616301
https://openalex.org/W4362616434
https://openalex.org/W4362617431
https://openalex.org/W4362626433
https://openalex.org/W4362626591
https://openalex.org/W4362626598
https://openalex.org/W4362626692
https://openalex.org/W4362626702
https://openalex.org/W4362626721
https://openalex.org/W4362628584
https://openalex.org/W4364383141
https://openalex.org/W4366198559
https://openalex.org/W4366203585
https://openalex.org/W4377862281
https://openalex.org/W4378375197
https://openalex.org/W4378575101
https://openalex.org/W4378717971
https://openalex.org/W4379281631
https://openalex.org/W4379281736
https://openalex.org/W4379364295
https://openalex.org/W4379384849
https://openalex.org/W4380080979
https://openalex.org/W4380085060
https://openalex.org/W4380606360
https://openalex.org/W4380742689
https://openalex.org/W4381376869
https://openalex.org/W4381491308
https://openalex.org/W4382134216
https://openalex.org/W4382200580
https://openalex.org/W4382200714
https://openalex.org/W4382200813
https://openalex.org/W4382881369
https://openalex.org/W4383316570
https://openalex.org/W4383533332
https://openalex.org/W4384434103
https://openalex.org/W4384701004
https://openalex.org/W4384818983
https://openalex.org/W4385069284
https://openalex.org/W4385147671
https://openalex.org/W4385201006
https://openalex.org/W4385231211
https://openalex.org/W4385272389
https://openalex.org/W4385272424
https://openalex.org/W4385302394
https://openalex.org/W4385349539
https://openalex.org/W4385399930
https://openalex.org/W4385681801
https://openalex.org/W4385743402
https://openalex.org/W4385890031
https://openalex.org/W4385903416
https://openalex.org/W4385969509
https://openalex.org/W4386133427
https://openalex.org/W4386182358
https://openalex.org/W4386257936
https://openalex.org/W4386348928
https://openalex.org/W4386425701
https://openalex.org/W4386520663
https://openalex.org/W4386537373
https://openalex.org/W4386604919
https://openalex.org/W4386741238
https://openalex.org/W4386768775
https://openalex.org/W4386817936
https://openalex.org/W4386821299
https://openalex.org/W4386885247
https://openalex.org/W4386973161
https://openalex.org/W4387393865
https://openalex.org/W4387440174
https://openalex.org/W4387441051
https://openalex.org/W4387480414
https://openalex.org/W4387516745
https://openalex.org/W4387609586
https://openalex.org/W4387692011
https://openalex.org/W4387808090
https://openalex.org/W4387973699
https://openalex.org/W4388046448
https://openalex.org/W4388135501
https://openalex.org/W4388363803
https://openalex.org/W4388365671
https://openalex.org/W4388455912
https://openalex.org/W4388521174
https://openalex.org/W4388657984
https://openalex.org/W4388806573
https://openalex.org/W4389051854
https://openalex.org/W4389077666
https://openalex.org/W4389096361
https://openalex.org/W4389259545
https://openalex.org/W4389297961
https://openalex.org/W4389315048
https://openalex.org/W4389371468
https://openalex.org/W4389879319
https://openalex.org/W4390175969
https://openalex.org/W4390238373
https://openalex.org/W4391106260
https://openalex.org/W4391266210
https://openalex.org/W4391349380
https://openalex.org/W4391665168
https://openalex.org/W4392691362
https://openalex.org/W4392721738
https://openalex.org/W4392722869
https://openalex.org/W4392910755
https://openalex.org/W4393638121
https://openalex.org/W4393753908
https://openalex.org/W4394222440
https://openalex.org/W4394276449
https://openalex.org/W4394314976
https://openalex.org/W4394565035
https://openalex.org/W4394586611
https://openalex.org/W4394842017
https://openalex.org/W4395448230
https://openalex.org/W2079088654
https://openalex.org/W2152874393
https://openalex.org/W4241823202
https://openalex.org/W1967689569
https://openalex.org/W1979444367
https://openalex.org/W2004695484
https://openalex.org/W2044043733
https://openalex.org/W2049935639
https://openalex.org/W2051032935
https://openalex.org/W2075924413
https://openalex.org/W2077721270
https://openalex.org/W2367145775
https://openalex.org/W2400678491
https://openalex.org/W2413178246
https://openalex.org/W2423280189
https://openalex.org/W2262438877
https://openalex.org/W2351868412
https://openalex.org/W2359720762
https://openalex.org/W2735594738
https://openalex.org/W2765841023
https://openalex.org/W2766937242
https://openalex.org/W2779553864
https://openalex.org/W2999821582
https://openalex.org/W3000750979
https://openalex.org/W2018797652
https://openalex.org/W2041192377
https://openalex.org/W4249092772
https://openalex.org/W2471647162
https://openalex.org/W2017286170
https://openalex.org/W2109733732
https://openalex.org/W2440828195
https://openalex.org/W1573298840
https://openalex.org/W2020452225
https://openalex.org/W3207237887
https://openalex.org/W90996787
https://openalex.org/W1983750102
https://openalex.org/W2005810226
https://openalex.org/W2014163700
https://openalex.org/W2110689064
https://openalex.org/W2413614447
https://openalex.org/W2810342410
https://openalex.org/W2877213556
https://openalex.org/W2965521862
https://openalex.org/W2972783638
https://openalex.org/W2979703920
https://openalex.org/W2980444071
https://openalex.org/W2999752505
https://openalex.org/W3004997794
https://openalex.org/W3013144822
https://openalex.org/W3022516585
https://openalex.org/W3025305585
https://openalex.org/W3029464911
https://openalex.org/W3036125960
https://openalex.org/W3037342569
https://openalex.org/W3038267832
https://openalex.org/W3069517894
https://openalex.org/W3087011934
https://openalex.org/W3088037111
https://openalex.org/W3112089985
https://openalex.org/W3114441670
https://openalex.org/W3126334414
https://openalex.org/W3135140841
https://openalex.org/W3135220835
https://openalex.org/W3141920729
https://openalex.org/W3155143039
https://openalex.org/W3157100285
https://openalex.org/W3158360489
https://openalex.org/W3160159312
https://openalex.org/W3169431117
https://openalex.org/W3188323170
https://openalex.org/W3198473640
https://openalex.org/W3205191146
https://openalex.org/W4242152575
https://openalex.org/W2059508935
https://openalex.org/W2274804011
https://openalex.org/W2408408329
https://openalex.org/W2417872753
https://openalex.org/W2505846326
https://openalex.org/W2552221117
https://openalex.org/W2556203057
https://openalex.org/W2560083089
https://openalex.org/W2961476735
https://openalex.org/W4212943995
https://openalex.org/W4213246411
https://openalex.org/W4214918197
https://openalex.org/W4220820978
https://openalex.org/W4221088029
https://openalex.org/W4225515462
https://openalex.org/W4280570885
https://openalex.org/W4285232560
https://openalex.org/W4289133350
https://openalex.org/W4293577254
https://openalex.org/W4303615811
https://openalex.org/W4311549977
https://openalex.org/W4312081973
https://openalex.org/W4384642527
https://openalex.org/W2158950094
https://openalex.org/W1480161920
https://openalex.org/W186115857
https://openalex.org/W2004901144
https://openalex.org/W2046290721
https://openalex.org/W2061682792
https://openalex.org/W2152557756
https://openalex.org/W2322651934
https://openalex.org/W1990371269
https://openalex.org/W2053402454
https://openalex.org/W2562388310
https://openalex.org/W2468961192
https://openalex.org/W2000699283
https://openalex.org/W2047988036
https://openalex.org/W2356482976
https://openalex.org/W2589796949
https://openalex.org/W1023665733
https://openalex.org/W1193837620
https://openalex.org/W1480764232
https://openalex.org/W1527949749
https://openalex.org/W1665544426
https://openalex.org/W1761293358
https://openalex.org/W2004819066
https://openalex.org/W2022143392
https://openalex.org/W2072670822
https://openalex.org/W2140294255
https://openalex.org/W2148900066
https://openalex.org/W2168075416
https://openalex.org/W2262034348
https://openalex.org/W2317538709
https://openalex.org/W2321403974
https://openalex.org/W2326687505
https://openalex.org/W2328863446
https://openalex.org/W2356659734
https://openalex.org/W2380720535
https://openalex.org/W2434794821
https://openalex.org/W2470933183
https://openalex.org/W2494936849
https://openalex.org/W2586339790
https://openalex.org/W2587993410
https://openalex.org/W3165960759
https://openalex.org/W329233949
https://openalex.org/W341860580
https://openalex.org/W342159096
https://openalex.org/W4213082504
https://openalex.org/W4294067195
https://openalex.org/W1495264118
https://openalex.org/W2021146692
https://openalex.org/W2041647036
https://openalex.org/W2140213582
https://openalex.org/W2156098356
https://openalex.org/W2386815910
https://openalex.org/W2409936923
https://openalex.org/W1882674241
https://openalex.org/W2021079437
https://openalex.org/W2052526194
https://openalex.org/W2061927772
https://openalex.org/W2094538748
https://openalex.org/W2158355815
https://openalex.org/W2278878023
https://openalex.org/W2399885800
https://openalex.org/W2788736323
https://openalex.org/W2798656831
https://openalex.org/W1597360603
https://openalex.org/W1971834626
https://openalex.org/W2022665163
https://openalex.org/W2037013702
https://openalex.org/W204611708
https://openalex.org/W2061209665
https://openalex.org/W2070260129
https://openalex.org/W2117941110
https://openalex.org/W2128759591
https://openalex.org/W2314894099
https://openalex.org/W2395018741
https://openalex.org/W2395943157
https://openalex.org/W2410885416
https://openalex.org/W2444671528
https://openalex.org/W2553503964
https://openalex.org/W2593773111
https://openalex.org/W2596082853
https://openalex.org/W2742724748
https://openalex.org/W2754718944
https://openalex.org/W2756751291
https://openalex.org/W2763528055
https://openalex.org/W2765450158
https://openalex.org/W2786522470
https://openalex.org/W2794443114
https://openalex.org/W2889946429
https://openalex.org/W2981708266
https://openalex.org/W2991129867
https://openalex.org/W3206953641
https://openalex.org/W4244539852
https://openalex.org/W4250665796
https://openalex.org/W4254166086
https://openalex.org/W4302380690
https://openalex.org/W830785910
https://openalex.org/W1778014846
https://openalex.org/W1849578399
https://openalex.org/W1971386530
https://openalex.org/W1977970588
https://openalex.org/W1989913662
https://openalex.org/W1991137605
https://openalex.org/W2009102066
https://openalex.org/W2091283172
https://openalex.org/W2328009615
https://openalex.org/W2396760077
https://openalex.org/W2413042641
https://openalex.org/W2517554713
https://openalex.org/W280550032
https://openalex.org/W1976977779
https://openalex.org/W2343443590
https://openalex.org/W2461385134
https://openalex.org/W4236883083
https://openalex.org/W2206075524
https://openalex.org/W1973888944
https://openalex.org/W1990852169
https://openalex.org/W2061775904
https://openalex.org/W2145861870
https://openalex.org/W2408467227
https://openalex.org/W2410598384
https://openalex.org/W2527945586
https://openalex.org/W2584039926
https://openalex.org/W2796237686
https://openalex.org/W2811254333
https://openalex.org/W2891044288
https://openalex.org/W2900467359
https://openalex.org/W2910019960
https://openalex.org/W2990183201
https://openalex.org/W3021986278
https://openalex.org/W4230344749
https://openalex.org/W4250284782
https://openalex.org/W1966111666
https://openalex.org/W2061173682
https://openalex.org/W2563460019
https://openalex.org/W1989437564
https://openalex.org/W2000806408
https://openalex.org/W2248882625
https://openalex.org/W2259624192
https://openalex.org/W2405946572
https://openalex.org/W2415800239
https://openalex.org/W2430571968
https://openalex.org/W2523044152
https://openalex.org/W2947031979
https://openalex.org/W2968176821
https://openalex.org/W2968936932
https://openalex.org/W2969292347
https://openalex.org/W2984676473
https://openalex.org/W2990314185
https://openalex.org/W2999101148
https://openalex.org/W3002760640
https://openalex.org/W3005876359
https://openalex.org/W3015340658
https://openalex.org/W3021660453
https://openalex.org/W3027097399
https://openalex.org/W3032843002
https://openalex.org/W3035177809
https://openalex.org/W3038786200
https://openalex.org/W3040766232
https://openalex.org/W3044319989
https://openalex.org/W3048573073
https://openalex.org/W3083618184
https://openalex.org/W3087921178
https://openalex.org/W3089436230
https://openalex.org/W3094515409
https://openalex.org/W3100039131
https://openalex.org/W3110603356
https://openalex.org/W3117876913
https://openalex.org/W3158133113
https://openalex.org/W3169849313
https://openalex.org/W4310741813
https://openalex.org/W1964979940
https://openalex.org/W2055842605
https://openalex.org/W2077975826
https://openalex.org/W2088875116
https://openalex.org/W2419944125
https://openalex.org/W2440729549
https://openalex.org/W286363213
https://openalex.org/W4237431459
https://openalex.org/W187171552
https://openalex.org/W1982574107
https://openalex.org/W1987870601
https://openalex.org/W2032161754
https://openalex.org/W2098955367
https://openalex.org/W2353380166
https://openalex.org/W2365570843
https://openalex.org/W2386583170
https://openalex.org/W2412575515
https://openalex.org/W315500128
https://openalex.org/W4254055514
https://openalex.org/W83742428
https://openalex.org/W2083467297
https://openalex.org/W2102498859
https://openalex.org/W2120316574
https://openalex.org/W2236490285
https://openalex.org/W2391026169
https://openalex.org/W2424351695
https://openalex.org/W3158736332
https://openalex.org/W3160614563
https://openalex.org/W3160814585
https://openalex.org/W3169470756
https://openalex.org/W3172183594
https://openalex.org/W3175447450
https://openalex.org/W3188843163
https://openalex.org/W3193460179
https://openalex.org/W3197794391
https://openalex.org/W3200267021
https://openalex.org/W3200376460
https://openalex.org/W3207057605
https://openalex.org/W4200451284
https://openalex.org/W4205699502
https://openalex.org/W4213359620
https://openalex.org/W4226126629
https://openalex.org/W4243331815
https://openalex.org/W2054172132
https://openalex.org/W2386607966
https://openalex.org/W2387196507
https://openalex.org/W2472003220
https://openalex.org/W2796220408
https://openalex.org/W3032068418
https://openalex.org/W2015186778
https://openalex.org/W2132757753
https://openalex.org/W2150279990
https://openalex.org/W2315887521
https://openalex.org/W2470868423
https://openalex.org/W1984919886
https://openalex.org/W1516884926
https://openalex.org/W2061959199
https://openalex.org/W2075221447
https://openalex.org/W2417509919
https://openalex.org/W2429532900
https://openalex.org/W43270442
https://openalex.org/W81409688
https://openalex.org/W1975086245
https://openalex.org/W2019108238
https://openalex.org/W2037795479
https://openalex.org/W2062130304
https://openalex.org/W2073992385
https://openalex.org/W2093528569
https://openalex.org/W2353515814
https://openalex.org/W2468126380
https://openalex.org/W2760172178
https://openalex.org/W3158345019
https://openalex.org/W421298590
https://openalex.org/W4250605811
https://openalex.org/W4361762365
https://openalex.org/W2005018691
https://openalex.org/W2043756263
https://openalex.org/W2059572661
https://openalex.org/W2311792308
https://openalex.org/W2328946532
https://openalex.org/W2363378207
https://openalex.org/W2394979478
https://openalex.org/W2412104379
https://openalex.org/W2962239552
https://openalex.org/W2410699495
https://openalex.org/W1060040831
https://openalex.org/W1137911195
https://openalex.org/W1575407161
https://openalex.org/W1605365506
https://openalex.org/W1618521079
https://openalex.org/W1931064302
https://openalex.org/W2014599627
https://openalex.org/W2022126701
https://openalex.org/W2033785990
https://openalex.org/W2041791813
https://openalex.org/W2044441488
https://openalex.org/W2054960773
https://openalex.org/W2055420541
https://openalex.org/W2060970417
https://openalex.org/W2070602169
https://openalex.org/W2086487086
https://openalex.org/W2088353308
https://openalex.org/W2089282998
https://openalex.org/W2091718700
https://openalex.org/W2150261335
https://openalex.org/W2182583323
https://openalex.org/W2186480670
https://openalex.org/W2216589585
https://openalex.org/W2219091046
https://openalex.org/W2230550155
https://openalex.org/W2253135989
https://openalex.org/W2262598600
https://openalex.org/W2289528595
https://openalex.org/W2289832580
https://openalex.org/W2296245581
https://openalex.org/W2297401056
https://openalex.org/W2304096748
https://openalex.org/W2317035613
https://openalex.org/W2327458261
https://openalex.org/W2328023796
https://openalex.org/W2328367421
https://openalex.org/W2339263806
https://openalex.org/W2340748468
https://openalex.org/W2351981756
https://openalex.org/W2352060212
https://openalex.org/W2359112980
https://openalex.org/W2364958604
https://openalex.org/W2369445055
https://openalex.org/W2374152701
https://openalex.org/W2379391371
https://openalex.org/W2381892634
https://openalex.org/W2385060385
https://openalex.org/W2416960471
https://openalex.org/W2421120652
https://openalex.org/W2421832634
https://openalex.org/W2433524952
https://openalex.org/W2479374634
https://openalex.org/W2494699694
https://openalex.org/W2501448365
https://openalex.org/W2506856687
https://openalex.org/W2508882266
https://openalex.org/W2519135604
https://openalex.org/W2520282606
https://openalex.org/W2522128743
https://openalex.org/W2528582802
https://openalex.org/W2530358376
https://openalex.org/W2530765422
https://openalex.org/W2532285078
https://openalex.org/W2537083475
https://openalex.org/W2551837594
https://openalex.org/W2554964511
https://openalex.org/W2555105769
https://openalex.org/W2557099507
https://openalex.org/W2570420917
https://openalex.org/W2574261368
https://openalex.org/W2587570782
https://openalex.org/W2593880887
https://openalex.org/W2596859763
https://openalex.org/W2610791989
https://openalex.org/W2611641344
https://openalex.org/W2612335016
https://openalex.org/W2614442704
https://openalex.org/W2626383303
https://openalex.org/W2730848144
https://openalex.org/W2740867153
https://openalex.org/W2741643123
https://openalex.org/W2744714504
https://openalex.org/W2745510754
https://openalex.org/W2748817248
https://openalex.org/W2753475251
https://openalex.org/W2777590698
https://openalex.org/W2795822480
https://openalex.org/W2905372646
https://openalex.org/W293632587
https://openalex.org/W2954512623
https://openalex.org/W2975101953
https://openalex.org/W3009806840
https://openalex.org/W3029051882
https://openalex.org/W3029134523
https://openalex.org/W3029520804
https://openalex.org/W3030749960
https://openalex.org/W3031609075
https://openalex.org/W3031794319
https://openalex.org/W3032297742
https://openalex.org/W3047422627
https://openalex.org/W3088721710
https://openalex.org/W3120598019
https://openalex.org/W3197101171
https://openalex.org/W3216764549
https://openalex.org/W4212893890
https://openalex.org/W4236974396
https://openalex.org/W4242088328
https://openalex.org/W4243037828
https://openalex.org/W4244541805
https://openalex.org/W4244660893
https://openalex.org/W4244999876
https://openalex.org/W4248927846
https://openalex.org/W4302504285
https://openalex.org/W4385394125
https://openalex.org/W4389026519
https://openalex.org/W4394212376
https://openalex.org/W4394480186
https://openalex.org/W1973764845
https://openalex.org/W1976216653
https://openalex.org/W1986232143
https://openalex.org/W2034724328
https://openalex.org/W2044092211
https://openalex.org/W2044723719
https://openalex.org/W2074961402
https://openalex.org/W2118252803
https://openalex.org/W2270811502
https://openalex.org/W2314488884
https://openalex.org/W2406479538
https://openalex.org/W2409894568
https://openalex.org/W2411429037
https://openalex.org/W2413237168
https://openalex.org/W2416985469
https://openalex.org/W2470262569
https://openalex.org/W2900791071
https://openalex.org/W2199081584
https://openalex.org/W2381547790
https://openalex.org/W1158997223
https://openalex.org/W1547465824
https://openalex.org/W169445724
https://openalex.org/W1965909167
https://openalex.org/W1974723966
https://openalex.org/W1995520059
https://openalex.org/W2018764055
https://openalex.org/W2019821349
https://openalex.org/W2025283401
https://openalex.org/W2038849542
https://openalex.org/W2063702968
https://openalex.org/W2069390314
https://openalex.org/W2070810374
https://openalex.org/W2075747515
https://openalex.org/W2077248546
https://openalex.org/W2077817031
https://openalex.org/W2082222948
https://openalex.org/W2084549860
https://openalex.org/W2086618053
https://openalex.org/W2103298343
https://openalex.org/W2119063618
https://openalex.org/W2127917087
https://openalex.org/W2145413833
https://openalex.org/W2163063736
https://openalex.org/W2252285924
https://openalex.org/W2261612780
https://openalex.org/W2270397778
https://openalex.org/W2322274313
https://openalex.org/W2325630479
https://openalex.org/W2327732954
https://openalex.org/W2328133231
https://openalex.org/W2328810052
https://openalex.org/W2334200292
https://openalex.org/W2349963340
https://openalex.org/W2350264889
https://openalex.org/W2350668385
https://openalex.org/W2350767337
https://openalex.org/W2355772876
https://openalex.org/W2357630721
https://openalex.org/W2358033531
https://openalex.org/W2358445704
https://openalex.org/W2359674472
https://openalex.org/W2365664546
https://openalex.org/W2366564448
https://openalex.org/W2367700402
https://openalex.org/W2368717205
https://openalex.org/W2373289500
https://openalex.org/W2382267287
https://openalex.org/W2400626809
https://openalex.org/W2402685201
https://openalex.org/W2419505224
https://openalex.org/W2466816808
https://openalex.org/W2489950853
https://openalex.org/W2563487227
https://openalex.org/W2588627530
https://openalex.org/W2588825138
https://openalex.org/W2591529377
https://openalex.org/W2602601711
https://openalex.org/W2608352552
https://openalex.org/W2626366439
https://openalex.org/W2747727722
https://openalex.org/W2753472642
https://openalex.org/W2755644629
https://openalex.org/W282171022
https://openalex.org/W2895946999
https://openalex.org/W2905514503
https://openalex.org/W2979111226
https://openalex.org/W3009937876
https://openalex.org/W3031194273
https://openalex.org/W3031816115
https://openalex.org/W3032707084
https://openalex.org/W3032715568
https://openalex.org/W3032732099
https://openalex.org/W3182259853
https://openalex.org/W3195678067
https://openalex.org/W372110769
https://openalex.org/W4230746627
https://openalex.org/W4237854004
https://openalex.org/W4247646637
https://openalex.org/W4250415101
https://openalex.org/W4250573295
https://openalex.org/W4256247289
https://openalex.org/W4298058675
https://openalex.org/W4300607931
https://openalex.org/W4394188822
https://openalex.org/W635936283
https://openalex.org/W1671597266
https://openalex.org/W1582040732
https://openalex.org/W1993955877
https://openalex.org/W2331522123
https://openalex.org/W2347885298
https://openalex.org/W2354168572
https://openalex.org/W2382992552
https://openalex.org/W2399299053
https://openalex.org/W2400608275
https://openalex.org/W2405794153
https://openalex.org/W2415055726
https://openalex.org/W2579273694
https://openalex.org/W39721211
https://openalex.org/W1597421050
https://openalex.org/W1943541939
https://openalex.org/W2013437186
https://openalex.org/W2015384099
https://openalex.org/W2017624578
https://openalex.org/W2043397581
https://openalex.org/W2059877253
https://openalex.org/W2067741272
https://openalex.org/W2093857892
https://openalex.org/W2163715712
https://openalex.org/W2216746363
https://openalex.org/W2276464797
https://openalex.org/W2280061250
https://openalex.org/W2310117238
https://openalex.org/W2315757066
https://openalex.org/W2350300862
https://openalex.org/W2358324436
https://openalex.org/W2362843685
https://openalex.org/W2371836869
https://openalex.org/W2378979856
https://openalex.org/W2395233024
https://openalex.org/W2406088551
https://openalex.org/W2410630843
https://openalex.org/W2413895031
https://openalex.org/W2414728082
https://openalex.org/W2417017674
https://openalex.org/W2417179786
https://openalex.org/W2436845133
https://openalex.org/W2464314596
https://openalex.org/W2555525563
https://openalex.org/W2593001249
https://openalex.org/W2595331939
https://openalex.org/W2597922867
https://openalex.org/W2599752446
https://openalex.org/W2605753476
https://openalex.org/W2612259173
https://openalex.org/W2622813228
https://openalex.org/W2670028143
https://openalex.org/W2685979611
https://openalex.org/W2725051273
https://openalex.org/W2727042476
https://openalex.org/W2739481304
https://openalex.org/W2745932756
https://openalex.org/W2749649237
https://openalex.org/W2750424534
https://openalex.org/W2753723082
https://openalex.org/W2755817151
https://openalex.org/W2784528202
https://openalex.org/W2791809038
https://openalex.org/W2802649936
https://openalex.org/W2969792776
https://openalex.org/W3024844813
https://openalex.org/W3031632042
https://openalex.org/W3044246154
https://openalex.org/W3087163163
https://openalex.org/W3142268911
https://openalex.org/W3199264188
https://openalex.org/W4212853463
https://openalex.org/W4237624387
https://openalex.org/W4239494544
https://openalex.org/W4289776377
https://openalex.org/W4302615223
https://openalex.org/W4310638045
https://openalex.org/W4312617718
https://openalex.org/W4389499350
https://openalex.org/W4394256047
https://openalex.org/W818003041
https://openalex.org/W2034770053
https://openalex.org/W2395821455
https://openalex.org/W2405331918
https://openalex.org/W2618581460
https://openalex.org/W2993262181
https://openalex.org/W4230935573
https://openalex.org/W117193803
https://openalex.org/W127732076
https://openalex.org/W1554876625
https://openalex.org/W1978224379
https://openalex.org/W1982614278
https://openalex.org/W2019282103
https://openalex.org/W2024376742
https://openalex.org/W2028992136
https://openalex.org/W2042615226
https://openalex.org/W2060568361
https://openalex.org/W2093855169
https://openalex.org/W2103276217
https://openalex.org/W2105635276
https://openalex.org/W2139285465
https://openalex.org/W2139449991
https://openalex.org/W2163601814
https://openalex.org/W2186935917
https://openalex.org/W2216470310
https://openalex.org/W2230572381
https://openalex.org/W2231664476
https://openalex.org/W2235067425
https://openalex.org/W2268533241
https://openalex.org/W2276039317
https://openalex.org/W2290180887
https://openalex.org/W2332980316
https://openalex.org/W2349310376
https://openalex.org/W2352011652
https://openalex.org/W2366595124
https://openalex.org/W2370763923
https://openalex.org/W2382048941
https://openalex.org/W2382550268
https://openalex.org/W2389099421
https://openalex.org/W2391632159
https://openalex.org/W2402421185
https://openalex.org/W2413260135
https://openalex.org/W2466736451
https://openalex.org/W2470213082
https://openalex.org/W2584068771
https://openalex.org/W2587992739
https://openalex.org/W2588008435
https://openalex.org/W2590933375
https://openalex.org/W2598435020
https://openalex.org/W2598612546
https://openalex.org/W2603102056
https://openalex.org/W2605151908
https://openalex.org/W2605220176
https://openalex.org/W2611459364
https://openalex.org/W2611796735
https://openalex.org/W2622159129
https://openalex.org/W2624224306
https://openalex.org/W2625028705
https://openalex.org/W2625174504
https://openalex.org/W2743500874
https://openalex.org/W2746225198
https://openalex.org/W284817667
https://openalex.org/W2923117304
https://openalex.org/W2939131368
https://openalex.org/W2967840200
https://openalex.org/W3013089932
https://openalex.org/W3026825004
https://openalex.org/W3029683210
https://openalex.org/W312758350
https://openalex.org/W4200311993
https://openalex.org/W4200438989
https://openalex.org/W4210604228
https://openalex.org/W4213239728
https://openalex.org/W4213253492
https://openalex.org/W4213387744
https://openalex.org/W4214676159
https://openalex.org/W4214710303
https://openalex.org/W4221085975
https://openalex.org/W4221130176
https://openalex.org/W4225428262
https://openalex.org/W4226207726
https://openalex.org/W4234463788
https://openalex.org/W4245378650
https://openalex.org/W4245514496
https://openalex.org/W4280552644
https://openalex.org/W4280586644
https://openalex.org/W4282573455
https://openalex.org/W4282959953
https://openalex.org/W4285047251
https://openalex.org/W4285100572
https://openalex.org/W4285172609
https://openalex.org/W4285308377
https://openalex.org/W4285589302
https://openalex.org/W4289525690
https://openalex.org/W4293339689
https://openalex.org/W4293784616
https://openalex.org/W4293796824
https://openalex.org/W4295768333
https://openalex.org/W4298125386
https://openalex.org/W4304203357
https://openalex.org/W4306247148
https://openalex.org/W4309109406
https://openalex.org/W4309221564
https://openalex.org/W4310578650
https://openalex.org/W4312769385
https://openalex.org/W4312793364
https://openalex.org/W4313279965
https://openalex.org/W4384622667
https://openalex.org/W4389652114
https://openalex.org/W4393682345
https://openalex.org/W4393843541
https://openalex.org/W4394077018
https://openalex.org/W4394185538
https://openalex.org/W4394219524
https://openalex.org/W4394260218
https://openalex.org/W4394304438
https://openalex.org/W4394305760
https://openalex.org/W4394357631
https://openalex.org/W4394375962
https://openalex.org/W4394379049
https://openalex.org/W4394393349
https://openalex.org/W4394398261
https://openalex.org/W4394460535
https://openalex.org/W4394530093
https://openalex.org/W570919469
https://openalex.org/W623776312
https://openalex.org/W86061827
https://openalex.org/W1493303495
https://openalex.org/W2067402895
https://openalex.org/W2412115757
https://openalex.org/W2412615536
https://openalex.org/W2415283157
https://openalex.org/W2417525361
https://openalex.org/W2626182600
https://openalex.org/W2899093596
https://openalex.org/W2903174985
https://openalex.org/W4241153490
https://openalex.org/W1506654580
https://openalex.org/W1548839673
https://openalex.org/W1575789812
https://openalex.org/W1985921972
https://openalex.org/W2068959195
https://openalex.org/W21387812
https://openalex.org/W2227288015
https://openalex.org/W2249838403
https://openalex.org/W2259805767
https://openalex.org/W2301856156
https://openalex.org/W234226119
https://openalex.org/W2358268895
https://openalex.org/W2361380607
https://openalex.org/W2373671438
https://openalex.org/W2380125274
https://openalex.org/W2380275984
https://openalex.org/W2388906130
https://openalex.org/W2392636240
https://openalex.org/W2397723437
https://openalex.org/W2398589823
https://openalex.org/W2398653340
https://openalex.org/W2403097072
https://openalex.org/W2405113352
https://openalex.org/W2409245803
https://openalex.org/W2410479256
https://openalex.org/W2410841828
https://openalex.org/W2411233083
https://openalex.org/W2411425012
https://openalex.org/W2413016397
https://openalex.org/W2413927819
https://openalex.org/W2414849469
https://openalex.org/W2416123890
https://openalex.org/W2416417687
https://openalex.org/W2442717446
https://openalex.org/W2473627349
https://openalex.org/W2602075284
https://openalex.org/W2781905224
https://openalex.org/W2788395674
https://openalex.org/W2794184296
https://openalex.org/W2794357488
https://openalex.org/W2795652580
https://openalex.org/W2795844342
https://openalex.org/W2796248941
https://openalex.org/W2809775213
https://openalex.org/W2861371141
https://openalex.org/W2886498655
https://openalex.org/W2888885518
https://openalex.org/W2889410452
https://openalex.org/W2890235402
https://openalex.org/W2890670261
https://openalex.org/W2891536705
https://openalex.org/W2891728384
https://openalex.org/W2897966330
https://openalex.org/W2898697916
https://openalex.org/W2900633199
https://openalex.org/W2901802069
https://openalex.org/W2901813818
https://openalex.org/W2903197241
https://openalex.org/W2903636707
https://openalex.org/W2905164591
https://openalex.org/W2911997502
https://openalex.org/W2937263750
https://openalex.org/W2943499797
https://openalex.org/W2944401063
https://openalex.org/W2944807017
https://openalex.org/W2947722266
https://openalex.org/W2948302267
https://openalex.org/W2950534136
https://openalex.org/W2953255020
https://openalex.org/W2953520656
https://openalex.org/W2954437223
https://openalex.org/W2955598110
https://openalex.org/W2967773847
https://openalex.org/W2970372324
https://openalex.org/W2971472544
https://openalex.org/W2975437145
https://openalex.org/W2978069261
https://openalex.org/W2982281475
https://openalex.org/W2988931577
https://openalex.org/W2991421286
https://openalex.org/W2992468359
https://openalex.org/W2995268343
https://openalex.org/W2996598814
https://openalex.org/W2998711095
https://openalex.org/W2999950792
https://openalex.org/W3000544887
https://openalex.org/W3006262572
https://openalex.org/W3013892554
https://openalex.org/W3014209377
https://openalex.org/W3023011861
https://openalex.org/W3029467756
https://openalex.org/W3031989425
https://openalex.org/W3088889196
https://openalex.org/W3095851151
https://openalex.org/W3132870185
https://openalex.org/W4210584385
https://openalex.org/W4234446866
https://openalex.org/W4238576294
https://openalex.org/W4241500041
https://openalex.org/W4242077519
https://openalex.org/W4245560602
https://openalex.org/W4251371956
https://openalex.org/W4253404099
https://openalex.org/W4289463880
https://openalex.org/W4299820448
https://openalex.org/W4300881287
https://openalex.org/W4389598502
https://openalex.org/W4393126454
https://openalex.org/W4393367404
https://openalex.org/W4394111334
https://openalex.org/W4394155237
https://openalex.org/W4394229783
https://openalex.org/W4394295870
https://openalex.org/W4394298055
https://openalex.org/W4394353626
https://openalex.org/W4394517622
https://openalex.org/W66752283
https://openalex.org/W1992272481
https://openalex.org/W2004918314
https://openalex.org/W2007864429
https://openalex.org/W2033081755
https://openalex.org/W2110337825
https://openalex.org/W2325286022
https://openalex.org/W2327779654
https://openalex.org/W2414103168
https://openalex.org/W241903551
https://openalex.org/W2431009270
https://openalex.org/W2444169885
https://openalex.org/W2461851451
https://openalex.org/W2556790945
https://openalex.org/W2735990654
https://openalex.org/W2805534059
https://openalex.org/W2960378704
https://openalex.org/W44649596
https://openalex.org/W583673681
https://openalex.org/W1534716337
https://openalex.org/W1547016333
https://openalex.org/W1556368863
https://openalex.org/W2000233780
https://openalex.org/W2032039299
https://openalex.org/W2041249927
https://openalex.org/W2050744277
https://openalex.org/W2053514475
https://openalex.org/W2100506839
https://openalex.org/W2113444262
https://openalex.org/W2188841195
https://openalex.org/W2354599114
https://openalex.org/W2359519323
https://openalex.org/W2364204535
https://openalex.org/W2366926884
https://openalex.org/W2367490267
https://openalex.org/W2388058451
https://openalex.org/W2390768324
https://openalex.org/W2416328681
https://openalex.org/W2436624085
https://openalex.org/W2439634467
https://openalex.org/W2460740196
https://openalex.org/W2737718523
https://openalex.org/W2787460236
https://openalex.org/W2805202348
https://openalex.org/W2904436453
https://openalex.org/W2952145691
https://openalex.org/W2976348113
https://openalex.org/W2976370479
https://openalex.org/W2998017191
https://openalex.org/W3004524427
https://openalex.org/W3005033197
https://openalex.org/W3009663020
https://openalex.org/W3010864372
https://openalex.org/W3012067649
https://openalex.org/W3014551265
https://openalex.org/W3015973909
https://openalex.org/W3016165463
https://openalex.org/W3016416208
https://openalex.org/W3024606203
https://openalex.org/W3031600996
https://openalex.org/W3032758042
https://openalex.org/W3034749031
https://openalex.org/W3034816312
https://openalex.org/W3036643126
https://openalex.org/W3036901965
https://openalex.org/W3040679121
https://openalex.org/W3044070208
https://openalex.org/W3044859466
https://openalex.org/W3044874162
https://openalex.org/W3045222920
https://openalex.org/W3048428139
https://openalex.org/W3049580463
https://openalex.org/W3082014726
https://openalex.org/W3086937773
https://openalex.org/W3087284045
https://openalex.org/W3087317167
https://openalex.org/W3088905051
https://openalex.org/W3090677608
https://openalex.org/W3091313672
https://openalex.org/W3093933798
https://openalex.org/W3094155089
https://openalex.org/W3094342694
https://openalex.org/W3095382462
https://openalex.org/W3107379729
https://openalex.org/W3109956338
https://openalex.org/W3110809194
https://openalex.org/W3131900756
https://openalex.org/W3134178829
https://openalex.org/W3153831900
https://openalex.org/W3155057320
https://openalex.org/W3158082869
https://openalex.org/W3158685320
https://openalex.org/W3159226141
https://openalex.org/W3200151011
https://openalex.org/W3203219859
https://openalex.org/W4205361078
https://openalex.org/W4206408790
https://openalex.org/W4230463715
https://openalex.org/W4232275847
https://openalex.org/W4234246537
https://openalex.org/W4234505603
https://openalex.org/W4234835661
https://openalex.org/W4239995701
https://openalex.org/W4241887655
https://openalex.org/W4244029679
https://openalex.org/W4253581431
https://openalex.org/W4386363309
https://openalex.org/W4389517756
https://openalex.org/W4390723783
https://openalex.org/W4394155369
https://openalex.org/W4394212925
https://openalex.org/W4394244606
https://openalex.org/W4394306273
https://openalex.org/W4394312322
https://openalex.org/W4394351838
https://openalex.org/W4394520264
https://openalex.org/W4394544399
https://openalex.org/W606065557
https://openalex.org/W1972851163
https://openalex.org/W2026989480
https://openalex.org/W2115527668
https://openalex.org/W4248201980
https://openalex.org/W1031144648
https://openalex.org/W1553058324
https://openalex.org/W2004986725
https://openalex.org/W2029168605
https://openalex.org/W2144880609
https://openalex.org/W2166126499
https://openalex.org/W2198675616
https://openalex.org/W2315939343
https://openalex.org/W2349782575
https://openalex.org/W2361127380
https://openalex.org/W2371560126
https://openalex.org/W2374328717
https://openalex.org/W2396168627
https://openalex.org/W2396965728
https://openalex.org/W2400444015
https://openalex.org/W2405989417
https://openalex.org/W2411306184
https://openalex.org/W2417267362
https://openalex.org/W2419198642
https://openalex.org/W2426064384
https://openalex.org/W2432340075
https://openalex.org/W2438461106
https://openalex.org/W2463609865
https://openalex.org/W2808243486
https://openalex.org/W2892123214
https://openalex.org/W2982819948
https://openalex.org/W3041322779
https://openalex.org/W3167807691
https://openalex.org/W366259298
https://openalex.org/W4206739984
https://openalex.org/W4234959158
https://openalex.org/W4236366673
https://openalex.org/W4246740991
https://openalex.org/W587992817
https://openalex.org/W603981327
https://openalex.org/W156195645
https://openalex.org/W1985812564
https://openalex.org/W1997881380
https://openalex.org/W2041924039
https://openalex.org/W2088078475
https://openalex.org/W2140746825
https://openalex.org/W2151462196
https://openalex.org/W2341775010
https://openalex.org/W2352616976
https://openalex.org/W2357508186
https://openalex.org/W2373182267
https://openalex.org/W2382419862
https://openalex.org/W2385803174
https://openalex.org/W2392732991
https://openalex.org/W2399983926
https://openalex.org/W2416409564
https://openalex.org/W2433413139
https://openalex.org/W2464034720
https://openalex.org/W2484650762
https://openalex.org/W2597067991
https://openalex.org/W2597161316
https://openalex.org/W2808563130
https://openalex.org/W2951392516
https://openalex.org/W3043628388
https://openalex.org/W3119956233
https://openalex.org/W3121237838
https://openalex.org/W3132871418
https://openalex.org/W3133823704
https://openalex.org/W3138211956
https://openalex.org/W3144125858
https://openalex.org/W3146520986
https://openalex.org/W3153574954
https://openalex.org/W3161102278
https://openalex.org/W3162009244
https://openalex.org/W3164184211
https://openalex.org/W3174241721
https://openalex.org/W3180924050
https://openalex.org/W3188614341
https://openalex.org/W3195948727
https://openalex.org/W3197020075
https://openalex.org/W3199358091
https://openalex.org/W3201490537
https://openalex.org/W3203026957
https://openalex.org/W3206348956
https://openalex.org/W3206732899
https://openalex.org/W3207293586
https://openalex.org/W3208745889
https://openalex.org/W3209595821
https://openalex.org/W3209956325
https://openalex.org/W3210063977
https://openalex.org/W3210982011
https://openalex.org/W3213185983
https://openalex.org/W3214393192
https://openalex.org/W3215477380
https://openalex.org/W3215699945
https://openalex.org/W3215948161
https://openalex.org/W37432044
https://openalex.org/W4200384279
https://openalex.org/W4200590644
https://openalex.org/W4205443154
https://openalex.org/W4205787584
https://openalex.org/W4214661579
https://openalex.org/W4232462321
https://openalex.org/W4233884719
https://openalex.org/W4237659465
https://openalex.org/W4237823530
https://openalex.org/W4238317543
https://openalex.org/W4239258379
https://openalex.org/W4250960426
https://openalex.org/W4286861271
https://openalex.org/W4287007802
https://openalex.org/W4393530420
https://openalex.org/W4393778768
https://openalex.org/W4394186168
https://openalex.org/W4394375742
https://openalex.org/W4394527565
https://openalex.org/W630245900
https://openalex.org/W72527330
https://openalex.org/W92719750
https://openalex.org/W142861940
https://openalex.org/W168540201
https://openalex.org/W1975325711
https://openalex.org/W2021615184
https://openalex.org/W2032709320
https://openalex.org/W2061164718
https://openalex.org/W2075183057
https://openalex.org/W2090252245
https://openalex.org/W2104745922
https://openalex.org/W2324659221
https://openalex.org/W2349640291
https://openalex.org/W2355537065
https://openalex.org/W2363776637
https://openalex.org/W2364176691
https://openalex.org/W2364274930
https://openalex.org/W2370912586
https://openalex.org/W2373177078
https://openalex.org/W2373420699
https://openalex.org/W2388090899
https://openalex.org/W2391370084
https://openalex.org/W2408855378
https://openalex.org/W2409021837
https://openalex.org/W2417840089
https://openalex.org/W2425920471
https://openalex.org/W2463488384
https://openalex.org/W2463641696
https://openalex.org/W2488541436
https://openalex.org/W2488911625
https://openalex.org/W2602496447
https://openalex.org/W2736188838
https://openalex.org/W2942880754
https://openalex.org/W2943100124
https://openalex.org/W2975294262
https://openalex.org/W3031303862
https://openalex.org/W4238335716
https://openalex.org/W4246900088
https://openalex.org/W4252512486
https://openalex.org/W4254896348
https://openalex.org/W4700403
https://openalex.org/W2071960776
https://openalex.org/W2081099649
https://openalex.org/W2314116187
https://openalex.org/W2399409187
https://openalex.org/W2404633758
https://openalex.org/W2415322269
https://openalex.org/W2415833131
https://openalex.org/W2417772631
https://openalex.org/W2436076000
https://openalex.org/W2464037532
https://openalex.org/W2473695361
https://openalex.org/W2474782444
https://openalex.org/W2511461008
https://openalex.org/W2600066904
https://openalex.org/W2925028320
https://openalex.org/W2958587224
https://openalex.org/W97871741
https://openalex.org/W1994170483
https://openalex.org/W2171503992
https://openalex.org/W2222215332
https://openalex.org/W2349289677
https://openalex.org/W2360461457
https://openalex.org/W2368420331
https://openalex.org/W2395655751
https://openalex.org/W2403293815
https://openalex.org/W2415248514
https://openalex.org/W2463773158
https://openalex.org/W2475136621
https://openalex.org/W2481598289
https://openalex.org/W2551984260
https://openalex.org/W2901755567
https://openalex.org/W2950676421
https://openalex.org/W2993461468
https://openalex.org/W3028488625
https://openalex.org/W389973285
https://openalex.org/W4246094120
https://openalex.org/W11789984
https://openalex.org/W1483414363
https://openalex.org/W1512670281
https://openalex.org/W2010177381
https://openalex.org/W2018006887
https://openalex.org/W2041367906
https://openalex.org/W2043905997
https://openalex.org/W20687557
https://openalex.org/W2082506215
https://openalex.org/W2280255069
https://openalex.org/W2361034154
https://openalex.org/W2370847845
https://openalex.org/W23708742
https://openalex.org/W2385937083
https://openalex.org/W2399708246
https://openalex.org/W2403428798
https://openalex.org/W2409042110
https://openalex.org/W2411464620
https://openalex.org/W2411946040
https://openalex.org/W2429361782
https://openalex.org/W2438574412
https://openalex.org/W2470477335
https://openalex.org/W2479225778
https://openalex.org/W2526426197
https://openalex.org/W2735307071
https://openalex.org/W2736168314
https://openalex.org/W2994219038
https://openalex.org/W3108622440
https://openalex.org/W3199202909
https://openalex.org/W4210338275
https://openalex.org/W4237763695
https://openalex.org/W560790835
https://openalex.org/W598416593
https://openalex.org/W632803873
https://openalex.org/W181160233
https://openalex.org/W181593922
https://openalex.org/W1966275387
https://openalex.org/W1984376594
https://openalex.org/W2072862188
https://openalex.org/W2077597340
https://openalex.org/W2368455082
https://openalex.org/W2395022179
https://openalex.org/W2410697833
https://openalex.org/W2411860409
https://openalex.org/W2413244815
https://openalex.org/W2413847159
https://openalex.org/W2415310592
https://openalex.org/W2416255569
https://openalex.org/W2417852708
https://openalex.org/W2421492042
https://openalex.org/W2432908620
https://openalex.org/W2436784351
https://openalex.org/W2438673692
https://openalex.org/W2562742525
https://openalex.org/W256880354
https://openalex.org/W2589261394
https://openalex.org/W2900459796
https://openalex.org/W2900528084
https://openalex.org/W2900560168
https://openalex.org/W2900953041
https://openalex.org/W2901096544
https://openalex.org/W4210244176
https://openalex.org/W4230891786
https://openalex.org/W4239271594
https://openalex.org/W59249839
https://openalex.org/W107533707
https://openalex.org/W181003171
https://openalex.org/W185190157
https://openalex.org/W1987672519
https://openalex.org/W1988471620
https://openalex.org/W1997567981
https://openalex.org/W2013745399
https://openalex.org/W2028166490
https://openalex.org/W2055862497
https://openalex.org/W2058030487
https://openalex.org/W2063705267
https://openalex.org/W2078478031
https://openalex.org/W2081344201
https://openalex.org/W2101234779
https://openalex.org/W2266359655
https://openalex.org/W2307300842
https://openalex.org/W2308793488
https://openalex.org/W2316588196
https://openalex.org/W2334364201
https://openalex.org/W2335302455
https://openalex.org/W2372881893
https://openalex.org/W2403924209
https://openalex.org/W2410221969
https://openalex.org/W2412665393
https://openalex.org/W2413107492
https://openalex.org/W2414122991
https://openalex.org/W2419615406
https://openalex.org/W2419686586
https://openalex.org/W2472001493
https://openalex.org/W249267876
https://openalex.org/W2506184144
https://openalex.org/W2580980691
https://openalex.org/W2592485392
https://openalex.org/W2735514118
https://openalex.org/W2753620835
https://openalex.org/W2753703938
https://openalex.org/W2764420452
https://openalex.org/W2898733726
https://openalex.org/W2898887327
https://openalex.org/W2899120892
https://openalex.org/W2900485010
https://openalex.org/W2900778607
https://openalex.org/W2900975258
https://openalex.org/W2901287941
https://openalex.org/W2912515654
https://openalex.org/W2956613375
https://openalex.org/W2959754319
https://openalex.org/W2993416340
https://openalex.org/W3140922273
https://openalex.org/W3199027590
https://openalex.org/W3200298336
https://openalex.org/W3200571032
https://openalex.org/W3201654479
https://openalex.org/W356896126
https://openalex.org/W363507733
https://openalex.org/W4205238877
https://openalex.org/W4231398553
https://openalex.org/W4247771037
https://openalex.org/W4248862145
https://openalex.org/W4300647389
https://openalex.org/W602940379
https://openalex.org/W614315106
https://openalex.org/W635479399
https://openalex.org/W749431069
https://openalex.org/W2009761723
https://openalex.org/W2335925695
https://openalex.org/W1492606093
https://openalex.org/W3096967708
https://openalex.org/W2091695331
https://openalex.org/W1616824889
https://openalex.org/W2961217357
https://openalex.org/W1981449360
https://openalex.org/W1980722886
https://openalex.org/W2142858362
https://openalex.org/W1835972708
https://openalex.org/W2995971356
https://openalex.org/W2143058578
https://openalex.org/W2053372168
https://openalex.org/W2098816950
https://openalex.org/W1976245365
https://openalex.org/W2026460662
https://openalex.org/W2111234726
https://openalex.org/W2099257830
https://openalex.org/W2083796374
https://openalex.org/W2063837791
https://openalex.org/W2156459362
https://openalex.org/W2333018296
https://openalex.org/W1984781901
https://openalex.org/W2124026319
https://openalex.org/W2051091654
https://openalex.org/W2586819609
https://openalex.org/W2108491944
https://openalex.org/W1995136152
https://openalex.org/W1971496676
https://openalex.org/W1604428153
https://openalex.org/W1778251976
https://openalex.org/W1987483457
https://openalex.org/W2094589586
https://openalex.org/W2045798063
https://openalex.org/W2997721110
https://openalex.org/W2011767474
https://openalex.org/W2015219383
https://openalex.org/W2170533808
https://openalex.org/W2063572593
https://openalex.org/W2023630351
https://openalex.org/W1968446955
https://openalex.org/W2130083086
https://openalex.org/W2000338728
https://openalex.org/W1966501412
https://openalex.org/W2056744253
https://openalex.org/W2137118785
https://openalex.org/W2018680608
https://openalex.org/W1971624992
https://openalex.org/W2104996004
https://openalex.org/W2069584591
https://openalex.org/W2008512248
https://openalex.org/W2109232257
https://openalex.org/W1971526515
https://openalex.org/W2037657110
https://openalex.org/W1971972894
https://openalex.org/W2041617965
https://openalex.org/W1983965561
https://openalex.org/W2113534197
https://openalex.org/W2138398573
https://openalex.org/W2034296964
https://openalex.org/W2076664305
https://openalex.org/W1965001673
https://openalex.org/W3009221443
https://openalex.org/W2067819949
https://openalex.org/W2093385884
https://openalex.org/W1977035912
https://openalex.org/W61562365
https://openalex.org/W2033424777
https://openalex.org/W2122043314
https://openalex.org/W2130581660
https://openalex.org/W2010911569
https://openalex.org/W1973979381
https://openalex.org/W2007065677
https://openalex.org/W2132886417
https://openalex.org/W2142460765
https://openalex.org/W2160888498
https://openalex.org/W2163966812
https://openalex.org/W3021391231
https://openalex.org/W1976940983
https://openalex.org/W2130151956
https://openalex.org/W2034759249
https://openalex.org/W2160678872
https://openalex.org/W2012533550
https://openalex.org/W2097592282
https://openalex.org/W1997050095
https://openalex.org/W3019546741
https://openalex.org/W1966565183
https://openalex.org/W2155133303
https://openalex.org/W2527992063
https://openalex.org/W2094308653
https://openalex.org/W1987605482
https://openalex.org/W2032496145
https://openalex.org/W2092271853
https://openalex.org/W2150876347
https://openalex.org/W2014633420
https://openalex.org/W2514038039
https://openalex.org/W3015839776
https://openalex.org/W2065538605
https://openalex.org/W2069271377
https://openalex.org/W2168928730
https://openalex.org/W1977872882
https://openalex.org/W2100638594
https://openalex.org/W2102090977
https://openalex.org/W2168587151
https://openalex.org/W2989769422
https://openalex.org/W2037044453
https://openalex.org/W2052566276
https://openalex.org/W2158971682
https://openalex.org/W2024157997
https://openalex.org/W2150066023
https://openalex.org/W2802314931
https://openalex.org/W2105933407
https://openalex.org/W2084307570
https://openalex.org/W2112156060
https://openalex.org/W2804266670
https://openalex.org/W1617270423
https://openalex.org/W2783204408
https://openalex.org/W4248537801
https://openalex.org/W2560615253
https://openalex.org/W3165863602
https://openalex.org/W1988673699
https://openalex.org/W2950748763
https://openalex.org/W3096525230
https://openalex.org/W2724146432
https://openalex.org/W2587871737
https://openalex.org/W2901552564
https://openalex.org/W2108160744
https://openalex.org/W1844353938
https://openalex.org/W2278299210
https://openalex.org/W1995101735
https://openalex.org/W2065188205
https://openalex.org/W2331046626
https://openalex.org/W2127522424
https://openalex.org/W1575646639
https://openalex.org/W2596046065
https://openalex.org/W2902525413
https://openalex.org/W2520736484
https://openalex.org/W2584597755
https://openalex.org/W3179372724
https://openalex.org/W2767468289
https://openalex.org/W2021825713
https://openalex.org/W3044957374
https://openalex.org/W2911098074
https://openalex.org/W2134786487
https://openalex.org/W2765513782
https://openalex.org/W3103498539
https://openalex.org/W2781665252
https://openalex.org/W2294027214
https://openalex.org/W4318071643
https://openalex.org/W2884486468
https://openalex.org/W2886689760
https://openalex.org/W3004769034
https://openalex.org/W3145658842
https://openalex.org/W4206008723
https://openalex.org/W4225300092
https://openalex.org/W4308448213
https://openalex.org/W4247020086
https://openalex.org/W2012462918
https://openalex.org/W1998253936
https://openalex.org/W2006004523
https://openalex.org/W2078625513
https://openalex.org/W1981939968
https://openalex.org/W2172230191
https://openalex.org/W2051914105
https://openalex.org/W2427880780
https://openalex.org/W2125732268
https://openalex.org/W1976540526
https://openalex.org/W1980300702
https://openalex.org/W1968960126
https://openalex.org/W2280930517
https://openalex.org/W2156754275
https://openalex.org/W1903192662
https://openalex.org/W2147167308
https://openalex.org/W2071460884
https://openalex.org/W2146261786
https://openalex.org/W2103173315
https://openalex.org/W2008834989
https://openalex.org/W2058527782
https://openalex.org/W4301079284
https://openalex.org/W1983804855
https://openalex.org/W2051193784
https://openalex.org/W2035104042
https://openalex.org/W2007558412
https://openalex.org/W1948632098
https://openalex.org/W2050193680
https://openalex.org/W1980854045
https://openalex.org/W2079474257
https://openalex.org/W2120178120
https://openalex.org/W2105482019
https://openalex.org/W1988876993
https://openalex.org/W2162122179
https://openalex.org/W1854515158
https://openalex.org/W2021870890
https://openalex.org/W2056945702
https://openalex.org/W1534895763
https://openalex.org/W1622207681
https://openalex.org/W2049315300
https://openalex.org/W2082157761
https://openalex.org/W2065781865
https://openalex.org/W2116934016
https://openalex.org/W2004446962
https://openalex.org/W2150639466
https://openalex.org/W2047368106
https://openalex.org/W1995551561
https://openalex.org/W2084252557
https://openalex.org/W2112791911
https://openalex.org/W2025134240
https://openalex.org/W2100747076
https://openalex.org/W2020042259
https://openalex.org/W2134511627
https://openalex.org/W2213239053
https://openalex.org/W2017177627
https://openalex.org/W2141295547
https://openalex.org/W2082411289
https://openalex.org/W2122741223
https://openalex.org/W2108672978
https://openalex.org/W2058389060
https://openalex.org/W1987547326
https://openalex.org/W1993687272
https://openalex.org/W2150916657
https://openalex.org/W2050999934
https://openalex.org/W2126265192
https://openalex.org/W2132758433
https://openalex.org/W2160626256
https://openalex.org/W1982200074
https://openalex.org/W2016192281
https://openalex.org/W2070443263
https://openalex.org/W2170468505
https://openalex.org/W1988976525
https://openalex.org/W2082237460
https://openalex.org/W1988464628
https://openalex.org/W1489567813
https://openalex.org/W2000185853
https://openalex.org/W2094963389
https://openalex.org/W2028287297
https://openalex.org/W2052825194
https://openalex.org/W2064089886
https://openalex.org/W2286455265
https://openalex.org/W1986947222
https://openalex.org/W2065004245
https://openalex.org/W2148842116
https://openalex.org/W2096503141
https://openalex.org/W2168552260
https://openalex.org/W2119064142
https://openalex.org/W1994835768
https://openalex.org/W2047001370
https://openalex.org/W1918543915
https://openalex.org/W2119298954
https://openalex.org/W2125826919
https://openalex.org/W2031365238
https://openalex.org/W2142011671
https://openalex.org/W2040381134
https://openalex.org/W2042239736
https://openalex.org/W2119458175
https://openalex.org/W2053546643
https://openalex.org/W1888963813
https://openalex.org/W190749975
https://openalex.org/W2071220074
https://openalex.org/W2058809590
https://openalex.org/W2128854230
https://openalex.org/W2253776931
https://openalex.org/W2085308845
https://openalex.org/W2012045589
https://openalex.org/W2133224984
https://openalex.org/W2154421320
https://openalex.org/W2028471275
https://openalex.org/W4376560538
https://openalex.org/W1990974592
https://openalex.org/W1606438102
https://openalex.org/W1989887746
https://openalex.org/W1994374087
https://openalex.org/W2114542055
https://openalex.org/W2061893377
https://openalex.org/W2123250052
https://openalex.org/W2267602015
https://openalex.org/W2098413824
https://openalex.org/W2293719222
https://openalex.org/W1968139589
https://openalex.org/W2963685694
https://openalex.org/W1982584830
https://openalex.org/W2803804780
https://openalex.org/W2904116016
https://openalex.org/W2106493125
https://openalex.org/W2804715948
https://openalex.org/W2044010294
https://openalex.org/W2031808107
https://openalex.org/W2127971260
https://openalex.org/W2257494961
https://openalex.org/W1546731875
https://openalex.org/W2161100350
https://openalex.org/W2766707799
https://openalex.org/W2807395067
https://openalex.org/W2585646425
https://openalex.org/W2806629896
https://openalex.org/W2518229080
https://openalex.org/W3033770043
https://openalex.org/W2093396272
https://openalex.org/W1978774712
https://openalex.org/W2097539177
https://openalex.org/W2278562290
https://openalex.org/W2566857028
https://openalex.org/W1501874279
https://openalex.org/W2238960072
https://openalex.org/W2889315975
https://openalex.org/W2996857755
https://openalex.org/W2809705582
https://openalex.org/W2947577769
https://openalex.org/W2789938347
https://openalex.org/W2915311716
https://openalex.org/W3042872631
https://openalex.org/W2008522189
https://openalex.org/W2804283237
https://openalex.org/W2980448813
https://openalex.org/W3102322020
https://openalex.org/W2623074472
https://openalex.org/W2769208625
https://openalex.org/W3009801453
https://openalex.org/W2761180418
https://openalex.org/W2781680694
https://openalex.org/W3013658249
https://openalex.org/W3015807187
https://openalex.org/W2905585531
https://openalex.org/W2782252827
https://openalex.org/W2791273280
https://openalex.org/W3088635975
https://openalex.org/W2947539878
https://openalex.org/W2984568024
https://openalex.org/W3195230691
https://openalex.org/W3159602681
https://openalex.org/W3040419600
https://openalex.org/W3118854417
https://openalex.org/W3207473667
https://openalex.org/W3183596277
https://openalex.org/W3163951899
https://openalex.org/W4212894252
https://openalex.org/W4225357678
https://openalex.org/W4210622999
https://openalex.org/W4223464414
https://openalex.org/W4226438165
https://openalex.org/W4289783361
https://openalex.org/W4297142174
https://openalex.org/W4283589759
https://openalex.org/W4321327333
https://openalex.org/W4313463718
https://openalex.org/W4360613735
https://openalex.org/W4390619249
https://openalex.org/W4391311595
https://openalex.org/W2036877355
https://openalex.org/W2158381546
https://openalex.org/W2116482468
https://openalex.org/W2059003079
https://openalex.org/W2145768405
https://openalex.org/W2149925405
https://openalex.org/W2006690126
https://openalex.org/W2088121986
https://openalex.org/W2089311308
https://openalex.org/W2126137752
https://openalex.org/W1992121629
https://openalex.org/W2123688117
https://openalex.org/W1553110542
https://openalex.org/W2009862260
https://openalex.org/W1931443173
https://openalex.org/W2046312528
https://openalex.org/W1846712328
https://openalex.org/W2068197542
https://openalex.org/W2142345281
https://openalex.org/W2029381336
https://openalex.org/W2100318043
https://openalex.org/W1988561080
https://openalex.org/W2035021611
https://openalex.org/W1545189970
https://openalex.org/W2239121165
https://openalex.org/W2067915436
https://openalex.org/W2151818957
https://openalex.org/W2006526127
https://openalex.org/W2009014327
https://openalex.org/W2114439633
https://openalex.org/W2164944997
https://openalex.org/W2128435880
https://openalex.org/W2074086685
https://openalex.org/W2169414553
https://openalex.org/W1981204257
https://openalex.org/W2153676385
https://openalex.org/W1829921871
https://openalex.org/W2110177539
https://openalex.org/W2162303904
https://openalex.org/W1992033325
https://openalex.org/W2003790573
https://openalex.org/W2051075276
https://openalex.org/W2098869919
https://openalex.org/W2120779608
https://openalex.org/W2152772117
https://openalex.org/W2006962735
https://openalex.org/W2044657982
https://openalex.org/W2027336670
https://openalex.org/W2030706637
https://openalex.org/W2069393755
https://openalex.org/W2125599854
https://openalex.org/W2010715825
https://openalex.org/W2047526971
https://openalex.org/W2334442124
https://openalex.org/W2145080200
https://openalex.org/W2195303716
https://openalex.org/W4230160167
https://openalex.org/W2115694409
https://openalex.org/W2063580928
https://openalex.org/W2051369149
https://openalex.org/W2155963232
https://openalex.org/W4302969121
https://openalex.org/W4236533725
https://openalex.org/W1992909115
https://openalex.org/W2020740498
https://openalex.org/W1974351539
https://openalex.org/W2008235094
https://openalex.org/W2047534699
https://openalex.org/W2034484182
https://openalex.org/W1494719488
https://openalex.org/W1991668507
https://openalex.org/W2157685284
https://openalex.org/W2010848956
https://openalex.org/W2105102029
https://openalex.org/W2066894848
https://openalex.org/W2110218702
https://openalex.org/W2066494035
https://openalex.org/W1541142520
https://openalex.org/W2067111088
https://openalex.org/W2127127140
https://openalex.org/W1976330765
https://openalex.org/W2130934595
https://openalex.org/W1964899257
https://openalex.org/W1910011390
https://openalex.org/W1967794591
https://openalex.org/W2044381107
https://openalex.org/W2051758408
https://openalex.org/W2150524486
https://openalex.org/W2037411879
https://openalex.org/W1994180214
https://openalex.org/W2003867697
https://openalex.org/W2095280681
https://openalex.org/W1976310515
https://openalex.org/W2131868321
https://openalex.org/W2158240880
https://openalex.org/W2142190873
https://openalex.org/W2549842098
https://openalex.org/W1751540524
https://openalex.org/W2020379674
https://openalex.org/W2008168218
https://openalex.org/W1850290338
https://openalex.org/W2079995359
https://openalex.org/W2315419609
https://openalex.org/W2766009750
https://openalex.org/W2807940089
https://openalex.org/W2771357379
https://openalex.org/W2019612440
https://openalex.org/W2560940732
https://openalex.org/W2586575418
https://openalex.org/W2800612869
https://openalex.org/W2905355911
https://openalex.org/W2298132307
https://openalex.org/W2319264917
https://openalex.org/W2782159570
https://openalex.org/W2097898971
https://openalex.org/W2106299823
https://openalex.org/W2915023124
https://openalex.org/W2557863110
https://openalex.org/W2810471101
https://openalex.org/W2305956589
https://openalex.org/W2322648134
https://openalex.org/W2801714611
https://openalex.org/W2034328848
https://openalex.org/W2338023021
https://openalex.org/W2362672802
https://openalex.org/W2891074931
https://openalex.org/W2618682057
https://openalex.org/W2900795546
https://openalex.org/W2920897817
https://openalex.org/W2911685641
https://openalex.org/W2940817615
https://openalex.org/W3186061193
https://openalex.org/W3156274356
https://openalex.org/W4225699259
https://openalex.org/W3160274128
https://openalex.org/W3122992840
https://openalex.org/W3158814657
https://openalex.org/W4206985057
https://openalex.org/W4289521419
https://openalex.org/W4362715661
https://openalex.org/W4384924762
https://openalex.org/W4389553915
https://openalex.org/W4391890091
https://openalex.org/W4392362413
https://openalex.org/W2055982014
https://openalex.org/W2083278809
https://openalex.org/W2019893496
https://openalex.org/W2153337308
https://openalex.org/W2160846229
https://openalex.org/W2002053788
https://openalex.org/W2144483035
https://openalex.org/W2061584786
https://openalex.org/W2051903321
https://openalex.org/W2416146325
https://openalex.org/W2121863964
https://openalex.org/W1997645326
https://openalex.org/W2060482414
https://openalex.org/W2072106807
https://openalex.org/W1577169945
https://openalex.org/W1972986603
https://openalex.org/W2203830786
https://openalex.org/W2156942570
https://openalex.org/W1989257894
https://openalex.org/W2037354186
https://openalex.org/W1964674938
https://openalex.org/W2010264881
https://openalex.org/W2147935762
https://openalex.org/W2059707958
https://openalex.org/W1801420105
https://openalex.org/W2111619279
https://openalex.org/W2114930529
https://openalex.org/W2074944740
https://openalex.org/W2032396869
https://openalex.org/W2115859321
https://openalex.org/W2152628170
https://openalex.org/W2163927857
https://openalex.org/W2012719011
https://openalex.org/W1980468217
https://openalex.org/W2143734349
https://openalex.org/W2054056464
https://openalex.org/W2083208710
https://openalex.org/W1897107096
https://openalex.org/W2000077573
https://openalex.org/W2092446191
https://openalex.org/W2098443331
https://openalex.org/W1996133684
https://openalex.org/W2006289026
https://openalex.org/W1992015449
https://openalex.org/W1970785419
https://openalex.org/W2056151789
https://openalex.org/W3140168062
https://openalex.org/W1594780052
https://openalex.org/W1981006493
https://openalex.org/W1999518587
https://openalex.org/W2112592259
https://openalex.org/W2201149475
https://openalex.org/W2504201266
https://openalex.org/W1518642463
https://openalex.org/W2155077382
https://openalex.org/W1988868533
https://openalex.org/W2108531168
https://openalex.org/W2128086399
https://openalex.org/W1998509095
https://openalex.org/W2032902350
https://openalex.org/W1969204487
https://openalex.org/W2052452060
https://openalex.org/W2114831796
https://openalex.org/W2152289099
https://openalex.org/W2014184505
https://openalex.org/W2005537565
https://openalex.org/W2119243427
https://openalex.org/W1581748001
https://openalex.org/W2096259026
https://openalex.org/W2160726185
https://openalex.org/W2124730172
https://openalex.org/W2034413950
https://openalex.org/W2037539893
https://openalex.org/W2070421237
https://openalex.org/W2015524724
https://openalex.org/W2206126057
https://openalex.org/W2504973954
https://openalex.org/W2577837296
https://openalex.org/W2603646796
https://openalex.org/W2621020508
https://openalex.org/W2089037908
https://openalex.org/W2115074961
https://openalex.org/W1938537185
https://openalex.org/W2113904360
https://openalex.org/W2526657708
https://openalex.org/W2888427585
https://openalex.org/W2016634375
https://openalex.org/W2037179984
https://openalex.org/W2551968197
https://openalex.org/W2518268905
https://openalex.org/W2577406456
https://openalex.org/W2904372003
https://openalex.org/W976424939
https://openalex.org/W2340897604
https://openalex.org/W2287935294
https://openalex.org/W2313552595
https://openalex.org/W2362891988
https://openalex.org/W2938217109
https://openalex.org/W2332741616
https://openalex.org/W2420889559
https://openalex.org/W2734655060
https://openalex.org/W2792056444
https://openalex.org/W2336536585
https://openalex.org/W2582653179
https://openalex.org/W2565115312
https://openalex.org/W2807852263
https://openalex.org/W2970574253
https://openalex.org/W2907469433
https://openalex.org/W2986425533
https://openalex.org/W3018645380
https://openalex.org/W2907279416
https://openalex.org/W3012013664
https://openalex.org/W3027078266
https://openalex.org/W3029897446
https://openalex.org/W3109892213
https://openalex.org/W3181783839
https://openalex.org/W3193618072
https://openalex.org/W3168286532
https://openalex.org/W3211228806
https://openalex.org/W3084890272
https://openalex.org/W3175459469
https://openalex.org/W4220754325
https://openalex.org/W4224016539
https://openalex.org/W4223569852
https://openalex.org/W4224762114
https://openalex.org/W4225003284
https://openalex.org/W4212860675
https://openalex.org/W4307922464
https://openalex.org/W4385780674
https://openalex.org/W1594165205
https://openalex.org/W4239239958
https://openalex.org/W2077581302
https://openalex.org/W1894275975
https://openalex.org/W2036737199
https://openalex.org/W1981233144
https://openalex.org/W1968221936
https://openalex.org/W2074079154
https://openalex.org/W2137440305
https://openalex.org/W2155480470
https://openalex.org/W1969998735
https://openalex.org/W1936855433
https://openalex.org/W1999126943
https://openalex.org/W2093063400
https://openalex.org/W4323238490
https://openalex.org/W1990321472
https://openalex.org/W2007430135
https://openalex.org/W2105251665
https://openalex.org/W2132550827
https://openalex.org/W2082755232
https://openalex.org/W2091520981
https://openalex.org/W2055225909
https://openalex.org/W4242848679
https://openalex.org/W1547924576
https://openalex.org/W1972536474
https://openalex.org/W2057946562
https://openalex.org/W2070342090
https://openalex.org/W2167195898
https://openalex.org/W2072647916
https://openalex.org/W2079327728
https://openalex.org/W1968062627
https://openalex.org/W1979795748
https://openalex.org/W2045500321
https://openalex.org/W2047754201
https://openalex.org/W2054291604
https://openalex.org/W2092157851
https://openalex.org/W4245757319
https://openalex.org/W2047145213
https://openalex.org/W2042538195
https://openalex.org/W2170024506
https://openalex.org/W2036150847
https://openalex.org/W2133171915
https://openalex.org/W2020102428
https://openalex.org/W2157205606
https://openalex.org/W2150015544
https://openalex.org/W2171667125
https://openalex.org/W1843566662
https://openalex.org/W2107500120
https://openalex.org/W997149512
https://openalex.org/W1905793468
https://openalex.org/W1971560901
https://openalex.org/W2140437904
https://openalex.org/W2255234788
https://openalex.org/W1998155160
https://openalex.org/W1561092146
https://openalex.org/W1523496602
https://openalex.org/W2008375871
https://openalex.org/W1930524451
https://openalex.org/W2003473876
https://openalex.org/W2063875753
https://openalex.org/W2050398010
https://openalex.org/W2065387868
https://openalex.org/W2148339496
https://openalex.org/W2040757755
https://openalex.org/W2073997074
https://openalex.org/W2100706510
https://openalex.org/W1993176845
https://openalex.org/W1964342057
https://openalex.org/W1982942278
https://openalex.org/W2321546941
https://openalex.org/W2465010582
https://openalex.org/W2760007656
https://openalex.org/W2151116058
https://openalex.org/W2565541830
https://openalex.org/W2060487992
https://openalex.org/W2610951035
https://openalex.org/W2762750311
https://openalex.org/W2766464306
https://openalex.org/W2789389786
https://openalex.org/W2891951341
https://openalex.org/W2346056385
https://openalex.org/W2793385978
https://openalex.org/W2190509363
https://openalex.org/W2962536914
https://openalex.org/W2801252784
https://openalex.org/W2982088277
https://openalex.org/W2981089015
https://openalex.org/W2947961029
https://openalex.org/W2986570027
https://openalex.org/W3047285176
https://openalex.org/W3109279595
https://openalex.org/W3015515210
https://openalex.org/W2972377674
https://openalex.org/W4210685404
https://openalex.org/W4281767278
https://openalex.org/W4301398467
https://openalex.org/W4214581189
https://openalex.org/W4283803435
https://openalex.org/W4323030631
https://openalex.org/W4323349765
https://openalex.org/W4382056959
https://openalex.org/W1987066120
https://openalex.org/W2023686656
https://openalex.org/W2051090119
https://openalex.org/W1977142869
https://openalex.org/W1984272374
https://openalex.org/W2152065503
https://openalex.org/W1499516173
https://openalex.org/W2023049297
https://openalex.org/W2031495520
https://openalex.org/W1968855982
https://openalex.org/W2333095003
https://openalex.org/W2013605341
https://openalex.org/W2043995474
https://openalex.org/W2097572999
https://openalex.org/W2101826309
https://openalex.org/W1982710549
https://openalex.org/W1986812680
https://openalex.org/W2081893364
https://openalex.org/W2157038981
https://openalex.org/W2071903342
https://openalex.org/W2025733452
https://openalex.org/W1998494325
https://openalex.org/W2229761378
https://openalex.org/W2029497120
https://openalex.org/W2033869966
https://openalex.org/W2162908443
https://openalex.org/W2030741867
https://openalex.org/W1986543617
https://openalex.org/W2112411701
https://openalex.org/W2151454520
https://openalex.org/W1504933095
https://openalex.org/W1503351543
https://openalex.org/W2160855010
https://openalex.org/W2016410159
https://openalex.org/W2072255252
https://openalex.org/W1541462564
https://openalex.org/W1997493418
https://openalex.org/W2120280549
https://openalex.org/W2025048472
https://openalex.org/W2095550332
https://openalex.org/W1972933671
https://openalex.org/W2140238163
https://openalex.org/W1659788959
https://openalex.org/W2107888034
https://openalex.org/W2113178895
https://openalex.org/W2167924554
https://openalex.org/W1607509198
https://openalex.org/W1965135968
https://openalex.org/W2052833169
https://openalex.org/W2147729780
https://openalex.org/W87605801
https://openalex.org/W1984962853
https://openalex.org/W2067216597
https://openalex.org/W2269957941
https://openalex.org/W2035078882
https://openalex.org/W2326212669
https://openalex.org/W2021595237
https://openalex.org/W2274302820
https://openalex.org/W2283721563
https://openalex.org/W2289044916
https://openalex.org/W2295976950
https://openalex.org/W2768749305
https://openalex.org/W2569454219
https://openalex.org/W2751342567
https://openalex.org/W2765454775
https://openalex.org/W2766063797
https://openalex.org/W2804470428
https://openalex.org/W2145246119
https://openalex.org/W2326235424
https://openalex.org/W2465430936
https://openalex.org/W2536606258
https://openalex.org/W2562151351
https://openalex.org/W2558259670
https://openalex.org/W2565180819
https://openalex.org/W2605995830
https://openalex.org/W2729217527
https://openalex.org/W2782190599
https://openalex.org/W2896514593
https://openalex.org/W2905401339
https://openalex.org/W2920854314
https://openalex.org/W2921264916
https://openalex.org/W2340845430
https://openalex.org/W2801214351
https://openalex.org/W2955226404
https://openalex.org/W2907894628
https://openalex.org/W2985623197
https://openalex.org/W2968874650
https://openalex.org/W2978518205
https://openalex.org/W2924136575
https://openalex.org/W3038927041
https://openalex.org/W3110108367
https://openalex.org/W3101407819
https://openalex.org/W3203209580
https://openalex.org/W3101956114
https://openalex.org/W3209465852
https://openalex.org/W4225918575
https://openalex.org/W4309551136
https://openalex.org/W4319160326
https://openalex.org/W4324363992
https://openalex.org/W1583629062
https://openalex.org/W2169271269
https://openalex.org/W1977308100
https://openalex.org/W1982882102
https://openalex.org/W2263771280
https://openalex.org/W2169386619
https://openalex.org/W2131739944
https://openalex.org/W2026117145
https://openalex.org/W4293266756
https://openalex.org/W1829993289
https://openalex.org/W1511889580
https://openalex.org/W2163206408
https://openalex.org/W1756169576
https://openalex.org/W2031222227
https://openalex.org/W2078713539
https://openalex.org/W2098593130
https://openalex.org/W2104567143
https://openalex.org/W122476098
https://openalex.org/W2068085622
https://openalex.org/W2399461962
https://openalex.org/W2065122093
https://openalex.org/W2160595000
https://openalex.org/W1968081652
https://openalex.org/W2165902008
https://openalex.org/W2262414342
https://openalex.org/W2078931626
https://openalex.org/W2049578720
https://openalex.org/W2128800767
https://openalex.org/W2154747086
https://openalex.org/W1902408092
https://openalex.org/W2092898731
https://openalex.org/W2110810199
https://openalex.org/W2138943828
https://openalex.org/W2018529282
https://openalex.org/W2074541770
https://openalex.org/W2123065028
https://openalex.org/W2072120547
https://openalex.org/W2165493435
https://openalex.org/W2109772374
https://openalex.org/W2010636063
https://openalex.org/W2341606728
https://openalex.org/W2612583187
https://openalex.org/W1663685087
https://openalex.org/W2062529461
https://openalex.org/W2585189740
https://openalex.org/W2791014982
https://openalex.org/W2494222141
https://openalex.org/W2593110218
https://openalex.org/W2602041879
https://openalex.org/W2771347987
https://openalex.org/W2775853519
https://openalex.org/W2783399273
https://openalex.org/W2332482462
https://openalex.org/W2608990712
https://openalex.org/W2783730285
https://openalex.org/W2902492111
https://openalex.org/W2949808326
https://openalex.org/W2974408919
https://openalex.org/W2794225111
https://openalex.org/W2954884457
https://openalex.org/W2974319280
https://openalex.org/W2979470878
https://openalex.org/W2899834500
https://openalex.org/W2914380935
https://openalex.org/W3035954624
https://openalex.org/W3044231266
https://openalex.org/W3180529827
https://openalex.org/W3191834627
https://openalex.org/W3200779970
https://openalex.org/W3092542191
https://openalex.org/W3205573792
https://openalex.org/W4224436820
https://openalex.org/W4282931380
https://openalex.org/W4200040295
https://openalex.org/W4221044831
https://openalex.org/W4283319492
https://openalex.org/W4285088089
https://openalex.org/W4297964668
https://openalex.org/W4320006371
https://openalex.org/W1521408518
https://openalex.org/W2049742057
https://openalex.org/W2134226143
https://openalex.org/W1988455522
https://openalex.org/W2022348645
https://openalex.org/W2055820305
https://openalex.org/W2100963027
https://openalex.org/W2126999423
https://openalex.org/W2279032742
https://openalex.org/W2060475713
https://openalex.org/W58910857
https://openalex.org/W2068487691
https://openalex.org/W2003658684
https://openalex.org/W2128353056
https://openalex.org/W2440146834
https://openalex.org/W1996541880
https://openalex.org/W1971502404
https://openalex.org/W2053646958
https://openalex.org/W2056155085
https://openalex.org/W1971045141
https://openalex.org/W1978943351
https://openalex.org/W1542242179
https://openalex.org/W2043492087
https://openalex.org/W2049511998
https://openalex.org/W1978081416
https://openalex.org/W2124943423
https://openalex.org/W2137048976
https://openalex.org/W1509392537
https://openalex.org/W2626759426
https://openalex.org/W1549141017
https://openalex.org/W2064797135
https://openalex.org/W2070065809
https://openalex.org/W1522674783
https://openalex.org/W2085640189
https://openalex.org/W2171733961
https://openalex.org/W2118037130
https://openalex.org/W2161409682
https://openalex.org/W2008829216
https://openalex.org/W2045602665
https://openalex.org/W1967146210
https://openalex.org/W2018124289
https://openalex.org/W2044918524
https://openalex.org/W2078704400
https://openalex.org/W2112173604
https://openalex.org/W1663288457
https://openalex.org/W2073862221
https://openalex.org/W2149492845
https://openalex.org/W1585419738
https://openalex.org/W1864946494
https://openalex.org/W1988226835
https://openalex.org/W1999328974
https://openalex.org/W2132901055
https://openalex.org/W1990411621
https://openalex.org/W2033271863
https://openalex.org/W2051979139
https://openalex.org/W2127972217
https://openalex.org/W2199489599
https://openalex.org/W1501292350
https://openalex.org/W1663063557
https://openalex.org/W2038039916
https://openalex.org/W2070321525
https://openalex.org/W2132770252
https://openalex.org/W2613581156
https://openalex.org/W1931554140
https://openalex.org/W2043086790
https://openalex.org/W2613244153
https://openalex.org/W2740280388
https://openalex.org/W4246684434
https://openalex.org/W2076183551
https://openalex.org/W2370379792
https://openalex.org/W2467820808
https://openalex.org/W2566962666
https://openalex.org/W2746007164
https://openalex.org/W2795401902
https://openalex.org/W2802911236
https://openalex.org/W2313850720
https://openalex.org/W2792811407
https://openalex.org/W2801423679
https://openalex.org/W2886299916
https://openalex.org/W2905570648
https://openalex.org/W2951037531
https://openalex.org/W2992539176
https://openalex.org/W3045986483
https://openalex.org/W2981466856
https://openalex.org/W3119371620
https://openalex.org/W3124894440
https://openalex.org/W3139312220
https://openalex.org/W3184024575
https://openalex.org/W3189704173
https://openalex.org/W3179122372
https://openalex.org/W4280577884
https://openalex.org/W4389849484
https://openalex.org/W4390116347
https://openalex.org/W4391091776
https://openalex.org/W4391164723
https://openalex.org/W4391308217
https://openalex.org/W4391610989
https://openalex.org/W4391757227
https://openalex.org/W4391839496
https://openalex.org/W4391880171
https://openalex.org/W4392128708
https://openalex.org/W4392180233
https://openalex.org/W4392189527
https://openalex.org/W4392600264
https://openalex.org/W4392757937
https://openalex.org/W4392771025
https://openalex.org/W4392982996
https://openalex.org/W4393005217
https://openalex.org/W4393061080
https://openalex.org/W4393115503
https://openalex.org/W4393315146
https://openalex.org/W4393317853
https://openalex.org/W4393386679
https://openalex.org/W4394571589
https://openalex.org/W4394726169
https://openalex.org/W4394790094
https://openalex.org/W4394800571
https://openalex.org/W4394947249
https://openalex.org/W4394979591
https://openalex.org/W4396530672
https://openalex.org/W2040069931
https://openalex.org/W2323283376
https://openalex.org/W2169260264
https://openalex.org/W1995384910
https://openalex.org/W1997013191
https://openalex.org/W2013392194
https://openalex.org/W1998225062
https://openalex.org/W1981741774
https://openalex.org/W2169408001
https://openalex.org/W71640255
https://openalex.org/W1970427796
https://openalex.org/W2029053762
https://openalex.org/W2129803265
https://openalex.org/W1514699156
https://openalex.org/W1601377427
https://openalex.org/W1999556156
https://openalex.org/W2007944370
https://openalex.org/W2040730335
https://openalex.org/W2047728873
https://openalex.org/W2336498581
https://openalex.org/W1991763036
https://openalex.org/W2167714325
https://openalex.org/W2406035567
https://openalex.org/W1543400985
https://openalex.org/W1973296524
https://openalex.org/W2018456346
https://openalex.org/W2053125745
https://openalex.org/W2074806800
https://openalex.org/W1846391363
https://openalex.org/W2126452361
https://openalex.org/W2007604744
https://openalex.org/W2055244243
https://openalex.org/W2065743491
https://openalex.org/W2024115305
https://openalex.org/W2106002369
https://openalex.org/W2113962993
https://openalex.org/W2097620083
https://openalex.org/W2491138895
https://openalex.org/W1968609185
https://openalex.org/W1949946112
https://openalex.org/W2119460553
https://openalex.org/W2154304181
https://openalex.org/W131292521
https://openalex.org/W1988445667
https://openalex.org/W2039165482
https://openalex.org/W1994618631
https://openalex.org/W2039375015
https://openalex.org/W2080000289
https://openalex.org/W2615683714
https://openalex.org/W1795991158
https://openalex.org/W1973805842
https://openalex.org/W2766867180
https://openalex.org/W2780409025
https://openalex.org/W2788535751
https://openalex.org/W2802094156
https://openalex.org/W2906503732
https://openalex.org/W2565481669
https://openalex.org/W2735586450
https://openalex.org/W2783484824
https://openalex.org/W2789710102
https://openalex.org/W2897639153
https://openalex.org/W2954041617
https://openalex.org/W2971381762
https://openalex.org/W2979352829
https://openalex.org/W2980558421
https://openalex.org/W2339243484
https://openalex.org/W2525708233
https://openalex.org/W2924520368
https://openalex.org/W2911879381
https://openalex.org/W2945809308
https://openalex.org/W2948848831
https://openalex.org/W2983321750
https://openalex.org/W2993041094
https://openalex.org/W2942989608
https://openalex.org/W3034155241
https://openalex.org/W3139506356
https://openalex.org/W3157038942
https://openalex.org/W3175965821
https://openalex.org/W3188101283
https://openalex.org/W4313644650
https://openalex.org/W4322734715
https://openalex.org/W4324129192
https://openalex.org/W4327616958
https://openalex.org/W4361209670
https://openalex.org/W4382894866
https://openalex.org/W4386015212
https://openalex.org/W4387599119
https://openalex.org/W2068456350
https://openalex.org/W1541614803
https://openalex.org/W1963877623
https://openalex.org/W4323238815
https://openalex.org/W2012588682
https://openalex.org/W2018056012
https://openalex.org/W1559112117
https://openalex.org/W2027859693
https://openalex.org/W2141551150
https://openalex.org/W1221916089
https://openalex.org/W2140346666
https://openalex.org/W2400065517
https://openalex.org/W4244621157
https://openalex.org/W1966738862
https://openalex.org/W2113216557
https://openalex.org/W1992253090
https://openalex.org/W2074431959
https://openalex.org/W2094011536
https://openalex.org/W2400479753
https://openalex.org/W1977434851
https://openalex.org/W1980059836
https://openalex.org/W2060109029
https://openalex.org/W2129572804
https://openalex.org/W1964626394
https://openalex.org/W2027380649
https://openalex.org/W1966858170
https://openalex.org/W2101837267
https://openalex.org/W1992161597
https://openalex.org/W2149299331
https://openalex.org/W2324883951
https://openalex.org/W2034284267
https://openalex.org/W1995971614
https://openalex.org/W2021702033
https://openalex.org/W2070005918
https://openalex.org/W2113669153
https://openalex.org/W2146802104
https://openalex.org/W1687266585
https://openalex.org/W2886461942
https://openalex.org/W2021515571
https://openalex.org/W2105604937
https://openalex.org/W2412942118
https://openalex.org/W2793349907
https://openalex.org/W2252804115
https://openalex.org/W2919341255
https://openalex.org/W2921849539
https://openalex.org/W2944458582
https://openalex.org/W2950312704
https://openalex.org/W3006998714
https://openalex.org/W3009835291
https://openalex.org/W3016260099
https://openalex.org/W3024909676
https://openalex.org/W3038033442
https://openalex.org/W3096686858
https://openalex.org/W3007739060
https://openalex.org/W3013842792
https://openalex.org/W3035652702
https://openalex.org/W3095202247
https://openalex.org/W3097202085
https://openalex.org/W3118084371
https://openalex.org/W3127175049
https://openalex.org/W3127976655
https://openalex.org/W3198948218
https://openalex.org/W4229457606
https://openalex.org/W4294877906
https://openalex.org/W4306932553
https://openalex.org/W4311675915
https://openalex.org/W1999272108
https://openalex.org/W2133790459
https://openalex.org/W1630025246
https://openalex.org/W2039762731
https://openalex.org/W2006061457
https://openalex.org/W2325835949
https://openalex.org/W2010937095
https://openalex.org/W1965847455
https://openalex.org/W1971199572
https://openalex.org/W2048034492
https://openalex.org/W2100727184
https://openalex.org/W10820777
https://openalex.org/W279388660
https://openalex.org/W1924669893
https://openalex.org/W1997622325
https://openalex.org/W1987345892
https://openalex.org/W2053860171
https://openalex.org/W2080716636
https://openalex.org/W1986743005
https://openalex.org/W1990374429
https://openalex.org/W2082101642
https://openalex.org/W2136256856
https://openalex.org/W2158749513
https://openalex.org/W2009594096
https://openalex.org/W2028028042
https://openalex.org/W2347761408
https://openalex.org/W2171310805
https://openalex.org/W1950368282
https://openalex.org/W1989066005
https://openalex.org/W2110063506
https://openalex.org/W2162284336
https://openalex.org/W1983384053
https://openalex.org/W1997735547
https://openalex.org/W2106904597
https://openalex.org/W1870508557
https://openalex.org/W1973383481
https://openalex.org/W1982905993
https://openalex.org/W1984997106
https://openalex.org/W2007246900
https://openalex.org/W2183364451
https://openalex.org/W2460644798
https://openalex.org/W2470045740
https://openalex.org/W2772462106
https://openalex.org/W2791259992
https://openalex.org/W2121607081
https://openalex.org/W2293403661
https://openalex.org/W2396953295
https://openalex.org/W2467459722
https://openalex.org/W2590536231
https://openalex.org/W2777907470
https://openalex.org/W2792806397
https://openalex.org/W4210452701
https://openalex.org/W2341595880
https://openalex.org/W2937990621
https://openalex.org/W2957389283
https://openalex.org/W2990873764
https://openalex.org/W3109043962
https://openalex.org/W2425888189
https://openalex.org/W3125381422
https://openalex.org/W3133025140
https://openalex.org/W3166496947
https://openalex.org/W4210407547
https://openalex.org/W4210932560
https://openalex.org/W4280534792
https://openalex.org/W4283692400
https://openalex.org/W4304005874
https://openalex.org/W2165028445
https://openalex.org/W2000966358
https://openalex.org/W2025208624
https://openalex.org/W2034076812
https://openalex.org/W2104727423
https://openalex.org/W2003594061
https://openalex.org/W1597419589
https://openalex.org/W1853859756
https://openalex.org/W1978173547
https://openalex.org/W1969735782
https://openalex.org/W2078671277
https://openalex.org/W2021985291
https://openalex.org/W250358063
https://openalex.org/W4244323895
https://openalex.org/W1859987271
https://openalex.org/W2038598922
https://openalex.org/W2090501394
https://openalex.org/W2098354205
https://openalex.org/W1980806740
https://openalex.org/W2113020327
https://openalex.org/W2142740678
https://openalex.org/W2042173349
https://openalex.org/W1972341673
https://openalex.org/W2063240041
https://openalex.org/W2002063831
https://openalex.org/W2003852724
https://openalex.org/W2049168663
https://openalex.org/W2057633388
https://openalex.org/W2214228176
https://openalex.org/W2554163388
https://openalex.org/W2742037470
https://openalex.org/W2758020742
https://openalex.org/W2760084422
https://openalex.org/W2771931629
https://openalex.org/W2766068985
https://openalex.org/W2766354737
https://openalex.org/W2948698231
https://openalex.org/W3004581984
https://openalex.org/W1985352953
https://openalex.org/W2338781051
https://openalex.org/W2528100354
https://openalex.org/W2555747740
https://openalex.org/W2566065889
https://openalex.org/W2974699341
https://openalex.org/W2981187674
https://openalex.org/W2994032828
https://openalex.org/W3158147213
https://openalex.org/W3166056712
https://openalex.org/W3168301603
https://openalex.org/W3174236001
https://openalex.org/W3217073713
https://openalex.org/W1970815905
https://openalex.org/W2022847509
https://openalex.org/W2025116369
https://openalex.org/W2054320192
https://openalex.org/W2076904817
https://openalex.org/W2127031984
https://openalex.org/W2080199872
https://openalex.org/W2329486849
https://openalex.org/W4298029310
https://openalex.org/W65380936
https://openalex.org/W2021382713
https://openalex.org/W2419366064
https://openalex.org/W1992244968
https://openalex.org/W2178550363
https://openalex.org/W1990441460
https://openalex.org/W2044125631
https://openalex.org/W146786751
https://openalex.org/W2020363863
https://openalex.org/W2084050997
https://openalex.org/W62925436
https://openalex.org/W249654295
https://openalex.org/W1796217921
https://openalex.org/W2049006465
https://openalex.org/W2110557556
https://openalex.org/W1972883176
https://openalex.org/W1977665441
https://openalex.org/W2059531026
https://openalex.org/W2064138911
https://openalex.org/W2030175354
https://openalex.org/W1966726072
https://openalex.org/W1947304716
https://openalex.org/W2036976344
https://openalex.org/W2089195271
https://openalex.org/W2094214337
https://openalex.org/W2165339302
https://openalex.org/W2333151893
https://openalex.org/W2516100734
https://openalex.org/W2589894431
https://openalex.org/W2606673250
https://openalex.org/W2613965180
https://openalex.org/W2885581424
https://openalex.org/W2896614278
https://openalex.org/W2896618290
https://openalex.org/W2949398181
https://openalex.org/W4229822017
https://openalex.org/W1576688694
https://openalex.org/W1998798880
https://openalex.org/W2951579679
https://openalex.org/W2990755200
https://openalex.org/W2993398929
https://openalex.org/W4254699165
https://openalex.org/W3037833549
https://openalex.org/W3083997195
https://openalex.org/W3090392780
https://openalex.org/W3091130407
https://openalex.org/W3092518669
https://openalex.org/W2417424548
https://openalex.org/W3161150648
https://openalex.org/W3189812480
https://openalex.org/W3194842520
https://openalex.org/W4206129825
https://openalex.org/W4210259987
https://openalex.org/W4210904533
https://openalex.org/W4214552750
https://openalex.org/W4283220436
https://openalex.org/W4285295275
https://openalex.org/W4295084525
https://openalex.org/W4313577971
https://openalex.org/W4313909229
https://openalex.org/W4318219777
https://openalex.org/W4366525325
https://openalex.org/W4376122009
https://openalex.org/W4379929768
https://openalex.org/W4382812361
https://openalex.org/W4384157725
https://openalex.org/W4385642494
https://openalex.org/W4385791542
https://openalex.org/W4386119292
https://openalex.org/W4386470963
https://openalex.org/W4390049408
https://openalex.org/W4390059368
https://openalex.org/W4390116336
https://openalex.org/W2013780560
https://openalex.org/W2021116699
https://openalex.org/W2121634040
https://openalex.org/W2152809664
https://openalex.org/W1978792304
https://openalex.org/W1990109202
https://openalex.org/W159992182
https://openalex.org/W2032129897
https://openalex.org/W2061551618
https://openalex.org/W2061652946
https://openalex.org/W2097637681
https://openalex.org/W2147992976
https://openalex.org/W2319487929
https://openalex.org/W2433960663
https://openalex.org/W1988067223
https://openalex.org/W2039416996
https://openalex.org/W1972272427
https://openalex.org/W2069305085
https://openalex.org/W4242744752
https://openalex.org/W2161860626
https://openalex.org/W1964162684
https://openalex.org/W2117078571
https://openalex.org/W2051608747
https://openalex.org/W2141654654
https://openalex.org/W2166550563
https://openalex.org/W2015112322
https://openalex.org/W1977985721
https://openalex.org/W2054206875
https://openalex.org/W2952513684
https://openalex.org/W1497511587
https://openalex.org/W190963002
https://openalex.org/W1966771995
https://openalex.org/W2068564707
https://openalex.org/W2171152710
https://openalex.org/W2738717734
https://openalex.org/W2789799990
https://openalex.org/W2801901567
https://openalex.org/W2805339609
https://openalex.org/W2889102813
https://openalex.org/W2890491291
https://openalex.org/W3103164037
https://openalex.org/W3124281554
https://openalex.org/W1867942611
https://openalex.org/W2067514873
https://openalex.org/W2470268202
https://openalex.org/W2615352202
https://openalex.org/W2056520228
https://openalex.org/W2133206870
https://openalex.org/W4243133263
https://openalex.org/W4300352305
https://openalex.org/W2416346284
https://openalex.org/W1969744542
https://openalex.org/W2070063041
https://openalex.org/W2092847342
https://openalex.org/W2140289358
https://openalex.org/W2150259286
https://openalex.org/W2091137458
https://openalex.org/W2400864501
https://openalex.org/W2415685422
https://openalex.org/W2051913313
https://openalex.org/W2151812538
https://openalex.org/W2475666737
https://openalex.org/W1734463267
https://openalex.org/W1977976534
https://openalex.org/W1998281368
https://openalex.org/W2055297895
https://openalex.org/W2060522257
https://openalex.org/W2116902234
https://openalex.org/W2150328393
https://openalex.org/W2065227986
https://openalex.org/W2082621662
https://openalex.org/W2091460902
https://openalex.org/W2114591927
https://openalex.org/W2752687339
https://openalex.org/W2800082921
https://openalex.org/W2901244588
https://openalex.org/W1969453569
https://openalex.org/W2015529459
https://openalex.org/W2071254611
https://openalex.org/W2086791824
https://openalex.org/W2150420018
https://openalex.org/W2247206172
https://openalex.org/W2461891007
https://openalex.org/W2563678330
https://openalex.org/W2586220530
https://openalex.org/W2742306689
https://openalex.org/W2915957886
https://openalex.org/W2938746505
https://openalex.org/W2954279461
https://openalex.org/W2972388126
https://openalex.org/W2973058975
https://openalex.org/W2990797699
https://openalex.org/W3003253271
https://openalex.org/W3012257306
https://openalex.org/W3015003756
https://openalex.org/W3024901970
https://openalex.org/W3086622218
https://openalex.org/W1968912808
https://openalex.org/W2287382274
https://openalex.org/W2292427974
https://openalex.org/W3118380634
https://openalex.org/W3129300632
https://openalex.org/W3196733990
https://openalex.org/W3213467978
https://openalex.org/W1974779152
https://openalex.org/W1984785632
https://openalex.org/W2324946049
https://openalex.org/W2418873689
https://openalex.org/W2011473888
https://openalex.org/W1975588560
https://openalex.org/W2022514919
https://openalex.org/W2033932792
https://openalex.org/W2073835559
https://openalex.org/W2034076751
https://openalex.org/W2084333468
https://openalex.org/W213207302
https://openalex.org/W116168453
https://openalex.org/W1531655505
https://openalex.org/W1991561174
https://openalex.org/W2065238895
https://openalex.org/W2079410363
https://openalex.org/W2149329461
https://openalex.org/W2411187358
https://openalex.org/W2054541201
https://openalex.org/W2062344371
https://openalex.org/W2025910008
https://openalex.org/W2060280738
https://openalex.org/W2071286167
https://openalex.org/W1981323640
https://openalex.org/W2169367043
https://openalex.org/W7653710
https://openalex.org/W1165242258
https://openalex.org/W1977599269
https://openalex.org/W2126257533
https://openalex.org/W2158979967
https://openalex.org/W2165691695
https://openalex.org/W2313804523
https://openalex.org/W2773047248
https://openalex.org/W2787280542
https://openalex.org/W2797922174
https://openalex.org/W2800128567
https://openalex.org/W2888129663
https://openalex.org/W2899051307
https://openalex.org/W90162996
https://openalex.org/W1556204646
https://openalex.org/W1781297080
https://openalex.org/W2007430627
https://openalex.org/W2031949819
https://openalex.org/W2036649430
https://openalex.org/W2060106627
https://openalex.org/W2091626185
https://openalex.org/W2096237033
https://openalex.org/W2173378555
https://openalex.org/W2236491219
https://openalex.org/W2767889785
https://openalex.org/W2799305877
https://openalex.org/W2916131383
https://openalex.org/W2924585880
https://openalex.org/W2973717030
https://openalex.org/W2979598477
https://openalex.org/W3013775484
https://openalex.org/W3041112267
https://openalex.org/W3043310241
https://openalex.org/W3093935484
https://openalex.org/W3115621758
https://openalex.org/W3110024311
https://openalex.org/W3130918160
https://openalex.org/W3183920569
https://openalex.org/W3189203403
https://openalex.org/W4248658564
https://openalex.org/W4206796127
https://openalex.org/W4221022817
https://openalex.org/W4225408988
https://openalex.org/W4281562285
https://openalex.org/W4281725315
https://openalex.org/W4281804359
https://openalex.org/W4281834238
https://openalex.org/W4292379257
https://openalex.org/W4296844534
https://openalex.org/W4304845432
https://openalex.org/W4308410216
https://openalex.org/W4312238597
https://openalex.org/W1992207120
https://openalex.org/W2403145499
https://openalex.org/W2032376288
https://openalex.org/W2078595385
https://openalex.org/W2091327377
https://openalex.org/W2394879930
https://openalex.org/W2020366945
https://openalex.org/W1557607364
https://openalex.org/W179623757
https://openalex.org/W2036485441
https://openalex.org/W2114156962
https://openalex.org/W2119172654
https://openalex.org/W2472134755
https://openalex.org/W359357828
https://openalex.org/W73308694
https://openalex.org/W2183919879
https://openalex.org/W2330167393
https://openalex.org/W100967164
https://openalex.org/W2494476289
https://openalex.org/W2788081723
https://openalex.org/W2809617925
https://openalex.org/W2941627284
https://openalex.org/W1973040703
https://openalex.org/W2036592577
https://openalex.org/W2041812697
https://openalex.org/W2055630554
https://openalex.org/W2088475172
https://openalex.org/W2130219474
https://openalex.org/W2213170169
https://openalex.org/W2276145474
https://openalex.org/W2286193096
https://openalex.org/W2309615967
https://openalex.org/W2322243860
https://openalex.org/W2462541994
https://openalex.org/W2618349025
https://openalex.org/W2730953179
https://openalex.org/W3016615513
https://openalex.org/W3022760047
https://openalex.org/W3106423475
https://openalex.org/W2031938435
https://openalex.org/W2417439553
https://openalex.org/W146643018
https://openalex.org/W2031275284
https://openalex.org/W4256058612
https://openalex.org/W4321258647
https://openalex.org/W2165995793
https://openalex.org/W2398260931
https://openalex.org/W1976428568
https://openalex.org/W2010326135
https://openalex.org/W2061033750
https://openalex.org/W2003430141
https://openalex.org/W2049658757
https://openalex.org/W1482596334
https://openalex.org/W1966573516
https://openalex.org/W2058144835
https://openalex.org/W2066578031
https://openalex.org/W1810177505
https://openalex.org/W1981211778
https://openalex.org/W2046774710
https://openalex.org/W205831714
https://openalex.org/W2074454892
https://openalex.org/W2083489369
https://openalex.org/W2109463373
https://openalex.org/W4298164835
https://openalex.org/W1546184953
https://openalex.org/W2055305184
https://openalex.org/W1965113478
https://openalex.org/W1968986162
https://openalex.org/W202623856
https://openalex.org/W2121466736
https://openalex.org/W2334264848
https://openalex.org/W2396356478
https://openalex.org/W2769719216
https://openalex.org/W2791397133
https://openalex.org/W2803653914
https://openalex.org/W2898875185
https://openalex.org/W2906906281
https://openalex.org/W2909712865
https://openalex.org/W2914159870
https://openalex.org/W2945705605
https://openalex.org/W2983821351
https://openalex.org/W1986158094
https://openalex.org/W2095609486
https://openalex.org/W2140791199
https://openalex.org/W2164023488
https://openalex.org/W2186498009
https://openalex.org/W2272657991
https://openalex.org/W2481991899
https://openalex.org/W2485845414
https://openalex.org/W3142388202
https://openalex.org/W3196013518
https://openalex.org/W3201095192
https://openalex.org/W3212258913
https://openalex.org/W1974331172
https://openalex.org/W2112851213
https://openalex.org/W2294753283
https://openalex.org/W1881002121
https://openalex.org/W1990307394
https://openalex.org/W2015479615
https://openalex.org/W2282811741
https://openalex.org/W2326466542
https://openalex.org/W2346635183
https://openalex.org/W921789975
https://openalex.org/W132549129
https://openalex.org/W2147146361
https://openalex.org/W2051064568
https://openalex.org/W2412365157
https://openalex.org/W1971780802
https://openalex.org/W1526921363
https://openalex.org/W2017997902
https://openalex.org/W2050108499
https://openalex.org/W2057675948
https://openalex.org/W2077163497
https://openalex.org/W2121731070
https://openalex.org/W1522066369
https://openalex.org/W2108370364
https://openalex.org/W2121049008
https://openalex.org/W2122547235
https://openalex.org/W2161779844
https://openalex.org/W2183795989
https://openalex.org/W1492989616
https://openalex.org/W2003068558
https://openalex.org/W2040472356
https://openalex.org/W1973089521
https://openalex.org/W1998587358
https://openalex.org/W2004468126
https://openalex.org/W2026682639
https://openalex.org/W2046205745
https://openalex.org/W2062281712
https://openalex.org/W2062716671
https://openalex.org/W2075633766
https://openalex.org/W2102379285
https://openalex.org/W2141246181
https://openalex.org/W2339749129
https://openalex.org/W2570392029
https://openalex.org/W2613219714
https://openalex.org/W2763079899
https://openalex.org/W2808515274
https://openalex.org/W2810298570
https://openalex.org/W2888730603
https://openalex.org/W2896640588
https://openalex.org/W2901956228
https://openalex.org/W2920832483
https://openalex.org/W3006823848
https://openalex.org/W3034803037
https://openalex.org/W3041638223
https://openalex.org/W3080315177
https://openalex.org/W3089421089
https://openalex.org/W3101534789
https://openalex.org/W3104198063
https://openalex.org/W3104714214
https://openalex.org/W3138548031
https://openalex.org/W4231406401
https://openalex.org/W4242177624
https://openalex.org/W161844852
https://openalex.org/W2481134358
https://openalex.org/W2546701434
https://openalex.org/W2548343749
https://openalex.org/W2891190418
https://openalex.org/W3094508682
https://openalex.org/W3208290427
https://openalex.org/W4220674623
https://openalex.org/W4220870435
https://openalex.org/W4220873178
https://openalex.org/W4223893441
https://openalex.org/W4224289556
https://openalex.org/W4281765087
https://openalex.org/W4283704562
https://openalex.org/W4286508551
https://openalex.org/W4292332792
https://openalex.org/W4311715165
https://openalex.org/W4313430909
https://openalex.org/W100441644
https://openalex.org/W1989043143
https://openalex.org/W2015682014
https://openalex.org/W4253262189
https://openalex.org/W1945609514
https://openalex.org/W1973657058
https://openalex.org/W2053184364
https://openalex.org/W2079924741
https://openalex.org/W2109904516
https://openalex.org/W2057867723
https://openalex.org/W2187714997
https://openalex.org/W120807943
https://openalex.org/W1978390114
https://openalex.org/W2026458406
https://openalex.org/W2030912157
https://openalex.org/W95758435
https://openalex.org/W1592993700
https://openalex.org/W2023122747
https://openalex.org/W2053524121
https://openalex.org/W400390264
https://openalex.org/W15842735
https://openalex.org/W2155529105
https://openalex.org/W2171917026
https://openalex.org/W1482307033
https://openalex.org/W1967052541
https://openalex.org/W1972220796
https://openalex.org/W1977060541
https://openalex.org/W2023412193
https://openalex.org/W2023542085
https://openalex.org/W2071162111
https://openalex.org/W2093619028
https://openalex.org/W2099749462
https://openalex.org/W2159059844
https://openalex.org/W2282085365
https://openalex.org/W2590591032
https://openalex.org/W3163617944
https://openalex.org/W2080568658
https://openalex.org/W2401937997
https://openalex.org/W2027548925
https://openalex.org/W2052754955
https://openalex.org/W2091137716
https://openalex.org/W4244166966
https://openalex.org/W4248559857
https://openalex.org/W1504962993
https://openalex.org/W2033456794
https://openalex.org/W2048629660
https://openalex.org/W205624748
https://openalex.org/W4255455084
https://openalex.org/W104792429
https://openalex.org/W2013009751
https://openalex.org/W194883807
https://openalex.org/W1980108718
https://openalex.org/W2039130655
https://openalex.org/W2328839177
https://openalex.org/W276473333
https://openalex.org/W291697153
https://openalex.org/W4233508016
https://openalex.org/W802299920
https://openalex.org/W2030293388
https://openalex.org/W2064129812
https://openalex.org/W2008262126
https://openalex.org/W2052430720
https://openalex.org/W2407249519
https://openalex.org/W2479194898
https://openalex.org/W2554033787
https://openalex.org/W2556016455
https://openalex.org/W2598721456
https://openalex.org/W2752284408
https://openalex.org/W2767560171
https://openalex.org/W2785251087
https://openalex.org/W2793161486
https://openalex.org/W2796968218
https://openalex.org/W2801478461
https://openalex.org/W2803418075
https://openalex.org/W2890403333
https://openalex.org/W2947372654
https://openalex.org/W2948024192
https://openalex.org/W2948726585
https://openalex.org/W2955407474
https://openalex.org/W2965582781
https://openalex.org/W2977640498
https://openalex.org/W2989125381
https://openalex.org/W3021863874
https://openalex.org/W3040415018
https://openalex.org/W3047097198
https://openalex.org/W3047851484
https://openalex.org/W3048630068
https://openalex.org/W3089804079
https://openalex.org/W3092524771
https://openalex.org/W3096080679
https://openalex.org/W3098157937
https://openalex.org/W3104027250
https://openalex.org/W3117887109
https://openalex.org/W3124267188
https://openalex.org/W3153993371
https://openalex.org/W3161023947
https://openalex.org/W3168441877
https://openalex.org/W3182427862
https://openalex.org/W4200325625
https://openalex.org/W4200497385
https://openalex.org/W4206151435
https://openalex.org/W4239087136
https://openalex.org/W4249823481
https://openalex.org/W2419043321
https://openalex.org/W2541242653
https://openalex.org/W4387497014
https://openalex.org/W4392842628
https://openalex.org/W130437333
https://openalex.org/W1997459058
https://openalex.org/W2101300983
https://openalex.org/W2324839815
https://openalex.org/W2156005655
https://openalex.org/W4254531943
https://openalex.org/W2043867034
https://openalex.org/W2044518757
https://openalex.org/W2407924140
https://openalex.org/W2429628147
https://openalex.org/W2417423677
https://openalex.org/W642563587
https://openalex.org/W1541847524
https://openalex.org/W1974434375
https://openalex.org/W2024940744
https://openalex.org/W2051705889
https://openalex.org/W2080383539
https://openalex.org/W2332379176
https://openalex.org/W3200316068
https://openalex.org/W2059687176
https://openalex.org/W2139883979
https://openalex.org/W2143542561
https://openalex.org/W115600732
https://openalex.org/W126419143
https://openalex.org/W1496143141
https://openalex.org/W1557153025
https://openalex.org/W1675224953
https://openalex.org/W2037627671
https://openalex.org/W2038556884
https://openalex.org/W2042625403
https://openalex.org/W2058160965
https://openalex.org/W2068382475
https://openalex.org/W2069945737
https://openalex.org/W2084137878
https://openalex.org/W2086111817
https://openalex.org/W2093940998
https://openalex.org/W2096622207
https://openalex.org/W2117097543
https://openalex.org/W2168790382
https://openalex.org/W2172863071
https://openalex.org/W2355800657
https://openalex.org/W2369939389
https://openalex.org/W2402938017
https://openalex.org/W2415563993
https://openalex.org/W2526209651
https://openalex.org/W2571685762
https://openalex.org/W2937352964
https://openalex.org/W3017052916
https://openalex.org/W4243689091
https://openalex.org/W4247159120
https://openalex.org/W4388177118
https://openalex.org/W67139915
https://openalex.org/W3173613667
https://openalex.org/W4313829921
https://openalex.org/W4315767614
https://openalex.org/W4317556223
https://openalex.org/W4317556607
https://openalex.org/W4317681415
https://openalex.org/W4320008679
https://openalex.org/W4321457087
https://openalex.org/W4321500576
https://openalex.org/W4321995816
https://openalex.org/W4322769285
https://openalex.org/W4323542818
https://openalex.org/W4324373952
https://openalex.org/W4361007411
https://openalex.org/W4361238276
https://openalex.org/W4361238590
https://openalex.org/W4361239957
https://openalex.org/W4361254705
https://openalex.org/W4361254755
https://openalex.org/W4361254756
https://openalex.org/W4361258130
https://openalex.org/W4361258240
https://openalex.org/W4361258404
https://openalex.org/W4361266481
https://openalex.org/W4361812226
https://openalex.org/W4361812235
https://openalex.org/W4361812424
https://openalex.org/W4361812433
https://openalex.org/W4361812493
https://openalex.org/W4361812537
https://openalex.org/W4361812555
https://openalex.org/W4361812590
https://openalex.org/W4361822414
https://openalex.org/W4361824270
https://openalex.org/W4361840493
https://openalex.org/W4361844780
https://openalex.org/W4361876150
https://openalex.org/W4361876151
https://openalex.org/W4361876159
https://openalex.org/W4361876242
https://openalex.org/W4361876244
https://openalex.org/W4361876315
https://openalex.org/W4361876325
https://openalex.org/W4361876331
https://openalex.org/W4361897864
https://openalex.org/W4361897924
https://openalex.org/W4361897935
https://openalex.org/W4361897964
https://openalex.org/W4361898014
https://openalex.org/W4361898019
https://openalex.org/W4361898020
https://openalex.org/W4361898023
https://openalex.org/W4361930101
https://openalex.org/W4361939014
https://openalex.org/W4361939105
https://openalex.org/W4361939111
https://openalex.org/W4361946060
https://openalex.org/W4361947215
https://openalex.org/W4361953810
https://openalex.org/W4361958490
https://openalex.org/W4362241203
https://openalex.org/W4362241232
https://openalex.org/W4362403459
https://openalex.org/W4362416499
https://openalex.org/W4362418473
https://openalex.org/W4362418834
https://openalex.org/W4362432470
https://openalex.org/W4362432595
https://openalex.org/W4362529592
https://openalex.org/W4362529599
https://openalex.org/W4362529604
https://openalex.org/W4362529727
https://openalex.org/W4362529752
https://openalex.org/W4362529876
https://openalex.org/W4362541637
https://openalex.org/W4362624012
https://openalex.org/W4362624082
https://openalex.org/W4362624084
https://openalex.org/W4362624086
https://openalex.org/W4362624120
https://openalex.org/W4362624149
https://openalex.org/W4365458052
https://openalex.org/W4367601635
https://openalex.org/W4372319196
https://openalex.org/W4377232787
https://openalex.org/W4379405150
https://openalex.org/W4380853241
https://openalex.org/W4381594445
https://openalex.org/W4384211115
https://openalex.org/W4384786208
https://openalex.org/W4385194162
https://openalex.org/W4385268115
https://openalex.org/W4385544791
https://openalex.org/W4385556904
https://openalex.org/W4385669199
https://openalex.org/W4385791339
https://openalex.org/W4385791343
https://openalex.org/W4385791344
https://openalex.org/W4385791358
https://openalex.org/W4385791359
https://openalex.org/W4385791360
https://openalex.org/W4385791369
https://openalex.org/W4385791379
https://openalex.org/W4385791383
https://openalex.org/W4385791404
https://openalex.org/W4385791423
https://openalex.org/W4385791474
https://openalex.org/W4385791479
https://openalex.org/W4385791517
https://openalex.org/W4385791538
https://openalex.org/W4385791539
https://openalex.org/W4385791578
https://openalex.org/W4385893556
https://openalex.org/W4385895993
https://openalex.org/W4385896003
https://openalex.org/W4385896007
https://openalex.org/W4386032772
https://openalex.org/W4386098011
https://openalex.org/W4386241384
https://openalex.org/W4386347875
https://openalex.org/W4386401340
https://openalex.org/W4386479695
https://openalex.org/W4386733302
https://openalex.org/W4386757451
https://openalex.org/W4386764763
https://openalex.org/W4386777871
https://openalex.org/W4386777872
https://openalex.org/W4386777873
https://openalex.org/W4386777876
https://openalex.org/W4386777877
https://openalex.org/W4386777943
https://openalex.org/W4386777970
https://openalex.org/W4386777971
https://openalex.org/W4386778073
https://openalex.org/W4386778138
https://openalex.org/W4386778139
https://openalex.org/W4386778143
https://openalex.org/W4386778236
https://openalex.org/W4386778237
https://openalex.org/W4386778328
https://openalex.org/W4386778329
https://openalex.org/W4386778414
https://openalex.org/W4386778415
https://openalex.org/W4386778416
https://openalex.org/W4386778502
https://openalex.org/W4386778503
https://openalex.org/W4386778508
https://openalex.org/W4386778579
https://openalex.org/W4386778580
https://openalex.org/W4386778581
https://openalex.org/W4386778582
https://openalex.org/W4386778644
https://openalex.org/W4386778679
https://openalex.org/W4386778680
https://openalex.org/W4386778728
https://openalex.org/W4386778730
https://openalex.org/W4386896263
https://openalex.org/W4386950788
https://openalex.org/W4387050004
https://openalex.org/W4387351026
https://openalex.org/W4387426707
https://openalex.org/W4387476709
https://openalex.org/W4387496603
https://openalex.org/W4387496769
https://openalex.org/W4387497023
https://openalex.org/W4387497064
https://openalex.org/W4387504386
https://openalex.org/W4387598431
https://openalex.org/W4388196163
https://openalex.org/W4388499228
https://openalex.org/W4388582921
https://openalex.org/W4388639364
https://openalex.org/W4388737789
https://openalex.org/W4388786303
https://openalex.org/W4389032017
https://openalex.org/W4389078503
https://openalex.org/W4389229986
https://openalex.org/W4389493717
https://openalex.org/W4389615046
https://openalex.org/W4389728890
https://openalex.org/W4389885683
https://openalex.org/W4389944997
https://openalex.org/W4390078680
https://openalex.org/W4390114803
https://openalex.org/W4390397007
https://openalex.org/W4390402113
https://openalex.org/W4390745780
https://openalex.org/W4391006974
https://openalex.org/W4391148000
https://openalex.org/W4391181392
https://openalex.org/W4392314714
https://openalex.org/W4392679983
https://openalex.org/W4392686088
https://openalex.org/W4392700215
https://openalex.org/W4392723331
https://openalex.org/W4392725761
https://openalex.org/W4393386697
https://openalex.org/W4393609983
https://openalex.org/W4393923455
https://openalex.org/W4394226916
https://openalex.org/W4394471794
https://openalex.org/W4394941367
https://openalex.org/W57302400
https://openalex.org/W1764269277
https://openalex.org/W1971453156
https://openalex.org/W2036613242
https://openalex.org/W2055609351
https://openalex.org/W2222383374
https://openalex.org/W91052171
https://openalex.org/W1025581072
https://openalex.org/W1965205648
https://openalex.org/W1975053646
https://openalex.org/W1982615555
https://openalex.org/W2026027115
https://openalex.org/W2084364792
https://openalex.org/W2085310398
https://openalex.org/W2339917592
https://openalex.org/W4246885344
https://openalex.org/W2057394052
https://openalex.org/W2069098295
https://openalex.org/W2085914331
https://openalex.org/W2410833107
https://openalex.org/W1988586331
https://openalex.org/W2132911042
https://openalex.org/W2405759124
https://openalex.org/W2522581474
https://openalex.org/W2567901001
https://openalex.org/W2597835323
https://openalex.org/W2625177031
https://openalex.org/W2746273959
https://openalex.org/W2763787432
https://openalex.org/W2770542861
https://openalex.org/W2125306793
https://openalex.org/W2268248359
https://openalex.org/W2304694736
https://openalex.org/W2441843012
https://openalex.org/W2474232538
https://openalex.org/W159779315
https://openalex.org/W1747916822
https://openalex.org/W2014767237
https://openalex.org/W2025168014
https://openalex.org/W2287850337
https://openalex.org/W2346734112
https://openalex.org/W2143746546
https://openalex.org/W81591355
https://openalex.org/W1259317363
https://openalex.org/W1593714112
https://openalex.org/W1703613216
https://openalex.org/W1970148850
https://openalex.org/W2017990684
https://openalex.org/W254392171
https://openalex.org/W3121630278
https://openalex.org/W337275342
https://openalex.org/W1501005364
https://openalex.org/W1530228571
https://openalex.org/W1915277132
https://openalex.org/W2016197981
https://openalex.org/W2055415710
https://openalex.org/W2056055861
https://openalex.org/W2269746114
https://openalex.org/W2289347789
https://openalex.org/W2293265341
https://openalex.org/W2399552330
https://openalex.org/W2788656614
https://openalex.org/W2792882783
https://openalex.org/W2886411362
https://openalex.org/W2890624316
https://openalex.org/W2891236744
https://openalex.org/W2898647143
https://openalex.org/W2899914305
https://openalex.org/W2913941296
https://openalex.org/W2914500157
https://openalex.org/W2944072641
https://openalex.org/W2972308342
https://openalex.org/W2976211608
https://openalex.org/W2982491364
https://openalex.org/W2994241324
https://openalex.org/W3010985659
https://openalex.org/W3030575136
https://openalex.org/W3042795500
https://openalex.org/W3092127618
https://openalex.org/W3120351961
https://openalex.org/W3122303514
https://openalex.org/W3130829505
https://openalex.org/W3158666338
https://openalex.org/W3164457914
https://openalex.org/W3189761340
https://openalex.org/W3204857157
https://openalex.org/W4210445060
https://openalex.org/W2345142609
https://openalex.org/W2355619469
https://openalex.org/W2383087634
https://openalex.org/W2415035794
https://openalex.org/W2494562073
https://openalex.org/W2562573714
https://openalex.org/W2587781845
https://openalex.org/W2604521915
https://openalex.org/W2664064175
https://openalex.org/W3216116094
https://openalex.org/W4205542776
https://openalex.org/W4213139509
https://openalex.org/W4223540022
https://openalex.org/W4225150555
https://openalex.org/W4229452385
https://openalex.org/W4280620336
https://openalex.org/W4289109978
https://openalex.org/W4295269963
https://openalex.org/W4297997561
https://openalex.org/W4306319338
https://openalex.org/W4307699247
https://openalex.org/W4312065648
https://openalex.org/W2023242093
https://openalex.org/W2089542111
https://openalex.org/W2399374800
https://openalex.org/W182818863
https://openalex.org/W1990990157
https://openalex.org/W1997081649
https://openalex.org/W2027622440
https://openalex.org/W2031649866
https://openalex.org/W2064223718
https://openalex.org/W2327612565
https://openalex.org/W2410524751
https://openalex.org/W4250979099
https://openalex.org/W4662129
https://openalex.org/W1612266725
https://openalex.org/W2013605340
https://openalex.org/W2017404232
https://openalex.org/W2059000251
https://openalex.org/W2110755404
https://openalex.org/W2309739044
https://openalex.org/W2008124196
https://openalex.org/W20254148
https://openalex.org/W2505672129
https://openalex.org/W2032824629
https://openalex.org/W2033070234
https://openalex.org/W2084801720
https://openalex.org/W2154020779
https://openalex.org/W2364956898
https://openalex.org/W2436312260
https://openalex.org/W287002693
https://openalex.org/W91377948
https://openalex.org/W1974135501
https://openalex.org/W1977593111
https://openalex.org/W1978701414
https://openalex.org/W1980015441
https://openalex.org/W1993021840
https://openalex.org/W1998800217
https://openalex.org/W2009286973
https://openalex.org/W2019739207
https://openalex.org/W2075576768
https://openalex.org/W2155952354
https://openalex.org/W2160234969
https://openalex.org/W2201126526
https://openalex.org/W2254807271
https://openalex.org/W2314685846
https://openalex.org/W2327980973
https://openalex.org/W2337272981
https://openalex.org/W2337990206
https://openalex.org/W2394933702
https://openalex.org/W2397160689
https://openalex.org/W2397781314
https://openalex.org/W2399941512
https://openalex.org/W2411928522
https://openalex.org/W2419225326
https://openalex.org/W2892672949
https://openalex.org/W2942540644
https://openalex.org/W3133790197
https://openalex.org/W4233094905
https://openalex.org/W4252555843
https://openalex.org/W4297661690
https://openalex.org/W4298324475
https://openalex.org/W4313057461
https://openalex.org/W66952674
https://openalex.org/W77253356
https://openalex.org/W847367310
https://openalex.org/W2405333209
https://openalex.org/W1918671739
https://openalex.org/W2362248886
https://openalex.org/W2412416981
https://openalex.org/W2416353048
https://openalex.org/W97936409
https://openalex.org/W1988675841
https://openalex.org/W2077102459
https://openalex.org/W2114581322
https://openalex.org/W2475701688
https://openalex.org/W588581610
https://openalex.org/W1455502219
https://openalex.org/W1480042177
https://openalex.org/W1771823921
https://openalex.org/W1801781328
https://openalex.org/W1973579415
https://openalex.org/W2017631679
https://openalex.org/W2019324316
https://openalex.org/W2242574887
https://openalex.org/W2302235692
https://openalex.org/W2402400024
https://openalex.org/W2495489319
https://openalex.org/W2567112630
https://openalex.org/W374899318
https://openalex.org/W839040402
https://openalex.org/W1498762745
https://openalex.org/W2003704671
https://openalex.org/W2030824971
https://openalex.org/W2067713714
https://openalex.org/W2135705272
https://openalex.org/W2137085268
https://openalex.org/W2141230323
https://openalex.org/W221478200
https://openalex.org/W2232995130
https://openalex.org/W2608674250
https://openalex.org/W2740568928
https://openalex.org/W2742865533
https://openalex.org/W2763810845
https://openalex.org/W2766794581
https://openalex.org/W2770810835
https://openalex.org/W2772888738
https://openalex.org/W2785202456
https://openalex.org/W3007415221
https://openalex.org/W3020250639
https://openalex.org/W4248532976
https://openalex.org/W4291194997
https://openalex.org/W194942193
https://openalex.org/W1991991204
https://openalex.org/W2068342454
https://openalex.org/W2238216899
https://openalex.org/W2406324888
https://openalex.org/W261991120
https://openalex.org/W162218840
https://openalex.org/W2033315088
https://openalex.org/W2053206385
https://openalex.org/W2094931885
https://openalex.org/W2288364782
https://openalex.org/W2413155912
https://openalex.org/W2889242652
https://openalex.org/W1874968143
https://openalex.org/W4239604548
https://openalex.org/W610065975
https://openalex.org/W18448844
https://openalex.org/W1974482240
https://openalex.org/W2084482208
https://openalex.org/W2110422154
https://openalex.org/W2163506019
https://openalex.org/W2182409047
https://openalex.org/W2414494132
https://openalex.org/W2478125219
https://openalex.org/W2501318698
https://openalex.org/W2588244977
https://openalex.org/W2782474992
https://openalex.org/W2792539950
https://openalex.org/W2794059104
https://openalex.org/W2810704084
https://openalex.org/W2886501758
https://openalex.org/W2890987715
https://openalex.org/W2897154108
https://openalex.org/W2901147162
https://openalex.org/W2901253480
https://openalex.org/W2904715633
https://openalex.org/W2944190604
https://openalex.org/W2976609344
https://openalex.org/W3124152934
https://openalex.org/W4253056542
https://openalex.org/W137995421
https://openalex.org/W1967177000
https://openalex.org/W2054819499
https://openalex.org/W2090237478
https://openalex.org/W2105803396
https://openalex.org/W2138985075
https://openalex.org/W2429453102
https://openalex.org/W4252211079
https://openalex.org/W1968994680
https://openalex.org/W2215739468
https://openalex.org/W14124516
https://openalex.org/W196061861
https://openalex.org/W2001208313
https://openalex.org/W2007292245
https://openalex.org/W213272952
https://openalex.org/W2186102881
https://openalex.org/W2299657089
https://openalex.org/W2347162898
https://openalex.org/W2384013146
https://openalex.org/W2895564146
https://openalex.org/W2914756911
https://openalex.org/W2918735633
https://openalex.org/W2944860184
https://openalex.org/W2944921097
https://openalex.org/W2947447236
https://openalex.org/W2955467465
https://openalex.org/W2980764633
https://openalex.org/W2990150033
https://openalex.org/W3015837620
https://openalex.org/W3084572748
https://openalex.org/W3085161819
https://openalex.org/W3089376982
https://openalex.org/W3094473109
https://openalex.org/W3111424519
https://openalex.org/W3116442774
https://openalex.org/W4205122763
https://openalex.org/W4236475772
https://openalex.org/W4254386500
https://openalex.org/W4288018392
https://openalex.org/W4393600891
https://openalex.org/W119979249
https://openalex.org/W212533052
https://openalex.org/W2460133054
https://openalex.org/W1546950922
https://openalex.org/W1557593729
https://openalex.org/W15626751
https://openalex.org/W1965308777
https://openalex.org/W1972821165
https://openalex.org/W1999589753
https://openalex.org/W2004565189
https://openalex.org/W2011604283
https://openalex.org/W2048926436
https://openalex.org/W2095262241
https://openalex.org/W4248153664
https://openalex.org/W597808491
https://openalex.org/W88204239
https://openalex.org/W183834114
https://openalex.org/W197806016
https://openalex.org/W1990172504
https://openalex.org/W1990739850
https://openalex.org/W2005882821
https://openalex.org/W2068514230
https://openalex.org/W2176736645
https://openalex.org/W2314905908
https://openalex.org/W2400478061
https://openalex.org/W2411494531
https://openalex.org/W2566059718
https://openalex.org/W3120334535
https://openalex.org/W3125267643
https://openalex.org/W3128622151
https://openalex.org/W3135623046
https://openalex.org/W3163852691
https://openalex.org/W3164707091
https://openalex.org/W3176378391
https://openalex.org/W3180593037
https://openalex.org/W3189597782
https://openalex.org/W3200753224
https://openalex.org/W3201141837
https://openalex.org/W3203591341
https://openalex.org/W3203761083
https://openalex.org/W3212061342
https://openalex.org/W3214826635
https://openalex.org/W4205622799
https://openalex.org/W4213005451
https://openalex.org/W4243679485
https://openalex.org/W4303414367
https://openalex.org/W68106880
https://openalex.org/W1543994382
https://openalex.org/W1640595204
https://openalex.org/W2106324339
https://openalex.org/W834629730
https://openalex.org/W115230357
https://openalex.org/W156789201
https://openalex.org/W205921490
https://openalex.org/W2081973316
https://openalex.org/W2246895482
https://openalex.org/W2259711318
https://openalex.org/W4247657096
https://openalex.org/W74666617
https://openalex.org/W141340669
https://openalex.org/W1523550787
https://openalex.org/W1558081940
https://openalex.org/W1964345342
https://openalex.org/W1996325575
https://openalex.org/W2018817415
https://openalex.org/W2023659559
https://openalex.org/W2039702114
https://openalex.org/W2047222137
https://openalex.org/W2048697117
https://openalex.org/W2136935680
https://openalex.org/W2323281482
https://openalex.org/W2414702072
https://openalex.org/W2571515285
https://openalex.org/W2735091939
https://openalex.org/W4234944918
https://openalex.org/W66255115
https://openalex.org/W1029580688
https://openalex.org/W172975054
https://openalex.org/W1970285577
https://openalex.org/W2032447853
https://openalex.org/W2050865877
https://openalex.org/W2279104321
https://openalex.org/W2315176286
https://openalex.org/W2407003914
https://openalex.org/W2414328172
https://openalex.org/W2416855181
https://openalex.org/W2416943908
https://openalex.org/W2466189298
https://openalex.org/W3090817481
https://openalex.org/W4213076258
https://openalex.org/W955883611
https://openalex.org/W130662571
https://openalex.org/W1963729531
https://openalex.org/W1988587332
https://openalex.org/W1995342503
https://openalex.org/W2051081452
https://openalex.org/W2089210566
https://openalex.org/W2181919040
https://openalex.org/W2233770465
https://openalex.org/W4248095271
https://openalex.org/W1574285111
https://openalex.org/W2021946369
https://openalex.org/W2033569793
https://openalex.org/W1493864177
https://openalex.org/W1502927828
https://openalex.org/W1554091797
https://openalex.org/W1561928518
https://openalex.org/W1574215203
https://openalex.org/W1761630621
https://openalex.org/W1844855933
https://openalex.org/W1958601650
https://openalex.org/W1973310826
https://openalex.org/W1980889427
https://openalex.org/W1990113792
https://openalex.org/W1996137695
https://openalex.org/W1999063873
https://openalex.org/W2001146063
https://openalex.org/W2012193749
https://openalex.org/W2025422857
https://openalex.org/W2034048947
https://openalex.org/W2048673724
https://openalex.org/W2051592445
https://openalex.org/W2054964204
https://openalex.org/W2062458132
https://openalex.org/W2075708236
https://openalex.org/W2087307929
https://openalex.org/W2088995777
https://openalex.org/W209240589
https://openalex.org/W2102365339
https://openalex.org/W2109991957
https://openalex.org/W2145961291
https://openalex.org/W2185309360
https://openalex.org/W2221066553
https://openalex.org/W2222002954
https://openalex.org/W2239552228
https://openalex.org/W2240798379
https://openalex.org/W2261659897
https://openalex.org/W2276543312
https://openalex.org/W2288747299
https://openalex.org/W2290462651
https://openalex.org/W2314965127
https://openalex.org/W2321093375
https://openalex.org/W2325640523
https://openalex.org/W2334649764
https://openalex.org/W2338940974
https://openalex.org/W2340401881
https://openalex.org/W2340421904
https://openalex.org/W2354052043
https://openalex.org/W2397300150
https://openalex.org/W2399613167
https://openalex.org/W2399821464
https://openalex.org/W2400109073
https://openalex.org/W2412387554
https://openalex.org/W2412841395
https://openalex.org/W2413543622
https://openalex.org/W2416001135
https://openalex.org/W2417722722
https://openalex.org/W2426653554
https://openalex.org/W2434466864
https://openalex.org/W2461300758
https://openalex.org/W2462328069
https://openalex.org/W2468079754
https://openalex.org/W2480687663
https://openalex.org/W2482818133
https://openalex.org/W2484794291
https://openalex.org/W2487584237
https://openalex.org/W2489712180
https://openalex.org/W2504498186
https://openalex.org/W2513346425
https://openalex.org/W2516068920
https://openalex.org/W2521971252
https://openalex.org/W2527850134
https://openalex.org/W2530269067
https://openalex.org/W2540335570
https://openalex.org/W2540632365
https://openalex.org/W2543910457
https://openalex.org/W2545761219
https://openalex.org/W2547477549
https://openalex.org/W2549760067
https://openalex.org/W2553911438
https://openalex.org/W2553964550
https://openalex.org/W2559853717
https://openalex.org/W2560226956
https://openalex.org/W2564073562
https://openalex.org/W2572461085
https://openalex.org/W2572822322
https://openalex.org/W2574032367
https://openalex.org/W2574040581
https://openalex.org/W2577080052
https://openalex.org/W2579192092
https://openalex.org/W2586921490
https://openalex.org/W2592288896
https://openalex.org/W2592785549
https://openalex.org/W2604173307
https://openalex.org/W2606018095
https://openalex.org/W2611413884
https://openalex.org/W2612290172
https://openalex.org/W2612844843
https://openalex.org/W2612918742
https://openalex.org/W2613732147
https://openalex.org/W2615023275
https://openalex.org/W2616230951
https://openalex.org/W2622009190
https://openalex.org/W2622418656
https://openalex.org/W2622664408
https://openalex.org/W2623343727
https://openalex.org/W2623790886
https://openalex.org/W2625056089
https://openalex.org/W2626912902
https://openalex.org/W2659736785
https://openalex.org/W2729042552
https://openalex.org/W2729694662
https://openalex.org/W2748754902
https://openalex.org/W2759164039
https://openalex.org/W2759233571
https://openalex.org/W2765778532
https://openalex.org/W2768833683
https://openalex.org/W2808887124
https://openalex.org/W2883100447
https://openalex.org/W2886546216
https://openalex.org/W2887014924
https://openalex.org/W2905263308
https://openalex.org/W2943104633
https://openalex.org/W2943474102
https://openalex.org/W2946080756
https://openalex.org/W2948759600
https://openalex.org/W2950893940
https://openalex.org/W2957175399
https://openalex.org/W2966640669
https://openalex.org/W2974427688
https://openalex.org/W2977764825
https://openalex.org/W2979264780
https://openalex.org/W2997487400
https://openalex.org/W2998190095
https://openalex.org/W3008569916
https://openalex.org/W3014316460
https://openalex.org/W3014763392
https://openalex.org/W3033218865
https://openalex.org/W3123563350
https://openalex.org/W3134197362
https://openalex.org/W3146818850
https://openalex.org/W3147803526
https://openalex.org/W3148721917
https://openalex.org/W3150405896
https://openalex.org/W3185944066
https://openalex.org/W3187670786
https://openalex.org/W4229997640
https://openalex.org/W4230684995
https://openalex.org/W4233094501
https://openalex.org/W4237372379
https://openalex.org/W4241350694
https://openalex.org/W4241795430
https://openalex.org/W4243218152
https://openalex.org/W4250910030
https://openalex.org/W4254059460
https://openalex.org/W4298067397
https://openalex.org/W4298432663
https://openalex.org/W4299547397
https://openalex.org/W4300050251
https://openalex.org/W4300536590
https://openalex.org/W4394006987
https://openalex.org/W886848704
https://openalex.org/W1221290962
https://openalex.org/W1749824477
https://openalex.org/W1987207743
https://openalex.org/W1999394263
https://openalex.org/W2020454285
https://openalex.org/W2050290932
https://openalex.org/W233823897
https://openalex.org/W2462450875
https://openalex.org/W4234365020
https://openalex.org/W4238206361
https://openalex.org/W1990286527
https://openalex.org/W2017816121
https://openalex.org/W2029916309
https://openalex.org/W2069509330
https://openalex.org/W2089171252
https://openalex.org/W129574070
https://openalex.org/W138401628
https://openalex.org/W1488221209
https://openalex.org/W1505100721
https://openalex.org/W1585488203
https://openalex.org/W1971783901
https://openalex.org/W1975604108
https://openalex.org/W1977210029
https://openalex.org/W1981368107
https://openalex.org/W1987975179
https://openalex.org/W1998854056
https://openalex.org/W2000257370
https://openalex.org/W2001595829
https://openalex.org/W2006968361
https://openalex.org/W2009897167
https://openalex.org/W2017929244
https://openalex.org/W2030469335
https://openalex.org/W2040595666
https://openalex.org/W2042794458
https://openalex.org/W2048412810
https://openalex.org/W2051058993
https://openalex.org/W2052058223
https://openalex.org/W2061125488
https://openalex.org/W2070848824
https://openalex.org/W2074682968
https://openalex.org/W2078506868
https://openalex.org/W2105856553
https://openalex.org/W2122920164
https://openalex.org/W2138353507
https://openalex.org/W2138726786
https://openalex.org/W2156264597
https://openalex.org/W2183614591
https://openalex.org/W2214686457
https://openalex.org/W2225069272
https://openalex.org/W2241996235
https://openalex.org/W2247143234
https://openalex.org/W2249864076
https://openalex.org/W2253054663
https://openalex.org/W2254475159
https://openalex.org/W2262667415
https://openalex.org/W2267372026
https://openalex.org/W2277778833
https://openalex.org/W2314611944
https://openalex.org/W2315921831
https://openalex.org/W2319538412
https://openalex.org/W2319830660
https://openalex.org/W2322097152
https://openalex.org/W2322234107
https://openalex.org/W2324626542
https://openalex.org/W2324748203
https://openalex.org/W2331329904
https://openalex.org/W2331379886
https://openalex.org/W2331639909
https://openalex.org/W2331866601
https://openalex.org/W2332798466
https://openalex.org/W2337576908
https://openalex.org/W2349881543
https://openalex.org/W2349908387
https://openalex.org/W2351565812
https://openalex.org/W2386623812
https://openalex.org/W2387744446
https://openalex.org/W2393432474
https://openalex.org/W2395354241
https://openalex.org/W2398154041
https://openalex.org/W2398403409
https://openalex.org/W2398852187
https://openalex.org/W2399675163
https://openalex.org/W2399789790
https://openalex.org/W2400205667
https://openalex.org/W2404924728
https://openalex.org/W2405569395
https://openalex.org/W2408401175
https://openalex.org/W2409094461
https://openalex.org/W2410696142
https://openalex.org/W2411707382
https://openalex.org/W2411821821
https://openalex.org/W2412695225
https://openalex.org/W2416052528
https://openalex.org/W2416564918
https://openalex.org/W2417348121
https://openalex.org/W242012734
https://openalex.org/W2422320674
https://openalex.org/W2496571639
https://openalex.org/W2524026116
https://openalex.org/W2531713070
https://openalex.org/W2549192856
https://openalex.org/W2564367012
https://openalex.org/W2595874238
https://openalex.org/W2596627728
https://openalex.org/W2597676813
https://openalex.org/W2599712971
https://openalex.org/W2600366551
https://openalex.org/W2601795578
https://openalex.org/W2605185677
https://openalex.org/W2615383181
https://openalex.org/W2626906892
https://openalex.org/W2737156702
https://openalex.org/W2741244943
https://openalex.org/W2778775673
https://openalex.org/W2811461424
https://openalex.org/W2816274274
https://openalex.org/W2906573124
https://openalex.org/W2917036225
https://openalex.org/W2944923061
https://openalex.org/W2948040377
https://openalex.org/W2948679986
https://openalex.org/W2949193925
https://openalex.org/W2956056257
https://openalex.org/W2967423457
https://openalex.org/W2969663303
https://openalex.org/W2979609442
https://openalex.org/W299053876
https://openalex.org/W3004005587
https://openalex.org/W3042489219
https://openalex.org/W3043336614
https://openalex.org/W3047874120
https://openalex.org/W3088898544
https://openalex.org/W3116267987
https://openalex.org/W3163959804
https://openalex.org/W3168983430
https://openalex.org/W3172701108
https://openalex.org/W3173612707
https://openalex.org/W3179025137
https://openalex.org/W3194281748
https://openalex.org/W3194997995
https://openalex.org/W357955912
https://openalex.org/W4205790955
https://openalex.org/W4206723706
https://openalex.org/W4210419895
https://openalex.org/W4214939423
https://openalex.org/W4230032054
https://openalex.org/W4234290360
https://openalex.org/W4234309247
https://openalex.org/W4237455649
https://openalex.org/W4239907941
https://openalex.org/W4240651831
https://openalex.org/W4240810496
https://openalex.org/W4241205059
https://openalex.org/W4241455991
https://openalex.org/W4243015009
https://openalex.org/W4243083504
https://openalex.org/W4243085410
https://openalex.org/W4243435482
https://openalex.org/W4243464177
https://openalex.org/W4243601601
https://openalex.org/W4243981515
https://openalex.org/W4245071905
https://openalex.org/W4246364761
https://openalex.org/W4248187346
https://openalex.org/W4248791088
https://openalex.org/W4249538989
https://openalex.org/W4249959208
https://openalex.org/W4250677517
https://openalex.org/W4250830124
https://openalex.org/W4254903207
https://openalex.org/W4256241171
https://openalex.org/W4380479073
https://openalex.org/W4380479180
https://openalex.org/W4388571543
https://openalex.org/W489504
https://openalex.org/W577866721
https://openalex.org/W578490384
https://openalex.org/W592220262
https://openalex.org/W68066866
https://openalex.org/W802112546
https://openalex.org/W825520342
https://openalex.org/W881944481
https://openalex.org/W95184474
https://openalex.org/W2032006373
https://openalex.org/W2067680971
https://openalex.org/W2244601746
https://openalex.org/W1596897970
https://openalex.org/W1867665743
https://openalex.org/W2017160083
https://openalex.org/W2026763953
https://openalex.org/W2038123285
https://openalex.org/W2130115266
https://openalex.org/W2246054504
https://openalex.org/W255793691
https://openalex.org/W26842228
https://openalex.org/W2725933504
https://openalex.org/W3145417466
https://openalex.org/W107189970
https://openalex.org/W1733311382
https://openalex.org/W1796655633
https://openalex.org/W1976568416
https://openalex.org/W1979008746
https://openalex.org/W2021620274
https://openalex.org/W2022603103
https://openalex.org/W2025848300
https://openalex.org/W2026205336
https://openalex.org/W2029569136
https://openalex.org/W2038320247
https://openalex.org/W2042188535
https://openalex.org/W2045555349
https://openalex.org/W2069596734
https://openalex.org/W2073903568
https://openalex.org/W2171267130
https://openalex.org/W2234247682
https://openalex.org/W2294156339
https://openalex.org/W2319853566
https://openalex.org/W2325665776
https://openalex.org/W2333024808
https://openalex.org/W2364037531
https://openalex.org/W2380609148
https://openalex.org/W2389751285
https://openalex.org/W2393387006
https://openalex.org/W2395887981
https://openalex.org/W2405812286
https://openalex.org/W2406296963
https://openalex.org/W2408210477
https://openalex.org/W2416548066
https://openalex.org/W2427828066
https://openalex.org/W2463965111
https://openalex.org/W2467581440
https://openalex.org/W2471207569
https://openalex.org/W247627452
https://openalex.org/W2562351911
https://openalex.org/W2575681331
https://openalex.org/W2582545406
https://openalex.org/W2582652260
https://openalex.org/W2585384795
https://openalex.org/W2591335112
https://openalex.org/W2591801171
https://openalex.org/W2592717787
https://openalex.org/W2610974635
https://openalex.org/W2611374474
https://openalex.org/W2612403206
https://openalex.org/W2613046924
https://openalex.org/W2616943681
https://openalex.org/W2621965095
https://openalex.org/W2652203608
https://openalex.org/W2668610731
https://openalex.org/W2728597841
https://openalex.org/W2732283173
https://openalex.org/W2735119188
https://openalex.org/W2736253006
https://openalex.org/W2740336705
https://openalex.org/W2742153247
https://openalex.org/W2743778014
https://openalex.org/W2745721141
https://openalex.org/W2757298497
https://openalex.org/W2759378235
https://openalex.org/W2762714954
https://openalex.org/W2762967981
https://openalex.org/W2764246184
https://openalex.org/W2766935767
https://openalex.org/W2785260332
https://openalex.org/W2785572617
https://openalex.org/W2785717726
https://openalex.org/W2786106385
https://openalex.org/W2786541067
https://openalex.org/W2786877423
https://openalex.org/W2786990080
https://openalex.org/W2787331256
https://openalex.org/W2788383176
https://openalex.org/W2793212972
https://openalex.org/W2887351707
https://openalex.org/W2889856904
https://openalex.org/W2891949470
https://openalex.org/W2896228868
https://openalex.org/W2905383237
https://openalex.org/W2949989441
https://openalex.org/W2963431837
https://openalex.org/W2988654354
https://openalex.org/W3003313064
https://openalex.org/W3018328405
https://openalex.org/W3020538126
https://openalex.org/W3091523019
https://openalex.org/W3096447122
https://openalex.org/W3107813934
https://openalex.org/W3117228334
https://openalex.org/W3127683438
https://openalex.org/W3141691428
https://openalex.org/W3172610021
https://openalex.org/W3175119962
https://openalex.org/W3183808977
https://openalex.org/W3185425465
https://openalex.org/W3189212116
https://openalex.org/W3208203257
https://openalex.org/W3208259149
https://openalex.org/W3210678938
https://openalex.org/W3215896304
https://openalex.org/W3821708
https://openalex.org/W4210886838
https://openalex.org/W4212808856
https://openalex.org/W4236029546
https://openalex.org/W4242303950
https://openalex.org/W4244020705
https://openalex.org/W4247741499
https://openalex.org/W4252561379
https://openalex.org/W4252718575
https://openalex.org/W4253631606
https://openalex.org/W4291747142
https://openalex.org/W4298192738
https://openalex.org/W4299582037
https://openalex.org/W4299851707
https://openalex.org/W4318180021
https://openalex.org/W4319165528
https://openalex.org/W4320230970
https://openalex.org/W4327873592
https://openalex.org/W4328049985
https://openalex.org/W4360881180
https://openalex.org/W4360941802
https://openalex.org/W4361189897
https://openalex.org/W4362591683
https://openalex.org/W4366780284
https://openalex.org/W4372153432
https://openalex.org/W4381059813
https://openalex.org/W840416306
https://openalex.org/W918157168
https://openalex.org/W2001933470
https://openalex.org/W2322953484
https://openalex.org/W2395208893
https://openalex.org/W2420910572
https://openalex.org/W2946425696
https://openalex.org/W3140757166
https://openalex.org/W430980824
https://openalex.org/W631236736
https://openalex.org/W1041042486
https://openalex.org/W1150046
https://openalex.org/W121597880
https://openalex.org/W1525699916
https://openalex.org/W1530723700
https://openalex.org/W1565502567
https://openalex.org/W184192391
https://openalex.org/W1855357586
https://openalex.org/W192502333
https://openalex.org/W1976008053
https://openalex.org/W1982038451
https://openalex.org/W1998398758
https://openalex.org/W2022253917
https://openalex.org/W2042076262
https://openalex.org/W2046228181
https://openalex.org/W2048140171
https://openalex.org/W2054532910
https://openalex.org/W2064483169
https://openalex.org/W2071332752
https://openalex.org/W2080590908
https://openalex.org/W2083207020
https://openalex.org/W2090295399
https://openalex.org/W2116081548
https://openalex.org/W2126874011
https://openalex.org/W2129035949
https://openalex.org/W2159756074
https://openalex.org/W2167816695
https://openalex.org/W2212522644
https://openalex.org/W2220322572
https://openalex.org/W2245720414
https://openalex.org/W2256144772
https://openalex.org/W2273486520
https://openalex.org/W2287083357
https://openalex.org/W2292799519
https://openalex.org/W2294255338
https://openalex.org/W2336473920
https://openalex.org/W2359724952
https://openalex.org/W2364771279
https://openalex.org/W2373125986
https://openalex.org/W2404578184
https://openalex.org/W2412333344
https://openalex.org/W2413060193
https://openalex.org/W2419240928
https://openalex.org/W2436183344
https://openalex.org/W2526126978
https://openalex.org/W2528582081
https://openalex.org/W2530241590
https://openalex.org/W2587783598
https://openalex.org/W2622366822
https://openalex.org/W27333075
https://openalex.org/W2765827931
https://openalex.org/W2788069327
https://openalex.org/W2900071786
https://openalex.org/W2905959743
https://openalex.org/W2936263749
https://openalex.org/W2944016362
https://openalex.org/W2968479731
https://openalex.org/W2989731952
https://openalex.org/W3016326881
https://openalex.org/W3022745028
https://openalex.org/W3081198316
https://openalex.org/W3086278455
https://openalex.org/W3153364525
https://openalex.org/W3162670069
https://openalex.org/W3171227357
https://openalex.org/W3171596432
https://openalex.org/W3172569163
https://openalex.org/W3186320940
https://openalex.org/W3192617200
https://openalex.org/W3194134919
https://openalex.org/W3215996878
https://openalex.org/W4200249234
https://openalex.org/W4205230633
https://openalex.org/W4214873896
https://openalex.org/W4220689324
https://openalex.org/W4220790322
https://openalex.org/W4220848121
https://openalex.org/W4221006894
https://openalex.org/W4223415627
https://openalex.org/W4223598824
https://openalex.org/W4223918027
https://openalex.org/W4224039291
https://openalex.org/W4224936554
https://openalex.org/W4225269049
https://openalex.org/W4225320946
https://openalex.org/W4225388745
https://openalex.org/W4225427609
https://openalex.org/W4225654684
https://openalex.org/W4229042552
https://openalex.org/W4234686157
https://openalex.org/W4238054345
https://openalex.org/W4243423718
https://openalex.org/W4243460109
https://openalex.org/W4249441847
https://openalex.org/W4251535067
https://openalex.org/W4253902661
https://openalex.org/W4254825903
https://openalex.org/W4255634544
https://openalex.org/W4255647913
https://openalex.org/W4281619342
https://openalex.org/W4281761084
https://openalex.org/W4281766233
https://openalex.org/W4282017386
https://openalex.org/W4282564391
https://openalex.org/W4283018443
https://openalex.org/W4283278138
https://openalex.org/W4283366022
https://openalex.org/W4285034095
https://openalex.org/W4285505814
https://openalex.org/W4286311325
https://openalex.org/W4286640691
https://openalex.org/W4286640744
https://openalex.org/W4289843861
https://openalex.org/W4292054637
https://openalex.org/W4292089313
https://openalex.org/W4292089426
https://openalex.org/W4292089568
https://openalex.org/W4292253434
https://openalex.org/W4293024976
https://openalex.org/W4293200116
https://openalex.org/W4293238120
https://openalex.org/W4294580811
https://openalex.org/W4295115945
https://openalex.org/W4296004839
https://openalex.org/W4296109713
https://openalex.org/W4296844321
https://openalex.org/W4296850123
https://openalex.org/W4296850198
https://openalex.org/W4296852318
https://openalex.org/W4298228379
https://openalex.org/W4304787120
https://openalex.org/W4307292184
https://openalex.org/W4309232453
https://openalex.org/W4310093502
https://openalex.org/W4310127689
https://openalex.org/W4310166645
https://openalex.org/W4312856455
https://openalex.org/W4312866319
https://openalex.org/W4313327785
https://openalex.org/W4313635819
https://openalex.org/W4319994982
https://openalex.org/W4320007147
https://openalex.org/W4327806041
https://openalex.org/W4387416399
https://openalex.org/W4393520727
https://openalex.org/W4393535614
https://openalex.org/W4393595047
https://openalex.org/W4393613556
https://openalex.org/W4393661496
https://openalex.org/W4393793482
https://openalex.org/W4394386823
https://openalex.org/W45889769
https://openalex.org/W56316711
https://openalex.org/W589399392
https://openalex.org/W611414891
https://openalex.org/W788583539
https://openalex.org/W876693692
https://openalex.org/W95119084
https://openalex.org/W1502637020
https://openalex.org/W1999864323
https://openalex.org/W2071867686
https://openalex.org/W2090746155
https://openalex.org/W2106915651
https://openalex.org/W2216073243
https://openalex.org/W2257548393
https://openalex.org/W2415639738
https://openalex.org/W3156869581
https://openalex.org/W4241322296
https://openalex.org/W1042652483
https://openalex.org/W1196944844
https://openalex.org/W1415490417
https://openalex.org/W1485294940
https://openalex.org/W1603332982
https://openalex.org/W185032652
https://openalex.org/W2019663049
https://openalex.org/W2047810008
https://openalex.org/W2050423419
https://openalex.org/W2075818475
https://openalex.org/W2076542498
https://openalex.org/W2087491870
https://openalex.org/W2098321173
https://openalex.org/W2113268670
https://openalex.org/W2145668127
https://openalex.org/W2158768958
https://openalex.org/W2234187371
https://openalex.org/W2244348821
https://openalex.org/W2247777913
https://openalex.org/W2274164898
https://openalex.org/W2277097331
https://openalex.org/W2281834701
https://openalex.org/W2284249869
https://openalex.org/W2366951512
https://openalex.org/W2374168427
https://openalex.org/W2401854965
https://openalex.org/W2406341555
https://openalex.org/W2414031774
https://openalex.org/W2464172729
https://openalex.org/W2599960044
https://openalex.org/W2620903726
https://openalex.org/W2626247384
https://openalex.org/W2781787242
https://openalex.org/W2786534132
https://openalex.org/W2791361443
https://openalex.org/W2791481023
https://openalex.org/W2794482746
https://openalex.org/W2795948908
https://openalex.org/W2801358646
https://openalex.org/W2803616937
https://openalex.org/W2803635427
https://openalex.org/W2807876333
https://openalex.org/W2808227460
https://openalex.org/W2808749139
https://openalex.org/W2809097071
https://openalex.org/W2809255384
https://openalex.org/W2809348429
https://openalex.org/W2810183080
https://openalex.org/W2810876781
https://openalex.org/W2811098029
https://openalex.org/W2883043171
https://openalex.org/W2883767325
https://openalex.org/W2884529736
https://openalex.org/W2885512054
https://openalex.org/W2886061433
https://openalex.org/W2886154306
https://openalex.org/W2886747881
https://openalex.org/W2887170865
https://openalex.org/W2887472689
https://openalex.org/W2888776275
https://openalex.org/W2890054326
https://openalex.org/W2891885731
https://openalex.org/W2897856259
https://openalex.org/W2901788348
https://openalex.org/W2902305555
https://openalex.org/W2904032542
https://openalex.org/W2907269322
https://openalex.org/W2923947022
https://openalex.org/W2924361921
https://openalex.org/W2925038410
https://openalex.org/W2937894271
https://openalex.org/W2940514096
https://openalex.org/W2941154788
https://openalex.org/W2941577543
https://openalex.org/W2941689890
https://openalex.org/W2944186097
https://openalex.org/W2945681621
https://openalex.org/W2945920507
https://openalex.org/W2946584157
https://openalex.org/W2946586800
https://openalex.org/W2946836084
https://openalex.org/W2947821466
https://openalex.org/W2948147542
https://openalex.org/W2948238651
https://openalex.org/W2948932082
https://openalex.org/W2955107750
https://openalex.org/W2955236992
https://openalex.org/W2955504178
https://openalex.org/W2956078286
https://openalex.org/W2964516766
https://openalex.org/W2965733744
https://openalex.org/W2965909566
https://openalex.org/W2966462640
https://openalex.org/W2966801162
https://openalex.org/W2969293507
https://openalex.org/W2969898252
https://openalex.org/W2970160643
https://openalex.org/W2971603925
https://openalex.org/W2972708644
https://openalex.org/W2972960858
https://openalex.org/W2974946309
https://openalex.org/W2975339446
https://openalex.org/W2975673154
https://openalex.org/W2976107772
https://openalex.org/W2976201571
https://openalex.org/W2976961661
https://openalex.org/W2977188630
https://openalex.org/W2977206672
https://openalex.org/W2977664778
https://openalex.org/W2979615620
https://openalex.org/W2979723543
https://openalex.org/W2980759212
https://openalex.org/W2985482275
https://openalex.org/W2990820165
https://openalex.org/W2992006495
https://openalex.org/W2998737758
https://openalex.org/W2999872936
https://openalex.org/W3002784607
https://openalex.org/W3012899854
https://openalex.org/W3022250340
https://openalex.org/W3029210300
https://openalex.org/W3029230565
https://openalex.org/W3029784539
https://openalex.org/W3030875461
https://openalex.org/W3031671083
https://openalex.org/W3032487057
https://openalex.org/W3036468037
https://openalex.org/W3084000270
https://openalex.org/W3094012828
https://openalex.org/W3098393756
https://openalex.org/W31175911
https://openalex.org/W3135121806
https://openalex.org/W3153221371
https://openalex.org/W3159165032
https://openalex.org/W3166611374
https://openalex.org/W3166631146
https://openalex.org/W3167902347
https://openalex.org/W3172924671
https://openalex.org/W3179802925
https://openalex.org/W3180485338
https://openalex.org/W3182380957
https://openalex.org/W3184400956
https://openalex.org/W3185084389
https://openalex.org/W3185752965
https://openalex.org/W3195398557
https://openalex.org/W3213071573
https://openalex.org/W323568548
https://openalex.org/W4213409173
https://openalex.org/W4229586884
https://openalex.org/W4232655529
https://openalex.org/W4232854890
https://openalex.org/W4234126992
https://openalex.org/W4237443506
https://openalex.org/W4237637927
https://openalex.org/W4238644316
https://openalex.org/W4239296302
https://openalex.org/W4241488810
https://openalex.org/W4242483081
https://openalex.org/W4246167537
https://openalex.org/W4246758067
https://openalex.org/W4248428586
https://openalex.org/W4249328977
https://openalex.org/W4249529880
https://openalex.org/W4250699292
https://openalex.org/W4252228344
https://openalex.org/W4252445695
https://openalex.org/W4254577420
https://openalex.org/W4394226200
https://openalex.org/W4394335058
https://openalex.org/W4394404610
https://openalex.org/W4394408674
https://openalex.org/W4394551231
https://openalex.org/W626919127
https://openalex.org/W67647952
https://openalex.org/W70909841
https://openalex.org/W811348343
https://openalex.org/W903250398
https://openalex.org/W147394040
https://openalex.org/W1543851892
https://openalex.org/W1568766379
https://openalex.org/W1972221393
https://openalex.org/W2048481984
https://openalex.org/W2063904434
https://openalex.org/W2070135455
https://openalex.org/W2087029525
https://openalex.org/W2099793760
https://openalex.org/W2243624756
https://openalex.org/W2269777060
https://openalex.org/W2405291834
https://openalex.org/W2410532257
https://openalex.org/W2412004967
https://openalex.org/W2419230085
https://openalex.org/W2467528958
https://openalex.org/W3001995275
https://openalex.org/W3021000349
https://openalex.org/W3214363379
https://openalex.org/W4247580323
https://openalex.org/W4251667554
https://openalex.org/W4300661860
https://openalex.org/W572901826
https://openalex.org/W1431737521
https://openalex.org/W145091396
https://openalex.org/W1485317104
https://openalex.org/W1488177592
https://openalex.org/W1523915043
https://openalex.org/W1549857223
https://openalex.org/W1566257490
https://openalex.org/W1575089701
https://openalex.org/W1582196401
https://openalex.org/W1897209495
https://openalex.org/W1898730058
https://openalex.org/W1981170136
https://openalex.org/W2001423331
https://openalex.org/W2012905128
https://openalex.org/W2026208208
https://openalex.org/W2028914432
https://openalex.org/W2033509779
https://openalex.org/W2035647974
https://openalex.org/W2036226567
https://openalex.org/W2036608428
https://openalex.org/W2050903116
https://openalex.org/W2060590258
https://openalex.org/W2060978713
https://openalex.org/W2067190310
https://openalex.org/W2094682934
https://openalex.org/W2114435919
https://openalex.org/W2145729289
https://openalex.org/W2155902170
https://openalex.org/W2169126394
https://openalex.org/W2184701101
https://openalex.org/W2188315775
https://openalex.org/W2188768134
https://openalex.org/W2190225746
https://openalex.org/W2200500295
https://openalex.org/W2222530641
https://openalex.org/W2230189316
https://openalex.org/W2238688305
https://openalex.org/W2242676318
https://openalex.org/W2269891050
https://openalex.org/W2331343925
https://openalex.org/W2334263860
https://openalex.org/W2337994653
https://openalex.org/W2354032624
https://openalex.org/W2365951624
https://openalex.org/W2367431973
https://openalex.org/W2368893321
https://openalex.org/W2370309563
https://openalex.org/W2383212224
https://openalex.org/W2392907296
https://openalex.org/W2403524054
https://openalex.org/W2404316399
https://openalex.org/W2407091772
https://openalex.org/W2411257327
https://openalex.org/W2412116152
https://openalex.org/W2417153438
https://openalex.org/W24305565
https://openalex.org/W2473704806
https://openalex.org/W2486658101
https://openalex.org/W2588595163
https://openalex.org/W2591908967
https://openalex.org/W2593994831
https://openalex.org/W270776301
https://openalex.org/W2748236106
https://openalex.org/W2944220041
https://openalex.org/W2969839774
https://openalex.org/W3000899546
https://openalex.org/W3005227318
https://openalex.org/W3006641706
https://openalex.org/W3013155463
https://openalex.org/W3013751612
https://openalex.org/W3014233908
https://openalex.org/W3016146576
https://openalex.org/W3017290310
https://openalex.org/W3021997286
https://openalex.org/W3022271712
https://openalex.org/W3023766660
https://openalex.org/W3027031700
https://openalex.org/W3032519839
https://openalex.org/W3032522235
https://openalex.org/W3036072221
https://openalex.org/W3036490019
https://openalex.org/W3036933480
https://openalex.org/W3041510938
https://openalex.org/W3043430430
https://openalex.org/W3048560820
https://openalex.org/W3049280543
https://openalex.org/W3082532556
https://openalex.org/W3082772403
https://openalex.org/W3082942528
https://openalex.org/W3083686857
https://openalex.org/W3086341098
https://openalex.org/W3091220454
https://openalex.org/W3092196820
https://openalex.org/W3096208778
https://openalex.org/W3108336507
https://openalex.org/W3111299588
https://openalex.org/W3111854078
https://openalex.org/W3118721381
https://openalex.org/W3119522249
https://openalex.org/W3121910504
https://openalex.org/W3126695629
https://openalex.org/W3138446752
https://openalex.org/W3144239294
https://openalex.org/W3159179434
https://openalex.org/W3159182848
https://openalex.org/W3159234518
https://openalex.org/W3159412447
https://openalex.org/W3167566590
https://openalex.org/W3169550239
https://openalex.org/W3171236194
https://openalex.org/W3171458117
https://openalex.org/W3174072146
https://openalex.org/W3175859093
https://openalex.org/W3176440470
https://openalex.org/W3183991781
https://openalex.org/W3187940365
https://openalex.org/W3188209024
https://openalex.org/W3195885889
https://openalex.org/W3211194049
https://openalex.org/W3215367428
https://openalex.org/W3215960356
https://openalex.org/W349475308
https://openalex.org/W4205949183
https://openalex.org/W4214686502
https://openalex.org/W4233446824
https://openalex.org/W4233887026
https://openalex.org/W4237225713
https://openalex.org/W4240976566
https://openalex.org/W4242087567
https://openalex.org/W4242134354
https://openalex.org/W4245110864
https://openalex.org/W4246084251
https://openalex.org/W4250398394
https://openalex.org/W4250466865
https://openalex.org/W4252162542
https://openalex.org/W4252933909
https://openalex.org/W4254614520
https://openalex.org/W4255888760
https://openalex.org/W4287585245
https://openalex.org/W4287754567
https://openalex.org/W4299411525
https://openalex.org/W4300923136
https://openalex.org/W4372059223
https://openalex.org/W4372059226
https://openalex.org/W4393497087
https://openalex.org/W4393573264
https://openalex.org/W4394179712
https://openalex.org/W75053153
https://openalex.org/W836335245
https://openalex.org/W905594455
https://openalex.org/W1675030903
https://openalex.org/W2012002990
https://openalex.org/W2013355378
https://openalex.org/W2088327052
https://openalex.org/W2326088842
https://openalex.org/W2904726985
https://openalex.org/W4252552446
https://openalex.org/W90537337
https://openalex.org/W92381037
https://openalex.org/W1496149987
https://openalex.org/W2065239833
https://openalex.org/W20734323
https://openalex.org/W2081562233
https://openalex.org/W2161171037
https://openalex.org/W2240866877
https://openalex.org/W2244048712
https://openalex.org/W2254425405
https://openalex.org/W2261269881
https://openalex.org/W2266467295
https://openalex.org/W2268826014
https://openalex.org/W230768377
https://openalex.org/W2339919963
https://openalex.org/W2356843452
https://openalex.org/W2361228826
https://openalex.org/W2365150019
https://openalex.org/W2391720015
https://openalex.org/W2394657933
https://openalex.org/W2399108822
https://openalex.org/W2400644062
https://openalex.org/W2409600177
https://openalex.org/W2410470473
https://openalex.org/W2413065810
https://openalex.org/W2415863221
https://openalex.org/W2417953175
https://openalex.org/W2461581317
https://openalex.org/W2547052159
https://openalex.org/W2552320475
https://openalex.org/W2890128279
https://openalex.org/W2911610948
https://openalex.org/W2963983575
https://openalex.org/W3152910565
https://openalex.org/W3156203949
https://openalex.org/W3157928536
https://openalex.org/W3193484324
https://openalex.org/W3199689578
https://openalex.org/W3202863101
https://openalex.org/W3203883249
https://openalex.org/W3206892110
https://openalex.org/W4234046658
https://openalex.org/W4238547256
https://openalex.org/W53106146
https://openalex.org/W604122135
https://openalex.org/W615266751
https://openalex.org/W85955666
https://openalex.org/W927046215
https://openalex.org/W1037323467
https://openalex.org/W113727834
https://openalex.org/W1481498453
https://openalex.org/W1488464845
https://openalex.org/W1966502886
https://openalex.org/W1975803928
https://openalex.org/W1979108326
https://openalex.org/W1990705776
https://openalex.org/W2005135441
https://openalex.org/W2006043196
https://openalex.org/W2008705762
https://openalex.org/W2037862098
https://openalex.org/W2040591077
https://openalex.org/W2067765304
https://openalex.org/W2070447843
https://openalex.org/W2079503828
https://openalex.org/W2103441092
https://openalex.org/W2141601492
https://openalex.org/W2375990254
https://openalex.org/W2399341644
https://openalex.org/W2402083953
https://openalex.org/W2402674928
https://openalex.org/W2409412953
https://openalex.org/W2415411501
https://openalex.org/W2419517163
https://openalex.org/W2589457233
https://openalex.org/W2600218552
https://openalex.org/W2602566860
https://openalex.org/W2614241764
https://openalex.org/W2615657313
https://openalex.org/W262718794
https://openalex.org/W2908504329
https://openalex.org/W2980811863
https://openalex.org/W2982741372
https://openalex.org/W3131968294
https://openalex.org/W3134757373
https://openalex.org/W3135870863
https://openalex.org/W3137300843
https://openalex.org/W3137619392
https://openalex.org/W3151304675
https://openalex.org/W3158869153
https://openalex.org/W3160534173
https://openalex.org/W3161640001
https://openalex.org/W3171550024
https://openalex.org/W3174206591
https://openalex.org/W3174240346
https://openalex.org/W3175674396
https://openalex.org/W3177186732
https://openalex.org/W3182164900
https://openalex.org/W3182948502
https://openalex.org/W3184093559
https://openalex.org/W3184112364
https://openalex.org/W3187608348
https://openalex.org/W3190271165
https://openalex.org/W3197652414
https://openalex.org/W3202633920
https://openalex.org/W3203783858
https://openalex.org/W3207418306
https://openalex.org/W3209179350
https://openalex.org/W3211218385
https://openalex.org/W3215684352
https://openalex.org/W3217807706
https://openalex.org/W370445997
https://openalex.org/W4200015330
https://openalex.org/W4200447304
https://openalex.org/W4200480634
https://openalex.org/W4205961462
https://openalex.org/W4210508686
https://openalex.org/W4210714484
https://openalex.org/W4230345995
https://openalex.org/W4233081579
https://openalex.org/W4234049620
https://openalex.org/W4235073597
https://openalex.org/W4235444039
https://openalex.org/W4237546415
https://openalex.org/W4237595604
https://openalex.org/W4245800872
https://openalex.org/W4247274223
https://openalex.org/W4285719913
https://openalex.org/W4287114580
https://openalex.org/W4287496799
https://openalex.org/W4298016726
https://openalex.org/W4393732295
https://openalex.org/W644711267
https://openalex.org/W75478270
https://openalex.org/W85923118
https://openalex.org/W992916434
https://openalex.org/W1479684003
https://openalex.org/W1575723691
https://openalex.org/W164428328
https://openalex.org/W2044004600
https://openalex.org/W2045811182
https://openalex.org/W2051481689
https://openalex.org/W2060673225
https://openalex.org/W2089515344
https://openalex.org/W2090780366
https://openalex.org/W2166229917
https://openalex.org/W2189494682
https://openalex.org/W2242056152
https://openalex.org/W2250059987
https://openalex.org/W2260522928
https://openalex.org/W2283918415
https://openalex.org/W2349439695
https://openalex.org/W2352714731
https://openalex.org/W2409950045
https://openalex.org/W2415767533
https://openalex.org/W2432535294
https://openalex.org/W2518260565
https://openalex.org/W2580315612
https://openalex.org/W2614161552
https://openalex.org/W2736346065
https://openalex.org/W2748896605
https://openalex.org/W2750036003
https://openalex.org/W2892107453
https://openalex.org/W2949442396
https://openalex.org/W3015841624
https://openalex.org/W3040768528
https://openalex.org/W3088786882
https://openalex.org/W3159857477
https://openalex.org/W3166767258
https://openalex.org/W3172693849
https://openalex.org/W4388156972
https://openalex.org/W4394832574
https://openalex.org/W587140154
https://openalex.org/W636897528
https://openalex.org/W89243889
https://openalex.org/W120526877
https://openalex.org/W2296758815
https://openalex.org/W2410012984
https://openalex.org/W2417230683
https://openalex.org/W2437973705
https://openalex.org/W2497810284
https://openalex.org/W2507389723
https://openalex.org/W2554211273
https://openalex.org/W2748413642
https://openalex.org/W2978951385
https://openalex.org/W3153904415
https://openalex.org/W4238190340
https://openalex.org/W104990326
https://openalex.org/W118477342
https://openalex.org/W130894736
https://openalex.org/W146508106
https://openalex.org/W1579190888
https://openalex.org/W176806472
https://openalex.org/W1968176101
https://openalex.org/W1969569818
https://openalex.org/W1974792529
https://openalex.org/W1976718953
https://openalex.org/W1981541236
https://openalex.org/W1985667163
https://openalex.org/W1990567748
https://openalex.org/W1991635845
https://openalex.org/W1992923505
https://openalex.org/W1999919906
https://openalex.org/W2007813979
https://openalex.org/W2012018188
https://openalex.org/W2014775880
https://openalex.org/W2024580589
https://openalex.org/W2031345853
https://openalex.org/W2070095581
https://openalex.org/W2073918649
https://openalex.org/W2094264262
https://openalex.org/W2163117019
https://openalex.org/W224185978
https://openalex.org/W2248896953
https://openalex.org/W2274261746
https://openalex.org/W2299852752
https://openalex.org/W2401302404
https://openalex.org/W2404334044
https://openalex.org/W2411253482
https://openalex.org/W2411616199
https://openalex.org/W2417418393
https://openalex.org/W2418976033
https://openalex.org/W2421472232
https://openalex.org/W2434411545
https://openalex.org/W2610252168
https://openalex.org/W2738781515
https://openalex.org/W2746441424
https://openalex.org/W3026848034
https://openalex.org/W31076937
https://openalex.org/W3126941455
https://openalex.org/W3160817861
https://openalex.org/W3168440763
https://openalex.org/W319662319
https://openalex.org/W337602040
https://openalex.org/W34084874
https://openalex.org/W4205214137
https://openalex.org/W4247603239
https://openalex.org/W4252098469
https://openalex.org/W4297118765
https://openalex.org/W51737092
https://openalex.org/W643090119
https://openalex.org/W107885364
https://openalex.org/W113648405
https://openalex.org/W123691692
https://openalex.org/W1546965301
https://openalex.org/W156945297
https://openalex.org/W1967282134
https://openalex.org/W2011984251
https://openalex.org/W2050138828
https://openalex.org/W2064993386
https://openalex.org/W2081945307
https://openalex.org/W2090362490
https://openalex.org/W2208051357
https://openalex.org/W2240612764
https://openalex.org/W2242609429
https://openalex.org/W2246050485
https://openalex.org/W2248939946
https://openalex.org/W2249544230
https://openalex.org/W2253778345
https://openalex.org/W2265916612
https://openalex.org/W2281029495
https://openalex.org/W2291377725
https://openalex.org/W2337087782
https://openalex.org/W2399070515
https://openalex.org/W2402920686
https://openalex.org/W2404067817
https://openalex.org/W2405816551
https://openalex.org/W2409347530
https://openalex.org/W2411710961
https://openalex.org/W2413735858
https://openalex.org/W2415469823
https://openalex.org/W2415505663
https://openalex.org/W2417693809
https://openalex.org/W2461648001
https://openalex.org/W26123644
https://openalex.org/W2621233084
https://openalex.org/W2884725850
https://openalex.org/W2892376319
https://openalex.org/W2923707162
https://openalex.org/W2942929357
https://openalex.org/W3023592097
https://openalex.org/W3092392769
https://openalex.org/W3110386499
https://openalex.org/W3168055173
https://openalex.org/W3187260116
https://openalex.org/W4230308033
https://openalex.org/W4232555038
https://openalex.org/W4245383034
https://openalex.org/W4245715218
https://openalex.org/W4301483877
https://openalex.org/W858277226
https://openalex.org/W871636644
https://openalex.org/W100516315
https://openalex.org/W1496091243
https://openalex.org/W1506497439
https://openalex.org/W1602635541
https://openalex.org/W1603585114
https://openalex.org/W170617991
https://openalex.org/W182789048
https://openalex.org/W18339155
https://openalex.org/W1997898639
https://openalex.org/W2011731020
https://openalex.org/W2028146683
https://openalex.org/W2038084807
https://openalex.org/W2053454042
https://openalex.org/W2054294744
https://openalex.org/W2081725919
https://openalex.org/W2127597157
https://openalex.org/W2189411320
https://openalex.org/W2242357441
https://openalex.org/W2245405532
https://openalex.org/W2246844371
https://openalex.org/W2248142114
https://openalex.org/W2249171484
https://openalex.org/W2275134803
https://openalex.org/W2327290054
https://openalex.org/W2351338692
https://openalex.org/W2366695599
https://openalex.org/W2400904014
https://openalex.org/W2413394210
https://openalex.org/W2415520456
https://openalex.org/W2415628010
https://openalex.org/W2418110954
https://openalex.org/W2419111329
https://openalex.org/W2421330805
https://openalex.org/W2466407777
https://openalex.org/W2625679703
https://openalex.org/W2776479210
https://openalex.org/W2995443218
https://openalex.org/W3014618088
https://openalex.org/W3023964099
https://openalex.org/W4238304774
https://openalex.org/W4239408981
https://openalex.org/W4245743403
https://openalex.org/W4248678637
https://openalex.org/W4366443315
https://openalex.org/W4379518179
https://openalex.org/W566291099
https://openalex.org/W639127214
https://openalex.org/W90036297
https://openalex.org/W1022489919
https://openalex.org/W105342382
https://openalex.org/W116537747
https://openalex.org/W136683411
https://openalex.org/W14564560
https://openalex.org/W1494943492
https://openalex.org/W157540700
https://openalex.org/W161121536
https://openalex.org/W169164235
https://openalex.org/W170780021
https://openalex.org/W188004098
https://openalex.org/W192237180
https://openalex.org/W1975053028
https://openalex.org/W1976244164
https://openalex.org/W1980299295
https://openalex.org/W1991969443
https://openalex.org/W2000565651
https://openalex.org/W2001425847
https://openalex.org/W2027010862
https://openalex.org/W2029078123
https://openalex.org/W2029081914
https://openalex.org/W2035317289
https://openalex.org/W2037453408
https://openalex.org/W2047485418
https://openalex.org/W2054276887
https://openalex.org/W2067065751
https://openalex.org/W2073357206
https://openalex.org/W2076307296
https://openalex.org/W2079015386
https://openalex.org/W2086181644
https://openalex.org/W2101026798
https://openalex.org/W2123268100
https://openalex.org/W2152694983
https://openalex.org/W2170703162
https://openalex.org/W2241334086
https://openalex.org/W2241928707
https://openalex.org/W2242029561
https://openalex.org/W2243309050
https://openalex.org/W2244879933
https://openalex.org/W2246310264
https://openalex.org/W2250018950
https://openalex.org/W2264077404
https://openalex.org/W2280665444
https://openalex.org/W2300863856
https://openalex.org/W2301428716
https://openalex.org/W2312695643
https://openalex.org/W2317151077
https://openalex.org/W2326624589
https://openalex.org/W2331449830
https://openalex.org/W2337359432
https://openalex.org/W2338101149
https://openalex.org/W2342330953
https://openalex.org/W2344879728
https://openalex.org/W2397609143
https://openalex.org/W2398507574
https://openalex.org/W2415430065
https://openalex.org/W2418267714
https://openalex.org/W2472294095
https://openalex.org/W2488271186
https://openalex.org/W2567547200
https://openalex.org/W2621993206
https://openalex.org/W2727930168
https://openalex.org/W2745843352
https://openalex.org/W275723163
https://openalex.org/W2889364491
https://openalex.org/W2950137355
https://openalex.org/W2953090572
https://openalex.org/W2995429344
https://openalex.org/W2999571745
https://openalex.org/W3004348859
https://openalex.org/W3005994965
https://openalex.org/W3035807195
https://openalex.org/W3092970722
https://openalex.org/W3110946463
https://openalex.org/W3167297212
https://openalex.org/W3208730882
https://openalex.org/W330885351
https://openalex.org/W389596727
https://openalex.org/W4210768115
https://openalex.org/W4229843585
https://openalex.org/W4230117921
https://openalex.org/W4233007391
https://openalex.org/W4233033541
https://openalex.org/W4239038648
https://openalex.org/W4247439558
https://openalex.org/W4247458645
https://openalex.org/W4248935343
https://openalex.org/W4250158392
https://openalex.org/W4250689647
https://openalex.org/W4250914384
https://openalex.org/W4251257087
https://openalex.org/W4252389394
https://openalex.org/W4255775145
https://openalex.org/W4255788459
https://openalex.org/W4289254227
https://openalex.org/W4293090018
https://openalex.org/W4293266587
https://openalex.org/W4293266681
https://openalex.org/W4293266713
https://openalex.org/W4293266741
https://openalex.org/W4298015338
https://openalex.org/W4298211218
https://openalex.org/W4298282770
https://openalex.org/W4299601874
https://openalex.org/W4299915508
https://openalex.org/W4300097414
https://openalex.org/W4300436180
https://openalex.org/W4300839623
https://openalex.org/W4300949675
https://openalex.org/W4300953320
https://openalex.org/W4301007650
https://openalex.org/W4301027858
https://openalex.org/W4301033253
https://openalex.org/W4301053469
https://openalex.org/W4301081109
https://openalex.org/W4301483518
https://openalex.org/W4301620875
https://openalex.org/W4302328500
https://openalex.org/W4302340675
https://openalex.org/W4321140172
https://openalex.org/W4321264615
https://openalex.org/W51416060
https://openalex.org/W52305407
https://openalex.org/W59066981
https://openalex.org/W606177967
https://openalex.org/W775941097
https://openalex.org/W82626989
https://openalex.org/W87819932
https://openalex.org/W931325739
https://openalex.org/W96273739
https://openalex.org/W3014067025
https://openalex.org/W2038535814
https://openalex.org/W3029682964
https://openalex.org/W2100154890
https://openalex.org/W2159519319
https://openalex.org/W2160739269
https://openalex.org/W2064325453
https://openalex.org/W2153586956
https://openalex.org/W3021885440
https://openalex.org/W2164871906
https://openalex.org/W2026001144
https://openalex.org/W2113926700
https://openalex.org/W2013090907
https://openalex.org/W2132503351
https://openalex.org/W2559832962
https://openalex.org/W2049133549
https://openalex.org/W2047218894
https://openalex.org/W2173367702
https://openalex.org/W2162815684
https://openalex.org/W4241388592
https://openalex.org/W2144217393
https://openalex.org/W2086708818
https://openalex.org/W2026209216
https://openalex.org/W2050114111
https://openalex.org/W2019951158
https://openalex.org/W2044549602
https://openalex.org/W2059163574
https://openalex.org/W2033541705
https://openalex.org/W2581686152
https://openalex.org/W1656671666
https://openalex.org/W1991120210
https://openalex.org/W2761236748
https://openalex.org/W3003324864
https://openalex.org/W2034976202
https://openalex.org/W2091060176
https://openalex.org/W3013891156
https://openalex.org/W1992027901
https://openalex.org/W3211505703
https://openalex.org/W2122312517
https://openalex.org/W2167172107
https://openalex.org/W1970856277
https://openalex.org/W1998862314
https://openalex.org/W1786795173
https://openalex.org/W2023057700
https://openalex.org/W2020931781
https://openalex.org/W2087890519
https://openalex.org/W2134152422
https://openalex.org/W2162031520
https://openalex.org/W2271668642
https://openalex.org/W2141943186
https://openalex.org/W2605272385
https://openalex.org/W2065362592
https://openalex.org/W3170598451
https://openalex.org/W2009364978
https://openalex.org/W2158084342
https://openalex.org/W2093453842
https://openalex.org/W2896468934
https://openalex.org/W2100033072
https://openalex.org/W2885215440
https://openalex.org/W3008193851
https://openalex.org/W2268001801
https://openalex.org/W2557839450
https://openalex.org/W2527881422
https://openalex.org/W2775629343
https://openalex.org/W3041303370
https://openalex.org/W3120445929
https://openalex.org/W2999345237
https://openalex.org/W3182696180
https://openalex.org/W4214886481
https://openalex.org/W3215531337
https://openalex.org/W4383101597
https://openalex.org/W4368374074
https://openalex.org/W4366978418
https://openalex.org/W4307210287
https://openalex.org/W4324044810
https://openalex.org/W4313333717
https://openalex.org/W2100058611
https://openalex.org/W2126435265
https://openalex.org/W1772719483
https://openalex.org/W2034866955
https://openalex.org/W2074974456
https://openalex.org/W2016315572
https://openalex.org/W2032023825
https://openalex.org/W2018865741
https://openalex.org/W1514603702
https://openalex.org/W2136140396
https://openalex.org/W2095849715
https://openalex.org/W1990367623
https://openalex.org/W2053532339
https://openalex.org/W2057221824
https://openalex.org/W1987194551
https://openalex.org/W2166680224
https://openalex.org/W2140625792
https://openalex.org/W1994440811
https://openalex.org/W2104578856
https://openalex.org/W4361741440
https://openalex.org/W1964118137
https://openalex.org/W2117801312
https://openalex.org/W2033770071
https://openalex.org/W2074431036
https://openalex.org/W1976336296
https://openalex.org/W2076914460
https://openalex.org/W2155587011
https://openalex.org/W2159944238
https://openalex.org/W2033789737
https://openalex.org/W4238786993
https://openalex.org/W2022798110
https://openalex.org/W2321107732
https://openalex.org/W2086524874
https://openalex.org/W2053602198
https://openalex.org/W2014171823
https://openalex.org/W1498949169
https://openalex.org/W2023573258
https://openalex.org/W2027017334
https://openalex.org/W2072756799
https://openalex.org/W2161276228
https://openalex.org/W2068944823
https://openalex.org/W2121994175
https://openalex.org/W1968297348
https://openalex.org/W1955086779
https://openalex.org/W2279916027
https://openalex.org/W2059044416
https://openalex.org/W2096914614
https://openalex.org/W1968310468
https://openalex.org/W2012530379
https://openalex.org/W1736072186
https://openalex.org/W2746586093
https://openalex.org/W2908918388
https://openalex.org/W1991990865
https://openalex.org/W2025331047
https://openalex.org/W2114735866
https://openalex.org/W2102890392
https://openalex.org/W2081970903
https://openalex.org/W2168905184
https://openalex.org/W2150786833
https://openalex.org/W2113399565
https://openalex.org/W2114352003
https://openalex.org/W2272901755
https://openalex.org/W2052473832
https://openalex.org/W2432855159
https://openalex.org/W2103841781
https://openalex.org/W1633169450
https://openalex.org/W2158514760
https://openalex.org/W1988034863
https://openalex.org/W2062804028
https://openalex.org/W2063728108
https://openalex.org/W2056086156
https://openalex.org/W2062992777
https://openalex.org/W2086307313
https://openalex.org/W2129028096
https://openalex.org/W2308506219
https://openalex.org/W2104122941
https://openalex.org/W1509116850
https://openalex.org/W2140910191
https://openalex.org/W4236081746
https://openalex.org/W1784294951
https://openalex.org/W1987597565
https://openalex.org/W2160044747
https://openalex.org/W3049064812
https://openalex.org/W2901525310
https://openalex.org/W2978562320
https://openalex.org/W2028401089
https://openalex.org/W2750246616
https://openalex.org/W2786015437
https://openalex.org/W3005638468
https://openalex.org/W2043440527
https://openalex.org/W3034607697
https://openalex.org/W2308650134
https://openalex.org/W2709123160
https://openalex.org/W2996634753
https://openalex.org/W3080759967
https://openalex.org/W2952618946
https://openalex.org/W2301340671
https://openalex.org/W3128898824
https://openalex.org/W3012773931
https://openalex.org/W3091196507
https://openalex.org/W3148398101
https://openalex.org/W4283585882
https://openalex.org/W3200599911
https://openalex.org/W3108001297
https://openalex.org/W4210785400
https://openalex.org/W4211131584
https://openalex.org/W4224212042
https://openalex.org/W4213363861
https://openalex.org/W4312200786
https://openalex.org/W4380590843
https://openalex.org/W4319656188
https://openalex.org/W4385997810
https://openalex.org/W4391066037
https://openalex.org/W2332575792
https://openalex.org/W2128684280
https://openalex.org/W1537903189
https://openalex.org/W2061491491
https://openalex.org/W4377077252
https://openalex.org/W2020775303
https://openalex.org/W1966762110
https://openalex.org/W2056330692
https://openalex.org/W2034837063
https://openalex.org/W2409962024
https://openalex.org/W1881533739
https://openalex.org/W2119250041
https://openalex.org/W2110240848
https://openalex.org/W2016711027
https://openalex.org/W2022284778
https://openalex.org/W2142961358
https://openalex.org/W2025722442
https://openalex.org/W2056904500
https://openalex.org/W2163552821
https://openalex.org/W2145944641
https://openalex.org/W2065819324
https://openalex.org/W2011749004
https://openalex.org/W2150522047
https://openalex.org/W2031642732
https://openalex.org/W2049451284
https://openalex.org/W4376595818
https://openalex.org/W2016095124
https://openalex.org/W2134049914
https://openalex.org/W2318020545
https://openalex.org/W2060872064
https://openalex.org/W2141393436
https://openalex.org/W2172847146
https://openalex.org/W2020062807
https://openalex.org/W1998465340
https://openalex.org/W2165260035
https://openalex.org/W2169891083
https://openalex.org/W2142498767
https://openalex.org/W2009417449
https://openalex.org/W2017039959
https://openalex.org/W2161804899
https://openalex.org/W1986237318
https://openalex.org/W2086492596
https://openalex.org/W2055334577
https://openalex.org/W2019336775
https://openalex.org/W2153355999
https://openalex.org/W2061117894
https://openalex.org/W2111147925
https://openalex.org/W1988614277
https://openalex.org/W2152668905
https://openalex.org/W1993265627
https://openalex.org/W2054968150
https://openalex.org/W1984394808
https://openalex.org/W2121744172
https://openalex.org/W2146335644
https://openalex.org/W2155634592
https://openalex.org/W2021026304
https://openalex.org/W2057144911
https://openalex.org/W2076418098
https://openalex.org/W2062835992
https://openalex.org/W2099731256
https://openalex.org/W2335076995
https://openalex.org/W2093529862
https://openalex.org/W2105315270
https://openalex.org/W2297579684
https://openalex.org/W1989175096
https://openalex.org/W1897619513
https://openalex.org/W2155661993
https://openalex.org/W2123926589
https://openalex.org/W2163276263
https://openalex.org/W1974403946
https://openalex.org/W2158079956
https://openalex.org/W2131908212
https://openalex.org/W2308152342
https://openalex.org/W2514824518
https://openalex.org/W1981353296
https://openalex.org/W2898463267
https://openalex.org/W2043514775
https://openalex.org/W2163793198
https://openalex.org/W4247899321
https://openalex.org/W1979736032
https://openalex.org/W2625363357
https://openalex.org/W2872999080
https://openalex.org/W1970629911
https://openalex.org/W1992820617
https://openalex.org/W2319387113
https://openalex.org/W2058900882
https://openalex.org/W2071305802
https://openalex.org/W2314357763
https://openalex.org/W2318489603
https://openalex.org/W2738164649
https://openalex.org/W2324504217
https://openalex.org/W2912424629
https://openalex.org/W2275527914
https://openalex.org/W2942483921
https://openalex.org/W2783993606
https://openalex.org/W3096824582
https://openalex.org/W2959541818
https://openalex.org/W2995551822
https://openalex.org/W2944287452
https://openalex.org/W3047476759
https://openalex.org/W3009268986
https://openalex.org/W3135742330
https://openalex.org/W3136190145
https://openalex.org/W3097037596
https://openalex.org/W4221097313
https://openalex.org/W4311424006
https://openalex.org/W4379648375
https://openalex.org/W4385997941
https://openalex.org/W4389262740
https://openalex.org/W4390639328
https://openalex.org/W4390791891
https://openalex.org/W4391930155
https://openalex.org/W2103779348
https://openalex.org/W1973822163
https://openalex.org/W2001486872
https://openalex.org/W2060827063
https://openalex.org/W2079900546
https://openalex.org/W1986041794
https://openalex.org/W2029234361
https://openalex.org/W2107860569
https://openalex.org/W1997524938
https://openalex.org/W2126476469
https://openalex.org/W1960496405
https://openalex.org/W2140671300
https://openalex.org/W1999297932
https://openalex.org/W2071704379
https://openalex.org/W1979606311
https://openalex.org/W2105150633
https://openalex.org/W2048695105
https://openalex.org/W2031081535
https://openalex.org/W1963688977
https://openalex.org/W1973826676
https://openalex.org/W2082800864
https://openalex.org/W2058314792
https://openalex.org/W2086276401
https://openalex.org/W2014946232
https://openalex.org/W2127800078
https://openalex.org/W1993950059
https://openalex.org/W2011763222
https://openalex.org/W1971445962
https://openalex.org/W1996826073
https://openalex.org/W2039391133
https://openalex.org/W2087490928
https://openalex.org/W2111397679
https://openalex.org/W2124064466
https://openalex.org/W1599704678
https://openalex.org/W2149289848
https://openalex.org/W2118792844
https://openalex.org/W2285819490
https://openalex.org/W1594639287
https://openalex.org/W1781129944
https://openalex.org/W2015926604
https://openalex.org/W1983225711
https://openalex.org/W2020105622
https://openalex.org/W2134400362
https://openalex.org/W2166346525
https://openalex.org/W2021664154
https://openalex.org/W2167637380
https://openalex.org/W2045518072
https://openalex.org/W2088279551
https://openalex.org/W2106886441
https://openalex.org/W2152250670
https://openalex.org/W1830937045
https://openalex.org/W1993584158
https://openalex.org/W2166362951
https://openalex.org/W2011491992
https://openalex.org/W2005162347
https://openalex.org/W2402791702
https://openalex.org/W2524940154
https://openalex.org/W1142427041
https://openalex.org/W2058274072
https://openalex.org/W2086727110
https://openalex.org/W2121653161
https://openalex.org/W2285969008
https://openalex.org/W2287273668
https://openalex.org/W2395103204
https://openalex.org/W2765434133
https://openalex.org/W1565103315
https://openalex.org/W2406515641
https://openalex.org/W2170452794
https://openalex.org/W2504052763
https://openalex.org/W2508777411
https://openalex.org/W2810292330
https://openalex.org/W2811133479
https://openalex.org/W2992965996
https://openalex.org/W2793809763
https://openalex.org/W2949535114
https://openalex.org/W2606412122
https://openalex.org/W2794622860
https://openalex.org/W2899016652
https://openalex.org/W2803518167
https://openalex.org/W2806509271
https://openalex.org/W2924876605
https://openalex.org/W2936319630
https://openalex.org/W2946534577
https://openalex.org/W2934983855
https://openalex.org/W2970311917
https://openalex.org/W4233776806
https://openalex.org/W3036260411
https://openalex.org/W3009460316
https://openalex.org/W3080588042
https://openalex.org/W3088528489
https://openalex.org/W3090618517
https://openalex.org/W2034781503
https://openalex.org/W3159561089
https://openalex.org/W3200389750
https://openalex.org/W3201229361
https://openalex.org/W3203090912
https://openalex.org/W3129047025
https://openalex.org/W3208145724
https://openalex.org/W4200074464
https://openalex.org/W4206556798
https://openalex.org/W4295079698
https://openalex.org/W4309552785
https://openalex.org/W4322719583
https://openalex.org/W4302024760
https://openalex.org/W4324129148
https://openalex.org/W2129684953
https://openalex.org/W2070061844
https://openalex.org/W2105293363
https://openalex.org/W2079706123
https://openalex.org/W2110019771
https://openalex.org/W2150885387
https://openalex.org/W1964857530
https://openalex.org/W2104947957
https://openalex.org/W2060128352
https://openalex.org/W2075177393
https://openalex.org/W2047291062
https://openalex.org/W2143352693
https://openalex.org/W2076662693
https://openalex.org/W2045155219
https://openalex.org/W2077382558
https://openalex.org/W1990363671
https://openalex.org/W193755996
https://openalex.org/W2070141130
https://openalex.org/W2075013896
https://openalex.org/W2132540616
https://openalex.org/W2006983461
https://openalex.org/W2020627460
https://openalex.org/W2060025481
https://openalex.org/W2057078208
https://openalex.org/W2094746649
https://openalex.org/W2056240643
https://openalex.org/W2133235033
https://openalex.org/W2139255131
https://openalex.org/W1968429326
https://openalex.org/W2022994392
https://openalex.org/W2070114224
https://openalex.org/W1977135599
https://openalex.org/W2080355571
https://openalex.org/W1969188236
https://openalex.org/W2052856568
https://openalex.org/W1974290153
https://openalex.org/W2077158965
https://openalex.org/W2099856532
https://openalex.org/W2012994493
https://openalex.org/W4230300184
https://openalex.org/W1553185971
https://openalex.org/W1604800532
https://openalex.org/W2087255554
https://openalex.org/W1987973555
https://openalex.org/W2051148439
https://openalex.org/W2113182251
https://openalex.org/W1973681382
https://openalex.org/W2016336219
https://openalex.org/W2097123318
https://openalex.org/W1982064241
https://openalex.org/W1992816765
https://openalex.org/W2001976307
https://openalex.org/W2033026338
https://openalex.org/W2950042973
https://openalex.org/W1985054649
https://openalex.org/W2332154148
https://openalex.org/W2079825739
https://openalex.org/W2529115851
https://openalex.org/W2078165890
https://openalex.org/W2097042201
https://openalex.org/W2329778920
https://openalex.org/W2390391392
https://openalex.org/W2778390291
https://openalex.org/W2083922409
https://openalex.org/W2403822993
https://openalex.org/W2508826399
https://openalex.org/W1997240925
https://openalex.org/W2064500175
https://openalex.org/W2514736378
https://openalex.org/W4255125248
https://openalex.org/W2585566493
https://openalex.org/W2751558643
https://openalex.org/W2811405991
https://openalex.org/W2901629497
https://openalex.org/W2528462652
https://openalex.org/W2800408774
https://openalex.org/W2940952768
https://openalex.org/W2920415957
https://openalex.org/W2969468762
https://openalex.org/W2983826849
https://openalex.org/W2896174696
https://openalex.org/W2909938981
https://openalex.org/W2961838634
https://openalex.org/W2968850006
https://openalex.org/W3025417578
https://openalex.org/W2999077825
https://openalex.org/W3043822045
https://openalex.org/W3083735800
https://openalex.org/W3087547732
https://openalex.org/W3115834741
https://openalex.org/W3121027241
https://openalex.org/W3178434715
https://openalex.org/W1976217427
https://openalex.org/W4225273782
https://openalex.org/W4292554406
https://openalex.org/W4283034769
https://openalex.org/W4318200443
https://openalex.org/W4319915194
https://openalex.org/W4380988061
https://openalex.org/W4385783750
https://openalex.org/W2039129455
https://openalex.org/W2161281573
https://openalex.org/W2332469315
https://openalex.org/W2000218938
https://openalex.org/W2137236809
https://openalex.org/W2320963800
https://openalex.org/W2024240555
https://openalex.org/W2051867457
https://openalex.org/W2123455932
https://openalex.org/W2028463193
https://openalex.org/W2057490857
https://openalex.org/W2078041881
https://openalex.org/W2131609839
https://openalex.org/W1986171002
https://openalex.org/W1990946282
https://openalex.org/W2024688280
https://openalex.org/W2160017694
https://openalex.org/W2010762566
https://openalex.org/W2166505568
https://openalex.org/W1970561148
https://openalex.org/W2041450039
https://openalex.org/W2065674151
https://openalex.org/W1979659478
https://openalex.org/W2055828330
https://openalex.org/W1967612195
https://openalex.org/W2166048317
https://openalex.org/W2015898261
https://openalex.org/W2117018557
https://openalex.org/W1974231554
https://openalex.org/W1978048780
https://openalex.org/W2047623219
https://openalex.org/W2156781110
https://openalex.org/W160294685
https://openalex.org/W2015614349
https://openalex.org/W2058750831
https://openalex.org/W2043376182
https://openalex.org/W2332025866
https://openalex.org/W1928886399
https://openalex.org/W1983480395
https://openalex.org/W2042388867
https://openalex.org/W2060423630
https://openalex.org/W2081433271
https://openalex.org/W2049730459
https://openalex.org/W1969343580
https://openalex.org/W2316971709
https://openalex.org/W1972450694
https://openalex.org/W2032713900
https://openalex.org/W2048327036
https://openalex.org/W2159191171
https://openalex.org/W2207510893
https://openalex.org/W1498579200
https://openalex.org/W2035902702
https://openalex.org/W2064427189
https://openalex.org/W2256327529
https://openalex.org/W2101872027
https://openalex.org/W2274680941
https://openalex.org/W2514426629
https://openalex.org/W2573265084
https://openalex.org/W2617230909
https://openalex.org/W2724292747
https://openalex.org/W2464238749
https://openalex.org/W2511565176
https://openalex.org/W2562564117
https://openalex.org/W3104576280
https://openalex.org/W2075691640
https://openalex.org/W2298870809
https://openalex.org/W2425461721
https://openalex.org/W2578238526
https://openalex.org/W2605385921
https://openalex.org/W2894117724
https://openalex.org/W1849882639
https://openalex.org/W2067159631
https://openalex.org/W2232682691
https://openalex.org/W2792698118
https://openalex.org/W2884682472
https://openalex.org/W2470507664
https://openalex.org/W2524356823
https://openalex.org/W2588662033
https://openalex.org/W2736942460
https://openalex.org/W2893463384
https://openalex.org/W2978178786
https://openalex.org/W2990510972
https://openalex.org/W3021602560
https://openalex.org/W3036746316
https://openalex.org/W3083866517
https://openalex.org/W3025142703
https://openalex.org/W3108196093
https://openalex.org/W3125623647
https://openalex.org/W3129298977
https://openalex.org/W3112099590
https://openalex.org/W3134724346
https://openalex.org/W3154621232
https://openalex.org/W3166079851
https://openalex.org/W4200085538
https://openalex.org/W4212950075
https://openalex.org/W4281262332
https://openalex.org/W4388289299
https://openalex.org/W1537824435
https://openalex.org/W2015121773
https://openalex.org/W2091283038
https://openalex.org/W2156825780
https://openalex.org/W1982200208
https://openalex.org/W2057916619
https://openalex.org/W1839528720
https://openalex.org/W2077272359
https://openalex.org/W2083299747
https://openalex.org/W1979388701
https://openalex.org/W2773654157
https://openalex.org/W2086051718
https://openalex.org/W1992219762
https://openalex.org/W2034386145
https://openalex.org/W1998437289
https://openalex.org/W2078787855
https://openalex.org/W1754771639
https://openalex.org/W1998777059
https://openalex.org/W1997081936
https://openalex.org/W1995932908
https://openalex.org/W2016266113
https://openalex.org/W2064594297
https://openalex.org/W1569229753
https://openalex.org/W2015280897
https://openalex.org/W2087222183
https://openalex.org/W2054807494
https://openalex.org/W1980836551
https://openalex.org/W2083771412
https://openalex.org/W2091099412
https://openalex.org/W1976272464
https://openalex.org/W2028884935
https://openalex.org/W2088178207
https://openalex.org/W2159091439
https://openalex.org/W2016425476
https://openalex.org/W2122952933
https://openalex.org/W2093253653
https://openalex.org/W2132628905
https://openalex.org/W1603432277
https://openalex.org/W2150522142
https://openalex.org/W2074204947
https://openalex.org/W1984544247
https://openalex.org/W2002393791
https://openalex.org/W1998493019
https://openalex.org/W2009838397
https://openalex.org/W2023068026
https://openalex.org/W2091830137
https://openalex.org/W2102581773
https://openalex.org/W2168132317
https://openalex.org/W2763600430
https://openalex.org/W2273151211
https://openalex.org/W2332325794
https://openalex.org/W2442946994
https://openalex.org/W2800770916
https://openalex.org/W2807077857
https://openalex.org/W2895959975
https://openalex.org/W2537566498
https://openalex.org/W2367075778
https://openalex.org/W2529586658
https://openalex.org/W2598787103
https://openalex.org/W2770136337
https://openalex.org/W2533986612
https://openalex.org/W2885390383
https://openalex.org/W2945920009
https://openalex.org/W2977829901
https://openalex.org/W2994754636
https://openalex.org/W2996415121
https://openalex.org/W3087972199
https://openalex.org/W3209372919
https://openalex.org/W4200461445
https://openalex.org/W3203335421
https://openalex.org/W4210793149
https://openalex.org/W3216943491
https://openalex.org/W4200512895
https://openalex.org/W4211100944
https://openalex.org/W4220816330
https://openalex.org/W4224240180
https://openalex.org/W4225377437
https://openalex.org/W4285585130
https://openalex.org/W4297906725
https://openalex.org/W4307454574
https://openalex.org/W4315703415
https://openalex.org/W4318832273
https://openalex.org/W4319877931
https://openalex.org/W4361293557
https://openalex.org/W4382345275
https://openalex.org/W4383345493
https://openalex.org/W4385502358
https://openalex.org/W4388220881
https://openalex.org/W1979310340
https://openalex.org/W2035966388
https://openalex.org/W2093065956
https://openalex.org/W2168192233
https://openalex.org/W2089505771
https://openalex.org/W2952748740
https://openalex.org/W2006374572
https://openalex.org/W2172005291
https://openalex.org/W2062447823
https://openalex.org/W2114451367
https://openalex.org/W2004066943
https://openalex.org/W2133464541
https://openalex.org/W160984110
https://openalex.org/W2074341044
https://openalex.org/W2952418207
https://openalex.org/W2029037773
https://openalex.org/W2064645523
https://openalex.org/W1840995416
https://openalex.org/W2081189513
https://openalex.org/W2083256414
https://openalex.org/W2103170167
https://openalex.org/W2061054418
https://openalex.org/W2159211632
https://openalex.org/W2079185888
https://openalex.org/W2125229073
https://openalex.org/W2131544062
https://openalex.org/W2025037528
https://openalex.org/W2098892484
https://openalex.org/W1999903344
https://openalex.org/W2088739517
https://openalex.org/W2165384261
https://openalex.org/W2165485153
https://openalex.org/W2096448763
https://openalex.org/W2110780489
https://openalex.org/W1965664798
https://openalex.org/W2059599877
https://openalex.org/W2171703640
https://openalex.org/W2027516059
https://openalex.org/W2032509315
https://openalex.org/W2329404414
https://openalex.org/W1992510208
https://openalex.org/W2055620443
https://openalex.org/W2114110019
https://openalex.org/W1932959223
https://openalex.org/W1964699916
https://openalex.org/W1999074778
https://openalex.org/W2024035242
https://openalex.org/W2057405277
https://openalex.org/W2074122131
https://openalex.org/W2141383027
https://openalex.org/W2329686496
https://openalex.org/W1492402606
https://openalex.org/W2415852150
https://openalex.org/W2613824045
https://openalex.org/W2153092005
https://openalex.org/W2193541747
https://openalex.org/W2755660205
https://openalex.org/W4242178386
https://openalex.org/W1554588791
https://openalex.org/W1777811350
https://openalex.org/W1928544047
https://openalex.org/W2077662607
https://openalex.org/W2176324125
https://openalex.org/W2297151034
https://openalex.org/W2345995680
https://openalex.org/W2559984718
https://openalex.org/W2754577841
https://openalex.org/W2763906253
https://openalex.org/W2767886410
https://openalex.org/W2792158771
https://openalex.org/W2805549993
https://openalex.org/W2069769379
https://openalex.org/W2510675815
https://openalex.org/W2925123003
https://openalex.org/W2949104472
https://openalex.org/W2954190970
https://openalex.org/W2963197172
https://openalex.org/W2970619790
https://openalex.org/W2972412001
https://openalex.org/W3006942597
https://openalex.org/W3082660701
https://openalex.org/W2893729290
https://openalex.org/W3134198016
https://openalex.org/W3161619490
https://openalex.org/W3163217551
https://openalex.org/W3165103004
https://openalex.org/W4214819087
https://openalex.org/W4226312254
https://openalex.org/W4281782761
https://openalex.org/W4389441154
https://openalex.org/W4390165720
https://openalex.org/W4390542753
https://openalex.org/W4390574524
https://openalex.org/W4390586315
https://openalex.org/W4390794973
https://openalex.org/W4390811957
https://openalex.org/W4390824101
https://openalex.org/W4390878930
https://openalex.org/W4390916852
https://openalex.org/W4391030744
https://openalex.org/W4391091242
https://openalex.org/W4391126197
https://openalex.org/W4391135465
https://openalex.org/W4391215410
https://openalex.org/W4391343320
https://openalex.org/W4391343464
https://openalex.org/W4391393310
https://openalex.org/W4391395929
https://openalex.org/W4391420291
https://openalex.org/W4391420524
https://openalex.org/W4391747195
https://openalex.org/W4391815641
https://openalex.org/W4391824824
https://openalex.org/W4391871040
https://openalex.org/W4392016028
https://openalex.org/W4392108055
https://openalex.org/W4392163482
https://openalex.org/W4392170499
https://openalex.org/W4392231567
https://openalex.org/W4392348578
https://openalex.org/W4392360030
https://openalex.org/W4392379941
https://openalex.org/W4392458410
https://openalex.org/W4392542592
https://openalex.org/W4392560975
https://openalex.org/W4392888499
https://openalex.org/W4392921368
https://openalex.org/W4392925629
https://openalex.org/W4393183341
https://openalex.org/W4393306349
https://openalex.org/W4394748303
https://openalex.org/W4394749905
https://openalex.org/W4394794034
https://openalex.org/W4394864020
https://openalex.org/W4394928661
https://openalex.org/W4395453660
https://openalex.org/W4395467374
https://openalex.org/W4396501304
https://openalex.org/W4396503184
https://openalex.org/W4396516321
https://openalex.org/W4396529343
https://openalex.org/W4396530062
https://openalex.org/W1983529699
https://openalex.org/W2323124509
https://openalex.org/W2052613680
https://openalex.org/W2103433683
https://openalex.org/W2114444436
https://openalex.org/W338188732
https://openalex.org/W4242111810
https://openalex.org/W2045238277
https://openalex.org/W1492220305
https://openalex.org/W2167827886
https://openalex.org/W2096362935
https://openalex.org/W2072063277
https://openalex.org/W2076800002
https://openalex.org/W2284819979
https://openalex.org/W1985174863
https://openalex.org/W2064319494
https://openalex.org/W1979498041
https://openalex.org/W2074097719
https://openalex.org/W2044070552
https://openalex.org/W2146038314
https://openalex.org/W2255017004
https://openalex.org/W2951861839
https://openalex.org/W2153701501
https://openalex.org/W2153720849
https://openalex.org/W1975808928
https://openalex.org/W1978044995
https://openalex.org/W2002512820
https://openalex.org/W2091839572
https://openalex.org/W2416286053
https://openalex.org/W2069004350
https://openalex.org/W2045268626
https://openalex.org/W1743092458
https://openalex.org/W1970992866
https://openalex.org/W1976386975
https://openalex.org/W2033723431
https://openalex.org/W2074654034
https://openalex.org/W2115687853
https://openalex.org/W2145590496
https://openalex.org/W2154143763
https://openalex.org/W2179342567
https://openalex.org/W2006515845
https://openalex.org/W2029904498
https://openalex.org/W2078734885
https://openalex.org/W2137132833
https://openalex.org/W2745502521
https://openalex.org/W1990741847
https://openalex.org/W2586432880
https://openalex.org/W2772931013
https://openalex.org/W1796292965
https://openalex.org/W2135515115
https://openalex.org/W2282872450
https://openalex.org/W2550295931
https://openalex.org/W2748456963
https://openalex.org/W2756885465
https://openalex.org/W2916665573
https://openalex.org/W2323319514
https://openalex.org/W2548080527
https://openalex.org/W2913099928
https://openalex.org/W2914174655
https://openalex.org/W2926267379
https://openalex.org/W3007327613
https://openalex.org/W3008958811
https://openalex.org/W3093699262
https://openalex.org/W3124377792
https://openalex.org/W3130799882
https://openalex.org/W3146864455
https://openalex.org/W3161100085
https://openalex.org/W3161254668
https://openalex.org/W3181100767
https://openalex.org/W4250506483
https://openalex.org/W4313597822
https://openalex.org/W4318475672
https://openalex.org/W4319986736
https://openalex.org/W4361212351
https://openalex.org/W4381431010
https://openalex.org/W4385336153
https://openalex.org/W4386528825
https://openalex.org/W4388419264
https://openalex.org/W2122211595
https://openalex.org/W2081989278
https://openalex.org/W2417989884
https://openalex.org/W1964516251
https://openalex.org/W2054126606
https://openalex.org/W2039335395
https://openalex.org/W2073202377
https://openalex.org/W2058707893
https://openalex.org/W2950173520
https://openalex.org/W2114414272
https://openalex.org/W2006427111
https://openalex.org/W2006661125
https://openalex.org/W2054521361
https://openalex.org/W1984025904
https://openalex.org/W2042135119
https://openalex.org/W2159766049
https://openalex.org/W2031188419
https://openalex.org/W2768095321
https://openalex.org/W1980957158
https://openalex.org/W4241744666
https://openalex.org/W1996322379
https://openalex.org/W2033323900
https://openalex.org/W2140126702
https://openalex.org/W2169982837
https://openalex.org/W2133730255
https://openalex.org/W2119501838
https://openalex.org/W119873996
https://openalex.org/W1964967324
https://openalex.org/W1994858933
https://openalex.org/W2036829484
https://openalex.org/W2000914238
https://openalex.org/W2060347710
https://openalex.org/W2083644765
https://openalex.org/W2106858657
https://openalex.org/W2128590928
https://openalex.org/W1488517743
https://openalex.org/W1822303284
https://openalex.org/W1857659093
https://openalex.org/W1990682670
https://openalex.org/W2011424149
https://openalex.org/W2049006708
https://openalex.org/W2056920724
https://openalex.org/W2074461600
https://openalex.org/W2091686123
https://openalex.org/W2119262899
https://openalex.org/W2330899099
https://openalex.org/W2787366852
https://openalex.org/W2790622383
https://openalex.org/W801791243
https://openalex.org/W2139906611
https://openalex.org/W2330659963
https://openalex.org/W2330778025
https://openalex.org/W2415918245
https://openalex.org/W2767171665
https://openalex.org/W2951188500
https://openalex.org/W2346947087
https://openalex.org/W2402589183
https://openalex.org/W2464706517
https://openalex.org/W2901619381
https://openalex.org/W2909611524
https://openalex.org/W2964727817
https://openalex.org/W2981887445
https://openalex.org/W2982358030
https://openalex.org/W2966800591
https://openalex.org/W3003726335
https://openalex.org/W3089342391
https://openalex.org/W3093969601
https://openalex.org/W3138483720
https://openalex.org/W2322879129
https://openalex.org/W3007065486
https://openalex.org/W3014630801
https://openalex.org/W3021847005
https://openalex.org/W3086577517
https://openalex.org/W3092837794
https://openalex.org/W3164476227
https://openalex.org/W3208595910
https://openalex.org/W3209134411
https://openalex.org/W4238968095
https://openalex.org/W4214522563
https://openalex.org/W4283748644
https://openalex.org/W2068853869
https://openalex.org/W1894547011
https://openalex.org/W1977400345
https://openalex.org/W2012915444
https://openalex.org/W2177538633
https://openalex.org/W2008049751
https://openalex.org/W2051668418
https://openalex.org/W1894653348
https://openalex.org/W1984929752
https://openalex.org/W2158649283
https://openalex.org/W1968855492
https://openalex.org/W1985311179
https://openalex.org/W2003315920
https://openalex.org/W2058236655
https://openalex.org/W2072365331
https://openalex.org/W4318750893
https://openalex.org/W2003615530
https://openalex.org/W2416305919
https://openalex.org/W1978944682
https://openalex.org/W1998500009
https://openalex.org/W2023594870
https://openalex.org/W2033867515
https://openalex.org/W2083347083
https://openalex.org/W2089998599
https://openalex.org/W2120052843
https://openalex.org/W2063513999
https://openalex.org/W1983967446
https://openalex.org/W2085475347
https://openalex.org/W2140850893
https://openalex.org/W2375978909
https://openalex.org/W2049886312
https://openalex.org/W2072259782
https://openalex.org/W2018106146
https://openalex.org/W2124864352
https://openalex.org/W2089007327
https://openalex.org/W2006884267
https://openalex.org/W2089477260
https://openalex.org/W2094664516
https://openalex.org/W2188159428
https://openalex.org/W2319963755
https://openalex.org/W2468361766
https://openalex.org/W65784928
https://openalex.org/W2069642440
https://openalex.org/W2080465336
https://openalex.org/W2105054937
https://openalex.org/W4233289322
https://openalex.org/W126311113
https://openalex.org/W1984218362
https://openalex.org/W2000164805
https://openalex.org/W2027648984
https://openalex.org/W2112467870
https://openalex.org/W2253093047
https://openalex.org/W2758369957
https://openalex.org/W2759767561
https://openalex.org/W2763298605
https://openalex.org/W2783275584
https://openalex.org/W2791984142
https://openalex.org/W2888923840
https://openalex.org/W1974384662
https://openalex.org/W2010088310
https://openalex.org/W2018004052
https://openalex.org/W2138066592
https://openalex.org/W2225849033
https://openalex.org/W2339101325
https://openalex.org/W2580280554
https://openalex.org/W2736945574
https://openalex.org/W2782139021
https://openalex.org/W2789489072
https://openalex.org/W2799722772
https://openalex.org/W2800348328
https://openalex.org/W2885870079
https://openalex.org/W2906683375
https://openalex.org/W2910999828
https://openalex.org/W2932033829
https://openalex.org/W2910362079
https://openalex.org/W2944382140
https://openalex.org/W2995392169
https://openalex.org/W3012480440
https://openalex.org/W3133061598
https://openalex.org/W3210101559
https://openalex.org/W2474441218
https://openalex.org/W4206471968
https://openalex.org/W4206935244
https://openalex.org/W4280541301
https://openalex.org/W4293567459
https://openalex.org/W4309179878
https://openalex.org/W4313317071
https://openalex.org/W1551664712
https://openalex.org/W1996708349
https://openalex.org/W2115621483
https://openalex.org/W2117372380
https://openalex.org/W2002190822
https://openalex.org/W2059435466
https://openalex.org/W2059620259
https://openalex.org/W1997912970
https://openalex.org/W2051062450
https://openalex.org/W2056770798
https://openalex.org/W2033456689
https://openalex.org/W1971546043
https://openalex.org/W2008926193
https://openalex.org/W2053676781
https://openalex.org/W2108936581
https://openalex.org/W2073269888
https://openalex.org/W2088688856
https://openalex.org/W2111440057
https://openalex.org/W569901944
https://openalex.org/W1978259973
https://openalex.org/W1997148405
https://openalex.org/W2113255912
https://openalex.org/W2103766187
https://openalex.org/W2017631064
https://openalex.org/W2022434767
https://openalex.org/W2123678687
https://openalex.org/W2135644119
https://openalex.org/W1989345787
https://openalex.org/W2012747342
https://openalex.org/W2082188510
https://openalex.org/W2330779940
https://openalex.org/W1963605426
https://openalex.org/W1979780039
https://openalex.org/W2064476636
https://openalex.org/W2141862587
https://openalex.org/W2144930666
https://openalex.org/W2584694806
https://openalex.org/W2586366232
https://openalex.org/W2768032375
https://openalex.org/W805944783
https://openalex.org/W1501180151
https://openalex.org/W2039023178
https://openalex.org/W2041212520
https://openalex.org/W2153022524
https://openalex.org/W2307809450
https://openalex.org/W2317845888
https://openalex.org/W2328988342
https://openalex.org/W2605567409
https://openalex.org/W2744852389
https://openalex.org/W2769231336
https://openalex.org/W2778560280
https://openalex.org/W2902401916
https://openalex.org/W2963501964
https://openalex.org/W2995545479
https://openalex.org/W4238596924
https://openalex.org/W2198255740
https://openalex.org/W2417828666
https://openalex.org/W3012680718
https://openalex.org/W3042710708
https://openalex.org/W3048212351
https://openalex.org/W3091921012
https://openalex.org/W3092116669
https://openalex.org/W3092751198
https://openalex.org/W3109013592
https://openalex.org/W2970734117
https://openalex.org/W2988343216
https://openalex.org/W3085846758
https://openalex.org/W3105688695
https://openalex.org/W3136565328
https://openalex.org/W2036164540
https://openalex.org/W2047656974
https://openalex.org/W1978819885
https://openalex.org/W2020126125
https://openalex.org/W1950352092
https://openalex.org/W2084200914
https://openalex.org/W1756417987
https://openalex.org/W2016480831
https://openalex.org/W2054077530
https://openalex.org/W2950510714
https://openalex.org/W1967558435
https://openalex.org/W2051350378
https://openalex.org/W2098488523
https://openalex.org/W1991764642
https://openalex.org/W2036010607
https://openalex.org/W2046634959
https://openalex.org/W2149906386
https://openalex.org/W1975116018
https://openalex.org/W1993898804
https://openalex.org/W2015787183
https://openalex.org/W2041571940
https://openalex.org/W2047632832
https://openalex.org/W2060625171
https://openalex.org/W2081112033
https://openalex.org/W1985131985
https://openalex.org/W2411891567
https://openalex.org/W2040457983
https://openalex.org/W2406178981
https://openalex.org/W2120466009
https://openalex.org/W1964730147
https://openalex.org/W1974222780
https://openalex.org/W2016640388
https://openalex.org/W2017208471
https://openalex.org/W2064834189
https://openalex.org/W2115255012
https://openalex.org/W2133460206
https://openalex.org/W2321733701
https://openalex.org/W2469314363
https://openalex.org/W1995805320
https://openalex.org/W2034363956
https://openalex.org/W2049198119
https://openalex.org/W2063078541
https://openalex.org/W2325606695
https://openalex.org/W4234189123
https://openalex.org/W1415450948
https://openalex.org/W1485853983
https://openalex.org/W1994083004
https://openalex.org/W2006418253
https://openalex.org/W2100016186
https://openalex.org/W2205315202
https://openalex.org/W2498069873
https://openalex.org/W2623950934
https://openalex.org/W2669697365
https://openalex.org/W2794378686
https://openalex.org/W2940570714
https://openalex.org/W2050135052
https://openalex.org/W2054547037
https://openalex.org/W2172694859
https://openalex.org/W2280639427
https://openalex.org/W2340602081
https://openalex.org/W2421681918
https://openalex.org/W2474538743
https://openalex.org/W2520027559
https://openalex.org/W2913847258
https://openalex.org/W2969852316
https://openalex.org/W941989909
https://openalex.org/W3009408837
https://openalex.org/W3088514599
https://openalex.org/W4206189653
https://openalex.org/W2152430483
https://openalex.org/W3047361275
https://openalex.org/W3095296582
https://openalex.org/W3122861759
https://openalex.org/W3125621479
https://openalex.org/W3135059736
https://openalex.org/W3155257066
https://openalex.org/W3200677993
https://openalex.org/W3213430593
https://openalex.org/W4214544199
https://openalex.org/W4223621419
https://openalex.org/W4226183260
https://openalex.org/W4229451329
https://openalex.org/W4283819662
https://openalex.org/W4284962260
https://openalex.org/W4294243564
https://openalex.org/W4293092175
https://openalex.org/W4312094813
https://openalex.org/W4317820233
https://openalex.org/W4320004476
https://openalex.org/W4323363363
https://openalex.org/W4323566022
https://openalex.org/W4323817153
https://openalex.org/W4324144484
https://openalex.org/W4366602429
https://openalex.org/W4367298280
https://openalex.org/W4378171898
https://openalex.org/W4378975331
https://openalex.org/W4381046728
https://openalex.org/W4381137244
https://openalex.org/W4382722838
https://openalex.org/W4383551125
https://openalex.org/W4385442007
https://openalex.org/W4385795204
https://openalex.org/W4386592441
https://openalex.org/W4387393015
https://openalex.org/W4390244625
https://openalex.org/W1992021937
https://openalex.org/W2070974158
https://openalex.org/W2169731491
https://openalex.org/W1481243919
https://openalex.org/W2137205458
https://openalex.org/W2034378640
https://openalex.org/W1967850973
https://openalex.org/W2045460202
https://openalex.org/W2116801128
https://openalex.org/W2152753084
https://openalex.org/W2417014998
https://openalex.org/W2128228751
https://openalex.org/W2064858536
https://openalex.org/W302255765
https://openalex.org/W2005030379
https://openalex.org/W2134784075
https://openalex.org/W2169619153
https://openalex.org/W1975879129
https://openalex.org/W199736545
https://openalex.org/W2050388326
https://openalex.org/W2169547855
https://openalex.org/W6433255
https://openalex.org/W1975663730
https://openalex.org/W1990132498
https://openalex.org/W2029845823
https://openalex.org/W2050208935
https://openalex.org/W2064670281
https://openalex.org/W2620813199
https://openalex.org/W2762455781
https://openalex.org/W2778663503
https://openalex.org/W2790760102
https://openalex.org/W2801716690
https://openalex.org/W1535714074
https://openalex.org/W1976733903
https://openalex.org/W2071191475
https://openalex.org/W2089383049
https://openalex.org/W2114045188
https://openalex.org/W2257084912
https://openalex.org/W2343621007
https://openalex.org/W2444544888
https://openalex.org/W2518074300
https://openalex.org/W2537393348
https://openalex.org/W2617745014
https://openalex.org/W2889442701
https://openalex.org/W2911665352
https://openalex.org/W2947197524
https://openalex.org/W4231972152
https://openalex.org/W4242650500
https://openalex.org/W2461698203
https://openalex.org/W1982032906
https://openalex.org/W1996347538
https://openalex.org/W2323794035
https://openalex.org/W1971592691
https://openalex.org/W2049034035
https://openalex.org/W2067968410
https://openalex.org/W2095106231
https://openalex.org/W1998732125
https://openalex.org/W2023711089
https://openalex.org/W2047604655
https://openalex.org/W2092469490
https://openalex.org/W1994721308
https://openalex.org/W1994812163
https://openalex.org/W2010650972
https://openalex.org/W4243907966
https://openalex.org/W2135929283
https://openalex.org/W1999403683
https://openalex.org/W2001927704
https://openalex.org/W2003606733
https://openalex.org/W2059675515
https://openalex.org/W2103738750
https://openalex.org/W1500291143
https://openalex.org/W1556930996
https://openalex.org/W1892996066
https://openalex.org/W2167892141
https://openalex.org/W2310291132
https://openalex.org/W2322795655
https://openalex.org/W261057434
https://openalex.org/W2888777775
https://openalex.org/W2001493517
https://openalex.org/W2022163878
https://openalex.org/W2032440581
https://openalex.org/W2046616146
https://openalex.org/W2072148676
https://openalex.org/W2073341063
https://openalex.org/W2280118472
https://openalex.org/W2514148001
https://openalex.org/W2615108837
https://openalex.org/W2735432436
https://openalex.org/W2751007165
https://openalex.org/W2766629001
https://openalex.org/W2766990760
https://openalex.org/W2954473171
https://openalex.org/W2981527668
https://openalex.org/W2984436377
https://openalex.org/W3002283157
https://openalex.org/W3012811520
https://openalex.org/W3036979300
https://openalex.org/W3080864908
https://openalex.org/W2175549191
https://openalex.org/W2336960857
https://openalex.org/W2462783550
https://openalex.org/W3120263632
https://openalex.org/W3123340332
https://openalex.org/W3160307262
https://openalex.org/W3181925474
https://openalex.org/W3191766305
https://openalex.org/W2323652584
https://openalex.org/W2027178944
https://openalex.org/W2065525369
https://openalex.org/W2315592134
https://openalex.org/W2016643718
https://openalex.org/W2090720437
https://openalex.org/W2144331426
https://openalex.org/W2332716812
https://openalex.org/W1975393081
https://openalex.org/W1978659008
https://openalex.org/W2015996156
https://openalex.org/W2033373701
https://openalex.org/W6766228
https://openalex.org/W1980827180
https://openalex.org/W163786036
https://openalex.org/W1985856900
https://openalex.org/W1987753558
https://openalex.org/W2182825921
https://openalex.org/W1549615944
https://openalex.org/W1996290103
https://openalex.org/W2015233832
https://openalex.org/W2084223481
https://openalex.org/W2086097329
https://openalex.org/W2781702610
https://openalex.org/W2789578365
https://openalex.org/W2802279505
https://openalex.org/W1984507208
https://openalex.org/W2077175133
https://openalex.org/W2285869102
https://openalex.org/W2314340457
https://openalex.org/W2327086345
https://openalex.org/W2331008329
https://openalex.org/W2402523068
https://openalex.org/W2402745835
https://openalex.org/W2411562683
https://openalex.org/W2429296473
https://openalex.org/W2586854564
https://openalex.org/W2912801911
https://openalex.org/W2931015150
https://openalex.org/W2947500857
https://openalex.org/W2966136149
https://openalex.org/W2973292125
https://openalex.org/W3009152834
https://openalex.org/W3087426934
https://openalex.org/W313589317
https://openalex.org/W629046544
https://openalex.org/W3134719402
https://openalex.org/W3157351820
https://openalex.org/W3161599783
https://openalex.org/W3195353121
https://openalex.org/W3204236116
https://openalex.org/W4224623370
https://openalex.org/W4281261781
https://openalex.org/W4281781081
https://openalex.org/W4281899133
https://openalex.org/W4286560579
https://openalex.org/W4309711242
https://openalex.org/W2007555040
https://openalex.org/W2034976985
https://openalex.org/W2078044218
https://openalex.org/W2055897886
https://openalex.org/W2065078504
https://openalex.org/W2417185262
https://openalex.org/W2417697444
https://openalex.org/W1965244933
https://openalex.org/W2074535109
https://openalex.org/W2400991388
https://openalex.org/W2016142067
https://openalex.org/W1973248856
https://openalex.org/W1975185382
https://openalex.org/W1984000753
https://openalex.org/W2054196864
https://openalex.org/W1969137629
https://openalex.org/W2051573670
https://openalex.org/W2762403256
https://openalex.org/W2784312140
https://openalex.org/W2013050642
https://openalex.org/W2021809007
https://openalex.org/W2039202048
https://openalex.org/W2077617990
https://openalex.org/W2132821991
https://openalex.org/W2156856741
https://openalex.org/W2604577886
https://openalex.org/W2751658066
https://openalex.org/W2761726290
https://openalex.org/W2768753226
https://openalex.org/W2774581676
https://openalex.org/W3024263506
https://openalex.org/W3025000993
https://openalex.org/W3083327719
https://openalex.org/W4247131954
https://openalex.org/W1977840830
https://openalex.org/W2025776602
https://openalex.org/W2047365658
https://openalex.org/W2059953068
https://openalex.org/W2037716151
https://openalex.org/W2069054525
https://openalex.org/W1970241553
https://openalex.org/W1976274564
https://openalex.org/W2047527333
https://openalex.org/W2063770131
https://openalex.org/W2141466520
https://openalex.org/W2235432758
https://openalex.org/W4252386100
https://openalex.org/W2158709262
https://openalex.org/W2009888520
https://openalex.org/W2024150399
https://openalex.org/W2320445087
https://openalex.org/W1984189165
https://openalex.org/W2089058851
https://openalex.org/W2128105450
https://openalex.org/W2148634161
https://openalex.org/W2767687019
https://openalex.org/W2775621944
https://openalex.org/W2788754985
https://openalex.org/W2793185530
https://openalex.org/W2802914086
https://openalex.org/W2807302336
https://openalex.org/W2903898117
https://openalex.org/W2923373403
https://openalex.org/W2942048803
https://openalex.org/W1984761253
https://openalex.org/W1985085241
https://openalex.org/W1985148049
https://openalex.org/W2110042522
https://openalex.org/W2290993818
https://openalex.org/W2298757885
https://openalex.org/W2401129198
https://openalex.org/W3001918728
https://openalex.org/W3125970796
https://openalex.org/W3135505347
https://openalex.org/W3168516250
https://openalex.org/W3183978289
https://openalex.org/W3194352153
https://openalex.org/W3199568558
https://openalex.org/W3208119613
https://openalex.org/W588937557
https://openalex.org/W1972797161
https://openalex.org/W1981507303
https://openalex.org/W2073729553
https://openalex.org/W2088230727
https://openalex.org/W4238061218
https://openalex.org/W2001573477
https://openalex.org/W2094885363
https://openalex.org/W2396327797
https://openalex.org/W2402973293
https://openalex.org/W76983672
https://openalex.org/W2000344947
https://openalex.org/W2035117081
https://openalex.org/W2321644440
https://openalex.org/W4229900243
https://openalex.org/W2088932875
https://openalex.org/W2406390494
https://openalex.org/W4249419172
https://openalex.org/W1766132740
https://openalex.org/W1998623376
https://openalex.org/W2030446762
https://openalex.org/W2045834288
https://openalex.org/W2169794205
https://openalex.org/W2081123797
https://openalex.org/W2167380447
https://openalex.org/W2350981734
https://openalex.org/W2005465136
https://openalex.org/W2414705991
https://openalex.org/W2014566599
https://openalex.org/W2089854709
https://openalex.org/W2106588121
https://openalex.org/W2312928377
https://openalex.org/W2624572508
https://openalex.org/W2779904356
https://openalex.org/W2789549499
https://openalex.org/W2791111995
https://openalex.org/W2791874122
https://openalex.org/W2792729961
https://openalex.org/W2969776441
https://openalex.org/W2978423104
https://openalex.org/W2980730914
https://openalex.org/W2988996248
https://openalex.org/W2990786029
https://openalex.org/W3025431288
https://openalex.org/W3166088683
https://openalex.org/W2072953834
https://openalex.org/W2435322452
https://openalex.org/W2541927315
https://openalex.org/W2559383517
https://openalex.org/W2908842372
https://openalex.org/W3212441044
https://openalex.org/W4210327165
https://openalex.org/W4214613866
https://openalex.org/W4224940465
https://openalex.org/W4225016610
https://openalex.org/W4225817269
https://openalex.org/W4226284633
https://openalex.org/W4280527932
https://openalex.org/W4281982998
https://openalex.org/W4285085192
https://openalex.org/W4285891630
https://openalex.org/W4312398396
https://openalex.org/W1967329760
https://openalex.org/W2003757348
https://openalex.org/W2035476695
https://openalex.org/W3124065159
https://openalex.org/W164143857
https://openalex.org/W2031961912
https://openalex.org/W2093963288
https://openalex.org/W2031521635
https://openalex.org/W2409119846
https://openalex.org/W2010285375
https://openalex.org/W2050590213
https://openalex.org/W2340870208
https://openalex.org/W2488288709
https://openalex.org/W4249769788
https://openalex.org/W2014943942
https://openalex.org/W2411291952
https://openalex.org/W2416466292
https://openalex.org/W2427091920
https://openalex.org/W1831313573
https://openalex.org/W1974412143
https://openalex.org/W1992019838
https://openalex.org/W1994397298
https://openalex.org/W2014165616
https://openalex.org/W2032336123
https://openalex.org/W2048034893
https://openalex.org/W2048879818
https://openalex.org/W2414819039
https://openalex.org/W59684983
https://openalex.org/W1967280309
https://openalex.org/W1985471995
https://openalex.org/W2016534800
https://openalex.org/W2068634118
https://openalex.org/W4237700305
https://openalex.org/W2026071189
https://openalex.org/W2033271647
https://openalex.org/W2067901420
https://openalex.org/W2221839644
https://openalex.org/W2015983986
https://openalex.org/W2141866292
https://openalex.org/W1974721733
https://openalex.org/W2062358325
https://openalex.org/W1974711196
https://openalex.org/W2413158409
https://openalex.org/W1965519078
https://openalex.org/W2001952824
https://openalex.org/W2089847524
https://openalex.org/W2166694586
https://openalex.org/W2037391515
https://openalex.org/W2745724513
https://openalex.org/W2778890710
https://openalex.org/W2789782681
https://openalex.org/W2899305192
https://openalex.org/W2912479906
https://openalex.org/W2921223478
https://openalex.org/W2981111346
https://openalex.org/W3003345314
https://openalex.org/W3005788786
https://openalex.org/W3092268217
https://openalex.org/W3095573799
https://openalex.org/W3111984275
https://openalex.org/W3129907845
https://openalex.org/W3190726355
https://openalex.org/W3190953522
https://openalex.org/W3199089105
https://openalex.org/W3206766449
https://openalex.org/W3208885856
https://openalex.org/W3214725693
https://openalex.org/W2336541761
https://openalex.org/W2383293450
https://openalex.org/W2440166842
https://openalex.org/W2520418874
https://openalex.org/W2573174002
https://openalex.org/W4237728769
https://openalex.org/W4387361414
https://openalex.org/W11780468
https://openalex.org/W2009339444
https://openalex.org/W2332474231
https://openalex.org/W312618315
https://openalex.org/W1996748577
https://openalex.org/W1975610626
https://openalex.org/W2012008601
https://openalex.org/W2027814583
https://openalex.org/W2041537180
https://openalex.org/W2145457103
https://openalex.org/W4249002894
https://openalex.org/W2047943317
https://openalex.org/W2083178064
https://openalex.org/W2071225245
https://openalex.org/W2106276086
https://openalex.org/W13929606
https://openalex.org/W1990687192
https://openalex.org/W2055615011
https://openalex.org/W2061831091
https://openalex.org/W2349971112
https://openalex.org/W2908426875
https://openalex.org/W1260016107
https://openalex.org/W1826792429
https://openalex.org/W1848116936
https://openalex.org/W1989529585
https://openalex.org/W2004786852
https://openalex.org/W2005768261
https://openalex.org/W2035880213
https://openalex.org/W2046534690
https://openalex.org/W2049344706
https://openalex.org/W2060547788
https://openalex.org/W2065049731
https://openalex.org/W2077551656
https://openalex.org/W2272040984
https://openalex.org/W2321342265
https://openalex.org/W2350880102
https://openalex.org/W2362117769
https://openalex.org/W2395891322
https://openalex.org/W2399007238
https://openalex.org/W2743782746
https://openalex.org/W347177759
https://openalex.org/W4233637093
https://openalex.org/W3213169849
https://openalex.org/W4318183139
https://openalex.org/W4318562179
https://openalex.org/W4320485132
https://openalex.org/W4361885822
https://openalex.org/W4361885944
https://openalex.org/W4361885986
https://openalex.org/W4361885987
https://openalex.org/W4361885996
https://openalex.org/W4361886060
https://openalex.org/W4361886065
https://openalex.org/W4361886084
https://openalex.org/W4361886087
https://openalex.org/W4361886172
https://openalex.org/W4361886173
https://openalex.org/W4361924028
https://openalex.org/W4361924045
https://openalex.org/W4361924265
https://openalex.org/W4361925015
https://openalex.org/W4361925147
https://openalex.org/W4361925153
https://openalex.org/W4361925156
https://openalex.org/W4361925157
https://openalex.org/W4361925158
https://openalex.org/W4361925222
https://openalex.org/W4361925263
https://openalex.org/W4361945929
https://openalex.org/W4361952275
https://openalex.org/W4362529225
https://openalex.org/W4362529316
https://openalex.org/W4362529352
https://openalex.org/W4362529501
https://openalex.org/W4362529502
https://openalex.org/W4362537203
https://openalex.org/W4362541664
https://openalex.org/W4362592331
https://openalex.org/W4362592619
https://openalex.org/W4362592940
https://openalex.org/W4362595074
https://openalex.org/W4366125884
https://openalex.org/W4366226136
https://openalex.org/W4366425388
https://openalex.org/W4367312533
https://openalex.org/W4375950159
https://openalex.org/W4376150230
https://openalex.org/W4377565737
https://openalex.org/W4379207478
https://openalex.org/W4379472046
https://openalex.org/W4379472514
https://openalex.org/W4380291961
https://openalex.org/W4382181335
https://openalex.org/W4382279678
https://openalex.org/W4382502798
https://openalex.org/W4383217983
https://openalex.org/W4384775295
https://openalex.org/W4384927595
https://openalex.org/W4385066036
https://openalex.org/W4385254923
https://openalex.org/W4385344983
https://openalex.org/W4385423033
https://openalex.org/W4385495527
https://openalex.org/W4385568069
https://openalex.org/W4385657963
https://openalex.org/W4385845717
https://openalex.org/W4386337255
https://openalex.org/W4386399721
https://openalex.org/W4386476500
https://openalex.org/W4386477855
https://openalex.org/W4386553012
https://openalex.org/W4386697693
https://openalex.org/W4387098493
https://openalex.org/W4387105741
https://openalex.org/W4387372208
https://openalex.org/W4387532576
https://openalex.org/W4387981030
https://openalex.org/W4387981062
https://openalex.org/W4388158505
https://openalex.org/W4388182204
https://openalex.org/W4388380092
https://openalex.org/W4388496250
https://openalex.org/W4388716213
https://openalex.org/W4389565461
https://openalex.org/W4389790927
https://openalex.org/W4389839456
https://openalex.org/W4389944277
https://openalex.org/W4390174772
https://openalex.org/W4390192994
https://openalex.org/W4390347102
https://openalex.org/W4390399151
https://openalex.org/W4391676983
https://openalex.org/W4392700301
https://openalex.org/W4392722206
https://openalex.org/W4392723169
https://openalex.org/W4393315639
https://openalex.org/W4393754437
https://openalex.org/W4393825192
https://openalex.org/W4393898616
https://openalex.org/W4394402779
https://openalex.org/W4395019530
https://openalex.org/W4395099483
https://openalex.org/W4395101364
https://openalex.org/W1967665392
https://openalex.org/W1993151642
https://openalex.org/W2089012879
https://openalex.org/W85670162
https://openalex.org/W2055629751
https://openalex.org/W2078915237
https://openalex.org/W2006466640
https://openalex.org/W2082738915
https://openalex.org/W2137147541
https://openalex.org/W2415710861
https://openalex.org/W171701322
https://openalex.org/W2180342222
https://openalex.org/W2241612520
https://openalex.org/W86603401
https://openalex.org/W1983480521
https://openalex.org/W2312190919
https://openalex.org/W2319269738
https://openalex.org/W2601045810
https://openalex.org/W2626417396
https://openalex.org/W2759175814
https://openalex.org/W2766487751
https://openalex.org/W2772516185
https://openalex.org/W2793602872
https://openalex.org/W3195824174
https://openalex.org/W3209528835
https://openalex.org/W4246815867
https://openalex.org/W2417544428
https://openalex.org/W2117121614
https://openalex.org/W271680270
https://openalex.org/W2419399052
https://openalex.org/W1978370655
https://openalex.org/W2025988064
https://openalex.org/W235163638
https://openalex.org/W2408930988
https://openalex.org/W2413480900
https://openalex.org/W1408730142
https://openalex.org/W1595046472
https://openalex.org/W1876532527
https://openalex.org/W2022176722
https://openalex.org/W2167946565
https://openalex.org/W2174955501
https://openalex.org/W2282421656
https://openalex.org/W2758838323
https://openalex.org/W2786597254
https://openalex.org/W2886558008
https://openalex.org/W2898333063
https://openalex.org/W2900043776
https://openalex.org/W2902767674
https://openalex.org/W2905112309
https://openalex.org/W2951008670
https://openalex.org/W2973128306
https://openalex.org/W2987068836
https://openalex.org/W2999105661
https://openalex.org/W3008406670
https://openalex.org/W3015522194
https://openalex.org/W3016602502
https://openalex.org/W3025537587
https://openalex.org/W3041172623
https://openalex.org/W3047610792
https://openalex.org/W3096578328
https://openalex.org/W3109416117
https://openalex.org/W3110124631
https://openalex.org/W3119144772
https://openalex.org/W3129991786
https://openalex.org/W3134951629
https://openalex.org/W3181767586
https://openalex.org/W4212770744
https://openalex.org/W4250033706
https://openalex.org/W2253691158
https://openalex.org/W2300892503
https://openalex.org/W2507515948
https://openalex.org/W2524935818
https://openalex.org/W2556615123
https://openalex.org/W2557799072
https://openalex.org/W2803787337
https://openalex.org/W3212966147
https://openalex.org/W4220858928
https://openalex.org/W4225299864
https://openalex.org/W4282969705
https://openalex.org/W4293728284
https://openalex.org/W4295996582
https://openalex.org/W4304756282
https://openalex.org/W4312030360
https://openalex.org/W1968377251
https://openalex.org/W2055622576
https://openalex.org/W2069599957
https://openalex.org/W2465003273
https://openalex.org/W2047168093
https://openalex.org/W1983143080
https://openalex.org/W1991734195
https://openalex.org/W2169377283
https://openalex.org/W2390085217
https://openalex.org/W2927740942
https://openalex.org/W1551979141
https://openalex.org/W1674657429
https://openalex.org/W1704707825
https://openalex.org/W1789556673
https://openalex.org/W1811629396
https://openalex.org/W1866223516
https://openalex.org/W1869497314
https://openalex.org/W1900429066
https://openalex.org/W1988040173
https://openalex.org/W2001871244
https://openalex.org/W2006667208
https://openalex.org/W2041357445
https://openalex.org/W2051702483
https://openalex.org/W2134310362
https://openalex.org/W2268655891
https://openalex.org/W2290514485
https://openalex.org/W2343858457
https://openalex.org/W2588882261
https://openalex.org/W272448147
https://openalex.org/W2977700153
https://openalex.org/W3030589758
https://openalex.org/W3031721249
https://openalex.org/W4224113163
https://openalex.org/W4224234554
https://openalex.org/W4286855950
https://openalex.org/W4292566370
https://openalex.org/W4297896238
https://openalex.org/W100694144
https://openalex.org/W1972368633
https://openalex.org/W2028331143
https://openalex.org/W2320210627
https://openalex.org/W2334794369
https://openalex.org/W1507087696
https://openalex.org/W2006683037
https://openalex.org/W2395279478
https://openalex.org/W2406370983
https://openalex.org/W2416718349
https://openalex.org/W1980959933
https://openalex.org/W1975654507
https://openalex.org/W2088605534
https://openalex.org/W2088672447
https://openalex.org/W2354207660
https://openalex.org/W2356112368
https://openalex.org/W1660304374
https://openalex.org/W1720670008
https://openalex.org/W1987063447
https://openalex.org/W2063681764
https://openalex.org/W2109413115
https://openalex.org/W2363425852
https://openalex.org/W2364627271
https://openalex.org/W2367493118
https://openalex.org/W2388594026
https://openalex.org/W2397256953
https://openalex.org/W2401551526
https://openalex.org/W2414656711
https://openalex.org/W2600899947
https://openalex.org/W2615046059
https://openalex.org/W2767754032
https://openalex.org/W2783864398
https://openalex.org/W3214583103
https://openalex.org/W40496630
https://openalex.org/W4237417859
https://openalex.org/W1922004015
https://openalex.org/W2006030333
https://openalex.org/W2008286724
https://openalex.org/W2093086916
https://openalex.org/W2414240264
https://openalex.org/W2414905246
https://openalex.org/W2621016471
https://openalex.org/W1963384990
https://openalex.org/W1963634103
https://openalex.org/W2041938711
https://openalex.org/W2472183411
https://openalex.org/W35351032
https://openalex.org/W2395155323
https://openalex.org/W1935817568
https://openalex.org/W1983076889
https://openalex.org/W2014589167
https://openalex.org/W2022758676
https://openalex.org/W2030716520
https://openalex.org/W2037302080
https://openalex.org/W2139872925
https://openalex.org/W2167228634
https://openalex.org/W2560956893
https://openalex.org/W2800408206
https://openalex.org/W2801089985
https://openalex.org/W2809244380
https://openalex.org/W2810565296
https://openalex.org/W2898555171
https://openalex.org/W2915961721
https://openalex.org/W2944872055
https://openalex.org/W4394338190
https://openalex.org/W2207016126
https://openalex.org/W2057555037
https://openalex.org/W2406744622
https://openalex.org/W596129215
https://openalex.org/W1533990990
https://openalex.org/W1885391878
https://openalex.org/W2011585837
https://openalex.org/W2134666056
https://openalex.org/W2405272545
https://openalex.org/W2408320655
https://openalex.org/W2432881760
https://openalex.org/W2526517034
https://openalex.org/W2900123174
https://openalex.org/W2911804956
https://openalex.org/W2913399131
https://openalex.org/W2943920210
https://openalex.org/W2944965786
https://openalex.org/W2970108431
https://openalex.org/W2971234692
https://openalex.org/W2977895850
https://openalex.org/W2980691545
https://openalex.org/W2993692434
https://openalex.org/W3003263877
https://openalex.org/W3003862464
https://openalex.org/W3012968076
https://openalex.org/W3014614260
https://openalex.org/W3029219505
https://openalex.org/W3103524982
https://openalex.org/W3115067410
https://openalex.org/W4233037356
https://openalex.org/W2314295659
https://openalex.org/W1551636224
https://openalex.org/W1560833898
https://openalex.org/W165926165
https://openalex.org/W1999868407
https://openalex.org/W2053840394
https://openalex.org/W2479474941
https://openalex.org/W1972181945
https://openalex.org/W1978461592
https://openalex.org/W1984831776
https://openalex.org/W2003243668
https://openalex.org/W2064429790
https://openalex.org/W2091644118
https://openalex.org/W2126339162
https://openalex.org/W4242956116
https://openalex.org/W2023820935
https://openalex.org/W2078051783
https://openalex.org/W2150955335
https://openalex.org/W2396428217
https://openalex.org/W2417369471
https://openalex.org/W2419612662
https://openalex.org/W2461791284
https://openalex.org/W3042247274
https://openalex.org/W3114239557
https://openalex.org/W3128407024
https://openalex.org/W3133971569
https://openalex.org/W3134984099
https://openalex.org/W3146648444
https://openalex.org/W3167277336
https://openalex.org/W3187587042
https://openalex.org/W3201987073
https://openalex.org/W3202482338
https://openalex.org/W3207413990
https://openalex.org/W3207478034
https://openalex.org/W3208302704
https://openalex.org/W3209190311
https://openalex.org/W3214085480
https://openalex.org/W3217783826
https://openalex.org/W4206646824
https://openalex.org/W1228100180
https://openalex.org/W2325873981
https://openalex.org/W2771716562
https://openalex.org/W1673300559
https://openalex.org/W2019143008
https://openalex.org/W2029573097
https://openalex.org/W2419313348
https://openalex.org/W2768046505
https://openalex.org/W36268241
https://openalex.org/W2419206684
https://openalex.org/W153124805
https://openalex.org/W2008279414
https://openalex.org/W2034936605
https://openalex.org/W2043522842
https://openalex.org/W375576539
https://openalex.org/W4251159186
https://openalex.org/W2285743097
https://openalex.org/W2291591534
https://openalex.org/W2406352102
https://openalex.org/W2408338795
https://openalex.org/W2434130766
https://openalex.org/W3090579812
https://openalex.org/W3091603434
https://openalex.org/W1993086857
https://openalex.org/W199510767
https://openalex.org/W2030879730
https://openalex.org/W2063543951
https://openalex.org/W2067443945
https://openalex.org/W2301776363
https://openalex.org/W2419554314
https://openalex.org/W328486649
https://openalex.org/W2014586001
https://openalex.org/W4242118113
https://openalex.org/W4298364949
https://openalex.org/W107864590
https://openalex.org/W1542690410
https://openalex.org/W164942458
https://openalex.org/W1801908508
https://openalex.org/W1836989456
https://openalex.org/W1967558448
https://openalex.org/W1985519646
https://openalex.org/W1993394558
https://openalex.org/W1998122749
https://openalex.org/W2035516978
https://openalex.org/W2054937201
https://openalex.org/W2091428265
https://openalex.org/W2161245157
https://openalex.org/W2163607741
https://openalex.org/W2196301245
https://openalex.org/W2200843766
https://openalex.org/W2205493704
https://openalex.org/W2214457780
https://openalex.org/W2229696053
https://openalex.org/W2261041529
https://openalex.org/W226568363
https://openalex.org/W2294777563
https://openalex.org/W2295878400
https://openalex.org/W2319748452
https://openalex.org/W2325739151
https://openalex.org/W2328879910
https://openalex.org/W2334220947
https://openalex.org/W2345657391
https://openalex.org/W2346816517
https://openalex.org/W2405755221
https://openalex.org/W2408948094
https://openalex.org/W2409242272
https://openalex.org/W2410059556
https://openalex.org/W2419893135
https://openalex.org/W2421146144
https://openalex.org/W2421352679
https://openalex.org/W2439390830
https://openalex.org/W2465686671
https://openalex.org/W2473239340
https://openalex.org/W2475078685
https://openalex.org/W2492765341
https://openalex.org/W2499872524
https://openalex.org/W2510524175
https://openalex.org/W2513021521
https://openalex.org/W2516842465
https://openalex.org/W2517138947
https://openalex.org/W2541454407
https://openalex.org/W2551536407
https://openalex.org/W2554957131
https://openalex.org/W2557114156
https://openalex.org/W2557379351
https://openalex.org/W2558115208
https://openalex.org/W2582246037
https://openalex.org/W2584132203
https://openalex.org/W2586109384
https://openalex.org/W2588708203
https://openalex.org/W2602543369
https://openalex.org/W2605028644
https://openalex.org/W2610405459
https://openalex.org/W2610812763
https://openalex.org/W2613182728
https://openalex.org/W2614641575
https://openalex.org/W2739270828
https://openalex.org/W2742969104
https://openalex.org/W2743007947
https://openalex.org/W2743290619
https://openalex.org/W2745530843
https://openalex.org/W2745747014
https://openalex.org/W2746520245
https://openalex.org/W2746934340
https://openalex.org/W2748185913
https://openalex.org/W2751217367
https://openalex.org/W2751623060
https://openalex.org/W2753608264
https://openalex.org/W2758073014
https://openalex.org/W2758186977
https://openalex.org/W2765866484
https://openalex.org/W2767186774
https://openalex.org/W2773818162
https://openalex.org/W2775908255
https://openalex.org/W2805278179
https://openalex.org/W2895375459
https://openalex.org/W2909396484
https://openalex.org/W2915727971
https://openalex.org/W2916945650
https://openalex.org/W2917804611
https://openalex.org/W2950997111
https://openalex.org/W2977583958
https://openalex.org/W3021566881
https://openalex.org/W3029355483
https://openalex.org/W3029595602
https://openalex.org/W3029984119
https://openalex.org/W3031523184
https://openalex.org/W3032804598
https://openalex.org/W3082224587
https://openalex.org/W3109233013
https://openalex.org/W3146603225
https://openalex.org/W3164988745
https://openalex.org/W3203348082
https://openalex.org/W3212786725
https://openalex.org/W3217805445
https://openalex.org/W4213478902
https://openalex.org/W4236027963
https://openalex.org/W4242308939
https://openalex.org/W4251980979
https://openalex.org/W4296215376
https://openalex.org/W4300627053
https://openalex.org/W4313386221
https://openalex.org/W4394300889
https://openalex.org/W4394368809
https://openalex.org/W1665588678
https://openalex.org/W2102298683
https://openalex.org/W2413633674
https://openalex.org/W1564329246
https://openalex.org/W1573432537
https://openalex.org/W1964719193
https://openalex.org/W1990102290
https://openalex.org/W15044370
https://openalex.org/W1537092564
https://openalex.org/W1545516370
https://openalex.org/W169161037
https://openalex.org/W1753915955
https://openalex.org/W1791363357
https://openalex.org/W1802079396
https://openalex.org/W1805921862
https://openalex.org/W1815198997
https://openalex.org/W1833472912
https://openalex.org/W1845296235
https://openalex.org/W1853715266
https://openalex.org/W1873256345
https://openalex.org/W1874074656
https://openalex.org/W1891931707
https://openalex.org/W1916602605
https://openalex.org/W195202626
https://openalex.org/W1958728952
https://openalex.org/W1963250664
https://openalex.org/W196550428
https://openalex.org/W1977292642
https://openalex.org/W1996055619
https://openalex.org/W2029202075
https://openalex.org/W2032670956
https://openalex.org/W2034334446
https://openalex.org/W2047115751
https://openalex.org/W2061335946
https://openalex.org/W2071216444
https://openalex.org/W2072984433
https://openalex.org/W2084710542
https://openalex.org/W2094182039
https://openalex.org/W2102661288
https://openalex.org/W2103620818
https://openalex.org/W2116847306
https://openalex.org/W2141399608
https://openalex.org/W2145606648
https://openalex.org/W2184330072
https://openalex.org/W2185968260
https://openalex.org/W2230707008
https://openalex.org/W2239784967
https://openalex.org/W225300462
https://openalex.org/W2301877694
https://openalex.org/W2312737886
https://openalex.org/W2314297677
https://openalex.org/W2315997481
https://openalex.org/W2324441393
https://openalex.org/W2329217822
https://openalex.org/W2331806686
https://openalex.org/W2348784816
https://openalex.org/W2350545181
https://openalex.org/W2353142682
https://openalex.org/W2353254367
https://openalex.org/W2358668729
https://openalex.org/W2360472027
https://openalex.org/W2361956116
https://openalex.org/W2369120068
https://openalex.org/W2370641207
https://openalex.org/W2375070382
https://openalex.org/W2388822217
https://openalex.org/W2389591331
https://openalex.org/W2392416834
https://openalex.org/W2393810404
https://openalex.org/W2397704724
https://openalex.org/W2406111790
https://openalex.org/W2411518812
https://openalex.org/W2415315920
https://openalex.org/W2463232824
https://openalex.org/W2463331395
https://openalex.org/W2483834772
https://openalex.org/W25042326
https://openalex.org/W2511177973
https://openalex.org/W2529713849
https://openalex.org/W2579239342
https://openalex.org/W2583134488
https://openalex.org/W2588827221
https://openalex.org/W2592423107
https://openalex.org/W2612352772
https://openalex.org/W2620347334
https://openalex.org/W2621476807
https://openalex.org/W2624101232
https://openalex.org/W2625544435
https://openalex.org/W2626972131
https://openalex.org/W2627094885
https://openalex.org/W2689145963
https://openalex.org/W2725647375
https://openalex.org/W2731464104
https://openalex.org/W2734392117
https://openalex.org/W2735159706
https://openalex.org/W2739373769
https://openalex.org/W2741290187
https://openalex.org/W2747408029
https://openalex.org/W2752413302
https://openalex.org/W2764029283
https://openalex.org/W2805136698
https://openalex.org/W2913443656
https://openalex.org/W2913778576
https://openalex.org/W2923461653
https://openalex.org/W2999715385
https://openalex.org/W3020832200
https://openalex.org/W3030368363
https://openalex.org/W3032688482
https://openalex.org/W3041239650
https://openalex.org/W3087628795
https://openalex.org/W3087655273
https://openalex.org/W3093655551
https://openalex.org/W3093736807
https://openalex.org/W3126275301
https://openalex.org/W3126539390
https://openalex.org/W3126664315
https://openalex.org/W3127456132
https://openalex.org/W3127527484
https://openalex.org/W3128960488
https://openalex.org/W3164618752
https://openalex.org/W3171786393
https://openalex.org/W41911311
https://openalex.org/W4206883875
https://openalex.org/W4206890226
https://openalex.org/W4206894109
https://openalex.org/W4207087541
https://openalex.org/W4214794158
https://openalex.org/W4230081426
https://openalex.org/W4234872245
https://openalex.org/W4245662915
https://openalex.org/W4252472183
https://openalex.org/W4391245015
https://openalex.org/W4392366525
https://openalex.org/W4392367877
https://openalex.org/W4392486452
https://openalex.org/W639055344
https://openalex.org/W890714075
https://openalex.org/W941186192
https://openalex.org/W2017792445
https://openalex.org/W2040483008
https://openalex.org/W1976503360
https://openalex.org/W2060922914
https://openalex.org/W2460992008
https://openalex.org/W1550878981
https://openalex.org/W1699696548
https://openalex.org/W1715344427
https://openalex.org/W1755572206
https://openalex.org/W1836718394
https://openalex.org/W1865351737
https://openalex.org/W1909343676
https://openalex.org/W1991711268
https://openalex.org/W1996862591
https://openalex.org/W2068226440
https://openalex.org/W2118518376
https://openalex.org/W2230670739
https://openalex.org/W2233557485
https://openalex.org/W2249483268
https://openalex.org/W2281110286
https://openalex.org/W2284726123
https://openalex.org/W2306734999
https://openalex.org/W2314305250
https://openalex.org/W2322033220
https://openalex.org/W2348212221
https://openalex.org/W2352433686
https://openalex.org/W2353284607
https://openalex.org/W2353567627
https://openalex.org/W2357838989
https://openalex.org/W2366590849
https://openalex.org/W2370928151
https://openalex.org/W2373325981
https://openalex.org/W2373992728
https://openalex.org/W2378745857
https://openalex.org/W2381409049
https://openalex.org/W2384705944
https://openalex.org/W2399894593
https://openalex.org/W2410860671
https://openalex.org/W2413761811
https://openalex.org/W2416339725
https://openalex.org/W2420100498
https://openalex.org/W2434284280
https://openalex.org/W2585011966
https://openalex.org/W2595583481
https://openalex.org/W2601416624
https://openalex.org/W2607333338
https://openalex.org/W2613306462
https://openalex.org/W2614534976
https://openalex.org/W2614585253
https://openalex.org/W2616053047
https://openalex.org/W2617737520
https://openalex.org/W2630248383
https://openalex.org/W2736706172
https://openalex.org/W2740745111
https://openalex.org/W2757843251
https://openalex.org/W2765705192
https://openalex.org/W2766174278
https://openalex.org/W2767461014
https://openalex.org/W2781065629
https://openalex.org/W279397727
https://openalex.org/W2808190329
https://openalex.org/W2915725207
https://openalex.org/W3016422009
https://openalex.org/W3016498878
https://openalex.org/W3022809880
https://openalex.org/W3023331546
https://openalex.org/W3132140483
https://openalex.org/W3195706721
https://openalex.org/W3196030500
https://openalex.org/W3208791643
https://openalex.org/W4206887434
https://openalex.org/W4206891627
https://openalex.org/W4230651592
https://openalex.org/W4236394858
https://openalex.org/W4250762509
https://openalex.org/W4252322357
https://openalex.org/W4253173230
https://openalex.org/W4254193764
https://openalex.org/W4299023198
https://openalex.org/W4302552716
https://openalex.org/W4389018585
https://openalex.org/W4394353040
https://openalex.org/W4240311229
https://openalex.org/W1018571873
https://openalex.org/W1044448368
https://openalex.org/W133335972
https://openalex.org/W1444841796
https://openalex.org/W1536619918
https://openalex.org/W1658302849
https://openalex.org/W1665299
https://openalex.org/W1820095700
https://openalex.org/W2027925716
https://openalex.org/W2045972267
https://openalex.org/W2048978908
https://openalex.org/W2064862147
https://openalex.org/W2182833062
https://openalex.org/W2185156997
https://openalex.org/W2200876084
https://openalex.org/W2224098114
https://openalex.org/W2243975233
https://openalex.org/W2245173962
https://openalex.org/W2284284839
https://openalex.org/W2306171972
https://openalex.org/W2318225457
https://openalex.org/W2326866489
https://openalex.org/W2370016154
https://openalex.org/W2379872320
https://openalex.org/W2381391193
https://openalex.org/W2386918681
https://openalex.org/W2388576915
https://openalex.org/W2395405500
https://openalex.org/W2407893652
https://openalex.org/W2409390448
https://openalex.org/W2463538444
https://openalex.org/W2470497001
https://openalex.org/W2582863672
https://openalex.org/W2588906565
https://openalex.org/W2593437830
https://openalex.org/W2793488904
https://openalex.org/W2950958798
https://openalex.org/W2966157262
https://openalex.org/W2978582359
https://openalex.org/W2999386733
https://openalex.org/W3013304922
https://openalex.org/W3046545668
https://openalex.org/W3085850882
https://openalex.org/W3090555099
https://openalex.org/W3158950965
https://openalex.org/W3176339315
https://openalex.org/W3210951445
https://openalex.org/W4205996434
https://openalex.org/W4206849477
https://openalex.org/W4206869546
https://openalex.org/W4207079400
https://openalex.org/W4213265594
https://openalex.org/W4220711507
https://openalex.org/W4220747616
https://openalex.org/W4220840244
https://openalex.org/W4221122056
https://openalex.org/W4224214546
https://openalex.org/W4224986357
https://openalex.org/W4225012762
https://openalex.org/W4238816687
https://openalex.org/W4254975121
https://openalex.org/W4254985605
https://openalex.org/W4281702502
https://openalex.org/W4281768804
https://openalex.org/W4281773463
https://openalex.org/W4281856799
https://openalex.org/W4281904382
https://openalex.org/W4283661239
https://openalex.org/W4285233897
https://openalex.org/W4285529042
https://openalex.org/W4285992897
https://openalex.org/W4288514521
https://openalex.org/W42923586
https://openalex.org/W4293102722
https://openalex.org/W4294309937
https://openalex.org/W4294865175
https://openalex.org/W4295313014
https://openalex.org/W4297609348
https://openalex.org/W4297609747
https://openalex.org/W4297619810
https://openalex.org/W4297893321
https://openalex.org/W4297899361
https://openalex.org/W4297932067
https://openalex.org/W4304203393
https://openalex.org/W4307527557
https://openalex.org/W4308197017
https://openalex.org/W4308691311
https://openalex.org/W4311568664
https://openalex.org/W4312094881
https://openalex.org/W4312188339
https://openalex.org/W4312698017
https://openalex.org/W4313257619
https://openalex.org/W4321509371
https://openalex.org/W4388716211
https://openalex.org/W4388716212
https://openalex.org/W4388787160
https://openalex.org/W4389813023
https://openalex.org/W4393464053
https://openalex.org/W4393921228
https://openalex.org/W4394552447
https://openalex.org/W2018125542
https://openalex.org/W2027986803
https://openalex.org/W2051120089
https://openalex.org/W2406157370
https://openalex.org/W2407057885
https://openalex.org/W3022274012
https://openalex.org/W327008300
https://openalex.org/W92063404
https://openalex.org/W118463094
https://openalex.org/W1485827034
https://openalex.org/W1582530401
https://openalex.org/W1637741680
https://openalex.org/W1989767091
https://openalex.org/W2026506023
https://openalex.org/W2041556835
https://openalex.org/W2096976080
https://openalex.org/W2184837033
https://openalex.org/W2242796565
https://openalex.org/W2285075527
https://openalex.org/W2352211416
https://openalex.org/W2361997503
https://openalex.org/W2366784668
https://openalex.org/W2373553110
https://openalex.org/W2385248034
https://openalex.org/W2397541869
https://openalex.org/W2402221119
https://openalex.org/W2408868235
https://openalex.org/W2409488891
https://openalex.org/W2415068225
https://openalex.org/W2415482394
https://openalex.org/W2415994984
https://openalex.org/W2417372570
https://openalex.org/W2419181461
https://openalex.org/W2425761150
https://openalex.org/W2428342437
https://openalex.org/W2432553490
https://openalex.org/W2443189826
https://openalex.org/W2467196746
https://openalex.org/W2624332705
https://openalex.org/W2763153203
https://openalex.org/W2770434125
https://openalex.org/W2783817638
https://openalex.org/W2789243542
https://openalex.org/W2790553002
https://openalex.org/W2794369999
https://openalex.org/W2795958782
https://openalex.org/W2805653851
https://openalex.org/W2809472297
https://openalex.org/W2888471738
https://openalex.org/W2889126260
https://openalex.org/W2894951034
https://openalex.org/W2896557599
https://openalex.org/W2905455965
https://openalex.org/W2909694712
https://openalex.org/W2909896960
https://openalex.org/W2912433774
https://openalex.org/W2913694373
https://openalex.org/W2915689922
https://openalex.org/W2919895432
https://openalex.org/W2922413603
https://openalex.org/W2925190281
https://openalex.org/W2929171910
https://openalex.org/W2940951942
https://openalex.org/W2944519990
https://openalex.org/W2948978575
https://openalex.org/W2949801623
https://openalex.org/W2951561610
https://openalex.org/W2956587881
https://openalex.org/W2962731525
https://openalex.org/W2966199769
https://openalex.org/W2971067977
https://openalex.org/W2971068134
https://openalex.org/W2974042018
https://openalex.org/W2982441200
https://openalex.org/W3008778977
https://openalex.org/W3015222909
https://openalex.org/W3017433963
https://openalex.org/W3017609356
https://openalex.org/W3023727119
https://openalex.org/W3024131482
https://openalex.org/W3031060558
https://openalex.org/W3035504316
https://openalex.org/W3041972375
https://openalex.org/W3045035348
https://openalex.org/W309771994
https://openalex.org/W3109056729
https://openalex.org/W3166142341
https://openalex.org/W3169204816
https://openalex.org/W3176130224
https://openalex.org/W3184511589
https://openalex.org/W3208095342
https://openalex.org/W3208520345
https://openalex.org/W3208869709
https://openalex.org/W3210058369
https://openalex.org/W3210801279
https://openalex.org/W3212654273
https://openalex.org/W4232246676
https://openalex.org/W4235912617
https://openalex.org/W4240457562
https://openalex.org/W4241045582
https://openalex.org/W4250251929
https://openalex.org/W4255596690
https://openalex.org/W4255651809
https://openalex.org/W4291122599
https://openalex.org/W4311053166
https://openalex.org/W4385647301
https://openalex.org/W4394070080
https://openalex.org/W4394180555
https://openalex.org/W4394206704
https://openalex.org/W4394366717
https://openalex.org/W4394548226
https://openalex.org/W4394554769
https://openalex.org/W89937136
https://openalex.org/W962622456
https://openalex.org/W131309608
https://openalex.org/W1763379788
https://openalex.org/W2019756717
https://openalex.org/W2056425282
https://openalex.org/W212565174
https://openalex.org/W2171223341
https://openalex.org/W22320113
https://openalex.org/W2253752039
https://openalex.org/W2293214123
https://openalex.org/W2411328662
https://openalex.org/W2415358875
https://openalex.org/W2425996986
https://openalex.org/W2468760825
https://openalex.org/W288886173
https://openalex.org/W4244245862
https://openalex.org/W4302095848
https://openalex.org/W75653023
https://openalex.org/W2027678335
https://openalex.org/W2087664239
https://openalex.org/W2104500489
https://openalex.org/W2115657583
https://openalex.org/W2141194533
https://openalex.org/W2258984829
https://openalex.org/W2324445942
https://openalex.org/W2368283193
https://openalex.org/W2390073357
https://openalex.org/W2390457917
https://openalex.org/W2392150136
https://openalex.org/W2410838804
https://openalex.org/W2413563131
https://openalex.org/W2414737807
https://openalex.org/W2414801406
https://openalex.org/W2415204305
https://openalex.org/W2415668175
https://openalex.org/W2422593438
https://openalex.org/W2434831795
https://openalex.org/W25074618
https://openalex.org/W2535318553
https://openalex.org/W2729287480
https://openalex.org/W2743476582
https://openalex.org/W2744329777
https://openalex.org/W2779278194
https://openalex.org/W2901726028
https://openalex.org/W2945954213
https://openalex.org/W2950188148
https://openalex.org/W2999873102
https://openalex.org/W3000487423
https://openalex.org/W3003337985
https://openalex.org/W3004896312
https://openalex.org/W3009154279
https://openalex.org/W3013045522
https://openalex.org/W3017208894
https://openalex.org/W3032037464
https://openalex.org/W3111471742
https://openalex.org/W3113261365
https://openalex.org/W3114276147
https://openalex.org/W3128581865
https://openalex.org/W3137545798
https://openalex.org/W3152247039
https://openalex.org/W3153445160
https://openalex.org/W3200492482
https://openalex.org/W4230381158
https://openalex.org/W4230734514
https://openalex.org/W4234649060
https://openalex.org/W4239085026
https://openalex.org/W4241418106
https://openalex.org/W4246514359
https://openalex.org/W4249935427
https://openalex.org/W4251552632
https://openalex.org/W4251877731
https://openalex.org/W4252199295
https://openalex.org/W4252674595
https://openalex.org/W4291269625
https://openalex.org/W4298254073
https://openalex.org/W4298417457
https://openalex.org/W4300465702
https://openalex.org/W4301714945
https://openalex.org/W4391273687
https://openalex.org/W4393506579
https://openalex.org/W4393834112
https://openalex.org/W4394483901
https://openalex.org/W49908587
https://openalex.org/W1980452813
https://openalex.org/W2426559119
https://openalex.org/W152256998
https://openalex.org/W2050096775
https://openalex.org/W2092505052
https://openalex.org/W2351332307
https://openalex.org/W2369443732
https://openalex.org/W2375430951
https://openalex.org/W2381832283
https://openalex.org/W2394608989
https://openalex.org/W2394778286
https://openalex.org/W2399817133
https://openalex.org/W2413009700
https://openalex.org/W2414596322
https://openalex.org/W2414738901
https://openalex.org/W2415141568
https://openalex.org/W2417870881
https://openalex.org/W2440814363
https://openalex.org/W2442719002
https://openalex.org/W2472532487
https://openalex.org/W2745828076
https://openalex.org/W2752154163
https://openalex.org/W2950011732
https://openalex.org/W2951992623
https://openalex.org/W2978259959
https://openalex.org/W3040969680
https://openalex.org/W3115022289
https://openalex.org/W317080326
https://openalex.org/W3195146253
https://openalex.org/W3209847137
https://openalex.org/W4205967310
https://openalex.org/W4291316029
https://openalex.org/W4298278395
https://openalex.org/W4298303162
https://openalex.org/W4299332463
https://openalex.org/W646729309
https://openalex.org/W2013757825
https://openalex.org/W2284917220
https://openalex.org/W2395284721
https://openalex.org/W2399892674
https://openalex.org/W2411258156
https://openalex.org/W2415028483
https://openalex.org/W2419395194
https://openalex.org/W2423905794
https://openalex.org/W2433472319
https://openalex.org/W2467826156
https://openalex.org/W2751051555
https://openalex.org/W2781840133
https://openalex.org/W2904938475
https://openalex.org/W2915058
https://openalex.org/W2951711729
https://openalex.org/W3120187820
https://openalex.org/W3120484322
https://openalex.org/W3127483230
https://openalex.org/W3133778563
https://openalex.org/W3136364666
https://openalex.org/W3139513555
https://openalex.org/W3146779947
https://openalex.org/W3158963824
https://openalex.org/W3160305575
https://openalex.org/W3168876700
https://openalex.org/W3174973851
https://openalex.org/W3178252306
https://openalex.org/W3179479597
https://openalex.org/W3183699294
https://openalex.org/W3185791552
https://openalex.org/W3188490356
https://openalex.org/W3192106527
https://openalex.org/W3193848577
https://openalex.org/W3196133525
https://openalex.org/W3205381404
https://openalex.org/W3205646887
https://openalex.org/W3208007608
https://openalex.org/W3209199368
https://openalex.org/W3209490787
https://openalex.org/W3209501438
https://openalex.org/W3209904018
https://openalex.org/W3210616166
https://openalex.org/W3212979117
https://openalex.org/W3214821601
https://openalex.org/W3216018427
https://openalex.org/W340669712
https://openalex.org/W4200512962
https://openalex.org/W4200560615
https://openalex.org/W4205656508
https://openalex.org/W4205820728
https://openalex.org/W4205946862
https://openalex.org/W4229696821
https://openalex.org/W4241980806
https://openalex.org/W4245288488
https://openalex.org/W4285320669
https://openalex.org/W4394100485
https://openalex.org/W4394431976
https://openalex.org/W1509742463
https://openalex.org/W1968759475
https://openalex.org/W1986796744
https://openalex.org/W2017317662
https://openalex.org/W2017985509
https://openalex.org/W2037735429
https://openalex.org/W2041819282
https://openalex.org/W2081181694
https://openalex.org/W215680542
https://openalex.org/W2254409582
https://openalex.org/W2365011645
https://openalex.org/W2375176015
https://openalex.org/W2395382292
https://openalex.org/W2412708411
https://openalex.org/W2417430294
https://openalex.org/W257894487
https://openalex.org/W300593432
https://openalex.org/W3122195531
https://openalex.org/W3150293338
https://openalex.org/W3183919531
https://openalex.org/W4243514568
https://openalex.org/W2282098547
https://openalex.org/W4213163391
https://openalex.org/W4253373547
https://openalex.org/W117093144
https://openalex.org/W1893141095
https://openalex.org/W1966259375
https://openalex.org/W1991844353
https://openalex.org/W2399784063
https://openalex.org/W2412344236
https://openalex.org/W2416559649
https://openalex.org/W262204278
https://openalex.org/W294061105
https://openalex.org/W2994217115
https://openalex.org/W3014897269
https://openalex.org/W305424730
https://openalex.org/W310448726
https://openalex.org/W4230913435
https://openalex.org/W4241025209
https://openalex.org/W2006447966
https://openalex.org/W2037901402
https://openalex.org/W203826294
https://openalex.org/W2054930557
https://openalex.org/W2137400863
https://openalex.org/W2147047190
https://openalex.org/W2210746465
https://openalex.org/W2246082359
https://openalex.org/W2360969419
https://openalex.org/W2513458012
https://openalex.org/W2949321191
https://openalex.org/W3007941427
https://openalex.org/W3105934306
https://openalex.org/W389815353
https://openalex.org/W400801757
https://openalex.org/W4254525008
https://openalex.org/W66288694
https://openalex.org/W1970860646
https://openalex.org/W2015457444
https://openalex.org/W2297935777
https://openalex.org/W2300730052
https://openalex.org/W2428543129
https://openalex.org/W247280027
https://openalex.org/W276174343
https://openalex.org/W2885143747
https://openalex.org/W2889499677
https://openalex.org/W3127688579
https://openalex.org/W369761952
https://openalex.org/W4210622905
https://openalex.org/W4213349495
https://openalex.org/W617255571
https://openalex.org/W648422791
https://openalex.org/W149173367
https://openalex.org/W1573646527
https://openalex.org/W1683840251
https://openalex.org/W1964560841
https://openalex.org/W1983695614
https://openalex.org/W1993751133
https://openalex.org/W2028867415
https://openalex.org/W2029024711
https://openalex.org/W2083180823
https://openalex.org/W2125156325
https://openalex.org/W2133139982
https://openalex.org/W2178466085
https://openalex.org/W2314113712
https://openalex.org/W2359683137
https://openalex.org/W2395055625
https://openalex.org/W2406760564
https://openalex.org/W2410526664
https://openalex.org/W2412950137
https://openalex.org/W2413336468
https://openalex.org/W2475914048
https://openalex.org/W256828743
https://openalex.org/W271061610
https://openalex.org/W2888926547
https://openalex.org/W2915750472
https://openalex.org/W2949254635
https://openalex.org/W3022215151
https://openalex.org/W4232353149
https://openalex.org/W4239826713
https://openalex.org/W4247238554
https://openalex.org/W4254579939
https://openalex.org/W468255330
https://openalex.org/W4249736906
https://openalex.org/W2327298317
https://openalex.org/W1537218374
https://openalex.org/W2033330205
https://openalex.org/W2163050713
https://openalex.org/W2095955574
https://openalex.org/W2600339308
https://openalex.org/W1983507278
https://openalex.org/W2145954753
https://openalex.org/W1979573280
https://openalex.org/W2158701811
https://openalex.org/W158289124
https://openalex.org/W2129191628
https://openalex.org/W2007957848
https://openalex.org/W2165742826
https://openalex.org/W2086015876
https://openalex.org/W2070092691
https://openalex.org/W1971713603
https://openalex.org/W2073989221
https://openalex.org/W2036390279
https://openalex.org/W2156788680
https://openalex.org/W2803966697
https://openalex.org/W2732734283
https://openalex.org/W2908770791
https://openalex.org/W2013775624
https://openalex.org/W3109188198
https://openalex.org/W2301012193
https://openalex.org/W2790686372
https://openalex.org/W3000072346
https://openalex.org/W2615322840
https://openalex.org/W2972610603
https://openalex.org/W4283657702
https://openalex.org/W2073410553
https://openalex.org/W2054740753
https://openalex.org/W1900907547
https://openalex.org/W2001210012
https://openalex.org/W2138803549
https://openalex.org/W1985095860
https://openalex.org/W2086654331
https://openalex.org/W2083735008
https://openalex.org/W2171094967
https://openalex.org/W1994958725
https://openalex.org/W2166163878
https://openalex.org/W2048313858
https://openalex.org/W1990331268
https://openalex.org/W1975091558
https://openalex.org/W1968006149
https://openalex.org/W2042320589
https://openalex.org/W2135948269
https://openalex.org/W2155630353
https://openalex.org/W1981909311
https://openalex.org/W2082496555
https://openalex.org/W1973749576
https://openalex.org/W1966841116
https://openalex.org/W1983525132
https://openalex.org/W2030854211
https://openalex.org/W2198452305
https://openalex.org/W2046214587
https://openalex.org/W1978317450
https://openalex.org/W2098004850
https://openalex.org/W2111551112
https://openalex.org/W2022664899
https://openalex.org/W2604850185
https://openalex.org/W2435139638
https://openalex.org/W2907652897
https://openalex.org/W2049284605
https://openalex.org/W2148573658
https://openalex.org/W1981815425
https://openalex.org/W1998504031
https://openalex.org/W2568737301
https://openalex.org/W1570793246
https://openalex.org/W2786643590
https://openalex.org/W2030246304
https://openalex.org/W2475974359
https://openalex.org/W2975288503
https://openalex.org/W2462807916
https://openalex.org/W2109443053
https://openalex.org/W2899136110
https://openalex.org/W2952224970
https://openalex.org/W3084377681
https://openalex.org/W3008221534
https://openalex.org/W3214297613
https://openalex.org/W4390631682
https://openalex.org/W2014736504
https://openalex.org/W1655614253
https://openalex.org/W2016234199
https://openalex.org/W2026223033
https://openalex.org/W2111603711
https://openalex.org/W2032004168
https://openalex.org/W2034885829
https://openalex.org/W1988447636
https://openalex.org/W2146427762
https://openalex.org/W2072024256
https://openalex.org/W1998210126
https://openalex.org/W1990043674
https://openalex.org/W2016271482
https://openalex.org/W1928375268
https://openalex.org/W1980092524
https://openalex.org/W2759647179
https://openalex.org/W2006428520
https://openalex.org/W2491019592
https://openalex.org/W2062974833
https://openalex.org/W1987710853
https://openalex.org/W2079012922
https://openalex.org/W2277661409
https://openalex.org/W2888151721
https://openalex.org/W2319009333
https://openalex.org/W2147671724
https://openalex.org/W2560775591
https://openalex.org/W2216365674
https://openalex.org/W3004527403
https://openalex.org/W2986658063
https://openalex.org/W3013069834
https://openalex.org/W3104413927
https://openalex.org/W4311624430
https://openalex.org/W4321792914
https://openalex.org/W2115692857
https://openalex.org/W1985149416
https://openalex.org/W1830117185
https://openalex.org/W2039301907
https://openalex.org/W2139562842
https://openalex.org/W1976839447
https://openalex.org/W2095099733
https://openalex.org/W2046377585
https://openalex.org/W2017355451
https://openalex.org/W2043430014
https://openalex.org/W2023634610
https://openalex.org/W2165697713
https://openalex.org/W1990411599
https://openalex.org/W1590238088
https://openalex.org/W2060545946
https://openalex.org/W2141583675
https://openalex.org/W2014140937
https://openalex.org/W1996394825
https://openalex.org/W2072643991
https://openalex.org/W2176052393
https://openalex.org/W2000707087
https://openalex.org/W1983163581
https://openalex.org/W2095988872
https://openalex.org/W2039103923
https://openalex.org/W2101749439
https://openalex.org/W2024302856
https://openalex.org/W2008667424
https://openalex.org/W2093854863
https://openalex.org/W2132010459
https://openalex.org/W1583458923
https://openalex.org/W1980056733
https://openalex.org/W2053841458
https://openalex.org/W1999301835
https://openalex.org/W2593281428
https://openalex.org/W2312489338
https://openalex.org/W2327788705
https://openalex.org/W2592438594
https://openalex.org/W2794081025
https://openalex.org/W2142820296
https://openalex.org/W2750249081
https://openalex.org/W2765670638
https://openalex.org/W2173906568
https://openalex.org/W2757660671
https://openalex.org/W2809090521
https://openalex.org/W2894601604
https://openalex.org/W2909341127
https://openalex.org/W2993551135
https://openalex.org/W2797374254
https://openalex.org/W3037087645
https://openalex.org/W2802243212
https://openalex.org/W3159462593
https://openalex.org/W3211869162
https://openalex.org/W3122966010
https://openalex.org/W3212997432
https://openalex.org/W4320491427
https://openalex.org/W4381332682
https://openalex.org/W1897308167
https://openalex.org/W2315686114
https://openalex.org/W2315976868
https://openalex.org/W2057543396
https://openalex.org/W2151384577
https://openalex.org/W4299672889
https://openalex.org/W2086595614
https://openalex.org/W2162013709
https://openalex.org/W2094760499
https://openalex.org/W2100366131
https://openalex.org/W1572109008
https://openalex.org/W2080838017
https://openalex.org/W1601019352
https://openalex.org/W2108802305
https://openalex.org/W1977753635
https://openalex.org/W2007869519
https://openalex.org/W1974627799
https://openalex.org/W2071377136
https://openalex.org/W2071974290
https://openalex.org/W2022559217
https://openalex.org/W2048105810
https://openalex.org/W1966783592
https://openalex.org/W2047766732
https://openalex.org/W2166809107
https://openalex.org/W2095875942
https://openalex.org/W2118400891
https://openalex.org/W1998509520
https://openalex.org/W2065039443
https://openalex.org/W1991968439
https://openalex.org/W2130505805
https://openalex.org/W1836250711
https://openalex.org/W2118722885
https://openalex.org/W2129197019
https://openalex.org/W2147916252
https://openalex.org/W2410645381
https://openalex.org/W2768928875
https://openalex.org/W2171140712
https://openalex.org/W2503229875
https://openalex.org/W2748725265
https://openalex.org/W2325899309
https://openalex.org/W2614214409
https://openalex.org/W2736001477
https://openalex.org/W2766916632
https://openalex.org/W2271074808
https://openalex.org/W2625204931
https://openalex.org/W2239531114
https://openalex.org/W2982467700
https://openalex.org/W3014785748
https://openalex.org/W3006424500
https://openalex.org/W3119232405
https://openalex.org/W3129137735
https://openalex.org/W4280597351
https://openalex.org/W2010341169
https://openalex.org/W1978781892
https://openalex.org/W1982880623
https://openalex.org/W2005131087
https://openalex.org/W2081804692
https://openalex.org/W2036838290
https://openalex.org/W1991348040
https://openalex.org/W2158414566
https://openalex.org/W4244819802
https://openalex.org/W1969343008
https://openalex.org/W2043294703
https://openalex.org/W2047891809
https://openalex.org/W2107477480
https://openalex.org/W1987044462
https://openalex.org/W2086315553
https://openalex.org/W2044685472
https://openalex.org/W2355779893
https://openalex.org/W1992206869
https://openalex.org/W1998786574
https://openalex.org/W2032695229
https://openalex.org/W1964446549
https://openalex.org/W2025799030
https://openalex.org/W2051148996
https://openalex.org/W2069595495
https://openalex.org/W2081523594
https://openalex.org/W2020163316
https://openalex.org/W2156284706
https://openalex.org/W2150589226
https://openalex.org/W2071980027
https://openalex.org/W2162240985
https://openalex.org/W2084971383
https://openalex.org/W2045446619
https://openalex.org/W2063594185
https://openalex.org/W2159930031
https://openalex.org/W2175447824
https://openalex.org/W2299209026
https://openalex.org/W2035835061
https://openalex.org/W2135539567
https://openalex.org/W2477777230
https://openalex.org/W2602586351
https://openalex.org/W1979703765
https://openalex.org/W2744873473
https://openalex.org/W2946951633
https://openalex.org/W2967533411
https://openalex.org/W4248515541
https://openalex.org/W2905060250
https://openalex.org/W3032803171
https://openalex.org/W3103942119
https://openalex.org/W2796432383
https://openalex.org/W4308303669
https://openalex.org/W2049628579
https://openalex.org/W2063510936
https://openalex.org/W1987927140
https://openalex.org/W4252410572
https://openalex.org/W1990916506
https://openalex.org/W2410266684
https://openalex.org/W1987443122
https://openalex.org/W2322533746
https://openalex.org/W2089659060
https://openalex.org/W2317403459
https://openalex.org/W2135939164
https://openalex.org/W2013376671
https://openalex.org/W2041531370
https://openalex.org/W2048668100
https://openalex.org/W1996076340
https://openalex.org/W2109122129
https://openalex.org/W2147202851
https://openalex.org/W2097305639
https://openalex.org/W2298283885
https://openalex.org/W2565978767
https://openalex.org/W1976752271
https://openalex.org/W2752078755
https://openalex.org/W2769069415
https://openalex.org/W2942674028
https://openalex.org/W2970088640
https://openalex.org/W2817880354
https://openalex.org/W3000054376
https://openalex.org/W3002611128
https://openalex.org/W3009276351
https://openalex.org/W3043064017
https://openalex.org/W3172328351
https://openalex.org/W3184317614
https://openalex.org/W4213183845
https://openalex.org/W3107574106
https://openalex.org/W2092889081
https://openalex.org/W4205699928
https://openalex.org/W4316011102
https://openalex.org/W2096826308
https://openalex.org/W1540087122
https://openalex.org/W2095796387
https://openalex.org/W1966517283
https://openalex.org/W2071621635
https://openalex.org/W1904594869
https://openalex.org/W2088646497
https://openalex.org/W2001240028
https://openalex.org/W2088479834
https://openalex.org/W2098837158
https://openalex.org/W1990868231
https://openalex.org/W1994066483
https://openalex.org/W2077445430
https://openalex.org/W2031419351
https://openalex.org/W2049764603
https://openalex.org/W2132887883
https://openalex.org/W1816878558
https://openalex.org/W2092297578
https://openalex.org/W2099700374
https://openalex.org/W2152993579
https://openalex.org/W2260450502
https://openalex.org/W2022136347
https://openalex.org/W2074779929
https://openalex.org/W2094408783
https://openalex.org/W2027885910
https://openalex.org/W1971566746
https://openalex.org/W2001623639
https://openalex.org/W3163286221
https://openalex.org/W2022670467
https://openalex.org/W2146295077
https://openalex.org/W2007400855
https://openalex.org/W2053213149
https://openalex.org/W1648523878
https://openalex.org/W2108234672
https://openalex.org/W2030185968
https://openalex.org/W2031020237
https://openalex.org/W2051383604
https://openalex.org/W2610642631
https://openalex.org/W2318976720
https://openalex.org/W2884823732
https://openalex.org/W2896082944
https://openalex.org/W2894523889
https://openalex.org/W2953062844
https://openalex.org/W2977899950
https://openalex.org/W2989789666
https://openalex.org/W1557898099
https://openalex.org/W3044906304
https://openalex.org/W2011188947
https://openalex.org/W3171470190
https://openalex.org/W3216494487
https://openalex.org/W4200193942
https://openalex.org/W1985510644
https://openalex.org/W3158266643
https://openalex.org/W2076504230
https://openalex.org/W4281770188
https://openalex.org/W4308430068
https://openalex.org/W4387142449
https://openalex.org/W4390495765
https://openalex.org/W4390650046
https://openalex.org/W4390969087
https://openalex.org/W4391025815
https://openalex.org/W4391063500
https://openalex.org/W4391404003
https://openalex.org/W4391404166
https://openalex.org/W4391598322
https://openalex.org/W4391658943
https://openalex.org/W4391659043
https://openalex.org/W4391967777
https://openalex.org/W4392044828
https://openalex.org/W4392247605
https://openalex.org/W4392373743
https://openalex.org/W4392385720
https://openalex.org/W4392392740
https://openalex.org/W4392907253
https://openalex.org/W4392915605
https://openalex.org/W4393115111
https://openalex.org/W4393199547
https://openalex.org/W4394616229
https://openalex.org/W4394685817
https://openalex.org/W4394770321
https://openalex.org/W4394914205
https://openalex.org/W4394914265
https://openalex.org/W4395037884
https://openalex.org/W2035397984
https://openalex.org/W1662236352
https://openalex.org/W1918184834
https://openalex.org/W2042013362
https://openalex.org/W2162232204
https://openalex.org/W2255675284
https://openalex.org/W2041612501
https://openalex.org/W4298305105
https://openalex.org/W2036063744
https://openalex.org/W2073459673
https://openalex.org/W2068268520
https://openalex.org/W2113708185
https://openalex.org/W2122157062
https://openalex.org/W1969830040
https://openalex.org/W1603364179
https://openalex.org/W2006556898
https://openalex.org/W2071476287
https://openalex.org/W2169114025
https://openalex.org/W1993270270
https://openalex.org/W2001306519
https://openalex.org/W2008687444
https://openalex.org/W2125049587
https://openalex.org/W2060071925
https://openalex.org/W2113541299
https://openalex.org/W1966219463
https://openalex.org/W2082971484
https://openalex.org/W2162415818
https://openalex.org/W1527003345
https://openalex.org/W1912045602
https://openalex.org/W2030130502
https://openalex.org/W2084790398
https://openalex.org/W1983497896
https://openalex.org/W2036292081
https://openalex.org/W2065855538
https://openalex.org/W1507848262
https://openalex.org/W2148256209
https://openalex.org/W2595866771
https://openalex.org/W2776251179
https://openalex.org/W1556905605
https://openalex.org/W2471714042
https://openalex.org/W2762982670
https://openalex.org/W1554025565
https://openalex.org/W1710990347
https://openalex.org/W1932951704
https://openalex.org/W2321722514
https://openalex.org/W2801250516
https://openalex.org/W2898850651
https://openalex.org/W2899185052
https://openalex.org/W2942736157
https://openalex.org/W2001947217
https://openalex.org/W2179714573
https://openalex.org/W2989407278
https://openalex.org/W2907251097
https://openalex.org/W2995526730
https://openalex.org/W3018281068
https://openalex.org/W3094912211
https://openalex.org/W3127329426
https://openalex.org/W4366463368
https://openalex.org/W4366547582
https://openalex.org/W4366986985
https://openalex.org/W4366990458
https://openalex.org/W4379094573
https://openalex.org/W4384300423
https://openalex.org/W2147698275
https://openalex.org/W286962030
https://openalex.org/W1968754074
https://openalex.org/W2144074955
https://openalex.org/W2134901320
https://openalex.org/W2017598146
https://openalex.org/W2001125870
https://openalex.org/W1969477494
https://openalex.org/W2006510971
https://openalex.org/W2110452490
https://openalex.org/W1967377401
https://openalex.org/W2703224224
https://openalex.org/W3186741164
https://openalex.org/W1989257598
https://openalex.org/W1999947834
https://openalex.org/W2019748343
https://openalex.org/W2070249941
https://openalex.org/W2314954581
https://openalex.org/W2062016625
https://openalex.org/W2043863941
https://openalex.org/W2079020250
https://openalex.org/W1989556981
https://openalex.org/W2069995607
https://openalex.org/W2021585391
https://openalex.org/W2092312353
https://openalex.org/W1970689096
https://openalex.org/W2051295242
https://openalex.org/W2018870309
https://openalex.org/W2170488020
https://openalex.org/W2766484345
https://openalex.org/W563755654
https://openalex.org/W2742034217
https://openalex.org/W2069354911
https://openalex.org/W2729539356
https://openalex.org/W2792521009
https://openalex.org/W2326399724
https://openalex.org/W2418714411
https://openalex.org/W2522401402
https://openalex.org/W2789571854
https://openalex.org/W3021858184
https://openalex.org/W3024560714
https://openalex.org/W1990912034
https://openalex.org/W4286434090
https://openalex.org/W1977770984
https://openalex.org/W2043902710
https://openalex.org/W2395279444
https://openalex.org/W1978709862
https://openalex.org/W4230269937
https://openalex.org/W2081342481
https://openalex.org/W4252827709
https://openalex.org/W2081162726
https://openalex.org/W2083002922
https://openalex.org/W2090498289
https://openalex.org/W1970294543
https://openalex.org/W2400398107
https://openalex.org/W2105782660
https://openalex.org/W2162399288
https://openalex.org/W2036941354
https://openalex.org/W1988018479
https://openalex.org/W2121221260
https://openalex.org/W2281358300
https://openalex.org/W2065610469
https://openalex.org/W1969864221
https://openalex.org/W2021757898
https://openalex.org/W2021875777
https://openalex.org/W2071005723
https://openalex.org/W1994421512
https://openalex.org/W2133460767
https://openalex.org/W1853329468
https://openalex.org/W1895401204
https://openalex.org/W2346384797
https://openalex.org/W2398319945
https://openalex.org/W2563848058
https://openalex.org/W2774395551
https://openalex.org/W2806955305
https://openalex.org/W2906787517
https://openalex.org/W2910646018
https://openalex.org/W2964673906
https://openalex.org/W2950789181
https://openalex.org/W2981503580
https://openalex.org/W3088305155
https://openalex.org/W3108944866
https://openalex.org/W3133290079
https://openalex.org/W3165688866
https://openalex.org/W3178162903
https://openalex.org/W3215790824
https://openalex.org/W3207420683
https://openalex.org/W2798102268
https://openalex.org/W2796272046
https://openalex.org/W1965761793
https://openalex.org/W333853584
https://openalex.org/W1996352761
https://openalex.org/W2040960507
https://openalex.org/W2037773221
https://openalex.org/W2036436767
https://openalex.org/W2071962438
https://openalex.org/W4246434071
https://openalex.org/W2049183695
https://openalex.org/W1985780468
https://openalex.org/W1986387775
https://openalex.org/W2088215705
https://openalex.org/W2090628263
https://openalex.org/W2072014047
https://openalex.org/W1998484834
https://openalex.org/W2018042428
https://openalex.org/W2056547890
https://openalex.org/W2132891872
https://openalex.org/W1543035103
https://openalex.org/W1862339519
https://openalex.org/W2013604791
https://openalex.org/W2315244996
https://openalex.org/W2588886743
https://openalex.org/W2607278804
https://openalex.org/W2793130593
https://openalex.org/W2902695325
https://openalex.org/W2904693977
https://openalex.org/W1505131353
https://openalex.org/W1950351374
https://openalex.org/W2210015485
https://openalex.org/W2781771888
https://openalex.org/W2966682776
https://openalex.org/W4248002543
https://openalex.org/W2275271775
https://openalex.org/W3016583873
https://openalex.org/W3000195928
https://openalex.org/W3015433985
https://openalex.org/W3030403146
https://openalex.org/W3080832540
https://openalex.org/W3105208092
https://openalex.org/W3112592958
https://openalex.org/W3186545638
https://openalex.org/W3198242548
https://openalex.org/W1959598090
https://openalex.org/W1571896669
https://openalex.org/W3310218
https://openalex.org/W1981921044
https://openalex.org/W1974505072
https://openalex.org/W2017877983
https://openalex.org/W2262432045
https://openalex.org/W1975570100
https://openalex.org/W1986592567
https://openalex.org/W2054090164
https://openalex.org/W2071918482
https://openalex.org/W2001176108
https://openalex.org/W2013754025
https://openalex.org/W2038824235
https://openalex.org/W1978304955
https://openalex.org/W2019773050
https://openalex.org/W1595659379
https://openalex.org/W2003808696
https://openalex.org/W2028885862
https://openalex.org/W2088020153
https://openalex.org/W2093998864
https://openalex.org/W2526684414
https://openalex.org/W2018807202
https://openalex.org/W2054134648
https://openalex.org/W2079403416
https://openalex.org/W2148474285
https://openalex.org/W1501988984
https://openalex.org/W1967858810
https://openalex.org/W1995296160
https://openalex.org/W2039980984
https://openalex.org/W2604114484
https://openalex.org/W2607752477
https://openalex.org/W2761561041
https://openalex.org/W2770896222
https://openalex.org/W2806167961
https://openalex.org/W2899464110
https://openalex.org/W1581105607
https://openalex.org/W1964323260
https://openalex.org/W1972102990
https://openalex.org/W2034619242
https://openalex.org/W2070598358
https://openalex.org/W2286856033
https://openalex.org/W2952114048
https://openalex.org/W2980410250
https://openalex.org/W2993997611
https://openalex.org/W2397807399
https://openalex.org/W3005837927
https://openalex.org/W3034969575
https://openalex.org/W3092166193
https://openalex.org/W3081017361
https://openalex.org/W3165063128
https://openalex.org/W3170484288
https://openalex.org/W3191601234
https://openalex.org/W4200098590
https://openalex.org/W4213439050
https://openalex.org/W4221006006
https://openalex.org/W4283399032
https://openalex.org/W4291019085
https://openalex.org/W4361219508
https://openalex.org/W4361279763
https://openalex.org/W4365135070
https://openalex.org/W4380536582
https://openalex.org/W4381309339
https://openalex.org/W4381951969
https://openalex.org/W4384525818
https://openalex.org/W4385291428
https://openalex.org/W4387453890
https://openalex.org/W4387517888
https://openalex.org/W4388343281
https://openalex.org/W4389149818
https://openalex.org/W4389342185
https://openalex.org/W4394449353
https://openalex.org/W2040589741
https://openalex.org/W2009423971
https://openalex.org/W2030710924
https://openalex.org/W2495023847
https://openalex.org/W2095217118
https://openalex.org/W2317962305
https://openalex.org/W2323804558
https://openalex.org/W2802400986
https://openalex.org/W1537681304
https://openalex.org/W2010389077
https://openalex.org/W2090910491
https://openalex.org/W2159817948
https://openalex.org/W2088235146
https://openalex.org/W2025786717
https://openalex.org/W2431132259
https://openalex.org/W2040433420
https://openalex.org/W2099091712
https://openalex.org/W2111865705
https://openalex.org/W2397259714
https://openalex.org/W2040199509
https://openalex.org/W2044131704
https://openalex.org/W2066253105
https://openalex.org/W2181371126
https://openalex.org/W2187079709
https://openalex.org/W2258027706
https://openalex.org/W2342919583
https://openalex.org/W2519283811
https://openalex.org/W2522246886
https://openalex.org/W2726300255
https://openalex.org/W2029315052
https://openalex.org/W2022554598
https://openalex.org/W2034306528
https://openalex.org/W10510826
https://openalex.org/W2022407853
https://openalex.org/W2144223887
https://openalex.org/W72687404
https://openalex.org/W127866967
https://openalex.org/W1962368836
https://openalex.org/W2084741226
https://openalex.org/W2119367160
https://openalex.org/W2152210072
https://openalex.org/W1536148812
https://openalex.org/W2051815225
https://openalex.org/W2085874184
https://openalex.org/W2043447652
https://openalex.org/W2058238259
https://openalex.org/W2084200852
https://openalex.org/W2046465149
https://openalex.org/W1974197735
https://openalex.org/W2064505868
https://openalex.org/W2075308887
https://openalex.org/W2018272979
https://openalex.org/W2076311612
https://openalex.org/W2086395883
https://openalex.org/W4250148476
https://openalex.org/W2493815329
https://openalex.org/W2891255783
https://openalex.org/W2894590981
https://openalex.org/W2904163034
https://openalex.org/W1857192204
https://openalex.org/W2045896482
https://openalex.org/W2528188268
https://openalex.org/W2560609982
https://openalex.org/W2592293936
https://openalex.org/W2762662535
https://openalex.org/W2768788054
https://openalex.org/W2942015226
https://openalex.org/W3010025133
https://openalex.org/W3098979800
https://openalex.org/W3112825925
https://openalex.org/W2504470018
https://openalex.org/W2997972352
https://openalex.org/W3181344859
https://openalex.org/W3195223749
https://openalex.org/W2009189707
https://openalex.org/W1971795891
https://openalex.org/W2468606051
https://openalex.org/W1838366760
https://openalex.org/W1970459009
https://openalex.org/W2059232840
https://openalex.org/W1985925143
https://openalex.org/W1989138949
https://openalex.org/W2064294111
https://openalex.org/W2312189382
https://openalex.org/W1991941289
https://openalex.org/W2110484841
https://openalex.org/W2021895303
https://openalex.org/W2028466757
https://openalex.org/W2231094464
https://openalex.org/W2802026723
https://openalex.org/W1095723353
https://openalex.org/W1963995220
https://openalex.org/W2006020461
https://openalex.org/W2024070313
https://openalex.org/W2083679517
https://openalex.org/W2095765145
https://openalex.org/W2570746547
https://openalex.org/W2717273531
https://openalex.org/W2885835782
https://openalex.org/W2964959445
https://openalex.org/W2972812323
https://openalex.org/W3020565800
https://openalex.org/W3112751689
https://openalex.org/W3113031397
https://openalex.org/W4251993353
https://openalex.org/W2098939710
https://openalex.org/W3158993395
https://openalex.org/W3186173452
https://openalex.org/W3188426162
https://openalex.org/W4200444762
https://openalex.org/W4220852015
https://openalex.org/W4223466511
https://openalex.org/W4284897498
https://openalex.org/W4292623274
https://openalex.org/W4308365291
https://openalex.org/W3159264095
https://openalex.org/W1851914916
https://openalex.org/W1984992926
https://openalex.org/W1996308034
https://openalex.org/W39886019
https://openalex.org/W2065280281
https://openalex.org/W2120399336
https://openalex.org/W60128301
https://openalex.org/W2067946279
https://openalex.org/W2069967381
https://openalex.org/W2043868220
https://openalex.org/W4234680796
https://openalex.org/W1992403501
https://openalex.org/W2008971799
https://openalex.org/W2042619854
https://openalex.org/W2165365409
https://openalex.org/W2167006827
https://openalex.org/W2399029371
https://openalex.org/W1482764435
https://openalex.org/W1977100929
https://openalex.org/W2040183386
https://openalex.org/W2111792992
https://openalex.org/W2765783112
https://openalex.org/W2806263114
https://openalex.org/W2857992932
https://openalex.org/W2887900242
https://openalex.org/W1588518627
https://openalex.org/W2081067076
https://openalex.org/W2087032548
https://openalex.org/W2151737215
https://openalex.org/W2154732673
https://openalex.org/W2260392010
https://openalex.org/W2397960286
https://openalex.org/W2506879591
https://openalex.org/W2564092629
https://openalex.org/W2998431113
https://openalex.org/W3043027482
https://openalex.org/W3094563320
https://openalex.org/W3102202138
https://openalex.org/W4235011127
https://openalex.org/W2074225320
https://openalex.org/W1897051442
https://openalex.org/W2119989427
https://openalex.org/W2042905453
https://openalex.org/W1987821101
https://openalex.org/W2140214296
https://openalex.org/W2060144245
https://openalex.org/W1795567137
https://openalex.org/W1978770970
https://openalex.org/W2068181631
https://openalex.org/W2020899595
https://openalex.org/W2054514465
https://openalex.org/W2320848828
https://openalex.org/W1975134494
https://openalex.org/W2024883264
https://openalex.org/W2039126477
https://openalex.org/W2924502407
https://openalex.org/W2955940312
https://openalex.org/W2958259634
https://openalex.org/W3041232716
https://openalex.org/W4240463282
https://openalex.org/W1983610152
https://openalex.org/W2140766310
https://openalex.org/W2146633538
https://openalex.org/W2512468836
https://openalex.org/W2571268721
https://openalex.org/W2587361562
https://openalex.org/W2801742068
https://openalex.org/W2972847654
https://openalex.org/W3008889826
https://openalex.org/W3120758801
https://openalex.org/W3162493080
https://openalex.org/W3169737805
https://openalex.org/W2797353346
https://openalex.org/W1969230669
https://openalex.org/W2092740355
https://openalex.org/W2220898603
https://openalex.org/W4251614262
https://openalex.org/W109443742
https://openalex.org/W1976768041
https://openalex.org/W1979149244
https://openalex.org/W1989990645
https://openalex.org/W81587209
https://openalex.org/W2058126610
https://openalex.org/W1972491084
https://openalex.org/W2432102626
https://openalex.org/W81585223
https://openalex.org/W2123465832
https://openalex.org/W2404029256
https://openalex.org/W2531740341
https://openalex.org/W153619762
https://openalex.org/W2017321501
https://openalex.org/W2410598592
https://openalex.org/W1933211347
https://openalex.org/W1968832655
https://openalex.org/W1970119840
https://openalex.org/W1971331744
https://openalex.org/W1989204478
https://openalex.org/W2063020099
https://openalex.org/W2085699123
https://openalex.org/W2270123574
https://openalex.org/W2605047668
https://openalex.org/W2766062453
https://openalex.org/W2788690918
https://openalex.org/W2790615800
https://openalex.org/W2974645484
https://openalex.org/W2980498771
https://openalex.org/W2990583369
https://openalex.org/W3070904273
https://openalex.org/W3108647149
https://openalex.org/W3112988374
https://openalex.org/W118666650
https://openalex.org/W1537265655
https://openalex.org/W1685649098
https://openalex.org/W2084702934
https://openalex.org/W2336540846
https://openalex.org/W2342222371
https://openalex.org/W2384123654
https://openalex.org/W2576550635
https://openalex.org/W2592554027
https://openalex.org/W4213361073
https://openalex.org/W4221024353
https://openalex.org/W4221117664
https://openalex.org/W4224248812
https://openalex.org/W4224442831
https://openalex.org/W4281567261
https://openalex.org/W4283777134
https://openalex.org/W4285227993
https://openalex.org/W4288046503
https://openalex.org/W4304806902
https://openalex.org/W4306771768
https://openalex.org/W4394271059
https://openalex.org/W1984568678
https://openalex.org/W2118695670
https://openalex.org/W2134215035
https://openalex.org/W2400988296
https://openalex.org/W2463676265
https://openalex.org/W4233771987
https://openalex.org/W1983237211
https://openalex.org/W1995311889
https://openalex.org/W2037133539
https://openalex.org/W2081387813
https://openalex.org/W78821198
https://openalex.org/W1895073154
https://openalex.org/W2095222533
https://openalex.org/W1979514417
https://openalex.org/W1802910501
https://openalex.org/W3190564748
https://openalex.org/W1970192878
https://openalex.org/W2017505705
https://openalex.org/W2091720990
https://openalex.org/W2130680614
https://openalex.org/W2224238059
https://openalex.org/W2060260414
https://openalex.org/W2085811713
https://openalex.org/W2094654342
https://openalex.org/W2410035834
https://openalex.org/W4252820513
https://openalex.org/W1730256779
https://openalex.org/W1837785299
https://openalex.org/W2088621536
https://openalex.org/W2127826179
https://openalex.org/W2134109261
https://openalex.org/W2139179126
https://openalex.org/W2148232119
https://openalex.org/W2406228228
https://openalex.org/W3211189140
https://openalex.org/W2799980262
https://openalex.org/W2014008567
https://openalex.org/W2112568139
https://openalex.org/W2075400948
https://openalex.org/W2416529047
https://openalex.org/W2461188317
https://openalex.org/W2154476686
https://openalex.org/W2618707889
https://openalex.org/W1903005668
https://openalex.org/W1957933800
https://openalex.org/W2059461423
https://openalex.org/W42109527
https://openalex.org/W1982432872
https://openalex.org/W2118037287
https://openalex.org/W2131186752
https://openalex.org/W796547210
https://openalex.org/W1917533743
https://openalex.org/W2012251076
https://openalex.org/W2021712535
https://openalex.org/W2086450911
https://openalex.org/W2241407971
https://openalex.org/W2398867594
https://openalex.org/W2596731533
https://openalex.org/W2799202958
https://openalex.org/W2882987042
https://openalex.org/W2902644260
https://openalex.org/W2912516470
https://openalex.org/W2914353599
https://openalex.org/W2963714165
https://openalex.org/W2995080538
https://openalex.org/W2999917427
https://openalex.org/W3005732881
https://openalex.org/W3040305323
https://openalex.org/W3042802178
https://openalex.org/W3081458877
https://openalex.org/W3092707416
https://openalex.org/W3128637967
https://openalex.org/W3173918625
https://openalex.org/W3176621581
https://openalex.org/W3188487056
https://openalex.org/W4200330931
https://openalex.org/W4230792158
https://openalex.org/W4240887364
https://openalex.org/W1616980918
https://openalex.org/W2411617023
https://openalex.org/W2464876869
https://openalex.org/W2486256166
https://openalex.org/W2557008955
https://openalex.org/W1993028617
https://openalex.org/W1997440685
https://openalex.org/W2042844674
https://openalex.org/W2063372495
https://openalex.org/W2143286871
https://openalex.org/W2560522126
https://openalex.org/W3128515117
https://openalex.org/W4237323829
https://openalex.org/W4251528364
https://openalex.org/W2071832779
https://openalex.org/W1990512522
https://openalex.org/W2099185821
https://openalex.org/W2084193151
https://openalex.org/W759968367
https://openalex.org/W1693696804
https://openalex.org/W1959171829
https://openalex.org/W1982550024
https://openalex.org/W1985142219
https://openalex.org/W2059347248
https://openalex.org/W2118830740
https://openalex.org/W2121001517
https://openalex.org/W2157335622
https://openalex.org/W2170465193
https://openalex.org/W2227753441
https://openalex.org/W2318160489
https://openalex.org/W2411575861
https://openalex.org/W2540378349
https://openalex.org/W3147535567
https://openalex.org/W60379491
https://openalex.org/W2408972558
https://openalex.org/W2416498731
https://openalex.org/W3023921569
https://openalex.org/W3172755854
https://openalex.org/W4313598906
https://openalex.org/W4319880762
https://openalex.org/W4319915866
https://openalex.org/W4319916496
https://openalex.org/W4319927296
https://openalex.org/W4319929621
https://openalex.org/W4319936441
https://openalex.org/W4322741135
https://openalex.org/W4367607588
https://openalex.org/W4378649511
https://openalex.org/W4378905580
https://openalex.org/W4380589661
https://openalex.org/W4383905102
https://openalex.org/W4385767047
https://openalex.org/W4385987471
https://openalex.org/W4386168062
https://openalex.org/W4386294156
https://openalex.org/W4386851163
https://openalex.org/W4387002577
https://openalex.org/W4387222839
https://openalex.org/W4387300153
https://openalex.org/W4387663714
https://openalex.org/W4388224282
https://openalex.org/W4388226765
https://openalex.org/W4388226803
https://openalex.org/W4388868789
https://openalex.org/W4388871190
https://openalex.org/W4388991896
https://openalex.org/W4389521892
https://openalex.org/W4389904501
https://openalex.org/W4392407495
https://openalex.org/W4392410681
https://openalex.org/W4392411288
https://openalex.org/W4392411544
https://openalex.org/W1627327998
https://openalex.org/W2088722581
https://openalex.org/W2416306194
https://openalex.org/W4231538655
https://openalex.org/W1728983679
https://openalex.org/W2031664384
https://openalex.org/W2065560144
https://openalex.org/W2079684241
https://openalex.org/W2743568177
https://openalex.org/W2109571546
https://openalex.org/W2256160941
https://openalex.org/W2282546239
https://openalex.org/W4230535479
https://openalex.org/W4230658743
https://openalex.org/W2065098778
https://openalex.org/W2050825122
https://openalex.org/W2334173473
https://openalex.org/W1521673669
https://openalex.org/W1986581872
https://openalex.org/W2028457806
https://openalex.org/W2544692198
https://openalex.org/W2759629936
https://openalex.org/W767417648
https://openalex.org/W2474074699
https://openalex.org/W1979584831
https://openalex.org/W2118957947
https://openalex.org/W2167165811
https://openalex.org/W3201133717
https://openalex.org/W1984086158
https://openalex.org/W2563274223
https://openalex.org/W2085309332
https://openalex.org/W2010818916
https://openalex.org/W2077470402
https://openalex.org/W2102931857
https://openalex.org/W2118215257
https://openalex.org/W2145318903
https://openalex.org/W2187137409
https://openalex.org/W2323835585
https://openalex.org/W2398498002
https://openalex.org/W2789907881
https://openalex.org/W2794998025
https://openalex.org/W2807249940
https://openalex.org/W2809290670
https://openalex.org/W2950059402
https://openalex.org/W2995089641
https://openalex.org/W3046425908
https://openalex.org/W3092890386
https://openalex.org/W3096340086
https://openalex.org/W3119290812
https://openalex.org/W3120774394
https://openalex.org/W3161764079
https://openalex.org/W3207894197
https://openalex.org/W3213700155
https://openalex.org/W4246249585
https://openalex.org/W68026831
https://openalex.org/W773754368
https://openalex.org/W863223257
https://openalex.org/W2334108518
https://openalex.org/W2341735671
https://openalex.org/W2412680209
https://openalex.org/W2419161388
https://openalex.org/W2473161431
https://openalex.org/W2550520444
https://openalex.org/W2586818317
https://openalex.org/W2587859044
https://openalex.org/W2589123816
https://openalex.org/W2982286473
https://openalex.org/W4224234112
https://openalex.org/W4282973158
https://openalex.org/W4295277141
https://openalex.org/W4297540784
https://openalex.org/W4306652139
https://openalex.org/W652265530
https://openalex.org/W3208798938
https://openalex.org/W1996423750
https://openalex.org/W1999659025
https://openalex.org/W2052889651
https://openalex.org/W2077837219
https://openalex.org/W2165530046
https://openalex.org/W2271347109
https://openalex.org/W4232204606
https://openalex.org/W4732292
https://openalex.org/W2019573253
https://openalex.org/W2042619499
https://openalex.org/W3027231183
https://openalex.org/W2004345419
https://openalex.org/W2415317150
https://openalex.org/W2017146470
https://openalex.org/W2392761186
https://openalex.org/W2397737666
https://openalex.org/W1546826266
https://openalex.org/W1548971604
https://openalex.org/W1565436289
https://openalex.org/W1757087212
https://openalex.org/W1886370359
https://openalex.org/W1974932614
https://openalex.org/W1992975809
https://openalex.org/W2019265072
https://openalex.org/W2065768297
https://openalex.org/W2078636395
https://openalex.org/W2107487991
https://openalex.org/W2109468500
https://openalex.org/W2147693677
https://openalex.org/W2175887671
https://openalex.org/W2218528725
https://openalex.org/W2241061900
https://openalex.org/W2403445129
https://openalex.org/W2682282539
https://openalex.org/W3151347820
https://openalex.org/W4307949326
https://openalex.org/W4394546680
https://openalex.org/W75202180
https://openalex.org/W797676035
https://openalex.org/W842579317
https://openalex.org/W1983259468
https://openalex.org/W1992806916
https://openalex.org/W2013833144
https://openalex.org/W2316504153
https://openalex.org/W167333407
https://openalex.org/W1974152065
https://openalex.org/W2032323694
https://openalex.org/W1989532503
https://openalex.org/W1994468535
https://openalex.org/W2083170920
https://openalex.org/W2432655825
https://openalex.org/W1892350093
https://openalex.org/W2031721432
https://openalex.org/W2088042548
https://openalex.org/W2132551661
https://openalex.org/W2169832719
https://openalex.org/W2314333565
https://openalex.org/W2332722199
https://openalex.org/W238646142
https://openalex.org/W2611509688
https://openalex.org/W2611531361
https://openalex.org/W2781247395
https://openalex.org/W2789036640
https://openalex.org/W338839363
https://openalex.org/W4236280924
https://openalex.org/W4243312450
https://openalex.org/W4254951500
https://openalex.org/W88428184
https://openalex.org/W1989067961
https://openalex.org/W1519860677
https://openalex.org/W1557412338
https://openalex.org/W1681188946
https://openalex.org/W1899826923
https://openalex.org/W2032311300
https://openalex.org/W2401654498
https://openalex.org/W2466670670
https://openalex.org/W2564383610
https://openalex.org/W4244391003
https://openalex.org/W1607658828
https://openalex.org/W1608093079
https://openalex.org/W1626967199
https://openalex.org/W2026852474
https://openalex.org/W2068756259
https://openalex.org/W288492949
https://openalex.org/W4245223359
https://openalex.org/W1896400706
https://openalex.org/W2090413424
https://openalex.org/W2531079406
https://openalex.org/W1845326026
https://openalex.org/W1969862516
https://openalex.org/W2319649874
https://openalex.org/W2338143165
https://openalex.org/W2405110147
https://openalex.org/W2405776888
https://openalex.org/W2416434009
https://openalex.org/W2759634545
https://openalex.org/W2899062414
https://openalex.org/W2900751388
https://openalex.org/W3005891495
https://openalex.org/W3111274753
https://openalex.org/W318685227
https://openalex.org/W4240593668
https://openalex.org/W2796216930
https://openalex.org/W571100587
https://openalex.org/W1603114608
https://openalex.org/W2019405429
https://openalex.org/W2067989963
https://openalex.org/W2076516203
https://openalex.org/W2131325055
https://openalex.org/W54027642
https://openalex.org/W4232909450
https://openalex.org/W2059283808
https://openalex.org/W2130751589
https://openalex.org/W2137677053
https://openalex.org/W2402110284
https://openalex.org/W2462083151
https://openalex.org/W2920491075
https://openalex.org/W2984845325
https://openalex.org/W2988284189
https://openalex.org/W3096426740
https://openalex.org/W344971643
https://openalex.org/W2800803500
https://openalex.org/W129606226
https://openalex.org/W1979190692
https://openalex.org/W1993192463
https://openalex.org/W1999302106
https://openalex.org/W2075690684
https://openalex.org/W2080046674
https://openalex.org/W2091901205
https://openalex.org/W2279166668
https://openalex.org/W2565846617
https://openalex.org/W605489849
https://openalex.org/W1544807710
https://openalex.org/W1551110124
https://openalex.org/W1898014658
https://openalex.org/W1965015094
https://openalex.org/W1972024656
https://openalex.org/W2078484423
https://openalex.org/W2290327219
https://openalex.org/W71657471
https://openalex.org/W2185020301
https://openalex.org/W3127426567
https://openalex.org/W3128088281
https://openalex.org/W3201816899
https://openalex.org/W3203235367
https://openalex.org/W3216033219
https://openalex.org/W3216671932
https://openalex.org/W2032327103
https://openalex.org/W2312607634
https://openalex.org/W2803081239
https://openalex.org/W3141450691
https://openalex.org/W3164751024
https://openalex.org/W100152555
https://openalex.org/W1997169764
https://openalex.org/W2070494997
https://openalex.org/W2325314953
https://openalex.org/W2595311828
https://openalex.org/W2883944384
https://openalex.org/W52623278
https://openalex.org/W2045470462
https://openalex.org/W2078775574
https://openalex.org/W1495157220
https://openalex.org/W1577776129
https://openalex.org/W2070691896
https://openalex.org/W2087367928
https://openalex.org/W2106030297
https://openalex.org/W2229613905
https://openalex.org/W2415705774
https://openalex.org/W2016499989
https://openalex.org/W2111224216
https://openalex.org/W2320821498
https://openalex.org/W2399484649
https://openalex.org/W2593469138
https://openalex.org/W2695334099
https://openalex.org/W2799920081
https://openalex.org/W1603375972
https://openalex.org/W1835903953
https://openalex.org/W1964044829
https://openalex.org/W1998621434
https://openalex.org/W2049034269
https://openalex.org/W2087647673
https://openalex.org/W2507203848
https://openalex.org/W4232430423
https://openalex.org/W4232797884
https://openalex.org/W1902475656
https://openalex.org/W2129457452
https://openalex.org/W2496025568
https://openalex.org/W1561665198
https://openalex.org/W1597277546
https://openalex.org/W181103074
https://openalex.org/W1819419036
https://openalex.org/W2023498579
https://openalex.org/W2030029975
https://openalex.org/W2032835976
https://openalex.org/W205741967
https://openalex.org/W2077920741
https://openalex.org/W2104530250
https://openalex.org/W2158601210
https://openalex.org/W2175901175
https://openalex.org/W2198905323
https://openalex.org/W2202446773
https://openalex.org/W2243572228
https://openalex.org/W2244581114
https://openalex.org/W2275771921
https://openalex.org/W2277325782
https://openalex.org/W2278186046
https://openalex.org/W2285857522
https://openalex.org/W2287301820
https://openalex.org/W2316584573
https://openalex.org/W2319097058
https://openalex.org/W2328738871
https://openalex.org/W2334513529
https://openalex.org/W2336923583
https://openalex.org/W2337349799
https://openalex.org/W2337711106
https://openalex.org/W2339091142
https://openalex.org/W2339503929
https://openalex.org/W2340340942
https://openalex.org/W2341062053
https://openalex.org/W2363574419
https://openalex.org/W2395423272
https://openalex.org/W2411807957
https://openalex.org/W2477341403
https://openalex.org/W2509364750
https://openalex.org/W2511623393
https://openalex.org/W2515929338
https://openalex.org/W2516095434
https://openalex.org/W2519783221
https://openalex.org/W2527625323
https://openalex.org/W2529277840
https://openalex.org/W2537862326
https://openalex.org/W2543431328
https://openalex.org/W2557047478
https://openalex.org/W2566262095
https://openalex.org/W2582754133
https://openalex.org/W2586938676
https://openalex.org/W2588135694
https://openalex.org/W2590355951
https://openalex.org/W2603025018
https://openalex.org/W2605146101
https://openalex.org/W2625378284
https://openalex.org/W2726761284
https://openalex.org/W2741025409
https://openalex.org/W2741273899
https://openalex.org/W2742141994
https://openalex.org/W2748822710
https://openalex.org/W2761759818
https://openalex.org/W2762948967
https://openalex.org/W276784781
https://openalex.org/W2770306413
https://openalex.org/W2771703676
https://openalex.org/W2776786778
https://openalex.org/W2801214012
https://openalex.org/W2808841622
https://openalex.org/W2883539055
https://openalex.org/W2903814365
https://openalex.org/W2978802421
https://openalex.org/W2979583276
https://openalex.org/W2991888925
https://openalex.org/W3032942913
https://openalex.org/W3108719594
https://openalex.org/W3164910453
https://openalex.org/W3217132170
https://openalex.org/W414231395
https://openalex.org/W4238586660
https://openalex.org/W4239958033
https://openalex.org/W4244595655
https://openalex.org/W4249131354
https://openalex.org/W4251796933
https://openalex.org/W4393250126
https://openalex.org/W4393295338
https://openalex.org/W4394118762
https://openalex.org/W8343494
https://openalex.org/W876879803
https://openalex.org/W895959850
https://openalex.org/W1969517016
https://openalex.org/W1973776486
https://openalex.org/W1999129791
https://openalex.org/W2018924005
https://openalex.org/W2028095134
https://openalex.org/W2116041796
https://openalex.org/W2196499868
https://openalex.org/W2287367800
https://openalex.org/W388280496
https://openalex.org/W92232667
https://openalex.org/W131186227
https://openalex.org/W2062021247
https://openalex.org/W2475069827
https://openalex.org/W2502686997
https://openalex.org/W2520525073
https://openalex.org/W3033407812
https://openalex.org/W4237050362
https://openalex.org/W4238451074
https://openalex.org/W105614800
https://openalex.org/W115626042
https://openalex.org/W140744615
https://openalex.org/W1526465447
https://openalex.org/W1579893525
https://openalex.org/W1600787611
https://openalex.org/W1965336166
https://openalex.org/W1965887194
https://openalex.org/W1969490405
https://openalex.org/W1997129213
https://openalex.org/W2014317420
https://openalex.org/W2036443644
https://openalex.org/W2042941661
https://openalex.org/W2054164255
https://openalex.org/W2118322299
https://openalex.org/W2159112565
https://openalex.org/W217204334
https://openalex.org/W2184924963
https://openalex.org/W2187165659
https://openalex.org/W2188820102
https://openalex.org/W2219445759
https://openalex.org/W2241251152
https://openalex.org/W2246357082
https://openalex.org/W2246546068
https://openalex.org/W2272479849
https://openalex.org/W2297275944
https://openalex.org/W2320704574
https://openalex.org/W2325400463
https://openalex.org/W2331635223
https://openalex.org/W2337881744
https://openalex.org/W2341847534
https://openalex.org/W2343665737
https://openalex.org/W2345833672
https://openalex.org/W2403897051
https://openalex.org/W2413282649
https://openalex.org/W2413354535
https://openalex.org/W2431288278
https://openalex.org/W2473205766
https://openalex.org/W2475414898
https://openalex.org/W2591504229
https://openalex.org/W2596863364
https://openalex.org/W2612198537
https://openalex.org/W2622904336
https://openalex.org/W2654667490
https://openalex.org/W2741058279
https://openalex.org/W2741941845
https://openalex.org/W2742015454
https://openalex.org/W278442836
https://openalex.org/W2988620213
https://openalex.org/W2989666790
https://openalex.org/W3149503454
https://openalex.org/W3166529782
https://openalex.org/W36294219
https://openalex.org/W36595287
https://openalex.org/W4246190314
https://openalex.org/W4312183826
https://openalex.org/W4386603543
https://openalex.org/W4390684575
https://openalex.org/W4393297235
https://openalex.org/W4393298785
https://openalex.org/W58879273
https://openalex.org/W639330643
https://openalex.org/W73239218
https://openalex.org/W78878013
https://openalex.org/W911632644
https://openalex.org/W2002055544
https://openalex.org/W2067207444
https://openalex.org/W2411292357
https://openalex.org/W34078164
https://openalex.org/W91612865
https://openalex.org/W1588730190
https://openalex.org/W2061566557
https://openalex.org/W2097987692
https://openalex.org/W2406626237
https://openalex.org/W2408964497
https://openalex.org/W2479368759
https://openalex.org/W2492403828
https://openalex.org/W4233281368
https://openalex.org/W4243294792
https://openalex.org/W4250304809
https://openalex.org/W142924839
https://openalex.org/W1576951193
https://openalex.org/W1983293224
https://openalex.org/W1996640862
https://openalex.org/W2012037653
https://openalex.org/W2026027567
https://openalex.org/W2034992442
https://openalex.org/W2037894600
https://openalex.org/W2171663806
https://openalex.org/W2334362446
https://openalex.org/W2394499978
https://openalex.org/W2395717264
https://openalex.org/W2418772301
https://openalex.org/W2434337979
https://openalex.org/W2578032150
https://openalex.org/W2580963587
https://openalex.org/W2605390666
https://openalex.org/W2605460842
https://openalex.org/W2606795630
https://openalex.org/W2607142246
https://openalex.org/W2612736187
https://openalex.org/W2737244658
https://openalex.org/W2741421486
https://openalex.org/W2755285453
https://openalex.org/W2755472297
https://openalex.org/W2756091041
https://openalex.org/W2761862207
https://openalex.org/W2762585200
https://openalex.org/W2771333416
https://openalex.org/W2795570546
https://openalex.org/W2795921761
https://openalex.org/W2803022881
https://openalex.org/W2810003719
https://openalex.org/W2905562827
https://openalex.org/W2916232291
https://openalex.org/W3017114428
https://openalex.org/W3040840390
https://openalex.org/W3088896043
https://openalex.org/W3159953554
https://openalex.org/W3159996335
https://openalex.org/W3160011932
https://openalex.org/W3160430420
https://openalex.org/W3160440985
https://openalex.org/W3160610047
https://openalex.org/W3160863149
https://openalex.org/W3161784784
https://openalex.org/W3161787361
https://openalex.org/W3161856425
https://openalex.org/W3162056116
https://openalex.org/W3162198049
https://openalex.org/W3162343029
https://openalex.org/W3162783957
https://openalex.org/W3162977006
https://openalex.org/W3163103279
https://openalex.org/W3163131056
https://openalex.org/W3163471347
https://openalex.org/W3163560354
https://openalex.org/W3163564796
https://openalex.org/W3163573473
https://openalex.org/W3163672902
https://openalex.org/W3176321244
https://openalex.org/W3208703141
https://openalex.org/W3211537338
https://openalex.org/W4231234327
https://openalex.org/W4246179063
https://openalex.org/W4248907238
https://openalex.org/W4255377546
https://openalex.org/W4299300492
https://openalex.org/W590597139
https://openalex.org/W941082294
https://openalex.org/W990051278
https://openalex.org/W1981356204
https://openalex.org/W2050740116
https://openalex.org/W2074778616
https://openalex.org/W2428893347
https://openalex.org/W2437227387
https://openalex.org/W124811847
https://openalex.org/W1560001044
https://openalex.org/W1680459541
https://openalex.org/W1981200126
https://openalex.org/W1982063712
https://openalex.org/W2071055852
https://openalex.org/W2079000458
https://openalex.org/W2097207188
https://openalex.org/W2118798103
https://openalex.org/W2124820729
https://openalex.org/W2132320034
https://openalex.org/W2137101389
https://openalex.org/W2182795606
https://openalex.org/W2191150300
https://openalex.org/W2226622204
https://openalex.org/W2266861721
https://openalex.org/W2413234191
https://openalex.org/W2510547321
https://openalex.org/W2518930073
https://openalex.org/W2519455959
https://openalex.org/W2560328914
https://openalex.org/W2561945265
https://openalex.org/W2564144331
https://openalex.org/W2993895520
https://openalex.org/W3170907958
https://openalex.org/W4205416732
https://openalex.org/W4210366573
https://openalex.org/W4211137658
https://openalex.org/W4226353303
https://openalex.org/W4231011730
https://openalex.org/W4281779273
https://openalex.org/W4282026693
https://openalex.org/W4283024253
https://openalex.org/W4285611889
https://openalex.org/W4289443816
https://openalex.org/W4294591920
https://openalex.org/W4294613081
https://openalex.org/W4296031408
https://openalex.org/W4297877393
https://openalex.org/W4304014766
https://openalex.org/W4307644910
https://openalex.org/W4309007940
https://openalex.org/W4310747216
https://openalex.org/W4311126174
https://openalex.org/W4312066856
https://openalex.org/W4312261465
https://openalex.org/W4312806432
https://openalex.org/W4313059820
https://openalex.org/W4313384210
https://openalex.org/W4387266440
https://openalex.org/W4394192816
https://openalex.org/W4394395805
https://openalex.org/W4394524051
https://openalex.org/W107823075
https://openalex.org/W1980659694
https://openalex.org/W2013255150
https://openalex.org/W2034749368
https://openalex.org/W2425177130
https://openalex.org/W2530993081
https://openalex.org/W2914596655
https://openalex.org/W4239612556
https://openalex.org/W4250348669
https://openalex.org/W44809294
https://openalex.org/W62898640
https://openalex.org/W71492965
https://openalex.org/W1603553592
https://openalex.org/W1614974273
https://openalex.org/W1670444132
https://openalex.org/W169096895
https://openalex.org/W1923108604
https://openalex.org/W2000947042
https://openalex.org/W2021433151
https://openalex.org/W2049136252
https://openalex.org/W2063260655
https://openalex.org/W2069847403
https://openalex.org/W2082157264
https://openalex.org/W2127902593
https://openalex.org/W2145808627
https://openalex.org/W2184170570
https://openalex.org/W2375546585
https://openalex.org/W2394950275
https://openalex.org/W2799291882
https://openalex.org/W2799876981
https://openalex.org/W2800432527
https://openalex.org/W2800861441
https://openalex.org/W2801258136
https://openalex.org/W2801398704
https://openalex.org/W2806240906
https://openalex.org/W2810003017
https://openalex.org/W2890673931
https://openalex.org/W2896611938
https://openalex.org/W2897805019
https://openalex.org/W2899801316
https://openalex.org/W2899872968
https://openalex.org/W2902484137
https://openalex.org/W2914172240
https://openalex.org/W2914334350
https://openalex.org/W2925336540
https://openalex.org/W2932985964
https://openalex.org/W2943950503
https://openalex.org/W2944147033
https://openalex.org/W2944271627
https://openalex.org/W2975926092
https://openalex.org/W2989761692
https://openalex.org/W2992764775
https://openalex.org/W3010627566
https://openalex.org/W3084893252
https://openalex.org/W3111411736
https://openalex.org/W3130645119
https://openalex.org/W3138228639
https://openalex.org/W4235682691
https://openalex.org/W4238333359
https://openalex.org/W4241479035
https://openalex.org/W4246325197
https://openalex.org/W4255464495
https://openalex.org/W4300915666
https://openalex.org/W4387820788
https://openalex.org/W4393329513
https://openalex.org/W807996261
https://openalex.org/W849422376
https://openalex.org/W1537917497
https://openalex.org/W1540209398
https://openalex.org/W1541452710
https://openalex.org/W1604697151
https://openalex.org/W178551106
https://openalex.org/W1979472620
https://openalex.org/W2008492521
https://openalex.org/W2031457984
https://openalex.org/W2040400182
https://openalex.org/W2055248039
https://openalex.org/W2062264399
https://openalex.org/W2328096092
https://openalex.org/W2329719754
https://openalex.org/W2416470227
https://openalex.org/W2465886439
https://openalex.org/W2606886265
https://openalex.org/W2731946520
https://openalex.org/W3211349721
https://openalex.org/W346270998
https://openalex.org/W350014382
https://openalex.org/W419535282
https://openalex.org/W110420949
https://openalex.org/W1485111581
https://openalex.org/W1563406374
https://openalex.org/W1646632755
https://openalex.org/W1982135474
https://openalex.org/W2017275367
https://openalex.org/W2018971843
https://openalex.org/W203091273
https://openalex.org/W2056052247
https://openalex.org/W2064236051
https://openalex.org/W2093753461
https://openalex.org/W2142808256
https://openalex.org/W2163636041
https://openalex.org/W2186592330
https://openalex.org/W2271062162
https://openalex.org/W2396036011
https://openalex.org/W2407350809
https://openalex.org/W2411560317
https://openalex.org/W2420808220
https://openalex.org/W2423761876
https://openalex.org/W2526010490
https://openalex.org/W2527548381
https://openalex.org/W2527590127
https://openalex.org/W2545221496
https://openalex.org/W2883489024
https://openalex.org/W3015721385
https://openalex.org/W3026139680
https://openalex.org/W3026365644
https://openalex.org/W3027057778
https://openalex.org/W3027714702
https://openalex.org/W3032670632
https://openalex.org/W3033925466
https://openalex.org/W3035540646
https://openalex.org/W3036444065
https://openalex.org/W3044175346
https://openalex.org/W3048762225
https://openalex.org/W3069435463
https://openalex.org/W3092182088
https://openalex.org/W3092470683
https://openalex.org/W3094945297
https://openalex.org/W3098106796
https://openalex.org/W3112107828
https://openalex.org/W3117274055
https://openalex.org/W3127395330
https://openalex.org/W3136273346
https://openalex.org/W3162078713
https://openalex.org/W3162722561
https://openalex.org/W3163166550
https://openalex.org/W3165262523
https://openalex.org/W3171216725
https://openalex.org/W3173133202
https://openalex.org/W3197944236
https://openalex.org/W3209663657
https://openalex.org/W4232926401
https://openalex.org/W4233961321
https://openalex.org/W4236402521
https://openalex.org/W4237493119
https://openalex.org/W4239275056
https://openalex.org/W4239437843
https://openalex.org/W4244356602
https://openalex.org/W4245101160
https://openalex.org/W4246229718
https://openalex.org/W4248691004
https://openalex.org/W4251398800
https://openalex.org/W4251769629
https://openalex.org/W4251872275
https://openalex.org/W4255642091
https://openalex.org/W4312712014
https://openalex.org/W45172507
https://openalex.org/W633357296
https://openalex.org/W166329426
https://openalex.org/W2014365963
https://openalex.org/W2043878911
https://openalex.org/W2080284400
https://openalex.org/W2084937217
https://openalex.org/W2154839924
https://openalex.org/W2268625996
https://openalex.org/W2416639693
https://openalex.org/W2494732528
https://openalex.org/W3165339012
https://openalex.org/W4251533968
https://openalex.org/W1529955892
https://openalex.org/W1578813570
https://openalex.org/W1895711726
https://openalex.org/W1982580166
https://openalex.org/W1985490892
https://openalex.org/W2176158097
https://openalex.org/W2187737427
https://openalex.org/W2187995318
https://openalex.org/W220700348
https://openalex.org/W2231716720
https://openalex.org/W2276972910
https://openalex.org/W2397162082
https://openalex.org/W2409509708
https://openalex.org/W2412926473
https://openalex.org/W2414674996
https://openalex.org/W2416008393
https://openalex.org/W2443896352
https://openalex.org/W2466367510
https://openalex.org/W2467901115
https://openalex.org/W2472693302
https://openalex.org/W4212901002
https://openalex.org/W4230845965
https://openalex.org/W4237455621
https://openalex.org/W4240069296
https://openalex.org/W4249768730
https://openalex.org/W4256467909
https://openalex.org/W4319152235
https://openalex.org/W561667179
https://openalex.org/W1908613695
https://openalex.org/W2003227670
https://openalex.org/W2239322546
https://openalex.org/W2415287551
https://openalex.org/W2416361566
https://openalex.org/W2418904191
https://openalex.org/W2983130077
https://openalex.org/W3127007504
https://openalex.org/W3127240449
https://openalex.org/W3127505041
https://openalex.org/W3135062593
https://openalex.org/W3154498084
https://openalex.org/W3159748226
https://openalex.org/W3161096994
https://openalex.org/W3161833159
https://openalex.org/W3167522445
https://openalex.org/W3168926647
https://openalex.org/W3177133590
https://openalex.org/W3185791133
https://openalex.org/W3188472310
https://openalex.org/W3202128519
https://openalex.org/W3202608764
https://openalex.org/W3203884325
https://openalex.org/W3203990982
https://openalex.org/W3210495561
https://openalex.org/W3213865433
https://openalex.org/W4205707823
https://openalex.org/W4236832770
https://openalex.org/W4237959709
https://openalex.org/W4392988810
https://openalex.org/W591248243
https://openalex.org/W630930797
https://openalex.org/W636897966
https://openalex.org/W88414255
https://openalex.org/W164862778
https://openalex.org/W1987656373
https://openalex.org/W1997648858
https://openalex.org/W2000380658
https://openalex.org/W2001388940
https://openalex.org/W2010510606
https://openalex.org/W2401464426
https://openalex.org/W2404500984
https://openalex.org/W2415579254
https://openalex.org/W2460264759
https://openalex.org/W2508862074
https://openalex.org/W2625444305
https://openalex.org/W3016124880
https://openalex.org/W3021562456
https://openalex.org/W3107525878
https://openalex.org/W3122010132
https://openalex.org/W3149322621
https://openalex.org/W3164834791
https://openalex.org/W4229752900
https://openalex.org/W4229955943
https://openalex.org/W4237644995
https://openalex.org/W4250144948
https://openalex.org/W4251375059
https://openalex.org/W132901881
https://openalex.org/W2409126492
https://openalex.org/W2419169469
https://openalex.org/W590693098
https://openalex.org/W120768679
https://openalex.org/W1537285318
https://openalex.org/W1543825734
https://openalex.org/W1611174071
https://openalex.org/W1909233634
https://openalex.org/W1913220055
https://openalex.org/W1943011093
https://openalex.org/W1985470758
https://openalex.org/W1990785027
https://openalex.org/W1991627187
https://openalex.org/W2015853842
https://openalex.org/W2027454193
https://openalex.org/W2048389810
https://openalex.org/W2053523920
https://openalex.org/W2054883653
https://openalex.org/W2079292272
https://openalex.org/W2116258837
https://openalex.org/W2411275322
https://openalex.org/W2413994921
https://openalex.org/W2414703867
https://openalex.org/W2418472161
https://openalex.org/W2461300601
https://openalex.org/W2566501347
https://openalex.org/W3088602322
https://openalex.org/W4242249177
https://openalex.org/W4243384720
https://openalex.org/W845365859
https://openalex.org/W853849974
https://openalex.org/W862065901
https://openalex.org/W1124033902
https://openalex.org/W1136051654
https://openalex.org/W1524866878
https://openalex.org/W1525699308
https://openalex.org/W1559873917
https://openalex.org/W162602000
https://openalex.org/W164208828
https://openalex.org/W1973086695
https://openalex.org/W1983712648
https://openalex.org/W1987523063
https://openalex.org/W2004690338
https://openalex.org/W2010960237
https://openalex.org/W2011308912
https://openalex.org/W2011657226
https://openalex.org/W2022276943
https://openalex.org/W202767509
https://openalex.org/W2035996645
https://openalex.org/W2094591057
https://openalex.org/W2292375325
https://openalex.org/W2401456246
https://openalex.org/W2405174066
https://openalex.org/W2410975139
https://openalex.org/W2414339649
https://openalex.org/W2415814764
https://openalex.org/W2437202799
https://openalex.org/W2510638813
https://openalex.org/W2518093130
https://openalex.org/W2588537948
https://openalex.org/W2601986254
https://openalex.org/W2615389051
https://openalex.org/W291141713
https://openalex.org/W2990141596
https://openalex.org/W2996309560
https://openalex.org/W3000680683
https://openalex.org/W3042088450
https://openalex.org/W3089725626
https://openalex.org/W3094337828
https://openalex.org/W3120840705
https://openalex.org/W3134814383
https://openalex.org/W3163953681
https://openalex.org/W4233171671
https://openalex.org/W4233689705
https://openalex.org/W4244689173
https://openalex.org/W4244743913
https://openalex.org/W4245471060
https://openalex.org/W4251441478
https://openalex.org/W4300910659
https://openalex.org/W748142105
https://openalex.org/W772183255
https://openalex.org/W792435898
https://openalex.org/W831796669
https://openalex.org/W847076313
https://openalex.org/W856269377
https://openalex.org/W914607959
https://openalex.org/W108110062
https://openalex.org/W1611065078
https://openalex.org/W185063857
https://openalex.org/W1969730120
https://openalex.org/W1996327725
https://openalex.org/W1999317590
https://openalex.org/W2014200756
https://openalex.org/W2024894452
https://openalex.org/W2066648856
https://openalex.org/W2094530569
https://openalex.org/W2183330824
https://openalex.org/W2231968301
https://openalex.org/W2302403054
https://openalex.org/W2442553563
https://openalex.org/W2478636712
https://openalex.org/W2492383846
https://openalex.org/W2550722701
https://openalex.org/W271957989
https://openalex.org/W2742032665
https://openalex.org/W2790567116
https://openalex.org/W2804438543
https://openalex.org/W2995194411
https://openalex.org/W3005623663
https://openalex.org/W3009593184
https://openalex.org/W3010940877
https://openalex.org/W3103642270
https://openalex.org/W3202706900
https://openalex.org/W3208656135
https://openalex.org/W335175020
https://openalex.org/W4238313623
https://openalex.org/W4244151435
https://openalex.org/W4385786920
https://openalex.org/W50548805
https://openalex.org/W119936412
https://openalex.org/W147217305
https://openalex.org/W1481493060
https://openalex.org/W1486303505
https://openalex.org/W1491539525
https://openalex.org/W1530320858
https://openalex.org/W1542235867
https://openalex.org/W1604428124
https://openalex.org/W173241821
https://openalex.org/W1854154887
https://openalex.org/W191267746
https://openalex.org/W1965099709
https://openalex.org/W1966319333
https://openalex.org/W1971147116
https://openalex.org/W1971827009
https://openalex.org/W19959764
https://openalex.org/W1998787728
https://openalex.org/W2003537898
https://openalex.org/W2005807685
https://openalex.org/W2008882272
https://openalex.org/W2019963066
https://openalex.org/W2023034684
https://openalex.org/W2037397146
https://openalex.org/W2064101306
https://openalex.org/W2065060612
https://openalex.org/W2071519834
https://openalex.org/W2084224555
https://openalex.org/W2091912303
https://openalex.org/W20955968
https://openalex.org/W2118511897
https://openalex.org/W2189263752
https://openalex.org/W2294187920
https://openalex.org/W2401766652
https://openalex.org/W2406472193
https://openalex.org/W2409301959
https://openalex.org/W2410559170
https://openalex.org/W2415351695
https://openalex.org/W2461897646
https://openalex.org/W2478718202
https://openalex.org/W2486244047
https://openalex.org/W2486953399
https://openalex.org/W2495381888
https://openalex.org/W2500837598
https://openalex.org/W2588512070
https://openalex.org/W2596555026
https://openalex.org/W2597472331
https://openalex.org/W2609562168
https://openalex.org/W2613615290
https://openalex.org/W294601400
https://openalex.org/W301763753
https://openalex.org/W3084294600
https://openalex.org/W3097533321
https://openalex.org/W3148841087
https://openalex.org/W381193944
https://openalex.org/W4210320790
https://openalex.org/W4210978855
https://openalex.org/W4212814935
https://openalex.org/W4232332843
https://openalex.org/W4238772710
https://openalex.org/W4239591460
https://openalex.org/W4239932270
https://openalex.org/W4241107201
https://openalex.org/W4241218193
https://openalex.org/W4242058229
https://openalex.org/W4242295697
https://openalex.org/W4243234686
https://openalex.org/W4247412414
https://openalex.org/W4247617523
https://openalex.org/W4249908866
https://openalex.org/W4250114085
https://openalex.org/W4251374516
https://openalex.org/W4251378721
https://openalex.org/W4251403126
https://openalex.org/W4255316494
https://openalex.org/W4255785299
https://openalex.org/W4256062271
https://openalex.org/W56107133
https://openalex.org/W57447145
https://openalex.org/W811599019
https://openalex.org/W813454340
https://openalex.org/W850063657
https://openalex.org/W906846449
https://openalex.org/W958062859
https://openalex.org/W974560934
https://openalex.org/W2057674977
https://openalex.org/W2140072878
https://openalex.org/W2340047248
https://openalex.org/W578233940
https://openalex.org/W2396182728
https://openalex.org/W2165625463
https://openalex.org/W2142709970
https://openalex.org/W1967252809
https://openalex.org/W1975213528
https://openalex.org/W2091052564
https://openalex.org/W2026080578
https://openalex.org/W2048147356
https://openalex.org/W2105872313
https://openalex.org/W2099751212
https://openalex.org/W2002570028
https://openalex.org/W2045067923
https://openalex.org/W2030886354
https://openalex.org/W2540960831
https://openalex.org/W2153933760
https://openalex.org/W2102330657
https://openalex.org/W1993489331
https://openalex.org/W2136242244
https://openalex.org/W2142344992
https://openalex.org/W2132122176
https://openalex.org/W2135707678
https://openalex.org/W2551060395
https://openalex.org/W3153486063
https://openalex.org/W2194887723
https://openalex.org/W2112745969
https://openalex.org/W1965528317
https://openalex.org/W789385326
https://openalex.org/W2209323210
https://openalex.org/W2931494196
https://openalex.org/W2606772775
https://openalex.org/W2221860578
https://openalex.org/W3099667449
https://openalex.org/W309497284
https://openalex.org/W2900791631
https://openalex.org/W2980019105
https://openalex.org/W3130944374
https://openalex.org/W3121766328
https://openalex.org/W4281768184
https://openalex.org/W1965705101
https://openalex.org/W1503601820
https://openalex.org/W2060953134
https://openalex.org/W2006956070
https://openalex.org/W2010176684
https://openalex.org/W1967075825
https://openalex.org/W2057447983
https://openalex.org/W2068585026
https://openalex.org/W1986135283
https://openalex.org/W2084577513
https://openalex.org/W2133617345
https://openalex.org/W2006696157
https://openalex.org/W2108892218
https://openalex.org/W2006701767
https://openalex.org/W2055318521
https://openalex.org/W2003567541
https://openalex.org/W2120792160
https://openalex.org/W2078825790
https://openalex.org/W2112926927
https://openalex.org/W2120622131
https://openalex.org/W1963801056
https://openalex.org/W1992000894
https://openalex.org/W2105346716
https://openalex.org/W4297583565
https://openalex.org/W1986861343
https://openalex.org/W2073476857
https://openalex.org/W2063016499
https://openalex.org/W1967792353
https://openalex.org/W2137069217
https://openalex.org/W1980462990
https://openalex.org/W2044880393
https://openalex.org/W2087591739
https://openalex.org/W2120042716
https://openalex.org/W2079448135
https://openalex.org/W2148184464
https://openalex.org/W1998381903
https://openalex.org/W2062060027
https://openalex.org/W2122245179
https://openalex.org/W2003877353
https://openalex.org/W2161002652
https://openalex.org/W1504406420
https://openalex.org/W1592252225
https://openalex.org/W2094618976
https://openalex.org/W2137589989
https://openalex.org/W2037263419
https://openalex.org/W2094250245
https://openalex.org/W2148291582
https://openalex.org/W1787138288
https://openalex.org/W2127137319
https://openalex.org/W1769121045
https://openalex.org/W1963777582
https://openalex.org/W2166569017
https://openalex.org/W2267145743
https://openalex.org/W2330052236
https://openalex.org/W1534134166
https://openalex.org/W2127775549
https://openalex.org/W2021385433
https://openalex.org/W1990213830
https://openalex.org/W2166869734
https://openalex.org/W2035555128
https://openalex.org/W2037065104
https://openalex.org/W2050971636
https://openalex.org/W2160992205
https://openalex.org/W2118295130
https://openalex.org/W2517983047
https://openalex.org/W1990403179
https://openalex.org/W2005717050
https://openalex.org/W2116524276
https://openalex.org/W2482949626
https://openalex.org/W2057535570
https://openalex.org/W2160919674
https://openalex.org/W2039909237
https://openalex.org/W2004576103
https://openalex.org/W2004824087
https://openalex.org/W1967765906
https://openalex.org/W2795091627
https://openalex.org/W2023290622
https://openalex.org/W2077253878
https://openalex.org/W2606964031
https://openalex.org/W2074585550
https://openalex.org/W2000826257
https://openalex.org/W2149856095
https://openalex.org/W2312488225
https://openalex.org/W2341307315
https://openalex.org/W2607386741
https://openalex.org/W2758695957
https://openalex.org/W2767941811
https://openalex.org/W2145158935
https://openalex.org/W2793130244
https://openalex.org/W2073183201
https://openalex.org/W2135782683
https://openalex.org/W2306135377
https://openalex.org/W2563527024
https://openalex.org/W2022556169
https://openalex.org/W2755564243
https://openalex.org/W1999082012
https://openalex.org/W2005875035
https://openalex.org/W2591065823
https://openalex.org/W2024779152
https://openalex.org/W2082504604
https://openalex.org/W2999103578
https://openalex.org/W2009880267
https://openalex.org/W2887080968
https://openalex.org/W2620756730
https://openalex.org/W2744375716
https://openalex.org/W1975236766
https://openalex.org/W2027396623
https://openalex.org/W2800650932
https://openalex.org/W1979717659
https://openalex.org/W2579702369
https://openalex.org/W2984564882
https://openalex.org/W1520021447
https://openalex.org/W2079289585
https://openalex.org/W2786125552
https://openalex.org/W3005425777
https://openalex.org/W2773141414
https://openalex.org/W2801708157
https://openalex.org/W2937103106
https://openalex.org/W3046860732
https://openalex.org/W2767649008
https://openalex.org/W2512210047
https://openalex.org/W2980556682
https://openalex.org/W2921476316
https://openalex.org/W2913473386
https://openalex.org/W2970406322
https://openalex.org/W2941130566
https://openalex.org/W3012787562
https://openalex.org/W4224909680
https://openalex.org/W4303454025
https://openalex.org/W4379878475
https://openalex.org/W4313252608
https://openalex.org/W4322742005
https://openalex.org/W4225083961
https://openalex.org/W4376104686
https://openalex.org/W2066310899
https://openalex.org/W2021438419
https://openalex.org/W2011252910
https://openalex.org/W2040475452
https://openalex.org/W2051622581
https://openalex.org/W2063607526
https://openalex.org/W2060016390
https://openalex.org/W1978325223
https://openalex.org/W2018650416
https://openalex.org/W1767395572
https://openalex.org/W1534629774
https://openalex.org/W2119510464
https://openalex.org/W1515798545
https://openalex.org/W1834117453
https://openalex.org/W1997243880
https://openalex.org/W2116510872
https://openalex.org/W1970664643
https://openalex.org/W2091456991
https://openalex.org/W2135710141
https://openalex.org/W2042371226
https://openalex.org/W2007604309
https://openalex.org/W2028894983
https://openalex.org/W2122908488
https://openalex.org/W2079697301
https://openalex.org/W2100525799
https://openalex.org/W1485900506
https://openalex.org/W1994466742
https://openalex.org/W2056047771
https://openalex.org/W2058069863
https://openalex.org/W2013393635
https://openalex.org/W2023403690
https://openalex.org/W1966238619
https://openalex.org/W1970396762
https://openalex.org/W1997761130
https://openalex.org/W2106406948
https://openalex.org/W2036421152
https://openalex.org/W2134406462
https://openalex.org/W2030604766
https://openalex.org/W2041029785
https://openalex.org/W167456920
https://openalex.org/W2070967392
https://openalex.org/W1976444339
https://openalex.org/W2012918705
https://openalex.org/W1973233423
https://openalex.org/W1983187574
https://openalex.org/W2050392483
https://openalex.org/W2092943112
https://openalex.org/W2079763422
https://openalex.org/W2008394972
https://openalex.org/W2019642489
https://openalex.org/W2054068506
https://openalex.org/W2124121225
https://openalex.org/W2079732359
https://openalex.org/W1516203639
https://openalex.org/W2030766616
https://openalex.org/W2135202266
https://openalex.org/W2128382611
https://openalex.org/W2466363039
https://openalex.org/W2431501024
https://openalex.org/W2053257340
https://openalex.org/W2164220836
https://openalex.org/W2031777789
https://openalex.org/W2146676860
https://openalex.org/W2011776892
https://openalex.org/W2098773771
https://openalex.org/W2290257849
https://openalex.org/W2626826486
https://openalex.org/W2025646438
https://openalex.org/W2102757463
https://openalex.org/W2330419387
https://openalex.org/W2280664838
https://openalex.org/W2018506474
https://openalex.org/W2023878955
https://openalex.org/W2745990070
https://openalex.org/W2036819197
https://openalex.org/W2149492098
https://openalex.org/W4210771549
https://openalex.org/W2623015503
https://openalex.org/W2112823401
https://openalex.org/W2219468584
https://openalex.org/W2587800736
https://openalex.org/W2799786354
https://openalex.org/W2976646180
https://openalex.org/W3047383311
https://openalex.org/W2893171853
https://openalex.org/W2977628517
https://openalex.org/W3085930415
https://openalex.org/W3013513933
https://openalex.org/W3014243140
https://openalex.org/W3182968741
https://openalex.org/W4214563769
https://openalex.org/W4294339123
https://openalex.org/W3200961015
https://openalex.org/W4318214938
https://openalex.org/W4321792861
https://openalex.org/W4391582929
https://openalex.org/W4392623317
https://openalex.org/W2080953708
https://openalex.org/W1529549908
https://openalex.org/W1974241588
https://openalex.org/W2028713542
https://openalex.org/W2116435594
https://openalex.org/W1975388725
https://openalex.org/W2136886036
https://openalex.org/W1971345530
https://openalex.org/W1991409478
https://openalex.org/W2133303545
https://openalex.org/W2058791686
https://openalex.org/W2007770286
https://openalex.org/W1996460811
https://openalex.org/W2011072311
https://openalex.org/W2080172263
https://openalex.org/W1797937433
https://openalex.org/W2029999714
https://openalex.org/W2002993299
https://openalex.org/W2056597222
https://openalex.org/W1981752192
https://openalex.org/W2417827753
https://openalex.org/W2066052459
https://openalex.org/W2158314747
https://openalex.org/W2012038221
https://openalex.org/W2086841333
https://openalex.org/W2108282128
https://openalex.org/W2165039155
https://openalex.org/W1571997650
https://openalex.org/W2020941413
https://openalex.org/W1492693889
https://openalex.org/W2089988180
https://openalex.org/W2048585831
https://openalex.org/W2093654321
https://openalex.org/W2054740812
https://openalex.org/W2008458912
https://openalex.org/W2132286571
https://openalex.org/W1981082401
https://openalex.org/W1989752564
https://openalex.org/W1993832063
https://openalex.org/W2029935519
https://openalex.org/W1991244300
https://openalex.org/W2094887764
https://openalex.org/W2007413670
https://openalex.org/W2013223817
https://openalex.org/W2018436199
https://openalex.org/W2127596973
https://openalex.org/W2005664616
https://openalex.org/W1623748295
https://openalex.org/W1562821701
https://openalex.org/W1965061107
https://openalex.org/W1966349197
https://openalex.org/W2069194455
https://openalex.org/W1964294392
https://openalex.org/W2083537179
https://openalex.org/W1983250142
https://openalex.org/W2066496681
https://openalex.org/W2112216060
https://openalex.org/W1702319215
https://openalex.org/W2006821655
https://openalex.org/W1992844392
https://openalex.org/W1813756297
https://openalex.org/W2024172017
https://openalex.org/W2102456349
https://openalex.org/W2199026947
https://openalex.org/W2076377437
https://openalex.org/W2333407465
https://openalex.org/W1912126448
https://openalex.org/W1988829530
https://openalex.org/W2247430603
https://openalex.org/W1571957666
https://openalex.org/W2037197174
https://openalex.org/W2068771581
https://openalex.org/W2470584193
https://openalex.org/W2046579689
https://openalex.org/W2061301384
https://openalex.org/W2044606113
https://openalex.org/W2056193438
https://openalex.org/W2166201309
https://openalex.org/W2043060175
https://openalex.org/W2160051168
https://openalex.org/W2793123583
https://openalex.org/W2001380653
https://openalex.org/W2743967048
https://openalex.org/W4312964893
https://openalex.org/W2340917840
https://openalex.org/W748729939
https://openalex.org/W2789288275
https://openalex.org/W2336097093
https://openalex.org/W2516186667
https://openalex.org/W2901288751
https://openalex.org/W2948101563
https://openalex.org/W2987415157
https://openalex.org/W2950671252
https://openalex.org/W3016961785
https://openalex.org/W2990304738
https://openalex.org/W3020973073
https://openalex.org/W3035890191
https://openalex.org/W3123064445
https://openalex.org/W4309338928
https://openalex.org/W4388471879
https://openalex.org/W2284632021
https://openalex.org/W1577453618
https://openalex.org/W1966654345
https://openalex.org/W2014084586
https://openalex.org/W2030172589
https://openalex.org/W2038510021
https://openalex.org/W2143392484
https://openalex.org/W2081840485
https://openalex.org/W27760322
https://openalex.org/W1588618357
https://openalex.org/W1608227749
https://openalex.org/W4293637937
https://openalex.org/W2023183409
https://openalex.org/W2009608813
https://openalex.org/W2013052817
https://openalex.org/W2176938703
https://openalex.org/W2086827064
https://openalex.org/W2057818249
https://openalex.org/W2073059222
https://openalex.org/W4293643585
https://openalex.org/W4353093084
https://openalex.org/W2068566347
https://openalex.org/W2138331822
https://openalex.org/W2167938236
https://openalex.org/W2241269260
https://openalex.org/W2103187347
https://openalex.org/W2036196992
https://openalex.org/W2067820449
https://openalex.org/W2069463599
https://openalex.org/W2138097460
https://openalex.org/W1978127517
https://openalex.org/W2015757274
https://openalex.org/W2018000139
https://openalex.org/W2027270773
https://openalex.org/W2044720218
https://openalex.org/W1965449862
https://openalex.org/W2153382245
https://openalex.org/W1986454901
https://openalex.org/W2102014936
https://openalex.org/W2134507238
https://openalex.org/W2148787158
https://openalex.org/W1999134076
https://openalex.org/W2006666012
https://openalex.org/W2050901402
https://openalex.org/W2080909003
https://openalex.org/W2147502608
https://openalex.org/W2047595594
https://openalex.org/W1973588033
https://openalex.org/W1996362997
https://openalex.org/W2022083093
https://openalex.org/W2107795575
https://openalex.org/W4298195922
https://openalex.org/W1982336858
https://openalex.org/W1995809433
https://openalex.org/W2006178782
https://openalex.org/W2021781583
https://openalex.org/W2104812029
https://openalex.org/W2041401120
https://openalex.org/W1987346781
https://openalex.org/W2069250201
https://openalex.org/W2098583420
https://openalex.org/W2163685289
https://openalex.org/W2316569047
https://openalex.org/W2054076666
https://openalex.org/W1987776015
https://openalex.org/W1992054843
https://openalex.org/W1998940336
https://openalex.org/W2049527022
https://openalex.org/W1963789858
https://openalex.org/W312878716
https://openalex.org/W2442908007
https://openalex.org/W2064950011
https://openalex.org/W2619162616
https://openalex.org/W2280894400
https://openalex.org/W2801157637
https://openalex.org/W1525456185
https://openalex.org/W2331975783
https://openalex.org/W2603156488
https://openalex.org/W2886477252
https://openalex.org/W2967245871
https://openalex.org/W1826349935
https://openalex.org/W2753870635
https://openalex.org/W2926484526
https://openalex.org/W2887235151
https://openalex.org/W2899009570
https://openalex.org/W2973069118
https://openalex.org/W2954063256
https://openalex.org/W2902816687
https://openalex.org/W3047821075
https://openalex.org/W2944916349
https://openalex.org/W3000990449
https://openalex.org/W3038336355
https://openalex.org/W3005932403
https://openalex.org/W3007031421
https://openalex.org/W3032991184
https://openalex.org/W2026439266
https://openalex.org/W2997501144
https://openalex.org/W3004479054
https://openalex.org/W3136747067
https://openalex.org/W3167314581
https://openalex.org/W3163202503
https://openalex.org/W3179613446
https://openalex.org/W3182394555
https://openalex.org/W3211183605
https://openalex.org/W4282934512
https://openalex.org/W4308592106
https://openalex.org/W4318754875
https://openalex.org/W4380488544
https://openalex.org/W4386187833
https://openalex.org/W4386374819
https://openalex.org/W80419461
https://openalex.org/W2007066718
https://openalex.org/W2043456862
https://openalex.org/W2079449259
https://openalex.org/W2191101931
https://openalex.org/W1559157799
https://openalex.org/W2073703920
https://openalex.org/W1975708660
https://openalex.org/W2009570194
https://openalex.org/W2054289287
https://openalex.org/W2330923356
https://openalex.org/W1998535750
https://openalex.org/W2093993796
https://openalex.org/W1976086145
https://openalex.org/W1984113326
https://openalex.org/W2032614395
https://openalex.org/W2143833093
https://openalex.org/W2026785985
https://openalex.org/W1986681841
https://openalex.org/W1965521085
https://openalex.org/W1989788910
https://openalex.org/W2037248270
https://openalex.org/W2046020893
https://openalex.org/W2108562020
https://openalex.org/W1763165575
https://openalex.org/W1977095362
https://openalex.org/W1991694489
https://openalex.org/W2097371649
https://openalex.org/W1981251690
https://openalex.org/W1989354612
https://openalex.org/W2013623558
https://openalex.org/W2037881311
https://openalex.org/W2060382360
https://openalex.org/W2127967616
https://openalex.org/W1981818827
https://openalex.org/W2032490947
https://openalex.org/W2137675682
https://openalex.org/W2944407690
https://openalex.org/W1971931831
https://openalex.org/W2075852778
https://openalex.org/W1492402815
https://openalex.org/W1524508279
https://openalex.org/W2083748340
https://openalex.org/W2091099123
https://openalex.org/W2117216502
https://openalex.org/W1996994524
https://openalex.org/W2099901105
https://openalex.org/W2070981527
https://openalex.org/W1969962248
https://openalex.org/W2114726349
https://openalex.org/W1977168525
https://openalex.org/W2142338931
https://openalex.org/W1517982259
https://openalex.org/W2004482801
https://openalex.org/W2107558285
https://openalex.org/W2116799869
https://openalex.org/W2090955682
https://openalex.org/W2111507097
https://openalex.org/W1964205491
https://openalex.org/W2003938371
https://openalex.org/W1554016214
https://openalex.org/W2058959579
https://openalex.org/W2034774705
https://openalex.org/W2343537774
https://openalex.org/W2603920752
https://openalex.org/W2614826817
https://openalex.org/W2741248765
https://openalex.org/W2781962219
https://openalex.org/W2789828541
https://openalex.org/W2541780119
https://openalex.org/W2826435766
https://openalex.org/W2275382940
https://openalex.org/W2463411321
https://openalex.org/W2790550266
https://openalex.org/W2963446769
https://openalex.org/W2967241373
https://openalex.org/W2462528408
https://openalex.org/W2794911441
https://openalex.org/W2913889870
https://openalex.org/W2972417974
https://openalex.org/W2916844060
https://openalex.org/W3023561455
https://openalex.org/W3016350255
https://openalex.org/W3032188633
https://openalex.org/W3042928148
https://openalex.org/W3160573528
https://openalex.org/W3208953785
https://openalex.org/W2274260394
https://openalex.org/W2013319209
https://openalex.org/W2071148656
https://openalex.org/W1998199491
https://openalex.org/W2008816882
https://openalex.org/W2060338608
https://openalex.org/W2068908017
https://openalex.org/W2092169277
https://openalex.org/W2150125022
https://openalex.org/W1990151497
https://openalex.org/W2023884230
https://openalex.org/W2027382399
https://openalex.org/W2409343750
https://openalex.org/W2016218374
https://openalex.org/W2074272985
https://openalex.org/W1965137897
https://openalex.org/W2086669245
https://openalex.org/W2107280672
https://openalex.org/W2111996386
https://openalex.org/W1674585484
https://openalex.org/W2073532959
https://openalex.org/W4252225602
https://openalex.org/W1977420620
https://openalex.org/W2017597796
https://openalex.org/W2068965250
https://openalex.org/W2075197880
https://openalex.org/W2084737192
https://openalex.org/W2116053309
https://openalex.org/W1588206639
https://openalex.org/W1609480342
https://openalex.org/W1966172774
https://openalex.org/W2006235943
https://openalex.org/W2051783931
https://openalex.org/W2118758501
https://openalex.org/W2122271571
https://openalex.org/W2321519102
https://openalex.org/W2043873785
https://openalex.org/W1983489391
https://openalex.org/W2020785328
https://openalex.org/W2049630232
https://openalex.org/W2162965370
https://openalex.org/W1998283464
https://openalex.org/W2044490119
https://openalex.org/W2010191315
https://openalex.org/W2128201509
https://openalex.org/W1973583628
https://openalex.org/W2030675595
https://openalex.org/W2093565685
https://openalex.org/W2172781173
https://openalex.org/W2412754730
https://openalex.org/W2413727663
https://openalex.org/W2050051747
https://openalex.org/W2127458423
https://openalex.org/W1973454986
https://openalex.org/W1986287138
https://openalex.org/W2002039342
https://openalex.org/W1990551154
https://openalex.org/W2097501223
https://openalex.org/W2139950567
https://openalex.org/W1991380682
https://openalex.org/W2001115512
https://openalex.org/W2031651920
https://openalex.org/W2169004849
https://openalex.org/W2160280429
https://openalex.org/W2280941147
https://openalex.org/W1867255829
https://openalex.org/W2037521262
https://openalex.org/W2120975654
https://openalex.org/W2165626419
https://openalex.org/W2123592345
https://openalex.org/W2312580205
https://openalex.org/W2791932499
https://openalex.org/W2472834860
https://openalex.org/W2892345681
https://openalex.org/W2900329802
https://openalex.org/W2936272795
https://openalex.org/W2949315228
https://openalex.org/W2897028558
https://openalex.org/W2887810620
https://openalex.org/W2947131253
https://openalex.org/W2945645315
https://openalex.org/W3115582909
https://openalex.org/W1982338290
https://openalex.org/W3121265091
https://openalex.org/W3123612481
https://openalex.org/W3129056402
https://openalex.org/W3164562535
https://openalex.org/W2138479663
https://openalex.org/W4286213825
https://openalex.org/W4210537079
https://openalex.org/W4367623817
https://openalex.org/W1520532440
https://openalex.org/W2080697998
https://openalex.org/W1999558192
https://openalex.org/W2056768891
https://openalex.org/W2004005752
https://openalex.org/W2067095284
https://openalex.org/W1992681212
https://openalex.org/W2050033967
https://openalex.org/W2053525256
https://openalex.org/W1546428176
https://openalex.org/W1974306482
https://openalex.org/W2048929825
https://openalex.org/W2068242564
https://openalex.org/W1971138485
https://openalex.org/W2093703125
https://openalex.org/W1512863591
https://openalex.org/W2026972156
https://openalex.org/W2073224076
https://openalex.org/W2091254383
https://openalex.org/W1978111126
https://openalex.org/W2006196635
https://openalex.org/W2015722751
https://openalex.org/W2071828273
https://openalex.org/W2086618750
https://openalex.org/W4293579736
https://openalex.org/W2006803692
https://openalex.org/W2038153115
https://openalex.org/W2130510847
https://openalex.org/W52010557
https://openalex.org/W1987404669
https://openalex.org/W2034489269
https://openalex.org/W2041755889
https://openalex.org/W2052781766
https://openalex.org/W2042453821
https://openalex.org/W2254371695
https://openalex.org/W4293643493
https://openalex.org/W1600476281
https://openalex.org/W1988535157
https://openalex.org/W2024644964
https://openalex.org/W2058199669
https://openalex.org/W2079364841
https://openalex.org/W2066990175
https://openalex.org/W1971258833
https://openalex.org/W2050483597
https://openalex.org/W2147798277
https://openalex.org/W1986180278
https://openalex.org/W2405339261
https://openalex.org/W2076501963
https://openalex.org/W2043344634
https://openalex.org/W2072712029
https://openalex.org/W2149537735
https://openalex.org/W2021032522
https://openalex.org/W2134560273
https://openalex.org/W1511843186
https://openalex.org/W1631287244
https://openalex.org/W2051374335
https://openalex.org/W2088658023
https://openalex.org/W2088984770
https://openalex.org/W2184485832
https://openalex.org/W2571259047
https://openalex.org/W2657398713
https://openalex.org/W2743884638
https://openalex.org/W2770461485
https://openalex.org/W4239597836
https://openalex.org/W2606562274
https://openalex.org/W2769619662
https://openalex.org/W2792646473
https://openalex.org/W2267480061
https://openalex.org/W2565064962
https://openalex.org/W2598335022
https://openalex.org/W2561204019
https://openalex.org/W2802568925
https://openalex.org/W2908737404
https://openalex.org/W2920963810
https://openalex.org/W2949646320
https://openalex.org/W2920937062
https://openalex.org/W3008089546
https://openalex.org/W3032229696
https://openalex.org/W3093043209
https://openalex.org/W3127305206
https://openalex.org/W3156290283
https://openalex.org/W3186150863
https://openalex.org/W3188928857
https://openalex.org/W2801342060
https://openalex.org/W4205975804
https://openalex.org/W4212892701
https://openalex.org/W4289131856
https://openalex.org/W4312018170
https://openalex.org/W4390663943
https://openalex.org/W4390717543
https://openalex.org/W4390948843
https://openalex.org/W4391296687
https://openalex.org/W4391515670
https://openalex.org/W4391582403
https://openalex.org/W4391889963
https://openalex.org/W4391906080
https://openalex.org/W4392131700
https://openalex.org/W4392518776
https://openalex.org/W4392627155
https://openalex.org/W4392748827
https://openalex.org/W4392806074
https://openalex.org/W4393055816
https://openalex.org/W4394674667
https://openalex.org/W4394679385
https://openalex.org/W4394758180
https://openalex.org/W4394915330
https://openalex.org/W4394990989
https://openalex.org/W4395051606
https://openalex.org/W4395066028
https://openalex.org/W4395081369
https://openalex.org/W4395085252
https://openalex.org/W4395697210
https://openalex.org/W4395704473
https://openalex.org/W4396546631
https://openalex.org/W1980184690
https://openalex.org/W4313331913
https://openalex.org/W1974627699
https://openalex.org/W1978846898
https://openalex.org/W2200494874
https://openalex.org/W133146910
https://openalex.org/W1978316761
https://openalex.org/W2029246932
https://openalex.org/W2069453308
https://openalex.org/W2091263537
https://openalex.org/W4293570394
https://openalex.org/W2067522041
https://openalex.org/W2073763228
https://openalex.org/W2159147521
https://openalex.org/W2093980106
https://openalex.org/W2119278901
https://openalex.org/W2317191755
https://openalex.org/W1966443854
https://openalex.org/W2033600001
https://openalex.org/W2093474466
https://openalex.org/W1967324509
https://openalex.org/W2005197428
https://openalex.org/W2045854219
https://openalex.org/W1523171941
https://openalex.org/W1989213796
https://openalex.org/W2017481569
https://openalex.org/W2065239288
https://openalex.org/W2116686246
https://openalex.org/W1971676889
https://openalex.org/W2022548702
https://openalex.org/W2094636179
https://openalex.org/W2105430915
https://openalex.org/W1972240867
https://openalex.org/W2056805629
https://openalex.org/W2084749431
https://openalex.org/W2093747261
https://openalex.org/W2124326380
https://openalex.org/W2144269351
https://openalex.org/W1964706910
https://openalex.org/W2123118489
https://openalex.org/W4300925041
https://openalex.org/W2107254189
https://openalex.org/W2087662908
https://openalex.org/W1523117979
https://openalex.org/W2095204528
https://openalex.org/W2163984160
https://openalex.org/W1496296841
https://openalex.org/W1972857974
https://openalex.org/W1975222865
https://openalex.org/W2130035540
https://openalex.org/W1541175171
https://openalex.org/W1563504345
https://openalex.org/W1956912144
https://openalex.org/W1989566417
https://openalex.org/W2092103925
https://openalex.org/W1996243061
https://openalex.org/W2063620445
https://openalex.org/W2002865119
https://openalex.org/W2029488441
https://openalex.org/W2070379007
https://openalex.org/W2156283301
https://openalex.org/W1534808289
https://openalex.org/W2139681288
https://openalex.org/W2568077529
https://openalex.org/W2762516588
https://openalex.org/W2888723784
https://openalex.org/W2021593664
https://openalex.org/W2809302218
https://openalex.org/W1203980015
https://openalex.org/W1230080156
https://openalex.org/W2561112078
https://openalex.org/W2789717570
https://openalex.org/W2899298101
https://openalex.org/W2904611402
https://openalex.org/W2950595489
https://openalex.org/W2334320342
https://openalex.org/W2915310406
https://openalex.org/W2970936616
https://openalex.org/W2944148978
https://openalex.org/W3030725247
https://openalex.org/W3101128325
https://openalex.org/W3118766144
https://openalex.org/W3121189349
https://openalex.org/W3125162342
https://openalex.org/W4200433935
https://openalex.org/W4225091439
https://openalex.org/W4313420479
https://openalex.org/W4323031146
https://openalex.org/W4353071711
https://openalex.org/W4364355446
https://openalex.org/W4367319595
https://openalex.org/W4378190823
https://openalex.org/W4381189737
https://openalex.org/W4385620646
https://openalex.org/W4386467533
https://openalex.org/W4386945257
https://openalex.org/W2000459835
https://openalex.org/W1985908581
https://openalex.org/W2033135238
https://openalex.org/W2042828709
https://openalex.org/W2078017634
https://openalex.org/W2261044925
https://openalex.org/W1986576145
https://openalex.org/W1986879367
https://openalex.org/W2037781299
https://openalex.org/W2043581483
https://openalex.org/W2089211131
https://openalex.org/W1972914784
https://openalex.org/W1998506301
https://openalex.org/W2033684229
https://openalex.org/W2067998610
https://openalex.org/W2075618523
https://openalex.org/W46804606
https://openalex.org/W2026083814
https://openalex.org/W2041816836
https://openalex.org/W2056790276
https://openalex.org/W2076984166
https://openalex.org/W2007461840
https://openalex.org/W2077257870
https://openalex.org/W2089809297
https://openalex.org/W2257723217
https://openalex.org/W4293582737
https://openalex.org/W1496926654
https://openalex.org/W1713818850
https://openalex.org/W2142198317
https://openalex.org/W1983354885
https://openalex.org/W2018950196
https://openalex.org/W2043112344
https://openalex.org/W2080517844
https://openalex.org/W2171385150
https://openalex.org/W2033599089
https://openalex.org/W2054321414
https://openalex.org/W2075211827
https://openalex.org/W1501052785
https://openalex.org/W2035489391
https://openalex.org/W2046210916
https://openalex.org/W2054220867
https://openalex.org/W1212351288
https://openalex.org/W1487644426
https://openalex.org/W2037582346
https://openalex.org/W2168298458
https://openalex.org/W1999546088
https://openalex.org/W2023057518
https://openalex.org/W1984994854
https://openalex.org/W2072636618
https://openalex.org/W53810441
https://openalex.org/W1999933191
https://openalex.org/W2005217906
https://openalex.org/W2018057240
https://openalex.org/W2039444176
https://openalex.org/W2060358202
https://openalex.org/W2026448073
https://openalex.org/W2182637249
https://openalex.org/W2011095162
https://openalex.org/W2126311701
https://openalex.org/W2206105784
https://openalex.org/W1990117496
https://openalex.org/W2103356623
https://openalex.org/W2141971205
https://openalex.org/W2170056023
https://openalex.org/W2064646996
https://openalex.org/W2110266169
https://openalex.org/W2135202003
https://openalex.org/W2053352618
https://openalex.org/W2057483239
https://openalex.org/W2063870882
https://openalex.org/W2145290100
https://openalex.org/W2885653285
https://openalex.org/W1935625181
https://openalex.org/W2055526572
https://openalex.org/W2116761913
https://openalex.org/W2139068700
https://openalex.org/W2598934650
https://openalex.org/W2604278425
https://openalex.org/W2606679493
https://openalex.org/W2754961672
https://openalex.org/W4249573695
https://openalex.org/W1978218917
https://openalex.org/W2085744291
https://openalex.org/W2273516800
https://openalex.org/W2725775832
https://openalex.org/W2766326437
https://openalex.org/W2791948807
https://openalex.org/W2008236440
https://openalex.org/W2430245281
https://openalex.org/W2551237298
https://openalex.org/W2902807538
https://openalex.org/W2910362307
https://openalex.org/W2997472690
https://openalex.org/W3091410391
https://openalex.org/W3124276390
https://openalex.org/W3147428898
https://openalex.org/W3175193917
https://openalex.org/W3198887911
https://openalex.org/W2067200666
https://openalex.org/W2006483052
https://openalex.org/W2034750041
https://openalex.org/W2037376453
https://openalex.org/W2089149094
https://openalex.org/W2094232824
https://openalex.org/W2011664960
https://openalex.org/W2028901339
https://openalex.org/W2030322413
https://openalex.org/W2070025133
https://openalex.org/W2094266037
https://openalex.org/W1901161331
https://openalex.org/W1979193389
https://openalex.org/W2040262215
https://openalex.org/W2062332865
https://openalex.org/W2232668032
https://openalex.org/W2072093069
https://openalex.org/W2166363996
https://openalex.org/W2029502278
https://openalex.org/W1970835788
https://openalex.org/W1972248539
https://openalex.org/W2024421603
https://openalex.org/W2025365469
https://openalex.org/W2036057880
https://openalex.org/W2048695723
https://openalex.org/W2074727691
https://openalex.org/W1790876666
https://openalex.org/W2080783752
https://openalex.org/W2099209192
https://openalex.org/W1973607580
https://openalex.org/W1998967196
https://openalex.org/W2000806424
https://openalex.org/W2028043953
https://openalex.org/W2013362239
https://openalex.org/W2093860684
https://openalex.org/W2505036270
https://openalex.org/W1998726320
https://openalex.org/W2088188328
https://openalex.org/W2043176161
https://openalex.org/W2053796929
https://openalex.org/W2077404219
https://openalex.org/W2095183199
https://openalex.org/W2410039601
https://openalex.org/W2033166290
https://openalex.org/W2332402639
https://openalex.org/W1978305447
https://openalex.org/W2147459335
https://openalex.org/W2239839633
https://openalex.org/W2331435405
https://openalex.org/W2734595742
https://openalex.org/W2744493458
https://openalex.org/W2782468656
https://openalex.org/W2789351318
https://openalex.org/W2900283444
https://openalex.org/W2000057300
https://openalex.org/W2509462198
https://openalex.org/W2580200877
https://openalex.org/W2768088258
https://openalex.org/W2777748424
https://openalex.org/W2947462002
https://openalex.org/W2948105686
https://openalex.org/W2948230216
https://openalex.org/W2978147368
https://openalex.org/W2963450357
https://openalex.org/W2981599635
https://openalex.org/W3013369334
https://openalex.org/W3022527107
https://openalex.org/W3024358047
https://openalex.org/W3111202673
https://openalex.org/W4205650401
https://openalex.org/W4206242584
https://openalex.org/W4220669143
https://openalex.org/W4220989979
https://openalex.org/W4225134142
https://openalex.org/W4225299253
https://openalex.org/W4296104397
https://openalex.org/W4309350362
https://openalex.org/W4312124832
https://openalex.org/W2178242350
https://openalex.org/W170397583
https://openalex.org/W2081616732
https://openalex.org/W337500165
https://openalex.org/W2010032785
https://openalex.org/W2065763048
https://openalex.org/W4300230311
https://openalex.org/W1965578455
https://openalex.org/W1967137489
https://openalex.org/W2024841108
https://openalex.org/W2034104116
https://openalex.org/W2057737892
https://openalex.org/W2061137185
https://openalex.org/W2061581853
https://openalex.org/W1966135456
https://openalex.org/W1995193911
https://openalex.org/W2073488881
https://openalex.org/W2078271192
https://openalex.org/W2100878045
https://openalex.org/W2089346680
https://openalex.org/W1996540971
https://openalex.org/W2019940841
https://openalex.org/W2032382790
https://openalex.org/W2037173269
https://openalex.org/W2053443180
https://openalex.org/W2073276286
https://openalex.org/W1996572206
https://openalex.org/W2007470691
https://openalex.org/W2013360592
https://openalex.org/W2017011122
https://openalex.org/W2038333227
https://openalex.org/W2058816259
https://openalex.org/W2075047316
https://openalex.org/W2077355116
https://openalex.org/W2038153157
https://openalex.org/W2051778654
https://openalex.org/W2143916515
https://openalex.org/W1970783021
https://openalex.org/W1979802464
https://openalex.org/W2054206020
https://openalex.org/W2063958144
https://openalex.org/W2072967851
https://openalex.org/W2148068642
https://openalex.org/W1613908604
https://openalex.org/W2337849869
https://openalex.org/W171653756
https://openalex.org/W1981817727
https://openalex.org/W2606081507
https://openalex.org/W2342612316
https://openalex.org/W1965034103
https://openalex.org/W1973459219
https://openalex.org/W2006538125
https://openalex.org/W2009897992
https://openalex.org/W2017511492
https://openalex.org/W2059435350
https://openalex.org/W2158674188
https://openalex.org/W1534809234
https://openalex.org/W1648274532
https://openalex.org/W2026935154
https://openalex.org/W2045788196
https://openalex.org/W2052505729
https://openalex.org/W2067130990
https://openalex.org/W2334805079
https://openalex.org/W2625830952
https://openalex.org/W2758654302
https://openalex.org/W2869161332
https://openalex.org/W4256098116
https://openalex.org/W1941607507
https://openalex.org/W2090234022
https://openalex.org/W2504975721
https://openalex.org/W2611627387
https://openalex.org/W2765509558
https://openalex.org/W2797783276
https://openalex.org/W2804584103
https://openalex.org/W2889795652
https://openalex.org/W2895673320
https://openalex.org/W3101242398
https://openalex.org/W3012203074
https://openalex.org/W3049226082
https://openalex.org/W3005492024
https://openalex.org/W3032979269
https://openalex.org/W3033099656
https://openalex.org/W3036983619
https://openalex.org/W3093431730
https://openalex.org/W3093962530
https://openalex.org/W3007839765
https://openalex.org/W3092129596
https://openalex.org/W3133523698
https://openalex.org/W3167526952
https://openalex.org/W3168340619
https://openalex.org/W3192050474
https://openalex.org/W3217557927
https://openalex.org/W4379600444
https://openalex.org/W2008578417
https://openalex.org/W2094864477
https://openalex.org/W1988057122
https://openalex.org/W2006085732
https://openalex.org/W2053944056
https://openalex.org/W2056318519
https://openalex.org/W2064435039
https://openalex.org/W50610185
https://openalex.org/W1971280135
https://openalex.org/W1989185250
https://openalex.org/W2029091918
https://openalex.org/W2070342845
https://openalex.org/W2156306100
https://openalex.org/W19115596
https://openalex.org/W1983682617
https://openalex.org/W2012074054
https://openalex.org/W2021601860
https://openalex.org/W2042889718
https://openalex.org/W2061295401
https://openalex.org/W2104782883
https://openalex.org/W4302146528
https://openalex.org/W1980692950
https://openalex.org/W1986639508
https://openalex.org/W2020325740
https://openalex.org/W2072851322
https://openalex.org/W2341625858
https://openalex.org/W2012889011
https://openalex.org/W2045948031
https://openalex.org/W2051792548
https://openalex.org/W1983907188
https://openalex.org/W2008060488
https://openalex.org/W2022718931
https://openalex.org/W2035401892
https://openalex.org/W2048144932
https://openalex.org/W4311202784
https://openalex.org/W1757201229
https://openalex.org/W1978012205
https://openalex.org/W2003617503
https://openalex.org/W2020848961
https://openalex.org/W2041549100
https://openalex.org/W2463606123
https://openalex.org/W88883664
https://openalex.org/W1987003131
https://openalex.org/W188480948
https://openalex.org/W2017634443
https://openalex.org/W2040538146
https://openalex.org/W2512145049
https://openalex.org/W1992260398
https://openalex.org/W2058323581
https://openalex.org/W2055675316
https://openalex.org/W2080913714
https://openalex.org/W2166243944
https://openalex.org/W1997854971
https://openalex.org/W2040467344
https://openalex.org/W2072493455
https://openalex.org/W2091302791
https://openalex.org/W2336023095
https://openalex.org/W1774201090
https://openalex.org/W2020875871
https://openalex.org/W2086468707
https://openalex.org/W2052921390
https://openalex.org/W2586732833
https://openalex.org/W2621702630
https://openalex.org/W2753266384
https://openalex.org/W2800106116
https://openalex.org/W2897996720
https://openalex.org/W2913559272
https://openalex.org/W2966420053
https://openalex.org/W620939747
https://openalex.org/W787342000
https://openalex.org/W1982993387
https://openalex.org/W2020907778
https://openalex.org/W2091978398
https://openalex.org/W2232913885
https://openalex.org/W2290066876
https://openalex.org/W2921278938
https://openalex.org/W3004895521
https://openalex.org/W3015142260
https://openalex.org/W3023877629
https://openalex.org/W3100955971
https://openalex.org/W3196527221
https://openalex.org/W3204666460
https://openalex.org/W4211253104
https://openalex.org/W3212563011
https://openalex.org/W4220717330
https://openalex.org/W4221133199
https://openalex.org/W4281567095
https://openalex.org/W4287313051
https://openalex.org/W4296741020
https://openalex.org/W4317213526
https://openalex.org/W4361287566
https://openalex.org/W4378907723
https://openalex.org/W4380880023
https://openalex.org/W4382011610
https://openalex.org/W4383988968
https://openalex.org/W4384694232
https://openalex.org/W4385336866
https://openalex.org/W4385420907
https://openalex.org/W4386510668
https://openalex.org/W4387527781
https://openalex.org/W1978633525
https://openalex.org/W4309702213
https://openalex.org/W57819909
https://openalex.org/W1971407138
https://openalex.org/W2027612361
https://openalex.org/W2031458217
https://openalex.org/W2055205659
https://openalex.org/W2105796595
https://openalex.org/W2238305681
https://openalex.org/W4297847928
https://openalex.org/W1973611974
https://openalex.org/W1982614918
https://openalex.org/W1987030556
https://openalex.org/W1992909383
https://openalex.org/W2012006787
https://openalex.org/W2021541982
https://openalex.org/W2104437474
https://openalex.org/W4293637888
https://openalex.org/W1983212312
https://openalex.org/W2018042556
https://openalex.org/W2046277216
https://openalex.org/W2069647607
https://openalex.org/W2170733398
https://openalex.org/W2006207272
https://openalex.org/W2028955729
https://openalex.org/W1984534359
https://openalex.org/W2075094987
https://openalex.org/W2077063158
https://openalex.org/W2082490987
https://openalex.org/W4311484474
https://openalex.org/W2051530468
https://openalex.org/W2067369416
https://openalex.org/W2154151954
https://openalex.org/W2399470843
https://openalex.org/W1968149557
https://openalex.org/W2051262957
https://openalex.org/W2069358491
https://openalex.org/W3161284825
https://openalex.org/W135646473
https://openalex.org/W2074592183
https://openalex.org/W2075106990
https://openalex.org/W2332392939
https://openalex.org/W2606750849
https://openalex.org/W2031681364
https://openalex.org/W2126505448
https://openalex.org/W2431765409
https://openalex.org/W2464625161
https://openalex.org/W2051800265
https://openalex.org/W2052478722
https://openalex.org/W2030213623
https://openalex.org/W1988980270
https://openalex.org/W2005024556
https://openalex.org/W2031941469
https://openalex.org/W2066355449
https://openalex.org/W2069396881
https://openalex.org/W2134777822
https://openalex.org/W2165341573
https://openalex.org/W2765596741
https://openalex.org/W2769976974
https://openalex.org/W2809534916
https://openalex.org/W2892788160
https://openalex.org/W1555143391
https://openalex.org/W1993609547
https://openalex.org/W2045222801
https://openalex.org/W2078446586
https://openalex.org/W2100502043
https://openalex.org/W2329200165
https://openalex.org/W2359834712
https://openalex.org/W2761872398
https://openalex.org/W2969985024
https://openalex.org/W2987868013
https://openalex.org/W2037021563
https://openalex.org/W2077937542
https://openalex.org/W2108052256
https://openalex.org/W2112931631
https://openalex.org/W2171813750
https://openalex.org/W16928200
https://openalex.org/W2066961139
https://openalex.org/W2086417199
https://openalex.org/W2317909612
https://openalex.org/W1968749867
https://openalex.org/W2029375503
https://openalex.org/W2097953955
https://openalex.org/W2141282741
https://openalex.org/W1999609928
https://openalex.org/W2055428596
https://openalex.org/W2058278351
https://openalex.org/W2075424821
https://openalex.org/W1979437715
https://openalex.org/W2038581436
https://openalex.org/W2047077940
https://openalex.org/W2070536694
https://openalex.org/W2153809269
https://openalex.org/W2216525666
https://openalex.org/W1965889652
https://openalex.org/W1993035809
https://openalex.org/W1973066962
https://openalex.org/W2058562923
https://openalex.org/W2084624043
https://openalex.org/W46782136
https://openalex.org/W1998762441
https://openalex.org/W1967571743
https://openalex.org/W1543530742
https://openalex.org/W2770009002
https://openalex.org/W2791110210
https://openalex.org/W2898056258
https://openalex.org/W2037622927
https://openalex.org/W2037916708
https://openalex.org/W2046184292
https://openalex.org/W2115986160
https://openalex.org/W2177103053
https://openalex.org/W2326630143
https://openalex.org/W2414172136
https://openalex.org/W2621760555
https://openalex.org/W2775193431
https://openalex.org/W2994802556
https://openalex.org/W3044159614
https://openalex.org/W3045750561
https://openalex.org/W3048917880
https://openalex.org/W3081341174
https://openalex.org/W3085573141
https://openalex.org/W2276603330
https://openalex.org/W3164741811
https://openalex.org/W4200553182
https://openalex.org/W1605877119
https://openalex.org/W196243592
https://openalex.org/W1985035056
https://openalex.org/W2030548407
https://openalex.org/W2046965221
https://openalex.org/W12950554
https://openalex.org/W1996045145
https://openalex.org/W2010000616
https://openalex.org/W2030194062
https://openalex.org/W2061968777
https://openalex.org/W2095121590
https://openalex.org/W2095569583
https://openalex.org/W2129723138
https://openalex.org/W2161135700
https://openalex.org/W4300774050
https://openalex.org/W1942899540
https://openalex.org/W2059831221
https://openalex.org/W2104813309
https://openalex.org/W4248968780
https://openalex.org/W4293589217
https://openalex.org/W4294656089
https://openalex.org/W1963522894
https://openalex.org/W2007023525
https://openalex.org/W2047818969
https://openalex.org/W2059292505
https://openalex.org/W2067516116
https://openalex.org/W2079908972
https://openalex.org/W2116302744
https://openalex.org/W67815828
https://openalex.org/W1970732226
https://openalex.org/W2005167681
https://openalex.org/W2038665741
https://openalex.org/W2058392338
https://openalex.org/W2103877899
https://openalex.org/W2123511387
https://openalex.org/W2077907197
https://openalex.org/W2132426879
https://openalex.org/W2163229010
https://openalex.org/W2405062218
https://openalex.org/W1942876927
https://openalex.org/W2030867530
https://openalex.org/W2978809217
https://openalex.org/W2049692354
https://openalex.org/W1975308276
https://openalex.org/W2007334738
https://openalex.org/W2087073608
https://openalex.org/W2088165476
https://openalex.org/W2401631216
https://openalex.org/W1969632753
https://openalex.org/W2015467808
https://openalex.org/W2099137437
https://openalex.org/W1533313642
https://openalex.org/W1912690836
https://openalex.org/W1986334068
https://openalex.org/W2035828810
https://openalex.org/W2606919448
https://openalex.org/W2779479786
https://openalex.org/W2785090264
https://openalex.org/W2833856251
https://openalex.org/W2989967010
https://openalex.org/W1186659545
https://openalex.org/W1600978973
https://openalex.org/W1801309626
https://openalex.org/W1964120014
https://openalex.org/W2094111608
https://openalex.org/W2113546607
https://openalex.org/W2132973135
https://openalex.org/W2156734471
https://openalex.org/W2611127856
https://openalex.org/W2613479407
https://openalex.org/W2614417014
https://openalex.org/W2767015638
https://openalex.org/W2938976009
https://openalex.org/W2949206127
https://openalex.org/W2977999354
https://openalex.org/W3010200371
https://openalex.org/W3139393127
https://openalex.org/W3183535557
https://openalex.org/W4280649382
https://openalex.org/W4295905065
https://openalex.org/W4313471598
https://openalex.org/W1974352316
https://openalex.org/W2012336129
https://openalex.org/W2051780550
https://openalex.org/W2081815336
https://openalex.org/W2082719076
https://openalex.org/W1940102902
https://openalex.org/W2010827155
https://openalex.org/W2036157598
https://openalex.org/W1979840603
https://openalex.org/W1992952253
https://openalex.org/W2078034047
https://openalex.org/W2090786774
https://openalex.org/W2517794195
https://openalex.org/W2005977939
https://openalex.org/W2093314190
https://openalex.org/W1966967856
https://openalex.org/W2040465732
https://openalex.org/W4300853842
https://openalex.org/W2047685640
https://openalex.org/W2142093630
https://openalex.org/W2998157290
https://openalex.org/W2005356192
https://openalex.org/W2082654940
https://openalex.org/W2186803031
https://openalex.org/W2318391794
https://openalex.org/W1517505706
https://openalex.org/W171289533
https://openalex.org/W1995024805
https://openalex.org/W2046620686
https://openalex.org/W2073825691
https://openalex.org/W2137629529
https://openalex.org/W2241835100
https://openalex.org/W2792673234
https://openalex.org/W2809872318
https://openalex.org/W1082153156
https://openalex.org/W1983937785
https://openalex.org/W2074659601
https://openalex.org/W2214658558
https://openalex.org/W2306329408
https://openalex.org/W2394992506
https://openalex.org/W2403729995
https://openalex.org/W2512130573
https://openalex.org/W2766658845
https://openalex.org/W2999719001
https://openalex.org/W3000044233
https://openalex.org/W3117771983
https://openalex.org/W797653183
https://openalex.org/W1968147996
https://openalex.org/W1981987667
https://openalex.org/W1991789321
https://openalex.org/W2046566883
https://openalex.org/W2048227902
https://openalex.org/W2086526475
https://openalex.org/W2098222012
https://openalex.org/W2516190400
https://openalex.org/W2737282118
https://openalex.org/W1983072970
https://openalex.org/W2052618990
https://openalex.org/W2063624013
https://openalex.org/W2016571976
https://openalex.org/W2018550316
https://openalex.org/W2023981592
https://openalex.org/W2031281619
https://openalex.org/W2099099186
https://openalex.org/W2203512807
https://openalex.org/W2262571418
https://openalex.org/W321647062
https://openalex.org/W1971725955
https://openalex.org/W142230906
https://openalex.org/W2025832924
https://openalex.org/W2058789286
https://openalex.org/W2064238823
https://openalex.org/W2077980042
https://openalex.org/W1983681513
https://openalex.org/W2150643969
https://openalex.org/W2605958227
https://openalex.org/W2008325442
https://openalex.org/W2065863519
https://openalex.org/W2147053038
https://openalex.org/W2318357483
https://openalex.org/W2504306498
https://openalex.org/W2785174366
https://openalex.org/W2802282786
https://openalex.org/W2810797695
https://openalex.org/W2154910074
https://openalex.org/W2163487410
https://openalex.org/W2237059900
https://openalex.org/W2556906060
https://openalex.org/W2557463321
https://openalex.org/W3124847570
https://openalex.org/W3136728553
https://openalex.org/W3157676619
https://openalex.org/W2415537743
https://openalex.org/W1963817641
https://openalex.org/W1964577213
https://openalex.org/W1986962537
https://openalex.org/W1989822850
https://openalex.org/W2020546569
https://openalex.org/W2077666722
https://openalex.org/W2140001207
https://openalex.org/W2150747664
https://openalex.org/W2399281501
https://openalex.org/W2522679026
https://openalex.org/W1945471675
https://openalex.org/W1974073971
https://openalex.org/W2001280122
https://openalex.org/W2039280658
https://openalex.org/W2051063834
https://openalex.org/W2113738258
https://openalex.org/W2207361021
https://openalex.org/W2323770218
https://openalex.org/W4293637872
https://openalex.org/W1571027977
https://openalex.org/W2008586563
https://openalex.org/W2015486910
https://openalex.org/W204465288
https://openalex.org/W2052831381
https://openalex.org/W2061224305
https://openalex.org/W2090131227
https://openalex.org/W2107357410
https://openalex.org/W2169857038
https://openalex.org/W1996134730
https://openalex.org/W1572766205
https://openalex.org/W2078974395
https://openalex.org/W2460796982
https://openalex.org/W2006616822
https://openalex.org/W2082575060
https://openalex.org/W1968538307
https://openalex.org/W2058311442
https://openalex.org/W2062138810
https://openalex.org/W2093129718
https://openalex.org/W196016176
https://openalex.org/W1971486445
https://openalex.org/W1975675535
https://openalex.org/W1993357525
https://openalex.org/W2048280971
https://openalex.org/W2049696575
https://openalex.org/W2053614267
https://openalex.org/W2078522769
https://openalex.org/W2135571057
https://openalex.org/W2441306619
https://openalex.org/W2615873180
https://openalex.org/W2774222824
https://openalex.org/W2888136989
https://openalex.org/W2901486057
https://openalex.org/W2954722802
https://openalex.org/W2960518639
https://openalex.org/W2978270155
https://openalex.org/W2984513553
https://openalex.org/W2985253734
https://openalex.org/W2991817991
https://openalex.org/W3007746748
https://openalex.org/W3029680428
https://openalex.org/W3083727746
https://openalex.org/W4211189283
https://openalex.org/W2464961285
https://openalex.org/W3128356431
https://openalex.org/W3154827225
https://openalex.org/W4229069957
https://openalex.org/W4281707822
https://openalex.org/W4287509719
https://openalex.org/W4298327045
https://openalex.org/W4309400126
https://openalex.org/W1975423592
https://openalex.org/W1970159191
https://openalex.org/W1997585172
https://openalex.org/W2009971105
https://openalex.org/W2077594823
https://openalex.org/W2085618842
https://openalex.org/W2087749428
https://openalex.org/W65274263
https://openalex.org/W1942659522
https://openalex.org/W1964289897
https://openalex.org/W1979968999
https://openalex.org/W2002752966
https://openalex.org/W2002778522
https://openalex.org/W2017289055
https://openalex.org/W2050777836
https://openalex.org/W2050866292
https://openalex.org/W2043268624
https://openalex.org/W2078129381
https://openalex.org/W2100311758
https://openalex.org/W2132948064
https://openalex.org/W2286186439
https://openalex.org/W2416819209
https://openalex.org/W2520223286
https://openalex.org/W2751424194
https://openalex.org/W3003318166
https://openalex.org/W1984872136
https://openalex.org/W1994104556
https://openalex.org/W1996552656
https://openalex.org/W2341516910
https://openalex.org/W2398884485
https://openalex.org/W620360149
https://openalex.org/W2051320948
https://openalex.org/W1995786106
https://openalex.org/W2032033945
https://openalex.org/W2199364117
https://openalex.org/W1983541814
https://openalex.org/W1560610382
https://openalex.org/W2065732146
https://openalex.org/W2134678771
https://openalex.org/W2232695049
https://openalex.org/W2313151960
https://openalex.org/W2502371294
https://openalex.org/W1983397247
https://openalex.org/W2050827485
https://openalex.org/W2216320017
https://openalex.org/W2323179771
https://openalex.org/W1876173167
https://openalex.org/W2008543542
https://openalex.org/W2035097672
https://openalex.org/W2045825856
https://openalex.org/W2046114245
https://openalex.org/W2409301457
https://openalex.org/W2606707847
https://openalex.org/W1483178164
https://openalex.org/W1996066229
https://openalex.org/W2039702984
https://openalex.org/W2173958185
https://openalex.org/W2075078797
https://openalex.org/W2089882492
https://openalex.org/W2331566679
https://openalex.org/W2412104893
https://openalex.org/W1772014947
https://openalex.org/W2111704727
https://openalex.org/W2059471907
https://openalex.org/W2605436879
https://openalex.org/W1955407739
https://openalex.org/W2105970628
https://openalex.org/W2183084595
https://openalex.org/W2312259187
https://openalex.org/W2321712628
https://openalex.org/W2571441369
https://openalex.org/W2574812244
https://openalex.org/W2770723723
https://openalex.org/W2791881821
https://openalex.org/W2803544015
https://openalex.org/W2884598658
https://openalex.org/W2892387956
https://openalex.org/W2894778373
https://openalex.org/W2897513505
https://openalex.org/W2914340869
https://openalex.org/W2917809075
https://openalex.org/W3006695475
https://openalex.org/W3024567323
https://openalex.org/W3034014852
https://openalex.org/W3035739130
https://openalex.org/W3047529093
https://openalex.org/W3109800782
https://openalex.org/W3123623894
https://openalex.org/W3134225757
https://openalex.org/W3151963410
https://openalex.org/W3162728929
https://openalex.org/W4239204613
https://openalex.org/W2326399169
https://openalex.org/W2404471269
https://openalex.org/W2512081088
https://openalex.org/W1820270927
https://openalex.org/W1978721182
https://openalex.org/W1993104454
https://openalex.org/W2048626995
https://openalex.org/W2071127694
https://openalex.org/W2321956740
https://openalex.org/W2461642308
https://openalex.org/W51650056
https://openalex.org/W1973227632
https://openalex.org/W1977396117
https://openalex.org/W2031352255
https://openalex.org/W2036059671
https://openalex.org/W2053827693
https://openalex.org/W2092999606
https://openalex.org/W2402045034
https://openalex.org/W26962166
https://openalex.org/W4300629586
https://openalex.org/W2052525184
https://openalex.org/W2091039112
https://openalex.org/W2301215260
https://openalex.org/W2108011774
https://openalex.org/W2318668724
https://openalex.org/W2399663308
https://openalex.org/W2015164906
https://openalex.org/W2028798048
https://openalex.org/W2061182031
https://openalex.org/W2138938714
https://openalex.org/W2142008885
https://openalex.org/W2180817664
https://openalex.org/W188017527
https://openalex.org/W2071892583
https://openalex.org/W2101990170
https://openalex.org/W2122360871
https://openalex.org/W2144838664
https://openalex.org/W118105202
https://openalex.org/W191973701
https://openalex.org/W1971632840
https://openalex.org/W1975642838
https://openalex.org/W1993809633
https://openalex.org/W2021269322
https://openalex.org/W2064218189
https://openalex.org/W2086248820
https://openalex.org/W2742602384
https://openalex.org/W4251183465
https://openalex.org/W2312218318
https://openalex.org/W2333563531
https://openalex.org/W4225822822
https://openalex.org/W4322008597
https://openalex.org/W4323319818
https://openalex.org/W4327615610
https://openalex.org/W4360612309
https://openalex.org/W4361944714
https://openalex.org/W4361951173
https://openalex.org/W4361968390
https://openalex.org/W4361968394
https://openalex.org/W4362395477
https://openalex.org/W4362395489
https://openalex.org/W4363675277
https://openalex.org/W4366350910
https://openalex.org/W4367300489
https://openalex.org/W4367727844
https://openalex.org/W4376880687
https://openalex.org/W4376880709
https://openalex.org/W4376880724
https://openalex.org/W4377131240
https://openalex.org/W4378672896
https://openalex.org/W4378806753
https://openalex.org/W4379376401
https://openalex.org/W4381952456
https://openalex.org/W4382198419
https://openalex.org/W4384068602
https://openalex.org/W4384820817
https://openalex.org/W4385330563
https://openalex.org/W4385695633
https://openalex.org/W4385716241
https://openalex.org/W4386325516
https://openalex.org/W4386499129
https://openalex.org/W4386790601
https://openalex.org/W4386853875
https://openalex.org/W4386857663
https://openalex.org/W4387319958
https://openalex.org/W4387370035
https://openalex.org/W4387377335
https://openalex.org/W4387380042
https://openalex.org/W4387771298
https://openalex.org/W4388211103
https://openalex.org/W4388540344
https://openalex.org/W4388620385
https://openalex.org/W4389949427
https://openalex.org/W4389957968
https://openalex.org/W4390792476
https://openalex.org/W1976988468
https://openalex.org/W1998879980
https://openalex.org/W2008133449
https://openalex.org/W2010119724
https://openalex.org/W2016449303
https://openalex.org/W2029123236
https://openalex.org/W2031615305
https://openalex.org/W2032395677
https://openalex.org/W2055439258
https://openalex.org/W2057178958
https://openalex.org/W2083489269
https://openalex.org/W2084694879
https://openalex.org/W2141833704
https://openalex.org/W2156212856
https://openalex.org/W2171606752
https://openalex.org/W2179081865
https://openalex.org/W2185706309
https://openalex.org/W2226023184
https://openalex.org/W2346833011
https://openalex.org/W2413660433
https://openalex.org/W4298298966
https://openalex.org/W177119789
https://openalex.org/W1972899510
https://openalex.org/W2031307733
https://openalex.org/W2036670642
https://openalex.org/W2095448019
https://openalex.org/W2316466526
https://openalex.org/W2319496795
https://openalex.org/W2417266358
https://openalex.org/W1650506245
https://openalex.org/W1966452949
https://openalex.org/W1977104290
https://openalex.org/W1988451594
https://openalex.org/W1993433939
https://openalex.org/W1994329343
https://openalex.org/W2055449774
https://openalex.org/W2066157844
https://openalex.org/W2142037672
https://openalex.org/W2471941331
https://openalex.org/W4233500848
https://openalex.org/W1566824796
https://openalex.org/W4231801524
https://openalex.org/W4299643053
https://openalex.org/W2276825783
https://openalex.org/W2013684226
https://openalex.org/W2028324506
https://openalex.org/W2045715488
https://openalex.org/W2189219607
https://openalex.org/W2572052568
https://openalex.org/W2618731316
https://openalex.org/W2731370549
https://openalex.org/W2753138059
https://openalex.org/W2904919740
https://openalex.org/W2605811279
https://openalex.org/W154970118
https://openalex.org/W2022717160
https://openalex.org/W2050551643
https://openalex.org/W2425787421
https://openalex.org/W2052689917
https://openalex.org/W4239290608
https://openalex.org/W1980039721
https://openalex.org/W1993963959
https://openalex.org/W2126111493
https://openalex.org/W2212633513
https://openalex.org/W2321612871
https://openalex.org/W2331056702
https://openalex.org/W2782762068
https://openalex.org/W2805584054
https://openalex.org/W2810638463
https://openalex.org/W2894748764
https://openalex.org/W2895214280
https://openalex.org/W2904302431
https://openalex.org/W2916808298
https://openalex.org/W2957111929
https://openalex.org/W2969228908
https://openalex.org/W3005592128
https://openalex.org/W3031670084
https://openalex.org/W3083165060
https://openalex.org/W3124074124
https://openalex.org/W3154233032
https://openalex.org/W3161423647
https://openalex.org/W3165948175
https://openalex.org/W3177484643
https://openalex.org/W3191790356
https://openalex.org/W3211524130
https://openalex.org/W4200570529
https://openalex.org/W2330500171
https://openalex.org/W2484563500
https://openalex.org/W2521408823
https://openalex.org/W2522842518
https://openalex.org/W3023351299
https://openalex.org/W3215586710
https://openalex.org/W4206730105
https://openalex.org/W4223506145
https://openalex.org/W4295214903
https://openalex.org/W4304689247
https://openalex.org/W2799329212
https://openalex.org/W1578533864
https://openalex.org/W2060570127
https://openalex.org/W2067516717
https://openalex.org/W2067900232
https://openalex.org/W1969361964
https://openalex.org/W1971345734
https://openalex.org/W2000530501
https://openalex.org/W2001150932
https://openalex.org/W2004631525
https://openalex.org/W2010842524
https://openalex.org/W2029166344
https://openalex.org/W2035272851
https://openalex.org/W2058338456
https://openalex.org/W2072282120
https://openalex.org/W2089555
https://openalex.org/W2605476744
https://openalex.org/W30225827
https://openalex.org/W319469057
https://openalex.org/W156799911
https://openalex.org/W1763174883
https://openalex.org/W1835032995
https://openalex.org/W1965297026
https://openalex.org/W2136995538
https://openalex.org/W2331014346
https://openalex.org/W2335378064
https://openalex.org/W2339924502
https://openalex.org/W4292451655
https://openalex.org/W1965251011
https://openalex.org/W1986034586
https://openalex.org/W2022793429
https://openalex.org/W2119091582
https://openalex.org/W1981763644
https://openalex.org/W2082064128
https://openalex.org/W2114837744
https://openalex.org/W2185973532
https://openalex.org/W2606264626
https://openalex.org/W4234254148
https://openalex.org/W1830959032
https://openalex.org/W1920043958
https://openalex.org/W1925847339
https://openalex.org/W1978581956
https://openalex.org/W2030993771
https://openalex.org/W2079337896
https://openalex.org/W2087752149
https://openalex.org/W2214594737
https://openalex.org/W2315089739
https://openalex.org/W2333329031
https://openalex.org/W2345661868
https://openalex.org/W2394730866
https://openalex.org/W2417923795
https://openalex.org/W2419490692
https://openalex.org/W2560970302
https://openalex.org/W2586783005
https://openalex.org/W259015717
https://openalex.org/W2771803481
https://openalex.org/W2922260587
https://openalex.org/W2979280566
https://openalex.org/W120264861
https://openalex.org/W124292071
https://openalex.org/W1990043450
https://openalex.org/W1995169013
https://openalex.org/W2040922789
https://openalex.org/W2052003167
https://openalex.org/W2064015322
https://openalex.org/W2072966065
https://openalex.org/W2129417916
https://openalex.org/W2133016516
https://openalex.org/W2326043268
https://openalex.org/W1607159892
https://openalex.org/W1964735597
https://openalex.org/W1975075448
https://openalex.org/W2034727799
https://openalex.org/W2051318033
https://openalex.org/W2065850161
https://openalex.org/W2143311449
https://openalex.org/W2403126426
https://openalex.org/W1981416908
https://openalex.org/W2001797435
https://openalex.org/W2039568539
https://openalex.org/W2047720597
https://openalex.org/W422561231
https://openalex.org/W2007227248
https://openalex.org/W2012734033
https://openalex.org/W2037152771
https://openalex.org/W2466039522
https://openalex.org/W2479751345
https://openalex.org/W2482243362
https://openalex.org/W2766857131
https://openalex.org/W2950581258
https://openalex.org/W3203058559
https://openalex.org/W13461986
https://openalex.org/W169810002
https://openalex.org/W2019913754
https://openalex.org/W2037925749
https://openalex.org/W2062419871
https://openalex.org/W2071565063
https://openalex.org/W2085758896
https://openalex.org/W2106732409
https://openalex.org/W2178400219
https://openalex.org/W2552531484
https://openalex.org/W2572947783
https://openalex.org/W2576403744
https://openalex.org/W2576594085
https://openalex.org/W2992075801
https://openalex.org/W300824026
https://openalex.org/W3116250680
https://openalex.org/W4251906090
https://openalex.org/W4313353167
https://openalex.org/W4313384803
https://openalex.org/W2802570466
https://openalex.org/W3211921441
https://openalex.org/W3213748231
https://openalex.org/W3214066279
https://openalex.org/W174885991
https://openalex.org/W1776861356
https://openalex.org/W1891594565
https://openalex.org/W1977192529
https://openalex.org/W2006512771
https://openalex.org/W2013853511
https://openalex.org/W2017917269
https://openalex.org/W2047125125
https://openalex.org/W2052310041
https://openalex.org/W2073601570
https://openalex.org/W2280016704
https://openalex.org/W2312509927
https://openalex.org/W2326678505
https://openalex.org/W2413639875
https://openalex.org/W2414467012
https://openalex.org/W2470726415
https://openalex.org/W656523118
https://openalex.org/W121370726
https://openalex.org/W1986073471
https://openalex.org/W1990181362
https://openalex.org/W2093280654
https://openalex.org/W2126287873
https://openalex.org/W2413625717
https://openalex.org/W2414417184
https://openalex.org/W2562643905
https://openalex.org/W647103226
https://openalex.org/W2027486969
https://openalex.org/W2315923588
https://openalex.org/W1965257033
https://openalex.org/W2015681118
https://openalex.org/W2022648659
https://openalex.org/W2025786818
https://openalex.org/W2048211716
https://openalex.org/W2074172882
https://openalex.org/W2082116072
https://openalex.org/W2108933414
https://openalex.org/W2171801291
https://openalex.org/W2274975272
https://openalex.org/W2324797843
https://openalex.org/W2890698876
https://openalex.org/W2892086266
https://openalex.org/W2893733252
https://openalex.org/W2907404507
https://openalex.org/W2977818375
https://openalex.org/W2987428109
https://openalex.org/W3203077537
https://openalex.org/W638037998
https://openalex.org/W2016342105
https://openalex.org/W3212259811
https://openalex.org/W1968997983
https://openalex.org/W2004429217
https://openalex.org/W2077343594
https://openalex.org/W2094439849
https://openalex.org/W4293650356
https://openalex.org/W1982942716
https://openalex.org/W1993275880
https://openalex.org/W2012511685
https://openalex.org/W2038662945
https://openalex.org/W2414730778
https://openalex.org/W2136077598
https://openalex.org/W2906086685
https://openalex.org/W2907164564
https://openalex.org/W2939139188
https://openalex.org/W2944174091
https://openalex.org/W2945742982
https://openalex.org/W2964053231
https://openalex.org/W2973647859
https://openalex.org/W2978136554
https://openalex.org/W2998396330
https://openalex.org/W3027315325
https://openalex.org/W3028768510
https://openalex.org/W3089763624
https://openalex.org/W3091491195
https://openalex.org/W3109088431
https://openalex.org/W4242293593
https://openalex.org/W2803000314
https://openalex.org/W1536018079
https://openalex.org/W1929791544
https://openalex.org/W1968010530
https://openalex.org/W2030661427
https://openalex.org/W2030697454
https://openalex.org/W2036742560
https://openalex.org/W2043825766
https://openalex.org/W2044094960
https://openalex.org/W2048260768
https://openalex.org/W2050948407
https://openalex.org/W2079667870
https://openalex.org/W2080294703
https://openalex.org/W2086252472
https://openalex.org/W2092993985
https://openalex.org/W2095158829
https://openalex.org/W2317076063
https://openalex.org/W2327469547
https://openalex.org/W2415133835
https://openalex.org/W2429964742
https://openalex.org/W2507179340
https://openalex.org/W4214890527
https://openalex.org/W1968986694
https://openalex.org/W1996892767
https://openalex.org/W2010723950
https://openalex.org/W2012583552
https://openalex.org/W2017865359
https://openalex.org/W2022309103
https://openalex.org/W2034688518
https://openalex.org/W2071678538
https://openalex.org/W2073931414
https://openalex.org/W2409876811
https://openalex.org/W2611876141
https://openalex.org/W4244546052
https://openalex.org/W4246584294
https://openalex.org/W1998039734
https://openalex.org/W2061926673
https://openalex.org/W2118196608
https://openalex.org/W2410278418
https://openalex.org/W3127168136
https://openalex.org/W3130830002
https://openalex.org/W3161040350
https://openalex.org/W3162676323
https://openalex.org/W3166367943
https://openalex.org/W3177144878
https://openalex.org/W3182520012
https://openalex.org/W3185464916
https://openalex.org/W3186291128
https://openalex.org/W3188160983
https://openalex.org/W3188958425
https://openalex.org/W3194382725
https://openalex.org/W3207236531
https://openalex.org/W4200309198
https://openalex.org/W4200434634
https://openalex.org/W2486951538
https://openalex.org/W2034259093
https://openalex.org/W2070237400
https://openalex.org/W2078622402
https://openalex.org/W2326880168
https://openalex.org/W2017204430
https://openalex.org/W2625900259
https://openalex.org/W4234161007
https://openalex.org/W2313181729
https://openalex.org/W2410885590
https://openalex.org/W4240758533
https://openalex.org/W4297580431
https://openalex.org/W4297580485
https://openalex.org/W2013277107
https://openalex.org/W2414713477
https://openalex.org/W2795677370
https://openalex.org/W140946165
https://openalex.org/W2045212106
https://openalex.org/W2167117210
https://openalex.org/W2332500658
https://openalex.org/W2403203768
https://openalex.org/W2426303063
https://openalex.org/W2466116495
https://openalex.org/W4318936982
https://openalex.org/W2013459765
https://openalex.org/W2037377717
https://openalex.org/W2327148445
https://openalex.org/W2413981137
https://openalex.org/W2462124132
https://openalex.org/W2464337991
https://openalex.org/W4297789215
https://openalex.org/W1040443013
https://openalex.org/W1974339441
https://openalex.org/W2000740424
https://openalex.org/W2003679481
https://openalex.org/W2019951846
https://openalex.org/W2037107993
https://openalex.org/W2040631914
https://openalex.org/W2075438834
https://openalex.org/W2091607806
https://openalex.org/W2097653035
https://openalex.org/W2097823382
https://openalex.org/W2112178835
https://openalex.org/W2115518285
https://openalex.org/W2154396166
https://openalex.org/W2181709230
https://openalex.org/W2185645468
https://openalex.org/W2186836145
https://openalex.org/W2188737949
https://openalex.org/W2203274067
https://openalex.org/W2220388079
https://openalex.org/W2271021127
https://openalex.org/W2271902177
https://openalex.org/W2300210100
https://openalex.org/W2314049815
https://openalex.org/W2316510611
https://openalex.org/W2318471340
https://openalex.org/W2321059784
https://openalex.org/W2326926932
https://openalex.org/W2341161477
https://openalex.org/W2369740766
https://openalex.org/W2403428201
https://openalex.org/W2404299141
https://openalex.org/W2417967951
https://openalex.org/W2430285408
https://openalex.org/W2469507232
https://openalex.org/W2489917498
https://openalex.org/W2493465285
https://openalex.org/W2517773518
https://openalex.org/W2518079603
https://openalex.org/W2523578181
https://openalex.org/W2525168142
https://openalex.org/W2532727336
https://openalex.org/W2558736241
https://openalex.org/W2559768433
https://openalex.org/W2560595791
https://openalex.org/W2562311883
https://openalex.org/W2568474647
https://openalex.org/W2584143639
https://openalex.org/W2596929940
https://openalex.org/W2599577717
https://openalex.org/W2605304911
https://openalex.org/W2617939319
https://openalex.org/W2621058674
https://openalex.org/W2647798824
https://openalex.org/W2683076658
https://openalex.org/W2725188830
https://openalex.org/W2732430239
https://openalex.org/W2748698194
https://openalex.org/W2775308866
https://openalex.org/W2775372487
https://openalex.org/W2780915461
https://openalex.org/W2789036791
https://openalex.org/W2795461029
https://openalex.org/W2799600057
https://openalex.org/W2807201656
https://openalex.org/W2808825313
https://openalex.org/W2892887568
https://openalex.org/W2904811425
https://openalex.org/W2906222329
https://openalex.org/W2912785549
https://openalex.org/W2920942109
https://openalex.org/W2921776143
https://openalex.org/W2921842398
https://openalex.org/W2946130578
https://openalex.org/W2977837834
https://openalex.org/W2977865080
https://openalex.org/W2978367832
https://openalex.org/W2978625318
https://openalex.org/W2978968878
https://openalex.org/W2978985524
https://openalex.org/W3016788528
https://openalex.org/W3039434586
https://openalex.org/W3085054913
https://openalex.org/W3144549924
https://openalex.org/W3162137357
https://openalex.org/W3177175480
https://openalex.org/W4240509078
https://openalex.org/W4242673713
https://openalex.org/W4313385847
https://openalex.org/W586673574
https://openalex.org/W1515476928
https://openalex.org/W1980742940
https://openalex.org/W2018549046
https://openalex.org/W2044222873
https://openalex.org/W2078179695
https://openalex.org/W2078327280
https://openalex.org/W2090629954
https://openalex.org/W2320974183
https://openalex.org/W2329530933
https://openalex.org/W2414526190
https://openalex.org/W2528538051
https://openalex.org/W3166310563
https://openalex.org/W1996211983
https://openalex.org/W2001970173
https://openalex.org/W2028627207
https://openalex.org/W2039864355
https://openalex.org/W2263354725
https://openalex.org/W2318875885
https://openalex.org/W2331617919
https://openalex.org/W2469275790
https://openalex.org/W1196024067
https://openalex.org/W1197301216
https://openalex.org/W141848328
https://openalex.org/W1424897245
https://openalex.org/W1598018416
https://openalex.org/W1678471845
https://openalex.org/W1891924991
https://openalex.org/W1975824819
https://openalex.org/W1987815698
https://openalex.org/W1990372906
https://openalex.org/W2026107547
https://openalex.org/W2026698321
https://openalex.org/W2031926145
https://openalex.org/W2039989746
https://openalex.org/W2051650527
https://openalex.org/W2054020611
https://openalex.org/W2059695589
https://openalex.org/W2068714609
https://openalex.org/W2078305343
https://openalex.org/W2086870435
https://openalex.org/W2153502557
https://openalex.org/W2154297736
https://openalex.org/W2167391425
https://openalex.org/W2184650716
https://openalex.org/W2185192153
https://openalex.org/W2188123700
https://openalex.org/W2196859267
https://openalex.org/W2220972660
https://openalex.org/W2245033730
https://openalex.org/W2254340909
https://openalex.org/W2268659797
https://openalex.org/W2297187751
https://openalex.org/W2313123398
https://openalex.org/W2317989682
https://openalex.org/W2318812074
https://openalex.org/W2322870521
https://openalex.org/W2327351286
https://openalex.org/W2329472425
https://openalex.org/W2333228361
https://openalex.org/W2336930054
https://openalex.org/W2339870900
https://openalex.org/W2409484104
https://openalex.org/W2412348472
https://openalex.org/W2413976077
https://openalex.org/W2505541048
https://openalex.org/W251258503
https://openalex.org/W2533951651
https://openalex.org/W2535022585
https://openalex.org/W2558624372
https://openalex.org/W2572928266
https://openalex.org/W2590384946
https://openalex.org/W2602175394
https://openalex.org/W2613416033
https://openalex.org/W2626382677
https://openalex.org/W2785705747
https://openalex.org/W2786258173
https://openalex.org/W2786764149
https://openalex.org/W2807543556
https://openalex.org/W288694275
https://openalex.org/W2891024595
https://openalex.org/W2909015223
https://openalex.org/W2916151897
https://openalex.org/W2916235322
https://openalex.org/W296633251
https://openalex.org/W2977624812
https://openalex.org/W2977703752
https://openalex.org/W2978344931
https://openalex.org/W2978794369
https://openalex.org/W3004741271
https://openalex.org/W3023836159
https://openalex.org/W3034379831
https://openalex.org/W3126006932
https://openalex.org/W3126610023
https://openalex.org/W3137173655
https://openalex.org/W3150721003
https://openalex.org/W3180183194
https://openalex.org/W323578946
https://openalex.org/W4206855226
https://openalex.org/W4236211595
https://openalex.org/W4237707840
https://openalex.org/W4241001737
https://openalex.org/W4241248147
https://openalex.org/W4245283407
https://openalex.org/W4245973209
https://openalex.org/W4289781291
https://openalex.org/W4297907382
https://openalex.org/W4299326988
https://openalex.org/W836484167
https://openalex.org/W132828322
https://openalex.org/W1965275630
https://openalex.org/W1972495365
https://openalex.org/W2009057753
https://openalex.org/W2046844922
https://openalex.org/W2335104391
https://openalex.org/W2384235877
https://openalex.org/W2396787519
https://openalex.org/W2412326094
https://openalex.org/W2606102411
https://openalex.org/W1212912296
https://openalex.org/W2002541166
https://openalex.org/W2033536591
https://openalex.org/W2078176121
https://openalex.org/W2150616887
https://openalex.org/W2324380576
https://openalex.org/W2325025971
https://openalex.org/W2394758274
https://openalex.org/W2419313242
https://openalex.org/W2439335012
https://openalex.org/W2516328783
https://openalex.org/W2516341785
https://openalex.org/W2953609832
https://openalex.org/W611466442
https://openalex.org/W79019380
https://openalex.org/W939831921
https://openalex.org/W1781962055
https://openalex.org/W1977622739
https://openalex.org/W1986021347
https://openalex.org/W2006949266
https://openalex.org/W2007297445
https://openalex.org/W2019551147
https://openalex.org/W2038722041
https://openalex.org/W2044373474
https://openalex.org/W2066170276
https://openalex.org/W2075340494
https://openalex.org/W2089114735
https://openalex.org/W2106682107
https://openalex.org/W2131985518
https://openalex.org/W2188921130
https://openalex.org/W2276469398
https://openalex.org/W2312443504
https://openalex.org/W2313526243
https://openalex.org/W2315498290
https://openalex.org/W2321603263
https://openalex.org/W2333200284
https://openalex.org/W2395056757
https://openalex.org/W2397990026
https://openalex.org/W2403904391
https://openalex.org/W2404441266
https://openalex.org/W2407795250
https://openalex.org/W2415034583
https://openalex.org/W2415305332
https://openalex.org/W2415376569
https://openalex.org/W2419633007
https://openalex.org/W2426901284
https://openalex.org/W2438508688
https://openalex.org/W2512449063
https://openalex.org/W2577948997
https://openalex.org/W2600011083
https://openalex.org/W2604487915
https://openalex.org/W2607015656
https://openalex.org/W2621878872
https://openalex.org/W2741773385
https://openalex.org/W2751183417
https://openalex.org/W2752232916
https://openalex.org/W2752741076
https://openalex.org/W2768689075
https://openalex.org/W2771895855
https://openalex.org/W2781186166
https://openalex.org/W2784079399
https://openalex.org/W2788221738
https://openalex.org/W2792873402
https://openalex.org/W2802894643
https://openalex.org/W2805684606
https://openalex.org/W2890434380
https://openalex.org/W2911348888
https://openalex.org/W2912292212
https://openalex.org/W2913874073
https://openalex.org/W2977055889
https://openalex.org/W2977734386
https://openalex.org/W2996148015
https://openalex.org/W3837864
https://openalex.org/W4211056882
https://openalex.org/W4240173768
https://openalex.org/W4250729347
https://openalex.org/W4253742543
https://openalex.org/W4312631031
https://openalex.org/W4376600155
https://openalex.org/W67578417
https://openalex.org/W1982331834
https://openalex.org/W2518424386
https://openalex.org/W2606066004
https://openalex.org/W3005509381
https://openalex.org/W4243855754
https://openalex.org/W111758670
https://openalex.org/W1563882789
https://openalex.org/W1614795332
https://openalex.org/W1768617
https://openalex.org/W1844400223
https://openalex.org/W1878359150
https://openalex.org/W1964800292
https://openalex.org/W1977238330
https://openalex.org/W1982712656
https://openalex.org/W1986013740
https://openalex.org/W1995319911
https://openalex.org/W2003937186
https://openalex.org/W2007421699
https://openalex.org/W2013314627
https://openalex.org/W2020953301
https://openalex.org/W2021395735
https://openalex.org/W2034749307
https://openalex.org/W2038898780
https://openalex.org/W2040354153
https://openalex.org/W2049166620
https://openalex.org/W2050866755
https://openalex.org/W2061975628
https://openalex.org/W2086585166
https://openalex.org/W2089674282
https://openalex.org/W2094292780
https://openalex.org/W2118338148
https://openalex.org/W2151928092
https://openalex.org/W2165975138
https://openalex.org/W2196849790
https://openalex.org/W2213318663
https://openalex.org/W2242274968
https://openalex.org/W2254086304
https://openalex.org/W2267723861
https://openalex.org/W2314176003
https://openalex.org/W2315075052
https://openalex.org/W2320515104
https://openalex.org/W2411579615
https://openalex.org/W2507354472
https://openalex.org/W2741647058
https://openalex.org/W2741844701
https://openalex.org/W2745161674
https://openalex.org/W2785568646
https://openalex.org/W2788771421
https://openalex.org/W2794896064
https://openalex.org/W2796707549
https://openalex.org/W2889177939
https://openalex.org/W2899866560
https://openalex.org/W2913953410
https://openalex.org/W2932945415
https://openalex.org/W2935489849
https://openalex.org/W2943584984
https://openalex.org/W2965408956
https://openalex.org/W2966297419
https://openalex.org/W3009826806
https://openalex.org/W3022720256
https://openalex.org/W3106563003
https://openalex.org/W3108042580
https://openalex.org/W3110023321
https://openalex.org/W3123244581
https://openalex.org/W3125592620
https://openalex.org/W3137539495
https://openalex.org/W3164416088
https://openalex.org/W3171377644
https://openalex.org/W342265057
https://openalex.org/W4205996396
https://openalex.org/W4206791407
https://openalex.org/W4212796185
https://openalex.org/W4213441848
https://openalex.org/W4224219817
https://openalex.org/W4226494464
https://openalex.org/W4230285876
https://openalex.org/W4236250061
https://openalex.org/W4241441131
https://openalex.org/W4243318624
https://openalex.org/W4243524351
https://openalex.org/W4246571161
https://openalex.org/W4252134450
https://openalex.org/W4285134528
https://openalex.org/W4285137386
https://openalex.org/W4285507454
https://openalex.org/W4286886641
https://openalex.org/W4288070863
https://openalex.org/W4291120663
https://openalex.org/W4293194029
https://openalex.org/W4295911135
https://openalex.org/W4297515722
https://openalex.org/W4297515867
https://openalex.org/W4307905103
https://openalex.org/W4308141543
https://openalex.org/W4312114141
https://openalex.org/W4313368884
https://openalex.org/W583843129
https://openalex.org/W67734186
https://openalex.org/W143104862
https://openalex.org/W164498929
https://openalex.org/W1979479911
https://openalex.org/W203765737
https://openalex.org/W2060572886
https://openalex.org/W2321112146
https://openalex.org/W2329858938
https://openalex.org/W2396818091
https://openalex.org/W2398477653
https://openalex.org/W2411506113
https://openalex.org/W2411680949
https://openalex.org/W2415453691
https://openalex.org/W2438089251
https://openalex.org/W2517609881
https://openalex.org/W1550767721
https://openalex.org/W1626783037
https://openalex.org/W1984937842
https://openalex.org/W2008061189
https://openalex.org/W2182487907
https://openalex.org/W2228305217
https://openalex.org/W2260903778
https://openalex.org/W2262110832
https://openalex.org/W2272253941
https://openalex.org/W2330700748
https://openalex.org/W2408687525
https://openalex.org/W2412878813
https://openalex.org/W2413874715
https://openalex.org/W2416241936
https://openalex.org/W2464242881
https://openalex.org/W2755039520
https://openalex.org/W2761991462
https://openalex.org/W2788827386
https://openalex.org/W2797869741
https://openalex.org/W2800626907
https://openalex.org/W2803364864
https://openalex.org/W2805424312
https://openalex.org/W2899752510
https://openalex.org/W2905292589
https://openalex.org/W2908714952
https://openalex.org/W2915987662
https://openalex.org/W2921729646
https://openalex.org/W2932141538
https://openalex.org/W2932451729
https://openalex.org/W2937313160
https://openalex.org/W2938629854
https://openalex.org/W2939098061
https://openalex.org/W2939267275
https://openalex.org/W2940791268
https://openalex.org/W2941019317
https://openalex.org/W2946279407
https://openalex.org/W2946637694
https://openalex.org/W2949257834
https://openalex.org/W2949940915
https://openalex.org/W2960891261
https://openalex.org/W2972347955
https://openalex.org/W2974549708
https://openalex.org/W2995736288
https://openalex.org/W3005152611
https://openalex.org/W3008945650
https://openalex.org/W3009098743
https://openalex.org/W3010617724
https://openalex.org/W3034232768
https://openalex.org/W3045792405
https://openalex.org/W3045879229
https://openalex.org/W3046197333
https://openalex.org/W3046906634
https://openalex.org/W3047134131
https://openalex.org/W3047150271
https://openalex.org/W3049626719
https://openalex.org/W3094971564
https://openalex.org/W3168463548
https://openalex.org/W3169242223
https://openalex.org/W3190822939
https://openalex.org/W3212592298
https://openalex.org/W410118727
https://openalex.org/W4229705596
https://openalex.org/W4230615555
https://openalex.org/W4235310245
https://openalex.org/W4245904067
https://openalex.org/W4302794065
https://openalex.org/W4313359147
https://openalex.org/W4313359780
https://openalex.org/W4379986175
https://openalex.org/W4389436542
https://openalex.org/W4394230068
https://openalex.org/W4394500275
https://openalex.org/W52277473
https://openalex.org/W85063777
https://openalex.org/W141030434
https://openalex.org/W149025727
https://openalex.org/W1977315390
https://openalex.org/W1980089119
https://openalex.org/W1981096261
https://openalex.org/W1996540700
https://openalex.org/W2022929152
https://openalex.org/W2029522131
https://openalex.org/W2033618217
https://openalex.org/W2041974991
https://openalex.org/W2061723732
https://openalex.org/W2074417593
https://openalex.org/W2084610874
https://openalex.org/W2088961362
https://openalex.org/W2091931131
https://openalex.org/W2111898117
https://openalex.org/W2316087195
https://openalex.org/W2317925760
https://openalex.org/W2318443194
https://openalex.org/W2325106844
https://openalex.org/W2332443927
https://openalex.org/W2333868790
https://openalex.org/W2400482676
https://openalex.org/W2404286007
https://openalex.org/W2413092700
https://openalex.org/W2519362333
https://openalex.org/W2520982159
https://openalex.org/W2606354896
https://openalex.org/W4245016044
https://openalex.org/W4254651880
https://openalex.org/W4302370754
https://openalex.org/W4311541515
https://openalex.org/W65051816
https://openalex.org/W86254922
https://openalex.org/W146470248
https://openalex.org/W153921193
https://openalex.org/W180992119
https://openalex.org/W1990313219
https://openalex.org/W1992184237
https://openalex.org/W2039382753
https://openalex.org/W2052015555
https://openalex.org/W2077015358
https://openalex.org/W2078201214
https://openalex.org/W2085300543
https://openalex.org/W2087467421
https://openalex.org/W2095504462
https://openalex.org/W2117598632
https://openalex.org/W2267236699
https://openalex.org/W2320541116
https://openalex.org/W2327644224
https://openalex.org/W2334726384
https://openalex.org/W2345946874
https://openalex.org/W2394995840
https://openalex.org/W2408024912
https://openalex.org/W2417974170
https://openalex.org/W2432314044
https://openalex.org/W2435159114
https://openalex.org/W2753602265
https://openalex.org/W2767159919
https://openalex.org/W2777314886
https://openalex.org/W2789076387
https://openalex.org/W2794760241
https://openalex.org/W2910970649
https://openalex.org/W2947784785
https://openalex.org/W2957239722
https://openalex.org/W2978180059
https://openalex.org/W2978671527
https://openalex.org/W3000331957
https://openalex.org/W3001034378
https://openalex.org/W3005011060
https://openalex.org/W3008344331
https://openalex.org/W3014282361
https://openalex.org/W3015074319
https://openalex.org/W3028619515
https://openalex.org/W3038852877
https://openalex.org/W3083513341
https://openalex.org/W3084389675
https://openalex.org/W3091352606
https://openalex.org/W3108701972
https://openalex.org/W3109099967
https://openalex.org/W311098329
https://openalex.org/W3117463685
https://openalex.org/W3123356298
https://openalex.org/W3130298421
https://openalex.org/W3151505731
https://openalex.org/W3190465959
https://openalex.org/W3197279329
https://openalex.org/W3206744023
https://openalex.org/W414042545
https://openalex.org/W4210392167
https://openalex.org/W4213103504
https://openalex.org/W4230938842
https://openalex.org/W4236208934
https://openalex.org/W4237410988
https://openalex.org/W4239173725
https://openalex.org/W4248032277
https://openalex.org/W4249475551
https://openalex.org/W4287548750
https://openalex.org/W4310575183
https://openalex.org/W4313383219
https://openalex.org/W4378217405
https://openalex.org/W4388618434
https://openalex.org/W4391502987
https://openalex.org/W633361200
https://openalex.org/W2037698861
https://openalex.org/W2041863988
https://openalex.org/W2051145287
https://openalex.org/W2055844507
https://openalex.org/W2074909672
https://openalex.org/W2141935836
https://openalex.org/W2312221093
https://openalex.org/W2330743556
https://openalex.org/W2333618206
https://openalex.org/W2413384356
https://openalex.org/W2589243580
https://openalex.org/W3017918955
https://openalex.org/W4242178809
https://openalex.org/W4242242024
https://openalex.org/W4312096160
https://openalex.org/W4387294761
https://openalex.org/W1970332035
https://openalex.org/W1980030990
https://openalex.org/W1990167130
https://openalex.org/W2006326912
https://openalex.org/W2029973354
https://openalex.org/W206793975
https://openalex.org/W2127359442
https://openalex.org/W2145043616
https://openalex.org/W2186862942
https://openalex.org/W2200434853
https://openalex.org/W2232602294
https://openalex.org/W235834766
https://openalex.org/W2400678954
https://openalex.org/W2403250728
https://openalex.org/W2411158001
https://openalex.org/W2413474899
https://openalex.org/W2468267441
https://openalex.org/W2473454323
https://openalex.org/W2481059938
https://openalex.org/W2487876733
https://openalex.org/W2493706001
https://openalex.org/W2506972052
https://openalex.org/W2735456369
https://openalex.org/W2744264932
https://openalex.org/W2746711441
https://openalex.org/W2765938502
https://openalex.org/W2905490425
https://openalex.org/W3210487219
https://openalex.org/W35526998
https://openalex.org/W4232564346
https://openalex.org/W4235304925
https://openalex.org/W4247073455
https://openalex.org/W126708136
https://openalex.org/W140063907
https://openalex.org/W1575642693
https://openalex.org/W173105748
https://openalex.org/W1930368785
https://openalex.org/W1963746836
https://openalex.org/W1992679286
https://openalex.org/W2022583954
https://openalex.org/W2036610197
https://openalex.org/W2039940305
https://openalex.org/W2045304730
https://openalex.org/W2116602019
https://openalex.org/W2164669995
https://openalex.org/W2398779440
https://openalex.org/W2407653977
https://openalex.org/W2410483959
https://openalex.org/W2411288310
https://openalex.org/W2416455660
https://openalex.org/W2417135760
https://openalex.org/W2418672785
https://openalex.org/W2423543177
https://openalex.org/W2489763115
https://openalex.org/W2569295028
https://openalex.org/W2743544870
https://openalex.org/W2766410464
https://openalex.org/W2800014055
https://openalex.org/W2897209001
https://openalex.org/W2918553577
https://openalex.org/W2975073345
https://openalex.org/W3120174013
https://openalex.org/W3130083221
https://openalex.org/W3142109479
https://openalex.org/W3157219316
https://openalex.org/W3158458140
https://openalex.org/W3158493298
https://openalex.org/W3165538446
https://openalex.org/W3168495717
https://openalex.org/W3175557461
https://openalex.org/W3178634292
https://openalex.org/W3179301932
https://openalex.org/W3193481278
https://openalex.org/W3199137478
https://openalex.org/W3204982486
https://openalex.org/W3206754779
https://openalex.org/W3216505266
https://openalex.org/W4214577018
https://openalex.org/W4226538289
https://openalex.org/W4229799895
https://openalex.org/W4232175870
https://openalex.org/W4234075404
https://openalex.org/W4234947257
https://openalex.org/W4240146057
https://openalex.org/W4247009353
https://openalex.org/W4251671995
https://openalex.org/W4285537169
https://openalex.org/W4299821732
https://openalex.org/W4393464056
https://openalex.org/W4393836873
https://openalex.org/W54591628
https://openalex.org/W657740240
https://openalex.org/W91417252
https://openalex.org/W115091067
https://openalex.org/W1964338880
https://openalex.org/W1965910178
https://openalex.org/W1967535197
https://openalex.org/W1970017596
https://openalex.org/W1973186304
https://openalex.org/W2011096871
https://openalex.org/W2014767472
https://openalex.org/W2022027395
https://openalex.org/W2024986721
https://openalex.org/W2032053104
https://openalex.org/W2035376642
https://openalex.org/W2038673284
https://openalex.org/W2048210158
https://openalex.org/W2128992032
https://openalex.org/W2245359158
https://openalex.org/W2310689569
https://openalex.org/W2313383706
https://openalex.org/W2316686640
https://openalex.org/W2318777406
https://openalex.org/W2324149002
https://openalex.org/W2344524607
https://openalex.org/W2413786043
https://openalex.org/W2485080129
https://openalex.org/W2490947842
https://openalex.org/W2506498216
https://openalex.org/W2508914695
https://openalex.org/W2597830386
https://openalex.org/W2603104666
https://openalex.org/W2605380368
https://openalex.org/W2765634423
https://openalex.org/W286434321
https://openalex.org/W2911325903
https://openalex.org/W2940894405
https://openalex.org/W2977778912
https://openalex.org/W300022446
https://openalex.org/W3092642121
https://openalex.org/W3184668614
https://openalex.org/W4242773429
https://openalex.org/W4256332266
https://openalex.org/W4290045013
https://openalex.org/W4290764037
https://openalex.org/W4292358475
https://openalex.org/W4292963110
https://openalex.org/W4297783487
https://openalex.org/W4297847747
https://openalex.org/W4297848818
https://openalex.org/W4300667152
https://openalex.org/W4300906509
https://openalex.org/W4300945411
https://openalex.org/W4301357056
https://openalex.org/W4301514696
https://openalex.org/W4309144388
https://openalex.org/W4310607165
https://openalex.org/W4310650725
https://openalex.org/W4375848229
https://openalex.org/W4378446116
https://openalex.org/W4381793812
https://openalex.org/W4385634321
https://openalex.org/W4385763250
https://openalex.org/W4387354833
https://openalex.org/W4388686203
https://openalex.org/W83923431
https://openalex.org/W2302396020
https://openalex.org/W2406485290
https://openalex.org/W2411205379
https://openalex.org/W2414350433
https://openalex.org/W195530782
https://openalex.org/W1968681151
https://openalex.org/W2093135467
https://openalex.org/W2186111061
https://openalex.org/W2277164966
https://openalex.org/W2284726493
https://openalex.org/W2330503858
https://openalex.org/W2330965987
https://openalex.org/W2398857045
https://openalex.org/W2403097431
https://openalex.org/W2403435702
https://openalex.org/W2404269601
https://openalex.org/W2407062871
https://openalex.org/W2409593577
https://openalex.org/W2409604932
https://openalex.org/W2417490415
https://openalex.org/W2464160593
https://openalex.org/W2733622102
https://openalex.org/W2748673202
https://openalex.org/W2766093406
https://openalex.org/W2767078312
https://openalex.org/W2805791237
https://openalex.org/W2946635393
https://openalex.org/W3118648089
https://openalex.org/W3176902323
https://openalex.org/W4232331456
https://openalex.org/W4246003563
https://openalex.org/W4246798324
https://openalex.org/W4252549743
https://openalex.org/W4254213450
https://openalex.org/W4256630569
https://openalex.org/W4290651306
https://openalex.org/W4298218468
https://openalex.org/W4298251169
https://openalex.org/W4298479233
https://openalex.org/W4299295226
https://openalex.org/W4299886758
https://openalex.org/W4300101687
https://openalex.org/W4312068814
https://openalex.org/W4313324337
https://openalex.org/W4313390822
https://openalex.org/W4387892549
https://openalex.org/W4388326491
https://openalex.org/W4388403898
https://openalex.org/W52998156
https://openalex.org/W1017934186
https://openalex.org/W1975244727
https://openalex.org/W1983109464
https://openalex.org/W1990891219
https://openalex.org/W1992969755
https://openalex.org/W199487161
https://openalex.org/W1995716956
https://openalex.org/W2004662225
https://openalex.org/W2008910525
https://openalex.org/W2009864923
https://openalex.org/W2016199351
https://openalex.org/W2023229009
https://openalex.org/W2035647778
https://openalex.org/W2047600032
https://openalex.org/W2048159523
https://openalex.org/W2053247901
https://openalex.org/W2064204974
https://openalex.org/W2070006285
https://openalex.org/W2073936913
https://openalex.org/W2094541475
https://openalex.org/W2105053734
https://openalex.org/W2155913918
https://openalex.org/W2171614670
https://openalex.org/W2322013792
https://openalex.org/W2322808135
https://openalex.org/W2324309252
https://openalex.org/W2334934722
https://openalex.org/W2398573725
https://openalex.org/W2402565124
https://openalex.org/W2403859658
https://openalex.org/W2405737954
https://openalex.org/W2428811526
https://openalex.org/W2434604179
https://openalex.org/W2435565901
https://openalex.org/W2466688914
https://openalex.org/W2472510105
https://openalex.org/W2511552404
https://openalex.org/W2515997629
https://openalex.org/W2571809127
https://openalex.org/W2582791119
https://openalex.org/W2743126222
https://openalex.org/W2765703486
https://openalex.org/W2765958461
https://openalex.org/W2766022464
https://openalex.org/W2766889579
https://openalex.org/W2789622711
https://openalex.org/W2899524271
https://openalex.org/W2920456434
https://openalex.org/W2950953618
https://openalex.org/W2984282368
https://openalex.org/W3023898165
https://openalex.org/W3033331413
https://openalex.org/W3039236779
https://openalex.org/W3039578438
https://openalex.org/W309935950
https://openalex.org/W3105978126
https://openalex.org/W410606298
https://openalex.org/W4206845766
https://openalex.org/W4206874188
https://openalex.org/W4206878519
https://openalex.org/W4210821740
https://openalex.org/W4244798271
https://openalex.org/W4289981195
https://openalex.org/W4293771511
https://openalex.org/W4296221647
https://openalex.org/W4297580350
https://openalex.org/W4297787181
https://openalex.org/W4297908886
https://openalex.org/W4298653292
https://openalex.org/W4299308523
https://openalex.org/W4299726397
https://openalex.org/W4300016546
https://openalex.org/W4300558397
https://openalex.org/W4302070421
https://openalex.org/W4302558277
https://openalex.org/W430680961
https://openalex.org/W4310625545
https://openalex.org/W4312096840
https://openalex.org/W4319052053
https://openalex.org/W4319241470
https://openalex.org/W4385750447
https://openalex.org/W4385773414
https://openalex.org/W4386754086
https://openalex.org/W4387853755
https://openalex.org/W4389361258
https://openalex.org/W4394791697
https://openalex.org/W606623043
https://openalex.org/W148042877
https://openalex.org/W1996329208
https://openalex.org/W2005105020
https://openalex.org/W2026496559
https://openalex.org/W2029550549
https://openalex.org/W2032352165
https://openalex.org/W2044959398
https://openalex.org/W2057408536
https://openalex.org/W2067090436
https://openalex.org/W2075651108
https://openalex.org/W2086703695
https://openalex.org/W2302497962
https://openalex.org/W2312400293
https://openalex.org/W2313329406
https://openalex.org/W2316423386
https://openalex.org/W2317668110
https://openalex.org/W2322476960
https://openalex.org/W2405590832
https://openalex.org/W2411239360
https://openalex.org/W2412103083
https://openalex.org/W2413556672
https://openalex.org/W2414090830
https://openalex.org/W2416101562
https://openalex.org/W2416295489
https://openalex.org/W2417022651
https://openalex.org/W2417970999
https://openalex.org/W2465243786
https://openalex.org/W2472899084
https://openalex.org/W2474962646
https://openalex.org/W2474976283
https://openalex.org/W2489661548
https://openalex.org/W2521668616
https://openalex.org/W2523862145
https://openalex.org/W2587904758
https://openalex.org/W2604934617
https://openalex.org/W273637798
https://openalex.org/W2775990104
https://openalex.org/W2998798126
https://openalex.org/W3004693227
https://openalex.org/W3035370212
https://openalex.org/W3035855340
https://openalex.org/W3036376279
https://openalex.org/W3114013737
https://openalex.org/W320538803
https://openalex.org/W413831528
https://openalex.org/W4230246053
https://openalex.org/W4293052563
https://openalex.org/W4293220489
https://openalex.org/W4293579791
https://openalex.org/W4293579816
https://openalex.org/W4293643500
https://openalex.org/W4293771412
https://openalex.org/W4293776010
https://openalex.org/W4297852147
https://openalex.org/W4297926697
https://openalex.org/W4298267472
https://openalex.org/W4299314335
https://openalex.org/W4299586334
https://openalex.org/W4299701503
https://openalex.org/W4299837142
https://openalex.org/W4299933245
https://openalex.org/W4300182286
https://openalex.org/W4300816487
https://openalex.org/W4302206178
https://openalex.org/W4302549583
https://openalex.org/W4309683008
https://openalex.org/W4311101607
https://openalex.org/W4311515345
https://openalex.org/W4319323873
https://openalex.org/W4321144510
https://openalex.org/W4376559421
https://openalex.org/W4387239480
https://openalex.org/W4387441703
https://openalex.org/W4387648378
https://openalex.org/W4388013240
https://openalex.org/W4388758688
https://openalex.org/W4389813646
https://openalex.org/W102088540
https://openalex.org/W137797364
https://openalex.org/W1796385149
https://openalex.org/W1964242768
https://openalex.org/W1970488289
https://openalex.org/W1995283490
https://openalex.org/W2011416646
https://openalex.org/W2014764079
https://openalex.org/W2018812597
https://openalex.org/W2025861208
https://openalex.org/W2027536643
https://openalex.org/W2031835445
https://openalex.org/W2039665624
https://openalex.org/W2042475630
https://openalex.org/W2044146975
https://openalex.org/W2045498270
https://openalex.org/W2056549990
https://openalex.org/W2070102439
https://openalex.org/W2070293356
https://openalex.org/W2075229073
https://openalex.org/W2077447602
https://openalex.org/W2084004255
https://openalex.org/W2182384194
https://openalex.org/W221067893
https://openalex.org/W2224694311
https://openalex.org/W2236761969
https://openalex.org/W2290494360
https://openalex.org/W2297305918
https://openalex.org/W2318161760
https://openalex.org/W2319043527
https://openalex.org/W2319241024
https://openalex.org/W2320947181
https://openalex.org/W2323579622
https://openalex.org/W2325531257
https://openalex.org/W2327064054
https://openalex.org/W2331632823
https://openalex.org/W2333189592
https://openalex.org/W2333830019
https://openalex.org/W2340940590
https://openalex.org/W2372888436
https://openalex.org/W2397330527
https://openalex.org/W2398577725
https://openalex.org/W2402630443
https://openalex.org/W2406809184
https://openalex.org/W2407342615
https://openalex.org/W2410056299
https://openalex.org/W2411534636
https://openalex.org/W2412616355
https://openalex.org/W2413134329
https://openalex.org/W2413812723
https://openalex.org/W2416615344
https://openalex.org/W2416676934
https://openalex.org/W2417158716
https://openalex.org/W2418186034
https://openalex.org/W2418718013
https://openalex.org/W2418790041
https://openalex.org/W2418933948
https://openalex.org/W2419402373
https://openalex.org/W2424307705
https://openalex.org/W2434590429
https://openalex.org/W2441214456
https://openalex.org/W2461305259
https://openalex.org/W2465221262
https://openalex.org/W2471095023
https://openalex.org/W2474473166
https://openalex.org/W2511129325
https://openalex.org/W2519854120
https://openalex.org/W2521498930
https://openalex.org/W2581889980
https://openalex.org/W2605481052
https://openalex.org/W2605742263
https://openalex.org/W2738900357
https://openalex.org/W2745782096
https://openalex.org/W2767055882
https://openalex.org/W2793842742
https://openalex.org/W284624391
https://openalex.org/W2951991129
https://openalex.org/W2953264516
https://openalex.org/W3013068338
https://openalex.org/W3189867290
https://openalex.org/W3191724042
https://openalex.org/W3197164257
https://openalex.org/W363134159
https://openalex.org/W41225184
https://openalex.org/W4230058797
https://openalex.org/W4234753013
https://openalex.org/W4247800309
https://openalex.org/W4248534044
https://openalex.org/W4250818043
https://openalex.org/W4254218105
https://openalex.org/W4293579788
https://openalex.org/W4293579803
https://openalex.org/W4293585179
https://openalex.org/W4293688480
https://openalex.org/W4293772215
https://openalex.org/W4293775943
https://openalex.org/W4293857232
https://openalex.org/W4293857327
https://openalex.org/W4293857383
https://openalex.org/W4296189847
https://openalex.org/W4296247165
https://openalex.org/W4297672332
https://openalex.org/W4298005593
https://openalex.org/W4298079566
https://openalex.org/W4298107661
https://openalex.org/W4298267751
https://openalex.org/W4298279363
https://openalex.org/W4298382420
https://openalex.org/W4298444129
https://openalex.org/W4298901409
https://openalex.org/W4298974874
https://openalex.org/W4299580887
https://openalex.org/W4299853432
https://openalex.org/W4300051098
https://openalex.org/W4300109472
https://openalex.org/W4300544627
https://openalex.org/W4300580460
https://openalex.org/W4300641306
https://openalex.org/W4300956229
https://openalex.org/W4301275534
https://openalex.org/W4302155767
https://openalex.org/W4302162119
https://openalex.org/W4302384944
https://openalex.org/W4302848567
https://openalex.org/W4303936929
https://openalex.org/W4311131350
https://openalex.org/W4311398561
https://openalex.org/W4311635545
https://openalex.org/W4311817672
https://openalex.org/W4312008688
https://openalex.org/W4312062593
https://openalex.org/W4312098454
https://openalex.org/W4313367508
https://openalex.org/W4313401923
https://openalex.org/W4313907195
https://openalex.org/W4317696119
https://openalex.org/W4318070991
https://openalex.org/W4318433369
https://openalex.org/W4319064475
https://openalex.org/W4319447883
https://openalex.org/W4321364987
https://openalex.org/W4321392247
https://openalex.org/W4327873766
https://openalex.org/W4362731239
https://openalex.org/W4378938748
https://openalex.org/W4382395998
https://openalex.org/W4385280788
https://openalex.org/W4385468972
https://openalex.org/W4385797300
https://openalex.org/W4385995154
https://openalex.org/W4386009462
https://openalex.org/W4387268335
https://openalex.org/W4387387768
https://openalex.org/W4387660439
https://openalex.org/W4388005718
https://openalex.org/W4388329679
https://openalex.org/W4388619143
https://openalex.org/W4389093166
https://openalex.org/W4389718723
https://openalex.org/W4394625836
https://openalex.org/W623754627
https://openalex.org/W97365479
https://openalex.org/W2085272777
https://openalex.org/W2116087808
https://openalex.org/W2162075347
https://openalex.org/W2043722029
https://openalex.org/W2023760861
https://openalex.org/W2147849931
https://openalex.org/W2012268010
https://openalex.org/W2038892050
https://openalex.org/W2163878956
https://openalex.org/W2998380179
https://openalex.org/W2560098666
https://openalex.org/W2531272839
https://openalex.org/W3097146228
https://openalex.org/W3093166314
https://openalex.org/W3132667440
https://openalex.org/W2132406375
https://openalex.org/W2054098425
https://openalex.org/W2119287060
https://openalex.org/W2045399511
https://openalex.org/W3123605642
https://openalex.org/W2080731376
https://openalex.org/W2045893995
https://openalex.org/W2014774601
https://openalex.org/W2041814414
https://openalex.org/W2140688225
https://openalex.org/W2051415114
https://openalex.org/W2120751219
https://openalex.org/W2120147775
https://openalex.org/W2134828411
https://openalex.org/W2110340894
https://openalex.org/W2131955313
https://openalex.org/W2023118882
https://openalex.org/W2018827261
https://openalex.org/W2049350239
https://openalex.org/W2013010309
https://openalex.org/W2788999563
https://openalex.org/W2592908872
https://openalex.org/W1989368057
https://openalex.org/W2892087921
https://openalex.org/W2030606219
https://openalex.org/W2769619024
https://openalex.org/W2590740624
https://openalex.org/W2788701892
https://openalex.org/W1981568764
https://openalex.org/W2909855888
https://openalex.org/W2538353315
https://openalex.org/W2899593300
https://openalex.org/W3125835482
https://openalex.org/W3200609585
https://openalex.org/W3114957928
https://openalex.org/W4225706373
https://openalex.org/W4308385777
https://openalex.org/W4384807150
https://openalex.org/W1998293256
https://openalex.org/W2025603076
https://openalex.org/W2092745778
https://openalex.org/W2049036962
https://openalex.org/W2031118642
https://openalex.org/W2164065462
https://openalex.org/W2133342305
https://openalex.org/W2109952352
https://openalex.org/W123826463
https://openalex.org/W1973014340
https://openalex.org/W2160848318
https://openalex.org/W1990455629
https://openalex.org/W1992005712
https://openalex.org/W1664897469
https://openalex.org/W94764726
https://openalex.org/W2136924975
https://openalex.org/W2168798475
https://openalex.org/W1916371443
https://openalex.org/W1987128595
https://openalex.org/W2057155440
https://openalex.org/W2165810843
https://openalex.org/W2150786866
https://openalex.org/W2015388811
https://openalex.org/W2047098409
https://openalex.org/W2289244316
https://openalex.org/W2745310222
https://openalex.org/W1532465746
https://openalex.org/W2270788362
https://openalex.org/W2552840093
https://openalex.org/W2752702796
https://openalex.org/W2493112330
https://openalex.org/W2890617002
https://openalex.org/W2789006928
https://openalex.org/W3044601236
https://openalex.org/W3095117046
https://openalex.org/W3178772043
https://openalex.org/W4391574465
https://openalex.org/W2117071963
https://openalex.org/W2056883731
https://openalex.org/W2146698746
https://openalex.org/W1978414205
https://openalex.org/W1965726213
https://openalex.org/W2152922502
https://openalex.org/W1970209587
https://openalex.org/W1980608838
https://openalex.org/W2023492178
https://openalex.org/W2057424383
https://openalex.org/W2057262152
https://openalex.org/W2118882175
https://openalex.org/W2060428907
https://openalex.org/W1974053385
https://openalex.org/W1964107498
https://openalex.org/W2104831363
https://openalex.org/W2041007576
https://openalex.org/W2408896751
https://openalex.org/W1981601285
https://openalex.org/W2047418531
https://openalex.org/W2170852135
https://openalex.org/W2590420428
https://openalex.org/W2063533726
https://openalex.org/W2329044376
https://openalex.org/W1975020331
https://openalex.org/W2563135393
https://openalex.org/W2300460779
https://openalex.org/W3011658446
https://openalex.org/W3129634911
https://openalex.org/W4206663355
https://openalex.org/W4281646039
https://openalex.org/W4360859289
https://openalex.org/W2059930869
https://openalex.org/W2073257015
https://openalex.org/W2133553818
https://openalex.org/W2121573370
https://openalex.org/W1991940780
https://openalex.org/W2046903184
https://openalex.org/W2041593252
https://openalex.org/W2140899365
https://openalex.org/W1974481324
https://openalex.org/W2139176740
https://openalex.org/W2151505143
https://openalex.org/W2034240997
https://openalex.org/W2036663374
https://openalex.org/W2043269645
https://openalex.org/W2126144989
https://openalex.org/W2135288028
https://openalex.org/W1966755938
https://openalex.org/W2128088172
https://openalex.org/W1971643726
https://openalex.org/W1996381338
https://openalex.org/W1996514699
https://openalex.org/W2286394241
https://openalex.org/W2005049238
https://openalex.org/W1575236942
https://openalex.org/W2113549270
https://openalex.org/W2033858940
https://openalex.org/W2082143192
https://openalex.org/W2094438867
https://openalex.org/W2012194261
https://openalex.org/W2323423078
https://openalex.org/W2051677864
https://openalex.org/W1591471995
https://openalex.org/W2734525528
https://openalex.org/W2725905232
https://openalex.org/W2951429485
https://openalex.org/W2028854137
https://openalex.org/W3033103661
https://openalex.org/W4200473740
https://openalex.org/W4317621284
https://openalex.org/W1998320018
https://openalex.org/W2036236167
https://openalex.org/W2020438636
https://openalex.org/W1985892848
https://openalex.org/W2029784251
https://openalex.org/W2065460807
https://openalex.org/W2077379034
https://openalex.org/W2082376605
https://openalex.org/W2155727084
https://openalex.org/W263672935
https://openalex.org/W2028935290
https://openalex.org/W1990059782
https://openalex.org/W2049720130
https://openalex.org/W2031024798
https://openalex.org/W2102250963
https://openalex.org/W2138354794
https://openalex.org/W264015876
https://openalex.org/W2050828517
https://openalex.org/W1996603455
https://openalex.org/W2075877928
https://openalex.org/W2082196648
https://openalex.org/W2169213915
https://openalex.org/W2027315973
https://openalex.org/W1998479056
https://openalex.org/W2325298473
https://openalex.org/W2415100749
https://openalex.org/W3121238947
https://openalex.org/W2745309600
https://openalex.org/W2735316918
https://openalex.org/W2887270992
https://openalex.org/W2610615389
https://openalex.org/W2914878893
https://openalex.org/W2282513107
https://openalex.org/W2793426955
https://openalex.org/W2919932749
https://openalex.org/W2991330128
https://openalex.org/W2949498167
https://openalex.org/W3184208410
https://openalex.org/W4282916608
https://openalex.org/W2082648562
https://openalex.org/W2155735794
https://openalex.org/W2040398234
https://openalex.org/W2100730312
https://openalex.org/W1993396211
https://openalex.org/W2099040777
https://openalex.org/W1978716440
https://openalex.org/W2065309664
https://openalex.org/W2085671383
https://openalex.org/W1999931813
https://openalex.org/W2030421325
https://openalex.org/W2073623493
https://openalex.org/W140212989
https://openalex.org/W2048299491
https://openalex.org/W2010928086
https://openalex.org/W4211067026
https://openalex.org/W2127510763
https://openalex.org/W1163486231
https://openalex.org/W1533291366
https://openalex.org/W97688058
https://openalex.org/W2043358044
https://openalex.org/W2085581104
https://openalex.org/W2130134651
https://openalex.org/W2308993340
https://openalex.org/W2768893420
https://openalex.org/W2214506218
https://openalex.org/W2399673856
https://openalex.org/W3158803294
https://openalex.org/W4200455145
https://openalex.org/W4319160462
https://openalex.org/W2072352499
https://openalex.org/W2053959077
https://openalex.org/W1976252594
https://openalex.org/W1978365796
https://openalex.org/W1993192688
https://openalex.org/W2034124626
https://openalex.org/W2157290625
https://openalex.org/W2056332226
https://openalex.org/W1979377478
https://openalex.org/W2059578916
https://openalex.org/W203555524
https://openalex.org/W2025764365
https://openalex.org/W2008087465
https://openalex.org/W2083117721
https://openalex.org/W1983436739
https://openalex.org/W2026718917
https://openalex.org/W2399321934
https://openalex.org/W2096460817
https://openalex.org/W2283666370
https://openalex.org/W2029090734
https://openalex.org/W1982310088
https://openalex.org/W1986188860
https://openalex.org/W2078841201
https://openalex.org/W1987585877
https://openalex.org/W2011608663
https://openalex.org/W2131715343
https://openalex.org/W2020024765
https://openalex.org/W2767461967
https://openalex.org/W2268597602
https://openalex.org/W2481226820
https://openalex.org/W2562196350
https://openalex.org/W2279630676
https://openalex.org/W2788504432
https://openalex.org/W3205495298
https://openalex.org/W4390545877
https://openalex.org/W4390946409
https://openalex.org/W4391438340
https://openalex.org/W4392486001
https://openalex.org/W4393386648
https://openalex.org/W4393850969
https://openalex.org/W4393932154
https://openalex.org/W4394618555
https://openalex.org/W4394770287
https://openalex.org/W4395065951
https://openalex.org/W2043455021
https://openalex.org/W2026097994
https://openalex.org/W2149762114
https://openalex.org/W2182628306
https://openalex.org/W2031166881
https://openalex.org/W3170876970
https://openalex.org/W2007407145
https://openalex.org/W2007162935
https://openalex.org/W2001714098
https://openalex.org/W2113781648
https://openalex.org/W1959643424
https://openalex.org/W2025066499
https://openalex.org/W1994304653
https://openalex.org/W2052631825
https://openalex.org/W2076063368
https://openalex.org/W1979148591
https://openalex.org/W2034784128
https://openalex.org/W1992781096
https://openalex.org/W2082811058
https://openalex.org/W2133921618
https://openalex.org/W1969055017
https://openalex.org/W2073193767
https://openalex.org/W2155376005
https://openalex.org/W2510133446
https://openalex.org/W2284155821
https://openalex.org/W2528839275
https://openalex.org/W2589798814
https://openalex.org/W2911589343
https://openalex.org/W2976714611
https://openalex.org/W2944497253
https://openalex.org/W2058219497
https://openalex.org/W2971880654
https://openalex.org/W3210996225
https://openalex.org/W4320712706
https://openalex.org/W4362600339
https://openalex.org/W4381839711
https://openalex.org/W4383709924
https://openalex.org/W4386165115
https://openalex.org/W1517070833
https://openalex.org/W1976336623
https://openalex.org/W2033100532
https://openalex.org/W1979996488
https://openalex.org/W1993559143
https://openalex.org/W2087916363
https://openalex.org/W2139893464
https://openalex.org/W2003594783
https://openalex.org/W2122025249
https://openalex.org/W2135414357
https://openalex.org/W2147063992
https://openalex.org/W170767053
https://openalex.org/W2064993700
https://openalex.org/W50863719
https://openalex.org/W2148433070
https://openalex.org/W2090668765
https://openalex.org/W1969633958
https://openalex.org/W2072060498
https://openalex.org/W2017941132
https://openalex.org/W2034457844
https://openalex.org/W1971524009
https://openalex.org/W2345871916
https://openalex.org/W2157566125
https://openalex.org/W2074481942
https://openalex.org/W2159913316
https://openalex.org/W1955607611
https://openalex.org/W2007312870
https://openalex.org/W2167053099
https://openalex.org/W2178494974
https://openalex.org/W2804583525
https://openalex.org/W1976927184
https://openalex.org/W2226059528
https://openalex.org/W2901898785
https://openalex.org/W2078456220
https://openalex.org/W3096338440
https://openalex.org/W3100286251
https://openalex.org/W3010212032
https://openalex.org/W3013248332
https://openalex.org/W3102340737
https://openalex.org/W3125611324
https://openalex.org/W4221027502
https://openalex.org/W4223524674
https://openalex.org/W4288051090
https://openalex.org/W2072691157
https://openalex.org/W1998170083
https://openalex.org/W2016947429
https://openalex.org/W2098137313
https://openalex.org/W2397198285
https://openalex.org/W2072454666
https://openalex.org/W1969884686
https://openalex.org/W1996122138
https://openalex.org/W1974364111
https://openalex.org/W1980217274
https://openalex.org/W2046320941
https://openalex.org/W2167645254
https://openalex.org/W2177081872
https://openalex.org/W2036897009
https://openalex.org/W2062423121
https://openalex.org/W2074555875
https://openalex.org/W2158168751
https://openalex.org/W2057958531
https://openalex.org/W2075284899
https://openalex.org/W2149699241
https://openalex.org/W2023247401
https://openalex.org/W2160158277
https://openalex.org/W2552229788
https://openalex.org/W2020925789
https://openalex.org/W2051177575
https://openalex.org/W2005222113
https://openalex.org/W2033350085
https://openalex.org/W2330732351
https://openalex.org/W2328569139
https://openalex.org/W2806727895
https://openalex.org/W2406091488
https://openalex.org/W3131710776
https://openalex.org/W3180947997
https://openalex.org/W4296094958
https://openalex.org/W2094847123
https://openalex.org/W2067870711
https://openalex.org/W2167224082
https://openalex.org/W2399333314
https://openalex.org/W2074853140
https://openalex.org/W2123394159
https://openalex.org/W2051679931
https://openalex.org/W1518454256
https://openalex.org/W1519904938
https://openalex.org/W2170384381
https://openalex.org/W2126346136
https://openalex.org/W2068254771
https://openalex.org/W1964066103
https://openalex.org/W1985392019
https://openalex.org/W2004329090
https://openalex.org/W2078372504
https://openalex.org/W1987374708
https://openalex.org/W2520918793
https://openalex.org/W2588636468
https://openalex.org/W3010988828
https://openalex.org/W1890056073
https://openalex.org/W2424171372
https://openalex.org/W2798019249
https://openalex.org/W2361511444
https://openalex.org/W3004116009
https://openalex.org/W3014891680
https://openalex.org/W2981169856
https://openalex.org/W3009333840
https://openalex.org/W3048289388
https://openalex.org/W3104175265
https://openalex.org/W3125656781
https://openalex.org/W3133752864
https://openalex.org/W3205973615
https://openalex.org/W1975786976
https://openalex.org/W2068535666
https://openalex.org/W2152344729
https://openalex.org/W2051352381
https://openalex.org/W2003633279
https://openalex.org/W2032726781
https://openalex.org/W2140231532
https://openalex.org/W2158800345
https://openalex.org/W1964719642
https://openalex.org/W2015340738
https://openalex.org/W2161135116
https://openalex.org/W2414236551
https://openalex.org/W2416289092
https://openalex.org/W2431848607
https://openalex.org/W2008486273
https://openalex.org/W2058662941
https://openalex.org/W2136241565
https://openalex.org/W2002616880
https://openalex.org/W1986836588
https://openalex.org/W2002297664
https://openalex.org/W1972813902
https://openalex.org/W2027385354
https://openalex.org/W2011231593
https://openalex.org/W2060002559
https://openalex.org/W1575982175
https://openalex.org/W2094642576
https://openalex.org/W2136028040
https://openalex.org/W2055991561
https://openalex.org/W2120570360
https://openalex.org/W2810733600
https://openalex.org/W172192205
https://openalex.org/W2080407509
https://openalex.org/W2498051497
https://openalex.org/W2169141747
https://openalex.org/W3135798571
https://openalex.org/W3157661973
https://openalex.org/W2038280273
https://openalex.org/W3128499013
https://openalex.org/W4224589280
https://openalex.org/W4296005568
https://openalex.org/W4317518591
https://openalex.org/W4322764426
https://openalex.org/W4367187737
https://openalex.org/W4385369006
https://openalex.org/W4389244024
https://openalex.org/W2010389477
https://openalex.org/W1971100217
https://openalex.org/W2011035555
https://openalex.org/W2342965783
https://openalex.org/W1985307771
https://openalex.org/W2022189643
https://openalex.org/W2130398556
https://openalex.org/W2802153755
https://openalex.org/W2037749164
https://openalex.org/W2094576795
https://openalex.org/W2125600919
https://openalex.org/W38568870
https://openalex.org/W2045989124
https://openalex.org/W1514966776
https://openalex.org/W1964597815
https://openalex.org/W2037166440
https://openalex.org/W1593850878
https://openalex.org/W2087785956
https://openalex.org/W2143264206
https://openalex.org/W1507572197
https://openalex.org/W2593214292
https://openalex.org/W2765408399
https://openalex.org/W2886286232
https://openalex.org/W2889986607
https://openalex.org/W2901054845
https://openalex.org/W1971693535
https://openalex.org/W2520364335
https://openalex.org/W2581768258
https://openalex.org/W1816133577
https://openalex.org/W2015012874
https://openalex.org/W1996556097
https://openalex.org/W2088197744
https://openalex.org/W2066512162
https://openalex.org/W2068484770
https://openalex.org/W2086490558
https://openalex.org/W190429563
https://openalex.org/W2007823096
https://openalex.org/W2115589196
https://openalex.org/W2175122215
https://openalex.org/W1996471735
https://openalex.org/W2466983994
https://openalex.org/W3122413891
https://openalex.org/W115470049
https://openalex.org/W3024628321
https://openalex.org/W2115120505
https://openalex.org/W1988336442
https://openalex.org/W1969568161
https://openalex.org/W2027624414
https://openalex.org/W2060725186
https://openalex.org/W2094679473
https://openalex.org/W2322160029
https://openalex.org/W2890523441
https://openalex.org/W2101985251
https://openalex.org/W2125129466
https://openalex.org/W2306216101
https://openalex.org/W2346985640
https://openalex.org/W3005738996
https://openalex.org/W2076179921
https://openalex.org/W2211228653
https://openalex.org/W1963778173
https://openalex.org/W2312470198
https://openalex.org/W2125844327
https://openalex.org/W1537260291
https://openalex.org/W2063698977
https://openalex.org/W1974548451
https://openalex.org/W1997058608
https://openalex.org/W2788564798
https://openalex.org/W1598312566
https://openalex.org/W2138476099
https://openalex.org/W2588420186
https://openalex.org/W3174991367
https://openalex.org/W4317438563
https://openalex.org/W1958451483
https://openalex.org/W1991764927
https://openalex.org/W4299880487
https://openalex.org/W1995825391
https://openalex.org/W2143873291
https://openalex.org/W1985345676
https://openalex.org/W2031841210
https://openalex.org/W2054647794
https://openalex.org/W1703141151
https://openalex.org/W1988880140
https://openalex.org/W2054226166
https://openalex.org/W2412722312
https://openalex.org/W2034639617
https://openalex.org/W2152269996
https://openalex.org/W1997977282
https://openalex.org/W2157916327
https://openalex.org/W2080951630
https://openalex.org/W2845138908
https://openalex.org/W1971235056
https://openalex.org/W2254413333
https://openalex.org/W2265302031
https://openalex.org/W2327000117
https://openalex.org/W2414559137
https://openalex.org/W2416262453
https://openalex.org/W2597822442
https://openalex.org/W2993939267
https://openalex.org/W3032937572
https://openalex.org/W3033084831
https://openalex.org/W1638109742
https://openalex.org/W2004335291
https://openalex.org/W2012196959
https://openalex.org/W2057632157
https://openalex.org/W2257741369
https://openalex.org/W2472015507
https://openalex.org/W1981750024
https://openalex.org/W2026325304
https://openalex.org/W2036376854
https://openalex.org/W2802357573
https://openalex.org/W2810387004
https://openalex.org/W2899941297
https://openalex.org/W3098441461
https://openalex.org/W1580168310
https://openalex.org/W1988439925
https://openalex.org/W2077673516
https://openalex.org/W2473851686
https://openalex.org/W2525168235
https://openalex.org/W2904112174
https://openalex.org/W2905459772
https://openalex.org/W3102049206
https://openalex.org/W3106180516
https://openalex.org/W3131001450
https://openalex.org/W2009875849
https://openalex.org/W2088965784
https://openalex.org/W24960002
https://openalex.org/W2084020594
https://openalex.org/W2022178531
https://openalex.org/W1516014329
https://openalex.org/W1905881222
https://openalex.org/W1983313876
https://openalex.org/W2059335308
https://openalex.org/W2069192296
https://openalex.org/W2091182494
https://openalex.org/W2463299434
https://openalex.org/W2410865262
https://openalex.org/W2051757981
https://openalex.org/W2411980962
https://openalex.org/W2792513227
https://openalex.org/W2939775300
https://openalex.org/W2975622123
https://openalex.org/W2998442264
https://openalex.org/W3012470651
https://openalex.org/W3039463171
https://openalex.org/W3121987676
https://openalex.org/W2283954980
https://openalex.org/W4206494037
https://openalex.org/W4211102102
https://openalex.org/W4226140990
https://openalex.org/W4280523596
https://openalex.org/W4284977379
https://openalex.org/W4307811008
https://openalex.org/W1989248671
https://openalex.org/W201366988
https://openalex.org/W2033324666
https://openalex.org/W2153315449
https://openalex.org/W2009733849
https://openalex.org/W1983753127
https://openalex.org/W2061474377
https://openalex.org/W2920908335
https://openalex.org/W1545285440
https://openalex.org/W2014343129
https://openalex.org/W2029096576
https://openalex.org/W3123739407
https://openalex.org/W2151516550
https://openalex.org/W2509993881
https://openalex.org/W2765372078
https://openalex.org/W2800907111
https://openalex.org/W3200952109
https://openalex.org/W2104510521
https://openalex.org/W2418714239
https://openalex.org/W1506800551
https://openalex.org/W2188714306
https://openalex.org/W2615703182
https://openalex.org/W1996107997
https://openalex.org/W2015433295
https://openalex.org/W2107416962
https://openalex.org/W2171839020
https://openalex.org/W2801809316
https://openalex.org/W2054484791
https://openalex.org/W2267208521
https://openalex.org/W2618095746
https://openalex.org/W2797664483
https://openalex.org/W2800868568
https://openalex.org/W2936083493
https://openalex.org/W2949793765
https://openalex.org/W3020051946
https://openalex.org/W3125048782
https://openalex.org/W1549851346
https://openalex.org/W2521718359
https://openalex.org/W2548208660
https://openalex.org/W2561744082
https://openalex.org/W4388539329
https://openalex.org/W2419221929
https://openalex.org/W1978815732
https://openalex.org/W4256330411
https://openalex.org/W2043188636
https://openalex.org/W2112108487
https://openalex.org/W2120862876
https://openalex.org/W2139954902
https://openalex.org/W2343297934
https://openalex.org/W1498894820
https://openalex.org/W1526154109
https://openalex.org/W1569553893
https://openalex.org/W1612026100
https://openalex.org/W2050653806
https://openalex.org/W2098389681
https://openalex.org/W2177354750
https://openalex.org/W2207961577
https://openalex.org/W2252194197
https://openalex.org/W2304733507
https://openalex.org/W2317283529
https://openalex.org/W2412044131
https://openalex.org/W2800776567
https://openalex.org/W2266882422
https://openalex.org/W2294139999
https://openalex.org/W4380606049
https://openalex.org/W4387436800
https://openalex.org/W2018571522
https://openalex.org/W4321372346
https://openalex.org/W4322099627
https://openalex.org/W4322722549
https://openalex.org/W4362525306
https://openalex.org/W4362533119
https://openalex.org/W4362547088
https://openalex.org/W4362630043
https://openalex.org/W4378083528
https://openalex.org/W4378806264
https://openalex.org/W4387866996
https://openalex.org/W4388725614
https://openalex.org/W4388947834
https://openalex.org/W4389247097
https://openalex.org/W4389485918
https://openalex.org/W4390128520
https://openalex.org/W4391622996
https://openalex.org/W4394183552
https://openalex.org/W261123653
https://openalex.org/W2420190063
https://openalex.org/W2125540165
https://openalex.org/W2153195450
https://openalex.org/W2401012633
https://openalex.org/W2421087373
https://openalex.org/W3194645462
https://openalex.org/W1969020389
https://openalex.org/W2486345972
https://openalex.org/W2496760369
https://openalex.org/W2765662847
https://openalex.org/W2786049836
https://openalex.org/W2802874486
https://openalex.org/W2204596182
https://openalex.org/W2399837163
https://openalex.org/W4377208359
https://openalex.org/W2016592927
https://openalex.org/W2112030543
https://openalex.org/W2009836952
https://openalex.org/W1481404807
https://openalex.org/W3125422650
https://openalex.org/W2002973567
https://openalex.org/W2266200749
https://openalex.org/W2799974505
https://openalex.org/W2803688491
https://openalex.org/W2803887458
https://openalex.org/W2892171829
https://openalex.org/W2908056351
https://openalex.org/W2908526523
https://openalex.org/W2924299820
https://openalex.org/W2951455019
https://openalex.org/W3007798423
https://openalex.org/W3028234351
https://openalex.org/W3033659266
https://openalex.org/W3041570976
https://openalex.org/W3095130175
https://openalex.org/W3132470905
https://openalex.org/W3201923071
https://openalex.org/W2108158867
https://openalex.org/W2247782065
https://openalex.org/W2366287539
https://openalex.org/W2400551818
https://openalex.org/W2417176068
https://openalex.org/W2470288779
https://openalex.org/W2587750662
https://openalex.org/W2750032015
https://openalex.org/W3202710086
https://openalex.org/W4206220865
https://openalex.org/W4255282926
https://openalex.org/W4280494470
https://openalex.org/W4281654236
https://openalex.org/W4293070804
https://openalex.org/W4295906848
https://openalex.org/W4301603506
https://openalex.org/W4313260072
https://openalex.org/W2173598491
https://openalex.org/W2084135614
https://openalex.org/W2403449390
https://openalex.org/W2410843365
https://openalex.org/W2430122973
https://openalex.org/W1968555064
https://openalex.org/W2407115954
https://openalex.org/W1853266150
https://openalex.org/W2468346353
https://openalex.org/W1996973830
https://openalex.org/W1604526345
https://openalex.org/W1931939361
https://openalex.org/W1972881266
https://openalex.org/W1977159615
https://openalex.org/W2005674032
https://openalex.org/W2091854736
https://openalex.org/W2094933404
https://openalex.org/W2114155101
https://openalex.org/W2179883179
https://openalex.org/W2332609879
https://openalex.org/W2336910999
https://openalex.org/W2414503235
https://openalex.org/W2514609698
https://openalex.org/W2887107403
https://openalex.org/W3122875367
https://openalex.org/W3125123028
https://openalex.org/W4252995208
https://openalex.org/W4312248949
https://openalex.org/W70863394
https://openalex.org/W93020543
https://openalex.org/W2760072909
https://openalex.org/W2291891797
https://openalex.org/W1984334555
https://openalex.org/W2007653033
https://openalex.org/W2044586625
https://openalex.org/W2132261122
https://openalex.org/W2418641836
https://openalex.org/W2468084528
https://openalex.org/W132857163
https://openalex.org/W146632252
https://openalex.org/W1593843633
https://openalex.org/W1666739884
https://openalex.org/W2197510858
https://openalex.org/W2408936102
https://openalex.org/W2608793926
https://openalex.org/W2623498711
https://openalex.org/W2736051533
https://openalex.org/W2746450352
https://openalex.org/W2799688953
https://openalex.org/W2920254157
https://openalex.org/W2950522399
https://openalex.org/W3014285106
https://openalex.org/W3123165166
https://openalex.org/W2042027785
https://openalex.org/W223805144
https://openalex.org/W2409206905
https://openalex.org/W2434346453
https://openalex.org/W65011631
https://openalex.org/W125683315
https://openalex.org/W149834622
https://openalex.org/W1547306106
https://openalex.org/W1597413898
https://openalex.org/W2487129351
https://openalex.org/W2737168170
https://openalex.org/W2782203575
https://openalex.org/W2792676362
https://openalex.org/W2799552010
https://openalex.org/W2917089844
https://openalex.org/W2954967723
https://openalex.org/W2990236572
https://openalex.org/W49837306
https://openalex.org/W2624439820
https://openalex.org/W2013843515
https://openalex.org/W2334491745
https://openalex.org/W2107510633
https://openalex.org/W4247357008
https://openalex.org/W2255193183
https://openalex.org/W231617270
https://openalex.org/W2923528004
https://openalex.org/W2945626947
https://openalex.org/W2977366154
https://openalex.org/W2979770370
https://openalex.org/W2998016934
https://openalex.org/W3024711853
https://openalex.org/W3043063871
https://openalex.org/W3048821607
https://openalex.org/W3094829102
https://openalex.org/W3113335452
https://openalex.org/W3123347785
https://openalex.org/W4230027342
https://openalex.org/W1601687604
https://openalex.org/W1985815869
https://openalex.org/W2014797424
https://openalex.org/W2802845816
https://openalex.org/W2065994276
https://openalex.org/W2088366041
https://openalex.org/W2765011822
https://openalex.org/W1576389043
https://openalex.org/W1968276491
https://openalex.org/W2182267511
https://openalex.org/W1591865136
https://openalex.org/W2079893733
https://openalex.org/W2120001038
https://openalex.org/W2402556573
https://openalex.org/W243536725
https://openalex.org/W126443005
https://openalex.org/W1981998132
https://openalex.org/W1984825231
https://openalex.org/W2036940445
https://openalex.org/W2257126252
https://openalex.org/W2427698896
https://openalex.org/W2403673054
https://openalex.org/W2417156158
https://openalex.org/W2467795250
https://openalex.org/W2470437848
https://openalex.org/W4377206437
https://openalex.org/W4377208328
https://openalex.org/W4380590430
https://openalex.org/W4387436797
https://openalex.org/W4387436801
https://openalex.org/W4391086228
https://openalex.org/W4391086240
https://openalex.org/W4391086461
https://openalex.org/W162637593
https://openalex.org/W2045337683
https://openalex.org/W2137440599
https://openalex.org/W2775312839
https://openalex.org/W2801530197
https://openalex.org/W806514471
https://openalex.org/W2417361516
https://openalex.org/W1701993229
https://openalex.org/W1852723828
https://openalex.org/W2005117727
https://openalex.org/W2014869151
https://openalex.org/W2061626482
https://openalex.org/W2181665234
https://openalex.org/W2186481449
https://openalex.org/W2186497657
https://openalex.org/W2187135337
https://openalex.org/W2205686863
https://openalex.org/W2241302819
https://openalex.org/W2294624978
https://openalex.org/W2299552756
https://openalex.org/W2342938377
https://openalex.org/W2396179716
https://openalex.org/W2396361963
https://openalex.org/W2399645089
https://openalex.org/W2400151430
https://openalex.org/W2402727335
https://openalex.org/W2417095823
https://openalex.org/W2419275021
https://openalex.org/W2470066718
https://openalex.org/W2477372069
https://openalex.org/W2487606439
https://openalex.org/W2521281302
https://openalex.org/W2524478605
https://openalex.org/W2530021133
https://openalex.org/W2587585939
https://openalex.org/W2600605534
https://openalex.org/W2746737408
https://openalex.org/W2799905537
https://openalex.org/W2801576043
https://openalex.org/W2908429670
https://openalex.org/W2953179159
https://openalex.org/W2969597907
https://openalex.org/W3022900308
https://openalex.org/W3117955570
https://openalex.org/W3122771564
https://openalex.org/W3123781806
https://openalex.org/W3124012395
https://openalex.org/W3125675431
https://openalex.org/W3126087799
https://openalex.org/W3133667343
https://openalex.org/W3147519372
https://openalex.org/W4236033342
https://openalex.org/W4242227192
https://openalex.org/W4245864417
https://openalex.org/W4299612378
https://openalex.org/W4321145777
https://openalex.org/W4376463197
https://openalex.org/W4385964188
https://openalex.org/W153647494
https://openalex.org/W2410758687
https://openalex.org/W1481818882
https://openalex.org/W1998447158
https://openalex.org/W2030228535
https://openalex.org/W2403671599
https://openalex.org/W4236430091
https://openalex.org/W137216776
https://openalex.org/W1661448190
https://openalex.org/W170037555
https://openalex.org/W173267411
https://openalex.org/W1907729576
https://openalex.org/W1964712693
https://openalex.org/W1973453022
https://openalex.org/W1996335334
https://openalex.org/W2005590678
https://openalex.org/W2024657707
https://openalex.org/W2065346351
https://openalex.org/W2087264661
https://openalex.org/W2094108583
https://openalex.org/W2098603205
https://openalex.org/W2144224607
https://openalex.org/W2144601912
https://openalex.org/W2186057606
https://openalex.org/W2188525777
https://openalex.org/W2298026571
https://openalex.org/W2319144665
https://openalex.org/W2323568099
https://openalex.org/W2335655014
https://openalex.org/W2338731955
https://openalex.org/W2341356502
https://openalex.org/W2345245568
https://openalex.org/W2395725205
https://openalex.org/W2414888435
https://openalex.org/W2417041223
https://openalex.org/W2426870124
https://openalex.org/W2432040058
https://openalex.org/W2440938800
https://openalex.org/W2467116746
https://openalex.org/W2529025839
https://openalex.org/W2553776242
https://openalex.org/W2555798283
https://openalex.org/W269366563
https://openalex.org/W2796498908
https://openalex.org/W2944426657
https://openalex.org/W2969857097
https://openalex.org/W3000248117
https://openalex.org/W3021255029
https://openalex.org/W3021490464
https://openalex.org/W3045415425
https://openalex.org/W3090829534
https://openalex.org/W3094304084
https://openalex.org/W3121279066
https://openalex.org/W3121512115
https://openalex.org/W3121599093
https://openalex.org/W3121639066
https://openalex.org/W3121762366
https://openalex.org/W3121884867
https://openalex.org/W3121936529
https://openalex.org/W3122846750
https://openalex.org/W3123789535
https://openalex.org/W3124455689
https://openalex.org/W3126139195
https://openalex.org/W4247459573
https://openalex.org/W4252438972
https://openalex.org/W4255240250
https://openalex.org/W4298324586
https://openalex.org/W4300472262
https://openalex.org/W4378008864
https://openalex.org/W4380684619
https://openalex.org/W4386492178
https://openalex.org/W4391086256
https://openalex.org/W2415581593
https://openalex.org/W2415144621
https://openalex.org/W2418224521
https://openalex.org/W2419268893
https://openalex.org/W2741943443
https://openalex.org/W1016042847
https://openalex.org/W1519668964
https://openalex.org/W1835841750
https://openalex.org/W1967461858
https://openalex.org/W2042657633
https://openalex.org/W2179227694
https://openalex.org/W2290721070
https://openalex.org/W2325817178
https://openalex.org/W2331875966
https://openalex.org/W2344897370
https://openalex.org/W2409410632
https://openalex.org/W2413296413
https://openalex.org/W2416515350
https://openalex.org/W2474429856
https://openalex.org/W2479769756
https://openalex.org/W2484528319
https://openalex.org/W2500681306
https://openalex.org/W2600154689
https://openalex.org/W2606651308
https://openalex.org/W2612414392
https://openalex.org/W2613043094
https://openalex.org/W2617576601
https://openalex.org/W2767166122
https://openalex.org/W2782092615
https://openalex.org/W2783811698
https://openalex.org/W2799708822
https://openalex.org/W2799968375
https://openalex.org/W2799984943
https://openalex.org/W2800129971
https://openalex.org/W2801273763
https://openalex.org/W2801483753
https://openalex.org/W2801700515
https://openalex.org/W2803062031
https://openalex.org/W2905430307
https://openalex.org/W2906499545
https://openalex.org/W2975157687
https://openalex.org/W3088762859
https://openalex.org/W3112017819
https://openalex.org/W3122267016
https://openalex.org/W3122914882
https://openalex.org/W3123414965
https://openalex.org/W3124333942
https://openalex.org/W3126091908
https://openalex.org/W3214462258
https://openalex.org/W337541108
https://openalex.org/W4237656044
https://openalex.org/W4241667904
https://openalex.org/W4300649055
https://openalex.org/W44214723
https://openalex.org/W618586037
https://openalex.org/W2244304603
https://openalex.org/W2397280308
https://openalex.org/W1414549592
https://openalex.org/W1455222731
https://openalex.org/W164341091
https://openalex.org/W2001453115
https://openalex.org/W201082597
https://openalex.org/W2011592649
https://openalex.org/W2166883006
https://openalex.org/W2343760689
https://openalex.org/W2400342589
https://openalex.org/W2403188096
https://openalex.org/W2416258360
https://openalex.org/W2626664184
https://openalex.org/W2734457832
https://openalex.org/W2746256872
https://openalex.org/W2800990164
https://openalex.org/W3006741953
https://openalex.org/W3122770918
https://openalex.org/W3123363868
https://openalex.org/W3125528821
https://openalex.org/W3165445896
https://openalex.org/W4205377615
https://openalex.org/W4205599444
https://openalex.org/W4225309838
https://openalex.org/W4281988345
https://openalex.org/W4282970699
https://openalex.org/W4283695048
https://openalex.org/W4304014201
https://openalex.org/W4310382544
https://openalex.org/W4311438497
https://openalex.org/W4313053879
https://openalex.org/W4394310429
https://openalex.org/W4394442967
https://openalex.org/W1995620358
https://openalex.org/W2039355042
https://openalex.org/W2065086374
https://openalex.org/W2208851979
https://openalex.org/W2439023290
https://openalex.org/W1937378326
https://openalex.org/W2023973043
https://openalex.org/W2033294084
https://openalex.org/W2038666204
https://openalex.org/W2104696962
https://openalex.org/W2112658457
https://openalex.org/W2132582176
https://openalex.org/W2141741509
https://openalex.org/W2344135946
https://openalex.org/W2405611516
https://openalex.org/W2413231811
https://openalex.org/W2544951667
https://openalex.org/W2795690566
https://openalex.org/W2801522587
https://openalex.org/W2801655483
https://openalex.org/W2801665280
https://openalex.org/W2803882854
https://openalex.org/W2804145130
https://openalex.org/W2808314530
https://openalex.org/W2884702905
https://openalex.org/W2888848182
https://openalex.org/W2891605780
https://openalex.org/W2897290016
https://openalex.org/W2905673380
https://openalex.org/W2906610955
https://openalex.org/W2909797156
https://openalex.org/W2910972290
https://openalex.org/W2912811625
https://openalex.org/W2914148502
https://openalex.org/W2915010517
https://openalex.org/W2924537076
https://openalex.org/W2924611222
https://openalex.org/W2933269424
https://openalex.org/W2945341090
https://openalex.org/W2955874894
https://openalex.org/W2964238262
https://openalex.org/W2966071824
https://openalex.org/W2967966198
https://openalex.org/W2968413741
https://openalex.org/W2974063506
https://openalex.org/W2975806938
https://openalex.org/W2990398823
https://openalex.org/W2995400499
https://openalex.org/W2995406701
https://openalex.org/W2996178836
https://openalex.org/W2997605428
https://openalex.org/W2998683955
https://openalex.org/W3008485336
https://openalex.org/W3024299785
https://openalex.org/W3083364562
https://openalex.org/W3091867779
https://openalex.org/W3125209711
https://openalex.org/W3125463971
https://openalex.org/W3125602365
https://openalex.org/W3125686662
https://openalex.org/W3126086294
https://openalex.org/W3205080851
https://openalex.org/W4248304536
https://openalex.org/W4252441786
https://openalex.org/W4394510403
https://openalex.org/W852839743
https://openalex.org/W1910305838
https://openalex.org/W1971838891
https://openalex.org/W2038942673
https://openalex.org/W2407748286
https://openalex.org/W2409667677
https://openalex.org/W2426821270
https://openalex.org/W2433641905
https://openalex.org/W2464786005
https://openalex.org/W2467512220
https://openalex.org/W4364321908
https://openalex.org/W1558655878
https://openalex.org/W2103258537
https://openalex.org/W2108307778
https://openalex.org/W2169577986
https://openalex.org/W2248013911
https://openalex.org/W2409117106
https://openalex.org/W2493510662
https://openalex.org/W2799647059
https://openalex.org/W2801970470
https://openalex.org/W2917572629
https://openalex.org/W2924136653
https://openalex.org/W2949366299
https://openalex.org/W2971995357
https://openalex.org/W3008877371
https://openalex.org/W3016995876
https://openalex.org/W3034664299
https://openalex.org/W3035009217
https://openalex.org/W3035191858
https://openalex.org/W3035429115
https://openalex.org/W3047327950
https://openalex.org/W3049311437
https://openalex.org/W3093616756
https://openalex.org/W3096248181
https://openalex.org/W3097130022
https://openalex.org/W3097293422
https://openalex.org/W3108195433
https://openalex.org/W3119947140
https://openalex.org/W3122196176
https://openalex.org/W3148361922
https://openalex.org/W3168147849
https://openalex.org/W4212804669
https://openalex.org/W4213444236
https://openalex.org/W4239129014
https://openalex.org/W4302554119
https://openalex.org/W4313383469
https://openalex.org/W624116048
https://openalex.org/W84489817
https://openalex.org/W1589754433
https://openalex.org/W2038283467
https://openalex.org/W2128616567
https://openalex.org/W2184876437
https://openalex.org/W2185182634
https://openalex.org/W2294190635
https://openalex.org/W2401163094
https://openalex.org/W2409920978
https://openalex.org/W2417280536
https://openalex.org/W2419513393
https://openalex.org/W2460962535
https://openalex.org/W2465757343
https://openalex.org/W28223487
https://openalex.org/W3124724665
https://openalex.org/W4299887560
https://openalex.org/W1965425737
https://openalex.org/W1980140147
https://openalex.org/W2010989301
https://openalex.org/W2012515453
https://openalex.org/W2013589769
https://openalex.org/W207318787
https://openalex.org/W2618176735
https://openalex.org/W2735701718
https://openalex.org/W2802217729
https://openalex.org/W3008510665
https://openalex.org/W3122515656
https://openalex.org/W3122931623
https://openalex.org/W3123448108
https://openalex.org/W3124320638
https://openalex.org/W3126986553
https://openalex.org/W3139185383
https://openalex.org/W3158425064
https://openalex.org/W3175997962
https://openalex.org/W3188096844
https://openalex.org/W4206673696
https://openalex.org/W4237180709
https://openalex.org/W4391077167
https://openalex.org/W82049305
https://openalex.org/W1964221327
https://openalex.org/W2027314115
https://openalex.org/W2273480210
https://openalex.org/W2324407481
https://openalex.org/W2414746459
https://openalex.org/W2430559985
https://openalex.org/W2471011793
https://openalex.org/W2524300198
https://openalex.org/W387067200
https://openalex.org/W4240478132
https://openalex.org/W4243349579
https://openalex.org/W625236890
https://openalex.org/W658759459
https://openalex.org/W2404481124
https://openalex.org/W2407077142
https://openalex.org/W2410406994
https://openalex.org/W2411896973
https://openalex.org/W2461715608
https://openalex.org/W2463460489
https://openalex.org/W2465881286
https://openalex.org/W1563590546
https://openalex.org/W2070733512
https://openalex.org/W2205054354
https://openalex.org/W2399489921
https://openalex.org/W2399852636
https://openalex.org/W2412842838
https://openalex.org/W2418182525
https://openalex.org/W2470055468
https://openalex.org/W2473640279
https://openalex.org/W2616839370
https://openalex.org/W2620035508
https://openalex.org/W2620242868
https://openalex.org/W2623752108
https://openalex.org/W2740033914
https://openalex.org/W2951490262
https://openalex.org/W4300194463
https://openalex.org/W570193904
https://openalex.org/W572404430
https://openalex.org/W648676754
https://openalex.org/W1019814193
https://openalex.org/W1995156112
https://openalex.org/W2014045552
https://openalex.org/W2026741005
https://openalex.org/W2035435505
https://openalex.org/W2051773985
https://openalex.org/W2053165326
https://openalex.org/W2059112005
https://openalex.org/W2269249051
https://openalex.org/W2403392632
https://openalex.org/W2403451052
https://openalex.org/W2406374112
https://openalex.org/W2411845368
https://openalex.org/W2413087160
https://openalex.org/W2413787267
https://openalex.org/W2415379279
https://openalex.org/W2415646420
https://openalex.org/W2550260999
https://openalex.org/W2622463495
https://openalex.org/W2626164711
https://openalex.org/W2757354197
https://openalex.org/W2778834294
https://openalex.org/W4231379082
https://openalex.org/W4233585648
https://openalex.org/W4239836433
https://openalex.org/W4243965735
https://openalex.org/W4244183553
https://openalex.org/W4249030364
https://openalex.org/W4256261826
https://openalex.org/W4391608355
https://openalex.org/W577126166
https://openalex.org/W602264797
https://openalex.org/W630934792
https://openalex.org/W898551488
https://openalex.org/W1642666100
https://openalex.org/W2068196107
https://openalex.org/W2399846077
https://openalex.org/W2411800215
https://openalex.org/W2412516997
https://openalex.org/W2416597581
https://openalex.org/W2436665727
https://openalex.org/W2468445655
https://openalex.org/W2592863658
https://openalex.org/W2991970728
https://openalex.org/W38857287
https://openalex.org/W4241731012
https://openalex.org/W645448828
https://openalex.org/W849074822
https://openalex.org/W1135981645
https://openalex.org/W1139297662
https://openalex.org/W1481156146
https://openalex.org/W2079490223
https://openalex.org/W2178138285
https://openalex.org/W2395075582
https://openalex.org/W2406061069
https://openalex.org/W2406473007
https://openalex.org/W2406795535
https://openalex.org/W2407483271
https://openalex.org/W2408555135
https://openalex.org/W2409508805
https://openalex.org/W2409993882
https://openalex.org/W2410514270
https://openalex.org/W2411216283
https://openalex.org/W2411564345
https://openalex.org/W2411643791
https://openalex.org/W2411781270
https://openalex.org/W2413534861
https://openalex.org/W2415808677
https://openalex.org/W2418203154
https://openalex.org/W2425851079
https://openalex.org/W2444174732
https://openalex.org/W2471397278
https://openalex.org/W2471807504
https://openalex.org/W2581216722
https://openalex.org/W2592026412
https://openalex.org/W2600856863
https://openalex.org/W2613752229
https://openalex.org/W2801886030
https://openalex.org/W2808670614
https://openalex.org/W2921126502
https://openalex.org/W2949194022
https://openalex.org/W2949410635
https://openalex.org/W2951501790
https://openalex.org/W2990047424
https://openalex.org/W2991972561
https://openalex.org/W2992084549
https://openalex.org/W3197268504
https://openalex.org/W3198962850
https://openalex.org/W942662181
https://openalex.org/W958442957
https://openalex.org/W97672470
https://openalex.org/W2102200338
https://openalex.org/W1995903777
https://openalex.org/W2010365184
https://openalex.org/W2120312641
https://openalex.org/W2185752871
https://openalex.org/W2118304946
https://openalex.org/W2126302311
https://openalex.org/W2067253669
https://openalex.org/W2055689670
https://openalex.org/W2022437883
https://openalex.org/W2963795951
https://openalex.org/W1990717412
https://openalex.org/W2093445010
https://openalex.org/W3139026324
https://openalex.org/W1947283864
https://openalex.org/W2072232009
https://openalex.org/W2161315957
https://openalex.org/W1986874010
https://openalex.org/W1540250989
https://openalex.org/W1994860823
https://openalex.org/W2066005581
https://openalex.org/W2178803542
https://openalex.org/W1827848544
https://openalex.org/W2324892055
https://openalex.org/W1974362173
https://openalex.org/W2166978545
https://openalex.org/W2783535300
https://openalex.org/W2886443245
https://openalex.org/W2083119172
https://openalex.org/W2142996775
https://openalex.org/W1980255625
https://openalex.org/W1981781955
https://openalex.org/W2028734359
https://openalex.org/W2025812544
https://openalex.org/W1976259602
https://openalex.org/W2124658853
https://openalex.org/W2963805953
https://openalex.org/W2131768110
https://openalex.org/W2108404684
https://openalex.org/W2092288223
https://openalex.org/W2158956153
https://openalex.org/W2624603405
https://openalex.org/W2004106419
https://openalex.org/W2041390734
https://openalex.org/W3145178692
https://openalex.org/W2172207578
https://openalex.org/W3072837421
https://openalex.org/W2125854396
https://openalex.org/W2114175695
https://openalex.org/W2124124969
https://openalex.org/W97693064
https://openalex.org/W2008103688
https://openalex.org/W1487230298
https://openalex.org/W2036006098
https://openalex.org/W2336403884
https://openalex.org/W2130456602
https://openalex.org/W2025732397
https://openalex.org/W2778764040
https://openalex.org/W1996579457
https://openalex.org/W2056931625
https://openalex.org/W3136053247
https://openalex.org/W2019561496
https://openalex.org/W2115196924
https://openalex.org/W2143060519
https://openalex.org/W2087214757
https://openalex.org/W2169493155
https://openalex.org/W2067458000
https://openalex.org/W1482815597
https://openalex.org/W2170296202
https://openalex.org/W3136594673
https://openalex.org/W2144790654
https://openalex.org/W1528063097
https://openalex.org/W2155598147
https://openalex.org/W2013075925
https://openalex.org/W2962790054
https://openalex.org/W2113441355
https://openalex.org/W1968381457
https://openalex.org/W1883248133
https://openalex.org/W1932380673
https://openalex.org/W2059466819
https://openalex.org/W2388765709
https://openalex.org/W1870020546
https://openalex.org/W2103945120
https://openalex.org/W2962803115
https://openalex.org/W1930054094
https://openalex.org/W2999275944
https://openalex.org/W2061851373
https://openalex.org/W2010243644
https://openalex.org/W2011128100
https://openalex.org/W2036742985
https://openalex.org/W2095661305
https://openalex.org/W2055887948
https://openalex.org/W2792590633
https://openalex.org/W2005853603
https://openalex.org/W2314634653
https://openalex.org/W3198097576
https://openalex.org/W2121091546
https://openalex.org/W2132391022
https://openalex.org/W2121765205
https://openalex.org/W3093204259
https://openalex.org/W2341046327
https://openalex.org/W2222106751
https://openalex.org/W2963924008
https://openalex.org/W2464938060
https://openalex.org/W2746350222
https://openalex.org/W2923295838
https://openalex.org/W2946571005
https://openalex.org/W3211999566
https://openalex.org/W3123599388
https://openalex.org/W4378233953
https://openalex.org/W2149167202
https://openalex.org/W2103978011
https://openalex.org/W2103844417
https://openalex.org/W2004415067
https://openalex.org/W1571604258
https://openalex.org/W2013876337
https://openalex.org/W2164275917
https://openalex.org/W1975115275
https://openalex.org/W1963878379
https://openalex.org/W2171957007
https://openalex.org/W2115537133
https://openalex.org/W2030334534
https://openalex.org/W2092152053
https://openalex.org/W2105854624
https://openalex.org/W2156348596
https://openalex.org/W2150332104
https://openalex.org/W2180705162
https://openalex.org/W2146688665
https://openalex.org/W4236880866
https://openalex.org/W2119030642
https://openalex.org/W1814728082
https://openalex.org/W2045180938
https://openalex.org/W2063004914
https://openalex.org/W2005022824
https://openalex.org/W1246883827
https://openalex.org/W2066639449
https://openalex.org/W2029180251
https://openalex.org/W2075611923
https://openalex.org/W2141184574
https://openalex.org/W2010450636
https://openalex.org/W2113196678
https://openalex.org/W2037595728
https://openalex.org/W2051837317
https://openalex.org/W2046040950
https://openalex.org/W2133997161
https://openalex.org/W2022701841
https://openalex.org/W2071294321
https://openalex.org/W2154833888
https://openalex.org/W2077658177
https://openalex.org/W2075698530
https://openalex.org/W2127657997
https://openalex.org/W2051347688
https://openalex.org/W2049273909
https://openalex.org/W2154482756
https://openalex.org/W1491152520
https://openalex.org/W2020065187
https://openalex.org/W2397246868
https://openalex.org/W2033403193
https://openalex.org/W2083061846
https://openalex.org/W2064114760
https://openalex.org/W2069975590
https://openalex.org/W2122085015
https://openalex.org/W2162997485
https://openalex.org/W2164282511
https://openalex.org/W1969846931
https://openalex.org/W1982791066
https://openalex.org/W2077739882
https://openalex.org/W1886885333
https://openalex.org/W2100383758
https://openalex.org/W2141355815
https://openalex.org/W4252552872
https://openalex.org/W1993769405
https://openalex.org/W1571623048
https://openalex.org/W1974052117
https://openalex.org/W2172220136
https://openalex.org/W2118439990
https://openalex.org/W1489687040
https://openalex.org/W2026191658
https://openalex.org/W2165440636
https://openalex.org/W2141690628
https://openalex.org/W2015546278
https://openalex.org/W561187501
https://openalex.org/W2030453091
https://openalex.org/W2110850040
https://openalex.org/W2552908002
https://openalex.org/W2793228617
https://openalex.org/W4233785233
https://openalex.org/W2170300022
https://openalex.org/W2005109946
https://openalex.org/W2047779269
https://openalex.org/W2465511308
https://openalex.org/W1787557359
https://openalex.org/W2004673373
https://openalex.org/W2557438124
https://openalex.org/W2468802236
https://openalex.org/W1600647604
https://openalex.org/W2163693807
https://openalex.org/W2031623949
https://openalex.org/W2139019684
https://openalex.org/W2157171193
https://openalex.org/W2114121671
https://openalex.org/W2130751540
https://openalex.org/W1984329838
https://openalex.org/W2517959782
https://openalex.org/W2266108443
https://openalex.org/W4288083805
https://openalex.org/W2161726442
https://openalex.org/W2158776332
https://openalex.org/W2122016008
https://openalex.org/W2117512154
https://openalex.org/W2134187169
https://openalex.org/W2776446922
https://openalex.org/W2587989762
https://openalex.org/W1972014290
https://openalex.org/W1977774297
https://openalex.org/W1921895346
https://openalex.org/W2460134573
https://openalex.org/W2981670313
https://openalex.org/W2774291319
https://openalex.org/W2345761769
https://openalex.org/W3104069527
https://openalex.org/W2399253861
https://openalex.org/W2975082255
https://openalex.org/W3080711293
https://openalex.org/W3028543194
https://openalex.org/W3161846845
https://openalex.org/W3111969663
https://openalex.org/W3136313359
https://openalex.org/W3018960895
https://openalex.org/W3192252346
https://openalex.org/W3127900188
https://openalex.org/W4283712614
https://openalex.org/W4213072361
https://openalex.org/W4210701631
https://openalex.org/W4224884321
https://openalex.org/W4210516796
https://openalex.org/W4281645136
https://openalex.org/W4210668396
https://openalex.org/W4318473504
https://openalex.org/W4378233261
https://openalex.org/W4378233371
https://openalex.org/W4378234285
https://openalex.org/W2038537658
https://openalex.org/W2019940736
https://openalex.org/W2049790073
https://openalex.org/W2058332165
https://openalex.org/W2115486033
https://openalex.org/W2126412899
https://openalex.org/W2008048680
https://openalex.org/W2020570654
https://openalex.org/W2137256995
https://openalex.org/W2160537733
https://openalex.org/W2111027459
https://openalex.org/W2145511322
https://openalex.org/W2227563457
https://openalex.org/W4240980853
https://openalex.org/W2077553640
https://openalex.org/W2115297572
https://openalex.org/W1968828872
https://openalex.org/W2017809267
https://openalex.org/W2085448604
https://openalex.org/W4241521373
https://openalex.org/W1572741274
https://openalex.org/W1999052676
https://openalex.org/W2042172662
https://openalex.org/W2119927936
https://openalex.org/W2005142839
https://openalex.org/W2083769497
https://openalex.org/W2134882036
https://openalex.org/W2024379746
https://openalex.org/W2010706892
https://openalex.org/W2115112615
https://openalex.org/W2139183231
https://openalex.org/W2050714163
https://openalex.org/W2144180849
https://openalex.org/W3142970622
https://openalex.org/W2003976297
https://openalex.org/W1940563701
https://openalex.org/W2045533584
https://openalex.org/W2050911156
https://openalex.org/W3139804307
https://openalex.org/W1978807821
https://openalex.org/W2053694777
https://openalex.org/W2025487427
https://openalex.org/W2053591502
https://openalex.org/W2132707399
https://openalex.org/W2033047596
https://openalex.org/W2119813807
https://openalex.org/W1969517584
https://openalex.org/W2093796197
https://openalex.org/W2157375720
https://openalex.org/W2149462058
https://openalex.org/W2330831003
https://openalex.org/W2120900629
https://openalex.org/W1484873854
https://openalex.org/W2068652369
https://openalex.org/W1977853445
https://openalex.org/W2032792925
https://openalex.org/W1982615311
https://openalex.org/W2017719567
https://openalex.org/W2020374367
https://openalex.org/W2038207524
https://openalex.org/W2100560035
https://openalex.org/W2016901948
https://openalex.org/W1758470730
https://openalex.org/W2032020911
https://openalex.org/W2144330418
https://openalex.org/W1995072592
https://openalex.org/W2046752030
https://openalex.org/W2141938647
https://openalex.org/W1979552540
https://openalex.org/W2065274193
https://openalex.org/W2113097828
https://openalex.org/W2094723358
https://openalex.org/W1980420259
https://openalex.org/W2039875616
https://openalex.org/W1963972262
https://openalex.org/W2142447950
https://openalex.org/W2159980848
https://openalex.org/W1967509942
https://openalex.org/W1541809062
https://openalex.org/W2144254438
https://openalex.org/W2221298318
https://openalex.org/W2750239130
https://openalex.org/W2145277459
https://openalex.org/W2005256556
https://openalex.org/W2789929699
https://openalex.org/W2066934418
https://openalex.org/W1987746388
https://openalex.org/W2169992457
https://openalex.org/W2565179672
https://openalex.org/W2062106885
https://openalex.org/W2152637649
https://openalex.org/W2089053759
https://openalex.org/W2098480500
https://openalex.org/W2791824164
https://openalex.org/W2138108742
https://openalex.org/W2584006550
https://openalex.org/W2178059193
https://openalex.org/W2190487559
https://openalex.org/W2948231830
https://openalex.org/W2777542469
https://openalex.org/W2886169094
https://openalex.org/W2990806702
https://openalex.org/W2971982711
https://openalex.org/W2625938395
https://openalex.org/W2531760180
https://openalex.org/W2800121990
https://openalex.org/W2962929633
https://openalex.org/W3110330080
https://openalex.org/W3111431480
https://openalex.org/W3047453848
https://openalex.org/W2962770523
https://openalex.org/W3158804844
https://openalex.org/W3134909472
https://openalex.org/W3175195314
https://openalex.org/W3176212189
https://openalex.org/W4205465778
https://openalex.org/W4291017131
https://openalex.org/W4313532526
https://openalex.org/W4378233644
https://openalex.org/W4378417657
https://openalex.org/W4360849824
https://openalex.org/W4378233304
https://openalex.org/W4378233840
https://openalex.org/W4389264471
https://openalex.org/W2126534619
https://openalex.org/W2031313044
https://openalex.org/W1970883959
https://openalex.org/W2138330296
https://openalex.org/W1972269754
https://openalex.org/W2184607113
https://openalex.org/W2004549823
https://openalex.org/W1969555321
https://openalex.org/W2016846631
https://openalex.org/W1483003116
https://openalex.org/W2114005160
https://openalex.org/W2123769254
https://openalex.org/W1980167687
https://openalex.org/W2064384777
https://openalex.org/W2127070613
https://openalex.org/W4213095143
https://openalex.org/W2193773500
https://openalex.org/W2044409792
https://openalex.org/W2115090234
https://openalex.org/W2087061417
https://openalex.org/W2164569315
https://openalex.org/W1527466416
https://openalex.org/W2055793364
https://openalex.org/W1996135397
https://openalex.org/W2006328183
https://openalex.org/W1965008481
https://openalex.org/W2048226005
https://openalex.org/W2081860395
https://openalex.org/W2136655227
https://openalex.org/W2137475121
https://openalex.org/W2164047143
https://openalex.org/W1835561900
https://openalex.org/W2053229370
https://openalex.org/W2141206623
https://openalex.org/W1963598011
https://openalex.org/W2109212342
https://openalex.org/W2057513783
https://openalex.org/W2072429592
https://openalex.org/W2328100111
https://openalex.org/W1531016194
https://openalex.org/W2051440558
https://openalex.org/W2053982294
https://openalex.org/W2101932693
https://openalex.org/W2004864159
https://openalex.org/W2106658317
https://openalex.org/W2140137670
https://openalex.org/W2175475070
https://openalex.org/W2015214117
https://openalex.org/W2026292413
https://openalex.org/W2095513092
https://openalex.org/W2136925321
https://openalex.org/W2127107636
https://openalex.org/W1974015017
https://openalex.org/W2014810388
https://openalex.org/W2102579733
https://openalex.org/W1965605102
https://openalex.org/W1988280153
https://openalex.org/W2006794502
https://openalex.org/W2069719625
https://openalex.org/W1997387448
https://openalex.org/W2072900403
https://openalex.org/W349800315
https://openalex.org/W1983587780
https://openalex.org/W1984887396
https://openalex.org/W2011448748
https://openalex.org/W2041726738
https://openalex.org/W2067449580
https://openalex.org/W2039560604
https://openalex.org/W2118346682
https://openalex.org/W2131720600
https://openalex.org/W3123089525
https://openalex.org/W1989723520
https://openalex.org/W2566780645
https://openalex.org/W2810120972
https://openalex.org/W2134337709
https://openalex.org/W2518731606
https://openalex.org/W2147774256
https://openalex.org/W2207258529
https://openalex.org/W2262727519
https://openalex.org/W2347163380
https://openalex.org/W2809595622
https://openalex.org/W2327816982
https://openalex.org/W2963310072
https://openalex.org/W2919574247
https://openalex.org/W3034804856
https://openalex.org/W3043351208
https://openalex.org/W3003700434
https://openalex.org/W2095542360
https://openalex.org/W3007798018
https://openalex.org/W3106920598
https://openalex.org/W3182165708
https://openalex.org/W3119780144
https://openalex.org/W3121021049
https://openalex.org/W4205449809
https://openalex.org/W4226165258
https://openalex.org/W4214929889
https://openalex.org/W4309247856
https://openalex.org/W4226196786
https://openalex.org/W4319021623
https://openalex.org/W4366978281
https://openalex.org/W4318614057
https://openalex.org/W4323655538
https://openalex.org/W4361228798
https://openalex.org/W4378234998
https://openalex.org/W4378235019
https://openalex.org/W2147147577
https://openalex.org/W2101359736
https://openalex.org/W1994708118
https://openalex.org/W4242783765
https://openalex.org/W2010357548
https://openalex.org/W2054025739
https://openalex.org/W2120303759
https://openalex.org/W2333511242
https://openalex.org/W2065877794
https://openalex.org/W1855383459
https://openalex.org/W2019056614
https://openalex.org/W2075827648
https://openalex.org/W2109740015
https://openalex.org/W4240221050
https://openalex.org/W2033943481
https://openalex.org/W2038005540
https://openalex.org/W2087137818
https://openalex.org/W2025270717
https://openalex.org/W2101230864
https://openalex.org/W2135443493
https://openalex.org/W2016633070
https://openalex.org/W2037327059
https://openalex.org/W2045669649
https://openalex.org/W2101353813
https://openalex.org/W21284159
https://openalex.org/W2054664189
https://openalex.org/W2028172653
https://openalex.org/W2009766218
https://openalex.org/W2011702111
https://openalex.org/W2045516333
https://openalex.org/W2016764597
https://openalex.org/W2162606219
https://openalex.org/W2034548175
https://openalex.org/W1996168796
https://openalex.org/W2015644165
https://openalex.org/W3106231331
https://openalex.org/W1973843778
https://openalex.org/W2084486569
https://openalex.org/W1988373267
https://openalex.org/W2028783763
https://openalex.org/W2097661927
https://openalex.org/W2152553949
https://openalex.org/W1561113340
https://openalex.org/W2000865524
https://openalex.org/W2090163562
https://openalex.org/W2128493697
https://openalex.org/W2154809041
https://openalex.org/W1829747333
https://openalex.org/W1965387619
https://openalex.org/W1554990720
https://openalex.org/W2120329137
https://openalex.org/W2090172683
https://openalex.org/W2117760357
https://openalex.org/W2015393165
https://openalex.org/W4206513537
https://openalex.org/W2087608207
https://openalex.org/W2125962362
https://openalex.org/W2110367913
https://openalex.org/W2049673427
https://openalex.org/W2068554773
https://openalex.org/W2119246739
https://openalex.org/W2098185356
https://openalex.org/W1987848744
https://openalex.org/W2099339725
https://openalex.org/W2025333932
https://openalex.org/W2051603519
https://openalex.org/W2070581340
https://openalex.org/W2105065735
https://openalex.org/W2121561485
https://openalex.org/W2087451427
https://openalex.org/W2112601529
https://openalex.org/W2025627849
https://openalex.org/W2043578134
https://openalex.org/W2117757244
https://openalex.org/W2150516656
https://openalex.org/W2069114949
https://openalex.org/W2101496600
https://openalex.org/W2054580853
https://openalex.org/W2279824701
https://openalex.org/W2808600539
https://openalex.org/W2268448246
https://openalex.org/W2007014266
https://openalex.org/W2473818554
https://openalex.org/W2460371498
https://openalex.org/W2917465997
https://openalex.org/W2925267709
https://openalex.org/W2591694916
https://openalex.org/W2895133228
https://openalex.org/W2990983138
https://openalex.org/W2964737557
https://openalex.org/W2973366031
https://openalex.org/W3002558592
https://openalex.org/W3016271069
https://openalex.org/W3104432418
https://openalex.org/W3046098656
https://openalex.org/W3048033628
https://openalex.org/W3021805333
https://openalex.org/W3122084850
https://openalex.org/W3124567568
https://openalex.org/W4200468268
https://openalex.org/W3084043369
https://openalex.org/W3160608582
https://openalex.org/W3187882992
https://openalex.org/W4304758913
https://openalex.org/W4313402280
https://openalex.org/W4366529416
https://openalex.org/W4378233747
https://openalex.org/W4378234429
https://openalex.org/W4379390519
https://openalex.org/W1506952386
https://openalex.org/W1888012024
https://openalex.org/W2146127794
https://openalex.org/W1996267771
https://openalex.org/W2096288543
https://openalex.org/W1973328162
https://openalex.org/W2011925036
https://openalex.org/W2020248742
https://openalex.org/W2032139674
https://openalex.org/W2120470108
https://openalex.org/W2166954803
https://openalex.org/W1590750995
https://openalex.org/W1978479352
https://openalex.org/W2147655214
https://openalex.org/W2155933810
https://openalex.org/W1994920382
https://openalex.org/W2163636861
https://openalex.org/W2009407228
https://openalex.org/W1982326509
https://openalex.org/W2084307805
https://openalex.org/W2085618412
https://openalex.org/W2046580380
https://openalex.org/W2092319413
https://openalex.org/W2053451998
https://openalex.org/W2089270937
https://openalex.org/W1996259093
https://openalex.org/W2062683887
https://openalex.org/W2127525327
https://openalex.org/W2071270834
https://openalex.org/W2142381016
https://openalex.org/W2094453140
https://openalex.org/W2126839058
https://openalex.org/W2050306133
https://openalex.org/W2070750491
https://openalex.org/W2039781224
https://openalex.org/W2102270838
https://openalex.org/W2134776967
https://openalex.org/W3142260347
https://openalex.org/W2025004096
https://openalex.org/W1916690116
https://openalex.org/W2018896047
https://openalex.org/W1988819790
https://openalex.org/W2328148145
https://openalex.org/W1973674450
https://openalex.org/W2010217047
https://openalex.org/W2069878564
https://openalex.org/W2057867052
https://openalex.org/W1755891578
https://openalex.org/W2081451302
https://openalex.org/W1420992503
https://openalex.org/W1900488032
https://openalex.org/W1986035655
https://openalex.org/W2325697621
https://openalex.org/W2520757991
https://openalex.org/W2561712576
https://openalex.org/W2739176655
https://openalex.org/W274788909
https://openalex.org/W2792248008
https://openalex.org/W1982978096
https://openalex.org/W1987320239
https://openalex.org/W2260952816
https://openalex.org/W2532278194
https://openalex.org/W1986856530
https://openalex.org/W2095755726
https://openalex.org/W2146681227
https://openalex.org/W2227845984
https://openalex.org/W2252023089
https://openalex.org/W2419296436
https://openalex.org/W2404748569
https://openalex.org/W2464909130
https://openalex.org/W2743928497
https://openalex.org/W2789071563
https://openalex.org/W2997890974
https://openalex.org/W2951952043
https://openalex.org/W2055792027
https://openalex.org/W4288610141
https://openalex.org/W2912554431
https://openalex.org/W2917389701
https://openalex.org/W2947596156
https://openalex.org/W3091897016
https://openalex.org/W3173713436
https://openalex.org/W3110563940
https://openalex.org/W3132381990
https://openalex.org/W3194846625
https://openalex.org/W3181460492
https://openalex.org/W4220707513
https://openalex.org/W4289745439
https://openalex.org/W2014346499
https://openalex.org/W2015958945
https://openalex.org/W2125466732
https://openalex.org/W3186678926
https://openalex.org/W1970735174
https://openalex.org/W1978499047
https://openalex.org/W1975343950
https://openalex.org/W1974994978
https://openalex.org/W2010698958
https://openalex.org/W2129143313
https://openalex.org/W2141560585
https://openalex.org/W1517578896
https://openalex.org/W2053672066
https://openalex.org/W2114975675
https://openalex.org/W1989838747
https://openalex.org/W1997970800
https://openalex.org/W2029871259
https://openalex.org/W2165610583
https://openalex.org/W2112122420
https://openalex.org/W2137701958
https://openalex.org/W2092598265
https://openalex.org/W2150642012
https://openalex.org/W1986434735
https://openalex.org/W2143437890
https://openalex.org/W4240947265
https://openalex.org/W2142052516
https://openalex.org/W2136759668
https://openalex.org/W2157344637
https://openalex.org/W2024254523
https://openalex.org/W2059470080
https://openalex.org/W2190399540
https://openalex.org/W2020204264
https://openalex.org/W2159396433
https://openalex.org/W2042137232
https://openalex.org/W2065707144
https://openalex.org/W2111972238
https://openalex.org/W1985348851
https://openalex.org/W2014371595
https://openalex.org/W1989631246
https://openalex.org/W2072932719
https://openalex.org/W2181317541
https://openalex.org/W2073297000
https://openalex.org/W2091662762
https://openalex.org/W2152147308
https://openalex.org/W2155180824
https://openalex.org/W2047126000
https://openalex.org/W2017781760
https://openalex.org/W2053619076
https://openalex.org/W2147746869
https://openalex.org/W2063952275
https://openalex.org/W2059606385
https://openalex.org/W1556769462
https://openalex.org/W1969227078
https://openalex.org/W2045410376
https://openalex.org/W2072078925
https://openalex.org/W2083598512
https://openalex.org/W2119210173
https://openalex.org/W2143110649
https://openalex.org/W1990170656
https://openalex.org/W2771602617
https://openalex.org/W2901473376
https://openalex.org/W2591722126
https://openalex.org/W2599892356
https://openalex.org/W2748251688
https://openalex.org/W2765554565
https://openalex.org/W2900739108
https://openalex.org/W2906575918
https://openalex.org/W2953027528
https://openalex.org/W2553445654
https://openalex.org/W2936124971
https://openalex.org/W2981630039
https://openalex.org/W2963195169
https://openalex.org/W3092133322
https://openalex.org/W3119129845
https://openalex.org/W3134245821
https://openalex.org/W3190728223
https://openalex.org/W3133142325
https://openalex.org/W3177344989
https://openalex.org/W4220788484
https://openalex.org/W4205780821
https://openalex.org/W4214875381
https://openalex.org/W4315436665
https://openalex.org/W4317506557
https://openalex.org/W4318912852
https://openalex.org/W2156552062
https://openalex.org/W1984164432
https://openalex.org/W2102974859
https://openalex.org/W2122486350
https://openalex.org/W2145516103
https://openalex.org/W2092297303
https://openalex.org/W2110593835
https://openalex.org/W2136194738
https://openalex.org/W1834138516
https://openalex.org/W2076516424
https://openalex.org/W2161956133
https://openalex.org/W2020610285
https://openalex.org/W4234273555
https://openalex.org/W2071151553
https://openalex.org/W1986453870
https://openalex.org/W2058145757
https://openalex.org/W1971456687
https://openalex.org/W4246360827
https://openalex.org/W1972461784
https://openalex.org/W1986430379
https://openalex.org/W2146963560
https://openalex.org/W1973460194
https://openalex.org/W1982771713
https://openalex.org/W2000747682
https://openalex.org/W2041981200
https://openalex.org/W2402164523
https://openalex.org/W2100389025
https://openalex.org/W2142632156
https://openalex.org/W1993812616
https://openalex.org/W2008503460
https://openalex.org/W1982292013
https://openalex.org/W2148647478
https://openalex.org/W2330423713
https://openalex.org/W1981008538
https://openalex.org/W1983567850
https://openalex.org/W2055207930
https://openalex.org/W2097315895
https://openalex.org/W2108167339
https://openalex.org/W2129016677
https://openalex.org/W2129981726
https://openalex.org/W1978910743
https://openalex.org/W1982843429
https://openalex.org/W2115971461
https://openalex.org/W2129464734
https://openalex.org/W2134426411
https://openalex.org/W2172547324
https://openalex.org/W2009444751
https://openalex.org/W2158748121
https://openalex.org/W2608036363
https://openalex.org/W2761379228
https://openalex.org/W2768270457
https://openalex.org/W2147499536
https://openalex.org/W2173687125
https://openalex.org/W2274629915
https://openalex.org/W2535558625
https://openalex.org/W2566893583
https://openalex.org/W2621217965
https://openalex.org/W2312699740
https://openalex.org/W2508260219
https://openalex.org/W2974940054
https://openalex.org/W2975182929
https://openalex.org/W2981363087
https://openalex.org/W3014784044
https://openalex.org/W3036276070
https://openalex.org/W3090912647
https://openalex.org/W3120622355
https://openalex.org/W3135166658
https://openalex.org/W3122361388
https://openalex.org/W3145457239
https://openalex.org/W3159833223
https://openalex.org/W3216941911
https://openalex.org/W4205617725
https://openalex.org/W4284970553
https://openalex.org/W4293124612
https://openalex.org/W4294992888
https://openalex.org/W4308334495
https://openalex.org/W4280490912
https://openalex.org/W4387808869
https://openalex.org/W4388312533
https://openalex.org/W4389509996
https://openalex.org/W4389662406
https://openalex.org/W4390428048
https://openalex.org/W4390428181
https://openalex.org/W4390707356
https://openalex.org/W4391173476
https://openalex.org/W4391180214
https://openalex.org/W4391302886
https://openalex.org/W4391365525
https://openalex.org/W4391488543
https://openalex.org/W4391488574
https://openalex.org/W4391653747
https://openalex.org/W4391733642
https://openalex.org/W4391956261
https://openalex.org/W4392011620
https://openalex.org/W4392281936
https://openalex.org/W4392470995
https://openalex.org/W4392566088
https://openalex.org/W4392667170
https://openalex.org/W4392755445
https://openalex.org/W4392815002
https://openalex.org/W4392948339
https://openalex.org/W4393026432
https://openalex.org/W4393028826
https://openalex.org/W4393138527
https://openalex.org/W4393442800
https://openalex.org/W4393899860
https://openalex.org/W4394672972
https://openalex.org/W4394726891
https://openalex.org/W4394860218
https://openalex.org/W4394938681
https://openalex.org/W4394977272
https://openalex.org/W4395020798
https://openalex.org/W4395961427
https://openalex.org/W4396529834
https://openalex.org/W4396540823
https://openalex.org/W2141747403
https://openalex.org/W1982197997
https://openalex.org/W2150208480
https://openalex.org/W1996478046
https://openalex.org/W2152512973
https://openalex.org/W1970159513
https://openalex.org/W2037736949
https://openalex.org/W2075149384
https://openalex.org/W1981867655
https://openalex.org/W4235403094
https://openalex.org/W1972519242
https://openalex.org/W2113361940
https://openalex.org/W2152125307
https://openalex.org/W1986657185
https://openalex.org/W2053206129
https://openalex.org/W2057206208
https://openalex.org/W2105970638
https://openalex.org/W2325467610
https://openalex.org/W4244793282
https://openalex.org/W2120630928
https://openalex.org/W2145238190
https://openalex.org/W2171831068
https://openalex.org/W1979521456
https://openalex.org/W2072913210
https://openalex.org/W2077442990
https://openalex.org/W2155650172
https://openalex.org/W3213973273
https://openalex.org/W1576111937
https://openalex.org/W1983286392
https://openalex.org/W1989676853
https://openalex.org/W2044623980
https://openalex.org/W2115657778
https://openalex.org/W837047254
https://openalex.org/W2073450739
https://openalex.org/W2090560904
https://openalex.org/W2397914892
https://openalex.org/W1991631231
https://openalex.org/W2043903932
https://openalex.org/W2153272942
https://openalex.org/W2013878583
https://openalex.org/W2059491706
https://openalex.org/W2088976532
https://openalex.org/W1822381594
https://openalex.org/W2093738258
https://openalex.org/W2157806347
https://openalex.org/W2168125982
https://openalex.org/W2075446240
https://openalex.org/W2148766876
https://openalex.org/W2018733670
https://openalex.org/W2047678886
https://openalex.org/W2087778451
https://openalex.org/W2091391836
https://openalex.org/W1491198737
https://openalex.org/W1967580097
https://openalex.org/W2079385311
https://openalex.org/W2181656995
https://openalex.org/W3151935685
https://openalex.org/W2142119201
https://openalex.org/W2088684900
https://openalex.org/W2582815097
https://openalex.org/W1647408218
https://openalex.org/W1898179900
https://openalex.org/W2157595926
https://openalex.org/W2158619342
https://openalex.org/W2346458440
https://openalex.org/W2527895133
https://openalex.org/W2597570947
https://openalex.org/W2761023207
https://openalex.org/W2588136959
https://openalex.org/W2625366459
https://openalex.org/W2747629845
https://openalex.org/W2884046250
https://openalex.org/W2884249042
https://openalex.org/W2903568382
https://openalex.org/W2972298408
https://openalex.org/W2979299656
https://openalex.org/W2554329508
https://openalex.org/W2567701164
https://openalex.org/W2924890022
https://openalex.org/W2937265188
https://openalex.org/W2973977462
https://openalex.org/W2974096768
https://openalex.org/W2978172359
https://openalex.org/W3013423134
https://openalex.org/W2990540662
https://openalex.org/W3119509135
https://openalex.org/W3168742637
https://openalex.org/W3202405803
https://openalex.org/W4317498046
https://openalex.org/W4317861101
https://openalex.org/W4327723611
https://openalex.org/W4353082260
https://openalex.org/W4367056951
https://openalex.org/W4372404087
https://openalex.org/W4376113415
https://openalex.org/W4376274227
https://openalex.org/W4378233321
https://openalex.org/W4378233732
https://openalex.org/W4378234854
https://openalex.org/W4383815459
https://openalex.org/W4385383603
https://openalex.org/W4386357137
https://openalex.org/W4387077051
https://openalex.org/W4387266678
https://openalex.org/W4388452614
https://openalex.org/W4390872179
https://openalex.org/W2013289514
https://openalex.org/W2043921040
https://openalex.org/W2046651833
https://openalex.org/W2066804281
https://openalex.org/W1965258572
https://openalex.org/W1983119895
https://openalex.org/W2101472438
https://openalex.org/W2102447163
https://openalex.org/W2144062363
https://openalex.org/W2146855553
https://openalex.org/W2151082005
https://openalex.org/W2407211743
https://openalex.org/W2015984848
https://openalex.org/W2071960706
https://openalex.org/W2077618320
https://openalex.org/W2032215127
https://openalex.org/W2033719148
https://openalex.org/W1852091350
https://openalex.org/W2013049616
https://openalex.org/W2065294511
https://openalex.org/W4230399983
https://openalex.org/W2027568721
https://openalex.org/W1998793980
https://openalex.org/W2111561002
https://openalex.org/W1539905083
https://openalex.org/W2024792019
https://openalex.org/W154417664
https://openalex.org/W1964464461
https://openalex.org/W2029033190
https://openalex.org/W2039887238
https://openalex.org/W2046631962
https://openalex.org/W2093474644
https://openalex.org/W3141213637
https://openalex.org/W2067527754
https://openalex.org/W2111547654
https://openalex.org/W2140074156
https://openalex.org/W4236090609
https://openalex.org/W2055568342
https://openalex.org/W2157744739
https://openalex.org/W1974206783
https://openalex.org/W2009796830
https://openalex.org/W2025731986
https://openalex.org/W2033868769
https://openalex.org/W2056031815
https://openalex.org/W2069089235
https://openalex.org/W2034801879
https://openalex.org/W2163927627
https://openalex.org/W2500231983
https://openalex.org/W2049810661
https://openalex.org/W2073932880
https://openalex.org/W2329557562
https://openalex.org/W1470729554
https://openalex.org/W2048010528
https://openalex.org/W2066680796
https://openalex.org/W2100746564
https://openalex.org/W2184535556
https://openalex.org/W2318684726
https://openalex.org/W2765682002
https://openalex.org/W2775208998
https://openalex.org/W2791663002
https://openalex.org/W2801868570
https://openalex.org/W2964350196
https://openalex.org/W2268683955
https://openalex.org/W2768253603
https://openalex.org/W2799450741
https://openalex.org/W2901071346
https://openalex.org/W2955956482
https://openalex.org/W2972063533
https://openalex.org/W2979386122
https://openalex.org/W3005290121
https://openalex.org/W3081821124
https://openalex.org/W3121063974
https://openalex.org/W3161886303
https://openalex.org/W4302028350
https://openalex.org/W4313246322
https://openalex.org/W2502868281
https://openalex.org/W145219922
https://openalex.org/W2050615859
https://openalex.org/W2096150812
https://openalex.org/W1988470262
https://openalex.org/W2048289632
https://openalex.org/W2031830524
https://openalex.org/W2125689680
https://openalex.org/W2140502624
https://openalex.org/W2439454154
https://openalex.org/W2076262123
https://openalex.org/W2115661156
https://openalex.org/W2138226387
https://openalex.org/W2089507125
https://openalex.org/W1992324305
https://openalex.org/W1992794174
https://openalex.org/W2054159185
https://openalex.org/W2120875377
https://openalex.org/W2172033405
https://openalex.org/W2110098636
https://openalex.org/W2139832954
https://openalex.org/W2158046514
https://openalex.org/W115811514
https://openalex.org/W1976047537
https://openalex.org/W2004630362
https://openalex.org/W2038070788
https://openalex.org/W2165934584
https://openalex.org/W2331732888
https://openalex.org/W2171891240
https://openalex.org/W57308330
https://openalex.org/W2028941126
https://openalex.org/W2048342478
https://openalex.org/W2135134045
https://openalex.org/W2313035940
https://openalex.org/W2319188500
https://openalex.org/W1994073615
https://openalex.org/W1995510435
https://openalex.org/W1909315545
https://openalex.org/W2004538666
https://openalex.org/W2021400401
https://openalex.org/W2070723446
https://openalex.org/W2082147551
https://openalex.org/W3110391207
https://openalex.org/W4249349367
https://openalex.org/W2223164172
https://openalex.org/W2605406639
https://openalex.org/W2900587764
https://openalex.org/W2936610252
https://openalex.org/W2960811087
https://openalex.org/W2968974863
https://openalex.org/W2280906423
https://openalex.org/W3047565857
https://openalex.org/W3047992676
https://openalex.org/W3098616876
https://openalex.org/W3104557637
https://openalex.org/W3121406922
https://openalex.org/W3176295518
https://openalex.org/W3179476640
https://openalex.org/W3199452754
https://openalex.org/W3203245516
https://openalex.org/W1980193929
https://openalex.org/W2411842197
https://openalex.org/W4213068138
https://openalex.org/W4220837907
https://openalex.org/W4224260145
https://openalex.org/W4320462769
https://openalex.org/W2005299517
https://openalex.org/W2136229604
https://openalex.org/W2150063707
https://openalex.org/W266780353
https://openalex.org/W1966162048
https://openalex.org/W2011047061
https://openalex.org/W2022203019
https://openalex.org/W2130840165
https://openalex.org/W2416871971
https://openalex.org/W2067179633
https://openalex.org/W2161960465
https://openalex.org/W1989495996
https://openalex.org/W2064049351
https://openalex.org/W2134683238
https://openalex.org/W1984984061
https://openalex.org/W2094047111
https://openalex.org/W2003924129
https://openalex.org/W2032831428
https://openalex.org/W634119762
https://openalex.org/W1595912558
https://openalex.org/W1976155407
https://openalex.org/W2008020298
https://openalex.org/W2050661396
https://openalex.org/W2092133350
https://openalex.org/W2005817095
https://openalex.org/W2116526756
https://openalex.org/W2183489465
https://openalex.org/W1997742923
https://openalex.org/W1990742626
https://openalex.org/W1992462198
https://openalex.org/W2033972723
https://openalex.org/W2058859934
https://openalex.org/W2074769938
https://openalex.org/W2185807058
https://openalex.org/W1966282792
https://openalex.org/W2039779830
https://openalex.org/W2048568201
https://openalex.org/W1987059589
https://openalex.org/W1966834336
https://openalex.org/W1995795210
https://openalex.org/W2131069238
https://openalex.org/W2010520465
https://openalex.org/W2040697806
https://openalex.org/W2184159343
https://openalex.org/W2028627894
https://openalex.org/W2036405252
https://openalex.org/W2041303263
https://openalex.org/W2141471655
https://openalex.org/W2254735994
https://openalex.org/W2263409400
https://openalex.org/W2318113760
https://openalex.org/W2331410434
https://openalex.org/W2621063209
https://openalex.org/W1439830549
https://openalex.org/W2106915932
https://openalex.org/W2569003422
https://openalex.org/W2574129401
https://openalex.org/W2584537653
https://openalex.org/W2729605711
https://openalex.org/W2802567013
https://openalex.org/W2806412015
https://openalex.org/W2891173611
https://openalex.org/W2904153685
https://openalex.org/W2913453870
https://openalex.org/W2971360605
https://openalex.org/W2516312426
https://openalex.org/W2554499669
https://openalex.org/W2994655070
https://openalex.org/W3033446721
https://openalex.org/W3119214860
https://openalex.org/W1970404223
https://openalex.org/W3120990978
https://openalex.org/W3146005120
https://openalex.org/W2154209888
https://openalex.org/W1987675405
https://openalex.org/W2074343620
https://openalex.org/W2077536664
https://openalex.org/W2163172849
https://openalex.org/W2149589872
https://openalex.org/W2010687892
https://openalex.org/W1494519238
https://openalex.org/W2030542514
https://openalex.org/W2035330354
https://openalex.org/W2141983451
https://openalex.org/W4248137726
https://openalex.org/W1559447161
https://openalex.org/W2068048557
https://openalex.org/W2131741740
https://openalex.org/W2133484204
https://openalex.org/W2163566696
https://openalex.org/W53615099
https://openalex.org/W2084680926
https://openalex.org/W2164370755
https://openalex.org/W2400456021
https://openalex.org/W2014387313
https://openalex.org/W2030967982
https://openalex.org/W2084467269
https://openalex.org/W2401813366
https://openalex.org/W2020802267
https://openalex.org/W2010641154
https://openalex.org/W2014461526
https://openalex.org/W2024052501
https://openalex.org/W2102413339
https://openalex.org/W5082751
https://openalex.org/W1980978532
https://openalex.org/W2104550347
https://openalex.org/W2117974353
https://openalex.org/W2120131576
https://openalex.org/W3150995746
https://openalex.org/W1963767493
https://openalex.org/W2069846790
https://openalex.org/W215625348
https://openalex.org/W2169205017
https://openalex.org/W2327202628
https://openalex.org/W2402222461
https://openalex.org/W2620138919
https://openalex.org/W2900591407
https://openalex.org/W2930719402
https://openalex.org/W2955022830
https://openalex.org/W2972401521
https://openalex.org/W1632647413
https://openalex.org/W1967536477
https://openalex.org/W2094768484
https://openalex.org/W2102235791
https://openalex.org/W2121462204
https://openalex.org/W2322852115
https://openalex.org/W2325467454
https://openalex.org/W2338025536
https://openalex.org/W2468269395
https://openalex.org/W2527009755
https://openalex.org/W2564012267
https://openalex.org/W2577949838
https://openalex.org/W2971843050
https://openalex.org/W2980079290
https://openalex.org/W2996734966
https://openalex.org/W4237876842
https://openalex.org/W3002921421
https://openalex.org/W3015854362
https://openalex.org/W3016266836
https://openalex.org/W3038239841
https://openalex.org/W3044842790
https://openalex.org/W3092358396
https://openalex.org/W3094913099
https://openalex.org/W3112272436
https://openalex.org/W3133949274
https://openalex.org/W3148662865
https://openalex.org/W4226157635
https://openalex.org/W4284889894
https://openalex.org/W4286508850
https://openalex.org/W4288036583
https://openalex.org/W4292688318
https://openalex.org/W4293387158
https://openalex.org/W4295733047
https://openalex.org/W4307832857
https://openalex.org/W4313523539
https://openalex.org/W4317369901
https://openalex.org/W4317860938
https://openalex.org/W4362612940
https://openalex.org/W4365146478
https://openalex.org/W4378233713
https://openalex.org/W4378363598
https://openalex.org/W4379911512
https://openalex.org/W4382911603
https://openalex.org/W4384304598
https://openalex.org/W4385224279
https://openalex.org/W4385627701
https://openalex.org/W4386113930
https://openalex.org/W4386264833
https://openalex.org/W4386272483
https://openalex.org/W4387063373
https://openalex.org/W4388024202
https://openalex.org/W4388597801
https://openalex.org/W4390412019
https://openalex.org/W2055507490
https://openalex.org/W2093711037
https://openalex.org/W1988897496
https://openalex.org/W2024432838
https://openalex.org/W202544816
https://openalex.org/W2063208741
https://openalex.org/W2143031081
https://openalex.org/W2337239794
https://openalex.org/W2027415151
https://openalex.org/W2156973887
https://openalex.org/W2010617868
https://openalex.org/W2164924751
https://openalex.org/W2172135473
https://openalex.org/W2175466380
https://openalex.org/W1498903293
https://openalex.org/W1984707942
https://openalex.org/W2078181083
https://openalex.org/W1842467025
https://openalex.org/W2125135664
https://openalex.org/W2126503435
https://openalex.org/W164019957
https://openalex.org/W262148894
https://openalex.org/W2052196276
https://openalex.org/W4243328255
https://openalex.org/W2110705358
https://openalex.org/W2134559687
https://openalex.org/W2136067176
https://openalex.org/W2002261592
https://openalex.org/W2056975037
https://openalex.org/W2108285326
https://openalex.org/W2162888310
https://openalex.org/W1981388138
https://openalex.org/W1986970198
https://openalex.org/W2401541353
https://openalex.org/W2160104703
https://openalex.org/W2534495856
https://openalex.org/W2594449205
https://openalex.org/W2787115480
https://openalex.org/W2791314397
https://openalex.org/W2796166993
https://openalex.org/W2808816091
https://openalex.org/W2890507868
https://openalex.org/W2899253561
https://openalex.org/W2941849610
https://openalex.org/W2963079584
https://openalex.org/W1883210409
https://openalex.org/W2340420550
https://openalex.org/W2514552406
https://openalex.org/W2564855452
https://openalex.org/W2765911062
https://openalex.org/W2768975224
https://openalex.org/W2899691663
https://openalex.org/W2910199282
https://openalex.org/W2930056132
https://openalex.org/W2963594874
https://openalex.org/W2971529872
https://openalex.org/W2414702010
https://openalex.org/W2075373770
https://openalex.org/W117011579
https://openalex.org/W1992861321
https://openalex.org/W2412770089
https://openalex.org/W2042643687
https://openalex.org/W2059775033
https://openalex.org/W2089623672
https://openalex.org/W33940209
https://openalex.org/W1842204523
https://openalex.org/W1980996462
https://openalex.org/W2063538942
https://openalex.org/W2080328296
https://openalex.org/W2170375492
https://openalex.org/W2309732720
https://openalex.org/W1995535442
https://openalex.org/W1978845188
https://openalex.org/W1991285604
https://openalex.org/W2023749120
https://openalex.org/W2081308949
https://openalex.org/W2602147521
https://openalex.org/W1983652671
https://openalex.org/W2163964609
https://openalex.org/W4255714586
https://openalex.org/W143131580
https://openalex.org/W2068279139
https://openalex.org/W2137870664
https://openalex.org/W2414995742
https://openalex.org/W1997590590
https://openalex.org/W2009125345
https://openalex.org/W4237763660
https://openalex.org/W2465867724
https://openalex.org/W2132309514
https://openalex.org/W2055508297
https://openalex.org/W2062872851
https://openalex.org/W3137518667
https://openalex.org/W97718560
https://openalex.org/W1592269114
https://openalex.org/W2038028069
https://openalex.org/W2153601867
https://openalex.org/W2322263744
https://openalex.org/W2335116523
https://openalex.org/W2492320042
https://openalex.org/W2766145563
https://openalex.org/W2785691401
https://openalex.org/W2806960435
https://openalex.org/W46233493
https://openalex.org/W1222616959
https://openalex.org/W2020697751
https://openalex.org/W2075666907
https://openalex.org/W2105212756
https://openalex.org/W2255454813
https://openalex.org/W2560012400
https://openalex.org/W2582774104
https://openalex.org/W2587269666
https://openalex.org/W2613053765
https://openalex.org/W2756531147
https://openalex.org/W2938220226
https://openalex.org/W2958399021
https://openalex.org/W2966620203
https://openalex.org/W2990751089
https://openalex.org/W3048377153
https://openalex.org/W3080287355
https://openalex.org/W3097086804
https://openalex.org/W3098193012
https://openalex.org/W3107551240
https://openalex.org/W2306845334
https://openalex.org/W3126781044
https://openalex.org/W3135346542
https://openalex.org/W3159587569
https://openalex.org/W3166111593
https://openalex.org/W3196875837
https://openalex.org/W3203864444
https://openalex.org/W4205725180
https://openalex.org/W1632335822
https://openalex.org/W1979123921
https://openalex.org/W2001367598
https://openalex.org/W2007768289
https://openalex.org/W2481294116
https://openalex.org/W71577395
https://openalex.org/W18175729
https://openalex.org/W2008744695
https://openalex.org/W2013008764
https://openalex.org/W2109312746
https://openalex.org/W2271805186
https://openalex.org/W2417840736
https://openalex.org/W2626578421
https://openalex.org/W2259350620
https://openalex.org/W2267127512
https://openalex.org/W2006999939
https://openalex.org/W2015263481
https://openalex.org/W2157098779
https://openalex.org/W2408839792
https://openalex.org/W1999640715
https://openalex.org/W2461507327
https://openalex.org/W1992947124
https://openalex.org/W2024221290
https://openalex.org/W2083765845
https://openalex.org/W2094661420
https://openalex.org/W2139463888
https://openalex.org/W1889537586
https://openalex.org/W2038680978
https://openalex.org/W2050659919
https://openalex.org/W2066792321
https://openalex.org/W2110619958
https://openalex.org/W2170364683
https://openalex.org/W2183558226
https://openalex.org/W1968108925
https://openalex.org/W1972438051
https://openalex.org/W2170286196
https://openalex.org/W3148635336
https://openalex.org/W1967352593
https://openalex.org/W2016149389
https://openalex.org/W2066182103
https://openalex.org/W2796440648
https://openalex.org/W2805448334
https://openalex.org/W2896292979
https://openalex.org/W2935459385
https://openalex.org/W4243885613
https://openalex.org/W123109951
https://openalex.org/W1997023157
https://openalex.org/W2001531448
https://openalex.org/W2072209498
https://openalex.org/W2079847500
https://openalex.org/W2096517210
https://openalex.org/W2102425002
https://openalex.org/W2123084052
https://openalex.org/W2171185304
https://openalex.org/W2184941959
https://openalex.org/W2313386229
https://openalex.org/W2320827523
https://openalex.org/W2329386047
https://openalex.org/W2498351322
https://openalex.org/W2605734615
https://openalex.org/W2809282979
https://openalex.org/W2826866718
https://openalex.org/W2893786965
https://openalex.org/W2908836754
https://openalex.org/W2918229416
https://openalex.org/W2937428802
https://openalex.org/W2941139756
https://openalex.org/W2945695065
https://openalex.org/W2945747767
https://openalex.org/W2954659002
https://openalex.org/W2966071900
https://openalex.org/W2972234606
https://openalex.org/W3042952978
https://openalex.org/W3114609678
https://openalex.org/W3152391296
https://openalex.org/W3153973410
https://openalex.org/W3157400030
https://openalex.org/W3158938065
https://openalex.org/W3171917291
https://openalex.org/W3189942697
https://openalex.org/W3190013336
https://openalex.org/W4214849445
https://openalex.org/W4200012830
https://openalex.org/W4200478993
https://openalex.org/W4225698244
https://openalex.org/W4290973937
https://openalex.org/W4312660311
https://openalex.org/W4386433225
https://openalex.org/W2023852516
https://openalex.org/W2059780997
https://openalex.org/W2332136615
https://openalex.org/W2413654772
https://openalex.org/W4253511927
https://openalex.org/W1987820864
https://openalex.org/W2025226844
https://openalex.org/W2035186236
https://openalex.org/W2038167842
https://openalex.org/W2046015263
https://openalex.org/W2123561050
https://openalex.org/W2336793403
https://openalex.org/W2015002805
https://openalex.org/W2086415137
https://openalex.org/W2425466268
https://openalex.org/W2089739079
https://openalex.org/W158299368
https://openalex.org/W1972469432
https://openalex.org/W1977502878
https://openalex.org/W1984932052
https://openalex.org/W2086873638
https://openalex.org/W144151278
https://openalex.org/W1965409676
https://openalex.org/W1992855052
https://openalex.org/W1993876734
https://openalex.org/W2053237579
https://openalex.org/W2090426122
https://openalex.org/W2485040835
https://openalex.org/W1997435074
https://openalex.org/W2009375111
https://openalex.org/W2025478163
https://openalex.org/W4240938578
https://openalex.org/W1996657939
https://openalex.org/W2000937020
https://openalex.org/W2056635074
https://openalex.org/W2070475487
https://openalex.org/W2102572848
https://openalex.org/W2125830086
https://openalex.org/W2148552100
https://openalex.org/W2410730834
https://openalex.org/W2462439598
https://openalex.org/W2627041395
https://openalex.org/W2055487582
https://openalex.org/W2884281514
https://openalex.org/W2889497323
https://openalex.org/W1483815606
https://openalex.org/W1517515260
https://openalex.org/W1966773511
https://openalex.org/W1978959501
https://openalex.org/W1980406156
https://openalex.org/W2008061008
https://openalex.org/W2252350008
https://openalex.org/W2260065520
https://openalex.org/W2325865568
https://openalex.org/W2462486293
https://openalex.org/W2479909696
https://openalex.org/W2496225606
https://openalex.org/W2518781780
https://openalex.org/W2525757508
https://openalex.org/W2560794180
https://openalex.org/W2935913784
https://openalex.org/W2980417823
https://openalex.org/W2997653273
https://openalex.org/W3005807920
https://openalex.org/W3006417040
https://openalex.org/W3045259757
https://openalex.org/W3069595357
https://openalex.org/W3083437453
https://openalex.org/W3091880552
https://openalex.org/W3098999994
https://openalex.org/W322190222
https://openalex.org/W2079999842
https://openalex.org/W2080251265
https://openalex.org/W2131050440
https://openalex.org/W142131657
https://openalex.org/W198818619
https://openalex.org/W2074545029
https://openalex.org/W2414339470
https://openalex.org/W2002162205
https://openalex.org/W2060644429
https://openalex.org/W2736153395
https://openalex.org/W4240990437
https://openalex.org/W1486654958
https://openalex.org/W1965779183
https://openalex.org/W2013663853
https://openalex.org/W2033363158
https://openalex.org/W2051164875
https://openalex.org/W2056760945
https://openalex.org/W2108068147
https://openalex.org/W2411774313
https://openalex.org/W2419224201
https://openalex.org/W2103904931
https://openalex.org/W1977307662
https://openalex.org/W1992625645
https://openalex.org/W2002866131
https://openalex.org/W2022888841
https://openalex.org/W2063637777
https://openalex.org/W2074305262
https://openalex.org/W2109535469
https://openalex.org/W2464488307
https://openalex.org/W2077299320
https://openalex.org/W2110390518
https://openalex.org/W2593647870
https://openalex.org/W2608727081
https://openalex.org/W2787125044
https://openalex.org/W2916139134
https://openalex.org/W2918087975
https://openalex.org/W2936529847
https://openalex.org/W2958977772
https://openalex.org/W2959484324
https://openalex.org/W2966552368
https://openalex.org/W2973677700
https://openalex.org/W2980224700
https://openalex.org/W1161766338
https://openalex.org/W1519337793
https://openalex.org/W1951639610
https://openalex.org/W2048972816
https://openalex.org/W2235038879
https://openalex.org/W2255577348
https://openalex.org/W2264417333
https://openalex.org/W2297838451
https://openalex.org/W2338557222
https://openalex.org/W2341324644
https://openalex.org/W2511086094
https://openalex.org/W2520645639
https://openalex.org/W2528676463
https://openalex.org/W3128023631
https://openalex.org/W3148578032
https://openalex.org/W3155116263
https://openalex.org/W3176903648
https://openalex.org/W3188512638
https://openalex.org/W3194944723
https://openalex.org/W3196523899
https://openalex.org/W3196647177
https://openalex.org/W3205855836
https://openalex.org/W3214177059
https://openalex.org/W3217382632
https://openalex.org/W4225510425
https://openalex.org/W4234807624
https://openalex.org/W4247662495
https://openalex.org/W2347750877
https://openalex.org/W2030567781
https://openalex.org/W2057691536
https://openalex.org/W2114166610
https://openalex.org/W2335421203
https://openalex.org/W1982741312
https://openalex.org/W1984681199
https://openalex.org/W2036556718
https://openalex.org/W2092053906
https://openalex.org/W2164074072
https://openalex.org/W1974069562
https://openalex.org/W2053123894
https://openalex.org/W2073904171
https://openalex.org/W2366855969
https://openalex.org/W2409202171
https://openalex.org/W2051326601
https://openalex.org/W194535495
https://openalex.org/W2034801725
https://openalex.org/W104420982
https://openalex.org/W2035586507
https://openalex.org/W2108142370
https://openalex.org/W2419407497
https://openalex.org/W33227448
https://openalex.org/W4253435131
https://openalex.org/W1998882979
https://openalex.org/W2182849032
https://openalex.org/W1999112853
https://openalex.org/W2055442690
https://openalex.org/W2063454296
https://openalex.org/W2078443132
https://openalex.org/W2120441575
https://openalex.org/W2328218658
https://openalex.org/W2408597000
https://openalex.org/W2471603864
https://openalex.org/W2488492703
https://openalex.org/W2554464032
https://openalex.org/W2586640280
https://openalex.org/W2612915941
https://openalex.org/W2762246994
https://openalex.org/W2765583619
https://openalex.org/W2782504483
https://openalex.org/W2783776165
https://openalex.org/W2785338108
https://openalex.org/W2792400818
https://openalex.org/W2794377578
https://openalex.org/W2804443414
https://openalex.org/W2895673832
https://openalex.org/W2900065219
https://openalex.org/W2941662977
https://openalex.org/W2944425798
https://openalex.org/W2945632213
https://openalex.org/W2996378733
https://openalex.org/W2999667472
https://openalex.org/W3000433395
https://openalex.org/W3012572987
https://openalex.org/W3046181510
https://openalex.org/W3081145745
https://openalex.org/W3094262321
https://openalex.org/W3141793457
https://openalex.org/W3145372625
https://openalex.org/W4230696016
https://openalex.org/W2041042748
https://openalex.org/W2341181637
https://openalex.org/W2344485938
https://openalex.org/W2492691069
https://openalex.org/W2519333081
https://openalex.org/W2554838197
https://openalex.org/W4249594000
https://openalex.org/W3013828499
https://openalex.org/W4205104910
https://openalex.org/W4205831270
https://openalex.org/W4206585651
https://openalex.org/W4210366467
https://openalex.org/W4226166673
https://openalex.org/W4229454070
https://openalex.org/W4280490242
https://openalex.org/W4292810895
https://openalex.org/W4293106251
https://openalex.org/W4302276076
https://openalex.org/W4309608265
https://openalex.org/W4311976879
https://openalex.org/W4312915326
https://openalex.org/W2009302956
https://openalex.org/W2043863315
https://openalex.org/W2323584928
https://openalex.org/W2342022984
https://openalex.org/W4242535336
https://openalex.org/W1988663138
https://openalex.org/W2030899662
https://openalex.org/W2068174312
https://openalex.org/W2152899080
https://openalex.org/W4244939154
https://openalex.org/W1925654332
https://openalex.org/W2024933635
https://openalex.org/W2165052279
https://openalex.org/W2410430918
https://openalex.org/W2011725640
https://openalex.org/W2098465205
https://openalex.org/W2102298581
https://openalex.org/W2121800322
https://openalex.org/W2505430077
https://openalex.org/W2305268170
https://openalex.org/W2589652823
https://openalex.org/W1966136132
https://openalex.org/W1986447127
https://openalex.org/W1987137448
https://openalex.org/W1995041517
https://openalex.org/W2079018018
https://openalex.org/W2084026950
https://openalex.org/W2136762911
https://openalex.org/W2181026695
https://openalex.org/W2182049256
https://openalex.org/W2248525628
https://openalex.org/W2312680526
https://openalex.org/W2321750272
https://openalex.org/W2340242778
https://openalex.org/W3033681554
https://openalex.org/W3101551316
https://openalex.org/W3140521804
https://openalex.org/W3152315279
https://openalex.org/W1990050846
https://openalex.org/W2047556948
https://openalex.org/W2051618301
https://openalex.org/W2089008961
https://openalex.org/W2119923809
https://openalex.org/W2151671300
https://openalex.org/W2163819464
https://openalex.org/W2335653737
https://openalex.org/W2907277386
https://openalex.org/W1994841358
https://openalex.org/W2026637425
https://openalex.org/W2062765912
https://openalex.org/W276173603
https://openalex.org/W329486076
https://openalex.org/W4243227449
https://openalex.org/W2126495467
https://openalex.org/W1863889138
https://openalex.org/W2321049583
https://openalex.org/W2418670871
https://openalex.org/W2431905298
https://openalex.org/W4236435685
https://openalex.org/W1587147106
https://openalex.org/W1995160917
https://openalex.org/W1999325076
https://openalex.org/W2009923491
https://openalex.org/W2052257500
https://openalex.org/W2096065073
https://openalex.org/W2155908915
https://openalex.org/W4246325154
https://openalex.org/W967898044
https://openalex.org/W186965152
https://openalex.org/W2023437698
https://openalex.org/W2125451206
https://openalex.org/W2418347447
https://openalex.org/W77815122
https://openalex.org/W2021577026
https://openalex.org/W2059801801
https://openalex.org/W2186108501
https://openalex.org/W2324328294
https://openalex.org/W2576411682
https://openalex.org/W2585113205
https://openalex.org/W2619099149
https://openalex.org/W2626686474
https://openalex.org/W2785002450
https://openalex.org/W2789705466
https://openalex.org/W2811055886
https://openalex.org/W2899504919
https://openalex.org/W2902924805
https://openalex.org/W2903332550
https://openalex.org/W2913813019
https://openalex.org/W2916537256
https://openalex.org/W2966037930
https://openalex.org/W3003745032
https://openalex.org/W3007356635
https://openalex.org/W3015282215
https://openalex.org/W3033050336
https://openalex.org/W3080257843
https://openalex.org/W3083995605
https://openalex.org/W3126914212
https://openalex.org/W3132276684
https://openalex.org/W3134754888
https://openalex.org/W3135626421
https://openalex.org/W3145106346
https://openalex.org/W3171536433
https://openalex.org/W3173793162
https://openalex.org/W3195583260
https://openalex.org/W3199448966
https://openalex.org/W3201377571
https://openalex.org/W4246665905
https://openalex.org/W2030557353
https://openalex.org/W2140368934
https://openalex.org/W2402155158
https://openalex.org/W2495296120
https://openalex.org/W2516958479
https://openalex.org/W2548549339
https://openalex.org/W2550352230
https://openalex.org/W2742615615
https://openalex.org/W4381378175
https://openalex.org/W2030878940
https://openalex.org/W2043851741
https://openalex.org/W2062976612
https://openalex.org/W2090152657
https://openalex.org/W2124656685
https://openalex.org/W2326151529
https://openalex.org/W334191686
https://openalex.org/W2008386758
https://openalex.org/W2054621591
https://openalex.org/W2061007306
https://openalex.org/W2070558681
https://openalex.org/W2087370574
https://openalex.org/W112490396
https://openalex.org/W1790078200
https://openalex.org/W2070492439
https://openalex.org/W2117605214
https://openalex.org/W647658749
https://openalex.org/W2009345953
https://openalex.org/W3168605209
https://openalex.org/W2414150468
https://openalex.org/W2416958637
https://openalex.org/W1498642428
https://openalex.org/W17112915
https://openalex.org/W1985598267
https://openalex.org/W1990827317
https://openalex.org/W2114787125
https://openalex.org/W4380763735
https://openalex.org/W118642379
https://openalex.org/W141585724
https://openalex.org/W1474803012
https://openalex.org/W1483816817
https://openalex.org/W15684462
https://openalex.org/W1603498449
https://openalex.org/W1937695431
https://openalex.org/W1967180166
https://openalex.org/W1986330092
https://openalex.org/W1997322529
https://openalex.org/W2057946172
https://openalex.org/W206477882
https://openalex.org/W2095515594
https://openalex.org/W2103067403
https://openalex.org/W2108682964
https://openalex.org/W2108758388
https://openalex.org/W2121202681
https://openalex.org/W2139570700
https://openalex.org/W2163748257
https://openalex.org/W2167147092
https://openalex.org/W2174108888
https://openalex.org/W2218213848
https://openalex.org/W2264165651
https://openalex.org/W2324718471
https://openalex.org/W2330860212
https://openalex.org/W2399700490
https://openalex.org/W2421685878
https://openalex.org/W2498118608
https://openalex.org/W2514502011
https://openalex.org/W2608692231
https://openalex.org/W2773752599
https://openalex.org/W3149925573
https://openalex.org/W4244165400
https://openalex.org/W4245100516
https://openalex.org/W4246405554
https://openalex.org/W806181161
https://openalex.org/W3193572680
https://openalex.org/W4280538114
https://openalex.org/W4311364489
https://openalex.org/W4312179613
https://openalex.org/W4313546000
https://openalex.org/W4319662029
https://openalex.org/W4321012777
https://openalex.org/W4322725376
https://openalex.org/W4323072978
https://openalex.org/W4323856820
https://openalex.org/W4361215522
https://openalex.org/W4361221284
https://openalex.org/W4361806675
https://openalex.org/W4361887942
https://openalex.org/W4361935485
https://openalex.org/W4361952954
https://openalex.org/W4361960007
https://openalex.org/W4362554440
https://openalex.org/W4362736177
https://openalex.org/W4365479593
https://openalex.org/W4366771460
https://openalex.org/W4367173745
https://openalex.org/W4367672197
https://openalex.org/W4367835361
https://openalex.org/W4375869378
https://openalex.org/W4376878470
https://openalex.org/W4377130856
https://openalex.org/W4377139384
https://openalex.org/W4377965786
https://openalex.org/W4378233603
https://openalex.org/W4378233803
https://openalex.org/W4378233867
https://openalex.org/W4378234419
https://openalex.org/W4378234539
https://openalex.org/W4378234631
https://openalex.org/W4378652006
https://openalex.org/W4379165539
https://openalex.org/W4380994454
https://openalex.org/W4382918361
https://openalex.org/W4383067104
https://openalex.org/W4383456998
https://openalex.org/W4383814557
https://openalex.org/W4384392969
https://openalex.org/W4384464632
https://openalex.org/W4385398381
https://openalex.org/W4385639019
https://openalex.org/W4385774941
https://openalex.org/W4385804484
https://openalex.org/W4386043276
https://openalex.org/W4386203338
https://openalex.org/W4386374463
https://openalex.org/W4386375204
https://openalex.org/W4386479916
https://openalex.org/W4386524134
https://openalex.org/W4386886405
https://openalex.org/W4387037626
https://openalex.org/W4387076083
https://openalex.org/W4387096021
https://openalex.org/W4387328871
https://openalex.org/W4387331367
https://openalex.org/W4388721139
https://openalex.org/W4388932045
https://openalex.org/W4388963747
https://openalex.org/W4389179604
https://openalex.org/W4389265436
https://openalex.org/W4389295953
https://openalex.org/W4389501060
https://openalex.org/W4389572003
https://openalex.org/W4389713656
https://openalex.org/W4389923676
https://openalex.org/W4390309698
https://openalex.org/W4390726601
https://openalex.org/W4390777981
https://openalex.org/W4390873805
https://openalex.org/W4390874316
https://openalex.org/W4391957527
https://openalex.org/W4392592870
https://openalex.org/W4394291534
https://openalex.org/W4394383716
https://openalex.org/W4394760091
https://openalex.org/W1993163971
https://openalex.org/W2035823205
https://openalex.org/W2105712100
https://openalex.org/W2134698309
https://openalex.org/W2228893253
https://openalex.org/W2321275759
https://openalex.org/W2414071452
https://openalex.org/W2474559814
https://openalex.org/W4301015697
https://openalex.org/W1989001020
https://openalex.org/W2009237922
https://openalex.org/W2062967721
https://openalex.org/W2083865784
https://openalex.org/W3142329489
https://openalex.org/W2063644810
https://openalex.org/W2077399868
https://openalex.org/W4245238460
https://openalex.org/W4255470437
https://openalex.org/W201720963
https://openalex.org/W2127352602
https://openalex.org/W2135738184
https://openalex.org/W603118289
https://openalex.org/W2401497852
https://openalex.org/W1973948893
https://openalex.org/W2049569926
https://openalex.org/W2328799906
https://openalex.org/W2502944954
https://openalex.org/W2613716164
https://openalex.org/W2734304870
https://openalex.org/W2744789207
https://openalex.org/W2759976620
https://openalex.org/W2770249991
https://openalex.org/W2775545831
https://openalex.org/W2952440785
https://openalex.org/W3024744024
https://openalex.org/W2409344644
https://openalex.org/W2418121484
https://openalex.org/W4237474063
https://openalex.org/W4301240829
https://openalex.org/W1967959789
https://openalex.org/W105135465
https://openalex.org/W4236619828
https://openalex.org/W1659507066
https://openalex.org/W1983245639
https://openalex.org/W2276974641
https://openalex.org/W2306664713
https://openalex.org/W2331460064
https://openalex.org/W1890352893
https://openalex.org/W2167530254
https://openalex.org/W2408718100
https://openalex.org/W2412872988
https://openalex.org/W2496738733
https://openalex.org/W2778705457
https://openalex.org/W2795593318
https://openalex.org/W2806073698
https://openalex.org/W2808266845
https://openalex.org/W2885446214
https://openalex.org/W2912032893
https://openalex.org/W2959086733
https://openalex.org/W3040043841
https://openalex.org/W3062907159
https://openalex.org/W3088625734
https://openalex.org/W3109569365
https://openalex.org/W3135329953
https://openalex.org/W3148758153
https://openalex.org/W3158733574
https://openalex.org/W3166795203
https://openalex.org/W3172923824
https://openalex.org/W3182459378
https://openalex.org/W3186967528
https://openalex.org/W3193514556
https://openalex.org/W3197633739
https://openalex.org/W4200125282
https://openalex.org/W4200319963
https://openalex.org/W4206828417
https://openalex.org/W75975998
https://openalex.org/W2316155429
https://openalex.org/W2362170783
https://openalex.org/W2415753647
https://openalex.org/W2417155910
https://openalex.org/W2507631408
https://openalex.org/W2509940520
https://openalex.org/W2519531078
https://openalex.org/W2539694319
https://openalex.org/W2549578252
https://openalex.org/W2577610821
https://openalex.org/W2743862419
https://openalex.org/W2894851094
https://openalex.org/W3048221703
https://openalex.org/W3216810263
https://openalex.org/W4200167176
https://openalex.org/W4207082786
https://openalex.org/W4214876519
https://openalex.org/W4220847352
https://openalex.org/W4220944212
https://openalex.org/W4232700214
https://openalex.org/W4281397753
https://openalex.org/W4286820227
https://openalex.org/W4293024145
https://openalex.org/W4293707401
https://openalex.org/W4300003197
https://openalex.org/W4300089472
https://openalex.org/W4309164348
https://openalex.org/W4309463593
https://openalex.org/W4309632001
https://openalex.org/W4312579164
https://openalex.org/W2032919380
https://openalex.org/W2416973694
https://openalex.org/W4248739766
https://openalex.org/W1968713037
https://openalex.org/W1979676843
https://openalex.org/W2034755958
https://openalex.org/W2041430115
https://openalex.org/W2171360607
https://openalex.org/W2339473257
https://openalex.org/W2405058094
https://openalex.org/W2429001490
https://openalex.org/W4252630908
https://openalex.org/W1555117178
https://openalex.org/W2032054714
https://openalex.org/W2067883937
https://openalex.org/W2140915000
https://openalex.org/W2145517115
https://openalex.org/W909394515
https://openalex.org/W2040012644
https://openalex.org/W2065498316
https://openalex.org/W2418699768
https://openalex.org/W2086477325
https://openalex.org/W2112723461
https://openalex.org/W3146381122
https://openalex.org/W1903625133
https://openalex.org/W1992096181
https://openalex.org/W2010270815
https://openalex.org/W2016219389
https://openalex.org/W2018535315
https://openalex.org/W2042685950
https://openalex.org/W2062151859
https://openalex.org/W2069323758
https://openalex.org/W2095203099
https://openalex.org/W2120717063
https://openalex.org/W2143853362
https://openalex.org/W2147361510
https://openalex.org/W2174339939
https://openalex.org/W2321733242
https://openalex.org/W2327409357
https://openalex.org/W2409190181
https://openalex.org/W2416038733
https://openalex.org/W2427654791
https://openalex.org/W2465883996
https://openalex.org/W2471187738
https://openalex.org/W2473197998
https://openalex.org/W2531931340
https://openalex.org/W2679757479
https://openalex.org/W2783374593
https://openalex.org/W3140571296
https://openalex.org/W3147050287
https://openalex.org/W36127098
https://openalex.org/W4223921680
https://openalex.org/W4225289754
https://openalex.org/W4238781495
https://openalex.org/W4285145705
https://openalex.org/W4295127886
https://openalex.org/W4295845816
https://openalex.org/W4307496448
https://openalex.org/W4310992440
https://openalex.org/W4315567438
https://openalex.org/W991510254
https://openalex.org/W1996725184
https://openalex.org/W2014588641
https://openalex.org/W2052536352
https://openalex.org/W2071242360
https://openalex.org/W2173640341
https://openalex.org/W4255256257
https://openalex.org/W2057332102
https://openalex.org/W2064939202
https://openalex.org/W2087452153
https://openalex.org/W2408342302
https://openalex.org/W2418487356
https://openalex.org/W2580020889
https://openalex.org/W48536523
https://openalex.org/W195590973
https://openalex.org/W1488541188
https://openalex.org/W1570450443
https://openalex.org/W1964107784
https://openalex.org/W2000560616
https://openalex.org/W2034756330
https://openalex.org/W2080487571
https://openalex.org/W2089068844
https://openalex.org/W2101504623
https://openalex.org/W2104871686
https://openalex.org/W2161788603
https://openalex.org/W2258294837
https://openalex.org/W2298164092
https://openalex.org/W2537212955
https://openalex.org/W4248873352
https://openalex.org/W1488009960
https://openalex.org/W1587241094
https://openalex.org/W1964751346
https://openalex.org/W1993336001
https://openalex.org/W2026251250
https://openalex.org/W2037320496
https://openalex.org/W2038351385
https://openalex.org/W2051128418
https://openalex.org/W2052448342
https://openalex.org/W2063564753
https://openalex.org/W2070081859
https://openalex.org/W2082016871
https://openalex.org/W2084456870
https://openalex.org/W2096913587
https://openalex.org/W2121338342
https://openalex.org/W2327315127
https://openalex.org/W2419276603
https://openalex.org/W2498385687
https://openalex.org/W2551221784
https://openalex.org/W2569819411
https://openalex.org/W2615944613
https://openalex.org/W2744442567
https://openalex.org/W2754118255
https://openalex.org/W2754922684
https://openalex.org/W2790113964
https://openalex.org/W2802034958
https://openalex.org/W2898944021
https://openalex.org/W2916945817
https://openalex.org/W2998524731
https://openalex.org/W3140640649
https://openalex.org/W3143136835
https://openalex.org/W394658998
https://openalex.org/W4256175969
https://openalex.org/W4301387045
https://openalex.org/W4321146605
https://openalex.org/W953511439
https://openalex.org/W1603606307
https://openalex.org/W1779256049
https://openalex.org/W1977001043
https://openalex.org/W2007676286
https://openalex.org/W202022721
https://openalex.org/W2076947902
https://openalex.org/W2103237947
https://openalex.org/W2150015364
https://openalex.org/W2333103080
https://openalex.org/W2418889697
https://openalex.org/W2419006391
https://openalex.org/W91644477
https://openalex.org/W1989956217
https://openalex.org/W2009588865
https://openalex.org/W2087982704
https://openalex.org/W233595157
https://openalex.org/W2412532510
https://openalex.org/W3107367030
https://openalex.org/W1966185071
https://openalex.org/W2042796641
https://openalex.org/W2085230900
https://openalex.org/W2086527072
https://openalex.org/W2094434669
https://openalex.org/W2106532085
https://openalex.org/W2151113883
https://openalex.org/W2421811318
https://openalex.org/W2482848303
https://openalex.org/W2617703112
https://openalex.org/W2637881799
https://openalex.org/W2781573611
https://openalex.org/W2791992592
https://openalex.org/W2794815500
https://openalex.org/W2794859543
https://openalex.org/W2795812935
https://openalex.org/W2804417776
https://openalex.org/W2887002313
https://openalex.org/W2892672259
https://openalex.org/W2946687854
https://openalex.org/W2988378491
https://openalex.org/W2991741404
https://openalex.org/W3141521052
https://openalex.org/W3143952554
https://openalex.org/W3146840869
https://openalex.org/W4231444138
https://openalex.org/W4235955272
https://openalex.org/W59293980
https://openalex.org/W1997452296
https://openalex.org/W2005766075
https://openalex.org/W2012140871
https://openalex.org/W2058235314
https://openalex.org/W2205504331
https://openalex.org/W2395928732
https://openalex.org/W2417057587
https://openalex.org/W2510202469
https://openalex.org/W46077631
https://openalex.org/W2051562896
https://openalex.org/W4234915159
https://openalex.org/W4250972447
https://openalex.org/W2093545504
https://openalex.org/W2427526079
https://openalex.org/W2022961002
https://openalex.org/W2182436041
https://openalex.org/W2952048296
https://openalex.org/W2954951537
https://openalex.org/W2969631713
https://openalex.org/W2970594151
https://openalex.org/W2971612457
https://openalex.org/W2979863764
https://openalex.org/W2988854916
https://openalex.org/W2991345968
https://openalex.org/W3009639477
https://openalex.org/W3016419728
https://openalex.org/W3030443804
https://openalex.org/W3036054712
https://openalex.org/W3037219792
https://openalex.org/W3047461001
https://openalex.org/W3084759899
https://openalex.org/W3089286588
https://openalex.org/W3093490011
https://openalex.org/W3095799592
https://openalex.org/W3163783067
https://openalex.org/W3178652065
https://openalex.org/W3216392506
https://openalex.org/W4205627407
https://openalex.org/W4233148586
https://openalex.org/W4234872541
https://openalex.org/W4243491024
https://openalex.org/W4246252337
https://openalex.org/W4367595077
https://openalex.org/W107199454
https://openalex.org/W189188493
https://openalex.org/W2044645050
https://openalex.org/W2070858559
https://openalex.org/W2073270605
https://openalex.org/W2124526240
https://openalex.org/W2410393974
https://openalex.org/W2412038490
https://openalex.org/W2418714910
https://openalex.org/W2493552711
https://openalex.org/W2506104222
https://openalex.org/W2561240138
https://openalex.org/W783150389
https://openalex.org/W1572075456
https://openalex.org/W1965796740
https://openalex.org/W2088542444
https://openalex.org/W2142819801
https://openalex.org/W2161649512
https://openalex.org/W2327033379
https://openalex.org/W2330209959
https://openalex.org/W2418809204
https://openalex.org/W2460426192
https://openalex.org/W1669405086
https://openalex.org/W1672254609
https://openalex.org/W2302649153
https://openalex.org/W2397177654
https://openalex.org/W2433052313
https://openalex.org/W2978747598
https://openalex.org/W3049489259
https://openalex.org/W3085166451
https://openalex.org/W3133530987
https://openalex.org/W3149860052
https://openalex.org/W3161863919
https://openalex.org/W3177103687
https://openalex.org/W3181722685
https://openalex.org/W3195281061
https://openalex.org/W3197051334
https://openalex.org/W3198541895
https://openalex.org/W3198665432
https://openalex.org/W3199131842
https://openalex.org/W3201174052
https://openalex.org/W3209543267
https://openalex.org/W3212888967
https://openalex.org/W4200274934
https://openalex.org/W4285025019
https://openalex.org/W4296425671
https://openalex.org/W4313376820
https://openalex.org/W2606902290
https://openalex.org/W3145940272
https://openalex.org/W3149142212
https://openalex.org/W4242422878
https://openalex.org/W113759335
https://openalex.org/W2048196711
https://openalex.org/W2075745626
https://openalex.org/W3142294012
https://openalex.org/W831243527
https://openalex.org/W2314112269
https://openalex.org/W2888054132
https://openalex.org/W944448352
https://openalex.org/W148112665
https://openalex.org/W1858496547
https://openalex.org/W2016847010
https://openalex.org/W2018392862
https://openalex.org/W2109693095
https://openalex.org/W2122174178
https://openalex.org/W2187106322
https://openalex.org/W2311801018
https://openalex.org/W2319833371
https://openalex.org/W2331922891
https://openalex.org/W2416110425
https://openalex.org/W2418852386
https://openalex.org/W2337173702
https://openalex.org/W2398407774
https://openalex.org/W2411726668
https://openalex.org/W2414475902
https://openalex.org/W3149890274
https://openalex.org/W4291735005
https://openalex.org/W1569105198
https://openalex.org/W2004382712
https://openalex.org/W2037283588
https://openalex.org/W2043780915
https://openalex.org/W2071908168
https://openalex.org/W2117081546
https://openalex.org/W2346266633
https://openalex.org/W2347164870
https://openalex.org/W2406922049
https://openalex.org/W2416163837
https://openalex.org/W2611618166
https://openalex.org/W4235123658
https://openalex.org/W1618378902
https://openalex.org/W1984664496
https://openalex.org/W2039101495
https://openalex.org/W2040437029
https://openalex.org/W2147940015
https://openalex.org/W2612322318
https://openalex.org/W2991067538
https://openalex.org/W3121872653
https://openalex.org/W1412501563
https://openalex.org/W1435200531
https://openalex.org/W1485854956
https://openalex.org/W1510152264
https://openalex.org/W1749513421
https://openalex.org/W1770658582
https://openalex.org/W194629216
https://openalex.org/W1985417050
https://openalex.org/W2011891136
https://openalex.org/W2018672898
https://openalex.org/W2039549966
https://openalex.org/W2052628521
https://openalex.org/W2060745122
https://openalex.org/W2083009578
https://openalex.org/W2094087858
https://openalex.org/W2248563392
https://openalex.org/W2256487701
https://openalex.org/W2260458950
https://openalex.org/W2262012800
https://openalex.org/W2263826145
https://openalex.org/W2264945545
https://openalex.org/W2266457355
https://openalex.org/W2269932507
https://openalex.org/W2270836782
https://openalex.org/W2297761726
https://openalex.org/W2314400625
https://openalex.org/W2322913982
https://openalex.org/W2326287746
https://openalex.org/W2334913994
https://openalex.org/W2335798066
https://openalex.org/W2341082958
https://openalex.org/W2341724538
https://openalex.org/W2386477120
https://openalex.org/W2401988106
https://openalex.org/W24224077
https://openalex.org/W2463500114
https://openalex.org/W2465763995
https://openalex.org/W2476594739
https://openalex.org/W2489746982
https://openalex.org/W2492305289
https://openalex.org/W2533904041
https://openalex.org/W2538303943
https://openalex.org/W2538523522
https://openalex.org/W2550352260
https://openalex.org/W2550868200
https://openalex.org/W2557076951
https://openalex.org/W2557349037
https://openalex.org/W2557470607
https://openalex.org/W2557867743
https://openalex.org/W2558592644
https://openalex.org/W2558951729
https://openalex.org/W2561118642
https://openalex.org/W2561481431
https://openalex.org/W2563235623
https://openalex.org/W2565885360
https://openalex.org/W2571785084
https://openalex.org/W2581771372
https://openalex.org/W2584870354
https://openalex.org/W2592042664
https://openalex.org/W2596109063
https://openalex.org/W2596585449
https://openalex.org/W2597217222
https://openalex.org/W2603464869
https://openalex.org/W2615994495
https://openalex.org/W2616424313
https://openalex.org/W2616463028
https://openalex.org/W2624725015
https://openalex.org/W2624771250
https://openalex.org/W2624903311
https://openalex.org/W2624957624
https://openalex.org/W2633975997
https://openalex.org/W2635255675
https://openalex.org/W2659399946
https://openalex.org/W2695690263
https://openalex.org/W2714292155
https://openalex.org/W2717013066
https://openalex.org/W2717939167
https://openalex.org/W2733731201
https://openalex.org/W2744359720
https://openalex.org/W2746862926
https://openalex.org/W2746937251
https://openalex.org/W2747182561
https://openalex.org/W2749082035
https://openalex.org/W2754352012
https://openalex.org/W2766384647
https://openalex.org/W2826501283
https://openalex.org/W2894791363
https://openalex.org/W2899514377
https://openalex.org/W2900528333
https://openalex.org/W2903771515
https://openalex.org/W2910201333
https://openalex.org/W2910492846
https://openalex.org/W2921942465
https://openalex.org/W2943643363
https://openalex.org/W2978423379
https://openalex.org/W2978906614
https://openalex.org/W2979190126
https://openalex.org/W2999331009
https://openalex.org/W3013654660
https://openalex.org/W3013709382
https://openalex.org/W3013939736
https://openalex.org/W3016319048
https://openalex.org/W3016528819
https://openalex.org/W3030128551
https://openalex.org/W3035692664
https://openalex.org/W3047098726
https://openalex.org/W3048450054
https://openalex.org/W3081970110
https://openalex.org/W3092584218
https://openalex.org/W3105417938
https://openalex.org/W3106666594
https://openalex.org/W3113067831
https://openalex.org/W3117865545
https://openalex.org/W3133581418
https://openalex.org/W3139576125
https://openalex.org/W3140055400
https://openalex.org/W3142033323
https://openalex.org/W3143972491
https://openalex.org/W3145244843
https://openalex.org/W3147520923
https://openalex.org/W3149069217
https://openalex.org/W3151990172
https://openalex.org/W3206998693
https://openalex.org/W377887977
https://openalex.org/W4230280473
https://openalex.org/W4231247214
https://openalex.org/W4231817875
https://openalex.org/W4232274324
https://openalex.org/W4236287155
https://openalex.org/W4236442421
https://openalex.org/W4237766108
https://openalex.org/W4237813796
https://openalex.org/W4240461869
https://openalex.org/W4240512499
https://openalex.org/W4242745984
https://openalex.org/W4244643071
https://openalex.org/W4245470291
https://openalex.org/W4246134412
https://openalex.org/W4246884186
https://openalex.org/W4251551908
https://openalex.org/W4254425570
https://openalex.org/W4255083077
https://openalex.org/W4255976328
https://openalex.org/W4300327958
https://openalex.org/W4394097293
https://openalex.org/W4394184624
https://openalex.org/W4394204962
https://openalex.org/W4394229328
https://openalex.org/W4394234258
https://openalex.org/W4394386003
https://openalex.org/W4394390668
https://openalex.org/W4394402219
https://openalex.org/W4394423794
https://openalex.org/W4394543360
https://openalex.org/W50734561
https://openalex.org/W589675295
https://openalex.org/W95362403
https://openalex.org/W10437893
https://openalex.org/W120286161
https://openalex.org/W1597282475
https://openalex.org/W2010171542
https://openalex.org/W2025108265
https://openalex.org/W2046493500
https://openalex.org/W2053994977
https://openalex.org/W2396853963
https://openalex.org/W2407137804
https://openalex.org/W2428727978
https://openalex.org/W2463689516
https://openalex.org/W2482868702
https://openalex.org/W2613385412
https://openalex.org/W4234014734
https://openalex.org/W4255252738
https://openalex.org/W84123538
https://openalex.org/W2070235838
https://openalex.org/W2343837969
https://openalex.org/W2413956886
https://openalex.org/W2948213378
https://openalex.org/W109014990
https://openalex.org/W1481372492
https://openalex.org/W1499677227
https://openalex.org/W1508633858
https://openalex.org/W1508771539
https://openalex.org/W1529289214
https://openalex.org/W1539437413
https://openalex.org/W1566394805
https://openalex.org/W1570192282
https://openalex.org/W1571850339
https://openalex.org/W1605640684
https://openalex.org/W162659180
https://openalex.org/W1699634843
https://openalex.org/W1973237861
https://openalex.org/W1981420099
https://openalex.org/W1988798511
https://openalex.org/W1993733017
https://openalex.org/W2014074109
https://openalex.org/W2017400631
https://openalex.org/W2023523059
https://openalex.org/W2038004311
https://openalex.org/W2047556963
https://openalex.org/W2052357074
https://openalex.org/W2052993739
https://openalex.org/W2070964814
https://openalex.org/W2072318639
https://openalex.org/W2086750584
https://openalex.org/W2089144357
https://openalex.org/W2090259540
https://openalex.org/W2091676539
https://openalex.org/W2102579265
https://openalex.org/W2104639087
https://openalex.org/W2106579328
https://openalex.org/W2106624046
https://openalex.org/W2117985096
https://openalex.org/W2122218483
https://openalex.org/W2140084024
https://openalex.org/W2182729539
https://openalex.org/W2186643279
https://openalex.org/W2240668926
https://openalex.org/W2262816111
https://openalex.org/W2279167517
https://openalex.org/W2281866392
https://openalex.org/W2313880216
https://openalex.org/W2316521320
https://openalex.org/W2319979328
https://openalex.org/W2324292647
https://openalex.org/W2326468166
https://openalex.org/W2327563487
https://openalex.org/W2328764611
https://openalex.org/W2331326962
https://openalex.org/W2334861380
https://openalex.org/W2337440228
https://openalex.org/W2374274828
https://openalex.org/W238649141
https://openalex.org/W2395781750
https://openalex.org/W2399482005
https://openalex.org/W2400593920
https://openalex.org/W2414977755
https://openalex.org/W2415924469
https://openalex.org/W2416629225
https://openalex.org/W2580757023
https://openalex.org/W2580892595
https://openalex.org/W2584671587
https://openalex.org/W2587313713
https://openalex.org/W2598741308
https://openalex.org/W2599263205
https://openalex.org/W2600030617
https://openalex.org/W2602625990
https://openalex.org/W2651566118
https://openalex.org/W2702677782
https://openalex.org/W2706369944
https://openalex.org/W2730771549
https://openalex.org/W2788179900
https://openalex.org/W2793888861
https://openalex.org/W2902051310
https://openalex.org/W2909144154
https://openalex.org/W2913951863
https://openalex.org/W2965279798
https://openalex.org/W2972178583
https://openalex.org/W2978463498
https://openalex.org/W3015265419
https://openalex.org/W301877851
https://openalex.org/W3030822341
https://openalex.org/W3117137654
https://openalex.org/W3139569043
https://openalex.org/W3140043626
https://openalex.org/W3140099079
https://openalex.org/W3140185743
https://openalex.org/W3140860742
https://openalex.org/W3141739887
https://openalex.org/W3141884968
https://openalex.org/W3142046338
https://openalex.org/W3142172779
https://openalex.org/W3142509940
https://openalex.org/W3142718475
https://openalex.org/W3143046898
https://openalex.org/W3143165659
https://openalex.org/W3144161457
https://openalex.org/W3144589698
https://openalex.org/W3145041291
https://openalex.org/W3145225696
https://openalex.org/W3146253189
https://openalex.org/W3146538070
https://openalex.org/W3146980194
https://openalex.org/W3147059143
https://openalex.org/W3147432714
https://openalex.org/W3148364687
https://openalex.org/W3148698146
https://openalex.org/W3149212178
https://openalex.org/W3149482143
https://openalex.org/W3149562313
https://openalex.org/W3149744118
https://openalex.org/W3150886011
https://openalex.org/W3173363358
https://openalex.org/W3191399917
https://openalex.org/W3208560546
https://openalex.org/W3208886230
https://openalex.org/W407988374
https://openalex.org/W4206808809
https://openalex.org/W4230579680
https://openalex.org/W4231056780
https://openalex.org/W4232589897
https://openalex.org/W4236731040
https://openalex.org/W4238498952
https://openalex.org/W4240622052
https://openalex.org/W4252246007
https://openalex.org/W4252249103
https://openalex.org/W4256660191
https://openalex.org/W45315360
https://openalex.org/W602927324
https://openalex.org/W638321136
https://openalex.org/W908246722
https://openalex.org/W936419330
https://openalex.org/W949377666
https://openalex.org/W991790693
https://openalex.org/W173261193
https://openalex.org/W2006114527
https://openalex.org/W2009977578
https://openalex.org/W2029588042
https://openalex.org/W2033382727
https://openalex.org/W2047275340
https://openalex.org/W2084166820
https://openalex.org/W2284243796
https://openalex.org/W2516081490
https://openalex.org/W257321105
https://openalex.org/W10601530
https://openalex.org/W1693814756
https://openalex.org/W2027896792
https://openalex.org/W2051851163
https://openalex.org/W2077198937
https://openalex.org/W222427420
https://openalex.org/W2323418585
https://openalex.org/W2336851839
https://openalex.org/W3213293066
https://openalex.org/W3213379621
https://openalex.org/W125271937
https://openalex.org/W168386252
https://openalex.org/W1966084914
https://openalex.org/W1971812221
https://openalex.org/W1976466495
https://openalex.org/W1982926962
https://openalex.org/W1991713206
https://openalex.org/W2013991075
https://openalex.org/W2023236326
https://openalex.org/W2041977720
https://openalex.org/W2043705269
https://openalex.org/W2088734285
https://openalex.org/W2106274818
https://openalex.org/W2110767048
https://openalex.org/W2111485420
https://openalex.org/W2112153296
https://openalex.org/W2131167363
https://openalex.org/W2142960038
https://openalex.org/W2147707019
https://openalex.org/W2273099512
https://openalex.org/W2282308837
https://openalex.org/W2315710549
https://openalex.org/W2323235679
https://openalex.org/W2347004585
https://openalex.org/W2413251655
https://openalex.org/W2418138529
https://openalex.org/W2418652260
https://openalex.org/W246062397
https://openalex.org/W2486399082
https://openalex.org/W2491749832
https://openalex.org/W2497527158
https://openalex.org/W2562226205
https://openalex.org/W2564599296
https://openalex.org/W2583306373
https://openalex.org/W2587951700
https://openalex.org/W2588980483
https://openalex.org/W2598932955
https://openalex.org/W2599693036
https://openalex.org/W2600541242
https://openalex.org/W2608898562
https://openalex.org/W2611206138
https://openalex.org/W2613688269
https://openalex.org/W2733412346
https://openalex.org/W2735213741
https://openalex.org/W2744078411
https://openalex.org/W2744931813
https://openalex.org/W2745313425
https://openalex.org/W2747768664
https://openalex.org/W2749871818
https://openalex.org/W2750459272
https://openalex.org/W2751601678
https://openalex.org/W2751641366
https://openalex.org/W2751704692
https://openalex.org/W2751947332
https://openalex.org/W2751948802
https://openalex.org/W2752479747
https://openalex.org/W2752708216
https://openalex.org/W2753198689
https://openalex.org/W2755602961
https://openalex.org/W2758748377
https://openalex.org/W2759186976
https://openalex.org/W2765695333
https://openalex.org/W2766225356
https://openalex.org/W2767324124
https://openalex.org/W2770583459
https://openalex.org/W2777421114
https://openalex.org/W2780808132
https://openalex.org/W2790554804
https://openalex.org/W2795074317
https://openalex.org/W2797065078
https://openalex.org/W2800984573
https://openalex.org/W2803494485
https://openalex.org/W2805357958
https://openalex.org/W2969703861
https://openalex.org/W2978774433
https://openalex.org/W2979181701
https://openalex.org/W2979224478
https://openalex.org/W2979232044
https://openalex.org/W2989330511
https://openalex.org/W3004799811
https://openalex.org/W3041774679
https://openalex.org/W3112556331
https://openalex.org/W3126564143
https://openalex.org/W3139688587
https://openalex.org/W3143622867
https://openalex.org/W3146419856
https://openalex.org/W3147446910
https://openalex.org/W3151330385
https://openalex.org/W3161720376
https://openalex.org/W3163268519
https://openalex.org/W3163912235
https://openalex.org/W318129159
https://openalex.org/W3215982808
https://openalex.org/W396247410
https://openalex.org/W4230803889
https://openalex.org/W4236193300
https://openalex.org/W4241921161
https://openalex.org/W4292144529
https://openalex.org/W4297074109
https://openalex.org/W432846840
https://openalex.org/W4394271664
https://openalex.org/W17456831
https://openalex.org/W1982347134
https://openalex.org/W2146818115
https://openalex.org/W2328291727
https://openalex.org/W2329397177
https://openalex.org/W2418597277
https://openalex.org/W2485242088
https://openalex.org/W2490871179
https://openalex.org/W2551685958
https://openalex.org/W1580147628
https://openalex.org/W2000479949
https://openalex.org/W2021094804
https://openalex.org/W2029684517
https://openalex.org/W2032224612
https://openalex.org/W2036258447
https://openalex.org/W2039071289
https://openalex.org/W2050715339
https://openalex.org/W2051284759
https://openalex.org/W2096498525
https://openalex.org/W2101506068
https://openalex.org/W2112985577
https://openalex.org/W2127566517
https://openalex.org/W2214661981
https://openalex.org/W2313865285
https://openalex.org/W2328487810
https://openalex.org/W2402482720
https://openalex.org/W2404363529
https://openalex.org/W2414571252
https://openalex.org/W2437374343
https://openalex.org/W2490633535
https://openalex.org/W2625545523
https://openalex.org/W2701988596
https://openalex.org/W2743209845
https://openalex.org/W2743237341
https://openalex.org/W2743825553
https://openalex.org/W2909603364
https://openalex.org/W2936473489
https://openalex.org/W2946956403
https://openalex.org/W2975618505
https://openalex.org/W2975683114
https://openalex.org/W2976099043
https://openalex.org/W3011130222
https://openalex.org/W3016413511
https://openalex.org/W3089649357
https://openalex.org/W3096720935
https://openalex.org/W3135068772
https://openalex.org/W3140226547
https://openalex.org/W3143037123
https://openalex.org/W3147251050
https://openalex.org/W3149300759
https://openalex.org/W3151250502
https://openalex.org/W3177480944
https://openalex.org/W3179643264
https://openalex.org/W3180213119
https://openalex.org/W3196108070
https://openalex.org/W340590010
https://openalex.org/W369843132
https://openalex.org/W39232988
https://openalex.org/W4206753187
https://openalex.org/W421255167
https://openalex.org/W4214586684
https://openalex.org/W4220708754
https://openalex.org/W4220720864
https://openalex.org/W4220860308
https://openalex.org/W4220913913
https://openalex.org/W4221106122
https://openalex.org/W4226045881
https://openalex.org/W4226079858
https://openalex.org/W4226331093
https://openalex.org/W4229027760
https://openalex.org/W4242426293
https://openalex.org/W4246592112
https://openalex.org/W425538129
https://openalex.org/W4281556947
https://openalex.org/W4282046089
https://openalex.org/W4282822986
https://openalex.org/W4282918185
https://openalex.org/W4283167289
https://openalex.org/W4283393035
https://openalex.org/W4283521265
https://openalex.org/W4283654749
https://openalex.org/W4283695701
https://openalex.org/W4285211945
https://openalex.org/W4286488826
https://openalex.org/W4288077854
https://openalex.org/W4288874097
https://openalex.org/W4294068622
https://openalex.org/W4296361210
https://openalex.org/W4296539674
https://openalex.org/W4297375861
https://openalex.org/W4297614576
https://openalex.org/W4301254096
https://openalex.org/W4303986853
https://openalex.org/W4304620255
https://openalex.org/W4306147314
https://openalex.org/W4307002280
https://openalex.org/W4307053848
https://openalex.org/W4307439203
https://openalex.org/W4308376053
https://openalex.org/W4308381557
https://openalex.org/W4308398095
https://openalex.org/W4308828443
https://openalex.org/W4310846675
https://openalex.org/W4312062628
https://openalex.org/W4312180526
https://openalex.org/W4312367939
https://openalex.org/W4312695829
https://openalex.org/W4312956122
https://openalex.org/W4319061741
https://openalex.org/W4320024125
https://openalex.org/W4320167527
https://openalex.org/W4320556442
https://openalex.org/W4381850987
https://openalex.org/W4394362290
https://openalex.org/W4394382439
https://openalex.org/W4395043723
https://openalex.org/W1970392315
https://openalex.org/W2319416674
https://openalex.org/W2330454460
https://openalex.org/W2345487716
https://openalex.org/W2346194599
https://openalex.org/W2403766058
https://openalex.org/W2607542167
https://openalex.org/W3142748432
https://openalex.org/W3143905771
https://openalex.org/W3216146417
https://openalex.org/W418292311
https://openalex.org/W4246931113
https://openalex.org/W1996917488
https://openalex.org/W2013353170
https://openalex.org/W2046481340
https://openalex.org/W2058778797
https://openalex.org/W2073308018
https://openalex.org/W2267764328
https://openalex.org/W2303020490
https://openalex.org/W2307580203
https://openalex.org/W2402618638
https://openalex.org/W2408516910
https://openalex.org/W2412572599
https://openalex.org/W2499702270
https://openalex.org/W2513814267
https://openalex.org/W2580448416
https://openalex.org/W2596613522
https://openalex.org/W2643675500
https://openalex.org/W2786154550
https://openalex.org/W2786579119
https://openalex.org/W2788656553
https://openalex.org/W2789748685
https://openalex.org/W2792321791
https://openalex.org/W2793456978
https://openalex.org/W2795068007
https://openalex.org/W2802920333
https://openalex.org/W2803458716
https://openalex.org/W2803659484
https://openalex.org/W2805601174
https://openalex.org/W2805689518
https://openalex.org/W2806395229
https://openalex.org/W2888028518
https://openalex.org/W2892296193
https://openalex.org/W2893950749
https://openalex.org/W2894380978
https://openalex.org/W2897926395
https://openalex.org/W2899042917
https://openalex.org/W2900654404
https://openalex.org/W2902382321
https://openalex.org/W2904147377
https://openalex.org/W2906181655
https://openalex.org/W2910617350
https://openalex.org/W2914287113
https://openalex.org/W2914398428
https://openalex.org/W2916402866
https://openalex.org/W2933678082
https://openalex.org/W2937296358
https://openalex.org/W2939130614
https://openalex.org/W2943115304
https://openalex.org/W2944185128
https://openalex.org/W2945518135
https://openalex.org/W2946782092
https://openalex.org/W2955039208
https://openalex.org/W2955709134
https://openalex.org/W2956552948
https://openalex.org/W2959177099
https://openalex.org/W2959903789
https://openalex.org/W2972236524
https://openalex.org/W2972619813
https://openalex.org/W2972906676
https://openalex.org/W2973126959
https://openalex.org/W2973130594
https://openalex.org/W2974744578
https://openalex.org/W2975489298
https://openalex.org/W2975516888
https://openalex.org/W2976589096
https://openalex.org/W2977463494
https://openalex.org/W2978430351
https://openalex.org/W2978620768
https://openalex.org/W2981083469
https://openalex.org/W2985943201
https://openalex.org/W2986522321
https://openalex.org/W2992010536
https://openalex.org/W2994379731
https://openalex.org/W2995408719
https://openalex.org/W2996221026
https://openalex.org/W2998663541
https://openalex.org/W3003814899
https://openalex.org/W3008137234
https://openalex.org/W3012910513
https://openalex.org/W3012961391
https://openalex.org/W3015120838
https://openalex.org/W3022441839
https://openalex.org/W3024028111
https://openalex.org/W3024971619
https://openalex.org/W3026219776
https://openalex.org/W3027822126
https://openalex.org/W3028506517
https://openalex.org/W3031129080
https://openalex.org/W3037013471
https://openalex.org/W3037530900
https://openalex.org/W3038943302
https://openalex.org/W3041361728
https://openalex.org/W3043884276
https://openalex.org/W3047681336
https://openalex.org/W3084361200
https://openalex.org/W3103730160
https://openalex.org/W3108156832
https://openalex.org/W313248788
https://openalex.org/W3141074132
https://openalex.org/W3141787953
https://openalex.org/W3148546305
https://openalex.org/W3154290308
https://openalex.org/W3161991020
https://openalex.org/W3175315073
https://openalex.org/W3177474016
https://openalex.org/W3190016792
https://openalex.org/W3203857078
https://openalex.org/W3214764754
https://openalex.org/W4205463916
https://openalex.org/W4230337501
https://openalex.org/W4231639987
https://openalex.org/W4232386250
https://openalex.org/W4233822249
https://openalex.org/W4234471285
https://openalex.org/W4236867265
https://openalex.org/W4251554020
https://openalex.org/W4254164288
https://openalex.org/W4256438228
https://openalex.org/W4288094900
https://openalex.org/W4288366865
https://openalex.org/W4288621389
https://openalex.org/W4394164016
https://openalex.org/W4394166086
https://openalex.org/W4394299052
https://openalex.org/W633039595
https://openalex.org/W652567772
https://openalex.org/W152910216
https://openalex.org/W1675822988
https://openalex.org/W185893036
https://openalex.org/W1980203151
https://openalex.org/W1991253485
https://openalex.org/W1993060426
https://openalex.org/W2000076761
https://openalex.org/W2009283076
https://openalex.org/W2058294424
https://openalex.org/W2108740997
https://openalex.org/W2267715251
https://openalex.org/W2311269376
https://openalex.org/W2314870419
https://openalex.org/W2334744310
https://openalex.org/W2338982816
https://openalex.org/W2412929042
https://openalex.org/W2420625972
https://openalex.org/W2469793037
https://openalex.org/W2549249709
https://openalex.org/W2604178130
https://openalex.org/W2605225146
https://openalex.org/W2743388729
https://openalex.org/W4236051679
https://openalex.org/W136389545
https://openalex.org/W1488194475
https://openalex.org/W1506256642
https://openalex.org/W1562385072
https://openalex.org/W1564173292
https://openalex.org/W1606060811
https://openalex.org/W1986741691
https://openalex.org/W1995191257
https://openalex.org/W2002771727
https://openalex.org/W200442148
https://openalex.org/W2014700233
https://openalex.org/W2032489869
https://openalex.org/W2082818160
https://openalex.org/W2095978530
https://openalex.org/W2097297762
https://openalex.org/W2101348783
https://openalex.org/W2154493249
https://openalex.org/W2158862390
https://openalex.org/W2310517154
https://openalex.org/W2335813428
https://openalex.org/W2373028433
https://openalex.org/W2395790727
https://openalex.org/W2408231705
https://openalex.org/W2411451337
https://openalex.org/W2415219757
https://openalex.org/W2581323147
https://openalex.org/W2583581715
https://openalex.org/W258825234
https://openalex.org/W2606932947
https://openalex.org/W2614720647
https://openalex.org/W2625943777
https://openalex.org/W2743575474
https://openalex.org/W2743977993
https://openalex.org/W2749807837
https://openalex.org/W2810167530
https://openalex.org/W2951248930
https://openalex.org/W2952002008
https://openalex.org/W2975113341
https://openalex.org/W2976134008
https://openalex.org/W2976316604
https://openalex.org/W2976999702
https://openalex.org/W2977403589
https://openalex.org/W2977534118
https://openalex.org/W2977571143
https://openalex.org/W2977782476
https://openalex.org/W2977987763
https://openalex.org/W2978042756
https://openalex.org/W2978784290
https://openalex.org/W2978829141
https://openalex.org/W2979041674
https://openalex.org/W2979135986
https://openalex.org/W2979180772
https://openalex.org/W2979232730
https://openalex.org/W2979243377
https://openalex.org/W2993891338
https://openalex.org/W3006251612
https://openalex.org/W3007333313
https://openalex.org/W3008083840
https://openalex.org/W3012379659
https://openalex.org/W3015067528
https://openalex.org/W3015314757
https://openalex.org/W3016993258
https://openalex.org/W3017056656
https://openalex.org/W3017577485
https://openalex.org/W3019281320
https://openalex.org/W3021255297
https://openalex.org/W3021537097
https://openalex.org/W3021706902
https://openalex.org/W3022504484
https://openalex.org/W3032140432
https://openalex.org/W3038044630
https://openalex.org/W3041607204
https://openalex.org/W3048059506
https://openalex.org/W3048479963
https://openalex.org/W3049526715
https://openalex.org/W3087841292
https://openalex.org/W3090223097
https://openalex.org/W3092165812
https://openalex.org/W3094297476
https://openalex.org/W3102897536
https://openalex.org/W3108842605
https://openalex.org/W3110162585
https://openalex.org/W3115756641
https://openalex.org/W3115896928
https://openalex.org/W3125954922
https://openalex.org/W3126772716
https://openalex.org/W3131391642
https://openalex.org/W3142895727
https://openalex.org/W3144386155
https://openalex.org/W3144858973
https://openalex.org/W3149181807
https://openalex.org/W3150568848
https://openalex.org/W3161330039
https://openalex.org/W316595548
https://openalex.org/W3169208443
https://openalex.org/W3170296315
https://openalex.org/W3170944132
https://openalex.org/W3173628492
https://openalex.org/W3187381381
https://openalex.org/W3197290816
https://openalex.org/W3206845133
https://openalex.org/W3215554343
https://openalex.org/W35537970
https://openalex.org/W4212772013
https://openalex.org/W4213047896
https://openalex.org/W4230362306
https://openalex.org/W4233349964
https://openalex.org/W4234528311
https://openalex.org/W4235265639
https://openalex.org/W4236851019
https://openalex.org/W4241064335
https://openalex.org/W4242094736
https://openalex.org/W4244260621
https://openalex.org/W4244456517
https://openalex.org/W4245943748
https://openalex.org/W4247018180
https://openalex.org/W4248051536
https://openalex.org/W4250523828
https://openalex.org/W4251578721
https://openalex.org/W4252378574
https://openalex.org/W4252903597
https://openalex.org/W4254967323
https://openalex.org/W4255512388
https://openalex.org/W4256219094
https://openalex.org/W4256252626
https://openalex.org/W4285659194
https://openalex.org/W4287750789
https://openalex.org/W4287823397
https://openalex.org/W4289276036
https://openalex.org/W4366545310
https://openalex.org/W4366545388
https://openalex.org/W4392874092
https://openalex.org/W4393469206
https://openalex.org/W4393518753
https://openalex.org/W4393556015
https://openalex.org/W4393691643
https://openalex.org/W43955165
https://openalex.org/W45873359
https://openalex.org/W585563857
https://openalex.org/W864488020
https://openalex.org/W1980386098
https://openalex.org/W2012088351
https://openalex.org/W2401062356
https://openalex.org/W2408111838
https://openalex.org/W2414006013
https://openalex.org/W2415703270
https://openalex.org/W2482569760
https://openalex.org/W2492577792
https://openalex.org/W2508709314
https://openalex.org/W2516611380
https://openalex.org/W3144380478
https://openalex.org/W1489328290
https://openalex.org/W1586911776
https://openalex.org/W158970699
https://openalex.org/W1671524641
https://openalex.org/W170889326
https://openalex.org/W189552316
https://openalex.org/W1964663192
https://openalex.org/W1999270170
https://openalex.org/W2039375732
https://openalex.org/W2041395395
https://openalex.org/W2062447839
https://openalex.org/W2082063403
https://openalex.org/W2200350869
https://openalex.org/W2232997607
https://openalex.org/W2285739601
https://openalex.org/W2347235172
https://openalex.org/W2394969572
https://openalex.org/W2399502725
https://openalex.org/W2405461833
https://openalex.org/W2416848759
https://openalex.org/W2432856164
https://openalex.org/W2465136488
https://openalex.org/W2509133737
https://openalex.org/W2592360128
https://openalex.org/W2753749390
https://openalex.org/W2913909029
https://openalex.org/W2992021905
https://openalex.org/W3124608889
https://openalex.org/W3161390217
https://openalex.org/W3198923275
https://openalex.org/W3198994240
https://openalex.org/W3199588400
https://openalex.org/W3200605320
https://openalex.org/W3200607674
https://openalex.org/W3200945911
https://openalex.org/W3201012847
https://openalex.org/W3201147554
https://openalex.org/W4200263772
https://openalex.org/W4232563656
https://openalex.org/W4252581412
https://openalex.org/W1966639933
https://openalex.org/W2008847757
https://openalex.org/W2020064501
https://openalex.org/W2027337673
https://openalex.org/W2055227329
https://openalex.org/W2081822796
https://openalex.org/W2091537528
https://openalex.org/W2109276366
https://openalex.org/W2114503761
https://openalex.org/W2152912176
https://openalex.org/W2284828395
https://openalex.org/W2295875853
https://openalex.org/W2312233363
https://openalex.org/W2337562718
https://openalex.org/W2340712719
https://openalex.org/W2346534391
https://openalex.org/W2397887372
https://openalex.org/W2399716701
https://openalex.org/W2406458872
https://openalex.org/W2410388946
https://openalex.org/W2578085875
https://openalex.org/W2724072496
https://openalex.org/W2811018000
https://openalex.org/W3011955422
https://openalex.org/W3012182439
https://openalex.org/W3036788660
https://openalex.org/W3036841195
https://openalex.org/W3047745801
https://openalex.org/W3082177590
https://openalex.org/W3113646974
https://openalex.org/W3131000577
https://openalex.org/W3131057136
https://openalex.org/W3132053149
https://openalex.org/W3135164115
https://openalex.org/W3141613410
https://openalex.org/W3156951667
https://openalex.org/W3157137106
https://openalex.org/W3159099997
https://openalex.org/W3159268753
https://openalex.org/W3159947821
https://openalex.org/W3161274858
https://openalex.org/W3162757020
https://openalex.org/W3166043076
https://openalex.org/W3172831327
https://openalex.org/W3172926995
https://openalex.org/W3174432936
https://openalex.org/W3177915046
https://openalex.org/W3181663402
https://openalex.org/W3185369735
https://openalex.org/W3196445014
https://openalex.org/W3198615160
https://openalex.org/W3199168097
https://openalex.org/W3199512937
https://openalex.org/W3200441675
https://openalex.org/W3201079139
https://openalex.org/W3201114299
https://openalex.org/W3201415484
https://openalex.org/W3201830899
https://openalex.org/W3203057979
https://openalex.org/W3207273397
https://openalex.org/W3211961181
https://openalex.org/W3213374380
https://openalex.org/W3213875804
https://openalex.org/W3215006570
https://openalex.org/W3217574663
https://openalex.org/W348252122
https://openalex.org/W4200308027
https://openalex.org/W4206662956
https://openalex.org/W4213214933
https://openalex.org/W4214902008
https://openalex.org/W4226133728
https://openalex.org/W4232357558
https://openalex.org/W4235907766
https://openalex.org/W4237890654
https://openalex.org/W4240777466
https://openalex.org/W4241635425
https://openalex.org/W4247388618
https://openalex.org/W4251020345
https://openalex.org/W4251400405
https://openalex.org/W4254812759
https://openalex.org/W4286861035
https://openalex.org/W4287114022
https://openalex.org/W4287322841
https://openalex.org/W4394115767
https://openalex.org/W9780116
https://openalex.org/W1997206124
https://openalex.org/W2006910096
https://openalex.org/W2018136236
https://openalex.org/W2018328228
https://openalex.org/W2053881515
https://openalex.org/W2068944779
https://openalex.org/W2076272051
https://openalex.org/W2080397809
https://openalex.org/W2081982889
https://openalex.org/W2092811362
https://openalex.org/W2142367297
https://openalex.org/W2212518429
https://openalex.org/W2290973647
https://openalex.org/W2316260053
https://openalex.org/W2320723316
https://openalex.org/W2325734999
https://openalex.org/W2328828160
https://openalex.org/W2331185824
https://openalex.org/W2331988165
https://openalex.org/W2345049821
https://openalex.org/W2395303508
https://openalex.org/W2397014324
https://openalex.org/W2410118697
https://openalex.org/W2420836115
https://openalex.org/W2427822306
https://openalex.org/W2443793141
https://openalex.org/W2468730922
https://openalex.org/W2515551793
https://openalex.org/W2517236665
https://openalex.org/W2623784627
https://openalex.org/W2742821528
https://openalex.org/W2743716781
https://openalex.org/W2743990830
https://openalex.org/W2744534604
https://openalex.org/W2744794427
https://openalex.org/W2745284847
https://openalex.org/W2746956241
https://openalex.org/W2894944826
https://openalex.org/W2901874766
https://openalex.org/W2913348097
https://openalex.org/W2916044810
https://openalex.org/W2918579523
https://openalex.org/W2922205496
https://openalex.org/W2948589512
https://openalex.org/W3026778020
https://openalex.org/W3043474722
https://openalex.org/W3099650495
https://openalex.org/W3153305611
https://openalex.org/W3183141527
https://openalex.org/W3211918756
https://openalex.org/W3211960484
https://openalex.org/W3212357991
https://openalex.org/W3212535058
https://openalex.org/W4236174690
https://openalex.org/W4238646084
https://openalex.org/W4239110791
https://openalex.org/W4241229125
https://openalex.org/W4246709264
https://openalex.org/W4255719621
https://openalex.org/W435807620
https://openalex.org/W560862073
https://openalex.org/W73029279
https://openalex.org/W1998805415
https://openalex.org/W2028660026
https://openalex.org/W2083514125
https://openalex.org/W2089468436
https://openalex.org/W2321819783
https://openalex.org/W2394774446
https://openalex.org/W2413374546
https://openalex.org/W2431354036
https://openalex.org/W2441149478
https://openalex.org/W2441270450
https://openalex.org/W2464840644
https://openalex.org/W2494229030
https://openalex.org/W4205901419
https://openalex.org/W123788924
https://openalex.org/W1485757810
https://openalex.org/W1500958039
https://openalex.org/W2015596533
https://openalex.org/W2069459286
https://openalex.org/W2079427100
https://openalex.org/W2129094803
https://openalex.org/W2138847732
https://openalex.org/W2187724335
https://openalex.org/W2316118997
https://openalex.org/W2401397565
https://openalex.org/W2404516911
https://openalex.org/W2408571432
https://openalex.org/W2414531126
https://openalex.org/W2417294399
https://openalex.org/W2419505501
https://openalex.org/W2426329202
https://openalex.org/W2431440114
https://openalex.org/W2471060449
https://openalex.org/W2480540546
https://openalex.org/W2503403473
https://openalex.org/W2592197722
https://openalex.org/W2605229096
https://openalex.org/W2743273422
https://openalex.org/W2743334143
https://openalex.org/W2905095873
https://openalex.org/W3014016290
https://openalex.org/W3106262083
https://openalex.org/W3124065834
https://openalex.org/W3142596389
https://openalex.org/W3150813956
https://openalex.org/W3186389226
https://openalex.org/W3215427785
https://openalex.org/W4230205516
https://openalex.org/W4242348704
https://openalex.org/W4246286913
https://openalex.org/W4247142573
https://openalex.org/W621309543
https://openalex.org/W1700312115
https://openalex.org/W1833517118
https://openalex.org/W1981751031
https://openalex.org/W1991418352
https://openalex.org/W1993736751
https://openalex.org/W2045018162
https://openalex.org/W2048325560
https://openalex.org/W2081802312
https://openalex.org/W2087797833
https://openalex.org/W2230276614
https://openalex.org/W225061293
https://openalex.org/W2287585189
https://openalex.org/W2316107402
https://openalex.org/W2321284478
https://openalex.org/W2323994922
https://openalex.org/W2326837458
https://openalex.org/W2329428888
https://openalex.org/W2330976791
https://openalex.org/W2345361740
https://openalex.org/W2345377219
https://openalex.org/W2345501660
https://openalex.org/W2345536250
https://openalex.org/W2345560773
https://openalex.org/W2345583564
https://openalex.org/W2345953302
https://openalex.org/W2346675294
https://openalex.org/W2392942282
https://openalex.org/W2395011765
https://openalex.org/W2404075306
https://openalex.org/W2407094407
https://openalex.org/W2407791363
https://openalex.org/W2408774170
https://openalex.org/W2408775838
https://openalex.org/W2408797909
https://openalex.org/W2409782805
https://openalex.org/W2411089349
https://openalex.org/W2416813296
https://openalex.org/W2417452837
https://openalex.org/W2418848235
https://openalex.org/W2420614055
https://openalex.org/W2427867700
https://openalex.org/W2430318861
https://openalex.org/W2477332546
https://openalex.org/W2479817857
https://openalex.org/W2480973464
https://openalex.org/W2484088349
https://openalex.org/W2488220488
https://openalex.org/W2491612938
https://openalex.org/W2492745517
https://openalex.org/W2495449622
https://openalex.org/W2495967050
https://openalex.org/W2497215043
https://openalex.org/W2497990574
https://openalex.org/W2498334416
https://openalex.org/W2498614015
https://openalex.org/W2498755589
https://openalex.org/W2501128754
https://openalex.org/W2506004177
https://openalex.org/W2530662291
https://openalex.org/W2554409216
https://openalex.org/W2563692670
https://openalex.org/W2593421440
https://openalex.org/W2604118047
https://openalex.org/W2604197099
https://openalex.org/W2604965435
https://openalex.org/W2605101668
https://openalex.org/W2605368850
https://openalex.org/W2607149344
https://openalex.org/W2617250036
https://openalex.org/W2725332013
https://openalex.org/W2738483425
https://openalex.org/W2746874443
https://openalex.org/W2919712368
https://openalex.org/W3022286633
https://openalex.org/W3041818237
https://openalex.org/W3082786573
https://openalex.org/W3100441124
https://openalex.org/W3103708720
https://openalex.org/W3106425884
https://openalex.org/W3155591010
https://openalex.org/W3161137486
https://openalex.org/W3163807072
https://openalex.org/W3166194577
https://openalex.org/W3203902140
https://openalex.org/W380350828
https://openalex.org/W414231690
https://openalex.org/W4210662152
https://openalex.org/W4243372901
https://openalex.org/W425234066
https://openalex.org/W4253261066
https://openalex.org/W4302383708
https://openalex.org/W6016178
https://openalex.org/W642736613
https://openalex.org/W914500442
https://openalex.org/W12036340
https://openalex.org/W156905720
https://openalex.org/W159534159
https://openalex.org/W1974000165
https://openalex.org/W1975797866
https://openalex.org/W1986978724
https://openalex.org/W2051609614
https://openalex.org/W2057005400
https://openalex.org/W2079059364
https://openalex.org/W2081174777
https://openalex.org/W2091976805
https://openalex.org/W2268908653
https://openalex.org/W2319911922
https://openalex.org/W2320960305
https://openalex.org/W2335245078
https://openalex.org/W2396940312
https://openalex.org/W2398007143
https://openalex.org/W2402949911
https://openalex.org/W2403088072
https://openalex.org/W2409894549
https://openalex.org/W2410254457
https://openalex.org/W2413001918
https://openalex.org/W2415160289
https://openalex.org/W2416182614
https://openalex.org/W2417960919
https://openalex.org/W2419025437
https://openalex.org/W2421731378
https://openalex.org/W2423609608
https://openalex.org/W2429059973
https://openalex.org/W2440982169
https://openalex.org/W2463545262
https://openalex.org/W2476224302
https://openalex.org/W2476409631
https://openalex.org/W2479572504
https://openalex.org/W2479844798
https://openalex.org/W2480196703
https://openalex.org/W2481055688
https://openalex.org/W2484138696
https://openalex.org/W2486308240
https://openalex.org/W2486999975
https://openalex.org/W2489735730
https://openalex.org/W2491361900
https://openalex.org/W2494394906
https://openalex.org/W2498949557
https://openalex.org/W2500495488
https://openalex.org/W2502020021
https://openalex.org/W2503395552
https://openalex.org/W2508586739
https://openalex.org/W2549586904
https://openalex.org/W2551830242
https://openalex.org/W2553669392
https://openalex.org/W2554414630
https://openalex.org/W2554481221
https://openalex.org/W2556809704
https://openalex.org/W2604170398
https://openalex.org/W2604190980
https://openalex.org/W2604270536
https://openalex.org/W2604422147
https://openalex.org/W2604491781
https://openalex.org/W2604779956
https://openalex.org/W2604943588
https://openalex.org/W2605016514
https://openalex.org/W2636108219
https://openalex.org/W2981409181
https://openalex.org/W3021520041
https://openalex.org/W3040808145
https://openalex.org/W3105948291
https://openalex.org/W3139749390
https://openalex.org/W3140513151
https://openalex.org/W3141288293
https://openalex.org/W3146258398
https://openalex.org/W3148733842
https://openalex.org/W3150190267
https://openalex.org/W3152092185
https://openalex.org/W4230709949
https://openalex.org/W4232573051
https://openalex.org/W4385327168
https://openalex.org/W640445912
https://openalex.org/W69537837
https://openalex.org/W1005352522
https://openalex.org/W124639247
https://openalex.org/W1535609042
https://openalex.org/W186624123
https://openalex.org/W1964881921
https://openalex.org/W1968256882
https://openalex.org/W1977159853
https://openalex.org/W1977739936
https://openalex.org/W1986438094
https://openalex.org/W2008506059
https://openalex.org/W2010137028
https://openalex.org/W2027225937
https://openalex.org/W2041771846
https://openalex.org/W2047498105
https://openalex.org/W2058470827
https://openalex.org/W2065606808
https://openalex.org/W2068846730
https://openalex.org/W2083850743
https://openalex.org/W2134958265
https://openalex.org/W2144173869
https://openalex.org/W2241707152
https://openalex.org/W2243103837
https://openalex.org/W2245373690
https://openalex.org/W2260589190
https://openalex.org/W2313376158
https://openalex.org/W2314930652
https://openalex.org/W2315471332
https://openalex.org/W2317908401
https://openalex.org/W2318982146
https://openalex.org/W2321884666
https://openalex.org/W2336526114
https://openalex.org/W2356800555
https://openalex.org/W2381841274
https://openalex.org/W2395694645
https://openalex.org/W2397807671
https://openalex.org/W2400844207
https://openalex.org/W2410021015
https://openalex.org/W2412722895
https://openalex.org/W2414756671
https://openalex.org/W2415403954
https://openalex.org/W2415584323
https://openalex.org/W2416211797
https://openalex.org/W2416342043
https://openalex.org/W2416663873
https://openalex.org/W2416710709
https://openalex.org/W2417017767
https://openalex.org/W2417032143
https://openalex.org/W2417312904
https://openalex.org/W2419389037
https://openalex.org/W2419634388
https://openalex.org/W2420450984
https://openalex.org/W2438785031
https://openalex.org/W2440496948
https://openalex.org/W2443899875
https://openalex.org/W2460760404
https://openalex.org/W2463721403
https://openalex.org/W2470582243
https://openalex.org/W2471003050
https://openalex.org/W2475476541
https://openalex.org/W2478723948
https://openalex.org/W2479885228
https://openalex.org/W2480419984
https://openalex.org/W2481397527
https://openalex.org/W2486725943
https://openalex.org/W2488309776
https://openalex.org/W2488913012
https://openalex.org/W2489897404
https://openalex.org/W2491437996
https://openalex.org/W2492826671
https://openalex.org/W2494233248
https://openalex.org/W2495764250
https://openalex.org/W2497464869
https://openalex.org/W2502352009
https://openalex.org/W2502649567
https://openalex.org/W2503727418
https://openalex.org/W2504073893
https://openalex.org/W2508000701
https://openalex.org/W2509396674
https://openalex.org/W2509657346
https://openalex.org/W2509916751
https://openalex.org/W2510145777
https://openalex.org/W2510657808
https://openalex.org/W2510743297
https://openalex.org/W2511993317
https://openalex.org/W2512185601
https://openalex.org/W2512544637
https://openalex.org/W2513553873
https://openalex.org/W2513767245
https://openalex.org/W2515047187
https://openalex.org/W2516914029
https://openalex.org/W2547736228
https://openalex.org/W2550427093
https://openalex.org/W2551456391
https://openalex.org/W2552710002
https://openalex.org/W2553500191
https://openalex.org/W2554796149
https://openalex.org/W2555058679
https://openalex.org/W2555388737
https://openalex.org/W2556739563
https://openalex.org/W2604401292
https://openalex.org/W2604525197
https://openalex.org/W2604634259
https://openalex.org/W2604788808
https://openalex.org/W2605149236
https://openalex.org/W2605337164
https://openalex.org/W267472643
https://openalex.org/W2738395727
https://openalex.org/W2741826311
https://openalex.org/W2779419619
https://openalex.org/W2779472746
https://openalex.org/W2916523467
https://openalex.org/W2996334980
https://openalex.org/W3001248205
https://openalex.org/W3037957832
https://openalex.org/W3041560292
https://openalex.org/W3100554197
https://openalex.org/W3104179656
https://openalex.org/W3104254206
https://openalex.org/W3108642122
https://openalex.org/W3141654882
https://openalex.org/W3142931623
https://openalex.org/W3145038609
https://openalex.org/W3146355324
https://openalex.org/W3146401690
https://openalex.org/W3146435212
https://openalex.org/W3146659896
https://openalex.org/W3146777056
https://openalex.org/W3147296149
https://openalex.org/W3147854071
https://openalex.org/W3148644297
https://openalex.org/W3150703467
https://openalex.org/W3160380664
https://openalex.org/W3162705482
https://openalex.org/W3165460818
https://openalex.org/W3168601530
https://openalex.org/W3176166533
https://openalex.org/W3190859375
https://openalex.org/W3194990413
https://openalex.org/W3208325727
https://openalex.org/W3214627593
https://openalex.org/W3215284784
https://openalex.org/W370939454
https://openalex.org/W4214852963
https://openalex.org/W4234854217
https://openalex.org/W4237192798
https://openalex.org/W4239091299
https://openalex.org/W4241373543
https://openalex.org/W4243908943
https://openalex.org/W4244056597
https://openalex.org/W4244228520
https://openalex.org/W4246402402
https://openalex.org/W4256260639
https://openalex.org/W4388322855
https://openalex.org/W595411799
https://openalex.org/W605654514
https://openalex.org/W634065231
https://openalex.org/W99747796
https://openalex.org/W2097933346
https://openalex.org/W2051455813
https://openalex.org/W2133360499
https://openalex.org/W2114415740
https://openalex.org/W2054874597
https://openalex.org/W2138033144
https://openalex.org/W2024508499
https://openalex.org/W1970878854
https://openalex.org/W1566676785
https://openalex.org/W2312266205
https://openalex.org/W1977767277
https://openalex.org/W2118766103
https://openalex.org/W2098025305
https://openalex.org/W2072847038
https://openalex.org/W1983433782
https://openalex.org/W1616350046
https://openalex.org/W2049917711
https://openalex.org/W2169474049
https://openalex.org/W2022647670
https://openalex.org/W4302535496
https://openalex.org/W2000045443
https://openalex.org/W2147136765
https://openalex.org/W2102265814
https://openalex.org/W2090938025
https://openalex.org/W2108301201
https://openalex.org/W2027014741
https://openalex.org/W1981705851
https://openalex.org/W2462818054
https://openalex.org/W1974222323
https://openalex.org/W1992565982
https://openalex.org/W3017292497
https://openalex.org/W2803337349
https://openalex.org/W2058554042
https://openalex.org/W1976593262
https://openalex.org/W2426177481
https://openalex.org/W2128240743
https://openalex.org/W2966734801
https://openalex.org/W2064484780
https://openalex.org/W2982701446
https://openalex.org/W2777634859
https://openalex.org/W2127673268
https://openalex.org/W2082508224
https://openalex.org/W2023875393
https://openalex.org/W2905456986
https://openalex.org/W2868168748
https://openalex.org/W2004299086
https://openalex.org/W3033105426
https://openalex.org/W2895539268
https://openalex.org/W3161082501
https://openalex.org/W4293339977
https://openalex.org/W4320856256
https://openalex.org/W1993213847
https://openalex.org/W2018116978
https://openalex.org/W1986306041
https://openalex.org/W2097105361
https://openalex.org/W2153053799
https://openalex.org/W2108501697
https://openalex.org/W2137832426
https://openalex.org/W2068298984
https://openalex.org/W2168174926
https://openalex.org/W2041207883
https://openalex.org/W2104108149
https://openalex.org/W1999405560
https://openalex.org/W2158799442
https://openalex.org/W2163187040
https://openalex.org/W1517525911
https://openalex.org/W1986394834
https://openalex.org/W2012264972
https://openalex.org/W1839771299
https://openalex.org/W2019214426
https://openalex.org/W2083731051
https://openalex.org/W2052061673
https://openalex.org/W2003246300
https://openalex.org/W2169471345
https://openalex.org/W1574784740
https://openalex.org/W1997295276
https://openalex.org/W2088270787
https://openalex.org/W2133859960
https://openalex.org/W2126316813
https://openalex.org/W2104303839
https://openalex.org/W2119553344
https://openalex.org/W2090838854
https://openalex.org/W2001247487
https://openalex.org/W2109999744
https://openalex.org/W2118796046
https://openalex.org/W2085755944
https://openalex.org/W2040053768
https://openalex.org/W2089674263
https://openalex.org/W2077798692
https://openalex.org/W1507410482
https://openalex.org/W2063771321
https://openalex.org/W2047393829
https://openalex.org/W2037349520
https://openalex.org/W2008434550
https://openalex.org/W2167894791
https://openalex.org/W2114526758
https://openalex.org/W2017198566
https://openalex.org/W2175431022
https://openalex.org/W2117700246
https://openalex.org/W2023169579
https://openalex.org/W1856759927
https://openalex.org/W2619400800
https://openalex.org/W1965438965
https://openalex.org/W2921621642
https://openalex.org/W2046082849
https://openalex.org/W2056869894
https://openalex.org/W2297688956
https://openalex.org/W2767527967
https://openalex.org/W2129000908
https://openalex.org/W2013606890
https://openalex.org/W2561699212
https://openalex.org/W2058989514
https://openalex.org/W3012377897
https://openalex.org/W2887716624
https://openalex.org/W2363525505
https://openalex.org/W2471292480
https://openalex.org/W2471982681
https://openalex.org/W2139145606
https://openalex.org/W2529372108
https://openalex.org/W2970476735
https://openalex.org/W2898771452
https://openalex.org/W2594096619
https://openalex.org/W2966257581
https://openalex.org/W2804221421
https://openalex.org/W3093617357
https://openalex.org/W3007626997
https://openalex.org/W4210705467
https://openalex.org/W4210673686
https://openalex.org/W4317473383
https://openalex.org/W4384559432
https://openalex.org/W4390431305
https://openalex.org/W2031315226
https://openalex.org/W2070719568
https://openalex.org/W2091712620
https://openalex.org/W1968928244
https://openalex.org/W1981413140
https://openalex.org/W2053985129
https://openalex.org/W1978121449
https://openalex.org/W1966722028
https://openalex.org/W1998678296
https://openalex.org/W2039312022
https://openalex.org/W1976150516
https://openalex.org/W2002486316
https://openalex.org/W1998117638
https://openalex.org/W2063998725
https://openalex.org/W2064630405
https://openalex.org/W2001320540
https://openalex.org/W1964550177
https://openalex.org/W2008200041
https://openalex.org/W2075880682
https://openalex.org/W2053352835
https://openalex.org/W2057031433
https://openalex.org/W2012976938
https://openalex.org/W2013256573
https://openalex.org/W2117407765
https://openalex.org/W4237329417
https://openalex.org/W2115981562
https://openalex.org/W2154582578
https://openalex.org/W1514018911
https://openalex.org/W2021694257
https://openalex.org/W2035359362
https://openalex.org/W2101091363
https://openalex.org/W2148397172
https://openalex.org/W1966743369
https://openalex.org/W1985796485
https://openalex.org/W2054149566
https://openalex.org/W2079096219
https://openalex.org/W2088283432
https://openalex.org/W2028183823
https://openalex.org/W1991506806
https://openalex.org/W2145963548
https://openalex.org/W2088471767
https://openalex.org/W2087166105
https://openalex.org/W1967493657
https://openalex.org/W2156936497
https://openalex.org/W1981055149
https://openalex.org/W2079664036
https://openalex.org/W2141561409
https://openalex.org/W2072167325
https://openalex.org/W1967772712
https://openalex.org/W2166205395
https://openalex.org/W2068094128
https://openalex.org/W2080071215
https://openalex.org/W2122778942
https://openalex.org/W2039979024
https://openalex.org/W2073083472
https://openalex.org/W2172126258
https://openalex.org/W2765689427
https://openalex.org/W2007423605
https://openalex.org/W2549743835
https://openalex.org/W2072729658
https://openalex.org/W2620241956
https://openalex.org/W2782732374
https://openalex.org/W1821661188
https://openalex.org/W1968893403
https://openalex.org/W2608615951
https://openalex.org/W2886698814
https://openalex.org/W2150377485
https://openalex.org/W2804611869
https://openalex.org/W2007453053
https://openalex.org/W2154439794
https://openalex.org/W2559110141
https://openalex.org/W1899564625
https://openalex.org/W2189270787
https://openalex.org/W1838931625
https://openalex.org/W2581432869
https://openalex.org/W2461718870
https://openalex.org/W2911912494
https://openalex.org/W2913677653
https://openalex.org/W2911440996
https://openalex.org/W2960789951
https://openalex.org/W2892387330
https://openalex.org/W3049332538
https://openalex.org/W2940535024
https://openalex.org/W2958774532
https://openalex.org/W3048731068
https://openalex.org/W2992020137
https://openalex.org/W3113286505
https://openalex.org/W3182588285
https://openalex.org/W3134053903
https://openalex.org/W4280525999
https://openalex.org/W4210985883
https://openalex.org/W4362604755
https://openalex.org/W4389502306
https://openalex.org/W4391017468
https://openalex.org/W4391504007
https://openalex.org/W4391737974
https://openalex.org/W2152913678
https://openalex.org/W2028164054
https://openalex.org/W2120157253
https://openalex.org/W1979051430
https://openalex.org/W1651198610
https://openalex.org/W2093425709
https://openalex.org/W2175446733
https://openalex.org/W2136658802
https://openalex.org/W2155615117
https://openalex.org/W1982994867
https://openalex.org/W2035181561
https://openalex.org/W2158143921
https://openalex.org/W2002540073
https://openalex.org/W2139345602
https://openalex.org/W2067130730
https://openalex.org/W1578651746
https://openalex.org/W2109676231
https://openalex.org/W1993050229
https://openalex.org/W2073836556
https://openalex.org/W2121692329
https://openalex.org/W2161195938
https://openalex.org/W2019612345
https://openalex.org/W2011976505
https://openalex.org/W2142981364
https://openalex.org/W2043236222
https://openalex.org/W1967975328
https://openalex.org/W1980908499
https://openalex.org/W2014459583
https://openalex.org/W2056739991
https://openalex.org/W2144897740
https://openalex.org/W1981298152
https://openalex.org/W2042132109
https://openalex.org/W2042363756
https://openalex.org/W2117541928
https://openalex.org/W205602265
https://openalex.org/W2023499845
https://openalex.org/W2037088240
https://openalex.org/W2144364724
https://openalex.org/W2038697002
https://openalex.org/W2128306681
https://openalex.org/W1992305405
https://openalex.org/W2057437478
https://openalex.org/W2076170894
https://openalex.org/W2092862627
https://openalex.org/W2170559908
https://openalex.org/W1881888939
https://openalex.org/W2109010503
https://openalex.org/W951184101
https://openalex.org/W1991609659
https://openalex.org/W2418255533
https://openalex.org/W2119402214
https://openalex.org/W2773239880
https://openalex.org/W1798078244
https://openalex.org/W2345366658
https://openalex.org/W641795583
https://openalex.org/W1010496021
https://openalex.org/W2089062788
https://openalex.org/W1617264532
https://openalex.org/W2806729647
https://openalex.org/W844059565
https://openalex.org/W1832986140
https://openalex.org/W2566299136
https://openalex.org/W2767474305
https://openalex.org/W2885342462
https://openalex.org/W2950545605
https://openalex.org/W2965893887
https://openalex.org/W2566265971
https://openalex.org/W2783347592
https://openalex.org/W2915275239
https://openalex.org/W2916944475
https://openalex.org/W2887448293
https://openalex.org/W2974162734
https://openalex.org/W3015816137
https://openalex.org/W2903921102
https://openalex.org/W2958464485
https://openalex.org/W3044784959
https://openalex.org/W3000873298
https://openalex.org/W3090689248
https://openalex.org/W3108658013
https://openalex.org/W4375954842
https://openalex.org/W4315651984
https://openalex.org/W2316064308
https://openalex.org/W1977809308
https://openalex.org/W2005303361
https://openalex.org/W2112600727
https://openalex.org/W2121986042
https://openalex.org/W1967355635
https://openalex.org/W2307763900
https://openalex.org/W2053721965
https://openalex.org/W2175598265
https://openalex.org/W2081913953
https://openalex.org/W2091258488
https://openalex.org/W2132066310
https://openalex.org/W1972985991
https://openalex.org/W2038471810
https://openalex.org/W2087306739
https://openalex.org/W2013310858
https://openalex.org/W2156395196
https://openalex.org/W1499216725
https://openalex.org/W1991353363
https://openalex.org/W2146347697
https://openalex.org/W2088220610
https://openalex.org/W1527264774
https://openalex.org/W1977174002
https://openalex.org/W2038520215
https://openalex.org/W2121200209
https://openalex.org/W2052974461
https://openalex.org/W2081427336
https://openalex.org/W1985235409
https://openalex.org/W2011305835
https://openalex.org/W2075145977
https://openalex.org/W2016676102
https://openalex.org/W1992008827
https://openalex.org/W2027124274
https://openalex.org/W2094451792
https://openalex.org/W2039884471
https://openalex.org/W2107032226
https://openalex.org/W2146833876
https://openalex.org/W1543577342
https://openalex.org/W2021132230
https://openalex.org/W3105075613
https://openalex.org/W2025649858
https://openalex.org/W2165431761
https://openalex.org/W2069450299
https://openalex.org/W2128437489
https://openalex.org/W1986410103
https://openalex.org/W2066401682
https://openalex.org/W1522821098
https://openalex.org/W1948351962
https://openalex.org/W2002936722
https://openalex.org/W2007662691
https://openalex.org/W2010659636
https://openalex.org/W2136042195
https://openalex.org/W1981172997
https://openalex.org/W2164913505
https://openalex.org/W2028058217
https://openalex.org/W2102216714
https://openalex.org/W2143008703
https://openalex.org/W2007769092
https://openalex.org/W2219104762
https://openalex.org/W2235448464
https://openalex.org/W2519902539
https://openalex.org/W2761872170
https://openalex.org/W2613562411
https://openalex.org/W2689169683
https://openalex.org/W2763604883
https://openalex.org/W2350554760
https://openalex.org/W2747251551
https://openalex.org/W2810245672
https://openalex.org/W2583843580
https://openalex.org/W2802242404
https://openalex.org/W2884611136
https://openalex.org/W2908285326
https://openalex.org/W2290138213
https://openalex.org/W2554343731
https://openalex.org/W2558461265
https://openalex.org/W2921932480
https://openalex.org/W2947826268
https://openalex.org/W2964997382
https://openalex.org/W4206653274
https://openalex.org/W3079553558
https://openalex.org/W3010503971
https://openalex.org/W3004522416
https://openalex.org/W3003762060
https://openalex.org/W3081420029
https://openalex.org/W3121319411
https://openalex.org/W3131561583
https://openalex.org/W4284700000
https://openalex.org/W3213509198
https://openalex.org/W4224238078
https://openalex.org/W4294125576
https://openalex.org/W4312043147
https://openalex.org/W4319334226
https://openalex.org/W4366815992
https://openalex.org/W4378619367
https://openalex.org/W1985923619
https://openalex.org/W2074350658
https://openalex.org/W2081490724
https://openalex.org/W2022324509
https://openalex.org/W2060173267
https://openalex.org/W2001336547
https://openalex.org/W2036732999
https://openalex.org/W2080217063
https://openalex.org/W1995313639
https://openalex.org/W1997548411
https://openalex.org/W2051598609
https://openalex.org/W2061784894
https://openalex.org/W2167080984
https://openalex.org/W2043598706
https://openalex.org/W2086300393
https://openalex.org/W1973346475
https://openalex.org/W1552242412
https://openalex.org/W1979228266
https://openalex.org/W1993372850
https://openalex.org/W2054035128
https://openalex.org/W2109078318
https://openalex.org/W1986840089
https://openalex.org/W2120152114
https://openalex.org/W1979151518
https://openalex.org/W1998447327
https://openalex.org/W2148244316
https://openalex.org/W2102250523
https://openalex.org/W2095784946
https://openalex.org/W1612107350
https://openalex.org/W250671454
https://openalex.org/W1996559353
https://openalex.org/W2030289583
https://openalex.org/W2067831635
https://openalex.org/W2085920668
https://openalex.org/W4238919315
https://openalex.org/W2050199006
https://openalex.org/W2010500907
https://openalex.org/W2007741798
https://openalex.org/W2103648974
https://openalex.org/W2105900049
https://openalex.org/W2110624920
https://openalex.org/W2133483395
https://openalex.org/W1556817153
https://openalex.org/W1765001480
https://openalex.org/W2334880350
https://openalex.org/W2034229004
https://openalex.org/W1974120268
https://openalex.org/W2070854125
https://openalex.org/W2089376965
https://openalex.org/W1970524295
https://openalex.org/W1985646352
https://openalex.org/W2322533910
https://openalex.org/W161725924
https://openalex.org/W2047708479
https://openalex.org/W2057691937
https://openalex.org/W2097498739
https://openalex.org/W95841808
https://openalex.org/W1966412118
https://openalex.org/W1969220179
https://openalex.org/W2025962221
https://openalex.org/W2044566850
https://openalex.org/W2096908094
https://openalex.org/W2146326330
https://openalex.org/W1982401259
https://openalex.org/W969047949
https://openalex.org/W2738896442
https://openalex.org/W2003805676
https://openalex.org/W2896024117
https://openalex.org/W2471431530
https://openalex.org/W2522399701
https://openalex.org/W2522676608
https://openalex.org/W2803341815
https://openalex.org/W2465774972
https://openalex.org/W2603929671
https://openalex.org/W2180710707
https://openalex.org/W2583768665
https://openalex.org/W2625495108
https://openalex.org/W2765836737
https://openalex.org/W2903239156
https://openalex.org/W2800658188
https://openalex.org/W2884140188
https://openalex.org/W2981690455
https://openalex.org/W2998547582
https://openalex.org/W2974436588
https://openalex.org/W3049745739
https://openalex.org/W3006160817
https://openalex.org/W3015533087
https://openalex.org/W3047812071
https://openalex.org/W3186956368
https://openalex.org/W3182125553
https://openalex.org/W4317884363
https://openalex.org/W4319162210
https://openalex.org/W4380078245
https://openalex.org/W2023839427
https://openalex.org/W2001635616
https://openalex.org/W2092592241
https://openalex.org/W2123061248
https://openalex.org/W1975005042
https://openalex.org/W2086700689
https://openalex.org/W1993332923
https://openalex.org/W2008281028
https://openalex.org/W2058871286
https://openalex.org/W2084965018
https://openalex.org/W2098643880
https://openalex.org/W1491843049
https://openalex.org/W1982310451
https://openalex.org/W2006462636
https://openalex.org/W1989494652
https://openalex.org/W638846311
https://openalex.org/W1991940066
https://openalex.org/W2023613938
https://openalex.org/W2088179495
https://openalex.org/W2156914369
https://openalex.org/W2275823602
https://openalex.org/W2090490066
https://openalex.org/W2403569823
https://openalex.org/W2048382517
https://openalex.org/W116736076
https://openalex.org/W2006262661
https://openalex.org/W2101220701
https://openalex.org/W1970607854
https://openalex.org/W1983324181
https://openalex.org/W2091301908
https://openalex.org/W2129136510
https://openalex.org/W1987457965
https://openalex.org/W1925300407
https://openalex.org/W1981596082
https://openalex.org/W2018816046
https://openalex.org/W2134044967
https://openalex.org/W2003059413
https://openalex.org/W2076573103
https://openalex.org/W2148464025
https://openalex.org/W1976096653
https://openalex.org/W1991996173
https://openalex.org/W2016608660
https://openalex.org/W2028375296
https://openalex.org/W2064635014
https://openalex.org/W2134974232
https://openalex.org/W2152862230
https://openalex.org/W1562567944
https://openalex.org/W1986027942
https://openalex.org/W2157161364
https://openalex.org/W2177931207
https://openalex.org/W2530984794
https://openalex.org/W2758568541
https://openalex.org/W1824041425
https://openalex.org/W2159607813
https://openalex.org/W1929034549
https://openalex.org/W1943422254
https://openalex.org/W2329235755
https://openalex.org/W2392842259
https://openalex.org/W2468898685
https://openalex.org/W2523378120
https://openalex.org/W2805891433
https://openalex.org/W2899409219
https://openalex.org/W2790635868
https://openalex.org/W2915005047
https://openalex.org/W2918281472
https://openalex.org/W2936459462
https://openalex.org/W2971471684
https://openalex.org/W2974030148
https://openalex.org/W2998552439
https://openalex.org/W2921459012
https://openalex.org/W3034607445
https://openalex.org/W3006442598
https://openalex.org/W3203827606
https://openalex.org/W4289860586
https://openalex.org/W4312139993
https://openalex.org/W4212823984
https://openalex.org/W4306980357
https://openalex.org/W4312083825
https://openalex.org/W4361216174
https://openalex.org/W4376138429
https://openalex.org/W4382863293
https://openalex.org/W2020470298
https://openalex.org/W2126428553
https://openalex.org/W2000767718
https://openalex.org/W2059929501
https://openalex.org/W2137168148
https://openalex.org/W2148352680
https://openalex.org/W2056866938
https://openalex.org/W2150109767
https://openalex.org/W2018852977
https://openalex.org/W2057683415
https://openalex.org/W2133513924
https://openalex.org/W2075132080
https://openalex.org/W2167921288
https://openalex.org/W1509137349
https://openalex.org/W2048670941
https://openalex.org/W2064246033
https://openalex.org/W1589091928
https://openalex.org/W1966752648
https://openalex.org/W2397336320
https://openalex.org/W2017107164
https://openalex.org/W2076321745
https://openalex.org/W2079403678
https://openalex.org/W2153203146
https://openalex.org/W1772944836
https://openalex.org/W2070965590
https://openalex.org/W2076420501
https://openalex.org/W2168921574
https://openalex.org/W1797637268
https://openalex.org/W2107453992
https://openalex.org/W1989165351
https://openalex.org/W2024294228
https://openalex.org/W2079910623
https://openalex.org/W2132578770
https://openalex.org/W2147006444
https://openalex.org/W1932215134
https://openalex.org/W2088993176
https://openalex.org/W1938708277
https://openalex.org/W2116034178
https://openalex.org/W1978990938
https://openalex.org/W1983832796
https://openalex.org/W2021183708
https://openalex.org/W2041802771
https://openalex.org/W2042755992
https://openalex.org/W2166224407
https://openalex.org/W2331366057
https://openalex.org/W1846094550
https://openalex.org/W1914038705
https://openalex.org/W1984989290
https://openalex.org/W2003837519
https://openalex.org/W2006632280
https://openalex.org/W2063419917
https://openalex.org/W1995083233
https://openalex.org/W2093243459
https://openalex.org/W2095057511
https://openalex.org/W1982194236
https://openalex.org/W2068752575
https://openalex.org/W2085628659
https://openalex.org/W2100458291
https://openalex.org/W2142795545
https://openalex.org/W2187957985
https://openalex.org/W2900743355
https://openalex.org/W2198473900
https://openalex.org/W2396916313
https://openalex.org/W2461169114
https://openalex.org/W2547299862
https://openalex.org/W4239622953
https://openalex.org/W2901671723
https://openalex.org/W2909057967
https://openalex.org/W2980967819
https://openalex.org/W2940510093
https://openalex.org/W2995809444
https://openalex.org/W2980294606
https://openalex.org/W2999506032
https://openalex.org/W3006587094
https://openalex.org/W3007687927
https://openalex.org/W3023026821
https://openalex.org/W3049673924
https://openalex.org/W3177998383
https://openalex.org/W3195440138
https://openalex.org/W3212984128
https://openalex.org/W3095239793
https://openalex.org/W3116785596
https://openalex.org/W2054459373
https://openalex.org/W4280614462
https://openalex.org/W4311869945
https://openalex.org/W4389579039
https://openalex.org/W4389619792
https://openalex.org/W4390521224
https://openalex.org/W4390544452
https://openalex.org/W4390701212
https://openalex.org/W4390863092
https://openalex.org/W4390930597
https://openalex.org/W4391218375
https://openalex.org/W4391219283
https://openalex.org/W4391346425
https://openalex.org/W4391407253
https://openalex.org/W4391407279
https://openalex.org/W4391407324
https://openalex.org/W4391417071
https://openalex.org/W4391438816
https://openalex.org/W4391439151
https://openalex.org/W4391447610
https://openalex.org/W4391469583
https://openalex.org/W4391591372
https://openalex.org/W4391646848
https://openalex.org/W4391766492
https://openalex.org/W4391956508
https://openalex.org/W4391993746
https://openalex.org/W4392316489
https://openalex.org/W4392529523
https://openalex.org/W4392562951
https://openalex.org/W4392739273
https://openalex.org/W4392777144
https://openalex.org/W4392985046
https://openalex.org/W4392985096
https://openalex.org/W4393094179
https://openalex.org/W4393319363
https://openalex.org/W4393375226
https://openalex.org/W4393443603
https://openalex.org/W4393905190
https://openalex.org/W4393905228
https://openalex.org/W4393905232
https://openalex.org/W4393932068
https://openalex.org/W4394593376
https://openalex.org/W4394745249
https://openalex.org/W4394895823
https://openalex.org/W4395084473
https://openalex.org/W1983471640
https://openalex.org/W1996740929
https://openalex.org/W2040840427
https://openalex.org/W1989738075
https://openalex.org/W2053894893
https://openalex.org/W158787816
https://openalex.org/W1610966535
https://openalex.org/W2033896399
https://openalex.org/W2082031686
https://openalex.org/W2054018537
https://openalex.org/W2338715387
https://openalex.org/W1598358959
https://openalex.org/W1980036050
https://openalex.org/W2065146585
https://openalex.org/W2072653666
https://openalex.org/W2090665941
https://openalex.org/W4246522549
https://openalex.org/W2026333750
https://openalex.org/W1983464226
https://openalex.org/W2069737127
https://openalex.org/W2076452484
https://openalex.org/W1994501322
https://openalex.org/W2010195269
https://openalex.org/W1966164221
https://openalex.org/W2057940063
https://openalex.org/W2039354449
https://openalex.org/W2090107736
https://openalex.org/W2126503833
https://openalex.org/W2326058850
https://openalex.org/W2028361475
https://openalex.org/W2054949850
https://openalex.org/W2013661561
https://openalex.org/W2022207744
https://openalex.org/W116761553
https://openalex.org/W1965786588
https://openalex.org/W2098211162
https://openalex.org/W2107313198
https://openalex.org/W2149759249
https://openalex.org/W2125863109
https://openalex.org/W2177040370
https://openalex.org/W1156598886
https://openalex.org/W2091356982
https://openalex.org/W2093162989
https://openalex.org/W2473895376
https://openalex.org/W2504955061
https://openalex.org/W2605444235
https://openalex.org/W2767416129
https://openalex.org/W2896729793
https://openalex.org/W2903792733
https://openalex.org/W2905091307
https://openalex.org/W1932658676
https://openalex.org/W2116791563
https://openalex.org/W2251689555
https://openalex.org/W2415142030
https://openalex.org/W2530695968
https://openalex.org/W2735511657
https://openalex.org/W2773294975
https://openalex.org/W2889113178
https://openalex.org/W2892248986
https://openalex.org/W2897065413
https://openalex.org/W2539333586
https://openalex.org/W2906690533
https://openalex.org/W2995493794
https://openalex.org/W2951820990
https://openalex.org/W2970723380
https://openalex.org/W2980497811
https://openalex.org/W3044585267
https://openalex.org/W3100078568
https://openalex.org/W3165593362
https://openalex.org/W4307052527
https://openalex.org/W4309322597
https://openalex.org/W4318447367
https://openalex.org/W4323663978
https://openalex.org/W4366975576
https://openalex.org/W4378232385
https://openalex.org/W4379744802
https://openalex.org/W4383961275
https://openalex.org/W4385644452
https://openalex.org/W2023418859
https://openalex.org/W2022430335
https://openalex.org/W1488487176
https://openalex.org/W1995176561
https://openalex.org/W1995599300
https://openalex.org/W2035420876
https://openalex.org/W2163899269
https://openalex.org/W287101118
https://openalex.org/W2001119334
https://openalex.org/W2072188249
https://openalex.org/W2073602116
https://openalex.org/W2207926748
https://openalex.org/W1971151419
https://openalex.org/W2084935681
https://openalex.org/W2168727202
https://openalex.org/W2016083012
https://openalex.org/W2149973715
https://openalex.org/W2150443135
https://openalex.org/W2172465578
https://openalex.org/W1529988385
https://openalex.org/W1999360400
https://openalex.org/W2078733782
https://openalex.org/W2098563096
https://openalex.org/W2016753181
https://openalex.org/W2030303101
https://openalex.org/W2424584951
https://openalex.org/W2021591181
https://openalex.org/W1601674393
https://openalex.org/W2327355377
https://openalex.org/W2053175900
https://openalex.org/W2140688423
https://openalex.org/W2006295195
https://openalex.org/W2133887534
https://openalex.org/W3212383096
https://openalex.org/W2059766937
https://openalex.org/W2081320317
https://openalex.org/W1507747955
https://openalex.org/W2485965645
https://openalex.org/W1487473700
https://openalex.org/W1977933052
https://openalex.org/W1982783526
https://openalex.org/W2047178793
https://openalex.org/W2078159085
https://openalex.org/W2101509026
https://openalex.org/W2157915081
https://openalex.org/W2166794439
https://openalex.org/W2184391521
https://openalex.org/W2286169287
https://openalex.org/W2591404393
https://openalex.org/W2610452785
https://openalex.org/W2756910520
https://openalex.org/W2797114171
https://openalex.org/W2017597177
https://openalex.org/W2167124245
https://openalex.org/W2502553946
https://openalex.org/W2807602240
https://openalex.org/W2231861921
https://openalex.org/W2809616759
https://openalex.org/W2906063891
https://openalex.org/W2944368151
https://openalex.org/W2947003621
https://openalex.org/W3007130122
https://openalex.org/W3043234917
https://openalex.org/W2998269683
https://openalex.org/W3041290879
https://openalex.org/W3092886757
https://openalex.org/W3124166232
https://openalex.org/W4212767395
https://openalex.org/W4224051315
https://openalex.org/W4288080766
https://openalex.org/W1963598735
https://openalex.org/W147388011
https://openalex.org/W2013241677
https://openalex.org/W2023434206
https://openalex.org/W2054467900
https://openalex.org/W4388279112
https://openalex.org/W1967700766
https://openalex.org/W1980495430
https://openalex.org/W2005392343
https://openalex.org/W2043637871
https://openalex.org/W2055692276
https://openalex.org/W2039840157
https://openalex.org/W2094817932
https://openalex.org/W1972580857
https://openalex.org/W1504736930
https://openalex.org/W2062591678
https://openalex.org/W2062905782
https://openalex.org/W2085094264
https://openalex.org/W2122736167
https://openalex.org/W2252548575
https://openalex.org/W4210406869
https://openalex.org/W2137477519
https://openalex.org/W1809586486
https://openalex.org/W1500134102
https://openalex.org/W1505870461
https://openalex.org/W2007589281
https://openalex.org/W2060494105
https://openalex.org/W2056221200
https://openalex.org/W2099439383
https://openalex.org/W2418787018
https://openalex.org/W2066690640
https://openalex.org/W2007212246
https://openalex.org/W2032653796
https://openalex.org/W2058089229
https://openalex.org/W2066967369
https://openalex.org/W2106749622
https://openalex.org/W2000238286
https://openalex.org/W2079195719
https://openalex.org/W2107163269
https://openalex.org/W2132140024
https://openalex.org/W1508005329
https://openalex.org/W1978252765
https://openalex.org/W1980288578
https://openalex.org/W1990810434
https://openalex.org/W1996077213
https://openalex.org/W2002292370
https://openalex.org/W2011805373
https://openalex.org/W2068979990
https://openalex.org/W2082767150
https://openalex.org/W2109882487
https://openalex.org/W2123059507
https://openalex.org/W2165833451
https://openalex.org/W2288401113
https://openalex.org/W2616958276
https://openalex.org/W2626539975
https://openalex.org/W2790468246
https://openalex.org/W1915475092
https://openalex.org/W1993822210
https://openalex.org/W2023616977
https://openalex.org/W2533804875
https://openalex.org/W2801853910
https://openalex.org/W2986838615
https://openalex.org/W328125837
https://openalex.org/W2887790896
https://openalex.org/W2903881298
https://openalex.org/W2970645873
https://openalex.org/W2991354044
https://openalex.org/W3010307625
https://openalex.org/W3011077267
https://openalex.org/W3021891707
https://openalex.org/W3101521365
https://openalex.org/W3112586173
https://openalex.org/W3126178368
https://openalex.org/W4224253988
https://openalex.org/W4229456934
https://openalex.org/W4281291859
https://openalex.org/W4283026675
https://openalex.org/W4283121266
https://openalex.org/W2046886932
https://openalex.org/W2124191965
https://openalex.org/W1603519107
https://openalex.org/W1984219745
https://openalex.org/W2090275568
https://openalex.org/W2262726847
https://openalex.org/W1595435854
https://openalex.org/W2066422894
https://openalex.org/W1997625642
https://openalex.org/W1972490819
https://openalex.org/W1545937360
https://openalex.org/W1863721738
https://openalex.org/W2006810082
https://openalex.org/W2012895667
https://openalex.org/W2127728963
https://openalex.org/W2052036530
https://openalex.org/W2133716779
https://openalex.org/W2132460152
https://openalex.org/W2119695215
https://openalex.org/W2112039668
https://openalex.org/W2118489273
https://openalex.org/W2035549909
https://openalex.org/W2095019161
https://openalex.org/W1606101780
https://openalex.org/W1994592982
https://openalex.org/W2068641189
https://openalex.org/W2186092383
https://openalex.org/W1968783486
https://openalex.org/W1987328619
https://openalex.org/W1993968933
https://openalex.org/W2042589076
https://openalex.org/W2112752123
https://openalex.org/W2128815100
https://openalex.org/W2602234521
https://openalex.org/W2786524169
https://openalex.org/W2789548496
https://openalex.org/W2809759257
https://openalex.org/W2883258188
https://openalex.org/W4242036585
https://openalex.org/W2020689263
https://openalex.org/W2067578926
https://openalex.org/W2117715972
https://openalex.org/W2216359363
https://openalex.org/W2502681315
https://openalex.org/W2549937627
https://openalex.org/W2595366189
https://openalex.org/W2768640257
https://openalex.org/W2775139659
https://openalex.org/W2790092891
https://openalex.org/W2905394018
https://openalex.org/W2913776649
https://openalex.org/W2938552664
https://openalex.org/W2945640745
https://openalex.org/W4241857520
https://openalex.org/W2429057954
https://openalex.org/W3033878718
https://openalex.org/W3043839133
https://openalex.org/W3094145513
https://openalex.org/W3111654639
https://openalex.org/W3000153575
https://openalex.org/W3011287016
https://openalex.org/W3087773914
https://openalex.org/W3092884242
https://openalex.org/W3120869414
https://openalex.org/W3176511412
https://openalex.org/W3200485592
https://openalex.org/W2064774943
https://openalex.org/W4239397212
https://openalex.org/W1994505074
https://openalex.org/W2004595736
https://openalex.org/W1982610569
https://openalex.org/W2061103431
https://openalex.org/W2070949149
https://openalex.org/W2094494166
https://openalex.org/W1980657761
https://openalex.org/W1976445028
https://openalex.org/W1999485851
https://openalex.org/W2038915083
https://openalex.org/W2067362879
https://openalex.org/W2087863895
https://openalex.org/W2312275427
https://openalex.org/W2027865284
https://openalex.org/W2131911618
https://openalex.org/W1536267849
https://openalex.org/W2027832398
https://openalex.org/W2715608481
https://openalex.org/W2767906868
https://openalex.org/W1464008173
https://openalex.org/W1495757095
https://openalex.org/W1910800104
https://openalex.org/W1994863295
https://openalex.org/W2073561745
https://openalex.org/W1575832642
https://openalex.org/W1968520267
https://openalex.org/W2027839651
https://openalex.org/W2073086677
https://openalex.org/W2103784645
https://openalex.org/W2163687335
https://openalex.org/W1994470800
https://openalex.org/W2095838920
https://openalex.org/W195890248
https://openalex.org/W2021330869
https://openalex.org/W114859303
https://openalex.org/W1988876572
https://openalex.org/W2062640580
https://openalex.org/W2746708686
https://openalex.org/W1494509044
https://openalex.org/W2007416026
https://openalex.org/W2023950596
https://openalex.org/W2041948545
https://openalex.org/W2110265580
https://openalex.org/W2330583536
https://openalex.org/W2586548386
https://openalex.org/W2770569536
https://openalex.org/W2911568150
https://openalex.org/W4242457148
https://openalex.org/W1999993065
https://openalex.org/W2057333741
https://openalex.org/W2153097574
https://openalex.org/W2239658397
https://openalex.org/W2412612232
https://openalex.org/W2935958736
https://openalex.org/W2989778086
https://openalex.org/W3022979291
https://openalex.org/W3025223069
https://openalex.org/W3029998901
https://openalex.org/W3092711802
https://openalex.org/W4211201532
https://openalex.org/W3200076609
https://openalex.org/W3213732442
https://openalex.org/W4200161483
https://openalex.org/W4226344535
https://openalex.org/W4308772434
https://openalex.org/W4309093708
https://openalex.org/W4312342941
https://openalex.org/W4318681056
https://openalex.org/W4319870061
https://openalex.org/W4319942540
https://openalex.org/W4321598047
https://openalex.org/W4380625102
https://openalex.org/W4384825612
https://openalex.org/W4385546988
https://openalex.org/W4385663537
https://openalex.org/W4386530076
https://openalex.org/W4387241923
https://openalex.org/W4388074977
https://openalex.org/W4388164396
https://openalex.org/W4389010956
https://openalex.org/W1972463812
https://openalex.org/W2325732674
https://openalex.org/W2414829710
https://openalex.org/W1983340822
https://openalex.org/W2028663947
https://openalex.org/W2030880916
https://openalex.org/W2407704098
https://openalex.org/W2067165527
https://openalex.org/W1979285210
https://openalex.org/W2007108183
https://openalex.org/W1545050836
https://openalex.org/W2037826931
https://openalex.org/W2134429372
https://openalex.org/W1815012058
https://openalex.org/W2983680409
https://openalex.org/W4239453566
https://openalex.org/W1964722129
https://openalex.org/W113276135
https://openalex.org/W2019889451
https://openalex.org/W2055235948
https://openalex.org/W2133767994
https://openalex.org/W1553123593
https://openalex.org/W2049293307
https://openalex.org/W1964740589
https://openalex.org/W1993181341
https://openalex.org/W2504744292
https://openalex.org/W1970387351
https://openalex.org/W2041496594
https://openalex.org/W2108603950
https://openalex.org/W2118156793
https://openalex.org/W2565643793
https://openalex.org/W2588767478
https://openalex.org/W2773309795
https://openalex.org/W2786775181
https://openalex.org/W2899616572
https://openalex.org/W2000432886
https://openalex.org/W2119959783
https://openalex.org/W2157981973
https://openalex.org/W2462466150
https://openalex.org/W2489769051
https://openalex.org/W2957993708
https://openalex.org/W1502544111
https://openalex.org/W1995337652
https://openalex.org/W2056076967
https://openalex.org/W1484304574
https://openalex.org/W2029582266
https://openalex.org/W2062476848
https://openalex.org/W2152062300
https://openalex.org/W2994528427
https://openalex.org/W2018463162
https://openalex.org/W2080905588
https://openalex.org/W2295241633
https://openalex.org/W1987566781
https://openalex.org/W2075555251
https://openalex.org/W1984764069
https://openalex.org/W2038088016
https://openalex.org/W2168066867
https://openalex.org/W30523206
https://openalex.org/W2014888340
https://openalex.org/W2085771383
https://openalex.org/W1965730814
https://openalex.org/W2059624116
https://openalex.org/W2066827543
https://openalex.org/W2055923942
https://openalex.org/W1971676213
https://openalex.org/W2061221447
https://openalex.org/W1545320100
https://openalex.org/W1971128851
https://openalex.org/W2014452994
https://openalex.org/W2052237865
https://openalex.org/W2081401152
https://openalex.org/W2775811643
https://openalex.org/W2808199664
https://openalex.org/W2886030226
https://openalex.org/W1138443704
https://openalex.org/W1989471707
https://openalex.org/W2048803524
https://openalex.org/W2091919749
https://openalex.org/W2334811524
https://openalex.org/W2437357376
https://openalex.org/W2732589465
https://openalex.org/W2799370285
https://openalex.org/W2911938303
https://openalex.org/W2942765059
https://openalex.org/W2981005210
https://openalex.org/W2998499324
https://openalex.org/W3005821285
https://openalex.org/W2465722501
https://openalex.org/W2475229385
https://openalex.org/W3112481167
https://openalex.org/W3127462695
https://openalex.org/W3167792637
https://openalex.org/W3177510136
https://openalex.org/W2253603142
https://openalex.org/W2011254325
https://openalex.org/W604158502
https://openalex.org/W1511037210
https://openalex.org/W2001512051
https://openalex.org/W2029092040
https://openalex.org/W2040713936
https://openalex.org/W2042685534
https://openalex.org/W2049041329
https://openalex.org/W2172206628
https://openalex.org/W4241820087
https://openalex.org/W1599546557
https://openalex.org/W1965695581
https://openalex.org/W2041182475
https://openalex.org/W2021228793
https://openalex.org/W2045682909
https://openalex.org/W2151167834
https://openalex.org/W2086248829
https://openalex.org/W2290935120
https://openalex.org/W2413214589
https://openalex.org/W73049795
https://openalex.org/W2031568761
https://openalex.org/W2063071000
https://openalex.org/W2141350311
https://openalex.org/W2054591658
https://openalex.org/W2039988184
https://openalex.org/W2101856049
https://openalex.org/W2129928899
https://openalex.org/W2135359958
https://openalex.org/W1534151027
https://openalex.org/W1543365990
https://openalex.org/W1978450771
https://openalex.org/W1993965613
https://openalex.org/W2063058412
https://openalex.org/W2151613983
https://openalex.org/W2152057940
https://openalex.org/W2805336066
https://openalex.org/W2901856414
https://openalex.org/W1972086434
https://openalex.org/W1979051120
https://openalex.org/W1997503368
https://openalex.org/W2006037575
https://openalex.org/W2019656472
https://openalex.org/W2084270768
https://openalex.org/W2141090031
https://openalex.org/W2294753565
https://openalex.org/W2312336695
https://openalex.org/W2418463814
https://openalex.org/W248229250
https://openalex.org/W2738067779
https://openalex.org/W2757024113
https://openalex.org/W2914088366
https://openalex.org/W2918366151
https://openalex.org/W3092564024
https://openalex.org/W4231480227
https://openalex.org/W3139246894
https://openalex.org/W3182291838
https://openalex.org/W3184907638
https://openalex.org/W3205194334
https://openalex.org/W3215465632
https://openalex.org/W4213336742
https://openalex.org/W4226420936
https://openalex.org/W4309687024
https://openalex.org/W4310258983
https://openalex.org/W2036048325
https://openalex.org/W2045762103
https://openalex.org/W2065506883
https://openalex.org/W2306537005
https://openalex.org/W173017634
https://openalex.org/W2314645206
https://openalex.org/W176850786
https://openalex.org/W1964631503
https://openalex.org/W1994560877
https://openalex.org/W2069603033
https://openalex.org/W2085295399
https://openalex.org/W2092354207
https://openalex.org/W2135368934
https://openalex.org/W1605647921
https://openalex.org/W2057864104
https://openalex.org/W1979107150
https://openalex.org/W1980410056
https://openalex.org/W2007843354
https://openalex.org/W2080072812
https://openalex.org/W2108601844
https://openalex.org/W2136780072
https://openalex.org/W1993213245
https://openalex.org/W2003188314
https://openalex.org/W1991218042
https://openalex.org/W2118074768
https://openalex.org/W2092063528
https://openalex.org/W2776098705
https://openalex.org/W2891876428
https://openalex.org/W367484131
https://openalex.org/W1600308284
https://openalex.org/W1788557698
https://openalex.org/W2006034832
https://openalex.org/W2033290286
https://openalex.org/W2102200046
https://openalex.org/W2116577344
https://openalex.org/W2154228436
https://openalex.org/W2337635487
https://openalex.org/W2344631987
https://openalex.org/W2474564372
https://openalex.org/W2528268148
https://openalex.org/W3014258049
https://openalex.org/W3018410774
https://openalex.org/W1971255347
https://openalex.org/W1978029962
https://openalex.org/W2000556070
https://openalex.org/W2060342622
https://openalex.org/W2069471601
https://openalex.org/W2130140194
https://openalex.org/W2146618507
https://openalex.org/W2172885010
https://openalex.org/W4237000009
https://openalex.org/W1509124949
https://openalex.org/W1516874744
https://openalex.org/W1995897676
https://openalex.org/W1999668334
https://openalex.org/W2050158840
https://openalex.org/W2148038652
https://openalex.org/W2163175503
https://openalex.org/W2176097703
https://openalex.org/W2396169541
https://openalex.org/W38880688
https://openalex.org/W4247787141
https://openalex.org/W2080046485
https://openalex.org/W2316629362
https://openalex.org/W2415555412
https://openalex.org/W2079773333
https://openalex.org/W2096873645
https://openalex.org/W4252593363
https://openalex.org/W107584401
https://openalex.org/W1973876704
https://openalex.org/W2053284400
https://openalex.org/W2111747891
https://openalex.org/W2169832603
https://openalex.org/W1715856515
https://openalex.org/W1995413703
https://openalex.org/W2076481931
https://openalex.org/W2114838032
https://openalex.org/W2969290873
https://openalex.org/W1516521876
https://openalex.org/W1963943772
https://openalex.org/W2011846318
https://openalex.org/W2085109037
https://openalex.org/W2092301875
https://openalex.org/W2102792707
https://openalex.org/W2257093872
https://openalex.org/W2286040513
https://openalex.org/W2434766912
https://openalex.org/W2530999849
https://openalex.org/W2626698447
https://openalex.org/W3111392636
https://openalex.org/W3120472522
https://openalex.org/W3128397707
https://openalex.org/W3137297279
https://openalex.org/W3140889754
https://openalex.org/W3177138428
https://openalex.org/W3180493366
https://openalex.org/W3214148084
https://openalex.org/W1940754272
https://openalex.org/W2068135815
https://openalex.org/W2810095042
https://openalex.org/W1991879477
https://openalex.org/W1992456703
https://openalex.org/W2041596661
https://openalex.org/W2057522849
https://openalex.org/W2090199063
https://openalex.org/W2002608853
https://openalex.org/W2548113
https://openalex.org/W1990560632
https://openalex.org/W2505408554
https://openalex.org/W2513650023
https://openalex.org/W2062116922
https://openalex.org/W2415977704
https://openalex.org/W4232089508
https://openalex.org/W4242790766
https://openalex.org/W1923944590
https://openalex.org/W2034832696
https://openalex.org/W1608606080
https://openalex.org/W1996209146
https://openalex.org/W1998227435
https://openalex.org/W2066897085
https://openalex.org/W2083512921
https://openalex.org/W2095130538
https://openalex.org/W2128668612
https://openalex.org/W2410578739
https://openalex.org/W2765811933
https://openalex.org/W2806817837
https://openalex.org/W2907457287
https://openalex.org/W3003308434
https://openalex.org/W3004477823
https://openalex.org/W3021064547
https://openalex.org/W3092310843
https://openalex.org/W3108551130
https://openalex.org/W3161883323
https://openalex.org/W2316230122
https://openalex.org/W2342962465
https://openalex.org/W2518451162
https://openalex.org/W4210784902
https://openalex.org/W4213418822
https://openalex.org/W4223987748
https://openalex.org/W4283257614
https://openalex.org/W4285409128
https://openalex.org/W4287511911
https://openalex.org/W4300485780
https://openalex.org/W4309736721
https://openalex.org/W1975837092
https://openalex.org/W2048352889
https://openalex.org/W2051988851
https://openalex.org/W83604295
https://openalex.org/W1983628427
https://openalex.org/W2057368724
https://openalex.org/W2162689262
https://openalex.org/W1980152355
https://openalex.org/W2173968987
https://openalex.org/W2023470216
https://openalex.org/W2417852504
https://openalex.org/W2807763595
https://openalex.org/W158445654
https://openalex.org/W1996481922
https://openalex.org/W2040024685
https://openalex.org/W2501170097
https://openalex.org/W1607309987
https://openalex.org/W1838190734
https://openalex.org/W1987062129
https://openalex.org/W2094767792
https://openalex.org/W2119061185
https://openalex.org/W2182285960
https://openalex.org/W2198811850
https://openalex.org/W2240405339
https://openalex.org/W2515666397
https://openalex.org/W2801363399
https://openalex.org/W2090101608
https://openalex.org/W2014939138
https://openalex.org/W2077199413
https://openalex.org/W2090359080
https://openalex.org/W1999893232
https://openalex.org/W175089851
https://openalex.org/W2066759480
https://openalex.org/W2903705199
https://openalex.org/W1520436554
https://openalex.org/W2081607402
https://openalex.org/W2167145706
https://openalex.org/W2067680380
https://openalex.org/W2084959702
https://openalex.org/W2501962173
https://openalex.org/W2564304458
https://openalex.org/W2617629160
https://openalex.org/W2734299471
https://openalex.org/W2742787670
https://openalex.org/W2753955309
https://openalex.org/W2781601089
https://openalex.org/W2783887163
https://openalex.org/W2806915316
https://openalex.org/W285978572
https://openalex.org/W2884334671
https://openalex.org/W2889668993
https://openalex.org/W2933842109
https://openalex.org/W2978858753
https://openalex.org/W2995010032
https://openalex.org/W3019242983
https://openalex.org/W3027114476
https://openalex.org/W3034077680
https://openalex.org/W3082754800
https://openalex.org/W3096362412
https://openalex.org/W3110431958
https://openalex.org/W3126879492
https://openalex.org/W312871520
https://openalex.org/W3137733018
https://openalex.org/W3183703777
https://openalex.org/W3201888817
https://openalex.org/W3213827374
https://openalex.org/W4206290548
https://openalex.org/W4211215830
https://openalex.org/W2275253389
https://openalex.org/W2312544349
https://openalex.org/W2466627681
https://openalex.org/W2540268724
https://openalex.org/W2557398384
https://openalex.org/W2753574354
https://openalex.org/W4386376681
https://openalex.org/W1991047346
https://openalex.org/W2075799517
https://openalex.org/W2059476836
https://openalex.org/W2052666882
https://openalex.org/W2300828618
https://openalex.org/W2341860955
https://openalex.org/W2408822379
https://openalex.org/W32514359
https://openalex.org/W2115634951
https://openalex.org/W2141401780
https://openalex.org/W1532848010
https://openalex.org/W2131682058
https://openalex.org/W2383447638
https://openalex.org/W1493278210
https://openalex.org/W1503420776
https://openalex.org/W1968586660
https://openalex.org/W1996684942
https://openalex.org/W2010776019
https://openalex.org/W2024250642
https://openalex.org/W2028903493
https://openalex.org/W2056113407
https://openalex.org/W2087991982
https://openalex.org/W2092061284
https://openalex.org/W2113753745
https://openalex.org/W2151872863
https://openalex.org/W2184106461
https://openalex.org/W2187871319
https://openalex.org/W2264146833
https://openalex.org/W2278806640
https://openalex.org/W2313316110
https://openalex.org/W2315969713
https://openalex.org/W2318390861
https://openalex.org/W2352784246
https://openalex.org/W2382944459
https://openalex.org/W2495171710
https://openalex.org/W2517830837
https://openalex.org/W2559030616
https://openalex.org/W4225258926
https://openalex.org/W4313339926
https://openalex.org/W4317464376
https://openalex.org/W4317555832
https://openalex.org/W4319006043
https://openalex.org/W4319006044
https://openalex.org/W4319008070
https://openalex.org/W4319008074
https://openalex.org/W4319012377
https://openalex.org/W4319083091
https://openalex.org/W4319829147
https://openalex.org/W4319870067
https://openalex.org/W4322623201
https://openalex.org/W4322623300
https://openalex.org/W4327813477
https://openalex.org/W4361190987
https://openalex.org/W4361881925
https://openalex.org/W4361881937
https://openalex.org/W4361881977
https://openalex.org/W4361881991
https://openalex.org/W4361882152
https://openalex.org/W4361882155
https://openalex.org/W4361904346
https://openalex.org/W4361904383
https://openalex.org/W4361904394
https://openalex.org/W4361904539
https://openalex.org/W4361904625
https://openalex.org/W4361904722
https://openalex.org/W4361944201
https://openalex.org/W4361950374
https://openalex.org/W4364377687
https://openalex.org/W4366393449
https://openalex.org/W4366581813
https://openalex.org/W4367662858
https://openalex.org/W4367853176
https://openalex.org/W4375945169
https://openalex.org/W4376255924
https://openalex.org/W4378716883
https://openalex.org/W4379931089
https://openalex.org/W4380988840
https://openalex.org/W4381380399
https://openalex.org/W4381546689
https://openalex.org/W4383058669
https://openalex.org/W4383314328
https://openalex.org/W4383906523
https://openalex.org/W4384663454
https://openalex.org/W4384664438
https://openalex.org/W4385188313
https://openalex.org/W4385195798
https://openalex.org/W4385811242
https://openalex.org/W4386259035
https://openalex.org/W4386285863
https://openalex.org/W4386543891
https://openalex.org/W4386564265
https://openalex.org/W4386751262
https://openalex.org/W4387115421
https://openalex.org/W4387130113
https://openalex.org/W4387168049
https://openalex.org/W4387207418
https://openalex.org/W4387360175
https://openalex.org/W4387706982
https://openalex.org/W4387811990
https://openalex.org/W4387812326
https://openalex.org/W4388068630
https://openalex.org/W4388469404
https://openalex.org/W4388469425
https://openalex.org/W4388469431
https://openalex.org/W4388469435
https://openalex.org/W4388469439
https://openalex.org/W4388469446
https://openalex.org/W4388469463
https://openalex.org/W4388469498
https://openalex.org/W4388469499
https://openalex.org/W4388469517
https://openalex.org/W4388533008
https://openalex.org/W4388693869
https://openalex.org/W4388823740
https://openalex.org/W4388973502
https://openalex.org/W4389224078
https://openalex.org/W4389312283
https://openalex.org/W4389420544
https://openalex.org/W4389804710
https://openalex.org/W4390016596
https://openalex.org/W4390620735
https://openalex.org/W4390992146
https://openalex.org/W4391185227
https://openalex.org/W2073581540
https://openalex.org/W2045790955
https://openalex.org/W2061715221
https://openalex.org/W2084033787
https://openalex.org/W1574519807
https://openalex.org/W2054734215
https://openalex.org/W1001793213
https://openalex.org/W2371252857
https://openalex.org/W2058054535
https://openalex.org/W2087172364
https://openalex.org/W2350710778
https://openalex.org/W2558337113
https://openalex.org/W2760944980
https://openalex.org/W2975809705
https://openalex.org/W2516057410
https://openalex.org/W2609035047
https://openalex.org/W1998258771
https://openalex.org/W2016797752
https://openalex.org/W2021776070
https://openalex.org/W2029690818
https://openalex.org/W2035345558
https://openalex.org/W2128629435
https://openalex.org/W2412243661
https://openalex.org/W2029689479
https://openalex.org/W2588754531
https://openalex.org/W1985841553
https://openalex.org/W58598819
https://openalex.org/W2004819791
https://openalex.org/W2023947673
https://openalex.org/W2413825691
https://openalex.org/W1038768849
https://openalex.org/W2107194417
https://openalex.org/W2127403642
https://openalex.org/W2469410123
https://openalex.org/W2504414391
https://openalex.org/W2799320421
https://openalex.org/W2883392235
https://openalex.org/W2936015697
https://openalex.org/W2999267885
https://openalex.org/W3021715543
https://openalex.org/W3025128538
https://openalex.org/W3027465647
https://openalex.org/W3041508915
https://openalex.org/W3125391768
https://openalex.org/W3139357923
https://openalex.org/W3156403413
https://openalex.org/W3179163037
https://openalex.org/W3185631611
https://openalex.org/W3196270991
https://openalex.org/W3196842725
https://openalex.org/W4200089980
https://openalex.org/W4206184834
https://openalex.org/W4206773114
https://openalex.org/W4253203836
https://openalex.org/W2279193069
https://openalex.org/W2292843269
https://openalex.org/W2305868237
https://openalex.org/W2334583445
https://openalex.org/W2346144855
https://openalex.org/W2399165318
https://openalex.org/W2460684859
https://openalex.org/W2475864793
https://openalex.org/W2529367522
https://openalex.org/W2563041560
https://openalex.org/W2567834118
https://openalex.org/W2576756853
https://openalex.org/W2578149339
https://openalex.org/W4226250263
https://openalex.org/W4281399852
https://openalex.org/W4282939040
https://openalex.org/W4285094101
https://openalex.org/W4290706632
https://openalex.org/W4292289199
https://openalex.org/W4295062678
https://openalex.org/W4295706243
https://openalex.org/W4296229261
https://openalex.org/W4309398431
https://openalex.org/W4310920214
https://openalex.org/W4313237417
https://openalex.org/W190726158
https://openalex.org/W1963711662
https://openalex.org/W1966240405
https://openalex.org/W2019944470
https://openalex.org/W2074745528
https://openalex.org/W2087698705
https://openalex.org/W2524916532
https://openalex.org/W1971743046
https://openalex.org/W2052248761
https://openalex.org/W2072194105
https://openalex.org/W2095351938
https://openalex.org/W76388962
https://openalex.org/W1714817842
https://openalex.org/W2401407967
https://openalex.org/W2464637091
https://openalex.org/W2571683066
https://openalex.org/W126958896
https://openalex.org/W133729703
https://openalex.org/W1604762847
https://openalex.org/W1673419753
https://openalex.org/W1718799810
https://openalex.org/W1900306939
https://openalex.org/W2014907009
https://openalex.org/W2031940109
https://openalex.org/W2067465386
https://openalex.org/W2093382810
https://openalex.org/W2108535558
https://openalex.org/W2115744411
https://openalex.org/W2123111562
https://openalex.org/W2135267372
https://openalex.org/W2217434560
https://openalex.org/W2276015381
https://openalex.org/W2312904790
https://openalex.org/W2324311887
https://openalex.org/W2330991025
https://openalex.org/W2354898996
https://openalex.org/W2412436242
https://openalex.org/W2412804603
https://openalex.org/W2472137286
https://openalex.org/W251181091
https://openalex.org/W266057224
https://openalex.org/W2770278188
https://openalex.org/W2950119062
https://openalex.org/W3205505526
https://openalex.org/W4295886842
https://openalex.org/W2111208181
https://openalex.org/W2205204808
https://openalex.org/W2013941967
https://openalex.org/W2059969990
https://openalex.org/W2411731487
https://openalex.org/W2461633033
https://openalex.org/W1506822443
https://openalex.org/W2043701413
https://openalex.org/W2395265177
https://openalex.org/W2400417972
https://openalex.org/W1972641052
https://openalex.org/W2036361373
https://openalex.org/W2043854793
https://openalex.org/W2123173094
https://openalex.org/W2183253108
https://openalex.org/W2357993763
https://openalex.org/W2359974983
https://openalex.org/W2360699495
https://openalex.org/W2387707686
https://openalex.org/W2420622558
https://openalex.org/W2502001395
https://openalex.org/W2533046908
https://openalex.org/W2563653819
https://openalex.org/W2588581375
https://openalex.org/W2591461175
https://openalex.org/W2613250160
https://openalex.org/W2752181175
https://openalex.org/W2765294417
https://openalex.org/W2783088151
https://openalex.org/W2793619894
https://openalex.org/W2996299042
https://openalex.org/W3042188978
https://openalex.org/W2474585227
https://openalex.org/W1992254328
https://openalex.org/W2035068187
https://openalex.org/W2138508534
https://openalex.org/W2340710971
https://openalex.org/W2419343748
https://openalex.org/W2425458258
https://openalex.org/W2472627601
https://openalex.org/W2026964468
https://openalex.org/W2462289874
https://openalex.org/W2494362402
https://openalex.org/W5222162
https://openalex.org/W2101314330
https://openalex.org/W1998153303
https://openalex.org/W2005721266
https://openalex.org/W2109163349
https://openalex.org/W2373398152
https://openalex.org/W2476722746
https://openalex.org/W2777007224
https://openalex.org/W2796105852
https://openalex.org/W2798242729
https://openalex.org/W2799837941
https://openalex.org/W2799899615
https://openalex.org/W2802969638
https://openalex.org/W2888638203
https://openalex.org/W2899021269
https://openalex.org/W2906248455
https://openalex.org/W3020447273
https://openalex.org/W3122557989
https://openalex.org/W4248973240
https://openalex.org/W297374808
https://openalex.org/W2409974028
https://openalex.org/W2419563687
https://openalex.org/W2294656688
https://openalex.org/W2394775930
https://openalex.org/W1484198275
https://openalex.org/W2048722468
https://openalex.org/W2053517467
https://openalex.org/W2125539136
https://openalex.org/W2401084825
https://openalex.org/W2938057975
https://openalex.org/W2940618225
https://openalex.org/W2944723501
https://openalex.org/W2948505436
https://openalex.org/W2950534163
https://openalex.org/W2973838759
https://openalex.org/W2988240403
https://openalex.org/W2997401291
https://openalex.org/W2999328610
https://openalex.org/W3005067625
https://openalex.org/W3006163222
https://openalex.org/W3008101258
https://openalex.org/W3088292470
https://openalex.org/W3099751493
https://openalex.org/W3109623165
https://openalex.org/W1964714997
https://openalex.org/W2023397445
https://openalex.org/W2034664134
https://openalex.org/W2095019312
https://openalex.org/W2410227577
https://openalex.org/W2413505647
https://openalex.org/W2436776816
https://openalex.org/W2498270487
https://openalex.org/W2133631920
https://openalex.org/W2440492919
https://openalex.org/W38525560
https://openalex.org/W2151049148
https://openalex.org/W2309777374
https://openalex.org/W2362951224
https://openalex.org/W2414770690
https://openalex.org/W2801498923
https://openalex.org/W3128506930
https://openalex.org/W3154392555
https://openalex.org/W3162541160
https://openalex.org/W3165972508
https://openalex.org/W3181211114
https://openalex.org/W3184829551
https://openalex.org/W3194481681
https://openalex.org/W3199062276
https://openalex.org/W4247954266
https://openalex.org/W4290089364
https://openalex.org/W3109551178
https://openalex.org/W102058275
https://openalex.org/W1982452397
https://openalex.org/W1521815429
https://openalex.org/W1011221490
https://openalex.org/W1991194296
https://openalex.org/W204124435
https://openalex.org/W2274730429
https://openalex.org/W2408034008
https://openalex.org/W2478870249
https://openalex.org/W2976093635
https://openalex.org/W2259930679
https://openalex.org/W2323868725
https://openalex.org/W2326371617
https://openalex.org/W2342877060
https://openalex.org/W2374939370
https://openalex.org/W2395581922
https://openalex.org/W2414362192
https://openalex.org/W2431056427
https://openalex.org/W2605469907
https://openalex.org/W2623319282
https://openalex.org/W269777053
https://openalex.org/W3091226819
https://openalex.org/W3172804116
https://openalex.org/W138048422
https://openalex.org/W1994917217
https://openalex.org/W1997769878
https://openalex.org/W2006602629
https://openalex.org/W2070322080
https://openalex.org/W2097515509
https://openalex.org/W2276674252
https://openalex.org/W2325935878
https://openalex.org/W2331084848
https://openalex.org/W2463343318
https://openalex.org/W48668448
https://openalex.org/W1969823667
https://openalex.org/W2032676954
https://openalex.org/W2415572488
https://openalex.org/W2418990249
https://openalex.org/W2492167675
https://openalex.org/W1179334111
https://openalex.org/W1489277965
https://openalex.org/W1505536940
https://openalex.org/W1526544197
https://openalex.org/W1547060427
https://openalex.org/W1585984905
https://openalex.org/W1603345740
https://openalex.org/W1636798245
https://openalex.org/W1813363952
https://openalex.org/W1817842561
https://openalex.org/W1834119329
https://openalex.org/W1853088508
https://openalex.org/W1911741817
https://openalex.org/W1925641681
https://openalex.org/W1977805000
https://openalex.org/W2013410269
https://openalex.org/W2020249709
https://openalex.org/W2027452213
https://openalex.org/W2030029422
https://openalex.org/W2068900316
https://openalex.org/W2099830071
https://openalex.org/W2137373692
https://openalex.org/W2192264328
https://openalex.org/W2219370088
https://openalex.org/W2237283807
https://openalex.org/W2256678642
https://openalex.org/W2259589359
https://openalex.org/W2260919964
https://openalex.org/W2272968308
https://openalex.org/W2277253252
https://openalex.org/W2289838995
https://openalex.org/W2304543010
https://openalex.org/W2313637977
https://openalex.org/W2317302365
https://openalex.org/W2324417542
https://openalex.org/W2328181240
https://openalex.org/W2333090606
https://openalex.org/W2344903843
https://openalex.org/W2350087398
https://openalex.org/W2411800852
https://openalex.org/W2460687933
https://openalex.org/W2468875577
https://openalex.org/W2488440146
https://openalex.org/W2492714174
https://openalex.org/W2507731247
https://openalex.org/W2513543341
https://openalex.org/W2516377500
https://openalex.org/W2520359429
https://openalex.org/W2524542155
https://openalex.org/W2526147505
https://openalex.org/W2527282588
https://openalex.org/W2527785754
https://openalex.org/W2527956126
https://openalex.org/W2529565702
https://openalex.org/W2547069892
https://openalex.org/W2559399677
https://openalex.org/W2560911284
https://openalex.org/W2560957159
https://openalex.org/W2563015965
https://openalex.org/W2563814706
https://openalex.org/W2573170203
https://openalex.org/W2579753945
https://openalex.org/W2582452851
https://openalex.org/W2587476617
https://openalex.org/W2591456700
https://openalex.org/W2592919326
https://openalex.org/W2593549601
https://openalex.org/W2594207961
https://openalex.org/W2603826465
https://openalex.org/W2605048476
https://openalex.org/W2610761659
https://openalex.org/W2610894823
https://openalex.org/W2613048103
https://openalex.org/W2613320379
https://openalex.org/W2725214242
https://openalex.org/W2744523469
https://openalex.org/W2744696468
https://openalex.org/W2747571759
https://openalex.org/W2748327484
https://openalex.org/W2748469997
https://openalex.org/W2752447037
https://openalex.org/W2766092183
https://openalex.org/W2785792726
https://openalex.org/W2787570292
https://openalex.org/W2888919495
https://openalex.org/W2914658382
https://openalex.org/W2952138752
https://openalex.org/W2965140945
https://openalex.org/W2965810400
https://openalex.org/W2965968716
https://openalex.org/W2968366106
https://openalex.org/W2977632410
https://openalex.org/W2977766161
https://openalex.org/W2977825879
https://openalex.org/W2977872919
https://openalex.org/W2978020607
https://openalex.org/W2978430795
https://openalex.org/W2978590811
https://openalex.org/W2978847497
https://openalex.org/W2979018674
https://openalex.org/W2979254510
https://openalex.org/W2982682079
https://openalex.org/W2992223261
https://openalex.org/W2994400451
https://openalex.org/W3015290087
https://openalex.org/W3042366105
https://openalex.org/W3092255534
https://openalex.org/W3096220346
https://openalex.org/W3102457198
https://openalex.org/W3136475332
https://openalex.org/W3158701856
https://openalex.org/W3165502353
https://openalex.org/W3165802994
https://openalex.org/W3178561210
https://openalex.org/W3186830780
https://openalex.org/W3190956216
https://openalex.org/W3213621917
https://openalex.org/W339609877
https://openalex.org/W4206858528
https://openalex.org/W4230991802
https://openalex.org/W4244038278
https://openalex.org/W4249195668
https://openalex.org/W4291996396
https://openalex.org/W4297747735
https://openalex.org/W4297782424
https://openalex.org/W4389008812
https://openalex.org/W4390804848
https://openalex.org/W4394087786
https://openalex.org/W4394170462
https://openalex.org/W4394257271
https://openalex.org/W4394348676
https://openalex.org/W4394375150
https://openalex.org/W768910615
https://openalex.org/W18932634
https://openalex.org/W1976165203
https://openalex.org/W2076246171
https://openalex.org/W2255215829
https://openalex.org/W2410610488
https://openalex.org/W2419010598
https://openalex.org/W2117078342
https://openalex.org/W2410178670
https://openalex.org/W4210994989
https://openalex.org/W1190576637
https://openalex.org/W1198514126
https://openalex.org/W16184017
https://openalex.org/W1649432320
https://openalex.org/W1891598602
https://openalex.org/W1969885861
https://openalex.org/W199702000
https://openalex.org/W2015836886
https://openalex.org/W2016001364
https://openalex.org/W2018984654
https://openalex.org/W2029148714
https://openalex.org/W2055454834
https://openalex.org/W2056459397
https://openalex.org/W2058596588
https://openalex.org/W2064424335
https://openalex.org/W2076496864
https://openalex.org/W2108736063
https://openalex.org/W2136894536
https://openalex.org/W213836592
https://openalex.org/W2159445733
https://openalex.org/W21814057
https://openalex.org/W2219056223
https://openalex.org/W2228216271
https://openalex.org/W2243361891
https://openalex.org/W2256203290
https://openalex.org/W2256472665
https://openalex.org/W2274129481
https://openalex.org/W2278934293
https://openalex.org/W2284985713
https://openalex.org/W2313489716
https://openalex.org/W2313808410
https://openalex.org/W2320839576
https://openalex.org/W2321224886
https://openalex.org/W2325364776
https://openalex.org/W2334479384
https://openalex.org/W2347640076
https://openalex.org/W2347667027
https://openalex.org/W2349195420
https://openalex.org/W2350480932
https://openalex.org/W2354130820
https://openalex.org/W2364632096
https://openalex.org/W2371218503
https://openalex.org/W2378572656
https://openalex.org/W2381417038
https://openalex.org/W2384233723
https://openalex.org/W2389865622
https://openalex.org/W2391060831
https://openalex.org/W2393793640
https://openalex.org/W2400591990
https://openalex.org/W2418909698
https://openalex.org/W2502016656
https://openalex.org/W2559881543
https://openalex.org/W2559910085
https://openalex.org/W2566191046
https://openalex.org/W2587164666
https://openalex.org/W2595235013
https://openalex.org/W2596185038
https://openalex.org/W2596990376
https://openalex.org/W2598388224
https://openalex.org/W2599380954
https://openalex.org/W2600897140
https://openalex.org/W2617423342
https://openalex.org/W2627023987
https://openalex.org/W2741665753
https://openalex.org/W2790534728
https://openalex.org/W2803828132
https://openalex.org/W282720266
https://openalex.org/W2888336882
https://openalex.org/W2912312419
https://openalex.org/W2960356337
https://openalex.org/W2961571900
https://openalex.org/W2961908889
https://openalex.org/W2977411301
https://openalex.org/W2977445861
https://openalex.org/W2977484248
https://openalex.org/W2977490482
https://openalex.org/W2977537481
https://openalex.org/W2977704484
https://openalex.org/W2977806816
https://openalex.org/W2977836274
https://openalex.org/W2978270963
https://openalex.org/W2978314218
https://openalex.org/W2978361965
https://openalex.org/W2978769971
https://openalex.org/W2978771190
https://openalex.org/W2979002132
https://openalex.org/W2979241916
https://openalex.org/W3028671595
https://openalex.org/W3029690228
https://openalex.org/W3163844607
https://openalex.org/W3164170839
https://openalex.org/W3165766648
https://openalex.org/W3170175700
https://openalex.org/W3183051996
https://openalex.org/W3210307555
https://openalex.org/W3214139646
https://openalex.org/W4237622406
https://openalex.org/W4244328851
https://openalex.org/W4244412251
https://openalex.org/W4295172791
https://openalex.org/W4295172811
https://openalex.org/W4300653017
https://openalex.org/W596155193
https://openalex.org/W612429080
https://openalex.org/W143465223
https://openalex.org/W151486402
https://openalex.org/W1995642437
https://openalex.org/W2059270172
https://openalex.org/W2065527023
https://openalex.org/W2232816593
https://openalex.org/W2249656845
https://openalex.org/W2406895125
https://openalex.org/W4300705609
https://openalex.org/W1990229879
https://openalex.org/W2125591013
https://openalex.org/W2975780023
https://openalex.org/W1498602430
https://openalex.org/W1978494730
https://openalex.org/W1978802511
https://openalex.org/W1984683856
https://openalex.org/W1991627097
https://openalex.org/W2002494022
https://openalex.org/W2004868028
https://openalex.org/W2106075964
https://openalex.org/W2335852789
https://openalex.org/W2336000943
https://openalex.org/W2353242790
https://openalex.org/W2363847581
https://openalex.org/W2366714625
https://openalex.org/W2375498331
https://openalex.org/W2376211718
https://openalex.org/W2388563498
https://openalex.org/W2403417975
https://openalex.org/W2410299839
https://openalex.org/W2410726980
https://openalex.org/W2412470964
https://openalex.org/W2415935845
https://openalex.org/W2418359037
https://openalex.org/W2419457769
https://openalex.org/W2461564135
https://openalex.org/W2529260465
https://openalex.org/W2560543475
https://openalex.org/W2581340120
https://openalex.org/W2591945301
https://openalex.org/W2594130988
https://openalex.org/W2596939747
https://openalex.org/W2602770560
https://openalex.org/W2604168679
https://openalex.org/W2604528705
https://openalex.org/W2611350299
https://openalex.org/W2612571947
https://openalex.org/W2613474908
https://openalex.org/W2614728674
https://openalex.org/W2614928655
https://openalex.org/W2621531593
https://openalex.org/W2739201439
https://openalex.org/W2741493871
https://openalex.org/W2755179447
https://openalex.org/W2765318636
https://openalex.org/W2765445808
https://openalex.org/W2767835629
https://openalex.org/W2769375038
https://openalex.org/W2778857606
https://openalex.org/W2793734110
https://openalex.org/W2803432573
https://openalex.org/W2903065643
https://openalex.org/W2954615421
https://openalex.org/W2978033586
https://openalex.org/W2978219760
https://openalex.org/W3029906312
https://openalex.org/W3032502809
https://openalex.org/W3115131400
https://openalex.org/W3160205653
https://openalex.org/W3161714102
https://openalex.org/W3164963259
https://openalex.org/W3164986255
https://openalex.org/W3173579103
https://openalex.org/W3178710352
https://openalex.org/W3190123615
https://openalex.org/W3198017641
https://openalex.org/W3213448848
https://openalex.org/W4213394255
https://openalex.org/W4230218009
https://openalex.org/W4244235093
https://openalex.org/W4249556244
https://openalex.org/W4298858776
https://openalex.org/W4389018993
https://openalex.org/W4389019119
https://openalex.org/W4389019120
https://openalex.org/W4389532039
https://openalex.org/W4394425100
https://openalex.org/W643060019
https://openalex.org/W89217766
https://openalex.org/W1975328022
https://openalex.org/W2021276328
https://openalex.org/W2075482517
https://openalex.org/W2406962129
https://openalex.org/W2419362596
https://openalex.org/W2465260918
https://openalex.org/W2992357969
https://openalex.org/W1464044932
https://openalex.org/W1481647096
https://openalex.org/W1535698238
https://openalex.org/W1585916019
https://openalex.org/W159311886
https://openalex.org/W2048643008
https://openalex.org/W2053137163
https://openalex.org/W2054455594
https://openalex.org/W2099678121
https://openalex.org/W2183096299
https://openalex.org/W2273568606
https://openalex.org/W228931675
https://openalex.org/W2297884585
https://openalex.org/W2354293484
https://openalex.org/W2357158834
https://openalex.org/W2384328811
https://openalex.org/W2399148318
https://openalex.org/W2403970332
https://openalex.org/W2408670083
https://openalex.org/W2409300033
https://openalex.org/W2439181653
https://openalex.org/W2442614607
https://openalex.org/W2583106440
https://openalex.org/W2626847774
https://openalex.org/W2738207509
https://openalex.org/W2742939137
https://openalex.org/W2783465324
https://openalex.org/W2981782315
https://openalex.org/W298881635
https://openalex.org/W2998813125
https://openalex.org/W3018425402
https://openalex.org/W3036303411
https://openalex.org/W3167494133
https://openalex.org/W3172971847
https://openalex.org/W3189525839
https://openalex.org/W3202530953
https://openalex.org/W3207330003
https://openalex.org/W3212066795
https://openalex.org/W405430114
https://openalex.org/W4207084096
https://openalex.org/W4210415741
https://openalex.org/W4210433735
https://openalex.org/W4210488430
https://openalex.org/W4210633335
https://openalex.org/W4210668456
https://openalex.org/W4211137082
https://openalex.org/W4213142333
https://openalex.org/W4220691342
https://openalex.org/W4220737252
https://openalex.org/W4220849140
https://openalex.org/W4220921469
https://openalex.org/W4226053791
https://openalex.org/W4229453722
https://openalex.org/W4245588859
https://openalex.org/W4280641225
https://openalex.org/W4282923285
https://openalex.org/W4283316331
https://openalex.org/W4285270486
https://openalex.org/W4290062164
https://openalex.org/W4290838973
https://openalex.org/W4290839050
https://openalex.org/W4291913383
https://openalex.org/W4292448940
https://openalex.org/W4293067563
https://openalex.org/W4293418561
https://openalex.org/W4294053775
https://openalex.org/W4294053776
https://openalex.org/W4294053780
https://openalex.org/W4294053785
https://openalex.org/W4294053792
https://openalex.org/W4294053794
https://openalex.org/W4294053799
https://openalex.org/W4294053802
https://openalex.org/W4294053806
https://openalex.org/W4294145332
https://openalex.org/W4294145336
https://openalex.org/W4294145344
https://openalex.org/W4294145346
https://openalex.org/W4295871988
https://openalex.org/W4296709543
https://openalex.org/W4297536600
https://openalex.org/W4297539667
https://openalex.org/W4301904853
https://openalex.org/W4307736796
https://openalex.org/W4308509951
https://openalex.org/W4308805155
https://openalex.org/W4310808960
https://openalex.org/W4318913151
https://openalex.org/W4320087221
https://openalex.org/W4383479890
https://openalex.org/W84514515
https://openalex.org/W961215372
https://openalex.org/W105932643
https://openalex.org/W2059810944
https://openalex.org/W2120472954
https://openalex.org/W2240978561
https://openalex.org/W2269890375
https://openalex.org/W2274989789
https://openalex.org/W2765354079
https://openalex.org/W2805101827
https://openalex.org/W4246779993
https://openalex.org/W761430463
https://openalex.org/W977799028
https://openalex.org/W129304758
https://openalex.org/W155740012
https://openalex.org/W2127909036
https://openalex.org/W2296856961
https://openalex.org/W2357262043
https://openalex.org/W2361173978
https://openalex.org/W2361607558
https://openalex.org/W2394974130
https://openalex.org/W2397924662
https://openalex.org/W2400678889
https://openalex.org/W2409747396
https://openalex.org/W2410579254
https://openalex.org/W2410585691
https://openalex.org/W2416583862
https://openalex.org/W2416641687
https://openalex.org/W2436672013
https://openalex.org/W2439670094
https://openalex.org/W2497943410
https://openalex.org/W2609079793
https://openalex.org/W2736674580
https://openalex.org/W2737988178
https://openalex.org/W2764285281
https://openalex.org/W2790356820
https://openalex.org/W2792356860
https://openalex.org/W2792643366
https://openalex.org/W2795429118
https://openalex.org/W2809837646
https://openalex.org/W2811050089
https://openalex.org/W2894563736
https://openalex.org/W2895917861
https://openalex.org/W2895965393
https://openalex.org/W2896545556
https://openalex.org/W2897378277
https://openalex.org/W2897866341
https://openalex.org/W2898030901
https://openalex.org/W2898726313
https://openalex.org/W2899388139
https://openalex.org/W2904003967
https://openalex.org/W2905732178
https://openalex.org/W2906546825
https://openalex.org/W2909537151
https://openalex.org/W2911730721
https://openalex.org/W2912013313
https://openalex.org/W2912675377
https://openalex.org/W2912780848
https://openalex.org/W2914529321
https://openalex.org/W2914766239
https://openalex.org/W2921992506
https://openalex.org/W2925903928
https://openalex.org/W2940283493
https://openalex.org/W2942362164
https://openalex.org/W2948158975
https://openalex.org/W2948460876
https://openalex.org/W2948521989
https://openalex.org/W2948765392
https://openalex.org/W2948770654
https://openalex.org/W2957172798
https://openalex.org/W2958955275
https://openalex.org/W2964310134
https://openalex.org/W2967781528
https://openalex.org/W2969794432
https://openalex.org/W2975466014
https://openalex.org/W2978416789
https://openalex.org/W2980313815
https://openalex.org/W2981419481
https://openalex.org/W2983635170
https://openalex.org/W2994386087
https://openalex.org/W2995582714
https://openalex.org/W2996060270
https://openalex.org/W2996319805
https://openalex.org/W2997936656
https://openalex.org/W3005180203
https://openalex.org/W3029038369
https://openalex.org/W3029691784
https://openalex.org/W3030120079
https://openalex.org/W3030715410
https://openalex.org/W3032399691
https://openalex.org/W3042825481
https://openalex.org/W3044105137
https://openalex.org/W3089039811
https://openalex.org/W3091360771
https://openalex.org/W3095610194
https://openalex.org/W3100399594
https://openalex.org/W3104573986
https://openalex.org/W3105445386
https://openalex.org/W3107582789
https://openalex.org/W3116540979
https://openalex.org/W3166622477
https://openalex.org/W3167867764
https://openalex.org/W3173591078
https://openalex.org/W3188161115
https://openalex.org/W3195776117
https://openalex.org/W3196146005
https://openalex.org/W3196941705
https://openalex.org/W4235721689
https://openalex.org/W4239044735
https://openalex.org/W4240087188
https://openalex.org/W4242017043
https://openalex.org/W4242825856
https://openalex.org/W4243665535
https://openalex.org/W4246153111
https://openalex.org/W4247970086
https://openalex.org/W4248829148
https://openalex.org/W4255789644
https://openalex.org/W4256509291
https://openalex.org/W4288256527
https://openalex.org/W4288310131
https://openalex.org/W4289032602
https://openalex.org/W4390028253
https://openalex.org/W4394065681
https://openalex.org/W4394093253
https://openalex.org/W4394179869
https://openalex.org/W4394206506
https://openalex.org/W4394236122
https://openalex.org/W4394259417
https://openalex.org/W4394272739
https://openalex.org/W4394306565
https://openalex.org/W4394351448
https://openalex.org/W4394374222
https://openalex.org/W4394448641
https://openalex.org/W4394464949
https://openalex.org/W4394470680
https://openalex.org/W4394481605
https://openalex.org/W4394491219
https://openalex.org/W4394522926
https://openalex.org/W4394561137
https://openalex.org/W1614105076
https://openalex.org/W2041841010
https://openalex.org/W2127971267
https://openalex.org/W2326564518
https://openalex.org/W2395478320
https://openalex.org/W2397867277
https://openalex.org/W2404216911
https://openalex.org/W2408931872
https://openalex.org/W2416534516
https://openalex.org/W2418610511
https://openalex.org/W2444081933
https://openalex.org/W2465389001
https://openalex.org/W2478546785
https://openalex.org/W2512579440
https://openalex.org/W2576744169
https://openalex.org/W273126165
https://openalex.org/W2747581035
https://openalex.org/W3146834450
https://openalex.org/W4232858215
https://openalex.org/W4256473901
https://openalex.org/W83799205
https://openalex.org/W940825379
https://openalex.org/W1489354479
https://openalex.org/W2140118004
https://openalex.org/W2351190862
https://openalex.org/W2358894953
https://openalex.org/W2367966544
https://openalex.org/W2372328542
https://openalex.org/W2372530146
https://openalex.org/W2383122069
https://openalex.org/W2384824284
https://openalex.org/W2395676749
https://openalex.org/W2409512816
https://openalex.org/W2433720754
https://openalex.org/W2503905198
https://openalex.org/W2907939999
https://openalex.org/W2975446968
https://openalex.org/W2979057199
https://openalex.org/W2999456937
https://openalex.org/W3013706534
https://openalex.org/W3017127749
https://openalex.org/W3022864324
https://openalex.org/W3024748241
https://openalex.org/W3026238523
https://openalex.org/W3028537449
https://openalex.org/W3041015302
https://openalex.org/W3042149453
https://openalex.org/W3043921018
https://openalex.org/W3043950602
https://openalex.org/W3093517537
https://openalex.org/W3093709691
https://openalex.org/W3094276509
https://openalex.org/W3097077084
https://openalex.org/W3097871968
https://openalex.org/W3099720745
https://openalex.org/W3107538782
https://openalex.org/W3108149894
https://openalex.org/W3110522770
https://openalex.org/W3110564349
https://openalex.org/W3112417647
https://openalex.org/W3113798971
https://openalex.org/W3114910071
https://openalex.org/W3119777033
https://openalex.org/W3120244648
https://openalex.org/W3167563435
https://openalex.org/W3173809688
https://openalex.org/W3175359334
https://openalex.org/W3187398545
https://openalex.org/W3188878233
https://openalex.org/W3194919268
https://openalex.org/W3199227705
https://openalex.org/W3204246663
https://openalex.org/W3205705321
https://openalex.org/W3206523586
https://openalex.org/W3216915869
https://openalex.org/W38708070
https://openalex.org/W4205205080
https://openalex.org/W4234251339
https://openalex.org/W4236533316
https://openalex.org/W4238317689
https://openalex.org/W4238333242
https://openalex.org/W4241386170
https://openalex.org/W4244784014
https://openalex.org/W4249470525
https://openalex.org/W4252153878
https://openalex.org/W4254263058
https://openalex.org/W49093339
https://openalex.org/W755529899
https://openalex.org/W2098838661
https://openalex.org/W2410216706
https://openalex.org/W2414113118
https://openalex.org/W2419109215
https://openalex.org/W58943588
https://openalex.org/W1605727349
https://openalex.org/W1962907926
https://openalex.org/W2028839856
https://openalex.org/W2122940337
https://openalex.org/W2351952495
https://openalex.org/W2378765652
https://openalex.org/W2388087659
https://openalex.org/W2397425503
https://openalex.org/W2397758193
https://openalex.org/W2405762190
https://openalex.org/W2414817601
https://openalex.org/W2416269774
https://openalex.org/W2416363747
https://openalex.org/W2416403849
https://openalex.org/W2433573304
https://openalex.org/W2434922601
https://openalex.org/W2435220744
https://openalex.org/W2440859878
https://openalex.org/W2465970486
https://openalex.org/W2466829822
https://openalex.org/W2469876063
https://openalex.org/W2535435794
https://openalex.org/W2605225004
https://openalex.org/W2789767298
https://openalex.org/W2807474586
https://openalex.org/W3076094599
https://openalex.org/W3093616919
https://openalex.org/W3161384642
https://openalex.org/W4294717541
https://openalex.org/W2243853328
https://openalex.org/W2269270405
https://openalex.org/W2356057634
https://openalex.org/W236171519
https://openalex.org/W2368271674
https://openalex.org/W2400931131
https://openalex.org/W2405814838
https://openalex.org/W2409756177
https://openalex.org/W2409950457
https://openalex.org/W2414203417
https://openalex.org/W2414820621
https://openalex.org/W2417742826
https://openalex.org/W2421085189
https://openalex.org/W2432851331
https://openalex.org/W2517705908
https://openalex.org/W2952393476
https://openalex.org/W3023108803
https://openalex.org/W3119230264
https://openalex.org/W3128747318
https://openalex.org/W3132599227
https://openalex.org/W3136661548
https://openalex.org/W3138132287
https://openalex.org/W3138181532
https://openalex.org/W3141518557
https://openalex.org/W3152759752
https://openalex.org/W3153140734
https://openalex.org/W3154227438
https://openalex.org/W3154656724
https://openalex.org/W3155514461
https://openalex.org/W3164540917
https://openalex.org/W3165308583
https://openalex.org/W3176575293
https://openalex.org/W3178331740
https://openalex.org/W3185862429
https://openalex.org/W3187644389
https://openalex.org/W3189378600
https://openalex.org/W3190991818
https://openalex.org/W3194925720
https://openalex.org/W3195505479
https://openalex.org/W3199604927
https://openalex.org/W3209446764
https://openalex.org/W3210472637
https://openalex.org/W3213506321
https://openalex.org/W3214242011
https://openalex.org/W3214427136
https://openalex.org/W3214967521
https://openalex.org/W4205705795
https://openalex.org/W4205825496
https://openalex.org/W4206701993
https://openalex.org/W4206712777
https://openalex.org/W4229900520
https://openalex.org/W4235995117
https://openalex.org/W4238877066
https://openalex.org/W4240094249
https://openalex.org/W4241514784
https://openalex.org/W4243655746
https://openalex.org/W4248124282
https://openalex.org/W4249510826
https://openalex.org/W4285482144
https://openalex.org/W4285540131
https://openalex.org/W4312418051
https://openalex.org/W4322722688
https://openalex.org/W1516794145
https://openalex.org/W1964770999
https://openalex.org/W1998315092
https://openalex.org/W2113607928
https://openalex.org/W2380481828
https://openalex.org/W2381379525
https://openalex.org/W2410339514
https://openalex.org/W2412531093
https://openalex.org/W2418883629
https://openalex.org/W2427754300
https://openalex.org/W2438204587
https://openalex.org/W2462940299
https://openalex.org/W2600951613
https://openalex.org/W2620748934
https://openalex.org/W2734476222
https://openalex.org/W2771806739
https://openalex.org/W2791160482
https://openalex.org/W2808125707
https://openalex.org/W2976420787
https://openalex.org/W3183087093
https://openalex.org/W4255355320
https://openalex.org/W2409750943
https://openalex.org/W2410829647
https://openalex.org/W2411559366
https://openalex.org/W2414940350
https://openalex.org/W2417702775
https://openalex.org/W2419943038
https://openalex.org/W2424948036
https://openalex.org/W2489554853
https://openalex.org/W2502658372
https://openalex.org/W2951798963
https://openalex.org/W4240774852
https://openalex.org/W1587624105
https://openalex.org/W2241957873
https://openalex.org/W2319402041
https://openalex.org/W2327484120
https://openalex.org/W2329515547
https://openalex.org/W2356480766
https://openalex.org/W2382985943
https://openalex.org/W2392546901
https://openalex.org/W2407867009
https://openalex.org/W2409080087
https://openalex.org/W2411514892
https://openalex.org/W2415744712
https://openalex.org/W2419024365
https://openalex.org/W2427825356
https://openalex.org/W2441516206
https://openalex.org/W2443853333
https://openalex.org/W2460608509
https://openalex.org/W2464643256
https://openalex.org/W2761922669
https://openalex.org/W3167769654
https://openalex.org/W4237616132
https://openalex.org/W4252528281
https://openalex.org/W4255456164
https://openalex.org/W105707628
https://openalex.org/W1990373219
https://openalex.org/W1998421783
https://openalex.org/W2006269757
https://openalex.org/W2019120393
https://openalex.org/W2029022499
https://openalex.org/W2034844413
https://openalex.org/W2054636505
https://openalex.org/W2107081827
https://openalex.org/W2168438422
https://openalex.org/W2240795993
https://openalex.org/W2299041913
https://openalex.org/W2324053694
https://openalex.org/W2394618876
https://openalex.org/W2398639273
https://openalex.org/W2404947360
https://openalex.org/W2410571274
https://openalex.org/W2411485791
https://openalex.org/W2412251571
https://openalex.org/W2413513147
https://openalex.org/W2415303756
https://openalex.org/W2417252062
https://openalex.org/W2427380543
https://openalex.org/W2428354905
https://openalex.org/W2439836533
https://openalex.org/W2508704418
https://openalex.org/W2520262328
https://openalex.org/W2603785909
https://openalex.org/W2617325484
https://openalex.org/W2734088254
https://openalex.org/W2918027862
https://openalex.org/W3216031854
https://openalex.org/W35146547
https://openalex.org/W4231553492
https://openalex.org/W4241608743
https://openalex.org/W4246431327
https://openalex.org/W4249437914
https://openalex.org/W4250638292
https://openalex.org/W4300625481
https://openalex.org/W1541434154
https://openalex.org/W1625949903
https://openalex.org/W1973529991
https://openalex.org/W1986236998
https://openalex.org/W1999617851
https://openalex.org/W2002087885
https://openalex.org/W2016292058
https://openalex.org/W2064140651
https://openalex.org/W2065845348
https://openalex.org/W2089467371
https://openalex.org/W2234777615
https://openalex.org/W2242110661
https://openalex.org/W2247913034
https://openalex.org/W2247965029
https://openalex.org/W2325476053
https://openalex.org/W2396669493
https://openalex.org/W2397103797
https://openalex.org/W2401471098
https://openalex.org/W2403467552
https://openalex.org/W2405411526
https://openalex.org/W2408861601
https://openalex.org/W2409991666
https://openalex.org/W2419411155
https://openalex.org/W2433203444
https://openalex.org/W246841167
https://openalex.org/W2473605325
https://openalex.org/W2510955739
https://openalex.org/W2580018900
https://openalex.org/W2587037262
https://openalex.org/W2997271152
https://openalex.org/W3569306
https://openalex.org/W4235117747
https://openalex.org/W4245972209
https://openalex.org/W4247699820
https://openalex.org/W4250008397
https://openalex.org/W4301164748
https://openalex.org/W821981846
https://openalex.org/W130033626
https://openalex.org/W1976893256
https://openalex.org/W2026534942
https://openalex.org/W2035748083
https://openalex.org/W2049946715
https://openalex.org/W2055074540
https://openalex.org/W2072791079
https://openalex.org/W2077353147
https://openalex.org/W2079298858
https://openalex.org/W2083170100
https://openalex.org/W2160469264
https://openalex.org/W2165347193
https://openalex.org/W2235046339
https://openalex.org/W2247870793
https://openalex.org/W2287462446
https://openalex.org/W2309838212
https://openalex.org/W2340421275
https://openalex.org/W2345696079
https://openalex.org/W2399606783
https://openalex.org/W2399631507
https://openalex.org/W2399828650
https://openalex.org/W2403822034
https://openalex.org/W2404445619
https://openalex.org/W2406217292
https://openalex.org/W2406930812
https://openalex.org/W2407544454
https://openalex.org/W2407697536
https://openalex.org/W2409366410
https://openalex.org/W2409429693
https://openalex.org/W2409666821
https://openalex.org/W2410887128
https://openalex.org/W2411552880
https://openalex.org/W2411649828
https://openalex.org/W2413374013
https://openalex.org/W2413652809
https://openalex.org/W2414100427
https://openalex.org/W2415000933
https://openalex.org/W2417017666
https://openalex.org/W2417963753
https://openalex.org/W2419501368
https://openalex.org/W2432680352
https://openalex.org/W2443763529
https://openalex.org/W2463132416
https://openalex.org/W2472863009
https://openalex.org/W2481628822
https://openalex.org/W2485095973
https://openalex.org/W2486947919
https://openalex.org/W2491096134
https://openalex.org/W2494051112
https://openalex.org/W2498341832
https://openalex.org/W2500642859
https://openalex.org/W2501848018
https://openalex.org/W2519679899
https://openalex.org/W2521898248
https://openalex.org/W2572848169
https://openalex.org/W2577445338
https://openalex.org/W2730643198
https://openalex.org/W2784513561
https://openalex.org/W2790238385
https://openalex.org/W2791884233
https://openalex.org/W2951189069
https://openalex.org/W3009902036
https://openalex.org/W3136237614
https://openalex.org/W3143727588
https://openalex.org/W41749257
https://openalex.org/W4234271454
https://openalex.org/W4290241587
https://openalex.org/W4300949681
https://openalex.org/W71574355
https://openalex.org/W75505350
https://openalex.org/W2888589263
https://openalex.org/W2138209376
https://openalex.org/W2125914602
https://openalex.org/W2017539496
https://openalex.org/W2147584524
https://openalex.org/W2144238512
https://openalex.org/W2144120465
https://openalex.org/W2102015915
https://openalex.org/W2063998910
https://openalex.org/W2143691602
https://openalex.org/W2191948661
https://openalex.org/W2110849186
https://openalex.org/W3110989801
https://openalex.org/W2045071699
https://openalex.org/W2134790395
https://openalex.org/W2521064640
https://openalex.org/W1968872259
https://openalex.org/W4292321564
https://openalex.org/W2089151341
https://openalex.org/W2056868286
https://openalex.org/W2009344769
https://openalex.org/W2067409920
https://openalex.org/W2135326848
https://openalex.org/W2002221873
https://openalex.org/W2037673368
https://openalex.org/W2066976786
https://openalex.org/W2070011883
https://openalex.org/W2900841156
https://openalex.org/W2291145446
https://openalex.org/W2134756264
https://openalex.org/W2097189035
https://openalex.org/W2073614919
https://openalex.org/W2041191366
https://openalex.org/W2108249447
https://openalex.org/W3187158005
https://openalex.org/W2108271440
https://openalex.org/W2160040847
https://openalex.org/W2028928948
https://openalex.org/W2047367002
https://openalex.org/W2039035553
https://openalex.org/W2121350645
https://openalex.org/W2048035535
https://openalex.org/W2150472476
https://openalex.org/W2569851844
https://openalex.org/W2033429308
https://openalex.org/W2942579201
https://openalex.org/W1482099685
https://openalex.org/W2154463976
https://openalex.org/W2060322845
https://openalex.org/W2106769310
https://openalex.org/W3093929720
https://openalex.org/W2990530541
https://openalex.org/W2078450309
https://openalex.org/W2963200898
https://openalex.org/W2151434420
https://openalex.org/W2048550577
https://openalex.org/W2775421175
https://openalex.org/W2775223600
https://openalex.org/W2152359249
https://openalex.org/W2124380402
https://openalex.org/W2081225059
https://openalex.org/W2127606189
https://openalex.org/W2149297795
https://openalex.org/W2100142648
https://openalex.org/W2102386542
https://openalex.org/W2102050507
https://openalex.org/W3144235332
https://openalex.org/W2057414544
https://openalex.org/W836613751
https://openalex.org/W2808704363
https://openalex.org/W2020804368
https://openalex.org/W1969481767
https://openalex.org/W2078352566
https://openalex.org/W1997036878
https://openalex.org/W2888394889
https://openalex.org/W2169886853
https://openalex.org/W2608932662
https://openalex.org/W1980587680
https://openalex.org/W2804961103
https://openalex.org/W2406520110
https://openalex.org/W2060411911
https://openalex.org/W2894600652
https://openalex.org/W2423934342
https://openalex.org/W3105827742
https://openalex.org/W2585667310
https://openalex.org/W2070744197
https://openalex.org/W2427888171
https://openalex.org/W2345183688
https://openalex.org/W2024817366
https://openalex.org/W2030840013
https://openalex.org/W2133255594
https://openalex.org/W2588253314
https://openalex.org/W2969318529
https://openalex.org/W2540838358
https://openalex.org/W3010109240
https://openalex.org/W4322576964
https://openalex.org/W3128254715
https://openalex.org/W2926598434
https://openalex.org/W2319812433
https://openalex.org/W2963655570
https://openalex.org/W2943197097
https://openalex.org/W2793421058
https://openalex.org/W2937445771
https://openalex.org/W3103408716
https://openalex.org/W3044817033
https://openalex.org/W2938540058
https://openalex.org/W3040954058
https://openalex.org/W3120342094
https://openalex.org/W2999576067
https://openalex.org/W3042427819
https://openalex.org/W3084434894
https://openalex.org/W3202237317
https://openalex.org/W3126892878
https://openalex.org/W4212889502
https://openalex.org/W4284959092
https://openalex.org/W4282032534
https://openalex.org/W4288067953
https://openalex.org/W4287890958
https://openalex.org/W4323896650
https://openalex.org/W4318071492
https://openalex.org/W4387526312
https://openalex.org/W1968641413
https://openalex.org/W2100275023
https://openalex.org/W2105190386
https://openalex.org/W2050453561
https://openalex.org/W2155494286
https://openalex.org/W1977740509
https://openalex.org/W2029849251
https://openalex.org/W2003004599
https://openalex.org/W1989115606
https://openalex.org/W4251235716
https://openalex.org/W2131351052
https://openalex.org/W2050515781
https://openalex.org/W2027466240
https://openalex.org/W2153759221
https://openalex.org/W1968209580
https://openalex.org/W2128319000
https://openalex.org/W1964888880
https://openalex.org/W2093250897
https://openalex.org/W2040362471
https://openalex.org/W2125440793
https://openalex.org/W2154946487
https://openalex.org/W2161199533
https://openalex.org/W1992281996
https://openalex.org/W1527976882
https://openalex.org/W2069087338
https://openalex.org/W2140865595
https://openalex.org/W2006754735
https://openalex.org/W1966316797
https://openalex.org/W1986429061
https://openalex.org/W1979423397
https://openalex.org/W2012707130
https://openalex.org/W2091723996
https://openalex.org/W165714740
https://openalex.org/W2124225813
https://openalex.org/W1994403582
https://openalex.org/W2146181034
https://openalex.org/W1513073529
https://openalex.org/W2019138823
https://openalex.org/W2112433102
https://openalex.org/W2145201731
https://openalex.org/W2112589323
https://openalex.org/W2131048655
https://openalex.org/W2112987407
https://openalex.org/W2111891691
https://openalex.org/W2070681150
https://openalex.org/W2043436878
https://openalex.org/W2079004458
https://openalex.org/W2006521565
https://openalex.org/W2063830101
https://openalex.org/W2344354482
https://openalex.org/W2126059022
https://openalex.org/W2214549672
https://openalex.org/W4234515873
https://openalex.org/W2000752062
https://openalex.org/W2098745241
https://openalex.org/W2189783830
https://openalex.org/W2092353007
https://openalex.org/W2041528569
https://openalex.org/W2143553410
https://openalex.org/W2074556143
https://openalex.org/W1995586381
https://openalex.org/W2407490484
https://openalex.org/W2149055528
https://openalex.org/W2049091194
https://openalex.org/W1913932992
https://openalex.org/W2003145631
https://openalex.org/W2797268362
https://openalex.org/W2588571271
https://openalex.org/W2339719483
https://openalex.org/W2011991135
https://openalex.org/W2105164237
https://openalex.org/W2322578512
https://openalex.org/W1970591254
https://openalex.org/W1769788808
https://openalex.org/W2549114029
https://openalex.org/W2736124012
https://openalex.org/W2136685344
https://openalex.org/W2793524782
https://openalex.org/W2153966451
https://openalex.org/W2344555256
https://openalex.org/W3097573154
https://openalex.org/W2147030358
https://openalex.org/W2887937982
https://openalex.org/W3033845731
https://openalex.org/W3081825208
https://openalex.org/W3085827647
https://openalex.org/W2091452473
https://openalex.org/W1468408920
https://openalex.org/W1824516519
https://openalex.org/W2004992298
https://openalex.org/W2612291509
https://openalex.org/W2973007128
https://openalex.org/W2796615962
https://openalex.org/W2903744452
https://openalex.org/W2921604001
https://openalex.org/W2156412854
https://openalex.org/W2921104505
https://openalex.org/W4238154726
https://openalex.org/W1964018993
https://openalex.org/W2894866963
https://openalex.org/W2765408594
https://openalex.org/W3034224445
https://openalex.org/W2903749698
https://openalex.org/W3027202286
https://openalex.org/W2155926566
https://openalex.org/W2784005571
https://openalex.org/W2102741940
https://openalex.org/W2363606877
https://openalex.org/W2596282637
https://openalex.org/W1964161043
https://openalex.org/W2339404802
https://openalex.org/W2483246679
https://openalex.org/W2606418819
https://openalex.org/W2944959421
https://openalex.org/W2766050799
https://openalex.org/W2956334136
https://openalex.org/W2225082313
https://openalex.org/W2516085597
https://openalex.org/W2613353268
https://openalex.org/W2600936327
https://openalex.org/W2765932345
https://openalex.org/W2263607208
https://openalex.org/W2289889277
https://openalex.org/W2777547807
https://openalex.org/W3080856920
https://openalex.org/W3198021869
https://openalex.org/W3111167358
https://openalex.org/W2902157096
https://openalex.org/W2965180421
https://openalex.org/W3035515411
https://openalex.org/W3043996617
https://openalex.org/W3013353193
https://openalex.org/W3155110107
https://openalex.org/W3096710626
https://openalex.org/W3122904431
https://openalex.org/W3175219873
https://openalex.org/W3128610352
https://openalex.org/W4213108265
https://openalex.org/W4220769658
https://openalex.org/W4281942098
https://openalex.org/W4289169653
https://openalex.org/W3157204555
https://openalex.org/W4210282154
https://openalex.org/W4294619395
https://openalex.org/W4313812423
https://openalex.org/W4310011037
https://openalex.org/W4386272236
https://openalex.org/W4296437445
https://openalex.org/W4311649012
https://openalex.org/W4320495226
https://openalex.org/W4205222287
https://openalex.org/W4226445360
https://openalex.org/W4302024881
https://openalex.org/W4317987894
https://openalex.org/W4312831134
https://openalex.org/W4388774810
https://openalex.org/W2007750258
https://openalex.org/W2171480330
https://openalex.org/W2087110921
https://openalex.org/W1972202718
https://openalex.org/W2047371494
https://openalex.org/W2052351505
https://openalex.org/W2158108714
https://openalex.org/W2092285562
https://openalex.org/W2112759994
https://openalex.org/W2172083868
https://openalex.org/W2118324366
https://openalex.org/W2098979038
https://openalex.org/W82570989
https://openalex.org/W2059356307
https://openalex.org/W2118657913
https://openalex.org/W2098601724
https://openalex.org/W2008640987
https://openalex.org/W2020245024
https://openalex.org/W2322702925
https://openalex.org/W2092295293
https://openalex.org/W2066545137
https://openalex.org/W2038348121
https://openalex.org/W1984784940
https://openalex.org/W2102224088
https://openalex.org/W2143981446
https://openalex.org/W1532578950
https://openalex.org/W2151186541
https://openalex.org/W2029605802
https://openalex.org/W2081736048
https://openalex.org/W2014285456
https://openalex.org/W2115430937
https://openalex.org/W2136424765
https://openalex.org/W1587402437
https://openalex.org/W2068598655
https://openalex.org/W2014787876
https://openalex.org/W2158956067
https://openalex.org/W2140713776
https://openalex.org/W1870338903
https://openalex.org/W2315663936
https://openalex.org/W2321939776
https://openalex.org/W2136160528
https://openalex.org/W2135881964
https://openalex.org/W2152193146
https://openalex.org/W2162537593
https://openalex.org/W1983622732
https://openalex.org/W2086442030
https://openalex.org/W2321954163
https://openalex.org/W1992913963
https://openalex.org/W2049415752
https://openalex.org/W2294053964
https://openalex.org/W1954182805
https://openalex.org/W2170899275
https://openalex.org/W2252982083
https://openalex.org/W2065942384
https://openalex.org/W2073986982
https://openalex.org/W1577940963
https://openalex.org/W1893911798
https://openalex.org/W2463424791
https://openalex.org/W2792381759
https://openalex.org/W3104655865
https://openalex.org/W2726176521
https://openalex.org/W2763154718
https://openalex.org/W1921106298
https://openalex.org/W2097306370
https://openalex.org/W1998990651
https://openalex.org/W2885317262
https://openalex.org/W2766360672
https://openalex.org/W2050874614
https://openalex.org/W2805974611
https://openalex.org/W2974325953
https://openalex.org/W2946995037
https://openalex.org/W2910382866
https://openalex.org/W2513309188
https://openalex.org/W2557712094
https://openalex.org/W2795530085
https://openalex.org/W2791773463
https://openalex.org/W1493039724
https://openalex.org/W2520708667
https://openalex.org/W2758471358
https://openalex.org/W2895198460
https://openalex.org/W2888108833
https://openalex.org/W2901669121
https://openalex.org/W2475768353
https://openalex.org/W2944486263
https://openalex.org/W2971366822
https://openalex.org/W3000606468
https://openalex.org/W2975323748
https://openalex.org/W2981512540
https://openalex.org/W2907308363
https://openalex.org/W3100526910
https://openalex.org/W3084134403
https://openalex.org/W3093202690
https://openalex.org/W3089392505
https://openalex.org/W2913295129
https://openalex.org/W3198307707
https://openalex.org/W3171598884
https://openalex.org/W3157683794
https://openalex.org/W3210651618
https://openalex.org/W4214844518
https://openalex.org/W4292018550
https://openalex.org/W4225939429
https://openalex.org/W4282945578
https://openalex.org/W4312058840
https://openalex.org/W4379141347
https://openalex.org/W4320485706
https://openalex.org/W4385128361
https://openalex.org/W4365143199
https://openalex.org/W4385152200
https://openalex.org/W4386736936
https://openalex.org/W4389833712
https://openalex.org/W4391346188
https://openalex.org/W4394811150
https://openalex.org/W1970824787
https://openalex.org/W2138844333
https://openalex.org/W2014216245
https://openalex.org/W2106387328
https://openalex.org/W1981086348
https://openalex.org/W2131801195
https://openalex.org/W2170474645
https://openalex.org/W2105530733
https://openalex.org/W2133054734
https://openalex.org/W2167842273
https://openalex.org/W1973919642
https://openalex.org/W2152626534
https://openalex.org/W2009425158
https://openalex.org/W2099005279
https://openalex.org/W1991048675
https://openalex.org/W2098415495
https://openalex.org/W2114241853
https://openalex.org/W2158470795
https://openalex.org/W2143015319
https://openalex.org/W2167172098
https://openalex.org/W2011508181
https://openalex.org/W1980571994
https://openalex.org/W2022542112
https://openalex.org/W2042680992
https://openalex.org/W2104429681
https://openalex.org/W1630147022
https://openalex.org/W2149854013
https://openalex.org/W1995559997
https://openalex.org/W2016154477
https://openalex.org/W2146541561
https://openalex.org/W4255817199
https://openalex.org/W2153216846
https://openalex.org/W2548213552
https://openalex.org/W2006928004
https://openalex.org/W2061100698
https://openalex.org/W2165061358
https://openalex.org/W2097653053
https://openalex.org/W2132852202
https://openalex.org/W2064601504
https://openalex.org/W2039621878
https://openalex.org/W2061439256
https://openalex.org/W1128527019
https://openalex.org/W1920839594
https://openalex.org/W3100169780
https://openalex.org/W1999852574
https://openalex.org/W2623797014
https://openalex.org/W2140413377
https://openalex.org/W2291923208
https://openalex.org/W2550348418
https://openalex.org/W1999557202
https://openalex.org/W2103636079
https://openalex.org/W2609136282
https://openalex.org/W2804675788
https://openalex.org/W2136924994
https://openalex.org/W2336546580
https://openalex.org/W2263344506
https://openalex.org/W2536963233
https://openalex.org/W2598303084
https://openalex.org/W2827477857
https://openalex.org/W1486782252
https://openalex.org/W2615428808
https://openalex.org/W2797227322
https://openalex.org/W2317934819
https://openalex.org/W2897286948
https://openalex.org/W2625042505
https://openalex.org/W2767603353
https://openalex.org/W2414463182
https://openalex.org/W2604912126
https://openalex.org/W2616629779
https://openalex.org/W2913605782
https://openalex.org/W2919914035
https://openalex.org/W2943944283
https://openalex.org/W2789252604
https://openalex.org/W2461374492
https://openalex.org/W3001698320
https://openalex.org/W2922147258
https://openalex.org/W3027617501
https://openalex.org/W3092114277
https://openalex.org/W2990601196
https://openalex.org/W3021384991
https://openalex.org/W3161871230
https://openalex.org/W3203337422
https://openalex.org/W3191492677
https://openalex.org/W3154938748
https://openalex.org/W4200113870
https://openalex.org/W3202699980
https://openalex.org/W3115368252
https://openalex.org/W4220962861
https://openalex.org/W4295309184
https://openalex.org/W3203990294
https://openalex.org/W4292608658
https://openalex.org/W4312406976
https://openalex.org/W4367281752
https://openalex.org/W4312986535
https://openalex.org/W4313151519
https://openalex.org/W4322764279
https://openalex.org/W4327975688
https://openalex.org/W4360584674
https://openalex.org/W4387798680
https://openalex.org/W2050541052
https://openalex.org/W1971912052
https://openalex.org/W2066827720
https://openalex.org/W2075983350
https://openalex.org/W2093577525
https://openalex.org/W2112178421
https://openalex.org/W2021377784
https://openalex.org/W2146730064
https://openalex.org/W2122464772
https://openalex.org/W4230133086
https://openalex.org/W4238758240
https://openalex.org/W1996367807
https://openalex.org/W1994711947
https://openalex.org/W2100573845
https://openalex.org/W2108177605
https://openalex.org/W2065960542
https://openalex.org/W2118902193
https://openalex.org/W2002005828
https://openalex.org/W2131558013
https://openalex.org/W2166095414
https://openalex.org/W2302426137
https://openalex.org/W2141800451
https://openalex.org/W1522999851
https://openalex.org/W1992049881
https://openalex.org/W1992888627
https://openalex.org/W2098289471
https://openalex.org/W1973924370
https://openalex.org/W2166686026
https://openalex.org/W2168701456
https://openalex.org/W2165110098
https://openalex.org/W2039201715
https://openalex.org/W2060356473
https://openalex.org/W2128065742
https://openalex.org/W1971418509
https://openalex.org/W2106230667
https://openalex.org/W2006843613
https://openalex.org/W2613397438
https://openalex.org/W2016785206
https://openalex.org/W2056656483
https://openalex.org/W2403702035
https://openalex.org/W2560088717
https://openalex.org/W2020309416
https://openalex.org/W2465036384
https://openalex.org/W2520771073
https://openalex.org/W2610009137
https://openalex.org/W2890587597
https://openalex.org/W2050665136
https://openalex.org/W2175021547
https://openalex.org/W2730181477
https://openalex.org/W2746821948
https://openalex.org/W2895389215
https://openalex.org/W2897102188
https://openalex.org/W2913033960
https://openalex.org/W2513628535
https://openalex.org/W2595146733
https://openalex.org/W2524337807
https://openalex.org/W2605341665
https://openalex.org/W2766806286
https://openalex.org/W2807019814
https://openalex.org/W2808886980
https://openalex.org/W2946362159
https://openalex.org/W2986678710
https://openalex.org/W2909214811
https://openalex.org/W2939794740
https://openalex.org/W2898525384
https://openalex.org/W2921838790
https://openalex.org/W2989121127
https://openalex.org/W3123581284
https://openalex.org/W3193794610
https://openalex.org/W3210004928
https://openalex.org/W3164944640
https://openalex.org/W3123490382
https://openalex.org/W3116767519
https://openalex.org/W3207743193
https://openalex.org/W4226066796
https://openalex.org/W4295087959
https://openalex.org/W4280531933
https://openalex.org/W4205635481
https://openalex.org/W4207045391
https://openalex.org/W4210613466
https://openalex.org/W4304191933
https://openalex.org/W4312051502
https://openalex.org/W4312653686
https://openalex.org/W4362662557
https://openalex.org/W4362736283
https://openalex.org/W4381162190
https://openalex.org/W4386027529
https://openalex.org/W2037679837
https://openalex.org/W2082965419
https://openalex.org/W2033439209
https://openalex.org/W2108397204
https://openalex.org/W2036707049
https://openalex.org/W2040512244
https://openalex.org/W2066728116
https://openalex.org/W2462157218
https://openalex.org/W2317910270
https://openalex.org/W2152933084
https://openalex.org/W2005869327
https://openalex.org/W2090775633
https://openalex.org/W2155735612
https://openalex.org/W2014518717
https://openalex.org/W2026824779
https://openalex.org/W2172091825
https://openalex.org/W2113212942
https://openalex.org/W2131302053
https://openalex.org/W2165544387
https://openalex.org/W2060940148
https://openalex.org/W2329053744
https://openalex.org/W2091013376
https://openalex.org/W1580246132
https://openalex.org/W1968614258
https://openalex.org/W1976206034
https://openalex.org/W2035370567
https://openalex.org/W1973397012
https://openalex.org/W1977440567
https://openalex.org/W2017921758
https://openalex.org/W2032496521
https://openalex.org/W2057676177
https://openalex.org/W2059137883
https://openalex.org/W2088534306
https://openalex.org/W2091542566
https://openalex.org/W2131476324
https://openalex.org/W2054363905
https://openalex.org/W2146477591
https://openalex.org/W3106035365
https://openalex.org/W2440494362
https://openalex.org/W2110965354
https://openalex.org/W2219372198
https://openalex.org/W2223090804
https://openalex.org/W2568408353
https://openalex.org/W2740142352
https://openalex.org/W2078929730
https://openalex.org/W2085771080
https://openalex.org/W2096452928
https://openalex.org/W2327511993
https://openalex.org/W2468603093
https://openalex.org/W2131138615
https://openalex.org/W2746961825
https://openalex.org/W2397723376
https://openalex.org/W2738070174
https://openalex.org/W2761603399
https://openalex.org/W2838955424
https://openalex.org/W2884361170
https://openalex.org/W2775062332
https://openalex.org/W2790917774
https://openalex.org/W2793166271
https://openalex.org/W2965060429
https://openalex.org/W2966406320
https://openalex.org/W4238452431
https://openalex.org/W2479664152
https://openalex.org/W2811293098
https://openalex.org/W2984852541
https://openalex.org/W2951135870
https://openalex.org/W2979793599
https://openalex.org/W3041266518
https://openalex.org/W3012345794
https://openalex.org/W3033789406
https://openalex.org/W3045898412
https://openalex.org/W3111717876
https://openalex.org/W3168346427
https://openalex.org/W3156958620
https://openalex.org/W3163038971
https://openalex.org/W3203701277
https://openalex.org/W4206632820
https://openalex.org/W4283645179
https://openalex.org/W4309438512
https://openalex.org/W4385320613
https://openalex.org/W4385665864
https://openalex.org/W1557317938
https://openalex.org/W1982470594
https://openalex.org/W2059462920
https://openalex.org/W2022865925
https://openalex.org/W2096715969
https://openalex.org/W1550786580
https://openalex.org/W2120690178
https://openalex.org/W97076668
https://openalex.org/W1967092026
https://openalex.org/W2042661015
https://openalex.org/W2000206648
https://openalex.org/W2022973936
https://openalex.org/W2111067144
https://openalex.org/W2150651488
https://openalex.org/W1999808361
https://openalex.org/W2112627014
https://openalex.org/W1992580816
https://openalex.org/W2123162227
https://openalex.org/W2017681878
https://openalex.org/W2155259964
https://openalex.org/W1598666727
https://openalex.org/W1974443530
https://openalex.org/W2063421559
https://openalex.org/W1543430239
https://openalex.org/W2132219294
https://openalex.org/W2056365561
https://openalex.org/W2158147700
https://openalex.org/W2137223941
https://openalex.org/W2145577340
https://openalex.org/W2157550240
https://openalex.org/W1976808847
https://openalex.org/W2050957074
https://openalex.org/W2124790029
https://openalex.org/W2036123648
https://openalex.org/W2146287236
https://openalex.org/W2316384684
https://openalex.org/W1529806806
https://openalex.org/W2054106034
https://openalex.org/W2417388889
https://openalex.org/W2473374858
https://openalex.org/W2787602774
https://openalex.org/W1961768347
https://openalex.org/W2373543256
https://openalex.org/W2507182452
https://openalex.org/W2532511383
https://openalex.org/W2752014577
https://openalex.org/W2779165941
https://openalex.org/W2607491555
https://openalex.org/W2796030146
https://openalex.org/W2895401521
https://openalex.org/W2973516093
https://openalex.org/W2538270984
https://openalex.org/W2894276188
https://openalex.org/W2911749034
https://openalex.org/W2958152913
https://openalex.org/W2907560303
https://openalex.org/W2920441607
https://openalex.org/W2946348183
https://openalex.org/W2965646537
https://openalex.org/W2974461076
https://openalex.org/W3003828187
https://openalex.org/W3011466574
https://openalex.org/W3015495346
https://openalex.org/W3010464648
https://openalex.org/W3128980572
https://openalex.org/W3136726630
https://openalex.org/W3165970728
https://openalex.org/W4210452300
https://openalex.org/W4298124603
https://openalex.org/W4311856228
https://openalex.org/W3196169259
https://openalex.org/W4281683024
https://openalex.org/W4284696882
https://openalex.org/W4313648637
https://openalex.org/W4318689306
https://openalex.org/W4322741894
https://openalex.org/W4362506853
https://openalex.org/W4365814374
https://openalex.org/W4366697174
https://openalex.org/W4391801013
https://openalex.org/W1971967489
https://openalex.org/W2017524063
https://openalex.org/W2157272576
https://openalex.org/W3495622
https://openalex.org/W2025774160
https://openalex.org/W2103993136
https://openalex.org/W2069677409
https://openalex.org/W2135772310
https://openalex.org/W2002062425
https://openalex.org/W2061740938
https://openalex.org/W2111184339
https://openalex.org/W1740864638
https://openalex.org/W2009218699
https://openalex.org/W2083253924
https://openalex.org/W2015838461
https://openalex.org/W1974318812
https://openalex.org/W2039496939
https://openalex.org/W2096341478
https://openalex.org/W2052931656
https://openalex.org/W2037998427
https://openalex.org/W2099939757
https://openalex.org/W2128837528
https://openalex.org/W2020969030
https://openalex.org/W1971725711
https://openalex.org/W2137113078
https://openalex.org/W1950398721
https://openalex.org/W2016318970
https://openalex.org/W2108814372
https://openalex.org/W2145992342
https://openalex.org/W2151760444
https://openalex.org/W2336157936
https://openalex.org/W3148734173
https://openalex.org/W1985413913
https://openalex.org/W2323318744
https://openalex.org/W2578649818
https://openalex.org/W2605771525
https://openalex.org/W2738012583
https://openalex.org/W2738466668
https://openalex.org/W1897276143
https://openalex.org/W1897702882
https://openalex.org/W1901705185
https://openalex.org/W2519320986
https://openalex.org/W2587753106
https://openalex.org/W2768491603
https://openalex.org/W2774914946
https://openalex.org/W2786272228
https://openalex.org/W2790858583
https://openalex.org/W2342851736
https://openalex.org/W2346631453
https://openalex.org/W2552847359
https://openalex.org/W2613007376
https://openalex.org/W2742355050
https://openalex.org/W2764059530
https://openalex.org/W2798771103
https://openalex.org/W3022166166
https://openalex.org/W1814569968
https://openalex.org/W2444392772
https://openalex.org/W2548919989
https://openalex.org/W2793024718
https://openalex.org/W2888271782
https://openalex.org/W2896191366
https://openalex.org/W2946413624
https://openalex.org/W2988665926
https://openalex.org/W2922816166
https://openalex.org/W2934140716
https://openalex.org/W2943713942
https://openalex.org/W2950106597
https://openalex.org/W3012318925
https://openalex.org/W3045597443
https://openalex.org/W3017520899
https://openalex.org/W3094941856
https://openalex.org/W3104132694
https://openalex.org/W3108474335
https://openalex.org/W3004580530
https://openalex.org/W3030620929
https://openalex.org/W3094170160
https://openalex.org/W3134500686
https://openalex.org/W3142396671
https://openalex.org/W3172885044
https://openalex.org/W3193497992
https://openalex.org/W3092230901
https://openalex.org/W3104862103
https://openalex.org/W3114366553
https://openalex.org/W3134291098
https://openalex.org/W3134360394
https://openalex.org/W3157897556
https://openalex.org/W3166903857
https://openalex.org/W3184567216
https://openalex.org/W3215389231
https://openalex.org/W4226391550
https://openalex.org/W4206611935
https://openalex.org/W4283760477
https://openalex.org/W4309745355
https://openalex.org/W4388754269
https://openalex.org/W4389328296
https://openalex.org/W4389375573
https://openalex.org/W4389593609
https://openalex.org/W4390357600
https://openalex.org/W4390479431
https://openalex.org/W4390529003
https://openalex.org/W4390686876
https://openalex.org/W4390722924
https://openalex.org/W4390724087
https://openalex.org/W4390956006
https://openalex.org/W4391013156
https://openalex.org/W4391054206
https://openalex.org/W4391070056
https://openalex.org/W4391140764
https://openalex.org/W4391171372
https://openalex.org/W4391259922
https://openalex.org/W4391268372
https://openalex.org/W4391330354
https://openalex.org/W4391360033
https://openalex.org/W4391402163
https://openalex.org/W4391467973
https://openalex.org/W4391482029
https://openalex.org/W4391566552
https://openalex.org/W4391629673
https://openalex.org/W4391638812
https://openalex.org/W4391650937
https://openalex.org/W4391691379
https://openalex.org/W4391694066
https://openalex.org/W4391756400
https://openalex.org/W4391791473
https://openalex.org/W4391800817
https://openalex.org/W4391822384
https://openalex.org/W4391932445
https://openalex.org/W4391941794
https://openalex.org/W4391960447
https://openalex.org/W4391988323
https://openalex.org/W4392131313
https://openalex.org/W4392185470
https://openalex.org/W4392543907
https://openalex.org/W4392565443
https://openalex.org/W4392607828
https://openalex.org/W4392633872
https://openalex.org/W4392633989
https://openalex.org/W4392644013
https://openalex.org/W4392688308
https://openalex.org/W4392851807
https://openalex.org/W4392851855
https://openalex.org/W4392851856
https://openalex.org/W4392851886
https://openalex.org/W4392852078
https://openalex.org/W4392867190
https://openalex.org/W4392896474
https://openalex.org/W4392904339
https://openalex.org/W4392918367
https://openalex.org/W4392946458
https://openalex.org/W4392958785
https://openalex.org/W4393003962
https://openalex.org/W4393065029
https://openalex.org/W4393170764
https://openalex.org/W4393213355
https://openalex.org/W4393276138
https://openalex.org/W4393315532
https://openalex.org/W4393372321
https://openalex.org/W4393376470
https://openalex.org/W4393415373
https://openalex.org/W4393419074
https://openalex.org/W4393736297
https://openalex.org/W4393877319
https://openalex.org/W4394009937
https://openalex.org/W4394696948
https://openalex.org/W4394744873
https://openalex.org/W4394745096
https://openalex.org/W4394769639
https://openalex.org/W4394798868
https://openalex.org/W4394807436
https://openalex.org/W4394828170
https://openalex.org/W4395469234
https://openalex.org/W4395470855
https://openalex.org/W4395481659
https://openalex.org/W4395662221
https://openalex.org/W4395662408
https://openalex.org/W4395662650
https://openalex.org/W4395662660
https://openalex.org/W4395955136
https://openalex.org/W4396507862
https://openalex.org/W4396533196
https://openalex.org/W2116999917
https://openalex.org/W2122060501
https://openalex.org/W2078995962
https://openalex.org/W4232455928
https://openalex.org/W2000287561
https://openalex.org/W2076139687
https://openalex.org/W2110264624
https://openalex.org/W2159130712
https://openalex.org/W2128341946
https://openalex.org/W2131896427
https://openalex.org/W2078259311
https://openalex.org/W2127220916
https://openalex.org/W2065276461
https://openalex.org/W2070540063
https://openalex.org/W2374851502
https://openalex.org/W2009911524
https://openalex.org/W2418980968
https://openalex.org/W1981530104
https://openalex.org/W2060357911
https://openalex.org/W1963997458
https://openalex.org/W2089982293
https://openalex.org/W2113259097
https://openalex.org/W2066514852
https://openalex.org/W2069682525
https://openalex.org/W1977665604
https://openalex.org/W1986151301
https://openalex.org/W2052861833
https://openalex.org/W2613991392
https://openalex.org/W1937137332
https://openalex.org/W1967440836
https://openalex.org/W1992090552
https://openalex.org/W2012178001
https://openalex.org/W2171508811
https://openalex.org/W1479775986
https://openalex.org/W1844241564
https://openalex.org/W2137208052
https://openalex.org/W2150924371
https://openalex.org/W2324011637
https://openalex.org/W2532139902
https://openalex.org/W1536164334
https://openalex.org/W2018852493
https://openalex.org/W2025783080
https://openalex.org/W2063161644
https://openalex.org/W2618461145
https://openalex.org/W2777809201
https://openalex.org/W1991714738
https://openalex.org/W2064985052
https://openalex.org/W2139795751
https://openalex.org/W2332210086
https://openalex.org/W2612302538
https://openalex.org/W2758204732
https://openalex.org/W2904167049
https://openalex.org/W2180419553
https://openalex.org/W2301371291
https://openalex.org/W2345048204
https://openalex.org/W2415586956
https://openalex.org/W2463722692
https://openalex.org/W2504407607
https://openalex.org/W2518322511
https://openalex.org/W2538421327
https://openalex.org/W2902683983
https://openalex.org/W2954502154
https://openalex.org/W2954747211
https://openalex.org/W2979774980
https://openalex.org/W2986989874
https://openalex.org/W3005658935
https://openalex.org/W2324700445
https://openalex.org/W2435757986
https://openalex.org/W2517613448
https://openalex.org/W2559402894
https://openalex.org/W2600701399
https://openalex.org/W2922971240
https://openalex.org/W2941035118
https://openalex.org/W2965684117
https://openalex.org/W2969117827
https://openalex.org/W2906226529
https://openalex.org/W2969488606
https://openalex.org/W2955291943
https://openalex.org/W3128371586
https://openalex.org/W3133848735
https://openalex.org/W3197915908
https://openalex.org/W4282578765
https://openalex.org/W4313291130
https://openalex.org/W4313491485
https://openalex.org/W4317617553
https://openalex.org/W4318200284
https://openalex.org/W4319072703
https://openalex.org/W4319992735
https://openalex.org/W4323534502
https://openalex.org/W4361019409
https://openalex.org/W4366000472
https://openalex.org/W4379796286
https://openalex.org/W4381415592
https://openalex.org/W4383484263
https://openalex.org/W4384036078
https://openalex.org/W4385515589
https://openalex.org/W4386358236
https://openalex.org/W4386578417
https://openalex.org/W4388163057
https://openalex.org/W4388420742
https://openalex.org/W4389179812
https://openalex.org/W2027973623
https://openalex.org/W2037489921
https://openalex.org/W1750620001
https://openalex.org/W1974102358
https://openalex.org/W2029800933
https://openalex.org/W2076895783
https://openalex.org/W2053404586
https://openalex.org/W2128089277
https://openalex.org/W2152880215
https://openalex.org/W4239433685
https://openalex.org/W1553222558
https://openalex.org/W2119896917
https://openalex.org/W1990359844
https://openalex.org/W2053797283
https://openalex.org/W1964482082
https://openalex.org/W2051897854
https://openalex.org/W2013592309
https://openalex.org/W2019231319
https://openalex.org/W2019905611
https://openalex.org/W2102077823
https://openalex.org/W1481619107
https://openalex.org/W1997876486
https://openalex.org/W2100408612
https://openalex.org/W62131091
https://openalex.org/W2138938174
https://openalex.org/W2900909367
https://openalex.org/W1483695693
https://openalex.org/W1588355715
https://openalex.org/W1904966147
https://openalex.org/W1997237695
https://openalex.org/W2032590647
https://openalex.org/W2080813689
https://openalex.org/W1965836225
https://openalex.org/W2600392767
https://openalex.org/W2790021828
https://openalex.org/W2793188804
https://openalex.org/W2808887856
https://openalex.org/W2889937485
https://openalex.org/W2916067097
https://openalex.org/W2952099029
https://openalex.org/W1748891524
https://openalex.org/W2060211056
https://openalex.org/W2260713748
https://openalex.org/W2497850750
https://openalex.org/W2725251797
https://openalex.org/W2740742034
https://openalex.org/W2756517222
https://openalex.org/W2768188142
https://openalex.org/W2793328976
https://openalex.org/W2793839230
https://openalex.org/W2794427535
https://openalex.org/W2917234142
https://openalex.org/W2920228030
https://openalex.org/W2283094264
https://openalex.org/W2327448141
https://openalex.org/W2468054876
https://openalex.org/W2474016024
https://openalex.org/W2511543107
https://openalex.org/W2583802404
https://openalex.org/W2920005564
https://openalex.org/W2942579252
https://openalex.org/W2962242502
https://openalex.org/W3009353691
https://openalex.org/W3011734012
https://openalex.org/W3024681383
https://openalex.org/W3034593795
https://openalex.org/W2949351526
https://openalex.org/W2950283263
https://openalex.org/W3005926183
https://openalex.org/W3024201832
https://openalex.org/W3034262768
https://openalex.org/W3036859627
https://openalex.org/W3119071074
https://openalex.org/W3130207540
https://openalex.org/W3154539897
https://openalex.org/W3186600784
https://openalex.org/W3194641932
https://openalex.org/W3209507897
https://openalex.org/W4206394929
https://openalex.org/W4220780826
https://openalex.org/W4220829664
https://openalex.org/W4223894152
https://openalex.org/W4224323635
https://openalex.org/W4291910546
https://openalex.org/W4294168492
https://openalex.org/W4296708615
https://openalex.org/W2109719462
https://openalex.org/W1938004526
https://openalex.org/W2044564254
https://openalex.org/W2076381702
https://openalex.org/W2120906463
https://openalex.org/W1979466308
https://openalex.org/W1912488326
https://openalex.org/W2162364349
https://openalex.org/W1542211866
https://openalex.org/W2123595661
https://openalex.org/W2077053607
https://openalex.org/W1986150525
https://openalex.org/W2005977001
https://openalex.org/W2169962631
https://openalex.org/W1967624913
https://openalex.org/W2159736211
https://openalex.org/W1975107658
https://openalex.org/W2041148358
https://openalex.org/W1965178723
https://openalex.org/W1971766955
https://openalex.org/W2019364733
https://openalex.org/W2033907721
https://openalex.org/W2042997070
https://openalex.org/W2118042679
https://openalex.org/W2131734666
https://openalex.org/W2161959816
https://openalex.org/W2162655635
https://openalex.org/W67722406
https://openalex.org/W1591471682
https://openalex.org/W2059130272
https://openalex.org/W2159115596
https://openalex.org/W2168010397
https://openalex.org/W2547352372
https://openalex.org/W2582983194
https://openalex.org/W2783694452
https://openalex.org/W2795622342
https://openalex.org/W2795732808
https://openalex.org/W2884188098
https://openalex.org/W2896201817
https://openalex.org/W1882662348
https://openalex.org/W2054602838
https://openalex.org/W2325393883
https://openalex.org/W2464648219
https://openalex.org/W2594788097
https://openalex.org/W2604770728
https://openalex.org/W2604819240
https://openalex.org/W2733934550
https://openalex.org/W2746067685
https://openalex.org/W2786801392
https://openalex.org/W2793175620
https://openalex.org/W2884841279
https://openalex.org/W2888178300
https://openalex.org/W2903336294
https://openalex.org/W2925237940
https://openalex.org/W4288864335
https://openalex.org/W2520210499
https://openalex.org/W2953984356
https://openalex.org/W2968149305
https://openalex.org/W4288403776
https://openalex.org/W3007575030
https://openalex.org/W3010444760
https://openalex.org/W3010675013
https://openalex.org/W3016738170
https://openalex.org/W3046103159
https://openalex.org/W3114073149
https://openalex.org/W3115199761
https://openalex.org/W3127182918
https://openalex.org/W3136938154
https://openalex.org/W3161259528
https://openalex.org/W3164914788
https://openalex.org/W3186671772
https://openalex.org/W4213056400
https://openalex.org/W4225257910
https://openalex.org/W4280585526
https://openalex.org/W4290694930
https://openalex.org/W4297474379
https://openalex.org/W4297496715
https://openalex.org/W4308060957
https://openalex.org/W2038294812
https://openalex.org/W210256573
https://openalex.org/W2157390946
https://openalex.org/W2002177426
https://openalex.org/W1971812044
https://openalex.org/W2005229401
https://openalex.org/W2026023544
https://openalex.org/W2240484171
https://openalex.org/W2081963393
https://openalex.org/W2161516481
https://openalex.org/W2012742080
https://openalex.org/W2159052231
https://openalex.org/W2117496181
https://openalex.org/W2003833630
https://openalex.org/W2007075140
https://openalex.org/W2102278529
https://openalex.org/W1965703348
https://openalex.org/W1985501467
https://openalex.org/W2020213256
https://openalex.org/W2031599643
https://openalex.org/W2036846352
https://openalex.org/W2133703111
https://openalex.org/W2002805310
https://openalex.org/W2014289471
https://openalex.org/W2067873443
https://openalex.org/W2130456863
https://openalex.org/W2146399555
https://openalex.org/W2157270392
https://openalex.org/W2195502837
https://openalex.org/W2559923372
https://openalex.org/W2572459501
https://openalex.org/W2595124176
https://openalex.org/W2769249243
https://openalex.org/W2770132559
https://openalex.org/W2803597661
https://openalex.org/W2804418223
https://openalex.org/W2810644666
https://openalex.org/W2884159541
https://openalex.org/W2885519429
https://openalex.org/W98891229
https://openalex.org/W2020470740
https://openalex.org/W2346537368
https://openalex.org/W2485239672
https://openalex.org/W2563335080
https://openalex.org/W2614847211
https://openalex.org/W2740617123
https://openalex.org/W2800972257
https://openalex.org/W2888893446
https://openalex.org/W2894098785
https://openalex.org/W2898906871
https://openalex.org/W2900270078
https://openalex.org/W2907408869
https://openalex.org/W2922420583
https://openalex.org/W2950046574
https://openalex.org/W2232314966
https://openalex.org/W2285200645
https://openalex.org/W2411125742
https://openalex.org/W2412300941
https://openalex.org/W2529796394
https://openalex.org/W2539022657
https://openalex.org/W2563117584
https://openalex.org/W3009237196
https://openalex.org/W3011057852
https://openalex.org/W3023727192
https://openalex.org/W3042333297
https://openalex.org/W2891116143
https://openalex.org/W2984064741
https://openalex.org/W3004291580
https://openalex.org/W3018670401
https://openalex.org/W3032731263
https://openalex.org/W3036623449
https://openalex.org/W2067866414
https://openalex.org/W2088677241
https://openalex.org/W2398419078
https://openalex.org/W2018108029
https://openalex.org/W1817773973
https://openalex.org/W2036805349
https://openalex.org/W2113270289
https://openalex.org/W2159419576
https://openalex.org/W2162103629
https://openalex.org/W1897980476
https://openalex.org/W2070063310
https://openalex.org/W4298031780
https://openalex.org/W2096945864
https://openalex.org/W2121721023
https://openalex.org/W2161679984
https://openalex.org/W132330102
https://openalex.org/W2312879777
https://openalex.org/W1143284667
https://openalex.org/W1215257228
https://openalex.org/W1842606664
https://openalex.org/W1974630621
https://openalex.org/W1983859775
https://openalex.org/W2089128233
https://openalex.org/W2100254799
https://openalex.org/W2117195289
https://openalex.org/W2123389215
https://openalex.org/W2130379404
https://openalex.org/W2154141093
https://openalex.org/W2253213194
https://openalex.org/W2321328120
https://openalex.org/W2408886199
https://openalex.org/W2547322409
https://openalex.org/W2614838214
https://openalex.org/W2724260423
https://openalex.org/W2757287310
https://openalex.org/W2773372872
https://openalex.org/W2808260125
https://openalex.org/W2883002436
https://openalex.org/W2885563884
https://openalex.org/W2896070811
https://openalex.org/W2899558561
https://openalex.org/W2950276756
https://openalex.org/W2963358606
https://openalex.org/W2983334469
https://openalex.org/W2986847885
https://openalex.org/W2989935113
https://openalex.org/W2995315749
https://openalex.org/W2122916696
https://openalex.org/W2147325158
https://openalex.org/W2151793617
https://openalex.org/W2221070055
https://openalex.org/W2293806013
https://openalex.org/W2312681736
https://openalex.org/W2414558163
https://openalex.org/W2516269435
https://openalex.org/W2549295167
https://openalex.org/W2924923585
https://openalex.org/W2944299132
https://openalex.org/W2983718656
https://openalex.org/W2984455572
https://openalex.org/W3041859432
https://openalex.org/W3043579057
https://openalex.org/W3091622587
https://openalex.org/W3091788579
https://openalex.org/W3092434617
https://openalex.org/W3098094164
https://openalex.org/W3107819169
https://openalex.org/W3116439903
https://openalex.org/W3177224133
https://openalex.org/W3111654124
https://openalex.org/W3159339753
https://openalex.org/W3195303673
https://openalex.org/W3204996969
https://openalex.org/W4205154630
https://openalex.org/W4220783048
https://openalex.org/W4223525878
https://openalex.org/W4223618478
https://openalex.org/W4225165244
https://openalex.org/W4226193233
https://openalex.org/W4281286117
https://openalex.org/W4285739819
https://openalex.org/W4286544442
https://openalex.org/W4296173389
https://openalex.org/W4306393602
https://openalex.org/W4309947058
https://openalex.org/W4313649396
https://openalex.org/W4315473054
https://openalex.org/W4318200101
https://openalex.org/W4318689656
https://openalex.org/W4319067178
https://openalex.org/W4319452238
https://openalex.org/W4321021695
https://openalex.org/W4323925252
https://openalex.org/W4327807836
https://openalex.org/W4360898076
https://openalex.org/W4362539375
https://openalex.org/W4362567096
https://openalex.org/W4364302370
https://openalex.org/W4364861445
https://openalex.org/W4375809862
https://openalex.org/W4376466684
https://openalex.org/W4376480846
https://openalex.org/W4376619792
https://openalex.org/W4379877576
https://openalex.org/W4381165008
https://openalex.org/W4382405343
https://openalex.org/W4382894277
https://openalex.org/W4383186879
https://openalex.org/W4385064106
https://openalex.org/W4386025761
https://openalex.org/W4386086248
https://openalex.org/W4386110929
https://openalex.org/W4386131915
https://openalex.org/W4386447076
https://openalex.org/W4386695468
https://openalex.org/W4387266116
https://openalex.org/W4387807705
https://openalex.org/W4388086564
https://openalex.org/W4388723205
https://openalex.org/W4389640072
https://openalex.org/W4390273071
https://openalex.org/W1982361630
https://openalex.org/W2419141754
https://openalex.org/W2162751693
https://openalex.org/W40175070
https://openalex.org/W44411588
https://openalex.org/W1969079142
https://openalex.org/W2082006746
https://openalex.org/W2138548125
https://openalex.org/W2163676765
https://openalex.org/W4237649850
https://openalex.org/W1979786326
https://openalex.org/W1993045730
https://openalex.org/W2148345416
https://openalex.org/W2261948937
https://openalex.org/W2088167686
https://openalex.org/W2012794821
https://openalex.org/W1991547338
https://openalex.org/W2077816011
https://openalex.org/W2153931282
https://openalex.org/W2019002070
https://openalex.org/W2132407774
https://openalex.org/W2143810071
https://openalex.org/W2157858962
https://openalex.org/W1875629775
https://openalex.org/W2101394924
https://openalex.org/W1138323
https://openalex.org/W1975715806
https://openalex.org/W2005194416
https://openalex.org/W2113864140
https://openalex.org/W2558349257
https://openalex.org/W2577786635
https://openalex.org/W2592669171
https://openalex.org/W2626040818
https://openalex.org/W2766601233
https://openalex.org/W2775778439
https://openalex.org/W2789310718
https://openalex.org/W2796197086
https://openalex.org/W2809206190
https://openalex.org/W2884005924
https://openalex.org/W2899705671
https://openalex.org/W4241393275
https://openalex.org/W1497082636
https://openalex.org/W1621475621
https://openalex.org/W1857478112
https://openalex.org/W1984778431
https://openalex.org/W2010340876
https://openalex.org/W2313974903
https://openalex.org/W2340482373
https://openalex.org/W2341718110
https://openalex.org/W2412288330
https://openalex.org/W2500224956
https://openalex.org/W2567472798
https://openalex.org/W2768354918
https://openalex.org/W2961581667
https://openalex.org/W2981428725
https://openalex.org/W4241873088
https://openalex.org/W1979356457
https://openalex.org/W2049007498
https://openalex.org/W2034507570
https://openalex.org/W1964174606
https://openalex.org/W2004584712
https://openalex.org/W2072683598
https://openalex.org/W2033997005
https://openalex.org/W2038122363
https://openalex.org/W2611895609
https://openalex.org/W2013571416
https://openalex.org/W2041756926
https://openalex.org/W2085114372
https://openalex.org/W2169241137
https://openalex.org/W2135146085
https://openalex.org/W1967176711
https://openalex.org/W2002654058
https://openalex.org/W2006039079
https://openalex.org/W2027289286
https://openalex.org/W2055814481
https://openalex.org/W2150467435
https://openalex.org/W2603664346
https://openalex.org/W2789920807
https://openalex.org/W2790052249
https://openalex.org/W2802786653
https://openalex.org/W2896831916
https://openalex.org/W2900757228
https://openalex.org/W2901756749
https://openalex.org/W1549268977
https://openalex.org/W1964606275
https://openalex.org/W1968157168
https://openalex.org/W1999767219
https://openalex.org/W2040744399
https://openalex.org/W2043450349
https://openalex.org/W2070847782
https://openalex.org/W2123309187
https://openalex.org/W2284478538
https://openalex.org/W2417117085
https://openalex.org/W2473199209
https://openalex.org/W2497503883
https://openalex.org/W2517913343
https://openalex.org/W2595485065
https://openalex.org/W2786242172
https://openalex.org/W2907370313
https://openalex.org/W2972690186
https://openalex.org/W2982425241
https://openalex.org/W3001956939
https://openalex.org/W3026304613
https://openalex.org/W3027118451
https://openalex.org/W3046910878
https://openalex.org/W4245609186
https://openalex.org/W2529064709
https://openalex.org/W3084504096
https://openalex.org/W3158448806
https://openalex.org/W3212011382
https://openalex.org/W4200078133
https://openalex.org/W4226512827
https://openalex.org/W4256301725
https://openalex.org/W1989359376
https://openalex.org/W2174912041
https://openalex.org/W1980509404
https://openalex.org/W2110759016
https://openalex.org/W2135893569
https://openalex.org/W4318470637
https://openalex.org/W1997220508
https://openalex.org/W2060295322
https://openalex.org/W2076178102
https://openalex.org/W2144295045
https://openalex.org/W2014617946
https://openalex.org/W2053715632
https://openalex.org/W2167364300
https://openalex.org/W1580280914
https://openalex.org/W2147602657
https://openalex.org/W2109797181
https://openalex.org/W2468901396
https://openalex.org/W3122117440
https://openalex.org/W1517801640
https://openalex.org/W1527870454
https://openalex.org/W2002945877
https://openalex.org/W2021937580
https://openalex.org/W2023006133
https://openalex.org/W2051506652
https://openalex.org/W2798086801
https://openalex.org/W2804780439
https://openalex.org/W2808128616
https://openalex.org/W2962964863
https://openalex.org/W1974614901
https://openalex.org/W1982475354
https://openalex.org/W2032874953
https://openalex.org/W2077382220
https://openalex.org/W2083005505
https://openalex.org/W2091743795
https://openalex.org/W2097381477
https://openalex.org/W2108133396
https://openalex.org/W2315220251
https://openalex.org/W2317416130
https://openalex.org/W2330988538
https://openalex.org/W2395575359
https://openalex.org/W2407262385
https://openalex.org/W2408146588
https://openalex.org/W2416190091
https://openalex.org/W2470440641
https://openalex.org/W2526864140
https://openalex.org/W2571580386
https://openalex.org/W2587086771
https://openalex.org/W2602591635
https://openalex.org/W2613474948
https://openalex.org/W2616262661
https://openalex.org/W2740387811
https://openalex.org/W2796330399
https://openalex.org/W2934274807
https://openalex.org/W2950419524
https://openalex.org/W2963360077
https://openalex.org/W2978543807
https://openalex.org/W2981230849
https://openalex.org/W2985375033
https://openalex.org/W3021493378
https://openalex.org/W3037733732
https://openalex.org/W3045784760
https://openalex.org/W3046731221
https://openalex.org/W3105721773
https://openalex.org/W3096373203
https://openalex.org/W3105311214
https://openalex.org/W3127807811
https://openalex.org/W3136345153
https://openalex.org/W3147869151
https://openalex.org/W3158929891
https://openalex.org/W3173689817
https://openalex.org/W3193621008
https://openalex.org/W4210477453
https://openalex.org/W3212040536
https://openalex.org/W4210924388
https://openalex.org/W4212800918
https://openalex.org/W4224330678
https://openalex.org/W4225007794
https://openalex.org/W4280642679
https://openalex.org/W4285084760
https://openalex.org/W4285388948
https://openalex.org/W4285813835
https://openalex.org/W4290996465
https://openalex.org/W4292299644
https://openalex.org/W4293057810
https://openalex.org/W4294225437
https://openalex.org/W4296964455
https://openalex.org/W4297149762
https://openalex.org/W4297911930
https://openalex.org/W4303710106
https://openalex.org/W4309100066
https://openalex.org/W4309753393
https://openalex.org/W1663626435
https://openalex.org/W1966331756
https://openalex.org/W2058042735
https://openalex.org/W2050114953
https://openalex.org/W2171370157
https://openalex.org/W2047468140
https://openalex.org/W2071299226
https://openalex.org/W2020158408
https://openalex.org/W2029156107
https://openalex.org/W1994457704
https://openalex.org/W2112909015
https://openalex.org/W4231779621
https://openalex.org/W2087071588
https://openalex.org/W2795050644
https://openalex.org/W2797809115
https://openalex.org/W2901752053
https://openalex.org/W1100340934
https://openalex.org/W1854921167
https://openalex.org/W2016695023
https://openalex.org/W2050033250
https://openalex.org/W2056972651
https://openalex.org/W2091252623
https://openalex.org/W2131156731
https://openalex.org/W2211443306
https://openalex.org/W2263795203
https://openalex.org/W2295970591
https://openalex.org/W2340002625
https://openalex.org/W2421839702
https://openalex.org/W2532300362
https://openalex.org/W2591094500
https://openalex.org/W2596801032
https://openalex.org/W3010153679
https://openalex.org/W3016757997
https://openalex.org/W3017740548
https://openalex.org/W3026795384
https://openalex.org/W3039470246
https://openalex.org/W3039510243
https://openalex.org/W3046466686
https://openalex.org/W3095395195
https://openalex.org/W2213651232
https://openalex.org/W2023005602
https://openalex.org/W2063317566
https://openalex.org/W2000990585
https://openalex.org/W1536338370
https://openalex.org/W2135772173
https://openalex.org/W2143462851
https://openalex.org/W2023630006
https://openalex.org/W2054071105
https://openalex.org/W2065518953
https://openalex.org/W2142914118
https://openalex.org/W1566957604
https://openalex.org/W2016618091
https://openalex.org/W2077617062
https://openalex.org/W2087727978
https://openalex.org/W2461561270
https://openalex.org/W2625855226
https://openalex.org/W2763740233
https://openalex.org/W2777776219
https://openalex.org/W2800664174
https://openalex.org/W2808429195
https://openalex.org/W2809349669
https://openalex.org/W2889162505
https://openalex.org/W2898377359
https://openalex.org/W2907548211
https://openalex.org/W2938686268
https://openalex.org/W2990220394
https://openalex.org/W4231822951
https://openalex.org/W198701347
https://openalex.org/W2049729582
https://openalex.org/W2400653372
https://openalex.org/W2559918450
https://openalex.org/W2745405072
https://openalex.org/W2898810219
https://openalex.org/W3136876817
https://openalex.org/W3164984974
https://openalex.org/W3184180866
https://openalex.org/W3196187400
https://openalex.org/W3200126137
https://openalex.org/W3205360674
https://openalex.org/W3209688588
https://openalex.org/W4200124334
https://openalex.org/W4200524366
https://openalex.org/W897940630
https://openalex.org/W2040116285
https://openalex.org/W2049916382
https://openalex.org/W2056567503
https://openalex.org/W2273646856
https://openalex.org/W2406262871
https://openalex.org/W3012647713
https://openalex.org/W2004743452
https://openalex.org/W2007394752
https://openalex.org/W2018864479
https://openalex.org/W7848927
https://openalex.org/W2026815046
https://openalex.org/W2043867592
https://openalex.org/W4238360367
https://openalex.org/W2121361866
https://openalex.org/W2423491920
https://openalex.org/W2047544711
https://openalex.org/W2069413181
https://openalex.org/W2132070040
https://openalex.org/W13323225
https://openalex.org/W165700856
https://openalex.org/W2001252785
https://openalex.org/W2003923355
https://openalex.org/W2042424796
https://openalex.org/W2126385290
https://openalex.org/W2148473733
https://openalex.org/W2149257462
https://openalex.org/W2579351344
https://openalex.org/W2610974334
https://openalex.org/W2735814768
https://openalex.org/W2755677194
https://openalex.org/W2774901371
https://openalex.org/W2782658281
https://openalex.org/W2789769839
https://openalex.org/W2790291365
https://openalex.org/W2794685307
https://openalex.org/W2794962941
https://openalex.org/W2796039266
https://openalex.org/W2807581836
https://openalex.org/W2886359795
https://openalex.org/W2914532661
https://openalex.org/W2928297434
https://openalex.org/W2941099202
https://openalex.org/W2950407367
https://openalex.org/W2951044779
https://openalex.org/W2980433082
https://openalex.org/W2981926141
https://openalex.org/W3004447081
https://openalex.org/W3005890631
https://openalex.org/W3018340293
https://openalex.org/W3137114657
https://openalex.org/W4237992933
https://openalex.org/W2092399609
https://openalex.org/W2130949346
https://openalex.org/W2159578402
https://openalex.org/W2211614505
https://openalex.org/W2235665198
https://openalex.org/W2315840275
https://openalex.org/W2333343492
https://openalex.org/W2413592642
https://openalex.org/W2489313842
https://openalex.org/W2553830031
https://openalex.org/W639486556
https://openalex.org/W2428072453
https://openalex.org/W4205909766
https://openalex.org/W4210676986
https://openalex.org/W4220768982
https://openalex.org/W4220976702
https://openalex.org/W4224213434
https://openalex.org/W4226203237
https://openalex.org/W4226402314
https://openalex.org/W4283574488
https://openalex.org/W4285727069
https://openalex.org/W4290999029
https://openalex.org/W4292283808
https://openalex.org/W4293094854
https://openalex.org/W4293095046
https://openalex.org/W4293095078
https://openalex.org/W4293095100
https://openalex.org/W4297459871
https://openalex.org/W4297911903
https://openalex.org/W4312285911
https://openalex.org/W1979848562
https://openalex.org/W1978675074
https://openalex.org/W1996917088
https://openalex.org/W2046810055
https://openalex.org/W2072101888
https://openalex.org/W2412172150
https://openalex.org/W2046828850
https://openalex.org/W1602681897
https://openalex.org/W1972704404
https://openalex.org/W2519058256
https://openalex.org/W1967324511
https://openalex.org/W1999288230
https://openalex.org/W2058909219
https://openalex.org/W2278431148
https://openalex.org/W2477334387
https://openalex.org/W2053637427
https://openalex.org/W162259112
https://openalex.org/W2008486441
https://openalex.org/W2016232473
https://openalex.org/W2047106261
https://openalex.org/W2107101970
https://openalex.org/W1985009188
https://openalex.org/W1990447770
https://openalex.org/W2051258019
https://openalex.org/W2089876812
https://openalex.org/W2103326149
https://openalex.org/W2122246890
https://openalex.org/W2134676764
https://openalex.org/W2135465033
https://openalex.org/W2244231464
https://openalex.org/W2437214072
https://openalex.org/W2486629466
https://openalex.org/W3158188556
https://openalex.org/W1969350027
https://openalex.org/W2025238554
https://openalex.org/W2161945468
https://openalex.org/W2409953878
https://openalex.org/W2410394491
https://openalex.org/W2409133716
https://openalex.org/W45573804
https://openalex.org/W2414172775
https://openalex.org/W2465700402
https://openalex.org/W2079862897
https://openalex.org/W2098814953
https://openalex.org/W2419200639
https://openalex.org/W1548224571
https://openalex.org/W2013016606
https://openalex.org/W2024386237
https://openalex.org/W2104518743
https://openalex.org/W2160718313
https://openalex.org/W2161494232
https://openalex.org/W2200138519
https://openalex.org/W2609632502
https://openalex.org/W2621225305
https://openalex.org/W2749528516
https://openalex.org/W2755691610
https://openalex.org/W2756386492
https://openalex.org/W2768983705
https://openalex.org/W2769582282
https://openalex.org/W2775617218
https://openalex.org/W2789282358
https://openalex.org/W2790914563
https://openalex.org/W2796622486
https://openalex.org/W2803926825
https://openalex.org/W2804446034
https://openalex.org/W2888482467
https://openalex.org/W2893850522
https://openalex.org/W2914726097
https://openalex.org/W2948766602
https://openalex.org/W2962202950
https://openalex.org/W2978172259
https://openalex.org/W2981111669
https://openalex.org/W2995728990
https://openalex.org/W3015271113
https://openalex.org/W3034195601
https://openalex.org/W3036506672
https://openalex.org/W3049391844
https://openalex.org/W3090865577
https://openalex.org/W3097909243
https://openalex.org/W3114492306
https://openalex.org/W3121869824
https://openalex.org/W3161923240
https://openalex.org/W3175464094
https://openalex.org/W3195896879
https://openalex.org/W3205830883
https://openalex.org/W4200302555
https://openalex.org/W4205336258
https://openalex.org/W4226040348
https://openalex.org/W4287375808
https://openalex.org/W2472552359
https://openalex.org/W2521381894
https://openalex.org/W2537705314
https://openalex.org/W2584477695
https://openalex.org/W2752068036
https://openalex.org/W1987977929
https://openalex.org/W2009671905
https://openalex.org/W203113659
https://openalex.org/W2045263042
https://openalex.org/W2414865654
https://openalex.org/W2415217624
https://openalex.org/W2460203226
https://openalex.org/W2098516567
https://openalex.org/W86764299
https://openalex.org/W2036578551
https://openalex.org/W2387483403
https://openalex.org/W2033753463
https://openalex.org/W2038332235
https://openalex.org/W2051012611
https://openalex.org/W2168180637
https://openalex.org/W2168915953
https://openalex.org/W2327616377
https://openalex.org/W2357140572
https://openalex.org/W1643402347
https://openalex.org/W1969230340
https://openalex.org/W1977705543
https://openalex.org/W1989102600
https://openalex.org/W1991774179
https://openalex.org/W2015236393
https://openalex.org/W2063522920
https://openalex.org/W2075079698
https://openalex.org/W2081474385
https://openalex.org/W2117812875
https://openalex.org/W2130719929
https://openalex.org/W2156978351
https://openalex.org/W2161042525
https://openalex.org/W2321147438
https://openalex.org/W2403355353
https://openalex.org/W2405177271
https://openalex.org/W2566917512
https://openalex.org/W2396484647
https://openalex.org/W2442456543
https://openalex.org/W2796323417
https://openalex.org/W2799748841
https://openalex.org/W4297989447
https://openalex.org/W4310905550
https://openalex.org/W4311146537
https://openalex.org/W4313519961
https://openalex.org/W4315705948
https://openalex.org/W4316810175
https://openalex.org/W4316829923
https://openalex.org/W4318261815
https://openalex.org/W4318261936
https://openalex.org/W4319263657
https://openalex.org/W4319345295
https://openalex.org/W4320009083
https://openalex.org/W4321163983
https://openalex.org/W4321605256
https://openalex.org/W4322216933
https://openalex.org/W4322617149
https://openalex.org/W4322738346
https://openalex.org/W4322760177
https://openalex.org/W4323294101
https://openalex.org/W4324140662
https://openalex.org/W4324301563
https://openalex.org/W4324320383
https://openalex.org/W4327521949
https://openalex.org/W4360616375
https://openalex.org/W4360861710
https://openalex.org/W4361240484
https://openalex.org/W4361240889
https://openalex.org/W4361241669
https://openalex.org/W4361244035
https://openalex.org/W4361246171
https://openalex.org/W4361248934
https://openalex.org/W4361249028
https://openalex.org/W4361249062
https://openalex.org/W4361249096
https://openalex.org/W4361261061
https://openalex.org/W4361261077
https://openalex.org/W4361262464
https://openalex.org/W4361264861
https://openalex.org/W4361804634
https://openalex.org/W4361879659
https://openalex.org/W4361880226
https://openalex.org/W4361900826
https://openalex.org/W4361901246
https://openalex.org/W4361942636
https://openalex.org/W4361943558
https://openalex.org/W4361948253
https://openalex.org/W4361949035
https://openalex.org/W4361971470
https://openalex.org/W4362426146
https://openalex.org/W4362509386
https://openalex.org/W4362598051
https://openalex.org/W4362673932
https://openalex.org/W4365460626
https://openalex.org/W4367022977
https://openalex.org/W4368367200
https://openalex.org/W4376254633
https://openalex.org/W4376270364
https://openalex.org/W4376464586
https://openalex.org/W4376480616
https://openalex.org/W4376480637
https://openalex.org/W4376480688
https://openalex.org/W4376875104
https://openalex.org/W4377043111
https://openalex.org/W4379033820
https://openalex.org/W4379054555
https://openalex.org/W4379163534
https://openalex.org/W4379796117
https://openalex.org/W4379806269
https://openalex.org/W4379930567
https://openalex.org/W4379931128
https://openalex.org/W4379931444
https://openalex.org/W4379983280
https://openalex.org/W4380904476
https://openalex.org/W4381056854
https://openalex.org/W4381747775
https://openalex.org/W4381826991
https://openalex.org/W4383824656
https://openalex.org/W4383899953
https://openalex.org/W4384627066
https://openalex.org/W4384915226
https://openalex.org/W4385078871
https://openalex.org/W4385156231
https://openalex.org/W4385187405
https://openalex.org/W4385230926
https://openalex.org/W4385453409
https://openalex.org/W4385459302
https://openalex.org/W4385602925
https://openalex.org/W4385679794
https://openalex.org/W4385686447
https://openalex.org/W4385741166
https://openalex.org/W4385766631
https://openalex.org/W4385784107
https://openalex.org/W4385801390
https://openalex.org/W4385801603
https://openalex.org/W4385804803
https://openalex.org/W4385804844
https://openalex.org/W4385805182
https://openalex.org/W4385952710
https://openalex.org/W4386026940
https://openalex.org/W4386131966
https://openalex.org/W4386225971
https://openalex.org/W4386249282
https://openalex.org/W4386379329
https://openalex.org/W4386419314
https://openalex.org/W4386446902
https://openalex.org/W4386447144
https://openalex.org/W4386447145
https://openalex.org/W4386447162
https://openalex.org/W4386450040
https://openalex.org/W4386450118
https://openalex.org/W4386450134
https://openalex.org/W4386488518
https://openalex.org/W4386531183
https://openalex.org/W4386542506
https://openalex.org/W4386598363
https://openalex.org/W4386741252
https://openalex.org/W4386883734
https://openalex.org/W4386929117
https://openalex.org/W4387136244
https://openalex.org/W4387146709
https://openalex.org/W4387159969
https://openalex.org/W4387297399
https://openalex.org/W4387315559
https://openalex.org/W4387318713
https://openalex.org/W4387380659
https://openalex.org/W4387392647
https://openalex.org/W4387460228
https://openalex.org/W4387472356
https://openalex.org/W4387516044
https://openalex.org/W4387669596
https://openalex.org/W4387670042
https://openalex.org/W4387703772
https://openalex.org/W4387729329
https://openalex.org/W4387790002
https://openalex.org/W4387799674
https://openalex.org/W4387811419
https://openalex.org/W4387812954
https://openalex.org/W4387826796
https://openalex.org/W4387870578
https://openalex.org/W4387902800
https://openalex.org/W4387948912
https://openalex.org/W4387949451
https://openalex.org/W4387955358
https://openalex.org/W4388077338
https://openalex.org/W4388104693
https://openalex.org/W4388482409
https://openalex.org/W4388532408
https://openalex.org/W4388622401
https://openalex.org/W4388650750
https://openalex.org/W4388694936
https://openalex.org/W4388702945
https://openalex.org/W4388826395
https://openalex.org/W4388983854
https://openalex.org/W4389115643
https://openalex.org/W4389156946
https://openalex.org/W4389156966
https://openalex.org/W4389279854
https://openalex.org/W4389325991
https://openalex.org/W4389326028
https://openalex.org/W4389362512
https://openalex.org/W4389527064
https://openalex.org/W4389544555
https://openalex.org/W4389738034
https://openalex.org/W4389742092
https://openalex.org/W4389766926
https://openalex.org/W4389799403
https://openalex.org/W4389939391
https://openalex.org/W4390264315
https://openalex.org/W4390412233
https://openalex.org/W4391149168
https://openalex.org/W4391496523
https://openalex.org/W4391496525
https://openalex.org/W4391663539
https://openalex.org/W4391742761
https://openalex.org/W4391742770
https://openalex.org/W4391743045
https://openalex.org/W4391743144
https://openalex.org/W4392175440
https://openalex.org/W4392175471
https://openalex.org/W4393063074
https://openalex.org/W4394184776
https://openalex.org/W4394345016
https://openalex.org/W2016008002
https://openalex.org/W2146672392
https://openalex.org/W2437701108
https://openalex.org/W2129549327
https://openalex.org/W1989100242
https://openalex.org/W1784116914
https://openalex.org/W2474881670
https://openalex.org/W2579490667
https://openalex.org/W2602003089
https://openalex.org/W2607974133
https://openalex.org/W2623557687
https://openalex.org/W2743684324
https://openalex.org/W2754960973
https://openalex.org/W2755237848
https://openalex.org/W2774836838
https://openalex.org/W2795579940
https://openalex.org/W2795768668
https://openalex.org/W2796184086
https://openalex.org/W2924047666
https://openalex.org/W2410913058
https://openalex.org/W1978011025
https://openalex.org/W2074728463
https://openalex.org/W2051495824
https://openalex.org/W2066705426
https://openalex.org/W2411000016
https://openalex.org/W37144694
https://openalex.org/W4298016083
https://openalex.org/W2052933725
https://openalex.org/W2097747822
https://openalex.org/W2162603258
https://openalex.org/W2590426463
https://openalex.org/W2614225722
https://openalex.org/W2770909137
https://openalex.org/W279306486
https://openalex.org/W2806004998
https://openalex.org/W2883778427
https://openalex.org/W2892948672
https://openalex.org/W2902546040
https://openalex.org/W2930565462
https://openalex.org/W2942729174
https://openalex.org/W2962917926
https://openalex.org/W2964239239
https://openalex.org/W2964884492
https://openalex.org/W2966254845
https://openalex.org/W2966345472
https://openalex.org/W2971837136
https://openalex.org/W3006466775
https://openalex.org/W3008862605
https://openalex.org/W3023618086
https://openalex.org/W3028536858
https://openalex.org/W3030408571
https://openalex.org/W3046036585
https://openalex.org/W3107163811
https://openalex.org/W3111583953
https://openalex.org/W3116193603
https://openalex.org/W3117906325
https://openalex.org/W3119485850
https://openalex.org/W3128854348
https://openalex.org/W3132353961
https://openalex.org/W3135011784
https://openalex.org/W3135314672
https://openalex.org/W3135678503
https://openalex.org/W3142926412
https://openalex.org/W3148097222
https://openalex.org/W3158114836
https://openalex.org/W3160048571
https://openalex.org/W3160840503
https://openalex.org/W3180550652
https://openalex.org/W3183060332
https://openalex.org/W3184036011
https://openalex.org/W4205439201
https://openalex.org/W4226095823
https://openalex.org/W4285616475
https://openalex.org/W2236280998
https://openalex.org/W2296694247
https://openalex.org/W2519652656
https://openalex.org/W2549304819
https://openalex.org/W2553349267
https://openalex.org/W2563540293
https://openalex.org/W2566699235
https://openalex.org/W2583775481
https://openalex.org/W2732154991
https://openalex.org/W2733442860
https://openalex.org/W2891971299
https://openalex.org/W3126427002
https://openalex.org/W4200456328
https://openalex.org/W4205151010
https://openalex.org/W4220886123
https://openalex.org/W4224910141
https://openalex.org/W4225301614
https://openalex.org/W4230803998
https://openalex.org/W4254040036
https://openalex.org/W4280496177
https://openalex.org/W4281250132
https://openalex.org/W4286572879
https://openalex.org/W4290996583
https://openalex.org/W4297911460
https://openalex.org/W4301184857
https://openalex.org/W4306319278
https://openalex.org/W4306856061
https://openalex.org/W4310000155
https://openalex.org/W4312924535
https://openalex.org/W4317419039
https://openalex.org/W4320029509
https://openalex.org/W2184772858
https://openalex.org/W1999040372
https://openalex.org/W2163811061
https://openalex.org/W2277889913
https://openalex.org/W2407693770
https://openalex.org/W2410228346
https://openalex.org/W2417490476
https://openalex.org/W2419172307
https://openalex.org/W1969376160
https://openalex.org/W4237887970
https://openalex.org/W4243001657
https://openalex.org/W1566941179
https://openalex.org/W2007026331
https://openalex.org/W2113022850
https://openalex.org/W1012737438
https://openalex.org/W1579754555
https://openalex.org/W1875635849
https://openalex.org/W1969283141
https://openalex.org/W1972823212
https://openalex.org/W1988878850
https://openalex.org/W1994740719
https://openalex.org/W2001534941
https://openalex.org/W2025003641
https://openalex.org/W2031547462
https://openalex.org/W2065732034
https://openalex.org/W2072042628
https://openalex.org/W2074394598
https://openalex.org/W2091887893
https://openalex.org/W2092479529
https://openalex.org/W2097599358
https://openalex.org/W2101855245
https://openalex.org/W2140901636
https://openalex.org/W2150361214
https://openalex.org/W2181543919
https://openalex.org/W2246747870
https://openalex.org/W2321747447
https://openalex.org/W2322554257
https://openalex.org/W2325354621
https://openalex.org/W2386712470
https://openalex.org/W2419436848
https://openalex.org/W2421812813
https://openalex.org/W2429098913
https://openalex.org/W2621623411
https://openalex.org/W2624593747
https://openalex.org/W2896770419
https://openalex.org/W29679949
https://openalex.org/W4220744862
https://openalex.org/W4239463652
https://openalex.org/W4283070211
https://openalex.org/W4286492084
https://openalex.org/W4292226490
https://openalex.org/W4292791026
https://openalex.org/W4292952768
https://openalex.org/W4293511110
https://openalex.org/W4309452645
https://openalex.org/W4317419056
https://openalex.org/W53220585
https://openalex.org/W1963529304
https://openalex.org/W2071306879
https://openalex.org/W2080119555
https://openalex.org/W2400730029
https://openalex.org/W2049976968
https://openalex.org/W1590421870
https://openalex.org/W2038138166
https://openalex.org/W2040716307
https://openalex.org/W3023405685
https://openalex.org/W1794242789
https://openalex.org/W1990449691
https://openalex.org/W1996691392
https://openalex.org/W2016383404
https://openalex.org/W2019230406
https://openalex.org/W2023728594
https://openalex.org/W2073283438
https://openalex.org/W2343779998
https://openalex.org/W2353642915
https://openalex.org/W2362570178
https://openalex.org/W2367937693
https://openalex.org/W2393669801
https://openalex.org/W2410605553
https://openalex.org/W2551704204
https://openalex.org/W2561425781
https://openalex.org/W2589022285
https://openalex.org/W2592162351
https://openalex.org/W2610662126
https://openalex.org/W2754599235
https://openalex.org/W2755038570
https://openalex.org/W2755554506
https://openalex.org/W2769110996
https://openalex.org/W2774245022
https://openalex.org/W2795496322
https://openalex.org/W2795643938
https://openalex.org/W2795975890
https://openalex.org/W2800718914
https://openalex.org/W285556334
https://openalex.org/W3143058157
https://openalex.org/W4255731039
https://openalex.org/W4386651148
https://openalex.org/W55911742
https://openalex.org/W76115112
https://openalex.org/W1984937499
https://openalex.org/W2263759244
https://openalex.org/W2406953002
https://openalex.org/W2409608264
https://openalex.org/W84980627
https://openalex.org/W2049769278
https://openalex.org/W4248820295
https://openalex.org/W69782768
https://openalex.org/W2005230070
https://openalex.org/W1983597013
https://openalex.org/W1997562079
https://openalex.org/W2025524571
https://openalex.org/W2043990498
https://openalex.org/W2061838848
https://openalex.org/W2065937068
https://openalex.org/W2079474874
https://openalex.org/W2087854725
https://openalex.org/W2095255713
https://openalex.org/W2123968103
https://openalex.org/W2231370501
https://openalex.org/W2410090214
https://openalex.org/W2413457956
https://openalex.org/W2789218184
https://openalex.org/W2789939878
https://openalex.org/W2794015162
https://openalex.org/W2797625846
https://openalex.org/W2804034733
https://openalex.org/W2808788337
https://openalex.org/W2809793070
https://openalex.org/W2892127685
https://openalex.org/W2892542862
https://openalex.org/W2894576471
https://openalex.org/W2904678169
https://openalex.org/W2914607531
https://openalex.org/W2949059366
https://openalex.org/W2983585944
https://openalex.org/W3138314440
https://openalex.org/W4229883278
https://openalex.org/W2083919160
https://openalex.org/W30435236
https://openalex.org/W2436375056
https://openalex.org/W2463899490
https://openalex.org/W2004033221
https://openalex.org/W2118548121
https://openalex.org/W2913232131
https://openalex.org/W2918523723
https://openalex.org/W2926437720
https://openalex.org/W2932209073
https://openalex.org/W2961505962
https://openalex.org/W2965406969
https://openalex.org/W2967716335
https://openalex.org/W2978270914
https://openalex.org/W2986461905
https://openalex.org/W2996027711
https://openalex.org/W3006094546
https://openalex.org/W3008949218
https://openalex.org/W3015900816
https://openalex.org/W3030049322
https://openalex.org/W3049440038
https://openalex.org/W3098071849
https://openalex.org/W3110522564
https://openalex.org/W3118464241
https://openalex.org/W3119961550
https://openalex.org/W3128731246
https://openalex.org/W3200192757
https://openalex.org/W4213362059
https://openalex.org/W4214680655
https://openalex.org/W4232083857
https://openalex.org/W4239799970
https://openalex.org/W4248940214
https://openalex.org/W4251899500
https://openalex.org/W4287830133
https://openalex.org/W107555187
https://openalex.org/W1987899403
https://openalex.org/W2412703178
https://openalex.org/W2418801883
https://openalex.org/W2469125285
https://openalex.org/W265306750
https://openalex.org/W2339000054
https://openalex.org/W2472221615
https://openalex.org/W2794684417
https://openalex.org/W2038058526
https://openalex.org/W3122083122
https://openalex.org/W3135498347
https://openalex.org/W3137973634
https://openalex.org/W3149124806
https://openalex.org/W3152959009
https://openalex.org/W3154292029
https://openalex.org/W3164869260
https://openalex.org/W3174484432
https://openalex.org/W3178924224
https://openalex.org/W3179931299
https://openalex.org/W3181400855
https://openalex.org/W3182974197
https://openalex.org/W3186390579
https://openalex.org/W3189152153
https://openalex.org/W3202578952
https://openalex.org/W3206782165
https://openalex.org/W3208028642
https://openalex.org/W3213280545
https://openalex.org/W3214381275
https://openalex.org/W3215702202
https://openalex.org/W4200552580
https://openalex.org/W4210260814
https://openalex.org/W4233280357
https://openalex.org/W4240617546
https://openalex.org/W7131690
https://openalex.org/W1782744553
https://openalex.org/W2271293061
https://openalex.org/W2286670126
https://openalex.org/W2756006652
https://openalex.org/W1969847841
https://openalex.org/W2005809294
https://openalex.org/W2026598674
https://openalex.org/W2424347403
https://openalex.org/W2471289229
https://openalex.org/W2034003425
https://openalex.org/W2068001324
https://openalex.org/W21444486
https://openalex.org/W2418852546
https://openalex.org/W4247999021
https://openalex.org/W1504005569
https://openalex.org/W1950217673
https://openalex.org/W2005934268
https://openalex.org/W2107376320
https://openalex.org/W2359204931
https://openalex.org/W2325151180
https://openalex.org/W2419182368
https://openalex.org/W154248455
https://openalex.org/W2025136546
https://openalex.org/W2079182919
https://openalex.org/W2444560855
https://openalex.org/W2461805034
https://openalex.org/W2464848818
https://openalex.org/W115983799
https://openalex.org/W1999102080
https://openalex.org/W2037205310
https://openalex.org/W2321615002
https://openalex.org/W2592670258
https://openalex.org/W1151132733
https://openalex.org/W1160719069
https://openalex.org/W121569936
https://openalex.org/W1492251649
https://openalex.org/W1517687924
https://openalex.org/W1554694143
https://openalex.org/W1607393461
https://openalex.org/W1770799303
https://openalex.org/W1792970359
https://openalex.org/W1892014603
https://openalex.org/W1969586298
https://openalex.org/W1970261602
https://openalex.org/W1971107590
https://openalex.org/W1974674644
https://openalex.org/W1986574191
https://openalex.org/W2007602334
https://openalex.org/W2014203431
https://openalex.org/W2025205236
https://openalex.org/W2047810488
https://openalex.org/W2049694430
https://openalex.org/W2060693172
https://openalex.org/W2072274651
https://openalex.org/W2084085409
https://openalex.org/W2084718228
https://openalex.org/W2094601263
https://openalex.org/W2121072537
https://openalex.org/W2122201368
https://openalex.org/W2151669239
https://openalex.org/W2159431501
https://openalex.org/W2172575476
https://openalex.org/W2178507300
https://openalex.org/W2186369502
https://openalex.org/W2227494923
https://openalex.org/W2247253667
https://openalex.org/W2249926077
https://openalex.org/W2264566732
https://openalex.org/W2270837305
https://openalex.org/W2283367913
https://openalex.org/W2295887215
https://openalex.org/W2298640432
https://openalex.org/W2300159321
https://openalex.org/W2306046486
https://openalex.org/W2312427571
https://openalex.org/W2312667852
https://openalex.org/W2319487729
https://openalex.org/W2321019109
https://openalex.org/W2325869160
https://openalex.org/W2329408568
https://openalex.org/W2329920024
https://openalex.org/W2332805980
https://openalex.org/W2335476348
https://openalex.org/W2344148785
https://openalex.org/W2346248460
https://openalex.org/W2352932636
https://openalex.org/W2365309680
https://openalex.org/W2390889250
https://openalex.org/W2401186532
https://openalex.org/W2403942155
https://openalex.org/W2406455220
https://openalex.org/W2416379331
https://openalex.org/W2420770862
https://openalex.org/W2462767692
https://openalex.org/W2473170476
https://openalex.org/W2478396797
https://openalex.org/W2478477138
https://openalex.org/W2484396154
https://openalex.org/W2504512327
https://openalex.org/W2506431102
https://openalex.org/W2510539258
https://openalex.org/W2516066983
https://openalex.org/W2517963418
https://openalex.org/W2522530267
https://openalex.org/W2528666430
https://openalex.org/W2530552814
https://openalex.org/W2530758734
https://openalex.org/W2534035769
https://openalex.org/W2538245723
https://openalex.org/W2539124702
https://openalex.org/W2547102012
https://openalex.org/W2549266537
https://openalex.org/W2549861767
https://openalex.org/W2550652104
https://openalex.org/W2552914392
https://openalex.org/W2556607611
https://openalex.org/W2557192657
https://openalex.org/W2558221406
https://openalex.org/W2560271376
https://openalex.org/W2573740145
https://openalex.org/W2590211432
https://openalex.org/W2593861892
https://openalex.org/W2600318894
https://openalex.org/W2601582455
https://openalex.org/W2603311125
https://openalex.org/W2604110815
https://openalex.org/W2615798869
https://openalex.org/W2694353769
https://openalex.org/W2700494822
https://openalex.org/W2712513897
https://openalex.org/W2732461375
https://openalex.org/W2742190586
https://openalex.org/W2742319330
https://openalex.org/W2742541375
https://openalex.org/W2744595139
https://openalex.org/W2744801884
https://openalex.org/W2745782287
https://openalex.org/W2745925351
https://openalex.org/W2746426526
https://openalex.org/W2747903603
https://openalex.org/W2748560564
https://openalex.org/W2748789647
https://openalex.org/W2749804590
https://openalex.org/W2750740661
https://openalex.org/W2751711921
https://openalex.org/W2753229198
https://openalex.org/W2774290690
https://openalex.org/W2784818417
https://openalex.org/W2791840081
https://openalex.org/W2801804136
https://openalex.org/W2891340282
https://openalex.org/W2900305409
https://openalex.org/W2914265863
https://openalex.org/W2951015761
https://openalex.org/W2951257112
https://openalex.org/W2952373559
https://openalex.org/W2953135328
https://openalex.org/W2954488348
https://openalex.org/W2955186715
https://openalex.org/W2955928252
https://openalex.org/W301662373
https://openalex.org/W3030583418
https://openalex.org/W3117129476
https://openalex.org/W3173351883
https://openalex.org/W3202855106
https://openalex.org/W389821202
https://openalex.org/W4212994744
https://openalex.org/W4232499217
https://openalex.org/W4233376889
https://openalex.org/W4234845468
https://openalex.org/W4234969824
https://openalex.org/W4236989952
https://openalex.org/W4238089106
https://openalex.org/W4238257980
https://openalex.org/W4239158120
https://openalex.org/W4241187464
https://openalex.org/W4248501014
https://openalex.org/W4249097804
https://openalex.org/W4249407495
https://openalex.org/W4249537039
https://openalex.org/W4250784781
https://openalex.org/W4252328428
https://openalex.org/W4252407540
https://openalex.org/W4254236721
https://openalex.org/W4321276075
https://openalex.org/W569376906
https://openalex.org/W1997010137
https://openalex.org/W2043002429
https://openalex.org/W2403810079
https://openalex.org/W2403848846
https://openalex.org/W2409967297
https://openalex.org/W2416992423
https://openalex.org/W2418186714
https://openalex.org/W4246511022
https://openalex.org/W2095578065
https://openalex.org/W2384028735
https://openalex.org/W2417460845
https://openalex.org/W2434238283
https://openalex.org/W2795264852
https://openalex.org/W1157501533
https://openalex.org/W119080995
https://openalex.org/W1482645421
https://openalex.org/W149711591
https://openalex.org/W1589967455
https://openalex.org/W1594587817
https://openalex.org/W1600074416
https://openalex.org/W1649413535
https://openalex.org/W171516957
https://openalex.org/W1776440290
https://openalex.org/W1799902431
https://openalex.org/W1815268912
https://openalex.org/W1969601796
https://openalex.org/W1973526271
https://openalex.org/W2004325537
https://openalex.org/W2020965772
https://openalex.org/W2021899733
https://openalex.org/W2023440324
https://openalex.org/W2029301029
https://openalex.org/W2032422055
https://openalex.org/W2040315682
https://openalex.org/W2051228980
https://openalex.org/W2052487213
https://openalex.org/W2067083298
https://openalex.org/W2073717899
https://openalex.org/W2090001990
https://openalex.org/W2093804528
https://openalex.org/W2101713533
https://openalex.org/W2112074209
https://openalex.org/W2123593134
https://openalex.org/W2141024790
https://openalex.org/W2141208463
https://openalex.org/W2145234613
https://openalex.org/W2185675635
https://openalex.org/W2208770882
https://openalex.org/W2209057129
https://openalex.org/W2286954090
https://openalex.org/W2314110196
https://openalex.org/W2315320731
https://openalex.org/W2315324504
https://openalex.org/W2322012184
https://openalex.org/W2322286932
https://openalex.org/W2329151757
https://openalex.org/W2331377741
https://openalex.org/W2342220503
https://openalex.org/W2342335053
https://openalex.org/W2349076846
https://openalex.org/W2356703600
https://openalex.org/W2357330868
https://openalex.org/W2363528054
https://openalex.org/W2369165227
https://openalex.org/W2372055081
https://openalex.org/W2373459934
https://openalex.org/W2374282329
https://openalex.org/W2379693957
https://openalex.org/W2385399027
https://openalex.org/W2390256843
https://openalex.org/W2394701270
https://openalex.org/W2403579279
https://openalex.org/W2408474114
https://openalex.org/W2408760018
https://openalex.org/W2412097286
https://openalex.org/W2412364653
https://openalex.org/W2460810180
https://openalex.org/W2477646398
https://openalex.org/W2492372962
https://openalex.org/W2497591812
https://openalex.org/W2555565019
https://openalex.org/W2561395707
https://openalex.org/W2563905452
https://openalex.org/W2567252082
https://openalex.org/W2567973956
https://openalex.org/W2593363633
https://openalex.org/W2786301759
https://openalex.org/W2794862091
https://openalex.org/W2935718198
https://openalex.org/W2952152173
https://openalex.org/W2998242749
https://openalex.org/W3029289344
https://openalex.org/W3031804497
https://openalex.org/W3148889979
https://openalex.org/W3151789185
https://openalex.org/W3159682573
https://openalex.org/W4229756020
https://openalex.org/W4233926262
https://openalex.org/W4237634282
https://openalex.org/W4237709261
https://openalex.org/W4237818387
https://openalex.org/W4238308454
https://openalex.org/W4245689428
https://openalex.org/W4247562469
https://openalex.org/W4298193441
https://openalex.org/W4302390881
https://openalex.org/W648578049
https://openalex.org/W881077150
https://openalex.org/W9330866
https://openalex.org/W2034617990
https://openalex.org/W2047606168
https://openalex.org/W2094964543
https://openalex.org/W2431229894
https://openalex.org/W2467770341
https://openalex.org/W68050372
https://openalex.org/W2010519642
https://openalex.org/W2109373008
https://openalex.org/W2567804437
https://openalex.org/W2744169920
https://openalex.org/W2805210128
https://openalex.org/W68815126
https://openalex.org/W173200415
https://openalex.org/W1791867426
https://openalex.org/W1965084329
https://openalex.org/W1967903821
https://openalex.org/W2057270313
https://openalex.org/W2111532799
https://openalex.org/W2126872283
https://openalex.org/W2166492517
https://openalex.org/W2256516518
https://openalex.org/W2330609386
https://openalex.org/W2355607161
https://openalex.org/W2384806462
https://openalex.org/W2387018127
https://openalex.org/W2391828532
https://openalex.org/W2393766662
https://openalex.org/W2405704158
https://openalex.org/W2410292057
https://openalex.org/W2418164174
https://openalex.org/W2435249703
https://openalex.org/W245658570
https://openalex.org/W2497930304
https://openalex.org/W2511892717
https://openalex.org/W2535049620
https://openalex.org/W2576075803
https://openalex.org/W2577208454
https://openalex.org/W2585581476
https://openalex.org/W2592317349
https://openalex.org/W2598018998
https://openalex.org/W2605288568
https://openalex.org/W2605839809
https://openalex.org/W2606780634
https://openalex.org/W2621363416
https://openalex.org/W2650154562
https://openalex.org/W2725871211
https://openalex.org/W2741144543
https://openalex.org/W2745491692
https://openalex.org/W2749512318
https://openalex.org/W2751231757
https://openalex.org/W2753674171
https://openalex.org/W2755572825
https://openalex.org/W2755666907
https://openalex.org/W2756123649
https://openalex.org/W2758844282
https://openalex.org/W2761343376
https://openalex.org/W2761859024
https://openalex.org/W2768537341
https://openalex.org/W2787266569
https://openalex.org/W2787461079
https://openalex.org/W2795003325
https://openalex.org/W2796405695
https://openalex.org/W2811399478
https://openalex.org/W2900013963
https://openalex.org/W2900868945
https://openalex.org/W2962851384
https://openalex.org/W2965743262
https://openalex.org/W2971739363
https://openalex.org/W2972079811
https://openalex.org/W2976705922
https://openalex.org/W2983756435
https://openalex.org/W3024813483
https://openalex.org/W3027654245
https://openalex.org/W3032349224
https://openalex.org/W3035635601
https://openalex.org/W3099660553
https://openalex.org/W3114152385
https://openalex.org/W3119545754
https://openalex.org/W3162484603
https://openalex.org/W3179044331
https://openalex.org/W3202091123
https://openalex.org/W3211046242
https://openalex.org/W4233770413
https://openalex.org/W4235295710
https://openalex.org/W4256655274
https://openalex.org/W4298363320
https://openalex.org/W4313360115
https://openalex.org/W4387321831
https://openalex.org/W69978474
https://openalex.org/W750772622
https://openalex.org/W1494931918
https://openalex.org/W1598437456
https://openalex.org/W1806823015
https://openalex.org/W1853123132
https://openalex.org/W1872400255
https://openalex.org/W1883935049
https://openalex.org/W1973486459
https://openalex.org/W1986403072
https://openalex.org/W1988515180
https://openalex.org/W1988574645
https://openalex.org/W1990539759
https://openalex.org/W1999165007
https://openalex.org/W2022607099
https://openalex.org/W2078193738
https://openalex.org/W2083802862
https://openalex.org/W2090338958
https://openalex.org/W2091169306
https://openalex.org/W2097262955
https://openalex.org/W2102621606
https://openalex.org/W2102824207
https://openalex.org/W2139893736
https://openalex.org/W2144592014
https://openalex.org/W2150822994
https://openalex.org/W2151003476
https://openalex.org/W2158033242
https://openalex.org/W2160412702
https://openalex.org/W2182390738
https://openalex.org/W2194541226
https://openalex.org/W2256863617
https://openalex.org/W2263468135
https://openalex.org/W2278454886
https://openalex.org/W2316875428
https://openalex.org/W2355729812
https://openalex.org/W2367255960
https://openalex.org/W2372661704
https://openalex.org/W2374573825
https://openalex.org/W2375852088
https://openalex.org/W2383016595
https://openalex.org/W2387878501
https://openalex.org/W2390655894
https://openalex.org/W2405897892
https://openalex.org/W2406782533
https://openalex.org/W2610424507
https://openalex.org/W2742807114
https://openalex.org/W2744275366
https://openalex.org/W2745144429
https://openalex.org/W2745850035
https://openalex.org/W2936254886
https://openalex.org/W3011084919
https://openalex.org/W3023873586
https://openalex.org/W3028654548
https://openalex.org/W3138245832
https://openalex.org/W3138738335
https://openalex.org/W3139619993
https://openalex.org/W3168835940
https://openalex.org/W4200159280
https://openalex.org/W4206864719
https://openalex.org/W4212934420
https://openalex.org/W4220679773
https://openalex.org/W4220690788
https://openalex.org/W4220716128
https://openalex.org/W4220755891
https://openalex.org/W4221076452
https://openalex.org/W4221164556
https://openalex.org/W4223591672
https://openalex.org/W4223889913
https://openalex.org/W4225098822
https://openalex.org/W4225353741
https://openalex.org/W4225470050
https://openalex.org/W4225849228
https://openalex.org/W4225915125
https://openalex.org/W4226454474
https://openalex.org/W4226492438
https://openalex.org/W4229443858
https://openalex.org/W4235434023
https://openalex.org/W4280548680
https://openalex.org/W4281253420
https://openalex.org/W4281256335
https://openalex.org/W4281258133
https://openalex.org/W4281399197
https://openalex.org/W4281619148
https://openalex.org/W4282837782
https://openalex.org/W4282841009
https://openalex.org/W4282921219
https://openalex.org/W4282963827
https://openalex.org/W4283210973
https://openalex.org/W4285141817
https://openalex.org/W4285205426
https://openalex.org/W4285239617
https://openalex.org/W4285594664
https://openalex.org/W4288513900
https://openalex.org/W4290805708
https://openalex.org/W4290996772
https://openalex.org/W4291700021
https://openalex.org/W4292952806
https://openalex.org/W4292952857
https://openalex.org/W4292952860
https://openalex.org/W4293057535
https://openalex.org/W4293057860
https://openalex.org/W4293510949
https://openalex.org/W4294591790
https://openalex.org/W4295036910
https://openalex.org/W4295037155
https://openalex.org/W4296451671
https://openalex.org/W4296657786
https://openalex.org/W4296719446
https://openalex.org/W4297394622
https://openalex.org/W4297626010
https://openalex.org/W4297911895
https://openalex.org/W4298147607
https://openalex.org/W4299287682
https://openalex.org/W4300949530
https://openalex.org/W4301184531
https://openalex.org/W4302010654
https://openalex.org/W4303438985
https://openalex.org/W4307206499
https://openalex.org/W4307991197
https://openalex.org/W4309417141
https://openalex.org/W4309417395
https://openalex.org/W4309700751
https://openalex.org/W4309747419
https://openalex.org/W4311925350
https://openalex.org/W4312112289
https://openalex.org/W4315691031
https://openalex.org/W4317350133
https://openalex.org/W4317419409
https://openalex.org/W4317419683
https://openalex.org/W4319597539
https://openalex.org/W4362014077
https://openalex.org/W4376465684
https://openalex.org/W4384305239
https://openalex.org/W4384376293
https://openalex.org/W4388786387
https://openalex.org/W4392026090
https://openalex.org/W4392026343
https://openalex.org/W4393554757
https://openalex.org/W4393686633
https://openalex.org/W4393688674
https://openalex.org/W4393689532
https://openalex.org/W4393771343
https://openalex.org/W4393891192
https://openalex.org/W4393893180
https://openalex.org/W4394025741
https://openalex.org/W4394352611
https://openalex.org/W4394414932
https://openalex.org/W102737839
https://openalex.org/W1988157842
https://openalex.org/W2055823242
https://openalex.org/W2062502588
https://openalex.org/W2080616023
https://openalex.org/W2091948695
https://openalex.org/W2334092136
https://openalex.org/W2396056432
https://openalex.org/W2409709859
https://openalex.org/W2413380571
https://openalex.org/W2622989974
https://openalex.org/W4253489450
https://openalex.org/W1892949427
https://openalex.org/W1966411581
https://openalex.org/W1972725445
https://openalex.org/W2043076019
https://openalex.org/W2043237908
https://openalex.org/W2096322464
https://openalex.org/W2108112502
https://openalex.org/W2117745916
https://openalex.org/W2156728055
https://openalex.org/W2156756559
https://openalex.org/W2162698438
https://openalex.org/W2182435530
https://openalex.org/W2186774414
https://openalex.org/W2328735771
https://openalex.org/W2350064667
https://openalex.org/W2353578693
https://openalex.org/W2365298612
https://openalex.org/W2374402743
https://openalex.org/W2385459122
https://openalex.org/W2390957341
https://openalex.org/W2409860597
https://openalex.org/W2411907265
https://openalex.org/W2523554913
https://openalex.org/W2603863965
https://openalex.org/W2747860199
https://openalex.org/W2759918740
https://openalex.org/W2788273384
https://openalex.org/W2789074548
https://openalex.org/W2792080239
https://openalex.org/W2792338601
https://openalex.org/W2794466098
https://openalex.org/W2799577110
https://openalex.org/W2800694135
https://openalex.org/W2803793816
https://openalex.org/W2805873190
https://openalex.org/W2806831679
https://openalex.org/W2806935758
https://openalex.org/W2807433674
https://openalex.org/W2883841692
https://openalex.org/W2890444648
https://openalex.org/W2892332182
https://openalex.org/W2892980605
https://openalex.org/W2898815771
https://openalex.org/W2900297444
https://openalex.org/W2901953574
https://openalex.org/W2902079268
https://openalex.org/W2902814270
https://openalex.org/W2903267502
https://openalex.org/W2904290768
https://openalex.org/W2904451104
https://openalex.org/W2904718171
https://openalex.org/W2905880153
https://openalex.org/W2908923756
https://openalex.org/W2912731346
https://openalex.org/W2914780158
https://openalex.org/W2921344155
https://openalex.org/W2922180794
https://openalex.org/W2922277518
https://openalex.org/W2923671246
https://openalex.org/W2929670774
https://openalex.org/W2936883199
https://openalex.org/W2941569037
https://openalex.org/W2942317600
https://openalex.org/W2946556149
https://openalex.org/W2947722462
https://openalex.org/W2951334695
https://openalex.org/W2952048510
https://openalex.org/W2953099191
https://openalex.org/W2955766460
https://openalex.org/W2963412853
https://openalex.org/W2964362340
https://openalex.org/W2970038708
https://openalex.org/W2974182807
https://openalex.org/W2978076891
https://openalex.org/W2979738975
https://openalex.org/W2981930529
https://openalex.org/W2982283361
https://openalex.org/W2990264692
https://openalex.org/W2996449302
https://openalex.org/W2996961209
https://openalex.org/W2997615687
https://openalex.org/W2999211826
https://openalex.org/W3003787143
https://openalex.org/W3006041803
https://openalex.org/W3009514440
https://openalex.org/W301745208
https://openalex.org/W3029169531
https://openalex.org/W3038744495
https://openalex.org/W3042475514
https://openalex.org/W3094060539
https://openalex.org/W3112242454
https://openalex.org/W3135692679
https://openalex.org/W3159288135
https://openalex.org/W3176418436
https://openalex.org/W3177769519
https://openalex.org/W3199294467
https://openalex.org/W3203868044
https://openalex.org/W4214512017
https://openalex.org/W4231272458
https://openalex.org/W4232198326
https://openalex.org/W4235250889
https://openalex.org/W4236198661
https://openalex.org/W4236413277
https://openalex.org/W4241086374
https://openalex.org/W4242931624
https://openalex.org/W4244177562
https://openalex.org/W4246897570
https://openalex.org/W4248262700
https://openalex.org/W4250583401
https://openalex.org/W4256095721
https://openalex.org/W4256463171
https://openalex.org/W4286852056
https://openalex.org/W4288027518
https://openalex.org/W4300718641
https://openalex.org/W4392117496
https://openalex.org/W4394448954
https://openalex.org/W4394503633
https://openalex.org/W1517143542
https://openalex.org/W1966674931
https://openalex.org/W1968156139
https://openalex.org/W2010679970
https://openalex.org/W2051562283
https://openalex.org/W2115140101
https://openalex.org/W2313224334
https://openalex.org/W2316080690
https://openalex.org/W2410582741
https://openalex.org/W2411634777
https://openalex.org/W2416280941
https://openalex.org/W2418546842
https://openalex.org/W2888033609
https://openalex.org/W2944941534
https://openalex.org/W3208946937
https://openalex.org/W4238434667
https://openalex.org/W4242495994
https://openalex.org/W1021123303
https://openalex.org/W1958115508
https://openalex.org/W1973096423
https://openalex.org/W2044169317
https://openalex.org/W2063520109
https://openalex.org/W2080824617
https://openalex.org/W2118938993
https://openalex.org/W2147841734
https://openalex.org/W2238495320
https://openalex.org/W2314507037
https://openalex.org/W2324702026
https://openalex.org/W2334202102
https://openalex.org/W2336114103
https://openalex.org/W2347957354
https://openalex.org/W2353799945
https://openalex.org/W2356152994
https://openalex.org/W2356162726
https://openalex.org/W2366795405
https://openalex.org/W2376491788
https://openalex.org/W2381002859
https://openalex.org/W2381054247
https://openalex.org/W2384082113
https://openalex.org/W2389934309
https://openalex.org/W2415038674
https://openalex.org/W2433045827
https://openalex.org/W2602114745
https://openalex.org/W2612874598
https://openalex.org/W2996120009
https://openalex.org/W2997860579
https://openalex.org/W2999621036
https://openalex.org/W3001466391
https://openalex.org/W3002315567
https://openalex.org/W3003493029
https://openalex.org/W3003692275
https://openalex.org/W3003852460
https://openalex.org/W3005722900
https://openalex.org/W3006393874
https://openalex.org/W3008473542
https://openalex.org/W3009991326
https://openalex.org/W3011279617
https://openalex.org/W3022010062
https://openalex.org/W3022068567
https://openalex.org/W3023141205
https://openalex.org/W3025161669
https://openalex.org/W3026973653
https://openalex.org/W3029732864
https://openalex.org/W3032476431
https://openalex.org/W3035528052
https://openalex.org/W3035841828
https://openalex.org/W3036061907
https://openalex.org/W3036146389
https://openalex.org/W3036930705
https://openalex.org/W3037175380
https://openalex.org/W3039196630
https://openalex.org/W3041806813
https://openalex.org/W3042358416
https://openalex.org/W3042646601
https://openalex.org/W3045715039
https://openalex.org/W3045779251
https://openalex.org/W3045887246
https://openalex.org/W3045943173
https://openalex.org/W3046162988
https://openalex.org/W3046189975
https://openalex.org/W3047752243
https://openalex.org/W3083978402
https://openalex.org/W3090092105
https://openalex.org/W3090097606
https://openalex.org/W3096344388
https://openalex.org/W3097976559
https://openalex.org/W3101261329
https://openalex.org/W3101837613
https://openalex.org/W3107067898
https://openalex.org/W3108514459
https://openalex.org/W3112153435
https://openalex.org/W3114174597
https://openalex.org/W3118004354
https://openalex.org/W3118068516
https://openalex.org/W3120201961
https://openalex.org/W3120241933
https://openalex.org/W3137525724
https://openalex.org/W3141130324
https://openalex.org/W3158564648
https://openalex.org/W3173081156
https://openalex.org/W3177001453
https://openalex.org/W3177347925
https://openalex.org/W3188423694
https://openalex.org/W3211298474
https://openalex.org/W3213299565
https://openalex.org/W3216604702
https://openalex.org/W355202879
https://openalex.org/W4206649073
https://openalex.org/W4230735277
https://openalex.org/W4233863628
https://openalex.org/W4233978790
https://openalex.org/W4235824998
https://openalex.org/W4236328749
https://openalex.org/W4237774417
https://openalex.org/W4237904333
https://openalex.org/W4239359060
https://openalex.org/W4240419286
https://openalex.org/W4243620450
https://openalex.org/W4245463003
https://openalex.org/W4245999740
https://openalex.org/W4246814582
https://openalex.org/W4248410861
https://openalex.org/W4249326408
https://openalex.org/W4250340806
https://openalex.org/W4252137769
https://openalex.org/W4253769275
https://openalex.org/W4254267904
https://openalex.org/W4255308773
https://openalex.org/W4256192321
https://openalex.org/W4297873336
https://openalex.org/W4394094357
https://openalex.org/W4394142523
https://openalex.org/W4394234455
https://openalex.org/W4394343566
https://openalex.org/W4394362866
https://openalex.org/W4394425685
https://openalex.org/W4394434255
https://openalex.org/W2920992312
https://openalex.org/W3207671474
https://openalex.org/W4250093004
https://openalex.org/W1858319034
https://openalex.org/W1966059750
https://openalex.org/W1978118725
https://openalex.org/W2072908790
https://openalex.org/W211168662
https://openalex.org/W2262669566
https://openalex.org/W2319378178
https://openalex.org/W2351828179
https://openalex.org/W2370529224
https://openalex.org/W2376179691
https://openalex.org/W2377068805
https://openalex.org/W2377423122
https://openalex.org/W2379435916
https://openalex.org/W2383698586
https://openalex.org/W2400007774
https://openalex.org/W2407356508
https://openalex.org/W2408249401
https://openalex.org/W2410238595
https://openalex.org/W2411051344
https://openalex.org/W2415345151
https://openalex.org/W2416798269
https://openalex.org/W2420214372
https://openalex.org/W2483558482
https://openalex.org/W2483940976
https://openalex.org/W2492133134
https://openalex.org/W2492686042
https://openalex.org/W2495307291
https://openalex.org/W2495308948
https://openalex.org/W2497728206
https://openalex.org/W2530807753
https://openalex.org/W3135732454
https://openalex.org/W3143197244
https://openalex.org/W4214918640
https://openalex.org/W4243576141
https://openalex.org/W4247701705
https://openalex.org/W4294068515
https://openalex.org/W4300695890
https://openalex.org/W1898973571
https://openalex.org/W1968115560
https://openalex.org/W2113127690
https://openalex.org/W2160924417
https://openalex.org/W2347518582
https://openalex.org/W2393920808
https://openalex.org/W2410331528
https://openalex.org/W2418984760
https://openalex.org/W3025727472
https://openalex.org/W3119166160
https://openalex.org/W3121610761
https://openalex.org/W3122227519
https://openalex.org/W3122605113
https://openalex.org/W3123688176
https://openalex.org/W3124537558
https://openalex.org/W3125649297
https://openalex.org/W3128983663
https://openalex.org/W3130323149
https://openalex.org/W3134851974
https://openalex.org/W3135961083
https://openalex.org/W3136628046
https://openalex.org/W3137986421
https://openalex.org/W3138510090
https://openalex.org/W3156061419
https://openalex.org/W3156661704
https://openalex.org/W3156676103
https://openalex.org/W3157252291
https://openalex.org/W3158460042
https://openalex.org/W3160451856
https://openalex.org/W3164881361
https://openalex.org/W3169579070
https://openalex.org/W3176652630
https://openalex.org/W3177065835
https://openalex.org/W3177847699
https://openalex.org/W3179774793
https://openalex.org/W3189219894
https://openalex.org/W3191724157
https://openalex.org/W3193639190
https://openalex.org/W3193684228
https://openalex.org/W3194858465
https://openalex.org/W3195331147
https://openalex.org/W3195430771
https://openalex.org/W3195463482
https://openalex.org/W3195611597
https://openalex.org/W3197650163
https://openalex.org/W3201889339
https://openalex.org/W3203185865
https://openalex.org/W3204140634
https://openalex.org/W3206270638
https://openalex.org/W3208400018
https://openalex.org/W3212161469
https://openalex.org/W3212704623
https://openalex.org/W3213446724
https://openalex.org/W3214492973
https://openalex.org/W3215049082
https://openalex.org/W3215295088
https://openalex.org/W3216620314
https://openalex.org/W360970284
https://openalex.org/W4200129349
https://openalex.org/W4200300863
https://openalex.org/W4200460938
https://openalex.org/W4200535585
https://openalex.org/W4205165733
https://openalex.org/W4205259908
https://openalex.org/W4205409561
https://openalex.org/W4213117848
https://openalex.org/W4214640797
https://openalex.org/W4233857066
https://openalex.org/W4286899958
https://openalex.org/W4286913663
https://openalex.org/W4287025083
https://openalex.org/W4287025248
https://openalex.org/W4297798285
https://openalex.org/W4393362622
https://openalex.org/W4394143163
https://openalex.org/W4394255823
https://openalex.org/W562593430
https://openalex.org/W1533534175
https://openalex.org/W2049808960
https://openalex.org/W2327116930
https://openalex.org/W2332150824
https://openalex.org/W2382818189
https://openalex.org/W2383647492
https://openalex.org/W2394380416
https://openalex.org/W2400872179
https://openalex.org/W2509392129
https://openalex.org/W2516136103
https://openalex.org/W2518584254
https://openalex.org/W2567838716
https://openalex.org/W2794578026
https://openalex.org/W2795216826
https://openalex.org/W2798235372
https://openalex.org/W2907672276
https://openalex.org/W2992218770
https://openalex.org/W3123927459
https://openalex.org/W3203348189
https://openalex.org/W3204498268
https://openalex.org/W4241268260
https://openalex.org/W2058223461
https://openalex.org/W2324200385
https://openalex.org/W2414860137
https://openalex.org/W2415618688
https://openalex.org/W1521054257
https://openalex.org/W1522544367
https://openalex.org/W1579417431
https://openalex.org/W1587533994
https://openalex.org/W1599786482
https://openalex.org/W1718921603
https://openalex.org/W1964668984
https://openalex.org/W2121865946
https://openalex.org/W2143121407
https://openalex.org/W2169663927
https://openalex.org/W2198871038
https://openalex.org/W2216994149
https://openalex.org/W2314306794
https://openalex.org/W2315530657
https://openalex.org/W2316101567
https://openalex.org/W2321196050
https://openalex.org/W2323395410
https://openalex.org/W2353538823
https://openalex.org/W2395285332
https://openalex.org/W2396537565
https://openalex.org/W2396658025
https://openalex.org/W2413588799
https://openalex.org/W2416125879
https://openalex.org/W2416942184
https://openalex.org/W2419795864
https://openalex.org/W2507726252
https://openalex.org/W2517076507
https://openalex.org/W28356330
https://openalex.org/W320385223
https://openalex.org/W358914779
https://openalex.org/W369249848
https://openalex.org/W4237805143
https://openalex.org/W563854266
https://openalex.org/W619352243
https://openalex.org/W637845430
https://openalex.org/W641953610
https://openalex.org/W133678382
https://openalex.org/W2002642353
https://openalex.org/W2028925831
https://openalex.org/W2087196052
https://openalex.org/W2183057848
https://openalex.org/W2256072240
https://openalex.org/W2279544619
https://openalex.org/W2314246076
https://openalex.org/W2321619443
https://openalex.org/W2322315975
https://openalex.org/W2327819159
https://openalex.org/W2329650025
https://openalex.org/W2332506825
https://openalex.org/W2353151956
https://openalex.org/W2391701030
https://openalex.org/W2403471108
https://openalex.org/W2410511140
https://openalex.org/W2410611682
https://openalex.org/W2412106105
https://openalex.org/W2413577953
https://openalex.org/W2415182836
https://openalex.org/W2417553158
https://openalex.org/W2419172834
https://openalex.org/W2443930590
https://openalex.org/W2532143306
https://openalex.org/W2786260195
https://openalex.org/W2885299470
https://openalex.org/W2886680700
https://openalex.org/W2973333286
https://openalex.org/W2979314564
https://openalex.org/W3008165742
https://openalex.org/W311979142
https://openalex.org/W3160367639
https://openalex.org/W369635079
https://openalex.org/W395962527
https://openalex.org/W4236099088
https://openalex.org/W4250796044
https://openalex.org/W4312442012
https://openalex.org/W49157245
https://openalex.org/W1559609599
https://openalex.org/W1996077668
https://openalex.org/W2187291409
https://openalex.org/W2192761767
https://openalex.org/W2331554407
https://openalex.org/W2397657745
https://openalex.org/W2434048091
https://openalex.org/W2439036335
https://openalex.org/W2465661804
https://openalex.org/W2764905953
https://openalex.org/W2884307093
https://openalex.org/W2884495894
https://openalex.org/W2885206757
https://openalex.org/W2905598444
https://openalex.org/W2921527924
https://openalex.org/W3199068564
https://openalex.org/W4238488824
https://openalex.org/W642664066
https://openalex.org/W98898620
https://openalex.org/W1966595795
https://openalex.org/W1969369756
https://openalex.org/W1975832736
https://openalex.org/W2006316647
https://openalex.org/W2011199351
https://openalex.org/W2016134478
https://openalex.org/W2017151912
https://openalex.org/W2031007833
https://openalex.org/W2056718995
https://openalex.org/W2074806456
https://openalex.org/W2079926229
https://openalex.org/W2092254204
https://openalex.org/W2313112227
https://openalex.org/W2313402383
https://openalex.org/W2315264031
https://openalex.org/W2316905044
https://openalex.org/W2318575237
https://openalex.org/W2319385274
https://openalex.org/W2321232442
https://openalex.org/W2322128677
https://openalex.org/W2324107076
https://openalex.org/W2325201068
https://openalex.org/W2327371895
https://openalex.org/W2329074616
https://openalex.org/W2330287702
https://openalex.org/W2331188807
https://openalex.org/W2332939799
https://openalex.org/W2337295356
https://openalex.org/W2394663181
https://openalex.org/W2397444431
https://openalex.org/W2398156591
https://openalex.org/W2400925847
https://openalex.org/W2407026240
https://openalex.org/W2408585953
https://openalex.org/W2411078934
https://openalex.org/W2415850618
https://openalex.org/W2416398460
https://openalex.org/W2418984178
https://openalex.org/W2419257731
https://openalex.org/W2419571489
https://openalex.org/W2431357471
https://openalex.org/W2475196189
https://openalex.org/W2592073126
https://openalex.org/W2600801600
https://openalex.org/W2736696678
https://openalex.org/W2788243766
https://openalex.org/W2797986395
https://openalex.org/W2800751687
https://openalex.org/W2883390824
https://openalex.org/W2884381042
https://openalex.org/W2884910220
https://openalex.org/W2885381490
https://openalex.org/W2888617631
https://openalex.org/W2906711019
https://openalex.org/W2947022425
https://openalex.org/W3196181147
https://openalex.org/W3201718485
https://openalex.org/W3202887157
https://openalex.org/W3208329633
https://openalex.org/W352920479
https://openalex.org/W4214673623
https://openalex.org/W4235594170
https://openalex.org/W4235952839
https://openalex.org/W4238665551
https://openalex.org/W4242590602
https://openalex.org/W4249247308
https://openalex.org/W4255641427
https://openalex.org/W4299441514
https://openalex.org/W52507989
