.
https://openalex.org/W2012016911
https://openalex.org/W2048376025
https://openalex.org/W2124439293
https://openalex.org/W2041685615
https://openalex.org/W1033197108
https://openalex.org/W2109805561
https://openalex.org/W2156003677
https://openalex.org/W2108740579
https://openalex.org/W1993585856
https://openalex.org/W2056927031
https://openalex.org/W2143438415
https://openalex.org/W2047652984
https://openalex.org/W2036796078
https://openalex.org/W2136164787
https://openalex.org/W2070829001
https://openalex.org/W1988347806
https://openalex.org/W1978161786
https://openalex.org/W2010158663
https://openalex.org/W2083847717
https://openalex.org/W1687035583
https://openalex.org/W2086888045
https://openalex.org/W2023491212
https://openalex.org/W2161453950
https://openalex.org/W2170057342
https://openalex.org/W2145833756
https://openalex.org/W2109934461
https://openalex.org/W1565099151
https://openalex.org/W2096084302
https://openalex.org/W2086888830
https://openalex.org/W3101576311
https://openalex.org/W2010367297
https://openalex.org/W2237126879
https://openalex.org/W2057006726
https://openalex.org/W2050756416
https://openalex.org/W1965507724
https://openalex.org/W2408643388
https://openalex.org/W3099340413
https://openalex.org/W2233776653
https://openalex.org/W2980712409
https://openalex.org/W2137331540
https://openalex.org/W1998422178
https://openalex.org/W4229035861
https://openalex.org/W2772836678
https://openalex.org/W2073173472
https://openalex.org/W2288645994
https://openalex.org/W2105394364
https://openalex.org/W2114845975
https://openalex.org/W2059278059
https://openalex.org/W2175919230
https://openalex.org/W2001399616
https://openalex.org/W2014671943
https://openalex.org/W2749460173
https://openalex.org/W3100736846
https://openalex.org/W3104237771
https://openalex.org/W2400339399
https://openalex.org/W3205282114
https://openalex.org/W3129314597
https://openalex.org/W3176886910
https://openalex.org/W4312526381
https://openalex.org/W2103745296
https://openalex.org/W2057575312
https://openalex.org/W2099179746
https://openalex.org/W2166305980
https://openalex.org/W2076331116
https://openalex.org/W2071173797
https://openalex.org/W2081740756
https://openalex.org/W2029628243
https://openalex.org/W2106961395
https://openalex.org/W2031248045
https://openalex.org/W2046087798
https://openalex.org/W1995448791
https://openalex.org/W2109870340
https://openalex.org/W2154716637
https://openalex.org/W1541192889
https://openalex.org/W2165668731
https://openalex.org/W2000878807
https://openalex.org/W2039330669
https://openalex.org/W2146546081
https://openalex.org/W2171298950
https://openalex.org/W2164969005
https://openalex.org/W2075814304
https://openalex.org/W2021158172
https://openalex.org/W1970051522
https://openalex.org/W1984567634
https://openalex.org/W1918030494
https://openalex.org/W2120714531
https://openalex.org/W2035547211
https://openalex.org/W1996608824
https://openalex.org/W2033236966
https://openalex.org/W2049285571
https://openalex.org/W2109976702
https://openalex.org/W2119900303
https://openalex.org/W2070742820
https://openalex.org/W2042916465
https://openalex.org/W2075618111
https://openalex.org/W2166857942
https://openalex.org/W2049939184
https://openalex.org/W1994998142
https://openalex.org/W2032756863
https://openalex.org/W2034133160
https://openalex.org/W2024849116
https://openalex.org/W2162826521
https://openalex.org/W2067633065
https://openalex.org/W2005904459
https://openalex.org/W2087204472
https://openalex.org/W1657095721
https://openalex.org/W2078188446
https://openalex.org/W1560129395
https://openalex.org/W585572161
https://openalex.org/W1991158321
https://openalex.org/W2068578318
https://openalex.org/W2000431953
https://openalex.org/W2159999527
https://openalex.org/W2789778893
https://openalex.org/W2120395760
https://openalex.org/W2059176360
https://openalex.org/W2140807764
https://openalex.org/W1582035980
https://openalex.org/W2054088567
https://openalex.org/W1983955609
https://openalex.org/W2299265631
https://openalex.org/W2603131458
https://openalex.org/W3098735786
https://openalex.org/W2115213344
https://openalex.org/W1735791105
https://openalex.org/W2089028361
https://openalex.org/W2259574245
https://openalex.org/W2088024896
https://openalex.org/W2749510669
https://openalex.org/W2324611362
https://openalex.org/W2501357434
https://openalex.org/W1924097582
https://openalex.org/W2912297883
https://openalex.org/W2003105885
https://openalex.org/W2586584460
https://openalex.org/W1981166908
https://openalex.org/W2068334330
https://openalex.org/W2017534125
https://openalex.org/W2885489257
https://openalex.org/W2888767924
https://openalex.org/W2343390390
https://openalex.org/W2624067177
https://openalex.org/W2311653906
https://openalex.org/W2753910921
https://openalex.org/W2997610855
https://openalex.org/W2913965169
https://openalex.org/W3091049124
https://openalex.org/W3001520627
https://openalex.org/W3149129127
https://openalex.org/W3196392519
https://openalex.org/W4206982308
https://openalex.org/W4220922406
https://openalex.org/W4200632511
https://openalex.org/W4280639950
https://openalex.org/W4296708551
https://openalex.org/W4382345102
https://openalex.org/W4313544481
https://openalex.org/W4319831633
https://openalex.org/W4389990164
https://openalex.org/W1995048891
https://openalex.org/W2032720714
https://openalex.org/W1861264478
https://openalex.org/W2133835051
https://openalex.org/W2091735184
https://openalex.org/W2076469174
https://openalex.org/W2092964969
https://openalex.org/W2024412501
https://openalex.org/W2158153769
https://openalex.org/W2159392121
https://openalex.org/W2336009356
https://openalex.org/W106742613
https://openalex.org/W2046801867
https://openalex.org/W2055707383
https://openalex.org/W2038887346
https://openalex.org/W2070823233
https://openalex.org/W2040287935
https://openalex.org/W2065109634
https://openalex.org/W2025909411
https://openalex.org/W2099947451
https://openalex.org/W2081398835
https://openalex.org/W2057714923
https://openalex.org/W2152397610
https://openalex.org/W17322507
https://openalex.org/W2096431606
https://openalex.org/W1975882381
https://openalex.org/W122869509
https://openalex.org/W2078339624
https://openalex.org/W2148111402
https://openalex.org/W1650541185
https://openalex.org/W1966667484
https://openalex.org/W2041935486
https://openalex.org/W2140107325
https://openalex.org/W2054380854
https://openalex.org/W2032998154
https://openalex.org/W2143568426
https://openalex.org/W1977538499
https://openalex.org/W2089706582
https://openalex.org/W2010027976
https://openalex.org/W2024958161
https://openalex.org/W1985499133
https://openalex.org/W2010814370
https://openalex.org/W2093396991
https://openalex.org/W2135127634
https://openalex.org/W2168769946
https://openalex.org/W2165924124
https://openalex.org/W1247773451
https://openalex.org/W2181794304
https://openalex.org/W3103196882
https://openalex.org/W2072538486
https://openalex.org/W1853749271
https://openalex.org/W3105646790
https://openalex.org/W1555534604
https://openalex.org/W1952264060
https://openalex.org/W2051537198
https://openalex.org/W2734541372
https://openalex.org/W3103049682
https://openalex.org/W2345915097
https://openalex.org/W2225775539
https://openalex.org/W2463897233
https://openalex.org/W1966316329
https://openalex.org/W2275734348
https://openalex.org/W2529414368
https://openalex.org/W3105710336
https://openalex.org/W2524329335
https://openalex.org/W2007159204
https://openalex.org/W3101241441
https://openalex.org/W4240236035
https://openalex.org/W2090798289
https://openalex.org/W2126451960
https://openalex.org/W2031178950
https://openalex.org/W2288583362
https://openalex.org/W2585315127
https://openalex.org/W3099669937
https://openalex.org/W2001903106
https://openalex.org/W2550675444
https://openalex.org/W2742332907
https://openalex.org/W2051575967
https://openalex.org/W2323153739
https://openalex.org/W3100933549
https://openalex.org/W944333893
https://openalex.org/W2014143419
https://openalex.org/W2343560494
https://openalex.org/W2345189929
https://openalex.org/W1937154249
https://openalex.org/W2554247226
https://openalex.org/W2755483772
https://openalex.org/W2984208468
https://openalex.org/W2924125479
https://openalex.org/W2338580036
https://openalex.org/W2793584386
https://openalex.org/W3118916059
https://openalex.org/W2970697331
https://openalex.org/W3095552266
https://openalex.org/W2993960317
https://openalex.org/W2890553422
https://openalex.org/W3105094559
https://openalex.org/W3010431912
https://openalex.org/W2974577503
https://openalex.org/W3011115813
https://openalex.org/W3086555883
https://openalex.org/W3014410046
https://openalex.org/W3132955704
https://openalex.org/W3205709074
https://openalex.org/W3179232686
https://openalex.org/W3094585679
https://openalex.org/W4206933318
https://openalex.org/W4280521932
https://openalex.org/W4298125281
https://openalex.org/W4206971547
https://openalex.org/W4213161733
https://openalex.org/W4308000167
https://openalex.org/W4214896645
https://openalex.org/W4225959125
https://openalex.org/W4311860481
https://openalex.org/W4315643988
https://openalex.org/W4318466574
https://openalex.org/W4313443283
https://openalex.org/W4387967262
https://openalex.org/W4389087187
https://openalex.org/W4389981676
https://openalex.org/W4390297909
https://openalex.org/W4391174181
https://openalex.org/W2138900159
https://openalex.org/W1977066990
https://openalex.org/W2109260149
https://openalex.org/W2083342289
https://openalex.org/W2076105533
https://openalex.org/W2010604264
https://openalex.org/W2004621033
https://openalex.org/W2002239938
https://openalex.org/W2050720667
https://openalex.org/W2068093530
https://openalex.org/W2602291181
https://openalex.org/W1519346233
https://openalex.org/W2136381210
https://openalex.org/W2084881649
https://openalex.org/W2085144814
https://openalex.org/W2092724165
https://openalex.org/W2016051090
https://openalex.org/W1965568752
https://openalex.org/W2028466989
https://openalex.org/W2083342771
https://openalex.org/W2014426396
https://openalex.org/W2085380242
https://openalex.org/W2171314041
https://openalex.org/W2061237840
https://openalex.org/W1992881931
https://openalex.org/W2003209866
https://openalex.org/W2060573183
https://openalex.org/W1499582526
https://openalex.org/W2171870728
https://openalex.org/W2020139135
https://openalex.org/W1980765050
https://openalex.org/W2071880486
https://openalex.org/W2150392025
https://openalex.org/W2156041841
https://openalex.org/W1991230255
https://openalex.org/W1991452773
https://openalex.org/W2044086940
https://openalex.org/W2057571175
https://openalex.org/W2093300144
https://openalex.org/W2146642652
https://openalex.org/W2124960645
https://openalex.org/W2131705377
https://openalex.org/W1978195081
https://openalex.org/W2038116651
https://openalex.org/W2040021929
https://openalex.org/W2102201441
https://openalex.org/W1408789844
https://openalex.org/W2068619539
https://openalex.org/W2293562713
https://openalex.org/W3099778666
https://openalex.org/W2033477984
https://openalex.org/W2186026500
https://openalex.org/W1979967044
https://openalex.org/W2056828270
https://openalex.org/W1644398092
https://openalex.org/W2143851985
https://openalex.org/W2009043630
https://openalex.org/W2702006285
https://openalex.org/W2983474673
https://openalex.org/W1988595641
https://openalex.org/W228639597
https://openalex.org/W1601626202
https://openalex.org/W2765414123
https://openalex.org/W2002149445
https://openalex.org/W2790132093
https://openalex.org/W3099941002
https://openalex.org/W1273833724
https://openalex.org/W2019401506
https://openalex.org/W2089524448
https://openalex.org/W2559904279
https://openalex.org/W2754732254
https://openalex.org/W2119771992
https://openalex.org/W2139285178
https://openalex.org/W2340860783
https://openalex.org/W2612461196
https://openalex.org/W2620749013
https://openalex.org/W3099381095
https://openalex.org/W214784239
https://openalex.org/W2222710573
https://openalex.org/W2252291791
https://openalex.org/W2516018377
https://openalex.org/W2598904248
https://openalex.org/W2883672483
https://openalex.org/W2807484430
https://openalex.org/W2793099721
https://openalex.org/W2911720928
https://openalex.org/W2936547414
https://openalex.org/W2918516992
https://openalex.org/W2971096622
https://openalex.org/W3113543587
https://openalex.org/W3141745232
https://openalex.org/W3201611959
https://openalex.org/W3119745306
https://openalex.org/W3129822955
https://openalex.org/W3087640284
https://openalex.org/W3117850461
https://openalex.org/W3215790466
https://openalex.org/W4308071882
https://openalex.org/W4200422527
https://openalex.org/W3184744086
https://openalex.org/W4281761367
https://openalex.org/W4309299379
https://openalex.org/W4310731431
https://openalex.org/W4313989386
https://openalex.org/W4385146619
https://openalex.org/W4319332957
https://openalex.org/W4379614955
https://openalex.org/W4385408395
https://openalex.org/W2145149678
https://openalex.org/W1544659150
https://openalex.org/W1734028302
https://openalex.org/W2083404983
https://openalex.org/W1539012905
https://openalex.org/W2035140959
https://openalex.org/W2056539903
https://openalex.org/W2065554170
https://openalex.org/W2048660343
https://openalex.org/W2001300923
https://openalex.org/W2142916629
https://openalex.org/W1636333460
https://openalex.org/W2064532612
https://openalex.org/W1978627738
https://openalex.org/W2059884244
https://openalex.org/W1520716231
https://openalex.org/W1604379466
https://openalex.org/W1990298250
https://openalex.org/W2102378416
https://openalex.org/W1985863394
https://openalex.org/W2018667248
https://openalex.org/W2107933391
https://openalex.org/W2072980373
https://openalex.org/W2075173429
https://openalex.org/W2018715138
https://openalex.org/W2046777604
https://openalex.org/W2077923688
https://openalex.org/W2070551934
https://openalex.org/W2005410840
https://openalex.org/W2163762522
https://openalex.org/W2069666032
https://openalex.org/W1975902763
https://openalex.org/W2317667511
https://openalex.org/W1983592245
https://openalex.org/W2046561795
https://openalex.org/W2153824295
https://openalex.org/W1971448828
https://openalex.org/W1983684126
https://openalex.org/W1995774296
https://openalex.org/W1997138612
https://openalex.org/W2015385940
https://openalex.org/W2026452424
https://openalex.org/W1753041482
https://openalex.org/W2074606983
https://openalex.org/W2203188308
https://openalex.org/W2080675548
https://openalex.org/W2209851952
https://openalex.org/W2326082434
https://openalex.org/W2471941557
https://openalex.org/W2785507034
https://openalex.org/W2293459555
https://openalex.org/W2494927921
https://openalex.org/W3105953564
https://openalex.org/W136119804
https://openalex.org/W1534776779
https://openalex.org/W2033896271
https://openalex.org/W2115985694
https://openalex.org/W2283275315
https://openalex.org/W2614842428
https://openalex.org/W2787692317
https://openalex.org/W1913354831
https://openalex.org/W2750446090
https://openalex.org/W2761414685
https://openalex.org/W2964127042
https://openalex.org/W3104014571
https://openalex.org/W4205195359
https://openalex.org/W2550273852
https://openalex.org/W2790652144
https://openalex.org/W3102814591
https://openalex.org/W2311145301
https://openalex.org/W3098034924
https://openalex.org/W2801855604
https://openalex.org/W2807207381
https://openalex.org/W2938947295
https://openalex.org/W2958522675
https://openalex.org/W3031926561
https://openalex.org/W3082466037
https://openalex.org/W3105876079
https://openalex.org/W3047234486
https://openalex.org/W3082139416
https://openalex.org/W3000817621
https://openalex.org/W3173150738
https://openalex.org/W3213960213
https://openalex.org/W3166552807
https://openalex.org/W3185207090
https://openalex.org/W3127909118
https://openalex.org/W3130161799
https://openalex.org/W3211860784
https://openalex.org/W4225723659
https://openalex.org/W4285992122
https://openalex.org/W4308153282
https://openalex.org/W4308679048
https://openalex.org/W4317395850
https://openalex.org/W4319456381
https://openalex.org/W4319936795
https://openalex.org/W4324130333
https://openalex.org/W4380538309
https://openalex.org/W4387063370
https://openalex.org/W2033089307
https://openalex.org/W2095264993
https://openalex.org/W189025964
https://openalex.org/W1699410824
https://openalex.org/W2044930329
https://openalex.org/W2070948487
https://openalex.org/W2140484717
https://openalex.org/W2046674612
https://openalex.org/W2166378882
https://openalex.org/W1572784546
https://openalex.org/W2094354216
https://openalex.org/W1742387217
https://openalex.org/W2042085725
https://openalex.org/W2123884188
https://openalex.org/W2003468131
https://openalex.org/W2061278130
https://openalex.org/W2164871293
https://openalex.org/W1966626190
https://openalex.org/W2008422725
https://openalex.org/W2087598412
https://openalex.org/W2095545988
https://openalex.org/W2187137857
https://openalex.org/W2573973293
https://openalex.org/W2044475646
https://openalex.org/W2135134136
https://openalex.org/W2155000818
https://openalex.org/W2083313204
https://openalex.org/W1970509636
https://openalex.org/W2142883159
https://openalex.org/W1998671026
https://openalex.org/W1971985899
https://openalex.org/W2067577695
https://openalex.org/W2167810766
https://openalex.org/W3098623400
https://openalex.org/W2066951060
https://openalex.org/W2019891348
https://openalex.org/W2064656245
https://openalex.org/W2092933213
https://openalex.org/W2139809142
https://openalex.org/W2042991572
https://openalex.org/W2011279240
https://openalex.org/W1556112573
https://openalex.org/W2000769964
https://openalex.org/W2102769905
https://openalex.org/W2058807355
https://openalex.org/W2049506471
https://openalex.org/W2145251555
https://openalex.org/W1998845124
https://openalex.org/W2008137705
https://openalex.org/W2019764511
https://openalex.org/W2032709914
https://openalex.org/W2102534913
https://openalex.org/W3104880596
https://openalex.org/W177882270
https://openalex.org/W1947192382
https://openalex.org/W1991548168
https://openalex.org/W2090205023
https://openalex.org/W2023340815
https://openalex.org/W2040038346
https://openalex.org/W2137476963
https://openalex.org/W2606365705
https://openalex.org/W1520935728
https://openalex.org/W2092414119
https://openalex.org/W2172280799
https://openalex.org/W2344967650
https://openalex.org/W2461698802
https://openalex.org/W2015933394
https://openalex.org/W2079113290
https://openalex.org/W2099438726
https://openalex.org/W2165387152
https://openalex.org/W2402583539
https://openalex.org/W2586462242
https://openalex.org/W2766504855
https://openalex.org/W2228242127
https://openalex.org/W2782433211
https://openalex.org/W2798157064
https://openalex.org/W2347024038
https://openalex.org/W2778115673
https://openalex.org/W2910976058
https://openalex.org/W2927762704
https://openalex.org/W2942259310
https://openalex.org/W2948078341
https://openalex.org/W2950752711
https://openalex.org/W2967728895
https://openalex.org/W2977536019
https://openalex.org/W2908832977
https://openalex.org/W3042297249
https://openalex.org/W3080584333
https://openalex.org/W3011640034
https://openalex.org/W3116208660
https://openalex.org/W3134430279
https://openalex.org/W3162314501
https://openalex.org/W3131444702
https://openalex.org/W3163523242
https://openalex.org/W3197825337
https://openalex.org/W4200379264
https://openalex.org/W4206031702
https://openalex.org/W4281648131
https://openalex.org/W4281758965
https://openalex.org/W4315780145
https://openalex.org/W4319662639
https://openalex.org/W4389272744
https://openalex.org/W2142388270
https://openalex.org/W2130574990
https://openalex.org/W2073909520
https://openalex.org/W2616401771
https://openalex.org/W2104014705
https://openalex.org/W2072902719
https://openalex.org/W2110628597
https://openalex.org/W2116484130
https://openalex.org/W2085359653
https://openalex.org/W1792942820
https://openalex.org/W2080893206
https://openalex.org/W1991639730
https://openalex.org/W2019330087
https://openalex.org/W2032571579
https://openalex.org/W2093552289
https://openalex.org/W2097004496
https://openalex.org/W2135241694
https://openalex.org/W2159998277
https://openalex.org/W2105748251
https://openalex.org/W2106236964
https://openalex.org/W2106369454
https://openalex.org/W2138548848
https://openalex.org/W1998808341
https://openalex.org/W2156313574
https://openalex.org/W2157005627
https://openalex.org/W2103444022
https://openalex.org/W2143407765
https://openalex.org/W1996594037
https://openalex.org/W2066858608
https://openalex.org/W2013969877
https://openalex.org/W2012362166
https://openalex.org/W2131977408
https://openalex.org/W1533000163
https://openalex.org/W1559378782
https://openalex.org/W1996715794
https://openalex.org/W2025214273
https://openalex.org/W2031213884
https://openalex.org/W2146674973
https://openalex.org/W2794946836
https://openalex.org/W3165751150
https://openalex.org/W2087612037
https://openalex.org/W2141187292
https://openalex.org/W1826524928
https://openalex.org/W1596510058
https://openalex.org/W2082466826
https://openalex.org/W2086951146
https://openalex.org/W2148626421
https://openalex.org/W2089271680
https://openalex.org/W2111316081
https://openalex.org/W2125191450
https://openalex.org/W2326090210
https://openalex.org/W1994214130
https://openalex.org/W2008602499
https://openalex.org/W2029054759
https://openalex.org/W2058765860
https://openalex.org/W2015592715
https://openalex.org/W2037929936
https://openalex.org/W2062388453
https://openalex.org/W2122317574
https://openalex.org/W2127870850
https://openalex.org/W1976441767
https://openalex.org/W1981120211
https://openalex.org/W2021922504
https://openalex.org/W2025111814
https://openalex.org/W2068336664
https://openalex.org/W2170218999
https://openalex.org/W2562943609
https://openalex.org/W2043502442
https://openalex.org/W2746638382
https://openalex.org/W2802124230
https://openalex.org/W4231699326
https://openalex.org/W2531228468
https://openalex.org/W2885272300
https://openalex.org/W2904939440
https://openalex.org/W2964326530
https://openalex.org/W2000754274
https://openalex.org/W2302372069
https://openalex.org/W2563734676
https://openalex.org/W2586152374
https://openalex.org/W2885523845
https://openalex.org/W2903466089
https://openalex.org/W2301223581
https://openalex.org/W2399143338
https://openalex.org/W2945060270
https://openalex.org/W2982652281
https://openalex.org/W2887567552
https://openalex.org/W2912897239
https://openalex.org/W3035555588
https://openalex.org/W3081304498
https://openalex.org/W3113050861
https://openalex.org/W2998039612
https://openalex.org/W3164917191
https://openalex.org/W3115499643
https://openalex.org/W3164662837
https://openalex.org/W4286717078
https://openalex.org/W4210568034
https://openalex.org/W4284989431
https://openalex.org/W4311209200
https://openalex.org/W4310806109
https://openalex.org/W4312889367
https://openalex.org/W4323543557
https://openalex.org/W4367322620
https://openalex.org/W4372293054
https://openalex.org/W4376107305
https://openalex.org/W4386220648
https://openalex.org/W4386775723
https://openalex.org/W8947012
https://openalex.org/W1938145071
https://openalex.org/W2085693450
https://openalex.org/W2138799410
https://openalex.org/W1491795618
https://openalex.org/W1986931390
https://openalex.org/W2141452039
https://openalex.org/W1987402127
https://openalex.org/W2047429243
https://openalex.org/W2007802074
https://openalex.org/W2075341958
https://openalex.org/W2053474629
https://openalex.org/W2094948827
https://openalex.org/W2108975105
https://openalex.org/W2473945722
https://openalex.org/W2042548814
https://openalex.org/W2171451961
https://openalex.org/W2331415053
https://openalex.org/W2080377322
https://openalex.org/W2140798317
https://openalex.org/W2534506121
https://openalex.org/W1984419642
https://openalex.org/W2002334757
https://openalex.org/W2077455106
https://openalex.org/W2084616689
https://openalex.org/W2090745103
https://openalex.org/W2499911861
https://openalex.org/W1512544681
https://openalex.org/W2146024897
https://openalex.org/W2001456300
https://openalex.org/W1983585666
https://openalex.org/W2042549875
https://openalex.org/W2098666821
https://openalex.org/W2156096683
https://openalex.org/W2127318039
https://openalex.org/W2178980317
https://openalex.org/W101559792
https://openalex.org/W1990186831
https://openalex.org/W2127995899
https://openalex.org/W2014070773
https://openalex.org/W2053192022
https://openalex.org/W2085049166
https://openalex.org/W2169380642
https://openalex.org/W2053010780
https://openalex.org/W2087887736
https://openalex.org/W2062056616
https://openalex.org/W2156288786
https://openalex.org/W1976211669
https://openalex.org/W1976479393
https://openalex.org/W1997138845
https://openalex.org/W2061385492
https://openalex.org/W2035047567
https://openalex.org/W2126565518
https://openalex.org/W2030795294
https://openalex.org/W2081695492
https://openalex.org/W2106298056
https://openalex.org/W2123495931
https://openalex.org/W2435996366
https://openalex.org/W1559702104
https://openalex.org/W1970563569
https://openalex.org/W2034940841
https://openalex.org/W2046455875
https://openalex.org/W2123920423
https://openalex.org/W2165118948
https://openalex.org/W1962954746
https://openalex.org/W1989110052
https://openalex.org/W2045766817
https://openalex.org/W2052410731
https://openalex.org/W2052811691
https://openalex.org/W2063571768
https://openalex.org/W2132218853
https://openalex.org/W2236354758
https://openalex.org/W146991560
https://openalex.org/W1596383151
https://openalex.org/W1982708129
https://openalex.org/W2008861303
https://openalex.org/W2027159345
https://openalex.org/W2057183647
https://openalex.org/W2591665485
https://openalex.org/W2605545546
https://openalex.org/W2013839666
https://openalex.org/W2032249867
https://openalex.org/W2074014243
https://openalex.org/W2077805930
https://openalex.org/W2196848171
https://openalex.org/W2336884475
https://openalex.org/W2885122198
https://openalex.org/W2780683384
https://openalex.org/W2797936668
https://openalex.org/W2801000691
https://openalex.org/W2897629250
https://openalex.org/W4251497666
https://openalex.org/W2173643479
https://openalex.org/W2513420148
https://openalex.org/W2889901537
https://openalex.org/W2904672094
https://openalex.org/W2924302492
https://openalex.org/W2981805462
https://openalex.org/W1993520529
https://openalex.org/W2078948319
https://openalex.org/W2885480193
https://openalex.org/W2909634334
https://openalex.org/W2990581208
https://openalex.org/W2054185389
https://openalex.org/W3028216088
https://openalex.org/W3021173074
https://openalex.org/W3024259073
https://openalex.org/W3096831963
https://openalex.org/W3121875928
https://openalex.org/W3134743963
https://openalex.org/W3156330980
https://openalex.org/W3202336676
https://openalex.org/W3210466943
https://openalex.org/W3201813961
https://openalex.org/W4224866852
https://openalex.org/W4281711630
https://openalex.org/W4289841357
https://openalex.org/W4301391741
https://openalex.org/W4386570886
https://openalex.org/W4387855552
https://openalex.org/W4389340197
https://openalex.org/W4390129362
https://openalex.org/W4390460496
https://openalex.org/W4390685969
https://openalex.org/W4390740220
https://openalex.org/W4390752660
https://openalex.org/W4390752837
https://openalex.org/W4390889713
https://openalex.org/W4390917184
https://openalex.org/W4391034828
https://openalex.org/W4391043202
https://openalex.org/W4391215067
https://openalex.org/W4391288507
https://openalex.org/W4391312518
https://openalex.org/W4391343502
https://openalex.org/W4391421499
https://openalex.org/W4391449906
https://openalex.org/W4391505422
https://openalex.org/W4391514490
https://openalex.org/W4391614061
https://openalex.org/W4391691341
https://openalex.org/W4391873063
https://openalex.org/W4392200000
https://openalex.org/W4392384539
https://openalex.org/W4392655138
https://openalex.org/W4392905398
https://openalex.org/W4393197724
https://openalex.org/W4393381983
https://openalex.org/W4393898959
https://openalex.org/W4394601070
https://openalex.org/W4394647950
https://openalex.org/W4394760444
https://openalex.org/W4394773839
https://openalex.org/W4394868977
https://openalex.org/W4394907208
https://openalex.org/W4395022206
https://openalex.org/W4395053757
https://openalex.org/W4395465836
https://openalex.org/W4395671749
https://openalex.org/W4395678411
https://openalex.org/W4395684430
https://openalex.org/W4396231795
https://openalex.org/W4396495140
https://openalex.org/W4396515505
https://openalex.org/W2106139773
https://openalex.org/W2049319245
https://openalex.org/W2142116033
https://openalex.org/W1994130692
https://openalex.org/W4313341450
https://openalex.org/W1501319595
https://openalex.org/W1518839716
https://openalex.org/W1544242247
https://openalex.org/W1831063515
https://openalex.org/W1977925528
https://openalex.org/W2050739944
https://openalex.org/W3104954356
https://openalex.org/W2416210790
https://openalex.org/W3099975885
https://openalex.org/W1504227973
https://openalex.org/W1978534420
https://openalex.org/W1985226668
https://openalex.org/W2134995395
https://openalex.org/W1504790387
https://openalex.org/W1976400004
https://openalex.org/W1581965845
https://openalex.org/W2166700321
https://openalex.org/W86453561
https://openalex.org/W1533047350
https://openalex.org/W2024977148
https://openalex.org/W2096552968
https://openalex.org/W2122421542
https://openalex.org/W1987556170
https://openalex.org/W2024843757
https://openalex.org/W4254534797
https://openalex.org/W1973309081
https://openalex.org/W2029573581
https://openalex.org/W1981847795
https://openalex.org/W2002121997
https://openalex.org/W2070799439
https://openalex.org/W2145114828
https://openalex.org/W2105137635
https://openalex.org/W2123902099
https://openalex.org/W2074673008
https://openalex.org/W2147639654
https://openalex.org/W2155787787
https://openalex.org/W1545408104
https://openalex.org/W1974625449
https://openalex.org/W1997140476
https://openalex.org/W2027798826
https://openalex.org/W4379506661
https://openalex.org/W2034792232
https://openalex.org/W2044487509
https://openalex.org/W2085558032
https://openalex.org/W2134871842
https://openalex.org/W2153411248
https://openalex.org/W2179261246
https://openalex.org/W2464301796
https://openalex.org/W1835847019
https://openalex.org/W2056716984
https://openalex.org/W2808213375
https://openalex.org/W3105148088
https://openalex.org/W1995729448
https://openalex.org/W2254127200
https://openalex.org/W2483341736
https://openalex.org/W2592479899
https://openalex.org/W2626033993
https://openalex.org/W2762990584
https://openalex.org/W2794420279
https://openalex.org/W2924365285
https://openalex.org/W2936456832
https://openalex.org/W2417713887
https://openalex.org/W2947296392
https://openalex.org/W2982575314
https://openalex.org/W2899956526
https://openalex.org/W2945849252
https://openalex.org/W2953166801
https://openalex.org/W2964558232
https://openalex.org/W2947342377
https://openalex.org/W2999371271
https://openalex.org/W3009828229
https://openalex.org/W3132554234
https://openalex.org/W3143759665
https://openalex.org/W3154073337
https://openalex.org/W3157472313
https://openalex.org/W3202721026
https://openalex.org/W3211253543
https://openalex.org/W4316035868
https://openalex.org/W4317897842
https://openalex.org/W4318052980
https://openalex.org/W4319160765
https://openalex.org/W4320734137
https://openalex.org/W4324142555
https://openalex.org/W4364374578
https://openalex.org/W4367548874
https://openalex.org/W4368341071
https://openalex.org/W4382182539
https://openalex.org/W4384401066
https://openalex.org/W4384819779
https://openalex.org/W4385350682
https://openalex.org/W4385563535
https://openalex.org/W4386212179
https://openalex.org/W1995760602
https://openalex.org/W2165797533
https://openalex.org/W1560008329
https://openalex.org/W2082061506
https://openalex.org/W2089886463
https://openalex.org/W1984513074
https://openalex.org/W2016064248
https://openalex.org/W2052954466
https://openalex.org/W1952454221
https://openalex.org/W1972804788
https://openalex.org/W1981730688
https://openalex.org/W1998374697
https://openalex.org/W2054447342
https://openalex.org/W2217370646
https://openalex.org/W1993482057
https://openalex.org/W2003542395
https://openalex.org/W2041108079
https://openalex.org/W2072421688
https://openalex.org/W1512043258
https://openalex.org/W1988201185
https://openalex.org/W2318700331
https://openalex.org/W2048483880
https://openalex.org/W2050782617
https://openalex.org/W2069220594
https://openalex.org/W2156470757
https://openalex.org/W1998318083
https://openalex.org/W2051957255
https://openalex.org/W2065740520
https://openalex.org/W1994329578
https://openalex.org/W2079489373
https://openalex.org/W2202549777
https://openalex.org/W2205833630
https://openalex.org/W2000340362
https://openalex.org/W2017529112
https://openalex.org/W2079180750
https://openalex.org/W2133553510
https://openalex.org/W2145088450
https://openalex.org/W1973106312
https://openalex.org/W2060965852
https://openalex.org/W2149674563
https://openalex.org/W2791417690
https://openalex.org/W2053133534
https://openalex.org/W2118122980
https://openalex.org/W2123603534
https://openalex.org/W2167470235
https://openalex.org/W2027764625
https://openalex.org/W2033591893
https://openalex.org/W2068815108
https://openalex.org/W2138129788
https://openalex.org/W1965895107
https://openalex.org/W2012469528
https://openalex.org/W2067774705
https://openalex.org/W2086519656
https://openalex.org/W2093633145
https://openalex.org/W2099276320
https://openalex.org/W2163617651
https://openalex.org/W2016562379
https://openalex.org/W2019764266
https://openalex.org/W2117871028
https://openalex.org/W1533282189
https://openalex.org/W1959204944
https://openalex.org/W1962747147
https://openalex.org/W2005145588
https://openalex.org/W2045389437
https://openalex.org/W2047117276
https://openalex.org/W2047660396
https://openalex.org/W2137184899
https://openalex.org/W2766295362
https://openalex.org/W2779407970
https://openalex.org/W2787069756
https://openalex.org/W2883954711
https://openalex.org/W2891384592
https://openalex.org/W1089776393
https://openalex.org/W2038737274
https://openalex.org/W2091642334
https://openalex.org/W2166907609
https://openalex.org/W2297826147
https://openalex.org/W2484556695
https://openalex.org/W2626302075
https://openalex.org/W2768427205
https://openalex.org/W2770279397
https://openalex.org/W2807516169
https://openalex.org/W2895624247
https://openalex.org/W2964226499
https://openalex.org/W6671357
https://openalex.org/W2079205986
https://openalex.org/W2313477739
https://openalex.org/W2402723581
https://openalex.org/W2408165107
https://openalex.org/W2509092383
https://openalex.org/W2562055641
https://openalex.org/W2902062759
https://openalex.org/W2948701147
https://openalex.org/W2948980838
https://openalex.org/W2969373421
https://openalex.org/W2979012121
https://openalex.org/W2996880125
https://openalex.org/W2299402736
https://openalex.org/W2996666061
https://openalex.org/W2998326499
https://openalex.org/W3016798483
https://openalex.org/W3095260617
https://openalex.org/W4248279491
https://openalex.org/W3014608516
https://openalex.org/W3017297259
https://openalex.org/W3087983161
https://openalex.org/W3119983434
https://openalex.org/W3174594740
https://openalex.org/W3209216255
https://openalex.org/W4210422326
https://openalex.org/W4210910023
https://openalex.org/W4211025078
https://openalex.org/W4224279347
https://openalex.org/W4225279704
https://openalex.org/W4225763369
https://openalex.org/W4281491544
https://openalex.org/W4286587418
https://openalex.org/W4306823399
https://openalex.org/W4309242869
https://openalex.org/W1982493279
https://openalex.org/W2078410268
https://openalex.org/W2081715425
https://openalex.org/W1806001682
https://openalex.org/W2038748806
https://openalex.org/W2080564110
https://openalex.org/W2090520487
https://openalex.org/W2020078148
https://openalex.org/W2979792403
https://openalex.org/W2063483915
https://openalex.org/W2157542997
https://openalex.org/W2159538510
https://openalex.org/W2188568884
https://openalex.org/W2077777914
https://openalex.org/W2093065902
https://openalex.org/W1975566828
https://openalex.org/W2014883898
https://openalex.org/W2048131299
https://openalex.org/W2087035652
https://openalex.org/W2087268163
https://openalex.org/W2341881312
https://openalex.org/W1542729422
https://openalex.org/W1985155595
https://openalex.org/W2954889313
https://openalex.org/W2044647987
https://openalex.org/W2051339849
https://openalex.org/W2129172467
https://openalex.org/W2142693130
https://openalex.org/W2144509979
https://openalex.org/W2034027198
https://openalex.org/W2037527105
https://openalex.org/W2069974300
https://openalex.org/W2114847093
https://openalex.org/W1973835145
https://openalex.org/W2009048394
https://openalex.org/W2129269256
https://openalex.org/W2016856873
https://openalex.org/W2049832899
https://openalex.org/W1968702455
https://openalex.org/W2004554405
https://openalex.org/W2012766689
https://openalex.org/W2054710687
https://openalex.org/W2055629362
https://openalex.org/W2092175845
https://openalex.org/W2414999358
https://openalex.org/W1997306216
https://openalex.org/W2059104456
https://openalex.org/W2320894314
https://openalex.org/W2017224423
https://openalex.org/W2087306031
https://openalex.org/W2089095044
https://openalex.org/W2268270220
https://openalex.org/W2547199382
https://openalex.org/W2606300880
https://openalex.org/W2767624341
https://openalex.org/W2792672148
https://openalex.org/W2889634920
https://openalex.org/W2900550539
https://openalex.org/W2953357589
https://openalex.org/W61383930
https://openalex.org/W2042593801
https://openalex.org/W2224332240
https://openalex.org/W2277875601
https://openalex.org/W2640900680
https://openalex.org/W2884156145
https://openalex.org/W2913395754
https://openalex.org/W2947086783
https://openalex.org/W2963063858
https://openalex.org/W2966545723
https://openalex.org/W649415528
https://openalex.org/W2190082238
https://openalex.org/W2196130027
https://openalex.org/W2297081270
https://openalex.org/W2310963052
https://openalex.org/W2963711716
https://openalex.org/W2964020895
https://openalex.org/W2989752003
https://openalex.org/W3026615791
https://openalex.org/W3091834668
https://openalex.org/W3015885315
https://openalex.org/W3114509328
https://openalex.org/W3128467735
https://openalex.org/W3161789582
https://openalex.org/W3180782002
https://openalex.org/W3188657758
https://openalex.org/W3195981940
https://openalex.org/W3198267655
https://openalex.org/W4200272218
https://openalex.org/W4206371251
https://openalex.org/W4210448612
https://openalex.org/W4211008307
https://openalex.org/W4214881459
https://openalex.org/W4308865765
https://openalex.org/W2030077957
https://openalex.org/W2093278530
https://openalex.org/W2074924013
https://openalex.org/W1964841125
https://openalex.org/W2025990619
https://openalex.org/W1586338789
https://openalex.org/W1571749674
https://openalex.org/W2013415980
https://openalex.org/W2097153982
https://openalex.org/W1974215609
https://openalex.org/W2010288674
https://openalex.org/W1972016459
https://openalex.org/W1978455779
https://openalex.org/W2018224243
https://openalex.org/W2149554748
https://openalex.org/W1988919896
https://openalex.org/W2004130105
https://openalex.org/W2224482425
https://openalex.org/W2027316564
https://openalex.org/W2099022068
https://openalex.org/W1980948211
https://openalex.org/W2029070296
https://openalex.org/W2007022986
https://openalex.org/W2086708420
https://openalex.org/W1994526814
https://openalex.org/W1995219114
https://openalex.org/W2008103272
https://openalex.org/W115614584
https://openalex.org/W1965783001
https://openalex.org/W1988884014
https://openalex.org/W2034986501
https://openalex.org/W2071585058
https://openalex.org/W2105567689
https://openalex.org/W2168994605
https://openalex.org/W1963010117
https://openalex.org/W2048621290
https://openalex.org/W2054222065
https://openalex.org/W2064147112
https://openalex.org/W2070172948
https://openalex.org/W2076890288
https://openalex.org/W2124223485
https://openalex.org/W2621632909
https://openalex.org/W2749621194
https://openalex.org/W2774640678
https://openalex.org/W2798154426
https://openalex.org/W2807536607
https://openalex.org/W2893066095
https://openalex.org/W2006751200
https://openalex.org/W2031783811
https://openalex.org/W2053035263
https://openalex.org/W2115466253
https://openalex.org/W2170214746
https://openalex.org/W2345359679
https://openalex.org/W2514488347
https://openalex.org/W2603684607
https://openalex.org/W2612390487
https://openalex.org/W2737180138
https://openalex.org/W2738375351
https://openalex.org/W2899376017
https://openalex.org/W2924658224
https://openalex.org/W2934076448
https://openalex.org/W2948722403
https://openalex.org/W2954928091
https://openalex.org/W2955169555
https://openalex.org/W3011697810
https://openalex.org/W3021659438
https://openalex.org/W3106368128
https://openalex.org/W2293064660
https://openalex.org/W2499796686
https://openalex.org/W2546669456
https://openalex.org/W2574807313
https://openalex.org/W3008460579
https://openalex.org/W3008962837
https://openalex.org/W3049106345
https://openalex.org/W3098838579
https://openalex.org/W3108920111
https://openalex.org/W3023891707
https://openalex.org/W3049387297
https://openalex.org/W3084114764
https://openalex.org/W3137924360
https://openalex.org/W3176271652
https://openalex.org/W3194850247
https://openalex.org/W3207866482
https://openalex.org/W3208434409
https://openalex.org/W2000892546
https://openalex.org/W1984814657
https://openalex.org/W2014946589
https://openalex.org/W2093918995
https://openalex.org/W2105446534
https://openalex.org/W2911604042
https://openalex.org/W2316584492
https://openalex.org/W35808036
https://openalex.org/W2028179332
https://openalex.org/W2073379466
https://openalex.org/W2087242767
https://openalex.org/W109108063
https://openalex.org/W130253229
https://openalex.org/W2167656468
https://openalex.org/W2059438130
https://openalex.org/W2083415215
https://openalex.org/W2034582951
https://openalex.org/W2056226246
https://openalex.org/W2158861577
https://openalex.org/W1976640570
https://openalex.org/W2107472119
https://openalex.org/W2129467179
https://openalex.org/W2166568337
https://openalex.org/W2066488121
https://openalex.org/W2254648405
https://openalex.org/W4291206514
https://openalex.org/W2074134896
https://openalex.org/W2005615662
https://openalex.org/W2097014911
https://openalex.org/W1969901287
https://openalex.org/W2017238433
https://openalex.org/W2059176443
https://openalex.org/W2075310004
https://openalex.org/W1969993716
https://openalex.org/W1973683601
https://openalex.org/W1977829171
https://openalex.org/W1999151388
https://openalex.org/W2038510325
https://openalex.org/W2043458796
https://openalex.org/W2048126307
https://openalex.org/W2159062294
https://openalex.org/W2165048730
https://openalex.org/W2167566058
https://openalex.org/W2564726378
https://openalex.org/W2605845950
https://openalex.org/W2735132769
https://openalex.org/W2749435430
https://openalex.org/W2865886613
https://openalex.org/W2980602528
https://openalex.org/W3005495064
https://openalex.org/W2005899479
https://openalex.org/W2056334856
https://openalex.org/W2058212028
https://openalex.org/W2114115963
https://openalex.org/W2154442603
https://openalex.org/W2218653417
https://openalex.org/W2566257561
https://openalex.org/W2906870073
https://openalex.org/W2967721815
https://openalex.org/W2995783920
https://openalex.org/W776707666
https://openalex.org/W992424713
https://openalex.org/W2053347663
https://openalex.org/W2781762509
https://openalex.org/W3016819253
https://openalex.org/W3037144013
https://openalex.org/W4255941625
https://openalex.org/W3113637202
https://openalex.org/W3145326330
https://openalex.org/W3217159410
https://openalex.org/W4200498356
https://openalex.org/W4210991503
https://openalex.org/W4223411848
https://openalex.org/W4281724795
https://openalex.org/W4285796015
https://openalex.org/W4309215245
https://openalex.org/W4309246277
https://openalex.org/W4310396543
https://openalex.org/W4317934491
https://openalex.org/W4319869009
https://openalex.org/W4321230010
https://openalex.org/W4321433685
https://openalex.org/W4322629195
https://openalex.org/W4323287476
https://openalex.org/W4361289801
https://openalex.org/W4365504352
https://openalex.org/W4366687795
https://openalex.org/W4378976740
https://openalex.org/W4379095280
https://openalex.org/W4379115216
https://openalex.org/W4380681695
https://openalex.org/W4382631855
https://openalex.org/W4383197475
https://openalex.org/W4383217224
https://openalex.org/W4385651879
https://openalex.org/W4386446598
https://openalex.org/W4387836848
https://openalex.org/W4388410310
https://openalex.org/W4388457329
https://openalex.org/W4388817054
https://openalex.org/W4389178754
https://openalex.org/W4389300225
https://openalex.org/W2042186549
https://openalex.org/W1533666050
https://openalex.org/W173969776
https://openalex.org/W1999899804
https://openalex.org/W1972559876
https://openalex.org/W2037838317
https://openalex.org/W2051166648
https://openalex.org/W1936218521
https://openalex.org/W1976966950
https://openalex.org/W255872526
https://openalex.org/W1545732373
https://openalex.org/W2009559742
https://openalex.org/W2094785971
https://openalex.org/W2431021232
https://openalex.org/W1995664308
https://openalex.org/W2056107257
https://openalex.org/W2122453109
https://openalex.org/W1965542564
https://openalex.org/W2268733685
https://openalex.org/W2019980388
https://openalex.org/W2074561402
https://openalex.org/W2167470927
https://openalex.org/W342856410
https://openalex.org/W2007044824
https://openalex.org/W2009881457
https://openalex.org/W2019080262
https://openalex.org/W2091328820
https://openalex.org/W2162040845
https://openalex.org/W2182778375
https://openalex.org/W2317262626
https://openalex.org/W2673599284
https://openalex.org/W2793852991
https://openalex.org/W2883183950
https://openalex.org/W2893092463
https://openalex.org/W2902610650
https://openalex.org/W1527463171
https://openalex.org/W1943894575
https://openalex.org/W1948797681
https://openalex.org/W2071808144
https://openalex.org/W2329515526
https://openalex.org/W2462522965
https://openalex.org/W2560732780
https://openalex.org/W2578299477
https://openalex.org/W2586268717
https://openalex.org/W2588573895
https://openalex.org/W2603701251
https://openalex.org/W2617800289
https://openalex.org/W2734907244
https://openalex.org/W2884540843
https://openalex.org/W2948291796
https://openalex.org/W2959509951
https://openalex.org/W2138441851
https://openalex.org/W1495752247
https://openalex.org/W1645246749
https://openalex.org/W2003079876
https://openalex.org/W2032406824
https://openalex.org/W2040829451
https://openalex.org/W2441268055
https://openalex.org/W1536745110
https://openalex.org/W1656412864
https://openalex.org/W1969004892
https://openalex.org/W1996608634
https://openalex.org/W1996888955
https://openalex.org/W2014092956
https://openalex.org/W2015780044
https://openalex.org/W2039801536
https://openalex.org/W2085897517
https://openalex.org/W2115373687
https://openalex.org/W2155659460
https://openalex.org/W2054838015
https://openalex.org/W1620328630
https://openalex.org/W2136518032
https://openalex.org/W2065553837
https://openalex.org/W2070322439
https://openalex.org/W2112457591
https://openalex.org/W2328323278
https://openalex.org/W1981023048
https://openalex.org/W2043733918
https://openalex.org/W2046394949
https://openalex.org/W4239721797
https://openalex.org/W2003359980
https://openalex.org/W1974840304
https://openalex.org/W2095672792
https://openalex.org/W1572954056
https://openalex.org/W2112604562
https://openalex.org/W2099532292
https://openalex.org/W2325781193
https://openalex.org/W2006541760
https://openalex.org/W2014403784
https://openalex.org/W2035717170
https://openalex.org/W2048767264
https://openalex.org/W2071433152
https://openalex.org/W2075984530
https://openalex.org/W2161594806
https://openalex.org/W2179060956
https://openalex.org/W2313511906
https://openalex.org/W2750448577
https://openalex.org/W2793578957
https://openalex.org/W2806845612
https://openalex.org/W2895688273
https://openalex.org/W2903214505
https://openalex.org/W1970058640
https://openalex.org/W1977776259
https://openalex.org/W1991464521
https://openalex.org/W1992195823
https://openalex.org/W2001540554
https://openalex.org/W2020217463
https://openalex.org/W2027945272
https://openalex.org/W2032838314
https://openalex.org/W2060561236
https://openalex.org/W2100922107
https://openalex.org/W2135832117
https://openalex.org/W2294435779
https://openalex.org/W2485822117
https://openalex.org/W2740969472
https://openalex.org/W2759919429
https://openalex.org/W2767044804
https://openalex.org/W2786463268
https://openalex.org/W2910201365
https://openalex.org/W2940091158
https://openalex.org/W2963749551
https://openalex.org/W2973902149
https://openalex.org/W2976061163
https://openalex.org/W2990583860
https://openalex.org/W2991088630
https://openalex.org/W2993947248
https://openalex.org/W2995620309
https://openalex.org/W3005164474
https://openalex.org/W3028961024
https://openalex.org/W3092609419
https://openalex.org/W3093412586
https://openalex.org/W3122174766
https://openalex.org/W3125590746
https://openalex.org/W2004512082
https://openalex.org/W2281433646
https://openalex.org/W2473290419
https://openalex.org/W2598748851
https://openalex.org/W3024859680
https://openalex.org/W3123971760
https://openalex.org/W3129118074
https://openalex.org/W3136955970
https://openalex.org/W3158350307
https://openalex.org/W3164986634
https://openalex.org/W3186461157
https://openalex.org/W3188802644
https://openalex.org/W3212256270
https://openalex.org/W4200007336
https://openalex.org/W123694201
https://openalex.org/W179873449
https://openalex.org/W2403897847
https://openalex.org/W116396430
https://openalex.org/W2045367302
https://openalex.org/W2091322704
https://openalex.org/W60092397
https://openalex.org/W1970342197
https://openalex.org/W2000138969
https://openalex.org/W2017595397
https://openalex.org/W2043362163
https://openalex.org/W2050212051
https://openalex.org/W2313499623
https://openalex.org/W963516133
https://openalex.org/W2096804324
https://openalex.org/W4242688490
https://openalex.org/W2313898925
https://openalex.org/W1973021979
https://openalex.org/W1997490140
https://openalex.org/W1996862989
https://openalex.org/W2035030347
https://openalex.org/W2039443488
https://openalex.org/W2137648772
https://openalex.org/W2141852548
https://openalex.org/W2151588335
https://openalex.org/W2164119970
https://openalex.org/W2402534023
https://openalex.org/W2404692673
https://openalex.org/W4244170388
https://openalex.org/W1983819081
https://openalex.org/W2022109569
https://openalex.org/W2038321197
https://openalex.org/W2047708930
https://openalex.org/W4239903869
https://openalex.org/W1991581219
https://openalex.org/W2068216285
https://openalex.org/W2081028266
https://openalex.org/W2147796196
https://openalex.org/W2241149245
https://openalex.org/W2578840731
https://openalex.org/W2581401792
https://openalex.org/W2584114481
https://openalex.org/W2897453009
https://openalex.org/W2909183907
https://openalex.org/W2913740898
https://openalex.org/W2950930049
https://openalex.org/W2951940873
https://openalex.org/W2989368760
https://openalex.org/W2996554889
https://openalex.org/W3010665568
https://openalex.org/W3021291395
https://openalex.org/W3095966240
https://openalex.org/W3104095138
https://openalex.org/W3116362429
https://openalex.org/W584575219
https://openalex.org/W2007963511
https://openalex.org/W3112685728
https://openalex.org/W3135176692
https://openalex.org/W3139633416
https://openalex.org/W3152644772
https://openalex.org/W3159878539
https://openalex.org/W3162109958
https://openalex.org/W3168522298
https://openalex.org/W3207511294
https://openalex.org/W4206168740
https://openalex.org/W4212901982
https://openalex.org/W4213180481
https://openalex.org/W4283696911
https://openalex.org/W4285092844
https://openalex.org/W4286210331
https://openalex.org/W4292554559
https://openalex.org/W4312050756
https://openalex.org/W4319309754
https://openalex.org/W1584502635
https://openalex.org/W2098050472
https://openalex.org/W2027952195
https://openalex.org/W2502307719
https://openalex.org/W1941490928
https://openalex.org/W195645743
https://openalex.org/W2006539147
https://openalex.org/W1981359745
https://openalex.org/W2054172589
https://openalex.org/W2139390892
https://openalex.org/W2166133212
https://openalex.org/W1519254088
https://openalex.org/W2066486855
https://openalex.org/W2076501936
https://openalex.org/W3196584804
https://openalex.org/W2019376010
https://openalex.org/W2893620752
https://openalex.org/W1997178715
https://openalex.org/W1969181685
https://openalex.org/W1971103283
https://openalex.org/W2092593159
https://openalex.org/W144802844
https://openalex.org/W1481421628
https://openalex.org/W195203211
https://openalex.org/W2004863547
https://openalex.org/W2016731916
https://openalex.org/W2042570844
https://openalex.org/W235653277
https://openalex.org/W2891609809
https://openalex.org/W2895890810
https://openalex.org/W2903114262
https://openalex.org/W1145310008
https://openalex.org/W1527725398
https://openalex.org/W1684696888
https://openalex.org/W1939443792
https://openalex.org/W2030270212
https://openalex.org/W2030615864
https://openalex.org/W2033621054
https://openalex.org/W2036706244
https://openalex.org/W2133974565
https://openalex.org/W2157337721
https://openalex.org/W2169463896
https://openalex.org/W2186999654
https://openalex.org/W2281038381
https://openalex.org/W2295698825
https://openalex.org/W2515908403
https://openalex.org/W2591211899
https://openalex.org/W2600879679
https://openalex.org/W2951026077
https://openalex.org/W3012452688
https://openalex.org/W3035216046
https://openalex.org/W3044342522
https://openalex.org/W3044996800
https://openalex.org/W3163055926
https://openalex.org/W2475203691
https://openalex.org/W2019491074
https://openalex.org/W2031661230
https://openalex.org/W1523485102
https://openalex.org/W2014935054
https://openalex.org/W2019823049
https://openalex.org/W2130128166
https://openalex.org/W2315428413
https://openalex.org/W37837770
https://openalex.org/W121930993
https://openalex.org/W1548788944
https://openalex.org/W2014824910
https://openalex.org/W2058441364
https://openalex.org/W2078230360
https://openalex.org/W2471330515
https://openalex.org/W1965076538
https://openalex.org/W2003040341
https://openalex.org/W143863254
https://openalex.org/W2013295465
https://openalex.org/W124814690
https://openalex.org/W1967287770
https://openalex.org/W1990550041
https://openalex.org/W2079837762
https://openalex.org/W2121848227
https://openalex.org/W2312722547
https://openalex.org/W2460220118
https://openalex.org/W4235518508
https://openalex.org/W981045073
https://openalex.org/W1934521424
https://openalex.org/W1995146894
https://openalex.org/W2007103653
https://openalex.org/W2088099398
https://openalex.org/W2122353806
https://openalex.org/W2782931069
https://openalex.org/W2789859061
https://openalex.org/W2898360944
https://openalex.org/W2910877634
https://openalex.org/W2912743991
https://openalex.org/W2912782414
https://openalex.org/W2922295588
https://openalex.org/W2937006427
https://openalex.org/W2945466288
https://openalex.org/W2989190150
https://openalex.org/W3015732324
https://openalex.org/W3015912505
https://openalex.org/W1547862992
https://openalex.org/W1595140452
https://openalex.org/W1822233437
https://openalex.org/W2014238989
https://openalex.org/W2060479653
https://openalex.org/W2104495223
https://openalex.org/W2242721390
https://openalex.org/W2516537475
https://openalex.org/W2521019537
https://openalex.org/W2535479311
https://openalex.org/W2584508387
https://openalex.org/W3102510319
https://openalex.org/W3118605723
https://openalex.org/W3122246237
https://openalex.org/W3135091370
https://openalex.org/W3136830317
https://openalex.org/W3141220538
https://openalex.org/W3154409378
https://openalex.org/W3159810726
https://openalex.org/W3160593559
https://openalex.org/W3162450612
https://openalex.org/W3165700039
https://openalex.org/W3166267855
https://openalex.org/W3169004697
https://openalex.org/W3178444978
https://openalex.org/W3180054225
https://openalex.org/W4200459573
https://openalex.org/W1568498901
https://openalex.org/W2248818245
https://openalex.org/W44860490
https://openalex.org/W1969873442
https://openalex.org/W1601610936
https://openalex.org/W2007419698
https://openalex.org/W2169384912
https://openalex.org/W4239159041
https://openalex.org/W2053382405
https://openalex.org/W187983705
https://openalex.org/W1972906787
https://openalex.org/W2136749094
https://openalex.org/W2169415723
https://openalex.org/W2041948736
https://openalex.org/W2133535982
https://openalex.org/W2145145355
https://openalex.org/W2152891461
https://openalex.org/W1573290721
https://openalex.org/W1925357827
https://openalex.org/W1967069198
https://openalex.org/W1990041022
https://openalex.org/W1990122400
https://openalex.org/W2022607873
https://openalex.org/W2032766284
https://openalex.org/W2056659992
https://openalex.org/W2057457804
https://openalex.org/W2060427314
https://openalex.org/W2099850213
https://openalex.org/W2162011700
https://openalex.org/W2345979003
https://openalex.org/W2420898054
https://openalex.org/W2735561235
https://openalex.org/W2737599100
https://openalex.org/W2767677320
https://openalex.org/W2771908892
https://openalex.org/W2775038042
https://openalex.org/W2778813344
https://openalex.org/W2794287687
https://openalex.org/W2796418758
https://openalex.org/W2802699459
https://openalex.org/W2803371357
https://openalex.org/W2805243350
https://openalex.org/W2836612248
https://openalex.org/W2888919617
https://openalex.org/W2889755093
https://openalex.org/W2891269858
https://openalex.org/W2901621163
https://openalex.org/W2917842061
https://openalex.org/W2941562644
https://openalex.org/W2957414110
https://openalex.org/W2964643177
https://openalex.org/W3000075644
https://openalex.org/W3012493239
https://openalex.org/W3015219833
https://openalex.org/W3023353287
https://openalex.org/W3045083415
https://openalex.org/W3082180087
https://openalex.org/W3083527921
https://openalex.org/W3087320945
https://openalex.org/W3094886017
https://openalex.org/W3096275617
https://openalex.org/W3106840663
https://openalex.org/W3108142968
https://openalex.org/W4287774379
https://openalex.org/W48115119
https://openalex.org/W1969721724
https://openalex.org/W2244045468
https://openalex.org/W2288678426
https://openalex.org/W2490227449
https://openalex.org/W2509784039
https://openalex.org/W2534043196
https://openalex.org/W2549969613
https://openalex.org/W2551393047
https://openalex.org/W2658260723
https://openalex.org/W601818843
https://openalex.org/W792904136
https://openalex.org/W4214806659
https://openalex.org/W4220666202
https://openalex.org/W4281703771
https://openalex.org/W4285088369
https://openalex.org/W4285795234
https://openalex.org/W4285992210
https://openalex.org/W4290012327
https://openalex.org/W4298087679
https://openalex.org/W4308554261
https://openalex.org/W1999600336
https://openalex.org/W2084781325
https://openalex.org/W2141833998
https://openalex.org/W2001034925
https://openalex.org/W2035438747
https://openalex.org/W2050955130
https://openalex.org/W2083314479
https://openalex.org/W72952475
https://openalex.org/W2011342098
https://openalex.org/W4291002302
https://openalex.org/W2993533752
https://openalex.org/W1597314914
https://openalex.org/W2012825270
https://openalex.org/W2032494867
https://openalex.org/W2107142460
https://openalex.org/W84025449
https://openalex.org/W1982963598
https://openalex.org/W2180010080
https://openalex.org/W2332018230
https://openalex.org/W2547449131
https://openalex.org/W84060595
https://openalex.org/W2006263791
https://openalex.org/W2053440224
https://openalex.org/W2070311686
https://openalex.org/W2134744871
https://openalex.org/W2142560099
https://openalex.org/W2157666681
https://openalex.org/W2187553897
https://openalex.org/W1006971810
https://openalex.org/W1554708459
https://openalex.org/W1975165830
https://openalex.org/W1982684850
https://openalex.org/W1985771542
https://openalex.org/W2020188603
https://openalex.org/W2026049598
https://openalex.org/W2036602420
https://openalex.org/W2085481253
https://openalex.org/W2088255434
https://openalex.org/W2093052819
https://openalex.org/W2110454865
https://openalex.org/W2127357893
https://openalex.org/W2128579264
https://openalex.org/W2155481934
https://openalex.org/W2164592898
https://openalex.org/W140934983
https://openalex.org/W144893665
https://openalex.org/W1986148437
https://openalex.org/W2009083820
https://openalex.org/W2014422446
https://openalex.org/W2046786345
https://openalex.org/W2121319580
https://openalex.org/W2401206041
https://openalex.org/W2467955953
https://openalex.org/W4237256113
https://openalex.org/W2033323414
https://openalex.org/W2051709511
https://openalex.org/W1783298996
https://openalex.org/W198265495
https://openalex.org/W2077093708
https://openalex.org/W2081798387
https://openalex.org/W2126393143
https://openalex.org/W2430727530
https://openalex.org/W275651249
https://openalex.org/W2971658378
https://openalex.org/W2003200547
https://openalex.org/W2113003532
https://openalex.org/W2227738997
https://openalex.org/W2285847925
https://openalex.org/W1972121977
https://openalex.org/W2114359431
https://openalex.org/W2415698663
https://openalex.org/W2993965158
https://openalex.org/W1495842394
https://openalex.org/W1633612905
https://openalex.org/W1982770607
https://openalex.org/W2008981195
https://openalex.org/W2039059554
https://openalex.org/W2275241381
https://openalex.org/W2518724273
https://openalex.org/W2520747761
https://openalex.org/W2596396252
https://openalex.org/W2728728877
https://openalex.org/W2766719746
https://openalex.org/W2786198152
https://openalex.org/W2791707909
https://openalex.org/W2792765008
https://openalex.org/W2910880989
https://openalex.org/W2944257004
https://openalex.org/W3013537450
https://openalex.org/W3020896687
https://openalex.org/W3025641435
https://openalex.org/W3033240618
https://openalex.org/W3036332964
https://openalex.org/W3038691585
https://openalex.org/W3043902626
https://openalex.org/W3048753425
https://openalex.org/W3081793114
https://openalex.org/W3103089432
https://openalex.org/W3108963695
https://openalex.org/W3121719384
https://openalex.org/W3121791191
https://openalex.org/W3126242194
https://openalex.org/W3160056314
https://openalex.org/W3163565804
https://openalex.org/W3171570679
https://openalex.org/W3177329340
https://openalex.org/W3180094618
https://openalex.org/W3187291308
https://openalex.org/W3191175191
https://openalex.org/W3193537069
https://openalex.org/W3194596549
https://openalex.org/W3198545374
https://openalex.org/W3200416986
https://openalex.org/W3216512684
https://openalex.org/W3217739841
https://openalex.org/W4234236464
https://openalex.org/W4298587412
https://openalex.org/W2340377762
https://openalex.org/W2393827826
https://openalex.org/W2411183699
https://openalex.org/W2491488649
https://openalex.org/W2528002970
https://openalex.org/W2557619843
https://openalex.org/W2583642211
https://openalex.org/W2588958247
https://openalex.org/W2790384166
https://openalex.org/W3137693776
https://openalex.org/W4378976599
https://openalex.org/W4387312985
https://openalex.org/W4387507044
https://openalex.org/W4389723335
https://openalex.org/W121256947
https://openalex.org/W1974135710
https://openalex.org/W1979912008
https://openalex.org/W1980053961
https://openalex.org/W1984217572
https://openalex.org/W2047068977
https://openalex.org/W2059481862
https://openalex.org/W2085040961
https://openalex.org/W2170345117
https://openalex.org/W2217660080
https://openalex.org/W2032415767
https://openalex.org/W2034392649
https://openalex.org/W2069920568
https://openalex.org/W2586409249
https://openalex.org/W2137640179
https://openalex.org/W142899629
https://openalex.org/W2049814872
https://openalex.org/W2612011562
https://openalex.org/W1570589394
https://openalex.org/W2035774601
https://openalex.org/W2096300453
https://openalex.org/W28133099
https://openalex.org/W3098036983
https://openalex.org/W2001056680
https://openalex.org/W2027195855
https://openalex.org/W2050694412
https://openalex.org/W2135078355
https://openalex.org/W2137897389
https://openalex.org/W2155883327
https://openalex.org/W2169179929
https://openalex.org/W2607691532
https://openalex.org/W4252261075
https://openalex.org/W1128378056
https://openalex.org/W137393173
https://openalex.org/W1505166326
https://openalex.org/W1544504103
https://openalex.org/W1564058750
https://openalex.org/W1591999385
https://openalex.org/W1612569827
https://openalex.org/W1948923027
https://openalex.org/W1962876118
https://openalex.org/W1966654612
https://openalex.org/W1967147788
https://openalex.org/W1981711895
https://openalex.org/W2000016949
https://openalex.org/W2024509619
https://openalex.org/W2037919366
https://openalex.org/W2040081464
https://openalex.org/W2045547508
https://openalex.org/W2055584176
https://openalex.org/W2070251147
https://openalex.org/W2080141400
https://openalex.org/W2105241365
https://openalex.org/W2133273519
https://openalex.org/W2174546450
https://openalex.org/W2197531298
https://openalex.org/W2237866700
https://openalex.org/W2242264264
https://openalex.org/W2288544127
https://openalex.org/W2298637336
https://openalex.org/W2319879971
https://openalex.org/W2323153180
https://openalex.org/W2403551655
https://openalex.org/W2411344900
https://openalex.org/W2472167406
https://openalex.org/W2524712359
https://openalex.org/W2603483338
https://openalex.org/W3099001078
https://openalex.org/W4234217721
https://openalex.org/W4313420474
https://openalex.org/W4313522512
https://openalex.org/W4313522936
https://openalex.org/W4319788565
https://openalex.org/W4322744555
https://openalex.org/W4323816703
https://openalex.org/W4323817409
https://openalex.org/W4327779046
https://openalex.org/W4328051497
https://openalex.org/W4361251069
https://openalex.org/W4361251218
https://openalex.org/W4361251328
https://openalex.org/W4361251512
https://openalex.org/W4361251940
https://openalex.org/W4361253092
https://openalex.org/W4362485170
https://openalex.org/W4362485176
https://openalex.org/W4362485199
https://openalex.org/W4362485209
https://openalex.org/W4362485314
https://openalex.org/W4362485356
https://openalex.org/W4362546205
https://openalex.org/W4362618678
https://openalex.org/W4362618754
https://openalex.org/W4362629038
https://openalex.org/W4362629055
https://openalex.org/W4365457140
https://openalex.org/W4365511720
https://openalex.org/W4366579082
https://openalex.org/W4366772045
https://openalex.org/W4366983426
https://openalex.org/W4367595849
https://openalex.org/W4377108406
https://openalex.org/W4378976669
https://openalex.org/W4378976699
https://openalex.org/W4378976887
https://openalex.org/W4378976964
https://openalex.org/W4380032930
https://openalex.org/W4380372537
https://openalex.org/W4380792766
https://openalex.org/W4380994467
https://openalex.org/W4381085636
https://openalex.org/W4381376453
https://openalex.org/W4382322853
https://openalex.org/W4382395657
https://openalex.org/W4384023245
https://openalex.org/W4384301224
https://openalex.org/W4384562028
https://openalex.org/W4384564928
https://openalex.org/W4384807832
https://openalex.org/W4384827098
https://openalex.org/W4385231702
https://openalex.org/W4385373849
https://openalex.org/W4385436572
https://openalex.org/W4385551020
https://openalex.org/W4385556849
https://openalex.org/W4385759015
https://openalex.org/W4385771171
https://openalex.org/W4385811003
https://openalex.org/W4385811353
https://openalex.org/W4385898012
https://openalex.org/W4386136156
https://openalex.org/W4386211141
https://openalex.org/W4386260683
https://openalex.org/W4386421577
https://openalex.org/W4386597515
https://openalex.org/W4386687223
https://openalex.org/W4387019731
https://openalex.org/W4387135148
https://openalex.org/W4387210428
https://openalex.org/W4387210467
https://openalex.org/W4387431810
https://openalex.org/W4387521623
https://openalex.org/W4387581695
https://openalex.org/W4387606738
https://openalex.org/W4387651810
https://openalex.org/W4387739915
https://openalex.org/W4387801360
https://openalex.org/W4387874356
https://openalex.org/W4387914731
https://openalex.org/W4387935748
https://openalex.org/W4388279586
https://openalex.org/W4388383907
https://openalex.org/W4388535856
https://openalex.org/W4388675785
https://openalex.org/W4388724900
https://openalex.org/W4388824136
https://openalex.org/W4388824717
https://openalex.org/W4388896860
https://openalex.org/W4388971986
https://openalex.org/W4389295071
https://openalex.org/W4389346545
https://openalex.org/W4389395156
https://openalex.org/W4389485957
https://openalex.org/W4389506359
https://openalex.org/W4389722997
https://openalex.org/W4389832110
https://openalex.org/W4390079976
https://openalex.org/W4391680574
https://openalex.org/W4391920368
https://openalex.org/W4392722412
https://openalex.org/W4394147502
https://openalex.org/W113788462
https://openalex.org/W1569657319
https://openalex.org/W1989920481
https://openalex.org/W2036372626
https://openalex.org/W2046981511
https://openalex.org/W2050953601
https://openalex.org/W2090387857
https://openalex.org/W2115596912
https://openalex.org/W2202520022
https://openalex.org/W2334261488
https://openalex.org/W3022779138
https://openalex.org/W55580050
https://openalex.org/W117142357
https://openalex.org/W1972158150
https://openalex.org/W1982535733
https://openalex.org/W2062359772
https://openalex.org/W2070597453
https://openalex.org/W2240922297
https://openalex.org/W2466939968
https://openalex.org/W1505450781
https://openalex.org/W1545448681
https://openalex.org/W1965180769
https://openalex.org/W1984191826
https://openalex.org/W2126964230
https://openalex.org/W2144112714
https://openalex.org/W2164677606
https://openalex.org/W1901465617
https://openalex.org/W2079233712
https://openalex.org/W2121247032
https://openalex.org/W4246278334
https://openalex.org/W4251076936
https://openalex.org/W4298306418
https://openalex.org/W144900681
https://openalex.org/W2031995453
https://openalex.org/W3026419470
https://openalex.org/W1870296667
https://openalex.org/W2114270558
https://openalex.org/W2183005361
https://openalex.org/W2583166369
https://openalex.org/W2619995802
https://openalex.org/W2620610503
https://openalex.org/W2760970128
https://openalex.org/W2761964312
https://openalex.org/W2766274415
https://openalex.org/W2984174815
https://openalex.org/W2092269756
https://openalex.org/W1975524914
https://openalex.org/W1995525871
https://openalex.org/W2043512987
https://openalex.org/W2043911297
https://openalex.org/W2066304440
https://openalex.org/W2086757988
https://openalex.org/W2101572093
https://openalex.org/W2108893172
https://openalex.org/W2141537842
https://openalex.org/W3098534581
https://openalex.org/W4249646096
https://openalex.org/W2135222161
https://openalex.org/W3087916656
https://openalex.org/W1550472116
https://openalex.org/W1669624875
https://openalex.org/W1965816403
https://openalex.org/W1980862364
https://openalex.org/W1997667143
https://openalex.org/W2055143303
https://openalex.org/W2154429473
https://openalex.org/W2197498248
https://openalex.org/W2266999025
https://openalex.org/W2364541392
https://openalex.org/W285631635
https://openalex.org/W2965553638
https://openalex.org/W3113047643
https://openalex.org/W145209268
https://openalex.org/W1540312524
https://openalex.org/W2007063799
https://openalex.org/W2081301018
https://openalex.org/W2084613477
https://openalex.org/W2111745537
https://openalex.org/W2141559471
https://openalex.org/W2177759807
https://openalex.org/W2423563474
https://openalex.org/W2785724908
https://openalex.org/W2808528573
https://openalex.org/W2891077327
https://openalex.org/W2891320285
https://openalex.org/W2898648661
https://openalex.org/W2905524397
https://openalex.org/W2942227242
https://openalex.org/W2975515006
https://openalex.org/W2978164722
https://openalex.org/W2996613847
https://openalex.org/W2996941390
https://openalex.org/W3009916930
https://openalex.org/W3015132522
https://openalex.org/W3015506438
https://openalex.org/W3015635481
https://openalex.org/W3015857972
https://openalex.org/W3015924048
https://openalex.org/W3018338233
https://openalex.org/W3025123178
https://openalex.org/W3029331210
https://openalex.org/W3047800964
https://openalex.org/W3096421446
https://openalex.org/W3106646601
https://openalex.org/W3107754688
https://openalex.org/W3120774609
https://openalex.org/W3126795574
https://openalex.org/W3128607206
https://openalex.org/W3129597295
https://openalex.org/W3129799717
https://openalex.org/W3131482069
https://openalex.org/W3132332882
https://openalex.org/W3134509445
https://openalex.org/W3136312111
https://openalex.org/W3156153222
https://openalex.org/W3158273815
https://openalex.org/W3165366876
https://openalex.org/W3170225439
https://openalex.org/W3175867600
https://openalex.org/W3180596077
https://openalex.org/W3185205280
https://openalex.org/W3197170412
https://openalex.org/W3198831364
https://openalex.org/W3213425311
https://openalex.org/W2428309457
https://openalex.org/W2502473694
https://openalex.org/W2510096922
https://openalex.org/W2511211564
https://openalex.org/W2525586177
https://openalex.org/W2553756064
https://openalex.org/W2569362287
https://openalex.org/W4213419334
https://openalex.org/W4214496800
https://openalex.org/W4225106835
https://openalex.org/W4281721321
https://openalex.org/W4283216408
https://openalex.org/W4285087751
https://openalex.org/W4292295296
https://openalex.org/W4293057352
https://openalex.org/W4293479709
https://openalex.org/W4295182935
https://openalex.org/W4296713959
https://openalex.org/W4298142979
https://openalex.org/W4306708151
https://openalex.org/W4307502485
https://openalex.org/W4311846204
https://openalex.org/W4313058587
https://openalex.org/W4391250192
https://openalex.org/W1981284577
https://openalex.org/W1985372490
https://openalex.org/W1993127505
https://openalex.org/W2022035518
https://openalex.org/W2259504405
https://openalex.org/W2014285949
https://openalex.org/W2024254197
https://openalex.org/W2041299552
https://openalex.org/W2060520111
https://openalex.org/W2087275651
https://openalex.org/W2122018653
https://openalex.org/W2234168461
https://openalex.org/W2321729706
https://openalex.org/W2416774782
https://openalex.org/W2470803911
https://openalex.org/W2912336926
https://openalex.org/W153555385
https://openalex.org/W2325455254
https://openalex.org/W2366029052
https://openalex.org/W988068658
https://openalex.org/W1966115692
https://openalex.org/W2008526638
https://openalex.org/W2192674007
https://openalex.org/W2565945251
https://openalex.org/W30037725
https://openalex.org/W1989390961
https://openalex.org/W2115284424
https://openalex.org/W2419877966
https://openalex.org/W2471714929
https://openalex.org/W3142166733
https://openalex.org/W74390612
https://openalex.org/W1259276295
https://openalex.org/W1504208772
https://openalex.org/W1508866846
https://openalex.org/W1597821583
https://openalex.org/W1912165883
https://openalex.org/W1970859919
https://openalex.org/W1980301308
https://openalex.org/W1983759014
https://openalex.org/W1992800610
https://openalex.org/W2015021521
https://openalex.org/W2025151196
https://openalex.org/W2034505282
https://openalex.org/W2053080376
https://openalex.org/W2055321837
https://openalex.org/W2078203871
https://openalex.org/W2083730870
https://openalex.org/W2102048672
https://openalex.org/W2124572689
https://openalex.org/W2168259226
https://openalex.org/W2289609570
https://openalex.org/W2318142092
https://openalex.org/W2328022766
https://openalex.org/W2400674973
https://openalex.org/W2440690105
https://openalex.org/W2444577771
https://openalex.org/W2525513972
https://openalex.org/W2544922470
https://openalex.org/W2551174814
https://openalex.org/W2597013757
https://openalex.org/W4205973691
https://openalex.org/W4213307431
https://openalex.org/W4242042805
https://openalex.org/W4292566769
https://openalex.org/W1983828033
https://openalex.org/W2010245661
https://openalex.org/W2040327942
https://openalex.org/W2044568891
https://openalex.org/W2092003006
https://openalex.org/W2428078204
https://openalex.org/W1504536622
https://openalex.org/W2045793235
https://openalex.org/W2072525758
https://openalex.org/W2073079758
https://openalex.org/W2256449698
https://openalex.org/W1975376167
https://openalex.org/W2057217742
https://openalex.org/W1530475938
https://openalex.org/W1967246125
https://openalex.org/W2022248417
https://openalex.org/W2026557626
https://openalex.org/W2041690016
https://openalex.org/W2069092850
https://openalex.org/W2087846424
https://openalex.org/W2109759873
https://openalex.org/W2117917691
https://openalex.org/W2118705519
https://openalex.org/W2143835809
https://openalex.org/W2155811714
https://openalex.org/W2177404594
https://openalex.org/W2795224430
https://openalex.org/W94681135
https://openalex.org/W1630599557
https://openalex.org/W1890189889
https://openalex.org/W1965588768
https://openalex.org/W1973620049
https://openalex.org/W2028874553
https://openalex.org/W2034525300
https://openalex.org/W2042611769
https://openalex.org/W2077577746
https://openalex.org/W2100530847
https://openalex.org/W2103729702
https://openalex.org/W2169922963
https://openalex.org/W2181442650
https://openalex.org/W2183360140
https://openalex.org/W2329340557
https://openalex.org/W2334492270
https://openalex.org/W2382404565
https://openalex.org/W2404501467
https://openalex.org/W2412250795
https://openalex.org/W2419402099
https://openalex.org/W2729263602
https://openalex.org/W2781967918
https://openalex.org/W2889966270
https://openalex.org/W2975397170
https://openalex.org/W3028968115
https://openalex.org/W3103639408
https://openalex.org/W3119209261
https://openalex.org/W4251145474
https://openalex.org/W129289290
https://openalex.org/W1497320672
https://openalex.org/W1533083459
https://openalex.org/W1860073125
https://openalex.org/W1967948386
https://openalex.org/W1970613329
https://openalex.org/W1978741141
https://openalex.org/W1992239265
https://openalex.org/W2164273979
https://openalex.org/W2313913271
https://openalex.org/W2461316434
https://openalex.org/W2468970790
https://openalex.org/W37905243
https://openalex.org/W4253249992
https://openalex.org/W52670561
https://openalex.org/W563280912
https://openalex.org/W1513432968
https://openalex.org/W155890543
https://openalex.org/W1791494668
https://openalex.org/W2150401456
https://openalex.org/W2323199967
https://openalex.org/W2411944020
https://openalex.org/W1532229680
https://openalex.org/W1673302402
https://openalex.org/W2013286045
https://openalex.org/W2016503094
https://openalex.org/W2059279173
https://openalex.org/W2090581769
https://openalex.org/W2144199528
https://openalex.org/W2147694181
https://openalex.org/W2161337876
https://openalex.org/W2404720021
https://openalex.org/W2418176730
https://openalex.org/W99645530
https://openalex.org/W1521997919
https://openalex.org/W1594504183
https://openalex.org/W1981298823
https://openalex.org/W2057608141
https://openalex.org/W2228980779
https://openalex.org/W2405423330
https://openalex.org/W2510871576
https://openalex.org/W2534054217
https://openalex.org/W2742967546
https://openalex.org/W2803556269
https://openalex.org/W2804726714
https://openalex.org/W2807841448
https://openalex.org/W2809153987
https://openalex.org/W2811025807
https://openalex.org/W2884348011
https://openalex.org/W2900021203
https://openalex.org/W2903047067
https://openalex.org/W2913542970
https://openalex.org/W2951881670
https://openalex.org/W3024082807
https://openalex.org/W3030115636
https://openalex.org/W3031765862
https://openalex.org/W3168191505
https://openalex.org/W838552081
https://openalex.org/W100263077
https://openalex.org/W2044153837
https://openalex.org/W79105975
https://openalex.org/W1964359939
https://openalex.org/W2042040639
https://openalex.org/W2145478669
https://openalex.org/W150935959
https://openalex.org/W1979427756
https://openalex.org/W2015094395
https://openalex.org/W2046265572
https://openalex.org/W2098308242
https://openalex.org/W2119770407
https://openalex.org/W2140272916
https://openalex.org/W2353660198
https://openalex.org/W2410927555
https://openalex.org/W2544241596
https://openalex.org/W2587926342
https://openalex.org/W2886545101
https://openalex.org/W2918015149
https://openalex.org/W2924956583
https://openalex.org/W2952217743
https://openalex.org/W2963065253
https://openalex.org/W2966589998
https://openalex.org/W2978225694
https://openalex.org/W3015544715
https://openalex.org/W3025049438
https://openalex.org/W3032542765
https://openalex.org/W3038100755
https://openalex.org/W3093438949
https://openalex.org/W3111494797
https://openalex.org/W3116211962
https://openalex.org/W3186489175
https://openalex.org/W3189489236
https://openalex.org/W4226089433
https://openalex.org/W4287867940
https://openalex.org/W1597937418
https://openalex.org/W1970364462
https://openalex.org/W1974053736
https://openalex.org/W1992375482
https://openalex.org/W2018430589
https://openalex.org/W2028584533
https://openalex.org/W2028767916
https://openalex.org/W2030838749
https://openalex.org/W2035397008
https://openalex.org/W2040994702
https://openalex.org/W2270655051
https://openalex.org/W2401807228
https://openalex.org/W2417068331
https://openalex.org/W332597986
https://openalex.org/W4377005983
https://openalex.org/W142313372
https://openalex.org/W1480810290
https://openalex.org/W1917104996
https://openalex.org/W1989588375
https://openalex.org/W2034458757
https://openalex.org/W2060795897
https://openalex.org/W2088193440
https://openalex.org/W2107503851
https://openalex.org/W218119864
https://openalex.org/W2365945317
https://openalex.org/W2951708032
https://openalex.org/W1541587007
https://openalex.org/W1989218972
https://openalex.org/W2010670554
https://openalex.org/W2300687313
https://openalex.org/W2408992284
https://openalex.org/W27961048
https://openalex.org/W3030762539
https://openalex.org/W3097423995
https://openalex.org/W3121926042
https://openalex.org/W3130074618
https://openalex.org/W3155682230
https://openalex.org/W3168997460
https://openalex.org/W3172728874
https://openalex.org/W3174511054
https://openalex.org/W3183865055
https://openalex.org/W3185860014
https://openalex.org/W3193958169
https://openalex.org/W3194498728
https://openalex.org/W3199627023
https://openalex.org/W3210613588
https://openalex.org/W4200130433
https://openalex.org/W4200180877
https://openalex.org/W4200285610
https://openalex.org/W4200486751
https://openalex.org/W4200486963
https://openalex.org/W4200505857
https://openalex.org/W4200506726
https://openalex.org/W4206797151
https://openalex.org/W4233339136
https://openalex.org/W2197609028
https://openalex.org/W3121488761
https://openalex.org/W2024990764
https://openalex.org/W2333017132
https://openalex.org/W2008488226
https://openalex.org/W2291356399
https://openalex.org/W2981007732
https://openalex.org/W1494710390
https://openalex.org/W1587504849
https://openalex.org/W1967617186
https://openalex.org/W1980993768
https://openalex.org/W1998146616
https://openalex.org/W2007849589
https://openalex.org/W2019566802
https://openalex.org/W2031740527
https://openalex.org/W2042697579
https://openalex.org/W2076878441
https://openalex.org/W2317266561
https://openalex.org/W2319422033
https://openalex.org/W2371415700
https://openalex.org/W2406792572
https://openalex.org/W2419866969
https://openalex.org/W2548415935
https://openalex.org/W2729836500
https://openalex.org/W3015683432
https://openalex.org/W2186728123
https://openalex.org/W2949202094
https://openalex.org/W3090267712
https://openalex.org/W3161697087
https://openalex.org/W1895516979
https://openalex.org/W1970710744
https://openalex.org/W1992133608
https://openalex.org/W2010617893
https://openalex.org/W2028047590
https://openalex.org/W2054936398
https://openalex.org/W2402932150
https://openalex.org/W2520261958
https://openalex.org/W2585596253
https://openalex.org/W2951386119
https://openalex.org/W2992287360
https://openalex.org/W4241387320
https://openalex.org/W8270760
https://openalex.org/W1515156869
https://openalex.org/W159256354
https://openalex.org/W1973023880
https://openalex.org/W2070077692
https://openalex.org/W2177008884
https://openalex.org/W2442711755
https://openalex.org/W141533313
https://openalex.org/W1574778622
https://openalex.org/W1584310756
https://openalex.org/W1665343736
https://openalex.org/W1786462778
https://openalex.org/W1820724016
https://openalex.org/W1941592421
https://openalex.org/W1979793627
https://openalex.org/W1982402362
https://openalex.org/W1982899106
https://openalex.org/W2005400919
https://openalex.org/W2007599355
https://openalex.org/W2013201696
https://openalex.org/W2035598227
https://openalex.org/W2051423985
https://openalex.org/W2068799747
https://openalex.org/W2084500084
https://openalex.org/W2084788763
https://openalex.org/W2088756190
https://openalex.org/W2091014422
https://openalex.org/W2110731654
https://openalex.org/W2112827541
https://openalex.org/W2131225496
https://openalex.org/W2175396146
https://openalex.org/W2185745877
https://openalex.org/W2189335228
https://openalex.org/W2197078108
https://openalex.org/W2218133506
https://openalex.org/W2237293957
https://openalex.org/W2258720676
https://openalex.org/W2263480391
https://openalex.org/W2290705808
https://openalex.org/W2293984663
https://openalex.org/W2312548196
https://openalex.org/W2316838273
https://openalex.org/W2318096341
https://openalex.org/W2321443697
https://openalex.org/W2322486151
https://openalex.org/W2325011946
https://openalex.org/W2329248407
https://openalex.org/W2329624249
https://openalex.org/W2333869537
https://openalex.org/W2335624089
https://openalex.org/W2338514691
https://openalex.org/W2341811696
https://openalex.org/W2351552092
https://openalex.org/W2373919439
https://openalex.org/W2384571041
https://openalex.org/W2387351858
https://openalex.org/W2396202617
https://openalex.org/W2396517321
https://openalex.org/W2412207638
https://openalex.org/W2417155581
https://openalex.org/W2441893654
https://openalex.org/W2466108922
https://openalex.org/W2468605723
https://openalex.org/W2471826070
https://openalex.org/W2487399711
https://openalex.org/W2499782957
https://openalex.org/W2507118793
https://openalex.org/W2507590762
https://openalex.org/W2508253126
https://openalex.org/W2508413113
https://openalex.org/W2511597432
https://openalex.org/W2515040811
https://openalex.org/W2518163432
https://openalex.org/W2518997162
https://openalex.org/W2520220794
https://openalex.org/W2520397284
https://openalex.org/W2521047483
https://openalex.org/W2537470282
https://openalex.org/W2552580437
https://openalex.org/W2559625889
https://openalex.org/W2561187486
https://openalex.org/W2562632441
https://openalex.org/W2564161747
https://openalex.org/W2568389880
https://openalex.org/W2581925472
https://openalex.org/W2581935787
https://openalex.org/W2584294605
https://openalex.org/W2592255906
https://openalex.org/W2595720115
https://openalex.org/W2596343181
https://openalex.org/W2597216750
https://openalex.org/W2598586708
https://openalex.org/W2600853853
https://openalex.org/W2600981626
https://openalex.org/W2601929629
https://openalex.org/W2602465518
https://openalex.org/W2604052263
https://openalex.org/W2605689262
https://openalex.org/W2605812748
https://openalex.org/W2608840746
https://openalex.org/W2609870272
https://openalex.org/W2614689504
https://openalex.org/W2617230426
https://openalex.org/W2619223624
https://openalex.org/W2619682165
https://openalex.org/W2623260630
https://openalex.org/W2630424383
https://openalex.org/W2655966739
https://openalex.org/W2736146891
https://openalex.org/W2743972103
https://openalex.org/W2746574743
https://openalex.org/W2746594832
https://openalex.org/W2747390579
https://openalex.org/W2748657602
https://openalex.org/W2750185738
https://openalex.org/W2751147145
https://openalex.org/W2751900033
https://openalex.org/W2752595608
https://openalex.org/W2755630055
https://openalex.org/W2757218656
https://openalex.org/W2763483910
https://openalex.org/W2769138127
https://openalex.org/W2794256440
https://openalex.org/W2889876723
https://openalex.org/W2893422762
https://openalex.org/W2901438591
https://openalex.org/W2904494948
https://openalex.org/W2908309965
https://openalex.org/W2979081795
https://openalex.org/W2983966924
https://openalex.org/W2995821903
https://openalex.org/W2996301370
https://openalex.org/W2999242981
https://openalex.org/W3009899192
https://openalex.org/W3011698089
https://openalex.org/W3021414604
https://openalex.org/W3026899178
https://openalex.org/W3029711455
https://openalex.org/W3030585119
https://openalex.org/W3043010845
https://openalex.org/W3110175783
https://openalex.org/W3170954298
https://openalex.org/W3195824533
https://openalex.org/W4251674235
https://openalex.org/W4253402169
https://openalex.org/W4254602689
https://openalex.org/W4302061267
https://openalex.org/W4389033922
https://openalex.org/W4394185575
https://openalex.org/W4394202005
https://openalex.org/W4394246198
https://openalex.org/W4394337368
https://openalex.org/W4394349120
https://openalex.org/W4394372899
https://openalex.org/W4394454861
https://openalex.org/W2007250782
https://openalex.org/W2030705481
https://openalex.org/W2036434431
https://openalex.org/W2072837812
https://openalex.org/W2323348685
https://openalex.org/W2402347494
https://openalex.org/W2408861031
https://openalex.org/W2415559659
https://openalex.org/W2416083260
https://openalex.org/W2526988969
https://openalex.org/W614019323
https://openalex.org/W619452462
https://openalex.org/W1488870938
https://openalex.org/W2289749371
https://openalex.org/W2397653702
https://openalex.org/W2561719108
https://openalex.org/W4254385940
https://openalex.org/W97501581
https://openalex.org/W1482098455
https://openalex.org/W1505821056
https://openalex.org/W1509914981
https://openalex.org/W1602694100
https://openalex.org/W1658421300
https://openalex.org/W1663425778
https://openalex.org/W1738520772
https://openalex.org/W1782444983
https://openalex.org/W1936653806
https://openalex.org/W1941316461
https://openalex.org/W1963223046
https://openalex.org/W2002250691
https://openalex.org/W2003807094
https://openalex.org/W2004748222
https://openalex.org/W2006031168
https://openalex.org/W2021634231
https://openalex.org/W2033237454
https://openalex.org/W2038166317
https://openalex.org/W2038737484
https://openalex.org/W2044956912
https://openalex.org/W2048812698
https://openalex.org/W2063599464
https://openalex.org/W2072428913
https://openalex.org/W2078463862
https://openalex.org/W2084256521
https://openalex.org/W2101268842
https://openalex.org/W2106219634
https://openalex.org/W2184140378
https://openalex.org/W2184579381
https://openalex.org/W2185054775
https://openalex.org/W2265494456
https://openalex.org/W2312460854
https://openalex.org/W2313597800
https://openalex.org/W2316838107
https://openalex.org/W2318612924
https://openalex.org/W2320070553
https://openalex.org/W2321528748
https://openalex.org/W2323689145
https://openalex.org/W2324022228
https://openalex.org/W2327969446
https://openalex.org/W2329055678
https://openalex.org/W2332658500
https://openalex.org/W2332753657
https://openalex.org/W2334592982
https://openalex.org/W2335625188
https://openalex.org/W2358826866
https://openalex.org/W2359039259
https://openalex.org/W2371917041
https://openalex.org/W2389024415
https://openalex.org/W2398387741
https://openalex.org/W2405031472
https://openalex.org/W2408543464
https://openalex.org/W2410672854
https://openalex.org/W2415422718
https://openalex.org/W2416128028
https://openalex.org/W2508826104
https://openalex.org/W2516201798
https://openalex.org/W2525916240
https://openalex.org/W2526817926
https://openalex.org/W2541116144
https://openalex.org/W2577481735
https://openalex.org/W2588170879
https://openalex.org/W2593982113
https://openalex.org/W261345077
https://openalex.org/W2616654717
https://openalex.org/W2708998353
https://openalex.org/W2733942919
https://openalex.org/W2747955233
https://openalex.org/W2785328007
https://openalex.org/W2809340528
https://openalex.org/W2811038765
https://openalex.org/W2903318916
https://openalex.org/W2936864304
https://openalex.org/W2945947309
https://openalex.org/W2949083039
https://openalex.org/W2952918552
https://openalex.org/W2955572678
https://openalex.org/W2970826259
https://openalex.org/W2987593766
https://openalex.org/W2997813254
https://openalex.org/W2998951131
https://openalex.org/W3018735420
https://openalex.org/W3021194377
https://openalex.org/W3028653856
https://openalex.org/W3049409502
https://openalex.org/W3082292027
https://openalex.org/W3088521505
https://openalex.org/W3110810452
https://openalex.org/W3161515414
https://openalex.org/W3161842182
https://openalex.org/W3163885201
https://openalex.org/W3176410393
https://openalex.org/W3188428184
https://openalex.org/W3210583692
https://openalex.org/W368357748
https://openalex.org/W4235378737
https://openalex.org/W4236394507
https://openalex.org/W4255408806
https://openalex.org/W4297801325
https://openalex.org/W4298065799
https://openalex.org/W4298313121
https://openalex.org/W4298336820
https://openalex.org/W4299445754
https://openalex.org/W4300059225
https://openalex.org/W4300620258
https://openalex.org/W4300721993
https://openalex.org/W4302968468
https://openalex.org/W434392421
https://openalex.org/W4389262157
https://openalex.org/W46865466
https://openalex.org/W575990434
https://openalex.org/W59221495
https://openalex.org/W767468544
https://openalex.org/W2086474067
https://openalex.org/W2334894607
https://openalex.org/W2416784467
https://openalex.org/W2430029706
https://openalex.org/W2511662013
https://openalex.org/W4299945824
https://openalex.org/W1996925479
https://openalex.org/W2026652461
https://openalex.org/W2052324311
https://openalex.org/W2079882736
https://openalex.org/W2110170880
https://openalex.org/W2166981298
https://openalex.org/W2480351752
https://openalex.org/W2942511906
https://openalex.org/W106167433
https://openalex.org/W1437582723
https://openalex.org/W1574384561
https://openalex.org/W1670590646
https://openalex.org/W1678716841
https://openalex.org/W1721707142
https://openalex.org/W2011401516
https://openalex.org/W2029689667
https://openalex.org/W2042611221
https://openalex.org/W2068302621
https://openalex.org/W2079598924
https://openalex.org/W2085128552
https://openalex.org/W2092990562
https://openalex.org/W2104894756
https://openalex.org/W2120816903
https://openalex.org/W2156951127
https://openalex.org/W2172117651
https://openalex.org/W2187393219
https://openalex.org/W2188343113
https://openalex.org/W2188671354
https://openalex.org/W2292767685
https://openalex.org/W2326136746
https://openalex.org/W2333970580
https://openalex.org/W2343254718
https://openalex.org/W2352252546
https://openalex.org/W2354720294
https://openalex.org/W2362524703
https://openalex.org/W2365604300
https://openalex.org/W2386932591
https://openalex.org/W2501404265
https://openalex.org/W2576662291
https://openalex.org/W2587404974
https://openalex.org/W2588349670
https://openalex.org/W2588920714
https://openalex.org/W2593410441
https://openalex.org/W2607631885
https://openalex.org/W2610308367
https://openalex.org/W2610629207
https://openalex.org/W2611850303
https://openalex.org/W2616117016
https://openalex.org/W2617712127
https://openalex.org/W2617903067
https://openalex.org/W2621909905
https://openalex.org/W2639477153
https://openalex.org/W2641525828
https://openalex.org/W2647047590
https://openalex.org/W2728016996
https://openalex.org/W2728991436
https://openalex.org/W2739077859
https://openalex.org/W2740843411
https://openalex.org/W2741225809
https://openalex.org/W2743533578
https://openalex.org/W2744395762
https://openalex.org/W2745348672
https://openalex.org/W2745586524
https://openalex.org/W2747741870
https://openalex.org/W2749817089
https://openalex.org/W2750601688
https://openalex.org/W2750603052
https://openalex.org/W2752089389
https://openalex.org/W2753125708
https://openalex.org/W2755174785
https://openalex.org/W2755586922
https://openalex.org/W2755645720
https://openalex.org/W2762584384
https://openalex.org/W2766676373
https://openalex.org/W2767734174
https://openalex.org/W2767911432
https://openalex.org/W2768960440
https://openalex.org/W2769602614
https://openalex.org/W2769647045
https://openalex.org/W2772094270
https://openalex.org/W2772745974
https://openalex.org/W2773715169
https://openalex.org/W2886240380
https://openalex.org/W2889361487
https://openalex.org/W2900868939
https://openalex.org/W2938890553
https://openalex.org/W2946778763
https://openalex.org/W3003660148
https://openalex.org/W3005359203
https://openalex.org/W3025907950
https://openalex.org/W3096737729
https://openalex.org/W3146837116
https://openalex.org/W4213091380
https://openalex.org/W4232416550
https://openalex.org/W4285025780
https://openalex.org/W4291965379
https://openalex.org/W4293239152
https://openalex.org/W4298274029
https://openalex.org/W4299057156
https://openalex.org/W4299451668
https://openalex.org/W4299953475
https://openalex.org/W4387656999
https://openalex.org/W4389022539
https://openalex.org/W635783793
https://openalex.org/W970753307
https://openalex.org/W128911377
https://openalex.org/W1416642658
https://openalex.org/W2052813822
https://openalex.org/W2061078834
https://openalex.org/W2325147695
https://openalex.org/W2601763081
https://openalex.org/W2728394196
https://openalex.org/W2896301315
https://openalex.org/W2953145225
https://openalex.org/W619664019
https://openalex.org/W121941818
https://openalex.org/W123424157
https://openalex.org/W142797694
https://openalex.org/W149775617
https://openalex.org/W1506535111
https://openalex.org/W1509681776
https://openalex.org/W1519727136
https://openalex.org/W1660001440
https://openalex.org/W1833370788
https://openalex.org/W1965468453
https://openalex.org/W1966431544
https://openalex.org/W1966921322
https://openalex.org/W1969463851
https://openalex.org/W1974534482
https://openalex.org/W1979787422
https://openalex.org/W1982419021
https://openalex.org/W1993741433
https://openalex.org/W2002327176
https://openalex.org/W2028475919
https://openalex.org/W212343828
https://openalex.org/W2127877918
https://openalex.org/W2146265883
https://openalex.org/W2156779035
https://openalex.org/W2160024024
https://openalex.org/W2166617534
https://openalex.org/W2277070377
https://openalex.org/W2304848026
https://openalex.org/W2306057598
https://openalex.org/W2316900494
https://openalex.org/W2323258458
https://openalex.org/W2363885501
https://openalex.org/W2397181846
https://openalex.org/W2411420744
https://openalex.org/W2413220357
https://openalex.org/W2413775994
https://openalex.org/W2540654602
https://openalex.org/W2563963997
https://openalex.org/W2578044235
https://openalex.org/W2608278235
https://openalex.org/W2688272
https://openalex.org/W2745306243
https://openalex.org/W2755335469
https://openalex.org/W2798168992
https://openalex.org/W2899723700
https://openalex.org/W2914509942
https://openalex.org/W2917223538
https://openalex.org/W2950124870
https://openalex.org/W2975026575
https://openalex.org/W2990305855
https://openalex.org/W3040869267
https://openalex.org/W3047889161
https://openalex.org/W3081515398
https://openalex.org/W3083663750
https://openalex.org/W3092049992
https://openalex.org/W3092637343
https://openalex.org/W3099848987
https://openalex.org/W3125317102
https://openalex.org/W3170877381
https://openalex.org/W3197659544
https://openalex.org/W332035248
https://openalex.org/W4200462224
https://openalex.org/W4205466718
https://openalex.org/W4206536798
https://openalex.org/W4210395334
https://openalex.org/W4210539297
https://openalex.org/W4210560035
https://openalex.org/W4210716753
https://openalex.org/W4211219029
https://openalex.org/W4211220970
https://openalex.org/W4212795110
https://openalex.org/W4226082420
https://openalex.org/W4226106518
https://openalex.org/W4226148223
https://openalex.org/W4226404193
https://openalex.org/W4280508918
https://openalex.org/W4280628011
https://openalex.org/W4281649492
https://openalex.org/W4283373390
https://openalex.org/W4283587139
https://openalex.org/W4285034113
https://openalex.org/W4285085408
https://openalex.org/W4285130989
https://openalex.org/W4285176039
https://openalex.org/W4285234821
https://openalex.org/W4290098676
https://openalex.org/W4292512141
https://openalex.org/W4292512142
https://openalex.org/W4293057806
https://openalex.org/W4293057926
https://openalex.org/W4293215359
https://openalex.org/W4295519908
https://openalex.org/W4297176489
https://openalex.org/W4297841622
https://openalex.org/W4298364280
https://openalex.org/W4300438638
https://openalex.org/W4306313817
https://openalex.org/W4307498154
https://openalex.org/W4309467634
https://openalex.org/W4310415763
https://openalex.org/W4310808602
https://openalex.org/W4311300563
https://openalex.org/W4311345527
https://openalex.org/W4312086168
https://openalex.org/W4312163952
https://openalex.org/W4312239721
https://openalex.org/W4312727585
https://openalex.org/W4313052718
https://openalex.org/W4313397347
https://openalex.org/W4313430117
https://openalex.org/W4320060879
https://openalex.org/W4361858120
https://openalex.org/W4362501635
https://openalex.org/W4391920327
https://openalex.org/W4391920377
https://openalex.org/W4393248633
https://openalex.org/W4394362649
https://openalex.org/W4394635304
https://openalex.org/W84173924
https://openalex.org/W1496959657
https://openalex.org/W1967392969
https://openalex.org/W1975892941
https://openalex.org/W1999701430
https://openalex.org/W2014365340
https://openalex.org/W2031949193
https://openalex.org/W2063480004
https://openalex.org/W2095160287
https://openalex.org/W2327267372
https://openalex.org/W2331633319
https://openalex.org/W2335250116
https://openalex.org/W2414701944
https://openalex.org/W2432740180
https://openalex.org/W2518157349
https://openalex.org/W29289680
https://openalex.org/W3015714334
https://openalex.org/W4252203281
https://openalex.org/W4298014737
https://openalex.org/W575750726
https://openalex.org/W593863991
https://openalex.org/W1612833563
https://openalex.org/W1974461167
https://openalex.org/W1977341448
https://openalex.org/W2014582786
https://openalex.org/W2022932127
https://openalex.org/W2029729505
https://openalex.org/W2030722009
https://openalex.org/W2087057402
https://openalex.org/W2111570320
https://openalex.org/W2130129306
https://openalex.org/W2136063541
https://openalex.org/W2148145794
https://openalex.org/W2155119092
https://openalex.org/W2164986155
https://openalex.org/W2186878391
https://openalex.org/W2350935839
https://openalex.org/W2387636017
https://openalex.org/W2407867628
https://openalex.org/W2415817653
https://openalex.org/W2416735040
https://openalex.org/W2425923293
https://openalex.org/W2426339019
https://openalex.org/W2510165327
https://openalex.org/W2591003207
https://openalex.org/W2592677905
https://openalex.org/W2613975809
https://openalex.org/W2726150677
https://openalex.org/W2751428304
https://openalex.org/W2766562875
https://openalex.org/W2770953377
https://openalex.org/W2787313580
https://openalex.org/W2795640069
https://openalex.org/W2802253006
https://openalex.org/W2803939670
https://openalex.org/W2808584902
https://openalex.org/W2810110212
https://openalex.org/W2889760929
https://openalex.org/W2891544466
https://openalex.org/W2894081476
https://openalex.org/W2895120054
https://openalex.org/W2895130249
https://openalex.org/W2898426412
https://openalex.org/W2898520088
https://openalex.org/W2898600368
https://openalex.org/W2902077064
https://openalex.org/W2903176130
https://openalex.org/W2903895734
https://openalex.org/W2905419589
https://openalex.org/W2917720641
https://openalex.org/W2919918289
https://openalex.org/W2935988855
https://openalex.org/W2941599122
https://openalex.org/W2945061324
https://openalex.org/W2948508839
https://openalex.org/W2949773025
https://openalex.org/W2950726026
https://openalex.org/W2953872057
https://openalex.org/W2955040161
https://openalex.org/W2956077063
https://openalex.org/W2963024956
https://openalex.org/W2963938273
https://openalex.org/W2968525853
https://openalex.org/W2974002221
https://openalex.org/W2979737112
https://openalex.org/W2980959025
https://openalex.org/W2981206663
https://openalex.org/W2984409012
https://openalex.org/W2987138706
https://openalex.org/W2987460116
https://openalex.org/W2994862233
https://openalex.org/W2995753133
https://openalex.org/W2999440279
https://openalex.org/W3006244091
https://openalex.org/W3010590917
https://openalex.org/W3011214926
https://openalex.org/W3011972772
https://openalex.org/W3015590571
https://openalex.org/W3016125814
https://openalex.org/W3021272131
https://openalex.org/W3027607659
https://openalex.org/W3029498044
https://openalex.org/W3035362848
https://openalex.org/W3036809742
https://openalex.org/W3041980378
https://openalex.org/W3043059716
https://openalex.org/W3080276902
https://openalex.org/W3083298806
https://openalex.org/W3085960826
https://openalex.org/W3087792452
https://openalex.org/W3093300546
https://openalex.org/W3093760184
https://openalex.org/W3111064266
https://openalex.org/W3138398342
https://openalex.org/W3140188136
https://openalex.org/W3146262484
https://openalex.org/W3146796569
https://openalex.org/W3148297184
https://openalex.org/W3153349018
https://openalex.org/W3173349604
https://openalex.org/W3177259845
https://openalex.org/W3181187635
https://openalex.org/W3185510390
https://openalex.org/W3185854297
https://openalex.org/W3190914457
https://openalex.org/W3195200358
https://openalex.org/W3208435094
https://openalex.org/W3210636319
https://openalex.org/W4205848029
https://openalex.org/W4231069985
https://openalex.org/W4232184381
https://openalex.org/W4233041904
https://openalex.org/W4235070896
https://openalex.org/W4236436141
https://openalex.org/W4236755408
https://openalex.org/W4237894464
https://openalex.org/W4241222069
https://openalex.org/W4244932672
https://openalex.org/W4245846164
https://openalex.org/W4245995536
https://openalex.org/W4248258917
https://openalex.org/W4249874360
https://openalex.org/W4255543609
https://openalex.org/W4256298693
https://openalex.org/W4285826906
https://openalex.org/W4285826907
https://openalex.org/W4286741519
https://openalex.org/W4289763937
https://openalex.org/W4298225451
https://openalex.org/W4311866839
https://openalex.org/W4313359743
https://openalex.org/W4391920296
https://openalex.org/W4391920317
https://openalex.org/W4391920320
https://openalex.org/W4391920321
https://openalex.org/W4391920323
https://openalex.org/W4394208397
https://openalex.org/W4394277873
https://openalex.org/W780254659
https://openalex.org/W82028144
https://openalex.org/W92071722
https://openalex.org/W98109302
https://openalex.org/W105124215
https://openalex.org/W1577260616
https://openalex.org/W1954917008
https://openalex.org/W1965524893
https://openalex.org/W2024310917
https://openalex.org/W2029067797
https://openalex.org/W2029608643
https://openalex.org/W2033136435
https://openalex.org/W2050706025
https://openalex.org/W2064594005
https://openalex.org/W2065919238
https://openalex.org/W2078840473
https://openalex.org/W2097937699
https://openalex.org/W2140774569
https://openalex.org/W2276012871
https://openalex.org/W2276434771
https://openalex.org/W2319892707
https://openalex.org/W2320274933
https://openalex.org/W2330553108
https://openalex.org/W2346948212
https://openalex.org/W2405739873
https://openalex.org/W2406685862
https://openalex.org/W2414543412
https://openalex.org/W2419105286
https://openalex.org/W2443399731
https://openalex.org/W2460984623
https://openalex.org/W2471296422
https://openalex.org/W2509928406
https://openalex.org/W3163160425
https://openalex.org/W3690335
https://openalex.org/W4231187092
https://openalex.org/W4231458064
https://openalex.org/W4253676381
https://openalex.org/W4377006038
https://openalex.org/W4393334563
https://openalex.org/W659617164
https://openalex.org/W128798054
https://openalex.org/W1429453888
https://openalex.org/W1437274134
https://openalex.org/W1715575723
https://openalex.org/W1941981096
https://openalex.org/W1970677234
https://openalex.org/W1978353312
https://openalex.org/W1988292591
https://openalex.org/W1994491760
https://openalex.org/W1996055578
https://openalex.org/W1999566183
https://openalex.org/W2012717415
https://openalex.org/W2020391985
https://openalex.org/W2024411958
https://openalex.org/W2024451824
https://openalex.org/W2049846501
https://openalex.org/W2055868206
https://openalex.org/W208014657
https://openalex.org/W2082793601
https://openalex.org/W2084022711
https://openalex.org/W2086206270
https://openalex.org/W2111086221
https://openalex.org/W2164338801
https://openalex.org/W2165240120
https://openalex.org/W2253902458
https://openalex.org/W2274020873
https://openalex.org/W2300717504
https://openalex.org/W2340073957
https://openalex.org/W2348447144
https://openalex.org/W2357393022
https://openalex.org/W2376330914
https://openalex.org/W2376582035
https://openalex.org/W2386596539
https://openalex.org/W2419596459
https://openalex.org/W2508281326
https://openalex.org/W2540203551
https://openalex.org/W2585972011
https://openalex.org/W2605065687
https://openalex.org/W2694075007
https://openalex.org/W2742934846
https://openalex.org/W2744726717
https://openalex.org/W2791775830
https://openalex.org/W281365999
https://openalex.org/W2913214799
https://openalex.org/W2918881650
https://openalex.org/W2920584152
https://openalex.org/W2949914874
https://openalex.org/W2953672875
https://openalex.org/W2977996692
https://openalex.org/W3000187660
https://openalex.org/W3013869955
https://openalex.org/W3024975337
https://openalex.org/W3026889974
https://openalex.org/W3029135182
https://openalex.org/W3031832889
https://openalex.org/W3031959101
https://openalex.org/W3032978924
https://openalex.org/W3035380469
https://openalex.org/W3041997979
https://openalex.org/W3042393468
https://openalex.org/W3042880951
https://openalex.org/W3043044717
https://openalex.org/W3043192738
https://openalex.org/W3043824051
https://openalex.org/W3047095745
https://openalex.org/W3048428579
https://openalex.org/W3048934585
https://openalex.org/W3083001822
https://openalex.org/W3092533473
https://openalex.org/W3099154688
https://openalex.org/W3103169270
https://openalex.org/W3105366736
https://openalex.org/W3106730179
https://openalex.org/W3106800497
https://openalex.org/W3108335570
https://openalex.org/W3108516818
https://openalex.org/W3108544910
https://openalex.org/W3109359121
https://openalex.org/W3111741905
https://openalex.org/W3111743814
https://openalex.org/W3112813946
https://openalex.org/W3112820071
https://openalex.org/W3115270798
https://openalex.org/W3115425480
https://openalex.org/W3116122106
https://openalex.org/W3116814293
https://openalex.org/W3127460031
https://openalex.org/W3128628053
https://openalex.org/W3132734110
https://openalex.org/W3135471053
https://openalex.org/W3160671711
https://openalex.org/W3161874541
https://openalex.org/W3163837564
https://openalex.org/W3164753312
https://openalex.org/W3167742639
https://openalex.org/W3176854741
https://openalex.org/W3176869428
https://openalex.org/W3184700414
https://openalex.org/W3192335947
https://openalex.org/W3200865707
https://openalex.org/W3210491830
https://openalex.org/W3216000115
https://openalex.org/W35861465
https://openalex.org/W376569010
https://openalex.org/W4210626193
https://openalex.org/W4213164567
https://openalex.org/W4229667671
https://openalex.org/W4234147233
https://openalex.org/W4238151476
https://openalex.org/W4243431974
https://openalex.org/W4247632820
https://openalex.org/W4248358100
https://openalex.org/W4249527213
https://openalex.org/W4249595413
https://openalex.org/W4249808384
https://openalex.org/W4287644343
https://openalex.org/W4292512138
https://openalex.org/W4292512260
https://openalex.org/W4298041091
https://openalex.org/W4298853679
https://openalex.org/W4299647158
https://openalex.org/W4300065323
https://openalex.org/W4300666120
https://openalex.org/W4300764400
https://openalex.org/W4391377291
https://openalex.org/W4391920328
https://openalex.org/W4391920331
https://openalex.org/W4394484751
https://openalex.org/W46393783
https://openalex.org/W95461213
https://openalex.org/W2014460331
https://openalex.org/W2017136456
https://openalex.org/W2052410955
https://openalex.org/W2313794569
https://openalex.org/W2324761149
https://openalex.org/W609151224
https://openalex.org/W124251593
https://openalex.org/W1669634129
https://openalex.org/W1978455766
https://openalex.org/W2005217995
https://openalex.org/W2034535856
https://openalex.org/W2040274376
https://openalex.org/W2041756893
https://openalex.org/W2080346908
https://openalex.org/W2095372066
https://openalex.org/W2129073775
https://openalex.org/W2172337039
https://openalex.org/W2187760473
https://openalex.org/W2188493484
https://openalex.org/W2288025965
https://openalex.org/W2294754987
https://openalex.org/W2298347737
https://openalex.org/W2314349366
https://openalex.org/W2324315483
https://openalex.org/W2326703295
https://openalex.org/W2362969930
https://openalex.org/W2576786643
https://openalex.org/W2595362681
https://openalex.org/W2607382019
https://openalex.org/W2738658277
https://openalex.org/W2744376817
https://openalex.org/W2799860364
https://openalex.org/W285743155
https://openalex.org/W285779725
https://openalex.org/W286066952
https://openalex.org/W2902673965
https://openalex.org/W2913487237
https://openalex.org/W2921998364
https://openalex.org/W2951132868
https://openalex.org/W296969289
https://openalex.org/W2991800524
https://openalex.org/W3015713998
https://openalex.org/W3032732748
https://openalex.org/W3046878320
https://openalex.org/W3093070004
https://openalex.org/W3130788866
https://openalex.org/W3158940528
https://openalex.org/W325847042
https://openalex.org/W4293749015
https://openalex.org/W95091418
https://openalex.org/W1554622181
https://openalex.org/W1563414120
https://openalex.org/W175390945
https://openalex.org/W1997043067
https://openalex.org/W2009664463
https://openalex.org/W202533067
https://openalex.org/W2026130526
https://openalex.org/W2077400348
https://openalex.org/W2094275200
https://openalex.org/W2148512498
https://openalex.org/W2150830091
https://openalex.org/W222533962
https://openalex.org/W229459892
https://openalex.org/W2316220486
https://openalex.org/W2342103322
https://openalex.org/W2350958697
https://openalex.org/W2358418460
https://openalex.org/W2361958470
https://openalex.org/W240123001
https://openalex.org/W2410603160
https://openalex.org/W2464124052
https://openalex.org/W2469598500
https://openalex.org/W2525859386
https://openalex.org/W2527087668
https://openalex.org/W2555070162
https://openalex.org/W2576197712
https://openalex.org/W2733433536
https://openalex.org/W2873992555
https://openalex.org/W2977455101
https://openalex.org/W2983517096
https://openalex.org/W3046473380
https://openalex.org/W305322856
https://openalex.org/W3111561445
https://openalex.org/W3120064536
https://openalex.org/W3121272444
https://openalex.org/W3129461898
https://openalex.org/W3129660544
https://openalex.org/W3132680542
https://openalex.org/W3133670028
https://openalex.org/W3134284614
https://openalex.org/W313492614
https://openalex.org/W3148640804
https://openalex.org/W3153627606
https://openalex.org/W3161886266
https://openalex.org/W3162506878
https://openalex.org/W3163904399
https://openalex.org/W3168809766
https://openalex.org/W3169400102
https://openalex.org/W3169935543
https://openalex.org/W3171224837
https://openalex.org/W3173518142
https://openalex.org/W3174166045
https://openalex.org/W3174225805
https://openalex.org/W3184025492
https://openalex.org/W3184838661
https://openalex.org/W3185038650
https://openalex.org/W3194744640
https://openalex.org/W3200872087
https://openalex.org/W3201030398
https://openalex.org/W3203854696
https://openalex.org/W3203952404
https://openalex.org/W3204049058
https://openalex.org/W3210030638
https://openalex.org/W3212681103
https://openalex.org/W3214414310
https://openalex.org/W3214704381
https://openalex.org/W3215679313
https://openalex.org/W326896416
https://openalex.org/W341862012
https://openalex.org/W34270153
https://openalex.org/W4200024918
https://openalex.org/W4200028259
https://openalex.org/W4200032163
https://openalex.org/W4200077714
https://openalex.org/W4200183818
https://openalex.org/W4200291094
https://openalex.org/W4200350945
https://openalex.org/W4200383793
https://openalex.org/W4205323067
https://openalex.org/W4205384754
https://openalex.org/W4206530421
https://openalex.org/W4210302952
https://openalex.org/W4210452089
https://openalex.org/W4214682350
https://openalex.org/W4225463702
https://openalex.org/W4243112934
https://openalex.org/W4244908177
https://openalex.org/W4293136493
https://openalex.org/W4310083221
https://openalex.org/W4319433259
https://openalex.org/W4391920299
https://openalex.org/W4393705279
https://openalex.org/W49827674
https://openalex.org/W616062629
https://openalex.org/W68016622
https://openalex.org/W87703127
https://openalex.org/W10966968
https://openalex.org/W155286116
https://openalex.org/W196128750
https://openalex.org/W1964831113
https://openalex.org/W1973610037
https://openalex.org/W1976562034
https://openalex.org/W1989620634
https://openalex.org/W1991151880
https://openalex.org/W2021707532
https://openalex.org/W2060551511
https://openalex.org/W2064673430
https://openalex.org/W2154036787
https://openalex.org/W2246958012
https://openalex.org/W2274138306
https://openalex.org/W2314815670
https://openalex.org/W2341821778
https://openalex.org/W2429318808
https://openalex.org/W2482239110
https://openalex.org/W2508629388
https://openalex.org/W2604591384
https://openalex.org/W2605521536
https://openalex.org/W2605901855
https://openalex.org/W2606235555
https://openalex.org/W2661174664
https://openalex.org/W2693548802
https://openalex.org/W2912420463
https://openalex.org/W2913751339
https://openalex.org/W2921991706
https://openalex.org/W2980447835
https://openalex.org/W2999536903
https://openalex.org/W2999676145
https://openalex.org/W3001617652
https://openalex.org/W3007229967
https://openalex.org/W3041696162
https://openalex.org/W3049198018
https://openalex.org/W3092736053
https://openalex.org/W3099203742
https://openalex.org/W3101611098
https://openalex.org/W3121218433
https://openalex.org/W3150903250
https://openalex.org/W32716581
https://openalex.org/W33789591
https://openalex.org/W4213387010
https://openalex.org/W4231098779
https://openalex.org/W4231151297
https://openalex.org/W4244062407
https://openalex.org/W4298233295
https://openalex.org/W4365134681
https://openalex.org/W635210486
https://openalex.org/W836953264
https://openalex.org/W1278153983
https://openalex.org/W132883491
https://openalex.org/W184732011
https://openalex.org/W1981658667
https://openalex.org/W205036980
https://openalex.org/W2077789573
https://openalex.org/W2090821678
https://openalex.org/W2264779751
https://openalex.org/W2283813685
https://openalex.org/W2314926519
https://openalex.org/W2315219416
https://openalex.org/W2315286772
https://openalex.org/W2316686254
https://openalex.org/W2323369074
https://openalex.org/W2323411393
https://openalex.org/W2327368235
https://openalex.org/W2331769212
https://openalex.org/W2334873213
https://openalex.org/W2412178219
https://openalex.org/W2513005341
https://openalex.org/W25505060
https://openalex.org/W2606448865
https://openalex.org/W2606637474
https://openalex.org/W308722534
https://openalex.org/W328849232
https://openalex.org/W4310032428
https://openalex.org/W4377001689
https://openalex.org/W60880838
https://openalex.org/W93893050
https://openalex.org/W995641101
https://openalex.org/W1007340956
https://openalex.org/W1512239499
https://openalex.org/W1574317694
https://openalex.org/W193178536
https://openalex.org/W2005964177
https://openalex.org/W2017981193
https://openalex.org/W2028440368
https://openalex.org/W2171777504
https://openalex.org/W2334996716
https://openalex.org/W2345718843
https://openalex.org/W2407609341
https://openalex.org/W2409406841
https://openalex.org/W2411193127
https://openalex.org/W2416923543
https://openalex.org/W2437086650
https://openalex.org/W2464669585
https://openalex.org/W2519482675
https://openalex.org/W2605626698
https://openalex.org/W2673870722
https://openalex.org/W2899046406
https://openalex.org/W2950755188
https://openalex.org/W2952561727
https://openalex.org/W2969389368
https://openalex.org/W2994289945
https://openalex.org/W3000394116
https://openalex.org/W3013274231
https://openalex.org/W3017079846
https://openalex.org/W3022181871
https://openalex.org/W3033940568
https://openalex.org/W3049422975
https://openalex.org/W3137097533
https://openalex.org/W325076991
https://openalex.org/W4239951013
https://openalex.org/W4251036257
https://openalex.org/W4290804596
https://openalex.org/W4290973367
https://openalex.org/W4291199312
https://openalex.org/W4292752218
https://openalex.org/W4297988090
https://openalex.org/W4298107550
https://openalex.org/W4299932067
https://openalex.org/W4300046148
https://openalex.org/W4377001753
https://openalex.org/W641024060
https://openalex.org/W804619285
https://openalex.org/W1121191140
https://openalex.org/W1421546669
https://openalex.org/W1963550350
https://openalex.org/W1977365869
https://openalex.org/W1978341112
https://openalex.org/W1983350326
https://openalex.org/W1985259574
https://openalex.org/W1986868114
https://openalex.org/W1994845289
https://openalex.org/W199910934
https://openalex.org/W2010275789
https://openalex.org/W2039005304
https://openalex.org/W2044429434
https://openalex.org/W2053274504
https://openalex.org/W2056167562
https://openalex.org/W2057829946
https://openalex.org/W2067220361
https://openalex.org/W2076756424
https://openalex.org/W2183147021
https://openalex.org/W2211376380
https://openalex.org/W2312541280
https://openalex.org/W2316444276
https://openalex.org/W2321595569
https://openalex.org/W2322764861
https://openalex.org/W2332129577
https://openalex.org/W2410817736
https://openalex.org/W2410992455
https://openalex.org/W2412884305
https://openalex.org/W2414155375
https://openalex.org/W2414424938
https://openalex.org/W2414681506
https://openalex.org/W2417129949
https://openalex.org/W2417208757
https://openalex.org/W2419126747
https://openalex.org/W2461048343
https://openalex.org/W2466583536
https://openalex.org/W2469500338
https://openalex.org/W2469601350
https://openalex.org/W2481646360
https://openalex.org/W2573652275
https://openalex.org/W2618792700
https://openalex.org/W2740008653
https://openalex.org/W2898252024
https://openalex.org/W2951435102
https://openalex.org/W2951683303
https://openalex.org/W2989227416
https://openalex.org/W2989634299
https://openalex.org/W2991673242
https://openalex.org/W2997566569
https://openalex.org/W3014480444
https://openalex.org/W3029888334
https://openalex.org/W3104128447
https://openalex.org/W315349746
https://openalex.org/W4206759667
https://openalex.org/W4230174554
https://openalex.org/W4239401311
https://openalex.org/W4249030114
https://openalex.org/W4290831405
https://openalex.org/W4290832227
https://openalex.org/W4290981517
https://openalex.org/W4291247552
https://openalex.org/W4291417988
https://openalex.org/W4291732496
https://openalex.org/W4293221167
https://openalex.org/W4293409854
https://openalex.org/W4297629160
https://openalex.org/W4297931778
https://openalex.org/W4298786984
https://openalex.org/W4299304581
https://openalex.org/W4300016860
https://openalex.org/W4300410062
https://openalex.org/W4300456658
https://openalex.org/W4300838043
https://openalex.org/W4300988806
https://openalex.org/W4301524254
https://openalex.org/W4313788160
https://openalex.org/W43826914
https://openalex.org/W4386871213
https://openalex.org/W4388652590
https://openalex.org/W4388711885
https://openalex.org/W4393300723
https://openalex.org/W48411961
https://openalex.org/W56277267
https://openalex.org/W63749637
https://openalex.org/W129545540
https://openalex.org/W1567150350
https://openalex.org/W1612749166
https://openalex.org/W1787067095
https://openalex.org/W1817822291
https://openalex.org/W1969196114
https://openalex.org/W1992553610
https://openalex.org/W1993832155
https://openalex.org/W1996454529
https://openalex.org/W1998914731
https://openalex.org/W2022185958
https://openalex.org/W2022555189
https://openalex.org/W2047084015
https://openalex.org/W2047529673
https://openalex.org/W2057381474
https://openalex.org/W2089196947
https://openalex.org/W2089297848
https://openalex.org/W2118260164
https://openalex.org/W2157800882
https://openalex.org/W2188622758
https://openalex.org/W2203460591
https://openalex.org/W2248473788
https://openalex.org/W2402949456
https://openalex.org/W2407362379
https://openalex.org/W2412849500
https://openalex.org/W2419099367
https://openalex.org/W2432740161
https://openalex.org/W2552130147
https://openalex.org/W2570155241
https://openalex.org/W2570981415
https://openalex.org/W2606217349
https://openalex.org/W2616415133
https://openalex.org/W2782954110
https://openalex.org/W2887312639
https://openalex.org/W2949440768
https://openalex.org/W3110364515
https://openalex.org/W3149033688
https://openalex.org/W3177348583
https://openalex.org/W4231221660
https://openalex.org/W4233265921
https://openalex.org/W4244071012
https://openalex.org/W4247281319
https://openalex.org/W4251350514
https://openalex.org/W4290789820
https://openalex.org/W4291238874
https://openalex.org/W4291288151
https://openalex.org/W4291731866
https://openalex.org/W4300108306
https://openalex.org/W4312122290
https://openalex.org/W4386756808
https://openalex.org/W4393301700
https://openalex.org/W49102876
https://openalex.org/W570991746
https://openalex.org/W767896340
https://openalex.org/W1642575130
https://openalex.org/W1855528101
https://openalex.org/W1968415867
https://openalex.org/W1973872016
https://openalex.org/W1980657710
https://openalex.org/W2002644366
https://openalex.org/W2005905373
https://openalex.org/W2048926341
https://openalex.org/W2060953356
https://openalex.org/W2073162460
https://openalex.org/W2074835719
https://openalex.org/W2080758864
https://openalex.org/W2082652183
https://openalex.org/W2083678681
https://openalex.org/W2084687866
https://openalex.org/W2087038988
https://openalex.org/W2093354497
https://openalex.org/W2177724873
https://openalex.org/W2189482905
https://openalex.org/W2193427535
https://openalex.org/W2217251620
https://openalex.org/W2253035165
https://openalex.org/W2282343974
https://openalex.org/W2296680526
https://openalex.org/W2304472584
https://openalex.org/W2333400501
https://openalex.org/W2334717663
https://openalex.org/W2341688318
https://openalex.org/W2345799834
https://openalex.org/W2396047640
https://openalex.org/W2398090513
https://openalex.org/W2399491447
https://openalex.org/W2399762689
https://openalex.org/W2401175714
https://openalex.org/W2402701795
https://openalex.org/W2405375006
https://openalex.org/W2408234092
https://openalex.org/W2411020016
https://openalex.org/W2411768125
https://openalex.org/W2411962780
https://openalex.org/W2416562173
https://openalex.org/W2416616833
https://openalex.org/W2419161585
https://openalex.org/W2419271732
https://openalex.org/W2420129157
https://openalex.org/W2439162909
https://openalex.org/W2461053924
https://openalex.org/W2462161961
https://openalex.org/W2490189642
https://openalex.org/W2508995772
https://openalex.org/W2517970678
https://openalex.org/W2583142316
https://openalex.org/W2587966411
https://openalex.org/W2613990164
https://openalex.org/W2771484243
https://openalex.org/W2779556895
https://openalex.org/W2781490260
https://openalex.org/W2949250458
https://openalex.org/W2950930379
https://openalex.org/W2994908561
https://openalex.org/W3004117463
https://openalex.org/W3034399754
https://openalex.org/W3041100531
https://openalex.org/W3044292268
https://openalex.org/W309387007
https://openalex.org/W3209971136
https://openalex.org/W3210962057
https://openalex.org/W4206826450
https://openalex.org/W4233367282
https://openalex.org/W4239936808
https://openalex.org/W4246743588
https://openalex.org/W4252585338
https://openalex.org/W4299303336
https://openalex.org/W4389156277
https://openalex.org/W595799969
https://openalex.org/W600844015
https://openalex.org/W82064879
https://openalex.org/W2102085111
https://openalex.org/W2151253787
https://openalex.org/W2155507705
https://openalex.org/W2129542667
https://openalex.org/W2147864074
https://openalex.org/W2118453722
https://openalex.org/W1988792451
https://openalex.org/W2105637133
https://openalex.org/W2014871892
https://openalex.org/W2765303057
https://openalex.org/W2010653264
https://openalex.org/W2138207816
https://openalex.org/W2053272214
https://openalex.org/W2107503279
https://openalex.org/W2121878535
https://openalex.org/W2030810311
https://openalex.org/W1995940184
https://openalex.org/W2113974479
https://openalex.org/W2318431042
https://openalex.org/W2891589486
https://openalex.org/W2166221624
https://openalex.org/W2120326887
https://openalex.org/W2142291307
https://openalex.org/W2150902176
https://openalex.org/W343111676
https://openalex.org/W2164286021
https://openalex.org/W2123669249
https://openalex.org/W2101172433
https://openalex.org/W2130478732
https://openalex.org/W1947409115
https://openalex.org/W2147729862
https://openalex.org/W3138826133
https://openalex.org/W2115060866
https://openalex.org/W2901801421
https://openalex.org/W2126197024
https://openalex.org/W2030228671
https://openalex.org/W2018995141
https://openalex.org/W1973912326
https://openalex.org/W2050017081
https://openalex.org/W2936366750
https://openalex.org/W2113038532
https://openalex.org/W2109067263
https://openalex.org/W2005004164
https://openalex.org/W2140025765
https://openalex.org/W2167543384
https://openalex.org/W1988581728
https://openalex.org/W1932972313
https://openalex.org/W1600867898
https://openalex.org/W2498993352
https://openalex.org/W1974504862
https://openalex.org/W2158084342
https://openalex.org/W1999659624
https://openalex.org/W2567048881
https://openalex.org/W2039395975
https://openalex.org/W2513843070
https://openalex.org/W2922463680
https://openalex.org/W4386439171
https://openalex.org/W4321615684
https://openalex.org/W2054516514
https://openalex.org/W2151369312
https://openalex.org/W1912318374
https://openalex.org/W2103282172
https://openalex.org/W2068921257
https://openalex.org/W1997600268
https://openalex.org/W1985781915
https://openalex.org/W1986667371
https://openalex.org/W1963943740
https://openalex.org/W2074165764
https://openalex.org/W2009882421
https://openalex.org/W2031229678
https://openalex.org/W1666120340
https://openalex.org/W2161545183
https://openalex.org/W2988341218
https://openalex.org/W2023269331
https://openalex.org/W2025401061
https://openalex.org/W2137230091
https://openalex.org/W2036144053
https://openalex.org/W2113509158
https://openalex.org/W2126216809
https://openalex.org/W2045856411
https://openalex.org/W2140627150
https://openalex.org/W43558850
https://openalex.org/W2132317169
https://openalex.org/W1455892577
https://openalex.org/W1963497466
https://openalex.org/W1751306081
https://openalex.org/W1980947442
https://openalex.org/W2081861008
https://openalex.org/W2085791912
https://openalex.org/W2130517256
https://openalex.org/W2077043417
https://openalex.org/W2026178330
https://openalex.org/W2147700211
https://openalex.org/W2151648628
https://openalex.org/W2022994921
https://openalex.org/W2141189517
https://openalex.org/W1693822971
https://openalex.org/W1975705120
https://openalex.org/W114501706
https://openalex.org/W2099334597
https://openalex.org/W2611848529
https://openalex.org/W2068437602
https://openalex.org/W1999900444
https://openalex.org/W1995106708
https://openalex.org/W2668119683
https://openalex.org/W1572082027
https://openalex.org/W2078665964
https://openalex.org/W2790117107
https://openalex.org/W2143290169
https://openalex.org/W2152482888
https://openalex.org/W2054609914
https://openalex.org/W2591439034
https://openalex.org/W1719961152
https://openalex.org/W2293313090
https://openalex.org/W2418418689
https://openalex.org/W2805664667
https://openalex.org/W2113235138
https://openalex.org/W2129045572
https://openalex.org/W2298058032
https://openalex.org/W2929149171
https://openalex.org/W2336148333
https://openalex.org/W2946182886
https://openalex.org/W2137100897
https://openalex.org/W2547180375
https://openalex.org/W2758922478
https://openalex.org/W1974562193
https://openalex.org/W2175465881
https://openalex.org/W2769455020
https://openalex.org/W2141545445
https://openalex.org/W1915014751
https://openalex.org/W2789230459
https://openalex.org/W1978651414
https://openalex.org/W2032434406
https://openalex.org/W2293947537
https://openalex.org/W2338743318
https://openalex.org/W2466370386
https://openalex.org/W2544250865
https://openalex.org/W2022966386
https://openalex.org/W2259994064
https://openalex.org/W2051956921
https://openalex.org/W2590401502
https://openalex.org/W2566745592
https://openalex.org/W2938558318
https://openalex.org/W2325122667
https://openalex.org/W2998458105
https://openalex.org/W2302487117
https://openalex.org/W2784207302
https://openalex.org/W3000713530
https://openalex.org/W2997145755
https://openalex.org/W3064847105
https://openalex.org/W2905560429
https://openalex.org/W3044168274
https://openalex.org/W3034228166
https://openalex.org/W3157722643
https://openalex.org/W3123190114
https://openalex.org/W2995438804
https://openalex.org/W3028270490
https://openalex.org/W3196317695
https://openalex.org/W4297997058
https://openalex.org/W4312066632
https://openalex.org/W3209040608
https://openalex.org/W4294667053
https://openalex.org/W4365135679
https://openalex.org/W4365135134
https://openalex.org/W4365150208
https://openalex.org/W4308903339
https://openalex.org/W4324018013
https://openalex.org/W4391484080
https://openalex.org/W2059401551
https://openalex.org/W2105401596
https://openalex.org/W2106525103
https://openalex.org/W2133513344
https://openalex.org/W2158939655
https://openalex.org/W2040795365
https://openalex.org/W2057278009
https://openalex.org/W1965411116
https://openalex.org/W1605396891
https://openalex.org/W1966878955
https://openalex.org/W1994302934
https://openalex.org/W2004500730
https://openalex.org/W2036753358
https://openalex.org/W1595465136
https://openalex.org/W2032429373
https://openalex.org/W1963814151
https://openalex.org/W2131695454
https://openalex.org/W2074090625
https://openalex.org/W2147664307
https://openalex.org/W1990399579
https://openalex.org/W1957316628
https://openalex.org/W2025781067
https://openalex.org/W2063066177
https://openalex.org/W2071883863
https://openalex.org/W2104735476
https://openalex.org/W2119878965
https://openalex.org/W2000337836
https://openalex.org/W2084857349
https://openalex.org/W4239363526
https://openalex.org/W2113253176
https://openalex.org/W2059550296
https://openalex.org/W2073523179
https://openalex.org/W2042839994
https://openalex.org/W2040107380
https://openalex.org/W2120679558
https://openalex.org/W1890717569
https://openalex.org/W2138546808
https://openalex.org/W2062471196
https://openalex.org/W651949640
https://openalex.org/W2155950102
https://openalex.org/W1963579541
https://openalex.org/W2123678024
https://openalex.org/W1801994275
https://openalex.org/W2160986349
https://openalex.org/W2170319845
https://openalex.org/W2046536341
https://openalex.org/W2060674036
https://openalex.org/W2070027603
https://openalex.org/W2142974067
https://openalex.org/W1988841944
https://openalex.org/W2097678459
https://openalex.org/W1521317885
https://openalex.org/W2169932752
https://openalex.org/W2028999489
https://openalex.org/W2128055500
https://openalex.org/W1983080694
https://openalex.org/W2142650716
https://openalex.org/W2122040197
https://openalex.org/W2156012834
https://openalex.org/W2143610727
https://openalex.org/W1568616924
https://openalex.org/W2334813652
https://openalex.org/W2743475387
https://openalex.org/W2147249238
https://openalex.org/W2161324062
https://openalex.org/W1914436425
https://openalex.org/W2089272296
https://openalex.org/W2121819635
https://openalex.org/W2532628155
https://openalex.org/W2763391259
https://openalex.org/W2800805912
https://openalex.org/W2064947912
https://openalex.org/W2143475690
https://openalex.org/W2115461406
https://openalex.org/W2896360139
https://openalex.org/W2006897963
https://openalex.org/W2273717210
https://openalex.org/W2335306375
https://openalex.org/W2494747049
https://openalex.org/W2793012188
https://openalex.org/W2911575569
https://openalex.org/W2594102336
https://openalex.org/W2791505022
https://openalex.org/W2912947723
https://openalex.org/W2923471356
https://openalex.org/W2591070772
https://openalex.org/W2795509137
https://openalex.org/W3017386218
https://openalex.org/W3001972792
https://openalex.org/W3085552565
https://openalex.org/W3004879944
https://openalex.org/W3133302658
https://openalex.org/W3139566660
https://openalex.org/W4211238948
https://openalex.org/W4224310016
https://openalex.org/W4220839581
https://openalex.org/W4318025391
https://openalex.org/W4294668080
https://openalex.org/W4323036015
https://openalex.org/W4323662603
https://openalex.org/W4322493727
https://openalex.org/W4322493781
https://openalex.org/W4322494225
https://openalex.org/W4387358690
https://openalex.org/W4391058698
https://openalex.org/W4392302036
https://openalex.org/W2172123544
https://openalex.org/W2066492886
https://openalex.org/W2104801598
https://openalex.org/W2064349021
https://openalex.org/W1981627225
https://openalex.org/W2008512154
https://openalex.org/W2333263700
https://openalex.org/W2030074713
https://openalex.org/W2175437521
https://openalex.org/W1988879624
https://openalex.org/W2083266999
https://openalex.org/W2041278119
https://openalex.org/W2137002165
https://openalex.org/W2022986858
https://openalex.org/W2033810543
https://openalex.org/W2415811952
https://openalex.org/W1999114466
https://openalex.org/W1978058760
https://openalex.org/W2051856528
https://openalex.org/W2163561721
https://openalex.org/W2009143849
https://openalex.org/W2102868979
https://openalex.org/W2166397548
https://openalex.org/W2027560353
https://openalex.org/W2053600609
https://openalex.org/W4255658489
https://openalex.org/W2140526980
https://openalex.org/W2086000802
https://openalex.org/W2031774686
https://openalex.org/W2098245055
https://openalex.org/W2115975893
https://openalex.org/W4247333791
https://openalex.org/W2017794205
https://openalex.org/W2041368060
https://openalex.org/W2109074218
https://openalex.org/W2149170367
https://openalex.org/W1899186548
https://openalex.org/W1996520489
https://openalex.org/W2053370301
https://openalex.org/W2064201751
https://openalex.org/W1996579371
https://openalex.org/W2130135811
https://openalex.org/W2013651340
https://openalex.org/W2039026941
https://openalex.org/W2048073206
https://openalex.org/W2092814182
https://openalex.org/W2118489040
https://openalex.org/W2091054183
https://openalex.org/W1582572344
https://openalex.org/W2043237498
https://openalex.org/W1974820114
https://openalex.org/W2049299424
https://openalex.org/W2417753566
https://openalex.org/W1979572498
https://openalex.org/W4252048807
https://openalex.org/W2014280106
https://openalex.org/W2079337999
https://openalex.org/W2428226086
https://openalex.org/W1979573412
https://openalex.org/W2103586762
https://openalex.org/W1984470873
https://openalex.org/W2135854701
https://openalex.org/W2072104069
https://openalex.org/W1997622284
https://openalex.org/W2239468508
https://openalex.org/W2029609583
https://openalex.org/W2129126827
https://openalex.org/W4210608028
https://openalex.org/W132955270
https://openalex.org/W1972940865
https://openalex.org/W2080520156
https://openalex.org/W2083896969
https://openalex.org/W2118496272
https://openalex.org/W4230177363
https://openalex.org/W1972301208
https://openalex.org/W2063734808
https://openalex.org/W2067173288
https://openalex.org/W2611611734
https://openalex.org/W2031654704
https://openalex.org/W2610292152
https://openalex.org/W2800640896
https://openalex.org/W2804354504
https://openalex.org/W2756378891
https://openalex.org/W2762477947
https://openalex.org/W1994801015
https://openalex.org/W2790046299
https://openalex.org/W2807498517
https://openalex.org/W2907707966
https://openalex.org/W2788976145
https://openalex.org/W2800695245
https://openalex.org/W2876857593
https://openalex.org/W2883418034
https://openalex.org/W2949566027
https://openalex.org/W2187511699
https://openalex.org/W2563122911
https://openalex.org/W2601690602
https://openalex.org/W2225028715
https://openalex.org/W2612637216
https://openalex.org/W2896284638
https://openalex.org/W3010290977
https://openalex.org/W3004017641
https://openalex.org/W3032900131
https://openalex.org/W3112849033
https://openalex.org/W2916427030
https://openalex.org/W3006767324
https://openalex.org/W3027464050
https://openalex.org/W2971401591
https://openalex.org/W3135636229
https://openalex.org/W3198945538
https://openalex.org/W4205855651
https://openalex.org/W3198725565
https://openalex.org/W4281293822
https://openalex.org/W4321749559
https://openalex.org/W4353055521
https://openalex.org/W4317212035
https://openalex.org/W4362475623
https://openalex.org/W4365141280
https://openalex.org/W4387140637
https://openalex.org/W2003017339
https://openalex.org/W2012453507
https://openalex.org/W2067101123
https://openalex.org/W2075430831
https://openalex.org/W1986494540
https://openalex.org/W2103091783
https://openalex.org/W2085903526
https://openalex.org/W2125905664
https://openalex.org/W1987054762
https://openalex.org/W2070847551
https://openalex.org/W2005997261
https://openalex.org/W2019316612
https://openalex.org/W2032017287
https://openalex.org/W2042989628
https://openalex.org/W2070868898
https://openalex.org/W1980103074
https://openalex.org/W2020396258
https://openalex.org/W1995338046
https://openalex.org/W2057360432
https://openalex.org/W2111773884
https://openalex.org/W1998092861
https://openalex.org/W2135313575
https://openalex.org/W1501035605
https://openalex.org/W2061789291
https://openalex.org/W2416171463
https://openalex.org/W2090496147
https://openalex.org/W1983765274
https://openalex.org/W2082165518
https://openalex.org/W2058568216
https://openalex.org/W2123535211
https://openalex.org/W2169463683
https://openalex.org/W2113241472
https://openalex.org/W2043608718
https://openalex.org/W2092639010
https://openalex.org/W2158460668
https://openalex.org/W1975760076
https://openalex.org/W2019376207
https://openalex.org/W2133653692
https://openalex.org/W1988638507
https://openalex.org/W2055701798
https://openalex.org/W4323237065
https://openalex.org/W2037010338
https://openalex.org/W2046551783
https://openalex.org/W2332840047
https://openalex.org/W1972691592
https://openalex.org/W1994482345
https://openalex.org/W2104399971
https://openalex.org/W2158175620
https://openalex.org/W2167765654
https://openalex.org/W2097830837
https://openalex.org/W2324028057
https://openalex.org/W2025559395
https://openalex.org/W2113413831
https://openalex.org/W1992480557
https://openalex.org/W2031328588
https://openalex.org/W2033403704
https://openalex.org/W2108793346
https://openalex.org/W4323966255
https://openalex.org/W2190093443
https://openalex.org/W2310060038
https://openalex.org/W2045721275
https://openalex.org/W2611606161
https://openalex.org/W2064063320
https://openalex.org/W2292118461
https://openalex.org/W2892473999
https://openalex.org/W1120922443
https://openalex.org/W1967947358
https://openalex.org/W2515705978
https://openalex.org/W2608775164
https://openalex.org/W2687302866
https://openalex.org/W2018809407
https://openalex.org/W2131324494
https://openalex.org/W2892091014
https://openalex.org/W2616283467
https://openalex.org/W4230397850
https://openalex.org/W2746604396
https://openalex.org/W2937778971
https://openalex.org/W3015727026
https://openalex.org/W2809198582
https://openalex.org/W3036008327
https://openalex.org/W3111503530
https://openalex.org/W3043317070
https://openalex.org/W3131954327
https://openalex.org/W3178307097
https://openalex.org/W4226106911
https://openalex.org/W4226126825
https://openalex.org/W4226320220
https://openalex.org/W4327857448
https://openalex.org/W4365458076
https://openalex.org/W4377015928
https://openalex.org/W4377084742
https://openalex.org/W4378904660
https://openalex.org/W2094522367
https://openalex.org/W2011487525
https://openalex.org/W4241965933
https://openalex.org/W2081255134
https://openalex.org/W1998243577
https://openalex.org/W2033676263
https://openalex.org/W2078646154
https://openalex.org/W2088531132
https://openalex.org/W1983034244
https://openalex.org/W2000146396
https://openalex.org/W2032293952
https://openalex.org/W2023300865
https://openalex.org/W2049032300
https://openalex.org/W25806557
https://openalex.org/W1995278389
https://openalex.org/W1982986953
https://openalex.org/W2002782735
https://openalex.org/W2134484949
https://openalex.org/W200459668
https://openalex.org/W2169982034
https://openalex.org/W1979347219
https://openalex.org/W2025416770
https://openalex.org/W278901026
https://openalex.org/W2058398705
https://openalex.org/W2060227979
https://openalex.org/W2187704513
https://openalex.org/W1979346896
https://openalex.org/W2013829435
https://openalex.org/W2094287819
https://openalex.org/W2069359742
https://openalex.org/W2111936928
https://openalex.org/W1976045149
https://openalex.org/W2164673283
https://openalex.org/W2046071548
https://openalex.org/W2615176297
https://openalex.org/W2067658822
https://openalex.org/W2091124212
https://openalex.org/W2099060352
https://openalex.org/W1529907815
https://openalex.org/W2042640484
https://openalex.org/W2071289283
https://openalex.org/W155588128
https://openalex.org/W1653502795
https://openalex.org/W1993825946
https://openalex.org/W2005313770
https://openalex.org/W1963513953
https://openalex.org/W2019544536
https://openalex.org/W1968808592
https://openalex.org/W2163472785
https://openalex.org/W2057385763
https://openalex.org/W1990771258
https://openalex.org/W2002455397
https://openalex.org/W2033481028
https://openalex.org/W2083132655
https://openalex.org/W2037980153
https://openalex.org/W2034693644
https://openalex.org/W2159060921
https://openalex.org/W2598904974
https://openalex.org/W2730512422
https://openalex.org/W2748521482
https://openalex.org/W2748812448
https://openalex.org/W2319848031
https://openalex.org/W2326112717
https://openalex.org/W2419090480
https://openalex.org/W2896533325
https://openalex.org/W2019373214
https://openalex.org/W2313479353
https://openalex.org/W2335020824
https://openalex.org/W2467952746
https://openalex.org/W2554018714
https://openalex.org/W2500913424
https://openalex.org/W2745707421
https://openalex.org/W2261113148
https://openalex.org/W2460422012
https://openalex.org/W2615360142
https://openalex.org/W2801361628
https://openalex.org/W2913427080
https://openalex.org/W2795329388
https://openalex.org/W2920846453
https://openalex.org/W2938560921
https://openalex.org/W2947090040
https://openalex.org/W2961929174
https://openalex.org/W2911136541
https://openalex.org/W2927896330
https://openalex.org/W2967336836
https://openalex.org/W3004838788
https://openalex.org/W3013658122
https://openalex.org/W3035644891
https://openalex.org/W3016706556
https://openalex.org/W3028552793
https://openalex.org/W3048571843
https://openalex.org/W3138328428
https://openalex.org/W2808907026
https://openalex.org/W3158195456
https://openalex.org/W4286295652
https://openalex.org/W4289933288
https://openalex.org/W4319754230
https://openalex.org/W4378070616
https://openalex.org/W2044261391
https://openalex.org/W2001943416
https://openalex.org/W1971732024
https://openalex.org/W1992819675
https://openalex.org/W1625450012
https://openalex.org/W2048477821
https://openalex.org/W2092975479
https://openalex.org/W2023940868
https://openalex.org/W2049915037
https://openalex.org/W1968970296
https://openalex.org/W1970194582
https://openalex.org/W2047715909
https://openalex.org/W2050902560
https://openalex.org/W1990585077
https://openalex.org/W2090820297
https://openalex.org/W2152030385
https://openalex.org/W4252940970
https://openalex.org/W2041805325
https://openalex.org/W2463191876
https://openalex.org/W2035844224
https://openalex.org/W2121772853
https://openalex.org/W2047826723
https://openalex.org/W2110900169
https://openalex.org/W1996030437
https://openalex.org/W2049307373
https://openalex.org/W2068566370
https://openalex.org/W2151722639
https://openalex.org/W1978648684
https://openalex.org/W2018767655
https://openalex.org/W2059233222
https://openalex.org/W2065561234
https://openalex.org/W1973284290
https://openalex.org/W2088019150
https://openalex.org/W2093719042
https://openalex.org/W2098658882
https://openalex.org/W2108549940
https://openalex.org/W2111255970
https://openalex.org/W2002711068
https://openalex.org/W2071817117
https://openalex.org/W2039872124
https://openalex.org/W2040124975
https://openalex.org/W4239696361
https://openalex.org/W1993666237
https://openalex.org/W2077860144
https://openalex.org/W2034160917
https://openalex.org/W2059368499
https://openalex.org/W2009229115
https://openalex.org/W2007108875
https://openalex.org/W2019526608
https://openalex.org/W2119101863
https://openalex.org/W2318724112
https://openalex.org/W2010180385
https://openalex.org/W1594367688
https://openalex.org/W2029058768
https://openalex.org/W2054890811
https://openalex.org/W2084711554
https://openalex.org/W2096180873
https://openalex.org/W2113166250
https://openalex.org/W4230165692
https://openalex.org/W2550341552
https://openalex.org/W2793503268
https://openalex.org/W4242211101
https://openalex.org/W2464061075
https://openalex.org/W2519169399
https://openalex.org/W2606077205
https://openalex.org/W2539230415
https://openalex.org/W2802369665
https://openalex.org/W2921449363
https://openalex.org/W2969527865
https://openalex.org/W2994104697
https://openalex.org/W2947206896
https://openalex.org/W2809044723
https://openalex.org/W2809317452
https://openalex.org/W3112590299
https://openalex.org/W3097034855
https://openalex.org/W3122703289
https://openalex.org/W4206745396
https://openalex.org/W4317493270
https://openalex.org/W4362580957
https://openalex.org/W2152168848
https://openalex.org/W2092686139
https://openalex.org/W1997461670
https://openalex.org/W1934017876
https://openalex.org/W2031706108
https://openalex.org/W2132857874
https://openalex.org/W2029917154
https://openalex.org/W2039789756
https://openalex.org/W2033524134
https://openalex.org/W2048189382
https://openalex.org/W2058035541
https://openalex.org/W2182957768
https://openalex.org/W1999737585
https://openalex.org/W2003226260
https://openalex.org/W2030289372
https://openalex.org/W1542538950
https://openalex.org/W1989095325
https://openalex.org/W2062366481
https://openalex.org/W2049615734
https://openalex.org/W2045341177
https://openalex.org/W1849350002
https://openalex.org/W1982017425
https://openalex.org/W2001915737
https://openalex.org/W2108762563
https://openalex.org/W2108829333
https://openalex.org/W2134099387
https://openalex.org/W2075484343
https://openalex.org/W2150952866
https://openalex.org/W2187721313
https://openalex.org/W615821211
https://openalex.org/W96601850
https://openalex.org/W1969951545
https://openalex.org/W1983511786
https://openalex.org/W1984469690
https://openalex.org/W2076882048
https://openalex.org/W1634531260
https://openalex.org/W2010143274
https://openalex.org/W2011440382
https://openalex.org/W2151330823
https://openalex.org/W1495919127
https://openalex.org/W1986242981
https://openalex.org/W1995019934
https://openalex.org/W2007816513
https://openalex.org/W2150513116
https://openalex.org/W1986342919
https://openalex.org/W2054168672
https://openalex.org/W2132805407
https://openalex.org/W1990756345
https://openalex.org/W2035236637
https://openalex.org/W2082688208
https://openalex.org/W2084326118
https://openalex.org/W2131029729
https://openalex.org/W1481007474
https://openalex.org/W1967658921
https://openalex.org/W2011288527
https://openalex.org/W2139332403
https://openalex.org/W1977653292
https://openalex.org/W2004887673
https://openalex.org/W2114352501
https://openalex.org/W2143696174
https://openalex.org/W2332638802
https://openalex.org/W4240283265
https://openalex.org/W2057895115
https://openalex.org/W1903119751
https://openalex.org/W2013368804
https://openalex.org/W2091060259
https://openalex.org/W2521447004
https://openalex.org/W2562032549
https://openalex.org/W2602517163
https://openalex.org/W2769855238
https://openalex.org/W2403123368
https://openalex.org/W2793771626
https://openalex.org/W2911274985
https://openalex.org/W2920168856
https://openalex.org/W2934846171
https://openalex.org/W2968297110
https://openalex.org/W2987213067
https://openalex.org/W3026377246
https://openalex.org/W3045767495
https://openalex.org/W2809004855
https://openalex.org/W3176700190
https://openalex.org/W3197596156
https://openalex.org/W3198064532
https://openalex.org/W4242729719
https://openalex.org/W4309769098
https://openalex.org/W4390708072
https://openalex.org/W4390788132
https://openalex.org/W4390914943
https://openalex.org/W4391074415
https://openalex.org/W4391354159
https://openalex.org/W4391425275
https://openalex.org/W4391617372
https://openalex.org/W4391680056
https://openalex.org/W4391826805
https://openalex.org/W4391994120
https://openalex.org/W4392088786
https://openalex.org/W4392155884
https://openalex.org/W4392201710
https://openalex.org/W4392348807
https://openalex.org/W4392522765
https://openalex.org/W4392602752
https://openalex.org/W4392684804
https://openalex.org/W4393240736
https://openalex.org/W4393302559
https://openalex.org/W4393991630
https://openalex.org/W4394618940
https://openalex.org/W4394746786
https://openalex.org/W4394821701
https://openalex.org/W4394891849
https://openalex.org/W4394977813
https://openalex.org/W4395046770
https://openalex.org/W4395047015
https://openalex.org/W4395471432
https://openalex.org/W1967594141
https://openalex.org/W152723690
https://openalex.org/W2116435868
https://openalex.org/W2138443706
https://openalex.org/W2046851079
https://openalex.org/W1965610905
https://openalex.org/W2016658746
https://openalex.org/W2028644599
https://openalex.org/W2041761742
https://openalex.org/W1991774182
https://openalex.org/W2004799873
https://openalex.org/W2119283861
https://openalex.org/W2030766160
https://openalex.org/W2090484402
https://openalex.org/W1970599427
https://openalex.org/W2033623889
https://openalex.org/W2034822019
https://openalex.org/W1969288022
https://openalex.org/W1970055593
https://openalex.org/W2016591944
https://openalex.org/W2096188876
https://openalex.org/W2004064996
https://openalex.org/W1969924426
https://openalex.org/W1973540410
https://openalex.org/W1978507663
https://openalex.org/W2030868950
https://openalex.org/W1983260137
https://openalex.org/W2001715500
https://openalex.org/W3009262043
https://openalex.org/W2022047093
https://openalex.org/W2062020482
https://openalex.org/W2075230507
https://openalex.org/W2147739648
https://openalex.org/W1973497765
https://openalex.org/W1969699513
https://openalex.org/W2112336424
https://openalex.org/W2170303278
https://openalex.org/W2008004076
https://openalex.org/W2139444345
https://openalex.org/W1964188743
https://openalex.org/W2020687677
https://openalex.org/W2070638432
https://openalex.org/W4247656456
https://openalex.org/W2323843504
https://openalex.org/W4236756952
https://openalex.org/W1982671847
https://openalex.org/W2322317602
https://openalex.org/W1979209536
https://openalex.org/W2066242031
https://openalex.org/W2086627475
https://openalex.org/W2093808304
https://openalex.org/W2152420704
https://openalex.org/W2556648043
https://openalex.org/W4240647186
https://openalex.org/W1926356495
https://openalex.org/W2115714104
https://openalex.org/W2119661795
https://openalex.org/W2180711895
https://openalex.org/W2197199166
https://openalex.org/W2218160943
https://openalex.org/W2235211411
https://openalex.org/W2781155611
https://openalex.org/W2493558580
https://openalex.org/W2583490364
https://openalex.org/W2782754873
https://openalex.org/W2907814017
https://openalex.org/W2948490292
https://openalex.org/W2202866872
https://openalex.org/W2475072468
https://openalex.org/W2809153351
https://openalex.org/W2975077252
https://openalex.org/W4230482090
https://openalex.org/W2961825308
https://openalex.org/W3006442335
https://openalex.org/W3032687644
https://openalex.org/W3035916724
https://openalex.org/W3119761766
https://openalex.org/W3130392232
https://openalex.org/W3166405803
https://openalex.org/W3186843626
https://openalex.org/W4321380842
https://openalex.org/W4321596500
https://openalex.org/W4321610878
https://openalex.org/W4353018212
https://openalex.org/W4362680323
https://openalex.org/W4364377383
https://openalex.org/W4380536798
https://openalex.org/W4380882153
https://openalex.org/W4381716126
https://openalex.org/W4386640314
https://openalex.org/W4389938404
https://openalex.org/W1992777572
https://openalex.org/W2093960040
https://openalex.org/W2092133516
https://openalex.org/W188905596
https://openalex.org/W2010919817
https://openalex.org/W2424293740
https://openalex.org/W2030638714
https://openalex.org/W2074102233
https://openalex.org/W1501495280
https://openalex.org/W4206438064
https://openalex.org/W1973270084
https://openalex.org/W2069616718
https://openalex.org/W2094276609
https://openalex.org/W1582095741
https://openalex.org/W2008023461
https://openalex.org/W2060867236
https://openalex.org/W2066952216
https://openalex.org/W2095014051
https://openalex.org/W2091065145
https://openalex.org/W2097524131
https://openalex.org/W2094390438
https://openalex.org/W1606408679
https://openalex.org/W2058972156
https://openalex.org/W1967474380
https://openalex.org/W2083687345
https://openalex.org/W1986968201
https://openalex.org/W2055072494
https://openalex.org/W2132191899
https://openalex.org/W1976446060
https://openalex.org/W2012229053
https://openalex.org/W2071679053
https://openalex.org/W1983700489
https://openalex.org/W2087898464
https://openalex.org/W1965205104
https://openalex.org/W2010714443
https://openalex.org/W2045944593
https://openalex.org/W2079586054
https://openalex.org/W2315542103
https://openalex.org/W1898030661
https://openalex.org/W1971005270
https://openalex.org/W2163603242
https://openalex.org/W2014817353
https://openalex.org/W2135753302
https://openalex.org/W2346574035
https://openalex.org/W2757522684
https://openalex.org/W2795497157
https://openalex.org/W2891426387
https://openalex.org/W2899853980
https://openalex.org/W2900533925
https://openalex.org/W2345337352
https://openalex.org/W2948325149
https://openalex.org/W2990089789
https://openalex.org/W3015378561
https://openalex.org/W3041600538
https://openalex.org/W3090611371
https://openalex.org/W2245894323
https://openalex.org/W3005358345
https://openalex.org/W3047746946
https://openalex.org/W3089817375
https://openalex.org/W3152452549
https://openalex.org/W3156649572
https://openalex.org/W3174977396
https://openalex.org/W3185677235
https://openalex.org/W3199838041
https://openalex.org/W3216297924
https://openalex.org/W4294281299
https://openalex.org/W4296015423
https://openalex.org/W2051568799
https://openalex.org/W2091579076
https://openalex.org/W1977115095
https://openalex.org/W2026263954
https://openalex.org/W2115386282
https://openalex.org/W1996689870
https://openalex.org/W2092187318
https://openalex.org/W1992986287
https://openalex.org/W2090099191
https://openalex.org/W1793026031
https://openalex.org/W1980371454
https://openalex.org/W2057875018
https://openalex.org/W1588957666
https://openalex.org/W1972146401
https://openalex.org/W2045722911
https://openalex.org/W2064908790
https://openalex.org/W2396374649
https://openalex.org/W2009303490
https://openalex.org/W2102330781
https://openalex.org/W2090029088
https://openalex.org/W1549322718
https://openalex.org/W2027973805
https://openalex.org/W2134294523
https://openalex.org/W2067426619
https://openalex.org/W2475015924
https://openalex.org/W1981770438
https://openalex.org/W2021366951
https://openalex.org/W2029799578
https://openalex.org/W2097758066
https://openalex.org/W2042725670
https://openalex.org/W2073272404
https://openalex.org/W2076653471
https://openalex.org/W1969805493
https://openalex.org/W2071004203
https://openalex.org/W2000753891
https://openalex.org/W2048852740
https://openalex.org/W2067479445
https://openalex.org/W1568759273
https://openalex.org/W1991340598
https://openalex.org/W2009505801
https://openalex.org/W2072677478
https://openalex.org/W2120685031
https://openalex.org/W1993213892
https://openalex.org/W2039017607
https://openalex.org/W2058430504
https://openalex.org/W2077634255
https://openalex.org/W2145098590
https://openalex.org/W2623675171
https://openalex.org/W2808911275
https://openalex.org/W4230143406
https://openalex.org/W4239936509
https://openalex.org/W2516194722
https://openalex.org/W2618001956
https://openalex.org/W2888460096
https://openalex.org/W2939509534
https://openalex.org/W4240648560
https://openalex.org/W4254817215
https://openalex.org/W2904173987
https://openalex.org/W2914799449
https://openalex.org/W2946515862
https://openalex.org/W3011336712
https://openalex.org/W3106254928
https://openalex.org/W4210666360
https://openalex.org/W3088063404
https://openalex.org/W3137176933
https://openalex.org/W3180794663
https://openalex.org/W4233970909
https://openalex.org/W3212128578
https://openalex.org/W4220838244
https://openalex.org/W4289928994
https://openalex.org/W4311583012
https://openalex.org/W2184905487
https://openalex.org/W2272922409
https://openalex.org/W1998393638
https://openalex.org/W2028785168
https://openalex.org/W4236808270
https://openalex.org/W2046355152
https://openalex.org/W2079057491
https://openalex.org/W2089750289
https://openalex.org/W2039891710
https://openalex.org/W2058796681
https://openalex.org/W2079689557
https://openalex.org/W2088666363
https://openalex.org/W2149882683
https://openalex.org/W193628880
https://openalex.org/W1987392424
https://openalex.org/W1992197157
https://openalex.org/W2007384329
https://openalex.org/W2052312932
https://openalex.org/W2092283937
https://openalex.org/W2411129991
https://openalex.org/W2030786793
https://openalex.org/W2046789959
https://openalex.org/W2055548898
https://openalex.org/W2080316490
https://openalex.org/W4237219778
https://openalex.org/W1530571693
https://openalex.org/W2085774562
https://openalex.org/W2146563737
https://openalex.org/W2154396277
https://openalex.org/W2423657933
https://openalex.org/W1969738972
https://openalex.org/W1984434839
https://openalex.org/W2033266234
https://openalex.org/W1766945816
https://openalex.org/W1879424720
https://openalex.org/W2000294715
https://openalex.org/W2043932784
https://openalex.org/W2048345076
https://openalex.org/W2069673466
https://openalex.org/W2093634003
https://openalex.org/W2119177624
https://openalex.org/W2136767633
https://openalex.org/W2782569162
https://openalex.org/W4214943934
https://openalex.org/W1417374315
https://openalex.org/W2475242777
https://openalex.org/W2538606464
https://openalex.org/W2563989337
https://openalex.org/W2588849300
https://openalex.org/W2792887604
https://openalex.org/W2801820804
https://openalex.org/W2885220160
https://openalex.org/W2899776227
https://openalex.org/W2913540165
https://openalex.org/W2976485903
https://openalex.org/W4236843574
https://openalex.org/W2516953547
https://openalex.org/W2809101147
https://openalex.org/W2975234560
https://openalex.org/W3110080861
https://openalex.org/W3008729609
https://openalex.org/W3012852066
https://openalex.org/W3042078851
https://openalex.org/W3108282599
https://openalex.org/W3136087152
https://openalex.org/W3199579362
https://openalex.org/W3205623406
https://openalex.org/W4249961419
https://openalex.org/W2026711216
https://openalex.org/W2368290810
https://openalex.org/W2059971040
https://openalex.org/W2065376322
https://openalex.org/W2275531440
https://openalex.org/W2286725197
https://openalex.org/W2012522857
https://openalex.org/W35745236
https://openalex.org/W1984028089
https://openalex.org/W2002995742
https://openalex.org/W2053503117
https://openalex.org/W2138566001
https://openalex.org/W2163712366
https://openalex.org/W2417905066
https://openalex.org/W4249409219
https://openalex.org/W2122436154
https://openalex.org/W1518814693
https://openalex.org/W1652525827
https://openalex.org/W1994899867
https://openalex.org/W1997485476
https://openalex.org/W2046764137
https://openalex.org/W1509670386
https://openalex.org/W2006998130
https://openalex.org/W2096902733
https://openalex.org/W1983109948
https://openalex.org/W1996412386
https://openalex.org/W2106856037
https://openalex.org/W2105640904
https://openalex.org/W2131356259
https://openalex.org/W4254199251
https://openalex.org/W2134582544
https://openalex.org/W2589693864
https://openalex.org/W1998964193
https://openalex.org/W2005167395
https://openalex.org/W2054453702
https://openalex.org/W2094931692
https://openalex.org/W2105744930
https://openalex.org/W1922470522
https://openalex.org/W1976595592
https://openalex.org/W1999569112
https://openalex.org/W2027103833
https://openalex.org/W2069387683
https://openalex.org/W2095113978
https://openalex.org/W2128347270
https://openalex.org/W2144461653
https://openalex.org/W2604348230
https://openalex.org/W2889844906
https://openalex.org/W2944408613
https://openalex.org/W2998105794
https://openalex.org/W4231811314
https://openalex.org/W1984933219
https://openalex.org/W2402594304
https://openalex.org/W2469537788
https://openalex.org/W2911686480
https://openalex.org/W2963564445
https://openalex.org/W4251351451
https://openalex.org/W3006704898
https://openalex.org/W3044193583
https://openalex.org/W4239743217
https://openalex.org/W4242308989
https://openalex.org/W3168525435
https://openalex.org/W3198026476
https://openalex.org/W4205336882
https://openalex.org/W4213451657
https://openalex.org/W4220868514
https://openalex.org/W4225297142
https://openalex.org/W4226485633
https://openalex.org/W4283017721
https://openalex.org/W4285279574
https://openalex.org/W4294646889
https://openalex.org/W4307644907
https://openalex.org/W4308566646
https://openalex.org/W4312213485
https://openalex.org/W4312373434
https://openalex.org/W4303986001
https://openalex.org/W4317472754
https://openalex.org/W4317787049
https://openalex.org/W4320919988
https://openalex.org/W4323047970
https://openalex.org/W4365442775
https://openalex.org/W4366217379
https://openalex.org/W4367054395
https://openalex.org/W4378516590
https://openalex.org/W4379280442
https://openalex.org/W4379537131
https://openalex.org/W4381059849
https://openalex.org/W4383483900
https://openalex.org/W4384637631
https://openalex.org/W4385615018
https://openalex.org/W4385797714
https://openalex.org/W4386503712
https://openalex.org/W4387261884
https://openalex.org/W4387364774
https://openalex.org/W4387439457
https://openalex.org/W4387948961
https://openalex.org/W4390229114
https://openalex.org/W2016928348
https://openalex.org/W2069040348
https://openalex.org/W2028140344
https://openalex.org/W2053937646
https://openalex.org/W2089575410
https://openalex.org/W1602846389
https://openalex.org/W1968834924
https://openalex.org/W1988547061
https://openalex.org/W2132643703
https://openalex.org/W2036103853
https://openalex.org/W2100028815
https://openalex.org/W1982079332
https://openalex.org/W1997053367
https://openalex.org/W2155527458
https://openalex.org/W1997136243
https://openalex.org/W2014644530
https://openalex.org/W2043489626
https://openalex.org/W2134737424
https://openalex.org/W1990266051
https://openalex.org/W2014209515
https://openalex.org/W2138722712
https://openalex.org/W1985797062
https://openalex.org/W2415929995
https://openalex.org/W4250909894
https://openalex.org/W2060970326
https://openalex.org/W2050755452
https://openalex.org/W2092206142
https://openalex.org/W2272830193
https://openalex.org/W2013195696
https://openalex.org/W1981273115
https://openalex.org/W1994297461
https://openalex.org/W2148839962
https://openalex.org/W2913711618
https://openalex.org/W2071211914
https://openalex.org/W2092505886
https://openalex.org/W2577673456
https://openalex.org/W2770198818
https://openalex.org/W2808017395
https://openalex.org/W4214729635
https://openalex.org/W1965988547
https://openalex.org/W2179609937
https://openalex.org/W2184169213
https://openalex.org/W2252567206
https://openalex.org/W2336778668
https://openalex.org/W2415581475
https://openalex.org/W2423393382
https://openalex.org/W2548150865
https://openalex.org/W2738321143
https://openalex.org/W2765382630
https://openalex.org/W2765500503
https://openalex.org/W2772781938
https://openalex.org/W284929734
https://openalex.org/W2947111720
https://openalex.org/W2981180834
https://openalex.org/W4250805315
https://openalex.org/W2043291932
https://openalex.org/W2132221699
https://openalex.org/W1989903320
https://openalex.org/W1999360071
https://openalex.org/W2009095061
https://openalex.org/W2024903427
https://openalex.org/W1984834941
https://openalex.org/W1989244153
https://openalex.org/W2073666676
https://openalex.org/W2323622703
https://openalex.org/W1997825672
https://openalex.org/W2025881104
https://openalex.org/W2169912290
https://openalex.org/W2405404920
https://openalex.org/W1542211003
https://openalex.org/W2005056256
https://openalex.org/W2068434197
https://openalex.org/W2416343822
https://openalex.org/W1988045147
https://openalex.org/W1983888783
https://openalex.org/W2115024419
https://openalex.org/W2493746434
https://openalex.org/W1964809349
https://openalex.org/W1967477296
https://openalex.org/W1977010272
https://openalex.org/W2005090321
https://openalex.org/W2009681579
https://openalex.org/W2013380466
https://openalex.org/W2022923429
https://openalex.org/W2036048838
https://openalex.org/W2048691999
https://openalex.org/W2052663210
https://openalex.org/W2059439110
https://openalex.org/W2096018548
https://openalex.org/W2795831929
https://openalex.org/W2800641776
https://openalex.org/W127060762
https://openalex.org/W1972769240
https://openalex.org/W1992160740
https://openalex.org/W2051978237
https://openalex.org/W2083332254
https://openalex.org/W2088970409
https://openalex.org/W2291741952
https://openalex.org/W242629385
https://openalex.org/W2484557383
https://openalex.org/W2598303564
https://openalex.org/W2742109494
https://openalex.org/W2745593880
https://openalex.org/W2908131965
https://openalex.org/W2950905738
https://openalex.org/W3010836025
https://openalex.org/W3080565299
https://openalex.org/W3083302654
https://openalex.org/W4247204859
https://openalex.org/W3182618367
https://openalex.org/W3194643823
https://openalex.org/W4206048887
https://openalex.org/W1991431632
https://openalex.org/W2017211012
https://openalex.org/W2024762854
https://openalex.org/W1975205690
https://openalex.org/W2031267177
https://openalex.org/W1969401708
https://openalex.org/W2045172619
https://openalex.org/W2046964800
https://openalex.org/W2404114287
https://openalex.org/W426840065
https://openalex.org/W1972423667
https://openalex.org/W2013336847
https://openalex.org/W2048877245
https://openalex.org/W2053031635
https://openalex.org/W2765297868
https://openalex.org/W4249834941
https://openalex.org/W1974590895
https://openalex.org/W2104996817
https://openalex.org/W2418451218
https://openalex.org/W561108513
https://openalex.org/W2005073714
https://openalex.org/W2027769564
https://openalex.org/W2052748897
https://openalex.org/W2054326242
https://openalex.org/W1972339553
https://openalex.org/W1998068218
https://openalex.org/W2020020897
https://openalex.org/W2047278384
https://openalex.org/W2063444380
https://openalex.org/W2067143276
https://openalex.org/W2082304641
https://openalex.org/W2148359753
https://openalex.org/W2274801381
https://openalex.org/W2533566465
https://openalex.org/W1535898141
https://openalex.org/W1983564100
https://openalex.org/W2029055575
https://openalex.org/W2059775158
https://openalex.org/W2326810340
https://openalex.org/W2787557369
https://openalex.org/W2799915327
https://openalex.org/W2802668585
https://openalex.org/W2889306045
https://openalex.org/W2889668640
https://openalex.org/W2892136287
https://openalex.org/W2892291817
https://openalex.org/W1542211232
https://openalex.org/W1843740886
https://openalex.org/W1909691559
https://openalex.org/W2011122674
https://openalex.org/W2038336335
https://openalex.org/W2063941291
https://openalex.org/W2078131471
https://openalex.org/W2088622502
https://openalex.org/W2100454950
https://openalex.org/W2118393934
https://openalex.org/W2120339334
https://openalex.org/W2125579299
https://openalex.org/W2129197973
https://openalex.org/W2131617494
https://openalex.org/W2164107368
https://openalex.org/W2313592222
https://openalex.org/W2322289774
https://openalex.org/W2602534843
https://openalex.org/W2605299095
https://openalex.org/W2610575186
https://openalex.org/W2762709038
https://openalex.org/W2793640522
https://openalex.org/W2901470252
https://openalex.org/W4233086776
https://openalex.org/W3084002354
https://openalex.org/W3154877016
https://openalex.org/W3156528241
https://openalex.org/W3197615692
https://openalex.org/W3216626331
https://openalex.org/W3217524166
https://openalex.org/W2441877608
https://openalex.org/W3214371276
https://openalex.org/W4205999813
https://openalex.org/W4206738676
https://openalex.org/W4211228890
https://openalex.org/W4220655788
https://openalex.org/W4220772506
https://openalex.org/W4220822981
https://openalex.org/W4220939542
https://openalex.org/W4221033399
https://openalex.org/W4229367911
https://openalex.org/W4283834808
https://openalex.org/W4291184115
https://openalex.org/W4297891151
https://openalex.org/W1727546762
https://openalex.org/W2050070724
https://openalex.org/W2058174246
https://openalex.org/W2045630063
https://openalex.org/W2112469137
https://openalex.org/W2039017761
https://openalex.org/W2041500734
https://openalex.org/W2002997852
https://openalex.org/W2126011181
https://openalex.org/W2329208373
https://openalex.org/W2333984591
https://openalex.org/W2412544809
https://openalex.org/W1988559480
https://openalex.org/W2012917839
https://openalex.org/W2068847138
https://openalex.org/W2394673859
https://openalex.org/W2429131655
https://openalex.org/W1676040855
https://openalex.org/W2618346268
https://openalex.org/W1986866968
https://openalex.org/W1992555246
https://openalex.org/W2090103060
https://openalex.org/W2406182245
https://openalex.org/W2158507833
https://openalex.org/W2724959245
https://openalex.org/W4233715355
https://openalex.org/W1479739591
https://openalex.org/W1936895611
https://openalex.org/W2011039053
https://openalex.org/W2037403137
https://openalex.org/W2037936888
https://openalex.org/W2067055062
https://openalex.org/W2115981040
https://openalex.org/W2137363294
https://openalex.org/W2298114044
https://openalex.org/W2326368401
https://openalex.org/W2343342889
https://openalex.org/W2548706113
https://openalex.org/W2555313151
https://openalex.org/W2570605512
https://openalex.org/W2581490869
https://openalex.org/W2590242426
https://openalex.org/W2790528419
https://openalex.org/W3037396057
https://openalex.org/W3047284677
https://openalex.org/W3083463843
https://openalex.org/W3093454108
https://openalex.org/W4235747363
https://openalex.org/W1998993773
https://openalex.org/W2028561094
https://openalex.org/W2044079970
https://openalex.org/W2294709326
https://openalex.org/W1983258740
https://openalex.org/W1993903466
https://openalex.org/W2319875494
https://openalex.org/W2986099433
https://openalex.org/W4250270055
https://openalex.org/W1245651842
https://openalex.org/W1542178573
https://openalex.org/W2125349235
https://openalex.org/W2434824576
https://openalex.org/W4300580069
https://openalex.org/W1968078630
https://openalex.org/W2005279208
https://openalex.org/W2064661757
https://openalex.org/W4252214462
https://openalex.org/W1989069696
https://openalex.org/W1968544136
https://openalex.org/W2017969734
https://openalex.org/W2022099843
https://openalex.org/W2066659468
https://openalex.org/W30479589
https://openalex.org/W4237205695
https://openalex.org/W2021498624
https://openalex.org/W2068328256
https://openalex.org/W2088796903
https://openalex.org/W2184734426
https://openalex.org/W2751121858
https://openalex.org/W2806691081
https://openalex.org/W2892945691
https://openalex.org/W2894166010
https://openalex.org/W2903303749
https://openalex.org/W2955290495
https://openalex.org/W2970155879
https://openalex.org/W3101161130
https://openalex.org/W1491908918
https://openalex.org/W1887629771
https://openalex.org/W1999085241
https://openalex.org/W2020037057
https://openalex.org/W2058147212
https://openalex.org/W2061585401
https://openalex.org/W207449631
https://openalex.org/W2395857717
https://openalex.org/W2514041695
https://openalex.org/W2602662935
https://openalex.org/W3124323857
https://openalex.org/W1983458200
https://openalex.org/W2122915695
https://openalex.org/W2415102639
https://openalex.org/W2417841413
https://openalex.org/W2004330219
https://openalex.org/W2015702040
https://openalex.org/W2068573630
https://openalex.org/W2036231313
https://openalex.org/W2053261741
https://openalex.org/W2040385799
https://openalex.org/W2087407172
https://openalex.org/W1505987608
https://openalex.org/W1591426973
https://openalex.org/W1964184443
https://openalex.org/W1978723982
https://openalex.org/W3172613291
https://openalex.org/W1992640192
https://openalex.org/W1995288799
https://openalex.org/W2085092277
https://openalex.org/W2894470282
https://openalex.org/W4244387400
https://openalex.org/W1977345172
https://openalex.org/W1987096382
https://openalex.org/W1994667297
https://openalex.org/W2040513322
https://openalex.org/W2116757972
https://openalex.org/W2125403153
https://openalex.org/W2143945589
https://openalex.org/W2400885452
https://openalex.org/W2617594381
https://openalex.org/W2619962431
https://openalex.org/W2766724902
https://openalex.org/W2886433091
https://openalex.org/W2886870473
https://openalex.org/W2907814246
https://openalex.org/W2912314093
https://openalex.org/W3021213045
https://openalex.org/W3045443812
https://openalex.org/W3116693580
https://openalex.org/W4253862420
https://openalex.org/W2110392899
https://openalex.org/W2123090163
https://openalex.org/W2220131710
https://openalex.org/W2279769807
https://openalex.org/W2292222568
https://openalex.org/W2321739913
https://openalex.org/W2509106708
https://openalex.org/W751917449
https://openalex.org/W4210602163
https://openalex.org/W4281729460
https://openalex.org/W4283785144
https://openalex.org/W4285595403
https://openalex.org/W4287832190
https://openalex.org/W4290465734
https://openalex.org/W4306362548
https://openalex.org/W4310120117
https://openalex.org/W1658569807
https://openalex.org/W2005007322
https://openalex.org/W2115552695
https://openalex.org/W2411677507
https://openalex.org/W2462249734
https://openalex.org/W1973209131
https://openalex.org/W2033213236
https://openalex.org/W2056343247
https://openalex.org/W2082091141
https://openalex.org/W2087492377
https://openalex.org/W1975949165
https://openalex.org/W2007087307
https://openalex.org/W2076267599
https://openalex.org/W2157501141
https://openalex.org/W2076038153
https://openalex.org/W34640702
https://openalex.org/W2083182931
https://openalex.org/W2162432073
https://openalex.org/W1984504650
https://openalex.org/W1989596632
https://openalex.org/W2071566668
https://openalex.org/W2090402602
https://openalex.org/W2415914240
https://openalex.org/W1979762718
https://openalex.org/W1988035087
https://openalex.org/W1990146410
https://openalex.org/W2023079419
https://openalex.org/W2033397136
https://openalex.org/W2034117883
https://openalex.org/W2054811244
https://openalex.org/W2062869279
https://openalex.org/W2401549684
https://openalex.org/W35242966
https://openalex.org/W1044817138
https://openalex.org/W1964826529
https://openalex.org/W1976869493
https://openalex.org/W1994841568
https://openalex.org/W2030632080
https://openalex.org/W2069440021
https://openalex.org/W2125483670
https://openalex.org/W2137378643
https://openalex.org/W2599766066
https://openalex.org/W2781280813
https://openalex.org/W98111536
https://openalex.org/W2429755009
https://openalex.org/W1988750154
https://openalex.org/W1998451701
https://openalex.org/W2142063881
https://openalex.org/W2142684067
https://openalex.org/W2410538624
https://openalex.org/W2022965475
https://openalex.org/W2085372719
https://openalex.org/W2331952070
https://openalex.org/W2029584564
https://openalex.org/W2083676725
https://openalex.org/W1968967845
https://openalex.org/W1982717318
https://openalex.org/W1983511518
https://openalex.org/W2009239939
https://openalex.org/W2030072338
https://openalex.org/W2084216705
https://openalex.org/W2130737597
https://openalex.org/W2133427108
https://openalex.org/W2327763113
https://openalex.org/W1965913741
https://openalex.org/W1986305218
https://openalex.org/W2122578154
https://openalex.org/W2419467380
https://openalex.org/W2951275191
https://openalex.org/W1990150754
https://openalex.org/W2056940957
https://openalex.org/W2442292706
https://openalex.org/W2562111502
https://openalex.org/W2601817486
https://openalex.org/W2726119051
https://openalex.org/W2761736149
https://openalex.org/W2768614223
https://openalex.org/W2775030439
https://openalex.org/W2800398167
https://openalex.org/W2806066689
https://openalex.org/W2894567841
https://openalex.org/W2895334319
https://openalex.org/W2900794484
https://openalex.org/W2901151300
https://openalex.org/W2907582456
https://openalex.org/W2920031025
https://openalex.org/W2946312410
https://openalex.org/W2971762299
https://openalex.org/W2972106301
https://openalex.org/W2980290165
https://openalex.org/W2982353112
https://openalex.org/W2989946711
https://openalex.org/W3020767400
https://openalex.org/W3122022466
https://openalex.org/W3129059879
https://openalex.org/W3152669029
https://openalex.org/W3173118236
https://openalex.org/W3193849984
https://openalex.org/W3195867035
https://openalex.org/W3202614119
https://openalex.org/W3212992371
https://openalex.org/W3216211518
https://openalex.org/W4205921829
https://openalex.org/W2404440919
https://openalex.org/W2511335902
https://openalex.org/W2538848034
https://openalex.org/W2560173969
https://openalex.org/W2580863510
https://openalex.org/W4361818242
https://openalex.org/W4361818394
https://openalex.org/W4361818611
https://openalex.org/W4361818623
https://openalex.org/W4385154286
https://openalex.org/W1980943155
https://openalex.org/W1983641742
https://openalex.org/W2022944856
https://openalex.org/W2043999086
https://openalex.org/W2065398657
https://openalex.org/W3193440260
https://openalex.org/W57186533
https://openalex.org/W1569784091
https://openalex.org/W2052288427
https://openalex.org/W288492373
https://openalex.org/W1974387758
https://openalex.org/W1982335286
https://openalex.org/W2045670453
https://openalex.org/W2064679776
https://openalex.org/W2009499435
https://openalex.org/W2017383192
https://openalex.org/W2497862126
https://openalex.org/W2499435345
https://openalex.org/W1489974902
https://openalex.org/W1969801224
https://openalex.org/W1975947148
https://openalex.org/W1977305638
https://openalex.org/W2035681731
https://openalex.org/W2064037199
https://openalex.org/W2350477271
https://openalex.org/W4249292746
https://openalex.org/W1600081732
https://openalex.org/W1966047001
https://openalex.org/W1977087197
https://openalex.org/W2024580688
https://openalex.org/W2029298494
https://openalex.org/W2048823307
https://openalex.org/W2063246689
https://openalex.org/W2070258338
https://openalex.org/W2078059277
https://openalex.org/W2082656060
https://openalex.org/W2082740576
https://openalex.org/W2092685312
https://openalex.org/W2097960655
https://openalex.org/W2131234630
https://openalex.org/W2170089843
https://openalex.org/W2186288086
https://openalex.org/W2321309683
https://openalex.org/W2533363627
https://openalex.org/W2590214244
https://openalex.org/W2596395309
https://openalex.org/W3170031846
https://openalex.org/W4307456732
https://openalex.org/W4310131898
https://openalex.org/W4310142564
https://openalex.org/W4312216337
https://openalex.org/W4315491289
https://openalex.org/W4316675658
https://openalex.org/W4319601241
https://openalex.org/W4361809956
https://openalex.org/W4361817945
https://openalex.org/W4361818031
https://openalex.org/W4361818051
https://openalex.org/W4361818160
https://openalex.org/W4361818256
https://openalex.org/W4361818359
https://openalex.org/W4361818360
https://openalex.org/W4361818412
https://openalex.org/W4361818621
https://openalex.org/W4361818999
https://openalex.org/W4361820505
https://openalex.org/W4361820773
https://openalex.org/W4361820911
https://openalex.org/W4361820945
https://openalex.org/W4361821423
https://openalex.org/W4361824020
https://openalex.org/W4361825011
https://openalex.org/W4361875869
https://openalex.org/W4361877898
https://openalex.org/W4361878033
https://openalex.org/W4361878046
https://openalex.org/W4361878059
https://openalex.org/W4361878061
https://openalex.org/W4361878065
https://openalex.org/W4361878081
https://openalex.org/W4361878088
https://openalex.org/W4361878101
https://openalex.org/W4361878125
https://openalex.org/W4362423630
https://openalex.org/W4362423634
https://openalex.org/W4362423636
https://openalex.org/W4362423654
https://openalex.org/W4362423697
https://openalex.org/W4362423704
https://openalex.org/W4362423729
https://openalex.org/W4362423740
https://openalex.org/W4362423800
https://openalex.org/W4362423813
https://openalex.org/W4362461492
https://openalex.org/W4362487643
https://openalex.org/W4362491631
https://openalex.org/W4362491816
https://openalex.org/W4362491848
https://openalex.org/W4362534905
https://openalex.org/W4362535074
https://openalex.org/W4362535083
https://openalex.org/W4362535087
https://openalex.org/W4362535098
https://openalex.org/W4362535151
https://openalex.org/W4362535233
https://openalex.org/W4362535763
https://openalex.org/W4362541930
https://openalex.org/W4362611785
https://openalex.org/W4362611803
https://openalex.org/W4362611812
https://openalex.org/W4362611816
https://openalex.org/W4362611857
https://openalex.org/W4362611901
https://openalex.org/W4362611916
https://openalex.org/W4362611918
https://openalex.org/W4376110233
https://openalex.org/W4376479175
https://openalex.org/W4378835614
https://openalex.org/W4380905555
https://openalex.org/W4381245561
https://openalex.org/W4381735888
https://openalex.org/W4382701750
https://openalex.org/W4385196307
https://openalex.org/W4385672084
https://openalex.org/W4386204622
https://openalex.org/W4387081101
https://openalex.org/W4387315968
https://openalex.org/W4387359225
https://openalex.org/W4387730095
https://openalex.org/W4389224866
https://openalex.org/W4389244483
https://openalex.org/W4389538171
https://openalex.org/W4389555345
https://openalex.org/W4389741995
https://openalex.org/W4389882129
https://openalex.org/W4389981527
https://openalex.org/W4390430001
https://openalex.org/W4390653499
https://openalex.org/W4390654220
https://openalex.org/W4390970756
https://openalex.org/W4391638129
https://openalex.org/W4392684969
https://openalex.org/W4392687969
https://openalex.org/W4392688223
https://openalex.org/W4392723715
https://openalex.org/W4392724196
https://openalex.org/W1983262322
https://openalex.org/W1983864952
https://openalex.org/W2019565275
https://openalex.org/W2032777231
https://openalex.org/W2067346225
https://openalex.org/W2051272438
https://openalex.org/W2062366145
https://openalex.org/W2077461789
https://openalex.org/W2422182403
https://openalex.org/W1530860596
https://openalex.org/W1986660023
https://openalex.org/W2414534310
https://openalex.org/W2420435625
https://openalex.org/W2046361755
https://openalex.org/W2161664720
https://openalex.org/W2168718677
https://openalex.org/W2949753879
https://openalex.org/W4235835447
https://openalex.org/W1545759430
https://openalex.org/W2589904875
https://openalex.org/W2613938448
https://openalex.org/W4300317448
https://openalex.org/W1995662530
https://openalex.org/W2237818058
https://openalex.org/W2428240283
https://openalex.org/W2007105669
https://openalex.org/W1987949022
https://openalex.org/W2412524543
https://openalex.org/W1529324245
https://openalex.org/W1822138892
https://openalex.org/W4246884633
https://openalex.org/W430620548
https://openalex.org/W134703047
https://openalex.org/W2096789495
https://openalex.org/W2116205996
https://openalex.org/W2118473178
https://openalex.org/W2301214735
https://openalex.org/W2323522047
https://openalex.org/W2399712848
https://openalex.org/W2792256604
https://openalex.org/W2794861116
https://openalex.org/W2809459956
https://openalex.org/W2842689203
https://openalex.org/W2899406606
https://openalex.org/W2904643376
https://openalex.org/W2905143356
https://openalex.org/W2909898205
https://openalex.org/W2948981524
https://openalex.org/W2963324432
https://openalex.org/W2998332159
https://openalex.org/W3019297167
https://openalex.org/W3033509997
https://openalex.org/W3037369392
https://openalex.org/W3093533458
https://openalex.org/W3093901363
https://openalex.org/W3113099879
https://openalex.org/W3159889833
https://openalex.org/W3166331036
https://openalex.org/W3172253678
https://openalex.org/W3198277814
https://openalex.org/W3198581305
https://openalex.org/W3202563911
https://openalex.org/W4200281717
https://openalex.org/W4205257309
https://openalex.org/W4206696374
https://openalex.org/W4240031186
https://openalex.org/W885159877
https://openalex.org/W2295312045
https://openalex.org/W2315656916
https://openalex.org/W2339601282
https://openalex.org/W2461621426
https://openalex.org/W2515537086
https://openalex.org/W2529480248
https://openalex.org/W2534642276
https://openalex.org/W2587809592
https://openalex.org/W2890258973
https://openalex.org/W2890883735
https://openalex.org/W3183118956
https://openalex.org/W4210448695
https://openalex.org/W4210481494
https://openalex.org/W4226085673
https://openalex.org/W4226173046
https://openalex.org/W4226514196
https://openalex.org/W4280631254
https://openalex.org/W4281767153
https://openalex.org/W4285234143
https://openalex.org/W4296910541
https://openalex.org/W4306918304
https://openalex.org/W4309509166
https://openalex.org/W561479503
https://openalex.org/W1965434654
https://openalex.org/W2059342835
https://openalex.org/W2090384764
https://openalex.org/W2389847274
https://openalex.org/W2397532473
https://openalex.org/W2409281291
https://openalex.org/W2411301648
https://openalex.org/W4251185112
https://openalex.org/W130385356
https://openalex.org/W1913026091
https://openalex.org/W2018168646
https://openalex.org/W2097821424
https://openalex.org/W2085236447
https://openalex.org/W2416502274
https://openalex.org/W4243349965
https://openalex.org/W2049440702
https://openalex.org/W2074203295
https://openalex.org/W2085047389
https://openalex.org/W2272260348
https://openalex.org/W2411410678
https://openalex.org/W2488242939
https://openalex.org/W4231259363
https://openalex.org/W1868776401
https://openalex.org/W1917997676
https://openalex.org/W1922579925
https://openalex.org/W1981530488
https://openalex.org/W201696552
https://openalex.org/W2033015513
https://openalex.org/W2078975645
https://openalex.org/W2099107205
https://openalex.org/W2116684386
https://openalex.org/W2139186798
https://openalex.org/W2314369729
https://openalex.org/W2318624486
https://openalex.org/W2318905495
https://openalex.org/W2330273671
https://openalex.org/W2402943445
https://openalex.org/W2470927798
https://openalex.org/W2516833820
https://openalex.org/W2522785604
https://openalex.org/W2554895554
https://openalex.org/W2597526238
https://openalex.org/W2902165364
https://openalex.org/W2922511002
https://openalex.org/W2987501815
https://openalex.org/W4254512329
https://openalex.org/W4293245910
https://openalex.org/W4295023896
https://openalex.org/W4297850757
https://openalex.org/W4301323316
https://openalex.org/W1622834312
https://openalex.org/W2066820260
https://openalex.org/W2401618376
https://openalex.org/W2415723722
https://openalex.org/W2432709065
https://openalex.org/W2440474509
https://openalex.org/W1969104699
https://openalex.org/W2415194749
https://openalex.org/W2412602017
https://openalex.org/W2465397943
https://openalex.org/W2615830479
https://openalex.org/W2616554384
https://openalex.org/W1531836824
https://openalex.org/W1980768178
https://openalex.org/W2033085261
https://openalex.org/W2072582861
https://openalex.org/W2074703329
https://openalex.org/W2104380124
https://openalex.org/W2337106339
https://openalex.org/W2482381903
https://openalex.org/W2908358588
https://openalex.org/W4232289126
https://openalex.org/W4252244841
https://openalex.org/W1965010464
https://openalex.org/W2079562763
https://openalex.org/W2085192552
https://openalex.org/W2188815895
https://openalex.org/W2618233725
https://openalex.org/W2948580672
https://openalex.org/W3133212916
https://openalex.org/W4239863036
https://openalex.org/W4253384739
https://openalex.org/W4298441061
https://openalex.org/W2027986120
https://openalex.org/W2074342006
https://openalex.org/W2472860482
https://openalex.org/W2986563948
https://openalex.org/W4301207402
https://openalex.org/W2023610868
https://openalex.org/W2073911255
https://openalex.org/W2078937506
https://openalex.org/W2091170552
https://openalex.org/W2273795675
https://openalex.org/W562425020
https://openalex.org/W1974388694
https://openalex.org/W2018291506
https://openalex.org/W1467496650
https://openalex.org/W169449432
https://openalex.org/W1991539400
https://openalex.org/W2004209208
https://openalex.org/W2026522497
https://openalex.org/W2077996055
https://openalex.org/W2264386572
https://openalex.org/W2284953590
https://openalex.org/W2330398643
https://openalex.org/W2804642526
https://openalex.org/W2807296627
https://openalex.org/W2887967302
https://openalex.org/W2910834113
https://openalex.org/W2911863134
https://openalex.org/W3105152941
https://openalex.org/W4214773259
https://openalex.org/W4231582637
https://openalex.org/W4238246710
https://openalex.org/W4240982635
https://openalex.org/W4248968988
https://openalex.org/W4298245851
https://openalex.org/W2413045305
https://openalex.org/W2037491187
https://openalex.org/W2411744439
https://openalex.org/W2488705852
https://openalex.org/W4253710371
https://openalex.org/W2028049593
https://openalex.org/W1975640634
https://openalex.org/W2051030619
https://openalex.org/W2128451617
https://openalex.org/W2161527791
https://openalex.org/W233521188
https://openalex.org/W2417606229
https://openalex.org/W2911862619
https://openalex.org/W2921142219
https://openalex.org/W2946367400
https://openalex.org/W2946397856
https://openalex.org/W2951101003
https://openalex.org/W2954389379
https://openalex.org/W2964293861
https://openalex.org/W2966098720
https://openalex.org/W2972125446
https://openalex.org/W2982335261
https://openalex.org/W2990182455
https://openalex.org/W2995866145
https://openalex.org/W3011561649
https://openalex.org/W3011578348
https://openalex.org/W3038135135
https://openalex.org/W3045388563
https://openalex.org/W3081514688
https://openalex.org/W3096581891
https://openalex.org/W3110300472
https://openalex.org/W3111613957
https://openalex.org/W3114678324
https://openalex.org/W3129044105
https://openalex.org/W3192375858
https://openalex.org/W4205888827
https://openalex.org/W11181489
https://openalex.org/W169973040
https://openalex.org/W1986244904
https://openalex.org/W2159583087
https://openalex.org/W2208121184
https://openalex.org/W2398888180
https://openalex.org/W2414159464
https://openalex.org/W2468489370
https://openalex.org/W4206002696
https://openalex.org/W4233325850
https://openalex.org/W1966231800
https://openalex.org/W2029356054
https://openalex.org/W2046713221
https://openalex.org/W2139879547
https://openalex.org/W2266558737
https://openalex.org/W2411602139
https://openalex.org/W2412434000
https://openalex.org/W2415423952
https://openalex.org/W1579631273
https://openalex.org/W2147888679
https://openalex.org/W3121050188
https://openalex.org/W3134128018
https://openalex.org/W3138538140
https://openalex.org/W3139211158
https://openalex.org/W3159476791
https://openalex.org/W3167002952
https://openalex.org/W3199524809
https://openalex.org/W3215033022
https://openalex.org/W4206835282
https://openalex.org/W4211094292
https://openalex.org/W2273835112
https://openalex.org/W2278202696
https://openalex.org/W2496513430
https://openalex.org/W2523536600
https://openalex.org/W2546472418
https://openalex.org/W2563168991
https://openalex.org/W2751197346
https://openalex.org/W2968984833
https://openalex.org/W1977915642
https://openalex.org/W1986240840
https://openalex.org/W2039629042
https://openalex.org/W2414890188
https://openalex.org/W2079977914
https://openalex.org/W2268250188
https://openalex.org/W2281345070
https://openalex.org/W2423658354
https://openalex.org/W2430572081
https://openalex.org/W1985686154
https://openalex.org/W1985755174
https://openalex.org/W2028332408
https://openalex.org/W2041983456
https://openalex.org/W2296523704
https://openalex.org/W2411729130
https://openalex.org/W2472724574
https://openalex.org/W2499154118
https://openalex.org/W1911830784
https://openalex.org/W1975007854
https://openalex.org/W2323387511
https://openalex.org/W2416054453
https://openalex.org/W2423464152
https://openalex.org/W3090914689
https://openalex.org/W4254881400
https://openalex.org/W641592684
https://openalex.org/W1962011746
https://openalex.org/W2016834458
https://openalex.org/W2031411059
https://openalex.org/W2418256589
https://openalex.org/W2505449431
https://openalex.org/W1966551585
https://openalex.org/W4235616507
https://openalex.org/W4238556308
https://openalex.org/W1147923359
https://openalex.org/W1544919836
https://openalex.org/W1564383237
https://openalex.org/W1578919356
https://openalex.org/W1745834807
https://openalex.org/W1806854313
https://openalex.org/W1853109219
https://openalex.org/W1905027990
https://openalex.org/W1907959044
https://openalex.org/W1917927230
https://openalex.org/W1933050317
https://openalex.org/W2036359813
https://openalex.org/W2082599937
https://openalex.org/W2094548437
https://openalex.org/W2188263334
https://openalex.org/W2196737602
https://openalex.org/W2204937236
https://openalex.org/W2249259902
https://openalex.org/W2258585312
https://openalex.org/W2285840289
https://openalex.org/W2286361367
https://openalex.org/W2289623948
https://openalex.org/W2314472194
https://openalex.org/W2320523397
https://openalex.org/W2326208364
https://openalex.org/W2326606390
https://openalex.org/W2327021030
https://openalex.org/W2328112751
https://openalex.org/W2336731880
https://openalex.org/W2336753929
https://openalex.org/W2337401900
https://openalex.org/W2338625608
https://openalex.org/W2340173004
https://openalex.org/W2341325592
https://openalex.org/W2395228756
https://openalex.org/W2396147587
https://openalex.org/W2396545266
https://openalex.org/W2400877768
https://openalex.org/W2402336122
https://openalex.org/W2403124166
https://openalex.org/W2404378612
https://openalex.org/W2405023004
https://openalex.org/W2408072289
https://openalex.org/W2408433621
https://openalex.org/W2410902559
https://openalex.org/W2412379556
https://openalex.org/W2414037555
https://openalex.org/W2414215595
https://openalex.org/W2416685089
https://openalex.org/W2417447319
https://openalex.org/W2420131298
https://openalex.org/W2426800613
https://openalex.org/W2461383438
https://openalex.org/W2495424469
https://openalex.org/W2507965945
https://openalex.org/W2510723065
https://openalex.org/W2516510189
https://openalex.org/W2525325449
https://openalex.org/W2527258349
https://openalex.org/W2527769253
https://openalex.org/W2528187719
https://openalex.org/W2529334014
https://openalex.org/W2530912012
https://openalex.org/W2547891736
https://openalex.org/W2557379351
https://openalex.org/W2561593385
https://openalex.org/W2562799105
https://openalex.org/W2563262778
https://openalex.org/W2564463665
https://openalex.org/W2564598184
https://openalex.org/W2572588330
https://openalex.org/W2580163097
https://openalex.org/W2582164396
https://openalex.org/W2586752594
https://openalex.org/W2587370304
https://openalex.org/W2588401605
https://openalex.org/W2588958735
https://openalex.org/W2595738689
https://openalex.org/W2595948847
https://openalex.org/W2597970374
https://openalex.org/W2601445948
https://openalex.org/W2601727059
https://openalex.org/W2604984816
https://openalex.org/W2612636700
https://openalex.org/W2655747768
https://openalex.org/W2749777505
https://openalex.org/W2750029462
https://openalex.org/W2801203032
https://openalex.org/W2887842304
https://openalex.org/W2907237168
https://openalex.org/W2922521207
https://openalex.org/W2931640717
https://openalex.org/W2945377248
https://openalex.org/W2952884615
https://openalex.org/W2969479982
https://openalex.org/W2985210423
https://openalex.org/W2990962737
https://openalex.org/W2998282821
https://openalex.org/W3014689625
https://openalex.org/W3021520920
https://openalex.org/W3092759969
https://openalex.org/W3151961570
https://openalex.org/W3170434096
https://openalex.org/W3175216017
https://openalex.org/W4230431886
https://openalex.org/W4232285596
https://openalex.org/W4238238773
https://openalex.org/W4242905115
https://openalex.org/W4243988759
https://openalex.org/W4256301197
https://openalex.org/W4385979396
https://openalex.org/W4385993504
https://openalex.org/W4394125039
https://openalex.org/W4394137152
https://openalex.org/W4394232499
https://openalex.org/W4394308219
https://openalex.org/W2000870198
https://openalex.org/W2011274138
https://openalex.org/W2018442504
https://openalex.org/W2042870223
https://openalex.org/W2046234307
https://openalex.org/W2097813750
https://openalex.org/W2101618361
https://openalex.org/W2409758701
https://openalex.org/W2410519446
https://openalex.org/W2425251101
https://openalex.org/W2044257737
https://openalex.org/W2069186189
https://openalex.org/W2410178928
https://openalex.org/W1013914583
https://openalex.org/W1545123392
https://openalex.org/W157264547
https://openalex.org/W1576292071
https://openalex.org/W1586792708
https://openalex.org/W1974858558
https://openalex.org/W1976118518
https://openalex.org/W1976667624
https://openalex.org/W1981034741
https://openalex.org/W1981055138
https://openalex.org/W1984474312
https://openalex.org/W1992904749
https://openalex.org/W1999076029
https://openalex.org/W1999370765
https://openalex.org/W2000011797
https://openalex.org/W2002580832
https://openalex.org/W2002878660
https://openalex.org/W2008807632
https://openalex.org/W2020106149
https://openalex.org/W2030120272
https://openalex.org/W2030328742
https://openalex.org/W2038544793
https://openalex.org/W2046504171
https://openalex.org/W2066911812
https://openalex.org/W2073031507
https://openalex.org/W2075609534
https://openalex.org/W2076840398
https://openalex.org/W2079640224
https://openalex.org/W2079832462
https://openalex.org/W2085063263
https://openalex.org/W2097880572
https://openalex.org/W2120267260
https://openalex.org/W2121490004
https://openalex.org/W2121693241
https://openalex.org/W2146688162
https://openalex.org/W2151144341
https://openalex.org/W2181583693
https://openalex.org/W2186604747
https://openalex.org/W2237324424
https://openalex.org/W2284784881
https://openalex.org/W2286884466
https://openalex.org/W2289000958
https://openalex.org/W2297714779
https://openalex.org/W2298260559
https://openalex.org/W2314319801
https://openalex.org/W2314450448
https://openalex.org/W2318123908
https://openalex.org/W2321301635
https://openalex.org/W2323582396
https://openalex.org/W2327395795
https://openalex.org/W2328307212
https://openalex.org/W2330472052
https://openalex.org/W2396239717
https://openalex.org/W2413182530
https://openalex.org/W2415597335
https://openalex.org/W2439927863
https://openalex.org/W2462409185
https://openalex.org/W2499942223
https://openalex.org/W2520363134
https://openalex.org/W2538360378
https://openalex.org/W2548310784
https://openalex.org/W2583060893
https://openalex.org/W2589550313
https://openalex.org/W2590560908
https://openalex.org/W2591514654
https://openalex.org/W2595816885
https://openalex.org/W2595869678
https://openalex.org/W2596351028
https://openalex.org/W2598517662
https://openalex.org/W2665434960
https://openalex.org/W2742668082
https://openalex.org/W2748183765
https://openalex.org/W2775157207
https://openalex.org/W2899659511
https://openalex.org/W2900702312
https://openalex.org/W2904420456
https://openalex.org/W2915399314
https://openalex.org/W2952915984
https://openalex.org/W2987841047
https://openalex.org/W2999805511
https://openalex.org/W3088594943
https://openalex.org/W3176991756
https://openalex.org/W3196251737
https://openalex.org/W4235777142
https://openalex.org/W4238150327
https://openalex.org/W4238228613
https://openalex.org/W4240405709
https://openalex.org/W4241294853
https://openalex.org/W4248656766
https://openalex.org/W4249299867
https://openalex.org/W4251140763
https://openalex.org/W4255554132
https://openalex.org/W4256200772
https://openalex.org/W4256468289
https://openalex.org/W4395061289
https://openalex.org/W2269152559
https://openalex.org/W2397678146
https://openalex.org/W2410441598
https://openalex.org/W2391217741
https://openalex.org/W2410340352
https://openalex.org/W2414046296
https://openalex.org/W2464956220
https://openalex.org/W2606496442
https://openalex.org/W2904333875
https://openalex.org/W4229664607
https://openalex.org/W4234859580
https://openalex.org/W59522672
https://openalex.org/W122701987
https://openalex.org/W171068577
https://openalex.org/W1977565121
https://openalex.org/W1985668383
https://openalex.org/W2012389878
https://openalex.org/W2024184789
https://openalex.org/W2057702370
https://openalex.org/W2085105422
https://openalex.org/W2095373988
https://openalex.org/W2100658689
https://openalex.org/W2164918493
https://openalex.org/W2182594598
https://openalex.org/W2200457598
https://openalex.org/W2245472182
https://openalex.org/W2260732244
https://openalex.org/W2325068128
https://openalex.org/W2331061498
https://openalex.org/W2400657383
https://openalex.org/W2402090611
https://openalex.org/W2465030288
https://openalex.org/W2467629179
https://openalex.org/W2565114390
https://openalex.org/W2580439915
https://openalex.org/W2588927405
https://openalex.org/W2589044462
https://openalex.org/W2590039468
https://openalex.org/W2593584275
https://openalex.org/W2594294529
https://openalex.org/W2594538574
https://openalex.org/W2594628394
https://openalex.org/W2599436839
https://openalex.org/W2607081517
https://openalex.org/W2612862065
https://openalex.org/W2616750061
https://openalex.org/W2623225665
https://openalex.org/W2624764220
https://openalex.org/W2740156289
https://openalex.org/W2750575714
https://openalex.org/W2751648626
https://openalex.org/W2752411958
https://openalex.org/W2763147703
https://openalex.org/W2764314352
https://openalex.org/W2767891174
https://openalex.org/W2768658047
https://openalex.org/W2777308298
https://openalex.org/W2913711539
https://openalex.org/W2946014664
https://openalex.org/W2965050908
https://openalex.org/W2993141646
https://openalex.org/W3016622685
https://openalex.org/W3035391211
https://openalex.org/W3088115042
https://openalex.org/W3088445893
https://openalex.org/W3099993736
https://openalex.org/W3107360917
https://openalex.org/W3160006632
https://openalex.org/W3161914252
https://openalex.org/W3169072928
https://openalex.org/W3187650803
https://openalex.org/W4233004415
https://openalex.org/W4235366976
https://openalex.org/W4241410100
https://openalex.org/W4243927477
https://openalex.org/W4389446830
https://openalex.org/W4394378425
https://openalex.org/W4394523324
https://openalex.org/W2000812039
https://openalex.org/W2131377280
https://openalex.org/W2416840363
https://openalex.org/W2992692064
https://openalex.org/W591560142
https://openalex.org/W1037539405
https://openalex.org/W1141974535
https://openalex.org/W1192524959
https://openalex.org/W12131781
https://openalex.org/W1259854591
https://openalex.org/W133911084
https://openalex.org/W146498313
https://openalex.org/W168140358
https://openalex.org/W1837684699
https://openalex.org/W1987448306
https://openalex.org/W1987595324
https://openalex.org/W2021878868
https://openalex.org/W2032155320
https://openalex.org/W2034343710
https://openalex.org/W2052423300
https://openalex.org/W2108474218
https://openalex.org/W2115684718
https://openalex.org/W2128146300
https://openalex.org/W2137733374
https://openalex.org/W2142355018
https://openalex.org/W2142462186
https://openalex.org/W2161167568
https://openalex.org/W2162306139
https://openalex.org/W2188411771
https://openalex.org/W2242292875
https://openalex.org/W2284016340
https://openalex.org/W2314822104
https://openalex.org/W2388364771
https://openalex.org/W2403937303
https://openalex.org/W2409121407
https://openalex.org/W2462402801
https://openalex.org/W2489344566
https://openalex.org/W2490942687
https://openalex.org/W2564658765
https://openalex.org/W2591799142
https://openalex.org/W263180834
https://openalex.org/W2735263024
https://openalex.org/W2741110256
https://openalex.org/W2746221279
https://openalex.org/W2748857723
https://openalex.org/W2805229486
https://openalex.org/W2950544865
https://openalex.org/W2966272276
https://openalex.org/W2969140355
https://openalex.org/W3095301705
https://openalex.org/W3097706732
https://openalex.org/W3104957496
https://openalex.org/W3162406498
https://openalex.org/W3173973585
https://openalex.org/W4200371598
https://openalex.org/W4205584089
https://openalex.org/W4206337594
https://openalex.org/W4206749786
https://openalex.org/W4213282777
https://openalex.org/W4220967573
https://openalex.org/W4225645150
https://openalex.org/W4225877526
https://openalex.org/W4225975095
https://openalex.org/W4226141348
https://openalex.org/W4226419324
https://openalex.org/W4229689418
https://openalex.org/W4231688696
https://openalex.org/W4234196528
https://openalex.org/W4238108521
https://openalex.org/W4244610502
https://openalex.org/W4280577637
https://openalex.org/W4282913050
https://openalex.org/W4288075062
https://openalex.org/W4293074301
https://openalex.org/W4295836770
https://openalex.org/W4296780615
https://openalex.org/W4296908492
https://openalex.org/W4296913586
https://openalex.org/W4302763215
https://openalex.org/W4303413640
https://openalex.org/W4306999397
https://openalex.org/W4307007621
https://openalex.org/W4307778255
https://openalex.org/W4311521307
https://openalex.org/W4312851373
https://openalex.org/W4313198442
https://openalex.org/W4322757695
https://openalex.org/W4352985322
https://openalex.org/W4367460373
https://openalex.org/W4394218303
https://openalex.org/W867459336
https://openalex.org/W161828924
https://openalex.org/W1965108916
https://openalex.org/W1969832102
https://openalex.org/W2012353927
https://openalex.org/W2075741731
https://openalex.org/W2399288707
https://openalex.org/W2419239989
https://openalex.org/W2491405700
https://openalex.org/W2971500492
https://openalex.org/W399059681
https://openalex.org/W1632943471
https://openalex.org/W1965769993
https://openalex.org/W1973946652
https://openalex.org/W2000146059
https://openalex.org/W2016271286
https://openalex.org/W2049526209
https://openalex.org/W2094135746
https://openalex.org/W2108452561
https://openalex.org/W2149736754
https://openalex.org/W2232606478
https://openalex.org/W2240765419
https://openalex.org/W2408824373
https://openalex.org/W2413099761
https://openalex.org/W2415538023
https://openalex.org/W2415679250
https://openalex.org/W2417013839
https://openalex.org/W2417155321
https://openalex.org/W2418233970
https://openalex.org/W2418549890
https://openalex.org/W2419424832
https://openalex.org/W2469817690
https://openalex.org/W2474507334
https://openalex.org/W2480065839
https://openalex.org/W2491365232
https://openalex.org/W2491697093
https://openalex.org/W2498827671
https://openalex.org/W2499810084
https://openalex.org/W2575298191
https://openalex.org/W2599125803
https://openalex.org/W2788249563
https://openalex.org/W2788921778
https://openalex.org/W2795498346
https://openalex.org/W2803602083
https://openalex.org/W2808809453
https://openalex.org/W2808892990
https://openalex.org/W2890250782
https://openalex.org/W2891288799
https://openalex.org/W2892280090
https://openalex.org/W2893232352
https://openalex.org/W2895353106
https://openalex.org/W2900559583
https://openalex.org/W2902870476
https://openalex.org/W2903801043
https://openalex.org/W2905457885
https://openalex.org/W2910625539
https://openalex.org/W2922400279
https://openalex.org/W2931431364
https://openalex.org/W2935784596
https://openalex.org/W2936544744
https://openalex.org/W2942549537
https://openalex.org/W2951536315
https://openalex.org/W2969864571
https://openalex.org/W2972002190
https://openalex.org/W2972074394
https://openalex.org/W2976519794
https://openalex.org/W2979081169
https://openalex.org/W2985966227
https://openalex.org/W2986381992
https://openalex.org/W2988209195
https://openalex.org/W2990528860
https://openalex.org/W2996461752
https://openalex.org/W3010728377
https://openalex.org/W3011441155
https://openalex.org/W3015746079
https://openalex.org/W3025370104
https://openalex.org/W3033720100
https://openalex.org/W3042244952
https://openalex.org/W3083915367
https://openalex.org/W3093267430
https://openalex.org/W3099755523
https://openalex.org/W3103484459
https://openalex.org/W3153446130
https://openalex.org/W3170615284
https://openalex.org/W3173823653
https://openalex.org/W3195309989
https://openalex.org/W3199946180
https://openalex.org/W4205119667
https://openalex.org/W4212886373
https://openalex.org/W4213255240
https://openalex.org/W4214770280
https://openalex.org/W4232874020
https://openalex.org/W4237538687
https://openalex.org/W4242857534
https://openalex.org/W4243456840
https://openalex.org/W4249496540
https://openalex.org/W4362524332
https://openalex.org/W4390805144
https://openalex.org/W4392179091
https://openalex.org/W4394215790
https://openalex.org/W744547994
https://openalex.org/W1796388671
https://openalex.org/W2016577169
https://openalex.org/W2066817725
https://openalex.org/W2072037612
https://openalex.org/W2326702453
https://openalex.org/W2330492422
https://openalex.org/W2399872436
https://openalex.org/W2409026034
https://openalex.org/W2485328023
https://openalex.org/W3214734846
https://openalex.org/W4243533874
https://openalex.org/W4247082890
https://openalex.org/W4249309882
https://openalex.org/W1972412133
https://openalex.org/W1984948324
https://openalex.org/W2021706943
https://openalex.org/W2028411338
https://openalex.org/W2029658037
https://openalex.org/W2069783963
https://openalex.org/W2080284335
https://openalex.org/W2120551927
https://openalex.org/W2308720263
https://openalex.org/W2421273186
https://openalex.org/W2485790216
https://openalex.org/W2488276253
https://openalex.org/W2501968293
https://openalex.org/W2504846567
https://openalex.org/W2532690796
https://openalex.org/W2580975766
https://openalex.org/W2585837902
https://openalex.org/W2601754427
https://openalex.org/W2611507212
https://openalex.org/W2676254685
https://openalex.org/W274369326
https://openalex.org/W2771401900
https://openalex.org/W2774058577
https://openalex.org/W2774380115
https://openalex.org/W2796340408
https://openalex.org/W2939207457
https://openalex.org/W2949806974
https://openalex.org/W2949897385
https://openalex.org/W2952395406
https://openalex.org/W2997536956
https://openalex.org/W3003309293
https://openalex.org/W3009772521
https://openalex.org/W3011061410
https://openalex.org/W3011393027
https://openalex.org/W3011442893
https://openalex.org/W3011495252
https://openalex.org/W3011623399
https://openalex.org/W3013736904
https://openalex.org/W3014970733
https://openalex.org/W3015555308
https://openalex.org/W3017162077
https://openalex.org/W3033430553
https://openalex.org/W3033897893
https://openalex.org/W3036339343
https://openalex.org/W3037623351
https://openalex.org/W3037740669
https://openalex.org/W3081737200
https://openalex.org/W3087834353
https://openalex.org/W3093434027
https://openalex.org/W3095128212
https://openalex.org/W3095626927
https://openalex.org/W3096886519
https://openalex.org/W3097773908
https://openalex.org/W3098687303
https://openalex.org/W3102514073
https://openalex.org/W3106004827
https://openalex.org/W3112803566
https://openalex.org/W3193690623
https://openalex.org/W3215115457
https://openalex.org/W398596383
https://openalex.org/W4214922945
https://openalex.org/W4230839674
https://openalex.org/W4231385958
https://openalex.org/W4231386853
https://openalex.org/W4233309604
https://openalex.org/W4239225507
https://openalex.org/W4240744712
https://openalex.org/W4243693073
https://openalex.org/W4245795269
https://openalex.org/W4249227705
https://openalex.org/W4254423790
https://openalex.org/W4254474823
https://openalex.org/W4310693098
https://openalex.org/W4390808027
https://openalex.org/W55281846
https://openalex.org/W1988897233
https://openalex.org/W2138114410
https://openalex.org/W2142322830
https://openalex.org/W2415518494
https://openalex.org/W2473079017
https://openalex.org/W2787002485
https://openalex.org/W1680826874
https://openalex.org/W1965303947
https://openalex.org/W1974942933
https://openalex.org/W1994965447
https://openalex.org/W2017467665
https://openalex.org/W2245791621
https://openalex.org/W2408066008
https://openalex.org/W2410319741
https://openalex.org/W2416562876
https://openalex.org/W2493980319
https://openalex.org/W2565154271
https://openalex.org/W2900463653
https://openalex.org/W3093442803
https://openalex.org/W3094677969
https://openalex.org/W3102311345
https://openalex.org/W3103156155
https://openalex.org/W3160840290
https://openalex.org/W1608735562
https://openalex.org/W1994457330
https://openalex.org/W2024545569
https://openalex.org/W2030846387
https://openalex.org/W2049129831
https://openalex.org/W2059453427
https://openalex.org/W2119175992
https://openalex.org/W2397592578
https://openalex.org/W2434241063
https://openalex.org/W2435672987
https://openalex.org/W2516497227
https://openalex.org/W2521773120
https://openalex.org/W2553966168
https://openalex.org/W2900483659
https://openalex.org/W3127673237
https://openalex.org/W3129398927
https://openalex.org/W3150927782
https://openalex.org/W3155962811
https://openalex.org/W3163131866
https://openalex.org/W3166050669
https://openalex.org/W3167089625
https://openalex.org/W3169838159
https://openalex.org/W3171920181
https://openalex.org/W3173330007
https://openalex.org/W3181401397
https://openalex.org/W3183514577
https://openalex.org/W3183612307
https://openalex.org/W3188892005
https://openalex.org/W3191866366
https://openalex.org/W3198472956
https://openalex.org/W3198535094
https://openalex.org/W3200297325
https://openalex.org/W3204630895
https://openalex.org/W3205030628
https://openalex.org/W3207575774
https://openalex.org/W3213114559
https://openalex.org/W4200139838
https://openalex.org/W4200500441
https://openalex.org/W4200625231
https://openalex.org/W4210870816
https://openalex.org/W4213278617
https://openalex.org/W561808606
https://openalex.org/W184425431
https://openalex.org/W1967755062
https://openalex.org/W1967920026
https://openalex.org/W1972224413
https://openalex.org/W2025814902
https://openalex.org/W2307154206
https://openalex.org/W2317548172
https://openalex.org/W2331616129
https://openalex.org/W2361295034
https://openalex.org/W2398323415
https://openalex.org/W2414674911
https://openalex.org/W2419173252
https://openalex.org/W2439713070
https://openalex.org/W2603717279
https://openalex.org/W2604193851
https://openalex.org/W2611267142
https://openalex.org/W2730301255
https://openalex.org/W2792708796
https://openalex.org/W2902716152
https://openalex.org/W2922281209
https://openalex.org/W2949535956
https://openalex.org/W2966787546
https://openalex.org/W2971199062
https://openalex.org/W3042493669
https://openalex.org/W3047094354
https://openalex.org/W3128484496
https://openalex.org/W3161871399
https://openalex.org/W4234000210
https://openalex.org/W4234701553
https://openalex.org/W4235317610
https://openalex.org/W4236488797
https://openalex.org/W4242271175
https://openalex.org/W4254701243
https://openalex.org/W836477171
https://openalex.org/W2398055019
https://openalex.org/W2402689010
https://openalex.org/W2413641131
https://openalex.org/W2416703772
https://openalex.org/W2419123283
https://openalex.org/W2523492512
https://openalex.org/W2993816137
https://openalex.org/W1863078379
https://openalex.org/W1994234991
https://openalex.org/W2001432765
https://openalex.org/W2019519701
https://openalex.org/W2053314732
https://openalex.org/W2054018851
https://openalex.org/W2071054835
https://openalex.org/W2278619697
https://openalex.org/W2341427091
https://openalex.org/W2409400842
https://openalex.org/W2412120957
https://openalex.org/W2414813575
https://openalex.org/W2416459771
https://openalex.org/W2416588124
https://openalex.org/W2417440293
https://openalex.org/W2466103512
https://openalex.org/W2480173247
https://openalex.org/W2523180834
https://openalex.org/W2604834238
https://openalex.org/W2605269293
https://openalex.org/W2606049064
https://openalex.org/W2618314875
https://openalex.org/W2725041754
https://openalex.org/W2733700109
https://openalex.org/W2950344261
https://openalex.org/W1499687029
https://openalex.org/W1542402469
https://openalex.org/W1777840021
https://openalex.org/W1972002621
https://openalex.org/W1977774624
https://openalex.org/W2021247861
https://openalex.org/W2028916329
https://openalex.org/W2065588273
https://openalex.org/W2077104070
https://openalex.org/W2132576974
https://openalex.org/W2133750699
https://openalex.org/W2277602176
https://openalex.org/W2322737625
https://openalex.org/W2388790904
https://openalex.org/W2394648140
https://openalex.org/W2395460246
https://openalex.org/W2396713713
https://openalex.org/W2400086140
https://openalex.org/W2409303545
https://openalex.org/W2409430975
https://openalex.org/W2413809348
https://openalex.org/W2415027049
https://openalex.org/W2416384669
https://openalex.org/W2416743374
https://openalex.org/W2418700308
https://openalex.org/W2426407750
https://openalex.org/W2426684714
https://openalex.org/W2439010869
https://openalex.org/W2465564429
https://openalex.org/W2469200690
https://openalex.org/W2471314902
https://openalex.org/W2488697181
https://openalex.org/W2605098780
https://openalex.org/W2624276266
https://openalex.org/W2916756610
https://openalex.org/W2949731110
https://openalex.org/W2998474904
https://openalex.org/W3027775368
https://openalex.org/W3032776535
https://openalex.org/W3082850843
https://openalex.org/W4230074660
https://openalex.org/W4235410101
https://openalex.org/W4241505279
https://openalex.org/W4243481723
https://openalex.org/W4252250888
https://openalex.org/W4252522433
https://openalex.org/W4253488698
https://openalex.org/W4256516584
https://openalex.org/W4287889
https://openalex.org/W4313151722
https://openalex.org/W54708849
https://openalex.org/W645641482
https://openalex.org/W1897566201
https://openalex.org/W1953683145
https://openalex.org/W1965067717
https://openalex.org/W2014014528
https://openalex.org/W2037176186
https://openalex.org/W2064429680
https://openalex.org/W2315941570
https://openalex.org/W2325779218
https://openalex.org/W2333412376
https://openalex.org/W2357763734
https://openalex.org/W2379242533
https://openalex.org/W2400363085
https://openalex.org/W2401660965
https://openalex.org/W2411775185
https://openalex.org/W2413113066
https://openalex.org/W2418360347
https://openalex.org/W2460861984
https://openalex.org/W2461508224
https://openalex.org/W2500163875
https://openalex.org/W2520345711
https://openalex.org/W2570171802
https://openalex.org/W2606401380
https://openalex.org/W2951974548
https://openalex.org/W4254508318
https://openalex.org/W1573171073
https://openalex.org/W1944432889
https://openalex.org/W1966382163
https://openalex.org/W1974318120
https://openalex.org/W1975601407
https://openalex.org/W2020660643
https://openalex.org/W2046335960
https://openalex.org/W2063250811
https://openalex.org/W2068530005
https://openalex.org/W2073329748
https://openalex.org/W2089839328
https://openalex.org/W2093128764
https://openalex.org/W2110989601
https://openalex.org/W2137967594
https://openalex.org/W2154110953
https://openalex.org/W2256044814
https://openalex.org/W2280142649
https://openalex.org/W2285977131
https://openalex.org/W2310870780
https://openalex.org/W2312945036
https://openalex.org/W2313321787
https://openalex.org/W2317523391
https://openalex.org/W2318535972
https://openalex.org/W2322892040
https://openalex.org/W2324765825
https://openalex.org/W2325561580
https://openalex.org/W2325931352
https://openalex.org/W2327612635
https://openalex.org/W2327863371
https://openalex.org/W2329326383
https://openalex.org/W2329992684
https://openalex.org/W2349681006
https://openalex.org/W2354034875
https://openalex.org/W2354412157
https://openalex.org/W2357035355
https://openalex.org/W2357617157
https://openalex.org/W2359052516
https://openalex.org/W2361703613
https://openalex.org/W2365181826
https://openalex.org/W2369726443
https://openalex.org/W2385034148
https://openalex.org/W2392799911
https://openalex.org/W2395138402
https://openalex.org/W2397607345
https://openalex.org/W2409562850
https://openalex.org/W2412643045
https://openalex.org/W2412813631
https://openalex.org/W2413865181
https://openalex.org/W2414539140
https://openalex.org/W2414775754
https://openalex.org/W2415117690
https://openalex.org/W2417853954
https://openalex.org/W2419478122
https://openalex.org/W2441088533
https://openalex.org/W2442359868
https://openalex.org/W2463506958
https://openalex.org/W2467026867
https://openalex.org/W2467364522
https://openalex.org/W2469907216
https://openalex.org/W250994206
https://openalex.org/W2528905035
https://openalex.org/W2570199375
https://openalex.org/W2617083059
https://openalex.org/W2622564976
https://openalex.org/W2791512800
https://openalex.org/W2921676701
https://openalex.org/W3036506410
https://openalex.org/W3049225239
https://openalex.org/W3145277475
https://openalex.org/W3153757308
https://openalex.org/W3156609577
https://openalex.org/W3210183339
https://openalex.org/W321132376
https://openalex.org/W3213236838
https://openalex.org/W421157226
https://openalex.org/W4214822661
https://openalex.org/W4231306330
https://openalex.org/W4235010446
https://openalex.org/W4238739307
https://openalex.org/W4239618265
https://openalex.org/W4246417006
https://openalex.org/W4254673112
https://openalex.org/W4256127138
https://openalex.org/W4315698183
https://openalex.org/W625468192
https://openalex.org/W830024
https://openalex.org/W2085907924
https://openalex.org/W2086327676
https://openalex.org/W2073998126
https://openalex.org/W1919303367
https://openalex.org/W2921342657
https://openalex.org/W2142167347
https://openalex.org/W1901215533
https://openalex.org/W2109479865
https://openalex.org/W2946415573
https://openalex.org/W2029010155
https://openalex.org/W2570330573
https://openalex.org/W2050525049
https://openalex.org/W4297851026
https://openalex.org/W2103801183
https://openalex.org/W2025002129
https://openalex.org/W2910880405
https://openalex.org/W2070487917
https://openalex.org/W2938743773
https://openalex.org/W2486646922
https://openalex.org/W2040027940
https://openalex.org/W1999951204
https://openalex.org/W2780526171
https://openalex.org/W2985980638
https://openalex.org/W4377164289
https://openalex.org/W2126271049
https://openalex.org/W2126620985
https://openalex.org/W2168326263
https://openalex.org/W2146854727
https://openalex.org/W1984881453
https://openalex.org/W2055068047
https://openalex.org/W2130357785
https://openalex.org/W2064462697
https://openalex.org/W1483424995
https://openalex.org/W1909056334
https://openalex.org/W2126788366
https://openalex.org/W2124867155
https://openalex.org/W2125197474
https://openalex.org/W1974092361
https://openalex.org/W1987128031
https://openalex.org/W1989153207
https://openalex.org/W1970864382
https://openalex.org/W2129128387
https://openalex.org/W2102055984
https://openalex.org/W2019645311
https://openalex.org/W1560777269
https://openalex.org/W1948711363
https://openalex.org/W1490951065
https://openalex.org/W2058609573
https://openalex.org/W1566871555
https://openalex.org/W2462990390
https://openalex.org/W2741826106
https://openalex.org/W1510797412
https://openalex.org/W1666719238
https://openalex.org/W4214843451
https://openalex.org/W2143275149
https://openalex.org/W2791253526
https://openalex.org/W2622865150
https://openalex.org/W2059013218
https://openalex.org/W2971126584
https://openalex.org/W3033768524
https://openalex.org/W2939159833
https://openalex.org/W2940680158
https://openalex.org/W3001392145
https://openalex.org/W3027306034
https://openalex.org/W2039485883
https://openalex.org/W2057335558
https://openalex.org/W2017696763
https://openalex.org/W2074150277
https://openalex.org/W2146895097
https://openalex.org/W2118774660
https://openalex.org/W3021508179
https://openalex.org/W2085457353
https://openalex.org/W2036466367
https://openalex.org/W2078189440
https://openalex.org/W2156561249
https://openalex.org/W2008359527
https://openalex.org/W1592109828
https://openalex.org/W2079790110
https://openalex.org/W2146495049
https://openalex.org/W138909981
https://openalex.org/W1963605882
https://openalex.org/W2034140456
https://openalex.org/W1884147497
https://openalex.org/W4251662847
https://openalex.org/W1563419282
https://openalex.org/W2155136802
https://openalex.org/W2046814482
https://openalex.org/W2019932049
https://openalex.org/W1805252093
https://openalex.org/W1565443828
https://openalex.org/W2012860078
https://openalex.org/W2105495527
https://openalex.org/W1860349143
https://openalex.org/W2035155305
https://openalex.org/W2067542349
https://openalex.org/W2114639921
https://openalex.org/W1978484881
https://openalex.org/W1992578884
https://openalex.org/W2058975394
https://openalex.org/W2108033883
https://openalex.org/W2124083823
https://openalex.org/W2160189160
https://openalex.org/W1907680922
https://openalex.org/W1968398144
https://openalex.org/W1978327798
https://openalex.org/W2022559827
https://openalex.org/W2093941616
https://openalex.org/W2607416439
https://openalex.org/W2033189137
https://openalex.org/W2900493595
https://openalex.org/W3105772064
https://openalex.org/W1519314740
https://openalex.org/W2846498516
https://openalex.org/W2968488935
https://openalex.org/W3016347610
https://openalex.org/W3165693743
https://openalex.org/W2146156288
https://openalex.org/W2530534264
https://openalex.org/W2048137322
https://openalex.org/W2017075509
https://openalex.org/W2126806724
https://openalex.org/W1493416806
https://openalex.org/W2081500697
https://openalex.org/W2015050590
https://openalex.org/W1998030797
https://openalex.org/W2000166574
https://openalex.org/W2003860297
https://openalex.org/W1967494967
https://openalex.org/W2067072715
https://openalex.org/W2085854580
https://openalex.org/W2015339579
https://openalex.org/W1988605096
https://openalex.org/W1997839583
https://openalex.org/W1562141381
https://openalex.org/W2008774736
https://openalex.org/W2018872649
https://openalex.org/W2025151334
https://openalex.org/W1964090826
https://openalex.org/W2006209105
https://openalex.org/W1580799563
https://openalex.org/W2054572957
https://openalex.org/W2113369416
https://openalex.org/W1976217506
https://openalex.org/W1985803069
https://openalex.org/W2027179567
https://openalex.org/W2121490159
https://openalex.org/W2173624863
https://openalex.org/W2417047318
https://openalex.org/W1994123078
https://openalex.org/W2240472072
https://openalex.org/W2560400567
https://openalex.org/W2765492110
https://openalex.org/W2943236400
https://openalex.org/W2995241175
https://openalex.org/W3006004734
https://openalex.org/W3091780328
https://openalex.org/W3003713355
https://openalex.org/W2042774864
https://openalex.org/W1970570766
https://openalex.org/W2046062626
https://openalex.org/W2090761346
https://openalex.org/W1995403585
https://openalex.org/W2103799907
https://openalex.org/W1493358525
https://openalex.org/W2010792670
https://openalex.org/W1971360146
https://openalex.org/W2050008692
https://openalex.org/W2014943285
https://openalex.org/W1561551926
https://openalex.org/W2076375479
https://openalex.org/W2158117041
https://openalex.org/W2100851236
https://openalex.org/W2051175441
https://openalex.org/W2060031269
https://openalex.org/W2108089475
https://openalex.org/W2092575567
https://openalex.org/W2165600622
https://openalex.org/W2039739092
https://openalex.org/W200222775
https://openalex.org/W2044943914
https://openalex.org/W1968929403
https://openalex.org/W2069976285
https://openalex.org/W2039915132
https://openalex.org/W2108581467
https://openalex.org/W2128964890
https://openalex.org/W2002460545
https://openalex.org/W2128966215
https://openalex.org/W913070533
https://openalex.org/W2085379715
https://openalex.org/W1972627386
https://openalex.org/W2570756670
https://openalex.org/W2810981572
https://openalex.org/W2940538827
https://openalex.org/W3013130318
https://openalex.org/W3026020450
https://openalex.org/W2890107406
https://openalex.org/W3037986320
https://openalex.org/W3180366752
https://openalex.org/W4206954917
https://openalex.org/W4210873531
https://openalex.org/W4205752024
https://openalex.org/W22570020
https://openalex.org/W1909989713
https://openalex.org/W2074093180
https://openalex.org/W1980703229
https://openalex.org/W2026073025
https://openalex.org/W1946242278
https://openalex.org/W2003571504
https://openalex.org/W2036685467
https://openalex.org/W1544683726
https://openalex.org/W2110791321
https://openalex.org/W2029271298
https://openalex.org/W2131703020
https://openalex.org/W2097192605
https://openalex.org/W2002286482
https://openalex.org/W1978094147
https://openalex.org/W1970313155
https://openalex.org/W2084417966
https://openalex.org/W2041806769
https://openalex.org/W2065450211
https://openalex.org/W2000771287
https://openalex.org/W2082178832
https://openalex.org/W2047175605
https://openalex.org/W2124215548
https://openalex.org/W2142255386
https://openalex.org/W1528455400
https://openalex.org/W1977480641
https://openalex.org/W1984295487
https://openalex.org/W2109043043
https://openalex.org/W1970546285
https://openalex.org/W2013349444
https://openalex.org/W2052475943
https://openalex.org/W2079807836
https://openalex.org/W1990666295
https://openalex.org/W2888186900
https://openalex.org/W2141553045
https://openalex.org/W2168212264
https://openalex.org/W1968470269
https://openalex.org/W1987786629
https://openalex.org/W1967462433
https://openalex.org/W2042084876
https://openalex.org/W2764187452
https://openalex.org/W4238255476
https://openalex.org/W1964255642
https://openalex.org/W1180546453
https://openalex.org/W2731451281
https://openalex.org/W3102746020
https://openalex.org/W2885578444
https://openalex.org/W2906068649
https://openalex.org/W2937812941
https://openalex.org/W3030505589
https://openalex.org/W3016315819
https://openalex.org/W3040465059
https://openalex.org/W2988784930
https://openalex.org/W3170743903
https://openalex.org/W3204088057
https://openalex.org/W3006630228
https://openalex.org/W3188242408
https://openalex.org/W4206336089
https://openalex.org/W4318017344
https://openalex.org/W4319600056
https://openalex.org/W4385705107
https://openalex.org/W2009290034
https://openalex.org/W2127299473
https://openalex.org/W2080849407
https://openalex.org/W2139903389
https://openalex.org/W2093481189
https://openalex.org/W2098266057
https://openalex.org/W2029479519
https://openalex.org/W2115264480
https://openalex.org/W2068831859
https://openalex.org/W2036692029
https://openalex.org/W1988754586
https://openalex.org/W2010453621
https://openalex.org/W2056620786
https://openalex.org/W2078776312
https://openalex.org/W1520802371
https://openalex.org/W2031497239
https://openalex.org/W2133996539
https://openalex.org/W2019553927
https://openalex.org/W2164656098
https://openalex.org/W1965533538
https://openalex.org/W2022590286
https://openalex.org/W2051374206
https://openalex.org/W1976815813
https://openalex.org/W2130570922
https://openalex.org/W1967027699
https://openalex.org/W1974898015
https://openalex.org/W2075214938
https://openalex.org/W2332094297
https://openalex.org/W2605005944
https://openalex.org/W2320751365
https://openalex.org/W2549107500
https://openalex.org/W2294867215
https://openalex.org/W2784634557
https://openalex.org/W2972152987
https://openalex.org/W2991331080
https://openalex.org/W3108358867
https://openalex.org/W3017484515
https://openalex.org/W3042541271
https://openalex.org/W3120969926
https://openalex.org/W3177987454
https://openalex.org/W4212818070
https://openalex.org/W4229013669
https://openalex.org/W4379469473
https://openalex.org/W4387356812
https://openalex.org/W2054549257
https://openalex.org/W2025015505
https://openalex.org/W2010357646
https://openalex.org/W1835580404
https://openalex.org/W2060442932
https://openalex.org/W2017791665
https://openalex.org/W2142092401
https://openalex.org/W2142389015
https://openalex.org/W2009646766
https://openalex.org/W2076304007
https://openalex.org/W1986030848
https://openalex.org/W84650808
https://openalex.org/W2085565926
https://openalex.org/W1971212801
https://openalex.org/W1974479648
https://openalex.org/W2076756456
https://openalex.org/W1728320177
https://openalex.org/W2026807453
https://openalex.org/W1966045089
https://openalex.org/W2006753991
https://openalex.org/W2151220835
https://openalex.org/W2141398861
https://openalex.org/W1979990841
https://openalex.org/W2017023704
https://openalex.org/W2035600329
https://openalex.org/W2073747478
https://openalex.org/W2124142446
https://openalex.org/W2151306595
https://openalex.org/W1895322904
https://openalex.org/W2299568713
https://openalex.org/W2766131383
https://openalex.org/W2595088977
https://openalex.org/W2743319243
https://openalex.org/W2123825798
https://openalex.org/W2254433586
https://openalex.org/W2837356223
https://openalex.org/W2806974488
https://openalex.org/W2914058174
https://openalex.org/W2940733793
https://openalex.org/W3007240992
https://openalex.org/W3034614834
https://openalex.org/W3135480962
https://openalex.org/W3145084022
https://openalex.org/W3164101818
https://openalex.org/W4200090505
https://openalex.org/W4225996335
https://openalex.org/W3193537865
https://openalex.org/W4226402822
https://openalex.org/W4229030292
https://openalex.org/W4285085048
https://openalex.org/W4390745733
https://openalex.org/W4390753037
https://openalex.org/W4391036079
https://openalex.org/W4391754252
https://openalex.org/W4391822597
https://openalex.org/W4391885591
https://openalex.org/W4392034878
https://openalex.org/W4392356041
https://openalex.org/W4392549811
https://openalex.org/W4392712980
https://openalex.org/W4394016795
https://openalex.org/W4394719958
https://openalex.org/W4394759336
https://openalex.org/W4394848784
https://openalex.org/W4394996084
https://openalex.org/W4395695132
https://openalex.org/W4396500488
https://openalex.org/W4396515789
https://openalex.org/W4396515816
https://openalex.org/W2076112372
https://openalex.org/W2063982163
https://openalex.org/W2101773636
https://openalex.org/W1983131576
https://openalex.org/W2056767824
https://openalex.org/W1587081638
https://openalex.org/W1973894066
https://openalex.org/W1984042705
https://openalex.org/W2040293762
https://openalex.org/W2083783125
https://openalex.org/W2057593028
https://openalex.org/W1493791717
https://openalex.org/W1978490113
https://openalex.org/W2006091051
https://openalex.org/W2034132243
https://openalex.org/W2047010356
https://openalex.org/W2094627929
https://openalex.org/W2028981082
https://openalex.org/W2066530305
https://openalex.org/W2148587571
https://openalex.org/W1964944200
https://openalex.org/W1993798130
https://openalex.org/W1662388593
https://openalex.org/W2044755048
https://openalex.org/W2074547690
https://openalex.org/W2583507311
https://openalex.org/W2735683166
https://openalex.org/W1893038822
https://openalex.org/W2345254896
https://openalex.org/W2555736019
https://openalex.org/W2603213603
https://openalex.org/W2766793969
https://openalex.org/W1930415940
https://openalex.org/W2273663967
https://openalex.org/W2641799087
https://openalex.org/W2779268572
https://openalex.org/W2892049562
https://openalex.org/W2968690336
https://openalex.org/W4224944629
https://openalex.org/W4312085329
https://openalex.org/W4317605917
https://openalex.org/W4322762886
https://openalex.org/W4362716665
https://openalex.org/W4383912745
https://openalex.org/W4384025244
https://openalex.org/W4387401801
https://openalex.org/W2155848167
https://openalex.org/W2046737249
https://openalex.org/W1964171385
https://openalex.org/W2001339891
https://openalex.org/W2030180558
https://openalex.org/W2078711790
https://openalex.org/W2132212800
https://openalex.org/W2030076268
https://openalex.org/W2049969296
https://openalex.org/W2063221909
https://openalex.org/W2084586262
https://openalex.org/W2070842337
https://openalex.org/W2484340690
https://openalex.org/W2155350011
https://openalex.org/W2091553256
https://openalex.org/W2107417089
https://openalex.org/W1967293327
https://openalex.org/W2020379544
https://openalex.org/W2035140893
https://openalex.org/W2138673273
https://openalex.org/W2146827461
https://openalex.org/W1976585779
https://openalex.org/W2039159056
https://openalex.org/W2330464491
https://openalex.org/W2605388942
https://openalex.org/W2623966260
https://openalex.org/W2900375636
https://openalex.org/W1979464270
https://openalex.org/W1983455295
https://openalex.org/W2108066738
https://openalex.org/W2314650011
https://openalex.org/W2562122027
https://openalex.org/W2749634230
https://openalex.org/W2338168307
https://openalex.org/W2077703473
https://openalex.org/W3047109247
https://openalex.org/W3154701304
https://openalex.org/W3173737909
https://openalex.org/W3189099756
https://openalex.org/W3187890130
https://openalex.org/W4213367748
https://openalex.org/W4221001277
https://openalex.org/W2082006464
https://openalex.org/W1820719575
https://openalex.org/W2597570744
https://openalex.org/W1966926273
https://openalex.org/W2116724714
https://openalex.org/W2081758913
https://openalex.org/W2165651764
https://openalex.org/W2040583750
https://openalex.org/W1603302118
https://openalex.org/W1855708049
https://openalex.org/W2039424050
https://openalex.org/W2068133786
https://openalex.org/W2091173213
https://openalex.org/W1511983331
https://openalex.org/W1977193358
https://openalex.org/W2079291951
https://openalex.org/W2143305308
https://openalex.org/W47928222
https://openalex.org/W2075629151
https://openalex.org/W2093214758
https://openalex.org/W2104258896
https://openalex.org/W1997695232
https://openalex.org/W2205628738
https://openalex.org/W1575161162
https://openalex.org/W1973992167
https://openalex.org/W1994505881
https://openalex.org/W142938727
https://openalex.org/W1992440272
https://openalex.org/W2059624297
https://openalex.org/W2400351134
https://openalex.org/W84249041
https://openalex.org/W1515453468
https://openalex.org/W2018797277
https://openalex.org/W2223929896
https://openalex.org/W2768484364
https://openalex.org/W2795336314
https://openalex.org/W2541484684
https://openalex.org/W2586452992
https://openalex.org/W2587057041
https://openalex.org/W2891894688
https://openalex.org/W2906546901
https://openalex.org/W2467929007
https://openalex.org/W2914763975
https://openalex.org/W2946926835
https://openalex.org/W3109556317
https://openalex.org/W3146904427
https://openalex.org/W3039721938
https://openalex.org/W4220935504
https://openalex.org/W4221125982
https://openalex.org/W4225295071
https://openalex.org/W4290993921
https://openalex.org/W2023179476
https://openalex.org/W2083086276
https://openalex.org/W2057053589
https://openalex.org/W1985622744
https://openalex.org/W2048118869
https://openalex.org/W2030057060
https://openalex.org/W1523896164
https://openalex.org/W2088497538
https://openalex.org/W2168805462
https://openalex.org/W4241603115
https://openalex.org/W1969479116
https://openalex.org/W1998642096
https://openalex.org/W2091408517
https://openalex.org/W1516253638
https://openalex.org/W2023282748
https://openalex.org/W2167880935
https://openalex.org/W1985802953
https://openalex.org/W2078048041
https://openalex.org/W2129999856
https://openalex.org/W2160600789
https://openalex.org/W1966353641
https://openalex.org/W1977682807
https://openalex.org/W2014475889
https://openalex.org/W2030666560
https://openalex.org/W2157922914
https://openalex.org/W2295578265
https://openalex.org/W2889417639
https://openalex.org/W2890971604
https://openalex.org/W2017417970
https://openalex.org/W2523088749
https://openalex.org/W2610465246
https://openalex.org/W2754199180
https://openalex.org/W2772466186
https://openalex.org/W2792786343
https://openalex.org/W2836656642
https://openalex.org/W2922264732
https://openalex.org/W2924312268
https://openalex.org/W2964016956
https://openalex.org/W2467209984
https://openalex.org/W2536866116
https://openalex.org/W2553023843
https://openalex.org/W2888280921
https://openalex.org/W3017223478
https://openalex.org/W3026435814
https://openalex.org/W3102168216
https://openalex.org/W3034629495
https://openalex.org/W3034690878
https://openalex.org/W3096482215
https://openalex.org/W3138125284
https://openalex.org/W3197962512
https://openalex.org/W3199857419
https://openalex.org/W3209838123
https://openalex.org/W1524258961
https://openalex.org/W1963827482
https://openalex.org/W2010675805
https://openalex.org/W2149771761
https://openalex.org/W2012173495
https://openalex.org/W1535221126
https://openalex.org/W2002584570
https://openalex.org/W2040066028
https://openalex.org/W2071038851
https://openalex.org/W2094854769
https://openalex.org/W1535458693
https://openalex.org/W2007602411
https://openalex.org/W1974077422
https://openalex.org/W1982406152
https://openalex.org/W2038523922
https://openalex.org/W1754507278
https://openalex.org/W1985529610
https://openalex.org/W2020342661
https://openalex.org/W2036270153
https://openalex.org/W2044325031
https://openalex.org/W2313224065
https://openalex.org/W2776249340
https://openalex.org/W2809360845
https://openalex.org/W2956165827
https://openalex.org/W2975075814
https://openalex.org/W1009409050
https://openalex.org/W2410346076
https://openalex.org/W2462539746
https://openalex.org/W2945740485
https://openalex.org/W3087618888
https://openalex.org/W3135476384
https://openalex.org/W3158083686
https://openalex.org/W3189645647
https://openalex.org/W3200663114
https://openalex.org/W3204655024
https://openalex.org/W4206006820
https://openalex.org/W4212809201
https://openalex.org/W4281841352
https://openalex.org/W4323322366
https://openalex.org/W4365451222
https://openalex.org/W4366429972
https://openalex.org/W4366997758
https://openalex.org/W4376134704
https://openalex.org/W4376155261
https://openalex.org/W4377047512
https://openalex.org/W4379281977
https://openalex.org/W4385334726
https://openalex.org/W4385461684
https://openalex.org/W4385728699
https://openalex.org/W4386575120
https://openalex.org/W4387133089
https://openalex.org/W4389002402
https://openalex.org/W2086790775
https://openalex.org/W2035067638
https://openalex.org/W2099187447
https://openalex.org/W1994190586
https://openalex.org/W2028411717
https://openalex.org/W1999099205
https://openalex.org/W2414632518
https://openalex.org/W2028750962
https://openalex.org/W2126538106
https://openalex.org/W1816265268
https://openalex.org/W1999283911
https://openalex.org/W2002236487
https://openalex.org/W2086178873
https://openalex.org/W2126938811
https://openalex.org/W2885106882
https://openalex.org/W2046483496
https://openalex.org/W2013923609
https://openalex.org/W2020865701
https://openalex.org/W2046872800
https://openalex.org/W2106643218
https://openalex.org/W2115376593
https://openalex.org/W2011486643
https://openalex.org/W2770958196
https://openalex.org/W2800110082
https://openalex.org/W2905510178
https://openalex.org/W2473754732
https://openalex.org/W2562791740
https://openalex.org/W2908693686
https://openalex.org/W2997480827
https://openalex.org/W3008635203
https://openalex.org/W797003955
https://openalex.org/W2019250852
https://openalex.org/W2166502931
https://openalex.org/W1978393687
https://openalex.org/W2001137096
https://openalex.org/W2071955895
https://openalex.org/W2015026517
https://openalex.org/W2059098336
https://openalex.org/W2060275103
https://openalex.org/W1514525771
https://openalex.org/W2020034508
https://openalex.org/W2079075011
https://openalex.org/W2141516728
https://openalex.org/W2163421025
https://openalex.org/W2333058589
https://openalex.org/W2789732402
https://openalex.org/W2884926209
https://openalex.org/W2890909122
https://openalex.org/W1717396
https://openalex.org/W2093708180
https://openalex.org/W2168055992
https://openalex.org/W2299472951
https://openalex.org/W2509196977
https://openalex.org/W2606508956
https://openalex.org/W2619377332
https://openalex.org/W2736480510
https://openalex.org/W2794731058
https://openalex.org/W2911369518
https://openalex.org/W2924486695
https://openalex.org/W2945642016
https://openalex.org/W2948364138
https://openalex.org/W2951963183
https://openalex.org/W2952147524
https://openalex.org/W2997450307
https://openalex.org/W2999906779
https://openalex.org/W3006058579
https://openalex.org/W3030951619
https://openalex.org/W3043723389
https://openalex.org/W4252846296
https://openalex.org/W795011208
https://openalex.org/W3158767720
https://openalex.org/W4253090478
https://openalex.org/W2053141278
https://openalex.org/W2061558587
https://openalex.org/W2155036802
https://openalex.org/W2034061430
https://openalex.org/W1967819169
https://openalex.org/W2032772300
https://openalex.org/W2166661254
https://openalex.org/W1975382051
https://openalex.org/W2011841559
https://openalex.org/W2018169164
https://openalex.org/W2027888475
https://openalex.org/W2037898625
https://openalex.org/W71174916
https://openalex.org/W103898216
https://openalex.org/W1960003892
https://openalex.org/W2141379699
https://openalex.org/W2237885574
https://openalex.org/W2269822591
https://openalex.org/W2896116754
https://openalex.org/W2899006339
https://openalex.org/W1567643550
https://openalex.org/W1804841849
https://openalex.org/W2038673096
https://openalex.org/W2137057831
https://openalex.org/W2153612785
https://openalex.org/W2324496563
https://openalex.org/W2325688477
https://openalex.org/W2337356317
https://openalex.org/W2339404172
https://openalex.org/W2411231853
https://openalex.org/W2809022948
https://openalex.org/W2925565824
https://openalex.org/W2973148953
https://openalex.org/W2980800828
https://openalex.org/W3005023795
https://openalex.org/W3092095017
https://openalex.org/W3106550434
https://openalex.org/W3142571952
https://openalex.org/W4288058687
https://openalex.org/W3213428332
https://openalex.org/W4283701358
https://openalex.org/W4289755625
https://openalex.org/W4294942519
https://openalex.org/W4308727802
https://openalex.org/W1995210152
https://openalex.org/W2032166392
https://openalex.org/W1979412331
https://openalex.org/W2011517914
https://openalex.org/W1964930983
https://openalex.org/W1977393222
https://openalex.org/W2022859914
https://openalex.org/W2044927135
https://openalex.org/W2046361501
https://openalex.org/W2079659684
https://openalex.org/W2094265208
https://openalex.org/W1991708743
https://openalex.org/W2016171580
https://openalex.org/W2077970955
https://openalex.org/W2109107934
https://openalex.org/W2002495938
https://openalex.org/W2021202862
https://openalex.org/W2799381711
https://openalex.org/W2897100254
https://openalex.org/W3026834799
https://openalex.org/W1911172552
https://openalex.org/W1966208440
https://openalex.org/W2043067872
https://openalex.org/W2073567895
https://openalex.org/W2247747204
https://openalex.org/W2460822460
https://openalex.org/W2616931312
https://openalex.org/W2971233304
https://openalex.org/W3010787636
https://openalex.org/W4242368963
https://openalex.org/W101673341
https://openalex.org/W2416722769
https://openalex.org/W2084219922
https://openalex.org/W2065100244
https://openalex.org/W2302076651
https://openalex.org/W2045762145
https://openalex.org/W2059852048
https://openalex.org/W1971773174
https://openalex.org/W1518763999
https://openalex.org/W1982820564
https://openalex.org/W2738363595
https://openalex.org/W2767591522
https://openalex.org/W2791456099
https://openalex.org/W2903366401
https://openalex.org/W2970839183
https://openalex.org/W2325407456
https://openalex.org/W3136494573
https://openalex.org/W3137267535
https://openalex.org/W3143049179
https://openalex.org/W3156623976
https://openalex.org/W3173018372
https://openalex.org/W3203457901
https://openalex.org/W3205462967
https://openalex.org/W2044502203
https://openalex.org/W1632915151
https://openalex.org/W2160306512
https://openalex.org/W2174077246
https://openalex.org/W2028800986
https://openalex.org/W2410500941
https://openalex.org/W2084971032
https://openalex.org/W2326840644
https://openalex.org/W2050643949
https://openalex.org/W4251291623
https://openalex.org/W2018910023
https://openalex.org/W1058742489
https://openalex.org/W1535247186
https://openalex.org/W1560558427
https://openalex.org/W1588194972
https://openalex.org/W2150805960
https://openalex.org/W2334426045
https://openalex.org/W2551865738
https://openalex.org/W2789096914
https://openalex.org/W2805388718
https://openalex.org/W2911904777
https://openalex.org/W2968753754
https://openalex.org/W2985817275
https://openalex.org/W3038090237
https://openalex.org/W3040107608
https://openalex.org/W3070615110
https://openalex.org/W2346614222
https://openalex.org/W2354909828
https://openalex.org/W2502960811
https://openalex.org/W3153869758
https://openalex.org/W4205144421
https://openalex.org/W4206418629
https://openalex.org/W4221107951
https://openalex.org/W4225893063
https://openalex.org/W4311222785
https://openalex.org/W4313331824
https://openalex.org/W1963539449
https://openalex.org/W2014073918
https://openalex.org/W2061313592
https://openalex.org/W2091890552
https://openalex.org/W1571809729
https://openalex.org/W1519366124
https://openalex.org/W2182105884
https://openalex.org/W2407831806
https://openalex.org/W2012616041
https://openalex.org/W2396598363
https://openalex.org/W1997035408
https://openalex.org/W2473399364
https://openalex.org/W2953591095
https://openalex.org/W1554421728
https://openalex.org/W1573186980
https://openalex.org/W161713953
https://openalex.org/W2085746152
https://openalex.org/W2124367340
https://openalex.org/W2143339403
https://openalex.org/W2146204110
https://openalex.org/W2156626308
https://openalex.org/W2326195353
https://openalex.org/W2489453687
https://openalex.org/W4255254651
https://openalex.org/W4296755904
https://openalex.org/W2069955945
https://openalex.org/W2481476470
https://openalex.org/W2020629221
https://openalex.org/W2153454332
https://openalex.org/W1861217377
https://openalex.org/W2156467187
https://openalex.org/W2080636251
https://openalex.org/W2031544386
https://openalex.org/W2131107763
https://openalex.org/W2181577504
https://openalex.org/W2032695934
https://openalex.org/W2155259904
https://openalex.org/W1556847265
https://openalex.org/W1966547805
https://openalex.org/W2040703282
https://openalex.org/W2057553976
https://openalex.org/W2109079881
https://openalex.org/W2166725318
https://openalex.org/W2220364199
https://openalex.org/W2756096993
https://openalex.org/W2767588875
https://openalex.org/W2964919768
https://openalex.org/W2991770656
https://openalex.org/W3004605482
https://openalex.org/W3090171685
https://openalex.org/W3097505051
https://openalex.org/W3111412802
https://openalex.org/W4207059818
https://openalex.org/W4241371404
https://openalex.org/W90339077
https://openalex.org/W2808782210
https://openalex.org/W2073585650
https://openalex.org/W2056004186
https://openalex.org/W2418665931
https://openalex.org/W1970700997
https://openalex.org/W2005751093
https://openalex.org/W2088687115
https://openalex.org/W1975562754
https://openalex.org/W2053719529
https://openalex.org/W1984112447
https://openalex.org/W18543993
https://openalex.org/W2099691527
https://openalex.org/W1545667663
https://openalex.org/W19707534
https://openalex.org/W2077569811
https://openalex.org/W2117930693
https://openalex.org/W2154077853
https://openalex.org/W2167953556
https://openalex.org/W2197418224
https://openalex.org/W2395480033
https://openalex.org/W2920196064
https://openalex.org/W37807917
https://openalex.org/W4235930922
https://openalex.org/W800450471
https://openalex.org/W97934219
https://openalex.org/W3024148387
https://openalex.org/W4233544461
https://openalex.org/W4286250297
https://openalex.org/W4309298251
https://openalex.org/W4313478524
https://openalex.org/W4323040657
https://openalex.org/W4323538999
https://openalex.org/W4324318650
https://openalex.org/W4328108975
https://openalex.org/W4361824098
https://openalex.org/W4361832108
https://openalex.org/W4361832483
https://openalex.org/W4361838070
https://openalex.org/W4361838118
https://openalex.org/W4361838166
https://openalex.org/W4361838200
https://openalex.org/W4361954790
https://openalex.org/W4362416626
https://openalex.org/W4362461109
https://openalex.org/W4362461428
https://openalex.org/W4362461678
https://openalex.org/W4362461724
https://openalex.org/W4366347006
https://openalex.org/W4367601396
https://openalex.org/W4367604185
https://openalex.org/W4367606118
https://openalex.org/W4367608957
https://openalex.org/W4367623951
https://openalex.org/W4377014434
https://openalex.org/W4379514353
https://openalex.org/W4382705943
https://openalex.org/W4384281824
https://openalex.org/W4384569405
https://openalex.org/W4385144589
https://openalex.org/W4385146264
https://openalex.org/W4385286585
https://openalex.org/W4385376002
https://openalex.org/W4385456242
https://openalex.org/W4386074842
https://openalex.org/W4386442995
https://openalex.org/W4386838931
https://openalex.org/W4386853781
https://openalex.org/W4386880443
https://openalex.org/W4386901002
https://openalex.org/W4387038152
https://openalex.org/W4387340322
https://openalex.org/W4388172904
https://openalex.org/W4388172914
https://openalex.org/W4388236631
https://openalex.org/W4389310455
https://openalex.org/W4389362961
https://openalex.org/W4389455771
https://openalex.org/W4389518058
https://openalex.org/W4389957171
https://openalex.org/W4390121671
https://openalex.org/W4390315886
https://openalex.org/W4391038692
https://openalex.org/W4392724292
https://openalex.org/W1580612649
https://openalex.org/W2018805092
https://openalex.org/W1964228784
https://openalex.org/W1999804660
https://openalex.org/W2046243016
https://openalex.org/W2282467824
https://openalex.org/W2430118147
https://openalex.org/W1978147120
https://openalex.org/W2127180110
https://openalex.org/W1998284661
https://openalex.org/W2317289657
https://openalex.org/W1972653237
https://openalex.org/W2890903311
https://openalex.org/W2957964950
https://openalex.org/W2994437086
https://openalex.org/W4251125660
https://openalex.org/W2883657459
https://openalex.org/W4249621483
https://openalex.org/W1520901937
https://openalex.org/W1425603668
https://openalex.org/W1584149060
https://openalex.org/W2040208473
https://openalex.org/W2054311936
https://openalex.org/W2063586472
https://openalex.org/W2144424270
https://openalex.org/W2170022287
https://openalex.org/W168910045
https://openalex.org/W2050007046
https://openalex.org/W2141465958
https://openalex.org/W2766044485
https://openalex.org/W2884465051
https://openalex.org/W2912542751
https://openalex.org/W2947100607
https://openalex.org/W2963134522
https://openalex.org/W2995666944
https://openalex.org/W3000336430
https://openalex.org/W3049299926
https://openalex.org/W3087277496
https://openalex.org/W3091794071
https://openalex.org/W3105179986
https://openalex.org/W3111777872
https://openalex.org/W3146656970
https://openalex.org/W3159672765
https://openalex.org/W3173383923
https://openalex.org/W3175840416
https://openalex.org/W3202832079
https://openalex.org/W3204390177
https://openalex.org/W3210661840
https://openalex.org/W4206615623
https://openalex.org/W2226486667
https://openalex.org/W2320621538
https://openalex.org/W2416101341
https://openalex.org/W2425103492
https://openalex.org/W2773288229
https://openalex.org/W2787790855
https://openalex.org/W4220730608
https://openalex.org/W4293060329
https://openalex.org/W4310537521
https://openalex.org/W4315436832
https://openalex.org/W4318611362
https://openalex.org/W1991514938
https://openalex.org/W2411321979
https://openalex.org/W2413595025
https://openalex.org/W4256130270
https://openalex.org/W1580161551
https://openalex.org/W2003293379
https://openalex.org/W4246266036
https://openalex.org/W2058531925
https://openalex.org/W2159632931
https://openalex.org/W2315105828
https://openalex.org/W2377384175
https://openalex.org/W4236452274
https://openalex.org/W146802669
https://openalex.org/W1552998286
https://openalex.org/W1977663009
https://openalex.org/W1978644898
https://openalex.org/W2006554114
https://openalex.org/W2016462233
https://openalex.org/W2018387208
https://openalex.org/W2112358815
https://openalex.org/W2165555902
https://openalex.org/W2211557538
https://openalex.org/W2220318847
https://openalex.org/W2227174372
https://openalex.org/W2228419289
https://openalex.org/W2326677979
https://openalex.org/W2328789576
https://openalex.org/W2410201351
https://openalex.org/W2416027410
https://openalex.org/W2791042469
https://openalex.org/W2793675879
https://openalex.org/W2932786690
https://openalex.org/W2948094345
https://openalex.org/W2993575257
https://openalex.org/W2995130649
https://openalex.org/W4327644558
https://openalex.org/W560341523
https://openalex.org/W2011145570
https://openalex.org/W40935214
https://openalex.org/W1772565639
https://openalex.org/W2046378042
https://openalex.org/W2019805781
https://openalex.org/W2409247033
https://openalex.org/W102457403
https://openalex.org/W113695389
https://openalex.org/W1142770174
https://openalex.org/W2001823388
https://openalex.org/W2003699703
https://openalex.org/W2104215398
https://openalex.org/W4250658706
https://openalex.org/W2010867369
https://openalex.org/W2311780564
https://openalex.org/W270473516
https://openalex.org/W356402107
https://openalex.org/W47647045
https://openalex.org/W2064831349
https://openalex.org/W2089874453
https://openalex.org/W2442941598
https://openalex.org/W2467581767
https://openalex.org/W2492541126
https://openalex.org/W1527773777
https://openalex.org/W2045738387
https://openalex.org/W2105575130
https://openalex.org/W2615351333
https://openalex.org/W144408167
https://openalex.org/W1517087972
https://openalex.org/W1587516520
https://openalex.org/W2069486122
https://openalex.org/W2157107888
https://openalex.org/W2243742099
https://openalex.org/W2799345634
https://openalex.org/W2892279987
https://openalex.org/W2897577818
https://openalex.org/W2946051279
https://openalex.org/W4230899492
https://openalex.org/W4253467351
https://openalex.org/W2410816723
https://openalex.org/W2034383679
https://openalex.org/W1572337682
https://openalex.org/W201655882
https://openalex.org/W2184062532
https://openalex.org/W2318228855
https://openalex.org/W2417266539
https://openalex.org/W2587474474
https://openalex.org/W2915661290
https://openalex.org/W2938983571
https://openalex.org/W2940352344
https://openalex.org/W2987765725
https://openalex.org/W2989794028
https://openalex.org/W2997148355
https://openalex.org/W3008019457
https://openalex.org/W3015969587
https://openalex.org/W3016515581
https://openalex.org/W3041276170
https://openalex.org/W3044269081
https://openalex.org/W3081095483
https://openalex.org/W3092574380
https://openalex.org/W3092710847
https://openalex.org/W3120499590
https://openalex.org/W3160706465
https://openalex.org/W3195719263
https://openalex.org/W3213085064
https://openalex.org/W4237269078
https://openalex.org/W2075198798
https://openalex.org/W2083328947
https://openalex.org/W2209693684
https://openalex.org/W2403969551
https://openalex.org/W196958889
https://openalex.org/W2036552209
https://openalex.org/W2042911970
https://openalex.org/W2344372055
https://openalex.org/W2428955974
https://openalex.org/W4253589743
https://openalex.org/W807977346
https://openalex.org/W1964632697
https://openalex.org/W1981117406
https://openalex.org/W2046779240
https://openalex.org/W2074227776
https://openalex.org/W3094430157
https://openalex.org/W3136517986
https://openalex.org/W3163795438
https://openalex.org/W3169526825
https://openalex.org/W3175701161
https://openalex.org/W3184032586
https://openalex.org/W3184706363
https://openalex.org/W3186297827
https://openalex.org/W3193953242
https://openalex.org/W3195057257
https://openalex.org/W6607361
https://openalex.org/W1866695335
https://openalex.org/W2196027148
https://openalex.org/W2739846474
https://openalex.org/W2925161118
https://openalex.org/W3022992023
https://openalex.org/W2044372767
https://openalex.org/W1022989397
https://openalex.org/W110336044
https://openalex.org/W119676097
https://openalex.org/W2013734373
https://openalex.org/W2090195467
https://openalex.org/W2392971828
https://openalex.org/W2460078780
https://openalex.org/W2513607137
https://openalex.org/W2954537914
https://openalex.org/W2980102836
https://openalex.org/W4233379425
https://openalex.org/W132959026
https://openalex.org/W2411149583
https://openalex.org/W2419494344
https://openalex.org/W2443794010
https://openalex.org/W2461042745
https://openalex.org/W2462527803
https://openalex.org/W2462834727
https://openalex.org/W2468333965
https://openalex.org/W3012977850
https://openalex.org/W3089471605
https://openalex.org/W3090986664
https://openalex.org/W3091544529
https://openalex.org/W1983953322
https://openalex.org/W2020597285
https://openalex.org/W2065130498
https://openalex.org/W3137519048
https://openalex.org/W4231507104
https://openalex.org/W4240094817
https://openalex.org/W91899510
https://openalex.org/W102553019
https://openalex.org/W306150950
https://openalex.org/W793706806
https://openalex.org/W1119722930
https://openalex.org/W143311387
https://openalex.org/W1488095109
https://openalex.org/W1537054118
https://openalex.org/W1567854488
https://openalex.org/W1614326250
https://openalex.org/W1808194953
https://openalex.org/W1974188910
https://openalex.org/W2030635732
https://openalex.org/W2075949522
https://openalex.org/W2117659009
https://openalex.org/W2151670844
https://openalex.org/W2154740709
https://openalex.org/W2157173725
https://openalex.org/W2158402811
https://openalex.org/W2184172727
https://openalex.org/W2186208796
https://openalex.org/W2212269324
https://openalex.org/W2219547033
https://openalex.org/W2220925127
https://openalex.org/W2226012153
https://openalex.org/W2255373312
https://openalex.org/W2261821300
https://openalex.org/W2274513956
https://openalex.org/W2278545287
https://openalex.org/W2288024518
https://openalex.org/W2322083846
https://openalex.org/W2323066731
https://openalex.org/W2341688149
https://openalex.org/W2404220558
https://openalex.org/W2414308570
https://openalex.org/W2415264900
https://openalex.org/W2460663546
https://openalex.org/W2461491654
https://openalex.org/W2462915908
https://openalex.org/W2470243155
https://openalex.org/W2481200796
https://openalex.org/W2492415910
https://openalex.org/W2503432110
https://openalex.org/W2503652693
https://openalex.org/W2519267626
https://openalex.org/W2531230019
https://openalex.org/W2531609651
https://openalex.org/W2549967882
https://openalex.org/W2582020270
https://openalex.org/W2588491324
https://openalex.org/W2741831885
https://openalex.org/W2741904916
https://openalex.org/W2747978335
https://openalex.org/W2751164924
https://openalex.org/W2753183323
https://openalex.org/W2753797086
https://openalex.org/W2770258556
https://openalex.org/W2772247251
https://openalex.org/W2792781199
https://openalex.org/W2808419802
https://openalex.org/W2887498287
https://openalex.org/W2904227355
https://openalex.org/W2915788827
https://openalex.org/W2917176019
https://openalex.org/W2918361049
https://openalex.org/W2919154470
https://openalex.org/W2920362694
https://openalex.org/W2920900663
https://openalex.org/W2937669469
https://openalex.org/W2940684972
https://openalex.org/W2989692344
https://openalex.org/W2992240697
https://openalex.org/W2997284109
https://openalex.org/W3006032651
https://openalex.org/W3010652789
https://openalex.org/W3013037461
https://openalex.org/W3014855705
https://openalex.org/W3022744105
https://openalex.org/W3029587894
https://openalex.org/W3030747976
https://openalex.org/W3031159735
https://openalex.org/W3037295012
https://openalex.org/W3040660842
https://openalex.org/W3042261994
https://openalex.org/W3084851029
https://openalex.org/W3143520627
https://openalex.org/W3179792868
https://openalex.org/W3208929878
https://openalex.org/W4206728030
https://openalex.org/W4389440833
https://openalex.org/W4389467214
https://openalex.org/W92993690
https://openalex.org/W2403141455
https://openalex.org/W2410121841
https://openalex.org/W2410884580
https://openalex.org/W3036935501
https://openalex.org/W213849962
https://openalex.org/W21711655
https://openalex.org/W2419100256
https://openalex.org/W103474913
https://openalex.org/W108624222
https://openalex.org/W121200284
https://openalex.org/W125747440
https://openalex.org/W146843645
https://openalex.org/W1479880487
https://openalex.org/W1483390645
https://openalex.org/W1534015941
https://openalex.org/W1534784207
https://openalex.org/W155728590
https://openalex.org/W1598386258
https://openalex.org/W1610170798
https://openalex.org/W170071998
https://openalex.org/W171175402
https://openalex.org/W1772364631
https://openalex.org/W1917591982
https://openalex.org/W192887707
https://openalex.org/W1978663088
https://openalex.org/W1994435579
https://openalex.org/W200032050
https://openalex.org/W2039521538
https://openalex.org/W2086097860
https://openalex.org/W2122114229
https://openalex.org/W2146247159
https://openalex.org/W216299520
https://openalex.org/W2164644718
https://openalex.org/W2188382136
https://openalex.org/W2209606875
https://openalex.org/W2257923993
https://openalex.org/W2280731538
https://openalex.org/W2299662140
https://openalex.org/W2317667753
https://openalex.org/W2331730048
https://openalex.org/W2348532520
https://openalex.org/W2352673442
https://openalex.org/W2359248474
https://openalex.org/W2369065563
https://openalex.org/W2372040457
https://openalex.org/W2390266001
https://openalex.org/W2395004066
https://openalex.org/W2405996123
https://openalex.org/W2413848234
https://openalex.org/W2415286565
https://openalex.org/W2415327482
https://openalex.org/W2417335786
https://openalex.org/W2418628639
https://openalex.org/W2419433273
https://openalex.org/W2419661539
https://openalex.org/W2421559970
https://openalex.org/W2479811248
https://openalex.org/W2498784977
https://openalex.org/W2500548099
https://openalex.org/W2505001674
https://openalex.org/W25076445
https://openalex.org/W2517234866
https://openalex.org/W2567280923
https://openalex.org/W257481856
https://openalex.org/W2598462907
https://openalex.org/W2603818031
https://openalex.org/W2612765276
https://openalex.org/W2618120896
https://openalex.org/W26432378
https://openalex.org/W2739309245
https://openalex.org/W2770878932
https://openalex.org/W2772881764
https://openalex.org/W2907624697
https://openalex.org/W2918377024
https://openalex.org/W2921869793
https://openalex.org/W2922976772
https://openalex.org/W2948146959
https://openalex.org/W2977318863
https://openalex.org/W2993088461
https://openalex.org/W2994069874
https://openalex.org/W3015492413
https://openalex.org/W3023193917
https://openalex.org/W3029936631
https://openalex.org/W3030418466
https://openalex.org/W3030568849
https://openalex.org/W3032669349
https://openalex.org/W3081505849
https://openalex.org/W3087207690
https://openalex.org/W3091488342
https://openalex.org/W3121688843
https://openalex.org/W3154770340
https://openalex.org/W3160784399
https://openalex.org/W3183977562
https://openalex.org/W3188671448
https://openalex.org/W36244168
https://openalex.org/W4200321990
https://openalex.org/W4229644487
https://openalex.org/W4232373924
https://openalex.org/W423455950
https://openalex.org/W4248318390
https://openalex.org/W4251110942
https://openalex.org/W4251199697
https://openalex.org/W4300592865
https://openalex.org/W44935176
https://openalex.org/W46004257
https://openalex.org/W4885985
https://openalex.org/W579046797
https://openalex.org/W64523959
https://openalex.org/W66174114
https://openalex.org/W69529151
https://openalex.org/W7575350
https://openalex.org/W81516300
https://openalex.org/W86663551
https://openalex.org/W92332120
https://openalex.org/W96053400
https://openalex.org/W2084464793
https://openalex.org/W2410910833
https://openalex.org/W2418170169
https://openalex.org/W115977796
https://openalex.org/W128492284
https://openalex.org/W1480213526
https://openalex.org/W1480652106
https://openalex.org/W1542784538
https://openalex.org/W193489465
https://openalex.org/W1978601114
https://openalex.org/W2040692193
https://openalex.org/W2065097519
https://openalex.org/W2072757945
https://openalex.org/W2116915777
https://openalex.org/W2149830126
https://openalex.org/W2255972570
https://openalex.org/W2268326413
https://openalex.org/W2273392727
https://openalex.org/W2291773187
https://openalex.org/W2320826325
https://openalex.org/W2324751548
https://openalex.org/W2340488578
https://openalex.org/W2384839454
https://openalex.org/W2399807821
https://openalex.org/W2403488875
https://openalex.org/W2404773588
https://openalex.org/W2409299556
https://openalex.org/W2410877698
https://openalex.org/W2410883396
https://openalex.org/W2410966457
https://openalex.org/W2412275520
https://openalex.org/W2413874377
https://openalex.org/W2414373290
https://openalex.org/W2414550519
https://openalex.org/W2414946015
https://openalex.org/W2416045401
https://openalex.org/W2416294264
https://openalex.org/W2417162642
https://openalex.org/W2418273729
https://openalex.org/W2421945542
https://openalex.org/W2441456379
https://openalex.org/W2465052270
https://openalex.org/W2465917435
https://openalex.org/W2472469450
https://openalex.org/W2472953549
https://openalex.org/W2473790332
https://openalex.org/W2584170926
https://openalex.org/W2588264977
https://openalex.org/W2604673898
https://openalex.org/W2606190808
https://openalex.org/W2611761716
https://openalex.org/W2644777961
https://openalex.org/W2726290504
https://openalex.org/W2739859546
https://openalex.org/W2743408106
https://openalex.org/W2745212147
https://openalex.org/W2749051261
https://openalex.org/W2754531011
https://openalex.org/W2766246852
https://openalex.org/W2766571900
https://openalex.org/W2779813838
https://openalex.org/W2784826101
https://openalex.org/W2793881547
https://openalex.org/W2811252936
https://openalex.org/W2904201570
https://openalex.org/W2993147255
https://openalex.org/W2993158010
https://openalex.org/W3012725368
https://openalex.org/W3014285493
https://openalex.org/W3123076469
https://openalex.org/W3138289307
https://openalex.org/W35159472
https://openalex.org/W36878129
https://openalex.org/W4213262554
https://openalex.org/W4229533815
https://openalex.org/W4240988812
https://openalex.org/W4246506927
https://openalex.org/W62237069
https://openalex.org/W94852885
https://openalex.org/W111932262
https://openalex.org/W115134510
https://openalex.org/W115965074
https://openalex.org/W136010541
https://openalex.org/W1486113311
https://openalex.org/W149494568
https://openalex.org/W1539847303
https://openalex.org/W1541021628
https://openalex.org/W1550575999
https://openalex.org/W155194616
https://openalex.org/W1588054856
https://openalex.org/W1589713779
https://openalex.org/W1595365126
https://openalex.org/W1605514288
https://openalex.org/W1631543524
https://openalex.org/W1768706537
https://openalex.org/W1806251368
https://openalex.org/W1809350143
https://openalex.org/W1819052514
https://openalex.org/W18917311
https://openalex.org/W189207444
https://openalex.org/W1974138480
https://openalex.org/W1983667503
https://openalex.org/W2010501701
https://openalex.org/W2038087252
https://openalex.org/W2075807070
https://openalex.org/W2094151666
https://openalex.org/W2148225163
https://openalex.org/W2170876554
https://openalex.org/W2186774172
https://openalex.org/W2245140851
https://openalex.org/W2298347813
https://openalex.org/W2313213723
https://openalex.org/W2341928808
https://openalex.org/W2374846283
https://openalex.org/W2395030965
https://openalex.org/W2396277047
https://openalex.org/W2397134716
https://openalex.org/W2399812717
https://openalex.org/W2408619741
https://openalex.org/W2409112316
https://openalex.org/W2410836811
https://openalex.org/W2412176708
https://openalex.org/W2416789482
https://openalex.org/W2416970565
https://openalex.org/W2419149198
https://openalex.org/W2433085632
https://openalex.org/W2443422894
https://openalex.org/W2471794155
https://openalex.org/W2728713165
https://openalex.org/W2742998796
https://openalex.org/W2787305157
https://openalex.org/W28667715
https://openalex.org/W2909939404
https://openalex.org/W2916407327
https://openalex.org/W2948206434
https://openalex.org/W2948289929
https://openalex.org/W2949892161
https://openalex.org/W2954435278
https://openalex.org/W2955079663
https://openalex.org/W2969451831
https://openalex.org/W2975646266
https://openalex.org/W2975775354
https://openalex.org/W2991747795
https://openalex.org/W2992998182
https://openalex.org/W3003194575
https://openalex.org/W301098560
https://openalex.org/W3029498334
https://openalex.org/W3030269341
https://openalex.org/W3085354033
https://openalex.org/W3093456110
https://openalex.org/W3112483517
https://openalex.org/W3202052192
https://openalex.org/W4211135936
https://openalex.org/W4220690656
https://openalex.org/W4224003426
https://openalex.org/W4225295858
https://openalex.org/W4225301656
https://openalex.org/W4229364843
https://openalex.org/W4233241178
https://openalex.org/W4233370694
https://openalex.org/W4245663782
https://openalex.org/W4281761594
https://openalex.org/W4281965065
https://openalex.org/W4283691458
https://openalex.org/W4283693003
https://openalex.org/W4284880787
https://openalex.org/W4285215735
https://openalex.org/W4286313158
https://openalex.org/W4288056077
https://openalex.org/W4297501369
https://openalex.org/W4299594569
https://openalex.org/W4309138481
https://openalex.org/W4309138595
https://openalex.org/W4309138625
https://openalex.org/W4309138654
https://openalex.org/W4311455538
https://openalex.org/W4312873227
https://openalex.org/W4394443959
https://openalex.org/W49182683
https://openalex.org/W572101702
https://openalex.org/W7595354
https://openalex.org/W87908722
https://openalex.org/W129173343
https://openalex.org/W1904375479
https://openalex.org/W1983626454
https://openalex.org/W1986082957
https://openalex.org/W207555521
https://openalex.org/W2138208537
https://openalex.org/W2413480113
https://openalex.org/W2584499048
https://openalex.org/W4302364944
https://openalex.org/W56955019
https://openalex.org/W119666989
https://openalex.org/W1516866265
https://openalex.org/W1529749810
https://openalex.org/W1575468001
https://openalex.org/W158109937
https://openalex.org/W1605686288
https://openalex.org/W1738891634
https://openalex.org/W175295015
https://openalex.org/W1927494123
https://openalex.org/W1977266208
https://openalex.org/W2052083386
https://openalex.org/W2089262301
https://openalex.org/W2106432765
https://openalex.org/W2190879586
https://openalex.org/W2216262798
https://openalex.org/W2237876462
https://openalex.org/W2313849059
https://openalex.org/W2349199263
https://openalex.org/W2364546577
https://openalex.org/W2374576424
https://openalex.org/W2394736443
https://openalex.org/W2394739414
https://openalex.org/W2396176432
https://openalex.org/W2402494003
https://openalex.org/W2406155309
https://openalex.org/W2410671766
https://openalex.org/W2411072064
https://openalex.org/W2411442598
https://openalex.org/W2412098494
https://openalex.org/W2413306449
https://openalex.org/W2414975544
https://openalex.org/W2415114981
https://openalex.org/W2417560208
https://openalex.org/W2418025403
https://openalex.org/W2419004778
https://openalex.org/W2426706502
https://openalex.org/W2461826656
https://openalex.org/W2466078517
https://openalex.org/W2467345860
https://openalex.org/W2469641762
https://openalex.org/W2745331324
https://openalex.org/W2782433532
https://openalex.org/W2786100538
https://openalex.org/W2790893207
https://openalex.org/W2791823368
https://openalex.org/W2810405133
https://openalex.org/W2883537219
https://openalex.org/W2888367738
https://openalex.org/W2889356842
https://openalex.org/W2898017907
https://openalex.org/W2905144879
https://openalex.org/W2915089266
https://openalex.org/W2916666893
https://openalex.org/W2923840283
https://openalex.org/W2933495951
https://openalex.org/W2950467720
https://openalex.org/W2950822016
https://openalex.org/W2963802448
https://openalex.org/W2964531730
https://openalex.org/W2964897151
https://openalex.org/W2965542000
https://openalex.org/W2971504260
https://openalex.org/W2971560653
https://openalex.org/W2971603998
https://openalex.org/W2971627236
https://openalex.org/W2971804342
https://openalex.org/W2971927548
https://openalex.org/W2971942156
https://openalex.org/W2971984059
https://openalex.org/W2972050450
https://openalex.org/W2974731836
https://openalex.org/W2977726231
https://openalex.org/W2979740251
https://openalex.org/W2979912026
https://openalex.org/W2993474855
https://openalex.org/W2996059608
https://openalex.org/W3010673772
https://openalex.org/W3017561488
https://openalex.org/W3028684561
https://openalex.org/W3031065049
https://openalex.org/W3031102611
https://openalex.org/W3031146320
https://openalex.org/W3046900530
https://openalex.org/W3087712441
https://openalex.org/W3087767496
https://openalex.org/W3095990712
https://openalex.org/W3163693826
https://openalex.org/W3163707731
https://openalex.org/W3165965429
https://openalex.org/W3168767733
https://openalex.org/W3175291471
https://openalex.org/W4205153462
https://openalex.org/W4231219727
https://openalex.org/W4240057836
https://openalex.org/W4240784746
https://openalex.org/W4241776875
https://openalex.org/W4244775401
https://openalex.org/W4245153160
https://openalex.org/W4245409328
https://openalex.org/W4245445889
https://openalex.org/W4245687070
https://openalex.org/W4249298458
https://openalex.org/W4252987119
https://openalex.org/W4254548402
https://openalex.org/W4389437876
https://openalex.org/W4393436662
https://openalex.org/W4393529239
https://openalex.org/W4393531034
https://openalex.org/W4393879471
https://openalex.org/W4394233614
https://openalex.org/W625950361
https://openalex.org/W89250261
https://openalex.org/W126860198
https://openalex.org/W2012009071
https://openalex.org/W2024357320
https://openalex.org/W2139155437
https://openalex.org/W2414696603
https://openalex.org/W2476270507
https://openalex.org/W2503624518
https://openalex.org/W2625198458
https://openalex.org/W38461016
https://openalex.org/W65495268
https://openalex.org/W102149478
https://openalex.org/W102723564
https://openalex.org/W144702363
https://openalex.org/W1525201481
https://openalex.org/W1535219218
https://openalex.org/W1559037108
https://openalex.org/W1588255679
https://openalex.org/W1589375057
https://openalex.org/W1594169966
https://openalex.org/W16733128
https://openalex.org/W176550742
https://openalex.org/W182862365
https://openalex.org/W193874438
https://openalex.org/W2072446559
https://openalex.org/W2333508832
https://openalex.org/W2348800892
https://openalex.org/W2352310447
https://openalex.org/W2361756853
https://openalex.org/W2366983504
https://openalex.org/W2384833437
https://openalex.org/W2396402750
https://openalex.org/W2397468112
https://openalex.org/W2406243460
https://openalex.org/W2409846508
https://openalex.org/W2417052367
https://openalex.org/W2417374977
https://openalex.org/W2422048711
https://openalex.org/W2434992993
https://openalex.org/W2496321476
https://openalex.org/W2611909838
https://openalex.org/W2800694015
https://openalex.org/W2971386433
https://openalex.org/W2972688552
https://openalex.org/W2973010692
https://openalex.org/W2989529382
https://openalex.org/W2996142248
https://openalex.org/W2996709220
https://openalex.org/W299818908
https://openalex.org/W3020590386
https://openalex.org/W3021535730
https://openalex.org/W3022262216
https://openalex.org/W3023255120
https://openalex.org/W3030474128
https://openalex.org/W3031945577
https://openalex.org/W3032505917
https://openalex.org/W3036088186
https://openalex.org/W3043181177
https://openalex.org/W3082015874
https://openalex.org/W3088008985
https://openalex.org/W3090064024
https://openalex.org/W3101233984
https://openalex.org/W3103159273
https://openalex.org/W3110955076
https://openalex.org/W3116171569
https://openalex.org/W3117167161
https://openalex.org/W3119189715
https://openalex.org/W3126280070
https://openalex.org/W3194644349
https://openalex.org/W4206462531
https://openalex.org/W4229946354
https://openalex.org/W4245494101
https://openalex.org/W4246127862
https://openalex.org/W4248050824
https://openalex.org/W4254607895
https://openalex.org/W4287778894
https://openalex.org/W5334840
https://openalex.org/W62031253
https://openalex.org/W630794692
https://openalex.org/W74573440
https://openalex.org/W894324516
https://openalex.org/W90469341
https://openalex.org/W96467605
https://openalex.org/W1976609674
https://openalex.org/W112144224
https://openalex.org/W155852090
https://openalex.org/W180855935
https://openalex.org/W2002052980
https://openalex.org/W201662366
https://openalex.org/W2025548788
https://openalex.org/W206545839
https://openalex.org/W2092841866
https://openalex.org/W2153159366
https://openalex.org/W2221350432
https://openalex.org/W2239115911
https://openalex.org/W2298420033
https://openalex.org/W2395057913
https://openalex.org/W2402184955
https://openalex.org/W2403943242
https://openalex.org/W2404363419
https://openalex.org/W2409283412
https://openalex.org/W2410880879
https://openalex.org/W2412129445
https://openalex.org/W2412295392
https://openalex.org/W2416430010
https://openalex.org/W2430603452
https://openalex.org/W2431972575
https://openalex.org/W2460255760
https://openalex.org/W2468474281
https://openalex.org/W2587701653
https://openalex.org/W27117197
https://openalex.org/W3211818312
https://openalex.org/W4200484003
https://openalex.org/W4250918789
https://openalex.org/W560687300
https://openalex.org/W852148331
https://openalex.org/W1581244077
https://openalex.org/W190146536
https://openalex.org/W1982603984
https://openalex.org/W2011592390
https://openalex.org/W2073298106
https://openalex.org/W2399957900
https://openalex.org/W2405225669
https://openalex.org/W2520184429
https://openalex.org/W3131580076
https://openalex.org/W3133859780
https://openalex.org/W3159164478
https://openalex.org/W3164790738
https://openalex.org/W3165504302
https://openalex.org/W3167321126
https://openalex.org/W3192420302
https://openalex.org/W3198750682
https://openalex.org/W3202488795
https://openalex.org/W3204578783
https://openalex.org/W3211676573
https://openalex.org/W3212693487
https://openalex.org/W3213112894
https://openalex.org/W3213229831
https://openalex.org/W3214322962
https://openalex.org/W3216441231
https://openalex.org/W4200373955
https://openalex.org/W4205491204
https://openalex.org/W4205927964
https://openalex.org/W4210508000
https://openalex.org/W4234409746
https://openalex.org/W4242745742
https://openalex.org/W4250959601
https://openalex.org/W4285356223
https://openalex.org/W4393402231
https://openalex.org/W4393416530
https://openalex.org/W4393449440
https://openalex.org/W4393485924
https://openalex.org/W4393795981
https://openalex.org/W4393893264
https://openalex.org/W100087216
https://openalex.org/W14819483
https://openalex.org/W189034469
https://openalex.org/W1965408214
https://openalex.org/W1977583893
https://openalex.org/W2039399110
https://openalex.org/W2087613359
https://openalex.org/W2093538517
https://openalex.org/W2308220599
https://openalex.org/W2398738546
https://openalex.org/W2400526268
https://openalex.org/W2413081303
https://openalex.org/W2417436016
https://openalex.org/W2464438321
https://openalex.org/W2473075543
https://openalex.org/W2489185695
https://openalex.org/W2551162077
https://openalex.org/W2572459207
https://openalex.org/W26868304
https://openalex.org/W2952516060
https://openalex.org/W619576567
https://openalex.org/W1473022577
https://openalex.org/W2132063301
https://openalex.org/W2236636928
https://openalex.org/W2396256544
https://openalex.org/W2402109740
https://openalex.org/W2406256002
https://openalex.org/W2407638677
https://openalex.org/W2411901126
https://openalex.org/W2412841078
https://openalex.org/W2414826767
https://openalex.org/W2418149228
https://openalex.org/W2911251058
https://openalex.org/W633109920
https://openalex.org/W1595966436
https://openalex.org/W1982823344
https://openalex.org/W2300245315
https://openalex.org/W2318826949
https://openalex.org/W2323212190
https://openalex.org/W2343569826
https://openalex.org/W2392407779
https://openalex.org/W2399964453
https://openalex.org/W2402233884
https://openalex.org/W2405872521
https://openalex.org/W2413432185
https://openalex.org/W2413611444
https://openalex.org/W2414561763
https://openalex.org/W2416654354
https://openalex.org/W2418951638
https://openalex.org/W2442308444
https://openalex.org/W2466005633
https://openalex.org/W2921927608
https://openalex.org/W2947810129
https://openalex.org/W835972575
https://openalex.org/W115968500
https://openalex.org/W1491260129
https://openalex.org/W1492736907
https://openalex.org/W152240841
https://openalex.org/W179304307
https://openalex.org/W1978393896
https://openalex.org/W1982252710
https://openalex.org/W202413447
https://openalex.org/W2036184986
https://openalex.org/W2037481826
https://openalex.org/W2057517011
https://openalex.org/W2079805490
https://openalex.org/W21112649
https://openalex.org/W2182372595
https://openalex.org/W2405312897
https://openalex.org/W2405505757
https://openalex.org/W2413657534
https://openalex.org/W2415357452
https://openalex.org/W2424936085
https://openalex.org/W2466765728
https://openalex.org/W2467775214
https://openalex.org/W2495061927
https://openalex.org/W2520330639
https://openalex.org/W2803862759
https://openalex.org/W2954250678
https://openalex.org/W4233245045
https://openalex.org/W4244280158
https://openalex.org/W4254518582
https://openalex.org/W67051547
https://openalex.org/W73283165
https://openalex.org/W852783596
https://openalex.org/W95930039
https://openalex.org/W114786410
https://openalex.org/W117406872
https://openalex.org/W150952511
https://openalex.org/W1760714587
https://openalex.org/W186918888
https://openalex.org/W191318629
https://openalex.org/W2004667658
https://openalex.org/W2018197878
https://openalex.org/W2052917685
https://openalex.org/W2409315269
https://openalex.org/W2410514889
https://openalex.org/W2410959370
https://openalex.org/W2431524630
https://openalex.org/W2474871838
https://openalex.org/W2507912238
https://openalex.org/W2738684075
https://openalex.org/W2922194193
https://openalex.org/W2950054221
https://openalex.org/W40036613
https://openalex.org/W41288162
https://openalex.org/W53333080
https://openalex.org/W97528004
https://openalex.org/W154939618
https://openalex.org/W20256530
https://openalex.org/W2333848902
https://openalex.org/W2396136543
https://openalex.org/W2406860228
https://openalex.org/W2412177616
https://openalex.org/W2412770910
https://openalex.org/W2414309418
https://openalex.org/W2414938113
https://openalex.org/W2416813281
https://openalex.org/W2428367061
https://openalex.org/W2439451191
https://openalex.org/W2465402634
https://openalex.org/W2613760554
https://openalex.org/W2948161004
https://openalex.org/W3008031735
https://openalex.org/W3036024499
https://openalex.org/W3036908990
https://openalex.org/W3041385709
https://openalex.org/W4248666623
https://openalex.org/W4255141647
https://openalex.org/W51469711
https://openalex.org/W84247223
https://openalex.org/W2026992087
https://openalex.org/W2070230103
https://openalex.org/W2037249514
https://openalex.org/W2002292921
https://openalex.org/W2012658644
https://openalex.org/W2125624224
https://openalex.org/W2116513720
https://openalex.org/W2102183852
https://openalex.org/W2153478200
https://openalex.org/W2105986003
https://openalex.org/W2088443227
https://openalex.org/W1967466647
https://openalex.org/W2087919634
https://openalex.org/W2116582139
https://openalex.org/W2011061617
https://openalex.org/W2803913659
https://openalex.org/W2021193063
https://openalex.org/W2089646842
https://openalex.org/W2021783257
https://openalex.org/W2605298816
https://openalex.org/W2096822241
https://openalex.org/W2169534113
https://openalex.org/W2001865584
https://openalex.org/W2168554752
https://openalex.org/W1994009311
https://openalex.org/W2168897708
https://openalex.org/W2048577371
https://openalex.org/W1561774577
https://openalex.org/W2892132462
https://openalex.org/W2043230575
https://openalex.org/W2725275621
https://openalex.org/W2084543000
https://openalex.org/W2009849279
https://openalex.org/W2156200123
https://openalex.org/W2053418795
https://openalex.org/W2126408606
https://openalex.org/W1968054595
https://openalex.org/W1996373267
https://openalex.org/W2113547343
https://openalex.org/W2112962172
https://openalex.org/W2000223380
https://openalex.org/W2074488330
https://openalex.org/W2034172400
https://openalex.org/W2065003703
https://openalex.org/W2094965528
https://openalex.org/W2144449905
https://openalex.org/W2008412478
https://openalex.org/W2148896305
https://openalex.org/W2036514795
https://openalex.org/W1597038591
https://openalex.org/W2061797905
https://openalex.org/W3124673067
https://openalex.org/W2233730488
https://openalex.org/W2934708281
https://openalex.org/W2047654273
https://openalex.org/W2594569109
https://openalex.org/W2096582452
https://openalex.org/W2296381011
https://openalex.org/W2136894535
https://openalex.org/W2004536797
https://openalex.org/W2117877884
https://openalex.org/W2897522485
https://openalex.org/W2958669483
https://openalex.org/W2782325717
https://openalex.org/W1984771838
https://openalex.org/W2321419488
https://openalex.org/W4210531836
https://openalex.org/W2013617404
https://openalex.org/W2095623631
https://openalex.org/W2553349418
https://openalex.org/W2796318327
https://openalex.org/W2764173049
https://openalex.org/W2898799689
https://openalex.org/W2548112752
https://openalex.org/W2080606232
https://openalex.org/W1791529270
https://openalex.org/W2564584813
https://openalex.org/W4210546466
https://openalex.org/W2995422801
https://openalex.org/W2895902053
https://openalex.org/W2907824313
https://openalex.org/W3003279566
https://openalex.org/W3085210273
https://openalex.org/W3122700334
https://openalex.org/W3141688022
https://openalex.org/W3187676233
https://openalex.org/W4205536718
https://openalex.org/W1975099585
https://openalex.org/W2000097078
https://openalex.org/W1993378867
https://openalex.org/W2030559520
https://openalex.org/W1988819670
https://openalex.org/W2004368296
https://openalex.org/W2084626199
https://openalex.org/W1964809037
https://openalex.org/W2126273476
https://openalex.org/W2008486669
https://openalex.org/W1993283377
https://openalex.org/W2091124516
https://openalex.org/W2020524894
https://openalex.org/W1977866186
https://openalex.org/W1971942174
https://openalex.org/W2035782762
https://openalex.org/W1704572586
https://openalex.org/W2076128814
https://openalex.org/W2103525192
https://openalex.org/W2095677633
https://openalex.org/W2031869195
https://openalex.org/W2088537084
https://openalex.org/W1999685706
https://openalex.org/W2135918081
https://openalex.org/W2006958855
https://openalex.org/W2054910186
https://openalex.org/W2169350289
https://openalex.org/W2064273803
https://openalex.org/W1996763374
https://openalex.org/W2032291529
https://openalex.org/W1992990155
https://openalex.org/W2034915956
https://openalex.org/W1967136428
https://openalex.org/W1994065070
https://openalex.org/W2031070970
https://openalex.org/W35940881
https://openalex.org/W2011812631
https://openalex.org/W1978634351
https://openalex.org/W1976192902
https://openalex.org/W1972106787
https://openalex.org/W2088155261
https://openalex.org/W1986176056
https://openalex.org/W2025804200
https://openalex.org/W2085081788
https://openalex.org/W1503270785
https://openalex.org/W4255552127
https://openalex.org/W2016691893
https://openalex.org/W2032965097
https://openalex.org/W2045224428
https://openalex.org/W1553149987
https://openalex.org/W1999404058
https://openalex.org/W2422836394
https://openalex.org/W1977530922
https://openalex.org/W2038278358
https://openalex.org/W2078447874
https://openalex.org/W2134347578
https://openalex.org/W2146279849
https://openalex.org/W2090856384
https://openalex.org/W2094698555
https://openalex.org/W2119570092
https://openalex.org/W2080537735
https://openalex.org/W1917359352
https://openalex.org/W2086071647
https://openalex.org/W1599642140
https://openalex.org/W1969827707
https://openalex.org/W2169887093
https://openalex.org/W1983424309
https://openalex.org/W2066030361
https://openalex.org/W2104596300
https://openalex.org/W2537565595
https://openalex.org/W1970010835
https://openalex.org/W2101108279
https://openalex.org/W1998672256
https://openalex.org/W1970625636
https://openalex.org/W2017577662
https://openalex.org/W1979297836
https://openalex.org/W1983672311
https://openalex.org/W2507729557
https://openalex.org/W2904406504
https://openalex.org/W2162374392
https://openalex.org/W2231088500
https://openalex.org/W2126077414
https://openalex.org/W2738245931
https://openalex.org/W2791586570
https://openalex.org/W2057962047
https://openalex.org/W2093394576
https://openalex.org/W1988917156
https://openalex.org/W2023676115
https://openalex.org/W2046691402
https://openalex.org/W1976449703
https://openalex.org/W1981312896
https://openalex.org/W2810166777
https://openalex.org/W2285434670
https://openalex.org/W2104356576
https://openalex.org/W2520660751
https://openalex.org/W2091718526
https://openalex.org/W2118652583
https://openalex.org/W2335233418
https://openalex.org/W2741859813
https://openalex.org/W2066043597
https://openalex.org/W2532626005
https://openalex.org/W2043852117
https://openalex.org/W2084874201
https://openalex.org/W2782478149
https://openalex.org/W2022044245
https://openalex.org/W2105606689
https://openalex.org/W1544267685
https://openalex.org/W2324280679
https://openalex.org/W1595008039
https://openalex.org/W1990669136
https://openalex.org/W2103671852
https://openalex.org/W2168877909
https://openalex.org/W2890214000
https://openalex.org/W2016276034
https://openalex.org/W2112950297
https://openalex.org/W2291111440
https://openalex.org/W2915388966
https://openalex.org/W2994783572
https://openalex.org/W2549611298
https://openalex.org/W2337810644
https://openalex.org/W2589842245
https://openalex.org/W2591870327
https://openalex.org/W2947403755
https://openalex.org/W2946296895
https://openalex.org/W2753903672
https://openalex.org/W3011264388
https://openalex.org/W2528490296
https://openalex.org/W2620298170
https://openalex.org/W2995505154
https://openalex.org/W2624411941
https://openalex.org/W3125978851
https://openalex.org/W2942904711
https://openalex.org/W3119439513
https://openalex.org/W3135580847
https://openalex.org/W3191829456
https://openalex.org/W4311501968
https://openalex.org/W4323348353
https://openalex.org/W4387731399
https://openalex.org/W4385602725
https://openalex.org/W4387026672
https://openalex.org/W1582404500
https://openalex.org/W2049624207
https://openalex.org/W1998550344
https://openalex.org/W2077041460
https://openalex.org/W2152881983
https://openalex.org/W2029123005
https://openalex.org/W2090407590
https://openalex.org/W1973613824
https://openalex.org/W1984317582
https://openalex.org/W2046882995
https://openalex.org/W2117240964
https://openalex.org/W2035545604
https://openalex.org/W2020220260
https://openalex.org/W1980417131
https://openalex.org/W2094847775
https://openalex.org/W1968182352
https://openalex.org/W2095731530
https://openalex.org/W2189417111
https://openalex.org/W2015002073
https://openalex.org/W2099620141
https://openalex.org/W2001288684
https://openalex.org/W2053711632
https://openalex.org/W2024946937
https://openalex.org/W2072515372
https://openalex.org/W2014745518
https://openalex.org/W2165982880
https://openalex.org/W2012682704
https://openalex.org/W2006023613
https://openalex.org/W2069791907
https://openalex.org/W2128056830
https://openalex.org/W2058494179
https://openalex.org/W2102157173
https://openalex.org/W1492486135
https://openalex.org/W1993119641
https://openalex.org/W2026444501
https://openalex.org/W2069221325
https://openalex.org/W2108716128
https://openalex.org/W2092717494
https://openalex.org/W2135986867
https://openalex.org/W1999818881
https://openalex.org/W2019008231
https://openalex.org/W2029570472
https://openalex.org/W2089842758
https://openalex.org/W2064926782
https://openalex.org/W1974902471
https://openalex.org/W2078471151
https://openalex.org/W2129940544
https://openalex.org/W2130100329
https://openalex.org/W2036747889
https://openalex.org/W1969322649
https://openalex.org/W2063832546
https://openalex.org/W2138620103
https://openalex.org/W2165127516
https://openalex.org/W2072957739
https://openalex.org/W2119405403
https://openalex.org/W2157295750
https://openalex.org/W1989847959
https://openalex.org/W1981738171
https://openalex.org/W2069716900
https://openalex.org/W2119646114
https://openalex.org/W2131120104
https://openalex.org/W1981592058
https://openalex.org/W2126926191
https://openalex.org/W1529657071
https://openalex.org/W2014372881
https://openalex.org/W116839415
https://openalex.org/W2063415707
https://openalex.org/W1980486316
https://openalex.org/W1987535889
https://openalex.org/W2026674984
https://openalex.org/W2108183811
https://openalex.org/W2139054399
https://openalex.org/W2316223206
https://openalex.org/W2333499615
https://openalex.org/W2411202308
https://openalex.org/W1998618255
https://openalex.org/W2049494765
https://openalex.org/W2074410962
https://openalex.org/W2116584854
https://openalex.org/W2778428211
https://openalex.org/W2125363719
https://openalex.org/W2165456953
https://openalex.org/W2801378375
https://openalex.org/W2804205035
https://openalex.org/W2055759545
https://openalex.org/W2123835826
https://openalex.org/W2171121373
https://openalex.org/W2332648366
https://openalex.org/W2460281308
https://openalex.org/W2518857588
https://openalex.org/W2172171652
https://openalex.org/W1964206955
https://openalex.org/W2807757932
https://openalex.org/W2005992218
https://openalex.org/W2095427162
https://openalex.org/W2322887057
https://openalex.org/W2521148185
https://openalex.org/W390434406
https://openalex.org/W1603961247
https://openalex.org/W2072389917
https://openalex.org/W2891063772
https://openalex.org/W2495982294
https://openalex.org/W2530226004
https://openalex.org/W2995180877
https://openalex.org/W2340164721
https://openalex.org/W2807148428
https://openalex.org/W2997819834
https://openalex.org/W3087899374
https://openalex.org/W2936461784
https://openalex.org/W2999986665
https://openalex.org/W2922375676
https://openalex.org/W2943075769
https://openalex.org/W3023585046
https://openalex.org/W3047564418
https://openalex.org/W2998998185
https://openalex.org/W3036312389
https://openalex.org/W3195236089
https://openalex.org/W3207753089
https://openalex.org/W4295932348
https://openalex.org/W4317939817
https://openalex.org/W4377940020
https://openalex.org/W4383499728
https://openalex.org/W2112407627
https://openalex.org/W2034946262
https://openalex.org/W2155024565
https://openalex.org/W2097679250
https://openalex.org/W2058023089
https://openalex.org/W2163325365
https://openalex.org/W2242477415
https://openalex.org/W2072612968
https://openalex.org/W2101100014
https://openalex.org/W1602374054
https://openalex.org/W2078292915
https://openalex.org/W1984834692
https://openalex.org/W2017597706
https://openalex.org/W2014089856
https://openalex.org/W1976909068
https://openalex.org/W1991005777
https://openalex.org/W1607597482
https://openalex.org/W1972778513
https://openalex.org/W1991449943
https://openalex.org/W2059246669
https://openalex.org/W2090080670
https://openalex.org/W2095058140
https://openalex.org/W2070471310
https://openalex.org/W4243766748
https://openalex.org/W2044788513
https://openalex.org/W2051816006
https://openalex.org/W2159157038
https://openalex.org/W2074367031
https://openalex.org/W2104251348
https://openalex.org/W2020787447
https://openalex.org/W2027163595
https://openalex.org/W2043738527
https://openalex.org/W2008621724
https://openalex.org/W2043923657
https://openalex.org/W2117294001
https://openalex.org/W2125963558
https://openalex.org/W2133950214
https://openalex.org/W2084322426
https://openalex.org/W2087258954
https://openalex.org/W2055134925
https://openalex.org/W2117287954
https://openalex.org/W1966400392
https://openalex.org/W2073748534
https://openalex.org/W4248274665
https://openalex.org/W2056203671
https://openalex.org/W2086210193
https://openalex.org/W2131573922
https://openalex.org/W1569377661
https://openalex.org/W2026877183
https://openalex.org/W2058597096
https://openalex.org/W2048142815
https://openalex.org/W2052801886
https://openalex.org/W2091747913
https://openalex.org/W2148062258
https://openalex.org/W2011261446
https://openalex.org/W2157766706
https://openalex.org/W1988129857
https://openalex.org/W2077950414
https://openalex.org/W2113413162
https://openalex.org/W1964174822
https://openalex.org/W2053115401
https://openalex.org/W1568700608
https://openalex.org/W2082948541
https://openalex.org/W2154607209
https://openalex.org/W2015701834
https://openalex.org/W1998285779
https://openalex.org/W2177168494
https://openalex.org/W2110263868
https://openalex.org/W2135234364
https://openalex.org/W1986766625
https://openalex.org/W2009574925
https://openalex.org/W2150483642
https://openalex.org/W2396902548
https://openalex.org/W2000790218
https://openalex.org/W939747051
https://openalex.org/W2521575896
https://openalex.org/W2002727322
https://openalex.org/W2601422469
https://openalex.org/W1912412446
https://openalex.org/W1994136768
https://openalex.org/W2462187595
https://openalex.org/W2791401693
https://openalex.org/W2346457782
https://openalex.org/W245178042
https://openalex.org/W2488367977
https://openalex.org/W2889111061
https://openalex.org/W2286932030
https://openalex.org/W2585454403
https://openalex.org/W2963379478
https://openalex.org/W2289952891
https://openalex.org/W2750319826
https://openalex.org/W2769233923
https://openalex.org/W2805109111
https://openalex.org/W2888510522
https://openalex.org/W2988311024
https://openalex.org/W2440415790
https://openalex.org/W2770330259
https://openalex.org/W2903298719
https://openalex.org/W2797169829
https://openalex.org/W2894283970
https://openalex.org/W2959143134
https://openalex.org/W3040805913
https://openalex.org/W3101598839
https://openalex.org/W2979476567
https://openalex.org/W2431755769
https://openalex.org/W2963775443
https://openalex.org/W2977380810
https://openalex.org/W3012944403
https://openalex.org/W3018532426
https://openalex.org/W3022328840
https://openalex.org/W3073507098
https://openalex.org/W3137386751
https://openalex.org/W3167372670
https://openalex.org/W3126301973
https://openalex.org/W4200445771
https://openalex.org/W4220768657
https://openalex.org/W4313424091
https://openalex.org/W4317399309
https://openalex.org/W4327893911
https://openalex.org/W4381849847
https://openalex.org/W2030117676
https://openalex.org/W2026744205
https://openalex.org/W2044565392
https://openalex.org/W2046674578
https://openalex.org/W2030642377
https://openalex.org/W1990797983
https://openalex.org/W2036364900
https://openalex.org/W2042030471
https://openalex.org/W2041439421
https://openalex.org/W2106133143
https://openalex.org/W1926637987
https://openalex.org/W1992437596
https://openalex.org/W2038693622
https://openalex.org/W2161842631
https://openalex.org/W2064513631
https://openalex.org/W4241171548
https://openalex.org/W2010941297
https://openalex.org/W2056783300
https://openalex.org/W1984961290
https://openalex.org/W2070148567
https://openalex.org/W2146484241
https://openalex.org/W4253908450
https://openalex.org/W2059192156
https://openalex.org/W2137596950
https://openalex.org/W1967890362
https://openalex.org/W1997225648
https://openalex.org/W2058518981
https://openalex.org/W2010557432
https://openalex.org/W2136491540
https://openalex.org/W2141848192
https://openalex.org/W2028205002
https://openalex.org/W2036741369
https://openalex.org/W1983986150
https://openalex.org/W2062868753
https://openalex.org/W2090472450
https://openalex.org/W2004798414
https://openalex.org/W2001938200
https://openalex.org/W2112264367
https://openalex.org/W1992566852
https://openalex.org/W2030431314
https://openalex.org/W2047016318
https://openalex.org/W2069856284
https://openalex.org/W2042644232
https://openalex.org/W1977643229
https://openalex.org/W2476682884
https://openalex.org/W2413767201
https://openalex.org/W2151243458
https://openalex.org/W1964974819
https://openalex.org/W2097693844
https://openalex.org/W2015559531
https://openalex.org/W2089585984
https://openalex.org/W4231564877
https://openalex.org/W2073168718
https://openalex.org/W2102910722
https://openalex.org/W1967343071
https://openalex.org/W1974655226
https://openalex.org/W2135781475
https://openalex.org/W2014731396
https://openalex.org/W1523839218
https://openalex.org/W2024879205
https://openalex.org/W2075517631
https://openalex.org/W2151301938
https://openalex.org/W2153597650
https://openalex.org/W2079498986
https://openalex.org/W2158618660
https://openalex.org/W1949510509
https://openalex.org/W1979366601
https://openalex.org/W2030544347
https://openalex.org/W2153113758
https://openalex.org/W2020168874
https://openalex.org/W2139971978
https://openalex.org/W2148436503
https://openalex.org/W2168717779
https://openalex.org/W2581888789
https://openalex.org/W2489525639
https://openalex.org/W2511985261
https://openalex.org/W2778186254
https://openalex.org/W2196158371
https://openalex.org/W2607579170
https://openalex.org/W2757558181
https://openalex.org/W2509381699
https://openalex.org/W2609912086
https://openalex.org/W2743053134
https://openalex.org/W2803213323
https://openalex.org/W4302343661
https://openalex.org/W2577436931
https://openalex.org/W2621960348
https://openalex.org/W2740791673
https://openalex.org/W2783301206
https://openalex.org/W2791341190
https://openalex.org/W2951401399
https://openalex.org/W2990914982
https://openalex.org/W2980824785
https://openalex.org/W2953901769
https://openalex.org/W3092290137
https://openalex.org/W3086115132
https://openalex.org/W3114659527
https://openalex.org/W3131638910
https://openalex.org/W3125988393
https://openalex.org/W4206462518
https://openalex.org/W4293230866
https://openalex.org/W4206057773
https://openalex.org/W4213166523
https://openalex.org/W4286219978
https://openalex.org/W4309423710
https://openalex.org/W4313580510
https://openalex.org/W4366160665
https://openalex.org/W1981998630
https://openalex.org/W1994030679
https://openalex.org/W1997463053
https://openalex.org/W101574386
https://openalex.org/W2071522329
https://openalex.org/W2112130898
https://openalex.org/W1638243794
https://openalex.org/W2039384247
https://openalex.org/W2056625507
https://openalex.org/W2121374853
https://openalex.org/W4237215814
https://openalex.org/W1968977438
https://openalex.org/W2002859557
https://openalex.org/W2075817351
https://openalex.org/W2120359452
https://openalex.org/W2412091046
https://openalex.org/W1974063618
https://openalex.org/W2070574476
https://openalex.org/W1982203932
https://openalex.org/W2063139399
https://openalex.org/W2140554816
https://openalex.org/W2119905242
https://openalex.org/W2011691567
https://openalex.org/W1991904662
https://openalex.org/W2090049422
https://openalex.org/W2017060210
https://openalex.org/W1511234798
https://openalex.org/W2003748709
https://openalex.org/W2003219986
https://openalex.org/W2060554310
https://openalex.org/W2026734982
https://openalex.org/W1994790705
https://openalex.org/W2165804582
https://openalex.org/W1973141265
https://openalex.org/W2043257179
https://openalex.org/W2091901787
https://openalex.org/W4311690215
https://openalex.org/W2030328575
https://openalex.org/W2077456706
https://openalex.org/W2099595292
https://openalex.org/W2114813389
https://openalex.org/W2125330392
https://openalex.org/W2019667174
https://openalex.org/W2001103089
https://openalex.org/W2017036782
https://openalex.org/W2128998984
https://openalex.org/W2148167241
https://openalex.org/W1996079573
https://openalex.org/W2010252379
https://openalex.org/W2040056856
https://openalex.org/W2328828913
https://openalex.org/W2071747931
https://openalex.org/W2073114100
https://openalex.org/W2080935944
https://openalex.org/W1971138068
https://openalex.org/W1988937476
https://openalex.org/W2124065599
https://openalex.org/W2029339563
https://openalex.org/W2038253312
https://openalex.org/W2302507298
https://openalex.org/W2553422848
https://openalex.org/W2583035182
https://openalex.org/W1669555339
https://openalex.org/W2165702715
https://openalex.org/W2571495373
https://openalex.org/W2732473337
https://openalex.org/W2781967436
https://openalex.org/W2206023397
https://openalex.org/W2214190790
https://openalex.org/W2469101684
https://openalex.org/W2555985035
https://openalex.org/W2780601057
https://openalex.org/W2810816484
https://openalex.org/W2885404041
https://openalex.org/W2897121529
https://openalex.org/W2211038295
https://openalex.org/W2338483944
https://openalex.org/W2733755407
https://openalex.org/W2756519985
https://openalex.org/W2337511564
https://openalex.org/W2622094035
https://openalex.org/W2753350460
https://openalex.org/W2770044960
https://openalex.org/W2886994676
https://openalex.org/W2915782118
https://openalex.org/W2444483211
https://openalex.org/W2886889904
https://openalex.org/W2972101143
https://openalex.org/W2912587539
https://openalex.org/W2995876723
https://openalex.org/W3016160669
https://openalex.org/W3030270073
https://openalex.org/W3119796523
https://openalex.org/W3082704790
https://openalex.org/W2982882211
https://openalex.org/W3120411746
https://openalex.org/W3140355867
https://openalex.org/W3132083016
https://openalex.org/W3214421227
https://openalex.org/W3115705355
https://openalex.org/W3157034229
https://openalex.org/W4286715832
https://openalex.org/W4315928485
https://openalex.org/W4319939148
https://openalex.org/W1986279067
https://openalex.org/W1970136207
https://openalex.org/W2026673439
https://openalex.org/W2037053479
https://openalex.org/W2059149861
https://openalex.org/W2081014853
https://openalex.org/W2170906299
https://openalex.org/W2016965317
https://openalex.org/W2044657875
https://openalex.org/W4242656577
https://openalex.org/W159010814
https://openalex.org/W2052678719
https://openalex.org/W4294232764
https://openalex.org/W2157890753
https://openalex.org/W121045913
https://openalex.org/W1539384406
https://openalex.org/W204556058
https://openalex.org/W2067140085
https://openalex.org/W2419635412
https://openalex.org/W1563959649
https://openalex.org/W2038745384
https://openalex.org/W2052395331
https://openalex.org/W2134490787
https://openalex.org/W1989439365
https://openalex.org/W2049593870
https://openalex.org/W2057609994
https://openalex.org/W2085525360
https://openalex.org/W2029152865
https://openalex.org/W2016016509
https://openalex.org/W2037203247
https://openalex.org/W2086264878
https://openalex.org/W4253134691
https://openalex.org/W2409467093
https://openalex.org/W2132506408
https://openalex.org/W2031666905
https://openalex.org/W2032655025
https://openalex.org/W2106897218
https://openalex.org/W1982131643
https://openalex.org/W2040099646
https://openalex.org/W2134432962
https://openalex.org/W2435428597
https://openalex.org/W3189406967
https://openalex.org/W2160053942
https://openalex.org/W4254995752
https://openalex.org/W2020892132
https://openalex.org/W2073206626
https://openalex.org/W1969783371
https://openalex.org/W2025280026
https://openalex.org/W2047042875
https://openalex.org/W2084827016
https://openalex.org/W1986034249
https://openalex.org/W2497631488
https://openalex.org/W2792756388
https://openalex.org/W1991908529
https://openalex.org/W2066410875
https://openalex.org/W2086026239
https://openalex.org/W2762787849
https://openalex.org/W2800265018
https://openalex.org/W2901742034
https://openalex.org/W1978497002
https://openalex.org/W2061351576
https://openalex.org/W2242364596
https://openalex.org/W2583924019
https://openalex.org/W2885214229
https://openalex.org/W3127050173
https://openalex.org/W1899925555
https://openalex.org/W2177111290
https://openalex.org/W2520419322
https://openalex.org/W2526800354
https://openalex.org/W2673362053
https://openalex.org/W2915665014
https://openalex.org/W2987599897
https://openalex.org/W2083631183
https://openalex.org/W2399674695
https://openalex.org/W2482847602
https://openalex.org/W2887782253
https://openalex.org/W2979842474
https://openalex.org/W2943935879
https://openalex.org/W2980500804
https://openalex.org/W2939445980
https://openalex.org/W3023360429
https://openalex.org/W3121150235
https://openalex.org/W3159041877
https://openalex.org/W3201079050
https://openalex.org/W3111305483
https://openalex.org/W4206806017
https://openalex.org/W4211047201
https://openalex.org/W4225526132
https://openalex.org/W4280598744
https://openalex.org/W4285400679
https://openalex.org/W4285806256
https://openalex.org/W4311914531
https://openalex.org/W4214635458
https://openalex.org/W4281481145
https://openalex.org/W4283376810
https://openalex.org/W4288077233
https://openalex.org/W4296457517
https://openalex.org/W4312281568
https://openalex.org/W4311137546
https://openalex.org/W4362672772
https://openalex.org/W4386501612
https://openalex.org/W4394693184
https://openalex.org/W63730333
https://openalex.org/W1642861802
https://openalex.org/W178951330
https://openalex.org/W2089250162
https://openalex.org/W2030126877
https://openalex.org/W2001907343
https://openalex.org/W1966503539
https://openalex.org/W1999567841
https://openalex.org/W2061860420
https://openalex.org/W1974282171
https://openalex.org/W2002471179
https://openalex.org/W2024531728
https://openalex.org/W1846766366
https://openalex.org/W2000235958
https://openalex.org/W2031099870
https://openalex.org/W2058590427
https://openalex.org/W2074536754
https://openalex.org/W2112524391
https://openalex.org/W2063716522
https://openalex.org/W1997683475
https://openalex.org/W2000715664
https://openalex.org/W2094904348
https://openalex.org/W2170601112
https://openalex.org/W1523528078
https://openalex.org/W2075485922
https://openalex.org/W2163138440
https://openalex.org/W301280536
https://openalex.org/W173666606
https://openalex.org/W2145154312
https://openalex.org/W2415849152
https://openalex.org/W2130414858
https://openalex.org/W148348866
https://openalex.org/W1591183789
https://openalex.org/W2065819898
https://openalex.org/W2047288301
https://openalex.org/W4241659254
https://openalex.org/W1587978033
https://openalex.org/W2039494391
https://openalex.org/W2067221900
https://openalex.org/W2118656882
https://openalex.org/W2162386347
https://openalex.org/W1581108893
https://openalex.org/W1969792418
https://openalex.org/W1973587003
https://openalex.org/W2046750856
https://openalex.org/W1996141770
https://openalex.org/W2017275697
https://openalex.org/W2044594295
https://openalex.org/W2089707214
https://openalex.org/W2096600971
https://openalex.org/W2146381813
https://openalex.org/W2313823493
https://openalex.org/W2319068800
https://openalex.org/W1974233145
https://openalex.org/W1978035785
https://openalex.org/W1979493581
https://openalex.org/W2005294787
https://openalex.org/W2746397493
https://openalex.org/W2756319513
https://openalex.org/W2782930661
https://openalex.org/W2025623853
https://openalex.org/W2075806335
https://openalex.org/W2330673348
https://openalex.org/W2510652942
https://openalex.org/W2766567130
https://openalex.org/W2790828561
https://openalex.org/W2794966419
https://openalex.org/W2811508089
https://openalex.org/W2832530735
https://openalex.org/W2906118949
https://openalex.org/W1971947202
https://openalex.org/W2336512003
https://openalex.org/W2508167744
https://openalex.org/W2715603123
https://openalex.org/W2905536255
https://openalex.org/W2790765733
https://openalex.org/W2790795616
https://openalex.org/W2923518576
https://openalex.org/W2895886850
https://openalex.org/W2986826340
https://openalex.org/W2983262190
https://openalex.org/W2999964792
https://openalex.org/W3008705799
https://openalex.org/W3016518124
https://openalex.org/W3082851951
https://openalex.org/W3091544444
https://openalex.org/W3111184398
https://openalex.org/W3116284746
https://openalex.org/W2980068771
https://openalex.org/W2995086135
https://openalex.org/W3083698636
https://openalex.org/W2997106668
https://openalex.org/W3037618655
https://openalex.org/W2461376069
https://openalex.org/W3164905588
https://openalex.org/W3203241075
https://openalex.org/W3206562774
https://openalex.org/W3151384802
https://openalex.org/W4205871343
https://openalex.org/W4220691224
https://openalex.org/W4221076596
https://openalex.org/W4387868567
https://openalex.org/W4388631105
https://openalex.org/W4390542880
https://openalex.org/W4390583965
https://openalex.org/W4390605163
https://openalex.org/W4390685456
https://openalex.org/W4391235009
https://openalex.org/W4391443522
https://openalex.org/W4391543498
https://openalex.org/W4391608663
https://openalex.org/W4391752747
https://openalex.org/W4391898990
https://openalex.org/W4392020026
https://openalex.org/W4392153665
https://openalex.org/W4392204151
https://openalex.org/W4392236144
https://openalex.org/W4392243212
https://openalex.org/W4392350641
https://openalex.org/W4392852428
https://openalex.org/W4392927017
https://openalex.org/W4393008198
https://openalex.org/W4393072811
https://openalex.org/W4393083287
https://openalex.org/W4393092573
https://openalex.org/W4393092727
https://openalex.org/W4393096761
https://openalex.org/W4393096884
https://openalex.org/W4393097131
https://openalex.org/W4393315547
https://openalex.org/W4393989846
https://openalex.org/W4394012271
https://openalex.org/W4394578036
https://openalex.org/W4394582502
https://openalex.org/W4394817383
https://openalex.org/W4394956890
https://openalex.org/W4394975730
https://openalex.org/W4395030621
https://openalex.org/W4395047390
https://openalex.org/W4395483883
https://openalex.org/W4395675832
https://openalex.org/W2507000843
https://openalex.org/W1497577782
https://openalex.org/W2130113849
https://openalex.org/W1726487274
https://openalex.org/W2049999560
https://openalex.org/W4240441285
https://openalex.org/W2004091982
https://openalex.org/W2066965048
https://openalex.org/W1980982571
https://openalex.org/W1981994551
https://openalex.org/W2017960800
https://openalex.org/W2093717316
https://openalex.org/W1984287621
https://openalex.org/W2045033987
https://openalex.org/W2096321007
https://openalex.org/W2400611674
https://openalex.org/W1993828712
https://openalex.org/W2157040408
https://openalex.org/W2068367944
https://openalex.org/W2151371860
https://openalex.org/W2918152927
https://openalex.org/W2136347383
https://openalex.org/W2461801917
https://openalex.org/W1985790386
https://openalex.org/W1993493229
https://openalex.org/W1979505239
https://openalex.org/W2050106818
https://openalex.org/W2061919892
https://openalex.org/W1863489655
https://openalex.org/W2012535125
https://openalex.org/W2014449847
https://openalex.org/W2073083356
https://openalex.org/W2094036981
https://openalex.org/W2050673400
https://openalex.org/W2050938769
https://openalex.org/W2147016954
https://openalex.org/W2042025748
https://openalex.org/W2134533521
https://openalex.org/W2039468008
https://openalex.org/W1976894412
https://openalex.org/W2149250369
https://openalex.org/W1982601464
https://openalex.org/W1995676338
https://openalex.org/W2028567167
https://openalex.org/W2319591876
https://openalex.org/W1152783572
https://openalex.org/W1819257022
https://openalex.org/W2027381422
https://openalex.org/W2111054193
https://openalex.org/W2736327033
https://openalex.org/W2738480713
https://openalex.org/W2742701562
https://openalex.org/W1966217549
https://openalex.org/W2014591075
https://openalex.org/W2187093363
https://openalex.org/W2412094254
https://openalex.org/W2557799200
https://openalex.org/W2566412468
https://openalex.org/W2735586406
https://openalex.org/W2770364409
https://openalex.org/W2780065423
https://openalex.org/W2794647758
https://openalex.org/W2805811629
https://openalex.org/W2010545182
https://openalex.org/W2101172656
https://openalex.org/W2431452724
https://openalex.org/W2512112768
https://openalex.org/W2782464151
https://openalex.org/W2790850262
https://openalex.org/W2903949061
https://openalex.org/W2972915195
https://openalex.org/W2518608398
https://openalex.org/W2567214705
https://openalex.org/W2803240817
https://openalex.org/W2954998164
https://openalex.org/W2948457044
https://openalex.org/W3027940815
https://openalex.org/W3085359950
https://openalex.org/W1977325255
https://openalex.org/W3177140661
https://openalex.org/W3194048708
https://openalex.org/W3211228631
https://openalex.org/W2098884247
https://openalex.org/W4308029151
https://openalex.org/W4308309867
https://openalex.org/W4318933574
https://openalex.org/W4320710618
https://openalex.org/W4324057413
https://openalex.org/W4324095266
https://openalex.org/W4327583157
https://openalex.org/W4327610667
https://openalex.org/W4362522115
https://openalex.org/W4366124551
https://openalex.org/W4380729862
https://openalex.org/W4382677417
https://openalex.org/W4384277483
https://openalex.org/W4386321198
https://openalex.org/W4386629619
https://openalex.org/W4388493022
https://openalex.org/W2049454657
https://openalex.org/W1986696265
https://openalex.org/W1934143074
https://openalex.org/W2008390946
https://openalex.org/W2170337692
https://openalex.org/W2047550938
https://openalex.org/W1971378002
https://openalex.org/W2078944166
https://openalex.org/W2033690719
https://openalex.org/W2126275081
https://openalex.org/W1596831506
https://openalex.org/W1980794703
https://openalex.org/W2031414639
https://openalex.org/W2059084558
https://openalex.org/W2058112330
https://openalex.org/W4297776088
https://openalex.org/W1995300209
https://openalex.org/W2043713336
https://openalex.org/W2086997986
https://openalex.org/W1970620835
https://openalex.org/W2026860618
https://openalex.org/W2090245039
https://openalex.org/W1998628833
https://openalex.org/W2019070230
https://openalex.org/W1575815854
https://openalex.org/W1590526014
https://openalex.org/W2057787972
https://openalex.org/W2068609793
https://openalex.org/W2089354159
https://openalex.org/W1850643017
https://openalex.org/W2040933841
https://openalex.org/W2070141361
https://openalex.org/W2076151916
https://openalex.org/W2120777000
https://openalex.org/W2122323392
https://openalex.org/W2147307798
https://openalex.org/W2278069933
https://openalex.org/W1965175714
https://openalex.org/W2051286613
https://openalex.org/W2052419182
https://openalex.org/W2156006661
https://openalex.org/W1924953247
https://openalex.org/W2409011204
https://openalex.org/W2739122102
https://openalex.org/W2889491807
https://openalex.org/W2905353143
https://openalex.org/W1624949714
https://openalex.org/W2248732998
https://openalex.org/W2289186643
https://openalex.org/W2584979804
https://openalex.org/W2610340823
https://openalex.org/W2613193994
https://openalex.org/W2614071267
https://openalex.org/W2772933053
https://openalex.org/W2786254837
https://openalex.org/W2887985572
https://openalex.org/W2229420464
https://openalex.org/W2339613678
https://openalex.org/W2968750288
https://openalex.org/W2981063848
https://openalex.org/W3001237800
https://openalex.org/W3005758915
https://openalex.org/W3035838139
https://openalex.org/W3081290172
https://openalex.org/W1492103964
https://openalex.org/W3023427309
https://openalex.org/W3036064207
https://openalex.org/W3036874752
https://openalex.org/W3106899219
https://openalex.org/W3134198073
https://openalex.org/W3137030834
https://openalex.org/W3166962994
https://openalex.org/W3216246126
https://openalex.org/W4287505001
https://openalex.org/W4220815434
https://openalex.org/W4225539025
https://openalex.org/W2000824011
https://openalex.org/W1991549178
https://openalex.org/W2896554247
https://openalex.org/W1984964482
https://openalex.org/W2021303319
https://openalex.org/W2031334114
https://openalex.org/W2317329923
https://openalex.org/W2411028551
https://openalex.org/W2045658811
https://openalex.org/W2167576603
https://openalex.org/W2013501172
https://openalex.org/W2016835357
https://openalex.org/W1990460842
https://openalex.org/W2058020899
https://openalex.org/W2089958658
https://openalex.org/W2079078370
https://openalex.org/W2161041626
https://openalex.org/W2169740530
https://openalex.org/W4312382166
https://openalex.org/W2018462891
https://openalex.org/W2024487418
https://openalex.org/W2080883294
https://openalex.org/W2054253044
https://openalex.org/W2116568193
https://openalex.org/W2120681907
https://openalex.org/W222507418
https://openalex.org/W1667925084
https://openalex.org/W1985961898
https://openalex.org/W1989921445
https://openalex.org/W2053877073
https://openalex.org/W2155899578
https://openalex.org/W2168638448
https://openalex.org/W2007966663
https://openalex.org/W2014777843
https://openalex.org/W2027619154
https://openalex.org/W2049804624
https://openalex.org/W2119662123
https://openalex.org/W2137098181
https://openalex.org/W2168842392
https://openalex.org/W4387689461
https://openalex.org/W1607667138
https://openalex.org/W1979005894
https://openalex.org/W1745514781
https://openalex.org/W2036157424
https://openalex.org/W2040875775
https://openalex.org/W1456619997
https://openalex.org/W1517624024
https://openalex.org/W1949277421
https://openalex.org/W1979176297
https://openalex.org/W1984790228
https://openalex.org/W2085836071
https://openalex.org/W2116222817
https://openalex.org/W2154043266
https://openalex.org/W2081649863
https://openalex.org/W2091333975
https://openalex.org/W2591476911
https://openalex.org/W2598111167
https://openalex.org/W2622075177
https://openalex.org/W2789664088
https://openalex.org/W2792529529
https://openalex.org/W2896718044
https://openalex.org/W2021273906
https://openalex.org/W2564319027
https://openalex.org/W2901951253
https://openalex.org/W2904155992
https://openalex.org/W2930889783
https://openalex.org/W2224047541
https://openalex.org/W2566214506
https://openalex.org/W2996062998
https://openalex.org/W3085019773
https://openalex.org/W3107229822
https://openalex.org/W3113108808
https://openalex.org/W3120274055
https://openalex.org/W3136775888
https://openalex.org/W3159791100
https://openalex.org/W3206099698
https://openalex.org/W2399506262
https://openalex.org/W4200581363
https://openalex.org/W4224320467
https://openalex.org/W4225323065
https://openalex.org/W4294876367
https://openalex.org/W2086415807
https://openalex.org/W38571946
https://openalex.org/W1520779664
https://openalex.org/W1963871301
https://openalex.org/W1989170450
https://openalex.org/W2053130291
https://openalex.org/W2953069673
https://openalex.org/W4248130530
https://openalex.org/W125652930
https://openalex.org/W57034305
https://openalex.org/W1506521308
https://openalex.org/W1990729611
https://openalex.org/W2018381893
https://openalex.org/W2065547023
https://openalex.org/W2057646638
https://openalex.org/W2064845125
https://openalex.org/W1974459020
https://openalex.org/W1975066377
https://openalex.org/W2115469859
https://openalex.org/W2118213544
https://openalex.org/W2140098279
https://openalex.org/W2169921092
https://openalex.org/W2413619403
https://openalex.org/W2124372709
https://openalex.org/W2041053459
https://openalex.org/W2046070017
https://openalex.org/W2057612903
https://openalex.org/W2072918468
https://openalex.org/W2080058769
https://openalex.org/W1963857884
https://openalex.org/W1982454929
https://openalex.org/W2084431157
https://openalex.org/W2135437935
https://openalex.org/W2145541258
https://openalex.org/W1987827667
https://openalex.org/W1992343658
https://openalex.org/W2046219857
https://openalex.org/W2073660644
https://openalex.org/W2101209145
https://openalex.org/W1978422776
https://openalex.org/W2006917383
https://openalex.org/W3173938879
https://openalex.org/W1997502025
https://openalex.org/W2096285935
https://openalex.org/W2113389607
https://openalex.org/W2146285553
https://openalex.org/W2416511275
https://openalex.org/W2042724042
https://openalex.org/W2107368430
https://openalex.org/W2108418164
https://openalex.org/W2237953242
https://openalex.org/W4233948360
https://openalex.org/W1989571520
https://openalex.org/W2010480989
https://openalex.org/W2045684643
https://openalex.org/W2091026283
https://openalex.org/W2135645443
https://openalex.org/W2149100553
https://openalex.org/W2162509357
https://openalex.org/W2324685911
https://openalex.org/W2328886014
https://openalex.org/W2416218533
https://openalex.org/W2770891084
https://openalex.org/W1785368578
https://openalex.org/W1971578354
https://openalex.org/W2178884872
https://openalex.org/W2180034871
https://openalex.org/W2181140670
https://openalex.org/W2187074433
https://openalex.org/W2192736091
https://openalex.org/W2288985631
https://openalex.org/W2516607487
https://openalex.org/W2551217474
https://openalex.org/W2569096653
https://openalex.org/W2593635672
https://openalex.org/W2626537170
https://openalex.org/W2743531325
https://openalex.org/W2749882065
https://openalex.org/W2761008291
https://openalex.org/W2777575244
https://openalex.org/W2795582204
https://openalex.org/W2887238453
https://openalex.org/W2889405113
https://openalex.org/W2909673958
https://openalex.org/W2925052131
https://openalex.org/W2976658548
https://openalex.org/W2996346682
https://openalex.org/W2220027581
https://openalex.org/W2246881751
https://openalex.org/W2265293787
https://openalex.org/W2555877032
https://openalex.org/W2990025965
https://openalex.org/W3011652500
https://openalex.org/W3014296170
https://openalex.org/W3037790712
https://openalex.org/W3039058070
https://openalex.org/W2041804671
https://openalex.org/W3126043191
https://openalex.org/W3133230174
https://openalex.org/W3152424289
https://openalex.org/W3168654167
https://openalex.org/W3196815298
https://openalex.org/W3196920044
https://openalex.org/W3212814193
https://openalex.org/W4323315421
https://openalex.org/W1550817255
https://openalex.org/W1631085263
https://openalex.org/W1977824838
https://openalex.org/W2086462206
https://openalex.org/W2093394195
https://openalex.org/W2065904830
https://openalex.org/W2951585892
https://openalex.org/W1976257037
https://openalex.org/W2061281546
https://openalex.org/W2094254496
https://openalex.org/W1997205952
https://openalex.org/W2132853265
https://openalex.org/W2030727265
https://openalex.org/W1575074079
https://openalex.org/W1986673694
https://openalex.org/W2041765446
https://openalex.org/W2099317373
https://openalex.org/W2142455066
https://openalex.org/W954886432
https://openalex.org/W2796008182
https://openalex.org/W1990227288
https://openalex.org/W2085384122
https://openalex.org/W2414326031
https://openalex.org/W2084467269
https://openalex.org/W2068338086
https://openalex.org/W2159527866
https://openalex.org/W1993019500
https://openalex.org/W2003191935
https://openalex.org/W431661961
https://openalex.org/W1993644004
https://openalex.org/W2003784118
https://openalex.org/W2045229591
https://openalex.org/W2076002093
https://openalex.org/W2089948815
https://openalex.org/W837536372
https://openalex.org/W1014379325
https://openalex.org/W1933652765
https://openalex.org/W1996789463
https://openalex.org/W2002119472
https://openalex.org/W2020000843
https://openalex.org/W2049819219
https://openalex.org/W2107654193
https://openalex.org/W2144548724
https://openalex.org/W2210540154
https://openalex.org/W2412118241
https://openalex.org/W2431972401
https://openalex.org/W2464282392
https://openalex.org/W2574139973
https://openalex.org/W2609161162
https://openalex.org/W2782366108
https://openalex.org/W2807101063
https://openalex.org/W2905270024
https://openalex.org/W2921796589
https://openalex.org/W2944237971
https://openalex.org/W2953716921
https://openalex.org/W2979400233
https://openalex.org/W2979854185
https://openalex.org/W3024994297
https://openalex.org/W2009572850
https://openalex.org/W2107182491
https://openalex.org/W2193657290
https://openalex.org/W2236195963
https://openalex.org/W2315388543
https://openalex.org/W2476473805
https://openalex.org/W2984173897
https://openalex.org/W2413075882
https://openalex.org/W2406850234
https://openalex.org/W3095718242
https://openalex.org/W3124696370
https://openalex.org/W3134752303
https://openalex.org/W3160902759
https://openalex.org/W3161527587
https://openalex.org/W3164400760
https://openalex.org/W3169044287
https://openalex.org/W4229030969
https://openalex.org/W4220991652
https://openalex.org/W4224441320
https://openalex.org/W4292641085
https://openalex.org/W4297249915
https://openalex.org/W4311579494
https://openalex.org/W4315628365
https://openalex.org/W4327909678
https://openalex.org/W4362507079
https://openalex.org/W4383302474
https://openalex.org/W4383558426
https://openalex.org/W4384340108
https://openalex.org/W4385331280
https://openalex.org/W4385791843
https://openalex.org/W4386271888
https://openalex.org/W4386638466
https://openalex.org/W4386712631
https://openalex.org/W4388140864
https://openalex.org/W4388407369
https://openalex.org/W4388658035
https://openalex.org/W4390197605
https://openalex.org/W1965319428
https://openalex.org/W2052059258
https://openalex.org/W2093063862
https://openalex.org/W11330640
https://openalex.org/W2184073743
https://openalex.org/W2339793976
https://openalex.org/W2008723574
https://openalex.org/W2066524602
https://openalex.org/W2952529777
https://openalex.org/W111644835
https://openalex.org/W1968149055
https://openalex.org/W1978586901
https://openalex.org/W2032625254
https://openalex.org/W2052330842
https://openalex.org/W2071420556
https://openalex.org/W2102661667
https://openalex.org/W2012016738
https://openalex.org/W2073794416
https://openalex.org/W2065929554
https://openalex.org/W1550377431
https://openalex.org/W2040983836
https://openalex.org/W2045333054
https://openalex.org/W1973944738
https://openalex.org/W1998954970
https://openalex.org/W2115560918
https://openalex.org/W1968720535
https://openalex.org/W1983823060
https://openalex.org/W2012146263
https://openalex.org/W2085956443
https://openalex.org/W2151759099
https://openalex.org/W2318815056
https://openalex.org/W2601404860
https://openalex.org/W2757162070
https://openalex.org/W2772469972
https://openalex.org/W2784434749
https://openalex.org/W2821697595
https://openalex.org/W2884008156
https://openalex.org/W1970853527
https://openalex.org/W2285449420
https://openalex.org/W2329274523
https://openalex.org/W2492011813
https://openalex.org/W2560027704
https://openalex.org/W2735520135
https://openalex.org/W2749585721
https://openalex.org/W2966242454
https://openalex.org/W2981667320
https://openalex.org/W2993533954
https://openalex.org/W2994021925
https://openalex.org/W2433090809
https://openalex.org/W1508728810
https://openalex.org/W2119912032
https://openalex.org/W2171407993
https://openalex.org/W1977270549
https://openalex.org/W2030307286
https://openalex.org/W2036316303
https://openalex.org/W2063958209
https://openalex.org/W2137664723
https://openalex.org/W2176160252
https://openalex.org/W2324703307
https://openalex.org/W3126332974
https://openalex.org/W1988428144
https://openalex.org/W2065730939
https://openalex.org/W2085746463
https://openalex.org/W2073325875
https://openalex.org/W2188734750
https://openalex.org/W1979043936
https://openalex.org/W2039855717
https://openalex.org/W2185210990
https://openalex.org/W2594830505
https://openalex.org/W1496391429
https://openalex.org/W1969670162
https://openalex.org/W1980585615
https://openalex.org/W2032423481
https://openalex.org/W2073949577
https://openalex.org/W2076953602
https://openalex.org/W2074157418
https://openalex.org/W2015445654
https://openalex.org/W2032230596
https://openalex.org/W2033342487
https://openalex.org/W1980498007
https://openalex.org/W2024315172
https://openalex.org/W2047338478
https://openalex.org/W2067563149
https://openalex.org/W2114927011
https://openalex.org/W2419606473
https://openalex.org/W1976310414
https://openalex.org/W1988663800
https://openalex.org/W1990983629
https://openalex.org/W2023811714
https://openalex.org/W2031586178
https://openalex.org/W2066844885
https://openalex.org/W2112582170
https://openalex.org/W2117285475
https://openalex.org/W2157587523
https://openalex.org/W2329425271
https://openalex.org/W2792102615
https://openalex.org/W2802514298
https://openalex.org/W2821850927
https://openalex.org/W2886055227
https://openalex.org/W2893201996
https://openalex.org/W2019136360
https://openalex.org/W2151941690
https://openalex.org/W2289862438
https://openalex.org/W2356675154
https://openalex.org/W2417849856
https://openalex.org/W2518565735
https://openalex.org/W2519230425
https://openalex.org/W2566736190
https://openalex.org/W2700819709
https://openalex.org/W2751643601
https://openalex.org/W2754420299
https://openalex.org/W2782770861
https://openalex.org/W2897163481
https://openalex.org/W2907436759
https://openalex.org/W2919554893
https://openalex.org/W2949985248
https://openalex.org/W2975514361
https://openalex.org/W2990573686
https://openalex.org/W2991602810
https://openalex.org/W2999205582
https://openalex.org/W3020399429
https://openalex.org/W3081836436
https://openalex.org/W3085723906
https://openalex.org/W3109694501
https://openalex.org/W1987647668
https://openalex.org/W2556245755
https://openalex.org/W3085157594
https://openalex.org/W3114930789
https://openalex.org/W3124628689
https://openalex.org/W3155463880
https://openalex.org/W3174199707
https://openalex.org/W3198444009
https://openalex.org/W2060782368
https://openalex.org/W139181903
https://openalex.org/W1981169052
https://openalex.org/W1994880717
https://openalex.org/W4381892096
https://openalex.org/W1996902016
https://openalex.org/W2034844360
https://openalex.org/W2038909118
https://openalex.org/W2051426630
https://openalex.org/W2211622940
https://openalex.org/W2897494722
https://openalex.org/W80088069
https://openalex.org/W2080945752
https://openalex.org/W1979878040
https://openalex.org/W2084575595
https://openalex.org/W2002171325
https://openalex.org/W2024989437
https://openalex.org/W2034607433
https://openalex.org/W2043726066
https://openalex.org/W2167768830
https://openalex.org/W2185000091
https://openalex.org/W2004801528
https://openalex.org/W2053621234
https://openalex.org/W1996600725
https://openalex.org/W2014948130
https://openalex.org/W2169441966
https://openalex.org/W61758805
https://openalex.org/W2084411733
https://openalex.org/W2443552440
https://openalex.org/W102430494
https://openalex.org/W1515225429
https://openalex.org/W1969240495
https://openalex.org/W1983098217
https://openalex.org/W2007779888
https://openalex.org/W2055206241
https://openalex.org/W2801739692
https://openalex.org/W2886878298
https://openalex.org/W2892719625
https://openalex.org/W311138597
https://openalex.org/W1488468958
https://openalex.org/W2028258475
https://openalex.org/W2032679197
https://openalex.org/W2049328649
https://openalex.org/W2073754570
https://openalex.org/W2106223094
https://openalex.org/W2108038590
https://openalex.org/W2126713235
https://openalex.org/W2161345450
https://openalex.org/W2214309811
https://openalex.org/W2533190662
https://openalex.org/W2587386812
https://openalex.org/W2734411187
https://openalex.org/W2735568904
https://openalex.org/W2910834159
https://openalex.org/W2955883516
https://openalex.org/W2970650857
https://openalex.org/W2988348112
https://openalex.org/W3013889013
https://openalex.org/W3035455616
https://openalex.org/W3036498681
https://openalex.org/W3044918299
https://openalex.org/W3091180417
https://openalex.org/W3110863875
https://openalex.org/W3114781787
https://openalex.org/W3130955004
https://openalex.org/W3131163694
https://openalex.org/W3156018059
https://openalex.org/W3163923374
https://openalex.org/W3173982278
https://openalex.org/W3185849868
https://openalex.org/W3193547350
https://openalex.org/W4206598256
https://openalex.org/W4205420446
https://openalex.org/W4212897716
https://openalex.org/W4213183690
https://openalex.org/W4220927831
https://openalex.org/W4223898647
https://openalex.org/W4225365601
https://openalex.org/W4281567140
https://openalex.org/W4282549842
https://openalex.org/W4287147098
https://openalex.org/W4288425175
https://openalex.org/W4290804094
https://openalex.org/W4291383300
https://openalex.org/W4291954790
https://openalex.org/W4295906998
https://openalex.org/W2096329594
https://openalex.org/W248078792
https://openalex.org/W1965251896
https://openalex.org/W2047418837
https://openalex.org/W2120304862
https://openalex.org/W2284872197
https://openalex.org/W1967518866
https://openalex.org/W2015118888
https://openalex.org/W2059813020
https://openalex.org/W211405964
https://openalex.org/W41654903
https://openalex.org/W104698801
https://openalex.org/W1975589272
https://openalex.org/W2010153736
https://openalex.org/W2044604330
https://openalex.org/W2052928028
https://openalex.org/W2089892793
https://openalex.org/W4366741043
https://openalex.org/W2008287813
https://openalex.org/W2011851187
https://openalex.org/W2052900535
https://openalex.org/W2010164123
https://openalex.org/W2018960091
https://openalex.org/W2088392636
https://openalex.org/W2585928254
https://openalex.org/W1521190806
https://openalex.org/W2158659835
https://openalex.org/W2153426593
https://openalex.org/W2155358441
https://openalex.org/W2078715164
https://openalex.org/W2414750096
https://openalex.org/W2886940552
https://openalex.org/W2901437204
https://openalex.org/W2902151653
https://openalex.org/W1567098035
https://openalex.org/W1579640333
https://openalex.org/W1601931618
https://openalex.org/W1967154072
https://openalex.org/W2014362248
https://openalex.org/W2063276151
https://openalex.org/W2140606464
https://openalex.org/W2157257630
https://openalex.org/W2181757660
https://openalex.org/W2227734610
https://openalex.org/W2271312715
https://openalex.org/W2400623877
https://openalex.org/W2735480060
https://openalex.org/W2735828328
https://openalex.org/W2749343640
https://openalex.org/W2768026870
https://openalex.org/W3005158678
https://openalex.org/W3007736543
https://openalex.org/W3012570587
https://openalex.org/W3034419004
https://openalex.org/W3035333624
https://openalex.org/W3091816727
https://openalex.org/W55631637
https://openalex.org/W2054424688
https://openalex.org/W2288118955
https://openalex.org/W2405825879
https://openalex.org/W1990410485
https://openalex.org/W1989735853
https://openalex.org/W1974193602
https://openalex.org/W1976268818
https://openalex.org/W2013783582
https://openalex.org/W2025560550
https://openalex.org/W2030411660
https://openalex.org/W2129636082
https://openalex.org/W2595859883
https://openalex.org/W2043927550
https://openalex.org/W2076357975
https://openalex.org/W2089581180
https://openalex.org/W2169935946
https://openalex.org/W1985187236
https://openalex.org/W1989075854
https://openalex.org/W2014866336
https://openalex.org/W2188183820
https://openalex.org/W2417244270
https://openalex.org/W2069236079
https://openalex.org/W203218533
https://openalex.org/W2103308073
https://openalex.org/W2142050321
https://openalex.org/W2219669220
https://openalex.org/W2406300169
https://openalex.org/W2569930534
https://openalex.org/W2036416109
https://openalex.org/W2044709861
https://openalex.org/W2047091743
https://openalex.org/W2103826879
https://openalex.org/W2128534454
https://openalex.org/W2411085761
https://openalex.org/W2461273587
https://openalex.org/W2606255262
https://openalex.org/W2809507768
https://openalex.org/W2810180657
https://openalex.org/W2894095476
https://openalex.org/W2894309879
https://openalex.org/W2895811679
https://openalex.org/W2905270128
https://openalex.org/W2917621214
https://openalex.org/W2923838784
https://openalex.org/W2980451092
https://openalex.org/W2980860261
https://openalex.org/W2996501477
https://openalex.org/W2996575813
https://openalex.org/W1530947187
https://openalex.org/W1567322799
https://openalex.org/W2024240551
https://openalex.org/W2063089678
https://openalex.org/W2157795051
https://openalex.org/W2173451201
https://openalex.org/W2196867044
https://openalex.org/W2462332647
https://openalex.org/W2519684184
https://openalex.org/W2535448506
https://openalex.org/W3021345700
https://openalex.org/W3099125326
https://openalex.org/W3116717998
https://openalex.org/W3119655573
https://openalex.org/W3137631677
https://openalex.org/W3138615381
https://openalex.org/W3147890340
https://openalex.org/W3153250739
https://openalex.org/W3170826968
https://openalex.org/W3203687101
https://openalex.org/W3210806159
https://openalex.org/W2021910271
https://openalex.org/W2409550922
https://openalex.org/W1977867141
https://openalex.org/W2026097940
https://openalex.org/W1990943369
https://openalex.org/W2072666384
https://openalex.org/W2951431313
https://openalex.org/W3127684666
https://openalex.org/W2036054203
https://openalex.org/W2111799878
https://openalex.org/W2124684948
https://openalex.org/W155584830
https://openalex.org/W2081806200
https://openalex.org/W1975434456
https://openalex.org/W2059661177
https://openalex.org/W2071993791
https://openalex.org/W2093107252
https://openalex.org/W2110570717
https://openalex.org/W2050241250
https://openalex.org/W2006617907
https://openalex.org/W2047300485
https://openalex.org/W2053328596
https://openalex.org/W2062929664
https://openalex.org/W2072703897
https://openalex.org/W2111545121
https://openalex.org/W1996889443
https://openalex.org/W200546619
https://openalex.org/W2011248042
https://openalex.org/W2085761151
https://openalex.org/W2089906500
https://openalex.org/W2093571261
https://openalex.org/W2147156259
https://openalex.org/W2251038228
https://openalex.org/W2251473704
https://openalex.org/W2317119751
https://openalex.org/W2318849169
https://openalex.org/W2333829011
https://openalex.org/W2345342961
https://openalex.org/W2412291217
https://openalex.org/W2605007112
https://openalex.org/W2613587107
https://openalex.org/W2617747834
https://openalex.org/W2758550870
https://openalex.org/W2773635601
https://openalex.org/W2782706187
https://openalex.org/W2792700664
https://openalex.org/W2792921953
https://openalex.org/W2901757541
https://openalex.org/W2904926275
https://openalex.org/W2905069316
https://openalex.org/W2943359208
https://openalex.org/W2948017104
https://openalex.org/W2991634699
https://openalex.org/W3008191027
https://openalex.org/W3010582132
https://openalex.org/W3010822976
https://openalex.org/W3012194021
https://openalex.org/W3022243299
https://openalex.org/W3032989334
https://openalex.org/W3043484166
https://openalex.org/W3088851804
https://openalex.org/W3089394112
https://openalex.org/W3105482352
https://openalex.org/W3118036981
https://openalex.org/W1182735067
https://openalex.org/W1818751751
https://openalex.org/W1971719740
https://openalex.org/W2094356826
https://openalex.org/W2234203262
https://openalex.org/W2335962570
https://openalex.org/W2503909903
https://openalex.org/W2527668373
https://openalex.org/W3123199526
https://openalex.org/W972980307
https://openalex.org/W3207692461
https://openalex.org/W3216263491
https://openalex.org/W4225631514
https://openalex.org/W4226325698
https://openalex.org/W4282971706
https://openalex.org/W4290780037
https://openalex.org/W4291517452
https://openalex.org/W4296836748
https://openalex.org/W4303446651
https://openalex.org/W4307217171
https://openalex.org/W4310470884
https://openalex.org/W2605992776
https://openalex.org/W2045205873
https://openalex.org/W2147855604
https://openalex.org/W2237179296
https://openalex.org/W2286431894
https://openalex.org/W1982015909
https://openalex.org/W2076462817
https://openalex.org/W2155730381
https://openalex.org/W2412596864
https://openalex.org/W1982699934
https://openalex.org/W2015949590
https://openalex.org/W2620036457
https://openalex.org/W2321104811
https://openalex.org/W4254260179
https://openalex.org/W1992079968
https://openalex.org/W2020946215
https://openalex.org/W2033047888
https://openalex.org/W2068814814
https://openalex.org/W2115786460
https://openalex.org/W2254160836
https://openalex.org/W1976216848
https://openalex.org/W1990615255
https://openalex.org/W2155161650
https://openalex.org/W1605735625
https://openalex.org/W1984530789
https://openalex.org/W1986600353
https://openalex.org/W1991987071
https://openalex.org/W1998880509
https://openalex.org/W2001963467
https://openalex.org/W2070997884
https://openalex.org/W2094485691
https://openalex.org/W2139776989
https://openalex.org/W2148304246
https://openalex.org/W2216022452
https://openalex.org/W2323401913
https://openalex.org/W2324987459
https://openalex.org/W2475337628
https://openalex.org/W3025892190
https://openalex.org/W4238366998
https://openalex.org/W2405219705
https://openalex.org/W2408735810
https://openalex.org/W2607251326
https://openalex.org/W1967206166
https://openalex.org/W1981920904
https://openalex.org/W2002614662
https://openalex.org/W2442050997
https://openalex.org/W2135533502
https://openalex.org/W1998248533
https://openalex.org/W2009310158
https://openalex.org/W2045490615
https://openalex.org/W2048645457
https://openalex.org/W4231628537
https://openalex.org/W2027348738
https://openalex.org/W2146737317
https://openalex.org/W1688287071
https://openalex.org/W1825034885
https://openalex.org/W2006752828
https://openalex.org/W2038007813
https://openalex.org/W2070780256
https://openalex.org/W2090194645
https://openalex.org/W2128676020
https://openalex.org/W2187764808
https://openalex.org/W2407307287
https://openalex.org/W2060898939
https://openalex.org/W1587730897
https://openalex.org/W1999247372
https://openalex.org/W2099692006
https://openalex.org/W2130834351
https://openalex.org/W2138507106
https://openalex.org/W2153684008
https://openalex.org/W2589065862
https://openalex.org/W2618534887
https://openalex.org/W2741771873
https://openalex.org/W2758555849
https://openalex.org/W2789634113
https://openalex.org/W2789952207
https://openalex.org/W2790772841
https://openalex.org/W2803538921
https://openalex.org/W2804245684
https://openalex.org/W2892332419
https://openalex.org/W2901459685
https://openalex.org/W2902309613
https://openalex.org/W2912700732
https://openalex.org/W2913398561
https://openalex.org/W2961171836
https://openalex.org/W2980833843
https://openalex.org/W2982528556
https://openalex.org/W2989977123
https://openalex.org/W3009918653
https://openalex.org/W3087620848
https://openalex.org/W3092651638
https://openalex.org/W3097863560
https://openalex.org/W3112296427
https://openalex.org/W3115789205
https://openalex.org/W3115998298
https://openalex.org/W3120646210
https://openalex.org/W3127811850
https://openalex.org/W3141036743
https://openalex.org/W3144595889
https://openalex.org/W3156738322
https://openalex.org/W3157038911
https://openalex.org/W3167055044
https://openalex.org/W2065034486
https://openalex.org/W2140447527
https://openalex.org/W2317923357
https://openalex.org/W2415452331
https://openalex.org/W2530974584
https://openalex.org/W2593430624
https://openalex.org/W4256032424
https://openalex.org/W4322719089
https://openalex.org/W4361819946
https://openalex.org/W4362357065
https://openalex.org/W4362357079
https://openalex.org/W4362363103
https://openalex.org/W4386863836
https://openalex.org/W2025714411
https://openalex.org/W2060764467
https://openalex.org/W2108332629
https://openalex.org/W2123989409
https://openalex.org/W2400367614
https://openalex.org/W2415200199
https://openalex.org/W4233738114
https://openalex.org/W4247633920
https://openalex.org/W2002323249
https://openalex.org/W2050558678
https://openalex.org/W2137351410
https://openalex.org/W2206864922
https://openalex.org/W2270471801
https://openalex.org/W2461252660
https://openalex.org/W1536061791
https://openalex.org/W2181812536
https://openalex.org/W2081726487
https://openalex.org/W1988906554
https://openalex.org/W2017302586
https://openalex.org/W2033440487
https://openalex.org/W2040048592
https://openalex.org/W2132932316
https://openalex.org/W2062902714
https://openalex.org/W2185679501
https://openalex.org/W2425470905
https://openalex.org/W1592721251
https://openalex.org/W1773667540
https://openalex.org/W1967861698
https://openalex.org/W1969692587
https://openalex.org/W1973361084
https://openalex.org/W1974247975
https://openalex.org/W1982470418
https://openalex.org/W2014343143
https://openalex.org/W2022626092
https://openalex.org/W2023066817
https://openalex.org/W2050493432
https://openalex.org/W2054734386
https://openalex.org/W2084956585
https://openalex.org/W2100338513
https://openalex.org/W2104602819
https://openalex.org/W2111364306
https://openalex.org/W2127160368
https://openalex.org/W2137025168
https://openalex.org/W2144148357
https://openalex.org/W2153097420
https://openalex.org/W2188583233
https://openalex.org/W219501476
https://openalex.org/W2218232244
https://openalex.org/W2257877461
https://openalex.org/W2328112328
https://openalex.org/W2407878590
https://openalex.org/W2418713203
https://openalex.org/W2419268574
https://openalex.org/W2460093370
https://openalex.org/W2465990151
https://openalex.org/W2611060208
https://openalex.org/W2741004331
https://openalex.org/W3186444315
https://openalex.org/W3214786539
https://openalex.org/W3016854990
https://openalex.org/W4282943977
https://openalex.org/W4297964749
https://openalex.org/W4312204913
https://openalex.org/W4313827130
https://openalex.org/W4315884080
https://openalex.org/W4319870380
https://openalex.org/W4321996987
https://openalex.org/W4322604254
https://openalex.org/W4322719275
https://openalex.org/W4324017964
https://openalex.org/W4328015264
https://openalex.org/W4361820031
https://openalex.org/W4361820093
https://openalex.org/W4361820475
https://openalex.org/W4361823832
https://openalex.org/W4361824948
https://openalex.org/W4361878778
https://openalex.org/W4361878871
https://openalex.org/W4361891563
https://openalex.org/W4361891566
https://openalex.org/W4361891567
https://openalex.org/W4361891584
https://openalex.org/W4361891598
https://openalex.org/W4361891710
https://openalex.org/W4361891811
https://openalex.org/W4361891894
https://openalex.org/W4361940897
https://openalex.org/W4361941040
https://openalex.org/W4361941048
https://openalex.org/W4361941072
https://openalex.org/W4361941181
https://openalex.org/W4361941342
https://openalex.org/W4361948003
https://openalex.org/W4361954348
https://openalex.org/W4362151858
https://openalex.org/W4362155214
https://openalex.org/W4362424555
https://openalex.org/W4362424599
https://openalex.org/W4362446384
https://openalex.org/W4365504468
https://openalex.org/W4365798623
https://openalex.org/W4367047977
https://openalex.org/W4367599750
https://openalex.org/W4367600502
https://openalex.org/W4376270048
https://openalex.org/W4377094165
https://openalex.org/W4380029347
https://openalex.org/W4380758630
https://openalex.org/W4380876112
https://openalex.org/W4382776585
https://openalex.org/W4383066237
https://openalex.org/W4383268486
https://openalex.org/W4383711390
https://openalex.org/W4385547986
https://openalex.org/W4385614319
https://openalex.org/W4385798928
https://openalex.org/W4385806564
https://openalex.org/W4386317471
https://openalex.org/W4386317619
https://openalex.org/W4386600395
https://openalex.org/W4386780332
https://openalex.org/W4386883360
https://openalex.org/W4386996962
https://openalex.org/W4387007415
https://openalex.org/W4387045991
https://openalex.org/W4387440580
https://openalex.org/W4387592224
https://openalex.org/W4387773425
https://openalex.org/W4388224421
https://openalex.org/W4388565741
https://openalex.org/W4388565967
https://openalex.org/W4388565968
https://openalex.org/W4388565972
https://openalex.org/W4388566036
https://openalex.org/W4388566037
https://openalex.org/W4388566038
https://openalex.org/W4388566039
https://openalex.org/W4388566040
https://openalex.org/W4388566041
https://openalex.org/W4388566091
https://openalex.org/W4388566110
https://openalex.org/W4388566111
https://openalex.org/W4388566117
https://openalex.org/W4388566135
https://openalex.org/W4388566136
https://openalex.org/W4388566140
https://openalex.org/W4388566144
https://openalex.org/W4388566175
https://openalex.org/W4388566182
https://openalex.org/W4388566207
https://openalex.org/W4388566208
https://openalex.org/W4388566209
https://openalex.org/W4388566210
https://openalex.org/W4388566211
https://openalex.org/W4388566235
https://openalex.org/W4388566236
https://openalex.org/W4388566251
https://openalex.org/W4388566253
https://openalex.org/W4388566285
https://openalex.org/W4388566286
https://openalex.org/W4388566310
https://openalex.org/W4388566311
https://openalex.org/W4388566332
https://openalex.org/W4388566357
https://openalex.org/W4388566371
https://openalex.org/W4388566380
https://openalex.org/W4388566381
https://openalex.org/W4388566384
https://openalex.org/W4388566385
https://openalex.org/W4388566403
https://openalex.org/W4388566405
https://openalex.org/W4388566409
https://openalex.org/W4388566410
https://openalex.org/W4388566648
https://openalex.org/W4388575236
https://openalex.org/W4388575255
https://openalex.org/W4388575291
https://openalex.org/W4388575597
https://openalex.org/W4388575602
https://openalex.org/W4388825187
https://openalex.org/W4388836566
https://openalex.org/W4389230036
https://openalex.org/W4389482085
https://openalex.org/W4389483793
https://openalex.org/W4390053326
https://openalex.org/W4390440389
https://openalex.org/W4390440452
https://openalex.org/W4390440457
https://openalex.org/W4390449960
https://openalex.org/W4390474967
https://openalex.org/W4391259364
https://openalex.org/W4392063737
https://openalex.org/W4392685380
https://openalex.org/W4392723567
https://openalex.org/W4394076762
https://openalex.org/W181106437
https://openalex.org/W1983913029
https://openalex.org/W3023125040
https://openalex.org/W4247090484
https://openalex.org/W2025816161
https://openalex.org/W2415743904
https://openalex.org/W134056924
https://openalex.org/W1991732904
https://openalex.org/W2067281699
https://openalex.org/W2079449281
https://openalex.org/W2138857067
https://openalex.org/W2171791258
https://openalex.org/W2329063738
https://openalex.org/W2332575656
https://openalex.org/W2739001714
https://openalex.org/W1999176449
https://openalex.org/W2184415744
https://openalex.org/W2403182373
https://openalex.org/W4242439128
https://openalex.org/W2125346424
https://openalex.org/W2086825205
https://openalex.org/W2727131852
https://openalex.org/W2743170112
https://openalex.org/W2751105388
https://openalex.org/W2753080288
https://openalex.org/W3036482659
https://openalex.org/W3090407943
https://openalex.org/W1955372584
https://openalex.org/W2070703256
https://openalex.org/W2470765396
https://openalex.org/W2480285008
https://openalex.org/W1990890166
https://openalex.org/W1995975018
https://openalex.org/W2012264143
https://openalex.org/W2071624750
https://openalex.org/W2326810890
https://openalex.org/W2410326673
https://openalex.org/W1916487316
https://openalex.org/W1985679277
https://openalex.org/W2048934345
https://openalex.org/W2184513967
https://openalex.org/W2258757614
https://openalex.org/W623341177
https://openalex.org/W1865828600
https://openalex.org/W1991624899
https://openalex.org/W1998312821
https://openalex.org/W2002411571
https://openalex.org/W2009230553
https://openalex.org/W2039555838
https://openalex.org/W2067395517
https://openalex.org/W2074761814
https://openalex.org/W2080414991
https://openalex.org/W2084140662
https://openalex.org/W2414896105
https://openalex.org/W2423089533
https://openalex.org/W2466913188
https://openalex.org/W2781999358
https://openalex.org/W2784317593
https://openalex.org/W2787681653
https://openalex.org/W2790758939
https://openalex.org/W2802052006
https://openalex.org/W2808660200
https://openalex.org/W2886848996
https://openalex.org/W2890589970
https://openalex.org/W2892061856
https://openalex.org/W2901424494
https://openalex.org/W2913590141
https://openalex.org/W2924455735
https://openalex.org/W2970124285
https://openalex.org/W2973217375
https://openalex.org/W2992732395
https://openalex.org/W2997319294
https://openalex.org/W3009573483
https://openalex.org/W3023349858
https://openalex.org/W3029748054
https://openalex.org/W3046335516
https://openalex.org/W3062689116
https://openalex.org/W3081941882
https://openalex.org/W3121182379
https://openalex.org/W3122110143
https://openalex.org/W3127716025
https://openalex.org/W3130245379
https://openalex.org/W3156446243
https://openalex.org/W3162422088
https://openalex.org/W3194201848
https://openalex.org/W3207125546
https://openalex.org/W4200593716
https://openalex.org/W4249195940
https://openalex.org/W4253808187
https://openalex.org/W190039720
https://openalex.org/W2292682479
https://openalex.org/W2345519377
https://openalex.org/W2409705745
https://openalex.org/W2590277747
https://openalex.org/W4229331963
https://openalex.org/W4283834690
https://openalex.org/W4289598165
https://openalex.org/W4293246563
https://openalex.org/W4296175817
https://openalex.org/W4298009349
https://openalex.org/W4298150097
https://openalex.org/W4306969559
https://openalex.org/W4307555842
https://openalex.org/W4308038012
https://openalex.org/W4308045184
https://openalex.org/W1982185342
https://openalex.org/W2037461495
https://openalex.org/W2076457847
https://openalex.org/W2079023898
https://openalex.org/W2095178300
https://openalex.org/W2108330054
https://openalex.org/W2184622780
https://openalex.org/W2321890334
https://openalex.org/W2340323137
https://openalex.org/W4299837230
https://openalex.org/W1606323222
https://openalex.org/W2074704502
https://openalex.org/W2173401019
https://openalex.org/W2176375256
https://openalex.org/W2187764138
https://openalex.org/W2324125649
https://openalex.org/W2416875079
https://openalex.org/W263575245
https://openalex.org/W2181825316
https://openalex.org/W2038713855
https://openalex.org/W2402896308
https://openalex.org/W2417845001
https://openalex.org/W1521676613
https://openalex.org/W1672466730
https://openalex.org/W1783471006
https://openalex.org/W1893961082
https://openalex.org/W1914499979
https://openalex.org/W1986913047
https://openalex.org/W2030892983
https://openalex.org/W2044833709
https://openalex.org/W2058297811
https://openalex.org/W2080405158
https://openalex.org/W2084942457
https://openalex.org/W2095617359
https://openalex.org/W2111604209
https://openalex.org/W2277722343
https://openalex.org/W2324940355
https://openalex.org/W2327019320
https://openalex.org/W2327738226
https://openalex.org/W2338768530
https://openalex.org/W2340806306
https://openalex.org/W2436657968
https://openalex.org/W2490962164
https://openalex.org/W2508748742
https://openalex.org/W2560365865
https://openalex.org/W2895727587
https://openalex.org/W2979272210
https://openalex.org/W4220673990
https://openalex.org/W4251769726
https://openalex.org/W846146824
https://openalex.org/W1533954408
https://openalex.org/W1988041725
https://openalex.org/W2333579133
https://openalex.org/W2012164908
https://openalex.org/W2018537426
https://openalex.org/W2032045493
https://openalex.org/W2078821008
https://openalex.org/W2162189580
https://openalex.org/W2403848851
https://openalex.org/W2430325151
https://openalex.org/W3112343271
https://openalex.org/W2029988627
https://openalex.org/W2032781487
https://openalex.org/W2037144179
https://openalex.org/W2059802966
https://openalex.org/W2089292995
https://openalex.org/W2187203020
https://openalex.org/W2473294579
https://openalex.org/W1510223957
https://openalex.org/W2008983166
https://openalex.org/W2019352174
https://openalex.org/W2023422884
https://openalex.org/W2023730380
https://openalex.org/W2025694595
https://openalex.org/W2033341753
https://openalex.org/W2065059098
https://openalex.org/W2090516394
https://openalex.org/W2115105322
https://openalex.org/W2135259482
https://openalex.org/W2185215539
https://openalex.org/W2225613018
https://openalex.org/W2319208649
https://openalex.org/W2328157162
https://openalex.org/W2331477886
https://openalex.org/W2334013439
https://openalex.org/W2407269766
https://openalex.org/W2409636572
https://openalex.org/W2414545157
https://openalex.org/W2469025859
https://openalex.org/W2556315272
https://openalex.org/W2595494948
https://openalex.org/W2756477004
https://openalex.org/W2756505943
https://openalex.org/W2808960407
https://openalex.org/W3131841174
https://openalex.org/W4254193129
https://openalex.org/W4299983292
https://openalex.org/W1150419415
https://openalex.org/W1973065422
https://openalex.org/W2033417666
https://openalex.org/W2075736100
https://openalex.org/W2082718323
https://openalex.org/W2091342495
https://openalex.org/W2217521078
https://openalex.org/W2278993847
https://openalex.org/W1992673068
https://openalex.org/W2023691797
https://openalex.org/W2025308614
https://openalex.org/W2056156391
https://openalex.org/W2059965599
https://openalex.org/W2079402612
https://openalex.org/W2088592583
https://openalex.org/W2744193950
https://openalex.org/W2052545912
https://openalex.org/W2324000254
https://openalex.org/W2404201430
https://openalex.org/W3021649062
https://openalex.org/W196864769
https://openalex.org/W2017572972
https://openalex.org/W2035247353
https://openalex.org/W2041005757
https://openalex.org/W2066595468
https://openalex.org/W2084829596
https://openalex.org/W2106414215
https://openalex.org/W2123267994
https://openalex.org/W2146447879
https://openalex.org/W2309502615
https://openalex.org/W2312139971
https://openalex.org/W2411215941
https://openalex.org/W2464555938
https://openalex.org/W2516929405
https://openalex.org/W2591630640
https://openalex.org/W2593886076
https://openalex.org/W2788453278
https://openalex.org/W2795551236
https://openalex.org/W2809691330
https://openalex.org/W2811511810
https://openalex.org/W2889527044
https://openalex.org/W2892763242
https://openalex.org/W2900600425
https://openalex.org/W3126040812
https://openalex.org/W4206787361
https://openalex.org/W2162217439
https://openalex.org/W2494160442
https://openalex.org/W2605767760
https://openalex.org/W150345440
https://openalex.org/W1967857857
https://openalex.org/W2067044439
https://openalex.org/W2418785821
https://openalex.org/W1987239614
https://openalex.org/W2016905599
https://openalex.org/W2072465536
https://openalex.org/W2161329829
https://openalex.org/W2419649285
https://openalex.org/W1994857340
https://openalex.org/W2151763257
https://openalex.org/W2435322570
https://openalex.org/W2021674222
https://openalex.org/W2181379740
https://openalex.org/W2185577272
https://openalex.org/W2405308369
https://openalex.org/W2411816794
https://openalex.org/W2414387837
https://openalex.org/W2585692033
https://openalex.org/W2945745700
https://openalex.org/W2946177414
https://openalex.org/W2964747854
https://openalex.org/W2980540933
https://openalex.org/W2996302699
https://openalex.org/W2996480697
https://openalex.org/W3000455413
https://openalex.org/W3000553538
https://openalex.org/W3021816616
https://openalex.org/W3029722012
https://openalex.org/W3033111541
https://openalex.org/W3040706493
https://openalex.org/W3043196402
https://openalex.org/W3044200606
https://openalex.org/W3097196976
https://openalex.org/W3108125581
https://openalex.org/W3111392737
https://openalex.org/W4206912673
https://openalex.org/W4235191265
https://openalex.org/W4248773809
https://openalex.org/W4254165440
https://openalex.org/W4288021813
https://openalex.org/W567345376
https://openalex.org/W137676307
https://openalex.org/W1551471066
https://openalex.org/W158359617
https://openalex.org/W1998203349
https://openalex.org/W2004226788
https://openalex.org/W2060399584
https://openalex.org/W2095188949
https://openalex.org/W222672833
https://openalex.org/W2241598144
https://openalex.org/W2326411370
https://openalex.org/W2335741986
https://openalex.org/W2395710338
https://openalex.org/W2414529633
https://openalex.org/W2500012981
https://openalex.org/W2916635305
https://openalex.org/W294345179
https://openalex.org/W1802064772
https://openalex.org/W2036334537
https://openalex.org/W2054524616
https://openalex.org/W2055484882
https://openalex.org/W2155266359
https://openalex.org/W2181927407
https://openalex.org/W2182555591
https://openalex.org/W2331032761
https://openalex.org/W2507278247
https://openalex.org/W3141978233
https://openalex.org/W4256104714
https://openalex.org/W4300764086
https://openalex.org/W1992781783
https://openalex.org/W2078969940
https://openalex.org/W2165044496
https://openalex.org/W2398599235
https://openalex.org/W2402639048
https://openalex.org/W3093954099
https://openalex.org/W3118289452
https://openalex.org/W3155708180
https://openalex.org/W3164149280
https://openalex.org/W3184037398
https://openalex.org/W3188010645
https://openalex.org/W3196031703
https://openalex.org/W3196128849
https://openalex.org/W3198325636
https://openalex.org/W3200873794
https://openalex.org/W3205353497
https://openalex.org/W3214714384
https://openalex.org/W4200166879
https://openalex.org/W4207050901
https://openalex.org/W2134963681
https://openalex.org/W143199900
https://openalex.org/W182040454
https://openalex.org/W2017101359
https://openalex.org/W2028829197
https://openalex.org/W2149482441
https://openalex.org/W2288186218
https://openalex.org/W2324565530
https://openalex.org/W2405172330
https://openalex.org/W1963945731
https://openalex.org/W1972622590
https://openalex.org/W2058258506
https://openalex.org/W2089657944
https://openalex.org/W2325645269
https://openalex.org/W2327413587
https://openalex.org/W2409845380
https://openalex.org/W1970224236
https://openalex.org/W2056009775
https://openalex.org/W2056625595
https://openalex.org/W2134789707
https://openalex.org/W2148077183
https://openalex.org/W2152613834
https://openalex.org/W2153155113
https://openalex.org/W2331092731
https://openalex.org/W2399019621
https://openalex.org/W2405130368
https://openalex.org/W2462268884
https://openalex.org/W2802292318
https://openalex.org/W3141353764
https://openalex.org/W2411109216
https://openalex.org/W2416847277
https://openalex.org/W2420863472
https://openalex.org/W435777128
https://openalex.org/W1580454009
https://openalex.org/W1975207913
https://openalex.org/W1977151134
https://openalex.org/W2031049791
https://openalex.org/W2065040589
https://openalex.org/W2421168789
https://openalex.org/W2426947736
https://openalex.org/W2474810773
https://openalex.org/W2508384214
https://openalex.org/W3199515493
https://openalex.org/W2088649458
https://openalex.org/W1505723395
https://openalex.org/W1518179531
https://openalex.org/W1526974076
https://openalex.org/W1589207397
https://openalex.org/W1790911049
https://openalex.org/W1969134351
https://openalex.org/W1980518089
https://openalex.org/W1996276182
https://openalex.org/W2001744369
https://openalex.org/W2018510344
https://openalex.org/W2035619557
https://openalex.org/W2038331283
https://openalex.org/W2044134104
https://openalex.org/W2051569162
https://openalex.org/W2064913339
https://openalex.org/W2087198047
https://openalex.org/W2121872245
https://openalex.org/W2211533263
https://openalex.org/W2211543040
https://openalex.org/W2229835077
https://openalex.org/W2253888172
https://openalex.org/W2255037803
https://openalex.org/W2276303035
https://openalex.org/W2280634110
https://openalex.org/W2303170870
https://openalex.org/W2317240956
https://openalex.org/W2317773244
https://openalex.org/W2328384002
https://openalex.org/W2328895369
https://openalex.org/W2334316852
https://openalex.org/W2345165546
https://openalex.org/W2354141570
https://openalex.org/W2354725214
https://openalex.org/W2371929736
https://openalex.org/W2397940122
https://openalex.org/W2404524051
https://openalex.org/W2408268350
https://openalex.org/W2412317530
https://openalex.org/W2413674762
https://openalex.org/W2414476920
https://openalex.org/W2415517014
https://openalex.org/W2415956220
https://openalex.org/W2416433188
https://openalex.org/W2416603728
https://openalex.org/W2417336271
https://openalex.org/W2468475806
https://openalex.org/W2473011672
https://openalex.org/W2484570087
https://openalex.org/W2495481324
https://openalex.org/W2498392485
https://openalex.org/W2502010610
https://openalex.org/W2503171784
https://openalex.org/W2507410626
https://openalex.org/W2509858029
https://openalex.org/W2510968518
https://openalex.org/W2513214995
https://openalex.org/W2513569981
https://openalex.org/W2530303053
https://openalex.org/W2530796033
https://openalex.org/W2533959314
https://openalex.org/W2534199953
https://openalex.org/W2536466497
https://openalex.org/W2543361601
https://openalex.org/W2550478223
https://openalex.org/W2553629383
https://openalex.org/W2559008405
https://openalex.org/W2559867797
https://openalex.org/W2560922157
https://openalex.org/W2563354937
https://openalex.org/W2565140134
https://openalex.org/W2566915885
https://openalex.org/W2569144568
https://openalex.org/W2588976713
https://openalex.org/W2589021409
https://openalex.org/W2597986713
https://openalex.org/W2599587068
https://openalex.org/W2603049330
https://openalex.org/W2604865634
https://openalex.org/W2618732610
https://openalex.org/W2742639336
https://openalex.org/W2744050892
https://openalex.org/W2745058883
https://openalex.org/W2751258826
https://openalex.org/W2751464080
https://openalex.org/W2752594457
https://openalex.org/W2752783056
https://openalex.org/W2793485931
https://openalex.org/W2795456949
https://openalex.org/W2902069823
https://openalex.org/W2902156073
https://openalex.org/W2916572026
https://openalex.org/W2945631671
https://openalex.org/W2967238156
https://openalex.org/W2979714620
https://openalex.org/W3035879221
https://openalex.org/W3089301456
https://openalex.org/W3131144357
https://openalex.org/W3202803773
https://openalex.org/W351174781
https://openalex.org/W39686286
https://openalex.org/W415775430
https://openalex.org/W4232313069
https://openalex.org/W4240277662
https://openalex.org/W4241345510
https://openalex.org/W4247742761
https://openalex.org/W45291635
https://openalex.org/W648253963
https://openalex.org/W68552133
https://openalex.org/W819845356
https://openalex.org/W942462434
https://openalex.org/W100812156
https://openalex.org/W1649228530
https://openalex.org/W2071220220
https://openalex.org/W2091942819
https://openalex.org/W2293057880
https://openalex.org/W2416709879
https://openalex.org/W25977909
https://openalex.org/W2917159307
https://openalex.org/W93951072
https://openalex.org/W2398253714
https://openalex.org/W2462524300
https://openalex.org/W2473658447
https://openalex.org/W4240848096
https://openalex.org/W1039342041
https://openalex.org/W1166026512
https://openalex.org/W1167407474
https://openalex.org/W1172520412
https://openalex.org/W1488043473
https://openalex.org/W1628825548
https://openalex.org/W1704468571
https://openalex.org/W1752668520
https://openalex.org/W1754161644
https://openalex.org/W1863841903
https://openalex.org/W1981066015
https://openalex.org/W1983454690
https://openalex.org/W1990331492
https://openalex.org/W1997130762
https://openalex.org/W2005494958
https://openalex.org/W2005650671
https://openalex.org/W2006269579
https://openalex.org/W2013140044
https://openalex.org/W2017922070
https://openalex.org/W2019217481
https://openalex.org/W2020876565
https://openalex.org/W2026372864
https://openalex.org/W2027365207
https://openalex.org/W2033381704
https://openalex.org/W2035171772
https://openalex.org/W2039600688
https://openalex.org/W2040737330
https://openalex.org/W2055170828
https://openalex.org/W2057964909
https://openalex.org/W2062013042
https://openalex.org/W2072897646
https://openalex.org/W2075971601
https://openalex.org/W2080161652
https://openalex.org/W2080454742
https://openalex.org/W2090986612
https://openalex.org/W2095644470
https://openalex.org/W2105081352
https://openalex.org/W2107790275
https://openalex.org/W2126919241
https://openalex.org/W2145312521
https://openalex.org/W2148984900
https://openalex.org/W2166493838
https://openalex.org/W2187026626
https://openalex.org/W2202870946
https://openalex.org/W2234237633
https://openalex.org/W2236212214
https://openalex.org/W2238033465
https://openalex.org/W2250370538
https://openalex.org/W2309839465
https://openalex.org/W2312193258
https://openalex.org/W2315533164
https://openalex.org/W2316441899
https://openalex.org/W2323485046
https://openalex.org/W2323873997
https://openalex.org/W2326935960
https://openalex.org/W2334617233
https://openalex.org/W2341609195
https://openalex.org/W2401472083
https://openalex.org/W2403524857
https://openalex.org/W2406358672
https://openalex.org/W2406785628
https://openalex.org/W2414176452
https://openalex.org/W2415440523
https://openalex.org/W2421860255
https://openalex.org/W2466541034
https://openalex.org/W2473547621
https://openalex.org/W2519250985
https://openalex.org/W2526309641
https://openalex.org/W2560179342
https://openalex.org/W2560981598
https://openalex.org/W2608021177
https://openalex.org/W2614118488
https://openalex.org/W2616196937
https://openalex.org/W2726687262
https://openalex.org/W2727779535
https://openalex.org/W2902483385
https://openalex.org/W2977625767
https://openalex.org/W2991715173
https://openalex.org/W2992586096
https://openalex.org/W2992645424
https://openalex.org/W3161314986
https://openalex.org/W3173217145
https://openalex.org/W3181746047
https://openalex.org/W3186674580
https://openalex.org/W3202112651
https://openalex.org/W397817215
https://openalex.org/W4229501302
https://openalex.org/W4230346778
https://openalex.org/W4242242267
https://openalex.org/W4242420162
https://openalex.org/W4290087792
https://openalex.org/W4298401589
https://openalex.org/W4299899543
https://openalex.org/W4310744606
https://openalex.org/W43342530
https://openalex.org/W4390309361
https://openalex.org/W4394776902
https://openalex.org/W4394777036
https://openalex.org/W591163323
https://openalex.org/W766394754
https://openalex.org/W788818347
https://openalex.org/W790580003
https://openalex.org/W879284704
https://openalex.org/W991589075
https://openalex.org/W1975416408
https://openalex.org/W1992678518
https://openalex.org/W2037188024
https://openalex.org/W2403666745
https://openalex.org/W1554065282
https://openalex.org/W1605163179
https://openalex.org/W1942079179
https://openalex.org/W1967325407
https://openalex.org/W2000728882
https://openalex.org/W2002783177
https://openalex.org/W2061109859
https://openalex.org/W2183522650
https://openalex.org/W2314763097
https://openalex.org/W2318570255
https://openalex.org/W2322009495
https://openalex.org/W2329876299
https://openalex.org/W2396822161
https://openalex.org/W2413161048
https://openalex.org/W2897442366
https://openalex.org/W943035349
https://openalex.org/W1005192142
https://openalex.org/W1017988361
https://openalex.org/W1150179570
https://openalex.org/W1494601740
https://openalex.org/W1539139914
https://openalex.org/W1601242402
https://openalex.org/W1967984979
https://openalex.org/W1968298956
https://openalex.org/W1993793518
https://openalex.org/W1994159815
https://openalex.org/W2014037129
https://openalex.org/W2018330103
https://openalex.org/W2128679985
https://openalex.org/W2140618221
https://openalex.org/W2166263052
https://openalex.org/W2205631825
https://openalex.org/W2305615163
https://openalex.org/W2316876281
https://openalex.org/W2320901726
https://openalex.org/W2340162504
https://openalex.org/W2346735209
https://openalex.org/W2409077908
https://openalex.org/W2443287582
https://openalex.org/W2462749189
https://openalex.org/W2524376930
https://openalex.org/W2542672782
https://openalex.org/W2570435212
https://openalex.org/W2576849827
https://openalex.org/W2591970809
https://openalex.org/W2591975619
https://openalex.org/W2597238653
https://openalex.org/W2602220377
https://openalex.org/W2605842693
https://openalex.org/W2606931204
https://openalex.org/W2619148405
https://openalex.org/W2622560399
https://openalex.org/W2622591468
https://openalex.org/W2626329430
https://openalex.org/W2733668608
https://openalex.org/W2739869175
https://openalex.org/W2749329384
https://openalex.org/W2749877836
https://openalex.org/W2754527544
https://openalex.org/W2757227108
https://openalex.org/W2759241869
https://openalex.org/W2759660687
https://openalex.org/W2765969174
https://openalex.org/W2782486875
https://openalex.org/W2787734519
https://openalex.org/W2791857929
https://openalex.org/W2794566610
https://openalex.org/W2794741175
https://openalex.org/W2810112566
https://openalex.org/W2811066794
https://openalex.org/W2897912996
https://openalex.org/W2899937934
https://openalex.org/W2955974983
https://openalex.org/W2969737443
https://openalex.org/W2981741711
https://openalex.org/W2983213140
https://openalex.org/W3126102370
https://openalex.org/W3164365591
https://openalex.org/W3208188153
https://openalex.org/W3211285980
https://openalex.org/W4229748421
https://openalex.org/W4236400654
https://openalex.org/W4242066266
https://openalex.org/W4245828278
https://openalex.org/W4292676387
https://openalex.org/W4293305251
https://openalex.org/W4294200200
https://openalex.org/W998917854
https://openalex.org/W999368716
https://openalex.org/W2016668290
https://openalex.org/W2019117689
https://openalex.org/W2035987201
https://openalex.org/W2315902794
https://openalex.org/W2329073302
https://openalex.org/W2412399790
https://openalex.org/W2412407744
https://openalex.org/W2423711601
https://openalex.org/W4250313444
https://openalex.org/W4251378471
https://openalex.org/W146536241
https://openalex.org/W1502831645
https://openalex.org/W1526812394
https://openalex.org/W15320315
https://openalex.org/W1534711966
https://openalex.org/W1649258975
https://openalex.org/W1981258570
https://openalex.org/W1985243569
https://openalex.org/W1987781034
https://openalex.org/W1996764692
https://openalex.org/W1997251208
https://openalex.org/W1999964324
https://openalex.org/W2004696835
https://openalex.org/W2005776071
https://openalex.org/W2006143848
https://openalex.org/W2038778043
https://openalex.org/W2040744251
https://openalex.org/W2057559635
https://openalex.org/W2061150548
https://openalex.org/W2064718838
https://openalex.org/W2071833665
https://openalex.org/W2075681979
https://openalex.org/W2080150203
https://openalex.org/W2093196945
https://openalex.org/W2105582707
https://openalex.org/W2111139493
https://openalex.org/W2113031214
https://openalex.org/W2113785165
https://openalex.org/W2116262016
https://openalex.org/W2125817262
https://openalex.org/W2144491452
https://openalex.org/W2145800706
https://openalex.org/W2146215510
https://openalex.org/W2154625176
https://openalex.org/W2183331128
https://openalex.org/W2187923393
https://openalex.org/W2242324035
https://openalex.org/W2289140993
https://openalex.org/W2410997676
https://openalex.org/W2422407495
https://openalex.org/W2553606761
https://openalex.org/W2579723066
https://openalex.org/W2641374258
https://openalex.org/W2754152673
https://openalex.org/W2941120391
https://openalex.org/W2991672432
https://openalex.org/W2992189592
https://openalex.org/W3004605728
https://openalex.org/W3038195985
https://openalex.org/W3175488316
https://openalex.org/W3181494478
https://openalex.org/W4206108263
https://openalex.org/W4206349346
https://openalex.org/W4206784926
https://openalex.org/W4223607767
https://openalex.org/W4225541598
https://openalex.org/W4226189220
https://openalex.org/W4229067846
https://openalex.org/W4235175000
https://openalex.org/W4280510354
https://openalex.org/W4280536048
https://openalex.org/W4281872549
https://openalex.org/W4283009722
https://openalex.org/W4283397347
https://openalex.org/W4283592658
https://openalex.org/W4283835447
https://openalex.org/W4285495644
https://openalex.org/W4293100289
https://openalex.org/W4293179124
https://openalex.org/W4297216162
https://openalex.org/W4297216228
https://openalex.org/W4297216267
https://openalex.org/W4297216321
https://openalex.org/W4303629474
https://openalex.org/W4304479202
https://openalex.org/W4306662883
https://openalex.org/W4307217181
https://openalex.org/W4308954131
https://openalex.org/W4311195982
https://openalex.org/W4311472163
https://openalex.org/W4312134846
https://openalex.org/W4312960268
https://openalex.org/W4313194893
https://openalex.org/W4313344424
https://openalex.org/W4381946600
https://openalex.org/W4387324189
https://openalex.org/W4394265958
https://openalex.org/W4394428842
https://openalex.org/W4394491237
https://openalex.org/W66526287
https://openalex.org/W895848369
https://openalex.org/W902017957
https://openalex.org/W964745479
https://openalex.org/W970918047
https://openalex.org/W984437677
https://openalex.org/W133852329
https://openalex.org/W1974496340
https://openalex.org/W2017259029
https://openalex.org/W2032672897
https://openalex.org/W2039815324
https://openalex.org/W2049622466
https://openalex.org/W2058039564
https://openalex.org/W2079032730
https://openalex.org/W2417278450
https://openalex.org/W3003879958
https://openalex.org/W4211066990
https://openalex.org/W4244205772
https://openalex.org/W4387499936
https://openalex.org/W4387499960
https://openalex.org/W1165548771
https://openalex.org/W154140336
https://openalex.org/W1561443961
https://openalex.org/W1977228725
https://openalex.org/W1988611514
https://openalex.org/W2004280782
https://openalex.org/W2017408598
https://openalex.org/W2022811843
https://openalex.org/W2131121537
https://openalex.org/W2182656450
https://openalex.org/W2183009875
https://openalex.org/W2186269020
https://openalex.org/W2187536709
https://openalex.org/W2187578239
https://openalex.org/W2187588446
https://openalex.org/W2188391019
https://openalex.org/W2262330857
https://openalex.org/W2303565330
https://openalex.org/W2407226509
https://openalex.org/W2408895788
https://openalex.org/W2465179022
https://openalex.org/W2469062246
https://openalex.org/W2587776759
https://openalex.org/W2588137197
https://openalex.org/W2593693906
https://openalex.org/W2594304423
https://openalex.org/W2594334914
https://openalex.org/W2779212350
https://openalex.org/W2782791788
https://openalex.org/W2793692905
https://openalex.org/W2799292183
https://openalex.org/W2803028563
https://openalex.org/W2810602008
https://openalex.org/W2885470314
https://openalex.org/W2885648105
https://openalex.org/W2889739425
https://openalex.org/W2890076455
https://openalex.org/W2890165448
https://openalex.org/W2890214855
https://openalex.org/W2890638242
https://openalex.org/W2891752812
https://openalex.org/W2893621495
https://openalex.org/W2897940253
https://openalex.org/W2898562218
https://openalex.org/W2899219613
https://openalex.org/W2901357731
https://openalex.org/W2901415484
https://openalex.org/W2901615695
https://openalex.org/W2911894054
https://openalex.org/W2912367216
https://openalex.org/W2913493234
https://openalex.org/W2944630116
https://openalex.org/W2944789903
https://openalex.org/W2946576077
https://openalex.org/W2948162584
https://openalex.org/W2951462473
https://openalex.org/W2955902566
https://openalex.org/W2955935676
https://openalex.org/W2967247569
https://openalex.org/W2968121438
https://openalex.org/W2973714551
https://openalex.org/W2975761047
https://openalex.org/W2977569238
https://openalex.org/W2977979049
https://openalex.org/W2982655816
https://openalex.org/W29838023
https://openalex.org/W2985210318
https://openalex.org/W2993016473
https://openalex.org/W2994187029
https://openalex.org/W2998389743
https://openalex.org/W3000004892
https://openalex.org/W3001062721
https://openalex.org/W3004661448
https://openalex.org/W3008126160
https://openalex.org/W3009066405
https://openalex.org/W3009659974
https://openalex.org/W3011799322
https://openalex.org/W3013325623
https://openalex.org/W3024469063
https://openalex.org/W3025431207
https://openalex.org/W3028643410
https://openalex.org/W3029442703
https://openalex.org/W3033599368
https://openalex.org/W3034763058
https://openalex.org/W3040566157
https://openalex.org/W3041840564
https://openalex.org/W3041860992
https://openalex.org/W3042310698
https://openalex.org/W3049505909
https://openalex.org/W3085579692
https://openalex.org/W3092352744
https://openalex.org/W3102804961
https://openalex.org/W3111976742
https://openalex.org/W3156779077
https://openalex.org/W3160345939
https://openalex.org/W3162324599
https://openalex.org/W3162360983
https://openalex.org/W3165832695
https://openalex.org/W3173630454
https://openalex.org/W3174001781
https://openalex.org/W3177240805
https://openalex.org/W3193036510
https://openalex.org/W4210544538
https://openalex.org/W4210546969
https://openalex.org/W4236733100
https://openalex.org/W4241559164
https://openalex.org/W4242804830
https://openalex.org/W4243576063
https://openalex.org/W4244792533
https://openalex.org/W4247499893
https://openalex.org/W4255900738
https://openalex.org/W4301363671
https://openalex.org/W4366001438
https://openalex.org/W4394209532
https://openalex.org/W969816055
https://openalex.org/W97654158
https://openalex.org/W124739104
https://openalex.org/W1986644717
https://openalex.org/W2017639912
https://openalex.org/W2019324172
https://openalex.org/W2020104426
https://openalex.org/W2030180872
https://openalex.org/W2046233445
https://openalex.org/W2084930187
https://openalex.org/W2255195577
https://openalex.org/W2273808397
https://openalex.org/W2299125136
https://openalex.org/W2322928633
https://openalex.org/W2414017563
https://openalex.org/W2414114981
https://openalex.org/W2423221520
https://openalex.org/W2428802244
https://openalex.org/W2468307018
https://openalex.org/W2613030299
https://openalex.org/W3099831987
https://openalex.org/W3197127578
https://openalex.org/W4236689153
https://openalex.org/W1569424674
https://openalex.org/W1968772018
https://openalex.org/W1988233608
https://openalex.org/W2026599471
https://openalex.org/W2033202735
https://openalex.org/W2045048751
https://openalex.org/W2072921901
https://openalex.org/W2079114024
https://openalex.org/W2079795636
https://openalex.org/W2085730183
https://openalex.org/W2105014767
https://openalex.org/W2108624169
https://openalex.org/W2122206637
https://openalex.org/W2134566341
https://openalex.org/W2165711375
https://openalex.org/W2182218905
https://openalex.org/W2184959408
https://openalex.org/W2185302149
https://openalex.org/W2185310936
https://openalex.org/W2186605883
https://openalex.org/W2310983497
https://openalex.org/W2334833669
https://openalex.org/W2395109025
https://openalex.org/W2409619854
https://openalex.org/W2480692661
https://openalex.org/W2529231459
https://openalex.org/W2595109879
https://openalex.org/W2922209160
https://openalex.org/W2996980516
https://openalex.org/W3001085251
https://openalex.org/W3001950590
https://openalex.org/W3008443330
https://openalex.org/W3012074680
https://openalex.org/W3013658560
https://openalex.org/W3020329157
https://openalex.org/W3023478738
https://openalex.org/W3023712727
https://openalex.org/W3026524443
https://openalex.org/W3027053371
https://openalex.org/W3027492376
https://openalex.org/W3028358214
https://openalex.org/W3032275112
https://openalex.org/W3033632875
https://openalex.org/W3034498584
https://openalex.org/W3034588286
https://openalex.org/W3036711996
https://openalex.org/W3041155384
https://openalex.org/W3047130280
https://openalex.org/W3081606294
https://openalex.org/W3081882983
https://openalex.org/W3083750000
https://openalex.org/W3094515788
https://openalex.org/W3095814955
https://openalex.org/W3108142662
https://openalex.org/W3108635199
https://openalex.org/W3111028745
https://openalex.org/W3111963095
https://openalex.org/W3112458038
https://openalex.org/W3113678780
https://openalex.org/W3117900380
https://openalex.org/W3129830648
https://openalex.org/W3139149643
https://openalex.org/W3151751044
https://openalex.org/W3172975042
https://openalex.org/W3176161986
https://openalex.org/W3177190580
https://openalex.org/W318925776
https://openalex.org/W3195688339
https://openalex.org/W3196834697
https://openalex.org/W3208108825
https://openalex.org/W3213254555
https://openalex.org/W4211201148
https://openalex.org/W4213197710
https://openalex.org/W4231997992
https://openalex.org/W4234085306
https://openalex.org/W4239741585
https://openalex.org/W4239786189
https://openalex.org/W4245153202
https://openalex.org/W4245883705
https://openalex.org/W4246081718
https://openalex.org/W4246692939
https://openalex.org/W4246787840
https://openalex.org/W4248926320
https://openalex.org/W4250356213
https://openalex.org/W4255148717
https://openalex.org/W4300545858
https://openalex.org/W4394377464
https://openalex.org/W4394498649
https://openalex.org/W1982818380
https://openalex.org/W2042123224
https://openalex.org/W1509213287
https://openalex.org/W2003712070
https://openalex.org/W2052710115
https://openalex.org/W2109560071
https://openalex.org/W2149735228
https://openalex.org/W2181795002
https://openalex.org/W2187619122
https://openalex.org/W2410774244
https://openalex.org/W241273526
https://openalex.org/W2460488981
https://openalex.org/W2613011987
https://openalex.org/W265301110
https://openalex.org/W3120552835
https://openalex.org/W377892588
https://openalex.org/W4235777922
https://openalex.org/W4247866180
https://openalex.org/W157087639
https://openalex.org/W1963661507
https://openalex.org/W1964859194
https://openalex.org/W2122576161
https://openalex.org/W2249753639
https://openalex.org/W2328484652
https://openalex.org/W2412361033
https://openalex.org/W2567024064
https://openalex.org/W2911279751
https://openalex.org/W3021831111
https://openalex.org/W3082842144
https://openalex.org/W3119764579
https://openalex.org/W3126605998
https://openalex.org/W3154857033
https://openalex.org/W3164817284
https://openalex.org/W3166487686
https://openalex.org/W3191943407
https://openalex.org/W3193690524
https://openalex.org/W3196304389
https://openalex.org/W3197406503
https://openalex.org/W3199238677
https://openalex.org/W3199297996
https://openalex.org/W3199717097
https://openalex.org/W3200784895
https://openalex.org/W3202357424
https://openalex.org/W3202511013
https://openalex.org/W3204912834
https://openalex.org/W3205004934
https://openalex.org/W3205099653
https://openalex.org/W3205323185
https://openalex.org/W3206323786
https://openalex.org/W3206713779
https://openalex.org/W3206985431
https://openalex.org/W3207466010
https://openalex.org/W3207774096
https://openalex.org/W3211611323
https://openalex.org/W3212810657
https://openalex.org/W3217577078
https://openalex.org/W4200271663
https://openalex.org/W4200389585
https://openalex.org/W4205398452
https://openalex.org/W4210478382
https://openalex.org/W4211157335
https://openalex.org/W4235141455
https://openalex.org/W4239612565
https://openalex.org/W4248221495
https://openalex.org/W4249013254
https://openalex.org/W4249602569
https://openalex.org/W4250399944
https://openalex.org/W4254097560
https://openalex.org/W4285333453
https://openalex.org/W4394074851
https://openalex.org/W4394318036
https://openalex.org/W4394436915
https://openalex.org/W4394515439
https://openalex.org/W1032804423
https://openalex.org/W1963907581
https://openalex.org/W1982880293
https://openalex.org/W1994330156
https://openalex.org/W2009994356
https://openalex.org/W2013188587
https://openalex.org/W2016730257
https://openalex.org/W2036619130
https://openalex.org/W2048290585
https://openalex.org/W2073701736
https://openalex.org/W2089023464
https://openalex.org/W2181481901
https://openalex.org/W2181686403
https://openalex.org/W2189518609
https://openalex.org/W2409113160
https://openalex.org/W2418175503
https://openalex.org/W2418200706
https://openalex.org/W2511583938
https://openalex.org/W2599562872
https://openalex.org/W2599595547
https://openalex.org/W2609475428
https://openalex.org/W2985550234
https://openalex.org/W3109872478
https://openalex.org/W3128539067
https://openalex.org/W3190966816
https://openalex.org/W4299306903
https://openalex.org/W1984078543
https://openalex.org/W2004531464
https://openalex.org/W2040267784
https://openalex.org/W2067132039
https://openalex.org/W2077459162
https://openalex.org/W2323168463
https://openalex.org/W2324429471
https://openalex.org/W2412861729
https://openalex.org/W2417652450
https://openalex.org/W2418238068
https://openalex.org/W2572613175
https://openalex.org/W2595014541
https://openalex.org/W1621591846
https://openalex.org/W2019548832
https://openalex.org/W2029597080
https://openalex.org/W2075031232
https://openalex.org/W2086139759
https://openalex.org/W2099560476
https://openalex.org/W2130937924
https://openalex.org/W2188388318
https://openalex.org/W2315788091
https://openalex.org/W2394701272
https://openalex.org/W2402474946
https://openalex.org/W2404013910
https://openalex.org/W2409367607
https://openalex.org/W2409390609
https://openalex.org/W2409576060
https://openalex.org/W2409909971
https://openalex.org/W2413093665
https://openalex.org/W2414092288
https://openalex.org/W2416933196
https://openalex.org/W2417489876
https://openalex.org/W2469302442
https://openalex.org/W2517648248
https://openalex.org/W2518533754
https://openalex.org/W2587032234
https://openalex.org/W2606013016
https://openalex.org/W2738283526
https://openalex.org/W2885891326
https://openalex.org/W3027807447
https://openalex.org/W313823597
https://openalex.org/W4240414337
https://openalex.org/W4242977119
https://openalex.org/W4248407076
https://openalex.org/W4256167573
https://openalex.org/W4297809802
https://openalex.org/W431537852
https://openalex.org/W13037783
https://openalex.org/W1636769844
https://openalex.org/W177182704
https://openalex.org/W1967804004
https://openalex.org/W1971608667
https://openalex.org/W1982726134
https://openalex.org/W1992605757
https://openalex.org/W2006844242
https://openalex.org/W2059831406
https://openalex.org/W2067229894
https://openalex.org/W2076209063
https://openalex.org/W2078899788
https://openalex.org/W2181616742
https://openalex.org/W2183686680
https://openalex.org/W2185737558
https://openalex.org/W2186426862
https://openalex.org/W2186874842
https://openalex.org/W2188112398
https://openalex.org/W2188313755
https://openalex.org/W2188689577
https://openalex.org/W2192062199
https://openalex.org/W221767063
https://openalex.org/W2282342858
https://openalex.org/W2283158864
https://openalex.org/W2317804029
https://openalex.org/W2332397350
https://openalex.org/W2399208703
https://openalex.org/W2403496685
https://openalex.org/W2405146118
https://openalex.org/W2409167284
https://openalex.org/W2427224836
https://openalex.org/W2469681407
https://openalex.org/W2597529115
https://openalex.org/W2600915027
https://openalex.org/W274174937
https://openalex.org/W2742083944
https://openalex.org/W2748282346
https://openalex.org/W2754588930
https://openalex.org/W2766143916
https://openalex.org/W2913225516
https://openalex.org/W2916650114
https://openalex.org/W3022024827
https://openalex.org/W311615900
https://openalex.org/W3119063566
https://openalex.org/W4234121686
https://openalex.org/W4242165688
https://openalex.org/W4244406041
https://openalex.org/W4254536265
https://openalex.org/W4387499916
https://openalex.org/W4387499924
https://openalex.org/W4387499925
https://openalex.org/W4387499938
https://openalex.org/W4387499946
https://openalex.org/W4387499979
https://openalex.org/W4387499983
https://openalex.org/W4387499991
https://openalex.org/W4387499995
https://openalex.org/W4387509114
https://openalex.org/W4387509223
https://openalex.org/W4387509260
https://openalex.org/W4387509637
https://openalex.org/W4387509841
https://openalex.org/W4387509858
https://openalex.org/W56275052
https://openalex.org/W98288592
https://openalex.org/W98791825
https://openalex.org/W1539576035
https://openalex.org/W1585153936
https://openalex.org/W1618764925
https://openalex.org/W1978404400
https://openalex.org/W2013585995
https://openalex.org/W2035465854
https://openalex.org/W2050783745
https://openalex.org/W2056655419
https://openalex.org/W2077934094
https://openalex.org/W2310937880
https://openalex.org/W2316073632
https://openalex.org/W2396645001
https://openalex.org/W2405551246
https://openalex.org/W2417925816
https://openalex.org/W2422536554
https://openalex.org/W2431013170
https://openalex.org/W2439154294
https://openalex.org/W2474180036
https://openalex.org/W2564375631
https://openalex.org/W2732839824
https://openalex.org/W2754343834
https://openalex.org/W2773288454
https://openalex.org/W2889021171
https://openalex.org/W2916406244
https://openalex.org/W2941680886
https://openalex.org/W2952546733
https://openalex.org/W2978178135
https://openalex.org/W298864151
https://openalex.org/W3026600304
https://openalex.org/W3080568353
https://openalex.org/W3092544780
https://openalex.org/W3098039812
https://openalex.org/W3174471599
https://openalex.org/W3202522801
https://openalex.org/W4242394162
https://openalex.org/W4251501683
https://openalex.org/W4253636000
https://openalex.org/W4299426892
https://openalex.org/W4300680977
https://openalex.org/W4321515925
https://openalex.org/W438688009
https://openalex.org/W773395433
https://openalex.org/W1493974333
https://openalex.org/W1543410686
https://openalex.org/W1603384503
https://openalex.org/W177724453
https://openalex.org/W1806061759
https://openalex.org/W1968786553
https://openalex.org/W1971388096
https://openalex.org/W2001820940
https://openalex.org/W2008835466
https://openalex.org/W2010391285
https://openalex.org/W2025501720
https://openalex.org/W2028269692
https://openalex.org/W2050444544
https://openalex.org/W2064681659
https://openalex.org/W2065784539
https://openalex.org/W2071879434
https://openalex.org/W2077783981
https://openalex.org/W2087972154
https://openalex.org/W2088988590
https://openalex.org/W2094426676
https://openalex.org/W2095057742
https://openalex.org/W2121995200
https://openalex.org/W2151751124
https://openalex.org/W2183825526
https://openalex.org/W2190449690
https://openalex.org/W2290244880
https://openalex.org/W2308798886
https://openalex.org/W2314342968
https://openalex.org/W2315305831
https://openalex.org/W2335181047
https://openalex.org/W2345925630
https://openalex.org/W2398260267
https://openalex.org/W2400784607
https://openalex.org/W2405216330
https://openalex.org/W2411062261
https://openalex.org/W2411064989
https://openalex.org/W2412580445
https://openalex.org/W2413545597
https://openalex.org/W2414016451
https://openalex.org/W2414384272
https://openalex.org/W2415342874
https://openalex.org/W2416194784
https://openalex.org/W2421297380
https://openalex.org/W2423562995
https://openalex.org/W2441507407
https://openalex.org/W2463591598
https://openalex.org/W2466208679
https://openalex.org/W2472415817
https://openalex.org/W2505589006
https://openalex.org/W2507484496
https://openalex.org/W2517245788
https://openalex.org/W2557259774
https://openalex.org/W2562418356
https://openalex.org/W2588004049
https://openalex.org/W2590721647
https://openalex.org/W2600683206
https://openalex.org/W2606050813
https://openalex.org/W2617172450
https://openalex.org/W2621547314
https://openalex.org/W2736696819
https://openalex.org/W2889112910
https://openalex.org/W2912413744
https://openalex.org/W2912625355
https://openalex.org/W2979784094
https://openalex.org/W2995347143
https://openalex.org/W2998716984
https://openalex.org/W3000645530
https://openalex.org/W3005089712
https://openalex.org/W3007518721
https://openalex.org/W3018228278
https://openalex.org/W3018809965
https://openalex.org/W3021877397
https://openalex.org/W3023621072
https://openalex.org/W3030430545
https://openalex.org/W3031777019
https://openalex.org/W3034082333
https://openalex.org/W3035668755
https://openalex.org/W3100507967
https://openalex.org/W3102895327
https://openalex.org/W3106075826
https://openalex.org/W3108918862
https://openalex.org/W3110987447
https://openalex.org/W3159266462
https://openalex.org/W3159671625
https://openalex.org/W3164019425
https://openalex.org/W3164296092
https://openalex.org/W3171055541
https://openalex.org/W3184571630
https://openalex.org/W3187264807
https://openalex.org/W336988765
https://openalex.org/W384326077
https://openalex.org/W4239626874
https://openalex.org/W4244118541
https://openalex.org/W4248668459
https://openalex.org/W4250850380
https://openalex.org/W597740479
https://openalex.org/W634249587
https://openalex.org/W786135893
https://openalex.org/W814192242
https://openalex.org/W88573956
https://openalex.org/W2145066872
https://openalex.org/W2016478370
https://openalex.org/W2047846607
https://openalex.org/W2022729618
https://openalex.org/W2039936487
https://openalex.org/W2040811298
https://openalex.org/W2037784693
https://openalex.org/W2153561067
https://openalex.org/W3112390549
https://openalex.org/W2168708851
https://openalex.org/W1525579340
https://openalex.org/W2125838369
https://openalex.org/W2070683761
https://openalex.org/W1647993270
https://openalex.org/W1989379906
https://openalex.org/W2117967389
https://openalex.org/W43675721
https://openalex.org/W2015137163
https://openalex.org/W2040802571
https://openalex.org/W2096522984
https://openalex.org/W1524165148
https://openalex.org/W2209920088
https://openalex.org/W2051093169
https://openalex.org/W2053462839
https://openalex.org/W2141609479
https://openalex.org/W2570947205
https://openalex.org/W2026247297
https://openalex.org/W2080095202
https://openalex.org/W2033828002
https://openalex.org/W2917544498
https://openalex.org/W2114735622
https://openalex.org/W2018122985
https://openalex.org/W3036274064
https://openalex.org/W2793073482
https://openalex.org/W2952487041
https://openalex.org/W3203228013
https://openalex.org/W4379984509
https://openalex.org/W2155723800
https://openalex.org/W2126485399
https://openalex.org/W2155637762
https://openalex.org/W2040298453
https://openalex.org/W2154653719
https://openalex.org/W2082078624
https://openalex.org/W2152965325
https://openalex.org/W1970256267
https://openalex.org/W1876525254
https://openalex.org/W1992623381
https://openalex.org/W2171580010
https://openalex.org/W1912546291
https://openalex.org/W2081135891
https://openalex.org/W1990275070
https://openalex.org/W2108900988
https://openalex.org/W2084226663
https://openalex.org/W1919843837
https://openalex.org/W2020541809
https://openalex.org/W2166805883
https://openalex.org/W1919903721
https://openalex.org/W2013616900
https://openalex.org/W2049897379
https://openalex.org/W2166092178
https://openalex.org/W2067979108
https://openalex.org/W2162816987
https://openalex.org/W2152256020
https://openalex.org/W253029884
https://openalex.org/W2069228161
https://openalex.org/W2084994470
https://openalex.org/W2157778917
https://openalex.org/W2079704346
https://openalex.org/W2096755202
https://openalex.org/W1987865402
https://openalex.org/W2156647835
https://openalex.org/W44466508
https://openalex.org/W2155824282
https://openalex.org/W1602364220
https://openalex.org/W2042081944
https://openalex.org/W2063635449
https://openalex.org/W2032727539
https://openalex.org/W2029487862
https://openalex.org/W1608396130
https://openalex.org/W2170903903
https://openalex.org/W2061085865
https://openalex.org/W4236601696
https://openalex.org/W2083677181
https://openalex.org/W2092208635
https://openalex.org/W2128149456
https://openalex.org/W2048013718
https://openalex.org/W1998289184
https://openalex.org/W2019196895
https://openalex.org/W2033294970
https://openalex.org/W1964342094
https://openalex.org/W85901280
https://openalex.org/W2068798362
https://openalex.org/W2133774886
https://openalex.org/W2073409183
https://openalex.org/W2153238542
https://openalex.org/W2167954647
https://openalex.org/W2002943425
https://openalex.org/W2134675668
https://openalex.org/W2096261848
https://openalex.org/W2009431771
https://openalex.org/W2072475500
https://openalex.org/W2752988394
https://openalex.org/W2074012801
https://openalex.org/W2140961818
https://openalex.org/W2022664343
https://openalex.org/W2065524237
https://openalex.org/W2337679024
https://openalex.org/W2904356201
https://openalex.org/W2023759379
https://openalex.org/W2068120241
https://openalex.org/W1987755518
https://openalex.org/W2123701226
https://openalex.org/W2504280359
https://openalex.org/W2609175780
https://openalex.org/W2292115143
https://openalex.org/W2791011575
https://openalex.org/W2549542619
https://openalex.org/W2599018643
https://openalex.org/W2747786350
https://openalex.org/W2793302201
https://openalex.org/W3087011807
https://openalex.org/W3161835689
https://openalex.org/W2981383289
https://openalex.org/W3000435079
https://openalex.org/W3026304740
https://openalex.org/W3118744054
https://openalex.org/W3204237038
https://openalex.org/W4221043735
https://openalex.org/W4378781989
https://openalex.org/W4389166414
https://openalex.org/W2082444101
https://openalex.org/W2099481097
https://openalex.org/W2028105686
https://openalex.org/W2035719265
https://openalex.org/W1998831344
https://openalex.org/W2140193121
https://openalex.org/W1996303146
https://openalex.org/W2084663390
https://openalex.org/W1938985748
https://openalex.org/W2155186140
https://openalex.org/W2187785265
https://openalex.org/W2049815152
https://openalex.org/W2123159073
https://openalex.org/W2062463128
https://openalex.org/W2073424680
https://openalex.org/W1653416364
https://openalex.org/W2135614952
https://openalex.org/W2041447980
https://openalex.org/W2075706453
https://openalex.org/W2023295038
https://openalex.org/W2053818228
https://openalex.org/W2059329147
https://openalex.org/W1494755399
https://openalex.org/W2047329393
https://openalex.org/W2020232506
https://openalex.org/W1997752233
https://openalex.org/W2164907088
https://openalex.org/W2069218629
https://openalex.org/W2120977887
https://openalex.org/W2029056268
https://openalex.org/W1981101867
https://openalex.org/W2010564441
https://openalex.org/W1977763850
https://openalex.org/W2068558082
https://openalex.org/W180355031
https://openalex.org/W2007470733
https://openalex.org/W2104822757
https://openalex.org/W2160377437
https://openalex.org/W2100690094
https://openalex.org/W1992056223
https://openalex.org/W2038893879
https://openalex.org/W2101663023
https://openalex.org/W2160655818
https://openalex.org/W2003917628
https://openalex.org/W2029624868
https://openalex.org/W160321734
https://openalex.org/W1983812253
https://openalex.org/W2072200822
https://openalex.org/W2331679758
https://openalex.org/W2044639987
https://openalex.org/W2150085213
https://openalex.org/W2216849405
https://openalex.org/W2032298256
https://openalex.org/W2076759754
https://openalex.org/W2005124926
https://openalex.org/W2055047198
https://openalex.org/W2133619256
https://openalex.org/W2109762360
https://openalex.org/W1669066857
https://openalex.org/W2018278032
https://openalex.org/W2044121286
https://openalex.org/W2205233826
https://openalex.org/W2604368817
https://openalex.org/W1974366063
https://openalex.org/W2017766931
https://openalex.org/W2119536210
https://openalex.org/W2338760028
https://openalex.org/W2000790277
https://openalex.org/W2335712616
https://openalex.org/W2314306274
https://openalex.org/W1983852600
https://openalex.org/W2479125984
https://openalex.org/W2331714332
https://openalex.org/W2663798482
https://openalex.org/W2305364509
https://openalex.org/W2747949477
https://openalex.org/W2332537515
https://openalex.org/W2611504233
https://openalex.org/W2887813040
https://openalex.org/W2932689198
https://openalex.org/W2947050646
https://openalex.org/W3110095855
https://openalex.org/W3025236502
https://openalex.org/W4297547861
https://openalex.org/W4205433777
https://openalex.org/W4390541071
https://openalex.org/W4390734401
https://openalex.org/W4390889452
https://openalex.org/W4391035569
https://openalex.org/W4391690969
https://openalex.org/W1610239570
https://openalex.org/W2055890949
https://openalex.org/W2083955513
https://openalex.org/W2160226003
https://openalex.org/W1971794972
https://openalex.org/W2079619383
https://openalex.org/W2127233790
https://openalex.org/W1903963968
https://openalex.org/W1968146255
https://openalex.org/W2160222304
https://openalex.org/W2024816387
https://openalex.org/W2078186342
https://openalex.org/W2141054139
https://openalex.org/W2192938951
https://openalex.org/W2096563716
https://openalex.org/W1971427832
https://openalex.org/W1986398512
https://openalex.org/W2130705529
https://openalex.org/W2100769392
https://openalex.org/W1548093162
https://openalex.org/W1982793622
https://openalex.org/W2060967710
https://openalex.org/W2177391108
https://openalex.org/W2058573251
https://openalex.org/W2157935510
https://openalex.org/W1990543487
https://openalex.org/W2164202885
https://openalex.org/W1972314272
https://openalex.org/W2009391393
https://openalex.org/W2035628396
https://openalex.org/W2110942474
https://openalex.org/W2169796514
https://openalex.org/W1508141911
https://openalex.org/W2069135314
https://openalex.org/W2952791830
https://openalex.org/W2059064888
https://openalex.org/W2156540483
https://openalex.org/W1595098454
https://openalex.org/W1898140315
https://openalex.org/W1972577033
https://openalex.org/W1992475014
https://openalex.org/W1993489871
https://openalex.org/W2030793935
https://openalex.org/W2072602941
https://openalex.org/W2029442483
https://openalex.org/W2118321178
https://openalex.org/W2087310867
https://openalex.org/W2041084691
https://openalex.org/W2078051262
https://openalex.org/W2133347295
https://openalex.org/W2147846611
https://openalex.org/W2151482981
https://openalex.org/W1992388450
https://openalex.org/W2078056744
https://openalex.org/W1974529266
https://openalex.org/W2026291661
https://openalex.org/W2049762979
https://openalex.org/W2151503495
https://openalex.org/W1975237575
https://openalex.org/W2056016129
https://openalex.org/W2024969311
https://openalex.org/W2152774725
https://openalex.org/W2138547126
https://openalex.org/W2129486195
https://openalex.org/W1601199599
https://openalex.org/W1969708151
https://openalex.org/W2090195223
https://openalex.org/W2006201254
https://openalex.org/W2041101688
https://openalex.org/W2060442456
https://openalex.org/W1801606517
https://openalex.org/W2121279184
https://openalex.org/W2322608141
https://openalex.org/W1995331365
https://openalex.org/W2156905932
https://openalex.org/W2159283333
https://openalex.org/W1992504422
https://openalex.org/W2043591479
https://openalex.org/W2096826446
https://openalex.org/W2080833127
https://openalex.org/W1993859678
https://openalex.org/W1920987047
https://openalex.org/W2085752652
https://openalex.org/W2098258260
https://openalex.org/W2052012518
https://openalex.org/W2111885802
https://openalex.org/W2158799176
https://openalex.org/W2488466234
https://openalex.org/W1572942558
https://openalex.org/W2122127415
https://openalex.org/W4240896873
https://openalex.org/W2111469427
https://openalex.org/W2032834779
https://openalex.org/W2070828235
https://openalex.org/W2892277522
https://openalex.org/W2085399112
https://openalex.org/W2202666981
https://openalex.org/W2624681109
https://openalex.org/W2797310469
https://openalex.org/W2909045257
https://openalex.org/W2905131868
https://openalex.org/W3014493743
https://openalex.org/W2907963797
https://openalex.org/W3196429293
https://openalex.org/W4308701137
https://openalex.org/W4294739996
https://openalex.org/W1835365098
https://openalex.org/W2099507935
https://openalex.org/W2027748855
https://openalex.org/W2081835877
https://openalex.org/W2128194486
https://openalex.org/W2167721243
https://openalex.org/W2038185191
https://openalex.org/W1658270518
https://openalex.org/W1969601692
https://openalex.org/W2004295036
https://openalex.org/W2040878362
https://openalex.org/W2029709634
https://openalex.org/W2042272404
https://openalex.org/W1988446326
https://openalex.org/W1981991254
https://openalex.org/W1993220778
https://openalex.org/W2079363544
https://openalex.org/W2099491422
https://openalex.org/W2012447474
https://openalex.org/W2012786815
https://openalex.org/W2098082846
https://openalex.org/W1977844725
https://openalex.org/W2101234935
https://openalex.org/W2021843948
https://openalex.org/W2054263335
https://openalex.org/W2126524655
https://openalex.org/W2007675051
https://openalex.org/W2051954198
https://openalex.org/W2006949329
https://openalex.org/W2026812579
https://openalex.org/W2060930978
https://openalex.org/W2133451408
https://openalex.org/W2035702289
https://openalex.org/W1974934465
https://openalex.org/W3026755032
https://openalex.org/W1620578262
https://openalex.org/W2003018472
https://openalex.org/W2041373149
https://openalex.org/W2084398941
https://openalex.org/W145635331
https://openalex.org/W2048798534
https://openalex.org/W2023897808
https://openalex.org/W2050269923
https://openalex.org/W2323427954
https://openalex.org/W2093604387
https://openalex.org/W2123687826
https://openalex.org/W1993850346
https://openalex.org/W2057633158
https://openalex.org/W590400091
https://openalex.org/W1989071619
https://openalex.org/W2103809584
https://openalex.org/W2117225048
https://openalex.org/W1966454282
https://openalex.org/W2012457501
https://openalex.org/W2006812373
https://openalex.org/W2151262463
https://openalex.org/W2029114601
https://openalex.org/W1969316648
https://openalex.org/W1569133926
https://openalex.org/W2018273818
https://openalex.org/W1996596359
https://openalex.org/W2008582802
https://openalex.org/W2056376499
https://openalex.org/W2117694694
https://openalex.org/W2148908080
https://openalex.org/W1969095240
https://openalex.org/W1968582724
https://openalex.org/W1992634169
https://openalex.org/W2092384988
https://openalex.org/W2180007089
https://openalex.org/W2005424148
https://openalex.org/W2018316833
https://openalex.org/W2076799791
https://openalex.org/W2162996060
https://openalex.org/W1519040404
https://openalex.org/W2264816475
https://openalex.org/W2796608473
https://openalex.org/W2592854435
https://openalex.org/W2902397673
https://openalex.org/W2298025921
https://openalex.org/W2473471990
https://openalex.org/W2505084689
https://openalex.org/W2795062628
https://openalex.org/W2884044665
https://openalex.org/W2735406630
https://openalex.org/W2981382964
https://openalex.org/W2886021652
https://openalex.org/W2990657479
https://openalex.org/W3013522039
https://openalex.org/W3005398916
https://openalex.org/W2992743961
https://openalex.org/W3015731678
https://openalex.org/W4220881354
https://openalex.org/W4291465139
https://openalex.org/W4220961634
https://openalex.org/W4296709734
https://openalex.org/W4320499407
https://openalex.org/W4361270282
https://openalex.org/W1966406105
https://openalex.org/W2009108344
https://openalex.org/W2049674549
https://openalex.org/W1993197277
https://openalex.org/W2025522416
https://openalex.org/W1998855951
https://openalex.org/W2112826135
https://openalex.org/W2009555236
https://openalex.org/W2139132007
https://openalex.org/W1976164198
https://openalex.org/W2082383556
https://openalex.org/W2102842144
https://openalex.org/W2107936286
https://openalex.org/W1982220734
https://openalex.org/W2030998971
https://openalex.org/W1951874546
https://openalex.org/W1973564329
https://openalex.org/W1989261448
https://openalex.org/W2008211903
https://openalex.org/W2072905467
https://openalex.org/W4254703793
https://openalex.org/W2028976541
https://openalex.org/W2035531782
https://openalex.org/W2152447911
https://openalex.org/W2014545304
https://openalex.org/W2026846652
https://openalex.org/W2078407100
https://openalex.org/W2107884436
https://openalex.org/W2953053977
https://openalex.org/W1982177153
https://openalex.org/W2130808656
https://openalex.org/W2037362572
https://openalex.org/W2100036924
https://openalex.org/W1513137562
https://openalex.org/W2021526078
https://openalex.org/W2045582646
https://openalex.org/W2075457756
https://openalex.org/W2043297908
https://openalex.org/W1995934066
https://openalex.org/W2005825534
https://openalex.org/W2308325639
https://openalex.org/W2087096064
https://openalex.org/W2123616243
https://openalex.org/W2134276132
https://openalex.org/W2061128093
https://openalex.org/W2036491056
https://openalex.org/W2480430813
https://openalex.org/W2010203113
https://openalex.org/W2048937910
https://openalex.org/W2033976066
https://openalex.org/W2065774809
https://openalex.org/W2089082987
https://openalex.org/W1976096603
https://openalex.org/W2003827999
https://openalex.org/W2021961134
https://openalex.org/W2060752245
https://openalex.org/W2141510461
https://openalex.org/W2015576277
https://openalex.org/W2170255628
https://openalex.org/W2077406512
https://openalex.org/W2087207907
https://openalex.org/W1978195219
https://openalex.org/W2008104709
https://openalex.org/W2317199828
https://openalex.org/W2076363554
https://openalex.org/W2165844293
https://openalex.org/W2022819203
https://openalex.org/W2119415403
https://openalex.org/W2079537222
https://openalex.org/W1994377367
https://openalex.org/W2014522030
https://openalex.org/W2046992177
https://openalex.org/W2088941890
https://openalex.org/W2096538558
https://openalex.org/W578229076
https://openalex.org/W2000380819
https://openalex.org/W2091442256
https://openalex.org/W2128937898
https://openalex.org/W1977688254
https://openalex.org/W2054339269
https://openalex.org/W1108020077
https://openalex.org/W1992952970
https://openalex.org/W2580188304
https://openalex.org/W2766335386
https://openalex.org/W1999003367
https://openalex.org/W2066599358
https://openalex.org/W2282655537
https://openalex.org/W2528253677
https://openalex.org/W2597954545
https://openalex.org/W2937463656
https://openalex.org/W2588052450
https://openalex.org/W2417386076
https://openalex.org/W2560869153
https://openalex.org/W2801291345
https://openalex.org/W2804590180
https://openalex.org/W2782667443
https://openalex.org/W2923807371
https://openalex.org/W2004962305
https://openalex.org/W2233714590
https://openalex.org/W2792793007
https://openalex.org/W2937567741
https://openalex.org/W2992899986
https://openalex.org/W3092028238
https://openalex.org/W3144084193
https://openalex.org/W4211087467
https://openalex.org/W1976681112
https://openalex.org/W2117673867
https://openalex.org/W2137232726
https://openalex.org/W2011511718
https://openalex.org/W4250725711
https://openalex.org/W2090356836
https://openalex.org/W2123001116
https://openalex.org/W2077716700
https://openalex.org/W2003181875
https://openalex.org/W2034050269
https://openalex.org/W2059210858
https://openalex.org/W2065872023
https://openalex.org/W2110137992
https://openalex.org/W2135775161
https://openalex.org/W2137327576
https://openalex.org/W2123279026
https://openalex.org/W1966907178
https://openalex.org/W2009519355
https://openalex.org/W2012293509
https://openalex.org/W2014461793
https://openalex.org/W2063066777
https://openalex.org/W2064481947
https://openalex.org/W2160532128
https://openalex.org/W2311216190
https://openalex.org/W1992432870
https://openalex.org/W2065187337
https://openalex.org/W2314917941
https://openalex.org/W2953248300
https://openalex.org/W2037729246
https://openalex.org/W2039399300
https://openalex.org/W2060391416
https://openalex.org/W1973440529
https://openalex.org/W2127873576
https://openalex.org/W2129462072
https://openalex.org/W2143990280
https://openalex.org/W1967914750
https://openalex.org/W2028294063
https://openalex.org/W1969197085
https://openalex.org/W1978569082
https://openalex.org/W1978937191
https://openalex.org/W2002920730
https://openalex.org/W2039410688
https://openalex.org/W2080724772
https://openalex.org/W2153587753
https://openalex.org/W2059715283
https://openalex.org/W2101800840
https://openalex.org/W2120878489
https://openalex.org/W1507338853
https://openalex.org/W2103116213
https://openalex.org/W2075868615
https://openalex.org/W2000008906
https://openalex.org/W2004318977
https://openalex.org/W1968407042
https://openalex.org/W2017407507
https://openalex.org/W1847381602
https://openalex.org/W2035542658
https://openalex.org/W2067660567
https://openalex.org/W2068992342
https://openalex.org/W2951444852
https://openalex.org/W2051289748
https://openalex.org/W1984305176
https://openalex.org/W1996565956
https://openalex.org/W2018356730
https://openalex.org/W2031113289
https://openalex.org/W2001500757
https://openalex.org/W1547893972
https://openalex.org/W2058408467
https://openalex.org/W2010743622
https://openalex.org/W2074305303
https://openalex.org/W2032785964
https://openalex.org/W2034344982
https://openalex.org/W2147298489
https://openalex.org/W2147721440
https://openalex.org/W2000058202
https://openalex.org/W2155902042
https://openalex.org/W48871705
https://openalex.org/W2286732225
https://openalex.org/W2328435785
https://openalex.org/W2770260630
https://openalex.org/W2091925050
https://openalex.org/W2754217139
https://openalex.org/W2293968370
https://openalex.org/W2342994002
https://openalex.org/W2410217935
https://openalex.org/W2767220447
https://openalex.org/W2983801595
https://openalex.org/W2773705458
https://openalex.org/W2962878808
https://openalex.org/W2906799414
https://openalex.org/W2909749546
https://openalex.org/W2959883172
https://openalex.org/W3087249204
https://openalex.org/W3005708010
https://openalex.org/W3026462661
https://openalex.org/W3028303075
https://openalex.org/W3046292530
https://openalex.org/W3121566930
https://openalex.org/W3173827651
https://openalex.org/W4212989134
https://openalex.org/W4220925932
https://openalex.org/W4317746118
https://openalex.org/W4319304469
https://openalex.org/W4360997763
https://openalex.org/W4388483693
https://openalex.org/W2949181756
https://openalex.org/W2023224858
https://openalex.org/W2039475607
https://openalex.org/W2405778259
https://openalex.org/W1970544880
https://openalex.org/W2100149612
https://openalex.org/W2154146921
https://openalex.org/W2246404942
https://openalex.org/W64067384
https://openalex.org/W1991954571
https://openalex.org/W2075809007
https://openalex.org/W2169663999
https://openalex.org/W2183680907
https://openalex.org/W1976072605
https://openalex.org/W1998613002
https://openalex.org/W2000923764
https://openalex.org/W2001802017
https://openalex.org/W2005263813
https://openalex.org/W2034083989
https://openalex.org/W2104940035
https://openalex.org/W2130972365
https://openalex.org/W1955425903
https://openalex.org/W1983565702
https://openalex.org/W1989677452
https://openalex.org/W1996634128
https://openalex.org/W63739783
https://openalex.org/W1506809239
https://openalex.org/W1976341700
https://openalex.org/W2065401548
https://openalex.org/W2158599311
https://openalex.org/W2059843666
https://openalex.org/W1971068256
https://openalex.org/W1980656621
https://openalex.org/W2008297929
https://openalex.org/W2066051951
https://openalex.org/W2164835560
https://openalex.org/W2030718367
https://openalex.org/W2063591363
https://openalex.org/W2104859486
https://openalex.org/W2066558541
https://openalex.org/W2079628036
https://openalex.org/W2145021806
https://openalex.org/W2164702122
https://openalex.org/W1971101898
https://openalex.org/W2028416459
https://openalex.org/W2063658837
https://openalex.org/W2011186863
https://openalex.org/W2121044194
https://openalex.org/W2015816292
https://openalex.org/W2029284138
https://openalex.org/W2059722698
https://openalex.org/W2132966116
https://openalex.org/W2296199695
https://openalex.org/W1616710750
https://openalex.org/W1758677181
https://openalex.org/W1972399055
https://openalex.org/W2011043838
https://openalex.org/W2018328390
https://openalex.org/W1965191349
https://openalex.org/W1971966491
https://openalex.org/W1975732596
https://openalex.org/W2171571530
https://openalex.org/W2059975776
https://openalex.org/W2042137786
https://openalex.org/W2126620621
https://openalex.org/W1566701182
https://openalex.org/W1994349897
https://openalex.org/W2159494806
https://openalex.org/W2037847627
https://openalex.org/W2041601196
https://openalex.org/W2082702166
https://openalex.org/W2103834310
https://openalex.org/W2143687591
https://openalex.org/W2153564828
https://openalex.org/W1581622251
https://openalex.org/W2018640290
https://openalex.org/W2056571255
https://openalex.org/W1970708622
https://openalex.org/W2146312469
https://openalex.org/W2162129777
https://openalex.org/W2058339296
https://openalex.org/W1967524580
https://openalex.org/W1976456240
https://openalex.org/W1987557823
https://openalex.org/W2044260049
https://openalex.org/W2320411667
https://openalex.org/W141779449
https://openalex.org/W2032743668
https://openalex.org/W2058025890
https://openalex.org/W2122624201
https://openalex.org/W2136409006
https://openalex.org/W2144352772
https://openalex.org/W1984104309
https://openalex.org/W1993344810
https://openalex.org/W2067540623
https://openalex.org/W2071540641
https://openalex.org/W2122095575
https://openalex.org/W1824871543
https://openalex.org/W2006409584
https://openalex.org/W2029454841
https://openalex.org/W2176151887
https://openalex.org/W2080809729
https://openalex.org/W2233584541
https://openalex.org/W2262285867
https://openalex.org/W2805791328
https://openalex.org/W758859855
https://openalex.org/W2568227742
https://openalex.org/W2795593191
https://openalex.org/W2889410585
https://openalex.org/W2891946821
https://openalex.org/W2278561292
https://openalex.org/W2337558714
https://openalex.org/W2395995898
https://openalex.org/W2487659136
https://openalex.org/W2887554819
https://openalex.org/W2901413275
https://openalex.org/W2959308200
https://openalex.org/W3034255822
https://openalex.org/W3010399390
https://openalex.org/W3033882085
https://openalex.org/W2968032942
https://openalex.org/W3007194345
https://openalex.org/W3091961872
https://openalex.org/W3166250104
https://openalex.org/W4200552684
https://openalex.org/W3155522892
https://openalex.org/W3206074253
https://openalex.org/W4200225407
https://openalex.org/W4295654756
https://openalex.org/W4297023665
https://openalex.org/W4323663424
https://openalex.org/W4387308552
https://openalex.org/W4389848453
https://openalex.org/W4390695668
https://openalex.org/W4391621707
https://openalex.org/W4391836535
https://openalex.org/W4391899643
https://openalex.org/W4392024360
https://openalex.org/W4392136489
https://openalex.org/W4392458557
https://openalex.org/W4392562936
https://openalex.org/W4392623567
https://openalex.org/W4392908903
https://openalex.org/W4392979506
https://openalex.org/W4393054019
https://openalex.org/W4393060358
https://openalex.org/W4393188212
https://openalex.org/W4393635376
https://openalex.org/W4393830764
https://openalex.org/W4394675111
https://openalex.org/W4394694236
https://openalex.org/W4394706451
https://openalex.org/W4395073685
https://openalex.org/W4395090742
https://openalex.org/W4395444803
https://openalex.org/W4395685604
https://openalex.org/W4396536385
https://openalex.org/W1978505435
https://openalex.org/W1985218193
https://openalex.org/W2060479918
https://openalex.org/W2084070381
https://openalex.org/W2088432301
https://openalex.org/W2949137005
https://openalex.org/W1985756368
https://openalex.org/W2007389047
https://openalex.org/W2021470045
https://openalex.org/W2034135470
https://openalex.org/W2067182114
https://openalex.org/W2068368234
https://openalex.org/W2129908726
https://openalex.org/W2165755266
https://openalex.org/W2182298680
https://openalex.org/W2951813901
https://openalex.org/W2006158576
https://openalex.org/W2012285210
https://openalex.org/W2046624447
https://openalex.org/W1988363709
https://openalex.org/W2144879904
https://openalex.org/W2325927378
https://openalex.org/W1979798390
https://openalex.org/W2093575290
https://openalex.org/W2021768283
https://openalex.org/W1963740082
https://openalex.org/W2004207671
https://openalex.org/W2018115150
https://openalex.org/W2070943429
https://openalex.org/W1984679169
https://openalex.org/W1985736949
https://openalex.org/W2108835777
https://openalex.org/W1974136680
https://openalex.org/W2038968804
https://openalex.org/W2047090084
https://openalex.org/W2321601422
https://openalex.org/W2042643471
https://openalex.org/W2114089855
https://openalex.org/W1994479155
https://openalex.org/W2067374250
https://openalex.org/W1965717449
https://openalex.org/W1972309401
https://openalex.org/W1983215470
https://openalex.org/W2045850918
https://openalex.org/W1573551598
https://openalex.org/W1969434970
https://openalex.org/W1989053133
https://openalex.org/W2001838150
https://openalex.org/W2062163748
https://openalex.org/W2148013560
https://openalex.org/W1994556717
https://openalex.org/W1501747597
https://openalex.org/W1970117665
https://openalex.org/W2072319143
https://openalex.org/W2043833638
https://openalex.org/W2009493764
https://openalex.org/W2017411970
https://openalex.org/W2076906237
https://openalex.org/W2080364854
https://openalex.org/W2134301320
https://openalex.org/W2320224074
https://openalex.org/W1979381621
https://openalex.org/W2144023522
https://openalex.org/W2329183181
https://openalex.org/W2411814098
https://openalex.org/W2070050431
https://openalex.org/W2071305531
https://openalex.org/W2156719714
https://openalex.org/W2778664500
https://openalex.org/W1832790722
https://openalex.org/W2789314580
https://openalex.org/W2888460807
https://openalex.org/W2043629082
https://openalex.org/W2473088495
https://openalex.org/W2514077184
https://openalex.org/W2560575662
https://openalex.org/W2560995823
https://openalex.org/W2594483545
https://openalex.org/W2756068766
https://openalex.org/W2945392643
https://openalex.org/W2983781125
https://openalex.org/W2944776919
https://openalex.org/W2949048387
https://openalex.org/W2973074133
https://openalex.org/W2984328756
https://openalex.org/W3120421449
https://openalex.org/W3206998140
https://openalex.org/W2323996506
https://openalex.org/W4283067456
https://openalex.org/W4316174588
https://openalex.org/W4321003864
https://openalex.org/W4322487542
https://openalex.org/W4360938695
https://openalex.org/W4368341089
https://openalex.org/W4385064267
https://openalex.org/W4388049643
https://openalex.org/W4389148615
https://openalex.org/W4389612500
https://openalex.org/W2112927627
https://openalex.org/W2014508197
https://openalex.org/W2039970950
https://openalex.org/W2083135298
https://openalex.org/W2331848428
https://openalex.org/W4245687683
https://openalex.org/W2014582815
https://openalex.org/W2037792479
https://openalex.org/W2091688455
https://openalex.org/W1497953153
https://openalex.org/W2036257223
https://openalex.org/W2037411350
https://openalex.org/W2045432377
https://openalex.org/W1593437465
https://openalex.org/W2015231758
https://openalex.org/W2017147275
https://openalex.org/W2074048316
https://openalex.org/W2086391992
https://openalex.org/W2166881944
https://openalex.org/W2000294694
https://openalex.org/W2030140705
https://openalex.org/W2045314595
https://openalex.org/W2061763444
https://openalex.org/W2062965870
https://openalex.org/W2118817031
https://openalex.org/W2138299620
https://openalex.org/W2333664073
https://openalex.org/W4234856678
https://openalex.org/W1986056485
https://openalex.org/W2044866361
https://openalex.org/W2139207373
https://openalex.org/W1984638616
https://openalex.org/W1991493880
https://openalex.org/W2030158649
https://openalex.org/W2038139445
https://openalex.org/W2137555962
https://openalex.org/W1529995879
https://openalex.org/W1970149234
https://openalex.org/W2023719418
https://openalex.org/W2056855750
https://openalex.org/W2063557805
https://openalex.org/W2074518033
https://openalex.org/W2079794190
https://openalex.org/W2133194425
https://openalex.org/W2142138760
https://openalex.org/W2150700302
https://openalex.org/W2027124373
https://openalex.org/W2085785563
https://openalex.org/W2109297891
https://openalex.org/W2951297512
https://openalex.org/W1883653385
https://openalex.org/W1968745969
https://openalex.org/W2050905032
https://openalex.org/W1974730693
https://openalex.org/W2004726905
https://openalex.org/W2052311859
https://openalex.org/W2115684820
https://openalex.org/W2053635729
https://openalex.org/W2079549977
https://openalex.org/W2144621779
https://openalex.org/W1976256001
https://openalex.org/W1979845351
https://openalex.org/W2030715149
https://openalex.org/W2052018285
https://openalex.org/W2106642080
https://openalex.org/W2131635038
https://openalex.org/W2088615387
https://openalex.org/W2146141434
https://openalex.org/W2046609968
https://openalex.org/W1969618525
https://openalex.org/W2084564196
https://openalex.org/W2116031174
https://openalex.org/W2001413209
https://openalex.org/W2012394672
https://openalex.org/W2053030131
https://openalex.org/W1548396498
https://openalex.org/W2015356355
https://openalex.org/W2770928485
https://openalex.org/W2781903982
https://openalex.org/W2799776202
https://openalex.org/W2879241570
https://openalex.org/W2897644908
https://openalex.org/W2898830414
https://openalex.org/W1837405639
https://openalex.org/W1978890185
https://openalex.org/W2051589142
https://openalex.org/W2066579354
https://openalex.org/W2103740577
https://openalex.org/W2116582354
https://openalex.org/W2162710489
https://openalex.org/W2341581607
https://openalex.org/W2524519665
https://openalex.org/W2559876315
https://openalex.org/W2564876773
https://openalex.org/W2604735484
https://openalex.org/W2899538218
https://openalex.org/W2903853926
https://openalex.org/W2192040322
https://openalex.org/W2532930353
https://openalex.org/W2965976042
https://openalex.org/W2998695695
https://openalex.org/W2999867077
https://openalex.org/W3022901036
https://openalex.org/W3039499046
https://openalex.org/W3047968882
https://openalex.org/W2990073403
https://openalex.org/W3028590138
https://openalex.org/W3047462187
https://openalex.org/W3096806995
https://openalex.org/W3174632894
https://openalex.org/W3204795818
https://openalex.org/W4214922743
https://openalex.org/W4220838185
https://openalex.org/W4283824474
https://openalex.org/W2036777591
https://openalex.org/W2042275697
https://openalex.org/W2061646052
https://openalex.org/W2072418739
https://openalex.org/W2002562857
https://openalex.org/W2008144595
https://openalex.org/W2078150180
https://openalex.org/W2092111686
https://openalex.org/W266367350
https://openalex.org/W1538842286
https://openalex.org/W1918606316
https://openalex.org/W1985452795
https://openalex.org/W1997412590
https://openalex.org/W2185796128
https://openalex.org/W1481299426
https://openalex.org/W1980982809
https://openalex.org/W2021093711
https://openalex.org/W2002456074
https://openalex.org/W2035920146
https://openalex.org/W2189071604
https://openalex.org/W1544426281
https://openalex.org/W2068371335
https://openalex.org/W2078757944
https://openalex.org/W2164705157
https://openalex.org/W1965331120
https://openalex.org/W1967970504
https://openalex.org/W2030655700
https://openalex.org/W2045861351
https://openalex.org/W2048050640
https://openalex.org/W2147791855
https://openalex.org/W2157813364
https://openalex.org/W2166010151
https://openalex.org/W1968565440
https://openalex.org/W1981958397
https://openalex.org/W1982976198
https://openalex.org/W1999583059
https://openalex.org/W1984403252
https://openalex.org/W2057773060
https://openalex.org/W2183055246
https://openalex.org/W2065795273
https://openalex.org/W2135986599
https://openalex.org/W342613805
https://openalex.org/W1760158447
https://openalex.org/W2009379505
https://openalex.org/W1557364884
https://openalex.org/W1969945573
https://openalex.org/W1988487096
https://openalex.org/W2034731532
https://openalex.org/W2094130428
https://openalex.org/W1824454246
https://openalex.org/W2126435604
https://openalex.org/W1965417679
https://openalex.org/W1995087335
https://openalex.org/W2043280546
https://openalex.org/W1995168867
https://openalex.org/W1996733291
https://openalex.org/W2140851787
https://openalex.org/W1511317688
https://openalex.org/W1984903221
https://openalex.org/W2088891042
https://openalex.org/W1970491275
https://openalex.org/W1993510438
https://openalex.org/W2081169520
https://openalex.org/W2084084559
https://openalex.org/W2152119463
https://openalex.org/W1971266461
https://openalex.org/W2043365924
https://openalex.org/W2066725724
https://openalex.org/W2314470776
https://openalex.org/W2785516183
https://openalex.org/W2791103926
https://openalex.org/W2803147950
https://openalex.org/W1939480226
https://openalex.org/W1995695898
https://openalex.org/W2058645433
https://openalex.org/W2064553535
https://openalex.org/W2126658398
https://openalex.org/W2137921737
https://openalex.org/W2276593259
https://openalex.org/W2289479073
https://openalex.org/W2337211272
https://openalex.org/W2398577654
https://openalex.org/W2570004081
https://openalex.org/W2768348183
https://openalex.org/W2892189105
https://openalex.org/W2969696779
https://openalex.org/W4242731265
https://openalex.org/W2117007502
https://openalex.org/W2334917172
https://openalex.org/W2340481396
https://openalex.org/W2412192085
https://openalex.org/W2468798511
https://openalex.org/W2559924767
https://openalex.org/W2902503385
https://openalex.org/W2972866087
https://openalex.org/W2985492459
https://openalex.org/W3034128169
https://openalex.org/W3165435270
https://openalex.org/W3190194553
https://openalex.org/W2324566716
https://openalex.org/W4224301045
https://openalex.org/W4226319019
https://openalex.org/W4281820351
https://openalex.org/W4297002817
https://openalex.org/W4313335049
https://openalex.org/W2048868530
https://openalex.org/W2072301028
https://openalex.org/W1991828370
https://openalex.org/W1995367798
https://openalex.org/W2033834172
https://openalex.org/W2066083845
https://openalex.org/W2284635652
https://openalex.org/W2312831387
https://openalex.org/W1965760573
https://openalex.org/W1994661494
https://openalex.org/W2007859675
https://openalex.org/W2031347967
https://openalex.org/W2052990213
https://openalex.org/W2061137370
https://openalex.org/W2079917514
https://openalex.org/W2093957383
https://openalex.org/W4243144766
https://openalex.org/W55458275
https://openalex.org/W125439275
https://openalex.org/W1986245434
https://openalex.org/W2059382854
https://openalex.org/W1986597977
https://openalex.org/W2014054785
https://openalex.org/W2162943360
https://openalex.org/W2314593430
https://openalex.org/W240836040
https://openalex.org/W1988870171
https://openalex.org/W2087042626
https://openalex.org/W1942653454
https://openalex.org/W1993008427
https://openalex.org/W1996703248
https://openalex.org/W2020389574
https://openalex.org/W2044139637
https://openalex.org/W2095420301
https://openalex.org/W61140261
https://openalex.org/W1591134250
https://openalex.org/W1975113145
https://openalex.org/W2033737666
https://openalex.org/W2084566183
https://openalex.org/W2269107038
https://openalex.org/W2000529841
https://openalex.org/W1807654541
https://openalex.org/W1971684589
https://openalex.org/W1975963620
https://openalex.org/W1487273370
https://openalex.org/W1594838349
https://openalex.org/W1997143471
https://openalex.org/W2022842567
https://openalex.org/W2081412115
https://openalex.org/W2526198839
https://openalex.org/W2996243866
https://openalex.org/W1972025972
https://openalex.org/W1978936911
https://openalex.org/W2030766221
https://openalex.org/W1964225955
https://openalex.org/W1970084930
https://openalex.org/W2142168513
https://openalex.org/W1974027677
https://openalex.org/W2051300129
https://openalex.org/W2090464425
https://openalex.org/W2111611673
https://openalex.org/W1965759425
https://openalex.org/W1970237992
https://openalex.org/W1985183908
https://openalex.org/W2026611923
https://openalex.org/W2056376026
https://openalex.org/W2068149861
https://openalex.org/W2339172365
https://openalex.org/W2035113944
https://openalex.org/W139372241
https://openalex.org/W1524454430
https://openalex.org/W1973768397
https://openalex.org/W2031021360
https://openalex.org/W2154946881
https://openalex.org/W2159610989
https://openalex.org/W2317197653
https://openalex.org/W2703622911
https://openalex.org/W2771129992
https://openalex.org/W2804620110
https://openalex.org/W2805388036
https://openalex.org/W2071530882
https://openalex.org/W2095066833
https://openalex.org/W2151433168
https://openalex.org/W2319673465
https://openalex.org/W2561799520
https://openalex.org/W2737232103
https://openalex.org/W2788598996
https://openalex.org/W2835900120
https://openalex.org/W2991143265
https://openalex.org/W3103974802
https://openalex.org/W2463779387
https://openalex.org/W2586793449
https://openalex.org/W2954429910
https://openalex.org/W2987217843
https://openalex.org/W3004357154
https://openalex.org/W3025156517
https://openalex.org/W3040799874
https://openalex.org/W2999003276
https://openalex.org/W3036882609
https://openalex.org/W3042473916
https://openalex.org/W3115368879
https://openalex.org/W3135238383
https://openalex.org/W3183971547
https://openalex.org/W2108707790
https://openalex.org/W2024905784
https://openalex.org/W2126382625
https://openalex.org/W2012032492
https://openalex.org/W2062910206
https://openalex.org/W2124235302
https://openalex.org/W2150149975
https://openalex.org/W2326809803
https://openalex.org/W2407894832
https://openalex.org/W1964551327
https://openalex.org/W1977788652
https://openalex.org/W2049075431
https://openalex.org/W2086390408
https://openalex.org/W2122876503
https://openalex.org/W2444265799
https://openalex.org/W1605325488
https://openalex.org/W1982304475
https://openalex.org/W1987884982
https://openalex.org/W1998984696
https://openalex.org/W2029318686
https://openalex.org/W2048644905
https://openalex.org/W2080031600
https://openalex.org/W2119833867
https://openalex.org/W2317003748
https://openalex.org/W2013517659
https://openalex.org/W2020292985
https://openalex.org/W212307776
https://openalex.org/W2170293966
https://openalex.org/W1968902246
https://openalex.org/W2032089857
https://openalex.org/W2063947235
https://openalex.org/W2078558040
https://openalex.org/W1986877193
https://openalex.org/W1992253840
https://openalex.org/W1997710622
https://openalex.org/W2114769887
https://openalex.org/W2124624484
https://openalex.org/W2151543397
https://openalex.org/W1975523062
https://openalex.org/W2003633356
https://openalex.org/W2019933538
https://openalex.org/W2023738735
https://openalex.org/W2028231084
https://openalex.org/W2034051532
https://openalex.org/W2042963743
https://openalex.org/W2061578691
https://openalex.org/W2097745569
https://openalex.org/W2160862460
https://openalex.org/W2091210692
https://openalex.org/W1545878495
https://openalex.org/W1993533797
https://openalex.org/W2082821998
https://openalex.org/W25691096
https://openalex.org/W1990500876
https://openalex.org/W2089157796
https://openalex.org/W2113045093
https://openalex.org/W1972945184
https://openalex.org/W1973350029
https://openalex.org/W2015170275
https://openalex.org/W2031851733
https://openalex.org/W2033970484
https://openalex.org/W2077245165
https://openalex.org/W2128841623
https://openalex.org/W2418100166
https://openalex.org/W2004262287
https://openalex.org/W2144387062
https://openalex.org/W2325851773
https://openalex.org/W1991232154
https://openalex.org/W2008892309
https://openalex.org/W2033168679
https://openalex.org/W1972694527
https://openalex.org/W1973168262
https://openalex.org/W2063224714
https://openalex.org/W2079823952
https://openalex.org/W2084547054
https://openalex.org/W2114211834
https://openalex.org/W2114227198
https://openalex.org/W2135187349
https://openalex.org/W2153803446
https://openalex.org/W2602155421
https://openalex.org/W2703847254
https://openalex.org/W2768701378
https://openalex.org/W2793673745
https://openalex.org/W2800913796
https://openalex.org/W2801618588
https://openalex.org/W2900423364
https://openalex.org/W2942689782
https://openalex.org/W2946220006
https://openalex.org/W2949644330
https://openalex.org/W2952753321
https://openalex.org/W2962530213
https://openalex.org/W2987688493
https://openalex.org/W2050551259
https://openalex.org/W2172724059
https://openalex.org/W2174563810
https://openalex.org/W2335717595
https://openalex.org/W2403990901
https://openalex.org/W2528359502
https://openalex.org/W2728750498
https://openalex.org/W2907646512
https://openalex.org/W2921419567
https://openalex.org/W2922897422
https://openalex.org/W2951708768
https://openalex.org/W2963181352
https://openalex.org/W2983783750
https://openalex.org/W2052354227
https://openalex.org/W3215368483
https://openalex.org/W4221067008
https://openalex.org/W4225128041
https://openalex.org/W4283719837
https://openalex.org/W4292247949
https://openalex.org/W4293207020
https://openalex.org/W4310074378
https://openalex.org/W2327245702
https://openalex.org/W4294877671
https://openalex.org/W4319294784
https://openalex.org/W4362585476
https://openalex.org/W4362736459
https://openalex.org/W4376650769
https://openalex.org/W4378220667
https://openalex.org/W4378464996
https://openalex.org/W4378741189
https://openalex.org/W4379113053
https://openalex.org/W4381943676
https://openalex.org/W4385822427
https://openalex.org/W4385823169
https://openalex.org/W4386003280
https://openalex.org/W4386065498
https://openalex.org/W4386927087
https://openalex.org/W4387428887
https://openalex.org/W4390318792
https://openalex.org/W2057739348
https://openalex.org/W2438693251
https://openalex.org/W1954890021
https://openalex.org/W1971136170
https://openalex.org/W2042412959
https://openalex.org/W1961870220
https://openalex.org/W2070643965
https://openalex.org/W2076726014
https://openalex.org/W209908596
https://openalex.org/W1998985496
https://openalex.org/W2016794737
https://openalex.org/W2064455299
https://openalex.org/W2074638006
https://openalex.org/W2085773873
https://openalex.org/W2394531194
https://openalex.org/W2317932595
https://openalex.org/W2333476997
https://openalex.org/W1991813021
https://openalex.org/W2150765078
https://openalex.org/W2229213273
https://openalex.org/W2398852859
https://openalex.org/W2021748427
https://openalex.org/W2058750744
https://openalex.org/W2523864377
https://openalex.org/W2001298815
https://openalex.org/W2017976397
https://openalex.org/W2159203825
https://openalex.org/W2235305009
https://openalex.org/W2015006180
https://openalex.org/W2041665462
https://openalex.org/W2052583963
https://openalex.org/W2063832466
https://openalex.org/W2139485987
https://openalex.org/W2141838662
https://openalex.org/W2142713011
https://openalex.org/W2154582649
https://openalex.org/W2071128844
https://openalex.org/W36627414
https://openalex.org/W1968957340
https://openalex.org/W1985075629
https://openalex.org/W2074255191
https://openalex.org/W2092629109
https://openalex.org/W2040405574
https://openalex.org/W2044379891
https://openalex.org/W2059420253
https://openalex.org/W2102356146
https://openalex.org/W2114591169
https://openalex.org/W2129293426
https://openalex.org/W2160797329
https://openalex.org/W2744762863
https://openalex.org/W2789740382
https://openalex.org/W2803071802
https://openalex.org/W2904599829
https://openalex.org/W1661720878
https://openalex.org/W1667579584
https://openalex.org/W1987722714
https://openalex.org/W1987767768
https://openalex.org/W2140199661
https://openalex.org/W2246707986
https://openalex.org/W2468933895
https://openalex.org/W2509100650
https://openalex.org/W2944924730
https://openalex.org/W2103964143
https://openalex.org/W2270131020
https://openalex.org/W2070558394
https://openalex.org/W1993830276
https://openalex.org/W2057843864
https://openalex.org/W2063105380
https://openalex.org/W2091252140
https://openalex.org/W2151541352
https://openalex.org/W1810515927
https://openalex.org/W1980923227
https://openalex.org/W1995652669
https://openalex.org/W1999487380
https://openalex.org/W2005042588
https://openalex.org/W2011444087
https://openalex.org/W2014320776
https://openalex.org/W2043819422
https://openalex.org/W2081054598
https://openalex.org/W2083937670
https://openalex.org/W2088258866
https://openalex.org/W2095013201
https://openalex.org/W2167850785
https://openalex.org/W1969540246
https://openalex.org/W2005924739
https://openalex.org/W2025872555
https://openalex.org/W2042285874
https://openalex.org/W2043853839
https://openalex.org/W2029822572
https://openalex.org/W2068074433
https://openalex.org/W2146816091
https://openalex.org/W3106593610
https://openalex.org/W2005998244
https://openalex.org/W2036517865
https://openalex.org/W1988263887
https://openalex.org/W2008360667
https://openalex.org/W2032386901
https://openalex.org/W2040305481
https://openalex.org/W2121641895
https://openalex.org/W2125119636
https://openalex.org/W2141037898
https://openalex.org/W2149684948
https://openalex.org/W1983666227
https://openalex.org/W1997340493
https://openalex.org/W2001587195
https://openalex.org/W2001596236
https://openalex.org/W2001946507
https://openalex.org/W2095603709
https://openalex.org/W2098794993
https://openalex.org/W1970080651
https://openalex.org/W2012832402
https://openalex.org/W2003396711
https://openalex.org/W2023310052
https://openalex.org/W1964688582
https://openalex.org/W2008196450
https://openalex.org/W1973458103
https://openalex.org/W2109985468
https://openalex.org/W2060280266
https://openalex.org/W2104365300
https://openalex.org/W2106121116
https://openalex.org/W2784290788
https://openalex.org/W1483775554
https://openalex.org/W1575117686
https://openalex.org/W1705649233
https://openalex.org/W1976859952
https://openalex.org/W2036465081
https://openalex.org/W2051957206
https://openalex.org/W2123391240
https://openalex.org/W2124904487
https://openalex.org/W2133505048
https://openalex.org/W2143744193
https://openalex.org/W2244730376
https://openalex.org/W2340100613
https://openalex.org/W2340981676
https://openalex.org/W2742896509
https://openalex.org/W2888512106
https://openalex.org/W2982172040
https://openalex.org/W2983342904
https://openalex.org/W3002339926
https://openalex.org/W3014921851
https://openalex.org/W3015366084
https://openalex.org/W3021182756
https://openalex.org/W3038089725
https://openalex.org/W3112039339
https://openalex.org/W2217954973
https://openalex.org/W3115769387
https://openalex.org/W3121671311
https://openalex.org/W3130732138
https://openalex.org/W3158313179
https://openalex.org/W3168271413
https://openalex.org/W3204066831
https://openalex.org/W2009264463
https://openalex.org/W1826867507
https://openalex.org/W1990323302
https://openalex.org/W38155414
https://openalex.org/W1533807428
https://openalex.org/W2020745788
https://openalex.org/W2048950063
https://openalex.org/W2072759635
https://openalex.org/W2151802695
https://openalex.org/W2950275692
https://openalex.org/W1964666071
https://openalex.org/W1974501682
https://openalex.org/W1986247587
https://openalex.org/W2095760692
https://openalex.org/W2146359195
https://openalex.org/W1965527421
https://openalex.org/W1987248643
https://openalex.org/W2000341227
https://openalex.org/W2027613471
https://openalex.org/W2038840483
https://openalex.org/W2045509002
https://openalex.org/W2096562245
https://openalex.org/W2434563390
https://openalex.org/W2525335842
https://openalex.org/W1970787146
https://openalex.org/W1971402640
https://openalex.org/W2067892006
https://openalex.org/W2106268561
https://openalex.org/W2132947770
https://openalex.org/W2007917661
https://openalex.org/W2029537571
https://openalex.org/W2035701150
https://openalex.org/W2066685371
https://openalex.org/W2224144355
https://openalex.org/W2070184124
https://openalex.org/W2120604039
https://openalex.org/W86098531
https://openalex.org/W1969267981
https://openalex.org/W2026544672
https://openalex.org/W2047804047
https://openalex.org/W2113008286
https://openalex.org/W28538195
https://openalex.org/W1977141678
https://openalex.org/W1990889694
https://openalex.org/W2033914579
https://openalex.org/W2041506237
https://openalex.org/W2060180657
https://openalex.org/W2078186128
https://openalex.org/W2079475269
https://openalex.org/W1865258731
https://openalex.org/W1967912926
https://openalex.org/W1981253867
https://openalex.org/W2000301869
https://openalex.org/W2031673903
https://openalex.org/W2044191889
https://openalex.org/W2046984910
https://openalex.org/W2051026923
https://openalex.org/W2094355210
https://openalex.org/W1896474546
https://openalex.org/W2001932014
https://openalex.org/W2005133768
https://openalex.org/W2032809565
https://openalex.org/W2079936405
https://openalex.org/W2084616126
https://openalex.org/W2400770238
https://openalex.org/W2505068779
https://openalex.org/W2596922606
https://openalex.org/W2611859368
https://openalex.org/W2770558094
https://openalex.org/W2911125015
https://openalex.org/W2912665328
https://openalex.org/W2929614192
https://openalex.org/W2948451044
https://openalex.org/W2952572551
https://openalex.org/W2979075062
https://openalex.org/W2994416465
https://openalex.org/W3010730152
https://openalex.org/W3088514919
https://openalex.org/W4244402222
https://openalex.org/W1995454811
https://openalex.org/W2336034849
https://openalex.org/W3129104283
https://openalex.org/W3181720363
https://openalex.org/W3202701820
https://openalex.org/W3205760904
https://openalex.org/W3120169354
https://openalex.org/W4220670965
https://openalex.org/W4220926602
https://openalex.org/W4283067649
https://openalex.org/W4283278726
https://openalex.org/W4283514998
https://openalex.org/W4297338026
https://openalex.org/W4303710038
https://openalex.org/W4308255670
https://openalex.org/W1601185046
https://openalex.org/W1968386672
https://openalex.org/W2034262685
https://openalex.org/W2052033230
https://openalex.org/W2071871739
https://openalex.org/W2073994482
https://openalex.org/W2211405960
https://openalex.org/W1963786764
https://openalex.org/W2060861927
https://openalex.org/W2065299555
https://openalex.org/W2069615588
https://openalex.org/W130888222
https://openalex.org/W1965115516
https://openalex.org/W1966687570
https://openalex.org/W2013915646
https://openalex.org/W2022025038
https://openalex.org/W2035244188
https://openalex.org/W2046281624
https://openalex.org/W2059773321
https://openalex.org/W2067700981
https://openalex.org/W2469873788
https://openalex.org/W1522414177
https://openalex.org/W2046925305
https://openalex.org/W2070714791
https://openalex.org/W4242634605
https://openalex.org/W590018239
https://openalex.org/W1981969800
https://openalex.org/W2053095222
https://openalex.org/W2115634595
https://openalex.org/W2013601864
https://openalex.org/W2026566828
https://openalex.org/W2116124946
https://openalex.org/W2166962189
https://openalex.org/W2413392518
https://openalex.org/W2001890676
https://openalex.org/W2060921459
https://openalex.org/W1971318453
https://openalex.org/W2081849887
https://openalex.org/W2088688730
https://openalex.org/W2053606241
https://openalex.org/W2792607048
https://openalex.org/W2792704314
https://openalex.org/W2801513904
https://openalex.org/W2808704888
https://openalex.org/W2899726748
https://openalex.org/W1774967790
https://openalex.org/W180392502
https://openalex.org/W1990359535
https://openalex.org/W2008823223
https://openalex.org/W2055667968
https://openalex.org/W2068163980
https://openalex.org/W2085090048
https://openalex.org/W2098777911
https://openalex.org/W2161381384
https://openalex.org/W2168670466
https://openalex.org/W2332463986
https://openalex.org/W2340245928
https://openalex.org/W2405757802
https://openalex.org/W2515992011
https://openalex.org/W2570104598
https://openalex.org/W2623820453
https://openalex.org/W2995141337
https://openalex.org/W3004322932
https://openalex.org/W3010005883
https://openalex.org/W3040064449
https://openalex.org/W3093621062
https://openalex.org/W3112465766
https://openalex.org/W3115579870
https://openalex.org/W2036450978
https://openalex.org/W2057880169
https://openalex.org/W2294333592
https://openalex.org/W1985785918
https://openalex.org/W2013803340
https://openalex.org/W2024736246
https://openalex.org/W2044912335
https://openalex.org/W2133119402
https://openalex.org/W1964097757
https://openalex.org/W1994758673
https://openalex.org/W2064600389
https://openalex.org/W1608940755
https://openalex.org/W1972712234
https://openalex.org/W1990972150
https://openalex.org/W2013648834
https://openalex.org/W2024807495
https://openalex.org/W2042764669
https://openalex.org/W2056343898
https://openalex.org/W52390205
https://openalex.org/W1967905039
https://openalex.org/W1992494704
https://openalex.org/W2011229139
https://openalex.org/W2022351046
https://openalex.org/W2129435583
https://openalex.org/W1986553538
https://openalex.org/W2024794909
https://openalex.org/W2050507060
https://openalex.org/W2055857159
https://openalex.org/W2061638262
https://openalex.org/W1980228315
https://openalex.org/W2001039055
https://openalex.org/W2008697485
https://openalex.org/W2009424563
https://openalex.org/W2014577115
https://openalex.org/W2056658757
https://openalex.org/W2136012330
https://openalex.org/W2407856624
https://openalex.org/W1994133950
https://openalex.org/W2041578962
https://openalex.org/W2067069517
https://openalex.org/W2510711443
https://openalex.org/W2726598463
https://openalex.org/W2760462350
https://openalex.org/W2768259220
https://openalex.org/W2792250540
https://openalex.org/W2803692206
https://openalex.org/W2884933989
https://openalex.org/W2888857151
https://openalex.org/W2902072288
https://openalex.org/W2902322394
https://openalex.org/W2905496187
https://openalex.org/W2921143174
https://openalex.org/W2921975218
https://openalex.org/W2938183724
https://openalex.org/W2980449137
https://openalex.org/W2997590851
https://openalex.org/W1964634934
https://openalex.org/W1988185378
https://openalex.org/W2038671200
https://openalex.org/W2094401530
https://openalex.org/W2153692228
https://openalex.org/W2256228441
https://openalex.org/W2468958451
https://openalex.org/W2508073380
https://openalex.org/W2568352911
https://openalex.org/W2589666400
https://openalex.org/W3132535414
https://openalex.org/W3157014937
https://openalex.org/W3165769904
https://openalex.org/W3168187898
https://openalex.org/W3172030530
https://openalex.org/W3174727721
https://openalex.org/W3179114570
https://openalex.org/W3197632081
https://openalex.org/W4200009405
https://openalex.org/W4200278879
https://openalex.org/W4200361203
https://openalex.org/W4205404249
https://openalex.org/W962766302
https://openalex.org/W1948378849
https://openalex.org/W1985603546
https://openalex.org/W2001605363
https://openalex.org/W2008152918
https://openalex.org/W2026263180
https://openalex.org/W2031201814
https://openalex.org/W2037123339
https://openalex.org/W2055796969
https://openalex.org/W2073592452
https://openalex.org/W2110201520
https://openalex.org/W2152307667
https://openalex.org/W1492950023
https://openalex.org/W1595020601
https://openalex.org/W1909472247
https://openalex.org/W1997188285
https://openalex.org/W2002310684
https://openalex.org/W2053514525
https://openalex.org/W2077959346
https://openalex.org/W2154022098
https://openalex.org/W2313066422
https://openalex.org/W103447239
https://openalex.org/W1999256731
https://openalex.org/W2006776739
https://openalex.org/W2014963455
https://openalex.org/W2023052228
https://openalex.org/W2067602370
https://openalex.org/W2126961401
https://openalex.org/W2416102544
https://openalex.org/W1986408654
https://openalex.org/W2019768567
https://openalex.org/W2021476145
https://openalex.org/W2063318472
https://openalex.org/W2092546872
https://openalex.org/W2097187224
https://openalex.org/W2007535453
https://openalex.org/W2081643798
https://openalex.org/W2099361651
https://openalex.org/W1597584937
https://openalex.org/W1981920969
https://openalex.org/W2024832613
https://openalex.org/W2031947439
https://openalex.org/W2078184453
https://openalex.org/W59516055
https://openalex.org/W1509769141
https://openalex.org/W1968376021
https://openalex.org/W2076926217
https://openalex.org/W2084202790
https://openalex.org/W2590550710
https://openalex.org/W368730666
https://openalex.org/W1966991600
https://openalex.org/W1976697251
https://openalex.org/W1990025156
https://openalex.org/W2000269018
https://openalex.org/W2017864260
https://openalex.org/W2042988002
https://openalex.org/W2044662197
https://openalex.org/W2336422325
https://openalex.org/W2399210684
https://openalex.org/W2404144040
https://openalex.org/W2489988707
https://openalex.org/W2562295809
https://openalex.org/W2589702256
https://openalex.org/W2744649052
https://openalex.org/W2752362667
https://openalex.org/W2763177030
https://openalex.org/W2795986897
https://openalex.org/W2799428203
https://openalex.org/W2809174496
https://openalex.org/W2910099020
https://openalex.org/W2911808536
https://openalex.org/W2915889627
https://openalex.org/W2949585417
https://openalex.org/W2964668704
https://openalex.org/W2983741237
https://openalex.org/W2985982173
https://openalex.org/W3015005526
https://openalex.org/W3022401419
https://openalex.org/W3033296295
https://openalex.org/W3039204656
https://openalex.org/W3082828950
https://openalex.org/W3085035606
https://openalex.org/W65452508
https://openalex.org/W1836213414
https://openalex.org/W1875628804
https://openalex.org/W2123472668
https://openalex.org/W2331655159
https://openalex.org/W2461740443
https://openalex.org/W2526502956
https://openalex.org/W2529800888
https://openalex.org/W4223471575
https://openalex.org/W4229034684
https://openalex.org/W4282831906
https://openalex.org/W4291019372
https://openalex.org/W4294975186
https://openalex.org/W4296143743
https://openalex.org/W4296776282
https://openalex.org/W4301399109
https://openalex.org/W2314114864
https://openalex.org/W2010530819
https://openalex.org/W2018860058
https://openalex.org/W1794756090
https://openalex.org/W1992637021
https://openalex.org/W2435749430
https://openalex.org/W2021641633
https://openalex.org/W2047155565
https://openalex.org/W2094610716
https://openalex.org/W2097072299
https://openalex.org/W2332346686
https://openalex.org/W2419072239
https://openalex.org/W350455240
https://openalex.org/W1973881280
https://openalex.org/W1981986303
https://openalex.org/W2018840128
https://openalex.org/W2073662385
https://openalex.org/W2395651031
https://openalex.org/W4233381156
https://openalex.org/W1963976511
https://openalex.org/W1987207201
https://openalex.org/W1991123726
https://openalex.org/W2009073940
https://openalex.org/W2010656258
https://openalex.org/W2039150760
https://openalex.org/W2048821737
https://openalex.org/W2051737100
https://openalex.org/W2511251744
https://openalex.org/W2036411628
https://openalex.org/W1995283034
https://openalex.org/W2124221718
https://openalex.org/W2124496234
https://openalex.org/W2126022881
https://openalex.org/W2325013746
https://openalex.org/W4236328337
https://openalex.org/W1990866882
https://openalex.org/W2124207124
https://openalex.org/W2150688771
https://openalex.org/W2167709039
https://openalex.org/W2280938119
https://openalex.org/W2317170654
https://openalex.org/W3009744283
https://openalex.org/W3191264234
https://openalex.org/W2329483291
https://openalex.org/W1900181208
https://openalex.org/W2089763888
https://openalex.org/W378185996
https://openalex.org/W1991574177
https://openalex.org/W2084809247
https://openalex.org/W2105841250
https://openalex.org/W2421641297
https://openalex.org/W1964924687
https://openalex.org/W2070455921
https://openalex.org/W2528779525
https://openalex.org/W4232304371
https://openalex.org/W1971153660
https://openalex.org/W19775448
https://openalex.org/W2042370514
https://openalex.org/W2074860586
https://openalex.org/W2075270342
https://openalex.org/W2095325414
https://openalex.org/W2098144040
https://openalex.org/W2151125768
https://openalex.org/W2151575411
https://openalex.org/W2152443048
https://openalex.org/W2408851338
https://openalex.org/W1560219901
https://openalex.org/W2086395184
https://openalex.org/W2141910574
https://openalex.org/W2604134296
https://openalex.org/W2079535507
https://openalex.org/W2146492224
https://openalex.org/W2551138506
https://openalex.org/W2762681228
https://openalex.org/W2767643473
https://openalex.org/W2781399511
https://openalex.org/W2786838008
https://openalex.org/W2810785078
https://openalex.org/W2831014877
https://openalex.org/W2883231533
https://openalex.org/W2896886387
https://openalex.org/W2911970941
https://openalex.org/W2917880652
https://openalex.org/W2938982079
https://openalex.org/W2974109193
https://openalex.org/W2982327281
https://openalex.org/W2986967761
https://openalex.org/W2990137097
https://openalex.org/W2995699965
https://openalex.org/W3004045566
https://openalex.org/W3041298212
https://openalex.org/W3121779517
https://openalex.org/W3138829513
https://openalex.org/W3161969442
https://openalex.org/W3171867537
https://openalex.org/W3185814957
https://openalex.org/W3189668534
https://openalex.org/W3198487647
https://openalex.org/W3203256237
https://openalex.org/W3205239236
https://openalex.org/W3207352552
https://openalex.org/W2402257300
https://openalex.org/W2460113649
https://openalex.org/W2478076753
https://openalex.org/W2565172549
https://openalex.org/W2621258462
https://openalex.org/W3140064356
https://openalex.org/W143980556
https://openalex.org/W1504623893
https://openalex.org/W2043801820
https://openalex.org/W2049183544
https://openalex.org/W2067886993
https://openalex.org/W2101006430
https://openalex.org/W2118510567
https://openalex.org/W2256710994
https://openalex.org/W2397321953
https://openalex.org/W4230248333
https://openalex.org/W150963875
https://openalex.org/W2029710447
https://openalex.org/W2065415185
https://openalex.org/W2071268861
https://openalex.org/W2133608474
https://openalex.org/W2333564685
https://openalex.org/W2411021529
https://openalex.org/W2732406264
https://openalex.org/W297358797
https://openalex.org/W4231777970
https://openalex.org/W2005158604
https://openalex.org/W2086463456
https://openalex.org/W2112953060
https://openalex.org/W2118652802
https://openalex.org/W2128358123
https://openalex.org/W2150067629
https://openalex.org/W2404840772
https://openalex.org/W2466001069
https://openalex.org/W1991007456
https://openalex.org/W1752555338
https://openalex.org/W1967793513
https://openalex.org/W2119481313
https://openalex.org/W2156163563
https://openalex.org/W2312672242
https://openalex.org/W187890788
https://openalex.org/W2010661029
https://openalex.org/W2057737516
https://openalex.org/W120113639
https://openalex.org/W1504686598
https://openalex.org/W1525540481
https://openalex.org/W1570380212
https://openalex.org/W1689140921
https://openalex.org/W1982166443
https://openalex.org/W1983703378
https://openalex.org/W1994944404
https://openalex.org/W1999610692
https://openalex.org/W2001862089
https://openalex.org/W2017081543
https://openalex.org/W2065121326
https://openalex.org/W2077138551
https://openalex.org/W2082238113
https://openalex.org/W2103968292
https://openalex.org/W2114580281
https://openalex.org/W2136563837
https://openalex.org/W2396649372
https://openalex.org/W2398869344
https://openalex.org/W2468601946
https://openalex.org/W2524763584
https://openalex.org/W2901209958
https://openalex.org/W2922300691
https://openalex.org/W4311282747
https://openalex.org/W4313257140
https://openalex.org/W4313682190
https://openalex.org/W4313800247
https://openalex.org/W4313894972
https://openalex.org/W4316877130
https://openalex.org/W4317517306
https://openalex.org/W4322718838
https://openalex.org/W4327589133
https://openalex.org/W4327675644
https://openalex.org/W4327945732
https://openalex.org/W4328049701
https://openalex.org/W4366090725
https://openalex.org/W4366609958
https://openalex.org/W4366974869
https://openalex.org/W4368360799
https://openalex.org/W4376116055
https://openalex.org/W4378446074
https://openalex.org/W4378515087
https://openalex.org/W4379516140
https://openalex.org/W4379522317
https://openalex.org/W4380269560
https://openalex.org/W4381736571
https://openalex.org/W4381852496
https://openalex.org/W4382652712
https://openalex.org/W4383218183
https://openalex.org/W4383987901
https://openalex.org/W4383998130
https://openalex.org/W4385259885
https://openalex.org/W4385403242
https://openalex.org/W4385459208
https://openalex.org/W4385569691
https://openalex.org/W4385728935
https://openalex.org/W4386209736
https://openalex.org/W4386702891
https://openalex.org/W4386841267
https://openalex.org/W4386884211
https://openalex.org/W4386997769
https://openalex.org/W4387190091
https://openalex.org/W4387476189
https://openalex.org/W4387597464
https://openalex.org/W4387692542
https://openalex.org/W4387847197
https://openalex.org/W4388271529
https://openalex.org/W4388871414
https://openalex.org/W4389279907
https://openalex.org/W4389371259
https://openalex.org/W4389484561
https://openalex.org/W4390075511
https://openalex.org/W4390431080
https://openalex.org/W4390758135
https://openalex.org/W4391306337
https://openalex.org/W4391306748
https://openalex.org/W4391424180
https://openalex.org/W4393510225
https://openalex.org/W1559261319
https://openalex.org/W1983388705
https://openalex.org/W2000949784
https://openalex.org/W2006635261
https://openalex.org/W2036279217
https://openalex.org/W2086155195
https://openalex.org/W2096379230
https://openalex.org/W2241252310
https://openalex.org/W1992524595
https://openalex.org/W2017465476
https://openalex.org/W2061085385
https://openalex.org/W2231454014
https://openalex.org/W2530625687
https://openalex.org/W4459375
https://openalex.org/W169296574
https://openalex.org/W1779466729
https://openalex.org/W1802798803
https://openalex.org/W2410464686
https://openalex.org/W2004769523
https://openalex.org/W2040322957
https://openalex.org/W2049150401
https://openalex.org/W2068864054
https://openalex.org/W2170089663
https://openalex.org/W2416500165
https://openalex.org/W34135870
https://openalex.org/W1987854746
https://openalex.org/W2012324395
https://openalex.org/W2069169044
https://openalex.org/W2078591296
https://openalex.org/W2084664321
https://openalex.org/W2576434185
https://openalex.org/W2589062255
https://openalex.org/W2591657249
https://openalex.org/W2599991612
https://openalex.org/W2665882238
https://openalex.org/W2735002433
https://openalex.org/W2770751974
https://openalex.org/W2772863431
https://openalex.org/W2993066346
https://openalex.org/W3124789159
https://openalex.org/W2320812452
https://openalex.org/W17435789
https://openalex.org/W1971418389
https://openalex.org/W1974167798
https://openalex.org/W2003344471
https://openalex.org/W2011613581
https://openalex.org/W2023971680
https://openalex.org/W2054148494
https://openalex.org/W2080063362
https://openalex.org/W2084022730
https://openalex.org/W2156345140
https://openalex.org/W2335693652
https://openalex.org/W2429856499
https://openalex.org/W2431935380
https://openalex.org/W4249369326
https://openalex.org/W2079216673
https://openalex.org/W2038683749
https://openalex.org/W2418409127
https://openalex.org/W111841340
https://openalex.org/W1486074765
https://openalex.org/W1984814485
https://openalex.org/W2013198550
https://openalex.org/W2048076482
https://openalex.org/W2054653017
https://openalex.org/W2065730878
https://openalex.org/W2068150288
https://openalex.org/W2073648219
https://openalex.org/W2074086709
https://openalex.org/W2092186243
https://openalex.org/W2163967324
https://openalex.org/W2410229966
https://openalex.org/W1976941597
https://openalex.org/W2006238208
https://openalex.org/W2047587885
https://openalex.org/W2067770365
https://openalex.org/W2128096436
https://openalex.org/W2161553384
https://openalex.org/W2788864065
https://openalex.org/W2795545259
https://openalex.org/W2806732340
https://openalex.org/W2807737705
https://openalex.org/W2812518929
https://openalex.org/W2890331340
https://openalex.org/W2897683650
https://openalex.org/W2897842552
https://openalex.org/W2897855767
https://openalex.org/W2905034314
https://openalex.org/W2968696188
https://openalex.org/W2977859140
https://openalex.org/W2999512743
https://openalex.org/W3033777782
https://openalex.org/W3039047961
https://openalex.org/W3080564952
https://openalex.org/W3088574031
https://openalex.org/W3088872988
https://openalex.org/W3090069572
https://openalex.org/W3105560694
https://openalex.org/W3129403476
https://openalex.org/W3133378735
https://openalex.org/W3134426328
https://openalex.org/W3157890633
https://openalex.org/W3185350481
https://openalex.org/W3185492746
https://openalex.org/W3201877551
https://openalex.org/W3216715160
https://openalex.org/W4205185376
https://openalex.org/W2252973297
https://openalex.org/W2336968155
https://openalex.org/W2493865555
https://openalex.org/W2512246436
https://openalex.org/W2520779747
https://openalex.org/W2551302462
https://openalex.org/W2559738371
https://openalex.org/W2765216861
https://openalex.org/W3206411553
https://openalex.org/W4205229479
https://openalex.org/W4220938706
https://openalex.org/W4221163454
https://openalex.org/W4226217469
https://openalex.org/W4226224550
https://openalex.org/W4226528304
https://openalex.org/W4229059731
https://openalex.org/W4283120139
https://openalex.org/W4284965992
https://openalex.org/W4295313734
https://openalex.org/W4307783815
https://openalex.org/W4309654234
https://openalex.org/W4311564108
https://openalex.org/W2057460995
https://openalex.org/W2057826227
https://openalex.org/W2062094895
https://openalex.org/W2152902346
https://openalex.org/W154562855
https://openalex.org/W1743161576
https://openalex.org/W1970443715
https://openalex.org/W1982510962
https://openalex.org/W2014365505
https://openalex.org/W2020773886
https://openalex.org/W2020850212
https://openalex.org/W2028915306
https://openalex.org/W2047568692
https://openalex.org/W2048010440
https://openalex.org/W2048145582
https://openalex.org/W2061266242
https://openalex.org/W2080873791
https://openalex.org/W2095286649
https://openalex.org/W2161416967
https://openalex.org/W2399561814
https://openalex.org/W2403568502
https://openalex.org/W4243737983
https://openalex.org/W139061518
https://openalex.org/W1980953174
https://openalex.org/W1982933706
https://openalex.org/W1985472033
https://openalex.org/W1988658933
https://openalex.org/W1999512093
https://openalex.org/W2085141228
https://openalex.org/W2129515306
https://openalex.org/W2137150092
https://openalex.org/W2169222344
https://openalex.org/W1509521358
https://openalex.org/W1983475140
https://openalex.org/W2067345916
https://openalex.org/W2019102260
https://openalex.org/W2039910007
https://openalex.org/W2065527261
https://openalex.org/W2077532011
https://openalex.org/W119088923
https://openalex.org/W147987925
https://openalex.org/W1522513537
https://openalex.org/W1606929014
https://openalex.org/W1680614184
https://openalex.org/W1799719153
https://openalex.org/W1964277088
https://openalex.org/W1970856244
https://openalex.org/W1985811481
https://openalex.org/W2010844283
https://openalex.org/W2029110493
https://openalex.org/W2046266723
https://openalex.org/W2071052866
https://openalex.org/W2079135394
https://openalex.org/W2091037552
https://openalex.org/W2106410342
https://openalex.org/W2112066503
https://openalex.org/W2204551671
https://openalex.org/W2234838921
https://openalex.org/W2276327062
https://openalex.org/W2331912638
https://openalex.org/W2400109807
https://openalex.org/W2404463695
https://openalex.org/W2409982927
https://openalex.org/W2411069281
https://openalex.org/W2417996808
https://openalex.org/W2498551290
https://openalex.org/W2500658062
https://openalex.org/W2509095984
https://openalex.org/W2509106211
https://openalex.org/W2516340389
https://openalex.org/W2988984251
https://openalex.org/W3125355864
https://openalex.org/W4238979768
https://openalex.org/W4285091981
https://openalex.org/W4304758461
https://openalex.org/W4885342
https://openalex.org/W1981577803
https://openalex.org/W2138857990
https://openalex.org/W2330128747
https://openalex.org/W2330744309
https://openalex.org/W2331002410
https://openalex.org/W2331854501
https://openalex.org/W2411520704
https://openalex.org/W2417794986
https://openalex.org/W13780702
https://openalex.org/W1562374802
https://openalex.org/W2084279708
https://openalex.org/W209341416
https://openalex.org/W2463564766
https://openalex.org/W2054000942
https://openalex.org/W2150537619
https://openalex.org/W2417081974
https://openalex.org/W116511696
https://openalex.org/W1984952100
https://openalex.org/W2000468477
https://openalex.org/W2001519786
https://openalex.org/W2017154471
https://openalex.org/W2062516212
https://openalex.org/W2085743643
https://openalex.org/W2087315699
https://openalex.org/W2108309038
https://openalex.org/W2181772107
https://openalex.org/W2211050931
https://openalex.org/W2318522538
https://openalex.org/W2408164869
https://openalex.org/W2466215346
https://openalex.org/W2498902304
https://openalex.org/W4246808895
https://openalex.org/W4323284735
https://openalex.org/W1489993231
https://openalex.org/W1988728059
https://openalex.org/W1992769161
https://openalex.org/W2021617829
https://openalex.org/W204085313
https://openalex.org/W2045530334
https://openalex.org/W2051429475
https://openalex.org/W2053376375
https://openalex.org/W2067598542
https://openalex.org/W2103625207
https://openalex.org/W2111648243
https://openalex.org/W2151726164
https://openalex.org/W2287722166
https://openalex.org/W2316149430
https://openalex.org/W2402108270
https://openalex.org/W2551606090
https://openalex.org/W2576861056
https://openalex.org/W2588267736
https://openalex.org/W2590803562
https://openalex.org/W2611579636
https://openalex.org/W2611972966
https://openalex.org/W2618770853
https://openalex.org/W2738944526
https://openalex.org/W2741199917
https://openalex.org/W2800830320
https://openalex.org/W2811248261
https://openalex.org/W3110537718
https://openalex.org/W4241401941
https://openalex.org/W1511888162
https://openalex.org/W1719870071
https://openalex.org/W1977374408
https://openalex.org/W1980272552
https://openalex.org/W2003813008
https://openalex.org/W2023091020
https://openalex.org/W2033728877
https://openalex.org/W2045043120
https://openalex.org/W2085432896
https://openalex.org/W2089944005
https://openalex.org/W225686759
https://openalex.org/W2332449002
https://openalex.org/W2398860605
https://openalex.org/W2416951427
https://openalex.org/W2003912842
https://openalex.org/W2015149556
https://openalex.org/W2024492584
https://openalex.org/W2034855378
https://openalex.org/W2084860368
https://openalex.org/W2470081869
https://openalex.org/W2606845527
https://openalex.org/W1507500892
https://openalex.org/W4251389650
https://openalex.org/W1606683037
https://openalex.org/W2018002841
https://openalex.org/W2039079293
https://openalex.org/W2041016027
https://openalex.org/W2060136905
https://openalex.org/W2102250379
https://openalex.org/W2145516048
https://openalex.org/W2273503053
https://openalex.org/W2400600586
https://openalex.org/W2416943027
https://openalex.org/W2521273787
https://openalex.org/W2767479079
https://openalex.org/W2772761018
https://openalex.org/W2792582624
https://openalex.org/W2794317383
https://openalex.org/W2802345186
https://openalex.org/W2804433887
https://openalex.org/W2808389327
https://openalex.org/W2884922342
https://openalex.org/W2885837185
https://openalex.org/W2893710448
https://openalex.org/W2898167036
https://openalex.org/W2905034796
https://openalex.org/W2918999962
https://openalex.org/W3012014165
https://openalex.org/W4238044304
https://openalex.org/W4247302635
https://openalex.org/W2314426828
https://openalex.org/W2323715569
https://openalex.org/W2326761105
https://openalex.org/W2066642456
https://openalex.org/W2326195632
https://openalex.org/W2031345620
https://openalex.org/W2071234891
https://openalex.org/W291176794
https://openalex.org/W3109017351
https://openalex.org/W432981218
https://openalex.org/W2091691872
https://openalex.org/W2090959439
https://openalex.org/W2110321202
https://openalex.org/W2465072601
https://openalex.org/W2893493372
https://openalex.org/W2909063969
https://openalex.org/W2921583853
https://openalex.org/W2939097671
https://openalex.org/W2943258677
https://openalex.org/W2945674067
https://openalex.org/W2950168618
https://openalex.org/W2950936196
https://openalex.org/W2972566497
https://openalex.org/W2973839603
https://openalex.org/W2987673875
https://openalex.org/W2989925565
https://openalex.org/W2996825731
https://openalex.org/W3035874924
https://openalex.org/W3047215790
https://openalex.org/W3082789130
https://openalex.org/W3094713310
https://openalex.org/W3097860952
https://openalex.org/W3104117928
https://openalex.org/W3107083850
https://openalex.org/W3110488647
https://openalex.org/W3113824108
https://openalex.org/W3117085648
https://openalex.org/W3120503458
https://openalex.org/W3129265653
https://openalex.org/W3146389573
https://openalex.org/W3155767576
https://openalex.org/W3195960277
https://openalex.org/W4246750370
https://openalex.org/W2322813540
https://openalex.org/W1528224362
https://openalex.org/W1999342517
https://openalex.org/W2014083566
https://openalex.org/W2022809159
https://openalex.org/W2023544420
https://openalex.org/W2127449560
https://openalex.org/W2231959351
https://openalex.org/W2333813738
https://openalex.org/W2418756316
https://openalex.org/W2428856084
https://openalex.org/W1480327032
https://openalex.org/W1798611663
https://openalex.org/W2000895792
https://openalex.org/W2025309089
https://openalex.org/W2048938222
https://openalex.org/W2053208796
https://openalex.org/W2058429543
https://openalex.org/W2059953134
https://openalex.org/W2181345390
https://openalex.org/W2346468031
https://openalex.org/W2409170678
https://openalex.org/W2412851753
https://openalex.org/W2479844365
https://openalex.org/W2491568345
https://openalex.org/W2493743162
https://openalex.org/W2504200134
https://openalex.org/W2511114508
https://openalex.org/W2949847414
https://openalex.org/W1972181820
https://openalex.org/W2035482005
https://openalex.org/W2042941919
https://openalex.org/W2060008102
https://openalex.org/W2892806803
https://openalex.org/W3097495917
https://openalex.org/W3124359651
https://openalex.org/W3131007760
https://openalex.org/W3132885176
https://openalex.org/W3168010188
https://openalex.org/W3173400213
https://openalex.org/W3186372536
https://openalex.org/W3194623677
https://openalex.org/W3195099151
https://openalex.org/W3199849706
https://openalex.org/W3200647642
https://openalex.org/W3201509243
https://openalex.org/W3211209670
https://openalex.org/W3216211718
https://openalex.org/W3216899840
https://openalex.org/W4287031130
https://openalex.org/W135012207
https://openalex.org/W177588198
https://openalex.org/W2045507511
https://openalex.org/W2080119917
https://openalex.org/W2187624319
https://openalex.org/W2276956562
https://openalex.org/W2292953854
https://openalex.org/W2312865387
https://openalex.org/W2508018571
https://openalex.org/W2586057996
https://openalex.org/W2750631694
https://openalex.org/W131141825
https://openalex.org/W1968954866
https://openalex.org/W2018703804
https://openalex.org/W2065348316
https://openalex.org/W2071772487
https://openalex.org/W2320532793
https://openalex.org/W2507882318
https://openalex.org/W837309297
https://openalex.org/W2295624226
https://openalex.org/W2590366623
https://openalex.org/W1968826030
https://openalex.org/W1994243647
https://openalex.org/W2004686286
https://openalex.org/W2056152304
https://openalex.org/W2080303711
https://openalex.org/W2081918947
https://openalex.org/W2089210834
https://openalex.org/W2187614668
https://openalex.org/W2328353913
https://openalex.org/W2403133116
https://openalex.org/W2404900829
https://openalex.org/W2441098068
https://openalex.org/W2985365606
https://openalex.org/W3199575620
https://openalex.org/W320967853
https://openalex.org/W4247324212
https://openalex.org/W2314470644
https://openalex.org/W2316152640
https://openalex.org/W2327079217
https://openalex.org/W2330092432
https://openalex.org/W2332763544
https://openalex.org/W2408990218
https://openalex.org/W2412352118
https://openalex.org/W2437425685
https://openalex.org/W2039456536
https://openalex.org/W2050381781
https://openalex.org/W2109877069
https://openalex.org/W2112451163
https://openalex.org/W2134274017
https://openalex.org/W2278155147
https://openalex.org/W2315717712
https://openalex.org/W2402545933
https://openalex.org/W2504878116
https://openalex.org/W266391060
https://openalex.org/W1994954698
https://openalex.org/W2323035235
https://openalex.org/W2397858006
https://openalex.org/W2417148099
https://openalex.org/W2796603194
https://openalex.org/W4205714149
https://openalex.org/W1231955324
https://openalex.org/W12391775
https://openalex.org/W1413446964
https://openalex.org/W1424631788
https://openalex.org/W1471284
https://openalex.org/W1527850047
https://openalex.org/W1591643713
https://openalex.org/W1655888515
https://openalex.org/W1684891711
https://openalex.org/W1748189117
https://openalex.org/W1898824079
https://openalex.org/W1967010150
https://openalex.org/W1974971069
https://openalex.org/W1989328068
https://openalex.org/W199180056
https://openalex.org/W1994039077
https://openalex.org/W1998011396
https://openalex.org/W2016704494
https://openalex.org/W2025309102
https://openalex.org/W2073715748
https://openalex.org/W2094374273
https://openalex.org/W2111703083
https://openalex.org/W2159751375
https://openalex.org/W2168317789
https://openalex.org/W2185054700
https://openalex.org/W2187284465
https://openalex.org/W2216785349
https://openalex.org/W2240511773
https://openalex.org/W2242388973
https://openalex.org/W2243430019
https://openalex.org/W2243869917
https://openalex.org/W2248745571
https://openalex.org/W2249852151
https://openalex.org/W2251776164
https://openalex.org/W2254916334
https://openalex.org/W2257737721
https://openalex.org/W2263067734
https://openalex.org/W2271862522
https://openalex.org/W2317229282
https://openalex.org/W2318582766
https://openalex.org/W2318945406
https://openalex.org/W2320883792
https://openalex.org/W2321154955
https://openalex.org/W2322967116
https://openalex.org/W2324029007
https://openalex.org/W2326694887
https://openalex.org/W2328374824
https://openalex.org/W2328718394
https://openalex.org/W2329817981
https://openalex.org/W2330247493
https://openalex.org/W2333763805
https://openalex.org/W2335169942
https://openalex.org/W2335501736
https://openalex.org/W2398058846
https://openalex.org/W2399045596
https://openalex.org/W2418810322
https://openalex.org/W2477541368
https://openalex.org/W2479835997
https://openalex.org/W2486448590
https://openalex.org/W2494032120
https://openalex.org/W2496101113
https://openalex.org/W2496265528
https://openalex.org/W2496468863
https://openalex.org/W2501565430
https://openalex.org/W2502138993
https://openalex.org/W2507553127
https://openalex.org/W2514510553
https://openalex.org/W2519086741
https://openalex.org/W2519755066
https://openalex.org/W2520915661
https://openalex.org/W2529112153
https://openalex.org/W2529788898
https://openalex.org/W2530820818
https://openalex.org/W2531870465
https://openalex.org/W2541122477
https://openalex.org/W2550766162
https://openalex.org/W2551256043
https://openalex.org/W2561392314
https://openalex.org/W2562001371
https://openalex.org/W2563791787
https://openalex.org/W2565608014
https://openalex.org/W2566310653
https://openalex.org/W2566760231
https://openalex.org/W2567821440
https://openalex.org/W2567922933
https://openalex.org/W2568236901
https://openalex.org/W2569197585
https://openalex.org/W2569770329
https://openalex.org/W2574881807
https://openalex.org/W2577338270
https://openalex.org/W2584797747
https://openalex.org/W2587890920
https://openalex.org/W2601130402
https://openalex.org/W2614378265
https://openalex.org/W2618805609
https://openalex.org/W2620776158
https://openalex.org/W2623965173
https://openalex.org/W2654877706
https://openalex.org/W2670216219
https://openalex.org/W2737766444
https://openalex.org/W2748695192
https://openalex.org/W2751741132
https://openalex.org/W2753121988
https://openalex.org/W2768128890
https://openalex.org/W2883018091
https://openalex.org/W2899429587
https://openalex.org/W29124312
https://openalex.org/W2977692125
https://openalex.org/W2979026519
https://openalex.org/W3021807928
https://openalex.org/W3031775236
https://openalex.org/W3093188721
https://openalex.org/W3122137233
https://openalex.org/W3124184125
https://openalex.org/W3125802381
https://openalex.org/W3152895823
https://openalex.org/W3157021553
https://openalex.org/W3193093234
https://openalex.org/W40943699
https://openalex.org/W4237896134
https://openalex.org/W4239637753
https://openalex.org/W4246900768
https://openalex.org/W4248043625
https://openalex.org/W4253223874
https://openalex.org/W4256235174
https://openalex.org/W4394408489
https://openalex.org/W601886334
https://openalex.org/W68558041
https://openalex.org/W69054316
https://openalex.org/W835480871
https://openalex.org/W182025121
https://openalex.org/W1984714073
https://openalex.org/W2009910068
https://openalex.org/W2141530739
https://openalex.org/W2314852220
https://openalex.org/W2402489395
https://openalex.org/W2428378021
https://openalex.org/W2461706373
https://openalex.org/W2313981127
https://openalex.org/W2399927985
https://openalex.org/W2413236287
https://openalex.org/W2440952702
https://openalex.org/W2480093242
https://openalex.org/W4233846802
https://openalex.org/W106451312
https://openalex.org/W111313032
https://openalex.org/W135991339
https://openalex.org/W1487432438
https://openalex.org/W1509742183
https://openalex.org/W1510093550
https://openalex.org/W1516748823
https://openalex.org/W1569074575
https://openalex.org/W1672195966
https://openalex.org/W169773919
https://openalex.org/W1814879192
https://openalex.org/W184726791
https://openalex.org/W1923838121
https://openalex.org/W1982812104
https://openalex.org/W1997789639
https://openalex.org/W2012862717
https://openalex.org/W2015000272
https://openalex.org/W2019022623
https://openalex.org/W2022726788
https://openalex.org/W2023188598
https://openalex.org/W2026992576
https://openalex.org/W2034934989
https://openalex.org/W2055326799
https://openalex.org/W2061218272
https://openalex.org/W2065711586
https://openalex.org/W2067661763
https://openalex.org/W2077293230
https://openalex.org/W2078131749
https://openalex.org/W2080513774
https://openalex.org/W2082570432
https://openalex.org/W2084428455
https://openalex.org/W2086688238
https://openalex.org/W2125165719
https://openalex.org/W2145815895
https://openalex.org/W2158766771
https://openalex.org/W2172561463
https://openalex.org/W2181073085
https://openalex.org/W2245033352
https://openalex.org/W2260666495
https://openalex.org/W2286389896
https://openalex.org/W2286945122
https://openalex.org/W2319783302
https://openalex.org/W2322130381
https://openalex.org/W2327578244
https://openalex.org/W2328765001
https://openalex.org/W2333432537
https://openalex.org/W2333448982
https://openalex.org/W2333544122
https://openalex.org/W2363212376
https://openalex.org/W2368804589
https://openalex.org/W2380789234
https://openalex.org/W2382443612
https://openalex.org/W2388633322
https://openalex.org/W2397142100
https://openalex.org/W2409037921
https://openalex.org/W2415101306
https://openalex.org/W2418417481
https://openalex.org/W2418958792
https://openalex.org/W2419779256
https://openalex.org/W2433316418
https://openalex.org/W2486156132
https://openalex.org/W2486890512
https://openalex.org/W2498301378
https://openalex.org/W2525961664
https://openalex.org/W2563467149
https://openalex.org/W2566782849
https://openalex.org/W2605917276
https://openalex.org/W2612335491
https://openalex.org/W2613628991
https://openalex.org/W2621025954
https://openalex.org/W2729314600
https://openalex.org/W2733666782
https://openalex.org/W2746544133
https://openalex.org/W2771008867
https://openalex.org/W2808952250
https://openalex.org/W2899452884
https://openalex.org/W2913373696
https://openalex.org/W2915717606
https://openalex.org/W2921259233
https://openalex.org/W2950658102
https://openalex.org/W2953064554
https://openalex.org/W2978583891
https://openalex.org/W2995943267
https://openalex.org/W2998549871
https://openalex.org/W3012272392
https://openalex.org/W3013049626
https://openalex.org/W3016423349
https://openalex.org/W3016663193
https://openalex.org/W3022422808
https://openalex.org/W3047566021
https://openalex.org/W3088707749
https://openalex.org/W3143273075
https://openalex.org/W3152693258
https://openalex.org/W3162045193
https://openalex.org/W3167254863
https://openalex.org/W3173341343
https://openalex.org/W3183015643
https://openalex.org/W393554459
https://openalex.org/W4205837754
https://openalex.org/W4206537178
https://openalex.org/W4210253549
https://openalex.org/W4230898884
https://openalex.org/W4231290925
https://openalex.org/W4232973179
https://openalex.org/W4235084571
https://openalex.org/W4235917346
https://openalex.org/W4247138204
https://openalex.org/W4248002648
https://openalex.org/W4249377082
https://openalex.org/W4250781127
https://openalex.org/W4251590327
https://openalex.org/W4254386740
https://openalex.org/W426952366
https://openalex.org/W4386196890
https://openalex.org/W4393886982
https://openalex.org/W4394022245
https://openalex.org/W51254034
https://openalex.org/W836687387
https://openalex.org/W92105406
https://openalex.org/W135293346
https://openalex.org/W1971624020
https://openalex.org/W2032975992
https://openalex.org/W2038423853
https://openalex.org/W2093151221
https://openalex.org/W2259839914
https://openalex.org/W2316215827
https://openalex.org/W2320999833
https://openalex.org/W2330290284
https://openalex.org/W2512756140
https://openalex.org/W2766871747
https://openalex.org/W48650500
https://openalex.org/W1992485457
https://openalex.org/W2006231088
https://openalex.org/W2069795613
https://openalex.org/W2092256140
https://openalex.org/W2236075067
https://openalex.org/W2403448204
https://openalex.org/W2412408424
https://openalex.org/W298366780
https://openalex.org/W4234500714
https://openalex.org/W4239682453
https://openalex.org/W4251548085
https://openalex.org/W1019171786
https://openalex.org/W122382955
https://openalex.org/W1530320444
https://openalex.org/W1595139983
https://openalex.org/W183336502
https://openalex.org/W184774316
https://openalex.org/W1983442814
https://openalex.org/W1984894324
https://openalex.org/W1996227242
https://openalex.org/W2001077429
https://openalex.org/W2010004595
https://openalex.org/W2031568654
https://openalex.org/W2037028068
https://openalex.org/W2042554177
https://openalex.org/W2063953252
https://openalex.org/W2079171483
https://openalex.org/W2080991845
https://openalex.org/W2083177040
https://openalex.org/W2089170582
https://openalex.org/W2151487309
https://openalex.org/W2166966281
https://openalex.org/W2185799517
https://openalex.org/W2286940052
https://openalex.org/W2306008956
https://openalex.org/W2325948558
https://openalex.org/W2331886805
https://openalex.org/W2362709875
https://openalex.org/W2395934380
https://openalex.org/W2396260223
https://openalex.org/W2398470683
https://openalex.org/W2411629767
https://openalex.org/W2413546467
https://openalex.org/W2415405823
https://openalex.org/W2416034287
https://openalex.org/W2429052299
https://openalex.org/W2438221174
https://openalex.org/W2464355590
https://openalex.org/W2568780652
https://openalex.org/W2575269625
https://openalex.org/W2578600845
https://openalex.org/W2587970740
https://openalex.org/W2588164454
https://openalex.org/W2588310482
https://openalex.org/W2588345329
https://openalex.org/W2588686891
https://openalex.org/W2588813557
https://openalex.org/W2588929914
https://openalex.org/W2588957881
https://openalex.org/W2589121247
https://openalex.org/W2589673801
https://openalex.org/W2603801907
https://openalex.org/W2604575308
https://openalex.org/W2604690705
https://openalex.org/W2606814929
https://openalex.org/W2610179570
https://openalex.org/W2614833772
https://openalex.org/W2619528236
https://openalex.org/W2619662894
https://openalex.org/W2625048669
https://openalex.org/W2626794161
https://openalex.org/W2715489847
https://openalex.org/W2744952824
https://openalex.org/W2745901900
https://openalex.org/W2746586041
https://openalex.org/W2749931840
https://openalex.org/W2753801452
https://openalex.org/W2754010574
https://openalex.org/W2754922438
https://openalex.org/W2762130809
https://openalex.org/W2765080923
https://openalex.org/W2768282687
https://openalex.org/W2770140483
https://openalex.org/W2770823377
https://openalex.org/W2783237718
https://openalex.org/W2786747150
https://openalex.org/W2796759583
https://openalex.org/W2798060677
https://openalex.org/W2799420436
https://openalex.org/W2800479149
https://openalex.org/W2803825692
https://openalex.org/W2806985097
https://openalex.org/W2904405623
https://openalex.org/W2918609424
https://openalex.org/W2951448871
https://openalex.org/W2971300718
https://openalex.org/W2977057707
https://openalex.org/W2977059091
https://openalex.org/W2987451161
https://openalex.org/W3011289052
https://openalex.org/W3029018586
https://openalex.org/W3029868316
https://openalex.org/W3031916631
https://openalex.org/W3036528534
https://openalex.org/W3120544437
https://openalex.org/W3160435815
https://openalex.org/W3163835851
https://openalex.org/W3173805536
https://openalex.org/W380393806
https://openalex.org/W416281088
https://openalex.org/W4213039369
https://openalex.org/W4238430184
https://openalex.org/W4240616465
https://openalex.org/W4243244383
https://openalex.org/W4243698337
https://openalex.org/W4243851082
https://openalex.org/W4253985961
https://openalex.org/W4254686465
https://openalex.org/W4255548254
https://openalex.org/W4298091553
https://openalex.org/W4298092365
https://openalex.org/W2009616245
https://openalex.org/W2415495993
https://openalex.org/W2528335920
https://openalex.org/W104220282
https://openalex.org/W1546015270
https://openalex.org/W169059851
https://openalex.org/W174392429
https://openalex.org/W1963847340
https://openalex.org/W1989704642
https://openalex.org/W1993157848
https://openalex.org/W2003071325
https://openalex.org/W2008956718
https://openalex.org/W2021430683
https://openalex.org/W2044213922
https://openalex.org/W2046164209
https://openalex.org/W2061660456
https://openalex.org/W2071989320
https://openalex.org/W2075082180
https://openalex.org/W2089342643
https://openalex.org/W2091252827
https://openalex.org/W2147758989
https://openalex.org/W2154187302
https://openalex.org/W2163220313
https://openalex.org/W2213331261
https://openalex.org/W2317407876
https://openalex.org/W2318957897
https://openalex.org/W2324094699
https://openalex.org/W2341807953
https://openalex.org/W2401745148
https://openalex.org/W2410229983
https://openalex.org/W2412965165
https://openalex.org/W2416441451
https://openalex.org/W2473463068
https://openalex.org/W2571524712
https://openalex.org/W2581701790
https://openalex.org/W2591291157
https://openalex.org/W2602892402
https://openalex.org/W2606939221
https://openalex.org/W2739437604
https://openalex.org/W2762205092
https://openalex.org/W2798254298
https://openalex.org/W2886317576
https://openalex.org/W2900845148
https://openalex.org/W2912883065
https://openalex.org/W2920722606
https://openalex.org/W2921405015
https://openalex.org/W2937301686
https://openalex.org/W2953734145
https://openalex.org/W3015301832
https://openalex.org/W3033247616
https://openalex.org/W3034130657
https://openalex.org/W3037659845
https://openalex.org/W3044767153
https://openalex.org/W308181951
https://openalex.org/W3162410476
https://openalex.org/W3170315640
https://openalex.org/W3174894492
https://openalex.org/W4205500592
https://openalex.org/W4221146604
https://openalex.org/W4230446258
https://openalex.org/W4231991020
https://openalex.org/W4232034854
https://openalex.org/W4232155349
https://openalex.org/W4232399958
https://openalex.org/W4237916172
https://openalex.org/W4240112817
https://openalex.org/W4240698764
https://openalex.org/W4242163424
https://openalex.org/W4245170476
https://openalex.org/W4245193837
https://openalex.org/W4248151406
https://openalex.org/W4249590474
https://openalex.org/W4250023050
https://openalex.org/W4250793382
https://openalex.org/W4250813230
https://openalex.org/W4252179774
https://openalex.org/W4254056462
https://openalex.org/W4254555808
https://openalex.org/W4255200819
https://openalex.org/W4255269104
https://openalex.org/W4281951447
https://openalex.org/W4282916647
https://openalex.org/W4283642227
https://openalex.org/W4294132968
https://openalex.org/W4294133002
https://openalex.org/W4296068769
https://openalex.org/W4297875035
https://openalex.org/W4298086651
https://openalex.org/W4307353675
https://openalex.org/W4307455102
https://openalex.org/W4307496961
https://openalex.org/W4307784811
https://openalex.org/W4307784885
https://openalex.org/W4309494779
https://openalex.org/W4310031393
https://openalex.org/W4310031578
https://openalex.org/W4310762968
https://openalex.org/W4311113545
https://openalex.org/W4311801361
https://openalex.org/W4311866253
https://openalex.org/W4312899238
https://openalex.org/W4315926066
https://openalex.org/W600586148
https://openalex.org/W618574104
https://openalex.org/W632983569
https://openalex.org/W822190906
https://openalex.org/W93515515
https://openalex.org/W139251582
https://openalex.org/W1968664691
https://openalex.org/W1977191174
https://openalex.org/W2045353802
https://openalex.org/W2067233972
https://openalex.org/W2091301971
https://openalex.org/W2313557772
https://openalex.org/W2321010196
https://openalex.org/W2331818624
https://openalex.org/W2462937483
https://openalex.org/W2917490062
https://openalex.org/W4237864053
https://openalex.org/W4240953031
https://openalex.org/W4250247936
https://openalex.org/W4252413743
https://openalex.org/W86933959
https://openalex.org/W1165837579
https://openalex.org/W1494971625
https://openalex.org/W1604123882
https://openalex.org/W1941266350
https://openalex.org/W1966901080
https://openalex.org/W1971022607
https://openalex.org/W1972781457
https://openalex.org/W1983826314
https://openalex.org/W1990390849
https://openalex.org/W2041783871
https://openalex.org/W20439608
https://openalex.org/W2062367643
https://openalex.org/W2078469743
https://openalex.org/W2082897588
https://openalex.org/W214024922
https://openalex.org/W2147073807
https://openalex.org/W2172082237
https://openalex.org/W2237057077
https://openalex.org/W2280677309
https://openalex.org/W2316255155
https://openalex.org/W2323471399
https://openalex.org/W2347447247
https://openalex.org/W2399888667
https://openalex.org/W2406065616
https://openalex.org/W2408134588
https://openalex.org/W2410609962
https://openalex.org/W2410814511
https://openalex.org/W2411658387
https://openalex.org/W2413939308
https://openalex.org/W2414758744
https://openalex.org/W2416583364
https://openalex.org/W2431870895
https://openalex.org/W2440883077
https://openalex.org/W2441313553
https://openalex.org/W2469751849
https://openalex.org/W2474152160
https://openalex.org/W2475139394
https://openalex.org/W2570128919
https://openalex.org/W2570572040
https://openalex.org/W2604968160
https://openalex.org/W2790832828
https://openalex.org/W2790869034
https://openalex.org/W2792214268
https://openalex.org/W2797822697
https://openalex.org/W2799295603
https://openalex.org/W2799696305
https://openalex.org/W2800002300
https://openalex.org/W2800974705
https://openalex.org/W2801650569
https://openalex.org/W2801686234
https://openalex.org/W2802194436
https://openalex.org/W2802505763
https://openalex.org/W2803391177
https://openalex.org/W2803584602
https://openalex.org/W2805122084
https://openalex.org/W2808104328
https://openalex.org/W2810349394
https://openalex.org/W2883373083
https://openalex.org/W2888636497
https://openalex.org/W2889433459
https://openalex.org/W2891060584
https://openalex.org/W2892535526
https://openalex.org/W2893588218
https://openalex.org/W2893729475
https://openalex.org/W2894506827
https://openalex.org/W2895904603
https://openalex.org/W2896484617
https://openalex.org/W2897601028
https://openalex.org/W2900961263
https://openalex.org/W2902274511
https://openalex.org/W2903604128
https://openalex.org/W2905134251
https://openalex.org/W2907232882
https://openalex.org/W2908488146
https://openalex.org/W2910723474
https://openalex.org/W2912704223
https://openalex.org/W2913354281
https://openalex.org/W2922318544
https://openalex.org/W2922348317
https://openalex.org/W2941786681
https://openalex.org/W2941893074
https://openalex.org/W2946611320
https://openalex.org/W2947453008
https://openalex.org/W2948387044
https://openalex.org/W2949684746
https://openalex.org/W2950232525
https://openalex.org/W2951096204
https://openalex.org/W2953495256
https://openalex.org/W2953657783
https://openalex.org/W2955544900
https://openalex.org/W2956023520
https://openalex.org/W2958596027
https://openalex.org/W2959415009
https://openalex.org/W2970615226
https://openalex.org/W2976942127
https://openalex.org/W2987759532
https://openalex.org/W2990018234
https://openalex.org/W2990262115
https://openalex.org/W2990544363
https://openalex.org/W2993820708
https://openalex.org/W2994772181
https://openalex.org/W2997932870
https://openalex.org/W3003269967
https://openalex.org/W3029831634
https://openalex.org/W3040855011
https://openalex.org/W3083884742
https://openalex.org/W3088436983
https://openalex.org/W3095669325
https://openalex.org/W3097357554
https://openalex.org/W3107271329
https://openalex.org/W3115182359
https://openalex.org/W3118113103
https://openalex.org/W3149880649
https://openalex.org/W3166152118
https://openalex.org/W3167539499
https://openalex.org/W3173218888
https://openalex.org/W3179462419
https://openalex.org/W3184753572
https://openalex.org/W3186303103
https://openalex.org/W3194076634
https://openalex.org/W3196910986
https://openalex.org/W3204735809
https://openalex.org/W392704138
https://openalex.org/W4212813046
https://openalex.org/W4232145761
https://openalex.org/W4233953228
https://openalex.org/W4234112874
https://openalex.org/W4237564305
https://openalex.org/W4239433725
https://openalex.org/W4239638788
https://openalex.org/W4242129074
https://openalex.org/W4242486442
https://openalex.org/W4244916528
https://openalex.org/W4245572719
https://openalex.org/W4245610823
https://openalex.org/W4247024448
https://openalex.org/W4247468182
https://openalex.org/W4255148925
https://openalex.org/W4255730296
https://openalex.org/W4255775717
https://openalex.org/W4256505927
https://openalex.org/W4256564848
https://openalex.org/W431454038
https://openalex.org/W4385598834
https://openalex.org/W4393429647
https://openalex.org/W4393897521
https://openalex.org/W4394075818
https://openalex.org/W4394158618
https://openalex.org/W4394629618
https://openalex.org/W564830601
https://openalex.org/W80477158
https://openalex.org/W127273511
https://openalex.org/W1451976482
https://openalex.org/W1519217123
https://openalex.org/W1963590167
https://openalex.org/W1971741475
https://openalex.org/W1974931730
https://openalex.org/W2026432727
https://openalex.org/W2066916553
https://openalex.org/W2071851233
https://openalex.org/W2093401647
https://openalex.org/W2105648002
https://openalex.org/W2178863997
https://openalex.org/W2318266016
https://openalex.org/W2318275131
https://openalex.org/W2327132721
https://openalex.org/W2397322923
https://openalex.org/W2399662851
https://openalex.org/W2409747271
https://openalex.org/W2414728704
https://openalex.org/W2416952550
https://openalex.org/W2416981845
https://openalex.org/W2423661194
https://openalex.org/W2581881997
https://openalex.org/W584192208
https://openalex.org/W58472979
https://openalex.org/W1175072207
https://openalex.org/W1481683813
https://openalex.org/W1513049203
https://openalex.org/W1514195651
https://openalex.org/W1545253715
https://openalex.org/W1709048857
https://openalex.org/W1915617220
https://openalex.org/W1979473745
https://openalex.org/W1985647167
https://openalex.org/W1999883467
https://openalex.org/W2007044572
https://openalex.org/W2031451730
https://openalex.org/W2036695510
https://openalex.org/W2036740063
https://openalex.org/W2057778303
https://openalex.org/W2062885252
https://openalex.org/W2063091533
https://openalex.org/W2067093069
https://openalex.org/W2092896273
https://openalex.org/W2154694787
https://openalex.org/W2163032145
https://openalex.org/W2164529015
https://openalex.org/W2168290413
https://openalex.org/W2185877161
https://openalex.org/W2259679083
https://openalex.org/W2278929951
https://openalex.org/W2320567060
https://openalex.org/W2335258353
https://openalex.org/W2372048515
https://openalex.org/W2408575943
https://openalex.org/W2465667093
https://openalex.org/W2570538171
https://openalex.org/W2588924847
https://openalex.org/W2593977557
https://openalex.org/W2610289399
https://openalex.org/W2613947294
https://openalex.org/W2888569429
https://openalex.org/W2912732133
https://openalex.org/W2917856575
https://openalex.org/W2923109273
https://openalex.org/W2987953398
https://openalex.org/W2996750665
https://openalex.org/W3000697669
https://openalex.org/W3010060490
https://openalex.org/W3011781898
https://openalex.org/W3015351832
https://openalex.org/W3016698736
https://openalex.org/W3021226968
https://openalex.org/W3022153882
https://openalex.org/W3022160269
https://openalex.org/W3023382973
https://openalex.org/W3023441439
https://openalex.org/W3027597656
https://openalex.org/W3032904473
https://openalex.org/W3033352435
https://openalex.org/W3033471456
https://openalex.org/W3033839206
https://openalex.org/W3035422209
https://openalex.org/W3035611793
https://openalex.org/W3036097653
https://openalex.org/W3042873948
https://openalex.org/W3047113494
https://openalex.org/W3080570199
https://openalex.org/W3082456152
https://openalex.org/W3091868142
https://openalex.org/W3092011120
https://openalex.org/W3092453795
https://openalex.org/W3093922106
https://openalex.org/W3094524587
https://openalex.org/W3095184399
https://openalex.org/W3096001276
https://openalex.org/W3098754668
https://openalex.org/W3102999593
https://openalex.org/W3105581387
https://openalex.org/W3107939798
https://openalex.org/W3112635824
https://openalex.org/W3113273686
https://openalex.org/W3113356573
https://openalex.org/W3121837564
https://openalex.org/W3137723114
https://openalex.org/W3150347864
https://openalex.org/W3153418057
https://openalex.org/W3157138822
https://openalex.org/W3157441898
https://openalex.org/W3158870083
https://openalex.org/W3160781507
https://openalex.org/W3163629195
https://openalex.org/W3172818398
https://openalex.org/W3181529018
https://openalex.org/W363637666
https://openalex.org/W4231475375
https://openalex.org/W4231523821
https://openalex.org/W4231695884
https://openalex.org/W4232140935
https://openalex.org/W4234928007
https://openalex.org/W4235301936
https://openalex.org/W4238232026
https://openalex.org/W4239850256
https://openalex.org/W4246919373
https://openalex.org/W4248895206
https://openalex.org/W4249347041
https://openalex.org/W4251407557
https://openalex.org/W4256123834
https://openalex.org/W4287674142
https://openalex.org/W618803170
https://openalex.org/W1993237822
https://openalex.org/W2070979653
https://openalex.org/W2086033832
https://openalex.org/W2266837812
https://openalex.org/W2285441921
https://openalex.org/W2295575074
https://openalex.org/W2317257598
https://openalex.org/W2415620141
https://openalex.org/W2418339812
https://openalex.org/W2465055632
https://openalex.org/W264864872
https://openalex.org/W39045518
https://openalex.org/W1559704677
https://openalex.org/W1573576463
https://openalex.org/W179157504
https://openalex.org/W182022217
https://openalex.org/W1971463060
https://openalex.org/W1992239649
https://openalex.org/W2017221382
https://openalex.org/W2048095543
https://openalex.org/W2113314682
https://openalex.org/W2151071086
https://openalex.org/W2231866927
https://openalex.org/W2278261362
https://openalex.org/W2326299265
https://openalex.org/W2329068641
https://openalex.org/W2379041911
https://openalex.org/W2397544519
https://openalex.org/W2404888225
https://openalex.org/W2408108293
https://openalex.org/W2409208641
https://openalex.org/W2412284405
https://openalex.org/W2413289411
https://openalex.org/W2414499973
https://openalex.org/W2417073639
https://openalex.org/W2418151165
https://openalex.org/W2434996302
https://openalex.org/W2437704161
https://openalex.org/W2440184387
https://openalex.org/W2442541747
https://openalex.org/W2462759095
https://openalex.org/W2465835643
https://openalex.org/W2473844614
https://openalex.org/W2475203768
https://openalex.org/W2514727435
https://openalex.org/W2515859428
https://openalex.org/W2538140673
https://openalex.org/W2570998695
https://openalex.org/W2766973927
https://openalex.org/W2790599950
https://openalex.org/W3215683891
https://openalex.org/W4256606030
https://openalex.org/W4393477499
https://openalex.org/W4393603470
https://openalex.org/W628754566
https://openalex.org/W1505576852
https://openalex.org/W1832247748
https://openalex.org/W2007197051
https://openalex.org/W2040443576
https://openalex.org/W2055910904
https://openalex.org/W2083720395
https://openalex.org/W2087371113
https://openalex.org/W2090317066
https://openalex.org/W2159632698
https://openalex.org/W2312903816
https://openalex.org/W2319645658
https://openalex.org/W2320643608
https://openalex.org/W2323986735
https://openalex.org/W2331427029
https://openalex.org/W2333500832
https://openalex.org/W2366869319
https://openalex.org/W2373388810
https://openalex.org/W2400670442
https://openalex.org/W2409704843
https://openalex.org/W2439491633
https://openalex.org/W2950077419
https://openalex.org/W2953057786
https://openalex.org/W3001513190
https://openalex.org/W3003871310
https://openalex.org/W3034310981
https://openalex.org/W3122219251
https://openalex.org/W3127991024
https://openalex.org/W3152692963
https://openalex.org/W3158546460
https://openalex.org/W3164255007
https://openalex.org/W3164741437
https://openalex.org/W3164785476
https://openalex.org/W3164820214
https://openalex.org/W3167354310
https://openalex.org/W3168765235
https://openalex.org/W3176599495
https://openalex.org/W3179421815
https://openalex.org/W3185083145
https://openalex.org/W3198706983
https://openalex.org/W3199716729
https://openalex.org/W3199973383
https://openalex.org/W3204927010
https://openalex.org/W3207848382
https://openalex.org/W3208801420
https://openalex.org/W3210520851
https://openalex.org/W3215185769
https://openalex.org/W3216772799
https://openalex.org/W351760992
https://openalex.org/W378811717
https://openalex.org/W403364291
https://openalex.org/W4200152065
https://openalex.org/W4200326463
https://openalex.org/W4200500903
https://openalex.org/W4205222751
https://openalex.org/W4206154213
https://openalex.org/W4226119432
https://openalex.org/W4242669197
https://openalex.org/W4242727697
https://openalex.org/W4243436609
https://openalex.org/W4253816749
https://openalex.org/W4286907016
https://openalex.org/W4286907181
https://openalex.org/W4287199948
https://openalex.org/W4386660802
https://openalex.org/W4386661148
https://openalex.org/W578945037
https://openalex.org/W1002584665
https://openalex.org/W1648059227
https://openalex.org/W1966972530
https://openalex.org/W1972926813
https://openalex.org/W1983835588
https://openalex.org/W2008976949
https://openalex.org/W2044701804
https://openalex.org/W2047969021
https://openalex.org/W2051827849
https://openalex.org/W2057659759
https://openalex.org/W2075961066
https://openalex.org/W2102088827
https://openalex.org/W2140799156
https://openalex.org/W2202585863
https://openalex.org/W2291777419
https://openalex.org/W2301759175
https://openalex.org/W2322557954
https://openalex.org/W2333053420
https://openalex.org/W2360965891
https://openalex.org/W2405307013
https://openalex.org/W2407428004
https://openalex.org/W2419849626
https://openalex.org/W2461157737
https://openalex.org/W2461438162
https://openalex.org/W2473921971
https://openalex.org/W2486376741
https://openalex.org/W2506626578
https://openalex.org/W2518300778
https://openalex.org/W2519499111
https://openalex.org/W2528203092
https://openalex.org/W2581792108
https://openalex.org/W2582923250
https://openalex.org/W2589033325
https://openalex.org/W2764362311
https://openalex.org/W281617296
https://openalex.org/W2920284610
https://openalex.org/W2949575857
https://openalex.org/W2950790686
https://openalex.org/W2950995191
https://openalex.org/W2951067604
https://openalex.org/W2951352284
https://openalex.org/W2952798421
https://openalex.org/W3025750991
https://openalex.org/W323844390
https://openalex.org/W396038144
https://openalex.org/W410995732
https://openalex.org/W4210949356
https://openalex.org/W4237510133
https://openalex.org/W4239830933
https://openalex.org/W4242708398
https://openalex.org/W4245724659
https://openalex.org/W2322711153
https://openalex.org/W237002078
https://openalex.org/W2411554136
https://openalex.org/W2413945438
https://openalex.org/W2415388400
https://openalex.org/W2469378897
https://openalex.org/W2508438594
https://openalex.org/W2513901726
https://openalex.org/W2584074582
https://openalex.org/W2593403533
https://openalex.org/W2727484919
https://openalex.org/W4312461689
https://openalex.org/W62850662
https://openalex.org/W1430220811
https://openalex.org/W1999810350
https://openalex.org/W2059886670
https://openalex.org/W206055416
https://openalex.org/W2275755118
https://openalex.org/W2287141850
https://openalex.org/W2300877379
https://openalex.org/W2311844361
https://openalex.org/W2314931059
https://openalex.org/W2318594966
https://openalex.org/W2321863499
https://openalex.org/W2327024683
https://openalex.org/W2327190350
https://openalex.org/W2336815777
https://openalex.org/W2396652130
https://openalex.org/W2398496214
https://openalex.org/W2405143187
https://openalex.org/W2418959562
https://openalex.org/W2477315246
https://openalex.org/W2578501846
https://openalex.org/W2586258910
https://openalex.org/W2589828522
https://openalex.org/W2605777415
https://openalex.org/W2911402421
https://openalex.org/W2949062865
https://openalex.org/W2949366027
https://openalex.org/W2950226204
https://openalex.org/W2950298399
https://openalex.org/W2951192364
https://openalex.org/W2952269903
https://openalex.org/W2952398052
https://openalex.org/W2953137307
https://openalex.org/W2992717131
https://openalex.org/W3000605806
https://openalex.org/W3170625289
https://openalex.org/W351412018
https://openalex.org/W373017182
https://openalex.org/W4233603644
https://openalex.org/W4245966745
https://openalex.org/W4393490473
https://openalex.org/W4393882023
https://openalex.org/W617379905
https://openalex.org/W1045289585
https://openalex.org/W1536351446
https://openalex.org/W1850804132
https://openalex.org/W1975048909
https://openalex.org/W1978810085
https://openalex.org/W2005729117
https://openalex.org/W2011451616
https://openalex.org/W2018212462
https://openalex.org/W2031802635
https://openalex.org/W2036173151
https://openalex.org/W2045848023
https://openalex.org/W2048333583
https://openalex.org/W2059220430
https://openalex.org/W2065932344
https://openalex.org/W2067618913
https://openalex.org/W2069490737
https://openalex.org/W2070547495
https://openalex.org/W2080331570
https://openalex.org/W2095486323
https://openalex.org/W2133125827
https://openalex.org/W2203595333
https://openalex.org/W2211028742
https://openalex.org/W2271605612
https://openalex.org/W2292835333
https://openalex.org/W2322844227
https://openalex.org/W2329992336
https://openalex.org/W2399940414
https://openalex.org/W2400380778
https://openalex.org/W2407152301
https://openalex.org/W2409544189
https://openalex.org/W2419580819
https://openalex.org/W2428868050
https://openalex.org/W2462126293
https://openalex.org/W2465460979
https://openalex.org/W2469351473
https://openalex.org/W2469641025
https://openalex.org/W2473625298
https://openalex.org/W2510307447
https://openalex.org/W2581464950
https://openalex.org/W2589458123
https://openalex.org/W260352849
https://openalex.org/W2783243843
https://openalex.org/W2809121800
https://openalex.org/W2891528017
https://openalex.org/W2949333182
https://openalex.org/W2950585409
https://openalex.org/W2951824350
https://openalex.org/W2990242345
https://openalex.org/W2999605571
https://openalex.org/W3012425167
https://openalex.org/W3041642053
https://openalex.org/W3041780525
https://openalex.org/W3043942930
https://openalex.org/W3090444648
https://openalex.org/W3092779319
https://openalex.org/W3100119171
https://openalex.org/W3103724649
https://openalex.org/W3160977699
https://openalex.org/W3201104371
https://openalex.org/W3209586104
https://openalex.org/W346826927
https://openalex.org/W4230517704
https://openalex.org/W4230727125
https://openalex.org/W4237184942
https://openalex.org/W4245128045
https://openalex.org/W4248362736
https://openalex.org/W4249206071
https://openalex.org/W4251419424
https://openalex.org/W4255890059
https://openalex.org/W4302557818
https://openalex.org/W4390076651
https://openalex.org/W619416680
https://openalex.org/W147810217
https://openalex.org/W153110258
https://openalex.org/W1673365476
https://openalex.org/W1930145764
https://openalex.org/W2047293292
https://openalex.org/W2064035168
https://openalex.org/W2067304392
https://openalex.org/W2085901919
https://openalex.org/W2290458720
https://openalex.org/W2312793413
https://openalex.org/W2320769829
https://openalex.org/W2326333746
https://openalex.org/W2329015435
https://openalex.org/W2404512107
https://openalex.org/W2409083235
https://openalex.org/W2413847592
https://openalex.org/W2417468069
https://openalex.org/W2437057282
https://openalex.org/W2466594366
https://openalex.org/W2467470000
https://openalex.org/W2472335072
https://openalex.org/W2474266596
https://openalex.org/W2484624835
https://openalex.org/W2574492914
https://openalex.org/W2578632915
https://openalex.org/W2605693914
https://openalex.org/W2949393423
https://openalex.org/W2949431334
https://openalex.org/W2949667740
https://openalex.org/W2952251721
https://openalex.org/W2953130151
https://openalex.org/W2991111656
https://openalex.org/W3010095540
https://openalex.org/W3020893743
https://openalex.org/W3043908348
https://openalex.org/W313680198
https://openalex.org/W3200323544
https://openalex.org/W3202917111
https://openalex.org/W377174657
https://openalex.org/W4239396765
https://openalex.org/W4244500033
https://openalex.org/W4255532128
https://openalex.org/W52066845
https://openalex.org/W562318298
https://openalex.org/W582998186
https://openalex.org/W592860190
https://openalex.org/W640938950
https://openalex.org/W943094228
https://openalex.org/W1038113751
https://openalex.org/W1512271129
https://openalex.org/W1570069697
https://openalex.org/W1965679487
https://openalex.org/W1977194883
https://openalex.org/W1994086860
https://openalex.org/W2012199049
https://openalex.org/W2014633091
https://openalex.org/W2020165945
https://openalex.org/W2026108240
https://openalex.org/W2029253325
https://openalex.org/W2030107057
https://openalex.org/W2037752627
https://openalex.org/W2039486282
https://openalex.org/W2044955674
https://openalex.org/W2050961517
https://openalex.org/W2053767373
https://openalex.org/W2068289467
https://openalex.org/W2075023092
https://openalex.org/W2077841330
https://openalex.org/W2093109425
https://openalex.org/W2094656208
https://openalex.org/W2184036498
https://openalex.org/W224065802
https://openalex.org/W2307476677
https://openalex.org/W2315468681
https://openalex.org/W2315518640
https://openalex.org/W2315920226
https://openalex.org/W2316913365
https://openalex.org/W2317645607
https://openalex.org/W2318410573
https://openalex.org/W2322923928
https://openalex.org/W2325076783
https://openalex.org/W2328673313
https://openalex.org/W2329524352
https://openalex.org/W2331751085
https://openalex.org/W2338951170
https://openalex.org/W2395074383
https://openalex.org/W2399831923
https://openalex.org/W2401011304
https://openalex.org/W2407283465
https://openalex.org/W2407784739
https://openalex.org/W2408176963
https://openalex.org/W2411496076
https://openalex.org/W2412835587
https://openalex.org/W2418632257
https://openalex.org/W2419101607
https://openalex.org/W2420244559
https://openalex.org/W2427901773
https://openalex.org/W2431482396
https://openalex.org/W2460189316
https://openalex.org/W2464727630
https://openalex.org/W2467652795
https://openalex.org/W2468043730
https://openalex.org/W2469398566
https://openalex.org/W2475052633
https://openalex.org/W2475195546
https://openalex.org/W2491140401
https://openalex.org/W2505052481
https://openalex.org/W2511873528
https://openalex.org/W2511943966
https://openalex.org/W2528362081
https://openalex.org/W2529396672
https://openalex.org/W25339846
https://openalex.org/W2534297860
https://openalex.org/W2563348799
https://openalex.org/W256845382
https://openalex.org/W2568569485
https://openalex.org/W2591151469
https://openalex.org/W2608493298
https://openalex.org/W2733023090
https://openalex.org/W2751388191
https://openalex.org/W2764478847
https://openalex.org/W2764972316
https://openalex.org/W2764998385
https://openalex.org/W2788928562
https://openalex.org/W28747358
https://openalex.org/W2931453298
https://openalex.org/W2949593766
https://openalex.org/W2950361083
https://openalex.org/W2953280114
https://openalex.org/W2999556222
https://openalex.org/W3004092787
https://openalex.org/W3162968597
https://openalex.org/W3172657130
https://openalex.org/W31734739
https://openalex.org/W3206876207
https://openalex.org/W3212856239
https://openalex.org/W333686915
https://openalex.org/W343055592
https://openalex.org/W351446346
https://openalex.org/W35147860
https://openalex.org/W363587522
https://openalex.org/W364916746
https://openalex.org/W39940445
https://openalex.org/W412320096
https://openalex.org/W419567568
https://openalex.org/W48969851
https://openalex.org/W566488324
https://openalex.org/W589735647
https://openalex.org/W597766301
https://openalex.org/W63229457
https://openalex.org/W655642212
https://openalex.org/W931741547
https://openalex.org/W2743780012
https://openalex.org/W1964641132
https://openalex.org/W2005687876
https://openalex.org/W1882000641
https://openalex.org/W4225403198
https://openalex.org/W3134120608
https://openalex.org/W2074457840
https://openalex.org/W2082830752
https://openalex.org/W2091733217
https://openalex.org/W2118749186
https://openalex.org/W3099561884
https://openalex.org/W2148844122
https://openalex.org/W2137281439
https://openalex.org/W2117519362
https://openalex.org/W2063069198
https://openalex.org/W1975334707
https://openalex.org/W2159416050
https://openalex.org/W1619524873
https://openalex.org/W2067180763
https://openalex.org/W2070417057
https://openalex.org/W2024062662
https://openalex.org/W1982751609
https://openalex.org/W2017779699
https://openalex.org/W2527801949
https://openalex.org/W2062525878
https://openalex.org/W2085033676
https://openalex.org/W2789491284
https://openalex.org/W2066077386
https://openalex.org/W2562987464
https://openalex.org/W3034989043
https://openalex.org/W2037535091
https://openalex.org/W2169445235
https://openalex.org/W3162194652
https://openalex.org/W2340791093
https://openalex.org/W2018142953
https://openalex.org/W2791222159
https://openalex.org/W3026649066
https://openalex.org/W3100708836
https://openalex.org/W4221088472
https://openalex.org/W2970759956
https://openalex.org/W3035367255
https://openalex.org/W4309472441
https://openalex.org/W3105613063
https://openalex.org/W3087303099
https://openalex.org/W3165164686
https://openalex.org/W3092697257
https://openalex.org/W4220769031
https://openalex.org/W4210446995
https://openalex.org/W4301366342
https://openalex.org/W4321479797
https://openalex.org/W4320482263
https://openalex.org/W4318928085
https://openalex.org/W4390206488
https://openalex.org/W2048672426
https://openalex.org/W2044867573
https://openalex.org/W2121500558
https://openalex.org/W1983968111
https://openalex.org/W2105631098
https://openalex.org/W2142048338
https://openalex.org/W344895586
https://openalex.org/W2093680702
https://openalex.org/W1966035202
https://openalex.org/W2156067661
https://openalex.org/W2054236226
https://openalex.org/W2062646622
https://openalex.org/W2023546954
https://openalex.org/W1995913875
https://openalex.org/W2054952000
https://openalex.org/W2088679601
https://openalex.org/W2123964155
https://openalex.org/W2023548299
https://openalex.org/W2054543839
https://openalex.org/W1976977741
https://openalex.org/W2065429082
https://openalex.org/W2028513543
https://openalex.org/W1977873926
https://openalex.org/W2084336650
https://openalex.org/W2081048670
https://openalex.org/W2078914776
https://openalex.org/W2100383758
https://openalex.org/W2141012240
https://openalex.org/W1997789859
https://openalex.org/W2122809058
https://openalex.org/W2012330899
https://openalex.org/W2028902671
https://openalex.org/W1981574178
https://openalex.org/W2066389668
https://openalex.org/W2097147116
https://openalex.org/W2102929728
https://openalex.org/W1970667120
https://openalex.org/W2056840383
https://openalex.org/W2604785265
https://openalex.org/W2008113502
https://openalex.org/W2024277966
https://openalex.org/W2095127865
https://openalex.org/W2466930957
https://openalex.org/W2054349974
https://openalex.org/W2100536779
https://openalex.org/W2146008898
https://openalex.org/W2066075271
https://openalex.org/W2035335782
https://openalex.org/W2154741636
https://openalex.org/W1983635239
https://openalex.org/W3099933016
https://openalex.org/W2902766327
https://openalex.org/W2059777588
https://openalex.org/W2136750283
https://openalex.org/W2775510260
https://openalex.org/W2200435676
https://openalex.org/W2014677380
https://openalex.org/W2114981792
https://openalex.org/W2289264398
https://openalex.org/W2985938182
https://openalex.org/W1585889019
https://openalex.org/W1535900728
https://openalex.org/W2028053857
https://openalex.org/W2586526934
https://openalex.org/W2602854892
https://openalex.org/W2409969188
https://openalex.org/W3104731129
https://openalex.org/W2192031548
https://openalex.org/W2800950587
https://openalex.org/W2888191058
https://openalex.org/W2954408957
https://openalex.org/W1140943376
https://openalex.org/W2761995680
https://openalex.org/W3003719033
https://openalex.org/W2060776215
https://openalex.org/W2807184855
https://openalex.org/W2002670936
https://openalex.org/W1936176655
https://openalex.org/W1968794535
https://openalex.org/W2667615174
https://openalex.org/W2042524405
https://openalex.org/W2792610293
https://openalex.org/W3039346021
https://openalex.org/W2207786937
https://openalex.org/W3092103327
https://openalex.org/W2741030453
https://openalex.org/W2743884226
https://openalex.org/W2775900586
https://openalex.org/W3013753681
https://openalex.org/W2919354217
https://openalex.org/W3091585140
https://openalex.org/W3093272769
https://openalex.org/W3073390487
https://openalex.org/W3021593259
https://openalex.org/W3032695106
https://openalex.org/W3102064110
https://openalex.org/W3160056982
https://openalex.org/W3123822570
https://openalex.org/W3186467023
https://openalex.org/W4225270811
https://openalex.org/W4221096374
https://openalex.org/W4285586654
https://openalex.org/W4293780457
https://openalex.org/W4205307011
https://openalex.org/W4225323837
https://openalex.org/W4312444931
https://openalex.org/W4225422226
https://openalex.org/W4288051589
https://openalex.org/W4225316131
https://openalex.org/W4307078161
https://openalex.org/W4292400347
https://openalex.org/W4310017080
https://openalex.org/W4225087524
https://openalex.org/W4379016099
https://openalex.org/W4388489975
https://openalex.org/W2026727054
https://openalex.org/W2049729563
https://openalex.org/W2001414833
https://openalex.org/W2010822856
https://openalex.org/W2077948125
https://openalex.org/W2058504047
https://openalex.org/W2105350683
https://openalex.org/W2085590824
https://openalex.org/W2161523238
https://openalex.org/W4327673482
https://openalex.org/W2115933524
https://openalex.org/W2119520483
https://openalex.org/W1969907715
https://openalex.org/W2078814775
https://openalex.org/W1975090276
https://openalex.org/W2022942176
https://openalex.org/W1974136278
https://openalex.org/W2145413804
https://openalex.org/W2054078717
https://openalex.org/W2066795020
https://openalex.org/W2072427719
https://openalex.org/W1594136852
https://openalex.org/W1585064057
https://openalex.org/W2058875818
https://openalex.org/W2133644056
https://openalex.org/W2138451308
https://openalex.org/W2077516839
https://openalex.org/W2145046367
https://openalex.org/W2056696882
https://openalex.org/W2130985530
https://openalex.org/W2171601824
https://openalex.org/W1996804019
https://openalex.org/W2066060332
https://openalex.org/W1997146181
https://openalex.org/W1980993953
https://openalex.org/W2005070648
https://openalex.org/W2146810938
https://openalex.org/W2333691128
https://openalex.org/W2048521817
https://openalex.org/W2027090034
https://openalex.org/W2091224289
https://openalex.org/W2099260783
https://openalex.org/W2337448127
https://openalex.org/W1482176811
https://openalex.org/W2075626657
https://openalex.org/W2418227323
https://openalex.org/W2156655343
https://openalex.org/W2092222391
https://openalex.org/W2132744778
https://openalex.org/W2316386425
https://openalex.org/W2022919682
https://openalex.org/W2065277358
https://openalex.org/W1538754762
https://openalex.org/W2098333418
https://openalex.org/W4205392461
https://openalex.org/W1982542815
https://openalex.org/W2070922051
https://openalex.org/W2053663624
https://openalex.org/W1986031354
https://openalex.org/W1541998396
https://openalex.org/W1931134709
https://openalex.org/W2795262437
https://openalex.org/W2582760616
https://openalex.org/W2789370403
https://openalex.org/W2789256020
https://openalex.org/W2904573348
https://openalex.org/W2128912989
https://openalex.org/W2157171602
https://openalex.org/W2809901270
https://openalex.org/W1657151102
https://openalex.org/W2084481892
https://openalex.org/W2963971125
https://openalex.org/W2899053328
https://openalex.org/W2785012600
https://openalex.org/W2739848496
https://openalex.org/W2897852710
https://openalex.org/W2948869387
https://openalex.org/W2962951499
https://openalex.org/W2810697179
https://openalex.org/W2891123201
https://openalex.org/W2975354219
https://openalex.org/W3047214800
https://openalex.org/W2767420217
https://openalex.org/W2790296028
https://openalex.org/W2995384586
https://openalex.org/W2991554118
https://openalex.org/W2994828253
https://openalex.org/W2979956313
https://openalex.org/W2951210612
https://openalex.org/W3011449430
https://openalex.org/W3048765817
https://openalex.org/W3118274103
https://openalex.org/W3175393931
https://openalex.org/W3202591199
https://openalex.org/W4206078917
https://openalex.org/W4302011104
https://openalex.org/W4283172214
https://openalex.org/W4221057665
https://openalex.org/W4225513576
https://openalex.org/W4295129660
https://openalex.org/W4313555873
https://openalex.org/W4362455699
https://openalex.org/W4388163009
https://openalex.org/W4390063866
https://openalex.org/W4391296134
https://openalex.org/W4391559842
https://openalex.org/W4391667881
https://openalex.org/W4391817779
https://openalex.org/W4392920131
https://openalex.org/W4393119372
https://openalex.org/W2150138636
https://openalex.org/W2033868703
https://openalex.org/W2055467972
https://openalex.org/W1972644171
https://openalex.org/W1971048498
https://openalex.org/W1996567054
https://openalex.org/W2070841068
https://openalex.org/W2047402267
https://openalex.org/W2055086507
https://openalex.org/W1996118604
https://openalex.org/W2010694696
https://openalex.org/W2041992519
https://openalex.org/W2029510455
https://openalex.org/W2110578428
https://openalex.org/W2075475951
https://openalex.org/W2033695022
https://openalex.org/W2060765054
https://openalex.org/W2019720500
https://openalex.org/W2183857458
https://openalex.org/W2051068137
https://openalex.org/W2140273460
https://openalex.org/W2055421204
https://openalex.org/W2136399672
https://openalex.org/W2125799637
https://openalex.org/W2128041404
https://openalex.org/W2055179169
https://openalex.org/W2178854504
https://openalex.org/W1965918323
https://openalex.org/W2083393253
https://openalex.org/W2084545065
https://openalex.org/W2145179397
https://openalex.org/W2115648315
https://openalex.org/W1972518221
https://openalex.org/W2096372655
https://openalex.org/W2096158229
https://openalex.org/W2042052456
https://openalex.org/W2150684196
https://openalex.org/W2323163297
https://openalex.org/W2239927130
https://openalex.org/W1996593262
https://openalex.org/W2082547118
https://openalex.org/W2141496041
https://openalex.org/W2096763741
https://openalex.org/W2312924840
https://openalex.org/W2079529339
https://openalex.org/W1978269746
https://openalex.org/W2020479671
https://openalex.org/W2049909211
https://openalex.org/W2021685596
https://openalex.org/W2080809034
https://openalex.org/W2147034082
https://openalex.org/W1987860288
https://openalex.org/W2058966305
https://openalex.org/W1983372821
https://openalex.org/W1996303439
https://openalex.org/W2111634407
https://openalex.org/W2129608654
https://openalex.org/W2195780597
https://openalex.org/W1497173794
https://openalex.org/W1983308749
https://openalex.org/W2066864663
https://openalex.org/W2141337377
https://openalex.org/W2032015708
https://openalex.org/W2593185684
https://openalex.org/W2621650211
https://openalex.org/W2144887046
https://openalex.org/W2400465917
https://openalex.org/W1496180237
https://openalex.org/W2059133073
https://openalex.org/W2169100485
https://openalex.org/W2170007177
https://openalex.org/W2516537370
https://openalex.org/W2208753422
https://openalex.org/W2611081548
https://openalex.org/W1989721623
https://openalex.org/W2588989279
https://openalex.org/W2230656280
https://openalex.org/W2562592234
https://openalex.org/W2898670678
https://openalex.org/W2610893476
https://openalex.org/W2283940681
https://openalex.org/W2632480913
https://openalex.org/W2752992853
https://openalex.org/W2756841569
https://openalex.org/W2950022854
https://openalex.org/W2770724798
https://openalex.org/W2995846969
https://openalex.org/W3092640715
https://openalex.org/W3106295708
https://openalex.org/W3014605657
https://openalex.org/W3183303500
https://openalex.org/W3195953755
https://openalex.org/W3120843836
https://openalex.org/W3124951990
https://openalex.org/W3143077038
https://openalex.org/W3048194066
https://openalex.org/W3122858547
https://openalex.org/W4206351621
https://openalex.org/W4214928570
https://openalex.org/W4311604685
https://openalex.org/W4295752493
https://openalex.org/W4322758564
https://openalex.org/W4323036252
https://openalex.org/W4367721931
https://openalex.org/W4379058392
https://openalex.org/W4386987576
https://openalex.org/W1991543959
https://openalex.org/W2035422902
https://openalex.org/W2073567827
https://openalex.org/W1813801903
https://openalex.org/W2103610339
https://openalex.org/W1974365824
https://openalex.org/W2135091777
https://openalex.org/W1972466617
https://openalex.org/W2060781027
https://openalex.org/W1979086997
https://openalex.org/W2029463606
https://openalex.org/W2016764251
https://openalex.org/W2018661629
https://openalex.org/W2068308580
https://openalex.org/W2139030344
https://openalex.org/W2024919292
https://openalex.org/W2150789826
https://openalex.org/W2001977453
https://openalex.org/W2050263294
https://openalex.org/W2081911574
https://openalex.org/W2074098009
https://openalex.org/W2140131237
https://openalex.org/W1549073261
https://openalex.org/W2090140694
https://openalex.org/W2040431561
https://openalex.org/W2011218392
https://openalex.org/W2128819918
https://openalex.org/W2159269727
https://openalex.org/W2100417270
https://openalex.org/W2055214515
https://openalex.org/W1971690497
https://openalex.org/W1712975203
https://openalex.org/W2158067439
https://openalex.org/W2052213644
https://openalex.org/W2073323034
https://openalex.org/W2036012392
https://openalex.org/W2154201731
https://openalex.org/W2028159901
https://openalex.org/W1680190948
https://openalex.org/W2024349965
https://openalex.org/W2070849764
https://openalex.org/W2101310260
https://openalex.org/W2123397741
https://openalex.org/W4205184075
https://openalex.org/W591788049
https://openalex.org/W1552108068
https://openalex.org/W2071626817
https://openalex.org/W1571523647
https://openalex.org/W2001008629
https://openalex.org/W2052023654
https://openalex.org/W1967878059
https://openalex.org/W1991649432
https://openalex.org/W1608106982
https://openalex.org/W2008437434
https://openalex.org/W2123055918
https://openalex.org/W2135584489
https://openalex.org/W2164578103
https://openalex.org/W1979975384
https://openalex.org/W2149513600
https://openalex.org/W2090785711
https://openalex.org/W2566622217
https://openalex.org/W2153267766
https://openalex.org/W2169113922
https://openalex.org/W2047939461
https://openalex.org/W2067027753
https://openalex.org/W2285387506
https://openalex.org/W2298857679
https://openalex.org/W4232851620
https://openalex.org/W2013612205
https://openalex.org/W2487118422
https://openalex.org/W2750130449
https://openalex.org/W2773579936
https://openalex.org/W2810872365
https://openalex.org/W2886819503
https://openalex.org/W4231275049
https://openalex.org/W2340250675
https://openalex.org/W2896670363
https://openalex.org/W2612716337
https://openalex.org/W2791274777
https://openalex.org/W2795835067
https://openalex.org/W2943316504
https://openalex.org/W2793441330
https://openalex.org/W2892331374
https://openalex.org/W2986676416
https://openalex.org/W2992716277
https://openalex.org/W3046340864
https://openalex.org/W3105373267
https://openalex.org/W3116602348
https://openalex.org/W3034240269
https://openalex.org/W2935916592
https://openalex.org/W3121234312
https://openalex.org/W3196029727
https://openalex.org/W3125958609
https://openalex.org/W3136653781
https://openalex.org/W3159937719
https://openalex.org/W3123265179
https://openalex.org/W3129095821
https://openalex.org/W4226400001
https://openalex.org/W3214067976
https://openalex.org/W4220783599
https://openalex.org/W4220839686
https://openalex.org/W4226048096
https://openalex.org/W3182912085
https://openalex.org/W4205331072
https://openalex.org/W4213062552
https://openalex.org/W4290052307
https://openalex.org/W4294958291
https://openalex.org/W4323041223
https://openalex.org/W4323649793
https://openalex.org/W4323664956
https://openalex.org/W4367835206
https://openalex.org/W1589475297
https://openalex.org/W2079671149
https://openalex.org/W2006752980
https://openalex.org/W2016214339
https://openalex.org/W2019418181
https://openalex.org/W2074775091
https://openalex.org/W2411219846
https://openalex.org/W1987222012
https://openalex.org/W2318873158
https://openalex.org/W2093057763
https://openalex.org/W1514658126
https://openalex.org/W2015105609
https://openalex.org/W2134025172
https://openalex.org/W2105362818
https://openalex.org/W2002816964
https://openalex.org/W2010612427
https://openalex.org/W2027014550
https://openalex.org/W2121994633
https://openalex.org/W1566930757
https://openalex.org/W1998861529
https://openalex.org/W2008123441
https://openalex.org/W2056132502
https://openalex.org/W2126873152
https://openalex.org/W1998471762
https://openalex.org/W2009351464
https://openalex.org/W2123558548
https://openalex.org/W1502551908
https://openalex.org/W1636523587
https://openalex.org/W2046371982
https://openalex.org/W1602264418
https://openalex.org/W1831194115
https://openalex.org/W2025019827
https://openalex.org/W2090705563
https://openalex.org/W1526946116
https://openalex.org/W1988324000
https://openalex.org/W2070981527
https://openalex.org/W1964096495
https://openalex.org/W1970787196
https://openalex.org/W1994427954
https://openalex.org/W1994596071
https://openalex.org/W2006730988
https://openalex.org/W2017104696
https://openalex.org/W2150610487
https://openalex.org/W2009421436
https://openalex.org/W1812079080
https://openalex.org/W2039682102
https://openalex.org/W2093965366
https://openalex.org/W2143658283
https://openalex.org/W2028348426
https://openalex.org/W2065217393
https://openalex.org/W2067047211
https://openalex.org/W2615216815
https://openalex.org/W1905723724
https://openalex.org/W2002179886
https://openalex.org/W2143005221
https://openalex.org/W2619405979
https://openalex.org/W2753629825
https://openalex.org/W2592048188
https://openalex.org/W2014993833
https://openalex.org/W2042344545
https://openalex.org/W2102406887
https://openalex.org/W2153668524
https://openalex.org/W2472303388
https://openalex.org/W2563584331
https://openalex.org/W1153240504
https://openalex.org/W1983210850
https://openalex.org/W2423031141
https://openalex.org/W2569193985
https://openalex.org/W2611571527
https://openalex.org/W2299281586
https://openalex.org/W2596883690
https://openalex.org/W2915052472
https://openalex.org/W2917596388
https://openalex.org/W2552867444
https://openalex.org/W2913275251
https://openalex.org/W2973614780
https://openalex.org/W3043794209
https://openalex.org/W3008861963
https://openalex.org/W3016135340
https://openalex.org/W3016843157
https://openalex.org/W3111284893
https://openalex.org/W2941532728
https://openalex.org/W2990017420
https://openalex.org/W3043030301
https://openalex.org/W3097138060
https://openalex.org/W3138361999
https://openalex.org/W4225153884
https://openalex.org/W4366347579
https://openalex.org/W4378086781
https://openalex.org/W1984190769
https://openalex.org/W2051149205
https://openalex.org/W2181886538
https://openalex.org/W2035552377
https://openalex.org/W1986181365
https://openalex.org/W1585018966
https://openalex.org/W2000690421
https://openalex.org/W2030135834
https://openalex.org/W1985409723
https://openalex.org/W2059434282
https://openalex.org/W2106281035
https://openalex.org/W1997341324
https://openalex.org/W2043382653
https://openalex.org/W2114391471
https://openalex.org/W1756110965
https://openalex.org/W2028280526
https://openalex.org/W1520626444
https://openalex.org/W2010272607
https://openalex.org/W2050911429
https://openalex.org/W2094069812
https://openalex.org/W1994273278
https://openalex.org/W2112254513
https://openalex.org/W2011522393
https://openalex.org/W2089767639
https://openalex.org/W1981529594
https://openalex.org/W2030428848
https://openalex.org/W2059476202
https://openalex.org/W2003496022
https://openalex.org/W2117761838
https://openalex.org/W1966182774
https://openalex.org/W1983366231
https://openalex.org/W1991228415
https://openalex.org/W2146803952
https://openalex.org/W2026713920
https://openalex.org/W2038880691
https://openalex.org/W2030675595
https://openalex.org/W2049065322
https://openalex.org/W2064661438
https://openalex.org/W2170411111
https://openalex.org/W2232433897
https://openalex.org/W1967245868
https://openalex.org/W1968192597
https://openalex.org/W2136714186
https://openalex.org/W2051677270
https://openalex.org/W17779984
https://openalex.org/W4300511762
https://openalex.org/W2103686304
https://openalex.org/W1969991332
https://openalex.org/W1976964650
https://openalex.org/W2036079818
https://openalex.org/W2089507999
https://openalex.org/W2103132778
https://openalex.org/W2477201702
https://openalex.org/W1715492734
https://openalex.org/W2025888829
https://openalex.org/W2056937266
https://openalex.org/W2090432460
https://openalex.org/W1885401666
https://openalex.org/W2042133791
https://openalex.org/W2001169684
https://openalex.org/W2085602068
https://openalex.org/W2294142451
https://openalex.org/W2587007248
https://openalex.org/W2587491996
https://openalex.org/W2602001632
https://openalex.org/W2771988120
https://openalex.org/W2802994749
https://openalex.org/W2888266846
https://openalex.org/W1838784589
https://openalex.org/W1986821727
https://openalex.org/W2340628598
https://openalex.org/W2473549823
https://openalex.org/W2763464096
https://openalex.org/W2790369438
https://openalex.org/W2895831613
https://openalex.org/W2966096149
https://openalex.org/W2885092831
https://openalex.org/W2907767525
https://openalex.org/W2960971788
https://openalex.org/W2160625256
https://openalex.org/W2993899864
https://openalex.org/W2996382352
https://openalex.org/W3027864141
https://openalex.org/W3002310966
https://openalex.org/W3047182030
https://openalex.org/W3086709384
https://openalex.org/W3128947413
https://openalex.org/W3145594592
https://openalex.org/W3182293178
https://openalex.org/W3018834653
https://openalex.org/W3135116265
https://openalex.org/W3153457789
https://openalex.org/W3201914259
https://openalex.org/W3205940177
https://openalex.org/W4205707456
https://openalex.org/W4225537619
https://openalex.org/W4225263202
https://openalex.org/W4281726129
https://openalex.org/W4312719650
https://openalex.org/W4308954797
https://openalex.org/W4313395122
https://openalex.org/W4313622126
https://openalex.org/W4366275541
https://openalex.org/W4368353780
https://openalex.org/W4379094452
https://openalex.org/W4382202939
https://openalex.org/W4384263425
https://openalex.org/W4385292983
https://openalex.org/W4386593047
https://openalex.org/W4388802654
https://openalex.org/W1992293890
https://openalex.org/W2002359114
https://openalex.org/W1986693380
https://openalex.org/W2046658894
https://openalex.org/W2106419353
https://openalex.org/W2335397932
https://openalex.org/W2005021356
https://openalex.org/W1990775599
https://openalex.org/W2079177707
https://openalex.org/W2080607227
https://openalex.org/W2015949109
https://openalex.org/W2035826353
https://openalex.org/W2047716927
https://openalex.org/W1974875799
https://openalex.org/W1977338450
https://openalex.org/W1977909540
https://openalex.org/W2068358231
https://openalex.org/W2118007167
https://openalex.org/W1971883851
https://openalex.org/W1981488936
https://openalex.org/W1981539271
https://openalex.org/W2002734015
https://openalex.org/W2017166294
https://openalex.org/W1977344799
https://openalex.org/W2061974111
https://openalex.org/W2129541351
https://openalex.org/W2168894448
https://openalex.org/W2034081569
https://openalex.org/W2035170568
https://openalex.org/W2105228765
https://openalex.org/W1964590851
https://openalex.org/W2087254212
https://openalex.org/W2024734711
https://openalex.org/W1585777760
https://openalex.org/W2006444214
https://openalex.org/W1964091213
https://openalex.org/W2062363722
https://openalex.org/W1492214939
https://openalex.org/W2014853947
https://openalex.org/W2069093298
https://openalex.org/W2146904041
https://openalex.org/W2084611498
https://openalex.org/W2290416656
https://openalex.org/W1500716718
https://openalex.org/W2001485284
https://openalex.org/W2027958538
https://openalex.org/W2110457599
https://openalex.org/W2140169485
https://openalex.org/W2021947200
https://openalex.org/W2118159348
https://openalex.org/W1877031100
https://openalex.org/W2085485958
https://openalex.org/W2090256720
https://openalex.org/W2104660409
https://openalex.org/W1839471912
https://openalex.org/W2027891602
https://openalex.org/W2046000092
https://openalex.org/W2105782267
https://openalex.org/W1965108895
https://openalex.org/W1967398448
https://openalex.org/W2005159516
https://openalex.org/W2095552814
https://openalex.org/W2161436004
https://openalex.org/W4290974217
https://openalex.org/W2031067489
https://openalex.org/W2031112059
https://openalex.org/W2081782833
https://openalex.org/W2099211984
https://openalex.org/W2753558583
https://openalex.org/W1219258675
https://openalex.org/W1921708675
https://openalex.org/W1960649013
https://openalex.org/W1999117678
https://openalex.org/W2035336674
https://openalex.org/W2085117341
https://openalex.org/W2236446327
https://openalex.org/W2414716459
https://openalex.org/W2577488013
https://openalex.org/W2742558343
https://openalex.org/W2776991355
https://openalex.org/W2808943154
https://openalex.org/W2898875839
https://openalex.org/W1895790635
https://openalex.org/W2053863858
https://openalex.org/W2070209883
https://openalex.org/W2277808708
https://openalex.org/W2345794150
https://openalex.org/W2346638878
https://openalex.org/W2396905078
https://openalex.org/W2734442076
https://openalex.org/W2775397406
https://openalex.org/W2346134515
https://openalex.org/W2537525253
https://openalex.org/W2779053986
https://openalex.org/W2791475158
https://openalex.org/W2899936365
https://openalex.org/W2955364947
https://openalex.org/W2965355611
https://openalex.org/W3088175297
https://openalex.org/W3033735592
https://openalex.org/W3038124574
https://openalex.org/W3091499592
https://openalex.org/W2981774214
https://openalex.org/W3145823935
https://openalex.org/W3181452051
https://openalex.org/W3160318074
https://openalex.org/W3193740106
https://openalex.org/W3202463708
https://openalex.org/W4200432394
https://openalex.org/W4210777643
https://openalex.org/W4214886684
https://openalex.org/W4220795227
https://openalex.org/W4220820361
https://openalex.org/W4308966675
https://openalex.org/W4386860711
https://openalex.org/W4387368815
https://openalex.org/W4388019526
https://openalex.org/W4388347315
https://openalex.org/W4388465972
https://openalex.org/W4389373383
https://openalex.org/W4389885834
https://openalex.org/W4390234122
https://openalex.org/W4390605887
https://openalex.org/W4390667116
https://openalex.org/W4390675851
https://openalex.org/W4390748647
https://openalex.org/W4390848251
https://openalex.org/W4391171381
https://openalex.org/W4391188618
https://openalex.org/W4391221565
https://openalex.org/W4391251925
https://openalex.org/W4391274665
https://openalex.org/W4391274692
https://openalex.org/W4391323824
https://openalex.org/W4391488543
https://openalex.org/W4391488562
https://openalex.org/W4391488635
https://openalex.org/W4391505289
https://openalex.org/W4391537196
https://openalex.org/W4391647791
https://openalex.org/W4391651246
https://openalex.org/W4391655872
https://openalex.org/W4391757589
https://openalex.org/W4391886124
https://openalex.org/W4391917628
https://openalex.org/W4391982712
https://openalex.org/W4392017792
https://openalex.org/W4392057979
https://openalex.org/W4392223609
https://openalex.org/W4392270566
https://openalex.org/W4392297061
https://openalex.org/W4392315866
https://openalex.org/W4392466310
https://openalex.org/W4392505298
https://openalex.org/W4392520476
https://openalex.org/W4392680867
https://openalex.org/W4392717848
https://openalex.org/W4392761692
https://openalex.org/W4392796126
https://openalex.org/W4392852583
https://openalex.org/W4392989832
https://openalex.org/W4393043870
https://openalex.org/W4393050450
https://openalex.org/W4393111483
https://openalex.org/W4393119666
https://openalex.org/W4393120267
https://openalex.org/W4393221232
https://openalex.org/W4393230227
https://openalex.org/W4393373663
https://openalex.org/W4393377988
https://openalex.org/W4393407526
https://openalex.org/W4393871864
https://openalex.org/W4393968835
https://openalex.org/W4394583072
https://openalex.org/W4394698439
https://openalex.org/W4394739814
https://openalex.org/W4394807540
https://openalex.org/W4394840980
https://openalex.org/W4394897081
https://openalex.org/W4394929463
https://openalex.org/W4395011197
https://openalex.org/W4395054102
https://openalex.org/W4395450868
https://openalex.org/W4395688909
https://openalex.org/W4395703452
https://openalex.org/W4395956859
https://openalex.org/W4395959615
https://openalex.org/W4396505079
https://openalex.org/W1996312492
https://openalex.org/W2020236810
https://openalex.org/W1993123328
https://openalex.org/W2040948875
https://openalex.org/W1973768190
https://openalex.org/W2033624679
https://openalex.org/W2064799328
https://openalex.org/W1556355987
https://openalex.org/W2005415858
https://openalex.org/W2015634997
https://openalex.org/W2053335596
https://openalex.org/W1973725896
https://openalex.org/W2033928976
https://openalex.org/W2044792302
https://openalex.org/W4232116046
https://openalex.org/W2009987755
https://openalex.org/W2027199978
https://openalex.org/W2077657226
https://openalex.org/W2046238492
https://openalex.org/W2154581188
https://openalex.org/W2004446251
https://openalex.org/W2010517374
https://openalex.org/W2013206079
https://openalex.org/W2054491793
https://openalex.org/W2110023811
https://openalex.org/W1558306941
https://openalex.org/W2043792742
https://openalex.org/W1601149603
https://openalex.org/W1980964045
https://openalex.org/W1528905160
https://openalex.org/W2042644608
https://openalex.org/W2119423580
https://openalex.org/W2136964966
https://openalex.org/W1534242851
https://openalex.org/W192874426
https://openalex.org/W2034771426
https://openalex.org/W1975135667
https://openalex.org/W2172000476
https://openalex.org/W1490197728
https://openalex.org/W1502644081
https://openalex.org/W2003950945
https://openalex.org/W2032542488
https://openalex.org/W1487448110
https://openalex.org/W2129385913
https://openalex.org/W2222230749
https://openalex.org/W1992987847
https://openalex.org/W2009011435
https://openalex.org/W2111911470
https://openalex.org/W2140929261
https://openalex.org/W1990300113
https://openalex.org/W2013507926
https://openalex.org/W2098153317
https://openalex.org/W2471358676
https://openalex.org/W1129957456
https://openalex.org/W1518323106
https://openalex.org/W1577059772
https://openalex.org/W1965393998
https://openalex.org/W2066171949
https://openalex.org/W2068151444
https://openalex.org/W2092317865
https://openalex.org/W2513778188
https://openalex.org/W2617211473
https://openalex.org/W2625061235
https://openalex.org/W2755940697
https://openalex.org/W2767851859
https://openalex.org/W1496808974
https://openalex.org/W2065024452
https://openalex.org/W2109604332
https://openalex.org/W2311794022
https://openalex.org/W2521912252
https://openalex.org/W2738254229
https://openalex.org/W2777583830
https://openalex.org/W2794667763
https://openalex.org/W2155201922
https://openalex.org/W2397673379
https://openalex.org/W2412967061
https://openalex.org/W2568601967
https://openalex.org/W2625058053
https://openalex.org/W2803080977
https://openalex.org/W2937675582
https://openalex.org/W2961767974
https://openalex.org/W2962009104
https://openalex.org/W2964433070
https://openalex.org/W2238968200
https://openalex.org/W2486545930
https://openalex.org/W2973692770
https://openalex.org/W3081747611
https://openalex.org/W4310854751
https://openalex.org/W4319921238
https://openalex.org/W4321021041
https://openalex.org/W4327752201
https://openalex.org/W4367837537
https://openalex.org/W4377142762
https://openalex.org/W4377825539
https://openalex.org/W4379284227
https://openalex.org/W4384664283
https://openalex.org/W4385256244
https://openalex.org/W4386003332
https://openalex.org/W4386523631
https://openalex.org/W4386620687
https://openalex.org/W4387440542
https://openalex.org/W2028031902
https://openalex.org/W1979237030
https://openalex.org/W1979751506
https://openalex.org/W1981561234
https://openalex.org/W1985154147
https://openalex.org/W2072528872
https://openalex.org/W2121107415
https://openalex.org/W2084623142
https://openalex.org/W1976533655
https://openalex.org/W1558448006
https://openalex.org/W2009567548
https://openalex.org/W2129898797
https://openalex.org/W2147849439
https://openalex.org/W1994028722
https://openalex.org/W2007701644
https://openalex.org/W2088552246
https://openalex.org/W2312276481
https://openalex.org/W2313604075
https://openalex.org/W2502771627
https://openalex.org/W1984871313
https://openalex.org/W2032993790
https://openalex.org/W2056977655
https://openalex.org/W2146675410
https://openalex.org/W2154051035
https://openalex.org/W2159895793
https://openalex.org/W2047018890
https://openalex.org/W2109014382
https://openalex.org/W1548731293
https://openalex.org/W1869501465
https://openalex.org/W2033449906
https://openalex.org/W2047782165
https://openalex.org/W1481284705
https://openalex.org/W2158881363
https://openalex.org/W1963868519
https://openalex.org/W2044532852
https://openalex.org/W2045110483
https://openalex.org/W2083096446
https://openalex.org/W141912471
https://openalex.org/W1992287533
https://openalex.org/W2019134171
https://openalex.org/W2021090603
https://openalex.org/W2083417653
https://openalex.org/W2158294815
https://openalex.org/W1996072926
https://openalex.org/W2069089235
https://openalex.org/W2087511526
https://openalex.org/W1964785589
https://openalex.org/W1978625042
https://openalex.org/W2004097793
https://openalex.org/W2160134622
https://openalex.org/W2172011512
https://openalex.org/W2325437461
https://openalex.org/W1977576747
https://openalex.org/W1987517081
https://openalex.org/W2040227563
https://openalex.org/W2057483239
https://openalex.org/W2124273922
https://openalex.org/W2126453521
https://openalex.org/W2128762651
https://openalex.org/W2616797457
https://openalex.org/W332303800
https://openalex.org/W1989822743
https://openalex.org/W2081490067
https://openalex.org/W2804389028
https://openalex.org/W2902965712
https://openalex.org/W1459181609
https://openalex.org/W1968166309
https://openalex.org/W1974939871
https://openalex.org/W2003004118
https://openalex.org/W2043967359
https://openalex.org/W2067386207
https://openalex.org/W2345636079
https://openalex.org/W2402193034
https://openalex.org/W2403964368
https://openalex.org/W2551715157
https://openalex.org/W2617427339
https://openalex.org/W2743230282
https://openalex.org/W2789607749
https://openalex.org/W2885339856
https://openalex.org/W2155974933
https://openalex.org/W2929397971
https://openalex.org/W3008067493
https://openalex.org/W3012720221
https://openalex.org/W3033100793
https://openalex.org/W3008777844
https://openalex.org/W4232652985
https://openalex.org/W3151731217
https://openalex.org/W3203407999
https://openalex.org/W3206310389
https://openalex.org/W4205487138
https://openalex.org/W3200812214
https://openalex.org/W3213093647
https://openalex.org/W4200447658
https://openalex.org/W4205473435
https://openalex.org/W4221065709
https://openalex.org/W4224279250
https://openalex.org/W4285741146
https://openalex.org/W1985693327
https://openalex.org/W2064153668
https://openalex.org/W2074741785
https://openalex.org/W2110724341
https://openalex.org/W1512459177
https://openalex.org/W2038675527
https://openalex.org/W2075637728
https://openalex.org/W2094724532
https://openalex.org/W2013024039
https://openalex.org/W2033702227
https://openalex.org/W2161154125
https://openalex.org/W1794189178
https://openalex.org/W1982637726
https://openalex.org/W2049976134
https://openalex.org/W2060267343
https://openalex.org/W2142285602
https://openalex.org/W2274249028
https://openalex.org/W1975611022
https://openalex.org/W2003361259
https://openalex.org/W2044376109
https://openalex.org/W2074740600
https://openalex.org/W2098474328
https://openalex.org/W2027477410
https://openalex.org/W2074617918
https://openalex.org/W2092767385
https://openalex.org/W2164851103
https://openalex.org/W1971349249
https://openalex.org/W1994471598
https://openalex.org/W2002016783
https://openalex.org/W2143495893
https://openalex.org/W2172033405
https://openalex.org/W1565133422
https://openalex.org/W2004975470
https://openalex.org/W2012859142
https://openalex.org/W1984467944
https://openalex.org/W2013379183
https://openalex.org/W1508451918
https://openalex.org/W2066839748
https://openalex.org/W1988885154
https://openalex.org/W2067907634
https://openalex.org/W2077812251
https://openalex.org/W1493899464
https://openalex.org/W1994028061
https://openalex.org/W2099850706
https://openalex.org/W2329106869
https://openalex.org/W4382057995
https://openalex.org/W1592853478
https://openalex.org/W1958841061
https://openalex.org/W2005849882
https://openalex.org/W2046740986
https://openalex.org/W2053980003
https://openalex.org/W2088059241
https://openalex.org/W2167943776
https://openalex.org/W2326981724
https://openalex.org/W2587933707
https://openalex.org/W2750941702
https://openalex.org/W2756861624
https://openalex.org/W2884965215
https://openalex.org/W2897652402
https://openalex.org/W1798392311
https://openalex.org/W1955417822
https://openalex.org/W1961181010
https://openalex.org/W2000766642
https://openalex.org/W2048457975
https://openalex.org/W2063618956
https://openalex.org/W2075916138
https://openalex.org/W2321587679
https://openalex.org/W2465405694
https://openalex.org/W2470404606
https://openalex.org/W2564180129
https://openalex.org/W2570021008
https://openalex.org/W2599197871
https://openalex.org/W2600295478
https://openalex.org/W2768643461
https://openalex.org/W2774077520
https://openalex.org/W2884567932
https://openalex.org/W2891715299
https://openalex.org/W2891979744
https://openalex.org/W2916569015
https://openalex.org/W2275034844
https://openalex.org/W2268512582
https://openalex.org/W2999488386
https://openalex.org/W3049619148
https://openalex.org/W3093632562
https://openalex.org/W3099010932
https://openalex.org/W3131577156
https://openalex.org/W3156588351
https://openalex.org/W3157387486
https://openalex.org/W3159072610
https://openalex.org/W3182810329
https://openalex.org/W3194887880
https://openalex.org/W3200070715
https://openalex.org/W3202395462
https://openalex.org/W3205697553
https://openalex.org/W3210436748
https://openalex.org/W4200602236
https://openalex.org/W4205885789
https://openalex.org/W4210817933
https://openalex.org/W4223587192
https://openalex.org/W4283260173
https://openalex.org/W4294631720
https://openalex.org/W4294878014
https://openalex.org/W4298325622
https://openalex.org/W4306173812
https://openalex.org/W4306322314
https://openalex.org/W1646984376
https://openalex.org/W2040472743
https://openalex.org/W1963648698
https://openalex.org/W2021414810
https://openalex.org/W2050450721
https://openalex.org/W2097929186
https://openalex.org/W2045912833
https://openalex.org/W1874486028
https://openalex.org/W2060038185
https://openalex.org/W2176041481
https://openalex.org/W1541105670
https://openalex.org/W2012733634
https://openalex.org/W2038180879
https://openalex.org/W2066182588
https://openalex.org/W2614858724
https://openalex.org/W1965467527
https://openalex.org/W1983312501
https://openalex.org/W2070283357
https://openalex.org/W2152499208
https://openalex.org/W2514460220
https://openalex.org/W1554799555
https://openalex.org/W1983782536
https://openalex.org/W2053643625
https://openalex.org/W2324275325
https://openalex.org/W2034480333
https://openalex.org/W2407522158
https://openalex.org/W1932278746
https://openalex.org/W1972641747
https://openalex.org/W2134543554
https://openalex.org/W2145741915
https://openalex.org/W2174294905
https://openalex.org/W1998240828
https://openalex.org/W1518967356
https://openalex.org/W1542308114
https://openalex.org/W1986570458
https://openalex.org/W2011863856
https://openalex.org/W2015219132
https://openalex.org/W2043732029
https://openalex.org/W1710217806
https://openalex.org/W2014698586
https://openalex.org/W2071929363
https://openalex.org/W2083589933
https://openalex.org/W2094537367
https://openalex.org/W2402535139
https://openalex.org/W2808651165
https://openalex.org/W1482965341
https://openalex.org/W1850287725
https://openalex.org/W1935133676
https://openalex.org/W1964030781
https://openalex.org/W1990686093
https://openalex.org/W2010538651
https://openalex.org/W2058920261
https://openalex.org/W2090151998
https://openalex.org/W2094012501
https://openalex.org/W2118723395
https://openalex.org/W2128246358
https://openalex.org/W2137871898
https://openalex.org/W2218782303
https://openalex.org/W2345461517
https://openalex.org/W2578675979
https://openalex.org/W2779511238
https://openalex.org/W4234400764
https://openalex.org/W44333584
https://openalex.org/W1891100592
https://openalex.org/W1982564507
https://openalex.org/W2040056273
https://openalex.org/W2071879586
https://openalex.org/W2120473657
https://openalex.org/W2273992546
https://openalex.org/W2301865915
https://openalex.org/W2345717991
https://openalex.org/W2520689824
https://openalex.org/W2577399799
https://openalex.org/W2606372098
https://openalex.org/W2783022277
https://openalex.org/W2792313681
https://openalex.org/W2793657811
https://openalex.org/W2809278696
https://openalex.org/W2857297442
https://openalex.org/W2894167294
https://openalex.org/W2945152152
https://openalex.org/W2994746806
https://openalex.org/W2281666234
https://openalex.org/W2467948204
https://openalex.org/W3005019882
https://openalex.org/W3017147944
https://openalex.org/W3044880109
https://openalex.org/W3047484194
https://openalex.org/W2432635364
https://openalex.org/W3004624106
https://openalex.org/W3011136501
https://openalex.org/W3076047583
https://openalex.org/W3111158341
https://openalex.org/W3133786749
https://openalex.org/W3136119572
https://openalex.org/W3139017609
https://openalex.org/W3157202569
https://openalex.org/W3164677974
https://openalex.org/W3192467845
https://openalex.org/W3192915988
https://openalex.org/W64950937
https://openalex.org/W2011579581
https://openalex.org/W2042540431
https://openalex.org/W2074058085
https://openalex.org/W2157614773
https://openalex.org/W1557919241
https://openalex.org/W2100065556
https://openalex.org/W1994320921
https://openalex.org/W2029914471
https://openalex.org/W2088503399
https://openalex.org/W2156695889
https://openalex.org/W2605847250
https://openalex.org/W1981959866
https://openalex.org/W2002153498
https://openalex.org/W2412126745
https://openalex.org/W2527849631
https://openalex.org/W3160990018
https://openalex.org/W1650856868
https://openalex.org/W1965185765
https://openalex.org/W2044726323
https://openalex.org/W2086171729
https://openalex.org/W1586092122
https://openalex.org/W1990196953
https://openalex.org/W2008269598
https://openalex.org/W1964056354
https://openalex.org/W2167337811
https://openalex.org/W1966983190
https://openalex.org/W2074649224
https://openalex.org/W1666280695
https://openalex.org/W1981859490
https://openalex.org/W1992344218
https://openalex.org/W1974728252
https://openalex.org/W2006646440
https://openalex.org/W2071803321
https://openalex.org/W1540366116
https://openalex.org/W1980654882
https://openalex.org/W1996482973
https://openalex.org/W2004306753
https://openalex.org/W2095408156
https://openalex.org/W2155206046
https://openalex.org/W263937132
https://openalex.org/W2084643347
https://openalex.org/W1970172077
https://openalex.org/W1972343795
https://openalex.org/W1990970735
https://openalex.org/W1998377849
https://openalex.org/W2010787271
https://openalex.org/W2017804149
https://openalex.org/W2027770385
https://openalex.org/W2051195561
https://openalex.org/W2053726995
https://openalex.org/W2099157884
https://openalex.org/W2105920241
https://openalex.org/W2121223846
https://openalex.org/W2153991670
https://openalex.org/W2483741421
https://openalex.org/W2537656575
https://openalex.org/W132227283
https://openalex.org/W1723064065
https://openalex.org/W1793443612
https://openalex.org/W1986010561
https://openalex.org/W2001578694
https://openalex.org/W2013632649
https://openalex.org/W2080187548
https://openalex.org/W2082442825
https://openalex.org/W2083897730
https://openalex.org/W2088868055
https://openalex.org/W2106853724
https://openalex.org/W2114244507
https://openalex.org/W2121934818
https://openalex.org/W2135928257
https://openalex.org/W2154846747
https://openalex.org/W2180057978
https://openalex.org/W2239765085
https://openalex.org/W2323971523
https://openalex.org/W2436562024
https://openalex.org/W2523437887
https://openalex.org/W2598388493
https://openalex.org/W2741825011
https://openalex.org/W2802253491
https://openalex.org/W2916760811
https://openalex.org/W2929114396
https://openalex.org/W2940329435
https://openalex.org/W2983722992
https://openalex.org/W2021782200
https://openalex.org/W2150398839
https://openalex.org/W2292759015
https://openalex.org/W2306024986
https://openalex.org/W2307332441
https://openalex.org/W2565552841
https://openalex.org/W2923502035
https://openalex.org/W2930864727
https://openalex.org/W2948387130
https://openalex.org/W2970920036
https://openalex.org/W3035783590
https://openalex.org/W3039714880
https://openalex.org/W3080640075
https://openalex.org/W3035369523
https://openalex.org/W3096597766
https://openalex.org/W3118260455
https://openalex.org/W3138846729
https://openalex.org/W3171804042
https://openalex.org/W3200508331
https://openalex.org/W4241858103
https://openalex.org/W3191424362
https://openalex.org/W4200605834
https://openalex.org/W4212960190
https://openalex.org/W4220828337
https://openalex.org/W4225727098
https://openalex.org/W4281263266
https://openalex.org/W4283743080
https://openalex.org/W4291778051
https://openalex.org/W4293020279
https://openalex.org/W4304974939
https://openalex.org/W4309236282
https://openalex.org/W4312218296
https://openalex.org/W4312589258
https://openalex.org/W4313567607
https://openalex.org/W4323305901
https://openalex.org/W4327557215
https://openalex.org/W4362664853
https://openalex.org/W4363678303
https://openalex.org/W4365517835
https://openalex.org/W4366483858
https://openalex.org/W4367606717
https://openalex.org/W4372333360
https://openalex.org/W4376134566
https://openalex.org/W4377965492
https://openalex.org/W4378188824
https://openalex.org/W4379877588
https://openalex.org/W4380081327
https://openalex.org/W4380361670
https://openalex.org/W4381054642
https://openalex.org/W4382359017
https://openalex.org/W4383102745
https://openalex.org/W4383108925
https://openalex.org/W4383876339
https://openalex.org/W4384303227
https://openalex.org/W4385268032
https://openalex.org/W4385452306
https://openalex.org/W4385477568
https://openalex.org/W4385610934
https://openalex.org/W4386710248
https://openalex.org/W4386713263
https://openalex.org/W4386769985
https://openalex.org/W4386791033
https://openalex.org/W4386927646
https://openalex.org/W4386987276
https://openalex.org/W4387211830
https://openalex.org/W4387219787
https://openalex.org/W4387808089
https://openalex.org/W4388721484
https://openalex.org/W4388897000
https://openalex.org/W214005217
https://openalex.org/W125799607
https://openalex.org/W1972616020
https://openalex.org/W1977853776
https://openalex.org/W1987048152
https://openalex.org/W2010628015
https://openalex.org/W2062485154
https://openalex.org/W2150945552
https://openalex.org/W1969230906
https://openalex.org/W2050823471
https://openalex.org/W2055883083
https://openalex.org/W2144588868
https://openalex.org/W2154231152
https://openalex.org/W2083646069
https://openalex.org/W1809063885
https://openalex.org/W2038957222
https://openalex.org/W1986903921
https://openalex.org/W1995896157
https://openalex.org/W2057807349
https://openalex.org/W2061029386
https://openalex.org/W1989861330
https://openalex.org/W2002282136
https://openalex.org/W1969380655
https://openalex.org/W2080785629
https://openalex.org/W2101817946
https://openalex.org/W2112120307
https://openalex.org/W2112501365
https://openalex.org/W2148652524
https://openalex.org/W1537541638
https://openalex.org/W2049195160
https://openalex.org/W2952338275
https://openalex.org/W2069741764
https://openalex.org/W2127883931
https://openalex.org/W2059271108
https://openalex.org/W2078653298
https://openalex.org/W2087143204
https://openalex.org/W2113543615
https://openalex.org/W2477200564
https://openalex.org/W1985879511
https://openalex.org/W2162888310
https://openalex.org/W2599822811
https://openalex.org/W1972697703
https://openalex.org/W1983050219
https://openalex.org/W1994577117
https://openalex.org/W2169336016
https://openalex.org/W2419675306
https://openalex.org/W1561259812
https://openalex.org/W2000084830
https://openalex.org/W2038830612
https://openalex.org/W2046145002
https://openalex.org/W2050614210
https://openalex.org/W2070061912
https://openalex.org/W2143887626
https://openalex.org/W2150270527
https://openalex.org/W2539092257
https://openalex.org/W2590574618
https://openalex.org/W2613377840
https://openalex.org/W2742701177
https://openalex.org/W2774697011
https://openalex.org/W2794557206
https://openalex.org/W2893077714
https://openalex.org/W2894632118
https://openalex.org/W2903271452
https://openalex.org/W1576100494
https://openalex.org/W1629131023
https://openalex.org/W1984755972
https://openalex.org/W2014648452
https://openalex.org/W2137718808
https://openalex.org/W2147462568
https://openalex.org/W2233516228
https://openalex.org/W2511509366
https://openalex.org/W2517596500
https://openalex.org/W2526851610
https://openalex.org/W2750844322
https://openalex.org/W2766207721
https://openalex.org/W2791140998
https://openalex.org/W2792626489
https://openalex.org/W2890843558
https://openalex.org/W2909336446
https://openalex.org/W2948042300
https://openalex.org/W3020815393
https://openalex.org/W4241423660
https://openalex.org/W2414142483
https://openalex.org/W2089358665
https://openalex.org/W2280674500
https://openalex.org/W1973547639
https://openalex.org/W2015592663
https://openalex.org/W2062909311
https://openalex.org/W2085331783
https://openalex.org/W2427017375
https://openalex.org/W2928420533
https://openalex.org/W2006455794
https://openalex.org/W2012178889
https://openalex.org/W1986934008
https://openalex.org/W2021414308
https://openalex.org/W2043469480
https://openalex.org/W2949117270
https://openalex.org/W1972202869
https://openalex.org/W2003593404
https://openalex.org/W2005254621
https://openalex.org/W2123319808
https://openalex.org/W1978884913
https://openalex.org/W2035830153
https://openalex.org/W2041828758
https://openalex.org/W2051921048
https://openalex.org/W2059018689
https://openalex.org/W2078197590
https://openalex.org/W2151966439
https://openalex.org/W4249828775
https://openalex.org/W2037772006
https://openalex.org/W2114901821
https://openalex.org/W2123061688
https://openalex.org/W2077367084
https://openalex.org/W2106867904
https://openalex.org/W2161453892
https://openalex.org/W2172566885
https://openalex.org/W2314794577
https://openalex.org/W1499930566
https://openalex.org/W1827156427
https://openalex.org/W2091833678
https://openalex.org/W1555797232
https://openalex.org/W2030514686
https://openalex.org/W2034433809
https://openalex.org/W2041947337
https://openalex.org/W2119431626
https://openalex.org/W2132309514
https://openalex.org/W2133821688
https://openalex.org/W1485942591
https://openalex.org/W2039487070
https://openalex.org/W2085079701
https://openalex.org/W2093138383
https://openalex.org/W1987568333
https://openalex.org/W1992246592
https://openalex.org/W2031947039
https://openalex.org/W2041818355
https://openalex.org/W2064547082
https://openalex.org/W2071359323
https://openalex.org/W2072104362
https://openalex.org/W2111409981
https://openalex.org/W2141939004
https://openalex.org/W2790863491
https://openalex.org/W2798505526
https://openalex.org/W2898850925
https://openalex.org/W1517453465
https://openalex.org/W1904642179
https://openalex.org/W2018797567
https://openalex.org/W2022345277
https://openalex.org/W2027395182
https://openalex.org/W2037587508
https://openalex.org/W2045050187
https://openalex.org/W2114369840
https://openalex.org/W2275519033
https://openalex.org/W2411957365
https://openalex.org/W2442023437
https://openalex.org/W2540993467
https://openalex.org/W2542750994
https://openalex.org/W2543279768
https://openalex.org/W2580760864
https://openalex.org/W2717460078
https://openalex.org/W2738180012
https://openalex.org/W2939954698
https://openalex.org/W2944169788
https://openalex.org/W2947262397
https://openalex.org/W2957646812
https://openalex.org/W2983632205
https://openalex.org/W3000149021
https://openalex.org/W3010069257
https://openalex.org/W3042649191
https://openalex.org/W3043005609
https://openalex.org/W851358525
https://openalex.org/W89677191
https://openalex.org/W3084510693
https://openalex.org/W3139488741
https://openalex.org/W3154083439
https://openalex.org/W3175936443
https://openalex.org/W3179312033
https://openalex.org/W3200541149
https://openalex.org/W3202635716
https://openalex.org/W4200036412
https://openalex.org/W1837045904
https://openalex.org/W359641247
https://openalex.org/W1975657514
https://openalex.org/W1995636136
https://openalex.org/W2012755420
https://openalex.org/W1987477892
https://openalex.org/W1992002621
https://openalex.org/W1992974346
https://openalex.org/W2024875006
https://openalex.org/W2087528656
https://openalex.org/W2094714235
https://openalex.org/W2105473314
https://openalex.org/W2139846007
https://openalex.org/W2169408741
https://openalex.org/W1485133417
https://openalex.org/W1551459275
https://openalex.org/W1827338985
https://openalex.org/W2330051892
https://openalex.org/W1946970964
https://openalex.org/W1980322794
https://openalex.org/W2058875222
https://openalex.org/W2076568995
https://openalex.org/W2412303901
https://openalex.org/W1532401003
https://openalex.org/W1889537586
https://openalex.org/W2020041271
https://openalex.org/W2086179126
https://openalex.org/W2115783656
https://openalex.org/W2163765455
https://openalex.org/W2420106673
https://openalex.org/W1557696347
https://openalex.org/W1995721025
https://openalex.org/W2001200000
https://openalex.org/W2079160978
https://openalex.org/W2147441708
https://openalex.org/W2179389139
https://openalex.org/W2273589767
https://openalex.org/W2016488398
https://openalex.org/W2035381768
https://openalex.org/W1612057000
https://openalex.org/W1906192394
https://openalex.org/W1987251665
https://openalex.org/W2043781433
https://openalex.org/W2105945396
https://openalex.org/W1599012251
https://openalex.org/W1969909796
https://openalex.org/W1993447898
https://openalex.org/W2005207222
https://openalex.org/W2005736685
https://openalex.org/W2011513418
https://openalex.org/W2046201642
https://openalex.org/W2060246648
https://openalex.org/W2061951373
https://openalex.org/W2787663129
https://openalex.org/W2793787273
https://openalex.org/W2892329555
https://openalex.org/W2904911410
https://openalex.org/W2905993336
https://openalex.org/W9266431
https://openalex.org/W1973199580
https://openalex.org/W1988914146
https://openalex.org/W2011452218
https://openalex.org/W2013902387
https://openalex.org/W244404640
https://openalex.org/W2531878539
https://openalex.org/W2581111988
https://openalex.org/W2680527571
https://openalex.org/W2745349648
https://openalex.org/W2758812306
https://openalex.org/W2758928422
https://openalex.org/W2769243188
https://openalex.org/W2917668196
https://openalex.org/W2939878797
https://openalex.org/W2979917337
https://openalex.org/W2986563963
https://openalex.org/W2996239054
https://openalex.org/W3015062622
https://openalex.org/W3082583765
https://openalex.org/W3108709738
https://openalex.org/W4234173571
https://openalex.org/W2086446919
https://openalex.org/W3146589831
https://openalex.org/W3152102541
https://openalex.org/W3182236529
https://openalex.org/W3194482076
https://openalex.org/W4200288898
https://openalex.org/W3214716214
https://openalex.org/W4205732000
https://openalex.org/W4205880711
https://openalex.org/W4213033360
https://openalex.org/W4220667178
https://openalex.org/W4221018472
https://openalex.org/W4223420967
https://openalex.org/W4223459446
https://openalex.org/W4224216436
https://openalex.org/W4225374863
https://openalex.org/W4285077852
https://openalex.org/W4295916188
https://openalex.org/W4302027607
https://openalex.org/W4308216590
https://openalex.org/W1978725482
https://openalex.org/W2091431138
https://openalex.org/W75846784
https://openalex.org/W1855560267
https://openalex.org/W1976846133
https://openalex.org/W2008506904
https://openalex.org/W2058871799
https://openalex.org/W2076960245
https://openalex.org/W2062152383
https://openalex.org/W2166961085
https://openalex.org/W2410027526
https://openalex.org/W1980783214
https://openalex.org/W2022708519
https://openalex.org/W2036695477
https://openalex.org/W2051986592
https://openalex.org/W1997805436
https://openalex.org/W2143328654
https://openalex.org/W2158139209
https://openalex.org/W2172913804
https://openalex.org/W1966695408
https://openalex.org/W1967824459
https://openalex.org/W2065749487
https://openalex.org/W2134023479
https://openalex.org/W2542447523
https://openalex.org/W2542698443
https://openalex.org/W4233577786
https://openalex.org/W2049445368
https://openalex.org/W2066556371
https://openalex.org/W2094853275
https://openalex.org/W2134989749
https://openalex.org/W1573322310
https://openalex.org/W162569644
https://openalex.org/W1978610703
https://openalex.org/W2042648680
https://openalex.org/W2412272453
https://openalex.org/W2033160004
https://openalex.org/W2041741533
https://openalex.org/W2048270088
https://openalex.org/W2137247813
https://openalex.org/W1568062457
https://openalex.org/W1625590643
https://openalex.org/W1995326003
https://openalex.org/W2023656070
https://openalex.org/W2115977568
https://openalex.org/W2792349270
https://openalex.org/W2801451925
https://openalex.org/W2898971279
https://openalex.org/W2905189543
https://openalex.org/W4246684731
https://openalex.org/W1124253186
https://openalex.org/W1926810068
https://openalex.org/W1967054112
https://openalex.org/W2040771532
https://openalex.org/W2095233119
https://openalex.org/W2150620104
https://openalex.org/W2286913451
https://openalex.org/W2347126095
https://openalex.org/W2378172047
https://openalex.org/W2483469260
https://openalex.org/W2526294058
https://openalex.org/W2588063532
https://openalex.org/W2605660208
https://openalex.org/W2744754663
https://openalex.org/W2922011854
https://openalex.org/W3012131781
https://openalex.org/W3019833725
https://openalex.org/W3047812891
https://openalex.org/W3084441911
https://openalex.org/W595839377
https://openalex.org/W2131625122
https://openalex.org/W2414037286
https://openalex.org/W1591862557
https://openalex.org/W1830617136
https://openalex.org/W1964704174
https://openalex.org/W2069763101
https://openalex.org/W2070973238
https://openalex.org/W2079308834
https://openalex.org/W2086935283
https://openalex.org/W2094166830
https://openalex.org/W2314447047
https://openalex.org/W1978197850
https://openalex.org/W1983427313
https://openalex.org/W2054993841
https://openalex.org/W1517116788
https://openalex.org/W1831166846
https://openalex.org/W1969024146
https://openalex.org/W1982961803
https://openalex.org/W2028306321
https://openalex.org/W1508289757
https://openalex.org/W1977542915
https://openalex.org/W1987484434
https://openalex.org/W1991477049
https://openalex.org/W2050704479
https://openalex.org/W2051033041
https://openalex.org/W2075853807
https://openalex.org/W2132360434
https://openalex.org/W2786976216
https://openalex.org/W2015658902
https://openalex.org/W1642591337
https://openalex.org/W1979448617
https://openalex.org/W2009167025
https://openalex.org/W2016902541
https://openalex.org/W1995330368
https://openalex.org/W1997373765
https://openalex.org/W2002776317
https://openalex.org/W2018837056
https://openalex.org/W2060697067
https://openalex.org/W2069901410
https://openalex.org/W2083924446
https://openalex.org/W2610081626
https://openalex.org/W2794841915
https://openalex.org/W2799590729
https://openalex.org/W2805426378
https://openalex.org/W2901169788
https://openalex.org/W2901268774
https://openalex.org/W2912349018
https://openalex.org/W2913880551
https://openalex.org/W2954989232
https://openalex.org/W2963241660
https://openalex.org/W2972985299
https://openalex.org/W2990237026
https://openalex.org/W1804049113
https://openalex.org/W2032229700
https://openalex.org/W2111571987
https://openalex.org/W2172993362
https://openalex.org/W2206245342
https://openalex.org/W2243795914
https://openalex.org/W2313547312
https://openalex.org/W2324792835
https://openalex.org/W2346659338
https://openalex.org/W2466038931
https://openalex.org/W2514258282
https://openalex.org/W2594313900
https://openalex.org/W2606157480
https://openalex.org/W3108612781
https://openalex.org/W3134313394
https://openalex.org/W3155034657
https://openalex.org/W3155127992
https://openalex.org/W3167291264
https://openalex.org/W3177006366
https://openalex.org/W3208770327
https://openalex.org/W3212145108
https://openalex.org/W606202252
https://openalex.org/W2415874824
https://openalex.org/W2036053989
https://openalex.org/W2042929014
https://openalex.org/W2060883100
https://openalex.org/W2062053646
https://openalex.org/W2090029046
https://openalex.org/W2105578892
https://openalex.org/W2412354494
https://openalex.org/W4245325087
https://openalex.org/W4252159218
https://openalex.org/W1493246926
https://openalex.org/W1994235328
https://openalex.org/W2009734429
https://openalex.org/W2950185061
https://openalex.org/W194100081
https://openalex.org/W2047673965
https://openalex.org/W2057995590
https://openalex.org/W1486869500
https://openalex.org/W1987549115
https://openalex.org/W2057954732
https://openalex.org/W2060237704
https://openalex.org/W2952035850
https://openalex.org/W2007386073
https://openalex.org/W2059778047
https://openalex.org/W2082862139
https://openalex.org/W246049664
https://openalex.org/W1549323693
https://openalex.org/W1989696936
https://openalex.org/W2000207918
https://openalex.org/W2066333380
https://openalex.org/W2147545488
https://openalex.org/W2162713624
https://openalex.org/W2468704977
https://openalex.org/W2533167974
https://openalex.org/W5404786
https://openalex.org/W1997460822
https://openalex.org/W2437320514
https://openalex.org/W1968561091
https://openalex.org/W2035961352
https://openalex.org/W2040591789
https://openalex.org/W2048584076
https://openalex.org/W2091899528
https://openalex.org/W2112992986
https://openalex.org/W1969919191
https://openalex.org/W2064401691
https://openalex.org/W2240714795
https://openalex.org/W2312570635
https://openalex.org/W2332788227
https://openalex.org/W2392230981
https://openalex.org/W2556555265
https://openalex.org/W2595175974
https://openalex.org/W2607021957
https://openalex.org/W2621067759
https://openalex.org/W2677969981
https://openalex.org/W2753123646
https://openalex.org/W2890156630
https://openalex.org/W2897780071
https://openalex.org/W2909598879
https://openalex.org/W2914387989
https://openalex.org/W2962126842
https://openalex.org/W2963611394
https://openalex.org/W2971258323
https://openalex.org/W2974311182
https://openalex.org/W2981800951
https://openalex.org/W2987946550
https://openalex.org/W2990536035
https://openalex.org/W2998594395
https://openalex.org/W2999160160
https://openalex.org/W3004117100
https://openalex.org/W3010761241
https://openalex.org/W3016850854
https://openalex.org/W3022236028
https://openalex.org/W3025982114
https://openalex.org/W3036410410
https://openalex.org/W3044770923
https://openalex.org/W3045858035
https://openalex.org/W3109099785
https://openalex.org/W3132181310
https://openalex.org/W3151654842
https://openalex.org/W640757391
https://openalex.org/W1502148336
https://openalex.org/W2090655457
https://openalex.org/W2301449131
https://openalex.org/W2341951843
https://openalex.org/W2507271837
https://openalex.org/W2592007021
https://openalex.org/W2680776909
https://openalex.org/W2771505731
https://openalex.org/W4229683504
https://openalex.org/W2415047965
https://openalex.org/W4200089294
https://openalex.org/W4205517821
https://openalex.org/W4220876871
https://openalex.org/W4225416416
https://openalex.org/W4229366951
https://openalex.org/W4280500529
https://openalex.org/W4283454915
https://openalex.org/W4283718132
https://openalex.org/W4284988974
https://openalex.org/W4285588464
https://openalex.org/W4288077837
https://openalex.org/W4292692725
https://openalex.org/W4296177185
https://openalex.org/W4296449764
https://openalex.org/W4296468677
https://openalex.org/W4296949219
https://openalex.org/W4297260599
https://openalex.org/W4308976048
https://openalex.org/W4312014748
https://openalex.org/W1988466124
https://openalex.org/W2042972439
https://openalex.org/W2144738955
https://openalex.org/W1971020014
https://openalex.org/W1977043317
https://openalex.org/W2117131243
https://openalex.org/W2467785603
https://openalex.org/W1981647405
https://openalex.org/W1982441784
https://openalex.org/W1985153563
https://openalex.org/W1990064909
https://openalex.org/W2000298167
https://openalex.org/W2023593670
https://openalex.org/W2024965007
https://openalex.org/W2315431653
https://openalex.org/W4377204318
https://openalex.org/W2044383492
https://openalex.org/W223154361
https://openalex.org/W3209246159
https://openalex.org/W1964204900
https://openalex.org/W1971125860
https://openalex.org/W2017320408
https://openalex.org/W2037392832
https://openalex.org/W2045288570
https://openalex.org/W2076695180
https://openalex.org/W2078108824
https://openalex.org/W2084082372
https://openalex.org/W2412260590
https://openalex.org/W2472104828
https://openalex.org/W1992295828
https://openalex.org/W2072538007
https://openalex.org/W2795152282
https://openalex.org/W99310957
https://openalex.org/W1559973010
https://openalex.org/W2250896693
https://openalex.org/W2316688857
https://openalex.org/W4251205939
https://openalex.org/W1973512223
https://openalex.org/W1992295818
https://openalex.org/W1992492993
https://openalex.org/W2018426125
https://openalex.org/W2021097972
https://openalex.org/W2021594633
https://openalex.org/W2023009838
https://openalex.org/W2026390088
https://openalex.org/W2066424153
https://openalex.org/W2083541843
https://openalex.org/W2115160032
https://openalex.org/W2144933739
https://openalex.org/W2157431089
https://openalex.org/W2157871618
https://openalex.org/W2316331489
https://openalex.org/W2468552803
https://openalex.org/W66462076
https://openalex.org/W929375033
https://openalex.org/W1994700381
https://openalex.org/W2029667573
https://openalex.org/W2502507991
https://openalex.org/W1503362148
https://openalex.org/W2950384125
https://openalex.org/W634050827
https://openalex.org/W1568930916
https://openalex.org/W2045093974
https://openalex.org/W2140733513
https://openalex.org/W2399693249
https://openalex.org/W1480463300
https://openalex.org/W1500605454
https://openalex.org/W1857840137
https://openalex.org/W1965445991
https://openalex.org/W1980510030
https://openalex.org/W2037006087
https://openalex.org/W2053469019
https://openalex.org/W2064933925
https://openalex.org/W2085165563
https://openalex.org/W2094098318
https://openalex.org/W2113842143
https://openalex.org/W2138055566
https://openalex.org/W2140852226
https://openalex.org/W1519611097
https://openalex.org/W1983034671
https://openalex.org/W2041252591
https://openalex.org/W2409947990
https://openalex.org/W2016749513
https://openalex.org/W2018886149
https://openalex.org/W2057316567
https://openalex.org/W2116428477
https://openalex.org/W2162085122
https://openalex.org/W2189113139
https://openalex.org/W2606362991
https://openalex.org/W26072783
https://openalex.org/W2745559360
https://openalex.org/W2769808845
https://openalex.org/W2810142765
https://openalex.org/W2891767421
https://openalex.org/W2898493980
https://openalex.org/W2916537256
https://openalex.org/W2924238871
https://openalex.org/W2960522901
https://openalex.org/W2970229321
https://openalex.org/W2985650377
https://openalex.org/W3010182009
https://openalex.org/W3010693742
https://openalex.org/W3033100050
https://openalex.org/W3048906546
https://openalex.org/W3084581145
https://openalex.org/W3096509063
https://openalex.org/W3097400456
https://openalex.org/W3124530418
https://openalex.org/W3135706584
https://openalex.org/W3154012609
https://openalex.org/W3156602049
https://openalex.org/W3183284370
https://openalex.org/W3186093156
https://openalex.org/W3193861293
https://openalex.org/W3193962362
https://openalex.org/W3199506543
https://openalex.org/W4206223378
https://openalex.org/W4210305731
https://openalex.org/W2324338394
https://openalex.org/W2333396196
https://openalex.org/W2394600342
https://openalex.org/W2405260822
https://openalex.org/W2441575655
https://openalex.org/W3123469632
https://openalex.org/W4386212377
https://openalex.org/W1986411049
https://openalex.org/W1994868878
https://openalex.org/W2042526852
https://openalex.org/W2070839038
https://openalex.org/W2074115335
https://openalex.org/W2098629518
https://openalex.org/W2130673585
https://openalex.org/W2321717888
https://openalex.org/W2950340006
https://openalex.org/W2004445946
https://openalex.org/W2123923316
https://openalex.org/W57142388
https://openalex.org/W2010492046
https://openalex.org/W2039213984
https://openalex.org/W2046007976
https://openalex.org/W2105731566
https://openalex.org/W2047102145
https://openalex.org/W2131367075
https://openalex.org/W2394992226
https://openalex.org/W2894529375
https://openalex.org/W110039958
https://openalex.org/W2088436856
https://openalex.org/W2117793497
https://openalex.org/W2121754537
https://openalex.org/W2325358241
https://openalex.org/W2609295587
https://openalex.org/W2792996076
https://openalex.org/W4235366033
https://openalex.org/W2012792203
https://openalex.org/W2024616326
https://openalex.org/W2050761485
https://openalex.org/W2057682367
https://openalex.org/W2104176428
https://openalex.org/W2114523419
https://openalex.org/W63105729
https://openalex.org/W13540765
https://openalex.org/W1905525781
https://openalex.org/W1956210555
https://openalex.org/W1974198608
https://openalex.org/W1981237688
https://openalex.org/W1993534464
https://openalex.org/W2000210287
https://openalex.org/W2039971608
https://openalex.org/W2042130042
https://openalex.org/W2049516719
https://openalex.org/W2058471159
https://openalex.org/W2059710132
https://openalex.org/W2062885150
https://openalex.org/W2079312257
https://openalex.org/W2085209693
https://openalex.org/W2086427781
https://openalex.org/W2091510883
https://openalex.org/W2091532771
https://openalex.org/W2093082944
https://openalex.org/W2110189825
https://openalex.org/W2160140878
https://openalex.org/W2165543906
https://openalex.org/W2181708792
https://openalex.org/W2320780022
https://openalex.org/W2327516381
https://openalex.org/W2328840837
https://openalex.org/W2361644016
https://openalex.org/W2373835527
https://openalex.org/W2383410495
https://openalex.org/W4313394140
https://openalex.org/W4313395745
https://openalex.org/W4315487975
https://openalex.org/W4316496601
https://openalex.org/W4317863030
https://openalex.org/W4317868074
https://openalex.org/W4319039706
https://openalex.org/W4320005379
https://openalex.org/W4320502844
https://openalex.org/W4320901411
https://openalex.org/W4320914557
https://openalex.org/W4321454892
https://openalex.org/W4323042119
https://openalex.org/W4323310178
https://openalex.org/W4323338149
https://openalex.org/W4324266055
https://openalex.org/W4324266057
https://openalex.org/W4328022921
https://openalex.org/W4360750698
https://openalex.org/W4360972763
https://openalex.org/W4361244185
https://openalex.org/W4361248201
https://openalex.org/W4361248229
https://openalex.org/W4361248555
https://openalex.org/W4361248588
https://openalex.org/W4361248775
https://openalex.org/W4361262693
https://openalex.org/W4361264500
https://openalex.org/W4361264512
https://openalex.org/W4361770986
https://openalex.org/W4361821891
https://openalex.org/W4361831572
https://openalex.org/W4361832732
https://openalex.org/W4361832995
https://openalex.org/W4361833032
https://openalex.org/W4361833134
https://openalex.org/W4361836330
https://openalex.org/W4361836334
https://openalex.org/W4361836340
https://openalex.org/W4361841113
https://openalex.org/W4361841205
https://openalex.org/W4361841213
https://openalex.org/W4361841234
https://openalex.org/W4361841236
https://openalex.org/W4361842712
https://openalex.org/W4361842943
https://openalex.org/W4361842955
https://openalex.org/W4361843001
https://openalex.org/W4361843018
https://openalex.org/W4361843179
https://openalex.org/W4361865988
https://openalex.org/W4361870605
https://openalex.org/W4361870690
https://openalex.org/W4361870700
https://openalex.org/W4361870705
https://openalex.org/W4361870723
https://openalex.org/W4361870736
https://openalex.org/W4361870742
https://openalex.org/W4361870745
https://openalex.org/W4361870954
https://openalex.org/W4361870994
https://openalex.org/W4361890944
https://openalex.org/W4361890955
https://openalex.org/W4361891322
https://openalex.org/W4361893951
https://openalex.org/W4361895136
https://openalex.org/W4361895139
https://openalex.org/W4361895143
https://openalex.org/W4361895179
https://openalex.org/W4361895328
https://openalex.org/W4361895342
https://openalex.org/W4361940610
https://openalex.org/W4361940718
https://openalex.org/W4361954083
https://openalex.org/W4361958979
https://openalex.org/W4361962096
https://openalex.org/W4362416069
https://openalex.org/W4362416226
https://openalex.org/W4362416562
https://openalex.org/W4362416565
https://openalex.org/W4362482297
https://openalex.org/W4362525421
https://openalex.org/W4362532829
https://openalex.org/W4362532900
https://openalex.org/W4362532903
https://openalex.org/W4362532931
https://openalex.org/W4362534519
https://openalex.org/W4362534532
https://openalex.org/W4362534566
https://openalex.org/W4362535250
https://openalex.org/W4362543275
https://openalex.org/W4362543296
https://openalex.org/W4362543419
https://openalex.org/W4362543442
https://openalex.org/W4362547296
https://openalex.org/W4362602589
https://openalex.org/W4362609550
https://openalex.org/W4362609602
https://openalex.org/W4362609616
https://openalex.org/W4362609630
https://openalex.org/W4362622612
https://openalex.org/W4362733935
https://openalex.org/W4362733942
https://openalex.org/W4362734008
https://openalex.org/W4362734011
https://openalex.org/W4367608686
https://openalex.org/W4375817928
https://openalex.org/W4376527460
https://openalex.org/W4377028930
https://openalex.org/W4377115977
https://openalex.org/W4378470899
https://openalex.org/W4379526026
https://openalex.org/W4380151193
https://openalex.org/W4380354494
https://openalex.org/W4380445817
https://openalex.org/W4381337559
https://openalex.org/W4382053482
https://openalex.org/W4382365792
https://openalex.org/W4382656197
https://openalex.org/W4383198421
https://openalex.org/W4383340662
https://openalex.org/W4384304083
https://openalex.org/W4384519141
https://openalex.org/W4385006063
https://openalex.org/W4385327857
https://openalex.org/W4385373918
https://openalex.org/W4385429247
https://openalex.org/W4385477387
https://openalex.org/W4385654899
https://openalex.org/W4385655700
https://openalex.org/W4385844012
https://openalex.org/W4385969399
https://openalex.org/W4386022954
https://openalex.org/W4386264800
https://openalex.org/W4386331072
https://openalex.org/W4386363501
https://openalex.org/W4386376275
https://openalex.org/W4386409393
https://openalex.org/W4386428338
https://openalex.org/W4386536984
https://openalex.org/W4386556438
https://openalex.org/W4386599602
https://openalex.org/W4386875353
https://openalex.org/W4386878654
https://openalex.org/W4386920954
https://openalex.org/W4386951796
https://openalex.org/W4387037566
https://openalex.org/W4387076421
https://openalex.org/W4387090147
https://openalex.org/W4387211400
https://openalex.org/W4387225940
https://openalex.org/W4387640525
https://openalex.org/W4387666570
https://openalex.org/W4387674813
https://openalex.org/W4387957517
https://openalex.org/W4388097659
https://openalex.org/W4388111419
https://openalex.org/W4388534466
https://openalex.org/W4388596914
https://openalex.org/W4388757355
https://openalex.org/W4388997556
https://openalex.org/W4389792616
https://openalex.org/W4389836849
https://openalex.org/W4390078656
https://openalex.org/W4390078843
https://openalex.org/W4390113793
https://openalex.org/W4390136899
https://openalex.org/W4390402706
https://openalex.org/W4390493616
https://openalex.org/W4391085427
https://openalex.org/W4392669342
https://openalex.org/W4392679465
https://openalex.org/W4392684039
https://openalex.org/W4392684256
https://openalex.org/W4392686768
https://openalex.org/W4392688036
https://openalex.org/W4392693070
https://openalex.org/W4392697303
https://openalex.org/W4392722083
https://openalex.org/W4392723102
https://openalex.org/W4392724821
https://openalex.org/W4392725017
https://openalex.org/W4394071062
https://openalex.org/W4395600973
https://openalex.org/W1988400013
https://openalex.org/W2012225482
https://openalex.org/W2020410996
https://openalex.org/W2045854711
https://openalex.org/W2074011030
https://openalex.org/W2110977151
https://openalex.org/W1414717611
https://openalex.org/W1908047866
https://openalex.org/W1975137144
https://openalex.org/W2038539139
https://openalex.org/W2044741900
https://openalex.org/W2074287717
https://openalex.org/W2319041565
https://openalex.org/W2788554398
https://openalex.org/W2001666714
https://openalex.org/W2011429882
https://openalex.org/W2036558344
https://openalex.org/W2047641055
https://openalex.org/W2060010668
https://openalex.org/W2075043286
https://openalex.org/W2156645211
https://openalex.org/W2312937116
https://openalex.org/W279697823
https://openalex.org/W2980112612
https://openalex.org/W1970160380
https://openalex.org/W2413561885
https://openalex.org/W2053024171
https://openalex.org/W4238984376
https://openalex.org/W2048639452
https://openalex.org/W2062320738
https://openalex.org/W2073925491
https://openalex.org/W2200575586
https://openalex.org/W2599599658
https://openalex.org/W2604800858
https://openalex.org/W2732147909
https://openalex.org/W2742222416
https://openalex.org/W2751034137
https://openalex.org/W2774659325
https://openalex.org/W2789099545
https://openalex.org/W2951889259
https://openalex.org/W4252273025
https://openalex.org/W3140764746
https://openalex.org/W578867263
https://openalex.org/W2067621056
https://openalex.org/W1970754180
https://openalex.org/W2051463856
https://openalex.org/W4242617760
https://openalex.org/W1988798391
https://openalex.org/W2073361418
https://openalex.org/W2082349674
https://openalex.org/W2118385508
https://openalex.org/W2132169629
https://openalex.org/W2158440189
https://openalex.org/W2312865454
https://openalex.org/W2404014538
https://openalex.org/W4245973399
https://openalex.org/W105453787
https://openalex.org/W1434740108
https://openalex.org/W1966815500
https://openalex.org/W2014267218
https://openalex.org/W2127292777
https://openalex.org/W2145554445
https://openalex.org/W2325317891
https://openalex.org/W2775727553
https://openalex.org/W2792269082
https://openalex.org/W2895556917
https://openalex.org/W2899598750
https://openalex.org/W2900874735
https://openalex.org/W2906220041
https://openalex.org/W2913415800
https://openalex.org/W2917403224
https://openalex.org/W2945212130
https://openalex.org/W2951270105
https://openalex.org/W2965273504
https://openalex.org/W2971204424
https://openalex.org/W2973907758
https://openalex.org/W2990739106
https://openalex.org/W3008561280
https://openalex.org/W3011782821
https://openalex.org/W3014322294
https://openalex.org/W3015088933
https://openalex.org/W3027301537
https://openalex.org/W3038401102
https://openalex.org/W3043246666
https://openalex.org/W3080816959
https://openalex.org/W3089307543
https://openalex.org/W3095800566
https://openalex.org/W3112059056
https://openalex.org/W3113245136
https://openalex.org/W3113690766
https://openalex.org/W3120894611
https://openalex.org/W3123689019
https://openalex.org/W3127859252
https://openalex.org/W3134166089
https://openalex.org/W3152766633
https://openalex.org/W3163522432
https://openalex.org/W3165355183
https://openalex.org/W3183413868
https://openalex.org/W3194492161
https://openalex.org/W3200328739
https://openalex.org/W3200737309
https://openalex.org/W3200886005
https://openalex.org/W3211658941
https://openalex.org/W4200138717
https://openalex.org/W4200266607
https://openalex.org/W4229833383
https://openalex.org/W4380206654
https://openalex.org/W46888379
https://openalex.org/W79910989
https://openalex.org/W82156518
https://openalex.org/W2110928236
https://openalex.org/W2329193110
https://openalex.org/W2401254231
https://openalex.org/W2461066348
https://openalex.org/W2468271014
https://openalex.org/W2520255811
https://openalex.org/W2525812402
https://openalex.org/W2744966935
https://openalex.org/W291553724
https://openalex.org/W3206376964
https://openalex.org/W4200369799
https://openalex.org/W4205712743
https://openalex.org/W4210305940
https://openalex.org/W4210358392
https://openalex.org/W4210716317
https://openalex.org/W4221062025
https://openalex.org/W4225085501
https://openalex.org/W4281683084
https://openalex.org/W4285112801
https://openalex.org/W4290804176
https://openalex.org/W4294561028
https://openalex.org/W4296193485
https://openalex.org/W4304805125
https://openalex.org/W4307502239
https://openalex.org/W4308293443
https://openalex.org/W4311095652
https://openalex.org/W4311328437
https://openalex.org/W4361829680
https://openalex.org/W4362501320
https://openalex.org/W4362501426
https://openalex.org/W1998791652
https://openalex.org/W1616841346
https://openalex.org/W1977171442
https://openalex.org/W1978627815
https://openalex.org/W1981641800
https://openalex.org/W2003794307
https://openalex.org/W2004219590
https://openalex.org/W2018071515
https://openalex.org/W2036013970
https://openalex.org/W2402679000
https://openalex.org/W62723541
https://openalex.org/W1586812249
https://openalex.org/W1618298262
https://openalex.org/W162252431
https://openalex.org/W193378474
https://openalex.org/W1988878091
https://openalex.org/W2007869321
https://openalex.org/W202384999
https://openalex.org/W2053164978
https://openalex.org/W2112379592
https://openalex.org/W2129905701
https://openalex.org/W2396688163
https://openalex.org/W2421453140
https://openalex.org/W3021592623
https://openalex.org/W1577438435
https://openalex.org/W2070300610
https://openalex.org/W2098501974
https://openalex.org/W240794500
https://openalex.org/W2009484548
https://openalex.org/W2019706883
https://openalex.org/W2069188631
https://openalex.org/W2136692808
https://openalex.org/W4249992972
https://openalex.org/W598112689
https://openalex.org/W110548901
https://openalex.org/W1575479518
https://openalex.org/W166164075
https://openalex.org/W18515130
https://openalex.org/W1946533685
https://openalex.org/W1973791972
https://openalex.org/W1974840072
https://openalex.org/W1977794663
https://openalex.org/W2026959091
https://openalex.org/W2031624762
https://openalex.org/W2102616621
https://openalex.org/W2315471583
https://openalex.org/W2318086510
https://openalex.org/W2321132631
https://openalex.org/W2324638777
https://openalex.org/W2334541720
https://openalex.org/W2359645063
https://openalex.org/W2385481434
https://openalex.org/W2406801621
https://openalex.org/W2410481907
https://openalex.org/W2410761952
https://openalex.org/W2432133146
https://openalex.org/W2587077777
https://openalex.org/W2589148493
https://openalex.org/W2594810662
https://openalex.org/W259525902
https://openalex.org/W2914364102
https://openalex.org/W2922041868
https://openalex.org/W2954051677
https://openalex.org/W2978431034
https://openalex.org/W3005390655
https://openalex.org/W3082990835
https://openalex.org/W325346191
https://openalex.org/W4213365882
https://openalex.org/W4236808698
https://openalex.org/W4250946841
https://openalex.org/W4253973713
https://openalex.org/W4281814030
https://openalex.org/W4296246493
https://openalex.org/W4297578049
https://openalex.org/W4299391089
https://openalex.org/W4388480132
https://openalex.org/W45044832
https://openalex.org/W66720430
https://openalex.org/W1985639135
https://openalex.org/W2002592337
https://openalex.org/W2051542676
https://openalex.org/W2183872592
https://openalex.org/W2513680756
https://openalex.org/W1551159694
https://openalex.org/W1970345534
https://openalex.org/W2014667828
https://openalex.org/W2022361305
https://openalex.org/W2119970735
https://openalex.org/W2339238563
https://openalex.org/W2048126414
https://openalex.org/W2054361863
https://openalex.org/W2335375932
https://openalex.org/W4237828222
https://openalex.org/W1185168127
https://openalex.org/W1925902179
https://openalex.org/W2023656859
https://openalex.org/W2035344243
https://openalex.org/W2048920054
https://openalex.org/W2069345123
https://openalex.org/W2073201986
https://openalex.org/W2084366111
https://openalex.org/W2091806647
https://openalex.org/W2103059507
https://openalex.org/W2158668734
https://openalex.org/W2189146349
https://openalex.org/W2324831465
https://openalex.org/W2538109936
https://openalex.org/W2794900327
https://openalex.org/W2913392361
https://openalex.org/W154567054
https://openalex.org/W1983742790
https://openalex.org/W2010993109
https://openalex.org/W2017620400
https://openalex.org/W2039355289
https://openalex.org/W2080451757
https://openalex.org/W2093580751
https://openalex.org/W2166233791
https://openalex.org/W2182610300
https://openalex.org/W2322167133
https://openalex.org/W2323290505
https://openalex.org/W2369485713
https://openalex.org/W2475202545
https://openalex.org/W2491087580
https://openalex.org/W2579201931
https://openalex.org/W2591233728
https://openalex.org/W2603561402
https://openalex.org/W2739710141
https://openalex.org/W2765652464
https://openalex.org/W2766330485
https://openalex.org/W2781410916
https://openalex.org/W2912711265
https://openalex.org/W2949098857
https://openalex.org/W2951857186
https://openalex.org/W3003581702
https://openalex.org/W3029215415
https://openalex.org/W3031285194
https://openalex.org/W47698169
https://openalex.org/W1984001730
https://openalex.org/W2028678356
https://openalex.org/W2056459854
https://openalex.org/W2316464405
https://openalex.org/W2331988483
https://openalex.org/W2414014556
https://openalex.org/W2034456838
https://openalex.org/W2035008950
https://openalex.org/W2069011954
https://openalex.org/W2071350867
https://openalex.org/W2122321515
https://openalex.org/W2147629541
https://openalex.org/W2492124055
https://openalex.org/W4230151042
https://openalex.org/W2003097502
https://openalex.org/W2064372773
https://openalex.org/W2074335687
https://openalex.org/W2616314933
https://openalex.org/W4230436339
https://openalex.org/W1502425206
https://openalex.org/W1564293029
https://openalex.org/W1980399264
https://openalex.org/W2003807227
https://openalex.org/W2003941183
https://openalex.org/W2011781930
https://openalex.org/W2018276340
https://openalex.org/W2023322640
https://openalex.org/W2039190111
https://openalex.org/W2039937562
https://openalex.org/W2041303491
https://openalex.org/W2050044453
https://openalex.org/W2056004474
https://openalex.org/W2076195264
https://openalex.org/W2090278944
https://openalex.org/W2103131734
https://openalex.org/W2141903357
https://openalex.org/W2160299609
https://openalex.org/W2164033980
https://openalex.org/W2240694534
https://openalex.org/W2411933925
https://openalex.org/W2416192407
https://openalex.org/W2469556732
https://openalex.org/W2589070071
https://openalex.org/W2602316623
https://openalex.org/W2606972105
https://openalex.org/W2773390214
https://openalex.org/W2792934415
https://openalex.org/W2795040789
https://openalex.org/W2796167090
https://openalex.org/W2807750459
https://openalex.org/W2810009445
https://openalex.org/W2903286423
https://openalex.org/W3121758917
https://openalex.org/W3157100432
https://openalex.org/W1995272157
https://openalex.org/W2001866211
https://openalex.org/W3041276800
https://openalex.org/W2036462981
https://openalex.org/W2324664463
https://openalex.org/W2312735098
https://openalex.org/W2463795020
https://openalex.org/W3145822106
https://openalex.org/W1982862209
https://openalex.org/W1984602511
https://openalex.org/W1995452401
https://openalex.org/W2003309779
https://openalex.org/W2028622476
https://openalex.org/W2048182178
https://openalex.org/W2126538723
https://openalex.org/W2138475306
https://openalex.org/W2509510502
https://openalex.org/W2601637563
https://openalex.org/W2794833394
https://openalex.org/W2914365685
https://openalex.org/W2922091131
https://openalex.org/W2947840838
https://openalex.org/W2974811010
https://openalex.org/W2977275510
https://openalex.org/W2978921531
https://openalex.org/W2982035119
https://openalex.org/W2982163965
https://openalex.org/W2982208942
https://openalex.org/W2986830434
https://openalex.org/W2991528477
https://openalex.org/W3007163116
https://openalex.org/W3014247932
https://openalex.org/W3024669599
https://openalex.org/W3025436807
https://openalex.org/W3026387782
https://openalex.org/W3030907606
https://openalex.org/W3046150253
https://openalex.org/W3082498585
https://openalex.org/W3087353344
https://openalex.org/W3087645054
https://openalex.org/W3099699485
https://openalex.org/W3103413999
https://openalex.org/W3111157442
https://openalex.org/W3169209291
https://openalex.org/W4242794243
https://openalex.org/W1972287823
https://openalex.org/W1977274415
https://openalex.org/W1985036452
https://openalex.org/W2019416376
https://openalex.org/W2034340587
https://openalex.org/W2071786355
https://openalex.org/W2091648014
https://openalex.org/W2400887031
https://openalex.org/W2414692020
https://openalex.org/W2438235790
https://openalex.org/W4240243139
https://openalex.org/W4251497571
https://openalex.org/W573206327
https://openalex.org/W816898461
https://openalex.org/W1655742243
https://openalex.org/W2022798399
https://openalex.org/W2046472662
https://openalex.org/W2092427699
https://openalex.org/W2133290220
https://openalex.org/W2154723422
https://openalex.org/W2164222441
https://openalex.org/W2165978289
https://openalex.org/W2324803286
https://openalex.org/W2375953748
https://openalex.org/W2411640803
https://openalex.org/W2798707314
https://openalex.org/W4255706279
https://openalex.org/W1575626097
https://openalex.org/W1994624374
https://openalex.org/W2037255428
https://openalex.org/W2042632146
https://openalex.org/W2054079510
https://openalex.org/W2063915457
https://openalex.org/W2093130233
https://openalex.org/W2142640075
https://openalex.org/W2312237978
https://openalex.org/W2319570177
https://openalex.org/W2413253365
https://openalex.org/W2433702713
https://openalex.org/W2790231779
https://openalex.org/W2790846089
https://openalex.org/W2912002571
https://openalex.org/W3012344816
https://openalex.org/W3012656248
https://openalex.org/W3128737410
https://openalex.org/W3129844600
https://openalex.org/W3133049806
https://openalex.org/W3136374566
https://openalex.org/W3153622621
https://openalex.org/W3160452003
https://openalex.org/W3171544881
https://openalex.org/W3174530934
https://openalex.org/W3177556273
https://openalex.org/W3178490758
https://openalex.org/W3191252211
https://openalex.org/W3203920000
https://openalex.org/W3204087779
https://openalex.org/W3209170302
https://openalex.org/W4205308544
https://openalex.org/W4211228997
https://openalex.org/W4237200660
https://openalex.org/W4287255797
https://openalex.org/W2192266049
https://openalex.org/W3026583604
https://openalex.org/W193280541
https://openalex.org/W1981365216
https://openalex.org/W2027004607
https://openalex.org/W2092740827
https://openalex.org/W2156772919
https://openalex.org/W2415097195
https://openalex.org/W2444358162
https://openalex.org/W2462057154
https://openalex.org/W1581654996
https://openalex.org/W1565053523
https://openalex.org/W1585299074
https://openalex.org/W1988180075
https://openalex.org/W1992654794
https://openalex.org/W2027304751
https://openalex.org/W2059015515
https://openalex.org/W2134434651
https://openalex.org/W2143787301
https://openalex.org/W2368078736
https://openalex.org/W2416884901
https://openalex.org/W2541800043
https://openalex.org/W2543032864
https://openalex.org/W2790666855
https://openalex.org/W2792186725
https://openalex.org/W2171823769
https://openalex.org/W2914574740
https://openalex.org/W3090219591
https://openalex.org/W3090604605
https://openalex.org/W3090921588
https://openalex.org/W3091674870
https://openalex.org/W2016915881
https://openalex.org/W2056589442
https://openalex.org/W2105104715
https://openalex.org/W2317566139
https://openalex.org/W2321420211
https://openalex.org/W2409343203
https://openalex.org/W2419113475
https://openalex.org/W3143866528
https://openalex.org/W394026074
https://openalex.org/W65141562
https://openalex.org/W1996840100
https://openalex.org/W2009802743
https://openalex.org/W2156772612
https://openalex.org/W2331176323
https://openalex.org/W2340895137
https://openalex.org/W1031028091
https://openalex.org/W1494129224
https://openalex.org/W1519695174
https://openalex.org/W1535552463
https://openalex.org/W1597414697
https://openalex.org/W1641064182
https://openalex.org/W1670512799
https://openalex.org/W1891238823
https://openalex.org/W1891678310
https://openalex.org/W1966272596
https://openalex.org/W200040866
https://openalex.org/W2019909406
https://openalex.org/W2028107316
https://openalex.org/W2029205091
https://openalex.org/W2030467811
https://openalex.org/W2050261767
https://openalex.org/W2053823118
https://openalex.org/W2061028828
https://openalex.org/W2074830762
https://openalex.org/W2079005990
https://openalex.org/W2083745493
https://openalex.org/W2086136178
https://openalex.org/W2087161553
https://openalex.org/W2113576124
https://openalex.org/W2126576432
https://openalex.org/W2131162191
https://openalex.org/W2206310451
https://openalex.org/W2208368524
https://openalex.org/W2217335744
https://openalex.org/W2243803460
https://openalex.org/W2244247179
https://openalex.org/W2248062952
https://openalex.org/W2248901522
https://openalex.org/W2256553572
https://openalex.org/W2273675183
https://openalex.org/W2291171653
https://openalex.org/W2317062331
https://openalex.org/W2318595354
https://openalex.org/W2328205093
https://openalex.org/W2328365902
https://openalex.org/W2328397808
https://openalex.org/W2334927789
https://openalex.org/W2345890785
https://openalex.org/W2351110754
https://openalex.org/W2352640729
https://openalex.org/W2353631185
https://openalex.org/W2366563969
https://openalex.org/W2371178259
https://openalex.org/W2372744807
https://openalex.org/W2373524798
https://openalex.org/W2378265980
https://openalex.org/W2386328809
https://openalex.org/W2390846792
https://openalex.org/W2393744811
https://openalex.org/W2414455437
https://openalex.org/W2416783632
https://openalex.org/W241838693
https://openalex.org/W24224077
https://openalex.org/W2424030710
https://openalex.org/W2425039897
https://openalex.org/W2461173426
https://openalex.org/W2468784619
https://openalex.org/W2474672598
https://openalex.org/W2487510761
https://openalex.org/W2489941446
https://openalex.org/W2490436298
https://openalex.org/W2500002377
https://openalex.org/W2503884065
https://openalex.org/W2509685322
https://openalex.org/W2510400940
https://openalex.org/W2512167192
https://openalex.org/W2513935025
https://openalex.org/W2517338265
https://openalex.org/W2523590956
https://openalex.org/W2527102666
https://openalex.org/W2529927240
https://openalex.org/W2552608092
https://openalex.org/W2583957099
https://openalex.org/W2590747596
https://openalex.org/W2598553588
https://openalex.org/W2600985229
https://openalex.org/W2601057507
https://openalex.org/W2603778360
https://openalex.org/W2700055734
https://openalex.org/W2723287688
https://openalex.org/W2727064794
https://openalex.org/W2742197167
https://openalex.org/W2742478982
https://openalex.org/W2744345079
https://openalex.org/W2744594300
https://openalex.org/W2745057516
https://openalex.org/W2746429625
https://openalex.org/W2746571716
https://openalex.org/W2748083121
https://openalex.org/W2748416729
https://openalex.org/W2748733585
https://openalex.org/W2749800108
https://openalex.org/W2749884008
https://openalex.org/W2750079050
https://openalex.org/W2750531915
https://openalex.org/W2751475878
https://openalex.org/W2753234181
https://openalex.org/W2757410599
https://openalex.org/W2757720268
https://openalex.org/W2777201523
https://openalex.org/W2781718063
https://openalex.org/W2797283845
https://openalex.org/W2804126321
https://openalex.org/W2898556777
https://openalex.org/W2906938029
https://openalex.org/W2907270230
https://openalex.org/W2907651759
https://openalex.org/W2908137680
https://openalex.org/W2908272576
https://openalex.org/W2911616101
https://openalex.org/W2912008686
https://openalex.org/W2913987020
https://openalex.org/W2916625318
https://openalex.org/W2997066241
https://openalex.org/W3005874565
https://openalex.org/W3013046997
https://openalex.org/W3013329174
https://openalex.org/W3013427112
https://openalex.org/W3013500558
https://openalex.org/W3013529837
https://openalex.org/W3013709981
https://openalex.org/W3013812754
https://openalex.org/W3013843402
https://openalex.org/W3015370570
https://openalex.org/W3021509594
https://openalex.org/W3023878883
https://openalex.org/W3028384078
https://openalex.org/W3029487794
https://openalex.org/W3029966868
https://openalex.org/W3030359964
https://openalex.org/W3031766779
https://openalex.org/W3032410360
https://openalex.org/W3045268003
https://openalex.org/W3046576103
https://openalex.org/W3142774393
https://openalex.org/W3144281128
https://openalex.org/W3149242369
https://openalex.org/W3151793026
https://openalex.org/W3154884059
https://openalex.org/W3155865492
https://openalex.org/W3163836075
https://openalex.org/W3214133516
https://openalex.org/W4231618079
https://openalex.org/W4232122577
https://openalex.org/W4234609822
https://openalex.org/W4238035849
https://openalex.org/W4239117647
https://openalex.org/W4242527601
https://openalex.org/W4242607177
https://openalex.org/W4242882024
https://openalex.org/W4244199201
https://openalex.org/W4249683950
https://openalex.org/W4252491213
https://openalex.org/W4252935432
https://openalex.org/W4255132172
https://openalex.org/W4388474075
https://openalex.org/W4389291535
https://openalex.org/W4389291635
https://openalex.org/W2081686314
https://openalex.org/W2159484423
https://openalex.org/W2319065477
https://openalex.org/W2428193517
https://openalex.org/W2474390464
https://openalex.org/W2763800293
https://openalex.org/W3134255819
https://openalex.org/W4253502821
https://openalex.org/W605947546
https://openalex.org/W645374226
https://openalex.org/W115607815
https://openalex.org/W1977794128
https://openalex.org/W1982342926
https://openalex.org/W2003565474
https://openalex.org/W2010205509
https://openalex.org/W2040544633
https://openalex.org/W2184309634
https://openalex.org/W2322328143
https://openalex.org/W2384016471
https://openalex.org/W2405279886
https://openalex.org/W2414903599
https://openalex.org/W1504306415
https://openalex.org/W1526363214
https://openalex.org/W155009716
https://openalex.org/W1591641630
https://openalex.org/W1877965017
https://openalex.org/W1966798440
https://openalex.org/W1967076798
https://openalex.org/W1967432244
https://openalex.org/W1969116557
https://openalex.org/W1970373985
https://openalex.org/W1972803312
https://openalex.org/W1972925807
https://openalex.org/W1976140157
https://openalex.org/W1976889261
https://openalex.org/W1986762894
https://openalex.org/W1996614908
https://openalex.org/W1997387072
https://openalex.org/W1999210733
https://openalex.org/W2001395279
https://openalex.org/W2014675814
https://openalex.org/W2014726890
https://openalex.org/W2019628872
https://openalex.org/W2021180330
https://openalex.org/W2021549709
https://openalex.org/W2027391751
https://openalex.org/W2041121018
https://openalex.org/W2041563763
https://openalex.org/W2043739175
https://openalex.org/W2049563428
https://openalex.org/W2051543239
https://openalex.org/W2056394298
https://openalex.org/W2063369119
https://openalex.org/W2078946382
https://openalex.org/W2080524832
https://openalex.org/W2085496923
https://openalex.org/W2085821690
https://openalex.org/W2087746499
https://openalex.org/W2087821529
https://openalex.org/W2090248209
https://openalex.org/W2091350321
https://openalex.org/W2093353222
https://openalex.org/W2095296641
https://openalex.org/W2103335233
https://openalex.org/W2113369144
https://openalex.org/W2118214853
https://openalex.org/W2120899606
https://openalex.org/W2121618667
https://openalex.org/W2123163993
https://openalex.org/W2126077207
https://openalex.org/W2141777596
https://openalex.org/W2143480432
https://openalex.org/W2160139442
https://openalex.org/W2164340759
https://openalex.org/W2180066290
https://openalex.org/W2180333453
https://openalex.org/W2180640817
https://openalex.org/W2220972660
https://openalex.org/W2242071239
https://openalex.org/W2246309079
https://openalex.org/W2281117456
https://openalex.org/W2312453027
https://openalex.org/W2313745641
https://openalex.org/W2315201162
https://openalex.org/W2315872921
https://openalex.org/W2317504462
https://openalex.org/W2320290626
https://openalex.org/W2324003557
https://openalex.org/W2328694846
https://openalex.org/W2329243724
https://openalex.org/W2329847041
https://openalex.org/W2330537849
https://openalex.org/W2332206115
https://openalex.org/W2333069212
https://openalex.org/W2333136507
https://openalex.org/W2335189229
https://openalex.org/W2349867920
https://openalex.org/W2372375149
https://openalex.org/W2382946624
https://openalex.org/W2402118902
https://openalex.org/W2402187861
https://openalex.org/W2412114916
https://openalex.org/W2419156419
https://openalex.org/W2462549350
https://openalex.org/W2501574947
https://openalex.org/W2513474188
https://openalex.org/W2517386716
https://openalex.org/W2533916677
https://openalex.org/W2535907575
https://openalex.org/W2540399554
https://openalex.org/W2540653922
https://openalex.org/W2559829557
https://openalex.org/W2559957221
https://openalex.org/W2560145985
https://openalex.org/W2562916785
https://openalex.org/W2572991930
https://openalex.org/W2589394598
https://openalex.org/W2590294374
https://openalex.org/W2590342414
https://openalex.org/W2590374765
https://openalex.org/W2590815590
https://openalex.org/W2594153714
https://openalex.org/W2597029553
https://openalex.org/W2598275490
https://openalex.org/W2599414467
https://openalex.org/W2599897712
https://openalex.org/W2603452252
https://openalex.org/W2608228528
https://openalex.org/W2630553765
https://openalex.org/W2667546348
https://openalex.org/W2732829301
https://openalex.org/W2746957788
https://openalex.org/W2749921979
https://openalex.org/W2777628857
https://openalex.org/W2903926518
https://openalex.org/W2912841523
https://openalex.org/W2912983975
https://openalex.org/W2914414319
https://openalex.org/W2916177921
https://openalex.org/W2917348161
https://openalex.org/W2951524604
https://openalex.org/W2980984207
https://openalex.org/W2994907850
https://openalex.org/W2996401941
https://openalex.org/W2998808506
https://openalex.org/W3023784893
https://openalex.org/W3026297831
https://openalex.org/W3026750477
https://openalex.org/W3026885041
https://openalex.org/W3031908996
https://openalex.org/W3085981792
https://openalex.org/W3106719974
https://openalex.org/W3110823494
https://openalex.org/W3112384112
https://openalex.org/W3113059360
https://openalex.org/W3113214163
https://openalex.org/W3116329405
https://openalex.org/W3117065294
https://openalex.org/W3118004347
https://openalex.org/W3154843343
https://openalex.org/W3162799065
https://openalex.org/W3163510225
https://openalex.org/W3163862189
https://openalex.org/W3175411602
https://openalex.org/W3175940278
https://openalex.org/W3215946683
https://openalex.org/W336270309
https://openalex.org/W337895377
https://openalex.org/W374482134
https://openalex.org/W4205217785
https://openalex.org/W4213451501
https://openalex.org/W4231599394
https://openalex.org/W4232554075
https://openalex.org/W4235734835
https://openalex.org/W4240060751
https://openalex.org/W4255932105
https://openalex.org/W4297169219
https://openalex.org/W4297957818
https://openalex.org/W590663575
https://openalex.org/W620631797
https://openalex.org/W66601172
https://openalex.org/W99631228
https://openalex.org/W1982683307
https://openalex.org/W2086295272
https://openalex.org/W2095023950
https://openalex.org/W2328047473
https://openalex.org/W2398820101
https://openalex.org/W2419363381
https://openalex.org/W26032242
https://openalex.org/W1513423093
https://openalex.org/W2048001530
https://openalex.org/W2105707131
https://openalex.org/W2106291543
https://openalex.org/W2125332460
https://openalex.org/W2329596918
https://openalex.org/W2335627195
https://openalex.org/W2411942436
https://openalex.org/W4206531106
https://openalex.org/W4231275844
https://openalex.org/W1503744876
https://openalex.org/W1972662340
https://openalex.org/W1979359779
https://openalex.org/W1983027783
https://openalex.org/W1997924767
https://openalex.org/W2018790829
https://openalex.org/W2031493639
https://openalex.org/W2033815194
https://openalex.org/W2037168544
https://openalex.org/W2038722041
https://openalex.org/W2059079062
https://openalex.org/W2069873719
https://openalex.org/W2079721581
https://openalex.org/W2095022284
https://openalex.org/W2096342128
https://openalex.org/W2111534231
https://openalex.org/W2115484767
https://openalex.org/W2136234834
https://openalex.org/W2149330669
https://openalex.org/W2277060705
https://openalex.org/W2314665739
https://openalex.org/W2323987811
https://openalex.org/W2349172566
https://openalex.org/W2351178212
https://openalex.org/W2357395718
https://openalex.org/W2365136921
https://openalex.org/W2433459293
https://openalex.org/W2474581453
https://openalex.org/W2484340567
https://openalex.org/W2502876896
https://openalex.org/W2521146740
https://openalex.org/W2585763655
https://openalex.org/W2588163703
https://openalex.org/W2588798956
https://openalex.org/W2590637164
https://openalex.org/W2604636418
https://openalex.org/W2604718465
https://openalex.org/W2604742270
https://openalex.org/W2607813790
https://openalex.org/W2614191456
https://openalex.org/W2615284092
https://openalex.org/W2616139118
https://openalex.org/W2616650536
https://openalex.org/W2616951528
https://openalex.org/W2731923786
https://openalex.org/W2741757130
https://openalex.org/W2742249033
https://openalex.org/W2743656186
https://openalex.org/W2744152623
https://openalex.org/W2744636243
https://openalex.org/W2745563547
https://openalex.org/W2746128518
https://openalex.org/W2746227311
https://openalex.org/W2746736320
https://openalex.org/W2747001835
https://openalex.org/W2748367263
https://openalex.org/W2753177164
https://openalex.org/W2753269024
https://openalex.org/W2753892631
https://openalex.org/W2760277652
https://openalex.org/W2762160133
https://openalex.org/W2765308458
https://openalex.org/W2766820688
https://openalex.org/W2770632422
https://openalex.org/W2771727114
https://openalex.org/W2794304381
https://openalex.org/W2795629061
https://openalex.org/W2802190202
https://openalex.org/W2885328800
https://openalex.org/W2900370931
https://openalex.org/W2902280501
https://openalex.org/W2902348897
https://openalex.org/W2905258199
https://openalex.org/W2911605191
https://openalex.org/W2916732878
https://openalex.org/W2939740195
https://openalex.org/W2947785945
https://openalex.org/W2949594288
https://openalex.org/W2950372886
https://openalex.org/W2982890577
https://openalex.org/W3013441043
https://openalex.org/W3013718634
https://openalex.org/W3013729458
https://openalex.org/W3028217588
https://openalex.org/W3031435620
https://openalex.org/W3032066174
https://openalex.org/W3099040638
https://openalex.org/W3107415983
https://openalex.org/W3138999696
https://openalex.org/W3189509121
https://openalex.org/W3194735343
https://openalex.org/W3216311230
https://openalex.org/W4235905356
https://openalex.org/W4251613901
https://openalex.org/W4293111328
https://openalex.org/W4299414080
https://openalex.org/W4299840647
https://openalex.org/W4395322526
https://openalex.org/W978833360
https://openalex.org/W2205820212
https://openalex.org/W2316420666
https://openalex.org/W2412835755
https://openalex.org/W4324289953
https://openalex.org/W1455912820
https://openalex.org/W1486290792
https://openalex.org/W1604697018
https://openalex.org/W1966480746
https://openalex.org/W1968217574
https://openalex.org/W1973065342
https://openalex.org/W1981101963
https://openalex.org/W1986979680
https://openalex.org/W1991651790
https://openalex.org/W1991897331
https://openalex.org/W1992817622
https://openalex.org/W2004305260
https://openalex.org/W2005229031
https://openalex.org/W2009399598
https://openalex.org/W2010873240
https://openalex.org/W2011500441
https://openalex.org/W2011583035
https://openalex.org/W2011802056
https://openalex.org/W2012101472
https://openalex.org/W2018706508
https://openalex.org/W2018939855
https://openalex.org/W2020928778
https://openalex.org/W2023458011
https://openalex.org/W2031490114
https://openalex.org/W2034749307
https://openalex.org/W2035207627
https://openalex.org/W2039445584
https://openalex.org/W2050607373
https://openalex.org/W2055485553
https://openalex.org/W2063774205
https://openalex.org/W2067010721
https://openalex.org/W2067689854
https://openalex.org/W2080837730
https://openalex.org/W2091659893
https://openalex.org/W2097403127
https://openalex.org/W2097569829
https://openalex.org/W2112265186
https://openalex.org/W2133518495
https://openalex.org/W2133725900
https://openalex.org/W2159590921
https://openalex.org/W2187516021
https://openalex.org/W2245110121
https://openalex.org/W2252911281
https://openalex.org/W2319316331
https://openalex.org/W2328617255
https://openalex.org/W2347710084
https://openalex.org/W2348681945
https://openalex.org/W2356042828
https://openalex.org/W2361135422
https://openalex.org/W2363758759
https://openalex.org/W2371268309
https://openalex.org/W2371685590
https://openalex.org/W2375495219
https://openalex.org/W2382019663
https://openalex.org/W2383181238
https://openalex.org/W2389522546
https://openalex.org/W2391355543
https://openalex.org/W2392634113
https://openalex.org/W2394321818
https://openalex.org/W2396420110
https://openalex.org/W2416116715
https://openalex.org/W2537741651
https://openalex.org/W2547839734
https://openalex.org/W2565861261
https://openalex.org/W2587308436
https://openalex.org/W2754140248
https://openalex.org/W2911779442
https://openalex.org/W2914586316
https://openalex.org/W2951566789
https://openalex.org/W2975450883
https://openalex.org/W2988391734
https://openalex.org/W2997767185
https://openalex.org/W3014969189
https://openalex.org/W3028601101
https://openalex.org/W3032510030
https://openalex.org/W3118973595
https://openalex.org/W3149917269
https://openalex.org/W3157973702
https://openalex.org/W3169541876
https://openalex.org/W3185489708
https://openalex.org/W3200072274
https://openalex.org/W3577885
https://openalex.org/W372524482
https://openalex.org/W4200166345
https://openalex.org/W4205721028
https://openalex.org/W4210696263
https://openalex.org/W4212815900
https://openalex.org/W4213041422
https://openalex.org/W4213049513
https://openalex.org/W4213439456
https://openalex.org/W4220802822
https://openalex.org/W4220875411
https://openalex.org/W4221043469
https://openalex.org/W4221099040
https://openalex.org/W4225725333
https://openalex.org/W4226036542
https://openalex.org/W4226103149
https://openalex.org/W4229600113
https://openalex.org/W4231960479
https://openalex.org/W4232158975
https://openalex.org/W4235137304
https://openalex.org/W4236613012
https://openalex.org/W4239326346
https://openalex.org/W4253830754
https://openalex.org/W4256039587
https://openalex.org/W4280498607
https://openalex.org/W4280501396
https://openalex.org/W4280544211
https://openalex.org/W4280547028
https://openalex.org/W4280602737
https://openalex.org/W4280622261
https://openalex.org/W4280631708
https://openalex.org/W4282046837
https://openalex.org/W4283025048
https://openalex.org/W4283066466
https://openalex.org/W4285221146
https://openalex.org/W4285255199
https://openalex.org/W4285265023
https://openalex.org/W4285290391
https://openalex.org/W4285429089
https://openalex.org/W4285728067
https://openalex.org/W4285816983
https://openalex.org/W4288702531
https://openalex.org/W4288874062
https://openalex.org/W4288874066
https://openalex.org/W4288874080
https://openalex.org/W4288874085
https://openalex.org/W4288874107
https://openalex.org/W4288874131
https://openalex.org/W4289519913
https://openalex.org/W4291225340
https://openalex.org/W4292114892
https://openalex.org/W4292397198
https://openalex.org/W4292983009
https://openalex.org/W4293195321
https://openalex.org/W4293232385
https://openalex.org/W4296121146
https://openalex.org/W4296540993
https://openalex.org/W4297282197
https://openalex.org/W4297676514
https://openalex.org/W4297777409
https://openalex.org/W4300716121
https://openalex.org/W4300962400
https://openalex.org/W4306176139
https://openalex.org/W4306247356
https://openalex.org/W4306751703
https://openalex.org/W4307232420
https://openalex.org/W4307346934
https://openalex.org/W4307511842
https://openalex.org/W4307550016
https://openalex.org/W4307552585
https://openalex.org/W4307597925
https://openalex.org/W4309297355
https://openalex.org/W4309764936
https://openalex.org/W4310743374
https://openalex.org/W4312096988
https://openalex.org/W4312383919
https://openalex.org/W4312823293
https://openalex.org/W4312955717
https://openalex.org/W4313117421
https://openalex.org/W4317418476
https://openalex.org/W4317530029
https://openalex.org/W4320058976
https://openalex.org/W4367148654
https://openalex.org/W4381793988
https://openalex.org/W4383335305
https://openalex.org/W4383335346
https://openalex.org/W4383335571
https://openalex.org/W4383335711
https://openalex.org/W4383335712
https://openalex.org/W4383335780
https://openalex.org/W4383336166
https://openalex.org/W4386321877
https://openalex.org/W4394514615
https://openalex.org/W629861583
https://openalex.org/W631077218
https://openalex.org/W634747997
https://openalex.org/W128063861
https://openalex.org/W1678824920
https://openalex.org/W184731589
https://openalex.org/W1972412218
https://openalex.org/W1981006745
https://openalex.org/W2026905651
https://openalex.org/W2034217452
https://openalex.org/W2045673774
https://openalex.org/W2328314456
https://openalex.org/W2329584616
https://openalex.org/W2394601972
https://openalex.org/W2415219678
https://openalex.org/W2415297542
https://openalex.org/W2504079124
https://openalex.org/W2727800020
https://openalex.org/W3165628599
https://openalex.org/W584675933
https://openalex.org/W656682023
https://openalex.org/W1000810148
https://openalex.org/W100498091
https://openalex.org/W1495333180
https://openalex.org/W163412385
https://openalex.org/W1967049175
https://openalex.org/W2007225161
https://openalex.org/W2008645592
https://openalex.org/W2018231603
https://openalex.org/W2019677776
https://openalex.org/W2055872618
https://openalex.org/W2061997671
https://openalex.org/W2073468928
https://openalex.org/W2095688211
https://openalex.org/W2150276633
https://openalex.org/W2163718430
https://openalex.org/W2181905269
https://openalex.org/W2222488433
https://openalex.org/W2256394394
https://openalex.org/W2307998603
https://openalex.org/W2324298426
https://openalex.org/W2327249720
https://openalex.org/W2366621826
https://openalex.org/W2368127177
https://openalex.org/W2384496211
https://openalex.org/W2399681537
https://openalex.org/W2410303740
https://openalex.org/W2414450865
https://openalex.org/W2436178421
https://openalex.org/W2438813076
https://openalex.org/W2593848509
https://openalex.org/W2595647940
https://openalex.org/W2609014138
https://openalex.org/W2611533027
https://openalex.org/W2621056629
https://openalex.org/W2748540377
https://openalex.org/W2782159603
https://openalex.org/W2782800737
https://openalex.org/W2788425614
https://openalex.org/W2788746120
https://openalex.org/W2790420148
https://openalex.org/W2790535627
https://openalex.org/W2792636938
https://openalex.org/W2794555085
https://openalex.org/W2794602703
https://openalex.org/W2795362004
https://openalex.org/W2795995210
https://openalex.org/W2796330262
https://openalex.org/W2796716024
https://openalex.org/W2804824076
https://openalex.org/W2804825833
https://openalex.org/W2883531329
https://openalex.org/W2889604660
https://openalex.org/W2890044583
https://openalex.org/W2891888641
https://openalex.org/W2897261937
https://openalex.org/W2897312218
https://openalex.org/W2899747327
https://openalex.org/W2899951848
https://openalex.org/W2904867465
https://openalex.org/W2904987566
https://openalex.org/W2905072120
https://openalex.org/W2906314469
https://openalex.org/W2912058742
https://openalex.org/W2912941790
https://openalex.org/W2917609520
https://openalex.org/W2917688610
https://openalex.org/W2918219238
https://openalex.org/W2918270902
https://openalex.org/W2920086246
https://openalex.org/W2924026540
https://openalex.org/W2930248746
https://openalex.org/W2938424062
https://openalex.org/W2940627566
https://openalex.org/W2942151270
https://openalex.org/W2944466796
https://openalex.org/W2945176306
https://openalex.org/W2945688105
https://openalex.org/W2946322114
https://openalex.org/W2949947312
https://openalex.org/W2962914214
https://openalex.org/W2962943433
https://openalex.org/W2963646274
https://openalex.org/W2963927467
https://openalex.org/W2965354315
https://openalex.org/W2967099262
https://openalex.org/W2969817836
https://openalex.org/W2971284504
https://openalex.org/W2971344055
https://openalex.org/W2971559899
https://openalex.org/W2972532753
https://openalex.org/W2972568162
https://openalex.org/W2974661853
https://openalex.org/W2979656758
https://openalex.org/W2982041280
https://openalex.org/W2982103006
https://openalex.org/W2989155074
https://openalex.org/W2991018119
https://openalex.org/W2991805753
https://openalex.org/W2999080858
https://openalex.org/W3000258730
https://openalex.org/W3010618498
https://openalex.org/W3020577596
https://openalex.org/W3022610951
https://openalex.org/W3024765786
https://openalex.org/W3026711188
https://openalex.org/W3036101224
https://openalex.org/W3037230397
https://openalex.org/W3043579818
https://openalex.org/W3047708436
https://openalex.org/W3083536062
https://openalex.org/W3087944969
https://openalex.org/W3088033296
https://openalex.org/W3089084540
https://openalex.org/W3089240825
https://openalex.org/W3089284658
https://openalex.org/W3116628181
https://openalex.org/W3128564648
https://openalex.org/W3157875905
https://openalex.org/W3162460090
https://openalex.org/W3179796385
https://openalex.org/W3181700447
https://openalex.org/W3185975725
https://openalex.org/W3189450879
https://openalex.org/W3190129452
https://openalex.org/W3193485348
https://openalex.org/W3202357985
https://openalex.org/W3209723463
https://openalex.org/W3216579056
https://openalex.org/W39633250
https://openalex.org/W4206289124
https://openalex.org/W4229832527
https://openalex.org/W4232206635
https://openalex.org/W4234431821
https://openalex.org/W4240010147
https://openalex.org/W4244583462
https://openalex.org/W4245846738
https://openalex.org/W4250377996
https://openalex.org/W4252068513
https://openalex.org/W4254543435
https://openalex.org/W4255076123
https://openalex.org/W4387083729
https://openalex.org/W4390461974
https://openalex.org/W4394168460
https://openalex.org/W4394432671
https://openalex.org/W1481574823
https://openalex.org/W1854126421
https://openalex.org/W1987735650
https://openalex.org/W1990382735
https://openalex.org/W1990421337
https://openalex.org/W2040492280
https://openalex.org/W2070315343
https://openalex.org/W2087086193
https://openalex.org/W2186571188
https://openalex.org/W2196577671
https://openalex.org/W2225635829
https://openalex.org/W2316840867
https://openalex.org/W2320374527
https://openalex.org/W2321163761
https://openalex.org/W2323413214
https://openalex.org/W2323985478
https://openalex.org/W2396194838
https://openalex.org/W2396827570
https://openalex.org/W2397310904
https://openalex.org/W2412272539
https://openalex.org/W2413800502
https://openalex.org/W2416295863
https://openalex.org/W2430257151
https://openalex.org/W2461029565
https://openalex.org/W2463841265
https://openalex.org/W2741025882
https://openalex.org/W3030168098
https://openalex.org/W4238713096
https://openalex.org/W48392183
https://openalex.org/W648133731
https://openalex.org/W132923063
https://openalex.org/W1472831087
https://openalex.org/W1508939070
https://openalex.org/W1510255449
https://openalex.org/W1539024773
https://openalex.org/W1553263253
https://openalex.org/W1592685887
https://openalex.org/W1745420326
https://openalex.org/W1945766777
https://openalex.org/W1976806380
https://openalex.org/W1979611619
https://openalex.org/W2048349777
https://openalex.org/W2049039347
https://openalex.org/W2052860801
https://openalex.org/W2064594090
https://openalex.org/W2081264697
https://openalex.org/W2089373210
https://openalex.org/W2091248458
https://openalex.org/W2092429242
https://openalex.org/W2093254352
https://openalex.org/W2138692124
https://openalex.org/W2150136405
https://openalex.org/W2152039705
https://openalex.org/W2158862390
https://openalex.org/W2181609086
https://openalex.org/W2184910930
https://openalex.org/W2238462180
https://openalex.org/W2241079548
https://openalex.org/W2259667913
https://openalex.org/W2265218131
https://openalex.org/W2266479111
https://openalex.org/W2269675268
https://openalex.org/W2288025815
https://openalex.org/W2314031152
https://openalex.org/W2315513272
https://openalex.org/W2316288627
https://openalex.org/W2324314747
https://openalex.org/W2328354652
https://openalex.org/W2367455899
https://openalex.org/W2368661010
https://openalex.org/W2377926672
https://openalex.org/W2384585391
https://openalex.org/W2473731067
https://openalex.org/W2512741749
https://openalex.org/W2515608115
https://openalex.org/W2516067579
https://openalex.org/W2527303212
https://openalex.org/W2560754337
https://openalex.org/W2570209437
https://openalex.org/W2576103639
https://openalex.org/W2582173632
https://openalex.org/W2595954951
https://openalex.org/W2604774138
https://openalex.org/W2607813081
https://openalex.org/W2613292427
https://openalex.org/W2613648792
https://openalex.org/W2615896085
https://openalex.org/W2617299124
https://openalex.org/W2622380694
https://openalex.org/W2647714523
https://openalex.org/W2743378920
https://openalex.org/W2746280126
https://openalex.org/W2789383307
https://openalex.org/W2789986342
https://openalex.org/W2791217017
https://openalex.org/W2791470555
https://openalex.org/W2791572058
https://openalex.org/W2791717463
https://openalex.org/W2791866870
https://openalex.org/W2793752667
https://openalex.org/W2793986913
https://openalex.org/W2794060565
https://openalex.org/W2801013522
https://openalex.org/W2909130600
https://openalex.org/W2913841541
https://openalex.org/W2921995643
https://openalex.org/W2969391411
https://openalex.org/W2977894374
https://openalex.org/W2998354581
https://openalex.org/W3008325658
https://openalex.org/W3011565138
https://openalex.org/W3013186412
https://openalex.org/W3014877061
https://openalex.org/W3016902642
https://openalex.org/W3016992151
https://openalex.org/W3019784743
https://openalex.org/W3021814865
https://openalex.org/W3023142195
https://openalex.org/W3023622980
https://openalex.org/W3025413742
https://openalex.org/W3026995487
https://openalex.org/W3035729632
https://openalex.org/W3038992011
https://openalex.org/W3040761091
https://openalex.org/W3040789413
https://openalex.org/W3041555472
https://openalex.org/W3042038886
https://openalex.org/W3042080222
https://openalex.org/W3042306936
https://openalex.org/W3043861578
https://openalex.org/W3043980009
https://openalex.org/W3044939641
https://openalex.org/W3046153597
https://openalex.org/W3049001242
https://openalex.org/W306679113
https://openalex.org/W3084663862
https://openalex.org/W3085966771
https://openalex.org/W3088622474
https://openalex.org/W3090050059
https://openalex.org/W3091390146
https://openalex.org/W3092153964
https://openalex.org/W3092198275
https://openalex.org/W3095595399
https://openalex.org/W3096222791
https://openalex.org/W3101248627
https://openalex.org/W3105300348
https://openalex.org/W3107011204
https://openalex.org/W3107665034
https://openalex.org/W3107797044
https://openalex.org/W3108136835
https://openalex.org/W3111577664
https://openalex.org/W3119391207
https://openalex.org/W3119690684
https://openalex.org/W3120953081
https://openalex.org/W3132253323
https://openalex.org/W3134827644
https://openalex.org/W3136931133
https://openalex.org/W3158660307
https://openalex.org/W3159180643
https://openalex.org/W3161030075
https://openalex.org/W3161620104
https://openalex.org/W3162950797
https://openalex.org/W3164062301
https://openalex.org/W3170761580
https://openalex.org/W3171022161
https://openalex.org/W3174544423
https://openalex.org/W3178967601
https://openalex.org/W3186179631
https://openalex.org/W3198069574
https://openalex.org/W3204359250
https://openalex.org/W336368726
https://openalex.org/W4205329862
https://openalex.org/W4205580821
https://openalex.org/W4205737842
https://openalex.org/W4206176642
https://openalex.org/W4206284865
https://openalex.org/W4206292340
https://openalex.org/W4210265896
https://openalex.org/W4210598866
https://openalex.org/W4213399489
https://openalex.org/W4214531022
https://openalex.org/W4230116335
https://openalex.org/W4230268670
https://openalex.org/W4232514662
https://openalex.org/W4233217141
https://openalex.org/W4235854499
https://openalex.org/W4238794959
https://openalex.org/W4240563699
https://openalex.org/W4242924294
https://openalex.org/W4246176539
https://openalex.org/W4246203203
https://openalex.org/W4246878138
https://openalex.org/W4246945590
https://openalex.org/W4248520425
https://openalex.org/W4250659324
https://openalex.org/W4251096728
https://openalex.org/W4251238304
https://openalex.org/W4253306207
https://openalex.org/W4253770040
https://openalex.org/W4254123966
https://openalex.org/W4255534279
https://openalex.org/W4287561756
https://openalex.org/W4287702954
https://openalex.org/W4287711716
https://openalex.org/W4298859597
https://openalex.org/W4300831021
https://openalex.org/W4307755413
https://openalex.org/W4307769094
https://openalex.org/W4392571857
https://openalex.org/W4395171831
https://openalex.org/W46219083
https://openalex.org/W561519572
https://openalex.org/W577136228
https://openalex.org/W584330307
https://openalex.org/W618258668
https://openalex.org/W631911284
https://openalex.org/W648168973
https://openalex.org/W794334818
https://openalex.org/W2014089306
https://openalex.org/W2047393174
https://openalex.org/W2152672341
https://openalex.org/W2416878422
https://openalex.org/W2417713910
https://openalex.org/W2427028639
https://openalex.org/W2739208479
https://openalex.org/W3093737908
https://openalex.org/W138665957
https://openalex.org/W142364596
https://openalex.org/W158918838
https://openalex.org/W1596063447
https://openalex.org/W188590065
https://openalex.org/W1902013552
https://openalex.org/W1963948096
https://openalex.org/W1994228460
https://openalex.org/W200592341
https://openalex.org/W2025735059
https://openalex.org/W2026078344
https://openalex.org/W2038598399
https://openalex.org/W2048250140
https://openalex.org/W2049966913
https://openalex.org/W2059429081
https://openalex.org/W2060469546
https://openalex.org/W2081433105
https://openalex.org/W2093391579
https://openalex.org/W2105916915
https://openalex.org/W2106564230
https://openalex.org/W2176737067
https://openalex.org/W2182018035
https://openalex.org/W2270952383
https://openalex.org/W2294842618
https://openalex.org/W2398780373
https://openalex.org/W2401574025
https://openalex.org/W2410792606
https://openalex.org/W2413350778
https://openalex.org/W2429859108
https://openalex.org/W2438900883
https://openalex.org/W2465984456
https://openalex.org/W2488461517
https://openalex.org/W2512132348
https://openalex.org/W2540980002
https://openalex.org/W2541212526
https://openalex.org/W2542545150
https://openalex.org/W2591076165
https://openalex.org/W2593898301
https://openalex.org/W2611745668
https://openalex.org/W2612355264
https://openalex.org/W2615721840
https://openalex.org/W2619540610
https://openalex.org/W2622279034
https://openalex.org/W2655161818
https://openalex.org/W268136294
https://openalex.org/W2701787977
https://openalex.org/W2743798548
https://openalex.org/W2790005121
https://openalex.org/W2791335832
https://openalex.org/W2792509974
https://openalex.org/W2794108727
https://openalex.org/W2794296370
https://openalex.org/W2794405820
https://openalex.org/W2914498280
https://openalex.org/W2941718025
https://openalex.org/W2977640904
https://openalex.org/W3177197721
https://openalex.org/W3201942496
https://openalex.org/W3208224383
https://openalex.org/W387120933
https://openalex.org/W1517840505
https://openalex.org/W177770754
https://openalex.org/W1870084397
https://openalex.org/W1929258643
https://openalex.org/W1999959483
https://openalex.org/W2000405157
https://openalex.org/W2079734767
https://openalex.org/W2085551017
https://openalex.org/W2085698100
https://openalex.org/W2095461665
https://openalex.org/W2102440388
https://openalex.org/W2103113757
https://openalex.org/W2257725415
https://openalex.org/W2276765532
https://openalex.org/W2356698824
https://openalex.org/W2366837634
https://openalex.org/W2372289304
https://openalex.org/W2388746949
https://openalex.org/W2411106798
https://openalex.org/W2411483622
https://openalex.org/W2413650920
https://openalex.org/W2422528118
https://openalex.org/W2473691491
https://openalex.org/W2531634726
https://openalex.org/W2540003915
https://openalex.org/W2597201544
https://openalex.org/W2608133632
https://openalex.org/W2614501807
https://openalex.org/W2621408166
https://openalex.org/W2621514854
https://openalex.org/W2651105935
https://openalex.org/W2729819548
https://openalex.org/W2751376848
https://openalex.org/W2980181160
https://openalex.org/W3109426480
https://openalex.org/W3118402573
https://openalex.org/W3122766753
https://openalex.org/W3126231799
https://openalex.org/W3128213473
https://openalex.org/W3132860972
https://openalex.org/W3136110737
https://openalex.org/W3138297511
https://openalex.org/W3142088358
https://openalex.org/W3158081901
https://openalex.org/W3159067558
https://openalex.org/W3159099064
https://openalex.org/W3159388213
https://openalex.org/W3159668869
https://openalex.org/W3162164837
https://openalex.org/W3162608954
https://openalex.org/W3162810324
https://openalex.org/W3167561966
https://openalex.org/W3168545467
https://openalex.org/W3172990275
https://openalex.org/W3173319362
https://openalex.org/W3175416829
https://openalex.org/W3175830698
https://openalex.org/W3175885268
https://openalex.org/W3177204574
https://openalex.org/W3178468530
https://openalex.org/W3187572857
https://openalex.org/W3189121310
https://openalex.org/W3191488129
https://openalex.org/W3192864872
https://openalex.org/W3194033917
https://openalex.org/W3196415459
https://openalex.org/W3196618241
https://openalex.org/W3196957956
https://openalex.org/W3198616534
https://openalex.org/W3198616998
https://openalex.org/W3200454156
https://openalex.org/W3201763910
https://openalex.org/W3201841798
https://openalex.org/W3203922378
https://openalex.org/W3206036998
https://openalex.org/W3206918395
https://openalex.org/W3207930524
https://openalex.org/W3208360280
https://openalex.org/W3216952453
https://openalex.org/W393444629
https://openalex.org/W411066788
https://openalex.org/W4205738142
https://openalex.org/W4206321965
https://openalex.org/W4206408496
https://openalex.org/W4210764411
https://openalex.org/W4226262750
https://openalex.org/W4234131371
https://openalex.org/W4239706002
https://openalex.org/W4240700703
https://openalex.org/W4243456350
https://openalex.org/W4246883880
https://openalex.org/W4247985349
https://openalex.org/W4249169693
https://openalex.org/W4255145435
https://openalex.org/W4285518881
https://openalex.org/W4287008946
https://openalex.org/W4287178873
https://openalex.org/W4287420757
https://openalex.org/W4300824925
https://openalex.org/W4301404027
https://openalex.org/W4308064567
https://openalex.org/W573546524
https://openalex.org/W574330462
https://openalex.org/W623394372
https://openalex.org/W115096697
https://openalex.org/W1576354720
https://openalex.org/W2008967069
https://openalex.org/W2010696835
https://openalex.org/W2038939477
https://openalex.org/W2055689405
https://openalex.org/W2062259951
https://openalex.org/W2071080715
https://openalex.org/W2089157914
https://openalex.org/W217224310
https://openalex.org/W2265641751
https://openalex.org/W2296393650
https://openalex.org/W2311857694
https://openalex.org/W2356181194
https://openalex.org/W2364592079
https://openalex.org/W2387935297
https://openalex.org/W2389250287
https://openalex.org/W2390484861
https://openalex.org/W2443136779
https://openalex.org/W247251647
https://openalex.org/W2482390365
https://openalex.org/W2576098425
https://openalex.org/W2593320361
https://openalex.org/W2600461630
https://openalex.org/W2602647028
https://openalex.org/W2660208430
https://openalex.org/W2905392751
https://openalex.org/W2908853797
https://openalex.org/W2978225029
https://openalex.org/W393032701
https://openalex.org/W4244526839
https://openalex.org/W593468020
https://openalex.org/W597895305
https://openalex.org/W7299421
https://openalex.org/W991844916
https://openalex.org/W1964497479
https://openalex.org/W1988839200
https://openalex.org/W2344447836
https://openalex.org/W2417739320
https://openalex.org/W2418247271
https://openalex.org/W2476454447
https://openalex.org/W258500626
https://openalex.org/W2805280613
https://openalex.org/W2903412844
https://openalex.org/W4232344419
https://openalex.org/W4241595245
https://openalex.org/W4253759160
https://openalex.org/W4255621344
https://openalex.org/W579809563
https://openalex.org/W620639821
https://openalex.org/W1601410619
https://openalex.org/W1909460051
https://openalex.org/W1996880008
https://openalex.org/W2008088878
https://openalex.org/W2013859819
https://openalex.org/W2017091121
https://openalex.org/W2019710472
https://openalex.org/W2055067044
https://openalex.org/W2087903852
https://openalex.org/W2098783518
https://openalex.org/W2275847975
https://openalex.org/W2294546086
https://openalex.org/W2348513403
https://openalex.org/W2399432961
https://openalex.org/W2408477548
https://openalex.org/W2409393158
https://openalex.org/W2409890755
https://openalex.org/W2411040182
https://openalex.org/W2411566757
https://openalex.org/W2412032199
https://openalex.org/W2412431469
https://openalex.org/W2429587630
https://openalex.org/W2442023560
https://openalex.org/W2476875726
https://openalex.org/W2546873319
https://openalex.org/W2562192724
https://openalex.org/W2566412200
https://openalex.org/W2567769585
https://openalex.org/W2573781812
https://openalex.org/W2582439723
https://openalex.org/W2585974136
https://openalex.org/W2611864955
https://openalex.org/W2739246375
https://openalex.org/W2783987108
https://openalex.org/W2787468001
https://openalex.org/W2951882772
https://openalex.org/W2984052018
https://openalex.org/W3021569665
https://openalex.org/W302404705
https://openalex.org/W3161518054
https://openalex.org/W3209914963
https://openalex.org/W359012830
https://openalex.org/W418235406
https://openalex.org/W4210490329
https://openalex.org/W4230123014
https://openalex.org/W4233432128
https://openalex.org/W4239578570
https://openalex.org/W4243364742
https://openalex.org/W4250567483
https://openalex.org/W4393310326
https://openalex.org/W599627668
https://openalex.org/W606688807
https://openalex.org/W138207350
https://openalex.org/W1607834764
https://openalex.org/W1976759837
https://openalex.org/W2012783012
https://openalex.org/W2013677507
https://openalex.org/W2019306508
https://openalex.org/W2020385776
https://openalex.org/W2042952408
https://openalex.org/W2058584919
https://openalex.org/W2185931107
https://openalex.org/W2208923363
https://openalex.org/W2316143297
https://openalex.org/W2318428763
https://openalex.org/W2333255672
https://openalex.org/W2345644948
https://openalex.org/W2402308211
https://openalex.org/W2404776595
https://openalex.org/W2412183542
https://openalex.org/W2413484026
https://openalex.org/W2468788312
https://openalex.org/W2473038644
https://openalex.org/W2475252072
https://openalex.org/W2476349834
https://openalex.org/W2536551275
https://openalex.org/W2537004160
https://openalex.org/W2561061178
https://openalex.org/W2565717724
https://openalex.org/W2567228087
https://openalex.org/W2603875325
https://openalex.org/W2611032867
https://openalex.org/W2770946011
https://openalex.org/W2779525302
https://openalex.org/W287999167
https://openalex.org/W2950368143
https://openalex.org/W2980708869
https://openalex.org/W3036085269
https://openalex.org/W3090305019
https://openalex.org/W3160098373
https://openalex.org/W3211416540
https://openalex.org/W326465574
https://openalex.org/W4232616491
https://openalex.org/W4232785327
https://openalex.org/W4233160178
https://openalex.org/W4237728336
https://openalex.org/W4249860836
https://openalex.org/W4253587682
https://openalex.org/W428530459
https://openalex.org/W561885209
https://openalex.org/W595031228
https://openalex.org/W609983159
https://openalex.org/W610857604
https://openalex.org/W641127429
https://openalex.org/W888783529
https://openalex.org/W121014513
https://openalex.org/W124388657
https://openalex.org/W133361230
https://openalex.org/W1484103421
https://openalex.org/W1516354016
https://openalex.org/W1965801891
https://openalex.org/W1975674945
https://openalex.org/W2015506466
https://openalex.org/W2027500274
https://openalex.org/W2041628603
https://openalex.org/W2090803624
https://openalex.org/W2090852830
https://openalex.org/W2285715203
https://openalex.org/W2315441014
https://openalex.org/W2323749043
https://openalex.org/W2335591814
https://openalex.org/W2401907832
https://openalex.org/W2410925240
https://openalex.org/W2414124472
https://openalex.org/W2417415612
https://openalex.org/W2425857877
https://openalex.org/W2441559551
https://openalex.org/W2468587194
https://openalex.org/W2845944520
https://openalex.org/W2949238759
https://openalex.org/W3089371844
https://openalex.org/W4205532621
https://openalex.org/W4232367170
https://openalex.org/W4234956415
https://openalex.org/W4234982915
https://openalex.org/W4247534017
https://openalex.org/W4391605416
https://openalex.org/W51852759
https://openalex.org/W561677885
https://openalex.org/W595827479
https://openalex.org/W654700109
https://openalex.org/W101314894
https://openalex.org/W149616413
https://openalex.org/W1755411831
https://openalex.org/W1810414108
https://openalex.org/W181158087
https://openalex.org/W1966015523
https://openalex.org/W1969893668
https://openalex.org/W1973053436
https://openalex.org/W1997874442
https://openalex.org/W2003130916
https://openalex.org/W2003496434
https://openalex.org/W2007019612
https://openalex.org/W2018149337
https://openalex.org/W2059660237
https://openalex.org/W2089188749
https://openalex.org/W2092042271
https://openalex.org/W2095941310
https://openalex.org/W2095973189
https://openalex.org/W2182882883
https://openalex.org/W2185809946
https://openalex.org/W2185877813
https://openalex.org/W2186039273
https://openalex.org/W2236145106
https://openalex.org/W2313691111
https://openalex.org/W2314035983
https://openalex.org/W2315276823
https://openalex.org/W2319272565
https://openalex.org/W2319537159
https://openalex.org/W2331583180
https://openalex.org/W2394807008
https://openalex.org/W2395358844
https://openalex.org/W2399122160
https://openalex.org/W2404371765
https://openalex.org/W2407066203
https://openalex.org/W2407369763
https://openalex.org/W2410890732
https://openalex.org/W2411575258
https://openalex.org/W2412980428
https://openalex.org/W2414451664
https://openalex.org/W2414454675
https://openalex.org/W2415124446
https://openalex.org/W2415944735
https://openalex.org/W2417945284
https://openalex.org/W2418012613
https://openalex.org/W2418108449
https://openalex.org/W2418547660
https://openalex.org/W2435497176
https://openalex.org/W2437297394
https://openalex.org/W2440261167
https://openalex.org/W2442629230
https://openalex.org/W2443157227
https://openalex.org/W2463604697
https://openalex.org/W2467769886
https://openalex.org/W2468011411
https://openalex.org/W2472314413
https://openalex.org/W2507225848
https://openalex.org/W2517292373
https://openalex.org/W2599986091
https://openalex.org/W2618946655
https://openalex.org/W2729960732
https://openalex.org/W2735824355
https://openalex.org/W2739922430
https://openalex.org/W2740191979
https://openalex.org/W2744581535
https://openalex.org/W276045606
https://openalex.org/W2920885532
https://openalex.org/W29355320
https://openalex.org/W2951101352
https://openalex.org/W3148762707
https://openalex.org/W3175477044
https://openalex.org/W3180035527
https://openalex.org/W341749523
https://openalex.org/W34334339
https://openalex.org/W364053918
https://openalex.org/W4232504870
https://openalex.org/W4239567569
https://openalex.org/W4251053887
https://openalex.org/W56140774
https://openalex.org/W591250897
https://openalex.org/W623407688
https://openalex.org/W858537238
https://openalex.org/W2756578555
https://openalex.org/W2119790985
https://openalex.org/W4214480847
https://openalex.org/W4211239749
https://openalex.org/W2143813821
https://openalex.org/W2073644162
https://openalex.org/W1588000118
https://openalex.org/W4321429423
https://openalex.org/W1559815414
https://openalex.org/W2156408558
https://openalex.org/W1604252033
https://openalex.org/W2143782771
https://openalex.org/W2011407545
https://openalex.org/W2314111724
https://openalex.org/W1486292873
https://openalex.org/W2047115921
https://openalex.org/W2042182233
https://openalex.org/W1990849016
https://openalex.org/W2117953661
https://openalex.org/W2104221133
https://openalex.org/W2332112743
https://openalex.org/W2106453307
https://openalex.org/W2895816481
https://openalex.org/W2016657349
https://openalex.org/W2613891180
https://openalex.org/W2077085156
https://openalex.org/W2743792571
https://openalex.org/W1554093892
https://openalex.org/W1506850331
https://openalex.org/W1512590156
https://openalex.org/W2077056408
https://openalex.org/W3092985072
https://openalex.org/W1983415208
https://openalex.org/W1501087658
https://openalex.org/W2312213132
https://openalex.org/W2039485889
https://openalex.org/W3017545174
https://openalex.org/W2011435358
https://openalex.org/W2080679809
https://openalex.org/W1836923993
https://openalex.org/W2083523676
https://openalex.org/W2047471022
https://openalex.org/W2150062414
https://openalex.org/W111310851
https://openalex.org/W1989848039
https://openalex.org/W1529099607
https://openalex.org/W2149923935
https://openalex.org/W1662998834
https://openalex.org/W2089867942
https://openalex.org/W2023681362
https://openalex.org/W2168588194
https://openalex.org/W1935984619
https://openalex.org/W2394511620
https://openalex.org/W2088552818
https://openalex.org/W2027052816
https://openalex.org/W1978447366
https://openalex.org/W2317026060
https://openalex.org/W2131007874
https://openalex.org/W3022950647
https://openalex.org/W2084978230
https://openalex.org/W1991276891
https://openalex.org/W2073295002
https://openalex.org/W2120419610
https://openalex.org/W2076734986
https://openalex.org/W2048441674
https://openalex.org/W2047840793
https://openalex.org/W1990412352
https://openalex.org/W2799189166
https://openalex.org/W2006050659
https://openalex.org/W2321751778
https://openalex.org/W2078225696
https://openalex.org/W2395091519
https://openalex.org/W2074593810
https://openalex.org/W2071998509
https://openalex.org/W998400604
https://openalex.org/W1999394429
https://openalex.org/W2091990417
https://openalex.org/W1827067579
https://openalex.org/W2460129328
https://openalex.org/W2155632479
https://openalex.org/W1980111069
https://openalex.org/W2461964469
https://openalex.org/W2313814777
https://openalex.org/W2333005155
https://openalex.org/W2018573261
https://openalex.org/W2328056030
https://openalex.org/W1964202009
https://openalex.org/W2535865365
https://openalex.org/W1993454360
https://openalex.org/W2315644272
https://openalex.org/W2404479285
https://openalex.org/W2022788548
https://openalex.org/W40510501
https://openalex.org/W2883910224
https://openalex.org/W2314502305
https://openalex.org/W2753184672
https://openalex.org/W2510118916
https://openalex.org/W2774560050
https://openalex.org/W3213545755
https://openalex.org/W1999121173
https://openalex.org/W2334409113
https://openalex.org/W2793064977
https://openalex.org/W2136435324
https://openalex.org/W3129218789
https://openalex.org/W2470455431
https://openalex.org/W2039407261
https://openalex.org/W2329843400
https://openalex.org/W2417361904
https://openalex.org/W3091820138
https://openalex.org/W2178973057
https://openalex.org/W3035948884
https://openalex.org/W2956252856
https://openalex.org/W3090398364
https://openalex.org/W3022454814
https://openalex.org/W3157426162
https://openalex.org/W3125357239
https://openalex.org/W4280587123
https://openalex.org/W4380319876
https://openalex.org/W4388948676
https://openalex.org/W2058167342
https://openalex.org/W2145839713
https://openalex.org/W1994185678
https://openalex.org/W2105396438
https://openalex.org/W2153054042
https://openalex.org/W2126557804
https://openalex.org/W2067637314
https://openalex.org/W1880480189
https://openalex.org/W2033442231
https://openalex.org/W1967538562
https://openalex.org/W2008708166
https://openalex.org/W1748674096
https://openalex.org/W2077963929
https://openalex.org/W2072983541
https://openalex.org/W2121058955
https://openalex.org/W2031433449
https://openalex.org/W2060313140
https://openalex.org/W2137056661
https://openalex.org/W1493771081
https://openalex.org/W1574225286
https://openalex.org/W2155890726
https://openalex.org/W2107758079
https://openalex.org/W2129702572
https://openalex.org/W2295043466
https://openalex.org/W1562376901
https://openalex.org/W1485449426
https://openalex.org/W1984065459
https://openalex.org/W2108062947
https://openalex.org/W1992376645
https://openalex.org/W2160475282
https://openalex.org/W1975881545
https://openalex.org/W1983193245
https://openalex.org/W2100033931
https://openalex.org/W2414667409
https://openalex.org/W2109735642
https://openalex.org/W1979704586
https://openalex.org/W2032018179
https://openalex.org/W2123696374
https://openalex.org/W1498222524
https://openalex.org/W2161950552
https://openalex.org/W1508316608
https://openalex.org/W2007500768
https://openalex.org/W2053201778
https://openalex.org/W2155468968
https://openalex.org/W1990697265
https://openalex.org/W1522117607
https://openalex.org/W1980547310
https://openalex.org/W2401517036
https://openalex.org/W1973924183
https://openalex.org/W2409147432
https://openalex.org/W2066795896
https://openalex.org/W2077353691
https://openalex.org/W1972659157
https://openalex.org/W2003821496
https://openalex.org/W2078637473
https://openalex.org/W2101661436
https://openalex.org/W2083180754
https://openalex.org/W1525224329
https://openalex.org/W1989952637
https://openalex.org/W2085051879
https://openalex.org/W2098592308
https://openalex.org/W2095998582
https://openalex.org/W2312698043
https://openalex.org/W2977487355
https://openalex.org/W2047788533
https://openalex.org/W2156525939
https://openalex.org/W2054407685
https://openalex.org/W1994682910
https://openalex.org/W2007564444
https://openalex.org/W2145176628
https://openalex.org/W1762551473
https://openalex.org/W1502125734
https://openalex.org/W2021545393
https://openalex.org/W2051197049
https://openalex.org/W2329312095
https://openalex.org/W1969685214
https://openalex.org/W1994796405
https://openalex.org/W1978496333
https://openalex.org/W1997579481
https://openalex.org/W2153408446
https://openalex.org/W2122966935
https://openalex.org/W1999167338
https://openalex.org/W1467716200
https://openalex.org/W2024433827
https://openalex.org/W2494367561
https://openalex.org/W1630884648
https://openalex.org/W2406764016
https://openalex.org/W146134548
https://openalex.org/W2402478087
https://openalex.org/W2417188466
https://openalex.org/W1979831608
https://openalex.org/W1528251142
https://openalex.org/W2088577053
https://openalex.org/W2316778497
https://openalex.org/W2407729072
https://openalex.org/W2048170759
https://openalex.org/W2789556251
https://openalex.org/W2323781108
https://openalex.org/W2329444444
https://openalex.org/W2331327313
https://openalex.org/W2800194438
https://openalex.org/W1987250851
https://openalex.org/W1544882381
https://openalex.org/W2403033621
https://openalex.org/W2318393294
https://openalex.org/W2098375286
https://openalex.org/W2771196054
https://openalex.org/W2129429682
https://openalex.org/W3024646272
https://openalex.org/W125308045
https://openalex.org/W2940718292
https://openalex.org/W2092168367
https://openalex.org/W2095921199
https://openalex.org/W2331862502
https://openalex.org/W2774111972
https://openalex.org/W2642015672
https://openalex.org/W2931585659
https://openalex.org/W2115717198
https://openalex.org/W2803655406
https://openalex.org/W2064025966
https://openalex.org/W2125677752
https://openalex.org/W2315828016
https://openalex.org/W1984251689
https://openalex.org/W2312354125
https://openalex.org/W2795381192
https://openalex.org/W3028534070
https://openalex.org/W305624740
https://openalex.org/W2317176015
https://openalex.org/W2737698481
https://openalex.org/W2913126172
https://openalex.org/W2810105686
https://openalex.org/W2607016958
https://openalex.org/W2566070081
https://openalex.org/W2790771295
https://openalex.org/W2898124106
https://openalex.org/W2056309505
https://openalex.org/W2793234966
https://openalex.org/W2931626579
https://openalex.org/W2922171839
https://openalex.org/W3006812290
https://openalex.org/W2944622567
https://openalex.org/W3157926142
https://openalex.org/W3093336514
https://openalex.org/W3153029604
https://openalex.org/W3181827495
https://openalex.org/W4206735908
https://openalex.org/W4283522097
https://openalex.org/W4308752668
https://openalex.org/W4280497858
https://openalex.org/W4313334042
https://openalex.org/W4206953229
https://openalex.org/W4361290181
https://openalex.org/W4366386735
https://openalex.org/W4380368221
https://openalex.org/W4303520790
https://openalex.org/W4361268083
https://openalex.org/W4309030160
https://openalex.org/W4321168218
https://openalex.org/W4324141337
https://openalex.org/W4382601691
https://openalex.org/W4390918605
https://openalex.org/W1971342582
https://openalex.org/W1833133528
https://openalex.org/W2618242172
https://openalex.org/W2155635394
https://openalex.org/W2013625638
https://openalex.org/W2058510961
https://openalex.org/W1969675752
https://openalex.org/W2024071250
https://openalex.org/W2149122929
https://openalex.org/W2085032400
https://openalex.org/W2100600842
https://openalex.org/W2132613611
https://openalex.org/W2036008887
https://openalex.org/W2151243790
https://openalex.org/W2128292637
https://openalex.org/W2023364836
https://openalex.org/W1814660981
https://openalex.org/W1978830177
https://openalex.org/W2148644647
https://openalex.org/W2017366419
https://openalex.org/W2122815949
https://openalex.org/W2129966847
https://openalex.org/W2028006583
https://openalex.org/W2055799504
https://openalex.org/W2101507007
https://openalex.org/W1974510363
https://openalex.org/W2029749318
https://openalex.org/W2038883742
https://openalex.org/W2034445273
https://openalex.org/W2047384680
https://openalex.org/W2004206016
https://openalex.org/W2068608135
https://openalex.org/W2951598778
https://openalex.org/W2059951309
https://openalex.org/W1581151107
https://openalex.org/W1609148190
https://openalex.org/W1983440873
https://openalex.org/W2067353642
https://openalex.org/W2215708065
https://openalex.org/W2295822977
https://openalex.org/W1508811161
https://openalex.org/W1988238823
https://openalex.org/W1596739803
https://openalex.org/W1984160203
https://openalex.org/W2069904980
https://openalex.org/W1988834641
https://openalex.org/W2120861555
https://openalex.org/W2044501892
https://openalex.org/W2057231929
https://openalex.org/W2953350720
https://openalex.org/W2136358086
https://openalex.org/W2952677826
https://openalex.org/W2055487597
https://openalex.org/W2079603306
https://openalex.org/W1672397093
https://openalex.org/W1989360211
https://openalex.org/W1989828403
https://openalex.org/W2157012514
https://openalex.org/W1520405384
https://openalex.org/W1977925810
https://openalex.org/W2332406497
https://openalex.org/W1984670450
https://openalex.org/W2100803128
https://openalex.org/W1987192739
https://openalex.org/W2055476551
https://openalex.org/W2092082646
https://openalex.org/W1543239103
https://openalex.org/W2062937011
https://openalex.org/W3005146282
https://openalex.org/W1975046921
https://openalex.org/W2009182166
https://openalex.org/W3004601053
https://openalex.org/W2006738103
https://openalex.org/W2087797380
https://openalex.org/W2134952694
https://openalex.org/W2068882612
https://openalex.org/W1976447330
https://openalex.org/W1977210565
https://openalex.org/W2008938537
https://openalex.org/W2011126675
https://openalex.org/W2027688246
https://openalex.org/W2029016968
https://openalex.org/W2582999302
https://openalex.org/W1966538250
https://openalex.org/W2080172070
https://openalex.org/W2119954264
https://openalex.org/W1498352465
https://openalex.org/W2323685889
https://openalex.org/W2053614765
https://openalex.org/W2115250078
https://openalex.org/W2282547022
https://openalex.org/W4242249163
https://openalex.org/W2019112006
https://openalex.org/W2082852214
https://openalex.org/W2095751894
https://openalex.org/W2333429901
https://openalex.org/W2084624802
https://openalex.org/W2322859735
https://openalex.org/W2435376133
https://openalex.org/W2296116627
https://openalex.org/W2011556984
https://openalex.org/W2179633334
https://openalex.org/W2199669622
https://openalex.org/W2303907838
https://openalex.org/W1964660320
https://openalex.org/W1965445120
https://openalex.org/W2071579934
https://openalex.org/W2001175493
https://openalex.org/W2084540950
https://openalex.org/W2346781423
https://openalex.org/W1566509690
https://openalex.org/W1581204067
https://openalex.org/W2327904321
https://openalex.org/W2517598466
https://openalex.org/W2519100971
https://openalex.org/W1926103424
https://openalex.org/W2037663179
https://openalex.org/W2160427095
https://openalex.org/W2731284010
https://openalex.org/W2886060359
https://openalex.org/W1988372401
https://openalex.org/W2415808754
https://openalex.org/W2205057397
https://openalex.org/W2546706256
https://openalex.org/W2018876048
https://openalex.org/W2898399820
https://openalex.org/W2896600084
https://openalex.org/W2620546712
https://openalex.org/W1810740596
https://openalex.org/W2139083088
https://openalex.org/W2753771140
https://openalex.org/W2911632178
https://openalex.org/W2984201386
https://openalex.org/W2748581285
https://openalex.org/W2084481647
https://openalex.org/W2142379138
https://openalex.org/W2318379219
https://openalex.org/W2624849991
https://openalex.org/W3015514962
https://openalex.org/W2320820801
https://openalex.org/W2316210677
https://openalex.org/W2990781956
https://openalex.org/W1987832953
https://openalex.org/W2966821632
https://openalex.org/W3024101076
https://openalex.org/W2999499011
https://openalex.org/W3014374127
https://openalex.org/W3101513150
https://openalex.org/W3014904157
https://openalex.org/W3156004002
https://openalex.org/W3180099903
https://openalex.org/W3170821498
https://openalex.org/W3173044102
https://openalex.org/W4200362342
https://openalex.org/W3108044109
https://openalex.org/W3173195041
https://openalex.org/W3110269844
https://openalex.org/W3212931970
https://openalex.org/W3217735674
https://openalex.org/W4212896131
https://openalex.org/W3207973933
https://openalex.org/W4290999031
https://openalex.org/W4282979643
https://openalex.org/W4212941948
https://openalex.org/W4220695137
https://openalex.org/W4315628255
https://openalex.org/W4323037017
https://openalex.org/W4324382864
https://openalex.org/W4362602155
https://openalex.org/W4372403639
https://openalex.org/W4389568197
https://openalex.org/W4390640129
https://openalex.org/W4391035776
https://openalex.org/W4391563803
https://openalex.org/W4391767136
https://openalex.org/W4392032308
https://openalex.org/W4394623492
https://openalex.org/W2049074979
https://openalex.org/W2103753616
https://openalex.org/W2162102216
https://openalex.org/W1966362390
https://openalex.org/W1979570009
https://openalex.org/W2085579545
https://openalex.org/W2116117028
https://openalex.org/W2004048415
https://openalex.org/W1512193865
https://openalex.org/W2103808653
https://openalex.org/W2114261827
https://openalex.org/W2206479728
https://openalex.org/W1944499325
https://openalex.org/W2127511133
https://openalex.org/W1948128649
https://openalex.org/W2166116090
https://openalex.org/W1967994046
https://openalex.org/W2027579336
https://openalex.org/W2113289951
https://openalex.org/W2062041889
https://openalex.org/W2049468314
https://openalex.org/W2082770876
https://openalex.org/W2023180351
https://openalex.org/W2130919121
https://openalex.org/W2055949929
https://openalex.org/W2132274239
https://openalex.org/W2413422920
https://openalex.org/W1987706746
https://openalex.org/W1995386344
https://openalex.org/W2077971035
https://openalex.org/W2090117371
https://openalex.org/W2096569962
https://openalex.org/W2160605255
https://openalex.org/W1581910437
https://openalex.org/W2040530197
https://openalex.org/W2121960151
https://openalex.org/W1880365120
https://openalex.org/W1999528273
https://openalex.org/W1490803640
https://openalex.org/W2026817652
https://openalex.org/W2135396283
https://openalex.org/W1984711587
https://openalex.org/W2152468817
https://openalex.org/W1983030750
https://openalex.org/W1985183211
https://openalex.org/W2114540161
https://openalex.org/W3005493480
https://openalex.org/W1140012074
https://openalex.org/W1994615418
https://openalex.org/W2063706774
https://openalex.org/W2075181951
https://openalex.org/W2117815535
https://openalex.org/W1985387785
https://openalex.org/W2076670147
https://openalex.org/W1994712583
https://openalex.org/W1997790833
https://openalex.org/W2068293659
https://openalex.org/W1576996354
https://openalex.org/W1994498728
https://openalex.org/W2023615592
https://openalex.org/W2003180143
https://openalex.org/W1985530147
https://openalex.org/W2093617876
https://openalex.org/W2016541190
https://openalex.org/W2061452261
https://openalex.org/W2070062326
https://openalex.org/W2004963563
https://openalex.org/W2023765530
https://openalex.org/W2085605735
https://openalex.org/W2148669519
https://openalex.org/W1525881886
https://openalex.org/W1987935909
https://openalex.org/W2095107909
https://openalex.org/W1548131859
https://openalex.org/W1970729024
https://openalex.org/W1976977664
https://openalex.org/W2065912996
https://openalex.org/W2151670363
https://openalex.org/W2154319187
https://openalex.org/W1694670554
https://openalex.org/W2029089875
https://openalex.org/W1989826418
https://openalex.org/W2088698261
https://openalex.org/W2139090710
https://openalex.org/W1757145451
https://openalex.org/W1967147823
https://openalex.org/W2007479973
https://openalex.org/W2011802166
https://openalex.org/W2114964556
https://openalex.org/W2156425206
https://openalex.org/W2166504108
https://openalex.org/W1972875032
https://openalex.org/W2037362556
https://openalex.org/W2028305227
https://openalex.org/W2084314003
https://openalex.org/W2165275218
https://openalex.org/W64588134
https://openalex.org/W2054289498
https://openalex.org/W2149141213
https://openalex.org/W2166779505
https://openalex.org/W2278949842
https://openalex.org/W2597651357
https://openalex.org/W2759602013
https://openalex.org/W2011713791
https://openalex.org/W2118375848
https://openalex.org/W2490807413
https://openalex.org/W153854370
https://openalex.org/W2090504161
https://openalex.org/W2879441768
https://openalex.org/W1958409279
https://openalex.org/W2011860486
https://openalex.org/W2339409290
https://openalex.org/W2008475878
https://openalex.org/W2119337079
https://openalex.org/W2292629968
https://openalex.org/W2460435846
https://openalex.org/W2520655380
https://openalex.org/W2735346840
https://openalex.org/W2792593052
https://openalex.org/W856947692
https://openalex.org/W2329790595
https://openalex.org/W2415984947
https://openalex.org/W2600536947
https://openalex.org/W2768393699
https://openalex.org/W2791049593
https://openalex.org/W2553926950
https://openalex.org/W2946074361
https://openalex.org/W2525404166
https://openalex.org/W2550785671
https://openalex.org/W2605798647
https://openalex.org/W2620842445
https://openalex.org/W2884485426
https://openalex.org/W2917121756
https://openalex.org/W2333752747
https://openalex.org/W2344838779
https://openalex.org/W2599383618
https://openalex.org/W2605356356
https://openalex.org/W2968805786
https://openalex.org/W2966849315
https://openalex.org/W2905533021
https://openalex.org/W2905091255
https://openalex.org/W2906174349
https://openalex.org/W3006018112
https://openalex.org/W3007925965
https://openalex.org/W2910872315
https://openalex.org/W2961247776
https://openalex.org/W2467905587
https://openalex.org/W2934561649
https://openalex.org/W3008583927
https://openalex.org/W2912844647
https://openalex.org/W3046466115
https://openalex.org/W2056624248
https://openalex.org/W3000638201
https://openalex.org/W3112655702
https://openalex.org/W3132754104
https://openalex.org/W4200276970
https://openalex.org/W3119447336
https://openalex.org/W3135374552
https://openalex.org/W3185011025
https://openalex.org/W3119869427
https://openalex.org/W3126168746
https://openalex.org/W4205180335
https://openalex.org/W4292954935
https://openalex.org/W4307897462
https://openalex.org/W4205559637
https://openalex.org/W4287878837
https://openalex.org/W4210627908
https://openalex.org/W4323652914
https://openalex.org/W4386781927
https://openalex.org/W4313893665
https://openalex.org/W4321349119
https://openalex.org/W4386210397
https://openalex.org/W4386756972
https://openalex.org/W2168859915
https://openalex.org/W2156283030
https://openalex.org/W2027085392
https://openalex.org/W2072008583
https://openalex.org/W2009500293
https://openalex.org/W2049373071
https://openalex.org/W2108913174
https://openalex.org/W23771414
https://openalex.org/W2013874747
https://openalex.org/W3028152906
https://openalex.org/W1977637896
https://openalex.org/W2148676608
https://openalex.org/W1504247884
https://openalex.org/W2110194534
https://openalex.org/W1980261301
https://openalex.org/W2055986532
https://openalex.org/W2133100008
https://openalex.org/W2149268836
https://openalex.org/W2122992203
https://openalex.org/W2134159559
https://openalex.org/W2063224702
https://openalex.org/W1986861951
https://openalex.org/W2065619930
https://openalex.org/W2073099860
https://openalex.org/W2078401932
https://openalex.org/W2294382682
https://openalex.org/W1960883150
https://openalex.org/W2040514286
https://openalex.org/W2081611819
https://openalex.org/W2051357707
https://openalex.org/W2061762914
https://openalex.org/W2064212205
https://openalex.org/W2147414958
https://openalex.org/W2154529219
https://openalex.org/W1523073204
https://openalex.org/W1960948330
https://openalex.org/W1577080264
https://openalex.org/W1982307872
https://openalex.org/W2013482629
https://openalex.org/W2080728205
https://openalex.org/W2049187271
https://openalex.org/W2314675307
https://openalex.org/W1974978275
https://openalex.org/W1986999530
https://openalex.org/W2107246774
https://openalex.org/W2092781205
https://openalex.org/W3004748457
https://openalex.org/W2009438797
https://openalex.org/W2045588286
https://openalex.org/W2046581400
https://openalex.org/W1936871541
https://openalex.org/W2025761051
https://openalex.org/W2153672237
https://openalex.org/W1983342929
https://openalex.org/W2016308157
https://openalex.org/W2062812726
https://openalex.org/W2123765094
https://openalex.org/W1846411564
https://openalex.org/W2003921920
https://openalex.org/W2028969039
https://openalex.org/W2067659262
https://openalex.org/W1974711345
https://openalex.org/W2074644709
https://openalex.org/W2011304292
https://openalex.org/W2028825292
https://openalex.org/W2042514128
https://openalex.org/W2146682713
https://openalex.org/W2037099298
https://openalex.org/W2039962221
https://openalex.org/W2079106957
https://openalex.org/W2334376912
https://openalex.org/W2004860200
https://openalex.org/W2098293585
https://openalex.org/W2121286310
https://openalex.org/W1802564736
https://openalex.org/W1966085428
https://openalex.org/W2021506031
https://openalex.org/W2004414610
https://openalex.org/W2013093657
https://openalex.org/W2121940827
https://openalex.org/W2145279448
https://openalex.org/W2010128399
https://openalex.org/W2066717749
https://openalex.org/W2125376897
https://openalex.org/W1884039678
https://openalex.org/W2094814644
https://openalex.org/W2122458135
https://openalex.org/W2124333032
https://openalex.org/W2163497186
https://openalex.org/W2323464715
https://openalex.org/W2059498758
https://openalex.org/W2748699484
https://openalex.org/W1983754611
https://openalex.org/W2055105153
https://openalex.org/W2513571141
https://openalex.org/W2605177817
https://openalex.org/W2012854596
https://openalex.org/W2081044610
https://openalex.org/W2400404008
https://openalex.org/W2578277945
https://openalex.org/W2783519948
https://openalex.org/W2347162423
https://openalex.org/W2745005229
https://openalex.org/W2794399211
https://openalex.org/W2890265890
https://openalex.org/W2409335947
https://openalex.org/W2621431061
https://openalex.org/W2726785735
https://openalex.org/W2777609532
https://openalex.org/W2784720463
https://openalex.org/W2790418098
https://openalex.org/W2883800185
https://openalex.org/W2892358839
https://openalex.org/W2947263851
https://openalex.org/W2329253736
https://openalex.org/W2781558616
https://openalex.org/W2971489172
https://openalex.org/W2312371735
https://openalex.org/W2923547847
https://openalex.org/W2974572712
https://openalex.org/W3010479202
https://openalex.org/W2314446786
https://openalex.org/W3008611329
https://openalex.org/W3005570220
https://openalex.org/W3037616222
https://openalex.org/W3037868290
https://openalex.org/W3047156590
https://openalex.org/W3121632017
https://openalex.org/W3159883989
https://openalex.org/W3048024963
https://openalex.org/W4281905795
https://openalex.org/W3192656866
https://openalex.org/W4312701995
https://openalex.org/W4292623756
https://openalex.org/W4306840963
https://openalex.org/W4386483280
https://openalex.org/W2101895037
https://openalex.org/W1585997649
https://openalex.org/W2142190957
https://openalex.org/W1987044983
https://openalex.org/W2001298923
https://openalex.org/W2114656295
https://openalex.org/W1523391091
https://openalex.org/W2070230634
https://openalex.org/W2914637228
https://openalex.org/W1915257470
https://openalex.org/W2123632603
https://openalex.org/W2147439751
https://openalex.org/W2168869176
https://openalex.org/W1973138091
https://openalex.org/W2037900962
https://openalex.org/W2058262740
https://openalex.org/W2093689726
https://openalex.org/W2107450223
https://openalex.org/W2073028434
https://openalex.org/W2110401526
https://openalex.org/W2164683306
https://openalex.org/W1975953683
https://openalex.org/W2001121261
https://openalex.org/W2059969202
https://openalex.org/W2334307121
https://openalex.org/W1590706606
https://openalex.org/W1975393846
https://openalex.org/W2137439164
https://openalex.org/W1605424933
https://openalex.org/W2069183869
https://openalex.org/W2142520909
https://openalex.org/W1966879453
https://openalex.org/W1971689505
https://openalex.org/W2052261291
https://openalex.org/W2952991967
https://openalex.org/W1600763344
https://openalex.org/W2074984742
https://openalex.org/W1996340860
https://openalex.org/W3004642628
https://openalex.org/W1975815704
https://openalex.org/W2056553951
https://openalex.org/W2082210051
https://openalex.org/W2091399375
https://openalex.org/W2024621645
https://openalex.org/W2039387550
https://openalex.org/W2041063168
https://openalex.org/W2106305183
https://openalex.org/W2165049955
https://openalex.org/W2096036462
https://openalex.org/W2097348235
https://openalex.org/W1974917255
https://openalex.org/W2008469281
https://openalex.org/W2024883244
https://openalex.org/W1487909433
https://openalex.org/W1983638844
https://openalex.org/W2008735277
https://openalex.org/W2061753504
https://openalex.org/W2073278617
https://openalex.org/W2169637347
https://openalex.org/W2011146198
https://openalex.org/W2079382936
https://openalex.org/W2083549248
https://openalex.org/W2112096524
https://openalex.org/W1495287297
https://openalex.org/W1975458439
https://openalex.org/W1987858004
https://openalex.org/W2022000594
https://openalex.org/W2037370519
https://openalex.org/W2059814143
https://openalex.org/W3005034708
https://openalex.org/W2021824209
https://openalex.org/W2056465423
https://openalex.org/W2095665699
https://openalex.org/W2322424862
https://openalex.org/W3005485550
https://openalex.org/W2040440930
https://openalex.org/W2129512936
https://openalex.org/W2130855730
https://openalex.org/W2023557580
https://openalex.org/W2112816256
https://openalex.org/W2162592105
https://openalex.org/W2333947110
https://openalex.org/W1969366172
https://openalex.org/W2051526455
https://openalex.org/W2078817097
https://openalex.org/W2137426007
https://openalex.org/W2168717975
https://openalex.org/W2009780228
https://openalex.org/W2068865508
https://openalex.org/W2093886066
https://openalex.org/W1673880911
https://openalex.org/W1965605202
https://openalex.org/W2002278423
https://openalex.org/W2049884403
https://openalex.org/W1973458778
https://openalex.org/W2029233528
https://openalex.org/W2057920145
https://openalex.org/W1971802272
https://openalex.org/W2065430216
https://openalex.org/W2069689571
https://openalex.org/W2070208418
https://openalex.org/W4256256768
https://openalex.org/W2003712805
https://openalex.org/W2022036493
https://openalex.org/W2077100978
https://openalex.org/W2120487983
https://openalex.org/W2135640289
https://openalex.org/W2333740509
https://openalex.org/W2334360757
https://openalex.org/W2569327638
https://openalex.org/W2589771736
https://openalex.org/W1670217412
https://openalex.org/W1995413902
https://openalex.org/W2460965240
https://openalex.org/W2612068551
https://openalex.org/W2802325968
https://openalex.org/W2017326165
https://openalex.org/W2197862906
https://openalex.org/W2631387458
https://openalex.org/W2736505154
https://openalex.org/W2757668249
https://openalex.org/W2316171988
https://openalex.org/W2592707185
https://openalex.org/W2794369197
https://openalex.org/W2886981773
https://openalex.org/W2897265176
https://openalex.org/W2909995704
https://openalex.org/W2919342283
https://openalex.org/W2325801614
https://openalex.org/W2521007626
https://openalex.org/W2912734720
https://openalex.org/W2944269075
https://openalex.org/W2922217587
https://openalex.org/W2992036586
https://openalex.org/W3086336324
https://openalex.org/W3025126438
https://openalex.org/W3045946490
https://openalex.org/W3090527305
https://openalex.org/W3106130386
https://openalex.org/W3015865752
https://openalex.org/W3016741388
https://openalex.org/W3106192259
https://openalex.org/W3092957624
https://openalex.org/W3159440298
https://openalex.org/W3192739904
https://openalex.org/W3204436693
https://openalex.org/W3131859739
https://openalex.org/W3159777384
https://openalex.org/W3169284480
https://openalex.org/W3097106644
https://openalex.org/W3121056158
https://openalex.org/W3174430459
https://openalex.org/W4282842319
https://openalex.org/W4323347718
https://openalex.org/W2118306220
https://openalex.org/W2115289304
https://openalex.org/W2040956057
https://openalex.org/W2069890113
https://openalex.org/W1989471587
https://openalex.org/W2125733851
https://openalex.org/W2144092287
https://openalex.org/W2021211237
https://openalex.org/W4230504241
https://openalex.org/W1572341324
https://openalex.org/W4234084352
https://openalex.org/W1977350206
https://openalex.org/W2054696800
https://openalex.org/W2129711589
https://openalex.org/W2170733148
https://openalex.org/W1945388302
https://openalex.org/W2028867287
https://openalex.org/W2066873320
https://openalex.org/W2108827212
https://openalex.org/W2125081715
https://openalex.org/W2164040677
https://openalex.org/W1979224337
https://openalex.org/W2047847420
https://openalex.org/W2135515078
https://openalex.org/W2139410878
https://openalex.org/W1966015047
https://openalex.org/W1984873264
https://openalex.org/W2055688556
https://openalex.org/W2085323240
https://openalex.org/W1571955681
https://openalex.org/W1967222215
https://openalex.org/W2050031219
https://openalex.org/W2057458590
https://openalex.org/W2084759920
https://openalex.org/W2086641011
https://openalex.org/W2094195202
https://openalex.org/W2129033069
https://openalex.org/W1992628082
https://openalex.org/W1998022394
https://openalex.org/W2021342818
https://openalex.org/W2022387952
https://openalex.org/W1986116401
https://openalex.org/W2001866968
https://openalex.org/W2099509573
https://openalex.org/W4252753168
https://openalex.org/W2049626495
https://openalex.org/W2054404209
https://openalex.org/W2061104107
https://openalex.org/W2084911787
https://openalex.org/W2105988027
https://openalex.org/W3004871761
https://openalex.org/W2083050245
https://openalex.org/W2130965557
https://openalex.org/W1487890220
https://openalex.org/W2002904841
https://openalex.org/W2033435470
https://openalex.org/W2118983525
https://openalex.org/W2095647083
https://openalex.org/W2140131574
https://openalex.org/W2162745606
https://openalex.org/W2163907366
https://openalex.org/W1540737922
https://openalex.org/W2091223035
https://openalex.org/W2151864184
https://openalex.org/W2164320048
https://openalex.org/W2097122696
https://openalex.org/W1988614064
https://openalex.org/W1485714784
https://openalex.org/W2897743994
https://openalex.org/W1496258172
https://openalex.org/W2038914956
https://openalex.org/W2040134893
https://openalex.org/W2072570270
https://openalex.org/W4236721469
https://openalex.org/W4323284713
https://openalex.org/W1497454482
https://openalex.org/W163876830
https://openalex.org/W1974006510
https://openalex.org/W1987545051
https://openalex.org/W2001116942
https://openalex.org/W1999343909
https://openalex.org/W2012705007
https://openalex.org/W2978668253
https://openalex.org/W2155940583
https://openalex.org/W2314942228
https://openalex.org/W1702622166
https://openalex.org/W1935351048
https://openalex.org/W2022813308
https://openalex.org/W2060586123
https://openalex.org/W2094713052
https://openalex.org/W2121964258
https://openalex.org/W1523595097
https://openalex.org/W1810204907
https://openalex.org/W2093238625
https://openalex.org/W2313428925
https://openalex.org/W1731461937
https://openalex.org/W2036792690
https://openalex.org/W2081293419
https://openalex.org/W2105229970
https://openalex.org/W2157511732
https://openalex.org/W2260966802
https://openalex.org/W2551701645
https://openalex.org/W2750929888
https://openalex.org/W2766179284
https://openalex.org/W2794539307
https://openalex.org/W1558557648
https://openalex.org/W1968649479
https://openalex.org/W2253404504
https://openalex.org/W2346090716
https://openalex.org/W2791969690
https://openalex.org/W2902206459
https://openalex.org/W622509626
https://openalex.org/W2462696369
https://openalex.org/W2541975385
https://openalex.org/W2589006451
https://openalex.org/W2754228587
https://openalex.org/W2757718272
https://openalex.org/W2805659055
https://openalex.org/W2792451260
https://openalex.org/W2913781676
https://openalex.org/W2927010736
https://openalex.org/W2942070982
https://openalex.org/W2997065527
https://openalex.org/W2896449582
https://openalex.org/W2954231282
https://openalex.org/W2961194631
https://openalex.org/W2335098095
https://openalex.org/W2314005019
https://openalex.org/W2022552590
https://openalex.org/W3110365739
https://openalex.org/W3133944963
https://openalex.org/W3136952956
https://openalex.org/W3169921644
https://openalex.org/W3165143135
https://openalex.org/W3189898872
https://openalex.org/W4304117279
https://openalex.org/W4313293261
https://openalex.org/W4200003695
https://openalex.org/W4220768495
https://openalex.org/W4226328741
https://openalex.org/W4226412810
https://openalex.org/W4307338129
https://openalex.org/W4307405391
https://openalex.org/W4312052261
https://openalex.org/W4316193714
https://openalex.org/W4321212710
https://openalex.org/W4378071874
https://openalex.org/W4387822935
https://openalex.org/W4392642291
https://openalex.org/W1644693526
https://openalex.org/W2743872481
https://openalex.org/W2057488108
https://openalex.org/W2147660064
https://openalex.org/W1982963160
https://openalex.org/W1540592979
https://openalex.org/W1551198850
https://openalex.org/W1969737762
https://openalex.org/W2075033579
https://openalex.org/W2158257249
https://openalex.org/W1997788232
https://openalex.org/W2093536165
https://openalex.org/W2143131913
https://openalex.org/W2147463215
https://openalex.org/W1971911809
https://openalex.org/W1998198877
https://openalex.org/W2009066397
https://openalex.org/W2027336579
https://openalex.org/W2075431899
https://openalex.org/W2093324977
https://openalex.org/W2082185987
https://openalex.org/W4245899581
https://openalex.org/W1970910229
https://openalex.org/W1977916819
https://openalex.org/W2015239002
https://openalex.org/W2040364532
https://openalex.org/W2058609838
https://openalex.org/W2171531891
https://openalex.org/W294185913
https://openalex.org/W2953040318
https://openalex.org/W1989757640
https://openalex.org/W1991901628
https://openalex.org/W2008062150
https://openalex.org/W2098817502
https://openalex.org/W2047926143
https://openalex.org/W2117893034
https://openalex.org/W1516597546
https://openalex.org/W2002320254
https://openalex.org/W2085811888
https://openalex.org/W2406409895
https://openalex.org/W2027986152
https://openalex.org/W2105831490
https://openalex.org/W2125187625
https://openalex.org/W2002658386
https://openalex.org/W2035219858
https://openalex.org/W2084566821
https://openalex.org/W2160866534
https://openalex.org/W2031595895
https://openalex.org/W2066310438
https://openalex.org/W2141454226
https://openalex.org/W1976301896
https://openalex.org/W3005390109
https://openalex.org/W1980037469
https://openalex.org/W2078540399
https://openalex.org/W2050426205
https://openalex.org/W2070101635
https://openalex.org/W1991028777
https://openalex.org/W2079678084
https://openalex.org/W2031315290
https://openalex.org/W2052733349
https://openalex.org/W2106163941
https://openalex.org/W2158650612
https://openalex.org/W2014822132
https://openalex.org/W2061113591
https://openalex.org/W2080136345
https://openalex.org/W2153794471
https://openalex.org/W115257788
https://openalex.org/W1985294989
https://openalex.org/W2039722823
https://openalex.org/W2046945302
https://openalex.org/W2092720617
https://openalex.org/W2984017176
https://openalex.org/W1969811808
https://openalex.org/W1989015087
https://openalex.org/W1989708017
https://openalex.org/W2033618266
https://openalex.org/W2036319320
https://openalex.org/W2131985054
https://openalex.org/W2315058486
https://openalex.org/W1964694942
https://openalex.org/W2002661248
https://openalex.org/W2005277425
https://openalex.org/W2074792435
https://openalex.org/W2078268859
https://openalex.org/W2093489036
https://openalex.org/W2131802791
https://openalex.org/W2281062176
https://openalex.org/W1510968943
https://openalex.org/W2025883340
https://openalex.org/W2029356369
https://openalex.org/W2162790434
https://openalex.org/W2322855632
https://openalex.org/W1980990712
https://openalex.org/W2164898475
https://openalex.org/W2314454707
https://openalex.org/W2400222521
https://openalex.org/W2464315280
https://openalex.org/W2520137627
https://openalex.org/W2521086684
https://openalex.org/W2551266275
https://openalex.org/W2562079220
https://openalex.org/W2756016179
https://openalex.org/W2790969342
https://openalex.org/W2887033037
https://openalex.org/W2901586831
https://openalex.org/W1921740338
https://openalex.org/W1986514369
https://openalex.org/W2007054698
https://openalex.org/W2041929060
https://openalex.org/W2311217898
https://openalex.org/W2605026793
https://openalex.org/W2885282927
https://openalex.org/W2887270887
https://openalex.org/W2895751652
https://openalex.org/W2900572946
https://openalex.org/W2901719119
https://openalex.org/W2346575124
https://openalex.org/W2788502963
https://openalex.org/W2900194408
https://openalex.org/W2942811601
https://openalex.org/W2944380780
https://openalex.org/W2952339367
https://openalex.org/W2990779212
https://openalex.org/W2956003848
https://openalex.org/W3022552578
https://openalex.org/W3036433085
https://openalex.org/W3046251581
https://openalex.org/W3088102391
https://openalex.org/W3034163976
https://openalex.org/W3044706913
https://openalex.org/W3082813822
https://openalex.org/W3010006607
https://openalex.org/W3093349809
https://openalex.org/W3110027479
https://openalex.org/W3117318991
https://openalex.org/W3119554277
https://openalex.org/W3161671170
https://openalex.org/W3173941199
https://openalex.org/W3176802471
https://openalex.org/W3207264597
https://openalex.org/W3186111960
https://openalex.org/W4221083976
https://openalex.org/W4225152623
https://openalex.org/W4281782412
https://openalex.org/W4290721036
https://openalex.org/W4307657386
https://openalex.org/W4281680583
https://openalex.org/W4387035568
https://openalex.org/W4388819654
https://openalex.org/W4390029791
https://openalex.org/W4390063399
https://openalex.org/W4390571508
https://openalex.org/W4390607899
https://openalex.org/W4390637824
https://openalex.org/W4390662969
https://openalex.org/W4390699599
https://openalex.org/W4390795566
https://openalex.org/W4390954229
https://openalex.org/W4391175618
https://openalex.org/W4391261141
https://openalex.org/W4391275736
https://openalex.org/W4391283750
https://openalex.org/W4391427546
https://openalex.org/W4391636485
https://openalex.org/W4391642586
https://openalex.org/W4391695352
https://openalex.org/W4391695402
https://openalex.org/W4391714526
https://openalex.org/W4391734982
https://openalex.org/W4391787443
https://openalex.org/W4391892612
https://openalex.org/W4391929639
https://openalex.org/W4391948581
https://openalex.org/W4392017898
https://openalex.org/W4392241555
https://openalex.org/W4392310110
https://openalex.org/W4392354459
https://openalex.org/W4392472848
https://openalex.org/W4392559426
https://openalex.org/W4392567463
https://openalex.org/W4392603673
https://openalex.org/W4392614863
https://openalex.org/W4392645247
https://openalex.org/W4392797608
https://openalex.org/W4392818332
https://openalex.org/W4392875628
https://openalex.org/W4393037493
https://openalex.org/W4393281950
https://openalex.org/W4393281980
https://openalex.org/W4393353054
https://openalex.org/W4393409216
https://openalex.org/W4393621654
https://openalex.org/W4393871676
https://openalex.org/W4393900260
https://openalex.org/W4393969629
https://openalex.org/W4394674067
https://openalex.org/W4394805633
https://openalex.org/W4394824882
https://openalex.org/W4394825143
https://openalex.org/W4394825403
https://openalex.org/W4394892500
https://openalex.org/W4395002634
https://openalex.org/W4395465003
https://openalex.org/W4395472508
https://openalex.org/W4395480945
https://openalex.org/W4395481671
https://openalex.org/W4395695162
https://openalex.org/W4396517002
https://openalex.org/W2083120106
https://openalex.org/W2154996175
https://openalex.org/W1973015058
https://openalex.org/W2072662133
https://openalex.org/W2090263559
https://openalex.org/W291493722
https://openalex.org/W2105181334
https://openalex.org/W1992631514
https://openalex.org/W2002614031
https://openalex.org/W2150495681
https://openalex.org/W28320507
https://openalex.org/W1993048540
https://openalex.org/W2050422961
https://openalex.org/W2072488981
https://openalex.org/W1990748283
https://openalex.org/W2056469589
https://openalex.org/W2123854966
https://openalex.org/W2993873700
https://openalex.org/W1991801296
https://openalex.org/W2030208513
https://openalex.org/W2039996517
https://openalex.org/W4249230367
https://openalex.org/W2006099421
https://openalex.org/W2047805834
https://openalex.org/W2065024200
https://openalex.org/W2088050983
https://openalex.org/W2128723772
https://openalex.org/W1989965865
https://openalex.org/W2064075858
https://openalex.org/W2130303232
https://openalex.org/W1972651359
https://openalex.org/W1983197245
https://openalex.org/W2084357146
https://openalex.org/W2294765495
https://openalex.org/W2038289301
https://openalex.org/W2333553466
https://openalex.org/W114387737
https://openalex.org/W2094711849
https://openalex.org/W2004706499
https://openalex.org/W2038049179
https://openalex.org/W2115579128
https://openalex.org/W1989734264
https://openalex.org/W2045142871
https://openalex.org/W2093427361
https://openalex.org/W2095595707
https://openalex.org/W2114449486
https://openalex.org/W2133263095
https://openalex.org/W1987003412
https://openalex.org/W2086266184
https://openalex.org/W2110209301
https://openalex.org/W2165605869
https://openalex.org/W1899835225
https://openalex.org/W1964350642
https://openalex.org/W1979983175
https://openalex.org/W2014964875
https://openalex.org/W2036988150
https://openalex.org/W2097232849
https://openalex.org/W2116467006
https://openalex.org/W2025563349
https://openalex.org/W1975686911
https://openalex.org/W2024858081
https://openalex.org/W2047289273
https://openalex.org/W2150253241
https://openalex.org/W2322376468
https://openalex.org/W1581583865
https://openalex.org/W1996116512
https://openalex.org/W2003515423
https://openalex.org/W2027695384
https://openalex.org/W2039943743
https://openalex.org/W2050326602
https://openalex.org/W2108266078
https://openalex.org/W1891685977
https://openalex.org/W2001021865
https://openalex.org/W2026672967
https://openalex.org/W2043542254
https://openalex.org/W2051381887
https://openalex.org/W2081078975
https://openalex.org/W2086521226
https://openalex.org/W2155896290
https://openalex.org/W1980746725
https://openalex.org/W1987020375
https://openalex.org/W2029241868
https://openalex.org/W2035742837
https://openalex.org/W2053326583
https://openalex.org/W2056041070
https://openalex.org/W2066222291
https://openalex.org/W1983213034
https://openalex.org/W2011814727
https://openalex.org/W2031644132
https://openalex.org/W2131235589
https://openalex.org/W2171313871
https://openalex.org/W2548647795
https://openalex.org/W2569652413
https://openalex.org/W2736569081
https://openalex.org/W2738920056
https://openalex.org/W2741266656
https://openalex.org/W2766952720
https://openalex.org/W1598298616
https://openalex.org/W1967168934
https://openalex.org/W2172948321
https://openalex.org/W2308361899
https://openalex.org/W2491654411
https://openalex.org/W2598468676
https://openalex.org/W2600409857
https://openalex.org/W2778525815
https://openalex.org/W905755839
https://openalex.org/W1594806136
https://openalex.org/W2567162937
https://openalex.org/W2584999399
https://openalex.org/W2588237364
https://openalex.org/W2750360272
https://openalex.org/W2775348173
https://openalex.org/W2775812269
https://openalex.org/W2792190409
https://openalex.org/W2802465786
https://openalex.org/W2885934890
https://openalex.org/W1852747305
https://openalex.org/W2294141019
https://openalex.org/W2536802932
https://openalex.org/W2909203826
https://openalex.org/W2911874225
https://openalex.org/W2944681911
https://openalex.org/W2912011336
https://openalex.org/W3036930922
https://openalex.org/W3093108756
https://openalex.org/W3034557463
https://openalex.org/W3107203094
https://openalex.org/W3112271562
https://openalex.org/W3187192589
https://openalex.org/W4306687351
https://openalex.org/W4313381017
https://openalex.org/W4323668948
https://openalex.org/W4365811153
https://openalex.org/W4366813939
https://openalex.org/W4366823192
https://openalex.org/W4376166898
https://openalex.org/W4385362227
https://openalex.org/W4385363152
https://openalex.org/W4387297044
https://openalex.org/W2150920523
https://openalex.org/W1581597976
https://openalex.org/W2094808621
https://openalex.org/W2505236450
https://openalex.org/W4299451665
https://openalex.org/W2037690210
https://openalex.org/W2102436245
https://openalex.org/W1965792765
https://openalex.org/W128069414
https://openalex.org/W1980978327
https://openalex.org/W2086346424
https://openalex.org/W2087761616
https://openalex.org/W1969021925
https://openalex.org/W2025635825
https://openalex.org/W1984111282
https://openalex.org/W2017446666
https://openalex.org/W2073991435
https://openalex.org/W1513847907
https://openalex.org/W1977492851
https://openalex.org/W2014967603
https://openalex.org/W2038144613
https://openalex.org/W2039092741
https://openalex.org/W2052574757
https://openalex.org/W2060970776
https://openalex.org/W2139224436
https://openalex.org/W3004912624
https://openalex.org/W4255002324
https://openalex.org/W1660543772
https://openalex.org/W2017490065
https://openalex.org/W2057936666
https://openalex.org/W4388165987
https://openalex.org/W2012849026
https://openalex.org/W2163131353
https://openalex.org/W1975236785
https://openalex.org/W2005018300
https://openalex.org/W2015153859
https://openalex.org/W2066023676
https://openalex.org/W2119686631
https://openalex.org/W1808579442
https://openalex.org/W2094168815
https://openalex.org/W2126782672
https://openalex.org/W1990129937
https://openalex.org/W2059497235
https://openalex.org/W2071668035
https://openalex.org/W2067740175
https://openalex.org/W2089770260
https://openalex.org/W2092746870
https://openalex.org/W2129255765
https://openalex.org/W2540906258
https://openalex.org/W2041540658
https://openalex.org/W2896439339
https://openalex.org/W1977498862
https://openalex.org/W1979707711
https://openalex.org/W2005199608
https://openalex.org/W2018727201
https://openalex.org/W2083915467
https://openalex.org/W2105070431
https://openalex.org/W2128028875
https://openalex.org/W2135085689
https://openalex.org/W2494455719
https://openalex.org/W2949482964
https://openalex.org/W1984117395
https://openalex.org/W2050858101
https://openalex.org/W2098845020
https://openalex.org/W2124041867
https://openalex.org/W2002489187
https://openalex.org/W2017295333
https://openalex.org/W2141143208
https://openalex.org/W1992855098
https://openalex.org/W2008528115
https://openalex.org/W2014252461
https://openalex.org/W2047941804
https://openalex.org/W2055193757
https://openalex.org/W2083598610
https://openalex.org/W2103424113
https://openalex.org/W2170637858
https://openalex.org/W1551046101
https://openalex.org/W157705412
https://openalex.org/W1600110674
https://openalex.org/W2006311524
https://openalex.org/W2043154036
https://openalex.org/W2043203885
https://openalex.org/W2087349390
https://openalex.org/W2150001279
https://openalex.org/W2154950565
https://openalex.org/W2167214111
https://openalex.org/W1773890945
https://openalex.org/W1963484174
https://openalex.org/W2020943141
https://openalex.org/W2059305677
https://openalex.org/W2060653269
https://openalex.org/W2572201024
https://openalex.org/W2581505818
https://openalex.org/W2785462468
https://openalex.org/W2794051041
https://openalex.org/W2806934836
https://openalex.org/W2807217402
https://openalex.org/W631132133
https://openalex.org/W1946404242
https://openalex.org/W2007854123
https://openalex.org/W2054286057
https://openalex.org/W2057728840
https://openalex.org/W2308411092
https://openalex.org/W2316395281
https://openalex.org/W2380360974
https://openalex.org/W2506289508
https://openalex.org/W2561297867
https://openalex.org/W2640574533
https://openalex.org/W2753186752
https://openalex.org/W2763982063
https://openalex.org/W2789468841
https://openalex.org/W2910202416
https://openalex.org/W2912596387
https://openalex.org/W2945023961
https://openalex.org/W2949367420
https://openalex.org/W2981196285
https://openalex.org/W2990373208
https://openalex.org/W3002768160
https://openalex.org/W3045490812
https://openalex.org/W3047498931
https://openalex.org/W3081049448
https://openalex.org/W2996139078
https://openalex.org/W2999553178
https://openalex.org/W3005357193
https://openalex.org/W3005653930
https://openalex.org/W3005781445
https://openalex.org/W3013359053
https://openalex.org/W3020939482
https://openalex.org/W3024808157
https://openalex.org/W4253230646
https://openalex.org/W2092658158
https://openalex.org/W2427708436
https://openalex.org/W3204689607
https://openalex.org/W4206322135
https://openalex.org/W4220977733
https://openalex.org/W4225421399
https://openalex.org/W4229450901
https://openalex.org/W4280624576
https://openalex.org/W4281255775
https://openalex.org/W4293149212
https://openalex.org/W4295528401
https://openalex.org/W4296745473
https://openalex.org/W4307720092
https://openalex.org/W4309552692
https://openalex.org/W4309693512
https://openalex.org/W4310727509
https://openalex.org/W2170034538
https://openalex.org/W2404821984
https://openalex.org/W1578054195
https://openalex.org/W1976110403
https://openalex.org/W2001128851
https://openalex.org/W2005509748
https://openalex.org/W2008331869
https://openalex.org/W2045244585
https://openalex.org/W2109261480
https://openalex.org/W2123522724
https://openalex.org/W4251176812
https://openalex.org/W1977746877
https://openalex.org/W102344689
https://openalex.org/W2156221235
https://openalex.org/W2724792286
https://openalex.org/W2000647925
https://openalex.org/W2019423222
https://openalex.org/W2037536659
https://openalex.org/W2064335262
https://openalex.org/W1964332535
https://openalex.org/W2040966232
https://openalex.org/W1564710677
https://openalex.org/W2009426247
https://openalex.org/W2018811449
https://openalex.org/W2021528432
https://openalex.org/W2027588444
https://openalex.org/W2071214861
https://openalex.org/W1481509915
https://openalex.org/W1552223976
https://openalex.org/W2009360131
https://openalex.org/W2009361042
https://openalex.org/W2056802581
https://openalex.org/W2064173186
https://openalex.org/W4388166348
https://openalex.org/W1981430446
https://openalex.org/W1996871940
https://openalex.org/W2003140377
https://openalex.org/W2004112203
https://openalex.org/W2139969545
https://openalex.org/W2044224168
https://openalex.org/W2120425216
https://openalex.org/W2477104593
https://openalex.org/W2007713850
https://openalex.org/W2103682634
https://openalex.org/W2147798483
https://openalex.org/W3005117849
https://openalex.org/W2061945807
https://openalex.org/W2071075641
https://openalex.org/W1537878456
https://openalex.org/W2574725268
https://openalex.org/W1983504399
https://openalex.org/W2010487729
https://openalex.org/W2031083473
https://openalex.org/W2078365799
https://openalex.org/W1538106395
https://openalex.org/W2000187823
https://openalex.org/W2003958135
https://openalex.org/W2064003319
https://openalex.org/W2069042187
https://openalex.org/W2131577792
https://openalex.org/W2151556746
https://openalex.org/W2341264201
https://openalex.org/W2003914509
https://openalex.org/W2020529446
https://openalex.org/W2021317528
https://openalex.org/W2021819177
https://openalex.org/W1500789506
https://openalex.org/W1866054260
https://openalex.org/W1969088079
https://openalex.org/W1970472480
https://openalex.org/W1987920019
https://openalex.org/W2068442512
https://openalex.org/W2071591484
https://openalex.org/W2074200453
https://openalex.org/W2078756512
https://openalex.org/W2080405847
https://openalex.org/W2081637518
https://openalex.org/W2144834865
https://openalex.org/W2211418111
https://openalex.org/W2408876897
https://openalex.org/W2551636713
https://openalex.org/W2588256775
https://openalex.org/W2619167777
https://openalex.org/W2728586514
https://openalex.org/W2734604798
https://openalex.org/W2767102139
https://openalex.org/W2790301939
https://openalex.org/W2791810100
https://openalex.org/W2888304472
https://openalex.org/W2902904767
https://openalex.org/W1994894696
https://openalex.org/W2036172734
https://openalex.org/W2149596927
https://openalex.org/W2179585245
https://openalex.org/W2325637351
https://openalex.org/W2339666992
https://openalex.org/W2342420069
https://openalex.org/W2365384643
https://openalex.org/W2416083420
https://openalex.org/W2462585447
https://openalex.org/W2520118470
https://openalex.org/W2557187376
https://openalex.org/W2745356366
https://openalex.org/W2751674961
https://openalex.org/W2770647723
https://openalex.org/W2792435527
https://openalex.org/W2889484249
https://openalex.org/W2889843959
https://openalex.org/W2897356879
https://openalex.org/W2906697923
https://openalex.org/W2255423952
https://openalex.org/W2461120254
https://openalex.org/W2516831360
https://openalex.org/W2834413742
https://openalex.org/W2923823678
https://openalex.org/W2937611783
https://openalex.org/W2954728590
https://openalex.org/W2969118904
https://openalex.org/W2995631498
https://openalex.org/W2321863700
https://openalex.org/W2326042823
https://openalex.org/W3043256885
https://openalex.org/W3122998376
https://openalex.org/W3133665642
https://openalex.org/W3148798555
https://openalex.org/W3209249463
https://openalex.org/W4224248350
https://openalex.org/W4283260371
https://openalex.org/W4289516739
https://openalex.org/W4292326899
https://openalex.org/W4294631793
https://openalex.org/W4308767826
https://openalex.org/W4312214279
https://openalex.org/W4323061150
https://openalex.org/W2002057450
https://openalex.org/W2052639729
https://openalex.org/W2120583032
https://openalex.org/W1969699979
https://openalex.org/W2003011953
https://openalex.org/W2024102610
https://openalex.org/W2053401325
https://openalex.org/W2075887561
https://openalex.org/W2021706740
https://openalex.org/W2026963077
https://openalex.org/W2038031165
https://openalex.org/W2396032414
https://openalex.org/W2073269924
https://openalex.org/W2155118084
https://openalex.org/W1532845426
https://openalex.org/W1844761640
https://openalex.org/W2019563908
https://openalex.org/W2025832986
https://openalex.org/W2036365503
https://openalex.org/W2063954941
https://openalex.org/W2110224127
https://openalex.org/W2141541119
https://openalex.org/W1968682844
https://openalex.org/W2126673338
https://openalex.org/W2415773532
https://openalex.org/W2005569727
https://openalex.org/W2019613286
https://openalex.org/W2019884911
https://openalex.org/W2022546465
https://openalex.org/W2038588088
https://openalex.org/W2084885919
https://openalex.org/W2102616162
https://openalex.org/W2110293034
https://openalex.org/W2161237825
https://openalex.org/W2019885265
https://openalex.org/W2071618821
https://openalex.org/W2092891655
https://openalex.org/W2407093582
https://openalex.org/W4233962389
https://openalex.org/W2034929982
https://openalex.org/W2048075991
https://openalex.org/W2086916092
https://openalex.org/W2092888190
https://openalex.org/W1987031451
https://openalex.org/W2039369254
https://openalex.org/W2057069032
https://openalex.org/W1992998537
https://openalex.org/W2001123859
https://openalex.org/W2111818491
https://openalex.org/W1984988757
https://openalex.org/W2031694726
https://openalex.org/W2043658498
https://openalex.org/W1966341554
https://openalex.org/W1974837652
https://openalex.org/W1994116467
https://openalex.org/W2014442450
https://openalex.org/W2043400293
https://openalex.org/W2069324537
https://openalex.org/W2080092637
https://openalex.org/W2105192619
https://openalex.org/W1999982192
https://openalex.org/W2027903615
https://openalex.org/W2168513442
https://openalex.org/W2332303193
https://openalex.org/W2399856393
https://openalex.org/W1555821113
https://openalex.org/W1979116923
https://openalex.org/W1998191381
https://openalex.org/W2015874995
https://openalex.org/W2023196072
https://openalex.org/W2031512047
https://openalex.org/W2076506001
https://openalex.org/W2112422537
https://openalex.org/W2114918198
https://openalex.org/W2128634155
https://openalex.org/W2136345524
https://openalex.org/W2139495822
https://openalex.org/W2151572858
https://openalex.org/W2164876220
https://openalex.org/W2166635199
https://openalex.org/W2561183982
https://openalex.org/W2606153976
https://openalex.org/W2623628125
https://openalex.org/W2883838860
https://openalex.org/W4245641257
https://openalex.org/W132792190
https://openalex.org/W1964253520
https://openalex.org/W1979996343
https://openalex.org/W1993773297
https://openalex.org/W1998435649
https://openalex.org/W2003587410
https://openalex.org/W2413145185
https://openalex.org/W2537790700
https://openalex.org/W2547916336
https://openalex.org/W2604639434
https://openalex.org/W2611796071
https://openalex.org/W2620873905
https://openalex.org/W2744517071
https://openalex.org/W2793291691
https://openalex.org/W2912348794
https://openalex.org/W2965638944
https://openalex.org/W2134581419
https://openalex.org/W2313882044
https://openalex.org/W2433520646
https://openalex.org/W2489830151
https://openalex.org/W2979493543
https://openalex.org/W2995705385
https://openalex.org/W3010649574
https://openalex.org/W3012262623
https://openalex.org/W3014869173
https://openalex.org/W3031342860
https://openalex.org/W3043060271
https://openalex.org/W3049288366
https://openalex.org/W3083897746
https://openalex.org/W3093533526
https://openalex.org/W2785186396
https://openalex.org/W2980438549
https://openalex.org/W3001340496
https://openalex.org/W3029577758
https://openalex.org/W3101902658
https://openalex.org/W3118352316
https://openalex.org/W3122159689
https://openalex.org/W3177413099
https://openalex.org/W3195386939
https://openalex.org/W2465597644
https://openalex.org/W1987355057
https://openalex.org/W2013972239
https://openalex.org/W128377646
https://openalex.org/W2043198882
https://openalex.org/W2144854424
https://openalex.org/W1582045337
https://openalex.org/W1964544370
https://openalex.org/W1966805004
https://openalex.org/W1968523206
https://openalex.org/W1995335758
https://openalex.org/W2037139393
https://openalex.org/W2060898986
https://openalex.org/W194242282
https://openalex.org/W2042317475
https://openalex.org/W2093708991
https://openalex.org/W2583694814
https://openalex.org/W1500888993
https://openalex.org/W1545245178
https://openalex.org/W1984748779
https://openalex.org/W1991313937
https://openalex.org/W2024065980
https://openalex.org/W2074309362
https://openalex.org/W2083864143
https://openalex.org/W2114080207
https://openalex.org/W1970549622
https://openalex.org/W2039943737
https://openalex.org/W1587870059
https://openalex.org/W1966016546
https://openalex.org/W1987566135
https://openalex.org/W2120831223
https://openalex.org/W2149870763
https://openalex.org/W2160902981
https://openalex.org/W2169335880
https://openalex.org/W1985184158
https://openalex.org/W2027569446
https://openalex.org/W2060782326
https://openalex.org/W2135181905
https://openalex.org/W358229303
https://openalex.org/W2029155479
https://openalex.org/W2058443865
https://openalex.org/W2117016381
https://openalex.org/W2234760904
https://openalex.org/W1969776472
https://openalex.org/W1983507884
https://openalex.org/W1991470759
https://openalex.org/W2053891747
https://openalex.org/W2063835835
https://openalex.org/W1963484622
https://openalex.org/W2009879503
https://openalex.org/W2108952045
https://openalex.org/W2137159778
https://openalex.org/W2137331712
https://openalex.org/W2151475449
https://openalex.org/W1963549142
https://openalex.org/W1979184148
https://openalex.org/W2024829805
https://openalex.org/W2071013520
https://openalex.org/W2084455586
https://openalex.org/W2031638679
https://openalex.org/W2051497978
https://openalex.org/W2090908540
https://openalex.org/W2153416298
https://openalex.org/W2317883516
https://openalex.org/W2328933369
https://openalex.org/W2427380702
https://openalex.org/W1709276077
https://openalex.org/W1964875262
https://openalex.org/W1981055016
https://openalex.org/W2001338037
https://openalex.org/W2003322340
https://openalex.org/W2027758333
https://openalex.org/W2087278907
https://openalex.org/W2112863278
https://openalex.org/W2138857902
https://openalex.org/W2550107778
https://openalex.org/W2564747506
https://openalex.org/W2592028168
https://openalex.org/W2595098906
https://openalex.org/W2744833557
https://openalex.org/W2750784377
https://openalex.org/W2788016296
https://openalex.org/W2791898991
https://openalex.org/W2799511739
https://openalex.org/W2814225937
https://openalex.org/W2909465344
https://openalex.org/W2914048035
https://openalex.org/W2921396709
https://openalex.org/W2940100873
https://openalex.org/W2985818327
https://openalex.org/W1972919386
https://openalex.org/W2004595348
https://openalex.org/W2141364022
https://openalex.org/W2279146876
https://openalex.org/W2493223430
https://openalex.org/W2512379675
https://openalex.org/W2563836447
https://openalex.org/W2573927992
https://openalex.org/W2920275874
https://openalex.org/W2934503193
https://openalex.org/W2935951196
https://openalex.org/W2951980106
https://openalex.org/W2952562366
https://openalex.org/W2974662716
https://openalex.org/W3011781268
https://openalex.org/W3022601247
https://openalex.org/W3046047124
https://openalex.org/W3050375013
https://openalex.org/W3084292188
https://openalex.org/W3086043851
https://openalex.org/W3047455386
https://openalex.org/W3162699372
https://openalex.org/W3164948810
https://openalex.org/W3178933886
https://openalex.org/W3183317916
https://openalex.org/W3183779102
https://openalex.org/W3195919022
https://openalex.org/W3204591876
https://openalex.org/W3215005373
https://openalex.org/W3215784261
https://openalex.org/W2054194775
https://openalex.org/W3196812436
https://openalex.org/W3212399589
https://openalex.org/W4213042993
https://openalex.org/W4220854184
https://openalex.org/W4226310316
https://openalex.org/W4293244863
https://openalex.org/W4310494074
https://openalex.org/W4312184730
https://openalex.org/W4309337105
https://openalex.org/W4310209592
https://openalex.org/W4310874947
https://openalex.org/W4312182123
https://openalex.org/W4313830695
https://openalex.org/W4319294404
https://openalex.org/W4319316022
https://openalex.org/W4319318651
https://openalex.org/W4321020317
https://openalex.org/W4321020395
https://openalex.org/W4321020561
https://openalex.org/W4321232166
https://openalex.org/W4321478420
https://openalex.org/W4323348293
https://openalex.org/W4327549829
https://openalex.org/W4360619435
https://openalex.org/W4365513938
https://openalex.org/W4376055851
https://openalex.org/W4379650444
https://openalex.org/W4381894748
https://openalex.org/W4383200144
https://openalex.org/W4384929087
https://openalex.org/W4385326250
https://openalex.org/W4385342501
https://openalex.org/W4385667518
https://openalex.org/W4386430895
https://openalex.org/W4386530715
https://openalex.org/W4386843353
https://openalex.org/W4386846079
https://openalex.org/W4387064484
https://openalex.org/W4387272188
https://openalex.org/W4387526402
https://openalex.org/W4387801604
https://openalex.org/W4387805611
https://openalex.org/W4388020999
https://openalex.org/W4388099862
https://openalex.org/W4388725423
https://openalex.org/W4390339936
https://openalex.org/W4394662535
https://openalex.org/W2005787591
https://openalex.org/W2069557705
https://openalex.org/W2077429507
https://openalex.org/W2157727976
https://openalex.org/W2166332028
https://openalex.org/W1659986547
https://openalex.org/W1969568243
https://openalex.org/W1971616776
https://openalex.org/W2038704133
https://openalex.org/W2045868431
https://openalex.org/W2053559542
https://openalex.org/W2092176796
https://openalex.org/W2116904661
https://openalex.org/W1565468238
https://openalex.org/W1894589054
https://openalex.org/W2063178303
https://openalex.org/W2095174606
https://openalex.org/W2103254084
https://openalex.org/W2115216177
https://openalex.org/W1951881298
https://openalex.org/W1976210545
https://openalex.org/W1977465156
https://openalex.org/W1986863746
https://openalex.org/W2003300273
https://openalex.org/W2017629658
https://openalex.org/W2062612186
https://openalex.org/W1976504631
https://openalex.org/W1993392377
https://openalex.org/W1998792855
https://openalex.org/W2016680046
https://openalex.org/W2045369835
https://openalex.org/W2089387226
https://openalex.org/W2136458092
https://openalex.org/W1935460021
https://openalex.org/W1999188513
https://openalex.org/W2015436053
https://openalex.org/W2051742979
https://openalex.org/W2069404913
https://openalex.org/W2168443404
https://openalex.org/W3004832030
https://openalex.org/W3005082876
https://openalex.org/W2077821734
https://openalex.org/W2082156275
https://openalex.org/W2064616101
https://openalex.org/W1979142784
https://openalex.org/W2041045253
https://openalex.org/W2094473477
https://openalex.org/W2020746140
https://openalex.org/W2020774742
https://openalex.org/W2029334166
https://openalex.org/W2034947205
https://openalex.org/W2092318025
https://openalex.org/W2166527963
https://openalex.org/W2168484095
https://openalex.org/W1499743159
https://openalex.org/W2017353330
https://openalex.org/W2017440416
https://openalex.org/W2029513053
https://openalex.org/W2047740400
https://openalex.org/W2574667329
https://openalex.org/W2008053337
https://openalex.org/W2012611409
https://openalex.org/W2039799633
https://openalex.org/W2065706983
https://openalex.org/W2138643373
https://openalex.org/W2140374320
https://openalex.org/W2318542232
https://openalex.org/W2600076017
https://openalex.org/W2607961717
https://openalex.org/W2757943469
https://openalex.org/W2769906342
https://openalex.org/W2792947853
https://openalex.org/W2801717939
https://openalex.org/W2884507647
https://openalex.org/W2886075617
https://openalex.org/W2899538525
https://openalex.org/W937786
https://openalex.org/W1586680391
https://openalex.org/W2034550904
https://openalex.org/W2108779874
https://openalex.org/W2112499484
https://openalex.org/W2136221542
https://openalex.org/W2252635017
https://openalex.org/W2345644085
https://openalex.org/W2403665716
https://openalex.org/W2612262996
https://openalex.org/W2905979856
https://openalex.org/W2913703687
https://openalex.org/W2915451482
https://openalex.org/W2947890404
https://openalex.org/W2950616592
https://openalex.org/W2991578254
https://openalex.org/W3035305325
https://openalex.org/W4249263765
https://openalex.org/W782204995
https://openalex.org/W2030818252
https://openalex.org/W2052149784
https://openalex.org/W2062854579
https://openalex.org/W2077383514
https://openalex.org/W1563742344
https://openalex.org/W1591328549
https://openalex.org/W1971196335
https://openalex.org/W1979144449
https://openalex.org/W2024106209
https://openalex.org/W2025722801
https://openalex.org/W2042001074
https://openalex.org/W2084625689
https://openalex.org/W2091343473
https://openalex.org/W2145668799
https://openalex.org/W784732863
https://openalex.org/W1547132957
https://openalex.org/W2017059042
https://openalex.org/W2050692804
https://openalex.org/W190117091
https://openalex.org/W2015804103
https://openalex.org/W2027266859
https://openalex.org/W2091875826
https://openalex.org/W2279540186
https://openalex.org/W1506794721
https://openalex.org/W2024728810
https://openalex.org/W2057920064
https://openalex.org/W2114681258
https://openalex.org/W2409705639
https://openalex.org/W2441003423
https://openalex.org/W4210953352
https://openalex.org/W1976359256
https://openalex.org/W2014445594
https://openalex.org/W2100647019
https://openalex.org/W2157568468
https://openalex.org/W2011172315
https://openalex.org/W2027018899
https://openalex.org/W2034486610
https://openalex.org/W2055187697
https://openalex.org/W2080815075
https://openalex.org/W1969807944
https://openalex.org/W1997941711
https://openalex.org/W2026148594
https://openalex.org/W2030794822
https://openalex.org/W2051955163
https://openalex.org/W2091421370
https://openalex.org/W2950322047
https://openalex.org/W1972396569
https://openalex.org/W2018437907
https://openalex.org/W2078671678
https://openalex.org/W2084192382
https://openalex.org/W2105705974
https://openalex.org/W2573177462
https://openalex.org/W1974140417
https://openalex.org/W2064091613
https://openalex.org/W2171272052
https://openalex.org/W108618165
https://openalex.org/W1573593763
https://openalex.org/W1975611203
https://openalex.org/W1979642616
https://openalex.org/W1982134663
https://openalex.org/W1988640442
https://openalex.org/W2062531457
https://openalex.org/W2068473476
https://openalex.org/W2070131797
https://openalex.org/W2070943469
https://openalex.org/W2081355545
https://openalex.org/W2156921447
https://openalex.org/W2171661311
https://openalex.org/W2789169282
https://openalex.org/W2789607821
https://openalex.org/W2889837693
https://openalex.org/W1974159029
https://openalex.org/W2127901005
https://openalex.org/W2144848366
https://openalex.org/W2147019714
https://openalex.org/W2253766407
https://openalex.org/W2264069261
https://openalex.org/W2398207271
https://openalex.org/W2460760680
https://openalex.org/W2544474854
https://openalex.org/W2549930403
https://openalex.org/W2550077127
https://openalex.org/W2569884282
https://openalex.org/W2576390257
https://openalex.org/W2580641688
https://openalex.org/W2591208102
https://openalex.org/W2617648273
https://openalex.org/W2696468741
https://openalex.org/W2766805981
https://openalex.org/W2767062157
https://openalex.org/W2943522424
https://openalex.org/W2966682225
https://openalex.org/W2979708312
https://openalex.org/W2998922397
https://openalex.org/W3083635650
https://openalex.org/W3084008450
https://openalex.org/W3087886660
https://openalex.org/W3094197306
https://openalex.org/W3094514679
https://openalex.org/W3112225860
https://openalex.org/W4234764004
https://openalex.org/W2095313223
https://openalex.org/W2335483639
https://openalex.org/W2483857481
https://openalex.org/W2511510371
https://openalex.org/W2515308653
https://openalex.org/W2596322534
https://openalex.org/W3084186802
https://openalex.org/W3135720555
https://openalex.org/W3154775246
https://openalex.org/W3191833154
https://openalex.org/W3200893053
https://openalex.org/W3208691206
https://openalex.org/W3208968220
https://openalex.org/W2018174570
https://openalex.org/W2027300144
https://openalex.org/W2069963946
https://openalex.org/W2091326485
https://openalex.org/W2100984589
https://openalex.org/W2110320679
https://openalex.org/W2971896097
https://openalex.org/W190166680
https://openalex.org/W1969464593
https://openalex.org/W1980797564
https://openalex.org/W1983325408
https://openalex.org/W2008064817
https://openalex.org/W2033845172
https://openalex.org/W2049278551
https://openalex.org/W2057935835
https://openalex.org/W2082884446
https://openalex.org/W2109318404
https://openalex.org/W219209952
https://openalex.org/W2592949567
https://openalex.org/W4252560077
https://openalex.org/W1602031891
https://openalex.org/W2048388173
https://openalex.org/W2088715855
https://openalex.org/W2328758809
https://openalex.org/W1989235551
https://openalex.org/W2000458943
https://openalex.org/W2030473546
https://openalex.org/W2040406654
https://openalex.org/W2050091713
https://openalex.org/W2054606657
https://openalex.org/W2057760593
https://openalex.org/W2079468366
https://openalex.org/W2227949904
https://openalex.org/W2330102421
https://openalex.org/W2409856275
https://openalex.org/W2585755160
https://openalex.org/W1505815636
https://openalex.org/W1974113365
https://openalex.org/W2076270033
https://openalex.org/W1575849879
https://openalex.org/W1989215262
https://openalex.org/W2016777997
https://openalex.org/W2017759371
https://openalex.org/W2053876011
https://openalex.org/W2069346962
https://openalex.org/W2484675823
https://openalex.org/W172580902
https://openalex.org/W2038379857
https://openalex.org/W2101434976
https://openalex.org/W2106814990
https://openalex.org/W2144402631
https://openalex.org/W2395050772
https://openalex.org/W2099845834
https://openalex.org/W2000804331
https://openalex.org/W2069613640
https://openalex.org/W2107510809
https://openalex.org/W132810335
https://openalex.org/W2020115918
https://openalex.org/W2032263052
https://openalex.org/W2033531520
https://openalex.org/W2068341462
https://openalex.org/W2092236395
https://openalex.org/W2115170613
https://openalex.org/W2139510504
https://openalex.org/W2148049608
https://openalex.org/W2148831827
https://openalex.org/W2485684886
https://openalex.org/W2803622750
https://openalex.org/W2808954123
https://openalex.org/W1198121382
https://openalex.org/W1533954129
https://openalex.org/W1627379963
https://openalex.org/W1971115482
https://openalex.org/W1986081741
https://openalex.org/W2038535519
https://openalex.org/W2038867526
https://openalex.org/W2064993063
https://openalex.org/W2088734618
https://openalex.org/W2126272337
https://openalex.org/W2151129353
https://openalex.org/W2167363326
https://openalex.org/W2569658334
https://openalex.org/W2592056997
https://openalex.org/W2624861490
https://openalex.org/W2733499241
https://openalex.org/W2766740292
https://openalex.org/W2771547736
https://openalex.org/W2912589003
https://openalex.org/W2943092825
https://openalex.org/W2945295287
https://openalex.org/W2951314829
https://openalex.org/W2979916844
https://openalex.org/W2980605504
https://openalex.org/W2989284745
https://openalex.org/W2990912278
https://openalex.org/W3012024010
https://openalex.org/W3021762977
https://openalex.org/W3022889250
https://openalex.org/W3034175496
https://openalex.org/W3038536608
https://openalex.org/W3042183242
https://openalex.org/W3046041701
https://openalex.org/W4251478418
https://openalex.org/W4253313149
https://openalex.org/W630139203
https://openalex.org/W2327733386
https://openalex.org/W3121006523
https://openalex.org/W3128179319
https://openalex.org/W3137404089
https://openalex.org/W3171932501
https://openalex.org/W3173476048
https://openalex.org/W3182324314
https://openalex.org/W3187343229
https://openalex.org/W3193893096
https://openalex.org/W3202319610
https://openalex.org/W3216616822
https://openalex.org/W4200365003
https://openalex.org/W4205467417
https://openalex.org/W4206732641
https://openalex.org/W4210397176
https://openalex.org/W4213392904
https://openalex.org/W4213415769
https://openalex.org/W4283517447
https://openalex.org/W4285388649
https://openalex.org/W4285732872
https://openalex.org/W4287092926
https://openalex.org/W4302008947
https://openalex.org/W4306832294
https://openalex.org/W4308061336
https://openalex.org/W4309918293
https://openalex.org/W4312432938
https://openalex.org/W1510218059
https://openalex.org/W1761185116
https://openalex.org/W1888162875
https://openalex.org/W2008358483
https://openalex.org/W2036111988
https://openalex.org/W2094555137
https://openalex.org/W1968463798
https://openalex.org/W2021218939
https://openalex.org/W2068053867
https://openalex.org/W2072157882
https://openalex.org/W2136091330
https://openalex.org/W1999961357
https://openalex.org/W2080008032
https://openalex.org/W2116999915
https://openalex.org/W2153862187
https://openalex.org/W3022838698
https://openalex.org/W183437231
https://openalex.org/W1984247411
https://openalex.org/W2090553315
https://openalex.org/W1967684197
https://openalex.org/W2053832070
https://openalex.org/W2151321452
https://openalex.org/W2949703645
https://openalex.org/W2033331888
https://openalex.org/W2036792112
https://openalex.org/W2074403467
https://openalex.org/W2074863239
https://openalex.org/W2131443434
https://openalex.org/W1996873632
https://openalex.org/W2057885253
https://openalex.org/W2148203157
https://openalex.org/W3026566041
https://openalex.org/W2120171518
https://openalex.org/W1987413081
https://openalex.org/W2027590889
https://openalex.org/W2047424275
https://openalex.org/W2078125202
https://openalex.org/W2182134076
https://openalex.org/W1989188319
https://openalex.org/W2017248502
https://openalex.org/W2070131336
https://openalex.org/W2079537999
https://openalex.org/W2786475607
https://openalex.org/W2790649931
https://openalex.org/W2803527857
https://openalex.org/W2812555731
https://openalex.org/W350020169
https://openalex.org/W1493209617
https://openalex.org/W1833567881
https://openalex.org/W1917761011
https://openalex.org/W2002176252
https://openalex.org/W2011365377
https://openalex.org/W2013687019
https://openalex.org/W2016513370
https://openalex.org/W2034742870
https://openalex.org/W2037032775
https://openalex.org/W2064055236
https://openalex.org/W2066937672
https://openalex.org/W2071535732
https://openalex.org/W2072171031
https://openalex.org/W2078311922
https://openalex.org/W2091721873
https://openalex.org/W2129167576
https://openalex.org/W2129322441
https://openalex.org/W2134274453
https://openalex.org/W2153681747
https://openalex.org/W2283869031
https://openalex.org/W2332827178
https://openalex.org/W2333944248
https://openalex.org/W2519836924
https://openalex.org/W2530952718
https://openalex.org/W2587480186
https://openalex.org/W2587924079
https://openalex.org/W2755291899
https://openalex.org/W2759147974
https://openalex.org/W2766263905
https://openalex.org/W2792829729
https://openalex.org/W2999259498
https://openalex.org/W3000300777
https://openalex.org/W3019412521
https://openalex.org/W3036017838
https://openalex.org/W3042836795
https://openalex.org/W3046556423
https://openalex.org/W3048482972
https://openalex.org/W3054462075
https://openalex.org/W3088431649
https://openalex.org/W4205976291
https://openalex.org/W2123608001
https://openalex.org/W1575355051
https://openalex.org/W1753743582
https://openalex.org/W1997947688
https://openalex.org/W2040367307
https://openalex.org/W2045338689
https://openalex.org/W2074854877
https://openalex.org/W2095298309
https://openalex.org/W2322953577
https://openalex.org/W1980979564
https://openalex.org/W1997919366
https://openalex.org/W2082458188
https://openalex.org/W1989332291
https://openalex.org/W1991749431
https://openalex.org/W2013793408
https://openalex.org/W2043463690
https://openalex.org/W2079150399
https://openalex.org/W2090571555
https://openalex.org/W46075052
https://openalex.org/W1542709504
https://openalex.org/W1607691195
https://openalex.org/W2023544471
https://openalex.org/W2312567768
https://openalex.org/W1972936100
https://openalex.org/W1991111777
https://openalex.org/W2064717034
https://openalex.org/W2074591791
https://openalex.org/W2095231583
https://openalex.org/W2977409210
https://openalex.org/W2031589372
https://openalex.org/W2093832421
https://openalex.org/W2105206164
https://openalex.org/W2164996757
https://openalex.org/W2165421860
https://openalex.org/W1988811892
https://openalex.org/W2005872941
https://openalex.org/W2006700086
https://openalex.org/W2068282978
https://openalex.org/W2081216038
https://openalex.org/W2085899029
https://openalex.org/W2018352828
https://openalex.org/W2048583068
https://openalex.org/W2142678964
https://openalex.org/W2161090657
https://openalex.org/W2170351423
https://openalex.org/W1967130275
https://openalex.org/W1972891321
https://openalex.org/W1988376366
https://openalex.org/W1998485484
https://openalex.org/W2055490054
https://openalex.org/W2065347218
https://openalex.org/W2104392003
https://openalex.org/W2408088908
https://openalex.org/W2469285138
https://openalex.org/W2588888466
https://openalex.org/W2799783178
https://openalex.org/W2802757531
https://openalex.org/W2805147278
https://openalex.org/W2888688709
https://openalex.org/W2907367845
https://openalex.org/W2943334758
https://openalex.org/W2944305674
https://openalex.org/W2945378405
https://openalex.org/W2964229644
https://openalex.org/W2968419937
https://openalex.org/W2973074632
https://openalex.org/W2986959867
https://openalex.org/W2990915111
https://openalex.org/W3028128230
https://openalex.org/W4214641936
https://openalex.org/W1783494282
https://openalex.org/W1958858096
https://openalex.org/W1986240904
https://openalex.org/W2048726116
https://openalex.org/W2131955620
https://openalex.org/W2278255446
https://openalex.org/W2293529118
https://openalex.org/W2316933671
https://openalex.org/W2365835229
https://openalex.org/W2404316433
https://openalex.org/W2554207773
https://openalex.org/W2584325013
https://openalex.org/W3097839163
https://openalex.org/W3136266385
https://openalex.org/W3153435063
https://openalex.org/W3154282219
https://openalex.org/W3161303704
https://openalex.org/W3177226108
https://openalex.org/W3189100249
https://openalex.org/W3192855282
https://openalex.org/W3201826211
https://openalex.org/W3202833766
https://openalex.org/W3202863573
https://openalex.org/W1968035007
https://openalex.org/W2005725618
https://openalex.org/W2010285563
https://openalex.org/W2014535157
https://openalex.org/W2076426204
https://openalex.org/W2094942016
https://openalex.org/W2102587068
https://openalex.org/W2113169448
https://openalex.org/W2123067936
https://openalex.org/W2123125869
https://openalex.org/W2138799854
https://openalex.org/W1628579658
https://openalex.org/W1972449968
https://openalex.org/W1996187010
https://openalex.org/W2015870147
https://openalex.org/W2019922084
https://openalex.org/W2038857283
https://openalex.org/W2041235614
https://openalex.org/W2210483375
https://openalex.org/W2004972535
https://openalex.org/W2035125819
https://openalex.org/W2054349298
https://openalex.org/W2088616766
https://openalex.org/W2089695834
https://openalex.org/W2395178239
https://openalex.org/W2402179570
https://openalex.org/W2434271195
https://openalex.org/W2150459295
https://openalex.org/W2060305104
https://openalex.org/W2094638996
https://openalex.org/W1994904407
https://openalex.org/W2035052651
https://openalex.org/W2043749799
https://openalex.org/W2076318059
https://openalex.org/W2105670793
https://openalex.org/W2121408991
https://openalex.org/W2014264831
https://openalex.org/W2092674522
https://openalex.org/W2095842517
https://openalex.org/W1965497361
https://openalex.org/W2043780864
https://openalex.org/W2093056201
https://openalex.org/W2157839001
https://openalex.org/W2315140942
https://openalex.org/W2539821348
https://openalex.org/W1489539711
https://openalex.org/W153511290
https://openalex.org/W1982318075
https://openalex.org/W2005090214
https://openalex.org/W2028361749
https://openalex.org/W2052570691
https://openalex.org/W2061483625
https://openalex.org/W2082370862
https://openalex.org/W2140003515
https://openalex.org/W2147442172
https://openalex.org/W2155011470
https://openalex.org/W2169774490
https://openalex.org/W2272191201
https://openalex.org/W2312939093
https://openalex.org/W2320962317
https://openalex.org/W2565821785
https://openalex.org/W2604842677
https://openalex.org/W2765267203
https://openalex.org/W2775105524
https://openalex.org/W2793055332
https://openalex.org/W2909945213
https://openalex.org/W2921010283
https://openalex.org/W2987092020
https://openalex.org/W2989822924
https://openalex.org/W2991525828
https://openalex.org/W2998547009
https://openalex.org/W2999041733
https://openalex.org/W2999870109
https://openalex.org/W3010832647
https://openalex.org/W3017382823
https://openalex.org/W3083699831
https://openalex.org/W1908135252
https://openalex.org/W1972602585
https://openalex.org/W2013426375
https://openalex.org/W2103993355
https://openalex.org/W2232334094
https://openalex.org/W2244266407
https://openalex.org/W2262293269
https://openalex.org/W2315185562
https://openalex.org/W2331213414
https://openalex.org/W2332708999
https://openalex.org/W2418089376
https://openalex.org/W2531319731
https://openalex.org/W3170367317
https://openalex.org/W4254575862
https://openalex.org/W864305593
https://openalex.org/W3200367092
https://openalex.org/W4206500909
https://openalex.org/W4213373625
https://openalex.org/W4213380624
https://openalex.org/W4221005376
https://openalex.org/W4224324814
https://openalex.org/W4226372803
https://openalex.org/W4282584233
https://openalex.org/W4283080875
https://openalex.org/W4285592484
https://openalex.org/W4294739173
https://openalex.org/W4294975234
https://openalex.org/W4296176921
https://openalex.org/W4297093407
https://openalex.org/W4298087275
https://openalex.org/W4306938357
https://openalex.org/W1547174373
https://openalex.org/W2079087760
https://openalex.org/W2471692841
https://openalex.org/W3098507699
https://openalex.org/W1904510508
https://openalex.org/W1995708733
https://openalex.org/W2026493059
https://openalex.org/W2049334940
https://openalex.org/W2094435863
https://openalex.org/W2141992865
https://openalex.org/W2299557298
https://openalex.org/W2336657845
https://openalex.org/W2410610314
https://openalex.org/W1980428394
https://openalex.org/W2132557755
https://openalex.org/W2161939588
https://openalex.org/W2344033125
https://openalex.org/W1994558889
https://openalex.org/W2062945694
https://openalex.org/W2137620791
https://openalex.org/W2405353606
https://openalex.org/W1998377017
https://openalex.org/W2040752008
https://openalex.org/W2100514976
https://openalex.org/W6446306
https://openalex.org/W1979699078
https://openalex.org/W1985715772
https://openalex.org/W2044468111
https://openalex.org/W2047903955
https://openalex.org/W139894777
https://openalex.org/W1999676872
https://openalex.org/W2001564631
https://openalex.org/W2002629101
https://openalex.org/W2013913646
https://openalex.org/W1492055308
https://openalex.org/W1527772572
https://openalex.org/W155602238
https://openalex.org/W1596686466
https://openalex.org/W16376851
https://openalex.org/W1963899618
https://openalex.org/W2009312910
https://openalex.org/W2021157132
https://openalex.org/W2059861713
https://openalex.org/W2066800318
https://openalex.org/W2103153344
https://openalex.org/W2112560144
https://openalex.org/W2125587501
https://openalex.org/W2159292719
https://openalex.org/W2166490816
https://openalex.org/W2799068377
https://openalex.org/W4255162833
https://openalex.org/W4293238353
https://openalex.org/W2056999706
https://openalex.org/W1907537801
https://openalex.org/W2046266143
https://openalex.org/W2058447608
https://openalex.org/W2058856984
https://openalex.org/W2087428430
https://openalex.org/W3123573739
https://openalex.org/W128645017
https://openalex.org/W2034632579
https://openalex.org/W2043092139
https://openalex.org/W2059003981
https://openalex.org/W2080125889
https://openalex.org/W4236139829
https://openalex.org/W1981072571
https://openalex.org/W2165372290
https://openalex.org/W1976857138
https://openalex.org/W2029244734
https://openalex.org/W2042186999
https://openalex.org/W2055489100
https://openalex.org/W2295673173
https://openalex.org/W4234971928
https://openalex.org/W4240429183
https://openalex.org/W4243492577
https://openalex.org/W2007346182
https://openalex.org/W2019227125
https://openalex.org/W2071353084
https://openalex.org/W1593633163
https://openalex.org/W171730062
https://openalex.org/W1969822193
https://openalex.org/W1989817739
https://openalex.org/W2060439692
https://openalex.org/W2092299137
https://openalex.org/W2092724028
https://openalex.org/W2129359448
https://openalex.org/W2162125288
https://openalex.org/W2162980890
https://openalex.org/W2553197252
https://openalex.org/W2601164449
https://openalex.org/W2738957858
https://openalex.org/W2806946257
https://openalex.org/W2887773669
https://openalex.org/W2900063775
https://openalex.org/W2909589047
https://openalex.org/W2913848023
https://openalex.org/W2923606839
https://openalex.org/W2943744307
https://openalex.org/W2945410996
https://openalex.org/W2953512168
https://openalex.org/W2960935579
https://openalex.org/W2967979219
https://openalex.org/W2968200825
https://openalex.org/W2977591440
https://openalex.org/W2979524899
https://openalex.org/W2984897910
https://openalex.org/W2995467832
https://openalex.org/W3011253679
https://openalex.org/W3025925855
https://openalex.org/W3081609145
https://openalex.org/W3085412385
https://openalex.org/W3092402940
https://openalex.org/W3092838460
https://openalex.org/W3093643362
https://openalex.org/W3095375429
https://openalex.org/W3108531009
https://openalex.org/W3127990159
https://openalex.org/W3132356972
https://openalex.org/W3132625461
https://openalex.org/W3137608911
https://openalex.org/W3148661133
https://openalex.org/W3162334001
https://openalex.org/W3164122002
https://openalex.org/W3181911456
https://openalex.org/W3198392882
https://openalex.org/W3199122729
https://openalex.org/W3200992101
https://openalex.org/W3207072718
https://openalex.org/W3213572187
https://openalex.org/W4200148531
https://openalex.org/W4207044168
https://openalex.org/W2001157299
https://openalex.org/W2277692640
https://openalex.org/W2288949115
https://openalex.org/W2309658189
https://openalex.org/W2327952105
https://openalex.org/W2328619960
https://openalex.org/W2472987185
https://openalex.org/W2482073373
https://openalex.org/W2490408857
https://openalex.org/W2500880453
https://openalex.org/W2528285181
https://openalex.org/W1984808571
https://openalex.org/W2040811254
https://openalex.org/W2070935964
https://openalex.org/W2090568623
https://openalex.org/W2275376451
https://openalex.org/W2579543224
https://openalex.org/W2595640931
https://openalex.org/W4212886440
https://openalex.org/W1970999449
https://openalex.org/W2049139539
https://openalex.org/W225315693
https://openalex.org/W2410843650
https://openalex.org/W1968524660
https://openalex.org/W2016517932
https://openalex.org/W2073756454
https://openalex.org/W2088698778
https://openalex.org/W2128616472
https://openalex.org/W1590609921
https://openalex.org/W2013234252
https://openalex.org/W2105975549
https://openalex.org/W2106854493
https://openalex.org/W2589455719
https://openalex.org/W2614490114
https://openalex.org/W2943857935
https://openalex.org/W1487301045
https://openalex.org/W2028151072
https://openalex.org/W2080322970
https://openalex.org/W2082052650
https://openalex.org/W2134986046
https://openalex.org/W2331972276
https://openalex.org/W2374635890
https://openalex.org/W403737193
https://openalex.org/W1514319082
https://openalex.org/W1517536472
https://openalex.org/W1904379224
https://openalex.org/W1952725464
https://openalex.org/W1973224660
https://openalex.org/W1986583998
https://openalex.org/W1997049198
https://openalex.org/W2000261890
https://openalex.org/W2007377904
https://openalex.org/W2015559841
https://openalex.org/W2016443171
https://openalex.org/W2019677209
https://openalex.org/W2041550870
https://openalex.org/W2069952525
https://openalex.org/W2082811499
https://openalex.org/W2089201849
https://openalex.org/W2135261464
https://openalex.org/W2136256670
https://openalex.org/W2149870381
https://openalex.org/W2185185143
https://openalex.org/W2212285614
https://openalex.org/W2213726718
https://openalex.org/W2312424967
https://openalex.org/W2312631808
https://openalex.org/W2313085904
https://openalex.org/W2324881841
https://openalex.org/W2326435077
https://openalex.org/W2335389381
https://openalex.org/W2356444299
https://openalex.org/W2409661445
https://openalex.org/W2467409935
https://openalex.org/W2545349703
https://openalex.org/W2737583475
https://openalex.org/W2914052201
https://openalex.org/W4246678668
https://openalex.org/W4288779874
https://openalex.org/W4311360674
https://openalex.org/W4312159852
https://openalex.org/W4312221118
https://openalex.org/W4315707054
https://openalex.org/W4315778061
https://openalex.org/W4317910229
https://openalex.org/W4318016236
https://openalex.org/W4318038315
https://openalex.org/W4318938581
https://openalex.org/W4319865454
https://openalex.org/W4321020392
https://openalex.org/W4321232439
https://openalex.org/W4321434410
https://openalex.org/W4323048770
https://openalex.org/W4327937611
https://openalex.org/W4328030445
https://openalex.org/W4361240439
https://openalex.org/W4361240611
https://openalex.org/W4361241838
https://openalex.org/W4361821840
https://openalex.org/W4361826135
https://openalex.org/W4361826137
https://openalex.org/W4361826269
https://openalex.org/W4361954738
https://openalex.org/W4362414368
https://openalex.org/W4362414406
https://openalex.org/W4362414431
https://openalex.org/W4362414434
https://openalex.org/W4362414469
https://openalex.org/W4362548965
https://openalex.org/W4362698582
https://openalex.org/W4366136645
https://openalex.org/W4366997601
https://openalex.org/W4367049887
https://openalex.org/W4367050100
https://openalex.org/W4367663384
https://openalex.org/W4372271682
https://openalex.org/W4377000535
https://openalex.org/W4377020520
https://openalex.org/W4377200950
https://openalex.org/W4380871832
https://openalex.org/W4381094036
https://openalex.org/W4381435409
https://openalex.org/W4382240925
https://openalex.org/W4382703468
https://openalex.org/W4382996045
https://openalex.org/W4383911557
https://openalex.org/W4384817758
https://openalex.org/W4384834104
https://openalex.org/W4385302079
https://openalex.org/W4385308827
https://openalex.org/W4385329374
https://openalex.org/W4385359773
https://openalex.org/W4385367118
https://openalex.org/W4385457285
https://openalex.org/W4385952982
https://openalex.org/W4386066942
https://openalex.org/W4386135510
https://openalex.org/W4386153251
https://openalex.org/W4386160634
https://openalex.org/W4386209434
https://openalex.org/W4386278682
https://openalex.org/W4386374359
https://openalex.org/W4386383817
https://openalex.org/W4386453692
https://openalex.org/W4386476691
https://openalex.org/W4386641655
https://openalex.org/W4386854126
https://openalex.org/W4386884909
https://openalex.org/W4387056732
https://openalex.org/W4387061891
https://openalex.org/W4387098002
https://openalex.org/W4387124091
https://openalex.org/W4387241337
https://openalex.org/W4387361524
https://openalex.org/W4387368260
https://openalex.org/W4387451249
https://openalex.org/W4387477343
https://openalex.org/W4387705389
https://openalex.org/W4387718471
https://openalex.org/W4387741640
https://openalex.org/W4387741863
https://openalex.org/W4387763627
https://openalex.org/W4387770907
https://openalex.org/W4387986717
https://openalex.org/W4388127760
https://openalex.org/W4388196612
https://openalex.org/W4388208025
https://openalex.org/W4388596236
https://openalex.org/W4388622566
https://openalex.org/W4388646985
https://openalex.org/W4388682036
https://openalex.org/W4388698119
https://openalex.org/W4388781074
https://openalex.org/W4388871327
https://openalex.org/W4389086570
https://openalex.org/W4389170312
https://openalex.org/W4389280796
https://openalex.org/W4389370838
https://openalex.org/W4389440421
https://openalex.org/W4389482748
https://openalex.org/W4389542581
https://openalex.org/W4389576976
https://openalex.org/W4389767670
https://openalex.org/W4389787556
https://openalex.org/W4389868818
https://openalex.org/W4390012403
https://openalex.org/W4390099809
https://openalex.org/W4390112143
https://openalex.org/W4390144082
https://openalex.org/W4390347933
https://openalex.org/W4390404011
https://openalex.org/W4390408920
https://openalex.org/W4390481156
https://openalex.org/W4390485882
https://openalex.org/W4391186405
https://openalex.org/W4391186506
https://openalex.org/W4391186529
https://openalex.org/W4391187220
https://openalex.org/W4391189670
https://openalex.org/W4391189716
https://openalex.org/W4391189728
https://openalex.org/W4391189858
https://openalex.org/W4391189909
https://openalex.org/W4391306726
https://openalex.org/W4392692077
https://openalex.org/W4394243308
https://openalex.org/W4394411036
https://openalex.org/W1859995063
https://openalex.org/W1977491670
https://openalex.org/W1979234489
https://openalex.org/W2024283557
https://openalex.org/W2028143031
https://openalex.org/W2072922777
https://openalex.org/W2091930100
https://openalex.org/W4242004504
https://openalex.org/W4242230425
https://openalex.org/W67996886
https://openalex.org/W115700121
https://openalex.org/W143226707
https://openalex.org/W1533484029
https://openalex.org/W1981125939
https://openalex.org/W2026825016
https://openalex.org/W2066353164
https://openalex.org/W2090289215
https://openalex.org/W2502593007
https://openalex.org/W397520799
https://openalex.org/W1977045147
https://openalex.org/W2079619216
https://openalex.org/W2496363542
https://openalex.org/W3049438561
https://openalex.org/W2082413841
https://openalex.org/W2111165385
https://openalex.org/W2113155777
https://openalex.org/W285277862
https://openalex.org/W1567949512
https://openalex.org/W2025437078
https://openalex.org/W2089226973
https://openalex.org/W2091730700
https://openalex.org/W2416773611
https://openalex.org/W2597446802
https://openalex.org/W2724255501
https://openalex.org/W2758536584
https://openalex.org/W2766655964
https://openalex.org/W2768963909
https://openalex.org/W1741311572
https://openalex.org/W1799397438
https://openalex.org/W1894810936
https://openalex.org/W2003117641
https://openalex.org/W2081135430
https://openalex.org/W2090179328
https://openalex.org/W2014742320
https://openalex.org/W2103727948
https://openalex.org/W2125164515
https://openalex.org/W2142603244
https://openalex.org/W1490705350
https://openalex.org/W1513148233
https://openalex.org/W1981525554
https://openalex.org/W1999624567
https://openalex.org/W2041974904
https://openalex.org/W2098376501
https://openalex.org/W2121095888
https://openalex.org/W2139849757
https://openalex.org/W2171805085
https://openalex.org/W2546665174
https://openalex.org/W2800062388
https://openalex.org/W2803950025
https://openalex.org/W2810042034
https://openalex.org/W2811367948
https://openalex.org/W2858383724
https://openalex.org/W2889159312
https://openalex.org/W2890110388
https://openalex.org/W2900179742
https://openalex.org/W2911633719
https://openalex.org/W2912542450
https://openalex.org/W2922349869
https://openalex.org/W2942807621
https://openalex.org/W2942891498
https://openalex.org/W2944837910
https://openalex.org/W2966251147
https://openalex.org/W2980087591
https://openalex.org/W3000636413
https://openalex.org/W3015649195
https://openalex.org/W3042360849
https://openalex.org/W3044450793
https://openalex.org/W3045491415
https://openalex.org/W3046690222
https://openalex.org/W3080405462
https://openalex.org/W3080863915
https://openalex.org/W3088528565
https://openalex.org/W3112293019
https://openalex.org/W3112959631
https://openalex.org/W3119642080
https://openalex.org/W3120918787
https://openalex.org/W3151430763
https://openalex.org/W3157393014
https://openalex.org/W3191241287
https://openalex.org/W3191900665
https://openalex.org/W3192359712
https://openalex.org/W3202509148
https://openalex.org/W3205022878
https://openalex.org/W3205074604
https://openalex.org/W3209926967
https://openalex.org/W3215227968
https://openalex.org/W3217229482
https://openalex.org/W4200270146
https://openalex.org/W4235416555
https://openalex.org/W2436134638
https://openalex.org/W2508464698
https://openalex.org/W2517239081
https://openalex.org/W2517949789
https://openalex.org/W2528239513
https://openalex.org/W2547220767
https://openalex.org/W2567053728
https://openalex.org/W2586033149
https://openalex.org/W2625929152
https://openalex.org/W2626251037
https://openalex.org/W2761478054
https://openalex.org/W2763981415
https://openalex.org/W2782000079
https://openalex.org/W4205274744
https://openalex.org/W4210322652
https://openalex.org/W4220856399
https://openalex.org/W4220947616
https://openalex.org/W4221009745
https://openalex.org/W4223488651
https://openalex.org/W4224272654
https://openalex.org/W4234726013
https://openalex.org/W4283654743
https://openalex.org/W4285590821
https://openalex.org/W4285604249
https://openalex.org/W4289348304
https://openalex.org/W4293562740
https://openalex.org/W4293677621
https://openalex.org/W4294069477
https://openalex.org/W4297243446
https://openalex.org/W4304184135
https://openalex.org/W4312324050
https://openalex.org/W4312740065
https://openalex.org/W4360785697
https://openalex.org/W4393490515
https://openalex.org/W749783349
https://openalex.org/W2334953170
https://openalex.org/W2395492648
https://openalex.org/W4229862734
https://openalex.org/W148038715
https://openalex.org/W1979314045
https://openalex.org/W1984977000
https://openalex.org/W2002401675
https://openalex.org/W2031334099
https://openalex.org/W2053089902
https://openalex.org/W2054245525
https://openalex.org/W2065904603
https://openalex.org/W2121543577
https://openalex.org/W2123211331
https://openalex.org/W2338242896
https://openalex.org/W2395003451
https://openalex.org/W2479578495
https://openalex.org/W2900728208
https://openalex.org/W4230741563
https://openalex.org/W2000870419
https://openalex.org/W2050076379
https://openalex.org/W2077870254
https://openalex.org/W2583893928
https://openalex.org/W4248808004
https://openalex.org/W2025339226
https://openalex.org/W2029633041
https://openalex.org/W2197089827
https://openalex.org/W2154500994
https://openalex.org/W2214408283
https://openalex.org/W2375583330
https://openalex.org/W2404284260
https://openalex.org/W2661165766
https://openalex.org/W111039102
https://openalex.org/W1526647223
https://openalex.org/W1590922035
https://openalex.org/W1607790038
https://openalex.org/W1608003865
https://openalex.org/W1617138054
https://openalex.org/W1977066443
https://openalex.org/W1984181412
https://openalex.org/W1985752126
https://openalex.org/W2000242631
https://openalex.org/W2008885346
https://openalex.org/W2024072078
https://openalex.org/W2025908697
https://openalex.org/W2030382459
https://openalex.org/W2056927146
https://openalex.org/W2060166593
https://openalex.org/W2061624403
https://openalex.org/W2063884336
https://openalex.org/W2068658790
https://openalex.org/W2076593572
https://openalex.org/W2089173656
https://openalex.org/W2121041343
https://openalex.org/W2161367292
https://openalex.org/W2257177865
https://openalex.org/W2284851362
https://openalex.org/W2293090882
https://openalex.org/W2294030712
https://openalex.org/W2294145597
https://openalex.org/W2312506298
https://openalex.org/W2319613018
https://openalex.org/W2326191156
https://openalex.org/W2330457005
https://openalex.org/W2334657040
https://openalex.org/W2335388195
https://openalex.org/W2366381948
https://openalex.org/W2372049650
https://openalex.org/W2403333626
https://openalex.org/W2410861200
https://openalex.org/W2416557519
https://openalex.org/W2470427035
https://openalex.org/W2494984367
https://openalex.org/W2514881273
https://openalex.org/W2536541375
https://openalex.org/W2606766589
https://openalex.org/W2727816829
https://openalex.org/W2739362004
https://openalex.org/W3047817402
https://openalex.org/W4213161391
https://openalex.org/W4298150174
https://openalex.org/W4309848169
https://openalex.org/W84766771
https://openalex.org/W2014433899
https://openalex.org/W2074287447
https://openalex.org/W2080681365
https://openalex.org/W2082955627
https://openalex.org/W2142763017
https://openalex.org/W2216476751
https://openalex.org/W2301981038
https://openalex.org/W2415168324
https://openalex.org/W4246786716
https://openalex.org/W2074012491
https://openalex.org/W2080991436
https://openalex.org/W2430453148
https://openalex.org/W2015766359
https://openalex.org/W2504478284
https://openalex.org/W2528629183
https://openalex.org/W4238141264
https://openalex.org/W1571925316
https://openalex.org/W1974597450
https://openalex.org/W2043848734
https://openalex.org/W2074054691
https://openalex.org/W2244484806
https://openalex.org/W2419095542
https://openalex.org/W2724424731
https://openalex.org/W4205796142
https://openalex.org/W4233414504
https://openalex.org/W1546051856
https://openalex.org/W1973869913
https://openalex.org/W1975368318
https://openalex.org/W1977823249
https://openalex.org/W1993887899
https://openalex.org/W2025118301
https://openalex.org/W2050913229
https://openalex.org/W2071696324
https://openalex.org/W2077942412
https://openalex.org/W2144956221
https://openalex.org/W2330326344
https://openalex.org/W2371950442
https://openalex.org/W2542830803
https://openalex.org/W2575719030
https://openalex.org/W2582217089
https://openalex.org/W2605190932
https://openalex.org/W2605713392
https://openalex.org/W2610870068
https://openalex.org/W2614333078
https://openalex.org/W2621013816
https://openalex.org/W2621193107
https://openalex.org/W2741161882
https://openalex.org/W2753043143
https://openalex.org/W2758416093
https://openalex.org/W2765420605
https://openalex.org/W2766038467
https://openalex.org/W2766777616
https://openalex.org/W2768028873
https://openalex.org/W2768733543
https://openalex.org/W2768985908
https://openalex.org/W2770685478
https://openalex.org/W2775468555
https://openalex.org/W2782176390
https://openalex.org/W3044737849
https://openalex.org/W4230814525
https://openalex.org/W4235045469
https://openalex.org/W4241404604
https://openalex.org/W4245945255
https://openalex.org/W4254280826
https://openalex.org/W4254992555
https://openalex.org/W4301136269
https://openalex.org/W1898762117
https://openalex.org/W1987003646
https://openalex.org/W2021282685
https://openalex.org/W2030456523
https://openalex.org/W2063669938
https://openalex.org/W2414662211
https://openalex.org/W4298275214
https://openalex.org/W101400796
https://openalex.org/W177472299
https://openalex.org/W1973692835
https://openalex.org/W1978536551
https://openalex.org/W2015711660
https://openalex.org/W2090357530
https://openalex.org/W2099293436
https://openalex.org/W2171284299
https://openalex.org/W2613803922
https://openalex.org/W2730460457
https://openalex.org/W4233125955
https://openalex.org/W436594670
https://openalex.org/W142063495
https://openalex.org/W1964221945
https://openalex.org/W2029537995
https://openalex.org/W2108495441
https://openalex.org/W123412593
https://openalex.org/W1594083190
https://openalex.org/W165356802
https://openalex.org/W1979291537
https://openalex.org/W1992622128
https://openalex.org/W2025368693
https://openalex.org/W2026663136
https://openalex.org/W2123945835
https://openalex.org/W2473726107
https://openalex.org/W2701094944
https://openalex.org/W2756664100
https://openalex.org/W2811009141
https://openalex.org/W2888802110
https://openalex.org/W2890709417
https://openalex.org/W2891292653
https://openalex.org/W2901435622
https://openalex.org/W2903171023
https://openalex.org/W2905874220
https://openalex.org/W2906310354
https://openalex.org/W2966824406
https://openalex.org/W3021518848
https://openalex.org/W36843216
https://openalex.org/W4235801502
https://openalex.org/W4249065627
https://openalex.org/W1722740755
https://openalex.org/W2001401673
https://openalex.org/W2019762766
https://openalex.org/W2340296678
https://openalex.org/W1964228850
https://openalex.org/W2327826785
https://openalex.org/W1979567810
https://openalex.org/W2017779673
https://openalex.org/W2070557797
https://openalex.org/W2007646196
https://openalex.org/W2022335436
https://openalex.org/W2054967501
https://openalex.org/W2077093140
https://openalex.org/W2366499509
https://openalex.org/W2727744012
https://openalex.org/W2940692537
https://openalex.org/W2943992757
https://openalex.org/W2944683864
https://openalex.org/W2945124565
https://openalex.org/W2945477190
https://openalex.org/W2950156595
https://openalex.org/W2979407835
https://openalex.org/W2998015382
https://openalex.org/W3025334807
https://openalex.org/W3027297274
https://openalex.org/W3029252059
https://openalex.org/W3034659876
https://openalex.org/W3064406628
https://openalex.org/W3083601261
https://openalex.org/W3087920023
https://openalex.org/W3094243760
https://openalex.org/W3109742645
https://openalex.org/W3112781602
https://openalex.org/W3117229773
https://openalex.org/W3136968597
https://openalex.org/W4232259468
https://openalex.org/W1965333256
https://openalex.org/W1969809471
https://openalex.org/W1969960385
https://openalex.org/W1976258798
https://openalex.org/W2004021675
https://openalex.org/W2040861947
https://openalex.org/W2067640604
https://openalex.org/W2075067350
https://openalex.org/W2103018551
https://openalex.org/W2144031405
https://openalex.org/W2294910776
https://openalex.org/W2295454901
https://openalex.org/W2323168511
https://openalex.org/W2324156472
https://openalex.org/W2414027934
https://openalex.org/W2417395798
https://openalex.org/W2467920796
https://openalex.org/W4232992813
https://openalex.org/W4249516170
https://openalex.org/W1604744953
https://openalex.org/W1973306317
https://openalex.org/W1990793278
https://openalex.org/W2022116226
https://openalex.org/W2028038649
https://openalex.org/W2028776685
https://openalex.org/W2051227632
https://openalex.org/W2061746356
https://openalex.org/W2066171842
https://openalex.org/W2080198790
https://openalex.org/W2085208988
https://openalex.org/W2215400974
https://openalex.org/W2472129857
https://openalex.org/W146072973
https://openalex.org/W1504741666
https://openalex.org/W2255165670
https://openalex.org/W2339511423
https://openalex.org/W2651919347
https://openalex.org/W3110256307
https://openalex.org/W3132492551
https://openalex.org/W3136967489
https://openalex.org/W3138815840
https://openalex.org/W3148805268
https://openalex.org/W3153540609
https://openalex.org/W3157606121
https://openalex.org/W3160763085
https://openalex.org/W3175488552
https://openalex.org/W3178351804
https://openalex.org/W3182177981
https://openalex.org/W3185608132
https://openalex.org/W3209463905
https://openalex.org/W3217559178
https://openalex.org/W3217620927
https://openalex.org/W4200187154
https://openalex.org/W2331287813
https://openalex.org/W2589051570
https://openalex.org/W2605548538
https://openalex.org/W104623294
https://openalex.org/W160826780
https://openalex.org/W1984719866
https://openalex.org/W2607049575
https://openalex.org/W4246755095
https://openalex.org/W2000452606
https://openalex.org/W2028528117
https://openalex.org/W1980881024
https://openalex.org/W2035410809
https://openalex.org/W2080418913
https://openalex.org/W2092996206
https://openalex.org/W2138793895
https://openalex.org/W2197344708
https://openalex.org/W2323361660
https://openalex.org/W2404775514
https://openalex.org/W2569727789
https://openalex.org/W3147194305
https://openalex.org/W4229964544
https://openalex.org/W2036773081
https://openalex.org/W2264339696
https://openalex.org/W2300192715
https://openalex.org/W2464272958
https://openalex.org/W811304414
https://openalex.org/W1964823278
https://openalex.org/W1967428166
https://openalex.org/W1969179368
https://openalex.org/W1971336321
https://openalex.org/W2053866252
https://openalex.org/W2122737683
https://openalex.org/W2258939256
https://openalex.org/W2324257499
https://openalex.org/W2331764709
https://openalex.org/W2428346078
https://openalex.org/W2429699164
https://openalex.org/W2466878577
https://openalex.org/W2470442927
https://openalex.org/W3046343869
https://openalex.org/W4237761961
https://openalex.org/W4240518237
https://openalex.org/W4242171971
https://openalex.org/W2028217304
https://openalex.org/W2132549023
https://openalex.org/W2155549560
https://openalex.org/W2260553565
https://openalex.org/W2280193148
https://openalex.org/W2280718873
https://openalex.org/W2324599149
https://openalex.org/W2396817938
https://openalex.org/W2412406905
https://openalex.org/W67655765
https://openalex.org/W1127120619
https://openalex.org/W1414154079
https://openalex.org/W1465820120
https://openalex.org/W1487347058
https://openalex.org/W1516568287
https://openalex.org/W1547441709
https://openalex.org/W1881446567
https://openalex.org/W1985952527
https://openalex.org/W1999236392
https://openalex.org/W1999400019
https://openalex.org/W2003998991
https://openalex.org/W2014645270
https://openalex.org/W2032589239
https://openalex.org/W2035294413
https://openalex.org/W2040853085
https://openalex.org/W2043889069
https://openalex.org/W2053015243
https://openalex.org/W2059770109
https://openalex.org/W2061153710
https://openalex.org/W2063831727
https://openalex.org/W2087165166
https://openalex.org/W2093500705
https://openalex.org/W2139969746
https://openalex.org/W2153370607
https://openalex.org/W2171198134
https://openalex.org/W2187141139
https://openalex.org/W2188167040
https://openalex.org/W2201176107
https://openalex.org/W2207475627
https://openalex.org/W2208217293
https://openalex.org/W2231098888
https://openalex.org/W2232329412
https://openalex.org/W2237991954
https://openalex.org/W2238019097
https://openalex.org/W2239330643
https://openalex.org/W2245714489
https://openalex.org/W2251713007
https://openalex.org/W2254436673
https://openalex.org/W2263111237
https://openalex.org/W2265847182
https://openalex.org/W2269721322
https://openalex.org/W2271333957
https://openalex.org/W2272741178
https://openalex.org/W2274710102
https://openalex.org/W2276299712
https://openalex.org/W2278064922
https://openalex.org/W2281216854
https://openalex.org/W2284469700
https://openalex.org/W2294324712
https://openalex.org/W2298837772
https://openalex.org/W2302438212
https://openalex.org/W2315267045
https://openalex.org/W2316691914
https://openalex.org/W2319593622
https://openalex.org/W2335802688
https://openalex.org/W2336580423
https://openalex.org/W2339815037
https://openalex.org/W2360518991
https://openalex.org/W2370061954
https://openalex.org/W2381357053
https://openalex.org/W2410363367
https://openalex.org/W2412171097
https://openalex.org/W2420696032
https://openalex.org/W2423407570
https://openalex.org/W2463715990
https://openalex.org/W2475366737
https://openalex.org/W2483202012
https://openalex.org/W2485348605
https://openalex.org/W2489903574
https://openalex.org/W2494117322
https://openalex.org/W2509082552
https://openalex.org/W2509096200
https://openalex.org/W2512407946
https://openalex.org/W2512856967
https://openalex.org/W2524817857
https://openalex.org/W2529795277
https://openalex.org/W2537737606
https://openalex.org/W2538930968
https://openalex.org/W2551593589
https://openalex.org/W2562885509
https://openalex.org/W2566880044
https://openalex.org/W2571161549
https://openalex.org/W2573652095
https://openalex.org/W2577332407
https://openalex.org/W2582571142
https://openalex.org/W2586045515
https://openalex.org/W2588041892
https://openalex.org/W2590933518
https://openalex.org/W2594133671
https://openalex.org/W2595333937
https://openalex.org/W2599605297
https://openalex.org/W2600402416
https://openalex.org/W2605593206
https://openalex.org/W2606456449
https://openalex.org/W2611672552
https://openalex.org/W2613123066
https://openalex.org/W2616136507
https://openalex.org/W2624983454
https://openalex.org/W2625246764
https://openalex.org/W2626000672
https://openalex.org/W2626459735
https://openalex.org/W2626504951
https://openalex.org/W2626576650
https://openalex.org/W2626948026
https://openalex.org/W2630087757
https://openalex.org/W2637850304
https://openalex.org/W2652355706
https://openalex.org/W2724118133
https://openalex.org/W2726531792
https://openalex.org/W2727232047
https://openalex.org/W2727379987
https://openalex.org/W2727398438
https://openalex.org/W2728727977
https://openalex.org/W2729048842
https://openalex.org/W2729064706
https://openalex.org/W2729648687
https://openalex.org/W2729876290
https://openalex.org/W2732740706
https://openalex.org/W2733383609
https://openalex.org/W2736441266
https://openalex.org/W2737422175
https://openalex.org/W2738274600
https://openalex.org/W2738793470
https://openalex.org/W2743018845
https://openalex.org/W2743135669
https://openalex.org/W2743351192
https://openalex.org/W2744632804
https://openalex.org/W2744731521
https://openalex.org/W2745205472
https://openalex.org/W2746989709
https://openalex.org/W2748717620
https://openalex.org/W2749076316
https://openalex.org/W2749484240
https://openalex.org/W2749491847
https://openalex.org/W2750785198
https://openalex.org/W2751486152
https://openalex.org/W2752468446
https://openalex.org/W2770365273
https://openalex.org/W2811167834
https://openalex.org/W2900806514
https://openalex.org/W2914881008
https://openalex.org/W2936040425
https://openalex.org/W2970265955
https://openalex.org/W2993349536
https://openalex.org/W2995848259
https://openalex.org/W3017431375
https://openalex.org/W3026296971
https://openalex.org/W3029132248
https://openalex.org/W3032292122
https://openalex.org/W3032453294
https://openalex.org/W3032796425
https://openalex.org/W3090027074
https://openalex.org/W3100045793
https://openalex.org/W3179216527
https://openalex.org/W3198639839
https://openalex.org/W3199575327
https://openalex.org/W3209007377
https://openalex.org/W4206845385
https://openalex.org/W4234835362
https://openalex.org/W4235746276
https://openalex.org/W4236119086
https://openalex.org/W4238873257
https://openalex.org/W4239602162
https://openalex.org/W4245350700
https://openalex.org/W4246035624
https://openalex.org/W4246199869
https://openalex.org/W4249056325
https://openalex.org/W4250566387
https://openalex.org/W4251226933
https://openalex.org/W4251714406
https://openalex.org/W4252301499
https://openalex.org/W4318424817
https://openalex.org/W4327557695
https://openalex.org/W4391949482
https://openalex.org/W4394140738
https://openalex.org/W4394378778
https://openalex.org/W4394512139
https://openalex.org/W581251997
https://openalex.org/W844446764
https://openalex.org/W891085691
https://openalex.org/W153987402
https://openalex.org/W1969898349
https://openalex.org/W2005138223
https://openalex.org/W2017100811
https://openalex.org/W2080884499
https://openalex.org/W2085752568
https://openalex.org/W2317452104
https://openalex.org/W2332973925
https://openalex.org/W2461966530
https://openalex.org/W2468265635
https://openalex.org/W948630543
https://openalex.org/W1532724653
https://openalex.org/W2016634363
https://openalex.org/W2032006562
https://openalex.org/W2067985440
https://openalex.org/W2401294276
https://openalex.org/W3175724322
https://openalex.org/W4255736694
https://openalex.org/W10268021
https://openalex.org/W12107852
https://openalex.org/W1222238330
https://openalex.org/W1268053691
https://openalex.org/W133923441
https://openalex.org/W139296918
https://openalex.org/W1471161240
https://openalex.org/W148900826
https://openalex.org/W1531945220
https://openalex.org/W1539780923
https://openalex.org/W1550921276
https://openalex.org/W1557163300
https://openalex.org/W1920535903
https://openalex.org/W1932411894
https://openalex.org/W1971737936
https://openalex.org/W1972979109
https://openalex.org/W1975280156
https://openalex.org/W1979414784
https://openalex.org/W1981402902
https://openalex.org/W1984463851
https://openalex.org/W1986021843
https://openalex.org/W1987412494
https://openalex.org/W1991768018
https://openalex.org/W1996731532
https://openalex.org/W1998192499
https://openalex.org/W2001664496
https://openalex.org/W2016190388
https://openalex.org/W2017653785
https://openalex.org/W2023573471
https://openalex.org/W2024261872
https://openalex.org/W2026484430
https://openalex.org/W2032246007
https://openalex.org/W2044200927
https://openalex.org/W2049439859
https://openalex.org/W2061277934
https://openalex.org/W2062791693
https://openalex.org/W2063797163
https://openalex.org/W2064406205
https://openalex.org/W2066877001
https://openalex.org/W2073033671
https://openalex.org/W2073407382
https://openalex.org/W2076740767
https://openalex.org/W2093222352
https://openalex.org/W2094273821
https://openalex.org/W2094632120
https://openalex.org/W2095783695
https://openalex.org/W2101170914
https://openalex.org/W2108108728
https://openalex.org/W2114400339
https://openalex.org/W2132491434
https://openalex.org/W2136688769
https://openalex.org/W2148391825
https://openalex.org/W2154873052
https://openalex.org/W2178815836
https://openalex.org/W2185728847
https://openalex.org/W2187258172
https://openalex.org/W2225981389
https://openalex.org/W2245634039
https://openalex.org/W2263993036
https://openalex.org/W2277902892
https://openalex.org/W2279823313
https://openalex.org/W2283031284
https://openalex.org/W2287079030
https://openalex.org/W2288880735
https://openalex.org/W2292517057
https://openalex.org/W2295105593
https://openalex.org/W2300006945
https://openalex.org/W2313881933
https://openalex.org/W2315144464
https://openalex.org/W2315615221
https://openalex.org/W2315642232
https://openalex.org/W2316730615
https://openalex.org/W2317400169
https://openalex.org/W2317575362
https://openalex.org/W2320426783
https://openalex.org/W2320708909
https://openalex.org/W2322302768
https://openalex.org/W2322776581
https://openalex.org/W2323259543
https://openalex.org/W2324234653
https://openalex.org/W2326356228
https://openalex.org/W2326463291
https://openalex.org/W2327020101
https://openalex.org/W2328213544
https://openalex.org/W2329687467
https://openalex.org/W2330295443
https://openalex.org/W2330571600
https://openalex.org/W2331046751
https://openalex.org/W2334690646
https://openalex.org/W2335219254
https://openalex.org/W2335869481
https://openalex.org/W2348332433
https://openalex.org/W2349984288
https://openalex.org/W2354040286
https://openalex.org/W2357113500
https://openalex.org/W2364562458
https://openalex.org/W2369488308
https://openalex.org/W2370421498
https://openalex.org/W2370430192
https://openalex.org/W2371794517
https://openalex.org/W2371933266
https://openalex.org/W2376123315
https://openalex.org/W2379641528
https://openalex.org/W2380680559
https://openalex.org/W2384983461
https://openalex.org/W2385779022
https://openalex.org/W2389006439
https://openalex.org/W2389348589
https://openalex.org/W2389420529
https://openalex.org/W2391199668
https://openalex.org/W2392639187
https://openalex.org/W2393726883
https://openalex.org/W2399797338
https://openalex.org/W2401351601
https://openalex.org/W2402087499
https://openalex.org/W2404269123
https://openalex.org/W2409224593
https://openalex.org/W2409541070
https://openalex.org/W2410472836
https://openalex.org/W2414383657
https://openalex.org/W2414875516
https://openalex.org/W2443355570
https://openalex.org/W2462969813
https://openalex.org/W2544310758
https://openalex.org/W2555280039
https://openalex.org/W2565639227
https://openalex.org/W2576601784
https://openalex.org/W2577832300
https://openalex.org/W2585799780
https://openalex.org/W2588101123
https://openalex.org/W2588714121
https://openalex.org/W2589957279
https://openalex.org/W2610828152
https://openalex.org/W2611323841
https://openalex.org/W2627724733
https://openalex.org/W2628276867
https://openalex.org/W262855464
https://openalex.org/W2639728286
https://openalex.org/W2641494833
https://openalex.org/W2646337115
https://openalex.org/W2660696730
https://openalex.org/W2660817508
https://openalex.org/W2669517269
https://openalex.org/W2671947229
https://openalex.org/W2684887732
https://openalex.org/W2689076252
https://openalex.org/W2698840389
https://openalex.org/W2713177633
https://openalex.org/W2721176890
https://openalex.org/W2722324012
https://openalex.org/W2734838411
https://openalex.org/W2743274710
https://openalex.org/W2751473749
https://openalex.org/W2801119151
https://openalex.org/W2887795704
https://openalex.org/W2921362213
https://openalex.org/W2928787251
https://openalex.org/W2929823532
https://openalex.org/W2944163027
https://openalex.org/W2950254500
https://openalex.org/W2951533889
https://openalex.org/W2968200966
https://openalex.org/W2969381282
https://openalex.org/W2973167639
https://openalex.org/W2974444180
https://openalex.org/W298371629
https://openalex.org/W2985298739
https://openalex.org/W2989816421
https://openalex.org/W2992336538
https://openalex.org/W3000409548
https://openalex.org/W3003931634
https://openalex.org/W3005690138
https://openalex.org/W3010803401
https://openalex.org/W3014917619
https://openalex.org/W3017143508
https://openalex.org/W3023692527
https://openalex.org/W3032104884
https://openalex.org/W3041227873
https://openalex.org/W3090033315
https://openalex.org/W3092479056
https://openalex.org/W3097898707
https://openalex.org/W3147885414
https://openalex.org/W314981163
https://openalex.org/W3159604295
https://openalex.org/W3168044956
https://openalex.org/W3176533339
https://openalex.org/W3178985197
https://openalex.org/W3210287126
https://openalex.org/W3210633968
https://openalex.org/W4205869659
https://openalex.org/W4205991389
https://openalex.org/W4206215681
https://openalex.org/W4206437125
https://openalex.org/W4210415002
https://openalex.org/W4210685594
https://openalex.org/W4210962448
https://openalex.org/W4211179752
https://openalex.org/W4212819153
https://openalex.org/W4213050715
https://openalex.org/W4214683223
https://openalex.org/W4230053557
https://openalex.org/W4230101511
https://openalex.org/W4230209018
https://openalex.org/W4230254898
https://openalex.org/W4230263409
https://openalex.org/W4230583157
https://openalex.org/W4230934788
https://openalex.org/W4231001144
https://openalex.org/W4231408351
https://openalex.org/W4231485444
https://openalex.org/W4231835360
https://openalex.org/W4231836427
https://openalex.org/W4231894713
https://openalex.org/W4231985043
https://openalex.org/W4232452719
https://openalex.org/W4232569707
https://openalex.org/W4232681861
https://openalex.org/W4233887091
https://openalex.org/W4234103649
https://openalex.org/W4234367277
https://openalex.org/W4234500781
https://openalex.org/W4234711768
https://openalex.org/W4235202170
https://openalex.org/W4235906613
https://openalex.org/W4236179228
https://openalex.org/W4236647208
https://openalex.org/W4236726788
https://openalex.org/W4236736172
https://openalex.org/W4237180475
https://openalex.org/W4237385116
https://openalex.org/W4237700342
https://openalex.org/W4237767535
https://openalex.org/W4237773500
https://openalex.org/W4237799213
https://openalex.org/W4238086085
https://openalex.org/W4238218434
https://openalex.org/W4238293888
https://openalex.org/W4239094907
https://openalex.org/W4239331294
https://openalex.org/W4239766326
https://openalex.org/W4239933333
https://openalex.org/W4240616065
https://openalex.org/W4240962944
https://openalex.org/W4241075855
https://openalex.org/W4241394301
https://openalex.org/W4241653914
https://openalex.org/W4241845633
https://openalex.org/W4242233272
https://openalex.org/W4242443607
https://openalex.org/W4242537676
https://openalex.org/W4243326562
https://openalex.org/W4243657767
https://openalex.org/W4243727475
https://openalex.org/W4244347646
https://openalex.org/W4244660042
https://openalex.org/W4245013790
https://openalex.org/W4245724378
https://openalex.org/W4246527085
https://openalex.org/W4246627272
https://openalex.org/W4246937269
https://openalex.org/W4246982710
https://openalex.org/W4248066770
https://openalex.org/W4248345320
https://openalex.org/W4248742238
https://openalex.org/W4248979670
https://openalex.org/W4249174348
https://openalex.org/W4249761644
https://openalex.org/W4250283997
https://openalex.org/W4250742427
https://openalex.org/W4250852868
https://openalex.org/W4250855267
https://openalex.org/W4251250656
https://openalex.org/W4251275938
https://openalex.org/W4251467732
https://openalex.org/W4252157252
https://openalex.org/W4252371492
https://openalex.org/W4252515588
https://openalex.org/W4253096297
https://openalex.org/W4253419064
https://openalex.org/W4253420143
https://openalex.org/W4253466790
https://openalex.org/W4253717557
https://openalex.org/W4254674312
https://openalex.org/W4255219533
https://openalex.org/W4255449042
https://openalex.org/W4291174634
https://openalex.org/W4293259092
https://openalex.org/W4298359910
https://openalex.org/W4298369904
https://openalex.org/W4302491255
https://openalex.org/W574903064
https://openalex.org/W59505039
https://openalex.org/W607767211
https://openalex.org/W71986310
https://openalex.org/W856507027
https://openalex.org/W99451903
https://openalex.org/W2055070596
https://openalex.org/W2085772689
https://openalex.org/W2727588353
https://openalex.org/W4231012985
https://openalex.org/W1427519421
https://openalex.org/W2048960267
https://openalex.org/W2385271196
https://openalex.org/W2408208680
https://openalex.org/W2499581651
https://openalex.org/W2606869742
https://openalex.org/W4231198212
https://openalex.org/W1498421681
https://openalex.org/W1526116069
https://openalex.org/W1528879180
https://openalex.org/W1575953867
https://openalex.org/W1667817272
https://openalex.org/W1975402039
https://openalex.org/W2012642523
https://openalex.org/W2021708805
https://openalex.org/W2099870555
https://openalex.org/W2174050511
https://openalex.org/W2197963734
https://openalex.org/W2244473354
https://openalex.org/W2247498897
https://openalex.org/W2261827641
https://openalex.org/W2268921503
https://openalex.org/W2292436915
https://openalex.org/W2297486971
https://openalex.org/W2300063283
https://openalex.org/W2323631240
https://openalex.org/W2328936842
https://openalex.org/W2343993816
https://openalex.org/W2353458012
https://openalex.org/W2356322806
https://openalex.org/W2365859817
https://openalex.org/W2368142773
https://openalex.org/W2374866979
https://openalex.org/W2377297041
https://openalex.org/W2378430917
https://openalex.org/W2383018779
https://openalex.org/W2386074848
https://openalex.org/W2389745998
https://openalex.org/W2390383682
https://openalex.org/W2398286939
https://openalex.org/W2402057845
https://openalex.org/W2408682448
https://openalex.org/W2408995903
https://openalex.org/W2410227141
https://openalex.org/W2411137154
https://openalex.org/W2413011869
https://openalex.org/W2415885058
https://openalex.org/W2416302873
https://openalex.org/W2418080518
https://openalex.org/W2418346460
https://openalex.org/W242350745
https://openalex.org/W2430185504
https://openalex.org/W2430387831
https://openalex.org/W2436883241
https://openalex.org/W2442125442
https://openalex.org/W2444545808
https://openalex.org/W2460897559
https://openalex.org/W2463376536
https://openalex.org/W2468469238
https://openalex.org/W2471658106
https://openalex.org/W2504734678
https://openalex.org/W2592453228
https://openalex.org/W2598223114
https://openalex.org/W2603006077
https://openalex.org/W2605546890
https://openalex.org/W2616505896
https://openalex.org/W2618936865
https://openalex.org/W2626054658
https://openalex.org/W2626421625
https://openalex.org/W2627629129
https://openalex.org/W2631616411
https://openalex.org/W2681855256
https://openalex.org/W2705833820
https://openalex.org/W2712294597
https://openalex.org/W2726096439
https://openalex.org/W2727569796
https://openalex.org/W2727892661
https://openalex.org/W2731129056
https://openalex.org/W2739280103
https://openalex.org/W2739884547
https://openalex.org/W2740310693
https://openalex.org/W2743068242
https://openalex.org/W2743458270
https://openalex.org/W2743812108
https://openalex.org/W2744024873
https://openalex.org/W2750496279
https://openalex.org/W2751237502
https://openalex.org/W2751512019
https://openalex.org/W2753768674
https://openalex.org/W2756127495
https://openalex.org/W2765871529
https://openalex.org/W2767671550
https://openalex.org/W2768841536
https://openalex.org/W2768982672
https://openalex.org/W2768995433
https://openalex.org/W2769590408
https://openalex.org/W2771245629
https://openalex.org/W2773909269
https://openalex.org/W2784870591
https://openalex.org/W2789829025
https://openalex.org/W2796597563
https://openalex.org/W2808786967
https://openalex.org/W2893618904
https://openalex.org/W2900926538
https://openalex.org/W2915015635
https://openalex.org/W2921326796
https://openalex.org/W2946989776
https://openalex.org/W2947869132
https://openalex.org/W2956204099
https://openalex.org/W2972801106
https://openalex.org/W2997977620
https://openalex.org/W3012101475
https://openalex.org/W3028990180
https://openalex.org/W3030622740
https://openalex.org/W3034693691
https://openalex.org/W3106553047
https://openalex.org/W3113415752
https://openalex.org/W3134019713
https://openalex.org/W3142193301
https://openalex.org/W3199862906
https://openalex.org/W3208596785
https://openalex.org/W4229710527
https://openalex.org/W4235864896
https://openalex.org/W4240495882
https://openalex.org/W4242304959
https://openalex.org/W4242508784
https://openalex.org/W4248215987
https://openalex.org/W4256609348
https://openalex.org/W73563884
https://openalex.org/W866601067
https://openalex.org/W144865617
https://openalex.org/W2024814098
https://openalex.org/W2116294393
https://openalex.org/W2757822887
https://openalex.org/W3004890370
https://openalex.org/W122436828
https://openalex.org/W1510585519
https://openalex.org/W1725933240
https://openalex.org/W178257812
https://openalex.org/W18534513
https://openalex.org/W190719764
https://openalex.org/W1983216139
https://openalex.org/W1986747698
https://openalex.org/W1995202530
https://openalex.org/W1995756047
https://openalex.org/W2024908311
https://openalex.org/W2047802611
https://openalex.org/W2055239231
https://openalex.org/W2059481546
https://openalex.org/W2081238383
https://openalex.org/W2085440819
https://openalex.org/W210718044
https://openalex.org/W2115609661
https://openalex.org/W2123525597
https://openalex.org/W2142733022
https://openalex.org/W2147591728
https://openalex.org/W215968837
https://openalex.org/W2160730162
https://openalex.org/W2185616665
https://openalex.org/W2240254060
https://openalex.org/W2241771219
https://openalex.org/W2242819764
https://openalex.org/W2276303962
https://openalex.org/W2300569346
https://openalex.org/W2300718969
https://openalex.org/W2325293709
https://openalex.org/W2333039783
https://openalex.org/W2353037104
https://openalex.org/W2353391586
https://openalex.org/W2354957523
https://openalex.org/W2358293005
https://openalex.org/W2370817960
https://openalex.org/W2373390999
https://openalex.org/W2373749604
https://openalex.org/W2374911515
https://openalex.org/W2376489262
https://openalex.org/W2380620754
https://openalex.org/W2382084632
https://openalex.org/W2384218749
https://openalex.org/W2385793399
https://openalex.org/W2386471751
https://openalex.org/W2387390691
https://openalex.org/W2390966426
https://openalex.org/W2403353542
https://openalex.org/W2407256387
https://openalex.org/W2409270272
https://openalex.org/W2427283407
https://openalex.org/W2488576187
https://openalex.org/W2522354592
https://openalex.org/W2568146655
https://openalex.org/W2574946910
https://openalex.org/W2576202803
https://openalex.org/W2576229349
https://openalex.org/W2582962142
https://openalex.org/W2583788380
https://openalex.org/W2584799279
https://openalex.org/W2607264135
https://openalex.org/W2667213063
https://openalex.org/W2669460747
https://openalex.org/W2672041622
https://openalex.org/W2675025685
https://openalex.org/W2679485134
https://openalex.org/W2691188919
https://openalex.org/W2691359329
https://openalex.org/W2693447921
https://openalex.org/W2720512556
https://openalex.org/W2729852044
https://openalex.org/W2733327965
https://openalex.org/W2733906035
https://openalex.org/W2741619872
https://openalex.org/W2742310513
https://openalex.org/W2744201919
https://openalex.org/W2744269543
https://openalex.org/W2744370087
https://openalex.org/W2745560878
https://openalex.org/W2747620743
https://openalex.org/W2747866318
https://openalex.org/W2786911939
https://openalex.org/W2902743595
https://openalex.org/W2937979134
https://openalex.org/W2938019569
https://openalex.org/W2959412750
https://openalex.org/W2978011109
https://openalex.org/W2978638590
https://openalex.org/W2992550079
https://openalex.org/W3013183471
https://openalex.org/W3024659556
https://openalex.org/W3032818023
https://openalex.org/W3114540373
https://openalex.org/W3120581742
https://openalex.org/W3139937705
https://openalex.org/W3144957683
https://openalex.org/W3149801083
https://openalex.org/W3154876615
https://openalex.org/W402101756
https://openalex.org/W402792197
https://openalex.org/W407271785
https://openalex.org/W412937112
https://openalex.org/W4205829499
https://openalex.org/W4210904942
https://openalex.org/W4211166246
https://openalex.org/W4220737219
https://openalex.org/W4220794349
https://openalex.org/W4220972284
https://openalex.org/W4223959071
https://openalex.org/W4226133290
https://openalex.org/W4234773886
https://openalex.org/W42383903
https://openalex.org/W4241861913
https://openalex.org/W4242397394
https://openalex.org/W4242450354
https://openalex.org/W4246046433
https://openalex.org/W4247550915
https://openalex.org/W4255924817
https://openalex.org/W4256324144
https://openalex.org/W4256630960
https://openalex.org/W4280626755
https://openalex.org/W4281290036
https://openalex.org/W4281294337
https://openalex.org/W4281395615
https://openalex.org/W4282825749
https://openalex.org/W4282932271
https://openalex.org/W4283213863
https://openalex.org/W4283806970
https://openalex.org/W4283807597
https://openalex.org/W4283828827
https://openalex.org/W4284689381
https://openalex.org/W4284977541
https://openalex.org/W4285391038
https://openalex.org/W4285506180
https://openalex.org/W4293141736
https://openalex.org/W4293231808
https://openalex.org/W4293451888
https://openalex.org/W4293452371
https://openalex.org/W4294975082
https://openalex.org/W4295431303
https://openalex.org/W4297235842
https://openalex.org/W4297950700
https://openalex.org/W4298088631
https://openalex.org/W4298088738
https://openalex.org/W4307416512
https://openalex.org/W4309675269
https://openalex.org/W4309679880
https://openalex.org/W4310183134
https://openalex.org/W4310863647
https://openalex.org/W4310969677
https://openalex.org/W4312113872
https://openalex.org/W4312364972
https://openalex.org/W4312602614
https://openalex.org/W4312636541
https://openalex.org/W4312696774
https://openalex.org/W4312709148
https://openalex.org/W4312787013
https://openalex.org/W4312904665
https://openalex.org/W4313019926
https://openalex.org/W4313141715
https://openalex.org/W431502542
https://openalex.org/W4320152956
https://openalex.org/W4321844341
https://openalex.org/W4328027815
https://openalex.org/W4360930648
https://openalex.org/W4364304988
https://openalex.org/W4380794969
https://openalex.org/W4381466221
https://openalex.org/W4393491345
https://openalex.org/W4393675538
https://openalex.org/W4394121800
https://openalex.org/W4395043790
https://openalex.org/W590985627
https://openalex.org/W591158221
https://openalex.org/W598808369
https://openalex.org/W607757174
https://openalex.org/W68580315
https://openalex.org/W864728276
https://openalex.org/W1790256128
https://openalex.org/W1988845139
https://openalex.org/W2022813560
https://openalex.org/W2074272523
https://openalex.org/W2090401976
https://openalex.org/W2090905620
https://openalex.org/W2091550770
https://openalex.org/W2092400163
https://openalex.org/W2183681008
https://openalex.org/W2352217832
https://openalex.org/W2404135057
https://openalex.org/W2413859361
https://openalex.org/W2416860452
https://openalex.org/W2418733179
https://openalex.org/W2474206246
https://openalex.org/W2490761058
https://openalex.org/W3092640710
https://openalex.org/W4248644876
https://openalex.org/W4256013134
https://openalex.org/W63497133
https://openalex.org/W1494312731
https://openalex.org/W1554349963
https://openalex.org/W1646104577
https://openalex.org/W168520284
https://openalex.org/W1971516720
https://openalex.org/W1972646876
https://openalex.org/W2008800870
https://openalex.org/W2013247921
https://openalex.org/W2029550151
https://openalex.org/W2039795613
https://openalex.org/W2093820036
https://openalex.org/W2110360494
https://openalex.org/W2166160785
https://openalex.org/W2185529067
https://openalex.org/W2298218923
https://openalex.org/W2349928905
https://openalex.org/W2360068873
https://openalex.org/W2363422815
https://openalex.org/W2370435389
https://openalex.org/W2379384692
https://openalex.org/W2399385170
https://openalex.org/W2401143863
https://openalex.org/W2413335335
https://openalex.org/W2414146916
https://openalex.org/W2503107163
https://openalex.org/W2520390936
https://openalex.org/W2523100112
https://openalex.org/W2566919930
https://openalex.org/W2606661200
https://openalex.org/W2663744402
https://openalex.org/W2682519494
https://openalex.org/W2687545354
https://openalex.org/W2710282981
https://openalex.org/W2744192902
https://openalex.org/W2750570424
https://openalex.org/W2766242089
https://openalex.org/W2784252085
https://openalex.org/W2792768183
https://openalex.org/W2794448238
https://openalex.org/W2796217002
https://openalex.org/W2799605450
https://openalex.org/W2804545460
https://openalex.org/W2805031249
https://openalex.org/W2805218323
https://openalex.org/W2809756327
https://openalex.org/W2884622817
https://openalex.org/W2885097172
https://openalex.org/W2886086092
https://openalex.org/W2886444586
https://openalex.org/W2888945643
https://openalex.org/W2890615748
https://openalex.org/W2890627124
https://openalex.org/W2894640183
https://openalex.org/W2895967539
https://openalex.org/W2900690775
https://openalex.org/W2901073007
https://openalex.org/W2903069113
https://openalex.org/W2903583657
https://openalex.org/W2903634099
https://openalex.org/W2904168339
https://openalex.org/W2904585972
https://openalex.org/W2905621270
https://openalex.org/W2905924471
https://openalex.org/W2905981734
https://openalex.org/W2906044661
https://openalex.org/W2906114725
https://openalex.org/W2910936640
https://openalex.org/W2916497626
https://openalex.org/W2920931196
https://openalex.org/W2921515998
https://openalex.org/W2921727555
https://openalex.org/W2944885827
https://openalex.org/W2946248596
https://openalex.org/W2946328027
https://openalex.org/W2948878149
https://openalex.org/W2949426474
https://openalex.org/W2952178947
https://openalex.org/W2952635848
https://openalex.org/W2955026832
https://openalex.org/W2956608208
https://openalex.org/W2960292601
https://openalex.org/W2962932994
https://openalex.org/W2964009697
https://openalex.org/W2968332594
https://openalex.org/W2969640250
https://openalex.org/W2969740373
https://openalex.org/W2970515398
https://openalex.org/W2978027413
https://openalex.org/W2982222105
https://openalex.org/W2989391694
https://openalex.org/W2994175566
https://openalex.org/W2994769843
https://openalex.org/W2997168887
https://openalex.org/W2997457301
https://openalex.org/W2997665043
https://openalex.org/W2997703415
https://openalex.org/W2998139474
https://openalex.org/W2998154032
https://openalex.org/W2998413549
https://openalex.org/W2998527759
https://openalex.org/W2998723294
https://openalex.org/W2999329272
https://openalex.org/W3000436752
https://openalex.org/W3002506855
https://openalex.org/W3003315378
https://openalex.org/W3013052936
https://openalex.org/W3013323850
https://openalex.org/W3014466367
https://openalex.org/W3015870769
https://openalex.org/W3018177867
https://openalex.org/W3023087339
https://openalex.org/W3024652041
https://openalex.org/W3024899882
https://openalex.org/W3025541848
https://openalex.org/W3029548858
https://openalex.org/W3029816056
https://openalex.org/W3029966521
https://openalex.org/W3032166058
https://openalex.org/W3032548891
https://openalex.org/W3032910471
https://openalex.org/W3036118346
https://openalex.org/W3036325102
https://openalex.org/W3040897301
https://openalex.org/W3041060578
https://openalex.org/W3043559185
https://openalex.org/W3046345663
https://openalex.org/W3049240283
https://openalex.org/W3085090313
https://openalex.org/W3085531545
https://openalex.org/W3111092107
https://openalex.org/W3111381420
https://openalex.org/W3111611380
https://openalex.org/W3123855627
https://openalex.org/W3125290044
https://openalex.org/W3157887810
https://openalex.org/W3158044854
https://openalex.org/W3163399789
https://openalex.org/W3163710758
https://openalex.org/W3165476718
https://openalex.org/W3166308163
https://openalex.org/W3171957586
https://openalex.org/W3174905441
https://openalex.org/W3176186056
https://openalex.org/W3176680285
https://openalex.org/W3177911537
https://openalex.org/W3180094344
https://openalex.org/W3182145082
https://openalex.org/W3200200716
https://openalex.org/W3201257186
https://openalex.org/W3213553343
https://openalex.org/W4206152202
https://openalex.org/W4206275411
https://openalex.org/W4211012876
https://openalex.org/W4233024757
https://openalex.org/W4235249521
https://openalex.org/W4238585500
https://openalex.org/W4245399350
https://openalex.org/W4248687638
https://openalex.org/W4253109135
https://openalex.org/W4254060913
https://openalex.org/W4289760810
https://openalex.org/W4309269948
https://openalex.org/W4391591886
https://openalex.org/W4394238966
https://openalex.org/W45786930
https://openalex.org/W644239283
https://openalex.org/W652147057
https://openalex.org/W652896465
https://openalex.org/W1822586615
https://openalex.org/W2016539487
https://openalex.org/W2062354003
https://openalex.org/W2101508112
https://openalex.org/W2147271135
https://openalex.org/W2148380804
https://openalex.org/W2151232481
https://openalex.org/W2215822128
https://openalex.org/W2395218005
https://openalex.org/W2398569961
https://openalex.org/W2401004888
https://openalex.org/W2409859629
https://openalex.org/W2412634120
https://openalex.org/W2414420929
https://openalex.org/W2460200788
https://openalex.org/W2520312351
https://openalex.org/W2805043940
https://openalex.org/W2955297440
https://openalex.org/W402526581
https://openalex.org/W411836345
https://openalex.org/W4246964542
https://openalex.org/W4388314661
https://openalex.org/W64358955
https://openalex.org/W1501017513
https://openalex.org/W1539462572
https://openalex.org/W1546956897
https://openalex.org/W174749126
https://openalex.org/W1837547762
https://openalex.org/W1964975724
https://openalex.org/W1969014163
https://openalex.org/W1973027388
https://openalex.org/W1986154513
https://openalex.org/W2012318397
https://openalex.org/W2016406507
https://openalex.org/W2020370355
https://openalex.org/W2034100875
https://openalex.org/W2055365350
https://openalex.org/W2066141235
https://openalex.org/W2091713551
https://openalex.org/W2093505887
https://openalex.org/W2134632953
https://openalex.org/W2338076468
https://openalex.org/W2356936833
https://openalex.org/W2358231438
https://openalex.org/W2364154108
https://openalex.org/W2369527686
https://openalex.org/W2371080422
https://openalex.org/W2375459643
https://openalex.org/W2380638955
https://openalex.org/W2381166098
https://openalex.org/W2381239981
https://openalex.org/W2393243401
https://openalex.org/W2418646977
https://openalex.org/W2462667991
https://openalex.org/W2468588947
https://openalex.org/W2472437551
https://openalex.org/W2520184367
https://openalex.org/W2520558281
https://openalex.org/W2523342008
https://openalex.org/W2523664247
https://openalex.org/W2524825229
https://openalex.org/W2526936087
https://openalex.org/W2572438711
https://openalex.org/W2578455700
https://openalex.org/W2605769858
https://openalex.org/W2613476478
https://openalex.org/W2613549803
https://openalex.org/W2615148459
https://openalex.org/W2637539211
https://openalex.org/W2661034949
https://openalex.org/W2680402068
https://openalex.org/W2682945414
https://openalex.org/W2690240581
https://openalex.org/W2708052301
https://openalex.org/W2733519534
https://openalex.org/W2740168830
https://openalex.org/W2753612841
https://openalex.org/W2999715766
https://openalex.org/W3000395984
https://openalex.org/W3007161399
https://openalex.org/W3010248729
https://openalex.org/W3018498530
https://openalex.org/W3018520206
https://openalex.org/W3022550571
https://openalex.org/W3025543490
https://openalex.org/W3030636543
https://openalex.org/W3032490467
https://openalex.org/W3033685886
https://openalex.org/W3041168372
https://openalex.org/W3042010682
https://openalex.org/W3042103524
https://openalex.org/W3045321859
https://openalex.org/W3082769350
https://openalex.org/W3088205878
https://openalex.org/W3091971555
https://openalex.org/W3094736862
https://openalex.org/W3101615735
https://openalex.org/W3103373693
https://openalex.org/W3106598859
https://openalex.org/W3108811176
https://openalex.org/W3109175289
https://openalex.org/W3109247681
https://openalex.org/W3109322417
https://openalex.org/W3109345338
https://openalex.org/W3109790607
https://openalex.org/W3109933370
https://openalex.org/W3110534696
https://openalex.org/W3114104610
https://openalex.org/W3115130629
https://openalex.org/W3126779706
https://openalex.org/W3131305985
https://openalex.org/W3136284759
https://openalex.org/W3137050257
https://openalex.org/W3142268521
https://openalex.org/W3145615134
https://openalex.org/W3150155879
https://openalex.org/W3158127336
https://openalex.org/W3165460797
https://openalex.org/W3191636808
https://openalex.org/W3202252799
https://openalex.org/W3211087312
https://openalex.org/W3211170873
https://openalex.org/W3216899527
https://openalex.org/W347566918
https://openalex.org/W4205545537
https://openalex.org/W4206632878
https://openalex.org/W4212843611
https://openalex.org/W4230134471
https://openalex.org/W4230772503
https://openalex.org/W4232111657
https://openalex.org/W4236797534
https://openalex.org/W4238383948
https://openalex.org/W4239505101
https://openalex.org/W4244471264
https://openalex.org/W4244591537
https://openalex.org/W4245038780
https://openalex.org/W4252723802
https://openalex.org/W4255116198
https://openalex.org/W4255204631
https://openalex.org/W4255848719
https://openalex.org/W4287968759
https://openalex.org/W4297075838
https://openalex.org/W4388155539
https://openalex.org/W4388155543
https://openalex.org/W4388155546
https://openalex.org/W4388155577
https://openalex.org/W4388155600
https://openalex.org/W4388155602
https://openalex.org/W4388155630
https://openalex.org/W4388155652
https://openalex.org/W4388155692
https://openalex.org/W4388155710
https://openalex.org/W4388166039
https://openalex.org/W4388166096
https://openalex.org/W4388166170
https://openalex.org/W4388166206
https://openalex.org/W4388166299
https://openalex.org/W4388166302
https://openalex.org/W4388166414
https://openalex.org/W4388166423
https://openalex.org/W4388166556
https://openalex.org/W4388166612
https://openalex.org/W4388166624
https://openalex.org/W4393875030
https://openalex.org/W4394370449
https://openalex.org/W4394376474
https://openalex.org/W46320015
https://openalex.org/W564965268
https://openalex.org/W582671889
https://openalex.org/W615989691
https://openalex.org/W914320229
https://openalex.org/W950777851
https://openalex.org/W1971725043
https://openalex.org/W1995460527
https://openalex.org/W1995548932
https://openalex.org/W2006920365
https://openalex.org/W2028441761
https://openalex.org/W2029389289
https://openalex.org/W584149235
https://openalex.org/W1540594106
https://openalex.org/W1591524065
https://openalex.org/W1979908184
https://openalex.org/W2007077920
https://openalex.org/W2045710126
https://openalex.org/W2046817518
https://openalex.org/W2072662151
https://openalex.org/W2091527542
https://openalex.org/W2094206902
https://openalex.org/W2110773942
https://openalex.org/W2238202468
https://openalex.org/W2240576212
https://openalex.org/W2347245989
https://openalex.org/W2347340027
https://openalex.org/W2348035856
https://openalex.org/W2355625833
https://openalex.org/W2359993756
https://openalex.org/W2363139071
https://openalex.org/W2373791788
https://openalex.org/W2393586724
https://openalex.org/W2395211869
https://openalex.org/W2401069818
https://openalex.org/W2403861084
https://openalex.org/W2411862464
https://openalex.org/W2417633301
https://openalex.org/W2472714325
https://openalex.org/W2525516791
https://openalex.org/W2605552378
https://openalex.org/W2605595514
https://openalex.org/W2605941574
https://openalex.org/W2606348465
https://openalex.org/W2606579718
https://openalex.org/W2674536765
https://openalex.org/W2695371462
https://openalex.org/W2698142841
https://openalex.org/W4213172035
https://openalex.org/W4236108195
https://openalex.org/W4249066874
https://openalex.org/W4251130901
https://openalex.org/W90709141
https://openalex.org/W1496780379
https://openalex.org/W1581637937
https://openalex.org/W2032019148
https://openalex.org/W2033409847
https://openalex.org/W2053950833
https://openalex.org/W2248460333
https://openalex.org/W2325690269
https://openalex.org/W2325936518
https://openalex.org/W2355459820
https://openalex.org/W2382539856
https://openalex.org/W2390963741
https://openalex.org/W2399425229
https://openalex.org/W2409785681
https://openalex.org/W2411814801
https://openalex.org/W2412640188
https://openalex.org/W2425464663
https://openalex.org/W2493324440
https://openalex.org/W2528004569
https://openalex.org/W2556252649
https://openalex.org/W2565334501
https://openalex.org/W2590736971
https://openalex.org/W2613215721
https://openalex.org/W2646833028
https://openalex.org/W2697260542
https://openalex.org/W2712518312
https://openalex.org/W283926568
https://openalex.org/W2975635271
https://openalex.org/W2976892343
https://openalex.org/W3030719628
https://openalex.org/W3127713296
https://openalex.org/W3129291272
https://openalex.org/W3136675261
https://openalex.org/W3138626762
https://openalex.org/W3139514854
https://openalex.org/W3140670728
https://openalex.org/W3162294089
https://openalex.org/W3166544441
https://openalex.org/W3174827993
https://openalex.org/W3175356586
https://openalex.org/W3176303925
https://openalex.org/W3178708112
https://openalex.org/W3180928429
https://openalex.org/W3196420565
https://openalex.org/W3196467056
https://openalex.org/W3201706235
https://openalex.org/W3206435027
https://openalex.org/W3207470273
https://openalex.org/W3208944838
https://openalex.org/W3210250851
https://openalex.org/W3211876498
https://openalex.org/W3214167237
https://openalex.org/W3215897493
https://openalex.org/W3216093159
https://openalex.org/W3217101284
https://openalex.org/W3217133617
https://openalex.org/W3217346433
https://openalex.org/W3217407467
https://openalex.org/W4200023764
https://openalex.org/W4200093986
https://openalex.org/W4200218730
https://openalex.org/W4200348272
https://openalex.org/W4200564510
https://openalex.org/W4205568811
https://openalex.org/W4205616133
https://openalex.org/W4206398820
https://openalex.org/W4206531527
https://openalex.org/W4206727649
https://openalex.org/W4206796756
https://openalex.org/W4241107057
https://openalex.org/W4243361980
https://openalex.org/W4244979039
https://openalex.org/W4245151426
https://openalex.org/W431242270
https://openalex.org/W4319586374
https://openalex.org/W4319586584
https://openalex.org/W4393440613
https://openalex.org/W4393653778
https://openalex.org/W4393677589
https://openalex.org/W4393684656
https://openalex.org/W4393702560
https://openalex.org/W4394049581
https://openalex.org/W616602787
https://openalex.org/W639990241
https://openalex.org/W851751176
https://openalex.org/W1495110418
https://openalex.org/W1500308939
https://openalex.org/W1543365372
https://openalex.org/W1562378246
https://openalex.org/W1978001424
https://openalex.org/W2003726652
https://openalex.org/W2025282779
https://openalex.org/W207754742
https://openalex.org/W2092339878
https://openalex.org/W2114359
https://openalex.org/W2322136319
https://openalex.org/W2358985190
https://openalex.org/W2376138969
https://openalex.org/W2398465554
https://openalex.org/W2403519005
https://openalex.org/W2413439671
https://openalex.org/W2431618705
https://openalex.org/W2513935277
https://openalex.org/W2553269350
https://openalex.org/W2560679699
https://openalex.org/W2561587569
https://openalex.org/W2605515458
https://openalex.org/W2606651842
https://openalex.org/W2658899717
https://openalex.org/W2741100254
https://openalex.org/W2742182173
https://openalex.org/W2793645560
https://openalex.org/W2914163759
https://openalex.org/W2922214801
https://openalex.org/W2949684489
https://openalex.org/W2988960481
https://openalex.org/W4233327013
https://openalex.org/W4233467301
https://openalex.org/W4239926977
https://openalex.org/W4245977257
https://openalex.org/W4249557111
https://openalex.org/W4251768296
https://openalex.org/W4300125923
https://openalex.org/W4386398177
https://openalex.org/W937597641
https://openalex.org/W1996069261
https://openalex.org/W2315560175
https://openalex.org/W2315803909
https://openalex.org/W2321746197
https://openalex.org/W2322247570
https://openalex.org/W2327831716
https://openalex.org/W2328866445
https://openalex.org/W2331822524
https://openalex.org/W2332903154
https://openalex.org/W2335620589
https://openalex.org/W2424939689
https://openalex.org/W2605527989
https://openalex.org/W2606738070
https://openalex.org/W2944104374
https://openalex.org/W2951246550
https://openalex.org/W3005322870
https://openalex.org/W4238918904
https://openalex.org/W4255684557
https://openalex.org/W148473367
https://openalex.org/W187251650
https://openalex.org/W1981633889
https://openalex.org/W2016198302
https://openalex.org/W2053703695
https://openalex.org/W2061848506
https://openalex.org/W2100921465
https://openalex.org/W2112623035
https://openalex.org/W2293400445
https://openalex.org/W2295248290
https://openalex.org/W2323462870
https://openalex.org/W2371957141
https://openalex.org/W2511514656
https://openalex.org/W2639800388
https://openalex.org/W2951799003
https://openalex.org/W2952415149
https://openalex.org/W2952850164
https://openalex.org/W296907074
https://openalex.org/W3004604038
https://openalex.org/W3004881127
https://openalex.org/W3004897491
https://openalex.org/W3004950040
https://openalex.org/W3004981543
https://openalex.org/W3004988769
https://openalex.org/W3005068327
https://openalex.org/W3005192465
https://openalex.org/W3005330299
https://openalex.org/W3005359143
https://openalex.org/W3164145881
https://openalex.org/W4229545901
https://openalex.org/W4233497571
https://openalex.org/W4238994977
https://openalex.org/W4245895225
https://openalex.org/W4247369731
https://openalex.org/W4247537725
https://openalex.org/W4253754165
https://openalex.org/W593575202
https://openalex.org/W624645346
https://openalex.org/W106119574
https://openalex.org/W1482234286
https://openalex.org/W1483264873
https://openalex.org/W1500272812
https://openalex.org/W1508938573
https://openalex.org/W1619856678
https://openalex.org/W1660953306
https://openalex.org/W1894843264
https://openalex.org/W1985959051
https://openalex.org/W1990123094
https://openalex.org/W1993344336
https://openalex.org/W2000499971
https://openalex.org/W2003643556
https://openalex.org/W2008213883
https://openalex.org/W2019774244
https://openalex.org/W2024650723
https://openalex.org/W2025360669
https://openalex.org/W2056193426
https://openalex.org/W2060770885
https://openalex.org/W2061205259
https://openalex.org/W2063420821
https://openalex.org/W2082871415
https://openalex.org/W21041906
https://openalex.org/W2105703815
https://openalex.org/W2293094357
https://openalex.org/W2313510496
https://openalex.org/W2323340392
https://openalex.org/W2341904268
https://openalex.org/W2343149759
https://openalex.org/W2344045441
https://openalex.org/W2349401754
https://openalex.org/W2358358530
https://openalex.org/W2380822690
https://openalex.org/W2412392006
https://openalex.org/W2416344624
https://openalex.org/W2471596985
https://openalex.org/W2511301489
https://openalex.org/W2556139753
https://openalex.org/W2569740001
https://openalex.org/W2596211461
https://openalex.org/W2626345096
https://openalex.org/W2693399167
https://openalex.org/W2736302194
https://openalex.org/W2738195136
https://openalex.org/W2751051571
https://openalex.org/W2913262416
https://openalex.org/W2944966741
https://openalex.org/W2950155024
https://openalex.org/W2950674824
https://openalex.org/W2952426678
https://openalex.org/W2955464739
https://openalex.org/W297516218
https://openalex.org/W3004438922
https://openalex.org/W3005216448
https://openalex.org/W3015356918
https://openalex.org/W3090785927
https://openalex.org/W3100860781
https://openalex.org/W3193532473
https://openalex.org/W4213108437
https://openalex.org/W4213477390
https://openalex.org/W4237530700
https://openalex.org/W4240072274
https://openalex.org/W4241788407
https://openalex.org/W4245214317
https://openalex.org/W4247891324
https://openalex.org/W4252306043
https://openalex.org/W4253509551
https://openalex.org/W4255380156
https://openalex.org/W4255651137
https://openalex.org/W4301417
https://openalex.org/W99174355
https://openalex.org/W197826169
https://openalex.org/W1980663245
https://openalex.org/W1984850692
https://openalex.org/W2001408298
https://openalex.org/W2002207331
https://openalex.org/W2021965907
https://openalex.org/W2032609137
https://openalex.org/W2041282840
https://openalex.org/W2061109368
https://openalex.org/W2079628304
https://openalex.org/W2114228856
https://openalex.org/W2131614202
https://openalex.org/W215158043
https://openalex.org/W2187326901
https://openalex.org/W2277353943
https://openalex.org/W2310985568
https://openalex.org/W2312275322
https://openalex.org/W2315623388
https://openalex.org/W2328317780
https://openalex.org/W2333798592
https://openalex.org/W2346009810
https://openalex.org/W2346073827
https://openalex.org/W2398616999
https://openalex.org/W2401465326
https://openalex.org/W2403469860
https://openalex.org/W2412566976
https://openalex.org/W2418561346
https://openalex.org/W2469270782
https://openalex.org/W2474033731
https://openalex.org/W2474636909
https://openalex.org/W2511197070
https://openalex.org/W2592547255
https://openalex.org/W2789264146
https://openalex.org/W2789790133
https://openalex.org/W3004792112
https://openalex.org/W3005273569
https://openalex.org/W3005416463
https://openalex.org/W3020916982
https://openalex.org/W3021145887
https://openalex.org/W3138091684
https://openalex.org/W3138752956
https://openalex.org/W3139185732
https://openalex.org/W4230494464
https://openalex.org/W4233314821
https://openalex.org/W4233622319
https://openalex.org/W4234093961
https://openalex.org/W4239898974
https://openalex.org/W4242638232
https://openalex.org/W4249852776
https://openalex.org/W4254253698
https://openalex.org/W4254271217
https://openalex.org/W4302595296
https://openalex.org/W43678543
https://openalex.org/W4390835114
https://openalex.org/W765927616
https://openalex.org/W1418813535
https://openalex.org/W1430332466
https://openalex.org/W1511253087
https://openalex.org/W151977651
https://openalex.org/W187013763
https://openalex.org/W1977647321
https://openalex.org/W1994586650
https://openalex.org/W2000211578
https://openalex.org/W2011980957
https://openalex.org/W2018820590
https://openalex.org/W2031735217
https://openalex.org/W2037342841
https://openalex.org/W2044141717
https://openalex.org/W2054567169
https://openalex.org/W2063825879
https://openalex.org/W2070018552
https://openalex.org/W2076665179
https://openalex.org/W2088823640
https://openalex.org/W2114504502
https://openalex.org/W2130360606
https://openalex.org/W2142754243
https://openalex.org/W2164757856
https://openalex.org/W2183822046
https://openalex.org/W2283989405
https://openalex.org/W2313367013
https://openalex.org/W2323093006
https://openalex.org/W2324871752
https://openalex.org/W2326935595
https://openalex.org/W2327364163
https://openalex.org/W2333713687
https://openalex.org/W2335374023
https://openalex.org/W2395278838
https://openalex.org/W2396747338
https://openalex.org/W2397418620
https://openalex.org/W2401138221
https://openalex.org/W2401537395
https://openalex.org/W2401870786
https://openalex.org/W2409337669
https://openalex.org/W2411259328
https://openalex.org/W2413038749
https://openalex.org/W2415422464
https://openalex.org/W2416676149
https://openalex.org/W2417671995
https://openalex.org/W2417905123
https://openalex.org/W2433301123
https://openalex.org/W2436309394
https://openalex.org/W2468686371
https://openalex.org/W2497999707
https://openalex.org/W2512931286
https://openalex.org/W2515601154
https://openalex.org/W2516887282
https://openalex.org/W2557717580
https://openalex.org/W2571482036
https://openalex.org/W2949306408
https://openalex.org/W2949393922
https://openalex.org/W2950891949
https://openalex.org/W2951377136
https://openalex.org/W2952318782
https://openalex.org/W2953216240
https://openalex.org/W2969578228
https://openalex.org/W2995150183
https://openalex.org/W3004933035
https://openalex.org/W3022432012
https://openalex.org/W3134373142
https://openalex.org/W3209789310
https://openalex.org/W365664432
https://openalex.org/W4213253082
https://openalex.org/W4230591372
https://openalex.org/W4234145613
https://openalex.org/W4234529689
https://openalex.org/W4235380221
https://openalex.org/W4237369424
https://openalex.org/W4239899595
https://openalex.org/W4240288047
https://openalex.org/W4241650565
https://openalex.org/W4242009247
https://openalex.org/W4242323571
https://openalex.org/W4247100745
https://openalex.org/W4248238879
https://openalex.org/W4248346142
https://openalex.org/W4249203326
https://openalex.org/W4252232444
https://openalex.org/W429024425
https://openalex.org/W4307449779
https://openalex.org/W4388314311
https://openalex.org/W4388314397
https://openalex.org/W4388314427
https://openalex.org/W4388314463
https://openalex.org/W4388314490
https://openalex.org/W4388314556
https://openalex.org/W4388314574
https://openalex.org/W4388314599
https://openalex.org/W4388314601
https://openalex.org/W4388314621
https://openalex.org/W4388314628
https://openalex.org/W4388314640
https://openalex.org/W4388314644
https://openalex.org/W4388314646
https://openalex.org/W4388314658
https://openalex.org/W4388314677
https://openalex.org/W4388314731
https://openalex.org/W4388314768
https://openalex.org/W4388314836
https://openalex.org/W4388314891
https://openalex.org/W4388314900
https://openalex.org/W4388314904
https://openalex.org/W4388314966
https://openalex.org/W4388314979
https://openalex.org/W4390834711
https://openalex.org/W599191864
https://openalex.org/W2085397620
https://openalex.org/W2027753197
https://openalex.org/W2145142659
https://openalex.org/W2143839116
https://openalex.org/W2147515151
https://openalex.org/W2031032188
https://openalex.org/W2963377935
https://openalex.org/W1998626286
https://openalex.org/W2130092335
https://openalex.org/W2170874580
https://openalex.org/W1977782677
https://openalex.org/W2102921035
https://openalex.org/W2019192392
https://openalex.org/W1964739304
https://openalex.org/W1793796070
https://openalex.org/W2095968062
https://openalex.org/W2146122852
https://openalex.org/W1968208377
https://openalex.org/W2159745709
https://openalex.org/W2103709809
https://openalex.org/W2548780814
https://openalex.org/W1992256913
https://openalex.org/W2261075777
https://openalex.org/W2007885739
https://openalex.org/W2033969079
https://openalex.org/W2345721849
https://openalex.org/W2137859531
https://openalex.org/W1996900960
https://openalex.org/W2805754451
https://openalex.org/W2039196620
https://openalex.org/W1969239687
https://openalex.org/W2294270396
https://openalex.org/W2784025535
https://openalex.org/W2963278718
https://openalex.org/W1995900788
https://openalex.org/W2923733494
https://openalex.org/W2890129614
https://openalex.org/W3012252561
https://openalex.org/W4312140303
https://openalex.org/W4321088265
https://openalex.org/W4313529300
https://openalex.org/W1993925802
https://openalex.org/W1511449683
https://openalex.org/W2016559878
https://openalex.org/W1598970150
https://openalex.org/W1969782821
https://openalex.org/W2049963512
https://openalex.org/W1970432186
https://openalex.org/W2000187136
https://openalex.org/W2091693891
https://openalex.org/W1997670202
https://openalex.org/W2094978308
https://openalex.org/W2165194767
https://openalex.org/W2035084619
https://openalex.org/W2141000092
https://openalex.org/W2546483967
https://openalex.org/W3098978149
https://openalex.org/W2963721882
https://openalex.org/W2030097185
https://openalex.org/W2769738013
https://openalex.org/W2084440330
https://openalex.org/W1640505003
https://openalex.org/W2056568207
https://openalex.org/W2029813234
https://openalex.org/W3006883761
https://openalex.org/W2973466351
https://openalex.org/W3205770824
https://openalex.org/W4221028613
https://openalex.org/W4366463645
https://openalex.org/W4366496076
https://openalex.org/W4388590966
https://openalex.org/W2003840904
https://openalex.org/W2087127530
https://openalex.org/W2151777574
https://openalex.org/W2073073488
https://openalex.org/W2058010002
https://openalex.org/W2012695878
https://openalex.org/W2053560785
https://openalex.org/W2115000762
https://openalex.org/W2151545253
https://openalex.org/W4237939127
https://openalex.org/W2023756776
https://openalex.org/W2012793988
https://openalex.org/W2062071579
https://openalex.org/W1990225484
https://openalex.org/W2161889623
https://openalex.org/W2090633890
https://openalex.org/W2144427644
https://openalex.org/W2015133765
https://openalex.org/W2122761469
https://openalex.org/W2065380134
https://openalex.org/W2323875487
https://openalex.org/W2024605898
https://openalex.org/W2051193226
https://openalex.org/W2275811363
https://openalex.org/W2130777678
https://openalex.org/W2020600607
https://openalex.org/W2110619272
https://openalex.org/W2162356032
https://openalex.org/W1999506362
https://openalex.org/W2120800125
https://openalex.org/W2144905863
https://openalex.org/W2160088467
https://openalex.org/W1623394236
https://openalex.org/W2734965995
https://openalex.org/W2590546172
https://openalex.org/W2744991465
https://openalex.org/W2601932379
https://openalex.org/W2741131109
https://openalex.org/W2025293780
https://openalex.org/W2218987443
https://openalex.org/W2263357377
https://openalex.org/W2804486622
https://openalex.org/W2114323702
https://openalex.org/W2442930816
https://openalex.org/W2549809554
https://openalex.org/W2278508017
https://openalex.org/W2566000288
https://openalex.org/W2895790180
https://openalex.org/W2969519957
https://openalex.org/W2038838156
https://openalex.org/W2794468935
https://openalex.org/W2963148766
https://openalex.org/W2330868501
https://openalex.org/W2964239703
https://openalex.org/W2740686538
https://openalex.org/W2726427712
https://openalex.org/W2752664220
https://openalex.org/W2972593190
https://openalex.org/W2970791329
https://openalex.org/W2742917477
https://openalex.org/W2896619208
https://openalex.org/W2993687857
https://openalex.org/W3014422499
https://openalex.org/W3179036341
https://openalex.org/W3006126324
https://openalex.org/W4306954821
https://openalex.org/W4390064653
https://openalex.org/W4391277972
https://openalex.org/W4391644572
https://openalex.org/W4393900487
https://openalex.org/W2014508855
https://openalex.org/W1484613809
https://openalex.org/W1966561371
https://openalex.org/W2222277795
https://openalex.org/W2089241799
https://openalex.org/W2112537790
https://openalex.org/W2030352151
https://openalex.org/W2067245318
https://openalex.org/W2170590159
https://openalex.org/W1579710075
https://openalex.org/W2071560991
https://openalex.org/W2161301365
https://openalex.org/W1982010309
https://openalex.org/W1995266695
https://openalex.org/W2083588364
https://openalex.org/W2078681950
https://openalex.org/W2155304716
https://openalex.org/W2014325049
https://openalex.org/W2062826209
https://openalex.org/W2074764096
https://openalex.org/W2076848253
https://openalex.org/W2062113306
https://openalex.org/W2092962927
https://openalex.org/W2027214449
https://openalex.org/W2024857284
https://openalex.org/W2045123071
https://openalex.org/W2096361192
https://openalex.org/W1999007680
https://openalex.org/W2139688784
https://openalex.org/W2312819750
https://openalex.org/W2032539443
https://openalex.org/W2016189593
https://openalex.org/W2049350777
https://openalex.org/W1961848161
https://openalex.org/W1643952445
https://openalex.org/W189006266
https://openalex.org/W2484685006
https://openalex.org/W2554764910
https://openalex.org/W1701573926
https://openalex.org/W2751058868
https://openalex.org/W2758696871
https://openalex.org/W2790206147
https://openalex.org/W2923010981
https://openalex.org/W3104123947
https://openalex.org/W2596356819
https://openalex.org/W2341555095
https://openalex.org/W2901425230
https://openalex.org/W2977023330
https://openalex.org/W2921618316
https://openalex.org/W2937232990
https://openalex.org/W3138519242
https://openalex.org/W3123458882
https://openalex.org/W3174991648
https://openalex.org/W4200378061
https://openalex.org/W3133857126
https://openalex.org/W4238563303
https://openalex.org/W4281787230
https://openalex.org/W4376648554
https://openalex.org/W4384154994
https://openalex.org/W4319841241
https://openalex.org/W4322490142
https://openalex.org/W4380031243
https://openalex.org/W1989069995
https://openalex.org/W2060071257
https://openalex.org/W585849205
https://openalex.org/W2131781847
https://openalex.org/W384713989
https://openalex.org/W1501259224
https://openalex.org/W2046264578
https://openalex.org/W2128924024
https://openalex.org/W2021777494
https://openalex.org/W2094967472
https://openalex.org/W1987423132
https://openalex.org/W2951404716
https://openalex.org/W3004448939
https://openalex.org/W2016649875
https://openalex.org/W2085538915
https://openalex.org/W2049339513
https://openalex.org/W2056519944
https://openalex.org/W2114666201
https://openalex.org/W2046066827
https://openalex.org/W2115633297
https://openalex.org/W2008269570
https://openalex.org/W2014699488
https://openalex.org/W2018521534
https://openalex.org/W2042041406
https://openalex.org/W2021817812
https://openalex.org/W3101008197
https://openalex.org/W1980441253
https://openalex.org/W2011374057
https://openalex.org/W2030563755
https://openalex.org/W2143391022
https://openalex.org/W1985685974
https://openalex.org/W2249451056
https://openalex.org/W1820918478
https://openalex.org/W2020955927
https://openalex.org/W2021194284
https://openalex.org/W2031170123
https://openalex.org/W2327510036
https://openalex.org/W2030027898
https://openalex.org/W2086586636
https://openalex.org/W2074238546
https://openalex.org/W2261259141
https://openalex.org/W2284037143
https://openalex.org/W2767688872
https://openalex.org/W2772543826
https://openalex.org/W2022942670
https://openalex.org/W2620948264
https://openalex.org/W2807948795
https://openalex.org/W2900326146
https://openalex.org/W2424012392
https://openalex.org/W2515135035
https://openalex.org/W2274784484
https://openalex.org/W3011790559
https://openalex.org/W3017672781
https://openalex.org/W2989270518
https://openalex.org/W3139863483
https://openalex.org/W3150628771
https://openalex.org/W4220977533
https://openalex.org/W4280579582
https://openalex.org/W4226053341
https://openalex.org/W4307499292
https://openalex.org/W4366374717
https://openalex.org/W4376955858
https://openalex.org/W4382243612
https://openalex.org/W2049274293
https://openalex.org/W2010100568
https://openalex.org/W2269850096
https://openalex.org/W2076303865
https://openalex.org/W2060494662
https://openalex.org/W2152628496
https://openalex.org/W2125535258
https://openalex.org/W117110348
https://openalex.org/W2109906982
https://openalex.org/W2142029671
https://openalex.org/W1835674832
https://openalex.org/W2142988817
https://openalex.org/W1972306120
https://openalex.org/W2040756737
https://openalex.org/W2058053179
https://openalex.org/W2403020764
https://openalex.org/W1969790296
https://openalex.org/W1990519076
https://openalex.org/W1972008712
https://openalex.org/W2018451562
https://openalex.org/W2021755538
https://openalex.org/W2081531361
https://openalex.org/W2321754650
https://openalex.org/W2416272547
https://openalex.org/W2058553466
https://openalex.org/W2059684490
https://openalex.org/W2135609999
https://openalex.org/W1979196001
https://openalex.org/W1984003175
https://openalex.org/W2040303106
https://openalex.org/W2147130252
https://openalex.org/W1993571934
https://openalex.org/W1964614301
https://openalex.org/W2077669430
https://openalex.org/W2324947475
https://openalex.org/W2505284621
https://openalex.org/W2612566883
https://openalex.org/W1580276535
https://openalex.org/W2047429070
https://openalex.org/W2325006112
https://openalex.org/W2469451171
https://openalex.org/W2019255196
https://openalex.org/W2625018508
https://openalex.org/W2290180618
https://openalex.org/W2296439643
https://openalex.org/W2345684554
https://openalex.org/W2794016422
https://openalex.org/W2905094407
https://openalex.org/W2592524648
https://openalex.org/W2806608866
https://openalex.org/W2906908865
https://openalex.org/W2963850050
https://openalex.org/W2943878351
https://openalex.org/W3016360418
https://openalex.org/W38672985
https://openalex.org/W3010182988
https://openalex.org/W2994356335
https://openalex.org/W3041007999
https://openalex.org/W2949881097
https://openalex.org/W2981929887
https://openalex.org/W3157411823
https://openalex.org/W3171002061
https://openalex.org/W3111569842
https://openalex.org/W3217296701
https://openalex.org/W4200201803
https://openalex.org/W3215475567
https://openalex.org/W4210932836
https://openalex.org/W4211164994
https://openalex.org/W4214915504
https://openalex.org/W4378172945
https://openalex.org/W1996508945
https://openalex.org/W1583701863
https://openalex.org/W2035030185
https://openalex.org/W2126718711
https://openalex.org/W2048031813
https://openalex.org/W2338252498
https://openalex.org/W1999148657
https://openalex.org/W2010371232
https://openalex.org/W2033634396
https://openalex.org/W2069926423
https://openalex.org/W1992131868
https://openalex.org/W2156090682
https://openalex.org/W1974332619
https://openalex.org/W2149286354
https://openalex.org/W2018577769
https://openalex.org/W2116683314
https://openalex.org/W1966030461
https://openalex.org/W2036498506
https://openalex.org/W2158134952
https://openalex.org/W2170368354
https://openalex.org/W1986395989
https://openalex.org/W61370129
https://openalex.org/W1983000744
https://openalex.org/W1600799890
https://openalex.org/W2049686279
https://openalex.org/W2140497442
https://openalex.org/W1989995531
https://openalex.org/W2020636752
https://openalex.org/W2025128273
https://openalex.org/W2313100838
https://openalex.org/W2040357334
https://openalex.org/W2053434775
https://openalex.org/W2071315195
https://openalex.org/W2047205087
https://openalex.org/W2082435350
https://openalex.org/W2095194562
https://openalex.org/W2139586248
https://openalex.org/W2010720613
https://openalex.org/W2116793166
https://openalex.org/W2026210897
https://openalex.org/W2087882113
https://openalex.org/W2094022511
https://openalex.org/W2100195396
https://openalex.org/W2034998514
https://openalex.org/W2519716312
https://openalex.org/W2524392131
https://openalex.org/W2790895752
https://openalex.org/W2801791765
https://openalex.org/W1818102884
https://openalex.org/W2132151567
https://openalex.org/W2184146104
https://openalex.org/W2336610869
https://openalex.org/W2593310133
https://openalex.org/W2473687589
https://openalex.org/W2563169598
https://openalex.org/W2605274788
https://openalex.org/W2736425341
https://openalex.org/W2782784173
https://openalex.org/W2907529768
https://openalex.org/W2921614046
https://openalex.org/W2942291353
https://openalex.org/W2952588367
https://openalex.org/W2971242069
https://openalex.org/W3006581390
https://openalex.org/W3086950488
https://openalex.org/W3091632721
https://openalex.org/W3113366074
https://openalex.org/W3172870950
https://openalex.org/W3213961637
https://openalex.org/W3210085598
https://openalex.org/W4225146226
https://openalex.org/W4296992694
https://openalex.org/W4308293841
https://openalex.org/W4283642094
https://openalex.org/W4309366062
https://openalex.org/W4311257356
https://openalex.org/W4318685247
https://openalex.org/W4385211308
https://openalex.org/W2131296668
https://openalex.org/W2070802058
https://openalex.org/W1831336542
https://openalex.org/W1973984178
https://openalex.org/W2001956996
https://openalex.org/W2130307458
https://openalex.org/W2471854416
https://openalex.org/W2003226543
https://openalex.org/W2132896726
https://openalex.org/W2417380334
https://openalex.org/W1968646744
https://openalex.org/W2017218124
https://openalex.org/W1582304406
https://openalex.org/W2001167008
https://openalex.org/W2035717771
https://openalex.org/W2048009267
https://openalex.org/W1977946717
https://openalex.org/W1979395933
https://openalex.org/W2010061068
https://openalex.org/W2082458025
https://openalex.org/W2109694642
https://openalex.org/W2030165975
https://openalex.org/W2013105269
https://openalex.org/W2060648780
https://openalex.org/W2062322434
https://openalex.org/W1573087551
https://openalex.org/W1976963825
https://openalex.org/W2050763140
https://openalex.org/W2063985844
https://openalex.org/W2002079386
https://openalex.org/W2007917153
https://openalex.org/W2085901856
https://openalex.org/W2210657740
https://openalex.org/W2011476437
https://openalex.org/W2057705865
https://openalex.org/W2126534176
https://openalex.org/W1985195165
https://openalex.org/W2027410705
https://openalex.org/W1984876272
https://openalex.org/W2026561095
https://openalex.org/W2095261611
https://openalex.org/W2764604625
https://openalex.org/W4235567996
https://openalex.org/W1978239949
https://openalex.org/W2032045221
https://openalex.org/W2117711055
https://openalex.org/W1539179546
https://openalex.org/W1987970711
https://openalex.org/W2151078172
https://openalex.org/W1933903411
https://openalex.org/W2787053320
https://openalex.org/W4301902258
https://openalex.org/W974244270
https://openalex.org/W2134804946
https://openalex.org/W2592402732
https://openalex.org/W2766781858
https://openalex.org/W2792271885
https://openalex.org/W2239933902
https://openalex.org/W2246882530
https://openalex.org/W2503419620
https://openalex.org/W2782632095
https://openalex.org/W2796238763
https://openalex.org/W2945024947
https://openalex.org/W2982499843
https://openalex.org/W2021720766
https://openalex.org/W2055405816
https://openalex.org/W3097419124
https://openalex.org/W16103668
https://openalex.org/W2989825697
https://openalex.org/W3015656879
https://openalex.org/W3082835482
https://openalex.org/W3111502112
https://openalex.org/W3002391372
https://openalex.org/W3023595269
https://openalex.org/W3042979773
https://openalex.org/W3128080199
https://openalex.org/W3177620581
https://openalex.org/W3191067701
https://openalex.org/W3133570793
https://openalex.org/W3139080855
https://openalex.org/W3196523583
https://openalex.org/W3197624409
https://openalex.org/W3215038320
https://openalex.org/W4205365283
https://openalex.org/W4206397797
https://openalex.org/W4213332721
https://openalex.org/W4220910865
https://openalex.org/W4288041546
https://openalex.org/W4307508593
https://openalex.org/W4309933513
https://openalex.org/W4381250259
https://openalex.org/W4387623732
https://openalex.org/W4388688396
https://openalex.org/W4388805603
https://openalex.org/W4389804811
https://openalex.org/W4390499269
https://openalex.org/W4390508187
https://openalex.org/W4390751905
https://openalex.org/W4391110489
https://openalex.org/W4391269087
https://openalex.org/W4391405117
https://openalex.org/W4391539865
https://openalex.org/W4391565576
https://openalex.org/W4391577564
https://openalex.org/W4391669745
https://openalex.org/W4391678839
https://openalex.org/W4391732084
https://openalex.org/W4391862389
https://openalex.org/W4392035791
https://openalex.org/W4392090145
https://openalex.org/W4392172647
https://openalex.org/W4392189632
https://openalex.org/W4392196409
https://openalex.org/W4392203506
https://openalex.org/W4392230227
https://openalex.org/W4392295047
https://openalex.org/W4392300085
https://openalex.org/W4392345148
https://openalex.org/W4392578659
https://openalex.org/W4392580622
https://openalex.org/W4392588064
https://openalex.org/W4392602719
https://openalex.org/W4392925689
https://openalex.org/W4392987204
https://openalex.org/W4393087703
https://openalex.org/W4393300157
https://openalex.org/W4393300184
https://openalex.org/W4393341709
https://openalex.org/W4394827533
https://openalex.org/W4394859549
https://openalex.org/W4394989411
https://openalex.org/W4395083290
https://openalex.org/W2011579709
https://openalex.org/W2136450930
https://openalex.org/W2164489756
https://openalex.org/W2029986309
https://openalex.org/W2070984749
https://openalex.org/W2078091697
https://openalex.org/W1523166317
https://openalex.org/W1988694633
https://openalex.org/W1999653758
https://openalex.org/W1967478044
https://openalex.org/W1988297527
https://openalex.org/W2084077890
https://openalex.org/W1998329798
https://openalex.org/W2017297912
https://openalex.org/W2069850545
https://openalex.org/W2108166359
https://openalex.org/W2070780253
https://openalex.org/W1985308395
https://openalex.org/W2054312382
https://openalex.org/W2059059746
https://openalex.org/W2066208736
https://openalex.org/W2097149049
https://openalex.org/W2091448958
https://openalex.org/W1991288734
https://openalex.org/W2029278091
https://openalex.org/W2074931823
https://openalex.org/W1979754552
https://openalex.org/W2010237645
https://openalex.org/W3102505708
https://openalex.org/W2029187945
https://openalex.org/W2122263502
https://openalex.org/W1984955841
https://openalex.org/W2044414686
https://openalex.org/W2005327482
https://openalex.org/W2057082111
https://openalex.org/W2085229859
https://openalex.org/W1943574476
https://openalex.org/W1982492391
https://openalex.org/W2019198874
https://openalex.org/W2053603563
https://openalex.org/W325851073
https://openalex.org/W1984228926
https://openalex.org/W2093008109
https://openalex.org/W2258960064
https://openalex.org/W2313969506
https://openalex.org/W2760442522
https://openalex.org/W2788435968
https://openalex.org/W2891825965
https://openalex.org/W2963928051
https://openalex.org/W2038422693
https://openalex.org/W2113457933
https://openalex.org/W2801620217
https://openalex.org/W2806664642
https://openalex.org/W2883018637
https://openalex.org/W2962789451
https://openalex.org/W2911756685
https://openalex.org/W2962478298
https://openalex.org/W2985053049
https://openalex.org/W2987420310
https://openalex.org/W3026313166
https://openalex.org/W3081551377
https://openalex.org/W2275932356
https://openalex.org/W3126005722
https://openalex.org/W3185783218
https://openalex.org/W4318978570
https://openalex.org/W4321616771
https://openalex.org/W4322489292
https://openalex.org/W4323925200
https://openalex.org/W4361301929
https://openalex.org/W4368341276
https://openalex.org/W4372258189
https://openalex.org/W4376132882
https://openalex.org/W4385210050
https://openalex.org/W4387362147
https://openalex.org/W4388047419
https://openalex.org/W1511529767
https://openalex.org/W1494942337
https://openalex.org/W1998677064
https://openalex.org/W2002223932
https://openalex.org/W2095177525
https://openalex.org/W2057622414
https://openalex.org/W2820823386
https://openalex.org/W1539935972
https://openalex.org/W2039310682
https://openalex.org/W2797274746
https://openalex.org/W140874566
https://openalex.org/W2118500420
https://openalex.org/W2083453220
https://openalex.org/W2155822633
https://openalex.org/W1974668760
https://openalex.org/W2041289563
https://openalex.org/W2053079805
https://openalex.org/W2078638161
https://openalex.org/W2323564753
https://openalex.org/W1975554777
https://openalex.org/W2015407291
https://openalex.org/W2040708681
https://openalex.org/W2121449888
https://openalex.org/W1657909146
https://openalex.org/W2034623443
https://openalex.org/W2132058342
https://openalex.org/W2154915766
https://openalex.org/W1607531035
https://openalex.org/W2086732540
https://openalex.org/W2107737255
https://openalex.org/W2176077364
https://openalex.org/W2313754363
https://openalex.org/W2413343544
https://openalex.org/W2605899882
https://openalex.org/W2621894282
https://openalex.org/W2743462976
https://openalex.org/W2758707306
https://openalex.org/W2800264316
https://openalex.org/W1250830346
https://openalex.org/W2257294849
https://openalex.org/W2799298690
https://openalex.org/W2466263666
https://openalex.org/W2996904921
https://openalex.org/W3018984234
https://openalex.org/W3024981664
https://openalex.org/W3033748710
https://openalex.org/W3039998283
https://openalex.org/W3095162234
https://openalex.org/W1597701099
https://openalex.org/W2993654100
https://openalex.org/W3036771219
https://openalex.org/W3044222994
https://openalex.org/W3083096000
https://openalex.org/W3083552285
https://openalex.org/W3165582425
https://openalex.org/W3172074002
https://openalex.org/W3173748609
https://openalex.org/W2134621143
https://openalex.org/W4282932841
https://openalex.org/W4287881528
https://openalex.org/W4312179042
https://openalex.org/W2080710760
https://openalex.org/W1992187890
https://openalex.org/W2177134175
https://openalex.org/W2027240228
https://openalex.org/W1994227950
https://openalex.org/W2026455106
https://openalex.org/W1988692380
https://openalex.org/W1987727624
https://openalex.org/W1981981691
https://openalex.org/W2007536967
https://openalex.org/W2013532892
https://openalex.org/W2033392969
https://openalex.org/W2112846173
https://openalex.org/W2117120663
https://openalex.org/W2000296883
https://openalex.org/W1967801148
https://openalex.org/W2070639304
https://openalex.org/W2411939593
https://openalex.org/W1168767195
https://openalex.org/W2023627994
https://openalex.org/W2029653712
https://openalex.org/W1964893307
https://openalex.org/W1996117442
https://openalex.org/W2023480443
https://openalex.org/W2046042843
https://openalex.org/W2119903544
https://openalex.org/W2133385660
https://openalex.org/W2070151489
https://openalex.org/W1998770206
https://openalex.org/W2019425039
https://openalex.org/W2328784267
https://openalex.org/W1965138758
https://openalex.org/W1994138782
https://openalex.org/W2005253642
https://openalex.org/W2011727056
https://openalex.org/W579011788
https://openalex.org/W2112947594
https://openalex.org/W2130898706
https://openalex.org/W2147149101
https://openalex.org/W2171477763
https://openalex.org/W2767571422
https://openalex.org/W2895258071
https://openalex.org/W1974547401
https://openalex.org/W2330898901
https://openalex.org/W2526611383
https://openalex.org/W2574680859
https://openalex.org/W2745854939
https://openalex.org/W2774226989
https://openalex.org/W2903619499
https://openalex.org/W2949866496
https://openalex.org/W2975455013
https://openalex.org/W3010693647
https://openalex.org/W2308414609
https://openalex.org/W2522412448
https://openalex.org/W2734544569
https://openalex.org/W2912743013
https://openalex.org/W2937794646
https://openalex.org/W2950387033
https://openalex.org/W2952198537
https://openalex.org/W2953535431
https://openalex.org/W2990914939
https://openalex.org/W3006834225
https://openalex.org/W3011413804
https://openalex.org/W3037187376
https://openalex.org/W3045527099
https://openalex.org/W3076649495
https://openalex.org/W3094146068
https://openalex.org/W3175245138
https://openalex.org/W4200501485
https://openalex.org/W3195525958
https://openalex.org/W4200248634
https://openalex.org/W4205889978
https://openalex.org/W4206575901
https://openalex.org/W4224278788
https://openalex.org/W4226213848
https://openalex.org/W4283581103
https://openalex.org/W4283708644
https://openalex.org/W4293221136
https://openalex.org/W4293577070
https://openalex.org/W4295922658
https://openalex.org/W4306165934
https://openalex.org/W2045054573
https://openalex.org/W2010664933
https://openalex.org/W1974120708
https://openalex.org/W1975950272
https://openalex.org/W2009946579
https://openalex.org/W2124333997
https://openalex.org/W1973255478
https://openalex.org/W2036659300
https://openalex.org/W2013686836
https://openalex.org/W2016366856
https://openalex.org/W2217142083
https://openalex.org/W2324486723
https://openalex.org/W1964740783
https://openalex.org/W2072389099
https://openalex.org/W2011289454
https://openalex.org/W1858350546
https://openalex.org/W2025501485
https://openalex.org/W2133936282
https://openalex.org/W2022525677
https://openalex.org/W2089181242
https://openalex.org/W2038798006
https://openalex.org/W2939507012
https://openalex.org/W1969164905
https://openalex.org/W2016649542
https://openalex.org/W2140939864
https://openalex.org/W1934036976
https://openalex.org/W2046125028
https://openalex.org/W2333250007
https://openalex.org/W2625518085
https://openalex.org/W2774579377
https://openalex.org/W3004695153
https://openalex.org/W2013914172
https://openalex.org/W2052904730
https://openalex.org/W2140384918
https://openalex.org/W2197227361
https://openalex.org/W2465865893
https://openalex.org/W2514442816
https://openalex.org/W2529539405
https://openalex.org/W2612756221
https://openalex.org/W2735562657
https://openalex.org/W2766434619
https://openalex.org/W2800042388
https://openalex.org/W2807190771
https://openalex.org/W2908438610
https://openalex.org/W2924936069
https://openalex.org/W2953786073
https://openalex.org/W2987614647
https://openalex.org/W2224499788
https://openalex.org/W2274435484
https://openalex.org/W2296767551
https://openalex.org/W2331436459
https://openalex.org/W2483191064
https://openalex.org/W2516442324
https://openalex.org/W2541073698
https://openalex.org/W2588254292
https://openalex.org/W2962820987
https://openalex.org/W3038031237
https://openalex.org/W3038267139
https://openalex.org/W3111602075
https://openalex.org/W3113334142
https://openalex.org/W3127224910
https://openalex.org/W3153088996
https://openalex.org/W3159491762
https://openalex.org/W3159820401
https://openalex.org/W3160418865
https://openalex.org/W3184256853
https://openalex.org/W3189266763
https://openalex.org/W3212995416
https://openalex.org/W3215482722
https://openalex.org/W2018942042
https://openalex.org/W2082704838
https://openalex.org/W2109036596
https://openalex.org/W2026164217
https://openalex.org/W2008482173
https://openalex.org/W2025422475
https://openalex.org/W2165441042
https://openalex.org/W2042246797
https://openalex.org/W2046589252
https://openalex.org/W2094765469
https://openalex.org/W1897677036
https://openalex.org/W1978150732
https://openalex.org/W1978602033
https://openalex.org/W2282589603
https://openalex.org/W1428130774
https://openalex.org/W2004404661
https://openalex.org/W2006496633
https://openalex.org/W2037363105
https://openalex.org/W1990701905
https://openalex.org/W2076810295
https://openalex.org/W2094857148
https://openalex.org/W1665384336
https://openalex.org/W2118731588
https://openalex.org/W4243218473
https://openalex.org/W1990670424
https://openalex.org/W2051527621
https://openalex.org/W2058891692
https://openalex.org/W1599282721
https://openalex.org/W1966020515
https://openalex.org/W1599566507
https://openalex.org/W1978762798
https://openalex.org/W2030209888
https://openalex.org/W2075731389
https://openalex.org/W2527688490
https://openalex.org/W1673335653
https://openalex.org/W1964613853
https://openalex.org/W1976743403
https://openalex.org/W2077016173
https://openalex.org/W2132813582
https://openalex.org/W2157393484
https://openalex.org/W2195321824
https://openalex.org/W2209809107
https://openalex.org/W2326192070
https://openalex.org/W2410605616
https://openalex.org/W2521348450
https://openalex.org/W2772147213
https://openalex.org/W2898429800
https://openalex.org/W2914431023
https://openalex.org/W2917681079
https://openalex.org/W2963181938
https://openalex.org/W2969688603
https://openalex.org/W2989850601
https://openalex.org/W2995333915
https://openalex.org/W3098978124
https://openalex.org/W2329697040
https://openalex.org/W2395211615
https://openalex.org/W2417416295
https://openalex.org/W2545365617
https://openalex.org/W2794650120
https://openalex.org/W2912758060
https://openalex.org/W2943218389
https://openalex.org/W1506726144
https://openalex.org/W2326428024
https://openalex.org/W3006430864
https://openalex.org/W3010791491
https://openalex.org/W3039371162
https://openalex.org/W3084019918
https://openalex.org/W3127507815
https://openalex.org/W3127914724
https://openalex.org/W3129131841
https://openalex.org/W3166917844
https://openalex.org/W3171872458
https://openalex.org/W3215231004
https://openalex.org/W3174293999
https://openalex.org/W4284691245
https://openalex.org/W4285606377
https://openalex.org/W4294770745
https://openalex.org/W4301395639
https://openalex.org/W4308474374
https://openalex.org/W4309118997
https://openalex.org/W4310114949
https://openalex.org/W4315567583
https://openalex.org/W4316927726
https://openalex.org/W4317941588
https://openalex.org/W4318824594
https://openalex.org/W4320728305
https://openalex.org/W4323275797
https://openalex.org/W4361004449
https://openalex.org/W4364375872
https://openalex.org/W4377195771
https://openalex.org/W4377565112
https://openalex.org/W4381308665
https://openalex.org/W4381856073
https://openalex.org/W4382237142
https://openalex.org/W4382932129
https://openalex.org/W4383908917
https://openalex.org/W4384498197
https://openalex.org/W4385298705
https://openalex.org/W4385690264
https://openalex.org/W4385740972
https://openalex.org/W4386075321
https://openalex.org/W4387637675
https://openalex.org/W4387951378
https://openalex.org/W4388732153
https://openalex.org/W2003028412
https://openalex.org/W167650383
https://openalex.org/W1993921116
https://openalex.org/W1998357795
https://openalex.org/W1966568949
https://openalex.org/W2001098279
https://openalex.org/W2002042572
https://openalex.org/W2063965771
https://openalex.org/W2090652827
https://openalex.org/W2237492904
https://openalex.org/W1604546381
https://openalex.org/W1971394662
https://openalex.org/W2936798017
https://openalex.org/W2036810065
https://openalex.org/W1957001132
https://openalex.org/W1965820185
https://openalex.org/W1985446735
https://openalex.org/W2009857260
https://openalex.org/W2030070795
https://openalex.org/W2070332025
https://openalex.org/W2103077224
https://openalex.org/W2103679890
https://openalex.org/W2076922566
https://openalex.org/W2088543343
https://openalex.org/W2317218527
https://openalex.org/W2004443935
https://openalex.org/W2093697594
https://openalex.org/W2323545565
https://openalex.org/W2406412836
https://openalex.org/W2809085614
https://openalex.org/W2885435983
https://openalex.org/W2894112005
https://openalex.org/W2035756467
https://openalex.org/W2555108807
https://openalex.org/W2620308114
https://openalex.org/W2793456638
https://openalex.org/W2804228356
https://openalex.org/W2914784741
https://openalex.org/W2928090843
https://openalex.org/W2945344666
https://openalex.org/W2952368533
https://openalex.org/W2977527306
https://openalex.org/W2298789004
https://openalex.org/W1977275514
https://openalex.org/W1982864136
https://openalex.org/W2021970719
https://openalex.org/W2097908720
https://openalex.org/W2094975506
https://openalex.org/W2002460701
https://openalex.org/W2037234004
https://openalex.org/W2074290998
https://openalex.org/W2084329719
https://openalex.org/W2062404890
https://openalex.org/W1989621461
https://openalex.org/W2023340174
https://openalex.org/W2077649264
https://openalex.org/W2086810572
https://openalex.org/W2127749462
https://openalex.org/W2007337269
https://openalex.org/W2029442034
https://openalex.org/W2029757552
https://openalex.org/W2070696865
https://openalex.org/W2087293829
https://openalex.org/W2130799872
https://openalex.org/W2030611758
https://openalex.org/W2114398233
https://openalex.org/W2205532532
https://openalex.org/W2218745153
https://openalex.org/W1983611226
https://openalex.org/W2005071808
https://openalex.org/W2010014869
https://openalex.org/W2024762022
https://openalex.org/W2030317628
https://openalex.org/W2048876349
https://openalex.org/W2049999855
https://openalex.org/W2064929193
https://openalex.org/W2085091473
https://openalex.org/W2089186709
https://openalex.org/W2124086574
https://openalex.org/W2315699044
https://openalex.org/W2802521793
https://openalex.org/W2805188861
https://openalex.org/W2891704351
https://openalex.org/W2899074263
https://openalex.org/W4237095392
https://openalex.org/W1985195432
https://openalex.org/W2038399995
https://openalex.org/W2088190120
https://openalex.org/W2093983996
https://openalex.org/W2109733759
https://openalex.org/W2186171382
https://openalex.org/W2207354771
https://openalex.org/W2330454889
https://openalex.org/W2344292229
https://openalex.org/W2473633680
https://openalex.org/W2558342930
https://openalex.org/W2561732957
https://openalex.org/W2581489634
https://openalex.org/W2593579850
https://openalex.org/W2605147711
https://openalex.org/W2607657059
https://openalex.org/W2746512965
https://openalex.org/W2911682815
https://openalex.org/W2943564391
https://openalex.org/W2949775276
https://openalex.org/W3073177268
https://openalex.org/W3084063418
https://openalex.org/W3084608677
https://openalex.org/W3092002075
https://openalex.org/W2045973183
https://openalex.org/W2475884229
https://openalex.org/W2563289149
https://openalex.org/W3090096255
https://openalex.org/W3121103430
https://openalex.org/W3162792034
https://openalex.org/W3164479788
https://openalex.org/W3170363377
https://openalex.org/W3185329327
https://openalex.org/W3205983644
https://openalex.org/W3210165825
https://openalex.org/W1964221688
https://openalex.org/W2023273683
https://openalex.org/W2046549106
https://openalex.org/W1564959717
https://openalex.org/W1967177105
https://openalex.org/W2412053940
https://openalex.org/W2054831674
https://openalex.org/W2089641457
https://openalex.org/W1987254157
https://openalex.org/W1993763361
https://openalex.org/W2034076414
https://openalex.org/W2030862903
https://openalex.org/W1553170123
https://openalex.org/W1981982228
https://openalex.org/W1985651007
https://openalex.org/W2006509666
https://openalex.org/W2064397104
https://openalex.org/W2087089085
https://openalex.org/W2068787103
https://openalex.org/W2017724182
https://openalex.org/W2042782460
https://openalex.org/W2078432460
https://openalex.org/W2087423057
https://openalex.org/W2098737344
https://openalex.org/W2026446768
https://openalex.org/W2061757206
https://openalex.org/W2071933419
https://openalex.org/W2092974859
https://openalex.org/W2325132592
https://openalex.org/W2870563590
https://openalex.org/W2897095540
https://openalex.org/W1934254508
https://openalex.org/W1977364852
https://openalex.org/W2014851166
https://openalex.org/W2030374355
https://openalex.org/W2050466146
https://openalex.org/W2060818091
https://openalex.org/W2078395764
https://openalex.org/W2084103025
https://openalex.org/W2105833939
https://openalex.org/W2734926141
https://openalex.org/W2746903942
https://openalex.org/W2755624804
https://openalex.org/W2768188586
https://openalex.org/W2986992072
https://openalex.org/W2990140393
https://openalex.org/W3016710746
https://openalex.org/W3021487344
https://openalex.org/W3032113727
https://openalex.org/W2068449941
https://openalex.org/W2331129242
https://openalex.org/W3122871787
https://openalex.org/W3164271736
https://openalex.org/W3181569671
https://openalex.org/W3189824692
https://openalex.org/W3201703281
https://openalex.org/W3203484337
https://openalex.org/W3205956139
https://openalex.org/W4200405845
https://openalex.org/W4200230581
https://openalex.org/W4206787242
https://openalex.org/W4223495620
https://openalex.org/W4226051399
https://openalex.org/W4229072235
https://openalex.org/W4283820070
https://openalex.org/W4284891393
https://openalex.org/W4285589660
https://openalex.org/W4285816479
https://openalex.org/W4306850813
https://openalex.org/W4313546378
https://openalex.org/W1978391987
https://openalex.org/W2009419617
https://openalex.org/W2053614137
https://openalex.org/W2170320575
https://openalex.org/W2025349876
https://openalex.org/W2071475006
https://openalex.org/W2006092475
https://openalex.org/W2518794944
https://openalex.org/W1983745382
https://openalex.org/W2038798647
https://openalex.org/W1967219977
https://openalex.org/W1996498116
https://openalex.org/W1979514954
https://openalex.org/W2039598489
https://openalex.org/W2062381702
https://openalex.org/W2158036934
https://openalex.org/W1271122920
https://openalex.org/W2083535089
https://openalex.org/W1999742118
https://openalex.org/W2171575290
https://openalex.org/W1982856950
https://openalex.org/W1262295151
https://openalex.org/W2016050763
https://openalex.org/W2801873906
https://openalex.org/W2893341465
https://openalex.org/W2899155327
https://openalex.org/W2901766575
https://openalex.org/W1526942653
https://openalex.org/W1837068906
https://openalex.org/W1998026289
https://openalex.org/W2042489844
https://openalex.org/W2072110236
https://openalex.org/W2074557790
https://openalex.org/W2096113866
https://openalex.org/W2101026437
https://openalex.org/W2142435899
https://openalex.org/W2172178424
https://openalex.org/W2284052818
https://openalex.org/W2296302314
https://openalex.org/W2535188942
https://openalex.org/W2544684136
https://openalex.org/W2554757535
https://openalex.org/W2598464802
https://openalex.org/W3004748986
https://openalex.org/W3005525933
https://openalex.org/W3014542405
https://openalex.org/W3049244571
https://openalex.org/W3081869926
https://openalex.org/W3086589273
https://openalex.org/W3088908070
https://openalex.org/W3097701761
https://openalex.org/W1998457232
https://openalex.org/W2062706880
https://openalex.org/W2899060440
https://openalex.org/W2018636081
https://openalex.org/W1987681357
https://openalex.org/W1992457474
https://openalex.org/W2006691037
https://openalex.org/W2055045150
https://openalex.org/W2056722621
https://openalex.org/W2463471954
https://openalex.org/W1983624419
https://openalex.org/W2044590496
https://openalex.org/W2073672785
https://openalex.org/W2027836718
https://openalex.org/W2138194407
https://openalex.org/W1974742771
https://openalex.org/W1981095174
https://openalex.org/W2121065792
https://openalex.org/W2002933763
https://openalex.org/W2042686014
https://openalex.org/W2057102617
https://openalex.org/W1889476996
https://openalex.org/W1975892658
https://openalex.org/W2000404243
https://openalex.org/W2006625646
https://openalex.org/W2018937330
https://openalex.org/W2026803926
https://openalex.org/W2052845334
https://openalex.org/W2058694117
https://openalex.org/W2059832710
https://openalex.org/W2075744278
https://openalex.org/W2118891695
https://openalex.org/W1652794233
https://openalex.org/W2070730230
https://openalex.org/W2081783496
https://openalex.org/W2888408109
https://openalex.org/W2901396957
https://openalex.org/W2902418637
https://openalex.org/W2905304819
https://openalex.org/W2910103178
https://openalex.org/W2911647034
https://openalex.org/W2941075885
https://openalex.org/W1901827559
https://openalex.org/W2067316419
https://openalex.org/W2081063637
https://openalex.org/W2087403209
https://openalex.org/W2218690960
https://openalex.org/W2344869834
https://openalex.org/W2346510237
https://openalex.org/W2470460895
https://openalex.org/W2471254681
https://openalex.org/W2480188758
https://openalex.org/W2513806780
https://openalex.org/W2519164897
https://openalex.org/W2587389678
https://openalex.org/W2587691806
https://openalex.org/W3092161479
https://openalex.org/W3113392604
https://openalex.org/W3124076935
https://openalex.org/W3130630398
https://openalex.org/W3135948137
https://openalex.org/W3136863846
https://openalex.org/W3169209551
https://openalex.org/W3188202544
https://openalex.org/W3194131779
https://openalex.org/W3195941099
https://openalex.org/W3196166917
https://openalex.org/W3201002135
https://openalex.org/W4200251734
https://openalex.org/W2026950378
https://openalex.org/W2039335288
https://openalex.org/W2463322559
https://openalex.org/W2616255982
https://openalex.org/W267482102
https://openalex.org/W163683967
https://openalex.org/W1977055129
https://openalex.org/W2022484855
https://openalex.org/W2048068064
https://openalex.org/W2143076018
https://openalex.org/W2071947222
https://openalex.org/W2079507359
https://openalex.org/W2475404840
https://openalex.org/W1981390956
https://openalex.org/W1997660555
https://openalex.org/W2074771515
https://openalex.org/W3098646801
https://openalex.org/W2108499288
https://openalex.org/W2325525757
https://openalex.org/W1559089344
https://openalex.org/W2002764364
https://openalex.org/W1985697626
https://openalex.org/W2052507336
https://openalex.org/W2068863889
https://openalex.org/W2073959292
https://openalex.org/W2117368540
https://openalex.org/W2131346229
https://openalex.org/W2183183801
https://openalex.org/W2727721326
https://openalex.org/W2800824580
https://openalex.org/W2898947142
https://openalex.org/W2900694631
https://openalex.org/W2901372335
https://openalex.org/W2904367169
https://openalex.org/W2924948829
https://openalex.org/W2958238183
https://openalex.org/W2970800674
https://openalex.org/W2979412268
https://openalex.org/W2996427388
https://openalex.org/W3001588938
https://openalex.org/W3005875081
https://openalex.org/W3020889678
https://openalex.org/W3027153263
https://openalex.org/W3030702674
https://openalex.org/W3039204780
https://openalex.org/W3080168964
https://openalex.org/W3095781803
https://openalex.org/W3096728657
https://openalex.org/W3096930302
https://openalex.org/W4241547299
https://openalex.org/W1480482363
https://openalex.org/W1664873862
https://openalex.org/W1828247109
https://openalex.org/W2050547040
https://openalex.org/W2077478720
https://openalex.org/W2475161474
https://openalex.org/W2536610723
https://openalex.org/W294618499
https://openalex.org/W3217669062
https://openalex.org/W4200068024
https://openalex.org/W4205709237
https://openalex.org/W4210347262
https://openalex.org/W4220768457
https://openalex.org/W4221110263
https://openalex.org/W4223976199
https://openalex.org/W4226093342
https://openalex.org/W4229333609
https://openalex.org/W4280514880
https://openalex.org/W4289520509
https://openalex.org/W4289528123
https://openalex.org/W4289655215
https://openalex.org/W4291162641
https://openalex.org/W4293510961
https://openalex.org/W4295424571
https://openalex.org/W4304206872
https://openalex.org/W4308587144
https://openalex.org/W4315436397
https://openalex.org/W1989275723
https://openalex.org/W2008923696
https://openalex.org/W2081712657
https://openalex.org/W255404087
https://openalex.org/W4246058430
https://openalex.org/W2190841703
https://openalex.org/W2413407471
https://openalex.org/W4245049869
https://openalex.org/W4256266329
https://openalex.org/W1591315479
https://openalex.org/W2071018805
https://openalex.org/W2080843589
https://openalex.org/W2094900591
https://openalex.org/W1968669370
https://openalex.org/W1993145423
https://openalex.org/W2041673177
https://openalex.org/W1552692008
https://openalex.org/W2119341067
https://openalex.org/W1970568379
https://openalex.org/W2055078025
https://openalex.org/W2058366328
https://openalex.org/W2064126947
https://openalex.org/W2166850897
https://openalex.org/W2413740461
https://openalex.org/W1975234312
https://openalex.org/W1989463342
https://openalex.org/W2014319462
https://openalex.org/W2030382702
https://openalex.org/W204677064
https://openalex.org/W2049523694
https://openalex.org/W2051097845
https://openalex.org/W2125233055
https://openalex.org/W2155681038
https://openalex.org/W2185610682
https://openalex.org/W2950584541
https://openalex.org/W3054929447
https://openalex.org/W333791655
https://openalex.org/W49539533
https://openalex.org/W2084089581
https://openalex.org/W2950799949
https://openalex.org/W2064167963
https://openalex.org/W4244975957
https://openalex.org/W2088008170
https://openalex.org/W2130369231
https://openalex.org/W2177275683
https://openalex.org/W2542919066
https://openalex.org/W2019266690
https://openalex.org/W2098237546
https://openalex.org/W1509050086
https://openalex.org/W1899577093
https://openalex.org/W2012544179
https://openalex.org/W2047784566
https://openalex.org/W2079653380
https://openalex.org/W2135039505
https://openalex.org/W2588918187
https://openalex.org/W2619859803
https://openalex.org/W2752284099
https://openalex.org/W2775207837
https://openalex.org/W2791617667
https://openalex.org/W2798977862
https://openalex.org/W2807780591
https://openalex.org/W2883902264
https://openalex.org/W2894921683
https://openalex.org/W2897008009
https://openalex.org/W2901347057
https://openalex.org/W2908400347
https://openalex.org/W2939611183
https://openalex.org/W2941392898
https://openalex.org/W2977208458
https://openalex.org/W3007403405
https://openalex.org/W3039772259
https://openalex.org/W3046749708
https://openalex.org/W3120166123
https://openalex.org/W3127669249
https://openalex.org/W3138028017
https://openalex.org/W3139107707
https://openalex.org/W3159076973
https://openalex.org/W3160736424
https://openalex.org/W3172393488
https://openalex.org/W3176520731
https://openalex.org/W3194353505
https://openalex.org/W3203424982
https://openalex.org/W3208765664
https://openalex.org/W4236430628
https://openalex.org/W4248604186
https://openalex.org/W2293755045
https://openalex.org/W2297761582
https://openalex.org/W2323016243
https://openalex.org/W2464284618
https://openalex.org/W2014841536
https://openalex.org/W2050859636
https://openalex.org/W2019650691
https://openalex.org/W2021507264
https://openalex.org/W2035307892
https://openalex.org/W2095398893
https://openalex.org/W2164416733
https://openalex.org/W2181248164
https://openalex.org/W1926441888
https://openalex.org/W2027491442
https://openalex.org/W2047243781
https://openalex.org/W2057267355
https://openalex.org/W2059883427
https://openalex.org/W2091998766
https://openalex.org/W2462006984
https://openalex.org/W2047180580
https://openalex.org/W2084694069
https://openalex.org/W1480811645
https://openalex.org/W2032321493
https://openalex.org/W2059459048
https://openalex.org/W2132157287
https://openalex.org/W2322991935
https://openalex.org/W2479407329
https://openalex.org/W1183218432
https://openalex.org/W1452970883
https://openalex.org/W15304729
https://openalex.org/W1988213809
https://openalex.org/W1988473863
https://openalex.org/W2024535081
https://openalex.org/W2037272310
https://openalex.org/W2041540840
https://openalex.org/W2076687165
https://openalex.org/W2102632850
https://openalex.org/W2164885568
https://openalex.org/W2467281375
https://openalex.org/W2761542894
https://openalex.org/W2949310578
https://openalex.org/W4238354585
https://openalex.org/W819584623
https://openalex.org/W3162474077
https://openalex.org/W4308796739
https://openalex.org/W4310065781
https://openalex.org/W4312620787
https://openalex.org/W4317497200
https://openalex.org/W4318162769
https://openalex.org/W4318719594
https://openalex.org/W4320730607
https://openalex.org/W4321118293
https://openalex.org/W4360609138
https://openalex.org/W4362523542
https://openalex.org/W4362585696
https://openalex.org/W4362598639
https://openalex.org/W4362736432
https://openalex.org/W4367044198
https://openalex.org/W4376129042
https://openalex.org/W4376271978
https://openalex.org/W4376311987
https://openalex.org/W4376505101
https://openalex.org/W4377221350
https://openalex.org/W4378194918
https://openalex.org/W4378835622
https://openalex.org/W4379740865
https://openalex.org/W4379875335
https://openalex.org/W4380608492
https://openalex.org/W4380627393
https://openalex.org/W4380730898
https://openalex.org/W4381143803
https://openalex.org/W4382067231
https://openalex.org/W4383560522
https://openalex.org/W4383987642
https://openalex.org/W4384447331
https://openalex.org/W4385078060
https://openalex.org/W4385078859
https://openalex.org/W4385277611
https://openalex.org/W4385306592
https://openalex.org/W4385467040
https://openalex.org/W4385556683
https://openalex.org/W4385563777
https://openalex.org/W4385615294
https://openalex.org/W4385635732
https://openalex.org/W4385723630
https://openalex.org/W4386066307
https://openalex.org/W4386107963
https://openalex.org/W4386226166
https://openalex.org/W4386251444
https://openalex.org/W4386256462
https://openalex.org/W4386426972
https://openalex.org/W4386920824
https://openalex.org/W4386932857
https://openalex.org/W4386932859
https://openalex.org/W4387062114
https://openalex.org/W4387079156
https://openalex.org/W4387128814
https://openalex.org/W4387635161
https://openalex.org/W4387639742
https://openalex.org/W4387819090
https://openalex.org/W4388034183
https://openalex.org/W4388486787
https://openalex.org/W4388526344
https://openalex.org/W4388593859
https://openalex.org/W4388680210
https://openalex.org/W4388716433
https://openalex.org/W4388728714
https://openalex.org/W4388733018
https://openalex.org/W4388811557
https://openalex.org/W4388843535
https://openalex.org/W4389082931
https://openalex.org/W4389203937
https://openalex.org/W4389218897
https://openalex.org/W4389222319
https://openalex.org/W4389234872
https://openalex.org/W4389259238
https://openalex.org/W4389725371
https://openalex.org/W4389763987
https://openalex.org/W4390059546
https://openalex.org/W4391266962
https://openalex.org/W4391461347
https://openalex.org/W4391549801
https://openalex.org/W4391630166
https://openalex.org/W4391732103
https://openalex.org/W4391769472
https://openalex.org/W4392152863
https://openalex.org/W4392680518
https://openalex.org/W4392685474
https://openalex.org/W4392686136
https://openalex.org/W4394249918
https://openalex.org/W4394432044
https://openalex.org/W4394490659
https://openalex.org/W4394561613
https://openalex.org/W2002062291
https://openalex.org/W2038090183
https://openalex.org/W4256147778
https://openalex.org/W1984459527
https://openalex.org/W1991532465
https://openalex.org/W2086239753
https://openalex.org/W1513577774
https://openalex.org/W2025677076
https://openalex.org/W2080675765
https://openalex.org/W2093166607
https://openalex.org/W2148742389
https://openalex.org/W21990364
https://openalex.org/W2148406574
https://openalex.org/W3018141189
https://openalex.org/W2313649428
https://openalex.org/W4231433180
https://openalex.org/W2001283568
https://openalex.org/W2592662732
https://openalex.org/W2592875872
https://openalex.org/W2619995605
https://openalex.org/W2626883883
https://openalex.org/W2764343323
https://openalex.org/W2778375150
https://openalex.org/W4293439084
https://openalex.org/W1968255763
https://openalex.org/W2062698928
https://openalex.org/W2563990107
https://openalex.org/W2049190501
https://openalex.org/W2063542180
https://openalex.org/W143650291
https://openalex.org/W2041619367
https://openalex.org/W2469697200
https://openalex.org/W1515126965
https://openalex.org/W1563240194
https://openalex.org/W1970632387
https://openalex.org/W2049369735
https://openalex.org/W2109343483
https://openalex.org/W2035357317
https://openalex.org/W2038920896
https://openalex.org/W2067648631
https://openalex.org/W2070745004
https://openalex.org/W2163344504
https://openalex.org/W2890525826
https://openalex.org/W2907569640
https://openalex.org/W2931391987
https://openalex.org/W2942592915
https://openalex.org/W2954207502
https://openalex.org/W2982307996
https://openalex.org/W29823807
https://openalex.org/W3005336757
https://openalex.org/W3018027498
https://openalex.org/W3028653472
https://openalex.org/W3035292973
https://openalex.org/W3037017514
https://openalex.org/W3049664510
https://openalex.org/W3080607546
https://openalex.org/W3103573032
https://openalex.org/W3106961309
https://openalex.org/W3108444004
https://openalex.org/W3125855147
https://openalex.org/W3131707211
https://openalex.org/W3134401524
https://openalex.org/W3134995214
https://openalex.org/W3150963772
https://openalex.org/W3153650985
https://openalex.org/W3164074240
https://openalex.org/W3174104981
https://openalex.org/W3176825265
https://openalex.org/W3180060191
https://openalex.org/W3183247687
https://openalex.org/W3193701511
https://openalex.org/W3210671939
https://openalex.org/W3214815879
https://openalex.org/W4214751467
https://openalex.org/W4242355417
https://openalex.org/W4254573369
https://openalex.org/W4287180963
https://openalex.org/W1979105497
https://openalex.org/W2271887239
https://openalex.org/W2413718801
https://openalex.org/W2471440517
https://openalex.org/W2492383276
https://openalex.org/W2553131443
https://openalex.org/W2586232172
https://openalex.org/W2980353239
https://openalex.org/W4205654481
https://openalex.org/W4206458600
https://openalex.org/W4213366290
https://openalex.org/W4220980331
https://openalex.org/W4281561662
https://openalex.org/W4285595601
https://openalex.org/W4286541142
https://openalex.org/W4293218872
https://openalex.org/W4302303516
https://openalex.org/W4304631607
https://openalex.org/W4307234937
https://openalex.org/W4308919950
https://openalex.org/W2018717328
https://openalex.org/W1977848204
https://openalex.org/W2003479225
https://openalex.org/W2042073865
https://openalex.org/W2051425051
https://openalex.org/W2416563152
https://openalex.org/W2031597179
https://openalex.org/W1524345375
https://openalex.org/W2164838650
https://openalex.org/W1705790154
https://openalex.org/W1983662899
https://openalex.org/W2015526044
https://openalex.org/W2018087008
https://openalex.org/W2018524356
https://openalex.org/W2022059737
https://openalex.org/W2031942517
https://openalex.org/W2035444505
https://openalex.org/W2039389520
https://openalex.org/W2043903172
https://openalex.org/W2078564694
https://openalex.org/W2079332639
https://openalex.org/W2131161936
https://openalex.org/W2141022397
https://openalex.org/W2154959110
https://openalex.org/W2181489556
https://openalex.org/W2313512199
https://openalex.org/W2324717073
https://openalex.org/W2398219421
https://openalex.org/W2462565382
https://openalex.org/W2549217875
https://openalex.org/W2790136453
https://openalex.org/W3170303523
https://openalex.org/W4210488451
https://openalex.org/W4213454945
https://openalex.org/W4226060902
https://openalex.org/W4242570775
https://openalex.org/W4252703827
https://openalex.org/W4281651964
https://openalex.org/W4291019397
https://openalex.org/W4306892752
https://openalex.org/W4309096771
https://openalex.org/W1982677732
https://openalex.org/W2086858897
https://openalex.org/W2797315044
https://openalex.org/W1968031062
https://openalex.org/W1977890390
https://openalex.org/W2000507565
https://openalex.org/W2057452371
https://openalex.org/W2081283789
https://openalex.org/W2413541959
https://openalex.org/W2433776676
https://openalex.org/W2122228234
https://openalex.org/W2208580079
https://openalex.org/W2525175007
https://openalex.org/W1977209010
https://openalex.org/W2013117022
https://openalex.org/W2039139800
https://openalex.org/W2052577133
https://openalex.org/W2068541238
https://openalex.org/W2082266028
https://openalex.org/W2090686456
https://openalex.org/W2094492507
https://openalex.org/W2325925727
https://openalex.org/W2396425897
https://openalex.org/W2552215832
https://openalex.org/W2564215538
https://openalex.org/W2579773601
https://openalex.org/W2724977468
https://openalex.org/W2760710439
https://openalex.org/W2762215263
https://openalex.org/W2775219232
https://openalex.org/W2779304326
https://openalex.org/W2783892561
https://openalex.org/W2915609809
https://openalex.org/W3003826196
https://openalex.org/W3098884382
https://openalex.org/W4244840471
https://openalex.org/W2052906220
https://openalex.org/W2114169826
https://openalex.org/W1487802702
https://openalex.org/W2014757047
https://openalex.org/W2138746800
https://openalex.org/W2503515134
https://openalex.org/W4253182692
https://openalex.org/W4256297219
https://openalex.org/W4366740946
https://openalex.org/W1996913755
https://openalex.org/W2035749636
https://openalex.org/W2014066242
https://openalex.org/W2022137535
https://openalex.org/W2066351327
https://openalex.org/W2066832421
https://openalex.org/W2094583661
https://openalex.org/W2118812746
https://openalex.org/W2131578429
https://openalex.org/W2142655435
https://openalex.org/W2270854484
https://openalex.org/W2384580246
https://openalex.org/W2396593571
https://openalex.org/W2467984234
https://openalex.org/W2790327559
https://openalex.org/W2803056408
https://openalex.org/W2884181463
https://openalex.org/W2885547698
https://openalex.org/W2886140273
https://openalex.org/W2894654863
https://openalex.org/W2898421288
https://openalex.org/W2909753396
https://openalex.org/W2954863355
https://openalex.org/W2998667389
https://openalex.org/W4235668850
https://openalex.org/W4248332199
https://openalex.org/W1973598068
https://openalex.org/W2001056048
https://openalex.org/W2008450662
https://openalex.org/W1993960846
https://openalex.org/W2010701935
https://openalex.org/W2011054735
https://openalex.org/W2024666118
https://openalex.org/W2057447234
https://openalex.org/W2068805490
https://openalex.org/W2069658777
https://openalex.org/W1600543622
https://openalex.org/W1845000024
https://openalex.org/W2018873476
https://openalex.org/W2326126723
https://openalex.org/W2003888813
https://openalex.org/W2053030185
https://openalex.org/W2078109020
https://openalex.org/W2096631881
https://openalex.org/W2938063054
https://openalex.org/W2963758461
https://openalex.org/W2973800653
https://openalex.org/W2992452646
https://openalex.org/W2997186086
https://openalex.org/W3001470042
https://openalex.org/W3003438913
https://openalex.org/W3010797185
https://openalex.org/W3028811420
https://openalex.org/W3032378021
https://openalex.org/W3059520399
https://openalex.org/W3081212167
https://openalex.org/W3087128000
https://openalex.org/W3089103520
https://openalex.org/W3096117091
https://openalex.org/W3110128088
https://openalex.org/W3113421476
https://openalex.org/W3114177913
https://openalex.org/W4238459247
https://openalex.org/W4241924443
https://openalex.org/W1647918991
https://openalex.org/W2031305168
https://openalex.org/W3026787042
https://openalex.org/W4244638584
https://openalex.org/W1565338280
https://openalex.org/W2051915932
https://openalex.org/W2128863920
https://openalex.org/W2911604942
https://openalex.org/W4250270314
https://openalex.org/W1965292101
https://openalex.org/W2033406196
https://openalex.org/W2094017804
https://openalex.org/W2566258762
https://openalex.org/W2994602969
https://openalex.org/W3136333947
https://openalex.org/W3137288415
https://openalex.org/W3138151509
https://openalex.org/W3138557909
https://openalex.org/W3154405037
https://openalex.org/W3155643860
https://openalex.org/W3157111505
https://openalex.org/W3157707807
https://openalex.org/W3158149469
https://openalex.org/W3161818488
https://openalex.org/W3195519327
https://openalex.org/W3196026830
https://openalex.org/W3196933867
https://openalex.org/W3197389581
https://openalex.org/W3198763211
https://openalex.org/W3204279328
https://openalex.org/W3205271779
https://openalex.org/W3208897313
https://openalex.org/W3210314406
https://openalex.org/W4253536512
https://openalex.org/W4285534949
https://openalex.org/W4393214197
https://openalex.org/W2559933397
https://openalex.org/W2587571246
https://openalex.org/W2591358711
https://openalex.org/W2751075582
https://openalex.org/W2408777931
https://openalex.org/W2423088630
https://openalex.org/W2022744218
https://openalex.org/W2059563608
https://openalex.org/W2065342794
https://openalex.org/W2074110151
https://openalex.org/W2143254000
https://openalex.org/W2417088861
https://openalex.org/W2431286626
https://openalex.org/W161418575
https://openalex.org/W2185020897
https://openalex.org/W2315453167
https://openalex.org/W2323607312
https://openalex.org/W2358932648
https://openalex.org/W92751227
https://openalex.org/W2461822506
https://openalex.org/W1976338621
https://openalex.org/W1986529166
https://openalex.org/W2040718602
https://openalex.org/W2058560667
https://openalex.org/W2089872783
https://openalex.org/W2131291276
https://openalex.org/W2855576107
https://openalex.org/W2091391333
https://openalex.org/W110396083
https://openalex.org/W1483379931
https://openalex.org/W1532289647
https://openalex.org/W1589663284
https://openalex.org/W1651861667
https://openalex.org/W1754442220
https://openalex.org/W1969875058
https://openalex.org/W2003899633
https://openalex.org/W2044406859
https://openalex.org/W2052468001
https://openalex.org/W2058651703
https://openalex.org/W2132716434
https://openalex.org/W2183189758
https://openalex.org/W2200860277
https://openalex.org/W2210494647
https://openalex.org/W2239373094
https://openalex.org/W2254759225
https://openalex.org/W2273848208
https://openalex.org/W2283076086
https://openalex.org/W2284139806
https://openalex.org/W2286403941
https://openalex.org/W2292340505
https://openalex.org/W2293126540
https://openalex.org/W2297548173
https://openalex.org/W2304790507
https://openalex.org/W2315090930
https://openalex.org/W2315928367
https://openalex.org/W2327556456
https://openalex.org/W2328136479
https://openalex.org/W2329497508
https://openalex.org/W2331675946
https://openalex.org/W2337292589
https://openalex.org/W2338958600
https://openalex.org/W2339495743
https://openalex.org/W2339789980
https://openalex.org/W2339916585
https://openalex.org/W2341081408
https://openalex.org/W2343302362
https://openalex.org/W2364557213
https://openalex.org/W2384667968
https://openalex.org/W2394742469
https://openalex.org/W2394950134
https://openalex.org/W2414143596
https://openalex.org/W2436132733
https://openalex.org/W2439451672
https://openalex.org/W2461298537
https://openalex.org/W2463418038
https://openalex.org/W2465151141
https://openalex.org/W2469255618
https://openalex.org/W2482254412
https://openalex.org/W2505165588
https://openalex.org/W2514822428
https://openalex.org/W2516671277
https://openalex.org/W2516696643
https://openalex.org/W2516968256
https://openalex.org/W2518334525
https://openalex.org/W2519244333
https://openalex.org/W2522702832
https://openalex.org/W2523494360
https://openalex.org/W2529500458
https://openalex.org/W2533301920
https://openalex.org/W2536669224
https://openalex.org/W2550239400
https://openalex.org/W2551076751
https://openalex.org/W2551789909
https://openalex.org/W2553178310
https://openalex.org/W2555236997
https://openalex.org/W2564910241
https://openalex.org/W2567407474
https://openalex.org/W2569492300
https://openalex.org/W2580859185
https://openalex.org/W2580995074
https://openalex.org/W2599156606
https://openalex.org/W2599376314
https://openalex.org/W2607151841
https://openalex.org/W2622320025
https://openalex.org/W2641932287
https://openalex.org/W2741247521
https://openalex.org/W2742402002
https://openalex.org/W2742572658
https://openalex.org/W2743553086
https://openalex.org/W2744119393
https://openalex.org/W2749472912
https://openalex.org/W2792178250
https://openalex.org/W2801520171
https://openalex.org/W2906819963
https://openalex.org/W2907939955
https://openalex.org/W2943054463
https://openalex.org/W2950486247
https://openalex.org/W2950546519
https://openalex.org/W2979559091
https://openalex.org/W3005000048
https://openalex.org/W3005778112
https://openalex.org/W3007269695
https://openalex.org/W3016594616
https://openalex.org/W3019021870
https://openalex.org/W3019052144
https://openalex.org/W3019206911
https://openalex.org/W3025470668
https://openalex.org/W3039612371
https://openalex.org/W3043577583
https://openalex.org/W3116048077
https://openalex.org/W3146494452
https://openalex.org/W3161814072
https://openalex.org/W3167013276
https://openalex.org/W3171321400
https://openalex.org/W3186582313
https://openalex.org/W3191563617
https://openalex.org/W3195087661
https://openalex.org/W4214714456
https://openalex.org/W4230195872
https://openalex.org/W4230245282
https://openalex.org/W4232432996
https://openalex.org/W4247947512
https://openalex.org/W4319165872
https://openalex.org/W4391088879
https://openalex.org/W4391548060
https://openalex.org/W764468166
https://openalex.org/W813798061
https://openalex.org/W1534776632
https://openalex.org/W2093206003
https://openalex.org/W2914828331
https://openalex.org/W2970980824
https://openalex.org/W651106356
https://openalex.org/W1969571058
https://openalex.org/W1969959751
https://openalex.org/W1970477911
https://openalex.org/W1972834900
https://openalex.org/W1981856100
https://openalex.org/W1984028203
https://openalex.org/W1986243877
https://openalex.org/W1989757392
https://openalex.org/W1993103557
https://openalex.org/W1998528663
https://openalex.org/W2002559824
https://openalex.org/W2010943238
https://openalex.org/W2017604313
https://openalex.org/W2024356460
https://openalex.org/W2025661851
https://openalex.org/W2031643731
https://openalex.org/W2048948456
https://openalex.org/W2053072594
https://openalex.org/W2119034332
https://openalex.org/W2130905249
https://openalex.org/W2138970005
https://openalex.org/W2182781681
https://openalex.org/W2215541838
https://openalex.org/W2228215841
https://openalex.org/W2258825722
https://openalex.org/W2273436490
https://openalex.org/W2279075005
https://openalex.org/W2290358973
https://openalex.org/W2317563345
https://openalex.org/W2330276401
https://openalex.org/W2334263281
https://openalex.org/W2345974481
https://openalex.org/W2349133577
https://openalex.org/W2354468605
https://openalex.org/W2358897006
https://openalex.org/W2359566980
https://openalex.org/W2360810082
https://openalex.org/W2361687081
https://openalex.org/W2362609934
https://openalex.org/W2371300020
https://openalex.org/W2374962837
https://openalex.org/W2393193624
https://openalex.org/W2396926244
https://openalex.org/W2402629456
https://openalex.org/W2406814821
https://openalex.org/W2417152118
https://openalex.org/W2423197866
https://openalex.org/W2462035304
https://openalex.org/W2463610052
https://openalex.org/W2466549148
https://openalex.org/W2469440120
https://openalex.org/W2470200680
https://openalex.org/W2474810061
https://openalex.org/W2475035707
https://openalex.org/W2487150811
https://openalex.org/W2567996829
https://openalex.org/W2574843792
https://openalex.org/W2588262065
https://openalex.org/W2601150438
https://openalex.org/W2795885988
https://openalex.org/W2914359581
https://openalex.org/W2921173026
https://openalex.org/W2937611807
https://openalex.org/W2949400433
https://openalex.org/W2962844796
https://openalex.org/W2980416831
https://openalex.org/W2992760908
https://openalex.org/W3010930876
https://openalex.org/W3036161835
https://openalex.org/W3163816581
https://openalex.org/W369207475
https://openalex.org/W4211210033
https://openalex.org/W4230929146
https://openalex.org/W4231480959
https://openalex.org/W4232194349
https://openalex.org/W4232426988
https://openalex.org/W4252585100
https://openalex.org/W4255017551
https://openalex.org/W4255844323
https://openalex.org/W4301247914
https://openalex.org/W79605992
https://openalex.org/W94174858
https://openalex.org/W2029960818
https://openalex.org/W2479092066
https://openalex.org/W1524243303
https://openalex.org/W1980856372
https://openalex.org/W2097731388
https://openalex.org/W2398405002
https://openalex.org/W2841872924
https://openalex.org/W4256330240
https://openalex.org/W112126237
https://openalex.org/W1943085711
https://openalex.org/W1970857973
https://openalex.org/W1994383447
https://openalex.org/W2002131262
https://openalex.org/W2017580152
https://openalex.org/W2055425157
https://openalex.org/W2073808883
https://openalex.org/W2246081201
https://openalex.org/W2246585928
https://openalex.org/W2250420131
https://openalex.org/W2266465771
https://openalex.org/W2275398260
https://openalex.org/W2284001350
https://openalex.org/W2342314174
https://openalex.org/W2394042124
https://openalex.org/W2413432230
https://openalex.org/W2429062450
https://openalex.org/W2441883136
https://openalex.org/W2466517581
https://openalex.org/W2488207310
https://openalex.org/W2523187799
https://openalex.org/W2563078026
https://openalex.org/W2593940444
https://openalex.org/W2596572839
https://openalex.org/W2604716750
https://openalex.org/W2605702681
https://openalex.org/W2606262470
https://openalex.org/W2608901688
https://openalex.org/W2617660804
https://openalex.org/W2621046970
https://openalex.org/W2621071675
https://openalex.org/W2622840178
https://openalex.org/W2743359526
https://openalex.org/W2751639302
https://openalex.org/W2762056967
https://openalex.org/W2766914294
https://openalex.org/W2767447972
https://openalex.org/W2767598671
https://openalex.org/W2768429637
https://openalex.org/W2768708614
https://openalex.org/W2769530658
https://openalex.org/W2771228359
https://openalex.org/W2774286347
https://openalex.org/W2790957687
https://openalex.org/W2792297011
https://openalex.org/W2899898387
https://openalex.org/W2911426844
https://openalex.org/W2963900177
https://openalex.org/W3012323856
https://openalex.org/W3019400261
https://openalex.org/W3020499274
https://openalex.org/W3031524422
https://openalex.org/W3031769863
https://openalex.org/W3109816348
https://openalex.org/W3109972213
https://openalex.org/W3119741086
https://openalex.org/W3133676686
https://openalex.org/W3164785703
https://openalex.org/W3167812234
https://openalex.org/W3186036047
https://openalex.org/W3190263142
https://openalex.org/W4250279454
https://openalex.org/W4293159373
https://openalex.org/W4293159384
https://openalex.org/W4293159417
https://openalex.org/W4293159419
https://openalex.org/W4293159462
https://openalex.org/W4299037079
https://openalex.org/W4299290893
https://openalex.org/W4299362524
https://openalex.org/W4301806050
https://openalex.org/W4391629990
https://openalex.org/W627787320
https://openalex.org/W63795372
https://openalex.org/W1942909433
https://openalex.org/W1976287902
https://openalex.org/W2001084276
https://openalex.org/W2069874824
https://openalex.org/W2320332536
https://openalex.org/W2482849659
https://openalex.org/W1502238340
https://openalex.org/W1868709630
https://openalex.org/W1945330013
https://openalex.org/W1976733738
https://openalex.org/W1982176279
https://openalex.org/W2007899654
https://openalex.org/W2040587917
https://openalex.org/W2065676487
https://openalex.org/W2101344554
https://openalex.org/W2159591181
https://openalex.org/W2205811391
https://openalex.org/W2235576772
https://openalex.org/W2238626171
https://openalex.org/W2263153608
https://openalex.org/W2276417184
https://openalex.org/W2285445380
https://openalex.org/W2355161458
https://openalex.org/W2388541892
https://openalex.org/W2388982500
https://openalex.org/W2401256745
https://openalex.org/W2543553490
https://openalex.org/W2548128589
https://openalex.org/W2569620130
https://openalex.org/W2581480498
https://openalex.org/W2593225397
https://openalex.org/W2738210461
https://openalex.org/W2746260995
https://openalex.org/W2913721904
https://openalex.org/W2936140982
https://openalex.org/W2950711843
https://openalex.org/W2978143596
https://openalex.org/W2981244338
https://openalex.org/W2994342081
https://openalex.org/W3012061653
https://openalex.org/W3017763109
https://openalex.org/W3019490238
https://openalex.org/W3094328566
https://openalex.org/W3095506311
https://openalex.org/W3137915792
https://openalex.org/W3167235975
https://openalex.org/W35228912
https://openalex.org/W4206293007
https://openalex.org/W4207077755
https://openalex.org/W4210893569
https://openalex.org/W4213121021
https://openalex.org/W4213332946
https://openalex.org/W4220867230
https://openalex.org/W4220942786
https://openalex.org/W4221027450
https://openalex.org/W4224288556
https://openalex.org/W4224935840
https://openalex.org/W4225510415
https://openalex.org/W4226419290
https://openalex.org/W4229079478
https://openalex.org/W4247867385
https://openalex.org/W4256033098
https://openalex.org/W4281398555
https://openalex.org/W4281551322
https://openalex.org/W4283207689
https://openalex.org/W4284676644
https://openalex.org/W4285263513
https://openalex.org/W4288733385
https://openalex.org/W4289714296
https://openalex.org/W4292117677
https://openalex.org/W4292865361
https://openalex.org/W4292958427
https://openalex.org/W4293190681
https://openalex.org/W4293194095
https://openalex.org/W4293393146
https://openalex.org/W4294990959
https://openalex.org/W4296435760
https://openalex.org/W4297323517
https://openalex.org/W4298137175
https://openalex.org/W4300689390
https://openalex.org/W4301431150
https://openalex.org/W4303415135
https://openalex.org/W4306929775
https://openalex.org/W4307009114
https://openalex.org/W4307044490
https://openalex.org/W4307982507
https://openalex.org/W4308458031
https://openalex.org/W4309770842
https://openalex.org/W4309857533
https://openalex.org/W4311404096
https://openalex.org/W4311676945
https://openalex.org/W4312050894
https://openalex.org/W4312456898
https://openalex.org/W4312506131
https://openalex.org/W4313148254
https://openalex.org/W4385779244
https://openalex.org/W4391629997
https://openalex.org/W4391669749
https://openalex.org/W4391732068
https://openalex.org/W4394313136
https://openalex.org/W4394339736
https://openalex.org/W4394493791
https://openalex.org/W4394538611
https://openalex.org/W1702485802
https://openalex.org/W1941983994
https://openalex.org/W1964612769
https://openalex.org/W2077331400
https://openalex.org/W2410012875
https://openalex.org/W2418617336
https://openalex.org/W2949648332
https://openalex.org/W4252806433
https://openalex.org/W1975426877
https://openalex.org/W1983981417
https://openalex.org/W1992924571
https://openalex.org/W2018586627
https://openalex.org/W2065089202
https://openalex.org/W2088810125
https://openalex.org/W2119631670
https://openalex.org/W2184618101
https://openalex.org/W2321919424
https://openalex.org/W2338414721
https://openalex.org/W2364093844
https://openalex.org/W2389428856
https://openalex.org/W2543285562
https://openalex.org/W2600729179
https://openalex.org/W2601001474
https://openalex.org/W2621126158
https://openalex.org/W2767549980
https://openalex.org/W2793940721
https://openalex.org/W2799236393
https://openalex.org/W2803767952
https://openalex.org/W2805570143
https://openalex.org/W2806479391
https://openalex.org/W2807431449
https://openalex.org/W2809490017
https://openalex.org/W2883222650
https://openalex.org/W2883665068
https://openalex.org/W2887699565
https://openalex.org/W2890343368
https://openalex.org/W2891108394
https://openalex.org/W2895064431
https://openalex.org/W2901005590
https://openalex.org/W2901988906
https://openalex.org/W2904214410
https://openalex.org/W2904255328
https://openalex.org/W2905310735
https://openalex.org/W2907836861
https://openalex.org/W2909776498
https://openalex.org/W2916367471
https://openalex.org/W2922864163
https://openalex.org/W2925188638
https://openalex.org/W2936138316
https://openalex.org/W2941595058
https://openalex.org/W2942588815
https://openalex.org/W2943276791
https://openalex.org/W2944108944
https://openalex.org/W2944535102
https://openalex.org/W2945734225
https://openalex.org/W2947575007
https://openalex.org/W2947827223
https://openalex.org/W2950523440
https://openalex.org/W2951849632
https://openalex.org/W2954286873
https://openalex.org/W2955654759
https://openalex.org/W2959849669
https://openalex.org/W2964272747
https://openalex.org/W2965613947
https://openalex.org/W2965884914
https://openalex.org/W2966103620
https://openalex.org/W2969975468
https://openalex.org/W2973440666
https://openalex.org/W2978992650
https://openalex.org/W2983866626
https://openalex.org/W2985370400
https://openalex.org/W2990497231
https://openalex.org/W2992220329
https://openalex.org/W2992811449
https://openalex.org/W2997305450
https://openalex.org/W3005605238
https://openalex.org/W3010336051
https://openalex.org/W3010996613
https://openalex.org/W3011503482
https://openalex.org/W3019659926
https://openalex.org/W3020978490
https://openalex.org/W3021048567
https://openalex.org/W3029773508
https://openalex.org/W3042750662
https://openalex.org/W3045612488
https://openalex.org/W3081789612
https://openalex.org/W3085330727
https://openalex.org/W3118937140
https://openalex.org/W3135770229
https://openalex.org/W3174872774
https://openalex.org/W3177583499
https://openalex.org/W3185505710
https://openalex.org/W3185852182
https://openalex.org/W3189009853
https://openalex.org/W3189411996
https://openalex.org/W3189657755
https://openalex.org/W3191978524
https://openalex.org/W3192911732
https://openalex.org/W3205970909
https://openalex.org/W4211049004
https://openalex.org/W4234533453
https://openalex.org/W4237662372
https://openalex.org/W4240384748
https://openalex.org/W4248566958
https://openalex.org/W4249362177
https://openalex.org/W4251985881
https://openalex.org/W4252164107
https://openalex.org/W4254743795
https://openalex.org/W4255825421
https://openalex.org/W4256298055
https://openalex.org/W4288360994
https://openalex.org/W4391669738
https://openalex.org/W4391732102
https://openalex.org/W4391761306
https://openalex.org/W4394076426
https://openalex.org/W4394248988
https://openalex.org/W4394511000
https://openalex.org/W4394550074
https://openalex.org/W1038107175
https://openalex.org/W1980053598
https://openalex.org/W1989552262
https://openalex.org/W2094766278
https://openalex.org/W2326297274
https://openalex.org/W2333384782
https://openalex.org/W23461526
https://openalex.org/W2412145514
https://openalex.org/W2470039270
https://openalex.org/W1909271919
https://openalex.org/W2038867736
https://openalex.org/W2062352050
https://openalex.org/W2176005258
https://openalex.org/W2184125826
https://openalex.org/W2206278991
https://openalex.org/W2352746315
https://openalex.org/W2356335189
https://openalex.org/W2393788355
https://openalex.org/W2400952503
https://openalex.org/W2417915289
https://openalex.org/W2525063472
https://openalex.org/W2591906003
https://openalex.org/W2624816882
https://openalex.org/W2625363462
https://openalex.org/W2801529242
https://openalex.org/W2916777672
https://openalex.org/W2923646661
https://openalex.org/W2926401818
https://openalex.org/W2933432982
https://openalex.org/W2942219122
https://openalex.org/W2990639949
https://openalex.org/W2999951053
https://openalex.org/W3000858895
https://openalex.org/W3008178664
https://openalex.org/W3009739768
https://openalex.org/W3022136340
https://openalex.org/W3022591877
https://openalex.org/W3022946256
https://openalex.org/W3024008701
https://openalex.org/W3035778270
https://openalex.org/W3042566887
https://openalex.org/W3062517146
https://openalex.org/W3086104412
https://openalex.org/W3095501477
https://openalex.org/W3096684618
https://openalex.org/W3103606524
https://openalex.org/W3109314797
https://openalex.org/W3112348578
https://openalex.org/W3112560890
https://openalex.org/W3117477082
https://openalex.org/W3133489897
https://openalex.org/W3136820369
https://openalex.org/W3144033315
https://openalex.org/W3148244691
https://openalex.org/W3161333734
https://openalex.org/W3168064863
https://openalex.org/W3169176939
https://openalex.org/W3172152276
https://openalex.org/W3175320900
https://openalex.org/W3177722521
https://openalex.org/W3183236159
https://openalex.org/W3191193319
https://openalex.org/W3196639150
https://openalex.org/W4210474207
https://openalex.org/W4230090966
https://openalex.org/W4245111259
https://openalex.org/W4287776936
https://openalex.org/W4379373067
https://openalex.org/W4383466497
https://openalex.org/W438438797
https://openalex.org/W4391630012
https://openalex.org/W4391949876
https://openalex.org/W4394165193
https://openalex.org/W4394241917
https://openalex.org/W2323390283
https://openalex.org/W2521878223
https://openalex.org/W2087829485
https://openalex.org/W2216277125
https://openalex.org/W2237784794
https://openalex.org/W2289075293
https://openalex.org/W2308298365
https://openalex.org/W2314878260
https://openalex.org/W2319635151
https://openalex.org/W2322668849
https://openalex.org/W2323568557
https://openalex.org/W2326098457
https://openalex.org/W2328027787
https://openalex.org/W2338440665
https://openalex.org/W2388681915
https://openalex.org/W2406776256
https://openalex.org/W2428709671
https://openalex.org/W2460091599
https://openalex.org/W2469717800
https://openalex.org/W2473076767
https://openalex.org/W2541388770
https://openalex.org/W2606882021
https://openalex.org/W2734686400
https://openalex.org/W2943116665
https://openalex.org/W2948970400
https://openalex.org/W3006343020
https://openalex.org/W3007733578
https://openalex.org/W3171941072
https://openalex.org/W3179759794
https://openalex.org/W3185256273
https://openalex.org/W3185261081
https://openalex.org/W3201575882
https://openalex.org/W3211961531
https://openalex.org/W337782678
https://openalex.org/W4236613383
https://openalex.org/W4285034102
https://openalex.org/W4285040061
https://openalex.org/W1869827229
https://openalex.org/W1991160120
https://openalex.org/W2036057535
https://openalex.org/W2129060070
https://openalex.org/W2320047978
https://openalex.org/W2322158787
https://openalex.org/W2326994047
https://openalex.org/W2327912195
https://openalex.org/W2333758251
https://openalex.org/W2561993416
https://openalex.org/W2621421562
https://openalex.org/W2795517399
https://openalex.org/W3008063799
https://openalex.org/W3032506258
https://openalex.org/W3093808212
https://openalex.org/W3124521654
https://openalex.org/W3125018121
https://openalex.org/W3126750019
https://openalex.org/W3129761384
https://openalex.org/W3131954035
https://openalex.org/W3132974444
https://openalex.org/W3138120386
https://openalex.org/W3139387139
https://openalex.org/W3140710117
https://openalex.org/W3144055487
https://openalex.org/W3152709358
https://openalex.org/W3153977010
https://openalex.org/W3160791533
https://openalex.org/W3160885687
https://openalex.org/W3161096011
https://openalex.org/W3162892179
https://openalex.org/W3162997452
https://openalex.org/W3163714349
https://openalex.org/W3173846112
https://openalex.org/W3174538641
https://openalex.org/W3179019983
https://openalex.org/W3179783242
https://openalex.org/W3181454073
https://openalex.org/W3182472683
https://openalex.org/W3184133793
https://openalex.org/W3185008831
https://openalex.org/W3190307045
https://openalex.org/W3190370440
https://openalex.org/W3191787569
https://openalex.org/W3193504981
https://openalex.org/W3196513756
https://openalex.org/W3197712426
https://openalex.org/W3197988577
https://openalex.org/W3198528911
https://openalex.org/W3201284427
https://openalex.org/W3203092776
https://openalex.org/W3204038546
https://openalex.org/W3208544669
https://openalex.org/W3211739381
https://openalex.org/W3213022614
https://openalex.org/W3213244114
https://openalex.org/W3214211766
https://openalex.org/W3214375221
https://openalex.org/W3216657512
https://openalex.org/W3217517267
https://openalex.org/W4200226874
https://openalex.org/W4200334857
https://openalex.org/W4200363415
https://openalex.org/W4200564488
https://openalex.org/W4225919883
https://openalex.org/W4244073393
https://openalex.org/W4245093381
https://openalex.org/W4252120182
https://openalex.org/W4384209422
https://openalex.org/W4390090916
https://openalex.org/W4391732078
https://openalex.org/W4394086647
https://openalex.org/W4394106481
https://openalex.org/W4394176041
https://openalex.org/W4394202581
https://openalex.org/W4394352297
https://openalex.org/W4394554411
https://openalex.org/W68131203
https://openalex.org/W1587225515
https://openalex.org/W1984330574
https://openalex.org/W2059721308
https://openalex.org/W2126756310
https://openalex.org/W2325822799
https://openalex.org/W2332308487
https://openalex.org/W2333811300
https://openalex.org/W2335777784
https://openalex.org/W2351009839
https://openalex.org/W2403457538
https://openalex.org/W2407493629
https://openalex.org/W2468521761
https://openalex.org/W2469946872
https://openalex.org/W2605414801
https://openalex.org/W262110051
https://openalex.org/W2947423696
https://openalex.org/W3119326100
https://openalex.org/W3156111296
https://openalex.org/W3162082742
https://openalex.org/W4390077144
https://openalex.org/W2314250243
https://openalex.org/W2322926899
https://openalex.org/W2326566477
https://openalex.org/W2326629070
https://openalex.org/W2412849386
https://openalex.org/W2606007710
https://openalex.org/W2606668810
https://openalex.org/W2606891351
https://openalex.org/W2951609381
https://openalex.org/W2952340224
https://openalex.org/W326169271
https://openalex.org/W4214922392
https://openalex.org/W4252510908
https://openalex.org/W1966584404
https://openalex.org/W1980815892
https://openalex.org/W2004393216
https://openalex.org/W2171681032
https://openalex.org/W2172025578
https://openalex.org/W2313798416
https://openalex.org/W2316373235
https://openalex.org/W2331912267
https://openalex.org/W2335191681
https://openalex.org/W2335220299
https://openalex.org/W2338320986
https://openalex.org/W2349587482
https://openalex.org/W2364710837
https://openalex.org/W2460335463
https://openalex.org/W2474187938
https://openalex.org/W2475503373
https://openalex.org/W2518738259
https://openalex.org/W2623484598
https://openalex.org/W2948339077
https://openalex.org/W2950015564
https://openalex.org/W2950257483
https://openalex.org/W2950560542
https://openalex.org/W2976329756
https://openalex.org/W3026745486
https://openalex.org/W3144171830
https://openalex.org/W3168852373
https://openalex.org/W4230420720
https://openalex.org/W4230852495
https://openalex.org/W4232859563
https://openalex.org/W4242129218
https://openalex.org/W4242672507
https://openalex.org/W4243155672
https://openalex.org/W4244472937
https://openalex.org/W4251266730
https://openalex.org/W74702886
https://openalex.org/W1455651003
https://openalex.org/W1990038988
https://openalex.org/W1990386988
https://openalex.org/W2007097092
https://openalex.org/W2052758212
https://openalex.org/W2062610636
https://openalex.org/W2067827847
https://openalex.org/W2069837373
https://openalex.org/W2088796270
https://openalex.org/W2089163951
https://openalex.org/W2326749536
https://openalex.org/W2329254409
https://openalex.org/W2331007634
https://openalex.org/W2333261161
https://openalex.org/W2337602415
https://openalex.org/W2399619562
https://openalex.org/W2401308067
https://openalex.org/W2412233578
https://openalex.org/W2412289595
https://openalex.org/W2419920533
https://openalex.org/W2425319997
https://openalex.org/W2441306370
https://openalex.org/W2464985614
https://openalex.org/W2557509821
https://openalex.org/W2560201948
https://openalex.org/W2564254380
https://openalex.org/W2569372926
https://openalex.org/W2607140575
https://openalex.org/W2620833013
https://openalex.org/W2620875306
https://openalex.org/W2621074210
https://openalex.org/W2621298260
https://openalex.org/W2621323204
https://openalex.org/W2915082082
https://openalex.org/W2950343507
https://openalex.org/W2950931566
https://openalex.org/W2951540870
https://openalex.org/W2952823495
https://openalex.org/W2953226553
https://openalex.org/W2977784420
https://openalex.org/W2983773114
https://openalex.org/W318307397
https://openalex.org/W4229861134
https://openalex.org/W4236928514
https://openalex.org/W4242107171
https://openalex.org/W4246736664
https://openalex.org/W102812126
https://openalex.org/W1651873391
https://openalex.org/W187693803
https://openalex.org/W1962119741
https://openalex.org/W200157473
https://openalex.org/W2031980466
https://openalex.org/W2036008630
https://openalex.org/W2086740726
https://openalex.org/W2088676028
https://openalex.org/W2344827260
https://openalex.org/W2344911646
https://openalex.org/W2345819867
https://openalex.org/W2394955775
https://openalex.org/W2398082568
https://openalex.org/W2413201687
https://openalex.org/W2414567983
https://openalex.org/W2461666869
https://openalex.org/W2468241186
https://openalex.org/W2582707949
https://openalex.org/W2756577937
https://openalex.org/W2950994648
https://openalex.org/W3111075047
https://openalex.org/W4231308546
https://openalex.org/W4241793106
https://openalex.org/W4244309558
https://openalex.org/W4245825061
https://openalex.org/W4253624757
https://openalex.org/W4255207727
https://openalex.org/W4255628738
https://openalex.org/W88697233
https://openalex.org/W112283457
https://openalex.org/W1483853324
https://openalex.org/W1495081645
https://openalex.org/W2011230813
https://openalex.org/W2011725335
https://openalex.org/W2144463054
https://openalex.org/W2277671197
https://openalex.org/W2317886473
https://openalex.org/W2328585821
https://openalex.org/W2395548556
https://openalex.org/W2411462895
https://openalex.org/W2411911814
https://openalex.org/W2413388253
https://openalex.org/W2414156701
https://openalex.org/W2416038883
https://openalex.org/W2417607140
https://openalex.org/W2418201458
https://openalex.org/W2419569908
https://openalex.org/W2443559213
https://openalex.org/W2499625502
https://openalex.org/W2783086022
https://openalex.org/W2791703532
https://openalex.org/W2949353164
https://openalex.org/W2951613428
https://openalex.org/W2952816470
https://openalex.org/W2969682635
https://openalex.org/W3032398352
https://openalex.org/W3103271426
https://openalex.org/W3162027003
https://openalex.org/W3170738481
https://openalex.org/W331701271
https://openalex.org/W358233865
https://openalex.org/W4233360821
https://openalex.org/W4240947611
https://openalex.org/W4243363478
https://openalex.org/W598303572
https://openalex.org/W611174788
https://openalex.org/W2044175751
https://openalex.org/W2105382539
https://openalex.org/W2002127663
https://openalex.org/W2147151051
https://openalex.org/W2002272803
https://openalex.org/W2104467943
https://openalex.org/W2046584993
https://openalex.org/W3013503847
https://openalex.org/W2614282478
https://openalex.org/W2132382863
https://openalex.org/W2411443981
https://openalex.org/W1508167890
https://openalex.org/W2012116166
https://openalex.org/W4386153206
https://openalex.org/W1929292775
https://openalex.org/W2078576279
https://openalex.org/W1967710960
https://openalex.org/W2022765281
https://openalex.org/W2087267967
https://openalex.org/W2105685115
https://openalex.org/W3026232934
https://openalex.org/W2261770305
https://openalex.org/W2151434420
https://openalex.org/W2522950390
https://openalex.org/W2064887851
https://openalex.org/W2291511461
https://openalex.org/W2227905059
https://openalex.org/W2011385937
https://openalex.org/W4224292523
https://openalex.org/W2757653147
https://openalex.org/W2494536949
https://openalex.org/W2945566016
https://openalex.org/W2251914552
https://openalex.org/W2607210065
https://openalex.org/W3200186831
https://openalex.org/W4361282817
https://openalex.org/W3163963859
https://openalex.org/W3139139802
https://openalex.org/W3175031406
https://openalex.org/W3033750737
https://openalex.org/W4286491826
https://openalex.org/W3100659075
https://openalex.org/W3163019925
https://openalex.org/W4313399554
https://openalex.org/W4302426080
https://openalex.org/W4206926139
https://openalex.org/W4380355722
https://openalex.org/W4323981641
https://openalex.org/W4295015003
https://openalex.org/W4386979831
https://openalex.org/W4379511591
https://openalex.org/W4377019924
https://openalex.org/W4388568709
https://openalex.org/W1525701947
https://openalex.org/W2075339282
https://openalex.org/W2086637755
https://openalex.org/W2020583682
https://openalex.org/W2012829301
https://openalex.org/W2024466754
https://openalex.org/W2086955015
https://openalex.org/W2000626591
https://openalex.org/W2149211697
https://openalex.org/W1990451002
https://openalex.org/W1990944444
https://openalex.org/W2026101452
https://openalex.org/W2162248106
https://openalex.org/W2071743537
https://openalex.org/W2086516001
https://openalex.org/W2027872937
https://openalex.org/W2108599200
https://openalex.org/W1500937865
https://openalex.org/W2030057907
https://openalex.org/W2092475403
https://openalex.org/W2081431643
https://openalex.org/W2034474045
https://openalex.org/W1979503759
https://openalex.org/W2114764200
https://openalex.org/W2119058058
https://openalex.org/W2096923523
https://openalex.org/W2095273683
https://openalex.org/W2189469719
https://openalex.org/W3100991536
https://openalex.org/W2016035225
https://openalex.org/W2799344873
https://openalex.org/W2887944880
https://openalex.org/W1967927813
https://openalex.org/W2781990698
https://openalex.org/W1975543728
https://openalex.org/W2012898055
https://openalex.org/W2009370705
https://openalex.org/W2899192799
https://openalex.org/W1949819251
https://openalex.org/W1874408248
https://openalex.org/W2051988565
https://openalex.org/W2339361085
https://openalex.org/W2087566569
https://openalex.org/W2601741416
https://openalex.org/W2890290364
https://openalex.org/W2775208304
https://openalex.org/W2550187266
https://openalex.org/W2805882343
https://openalex.org/W2886936755
https://openalex.org/W2003391353
https://openalex.org/W2111969781
https://openalex.org/W2165598938
https://openalex.org/W2579213255
https://openalex.org/W2787922770
https://openalex.org/W2779540281
https://openalex.org/W2586623603
https://openalex.org/W3126478155
https://openalex.org/W2900944041
https://openalex.org/W4225815865
https://openalex.org/W2968803334
https://openalex.org/W2977343604
https://openalex.org/W3210958608
https://openalex.org/W2908742259
https://openalex.org/W3083249233
https://openalex.org/W3006103463
https://openalex.org/W3208459935
https://openalex.org/W4295514434
https://openalex.org/W4220993922
https://openalex.org/W4296292989
https://openalex.org/W4312747262
https://openalex.org/W3216962036
https://openalex.org/W4280512495
https://openalex.org/W4308895057
https://openalex.org/W4310785558
https://openalex.org/W4321014628
https://openalex.org/W4307336211
https://openalex.org/W3133332418
https://openalex.org/W4317708737
https://openalex.org/W4376956058
https://openalex.org/W4394741298
https://openalex.org/W2003722035
https://openalex.org/W2039185825
https://openalex.org/W1984232457
https://openalex.org/W2058920468
https://openalex.org/W2002965836
https://openalex.org/W2072253274
https://openalex.org/W1975573101
https://openalex.org/W2056819904
https://openalex.org/W2065989299
https://openalex.org/W2109220348
https://openalex.org/W2013188129
https://openalex.org/W2059079370
https://openalex.org/W1994313021
https://openalex.org/W2120166232
https://openalex.org/W2004344607
https://openalex.org/W2142455086
https://openalex.org/W2015200181
https://openalex.org/W1966450197
https://openalex.org/W1981786879
https://openalex.org/W2012909186
https://openalex.org/W2083325737
https://openalex.org/W2125027724
https://openalex.org/W2137092665
https://openalex.org/W2098631897
https://openalex.org/W2072717004
https://openalex.org/W1994967801
https://openalex.org/W3105828464
https://openalex.org/W1604495350
https://openalex.org/W3145851754
https://openalex.org/W2016000869
https://openalex.org/W2130338452
https://openalex.org/W2028666424
https://openalex.org/W2057906759
https://openalex.org/W1984689180
https://openalex.org/W2086784154
https://openalex.org/W2327212651
https://openalex.org/W2112748648
https://openalex.org/W2901581605
https://openalex.org/W2898516705
https://openalex.org/W2060084680
https://openalex.org/W2592044560
https://openalex.org/W2116238007
https://openalex.org/W2537724804
https://openalex.org/W2898518341
https://openalex.org/W2022476088
https://openalex.org/W2755518734
https://openalex.org/W2884311969
https://openalex.org/W4254833128
https://openalex.org/W2782119406
https://openalex.org/W2418690451
https://openalex.org/W2730880147
https://openalex.org/W2623032624
https://openalex.org/W2751000105
https://openalex.org/W2794109313
https://openalex.org/W2968929243
https://openalex.org/W2908140981
https://openalex.org/W2741153897
https://openalex.org/W2766175222
https://openalex.org/W3014874402
https://openalex.org/W2903331687
https://openalex.org/W3080111289
https://openalex.org/W3099370621
https://openalex.org/W3132972534
https://openalex.org/W4306747310
https://openalex.org/W4298119353
https://openalex.org/W4205710046
https://openalex.org/W4317520035
https://openalex.org/W4321487402
https://openalex.org/W4324133732
https://openalex.org/W4378648926
https://openalex.org/W4390815182
https://openalex.org/W4392602467
https://openalex.org/W2099979370
https://openalex.org/W2015170268
https://openalex.org/W2115671768
https://openalex.org/W1986464620
https://openalex.org/W2112048415
https://openalex.org/W1951853856
https://openalex.org/W2034619423
https://openalex.org/W2087963950
https://openalex.org/W2150254929
https://openalex.org/W2071338464
https://openalex.org/W2076772189
https://openalex.org/W2085754764
https://openalex.org/W1979228472
https://openalex.org/W2019877225
https://openalex.org/W2015221091
https://openalex.org/W1975737724
https://openalex.org/W2031158284
https://openalex.org/W2146809413
https://openalex.org/W3105596316
https://openalex.org/W2008220204
https://openalex.org/W2064399777
https://openalex.org/W2072456507
https://openalex.org/W2104293024
https://openalex.org/W2160298714
https://openalex.org/W1964971355
https://openalex.org/W1994331367
https://openalex.org/W2044696138
https://openalex.org/W2054761688
https://openalex.org/W2099345570
https://openalex.org/W1983620548
https://openalex.org/W2065828486
https://openalex.org/W2102519580
https://openalex.org/W2144724275
https://openalex.org/W1967732936
https://openalex.org/W3103978700
https://openalex.org/W2086992696
https://openalex.org/W2184072878
https://openalex.org/W2045035367
https://openalex.org/W2294216300
https://openalex.org/W2783442971
https://openalex.org/W2787509435
https://openalex.org/W2257445705
https://openalex.org/W2054127826
https://openalex.org/W2748544627
https://openalex.org/W2573924380
https://openalex.org/W2885730441
https://openalex.org/W2885838687
https://openalex.org/W2193999202
https://openalex.org/W2394985903
https://openalex.org/W2516488430
https://openalex.org/W2944416885
https://openalex.org/W2297345468
https://openalex.org/W2561203394
https://openalex.org/W3102374923
https://openalex.org/W2935806263
https://openalex.org/W2905548760
https://openalex.org/W2974250128
https://openalex.org/W2952257973
https://openalex.org/W3036603067
https://openalex.org/W3105757210
https://openalex.org/W3016169964
https://openalex.org/W3026788102
https://openalex.org/W3181963085
https://openalex.org/W3080319089
https://openalex.org/W3147537732
https://openalex.org/W3162932499
https://openalex.org/W3134579070
https://openalex.org/W4290047493
https://openalex.org/W4223912361
https://openalex.org/W4323808569
https://openalex.org/W4383818160
https://openalex.org/W4386276131
https://openalex.org/W4304128194
https://openalex.org/W4319812317
https://openalex.org/W4386566259
https://openalex.org/W2124099460
https://openalex.org/W2106709186
https://openalex.org/W2040615236
https://openalex.org/W2044308018
https://openalex.org/W1965020798
https://openalex.org/W2021352294
https://openalex.org/W2054667312
https://openalex.org/W2065170669
https://openalex.org/W2130880305
https://openalex.org/W2130328547
https://openalex.org/W1982269420
https://openalex.org/W2001337778
https://openalex.org/W2046017491
https://openalex.org/W2090679317
https://openalex.org/W2111379857
https://openalex.org/W2123343660
https://openalex.org/W2135550945
https://openalex.org/W2074059010
https://openalex.org/W1967655094
https://openalex.org/W2031328544
https://openalex.org/W2137468881
https://openalex.org/W1965669922
https://openalex.org/W2017727576
https://openalex.org/W1982957593
https://openalex.org/W1968184479
https://openalex.org/W2047428925
https://openalex.org/W2070570051
https://openalex.org/W1804283711
https://openalex.org/W2039078594
https://openalex.org/W2093023918
https://openalex.org/W2003588740
https://openalex.org/W2024766535
https://openalex.org/W2102498971
https://openalex.org/W2113871823
https://openalex.org/W2085812673
https://openalex.org/W2964244856
https://openalex.org/W2465869926
https://openalex.org/W2492435379
https://openalex.org/W2580742008
https://openalex.org/W2817859240
https://openalex.org/W2689409551
https://openalex.org/W2754899358
https://openalex.org/W2773370394
https://openalex.org/W2592747537
https://openalex.org/W2770018017
https://openalex.org/W2898460633
https://openalex.org/W2935694069
https://openalex.org/W2948752663
https://openalex.org/W2905714442
https://openalex.org/W2967458835
https://openalex.org/W3046960371
https://openalex.org/W3037642208
https://openalex.org/W3097939542
https://openalex.org/W3034327494
https://openalex.org/W3112524630
https://openalex.org/W3118413708
https://openalex.org/W3138694817
https://openalex.org/W4290888466
https://openalex.org/W4309219181
https://openalex.org/W3204011735
https://openalex.org/W4225388124
https://openalex.org/W4229368594
https://openalex.org/W4317402236
https://openalex.org/W4366352263
https://openalex.org/W4378716143
https://openalex.org/W4385142416
https://openalex.org/W2011317003
https://openalex.org/W2051997551
https://openalex.org/W2109600581
https://openalex.org/W2015231103
https://openalex.org/W2084024887
https://openalex.org/W2027158717
https://openalex.org/W1817999153
https://openalex.org/W2010542823
https://openalex.org/W2030217217
https://openalex.org/W2064608775
https://openalex.org/W1976660610
https://openalex.org/W2046583314
https://openalex.org/W2022528120
https://openalex.org/W2032250050
https://openalex.org/W2168736300
https://openalex.org/W2029335257
https://openalex.org/W2138775727
https://openalex.org/W2149730735
https://openalex.org/W2033006509
https://openalex.org/W2126692477
https://openalex.org/W2031454276
https://openalex.org/W2052955827
https://openalex.org/W2139738731
https://openalex.org/W2067213187
https://openalex.org/W2160184073
https://openalex.org/W3098517507
https://openalex.org/W1969555112
https://openalex.org/W2712619135
https://openalex.org/W1971541357
https://openalex.org/W2532661410
https://openalex.org/W2118272341
https://openalex.org/W2473706804
https://openalex.org/W2762588586
https://openalex.org/W805883281
https://openalex.org/W2558367343
https://openalex.org/W2745572429
https://openalex.org/W2794955711
https://openalex.org/W2849244295
https://openalex.org/W2942029844
https://openalex.org/W2766869068
https://openalex.org/W2805514480
https://openalex.org/W2916979873
https://openalex.org/W2966802831
https://openalex.org/W2906243310
https://openalex.org/W2918950068
https://openalex.org/W3004079145
https://openalex.org/W2995011101
https://openalex.org/W2981740845
https://openalex.org/W3089301772
https://openalex.org/W3011516621
https://openalex.org/W3027565634
https://openalex.org/W3124829688
https://openalex.org/W3008852076
https://openalex.org/W3036955829
https://openalex.org/W3040588815
https://openalex.org/W3216452884
https://openalex.org/W3049571397
https://openalex.org/W3119491307
https://openalex.org/W3156349714
https://openalex.org/W3172160747
https://openalex.org/W4220927350
https://openalex.org/W60295609
https://openalex.org/W2005397075
https://openalex.org/W1995622297
https://openalex.org/W2030539754
https://openalex.org/W2182382681
https://openalex.org/W1969561826
https://openalex.org/W2061418855
https://openalex.org/W4252000608
https://openalex.org/W2018015526
https://openalex.org/W2037455746
https://openalex.org/W1967545178
https://openalex.org/W2005106730
https://openalex.org/W1978209942
https://openalex.org/W2001724655
https://openalex.org/W2083342191
https://openalex.org/W1995504952
https://openalex.org/W2045988998
https://openalex.org/W2019542571
https://openalex.org/W2025394024
https://openalex.org/W2154699984
https://openalex.org/W2148481796
https://openalex.org/W1939687578
https://openalex.org/W2007912400
https://openalex.org/W2044812493
https://openalex.org/W2063127980
https://openalex.org/W2111996039
https://openalex.org/W2029034660
https://openalex.org/W1994043935
https://openalex.org/W2083798167
https://openalex.org/W2963855549
https://openalex.org/W2587022034
https://openalex.org/W2797369060
https://openalex.org/W2308340670
https://openalex.org/W2746273031
https://openalex.org/W2883075095
https://openalex.org/W2559201721
https://openalex.org/W2789828455
https://openalex.org/W2884457739
https://openalex.org/W2779771362
https://openalex.org/W2904360503
https://openalex.org/W2954068425
https://openalex.org/W2963552690
https://openalex.org/W2955177140
https://openalex.org/W2981022478
https://openalex.org/W3130707823
https://openalex.org/W3097984607
https://openalex.org/W3132380550
https://openalex.org/W3120896301
https://openalex.org/W3153248684
https://openalex.org/W3164700205
https://openalex.org/W3196101288
https://openalex.org/W3201628143
https://openalex.org/W3208147189
https://openalex.org/W3217057395
https://openalex.org/W4283463435
https://openalex.org/W4285040551
https://openalex.org/W4291823754
https://openalex.org/W4223488370
https://openalex.org/W4226284450
https://openalex.org/W4281726392
https://openalex.org/W4300427439
https://openalex.org/W4321231441
https://openalex.org/W4362469793
https://openalex.org/W4367311277
https://openalex.org/W4380609505
https://openalex.org/W4386574997
https://openalex.org/W2058480074
https://openalex.org/W1998269329
https://openalex.org/W2008569637
https://openalex.org/W1990317327
https://openalex.org/W2094844888
https://openalex.org/W1970691294
https://openalex.org/W2050909407
https://openalex.org/W2415684047
https://openalex.org/W2019988195
https://openalex.org/W2002819077
https://openalex.org/W2329560452
https://openalex.org/W2022207226
https://openalex.org/W2031285443
https://openalex.org/W2022884635
https://openalex.org/W1965486145
https://openalex.org/W177757215
https://openalex.org/W2149761308
https://openalex.org/W1521387491
https://openalex.org/W2042022699
https://openalex.org/W2108185219
https://openalex.org/W2579986048
https://openalex.org/W2015808789
https://openalex.org/W2054081522
https://openalex.org/W2133901512
https://openalex.org/W2196998502
https://openalex.org/W2328281691
https://openalex.org/W2010682087
https://openalex.org/W2134238716
https://openalex.org/W2194123082
https://openalex.org/W1920681141
https://openalex.org/W2462277652
https://openalex.org/W2537597506
https://openalex.org/W2803327039
https://openalex.org/W2883489324
https://openalex.org/W2890094798
https://openalex.org/W2953103722
https://openalex.org/W2994640792
https://openalex.org/W3082595552
https://openalex.org/W3084384881
https://openalex.org/W3145906110
https://openalex.org/W3159577449
https://openalex.org/W3208475999
https://openalex.org/W4210394295
https://openalex.org/W4220738846
https://openalex.org/W4387116631
https://openalex.org/W4389340259
https://openalex.org/W4389509624
https://openalex.org/W4389904112
https://openalex.org/W4389913159
https://openalex.org/W4390694322
https://openalex.org/W4391212771
https://openalex.org/W4391233625
https://openalex.org/W4391233820
https://openalex.org/W4391264733
https://openalex.org/W4391386977
https://openalex.org/W4391464254
https://openalex.org/W4391560534
https://openalex.org/W4391578119
https://openalex.org/W4392145658
https://openalex.org/W4392467079
https://openalex.org/W4392719920
https://openalex.org/W4392840782
https://openalex.org/W4392902075
https://openalex.org/W4392967953
https://openalex.org/W4393010080
https://openalex.org/W4393010302
https://openalex.org/W4393178555
https://openalex.org/W4393318776
https://openalex.org/W4393435212
https://openalex.org/W4393585957
https://openalex.org/W4393781910
https://openalex.org/W4394603632
https://openalex.org/W4394728666
https://openalex.org/W4394738238
https://openalex.org/W4394758626
https://openalex.org/W4394807159
https://openalex.org/W4394841649
https://openalex.org/W4394999204
https://openalex.org/W4395095625
https://openalex.org/W4396498044
https://openalex.org/W4396520386
https://openalex.org/W4396556026
https://openalex.org/W1574694626
https://openalex.org/W2115017482
https://openalex.org/W2029164510
https://openalex.org/W2083687344
https://openalex.org/W2043351032
https://openalex.org/W2075071553
https://openalex.org/W2335416742
https://openalex.org/W2042248493
https://openalex.org/W2040014800
https://openalex.org/W2058678940
https://openalex.org/W2105710229
https://openalex.org/W2167272035
https://openalex.org/W2001830710
https://openalex.org/W2021473443
https://openalex.org/W2139833515
https://openalex.org/W2109799285
https://openalex.org/W2008943105
https://openalex.org/W1991154238
https://openalex.org/W2159799805
https://openalex.org/W2148575820
https://openalex.org/W2035218265
https://openalex.org/W1484393529
https://openalex.org/W2062683350
https://openalex.org/W1988032317
https://openalex.org/W2031076443
https://openalex.org/W2040908332
https://openalex.org/W2177682331
https://openalex.org/W2595666038
https://openalex.org/W2029045358
https://openalex.org/W2038834733
https://openalex.org/W2079992750
https://openalex.org/W2793346815
https://openalex.org/W2902698106
https://openalex.org/W1928825210
https://openalex.org/W2078053452
https://openalex.org/W2492709547
https://openalex.org/W2732694211
https://openalex.org/W2757252000
https://openalex.org/W2904931225
https://openalex.org/W2909776656
https://openalex.org/W2945539778
https://openalex.org/W2958929687
https://openalex.org/W2519582964
https://openalex.org/W2903470621
https://openalex.org/W2980957147
https://openalex.org/W2914480596
https://openalex.org/W3162300115
https://openalex.org/W3215878476
https://openalex.org/W4380203363
https://openalex.org/W4386254492
https://openalex.org/W2093597863
https://openalex.org/W1570141249
https://openalex.org/W2117008382
https://openalex.org/W1978944541
https://openalex.org/W2001230803
https://openalex.org/W2125710129
https://openalex.org/W2011526814
https://openalex.org/W2062761857
https://openalex.org/W2059807007
https://openalex.org/W1991754912
https://openalex.org/W2014705318
https://openalex.org/W1972326083
https://openalex.org/W1992477853
https://openalex.org/W2009371395
https://openalex.org/W2052740075
https://openalex.org/W2093254442
https://openalex.org/W2011316136
https://openalex.org/W1975740742
https://openalex.org/W106343394
https://openalex.org/W2037729268
https://openalex.org/W4246318678
https://openalex.org/W3101278181
https://openalex.org/W2002428023
https://openalex.org/W2005637938
https://openalex.org/W2043114232
https://openalex.org/W2158615985
https://openalex.org/W1962927391
https://openalex.org/W2104525155
https://openalex.org/W2625503347
https://openalex.org/W2803476654
https://openalex.org/W1965945391
https://openalex.org/W1966727143
https://openalex.org/W2096413965
https://openalex.org/W2099960658
https://openalex.org/W2286544576
https://openalex.org/W2528965720
https://openalex.org/W2805478835
https://openalex.org/W2836850264
https://openalex.org/W2888130115
https://openalex.org/W2497929479
https://openalex.org/W2921262059
https://openalex.org/W3044463834
https://openalex.org/W2996550643
https://openalex.org/W3086634903
https://openalex.org/W3095254182
https://openalex.org/W3130738098
https://openalex.org/W3135637313
https://openalex.org/W3197136901
https://openalex.org/W4200145079
https://openalex.org/W3215744364
https://openalex.org/W4229370388
https://openalex.org/W4229370856
https://openalex.org/W4280580996
https://openalex.org/W4294018001
https://openalex.org/W1965069989
https://openalex.org/W1972649536
https://openalex.org/W176626716
https://openalex.org/W2039093199
https://openalex.org/W2067555434
https://openalex.org/W2054742361
https://openalex.org/W2153165311
https://openalex.org/W2030708096
https://openalex.org/W2030719285
https://openalex.org/W321485454
https://openalex.org/W2093808732
https://openalex.org/W2116827508
https://openalex.org/W1997023929
https://openalex.org/W2176285107
https://openalex.org/W2614885914
https://openalex.org/W2941411755
https://openalex.org/W2952797639
https://openalex.org/W2961837871
https://openalex.org/W2291177960
https://openalex.org/W2299460321
https://openalex.org/W2338021206
https://openalex.org/W2964264039
https://openalex.org/W2969377981
https://openalex.org/W2979722207
https://openalex.org/W3045780878
https://openalex.org/W3117936981
https://openalex.org/W3122338705
https://openalex.org/W3202076575
https://openalex.org/W965129568
https://openalex.org/W4282913796
https://openalex.org/W4283696979
https://openalex.org/W2013276132
https://openalex.org/W2007852334
https://openalex.org/W2015695765
https://openalex.org/W2036985524
https://openalex.org/W2007719158
https://openalex.org/W34158357
https://openalex.org/W2075069925
https://openalex.org/W2132023502
https://openalex.org/W1993061617
https://openalex.org/W2041043479
https://openalex.org/W2084624653
https://openalex.org/W2126793506
https://openalex.org/W2149312498
https://openalex.org/W2153424123
https://openalex.org/W2283542516
https://openalex.org/W2355437344
https://openalex.org/W1589499620
https://openalex.org/W3102209789
https://openalex.org/W2087042407
https://openalex.org/W2089633572
https://openalex.org/W2120190922
https://openalex.org/W2159819562
https://openalex.org/W2160273665
https://openalex.org/W1611823705
https://openalex.org/W1967709388
https://openalex.org/W1972510314
https://openalex.org/W2010629798
https://openalex.org/W2120610036
https://openalex.org/W2137276401
https://openalex.org/W2565391365
https://openalex.org/W2739229974
https://openalex.org/W2754552540
https://openalex.org/W2764034040
https://openalex.org/W2767325948
https://openalex.org/W2808813036
https://openalex.org/W2900385779
https://openalex.org/W2081282982
https://openalex.org/W2585183505
https://openalex.org/W2592695636
https://openalex.org/W2938570996
https://openalex.org/W2563018778
https://openalex.org/W3038117056
https://openalex.org/W3097694970
https://openalex.org/W3128880892
https://openalex.org/W3137430064
https://openalex.org/W3156899052
https://openalex.org/W3159705221
https://openalex.org/W3161477509
https://openalex.org/W3216177117
https://openalex.org/W2029622144
https://openalex.org/W148910871
https://openalex.org/W1977299948
https://openalex.org/W1997384558
https://openalex.org/W2412964952
https://openalex.org/W2047824300
https://openalex.org/W2143999844
https://openalex.org/W2432119544
https://openalex.org/W2001046865
https://openalex.org/W2033184425
https://openalex.org/W2322174652
https://openalex.org/W1998559879
https://openalex.org/W3101243520
https://openalex.org/W2000865257
https://openalex.org/W2098951316
https://openalex.org/W2132614916
https://openalex.org/W2158224118
https://openalex.org/W2167548400
https://openalex.org/W1986037814
https://openalex.org/W2096769806
https://openalex.org/W2301689796
https://openalex.org/W1518131118
https://openalex.org/W2079370739
https://openalex.org/W2090547775
https://openalex.org/W2243760779
https://openalex.org/W2804022842
https://openalex.org/W2887247060
https://openalex.org/W1487039521
https://openalex.org/W1973791319
https://openalex.org/W2005952434
https://openalex.org/W2166952786
https://openalex.org/W2181273257
https://openalex.org/W2910058803
https://openalex.org/W2968062059
https://openalex.org/W2998056709
https://openalex.org/W3001110930
https://openalex.org/W3147904997
https://openalex.org/W3148414142
https://openalex.org/W3212049089
https://openalex.org/W4225259746
https://openalex.org/W4306767255
https://openalex.org/W4311114895
https://openalex.org/W4311285126
https://openalex.org/W4353015465
https://openalex.org/W4366996291
https://openalex.org/W4387002734
https://openalex.org/W4387267799
https://openalex.org/W4387966282
https://openalex.org/W2090661887
https://openalex.org/W2412902703
https://openalex.org/W2041048843
https://openalex.org/W2068026944
https://openalex.org/W4239598925
https://openalex.org/W4253514191
https://openalex.org/W2000974749
https://openalex.org/W1973711433
https://openalex.org/W2099732686
https://openalex.org/W2115204584
https://openalex.org/W1890010423
https://openalex.org/W2027456176
https://openalex.org/W2037129277
https://openalex.org/W2061621591
https://openalex.org/W1923699127
https://openalex.org/W1989987013
https://openalex.org/W2025274151
https://openalex.org/W2461709237
https://openalex.org/W2103117671
https://openalex.org/W1625770523
https://openalex.org/W1975308185
https://openalex.org/W1976305464
https://openalex.org/W2072222441
https://openalex.org/W2087224200
https://openalex.org/W90870306
https://openalex.org/W1980541981
https://openalex.org/W2013793354
https://openalex.org/W2142962088
https://openalex.org/W2437486774
https://openalex.org/W1988373461
https://openalex.org/W2024084972
https://openalex.org/W2074339246
https://openalex.org/W2120035721
https://openalex.org/W2158512602
https://openalex.org/W2170429899
https://openalex.org/W2557755278
https://openalex.org/W2580431389
https://openalex.org/W2773793630
https://openalex.org/W2909754571
https://openalex.org/W2971845115
https://openalex.org/W2976210703
https://openalex.org/W129451265
https://openalex.org/W2157934154
https://openalex.org/W1990695156
https://openalex.org/W2046291032
https://openalex.org/W2077666838
https://openalex.org/W4254982770
https://openalex.org/W1976106527
https://openalex.org/W1537546513
https://openalex.org/W2053195991
https://openalex.org/W2092378307
https://openalex.org/W4229776784
https://openalex.org/W2166991091
https://openalex.org/W186326107
https://openalex.org/W2124618330
https://openalex.org/W2072149908
https://openalex.org/W2015133309
https://openalex.org/W1987362130
https://openalex.org/W2000006268
https://openalex.org/W2172260776
https://openalex.org/W2792105039
https://openalex.org/W2887257795
https://openalex.org/W2038117480
https://openalex.org/W2056549948
https://openalex.org/W2076923401
https://openalex.org/W2090763516
https://openalex.org/W2141479836
https://openalex.org/W2144752361
https://openalex.org/W2183589090
https://openalex.org/W2214901253
https://openalex.org/W2477101854
https://openalex.org/W2755852123
https://openalex.org/W2913280797
https://openalex.org/W2942623441
https://openalex.org/W2953885990
https://openalex.org/W2977410850
https://openalex.org/W2981526986
https://openalex.org/W2982534973
https://openalex.org/W3011078834
https://openalex.org/W3021378853
https://openalex.org/W3022308173
https://openalex.org/W3048212979
https://openalex.org/W2284968266
https://openalex.org/W2296284167
https://openalex.org/W3089735034
https://openalex.org/W3109622541
https://openalex.org/W3128158084
https://openalex.org/W3166087670
https://openalex.org/W3179440038
https://openalex.org/W3210893846
https://openalex.org/W3212028660
https://openalex.org/W3216221547
https://openalex.org/W2101623900
https://openalex.org/W23808714
https://openalex.org/W2073732413
https://openalex.org/W2099542703
https://openalex.org/W2131094924
https://openalex.org/W240884442
https://openalex.org/W1963872326
https://openalex.org/W2027238354
https://openalex.org/W2126350294
https://openalex.org/W2156418292
https://openalex.org/W2061963219
https://openalex.org/W2114649299
https://openalex.org/W2998288505
https://openalex.org/W1987732126
https://openalex.org/W2001822290
https://openalex.org/W2046370257
https://openalex.org/W2087845701
https://openalex.org/W2124263136
https://openalex.org/W2126614838
https://openalex.org/W2135137003
https://openalex.org/W2909676759
https://openalex.org/W2924356443
https://openalex.org/W2942914213
https://openalex.org/W2996595235
https://openalex.org/W3001003029
https://openalex.org/W3002784268
https://openalex.org/W3023803026
https://openalex.org/W3123224051
https://openalex.org/W3122420766
https://openalex.org/W3131658073
https://openalex.org/W3135052112
https://openalex.org/W3142300237
https://openalex.org/W3165219263
https://openalex.org/W3195987897
https://openalex.org/W4200183995
https://openalex.org/W4206143686
https://openalex.org/W4206596163
https://openalex.org/W4220866946
https://openalex.org/W4225603068
https://openalex.org/W4281260603
https://openalex.org/W4282923545
https://openalex.org/W4283756262
https://openalex.org/W4304756267
https://openalex.org/W4307847680
https://openalex.org/W2076204372
https://openalex.org/W2161278525
https://openalex.org/W2028330007
https://openalex.org/W2144979730
https://openalex.org/W2010253859
https://openalex.org/W2024471277
https://openalex.org/W2102790635
https://openalex.org/W2169364034
https://openalex.org/W1515700881
https://openalex.org/W2047624812
https://openalex.org/W2077844465
https://openalex.org/W2148272377
https://openalex.org/W32235035
https://openalex.org/W1777437867
https://openalex.org/W2071478983
https://openalex.org/W1986601486
https://openalex.org/W2172005118
https://openalex.org/W1971842962
https://openalex.org/W2969416897
https://openalex.org/W1891520610
https://openalex.org/W1995764552
https://openalex.org/W2069839578
https://openalex.org/W2080840103
https://openalex.org/W2158077938
https://openalex.org/W2419617332
https://openalex.org/W2775204735
https://openalex.org/W3011427503
https://openalex.org/W3085665470
https://openalex.org/W52678025
https://openalex.org/W2032895918
https://openalex.org/W2068059295
https://openalex.org/W1979178006
https://openalex.org/W1981918309
https://openalex.org/W2016151246
https://openalex.org/W2417970160
https://openalex.org/W2318201391
https://openalex.org/W2029049116
https://openalex.org/W2051723749
https://openalex.org/W2765093928
https://openalex.org/W2808141603
https://openalex.org/W2811330180
https://openalex.org/W3110235292
https://openalex.org/W2013771485
https://openalex.org/W2151285002
https://openalex.org/W2306008773
https://openalex.org/W2434014314
https://openalex.org/W2529442765
https://openalex.org/W3173186632
https://openalex.org/W3176103451
https://openalex.org/W3177081934
https://openalex.org/W3181998802
https://openalex.org/W3214706033
https://openalex.org/W3091708827
https://openalex.org/W2054623998
https://openalex.org/W2108836647
https://openalex.org/W2122043823
https://openalex.org/W110144746
https://openalex.org/W1983432928
https://openalex.org/W2002225033
https://openalex.org/W2145232052
https://openalex.org/W2061012866
https://openalex.org/W1846043017
https://openalex.org/W2107429143
https://openalex.org/W1100983897
https://openalex.org/W2059384510
https://openalex.org/W2645005279
https://openalex.org/W2976512056
https://openalex.org/W1491910705
https://openalex.org/W1978208585
https://openalex.org/W2024826907
https://openalex.org/W2090989485
https://openalex.org/W2125230681
https://openalex.org/W2747617729
https://openalex.org/W2765579578
https://openalex.org/W2775302422
https://openalex.org/W2775795440
https://openalex.org/W2806463864
https://openalex.org/W2897980350
https://openalex.org/W2908365224
https://openalex.org/W2917561449
https://openalex.org/W2949885654
https://openalex.org/W2970696649
https://openalex.org/W2978024921
https://openalex.org/W2990603308
https://openalex.org/W3004410439
https://openalex.org/W3024840075
https://openalex.org/W3094147683
https://openalex.org/W3102015177
https://openalex.org/W3103568698
https://openalex.org/W3109073654
https://openalex.org/W3130200169
https://openalex.org/W2085773486
https://openalex.org/W2530464120
https://openalex.org/W4200428214
https://openalex.org/W4210842125
https://openalex.org/W4225122438
https://openalex.org/W4225406529
https://openalex.org/W4298126501
https://openalex.org/W4304943927
https://openalex.org/W4313280033
https://openalex.org/W4393773891
https://openalex.org/W1989074537
https://openalex.org/W1967736120
https://openalex.org/W2012313647
https://openalex.org/W2067072379
https://openalex.org/W2088732045
https://openalex.org/W2106292542
https://openalex.org/W2145035687
https://openalex.org/W2332376507
https://openalex.org/W2411704948
https://openalex.org/W1993032238
https://openalex.org/W2028768190
https://openalex.org/W2077642631
https://openalex.org/W2032497289
https://openalex.org/W6231655
https://openalex.org/W1553810281
https://openalex.org/W1968537628
https://openalex.org/W2026457714
https://openalex.org/W2085621025
https://openalex.org/W53458235
https://openalex.org/W1587192707
https://openalex.org/W1993987778
https://openalex.org/W2024495706
https://openalex.org/W2084667494
https://openalex.org/W2119015294
https://openalex.org/W2126837006
https://openalex.org/W2945550942
https://openalex.org/W2313923914
https://openalex.org/W2032475154
https://openalex.org/W2085907184
https://openalex.org/W2092884674
https://openalex.org/W2414400195
https://openalex.org/W2427141811
https://openalex.org/W2481505301
https://openalex.org/W2588351620
https://openalex.org/W2728420194
https://openalex.org/W2771289932
https://openalex.org/W2889559934
https://openalex.org/W2944037088
https://openalex.org/W2977577836
https://openalex.org/W3006098792
https://openalex.org/W3162960887
https://openalex.org/W3199190260
https://openalex.org/W3209261361
https://openalex.org/W4200455264
https://openalex.org/W4226212828
https://openalex.org/W2465181681
https://openalex.org/W2531232931
https://openalex.org/W2547664175
https://openalex.org/W2550694825
https://openalex.org/W2558914419
https://openalex.org/W2576832989
https://openalex.org/W2621207598
https://openalex.org/W1786043875
https://openalex.org/W2131689272
https://openalex.org/W2155915237
https://openalex.org/W2008981389
https://openalex.org/W2038730117
https://openalex.org/W205533701
https://openalex.org/W2887026983
https://openalex.org/W2050631877
https://openalex.org/W2080883310
https://openalex.org/W2123676005
https://openalex.org/W2144292129
https://openalex.org/W2005571434
https://openalex.org/W2019112835
https://openalex.org/W2419632921
https://openalex.org/W2052218559
https://openalex.org/W2067528108
https://openalex.org/W2113665346
https://openalex.org/W1185033450
https://openalex.org/W133421753
https://openalex.org/W1502640279
https://openalex.org/W1617503993
https://openalex.org/W1635910604
https://openalex.org/W1672736345
https://openalex.org/W1806551853
https://openalex.org/W1963560627
https://openalex.org/W2046477757
https://openalex.org/W2055214023
https://openalex.org/W2084356453
https://openalex.org/W2087912741
https://openalex.org/W2136193666
https://openalex.org/W215599765
https://openalex.org/W2291465655
https://openalex.org/W2399696546
https://openalex.org/W2771158658
https://openalex.org/W581447417
https://openalex.org/W4283823580
https://openalex.org/W4313586265
https://openalex.org/W4320498623
https://openalex.org/W4323655876
https://openalex.org/W4324330109
https://openalex.org/W4327545069
https://openalex.org/W4361264713
https://openalex.org/W4361889267
https://openalex.org/W4361889362
https://openalex.org/W4361938134
https://openalex.org/W4361938228
https://openalex.org/W4361953668
https://openalex.org/W4361960246
https://openalex.org/W4362604337
https://openalex.org/W4376472525
https://openalex.org/W4376653963
https://openalex.org/W4377237630
https://openalex.org/W4378803092
https://openalex.org/W4380148945
https://openalex.org/W4380300862
https://openalex.org/W4380534885
https://openalex.org/W4380681490
https://openalex.org/W4380793024
https://openalex.org/W4381053062
https://openalex.org/W4382138673
https://openalex.org/W4382407217
https://openalex.org/W4383557014
https://openalex.org/W4383987341
https://openalex.org/W4385633438
https://openalex.org/W4385989539
https://openalex.org/W4386176234
https://openalex.org/W4386279895
https://openalex.org/W4386736410
https://openalex.org/W4387235121
https://openalex.org/W4388097714
https://openalex.org/W4388399435
https://openalex.org/W4388414159
https://openalex.org/W4388500573
https://openalex.org/W4388514453
https://openalex.org/W4388599585
https://openalex.org/W4388601271
https://openalex.org/W4388723106
https://openalex.org/W4389180007
https://openalex.org/W4389225578
https://openalex.org/W4389397336
https://openalex.org/W4389526790
https://openalex.org/W4389980383
https://openalex.org/W4390442338
https://openalex.org/W4390676556
https://openalex.org/W4393466887
https://openalex.org/W4393482119
https://openalex.org/W4393558813
https://openalex.org/W4393609332
https://openalex.org/W4393708389
https://openalex.org/W4393875661
https://openalex.org/W4394045373
https://openalex.org/W4394049189
https://openalex.org/W2085094596
https://openalex.org/W2167377242
https://openalex.org/W1971137921
https://openalex.org/W2014908985
https://openalex.org/W2013131572
https://openalex.org/W2054619920
https://openalex.org/W2413779691
https://openalex.org/W2417577740
https://openalex.org/W2419608341
https://openalex.org/W2113713996
https://openalex.org/W2530622592
https://openalex.org/W2603638230
https://openalex.org/W2748112421
https://openalex.org/W2757658320
https://openalex.org/W2774788330
https://openalex.org/W1983057440
https://openalex.org/W2006657651
https://openalex.org/W2043918209
https://openalex.org/W2182864688
https://openalex.org/W2730726117
https://openalex.org/W2238853522
https://openalex.org/W2418603516
https://openalex.org/W2811037301
https://openalex.org/W2883229669
https://openalex.org/W2883307575
https://openalex.org/W2919063754
https://openalex.org/W2962958882
https://openalex.org/W2977370013
https://openalex.org/W3004069162
https://openalex.org/W3043232123
https://openalex.org/W3045707463
https://openalex.org/W3111277693
https://openalex.org/W3111844471
https://openalex.org/W3119526289
https://openalex.org/W3142339164
https://openalex.org/W3155329575
https://openalex.org/W3198850581
https://openalex.org/W3208266393
https://openalex.org/W2254312091
https://openalex.org/W2530073345
https://openalex.org/W2556724797
https://openalex.org/W2599209516
https://openalex.org/W3098819582
https://openalex.org/W4229446760
https://openalex.org/W4280563362
https://openalex.org/W4281696056
https://openalex.org/W4283807420
https://openalex.org/W4289782518
https://openalex.org/W4290005542
https://openalex.org/W4308885717
https://openalex.org/W4310030330
https://openalex.org/W4312094205
https://openalex.org/W4313332511
https://openalex.org/W2020775565
https://openalex.org/W2077110456
https://openalex.org/W2525805712
https://openalex.org/W1976105763
https://openalex.org/W2036965999
https://openalex.org/W4300948501
https://openalex.org/W77110347
https://openalex.org/W2087168870
https://openalex.org/W4252278326
https://openalex.org/W2411449189
https://openalex.org/W2415249088
https://openalex.org/W1507749805
https://openalex.org/W1532112610
https://openalex.org/W1608277420
https://openalex.org/W1863863113
https://openalex.org/W193045486
https://openalex.org/W1998306127
https://openalex.org/W2018125870
https://openalex.org/W2147743565
https://openalex.org/W2179268109
https://openalex.org/W2319014501
https://openalex.org/W2321220842
https://openalex.org/W2547935839
https://openalex.org/W2592051939
https://openalex.org/W2774439560
https://openalex.org/W3100788165
https://openalex.org/W3105620855
https://openalex.org/W4250766266
https://openalex.org/W4285082260
https://openalex.org/W4294844903
https://openalex.org/W4304196325
https://openalex.org/W4305041292
https://openalex.org/W1967694234
https://openalex.org/W2026487196
https://openalex.org/W2332794252
https://openalex.org/W3196748426
https://openalex.org/W2466879410
https://openalex.org/W3152315186
https://openalex.org/W64465009
https://openalex.org/W1863270142
https://openalex.org/W2004985938
https://openalex.org/W2006232889
https://openalex.org/W2084983574
https://openalex.org/W2156643995
https://openalex.org/W2412462676
https://openalex.org/W26678197
https://openalex.org/W1595350523
https://openalex.org/W2025576892
https://openalex.org/W2085020771
https://openalex.org/W2153731933
https://openalex.org/W2180846668
https://openalex.org/W2331295835
https://openalex.org/W2607374688
https://openalex.org/W2615821671
https://openalex.org/W2763803496
https://openalex.org/W2765517567
https://openalex.org/W2771662987
https://openalex.org/W2787417049
https://openalex.org/W3024435097
https://openalex.org/W4248904571
https://openalex.org/W1963836390
https://openalex.org/W2001915541
https://openalex.org/W2011654307
https://openalex.org/W2084201887
https://openalex.org/W2123109948
https://openalex.org/W2335421257
https://openalex.org/W51023719
https://openalex.org/W118679381
https://openalex.org/W1544265575
https://openalex.org/W1936860260
https://openalex.org/W1992999254
https://openalex.org/W2023887944
https://openalex.org/W2272445107
https://openalex.org/W2792189956
https://openalex.org/W2794963092
https://openalex.org/W2799788286
https://openalex.org/W2805916261
https://openalex.org/W2883288957
https://openalex.org/W2884048584
https://openalex.org/W2890799679
https://openalex.org/W2901205673
https://openalex.org/W2207344686
https://openalex.org/W1999706744
https://openalex.org/W4214906672
https://openalex.org/W2948462800
https://openalex.org/W2964026047
https://openalex.org/W2971835696
https://openalex.org/W2974264623
https://openalex.org/W2974751198
https://openalex.org/W2981331104
https://openalex.org/W2991143220
https://openalex.org/W3003296027
https://openalex.org/W3013728765
https://openalex.org/W3015727431
https://openalex.org/W3074242657
https://openalex.org/W3081582429
https://openalex.org/W3082236034
https://openalex.org/W3083575919
https://openalex.org/W3085437737
https://openalex.org/W3112043092
https://openalex.org/W3173932461
https://openalex.org/W4247841812
https://openalex.org/W1976573626
https://openalex.org/W1991248189
https://openalex.org/W2046409323
https://openalex.org/W2185671308
https://openalex.org/W218840088
https://openalex.org/W2270125358
https://openalex.org/W2415165048
https://openalex.org/W147462037
https://openalex.org/W2071053032
https://openalex.org/W2141492015
https://openalex.org/W4252385211
https://openalex.org/W2071114334
https://openalex.org/W3136934705
https://openalex.org/W3138283825
https://openalex.org/W3138306820
https://openalex.org/W3182880786
https://openalex.org/W3208967999
https://openalex.org/W3210516831
https://openalex.org/W4226104417
https://openalex.org/W1999143583
https://openalex.org/W2465571610
https://openalex.org/W3081537763
https://openalex.org/W2012484452
https://openalex.org/W2027047853
https://openalex.org/W2415290190
https://openalex.org/W163564115
https://openalex.org/W1995081643
https://openalex.org/W2012915617
https://openalex.org/W2021276310
https://openalex.org/W2040395632
https://openalex.org/W2417019446
https://openalex.org/W1938944428
https://openalex.org/W1563192144
https://openalex.org/W1623632712
https://openalex.org/W1692751023
https://openalex.org/W1757980115
https://openalex.org/W1948148496
https://openalex.org/W2024973497
https://openalex.org/W2065124086
https://openalex.org/W2090090429
https://openalex.org/W2101816699
https://openalex.org/W2115704482
https://openalex.org/W2169930370
https://openalex.org/W2180675740
https://openalex.org/W2185938978
https://openalex.org/W2189570784
https://openalex.org/W2241337573
https://openalex.org/W2242103756
https://openalex.org/W2243394292
https://openalex.org/W2244839746
https://openalex.org/W2249253257
https://openalex.org/W2249333333
https://openalex.org/W2253403929
https://openalex.org/W2280202502
https://openalex.org/W2283946150
https://openalex.org/W2285721060
https://openalex.org/W2318373710
https://openalex.org/W2336171266
https://openalex.org/W2361856295
https://openalex.org/W2401902278
https://openalex.org/W2476022069
https://openalex.org/W2492940092
https://openalex.org/W2493286267
https://openalex.org/W2510817881
https://openalex.org/W2514133608
https://openalex.org/W2550021948
https://openalex.org/W2550299451
https://openalex.org/W2551900255
https://openalex.org/W2557211862
https://openalex.org/W2558157300
https://openalex.org/W2559486652
https://openalex.org/W2560443092
https://openalex.org/W2581205875
https://openalex.org/W2587341958
https://openalex.org/W2587688162
https://openalex.org/W2588020431
https://openalex.org/W2596025120
https://openalex.org/W2625510346
https://openalex.org/W2751847912
https://openalex.org/W2801633886
https://openalex.org/W2902921027
https://openalex.org/W2908127729
https://openalex.org/W2912707975
https://openalex.org/W2920428378
https://openalex.org/W2951036462
https://openalex.org/W2963167692
https://openalex.org/W2977520575
https://openalex.org/W2980239208
https://openalex.org/W2990055229
https://openalex.org/W2995341824
https://openalex.org/W2997928880
https://openalex.org/W3015225386
https://openalex.org/W3027736707
https://openalex.org/W3082893094
https://openalex.org/W3112600217
https://openalex.org/W4251425435
https://openalex.org/W4389324676
https://openalex.org/W594036941
https://openalex.org/W2071312152
https://openalex.org/W2344150761
https://openalex.org/W2407445573
https://openalex.org/W2418089346
https://openalex.org/W2419258148
https://openalex.org/W4241983482
https://openalex.org/W2070176093
https://openalex.org/W2083705432
https://openalex.org/W2140326221
https://openalex.org/W2461068840
https://openalex.org/W4251706620
https://openalex.org/W1525839231
https://openalex.org/W1737045485
https://openalex.org/W1905866068
https://openalex.org/W1972693916
https://openalex.org/W1984211341
https://openalex.org/W1986745728
https://openalex.org/W2001771817
https://openalex.org/W2001945768
https://openalex.org/W2008895956
https://openalex.org/W2033446644
https://openalex.org/W2041815581
https://openalex.org/W2072073727
https://openalex.org/W2085113588
https://openalex.org/W2091052409
https://openalex.org/W2096400103
https://openalex.org/W2141857174
https://openalex.org/W2160033481
https://openalex.org/W2165941856
https://openalex.org/W2182113551
https://openalex.org/W2265075141
https://openalex.org/W2277418093
https://openalex.org/W2281114014
https://openalex.org/W2320257513
https://openalex.org/W2321265160
https://openalex.org/W2329374322
https://openalex.org/W2332245118
https://openalex.org/W2391114409
https://openalex.org/W2394752057
https://openalex.org/W2396657723
https://openalex.org/W2426750706
https://openalex.org/W2473926944
https://openalex.org/W2474502781
https://openalex.org/W2476522146
https://openalex.org/W2482215664
https://openalex.org/W2510869295
https://openalex.org/W2518325894
https://openalex.org/W2592694345
https://openalex.org/W2593940248
https://openalex.org/W2594490667
https://openalex.org/W2608357686
https://openalex.org/W2742859308
https://openalex.org/W2888701155
https://openalex.org/W2949808463
https://openalex.org/W3082597308
https://openalex.org/W3109569057
https://openalex.org/W3179931045
https://openalex.org/W4385533756
https://openalex.org/W4385889292
https://openalex.org/W58801694
https://openalex.org/W658141837
https://openalex.org/W2156499379
https://openalex.org/W2102311919
https://openalex.org/W3183819803
https://openalex.org/W1583294184
https://openalex.org/W186629637
https://openalex.org/W188824536
https://openalex.org/W1964544724
https://openalex.org/W2041885675
https://openalex.org/W2070329569
https://openalex.org/W2088704427
https://openalex.org/W2148105923
https://openalex.org/W2297843896
https://openalex.org/W2387979427
https://openalex.org/W2406080734
https://openalex.org/W2589842542
https://openalex.org/W2590020920
https://openalex.org/W2592242451
https://openalex.org/W2594105518
https://openalex.org/W2594882530
https://openalex.org/W2596736802
https://openalex.org/W2596863715
https://openalex.org/W2597126168
https://openalex.org/W2600431260
https://openalex.org/W2620839086
https://openalex.org/W2725262698
https://openalex.org/W2736968387
https://openalex.org/W2739853724
https://openalex.org/W2740804077
https://openalex.org/W2747710542
https://openalex.org/W2753749986
https://openalex.org/W2765885491
https://openalex.org/W2768292061
https://openalex.org/W2777008190
https://openalex.org/W2940650527
https://openalex.org/W2942755799
https://openalex.org/W2955390225
https://openalex.org/W3004217722
https://openalex.org/W3008146475
https://openalex.org/W3159105868
https://openalex.org/W4212932281
https://openalex.org/W4300547565
https://openalex.org/W4302201099
https://openalex.org/W79645205
https://openalex.org/W1572741838
https://openalex.org/W2409572004
https://openalex.org/W102562599
https://openalex.org/W1588880778
https://openalex.org/W1601674068
https://openalex.org/W1604196583
https://openalex.org/W1647883767
https://openalex.org/W1660105800
https://openalex.org/W1796132017
https://openalex.org/W1974764609
https://openalex.org/W1983430091
https://openalex.org/W2007434411
https://openalex.org/W2047107334
https://openalex.org/W2072082325
https://openalex.org/W2083782591
https://openalex.org/W2095425485
https://openalex.org/W2123933144
https://openalex.org/W2124763228
https://openalex.org/W2152591557
https://openalex.org/W2271048568
https://openalex.org/W2351372004
https://openalex.org/W2370312818
https://openalex.org/W2387746865
https://openalex.org/W2581976022
https://openalex.org/W2592339261
https://openalex.org/W2595498769
https://openalex.org/W2596230013
https://openalex.org/W2596582892
https://openalex.org/W2749183334
https://openalex.org/W2787329294
https://openalex.org/W2969146929
https://openalex.org/W3032932481
https://openalex.org/W4210739017
https://openalex.org/W4214623530
https://openalex.org/W4214879712
https://openalex.org/W4214927459
https://openalex.org/W4220844170
https://openalex.org/W4223560447
https://openalex.org/W4224327286
https://openalex.org/W4236019923
https://openalex.org/W4244015108
https://openalex.org/W4281626399
https://openalex.org/W4285793227
https://openalex.org/W4286470481
https://openalex.org/W4288492497
https://openalex.org/W4296280644
https://openalex.org/W4296340938
https://openalex.org/W4296341318
https://openalex.org/W4296382277
https://openalex.org/W4296382853
https://openalex.org/W4296383011
https://openalex.org/W4303415567
https://openalex.org/W4307201572
https://openalex.org/W4308700684
https://openalex.org/W4310036614
https://openalex.org/W4310813620
https://openalex.org/W4311060635
https://openalex.org/W4311612275
https://openalex.org/W4312693499
https://openalex.org/W4361734404
https://openalex.org/W4361752938
https://openalex.org/W4393420478
https://openalex.org/W4393717137
https://openalex.org/W4393722256
https://openalex.org/W4393735108
https://openalex.org/W4393768045
https://openalex.org/W4393796551
https://openalex.org/W4393886255
https://openalex.org/W4393887257
https://openalex.org/W4393922312
https://openalex.org/W49652712
https://openalex.org/W97019849
https://openalex.org/W1487980735
https://openalex.org/W165234383
https://openalex.org/W1974850328
https://openalex.org/W2314626413
https://openalex.org/W4234487321
https://openalex.org/W1605434625
https://openalex.org/W2009206069
https://openalex.org/W2017053021
https://openalex.org/W2029345853
https://openalex.org/W2053931584
https://openalex.org/W2096233571
https://openalex.org/W2112073736
https://openalex.org/W2418243484
https://openalex.org/W2418780464
https://openalex.org/W2474954546
https://openalex.org/W2593877176
https://openalex.org/W2594054026
https://openalex.org/W2624314862
https://openalex.org/W2806786052
https://openalex.org/W2807058136
https://openalex.org/W2807534050
https://openalex.org/W2808539579
https://openalex.org/W2835971014
https://openalex.org/W2884674861
https://openalex.org/W2885388603
https://openalex.org/W2896998958
https://openalex.org/W2897443887
https://openalex.org/W2898251060
https://openalex.org/W2905084095
https://openalex.org/W2906672380
https://openalex.org/W2912634018
https://openalex.org/W2916900017
https://openalex.org/W2923146472
https://openalex.org/W2933625594
https://openalex.org/W2935070327
https://openalex.org/W2942689386
https://openalex.org/W2944823572
https://openalex.org/W2946443778
https://openalex.org/W2948278095
https://openalex.org/W2948499783
https://openalex.org/W2951208337
https://openalex.org/W2970166069
https://openalex.org/W2972998546
https://openalex.org/W2979255019
https://openalex.org/W2980044793
https://openalex.org/W2980532464
https://openalex.org/W2981661012
https://openalex.org/W2983451425
https://openalex.org/W2985258211
https://openalex.org/W2989883766
https://openalex.org/W2994741825
https://openalex.org/W2996498979
https://openalex.org/W2996876344
https://openalex.org/W3003611600
https://openalex.org/W3003630421
https://openalex.org/W3010138763
https://openalex.org/W3016638746
https://openalex.org/W3025015705
https://openalex.org/W3030221871
https://openalex.org/W3033374258
https://openalex.org/W3048351882
https://openalex.org/W3124661170
https://openalex.org/W3130426660
https://openalex.org/W3148074368
https://openalex.org/W4232699362
https://openalex.org/W4237909988
https://openalex.org/W4239290150
https://openalex.org/W4241499729
https://openalex.org/W4245855144
https://openalex.org/W4246647857
https://openalex.org/W4251980839
https://openalex.org/W4253969020
https://openalex.org/W4297804146
https://openalex.org/W60409316
https://openalex.org/W1878959124
https://openalex.org/W1964576702
https://openalex.org/W1979296901
https://openalex.org/W1992990383
https://openalex.org/W2037678880
https://openalex.org/W2040460545
https://openalex.org/W2041962916
https://openalex.org/W2095286642
https://openalex.org/W2245066570
https://openalex.org/W2306855636
https://openalex.org/W2319821867
https://openalex.org/W2409527519
https://openalex.org/W2466678028
https://openalex.org/W2612567295
https://openalex.org/W2616685277
https://openalex.org/W2909120344
https://openalex.org/W653692081
https://openalex.org/W157243814
https://openalex.org/W1649136582
https://openalex.org/W1656244650
https://openalex.org/W1656424155
https://openalex.org/W1857871755
https://openalex.org/W1959359970
https://openalex.org/W2058188393
https://openalex.org/W2059887490
https://openalex.org/W2176622211
https://openalex.org/W2341529575
https://openalex.org/W2396871574
https://openalex.org/W2399438548
https://openalex.org/W2406394490
https://openalex.org/W2593904108
https://openalex.org/W2734950812
https://openalex.org/W2794480911
https://openalex.org/W2912489415
https://openalex.org/W2999327681
https://openalex.org/W3008756712
https://openalex.org/W3009152712
https://openalex.org/W3011989711
https://openalex.org/W3012313525
https://openalex.org/W3017226132
https://openalex.org/W3019966231
https://openalex.org/W3025120395
https://openalex.org/W3029491068
https://openalex.org/W3042136185
https://openalex.org/W3048917302
https://openalex.org/W3066747127
https://openalex.org/W3080766845
https://openalex.org/W3082099496
https://openalex.org/W3082137706
https://openalex.org/W3082176517
https://openalex.org/W3082239810
https://openalex.org/W3082306655
https://openalex.org/W3082431102
https://openalex.org/W3082864366
https://openalex.org/W3083916267
https://openalex.org/W3084378263
https://openalex.org/W3088470719
https://openalex.org/W3090678708
https://openalex.org/W3110351879
https://openalex.org/W3110726156
https://openalex.org/W3111814942
https://openalex.org/W3153142287
https://openalex.org/W4230977439
https://openalex.org/W4238755222
https://openalex.org/W4239993767
https://openalex.org/W4246292032
https://openalex.org/W4255487790
https://openalex.org/W4393537937
https://openalex.org/W4393621843
https://openalex.org/W4393675988
https://openalex.org/W4393733614
https://openalex.org/W4393792620
https://openalex.org/W4393875931
https://openalex.org/W6783711
https://openalex.org/W962666968
https://openalex.org/W113781943
https://openalex.org/W4242207391
https://openalex.org/W1017726977
https://openalex.org/W1597554003
https://openalex.org/W2078370191
https://openalex.org/W2141467071
https://openalex.org/W2407774358
https://openalex.org/W2417095046
https://openalex.org/W2443030396
https://openalex.org/W2463151448
https://openalex.org/W2545230222
https://openalex.org/W2568680331
https://openalex.org/W2594576437
https://openalex.org/W2677134263
https://openalex.org/W3135771292
https://openalex.org/W3150291523
https://openalex.org/W81767350
https://openalex.org/W13870253
https://openalex.org/W1488468234
https://openalex.org/W2357415497
https://openalex.org/W2417515610
https://openalex.org/W2417770506
https://openalex.org/W2437034053
https://openalex.org/W2464715804
https://openalex.org/W2494982023
https://openalex.org/W2732440463
https://openalex.org/W2966854735
https://openalex.org/W3122613924
https://openalex.org/W3126161281
https://openalex.org/W3128899819
https://openalex.org/W3129857725
https://openalex.org/W3130828573
https://openalex.org/W3133375172
https://openalex.org/W3147857592
https://openalex.org/W3151975420
https://openalex.org/W3160583674
https://openalex.org/W3162510025
https://openalex.org/W3185343687
https://openalex.org/W3197694952
https://openalex.org/W3199569610
https://openalex.org/W3200382072
https://openalex.org/W3202645834
https://openalex.org/W3205211500
https://openalex.org/W3208382972
https://openalex.org/W3208510913
https://openalex.org/W3208750260
https://openalex.org/W3208987914
https://openalex.org/W3209401153
https://openalex.org/W3209792374
https://openalex.org/W3210013641
https://openalex.org/W3210313537
https://openalex.org/W3210391289
https://openalex.org/W3212776716
https://openalex.org/W3213962321
https://openalex.org/W3216446014
https://openalex.org/W3216787653
https://openalex.org/W4200461005
https://openalex.org/W4205434163
https://openalex.org/W4205963651
https://openalex.org/W4225983427
https://openalex.org/W4239240834
https://openalex.org/W4386660399
https://openalex.org/W4393486817
https://openalex.org/W4393729627
https://openalex.org/W4393820671
https://openalex.org/W4393920414
https://openalex.org/W2013522418
https://openalex.org/W2052458056
https://openalex.org/W20906725
https://openalex.org/W2154918832
https://openalex.org/W2401794095
https://openalex.org/W2410739502
https://openalex.org/W2417599048
https://openalex.org/W2426281191
https://openalex.org/W2965628925
https://openalex.org/W3135959235
https://openalex.org/W3147457178
https://openalex.org/W3156300095
https://openalex.org/W4388337317
https://openalex.org/W58838900
https://openalex.org/W605902386
https://openalex.org/W659146105
https://openalex.org/W91423960
https://openalex.org/W2137769475
https://openalex.org/W2395589670
https://openalex.org/W2406929221
https://openalex.org/W2412085043
https://openalex.org/W2426511441
https://openalex.org/W2460896531
https://openalex.org/W2461198871
https://openalex.org/W2464691581
https://openalex.org/W2467434939
https://openalex.org/W114962006
https://openalex.org/W1980546759
https://openalex.org/W2018810888
https://openalex.org/W2062115371
https://openalex.org/W2093861987
https://openalex.org/W2335150662
https://openalex.org/W2404012187
https://openalex.org/W2409661512
https://openalex.org/W2409860119
https://openalex.org/W2410173011
https://openalex.org/W2416610128
https://openalex.org/W2466242163
https://openalex.org/W2468562877
https://openalex.org/W2592148331
https://openalex.org/W2594896741
https://openalex.org/W4255786978
https://openalex.org/W1536789414
https://openalex.org/W163132590
https://openalex.org/W1983850152
https://openalex.org/W2018498360
https://openalex.org/W2040449019
https://openalex.org/W2051773098
https://openalex.org/W2076623125
https://openalex.org/W2088482101
https://openalex.org/W227163610
https://openalex.org/W2319717572
https://openalex.org/W2399509467
https://openalex.org/W2400526339
https://openalex.org/W2411535456
https://openalex.org/W2437999384
https://openalex.org/W2440476510
https://openalex.org/W2468978368
https://openalex.org/W4241434514
https://openalex.org/W4252148016
https://openalex.org/W4301387004
https://openalex.org/W1542616747
https://openalex.org/W1552786347
https://openalex.org/W1990406826
https://openalex.org/W2009138873
https://openalex.org/W2139729184
https://openalex.org/W2148138443
https://openalex.org/W2323185781
https://openalex.org/W2400234596
https://openalex.org/W2413030861
https://openalex.org/W2432743332
https://openalex.org/W2516302590
https://openalex.org/W2572641914
https://openalex.org/W2587193293
https://openalex.org/W2770629434
https://openalex.org/W4231727047
https://openalex.org/W1510396092
https://openalex.org/W170218427
https://openalex.org/W1775059357
https://openalex.org/W185296211
https://openalex.org/W1881285068
https://openalex.org/W1979506594
https://openalex.org/W1980173429
https://openalex.org/W1995243397
https://openalex.org/W1996809495
https://openalex.org/W2005602270
https://openalex.org/W2064334548
https://openalex.org/W2068865858
https://openalex.org/W2070169803
https://openalex.org/W2086316619
https://openalex.org/W2094405336
https://openalex.org/W2110194143
https://openalex.org/W2126709274
https://openalex.org/W2170541719
https://openalex.org/W2344383971
https://openalex.org/W2404644948
https://openalex.org/W2405288422
https://openalex.org/W2411954775
https://openalex.org/W2412653527
https://openalex.org/W2414648837
https://openalex.org/W2462295080
https://openalex.org/W2563508058
https://openalex.org/W2567671508
https://openalex.org/W2571432760
https://openalex.org/W2586309646
https://openalex.org/W2587036942
https://openalex.org/W2589010733
https://openalex.org/W2612725340
https://openalex.org/W2622368153
https://openalex.org/W2731057965
https://openalex.org/W2750889077
https://openalex.org/W2791624026
https://openalex.org/W2801963558
https://openalex.org/W2967309582
https://openalex.org/W3003972531
https://openalex.org/W3176330201
https://openalex.org/W3197516834
https://openalex.org/W3208647264
https://openalex.org/W4235005879
https://openalex.org/W4237050567
https://openalex.org/W4299791132
https://openalex.org/W64521277
https://openalex.org/W2143197030
https://openalex.org/W2156423252
https://openalex.org/W4322384960
https://openalex.org/W2126503856
https://openalex.org/W2136128927
https://openalex.org/W2107339893
https://openalex.org/W2134524309
https://openalex.org/W2171463471
https://openalex.org/W2088536629
https://openalex.org/W2204607192
https://openalex.org/W3087816957
https://openalex.org/W2792407191
https://openalex.org/W2011645981
https://openalex.org/W2147016321
https://openalex.org/W2117157033
https://openalex.org/W3109609494
https://openalex.org/W2160719116
https://openalex.org/W2903680162
https://openalex.org/W1996813968
https://openalex.org/W2610701137
https://openalex.org/W2559119607
https://openalex.org/W2305526013
https://openalex.org/W2528138343
https://openalex.org/W2608146344
https://openalex.org/W1999757095
https://openalex.org/W2405348828
https://openalex.org/W1918968064
https://openalex.org/W2049162919
https://openalex.org/W1997832474
https://openalex.org/W2141715793
https://openalex.org/W2150777859
https://openalex.org/W3009381650
https://openalex.org/W2977757007
https://openalex.org/W2619014800
https://openalex.org/W1982789137
https://openalex.org/W2269899460
https://openalex.org/W2160358010
https://openalex.org/W1974061190
https://openalex.org/W2800865434
https://openalex.org/W1809016129
https://openalex.org/W3205211596
https://openalex.org/W2997154445
https://openalex.org/W3015186969
https://openalex.org/W2898302207
https://openalex.org/W2914947684
https://openalex.org/W2895985163
https://openalex.org/W3005896566
https://openalex.org/W2884146924
https://openalex.org/W4292865836
https://openalex.org/W2890276849
https://openalex.org/W3003689165
https://openalex.org/W3010995490
https://openalex.org/W3157406023
https://openalex.org/W3044128237
https://openalex.org/W3082326174
https://openalex.org/W4317566740
https://openalex.org/W4321458200
https://openalex.org/W4321766545
https://openalex.org/W4285799910
https://openalex.org/W4361268206
https://openalex.org/W4312218945
https://openalex.org/W4310137243
https://openalex.org/W4313651014
https://openalex.org/W2170628427
https://openalex.org/W2117067567
https://openalex.org/W2163772331
https://openalex.org/W2122019020
https://openalex.org/W2119568492
https://openalex.org/W1444632987
https://openalex.org/W1603949838
https://openalex.org/W2024289087
https://openalex.org/W2149343488
https://openalex.org/W2169593348
https://openalex.org/W2096618772
https://openalex.org/W2331042177
https://openalex.org/W2417774546
https://openalex.org/W2032014918
https://openalex.org/W1902719690
https://openalex.org/W2102240211
https://openalex.org/W2038834239
https://openalex.org/W2136951145
https://openalex.org/W2153728593
https://openalex.org/W2058130205
https://openalex.org/W2096039018
https://openalex.org/W2006546222
https://openalex.org/W2057579848
https://openalex.org/W1607787817
https://openalex.org/W1931208941
https://openalex.org/W2035285327
https://openalex.org/W2085761416
https://openalex.org/W2016428273
https://openalex.org/W1948592297
https://openalex.org/W2147940346
https://openalex.org/W2024599493
https://openalex.org/W1976568439
https://openalex.org/W2129616197
https://openalex.org/W2150499223
https://openalex.org/W2607253611
https://openalex.org/W2522866782
https://openalex.org/W2591775867
https://openalex.org/W2015003519
https://openalex.org/W2783349386
https://openalex.org/W2890280066
https://openalex.org/W2014324375
https://openalex.org/W1994729079
https://openalex.org/W2063567891
https://openalex.org/W2086561804
https://openalex.org/W2091646497
https://openalex.org/W2037015548
https://openalex.org/W2143195083
https://openalex.org/W2106403741
https://openalex.org/W1986865912
https://openalex.org/W2135215701
https://openalex.org/W2613409389
https://openalex.org/W2952591371
https://openalex.org/W2911391985
https://openalex.org/W2417269926
https://openalex.org/W2946409490
https://openalex.org/W3010709323
https://openalex.org/W2276093715
https://openalex.org/W2014546675
https://openalex.org/W2808136097
https://openalex.org/W2345880494
https://openalex.org/W2804591825
https://openalex.org/W2956895234
https://openalex.org/W2804831743
https://openalex.org/W2292067700
https://openalex.org/W2493784159
https://openalex.org/W2977591212
https://openalex.org/W2900590267
https://openalex.org/W2316277876
https://openalex.org/W2789686364
https://openalex.org/W2902064014
https://openalex.org/W2915775190
https://openalex.org/W3037840638
https://openalex.org/W2802593240
https://openalex.org/W2919344480
https://openalex.org/W2954856035
https://openalex.org/W2955980784
https://openalex.org/W3004393446
https://openalex.org/W3186091856
https://openalex.org/W3128147983
https://openalex.org/W3140577805
https://openalex.org/W3194916919
https://openalex.org/W3089749270
https://openalex.org/W3091771767
https://openalex.org/W3175639122
https://openalex.org/W2995264112
https://openalex.org/W3009938727
https://openalex.org/W3110688619
https://openalex.org/W3006411320
https://openalex.org/W3134206323
https://openalex.org/W3081607022
https://openalex.org/W3196037683
https://openalex.org/W3130854907
https://openalex.org/W3185353720
https://openalex.org/W3062885220
https://openalex.org/W3134947963
https://openalex.org/W3155726456
https://openalex.org/W4226194739
https://openalex.org/W3212865183
https://openalex.org/W4298125753
https://openalex.org/W4296401130
https://openalex.org/W3210620665
https://openalex.org/W4285404592
https://openalex.org/W4293242738
https://openalex.org/W4316507586
https://openalex.org/W4319879884
https://openalex.org/W4320518833
https://openalex.org/W4386153770
https://openalex.org/W4312129607
https://openalex.org/W4361290161
https://openalex.org/W4382362950
https://openalex.org/W4385514439
https://openalex.org/W4388450315
https://openalex.org/W4387898695
https://openalex.org/W4388817922
https://openalex.org/W4388915016
https://openalex.org/W4390990577
https://openalex.org/W1975041319
https://openalex.org/W2005776119
https://openalex.org/W2161996384
https://openalex.org/W2167782886
https://openalex.org/W2020990353
https://openalex.org/W2056775389
https://openalex.org/W2072301131
https://openalex.org/W1988982796
https://openalex.org/W2196792624
https://openalex.org/W2093520430
https://openalex.org/W1988503434
https://openalex.org/W2951025849
https://openalex.org/W2004269303
https://openalex.org/W2068961329
https://openalex.org/W2077291116
https://openalex.org/W1965987341
https://openalex.org/W2065244682
https://openalex.org/W2137825587
https://openalex.org/W1997037052
https://openalex.org/W2029651366
https://openalex.org/W2037257526
https://openalex.org/W2045694929
https://openalex.org/W2112096245
https://openalex.org/W1986074268
https://openalex.org/W2047152078
https://openalex.org/W2020829687
https://openalex.org/W2024023816
https://openalex.org/W2022892337
https://openalex.org/W2139223633
https://openalex.org/W2171714609
https://openalex.org/W1981032201
https://openalex.org/W2394655415
https://openalex.org/W1540514666
https://openalex.org/W1901767668
https://openalex.org/W2031939238
https://openalex.org/W1682694355
https://openalex.org/W2157334053
https://openalex.org/W1989970175
https://openalex.org/W2070438262
https://openalex.org/W2077194153
https://openalex.org/W2091238163
https://openalex.org/W1011422075
https://openalex.org/W2122521556
https://openalex.org/W2043105540
https://openalex.org/W2006291400
https://openalex.org/W1965857160
https://openalex.org/W2002622083
https://openalex.org/W2076473839
https://openalex.org/W2171252939
https://openalex.org/W1995343795
https://openalex.org/W2007459563
https://openalex.org/W2034135358
https://openalex.org/W2512934682
https://openalex.org/W2555505520
https://openalex.org/W2503251485
https://openalex.org/W2049651913
https://openalex.org/W2260774906
https://openalex.org/W2600225238
https://openalex.org/W2082182897
https://openalex.org/W2807434096
https://openalex.org/W2038737565
https://openalex.org/W2615276102
https://openalex.org/W2114109187
https://openalex.org/W2304371511
https://openalex.org/W2519476176
https://openalex.org/W2327456887
https://openalex.org/W2524461176
https://openalex.org/W2783897511
https://openalex.org/W2785531056
https://openalex.org/W1812111287
https://openalex.org/W2133340409
https://openalex.org/W2182421061
https://openalex.org/W2564757163
https://openalex.org/W2897994553
https://openalex.org/W2328669264
https://openalex.org/W2790386478
https://openalex.org/W2768562309
https://openalex.org/W2399513595
https://openalex.org/W2923936872
https://openalex.org/W2112776635
https://openalex.org/W2588115127
https://openalex.org/W2979587573
https://openalex.org/W2596600187
https://openalex.org/W2886401725
https://openalex.org/W2891354671
https://openalex.org/W2740875969
https://openalex.org/W2783476666
https://openalex.org/W3026378393
https://openalex.org/W2519510828
https://openalex.org/W2914513348
https://openalex.org/W2916029010
https://openalex.org/W3048679697
https://openalex.org/W2892145330
https://openalex.org/W3088139832
https://openalex.org/W3102006004
https://openalex.org/W2906588766
https://openalex.org/W2989871415
https://openalex.org/W2947112139
https://openalex.org/W2938913676
https://openalex.org/W3016588187
https://openalex.org/W2894104680
https://openalex.org/W2989531053
https://openalex.org/W2011869302
https://openalex.org/W3112714684
https://openalex.org/W2993592808
https://openalex.org/W3163017953
https://openalex.org/W3165761235
https://openalex.org/W3135208006
https://openalex.org/W3111377280
https://openalex.org/W3131906709
https://openalex.org/W3157024686
https://openalex.org/W3128538310
https://openalex.org/W3192139843
https://openalex.org/W3195582636
https://openalex.org/W3209927131
https://openalex.org/W3124443782
https://openalex.org/W4285680285
https://openalex.org/W4288080685
https://openalex.org/W4290565908
https://openalex.org/W4308498679
https://openalex.org/W4290928889
https://openalex.org/W4307903931
https://openalex.org/W3216911749
https://openalex.org/W4223949266
https://openalex.org/W4282982581
https://openalex.org/W4289781814
https://openalex.org/W4211197659
https://openalex.org/W4225264428
https://openalex.org/W4283388704
https://openalex.org/W4309630087
https://openalex.org/W4368361969
https://openalex.org/W4381470516
https://openalex.org/W4375862079
https://openalex.org/W4323652632
https://openalex.org/W4385973367
https://openalex.org/W4386112403
https://openalex.org/W4387911261
https://openalex.org/W4392520095
https://openalex.org/W4392705569
https://openalex.org/W2169353085
https://openalex.org/W2019651591
https://openalex.org/W1989942114
https://openalex.org/W2116717181
https://openalex.org/W2012181162
https://openalex.org/W2124066321
https://openalex.org/W2116858332
https://openalex.org/W2103515960
https://openalex.org/W1976737079
https://openalex.org/W1985555035
https://openalex.org/W2131347880
https://openalex.org/W1976211445
https://openalex.org/W1982035594
https://openalex.org/W2162238098
https://openalex.org/W1976738749
https://openalex.org/W2047076099
https://openalex.org/W2421387584
https://openalex.org/W2053622564
https://openalex.org/W2084377648
https://openalex.org/W1997212875
https://openalex.org/W2021870278
https://openalex.org/W2130289825
https://openalex.org/W1987913705
https://openalex.org/W2036017068
https://openalex.org/W2171006568
https://openalex.org/W2039186581
https://openalex.org/W2033785230
https://openalex.org/W2074892463
https://openalex.org/W1573540356
https://openalex.org/W2012011983
https://openalex.org/W2032015425
https://openalex.org/W2057862354
https://openalex.org/W1937850019
https://openalex.org/W2106452645
https://openalex.org/W1566707033
https://openalex.org/W1500139954
https://openalex.org/W2472623328
https://openalex.org/W2063081554
https://openalex.org/W2614118573
https://openalex.org/W1997375019
https://openalex.org/W2624493696
https://openalex.org/W2887422854
https://openalex.org/W2097671380
https://openalex.org/W2523858473
https://openalex.org/W2567533757
https://openalex.org/W2599374784
https://openalex.org/W2727038936
https://openalex.org/W1982054808
https://openalex.org/W2013100492
https://openalex.org/W2890744451
https://openalex.org/W2003836713
https://openalex.org/W2889755222
https://openalex.org/W2624005088
https://openalex.org/W2760042295
https://openalex.org/W2789983246
https://openalex.org/W2593069017
https://openalex.org/W2802901438
https://openalex.org/W2992640343
https://openalex.org/W2541058996
https://openalex.org/W2912872653
https://openalex.org/W2792973438
https://openalex.org/W2896799679
https://openalex.org/W2913447289
https://openalex.org/W2947978745
https://openalex.org/W2568016708
https://openalex.org/W2792680084
https://openalex.org/W2807469578
https://openalex.org/W2966880158
https://openalex.org/W2796179426
https://openalex.org/W2945827723
https://openalex.org/W2766480431
https://openalex.org/W2942007201
https://openalex.org/W2970987540
https://openalex.org/W2995789871
https://openalex.org/W2444474016
https://openalex.org/W2954416791
https://openalex.org/W2937366770
https://openalex.org/W2941873779
https://openalex.org/W3039458318
https://openalex.org/W2921057031
https://openalex.org/W2971663962
https://openalex.org/W2982208857
https://openalex.org/W3025610431
https://openalex.org/W3005836371
https://openalex.org/W3082770864
https://openalex.org/W3019367720
https://openalex.org/W3112788101
https://openalex.org/W3014075113
https://openalex.org/W3035311787
https://openalex.org/W3035658224
https://openalex.org/W3092087377
https://openalex.org/W3036873979
https://openalex.org/W3162216876
https://openalex.org/W3172011038
https://openalex.org/W3205495348
https://openalex.org/W3182398783
https://openalex.org/W3115357327
https://openalex.org/W3137258220
https://openalex.org/W3212939938
https://openalex.org/W4281860644
https://openalex.org/W4282572565
https://openalex.org/W3204809458
https://openalex.org/W4225761924
https://openalex.org/W4290702660
https://openalex.org/W4225607510
https://openalex.org/W4360611952
https://openalex.org/W4377141517
https://openalex.org/W4317796976
https://openalex.org/W4362635345
https://openalex.org/W4365449152
https://openalex.org/W4380870913
https://openalex.org/W4383723371
https://openalex.org/W2012796753
https://openalex.org/W2123481305
https://openalex.org/W2085844418
https://openalex.org/W2059545148
https://openalex.org/W1968102889
https://openalex.org/W2102102358
https://openalex.org/W2144808579
https://openalex.org/W2067106268
https://openalex.org/W2132559799
https://openalex.org/W2075776349
https://openalex.org/W2114814597
https://openalex.org/W2056237978
https://openalex.org/W1970450137
https://openalex.org/W1982925783
https://openalex.org/W1987614066
https://openalex.org/W1433969976
https://openalex.org/W1971755326
https://openalex.org/W2164186471
https://openalex.org/W2023388009
https://openalex.org/W2397529892
https://openalex.org/W2038610374
https://openalex.org/W2071022983
https://openalex.org/W2073960815
https://openalex.org/W2043496207
https://openalex.org/W2090918572
https://openalex.org/W1965514257
https://openalex.org/W1976895905
https://openalex.org/W2774802154
https://openalex.org/W2012243047
https://openalex.org/W2159369930
https://openalex.org/W1964628116
https://openalex.org/W2460796532
https://openalex.org/W1964882035
https://openalex.org/W2055548328
https://openalex.org/W1964703018
https://openalex.org/W2059850432
https://openalex.org/W2048805621
https://openalex.org/W2051228317
https://openalex.org/W1993378469
https://openalex.org/W2123324832
https://openalex.org/W2133057848
https://openalex.org/W1743315229
https://openalex.org/W2419069255
https://openalex.org/W2059038348
https://openalex.org/W2105497211
https://openalex.org/W2026140121
https://openalex.org/W2052949867
https://openalex.org/W2318060395
https://openalex.org/W2158791059
https://openalex.org/W2080102652
https://openalex.org/W4298872894
https://openalex.org/W2093163777
https://openalex.org/W2442232043
https://openalex.org/W2041670233
https://openalex.org/W2108658012
https://openalex.org/W2160615860
https://openalex.org/W2321476648
https://openalex.org/W1600902642
https://openalex.org/W2082240943
https://openalex.org/W2121686226
https://openalex.org/W2078709895
https://openalex.org/W2342027956
https://openalex.org/W2155801476
https://openalex.org/W2186566089
https://openalex.org/W2085444519
https://openalex.org/W2411737356
https://openalex.org/W2207276257
https://openalex.org/W2464784683
https://openalex.org/W2469723692
https://openalex.org/W2778847794
https://openalex.org/W2790496104
https://openalex.org/W2798091633
https://openalex.org/W2054796527
https://openalex.org/W2086265141
https://openalex.org/W2102730762
https://openalex.org/W2180216095
https://openalex.org/W2770330124
https://openalex.org/W2884798593
https://openalex.org/W4236123833
https://openalex.org/W2280167111
https://openalex.org/W2309638464
https://openalex.org/W2563726319
https://openalex.org/W2588712816
https://openalex.org/W2197831767
https://openalex.org/W2467410650
https://openalex.org/W2486658358
https://openalex.org/W2583886873
https://openalex.org/W2884311788
https://openalex.org/W2898479636
https://openalex.org/W2899510796
https://openalex.org/W2917991001
https://openalex.org/W2947983618
https://openalex.org/W2296740077
https://openalex.org/W2547500090
https://openalex.org/W2771547702
https://openalex.org/W2966813725
https://openalex.org/W2883517933
https://openalex.org/W2898483846
https://openalex.org/W2914620118
https://openalex.org/W2916544798
https://openalex.org/W2943584004
https://openalex.org/W2966698172
https://openalex.org/W2952440960
https://openalex.org/W2974492293
https://openalex.org/W2990872551
https://openalex.org/W2936475064
https://openalex.org/W2938379139
https://openalex.org/W2944876729
https://openalex.org/W2969816381
https://openalex.org/W3000395588
https://openalex.org/W3007010959
https://openalex.org/W3091956815
https://openalex.org/W3008779410
https://openalex.org/W3092369761
https://openalex.org/W3037339930
https://openalex.org/W3043787946
https://openalex.org/W3130388882
https://openalex.org/W3161428714
https://openalex.org/W3165548978
https://openalex.org/W3198638050
https://openalex.org/W3125102388
https://openalex.org/W3163409101
https://openalex.org/W3119043475
https://openalex.org/W3138212617
https://openalex.org/W3169714398
https://openalex.org/W4226247165
https://openalex.org/W4282934036
https://openalex.org/W4285797401
https://openalex.org/W4220794628
https://openalex.org/W4285027199
https://openalex.org/W4306966025
https://openalex.org/W4200119989
https://openalex.org/W4205873781
https://openalex.org/W4280614311
https://openalex.org/W4312221921
https://openalex.org/W4313436635
https://openalex.org/W4317716421
https://openalex.org/W4323859239
https://openalex.org/W4327694655
https://openalex.org/W4328048583
https://openalex.org/W4360856015
https://openalex.org/W4366828064
https://openalex.org/W4372215877
https://openalex.org/W4379879665
https://openalex.org/W4381514027
https://openalex.org/W4384155521
https://openalex.org/W4386204438
https://openalex.org/W4386492628
https://openalex.org/W2108981521
https://openalex.org/W2120062524
https://openalex.org/W2311300750
https://openalex.org/W2949825328
https://openalex.org/W1964485007
https://openalex.org/W2160743033
https://openalex.org/W2051500182
https://openalex.org/W2093846994
https://openalex.org/W2079572206
https://openalex.org/W2419262382
https://openalex.org/W1998797319
https://openalex.org/W1972450401
https://openalex.org/W1986414838
https://openalex.org/W1998763469
https://openalex.org/W2042301048
https://openalex.org/W2150978959
https://openalex.org/W2053300385
https://openalex.org/W2074001940
https://openalex.org/W2141968176
https://openalex.org/W2010819422
https://openalex.org/W2040631818
https://openalex.org/W1972419630
https://openalex.org/W2405421423
https://openalex.org/W2046771587
https://openalex.org/W2072167580
https://openalex.org/W2005594101
https://openalex.org/W2117505510
https://openalex.org/W2087046289
https://openalex.org/W2165658724
https://openalex.org/W2060292295
https://openalex.org/W2036301901
https://openalex.org/W2065377882
https://openalex.org/W2139443415
https://openalex.org/W2171500155
https://openalex.org/W2105008803
https://openalex.org/W2120120947
https://openalex.org/W2072160784
https://openalex.org/W1965324123
https://openalex.org/W2161064815
https://openalex.org/W1599601303
https://openalex.org/W2034074153
https://openalex.org/W1971035857
https://openalex.org/W1986195196
https://openalex.org/W1990008022
https://openalex.org/W2055448832
https://openalex.org/W2147969455
https://openalex.org/W154960060
https://openalex.org/W1976375457
https://openalex.org/W2004786912
https://openalex.org/W2032174209
https://openalex.org/W2072112250
https://openalex.org/W2162878800
https://openalex.org/W1994257553
https://openalex.org/W1996795556
https://openalex.org/W2157294669
https://openalex.org/W2083902625
https://openalex.org/W2107744239
https://openalex.org/W2226200533
https://openalex.org/W2418143316
https://openalex.org/W2526466358
https://openalex.org/W2591921487
https://openalex.org/W2766694883
https://openalex.org/W1978916957
https://openalex.org/W2115682164
https://openalex.org/W2226218206
https://openalex.org/W2495740823
https://openalex.org/W2586333823
https://openalex.org/W2614348904
https://openalex.org/W2736844263
https://openalex.org/W2751329339
https://openalex.org/W2799691207
https://openalex.org/W2799792923
https://openalex.org/W2810312478
https://openalex.org/W1959004765
https://openalex.org/W2215542923
https://openalex.org/W2268119250
https://openalex.org/W2889519673
https://openalex.org/W2214589774
https://openalex.org/W2398430375
https://openalex.org/W2601590236
https://openalex.org/W2620018090
https://openalex.org/W2737480027
https://openalex.org/W2748105083
https://openalex.org/W2776718323
https://openalex.org/W2796818123
https://openalex.org/W2884538676
https://openalex.org/W2899174824
https://openalex.org/W2962504893
https://openalex.org/W2990165372
https://openalex.org/W2403474637
https://openalex.org/W2883148608
https://openalex.org/W2888913996
https://openalex.org/W2975369994
https://openalex.org/W2909163879
https://openalex.org/W2977113203
https://openalex.org/W2899112311
https://openalex.org/W2905868384
https://openalex.org/W2911038532
https://openalex.org/W3027301073
https://openalex.org/W3035362821
https://openalex.org/W2993506419
https://openalex.org/W3032685721
https://openalex.org/W3038552422
https://openalex.org/W3041424609
https://openalex.org/W3044784493
https://openalex.org/W3088975701
https://openalex.org/W2972496127
https://openalex.org/W3000902958
https://openalex.org/W3034784239
https://openalex.org/W3015782499
https://openalex.org/W3021391362
https://openalex.org/W3047586245
https://openalex.org/W2725457098
https://openalex.org/W3139420961
https://openalex.org/W3094315037
https://openalex.org/W3164547360
https://openalex.org/W3169615129
https://openalex.org/W3208218618
https://openalex.org/W3037893474
https://openalex.org/W3155433612
https://openalex.org/W3199359939
https://openalex.org/W3199589415
https://openalex.org/W4205223132
https://openalex.org/W4206558510
https://openalex.org/W4226335789
https://openalex.org/W4286560117
https://openalex.org/W4321639063
https://openalex.org/W4365143654
https://openalex.org/W4380480041
https://openalex.org/W4386269755
https://openalex.org/W4386931702
https://openalex.org/W4387419203
https://openalex.org/W1983751437
https://openalex.org/W2044522314
https://openalex.org/W2011024317
https://openalex.org/W2017709046
https://openalex.org/W2101628459
https://openalex.org/W2046508229
https://openalex.org/W1986897439
https://openalex.org/W1999873842
https://openalex.org/W2119541316
https://openalex.org/W1993916276
https://openalex.org/W2084758967
https://openalex.org/W2050346965
https://openalex.org/W2560331420
https://openalex.org/W2030166574
https://openalex.org/W2045332651
https://openalex.org/W2125442042
https://openalex.org/W2081267140
https://openalex.org/W1966711371
https://openalex.org/W658893186
https://openalex.org/W1985653246
https://openalex.org/W2040960321
https://openalex.org/W2052809554
https://openalex.org/W2163757624
https://openalex.org/W2416545281
https://openalex.org/W2010159350
https://openalex.org/W2029056365
https://openalex.org/W2075204224
https://openalex.org/W2081895629
https://openalex.org/W2078211488
https://openalex.org/W2104912738
https://openalex.org/W2022209424
https://openalex.org/W1984147858
https://openalex.org/W2034703092
https://openalex.org/W2080682256
https://openalex.org/W2081235654
https://openalex.org/W2156485475
https://openalex.org/W2130954387
https://openalex.org/W2316920775
https://openalex.org/W4256315505
https://openalex.org/W2003880931
https://openalex.org/W2011405740
https://openalex.org/W2028562333
https://openalex.org/W2060875414
https://openalex.org/W1964025468
https://openalex.org/W2153023396
https://openalex.org/W1972904788
https://openalex.org/W1996228506
https://openalex.org/W2027108037
https://openalex.org/W1583087486
https://openalex.org/W2070830506
https://openalex.org/W2102340847
https://openalex.org/W2319760075
https://openalex.org/W2332829972
https://openalex.org/W2409779333
https://openalex.org/W2563356762
https://openalex.org/W2590070243
https://openalex.org/W2591428098
https://openalex.org/W2011485605
https://openalex.org/W2018461272
https://openalex.org/W2097391564
https://openalex.org/W2296510310
https://openalex.org/W2619464124
https://openalex.org/W2738125289
https://openalex.org/W2057173892
https://openalex.org/W2135371819
https://openalex.org/W2332995088
https://openalex.org/W2547765713
https://openalex.org/W2790178424
https://openalex.org/W2800614835
https://openalex.org/W2804873493
https://openalex.org/W2900800615
https://openalex.org/W2408347248
https://openalex.org/W2753286813
https://openalex.org/W2766509678
https://openalex.org/W2796881876
https://openalex.org/W2834508960
https://openalex.org/W2911361925
https://openalex.org/W2968580098
https://openalex.org/W2255583718
https://openalex.org/W2355459424
https://openalex.org/W2830003600
https://openalex.org/W2895918911
https://openalex.org/W2909498119
https://openalex.org/W2947292893
https://openalex.org/W4232236686
https://openalex.org/W2915247193
https://openalex.org/W2977482418
https://openalex.org/W2952110193
https://openalex.org/W2990548197
https://openalex.org/W3009739974
https://openalex.org/W3028331596
https://openalex.org/W3030064722
https://openalex.org/W3094410983
https://openalex.org/W2981845998
https://openalex.org/W3033143972
https://openalex.org/W3113857687
https://openalex.org/W2088506209
https://openalex.org/W3113279822
https://openalex.org/W3129693655
https://openalex.org/W3160298981
https://openalex.org/W3179269789
https://openalex.org/W3190954624
https://openalex.org/W3214231729
https://openalex.org/W3128901757
https://openalex.org/W3193907220
https://openalex.org/W3203100725
https://openalex.org/W4280617853
https://openalex.org/W4285495420
https://openalex.org/W4291952029
https://openalex.org/W4310842598
https://openalex.org/W4210806612
https://openalex.org/W4220960451
https://openalex.org/W4229452752
https://openalex.org/W4283799742
https://openalex.org/W4312954499
https://openalex.org/W4319241291
https://openalex.org/W4322506061
https://openalex.org/W4324031104
https://openalex.org/W4360857245
https://openalex.org/W4361291436
https://openalex.org/W4366831323
https://openalex.org/W4376113741
https://openalex.org/W4384024598
https://openalex.org/W4387392819
https://openalex.org/W4394714356
https://openalex.org/W2049671865
https://openalex.org/W2123276948
https://openalex.org/W2029113207
https://openalex.org/W2109938815
https://openalex.org/W2133162067
https://openalex.org/W1989552955
https://openalex.org/W2131822916
https://openalex.org/W2123093125
https://openalex.org/W2159920540
https://openalex.org/W2044798898
https://openalex.org/W1981716320
https://openalex.org/W2044994899
https://openalex.org/W1985000897
https://openalex.org/W1511269200
https://openalex.org/W2158180375
https://openalex.org/W1970561853
https://openalex.org/W2145839904
https://openalex.org/W2112557949
https://openalex.org/W2410413520
https://openalex.org/W2114068891
https://openalex.org/W2149475690
https://openalex.org/W2137486822
https://openalex.org/W1977486441
https://openalex.org/W2097879760
https://openalex.org/W2412892582
https://openalex.org/W1529922585
https://openalex.org/W2048879284
https://openalex.org/W1979189368
https://openalex.org/W2004357324
https://openalex.org/W2021164965
https://openalex.org/W2028029079
https://openalex.org/W2146050268
https://openalex.org/W2152606681
https://openalex.org/W2401761965
https://openalex.org/W1950281833
https://openalex.org/W2067550378
https://openalex.org/W2129040617
https://openalex.org/W2415692418
https://openalex.org/W1979203675
https://openalex.org/W1544631337
https://openalex.org/W1971292079
https://openalex.org/W2087909050
https://openalex.org/W2125003602
https://openalex.org/W2127447879
https://openalex.org/W1971079897
https://openalex.org/W2016175055
https://openalex.org/W2134416346
https://openalex.org/W2416009159
https://openalex.org/W2442764735
https://openalex.org/W2614521864
https://openalex.org/W2619216021
https://openalex.org/W2900790659
https://openalex.org/W2901245435
https://openalex.org/W791845407
https://openalex.org/W1937019075
https://openalex.org/W2516007537
https://openalex.org/W2516295962
https://openalex.org/W2620310003
https://openalex.org/W2739347958
https://openalex.org/W2761407342
https://openalex.org/W2810959947
https://openalex.org/W2900992488
https://openalex.org/W2968758190
https://openalex.org/W2794636426
https://openalex.org/W2802168103
https://openalex.org/W2803364140
https://openalex.org/W2903182429
https://openalex.org/W2948909392
https://openalex.org/W3024425780
https://openalex.org/W2921061792
https://openalex.org/W2930787097
https://openalex.org/W2940957915
https://openalex.org/W2947635425
https://openalex.org/W2966250042
https://openalex.org/W2972059526
https://openalex.org/W2980765012
https://openalex.org/W3034167033
https://openalex.org/W3087661005
https://openalex.org/W3016880223
https://openalex.org/W3045169704
https://openalex.org/W3007409594
https://openalex.org/W3017504737
https://openalex.org/W3021598078
https://openalex.org/W3041066346
https://openalex.org/W3045758511
https://openalex.org/W3111880479
https://openalex.org/W3088595861
https://openalex.org/W3113422455
https://openalex.org/W3127375514
https://openalex.org/W3141174322
https://openalex.org/W3185318970
https://openalex.org/W3197256776
https://openalex.org/W3197601580
https://openalex.org/W4200486604
https://openalex.org/W3132508037
https://openalex.org/W3137342217
https://openalex.org/W3155229308
https://openalex.org/W3199713961
https://openalex.org/W3212847694
https://openalex.org/W4223423980
https://openalex.org/W4226398594
https://openalex.org/W4281291579
https://openalex.org/W4308765853
https://openalex.org/W4310036781
https://openalex.org/W4310103232
https://openalex.org/W4387587650
https://openalex.org/W4388033089
https://openalex.org/W4388344166
https://openalex.org/W4388914248
https://openalex.org/W4389359771
https://openalex.org/W4389370158
https://openalex.org/W4389522235
https://openalex.org/W4390127316
https://openalex.org/W4390393553
https://openalex.org/W4390415076
https://openalex.org/W4390576706
https://openalex.org/W4390610254
https://openalex.org/W4390614401
https://openalex.org/W4390615231
https://openalex.org/W4390628417
https://openalex.org/W4390667419
https://openalex.org/W4390704673
https://openalex.org/W4390744848
https://openalex.org/W4390815908
https://openalex.org/W4390827346
https://openalex.org/W4390861648
https://openalex.org/W4390903385
https://openalex.org/W4390964308
https://openalex.org/W4390984433
https://openalex.org/W4391024848
https://openalex.org/W4391042869
https://openalex.org/W4391055695
https://openalex.org/W4391101787
https://openalex.org/W4391127661
https://openalex.org/W4391144239
https://openalex.org/W4391385853
https://openalex.org/W4391403532
https://openalex.org/W4391425880
https://openalex.org/W4391440587
https://openalex.org/W4391481277
https://openalex.org/W4391517662
https://openalex.org/W4391556664
https://openalex.org/W4391603246
https://openalex.org/W4391738127
https://openalex.org/W4391771896
https://openalex.org/W4391843030
https://openalex.org/W4391887564
https://openalex.org/W4392013785
https://openalex.org/W4392307071
https://openalex.org/W4392349594
https://openalex.org/W4392368590
https://openalex.org/W4392450423
https://openalex.org/W4392454720
https://openalex.org/W4392580944
https://openalex.org/W4392590795
https://openalex.org/W4392655154
https://openalex.org/W4392659042
https://openalex.org/W4392726922
https://openalex.org/W4392740629
https://openalex.org/W4392752180
https://openalex.org/W4392767419
https://openalex.org/W4392845504
https://openalex.org/W4392850239
https://openalex.org/W4392881457
https://openalex.org/W4392903052
https://openalex.org/W4392928518
https://openalex.org/W4392928707
https://openalex.org/W4393045311
https://openalex.org/W4393183591
https://openalex.org/W4393199487
https://openalex.org/W4393217401
https://openalex.org/W4393319465
https://openalex.org/W4393377107
https://openalex.org/W4393389438
https://openalex.org/W4393403925
https://openalex.org/W4393411637
https://openalex.org/W4393850153
https://openalex.org/W4393855748
https://openalex.org/W4393987502
https://openalex.org/W4393991100
https://openalex.org/W4393993266
https://openalex.org/W4394013473
https://openalex.org/W4394018563
https://openalex.org/W4394019201
https://openalex.org/W4394060675
https://openalex.org/W4394063137
https://openalex.org/W4394565740
https://openalex.org/W4394627851
https://openalex.org/W4394684479
https://openalex.org/W4394706772
https://openalex.org/W4394720047
https://openalex.org/W4394730270
https://openalex.org/W4394762694
https://openalex.org/W4394811158
https://openalex.org/W4394815906
https://openalex.org/W4394819878
https://openalex.org/W4394821404
https://openalex.org/W4394832301
https://openalex.org/W4394852883
https://openalex.org/W4394873671
https://openalex.org/W4394890327
https://openalex.org/W4394932384
https://openalex.org/W4394935223
https://openalex.org/W4395029257
https://openalex.org/W4395069790
https://openalex.org/W4395074128
https://openalex.org/W4395465637
https://openalex.org/W4395677736
https://openalex.org/W4395683350
https://openalex.org/W4395685720
https://openalex.org/W4395686269
https://openalex.org/W4396243968
https://openalex.org/W4396519517
https://openalex.org/W4396520727
https://openalex.org/W4396554272
https://openalex.org/W1995337430
https://openalex.org/W2065117911
https://openalex.org/W112351417
https://openalex.org/W1867927838
https://openalex.org/W1992013473
https://openalex.org/W1999432639
https://openalex.org/W2013867190
https://openalex.org/W4231791004
https://openalex.org/W1968934228
https://openalex.org/W2011194233
https://openalex.org/W2154167374
https://openalex.org/W2083122343
https://openalex.org/W2088627390
https://openalex.org/W2158454550
https://openalex.org/W4255943458
https://openalex.org/W2034015482
https://openalex.org/W2038688881
https://openalex.org/W2137979208
https://openalex.org/W2161704351
https://openalex.org/W1970541868
https://openalex.org/W2002790734
https://openalex.org/W2129612199
https://openalex.org/W2089481629
https://openalex.org/W2143388014
https://openalex.org/W2111855335
https://openalex.org/W2168745206
https://openalex.org/W2005068997
https://openalex.org/W2035357635
https://openalex.org/W2044645687
https://openalex.org/W2070578799
https://openalex.org/W2080450005
https://openalex.org/W2093969598
https://openalex.org/W2132532614
https://openalex.org/W2137770463
https://openalex.org/W2136450142
https://openalex.org/W2109699112
https://openalex.org/W2148260610
https://openalex.org/W1989012547
https://openalex.org/W1992816401
https://openalex.org/W2009611480
https://openalex.org/W2092396069
https://openalex.org/W2133147706
https://openalex.org/W2140234685
https://openalex.org/W2149017714
https://openalex.org/W2150612381
https://openalex.org/W2596892793
https://openalex.org/W2597241726
https://openalex.org/W2615954991
https://openalex.org/W2671466270
https://openalex.org/W855235955
https://openalex.org/W1627452172
https://openalex.org/W2100595167
https://openalex.org/W2291986976
https://openalex.org/W2296417542
https://openalex.org/W2365231857
https://openalex.org/W2396140656
https://openalex.org/W2534514766
https://openalex.org/W2584226972
https://openalex.org/W2752198680
https://openalex.org/W2793540901
https://openalex.org/W2892325869
https://openalex.org/W2892471269
https://openalex.org/W2895083658
https://openalex.org/W2900328009
https://openalex.org/W1863641532
https://openalex.org/W1988038482
https://openalex.org/W1993389061
https://openalex.org/W2065550859
https://openalex.org/W2145166923
https://openalex.org/W2191038573
https://openalex.org/W2272156344
https://openalex.org/W2416461647
https://openalex.org/W2424574365
https://openalex.org/W2472846130
https://openalex.org/W2550076487
https://openalex.org/W2550146976
https://openalex.org/W2594775149
https://openalex.org/W2811286472
https://openalex.org/W2892341747
https://openalex.org/W2920882662
https://openalex.org/W2925825010
https://openalex.org/W2333410636
https://openalex.org/W2424063167
https://openalex.org/W2919648435
https://openalex.org/W2972618994
https://openalex.org/W2987736059
https://openalex.org/W2987945550
https://openalex.org/W2989659568
https://openalex.org/W2929865907
https://openalex.org/W2937108409
https://openalex.org/W2969719065
https://openalex.org/W3001512725
https://openalex.org/W3004099230
https://openalex.org/W3012198171
https://openalex.org/W3022840682
https://openalex.org/W3037391733
https://openalex.org/W3083956185
https://openalex.org/W3086904036
https://openalex.org/W3090894941
https://openalex.org/W3134093031
https://openalex.org/W3190571660
https://openalex.org/W4200306972
https://openalex.org/W4313232379
https://openalex.org/W4313680734
https://openalex.org/W4313908862
https://openalex.org/W4316660893
https://openalex.org/W4319234500
https://openalex.org/W4319320860
https://openalex.org/W4321096129
https://openalex.org/W4321479794
https://openalex.org/W4322734365
https://openalex.org/W4323275566
https://openalex.org/W4323532726
https://openalex.org/W4323538102
https://openalex.org/W4323664143
https://openalex.org/W4363649192
https://openalex.org/W4364381376
https://openalex.org/W4365516012
https://openalex.org/W4366774231
https://openalex.org/W4367172055
https://openalex.org/W4376116723
https://openalex.org/W4377233451
https://openalex.org/W4377292743
https://openalex.org/W4378472198
https://openalex.org/W4379519551
https://openalex.org/W4383336990
https://openalex.org/W4385068287
https://openalex.org/W4385439273
https://openalex.org/W4385481328
https://openalex.org/W4386041386
https://openalex.org/W4386076430
https://openalex.org/W4386843143
https://openalex.org/W2068229053
https://openalex.org/W1967498397
https://openalex.org/W2054343265
https://openalex.org/W1973603849
https://openalex.org/W1998194958
https://openalex.org/W2015597150
https://openalex.org/W2029562036
https://openalex.org/W2022801887
https://openalex.org/W2030204904
https://openalex.org/W2043419817
https://openalex.org/W2171325428
https://openalex.org/W1983125114
https://openalex.org/W1997474789
https://openalex.org/W2256092655
https://openalex.org/W2409651714
https://openalex.org/W1966125701
https://openalex.org/W2105283571
https://openalex.org/W2135752997
https://openalex.org/W2017528825
https://openalex.org/W2064235447
https://openalex.org/W2086116966
https://openalex.org/W2123461923
https://openalex.org/W2160906201
https://openalex.org/W2016239248
https://openalex.org/W2052753675
https://openalex.org/W2137465926
https://openalex.org/W2442175549
https://openalex.org/W2073747086
https://openalex.org/W2093328441
https://openalex.org/W279178707
https://openalex.org/W1993209500
https://openalex.org/W2004818991
https://openalex.org/W1970725199
https://openalex.org/W2038145482
https://openalex.org/W2056599792
https://openalex.org/W2146186373
https://openalex.org/W1991578277
https://openalex.org/W1993601003
https://openalex.org/W2007332307
https://openalex.org/W2030297772
https://openalex.org/W1980604177
https://openalex.org/W2032358475
https://openalex.org/W2048274765
https://openalex.org/W1993883249
https://openalex.org/W2137761315
https://openalex.org/W2159555323
https://openalex.org/W2018117905
https://openalex.org/W2021674950
https://openalex.org/W2084098576
https://openalex.org/W2117281754
https://openalex.org/W2134974356
https://openalex.org/W2606794813
https://openalex.org/W2758871197
https://openalex.org/W1162209049
https://openalex.org/W1620601076
https://openalex.org/W2088671836
https://openalex.org/W2464025857
https://openalex.org/W2553983377
https://openalex.org/W2587807300
https://openalex.org/W2614459119
https://openalex.org/W2734882191
https://openalex.org/W2757478552
https://openalex.org/W2779946977
https://openalex.org/W2905734605
https://openalex.org/W2344319087
https://openalex.org/W2462492283
https://openalex.org/W2566552525
https://openalex.org/W2941360498
https://openalex.org/W2953051217
https://openalex.org/W2960901251
https://openalex.org/W2969265652
https://openalex.org/W2981691240
https://openalex.org/W2998500191
https://openalex.org/W3004529344
https://openalex.org/W3017474831
https://openalex.org/W3034565391
https://openalex.org/W3045802687
https://openalex.org/W3012901256
https://openalex.org/W3026663125
https://openalex.org/W3033393382
https://openalex.org/W3083443184
https://openalex.org/W3090292143
https://openalex.org/W3082633205
https://openalex.org/W3122068940
https://openalex.org/W3137795081
https://openalex.org/W3141563544
https://openalex.org/W3201074396
https://openalex.org/W3201228514
https://openalex.org/W3216096745
https://openalex.org/W4200358719
https://openalex.org/W4221135935
https://openalex.org/W4283321640
https://openalex.org/W4293281267
https://openalex.org/W4295779998
https://openalex.org/W4308514431
https://openalex.org/W2035797568
https://openalex.org/W2054369009
https://openalex.org/W1980779090
https://openalex.org/W2094965201
https://openalex.org/W2035248737
https://openalex.org/W2038948926
https://openalex.org/W2094796599
https://openalex.org/W2133518532
https://openalex.org/W2342149769
https://openalex.org/W1602678747
https://openalex.org/W2004205989
https://openalex.org/W354425572
https://openalex.org/W1986576055
https://openalex.org/W2039808118
https://openalex.org/W2097403853
https://openalex.org/W2410508973
https://openalex.org/W1968347810
https://openalex.org/W1982795545
https://openalex.org/W2006857053
https://openalex.org/W2064404169
https://openalex.org/W2113009035
https://openalex.org/W2127673290
https://openalex.org/W2145980215
https://openalex.org/W2148913563
https://openalex.org/W2028975330
https://openalex.org/W2055137173
https://openalex.org/W2006259604
https://openalex.org/W2040961379
https://openalex.org/W2074938460
https://openalex.org/W2095425953
https://openalex.org/W2015937877
https://openalex.org/W2078346359
https://openalex.org/W2085153871
https://openalex.org/W2120264475
https://openalex.org/W2136172020
https://openalex.org/W2014824792
https://openalex.org/W2028232398
https://openalex.org/W2048807929
https://openalex.org/W2058176372
https://openalex.org/W2104194029
https://openalex.org/W2118612347
https://openalex.org/W2135085417
https://openalex.org/W1989277155
https://openalex.org/W2063274598
https://openalex.org/W2261315590
https://openalex.org/W2008563562
https://openalex.org/W2011880893
https://openalex.org/W2018038846
https://openalex.org/W2147654397
https://openalex.org/W2163476491
https://openalex.org/W1888180274
https://openalex.org/W1989357672
https://openalex.org/W2020311633
https://openalex.org/W2049813609
https://openalex.org/W2078588835
https://openalex.org/W2150795435
https://openalex.org/W2186763247
https://openalex.org/W2598319789
https://openalex.org/W2742720165
https://openalex.org/W2766006071
https://openalex.org/W2766982186
https://openalex.org/W2781404812
https://openalex.org/W2848635099
https://openalex.org/W1980023698
https://openalex.org/W2079342729
https://openalex.org/W2267904277
https://openalex.org/W2274679284
https://openalex.org/W2301674454
https://openalex.org/W2557004284
https://openalex.org/W2560862156
https://openalex.org/W2588862930
https://openalex.org/W2607222912
https://openalex.org/W2747761492
https://openalex.org/W2791611902
https://openalex.org/W2914253576
https://openalex.org/W2942616512
https://openalex.org/W2962335002
https://openalex.org/W2302371427
https://openalex.org/W2328307462
https://openalex.org/W2463608067
https://openalex.org/W2488672771
https://openalex.org/W2514471053
https://openalex.org/W2525162904
https://openalex.org/W2942859200
https://openalex.org/W2955657493
https://openalex.org/W2959407049
https://openalex.org/W2970554748
https://openalex.org/W3015530671
https://openalex.org/W3034424514
https://openalex.org/W3084130248
https://openalex.org/W3116927587
https://openalex.org/W3110563588
https://openalex.org/W3120238362
https://openalex.org/W3128629358
https://openalex.org/W3132991413
https://openalex.org/W3134627219
https://openalex.org/W3212130800
https://openalex.org/W4200504257
https://openalex.org/W4205533793
https://openalex.org/W4210517272
https://openalex.org/W4220753919
https://openalex.org/W4225164555
https://openalex.org/W4225410255
https://openalex.org/W4225866686
https://openalex.org/W4229035905
https://openalex.org/W4280513266
https://openalex.org/W4281896426
https://openalex.org/W4282046378
https://openalex.org/W4283783960
https://openalex.org/W4284682128
https://openalex.org/W4286252669
https://openalex.org/W4288726495
https://openalex.org/W4289705765
https://openalex.org/W4295743564
https://openalex.org/W4308572033
https://openalex.org/W4312211526
https://openalex.org/W4312899227
https://openalex.org/W4313259456
https://openalex.org/W1891508379
https://openalex.org/W1996466821
https://openalex.org/W2002693817
https://openalex.org/W1986116601
https://openalex.org/W1991693962
https://openalex.org/W2030170346
https://openalex.org/W2053508591
https://openalex.org/W2441964958
https://openalex.org/W1851403026
https://openalex.org/W2276331550
https://openalex.org/W2085196378
https://openalex.org/W2409948447
https://openalex.org/W196680853
https://openalex.org/W2073204211
https://openalex.org/W113478922
https://openalex.org/W2350830112
https://openalex.org/W62553524
https://openalex.org/W170948302
https://openalex.org/W2020354128
https://openalex.org/W2025613223
https://openalex.org/W2085818290
https://openalex.org/W2258082176
https://openalex.org/W172636007
https://openalex.org/W1496244035
https://openalex.org/W1986053489
https://openalex.org/W2037480905
https://openalex.org/W1559274360
https://openalex.org/W2043616181
https://openalex.org/W2064571996
https://openalex.org/W2127020553
https://openalex.org/W2398309314
https://openalex.org/W2032138075
https://openalex.org/W2058622729
https://openalex.org/W2071063023
https://openalex.org/W2415054636
https://openalex.org/W1838605750
https://openalex.org/W1987463784
https://openalex.org/W2055868601
https://openalex.org/W2079325685
https://openalex.org/W2166481230
https://openalex.org/W2322488657
https://openalex.org/W2586262919
https://openalex.org/W2619199929
https://openalex.org/W2625507738
https://openalex.org/W2745704792
https://openalex.org/W2899397221
https://openalex.org/W2901341239
https://openalex.org/W564599508
https://openalex.org/W2043388950
https://openalex.org/W2110277629
https://openalex.org/W2280933201
https://openalex.org/W2292403367
https://openalex.org/W2304732816
https://openalex.org/W2322982636
https://openalex.org/W2407649162
https://openalex.org/W2419404928
https://openalex.org/W2582847155
https://openalex.org/W2588901549
https://openalex.org/W2607666925
https://openalex.org/W2738836687
https://openalex.org/W2769606793
https://openalex.org/W2794333145
https://openalex.org/W2803276401
https://openalex.org/W2891869382
https://openalex.org/W2897725593
https://openalex.org/W2907461172
https://openalex.org/W2909706738
https://openalex.org/W2911409652
https://openalex.org/W2911749089
https://openalex.org/W2940757158
https://openalex.org/W2954821780
https://openalex.org/W2957712313
https://openalex.org/W2976529661
https://openalex.org/W2981368717
https://openalex.org/W2981595737
https://openalex.org/W3011464410
https://openalex.org/W3016068789
https://openalex.org/W3014963039
https://openalex.org/W3035934499
https://openalex.org/W3080260334
https://openalex.org/W3090836851
https://openalex.org/W3092143368
https://openalex.org/W3134903871
https://openalex.org/W3158918674
https://openalex.org/W3203993361
https://openalex.org/W4381984112
https://openalex.org/W2732238490
https://openalex.org/W2046970668
https://openalex.org/W2080144577
https://openalex.org/W2134552773
https://openalex.org/W61672999
https://openalex.org/W1965986355
https://openalex.org/W2147750306
https://openalex.org/W2009144476
https://openalex.org/W2072888237
https://openalex.org/W2106398159
https://openalex.org/W2114589015
https://openalex.org/W2471142948
https://openalex.org/W1970258105
https://openalex.org/W2065604832
https://openalex.org/W2039358667
https://openalex.org/W2081890766
https://openalex.org/W2093862837
https://openalex.org/W2145658175
https://openalex.org/W2292759102
https://openalex.org/W2337704213
https://openalex.org/W2160344914
https://openalex.org/W1545030659
https://openalex.org/W172681625
https://openalex.org/W2037607276
https://openalex.org/W2051518108
https://openalex.org/W2139910486
https://openalex.org/W3160486156
https://openalex.org/W2071753423
https://openalex.org/W2410769506
https://openalex.org/W2054403647
https://openalex.org/W2139582940
https://openalex.org/W134994086
https://openalex.org/W2164243551
https://openalex.org/W2171468502
https://openalex.org/W1963793956
https://openalex.org/W2159434299
https://openalex.org/W1966716511
https://openalex.org/W1984698020
https://openalex.org/W1994762470
https://openalex.org/W2060074701
https://openalex.org/W2066246376
https://openalex.org/W1917862065
https://openalex.org/W2034844716
https://openalex.org/W2050318060
https://openalex.org/W2061605010
https://openalex.org/W2063758265
https://openalex.org/W2136565173
https://openalex.org/W2203593667
https://openalex.org/W2554005337
https://openalex.org/W2587660206
https://openalex.org/W2592454474
https://openalex.org/W2595436768
https://openalex.org/W2610019498
https://openalex.org/W2621521532
https://openalex.org/W2729736979
https://openalex.org/W2742689330
https://openalex.org/W2747745116
https://openalex.org/W278713186
https://openalex.org/W2797560940
https://openalex.org/W2889170893
https://openalex.org/W2899743512
https://openalex.org/W2900570829
https://openalex.org/W2904403083
https://openalex.org/W2910161929
https://openalex.org/W2911604705
https://openalex.org/W2939864248
https://openalex.org/W2961619275
https://openalex.org/W2979182694
https://openalex.org/W2981231445
https://openalex.org/W2988096781
https://openalex.org/W2995279779
https://openalex.org/W4248017414
https://openalex.org/W1928947201
https://openalex.org/W2039568718
https://openalex.org/W2174061317
https://openalex.org/W2176035770
https://openalex.org/W2231461251
https://openalex.org/W2313551881
https://openalex.org/W2425941599
https://openalex.org/W2461909944
https://openalex.org/W2529443121
https://openalex.org/W2545817867
https://openalex.org/W2750543009
https://openalex.org/W2898977866
https://openalex.org/W2954189442
https://openalex.org/W2980300117
https://openalex.org/W2980825344
https://openalex.org/W2396148313
https://openalex.org/W2991641206
https://openalex.org/W3008343548
https://openalex.org/W3008703338
https://openalex.org/W3015757717
https://openalex.org/W3020949028
https://openalex.org/W3027997356
https://openalex.org/W3035287760
https://openalex.org/W3120594265
https://openalex.org/W3152800193
https://openalex.org/W3184981482
https://openalex.org/W3188818950
https://openalex.org/W3188865548
https://openalex.org/W3194957073
https://openalex.org/W3211895952
https://openalex.org/W2404541383
https://openalex.org/W2733746989
https://openalex.org/W3215764703
https://openalex.org/W4210687875
https://openalex.org/W4223442582
https://openalex.org/W4224029970
https://openalex.org/W4224937946
https://openalex.org/W4226345318
https://openalex.org/W4280548942
https://openalex.org/W4281693774
https://openalex.org/W4283034797
https://openalex.org/W4283714131
https://openalex.org/W4288455991
https://openalex.org/W4292846789
https://openalex.org/W4293224445
https://openalex.org/W4294214840
https://openalex.org/W4296984770
https://openalex.org/W4294904992
https://openalex.org/W4309495843
https://openalex.org/W4312517423
https://openalex.org/W4313401380
https://openalex.org/W4316368808
https://openalex.org/W4317597341
https://openalex.org/W4317620593
https://openalex.org/W4317932497
https://openalex.org/W4319297169
https://openalex.org/W4319982566
https://openalex.org/W4321491895
https://openalex.org/W4321605083
https://openalex.org/W4321611715
https://openalex.org/W4321763674
https://openalex.org/W4322493937
https://openalex.org/W4323311470
https://openalex.org/W4323922340
https://openalex.org/W4327739842
https://openalex.org/W4328022737
https://openalex.org/W4360985690
https://openalex.org/W4361278132
https://openalex.org/W4365151045
https://openalex.org/W4365443296
https://openalex.org/W4376480862
https://openalex.org/W4376641061
https://openalex.org/W4377194811
https://openalex.org/W4377695304
https://openalex.org/W4377968423
https://openalex.org/W4378211289
https://openalex.org/W4378575876
https://openalex.org/W4378588793
https://openalex.org/W4380204664
https://openalex.org/W4382317604
https://openalex.org/W4383736565
https://openalex.org/W4383905107
https://openalex.org/W4384306178
https://openalex.org/W4385294416
https://openalex.org/W4385482113
https://openalex.org/W4385748445
https://openalex.org/W4385797422
https://openalex.org/W4386367005
https://openalex.org/W4386768622
https://openalex.org/W4386843133
https://openalex.org/W4387146702
https://openalex.org/W4387965974
https://openalex.org/W4388196121
https://openalex.org/W4389207790
https://openalex.org/W2057952204
https://openalex.org/W2080495105
https://openalex.org/W1986197085
https://openalex.org/W2038448961
https://openalex.org/W1497113035
https://openalex.org/W2005143216
https://openalex.org/W2006994215
https://openalex.org/W2080675037
https://openalex.org/W140430390
https://openalex.org/W2004933942
https://openalex.org/W2095472249
https://openalex.org/W2069150772
https://openalex.org/W2071862831
https://openalex.org/W2399641583
https://openalex.org/W2008403911
https://openalex.org/W2015717615
https://openalex.org/W2129696405
https://openalex.org/W1967933232
https://openalex.org/W1984981552
https://openalex.org/W1995722497
https://openalex.org/W2468111290
https://openalex.org/W2086464030
https://openalex.org/W2152387427
https://openalex.org/W2009596951
https://openalex.org/W2051143724
https://openalex.org/W2059526122
https://openalex.org/W2074483333
https://openalex.org/W2091541057
https://openalex.org/W1971246733
https://openalex.org/W2003932206
https://openalex.org/W2052333187
https://openalex.org/W2102540164
https://openalex.org/W2109414887
https://openalex.org/W2131061989
https://openalex.org/W2149868730
https://openalex.org/W2281102557
https://openalex.org/W2015925598
https://openalex.org/W2019284905
https://openalex.org/W2032652788
https://openalex.org/W2154200457
https://openalex.org/W1550983407
https://openalex.org/W2032620748
https://openalex.org/W2036923330
https://openalex.org/W2470841774
https://openalex.org/W2567162229
https://openalex.org/W2726983624
https://openalex.org/W2755945623
https://openalex.org/W2766139910
https://openalex.org/W2791288959
https://openalex.org/W2972880073
https://openalex.org/W1070013863
https://openalex.org/W1842790367
https://openalex.org/W2032608016
https://openalex.org/W2046140684
https://openalex.org/W2047351767
https://openalex.org/W2153028648
https://openalex.org/W2167543314
https://openalex.org/W2295265157
https://openalex.org/W2521289935
https://openalex.org/W2566563626
https://openalex.org/W2592596064
https://openalex.org/W2616618686
https://openalex.org/W2727406095
https://openalex.org/W2890947692
https://openalex.org/W2908778882
https://openalex.org/W2925371147
https://openalex.org/W2944601227
https://openalex.org/W2950067029
https://openalex.org/W2962700402
https://openalex.org/W2978425077
https://openalex.org/W2984637466
https://openalex.org/W1965446147
https://openalex.org/W2022431054
https://openalex.org/W2144508905
https://openalex.org/W2484517962
https://openalex.org/W4295837503
https://openalex.org/W1928001393
https://openalex.org/W2028249582
https://openalex.org/W2415266499
https://openalex.org/W2017797370
https://openalex.org/W1540245782
https://openalex.org/W2018470436
https://openalex.org/W2400507700
https://openalex.org/W1969743083
https://openalex.org/W2029041902
https://openalex.org/W2098983979
https://openalex.org/W1975986109
https://openalex.org/W1998889477
https://openalex.org/W2149846291
https://openalex.org/W1557374513
https://openalex.org/W2060602141
https://openalex.org/W2067994275
https://openalex.org/W2157098185
https://openalex.org/W2412226708
https://openalex.org/W2001391377
https://openalex.org/W1768388597
https://openalex.org/W2068144042
https://openalex.org/W2072894202
https://openalex.org/W2779144735
https://openalex.org/W2781603238
https://openalex.org/W2803210771
https://openalex.org/W3197137935
https://openalex.org/W4234967769
https://openalex.org/W1971903080
https://openalex.org/W1985008743
https://openalex.org/W1995259121
https://openalex.org/W2002298721
https://openalex.org/W2024353718
https://openalex.org/W2035666816
https://openalex.org/W2061398327
https://openalex.org/W2087822174
https://openalex.org/W2105641572
https://openalex.org/W2183802662
https://openalex.org/W2408196539
https://openalex.org/W2490124183
https://openalex.org/W2559627604
https://openalex.org/W2587060225
https://openalex.org/W2758343239
https://openalex.org/W2898441112
https://openalex.org/W2937654890
https://openalex.org/W3013775552
https://openalex.org/W3027405600
https://openalex.org/W3042277174
https://openalex.org/W3042469302
https://openalex.org/W3044661686
https://openalex.org/W3090281128
https://openalex.org/W3112973924
https://openalex.org/W4236742834
https://openalex.org/W2095244698
https://openalex.org/W3118942008
https://openalex.org/W3119646290
https://openalex.org/W3130170419
https://openalex.org/W3133903138
https://openalex.org/W3152939192
https://openalex.org/W3159109716
https://openalex.org/W3162160197
https://openalex.org/W3195015010
https://openalex.org/W3204931610
https://openalex.org/W3206882493
https://openalex.org/W3214727359
https://openalex.org/W4200422048
https://openalex.org/W4254568418
https://openalex.org/W2731073480
https://openalex.org/W2731182086
https://openalex.org/W1995403214
https://openalex.org/W1972548491
https://openalex.org/W1981397940
https://openalex.org/W1996382515
https://openalex.org/W2021619431
https://openalex.org/W2003677354
https://openalex.org/W2012313842
https://openalex.org/W2072174225
https://openalex.org/W2243633824
https://openalex.org/W2125141783
https://openalex.org/W2154412997
https://openalex.org/W2406745356
https://openalex.org/W2416390053
https://openalex.org/W2032513329
https://openalex.org/W1978169497
https://openalex.org/W2001202067
https://openalex.org/W1984526650
https://openalex.org/W2074377005
https://openalex.org/W2106495824
https://openalex.org/W2111322566
https://openalex.org/W2166276634
https://openalex.org/W2046545560
https://openalex.org/W2164145097
https://openalex.org/W2328664076
https://openalex.org/W1494871265
https://openalex.org/W197923264
https://openalex.org/W1985407005
https://openalex.org/W2396468379
https://openalex.org/W2156663255
https://openalex.org/W2772062128
https://openalex.org/W2775217072
https://openalex.org/W2799878760
https://openalex.org/W2806532645
https://openalex.org/W2808343968
https://openalex.org/W2886977245
https://openalex.org/W2888476015
https://openalex.org/W2901202430
https://openalex.org/W1507892794
https://openalex.org/W1882509546
https://openalex.org/W1979468086
https://openalex.org/W1984412853
https://openalex.org/W1985394861
https://openalex.org/W1986814497
https://openalex.org/W1999867822
https://openalex.org/W2004713201
https://openalex.org/W2021286619
https://openalex.org/W2043872335
https://openalex.org/W2058011130
https://openalex.org/W2059778715
https://openalex.org/W2138260536
https://openalex.org/W2192265103
https://openalex.org/W2221803053
https://openalex.org/W2236841541
https://openalex.org/W2332693302
https://openalex.org/W2393371671
https://openalex.org/W2556242875
https://openalex.org/W2577102223
https://openalex.org/W2600489752
https://openalex.org/W2600922343
https://openalex.org/W2744990507
https://openalex.org/W2944047055
https://openalex.org/W2971599005
https://openalex.org/W2983919041
https://openalex.org/W2985069859
https://openalex.org/W2986321561
https://openalex.org/W2996655118
https://openalex.org/W3017105272
https://openalex.org/W3033728583
https://openalex.org/W3047926823
https://openalex.org/W3082452575
https://openalex.org/W3083057252
https://openalex.org/W3085288776
https://openalex.org/W374411851
https://openalex.org/W4234006152
https://openalex.org/W3115196301
https://openalex.org/W3122796284
https://openalex.org/W3123027963
https://openalex.org/W3158815249
https://openalex.org/W3181012071
https://openalex.org/W3210910434
https://openalex.org/W1968351982
https://openalex.org/W3202830862
https://openalex.org/W4200499912
https://openalex.org/W4205574262
https://openalex.org/W4213425559
https://openalex.org/W4220682997
https://openalex.org/W4223634675
https://openalex.org/W4224145628
https://openalex.org/W4280627255
https://openalex.org/W4283399760
https://openalex.org/W4284881428
https://openalex.org/W4291885435
https://openalex.org/W4291916116
https://openalex.org/W4294740762
https://openalex.org/W4296032786
https://openalex.org/W4298326737
https://openalex.org/W4318263283
https://openalex.org/W1964790087
https://openalex.org/W1981498282
https://openalex.org/W1997562357
https://openalex.org/W2014296089
https://openalex.org/W2085814642
https://openalex.org/W2409169332
https://openalex.org/W2127110261
https://openalex.org/W2159363105
https://openalex.org/W179664469
https://openalex.org/W2007447719
https://openalex.org/W2013010918
https://openalex.org/W2009166076
https://openalex.org/W2031257647
https://openalex.org/W2010816595
https://openalex.org/W2057029885
https://openalex.org/W2166179914
https://openalex.org/W2056041550
https://openalex.org/W2147792105
https://openalex.org/W2797709124
https://openalex.org/W2811497422
https://openalex.org/W2901519930
https://openalex.org/W2905985839
https://openalex.org/W2940620819
https://openalex.org/W1488855551
https://openalex.org/W1498962935
https://openalex.org/W1509995611
https://openalex.org/W2054479284
https://openalex.org/W2081738081
https://openalex.org/W2158963374
https://openalex.org/W2265093269
https://openalex.org/W2307648385
https://openalex.org/W2324864538
https://openalex.org/W2416184363
https://openalex.org/W2461756166
https://openalex.org/W2492630683
https://openalex.org/W2509198413
https://openalex.org/W2571939524
https://openalex.org/W2578604899
https://openalex.org/W2594353224
https://openalex.org/W2613870823
https://openalex.org/W2769325249
https://openalex.org/W2983429606
https://openalex.org/W2989692930
https://openalex.org/W3013506677
https://openalex.org/W3033103962
https://openalex.org/W3036237943
https://openalex.org/W3043451378
https://openalex.org/W3088825660
https://openalex.org/W3095346494
https://openalex.org/W3113631791
https://openalex.org/W3133923143
https://openalex.org/W4231559745
https://openalex.org/W4248482167
https://openalex.org/W2084310564
https://openalex.org/W2097960719
https://openalex.org/W2171676163
https://openalex.org/W2912986511
https://openalex.org/W61450847
https://openalex.org/W2082719355
https://openalex.org/W2172299645
https://openalex.org/W4321132002
https://openalex.org/W1968447316
https://openalex.org/W2005078340
https://openalex.org/W2135025519
https://openalex.org/W2415034190
https://openalex.org/W1997531979
https://openalex.org/W2035337420
https://openalex.org/W2105934521
https://openalex.org/W1969872863
https://openalex.org/W2402635902
https://openalex.org/W2587915553
https://openalex.org/W2767100333
https://openalex.org/W2799698287
https://openalex.org/W2803332737
https://openalex.org/W2897943930
https://openalex.org/W2901638642
https://openalex.org/W2902875932
https://openalex.org/W2909074132
https://openalex.org/W2948458143
https://openalex.org/W2965526277
https://openalex.org/W2972388851
https://openalex.org/W2976022803
https://openalex.org/W2982088340
https://openalex.org/W2992598635
https://openalex.org/W2993082101
https://openalex.org/W1487687630
https://openalex.org/W1959235565
https://openalex.org/W2009316759
https://openalex.org/W2063797328
https://openalex.org/W2064232398
https://openalex.org/W2116352833
https://openalex.org/W2127991855
https://openalex.org/W2145128408
https://openalex.org/W2187039446
https://openalex.org/W2221424238
https://openalex.org/W2317489086
https://openalex.org/W2322919464
https://openalex.org/W2327530502
https://openalex.org/W2470552620
https://openalex.org/W2531408763
https://openalex.org/W2560999769
https://openalex.org/W2588830249
https://openalex.org/W3121264509
https://openalex.org/W3143632261
https://openalex.org/W3153246461
https://openalex.org/W3157863940
https://openalex.org/W3165871131
https://openalex.org/W3167494598
https://openalex.org/W3184509300
https://openalex.org/W3185550287
https://openalex.org/W3191500801
https://openalex.org/W3197760357
https://openalex.org/W3202048373
https://openalex.org/W3202937136
https://openalex.org/W3213370980
https://openalex.org/W4200249054
https://openalex.org/W2040854790
https://openalex.org/W2332886955
https://openalex.org/W2008552344
https://openalex.org/W2150323840
https://openalex.org/W2320422791
https://openalex.org/W1969645771
https://openalex.org/W2009021192
https://openalex.org/W2030492893
https://openalex.org/W2160457210
https://openalex.org/W2412193327
https://openalex.org/W1966739973
https://openalex.org/W2061142179
https://openalex.org/W2286445497
https://openalex.org/W2015953089
https://openalex.org/W2049343331
https://openalex.org/W1987522494
https://openalex.org/W1998008092
https://openalex.org/W2011726820
https://openalex.org/W2093895905
https://openalex.org/W2293414735
https://openalex.org/W2015040227
https://openalex.org/W2033640041
https://openalex.org/W2046543633
https://openalex.org/W2108276164
https://openalex.org/W2166878691
https://openalex.org/W1955378560
https://openalex.org/W2010428950
https://openalex.org/W2029124521
https://openalex.org/W2036454868
https://openalex.org/W2039593837
https://openalex.org/W2054004566
https://openalex.org/W2070922052
https://openalex.org/W2354712523
https://openalex.org/W2413336901
https://openalex.org/W2541937723
https://openalex.org/W2588770776
https://openalex.org/W2600693389
https://openalex.org/W2607081444
https://openalex.org/W2617896786
https://openalex.org/W2621312862
https://openalex.org/W2756577962
https://openalex.org/W2756860590
https://openalex.org/W2766838873
https://openalex.org/W2799484079
https://openalex.org/W2804638041
https://openalex.org/W2901405062
https://openalex.org/W2979859548
https://openalex.org/W2983085683
https://openalex.org/W2999942423
https://openalex.org/W3030700545
https://openalex.org/W3035587621
https://openalex.org/W3081245604
https://openalex.org/W3087279689
https://openalex.org/W4232672405
https://openalex.org/W4237682128
https://openalex.org/W1599380767
https://openalex.org/W2178319776
https://openalex.org/W2234038436
https://openalex.org/W2341680917
https://openalex.org/W2591667105
https://openalex.org/W4232552589
https://openalex.org/W3212392982
https://openalex.org/W3216004309
https://openalex.org/W4210915913
https://openalex.org/W4213052638
https://openalex.org/W4213067815
https://openalex.org/W4220790427
https://openalex.org/W4225506105
https://openalex.org/W4225725281
https://openalex.org/W4280544627
https://openalex.org/W4280600459
https://openalex.org/W4281673771
https://openalex.org/W4288058142
https://openalex.org/W4292348143
https://openalex.org/W4294344716
https://openalex.org/W4300862271
https://openalex.org/W4304812174
https://openalex.org/W4306816504
https://openalex.org/W4312422922
https://openalex.org/W4312566375
https://openalex.org/W4313017760
https://openalex.org/W2011914087
https://openalex.org/W2328479653
https://openalex.org/W2394982703
https://openalex.org/W1997630130
https://openalex.org/W2016636914
https://openalex.org/W2463474870
https://openalex.org/W128976995
https://openalex.org/W1508439919
https://openalex.org/W2005053329
https://openalex.org/W2140145460
https://openalex.org/W1930308847
https://openalex.org/W2230126564
https://openalex.org/W1038330452
https://openalex.org/W1498639973
https://openalex.org/W1968641388
https://openalex.org/W2029772203
https://openalex.org/W8667218
https://openalex.org/W1971076021
https://openalex.org/W2013245836
https://openalex.org/W2019647495
https://openalex.org/W2033187840
https://openalex.org/W2049283907
https://openalex.org/W2056047559
https://openalex.org/W2072514456
https://openalex.org/W2092430606
https://openalex.org/W2099526511
https://openalex.org/W2125894512
https://openalex.org/W2130366168
https://openalex.org/W2166266901
https://openalex.org/W217813080
https://openalex.org/W2189212160
https://openalex.org/W2392458333
https://openalex.org/W2408802367
https://openalex.org/W2417257045
https://openalex.org/W2434387259
https://openalex.org/W4237573768
https://openalex.org/W2023780845
https://openalex.org/W2040007319
https://openalex.org/W2468820547
https://openalex.org/W1999389602
https://openalex.org/W2016783969
https://openalex.org/W2033619681
https://openalex.org/W2073001165
https://openalex.org/W2078420109
https://openalex.org/W2094573091
https://openalex.org/W2413419532
https://openalex.org/W1556209183
https://openalex.org/W2062674369
https://openalex.org/W2007855486
https://openalex.org/W2060103770
https://openalex.org/W2151847068
https://openalex.org/W2285258684
https://openalex.org/W2360741066
https://openalex.org/W2444457128
https://openalex.org/W2012230894
https://openalex.org/W2297662572
https://openalex.org/W2065834440
https://openalex.org/W2184812296
https://openalex.org/W2591483079
https://openalex.org/W2735081451
https://openalex.org/W2736159468
https://openalex.org/W2765808420
https://openalex.org/W2772576809
https://openalex.org/W2783738237
https://openalex.org/W2784719041
https://openalex.org/W2803117641
https://openalex.org/W2808380221
https://openalex.org/W2884015794
https://openalex.org/W2896471867
https://openalex.org/W2906893431
https://openalex.org/W2911660880
https://openalex.org/W2923969360
https://openalex.org/W2944698834
https://openalex.org/W2946051520
https://openalex.org/W2966132602
https://openalex.org/W2967197745
https://openalex.org/W2986554478
https://openalex.org/W2987938927
https://openalex.org/W2988006106
https://openalex.org/W2997270160
https://openalex.org/W3000156896
https://openalex.org/W3015066700
https://openalex.org/W3025178713
https://openalex.org/W3026572805
https://openalex.org/W3033641010
https://openalex.org/W3036693302
https://openalex.org/W3043536591
https://openalex.org/W3081906982
https://openalex.org/W3083400892
https://openalex.org/W3092006072
https://openalex.org/W3092594395
https://openalex.org/W3093385513
https://openalex.org/W3109937131
https://openalex.org/W3116519097
https://openalex.org/W3164625502
https://openalex.org/W3164779538
https://openalex.org/W3168332264
https://openalex.org/W3177390359
https://openalex.org/W3178606273
https://openalex.org/W3183311326
https://openalex.org/W3196676744
https://openalex.org/W3207524995
https://openalex.org/W3209723721
https://openalex.org/W3212316141
https://openalex.org/W4225650089
https://openalex.org/W4235327168
https://openalex.org/W4392819529
https://openalex.org/W2235524883
https://openalex.org/W2404956878
https://openalex.org/W2523866354
https://openalex.org/W2543613899
https://openalex.org/W2551482128
https://openalex.org/W2560710632
https://openalex.org/W2586733721
https://openalex.org/W4254743395
https://openalex.org/W4299809104
https://openalex.org/W4387877461
https://openalex.org/W4387877473
https://openalex.org/W4387881370
https://openalex.org/W4387881403
https://openalex.org/W2028414705
https://openalex.org/W2061289005
https://openalex.org/W2065930167
https://openalex.org/W2140014439
https://openalex.org/W2412988948
https://openalex.org/W2046181838
https://openalex.org/W2092217769
https://openalex.org/W2119797956
https://openalex.org/W2160776757
https://openalex.org/W2371969286
https://openalex.org/W2000595563
https://openalex.org/W2129148228
https://openalex.org/W1974767002
https://openalex.org/W2285267080
https://openalex.org/W2404733961
https://openalex.org/W2410418316
https://openalex.org/W2410847237
https://openalex.org/W59917242
https://openalex.org/W1486150505
https://openalex.org/W1983639624
https://openalex.org/W2052926768
https://openalex.org/W2062668136
https://openalex.org/W2165599827
https://openalex.org/W2388927747
https://openalex.org/W1498935441
https://openalex.org/W1580977208
https://openalex.org/W1607769518
https://openalex.org/W2010161806
https://openalex.org/W2078034173
https://openalex.org/W2088784096
https://openalex.org/W2096816940
https://openalex.org/W2100712231
https://openalex.org/W2108832754
https://openalex.org/W2129579372
https://openalex.org/W2140282487
https://openalex.org/W2164442968
https://openalex.org/W2274822574
https://openalex.org/W2297951934
https://openalex.org/W2324559107
https://openalex.org/W2347803680
https://openalex.org/W2419559352
https://openalex.org/W2441496436
https://openalex.org/W2508948693
https://openalex.org/W2578221694
https://openalex.org/W3023783344
https://openalex.org/W3146490951
https://openalex.org/W4213222176
https://openalex.org/W2407512752
https://openalex.org/W4297896086
https://openalex.org/W4317373176
https://openalex.org/W4317531821
https://openalex.org/W4317602971
https://openalex.org/W4318685222
https://openalex.org/W4319344888
https://openalex.org/W4319989936
https://openalex.org/W4320004868
https://openalex.org/W4321186566
https://openalex.org/W4323024402
https://openalex.org/W4323348844
https://openalex.org/W4323650736
https://openalex.org/W4323697043
https://openalex.org/W4323767527
https://openalex.org/W4323807817
https://openalex.org/W4323907093
https://openalex.org/W4323971480
https://openalex.org/W4324020325
https://openalex.org/W4324303393
https://openalex.org/W4327525868
https://openalex.org/W4328007245
https://openalex.org/W4360991156
https://openalex.org/W4362499561
https://openalex.org/W4362592259
https://openalex.org/W4362670003
https://openalex.org/W4363610469
https://openalex.org/W4364861509
https://openalex.org/W4365149956
https://openalex.org/W4365205303
https://openalex.org/W4365444857
https://openalex.org/W4365444942
https://openalex.org/W4365511933
https://openalex.org/W4365810439
https://openalex.org/W4366603168
https://openalex.org/W4366606333
https://openalex.org/W4366782604
https://openalex.org/W4367358679
https://openalex.org/W4368275010
https://openalex.org/W4375854360
https://openalex.org/W4375934384
https://openalex.org/W4375955344
https://openalex.org/W4376118156
https://openalex.org/W4376126825
https://openalex.org/W4376129290
https://openalex.org/W4376225593
https://openalex.org/W4377096435
https://openalex.org/W4378651012
https://openalex.org/W4379134799
https://openalex.org/W4379403478
https://openalex.org/W4379403609
https://openalex.org/W4379538427
https://openalex.org/W4379924862
https://openalex.org/W4379982396
https://openalex.org/W4380447962
https://openalex.org/W4380625649
https://openalex.org/W4380625732
https://openalex.org/W4380626030
https://openalex.org/W4380626440
https://openalex.org/W4380679994
https://openalex.org/W4380885328
https://openalex.org/W4381051462
https://openalex.org/W4381328256
https://openalex.org/W4381802421
https://openalex.org/W4382117788
https://openalex.org/W4382318467
https://openalex.org/W4382491607
https://openalex.org/W4383372962
https://openalex.org/W4383379486
https://openalex.org/W4383616865
https://openalex.org/W4383823147
https://openalex.org/W4384008504
https://openalex.org/W4384154521
https://openalex.org/W4384790017
https://openalex.org/W4384929400
https://openalex.org/W4385339089
https://openalex.org/W4385552476
https://openalex.org/W4385554569
https://openalex.org/W4385568085
https://openalex.org/W4385604733
https://openalex.org/W4385671747
https://openalex.org/W4385743141
https://openalex.org/W4385851682
https://openalex.org/W4386127204
https://openalex.org/W4386199991
https://openalex.org/W4386262602
https://openalex.org/W4386289831
https://openalex.org/W4386347498
https://openalex.org/W4386414472
https://openalex.org/W4386494476
https://openalex.org/W4386600398
https://openalex.org/W4386692083
https://openalex.org/W4386694477
https://openalex.org/W4386925625
https://openalex.org/W4386950828
https://openalex.org/W4387006185
https://openalex.org/W4387044659
https://openalex.org/W4387099209
https://openalex.org/W4387127650
https://openalex.org/W4387191650
https://openalex.org/W4387230556
https://openalex.org/W4387413586
https://openalex.org/W4387454353
https://openalex.org/W4387563716
https://openalex.org/W4387582219
https://openalex.org/W4387652297
https://openalex.org/W4387652318
https://openalex.org/W4387652348
https://openalex.org/W4387652411
https://openalex.org/W4387652567
https://openalex.org/W4387652621
https://openalex.org/W4387652641
https://openalex.org/W4387652655
https://openalex.org/W4387652678
https://openalex.org/W4387652746
https://openalex.org/W4387872289
https://openalex.org/W4388001204
https://openalex.org/W4388078428
https://openalex.org/W4388296554
https://openalex.org/W4388459461
https://openalex.org/W4388460353
https://openalex.org/W4388462384
https://openalex.org/W4388675839
https://openalex.org/W4388714349
https://openalex.org/W4388831590
https://openalex.org/W4388831722
https://openalex.org/W4388833378
https://openalex.org/W4388852443
https://openalex.org/W4389070624
https://openalex.org/W4389087014
https://openalex.org/W4389203251
https://openalex.org/W4389221042
https://openalex.org/W4389265457
https://openalex.org/W4389300404
https://openalex.org/W4389393217
https://openalex.org/W4389569542
https://openalex.org/W4389608989
https://openalex.org/W4390271194
https://openalex.org/W4390348231
https://openalex.org/W4390493752
https://openalex.org/W4390546423
https://openalex.org/W4390687344
https://openalex.org/W4390914296
https://openalex.org/W4391217143
https://openalex.org/W4391557932
https://openalex.org/W4391583814
https://openalex.org/W4392412678
https://openalex.org/W4393981837
https://openalex.org/W4393981907
https://openalex.org/W4393982094
https://openalex.org/W4394113908
https://openalex.org/W4395018566
https://openalex.org/W2026148352
https://openalex.org/W2040182252
https://openalex.org/W2057215044
https://openalex.org/W2066973989
https://openalex.org/W2406100386
https://openalex.org/W2416419119
https://openalex.org/W4318599364
https://openalex.org/W2087346784
https://openalex.org/W2261346733
https://openalex.org/W2415860624
https://openalex.org/W2920876875
https://openalex.org/W2017731696
https://openalex.org/W2025290781
https://openalex.org/W2089738116
https://openalex.org/W2152235977
https://openalex.org/W2417971971
https://openalex.org/W2419658167
https://openalex.org/W2951592833
https://openalex.org/W2115600715
https://openalex.org/W2040679401
https://openalex.org/W2056242176
https://openalex.org/W2177948563
https://openalex.org/W2416874415
https://openalex.org/W2607488860
https://openalex.org/W2611682489
https://openalex.org/W2740576559
https://openalex.org/W2757138296
https://openalex.org/W2762574845
https://openalex.org/W2766092494
https://openalex.org/W2767131622
https://openalex.org/W2769230221
https://openalex.org/W2781156239
https://openalex.org/W2119006681
https://openalex.org/W2010134589
https://openalex.org/W2033056757
https://openalex.org/W2418662047
https://openalex.org/W1965626217
https://openalex.org/W1983697622
https://openalex.org/W1708039399
https://openalex.org/W2041038665
https://openalex.org/W2085822402
https://openalex.org/W2070276509
https://openalex.org/W2412043786
https://openalex.org/W2789872854
https://openalex.org/W2801814035
https://openalex.org/W2807581288
https://openalex.org/W2807862655
https://openalex.org/W2903118618
https://openalex.org/W2903950641
https://openalex.org/W2915035827
https://openalex.org/W2922075013
https://openalex.org/W2944194048
https://openalex.org/W2948004439
https://openalex.org/W2949922383
https://openalex.org/W2964978370
https://openalex.org/W2968210242
https://openalex.org/W2969726986
https://openalex.org/W2981091315
https://openalex.org/W2997462953
https://openalex.org/W3011562089
https://openalex.org/W3012510484
https://openalex.org/W3044461389
https://openalex.org/W3048789260
https://openalex.org/W3089903849
https://openalex.org/W3113651454
https://openalex.org/W3116979536
https://openalex.org/W3123528266
https://openalex.org/W3138971306
https://openalex.org/W3155575770
https://openalex.org/W3167378153
https://openalex.org/W3171639762
https://openalex.org/W3182732739
https://openalex.org/W3193895101
https://openalex.org/W3196203617
https://openalex.org/W3197122799
https://openalex.org/W3204114346
https://openalex.org/W3208090580
https://openalex.org/W3208886019
https://openalex.org/W3210947122
https://openalex.org/W4245416583
https://openalex.org/W1687472567
https://openalex.org/W2411384906
https://openalex.org/W2467800993
https://openalex.org/W2511259284
https://openalex.org/W2527685855
https://openalex.org/W2557578494
https://openalex.org/W2588017473
https://openalex.org/W2589116749
https://openalex.org/W2750066303
https://openalex.org/W3209897559
https://openalex.org/W4205387642
https://openalex.org/W4220656973
https://openalex.org/W4221155815
https://openalex.org/W4225502304
https://openalex.org/W4226302135
https://openalex.org/W4229331959
https://openalex.org/W4281254725
https://openalex.org/W4282960837
https://openalex.org/W4283733222
https://openalex.org/W4284896983
https://openalex.org/W4289874716
https://openalex.org/W4291119813
https://openalex.org/W4293030563
https://openalex.org/W4293087743
https://openalex.org/W4293779349
https://openalex.org/W4296005156
https://openalex.org/W4297458371
https://openalex.org/W4308018566
https://openalex.org/W4308071533
https://openalex.org/W4308972641
https://openalex.org/W4309076301
https://openalex.org/W4309235752
https://openalex.org/W4309325814
https://openalex.org/W4311098091
https://openalex.org/W4311214656
https://openalex.org/W4313544475
https://openalex.org/W4376643643
https://openalex.org/W4393210156
https://openalex.org/W2010863781
https://openalex.org/W2071900580
https://openalex.org/W2153668700
https://openalex.org/W2418577610
https://openalex.org/W2952012279
https://openalex.org/W2466320858
https://openalex.org/W2473621559
https://openalex.org/W1826833707
https://openalex.org/W1969850281
https://openalex.org/W1986423745
https://openalex.org/W2147332548
https://openalex.org/W1599718901
https://openalex.org/W1612177958
https://openalex.org/W1941864585
https://openalex.org/W1966852837
https://openalex.org/W1966854335
https://openalex.org/W1982921867
https://openalex.org/W1991342706
https://openalex.org/W2015096475
https://openalex.org/W2018582651
https://openalex.org/W2047756267
https://openalex.org/W2075425703
https://openalex.org/W2093806402
https://openalex.org/W2103449068
https://openalex.org/W2127326270
https://openalex.org/W2154738758
https://openalex.org/W2219963350
https://openalex.org/W2239393447
https://openalex.org/W2363071795
https://openalex.org/W236896162
https://openalex.org/W2416098019
https://openalex.org/W2417204253
https://openalex.org/W2561768229
https://openalex.org/W2565697486
https://openalex.org/W2766660850
https://openalex.org/W4226030828
https://openalex.org/W4226484459
https://openalex.org/W4229036010
https://openalex.org/W4229516578
https://openalex.org/W4281286370
https://openalex.org/W4285601880
https://openalex.org/W4294678302
https://openalex.org/W4307316559
https://openalex.org/W645803429
https://openalex.org/W1985924954
https://openalex.org/W2092751863
https://openalex.org/W2427595251
https://openalex.org/W1526149499
https://openalex.org/W2032033454
https://openalex.org/W2321476874
https://openalex.org/W4241897133
https://openalex.org/W1997425040
https://openalex.org/W3027584912
https://openalex.org/W1600328419
https://openalex.org/W2007488558
https://openalex.org/W2015488780
https://openalex.org/W2401908957
https://openalex.org/W2411592437
https://openalex.org/W2428451245
https://openalex.org/W2470480416
https://openalex.org/W2532548131
https://openalex.org/W2563305118
https://openalex.org/W2593348700
https://openalex.org/W2605832091
https://openalex.org/W2607170514
https://openalex.org/W2612552096
https://openalex.org/W2613477371
https://openalex.org/W2615447719
https://openalex.org/W2736931072
https://openalex.org/W2741203537
https://openalex.org/W2741649678
https://openalex.org/W2763419144
https://openalex.org/W2890142086
https://openalex.org/W2905136437
https://openalex.org/W641961716
https://openalex.org/W2080816409
https://openalex.org/W2131952368
https://openalex.org/W2418449310
https://openalex.org/W4243807649
https://openalex.org/W945714081
https://openalex.org/W1972881826
https://openalex.org/W2071976712
https://openalex.org/W2413397163
https://openalex.org/W2414163955
https://openalex.org/W3027658817
https://openalex.org/W2400445222
https://openalex.org/W1923156250
https://openalex.org/W2000287390
https://openalex.org/W2032360034
https://openalex.org/W2038104025
https://openalex.org/W2074026652
https://openalex.org/W2172689475
https://openalex.org/W2350096881
https://openalex.org/W2385364182
https://openalex.org/W2400509800
https://openalex.org/W2471775939
https://openalex.org/W2487522027
https://openalex.org/W2798233711
https://openalex.org/W2803250286
https://openalex.org/W2803814246
https://openalex.org/W2804290747
https://openalex.org/W2886730127
https://openalex.org/W2887086754
https://openalex.org/W2890570353
https://openalex.org/W2899298907
https://openalex.org/W2901158488
https://openalex.org/W2902178525
https://openalex.org/W2904118816
https://openalex.org/W2994334467
https://openalex.org/W3109556025
https://openalex.org/W3160044610
https://openalex.org/W4229666273
https://openalex.org/W4298928917
https://openalex.org/W1971992150
https://openalex.org/W2148828201
https://openalex.org/W88055610
https://openalex.org/W1947994554
https://openalex.org/W1996916290
https://openalex.org/W1999844915
https://openalex.org/W2040465970
https://openalex.org/W2312611950
https://openalex.org/W2354025585
https://openalex.org/W2415120601
https://openalex.org/W2922375627
https://openalex.org/W2935070157
https://openalex.org/W2949340818
https://openalex.org/W2949384063
https://openalex.org/W2949438253
https://openalex.org/W2950120285
https://openalex.org/W2950516528
https://openalex.org/W2952781384
https://openalex.org/W2973144637
https://openalex.org/W2980611427
https://openalex.org/W2981235480
https://openalex.org/W2983534946
https://openalex.org/W2985007956
https://openalex.org/W2988093005
https://openalex.org/W2989587619
https://openalex.org/W2990690445
https://openalex.org/W3022427857
https://openalex.org/W3083626715
https://openalex.org/W3087017547
https://openalex.org/W3104539661
https://openalex.org/W3109207583
https://openalex.org/W3113097878
https://openalex.org/W3120603414
https://openalex.org/W3154902021
https://openalex.org/W3166023115
https://openalex.org/W3172446307
https://openalex.org/W3209307711
https://openalex.org/W3210100330
https://openalex.org/W4236993024
https://openalex.org/W4253172648
https://openalex.org/W805931992
https://openalex.org/W1976487726
https://openalex.org/W2067768875
https://openalex.org/W2077564376
https://openalex.org/W2078439062
https://openalex.org/W2341009163
https://openalex.org/W2403258166
https://openalex.org/W2403746118
https://openalex.org/W1973484076
https://openalex.org/W2067999479
https://openalex.org/W2399903950
https://openalex.org/W2411868452
https://openalex.org/W143472752
https://openalex.org/W202327655
https://openalex.org/W2071818064
https://openalex.org/W2351626929
https://openalex.org/W2461368736
https://openalex.org/W2462842976
https://openalex.org/W3110839891
https://openalex.org/W3112961686
https://openalex.org/W3134963754
https://openalex.org/W3137211497
https://openalex.org/W3139508094
https://openalex.org/W3145199550
https://openalex.org/W3163104417
https://openalex.org/W3163236985
https://openalex.org/W3164917042
https://openalex.org/W3165161385
https://openalex.org/W3167992018
https://openalex.org/W3171773247
https://openalex.org/W3188613350
https://openalex.org/W3202286439
https://openalex.org/W3202919913
https://openalex.org/W3203160518
https://openalex.org/W3203902496
https://openalex.org/W3203977328
https://openalex.org/W3205180965
https://openalex.org/W3205465952
https://openalex.org/W3205571022
https://openalex.org/W3206257977
https://openalex.org/W394752584
https://openalex.org/W4287459422
https://openalex.org/W3173399665
https://openalex.org/W4239071386
https://openalex.org/W2417727107
https://openalex.org/W2360742903
https://openalex.org/W2379829446
https://openalex.org/W2396973296
https://openalex.org/W2359218088
https://openalex.org/W3029366278
https://openalex.org/W4237538123
https://openalex.org/W1967191280
https://openalex.org/W2329673833
https://openalex.org/W2411679061
https://openalex.org/W2463668483
https://openalex.org/W2514153496
https://openalex.org/W4234928461
https://openalex.org/W4290258711
https://openalex.org/W2147873971
https://openalex.org/W2164668218
https://openalex.org/W2331253860
https://openalex.org/W2417352534
https://openalex.org/W2465145551
https://openalex.org/W4299640394
https://openalex.org/W1537285292
https://openalex.org/W1627107536
https://openalex.org/W1732809021
https://openalex.org/W1854594921
https://openalex.org/W1911271161
https://openalex.org/W1966999026
https://openalex.org/W1995972457
https://openalex.org/W2032686032
https://openalex.org/W2050099676
https://openalex.org/W2073773158
https://openalex.org/W2075334460
https://openalex.org/W2086485210
https://openalex.org/W2087845597
https://openalex.org/W2111269733
https://openalex.org/W2151995188
https://openalex.org/W2156507477
https://openalex.org/W2158054000
https://openalex.org/W2166371752
https://openalex.org/W2187112552
https://openalex.org/W2187896436
https://openalex.org/W2189246355
https://openalex.org/W2213419343
https://openalex.org/W2213722862
https://openalex.org/W2226866979
https://openalex.org/W2244934600
https://openalex.org/W2285352687
https://openalex.org/W2306726867
https://openalex.org/W2323429257
https://openalex.org/W2325560562
https://openalex.org/W2327384311
https://openalex.org/W2329889267
https://openalex.org/W2331179357
https://openalex.org/W2339251923
https://openalex.org/W2339551883
https://openalex.org/W2340195792
https://openalex.org/W2341301736
https://openalex.org/W2341673509
https://openalex.org/W2342154944
https://openalex.org/W2361467057
https://openalex.org/W2391621256
https://openalex.org/W2408899024
https://openalex.org/W2410519268
https://openalex.org/W2412363358
https://openalex.org/W2413443510
https://openalex.org/W2414214737
https://openalex.org/W2416512362
https://openalex.org/W2430118028
https://openalex.org/W2430295705
https://openalex.org/W2461529863
https://openalex.org/W2462982870
https://openalex.org/W2465797154
https://openalex.org/W2467479641
https://openalex.org/W2479730786
https://openalex.org/W2481879641
https://openalex.org/W2490941301
https://openalex.org/W2493129741
https://openalex.org/W2493200591
https://openalex.org/W249470406
https://openalex.org/W2502482416
https://openalex.org/W2507860217
https://openalex.org/W2510514134
https://openalex.org/W2512948681
https://openalex.org/W2513449909
https://openalex.org/W2514464906
https://openalex.org/W2517391593
https://openalex.org/W2519796867
https://openalex.org/W2528413250
https://openalex.org/W2544474858
https://openalex.org/W2547636353
https://openalex.org/W2548309102
https://openalex.org/W2550871573
https://openalex.org/W2551538255
https://openalex.org/W2554779697
https://openalex.org/W2557410333
https://openalex.org/W2560248925
https://openalex.org/W2560422017
https://openalex.org/W2563070465
https://openalex.org/W25798980
https://openalex.org/W2583359119
https://openalex.org/W2586488195
https://openalex.org/W2587775454
https://openalex.org/W2587830421
https://openalex.org/W2588040664
https://openalex.org/W2588077450
https://openalex.org/W2588113836
https://openalex.org/W2588194722
https://openalex.org/W2588257065
https://openalex.org/W2588348730
https://openalex.org/W2588606762
https://openalex.org/W2588741123
https://openalex.org/W2588784776
https://openalex.org/W2588993822
https://openalex.org/W2589062017
https://openalex.org/W2589085667
https://openalex.org/W2589118627
https://openalex.org/W2594383607
https://openalex.org/W2599385299
https://openalex.org/W2604903912
https://openalex.org/W2605200446
https://openalex.org/W2626440340
https://openalex.org/W2710260367
https://openalex.org/W2735246057
https://openalex.org/W2740270749
https://openalex.org/W2743200610
https://openalex.org/W2743400839
https://openalex.org/W2743518686
https://openalex.org/W2743563638
https://openalex.org/W2743914391
https://openalex.org/W2743921139
https://openalex.org/W2745162596
https://openalex.org/W2746433637
https://openalex.org/W2746507144
https://openalex.org/W2746891737
https://openalex.org/W2748635441
https://openalex.org/W2748797719
https://openalex.org/W2749509208
https://openalex.org/W2750764292
https://openalex.org/W2751016555
https://openalex.org/W2751156252
https://openalex.org/W2751236464
https://openalex.org/W2751479428
https://openalex.org/W2751931679
https://openalex.org/W2752253414
https://openalex.org/W2753617706
https://openalex.org/W2753868964
https://openalex.org/W2755619105
https://openalex.org/W2762899669
https://openalex.org/W2783482489
https://openalex.org/W2805580052
https://openalex.org/W2901110855
https://openalex.org/W2901906127
https://openalex.org/W2910818361
https://openalex.org/W2949093972
https://openalex.org/W2950538441
https://openalex.org/W2950917016
https://openalex.org/W2950975135
https://openalex.org/W2952118273
https://openalex.org/W2952897857
https://openalex.org/W2976227266
https://openalex.org/W2977380042
https://openalex.org/W2978244315
https://openalex.org/W2978376972
https://openalex.org/W2979158197
https://openalex.org/W2980478246
https://openalex.org/W2986438690
https://openalex.org/W3010290078
https://openalex.org/W3021198016
https://openalex.org/W3028683837
https://openalex.org/W3031006767
https://openalex.org/W3032027027
https://openalex.org/W3032074324
https://openalex.org/W3032728751
https://openalex.org/W3037201206
https://openalex.org/W3038096487
https://openalex.org/W3117925819
https://openalex.org/W3125317299
https://openalex.org/W3156359944
https://openalex.org/W3188959652
https://openalex.org/W3201402350
https://openalex.org/W3201893609
https://openalex.org/W3202303621
https://openalex.org/W4233092901
https://openalex.org/W4241290436
https://openalex.org/W4250387562
https://openalex.org/W4250852974
https://openalex.org/W4289804812
https://openalex.org/W4299135901
https://openalex.org/W4300810530
https://openalex.org/W4309389138
https://openalex.org/W4388604762
https://openalex.org/W4394117412
https://openalex.org/W4394144599
https://openalex.org/W4394311584
https://openalex.org/W4394431290
https://openalex.org/W48038639
https://openalex.org/W2033483124
https://openalex.org/W2048008187
https://openalex.org/W2417551790
https://openalex.org/W2593496847
https://openalex.org/W2086717313
https://openalex.org/W2169723559
https://openalex.org/W1521022792
https://openalex.org/W170197021
https://openalex.org/W1721457243
https://openalex.org/W187382396
https://openalex.org/W1928223318
https://openalex.org/W1930103592
https://openalex.org/W1964006306
https://openalex.org/W1964359587
https://openalex.org/W1966115769
https://openalex.org/W1982791018
https://openalex.org/W1983824212
https://openalex.org/W1991176305
https://openalex.org/W1994856157
https://openalex.org/W2009093182
https://openalex.org/W2023297623
https://openalex.org/W2039096826
https://openalex.org/W2039455076
https://openalex.org/W2041538705
https://openalex.org/W2043874867
https://openalex.org/W2060434062
https://openalex.org/W2070601482
https://openalex.org/W2080735992
https://openalex.org/W2082474499
https://openalex.org/W2094694972
https://openalex.org/W209840622
https://openalex.org/W2105137572
https://openalex.org/W2105321720
https://openalex.org/W2136809189
https://openalex.org/W2143841661
https://openalex.org/W2146468024
https://openalex.org/W2159544010
https://openalex.org/W2162733634
https://openalex.org/W2181200637
https://openalex.org/W2211667754
https://openalex.org/W2213801494
https://openalex.org/W2219139404
https://openalex.org/W2229844482
https://openalex.org/W2260937693
https://openalex.org/W2268853977
https://openalex.org/W2270584039
https://openalex.org/W2275072477
https://openalex.org/W2280215040
https://openalex.org/W2291396468
https://openalex.org/W2312886556
https://openalex.org/W2316782063
https://openalex.org/W2319980500
https://openalex.org/W2322029653
https://openalex.org/W2323982109
https://openalex.org/W2327536919
https://openalex.org/W2327814620
https://openalex.org/W2332075911
https://openalex.org/W2332157515
https://openalex.org/W2332309908
https://openalex.org/W2356151948
https://openalex.org/W2357019816
https://openalex.org/W2357991203
https://openalex.org/W2358022510
https://openalex.org/W2360719051
https://openalex.org/W2373072522
https://openalex.org/W2377044724
https://openalex.org/W2377856714
https://openalex.org/W2386971032
https://openalex.org/W2386984148
https://openalex.org/W2390842205
https://openalex.org/W2393603754
https://openalex.org/W2395504980
https://openalex.org/W2398004796
https://openalex.org/W2398311764
https://openalex.org/W2410957963
https://openalex.org/W2413880221
https://openalex.org/W2415072588
https://openalex.org/W2415734977
https://openalex.org/W2415928546
https://openalex.org/W2416666598
https://openalex.org/W2417798832
https://openalex.org/W2425831749
https://openalex.org/W2441048741
https://openalex.org/W2471439319
https://openalex.org/W2498267539
https://openalex.org/W2499964689
https://openalex.org/W2512811627
https://openalex.org/W2535036642
https://openalex.org/W2566994021
https://openalex.org/W2590744210
https://openalex.org/W2591366220
https://openalex.org/W2593013528
https://openalex.org/W2604855043
https://openalex.org/W2605520505
https://openalex.org/W2618270320
https://openalex.org/W2739618005
https://openalex.org/W2740999462
https://openalex.org/W2773704442
https://openalex.org/W2909232722
https://openalex.org/W2910000584
https://openalex.org/W2910917091
https://openalex.org/W2932611378
https://openalex.org/W2937752013
https://openalex.org/W2976871293
https://openalex.org/W2994554918
https://openalex.org/W3000283966
https://openalex.org/W3005818094
https://openalex.org/W3029500008
https://openalex.org/W3030504069
https://openalex.org/W3032833308
https://openalex.org/W3093406828
https://openalex.org/W3095866760
https://openalex.org/W3108112370
https://openalex.org/W3113272443
https://openalex.org/W3115302128
https://openalex.org/W3117476735
https://openalex.org/W3144903749
https://openalex.org/W3161246116
https://openalex.org/W3198987932
https://openalex.org/W3212308480
https://openalex.org/W3215131645
https://openalex.org/W4239784003
https://openalex.org/W4246477743
https://openalex.org/W4254826746
https://openalex.org/W427742659
https://openalex.org/W4292609845
https://openalex.org/W4298443278
https://openalex.org/W4298942490
https://openalex.org/W43391593
https://openalex.org/W4390899367
https://openalex.org/W4392969216
https://openalex.org/W830553403
https://openalex.org/W97970433
https://openalex.org/W986617957
https://openalex.org/W1819900269
https://openalex.org/W2005691581
https://openalex.org/W2410558636
https://openalex.org/W2411417886
https://openalex.org/W2415519045
https://openalex.org/W1667987729
https://openalex.org/W1965328463
https://openalex.org/W2016559730
https://openalex.org/W2058837947
https://openalex.org/W2323994936
https://openalex.org/W2389431437
https://openalex.org/W2410145791
https://openalex.org/W1551096640
https://openalex.org/W1985462055
https://openalex.org/W1987226897
https://openalex.org/W2028275656
https://openalex.org/W2037568549
https://openalex.org/W2051402415
https://openalex.org/W2066701569
https://openalex.org/W2081196992
https://openalex.org/W2085359753
https://openalex.org/W2227611109
https://openalex.org/W2245275896
https://openalex.org/W2254991481
https://openalex.org/W2272580903
https://openalex.org/W2275423046
https://openalex.org/W2330426904
https://openalex.org/W2350694358
https://openalex.org/W2369287763
https://openalex.org/W2371082010
https://openalex.org/W2372084882
https://openalex.org/W2395133750
https://openalex.org/W2396725590
https://openalex.org/W2397661226
https://openalex.org/W2410203321
https://openalex.org/W2417317644
https://openalex.org/W2418238908
https://openalex.org/W2440544751
https://openalex.org/W2469808541
https://openalex.org/W2489945769
https://openalex.org/W2494670446
https://openalex.org/W2587910561
https://openalex.org/W2588044703
https://openalex.org/W2588759334
https://openalex.org/W2589735229
https://openalex.org/W2596499797
https://openalex.org/W2597073536
https://openalex.org/W2600079425
https://openalex.org/W2605561518
https://openalex.org/W2605633683
https://openalex.org/W2606168532
https://openalex.org/W2606865364
https://openalex.org/W2606903509
https://openalex.org/W2607142793
https://openalex.org/W2608206053
https://openalex.org/W2611351985
https://openalex.org/W2617064682
https://openalex.org/W2617153051
https://openalex.org/W2618063975
https://openalex.org/W2619387275
https://openalex.org/W2619622036
https://openalex.org/W2620167424
https://openalex.org/W2620216189
https://openalex.org/W2620403516
https://openalex.org/W2620826451
https://openalex.org/W2620924150
https://openalex.org/W2621061369
https://openalex.org/W2623180597
https://openalex.org/W2628613177
https://openalex.org/W2728369819
https://openalex.org/W2738138672
https://openalex.org/W2739650261
https://openalex.org/W2741896748
https://openalex.org/W2746348507
https://openalex.org/W2748095716
https://openalex.org/W2748420447
https://openalex.org/W2749762244
https://openalex.org/W2752254779
https://openalex.org/W2753255512
https://openalex.org/W2753881052
https://openalex.org/W2759566988
https://openalex.org/W2764239900
https://openalex.org/W2765494385
https://openalex.org/W2765623695
https://openalex.org/W2772893750
https://openalex.org/W2774683686
https://openalex.org/W2782850192
https://openalex.org/W2782925790
https://openalex.org/W2786079053
https://openalex.org/W2789197007
https://openalex.org/W2794143654
https://openalex.org/W2886096219
https://openalex.org/W2890538524
https://openalex.org/W2907763583
https://openalex.org/W2948822126
https://openalex.org/W2990412298
https://openalex.org/W2997066953
https://openalex.org/W3029497604
https://openalex.org/W3098330622
https://openalex.org/W3174539683
https://openalex.org/W3188052365
https://openalex.org/W3192958287
https://openalex.org/W3209254038
https://openalex.org/W4206098600
https://openalex.org/W4207089153
https://openalex.org/W4230245839
https://openalex.org/W4234315486
https://openalex.org/W4238221503
https://openalex.org/W4238596076
https://openalex.org/W4241300506
https://openalex.org/W4244564809
https://openalex.org/W4247788378
https://openalex.org/W4248789934
https://openalex.org/W4249571828
https://openalex.org/W4250718269
https://openalex.org/W4252370104
https://openalex.org/W4254173621
https://openalex.org/W4254926816
https://openalex.org/W4286853990
https://openalex.org/W4297573233
https://openalex.org/W4298133222
https://openalex.org/W4394480013
https://openalex.org/W3206130634
https://openalex.org/W148294336
https://openalex.org/W1498615154
https://openalex.org/W1979996932
https://openalex.org/W1980206001
https://openalex.org/W2008246782
https://openalex.org/W2034890462
https://openalex.org/W2035789391
https://openalex.org/W2048323798
https://openalex.org/W2068429901
https://openalex.org/W2076077624
https://openalex.org/W2094763531
https://openalex.org/W2149768848
https://openalex.org/W2169078943
https://openalex.org/W2170598134
https://openalex.org/W2261082059
https://openalex.org/W2280883873
https://openalex.org/W2283697928
https://openalex.org/W2285577805
https://openalex.org/W2300583375
https://openalex.org/W2328130694
https://openalex.org/W2347613242
https://openalex.org/W2354240294
https://openalex.org/W2361764663
https://openalex.org/W2372116801
https://openalex.org/W2376852277
https://openalex.org/W2378885634
https://openalex.org/W2379804680
https://openalex.org/W2382326483
https://openalex.org/W2388225311
https://openalex.org/W2393684757
https://openalex.org/W2394859026
https://openalex.org/W2399555512
https://openalex.org/W2411767279
https://openalex.org/W2414218557
https://openalex.org/W2423868661
https://openalex.org/W2424888098
https://openalex.org/W2475821213
https://openalex.org/W2526882618
https://openalex.org/W2558604800
https://openalex.org/W2663036636
https://openalex.org/W270606103
https://openalex.org/W2743946589
https://openalex.org/W2747730945
https://openalex.org/W2749301965
https://openalex.org/W2754437103
https://openalex.org/W2885432312
https://openalex.org/W2917340256
https://openalex.org/W2917564076
https://openalex.org/W2949712849
https://openalex.org/W2951031305
https://openalex.org/W2955268257
https://openalex.org/W2955603993
https://openalex.org/W2973671322
https://openalex.org/W2984807537
https://openalex.org/W3023746767
https://openalex.org/W3029507695
https://openalex.org/W3030095789
https://openalex.org/W3095212603
https://openalex.org/W3105460161
https://openalex.org/W3109610014
https://openalex.org/W3118718075
https://openalex.org/W3125058587
https://openalex.org/W3176486575
https://openalex.org/W3187305302
https://openalex.org/W3190706608
https://openalex.org/W3211671020
https://openalex.org/W3215816163
https://openalex.org/W4205367856
https://openalex.org/W4205374160
https://openalex.org/W4212981720
https://openalex.org/W4213186278
https://openalex.org/W4220689900
https://openalex.org/W4220890021
https://openalex.org/W4220905415
https://openalex.org/W4220916930
https://openalex.org/W4220946994
https://openalex.org/W4221138464
https://openalex.org/W4224443342
https://openalex.org/W4225512860
https://openalex.org/W4225689471
https://openalex.org/W4225786602
https://openalex.org/W4226071144
https://openalex.org/W4226194442
https://openalex.org/W4226244836
https://openalex.org/W4226316848
https://openalex.org/W4229050658
https://openalex.org/W4229080796
https://openalex.org/W4229441617
https://openalex.org/W4250005512
https://openalex.org/W4280514503
https://openalex.org/W4280566754
https://openalex.org/W4280585854
https://openalex.org/W4282012507
https://openalex.org/W4282831713
https://openalex.org/W4282966733
https://openalex.org/W4283520930
https://openalex.org/W4283825869
https://openalex.org/W4285114663
https://openalex.org/W4285187673
https://openalex.org/W4285219224
https://openalex.org/W4285230433
https://openalex.org/W4286628863
https://openalex.org/W4286830524
https://openalex.org/W4289336992
https://openalex.org/W4290693607
https://openalex.org/W4291301624
https://openalex.org/W4292237403
https://openalex.org/W4293177626
https://openalex.org/W4293227886
https://openalex.org/W4293227929
https://openalex.org/W4293227997
https://openalex.org/W4293228930
https://openalex.org/W4293238784
https://openalex.org/W4294811460
https://openalex.org/W4295078967
https://openalex.org/W4296049656
https://openalex.org/W4296223293
https://openalex.org/W4296339956
https://openalex.org/W4296373944
https://openalex.org/W4296440466
https://openalex.org/W4297783120
https://openalex.org/W4297783128
https://openalex.org/W4297793052
https://openalex.org/W4298326520
https://openalex.org/W4299397086
https://openalex.org/W4300460640
https://openalex.org/W4304691962
https://openalex.org/W4307447019
https://openalex.org/W4307482743
https://openalex.org/W4308842699
https://openalex.org/W4308932598
https://openalex.org/W4308966323
https://openalex.org/W4309413375
https://openalex.org/W4309720505
https://openalex.org/W4310103228
https://openalex.org/W4310108981
https://openalex.org/W4310117089
https://openalex.org/W4310611450
https://openalex.org/W4311168446
https://openalex.org/W4312256281
https://openalex.org/W4312408396
https://openalex.org/W4312573576
https://openalex.org/W4312617161
https://openalex.org/W4312653533
https://openalex.org/W4312863324
https://openalex.org/W4312917546
https://openalex.org/W4313025404
https://openalex.org/W4313238817
https://openalex.org/W4318815363
https://openalex.org/W4321160521
https://openalex.org/W4323339591
https://openalex.org/W4387930005
https://openalex.org/W4394329480
https://openalex.org/W4394439528
https://openalex.org/W646381166
https://openalex.org/W781044529
https://openalex.org/W1923648422
https://openalex.org/W2021457208
https://openalex.org/W2027544219
https://openalex.org/W2091692323
https://openalex.org/W2138782686
https://openalex.org/W2395737076
https://openalex.org/W2398287701
https://openalex.org/W2402035596
https://openalex.org/W2406880990
https://openalex.org/W2407339414
https://openalex.org/W4206456666
https://openalex.org/W2025830294
https://openalex.org/W2048369934
https://openalex.org/W2050790314
https://openalex.org/W2080110791
https://openalex.org/W2124595016
https://openalex.org/W2371284677
https://openalex.org/W2377094922
https://openalex.org/W2385709467
https://openalex.org/W2400950128
https://openalex.org/W2407873659
https://openalex.org/W2413367918
https://openalex.org/W2434308225
https://openalex.org/W2434778558
https://openalex.org/W2437549866
https://openalex.org/W2476621136
https://openalex.org/W2519328787
https://openalex.org/W2560194140
https://openalex.org/W2617774263
https://openalex.org/W2739373537
https://openalex.org/W2790824896
https://openalex.org/W2790912825
https://openalex.org/W2791964808
https://openalex.org/W2793810960
https://openalex.org/W2801400062
https://openalex.org/W2801959502
https://openalex.org/W2802269392
https://openalex.org/W2802879522
https://openalex.org/W2803169169
https://openalex.org/W2803375898
https://openalex.org/W2803432302
https://openalex.org/W2803743089
https://openalex.org/W2804027411
https://openalex.org/W2804595745
https://openalex.org/W2804789646
https://openalex.org/W2805571001
https://openalex.org/W2805755766
https://openalex.org/W2805996267
https://openalex.org/W2806599472
https://openalex.org/W2806649894
https://openalex.org/W2809766960
https://openalex.org/W2811210832
https://openalex.org/W2884594718
https://openalex.org/W2885924609
https://openalex.org/W2887568434
https://openalex.org/W2889690865
https://openalex.org/W2890383534
https://openalex.org/W2890903328
https://openalex.org/W2895535594
https://openalex.org/W2897021085
https://openalex.org/W2897381131
https://openalex.org/W2898061263
https://openalex.org/W2898162481
https://openalex.org/W2901286123
https://openalex.org/W2901516734
https://openalex.org/W2903366131
https://openalex.org/W2910037142
https://openalex.org/W2910451191
https://openalex.org/W2910715695
https://openalex.org/W2913976870
https://openalex.org/W2943850366
https://openalex.org/W2944240567
https://openalex.org/W2944266499
https://openalex.org/W2944320457
https://openalex.org/W2944353065
https://openalex.org/W2944619417
https://openalex.org/W2944632357
https://openalex.org/W2948271090
https://openalex.org/W2949039329
https://openalex.org/W2949359597
https://openalex.org/W2949372551
https://openalex.org/W2949405639
https://openalex.org/W2949758390
https://openalex.org/W2950047225
https://openalex.org/W2950658298
https://openalex.org/W2950667614
https://openalex.org/W2951069745
https://openalex.org/W2951171858
https://openalex.org/W2951221460
https://openalex.org/W2951382553
https://openalex.org/W2951422119
https://openalex.org/W2951526498
https://openalex.org/W2952450766
https://openalex.org/W2952936190
https://openalex.org/W2953303123
https://openalex.org/W2955824548
https://openalex.org/W2961750379
https://openalex.org/W2963922394
https://openalex.org/W2970159834
https://openalex.org/W2970681828
https://openalex.org/W2971006833
https://openalex.org/W2971589562
https://openalex.org/W2978216096
https://openalex.org/W2980947480
https://openalex.org/W2981127881
https://openalex.org/W2981545238
https://openalex.org/W2981894097
https://openalex.org/W2982171530
https://openalex.org/W2984283882
https://openalex.org/W2994729556
https://openalex.org/W2995187601
https://openalex.org/W2997789893
https://openalex.org/W3008046300
https://openalex.org/W3010394340
https://openalex.org/W3011087863
https://openalex.org/W3030790977
https://openalex.org/W3032674634
https://openalex.org/W3032887066
https://openalex.org/W3047848522
https://openalex.org/W3084165134
https://openalex.org/W3107774470
https://openalex.org/W3114557378
https://openalex.org/W3121640441
https://openalex.org/W3127731677
https://openalex.org/W3129263537
https://openalex.org/W3135380003
https://openalex.org/W3135640330
https://openalex.org/W3140672421
https://openalex.org/W3173619677
https://openalex.org/W3180663067
https://openalex.org/W3186146443
https://openalex.org/W3191256557
https://openalex.org/W3192704407
https://openalex.org/W3196293794
https://openalex.org/W3210157890
https://openalex.org/W3214570403
https://openalex.org/W4206885745
https://openalex.org/W4231935467
https://openalex.org/W4232486640
https://openalex.org/W4239798971
https://openalex.org/W4240232530
https://openalex.org/W4240505415
https://openalex.org/W4244310558
https://openalex.org/W4246245145
https://openalex.org/W4246288971
https://openalex.org/W4246691041
https://openalex.org/W4251273779
https://openalex.org/W4251949020
https://openalex.org/W4254176147
https://openalex.org/W4256342281
https://openalex.org/W4297656932
https://openalex.org/W4298157067
https://openalex.org/W4298206600
https://openalex.org/W4298316262
https://openalex.org/W4300076821
https://openalex.org/W4300339066
https://openalex.org/W4394208062
https://openalex.org/W4394209803
https://openalex.org/W4394269713
https://openalex.org/W4394282489
https://openalex.org/W4394364202
https://openalex.org/W4394390598
https://openalex.org/W4394503430
https://openalex.org/W4394516590
https://openalex.org/W4394544556
https://openalex.org/W128832195
https://openalex.org/W1977523619
https://openalex.org/W1988636357
https://openalex.org/W2014721960
https://openalex.org/W2051280354
https://openalex.org/W2072137526
https://openalex.org/W2320858529
https://openalex.org/W2324680770
https://openalex.org/W2403236589
https://openalex.org/W2407747226
https://openalex.org/W2411097838
https://openalex.org/W2412397549
https://openalex.org/W2413390977
https://openalex.org/W2474030219
https://openalex.org/W2886401044
https://openalex.org/W2996486817
https://openalex.org/W1425044897
https://openalex.org/W2005564720
https://openalex.org/W2022279851
https://openalex.org/W2036286456
https://openalex.org/W2063739088
https://openalex.org/W2086878797
https://openalex.org/W2106965845
https://openalex.org/W2118251731
https://openalex.org/W2292284116
https://openalex.org/W2321804102
https://openalex.org/W2339440255
https://openalex.org/W2350756049
https://openalex.org/W2362014440
https://openalex.org/W2372773299
https://openalex.org/W2372981279
https://openalex.org/W2379955346
https://openalex.org/W2385686287
https://openalex.org/W2394035001
https://openalex.org/W2405766343
https://openalex.org/W2409534543
https://openalex.org/W2410775972
https://openalex.org/W2416359618
https://openalex.org/W2474296840
https://openalex.org/W2495654503
https://openalex.org/W2588700384
https://openalex.org/W2600551936
https://openalex.org/W2750393573
https://openalex.org/W2773528625
https://openalex.org/W2780792042
https://openalex.org/W2907572320
https://openalex.org/W2955504529
https://openalex.org/W2978531232
https://openalex.org/W2981304865
https://openalex.org/W2989079155
https://openalex.org/W2995343264
https://openalex.org/W2998336374
https://openalex.org/W3003189783
https://openalex.org/W3011835577
https://openalex.org/W3012026951
https://openalex.org/W3014357570
https://openalex.org/W3014705040
https://openalex.org/W3015551472
https://openalex.org/W3021790822
https://openalex.org/W3022268258
https://openalex.org/W3022950833
https://openalex.org/W3026609929
https://openalex.org/W3026996646
https://openalex.org/W3027435084
https://openalex.org/W3027561662
https://openalex.org/W3027749792
https://openalex.org/W3028180405
https://openalex.org/W3029817984
https://openalex.org/W3030781978
https://openalex.org/W3032869010
https://openalex.org/W3033086513
https://openalex.org/W3033132899
https://openalex.org/W3033251786
https://openalex.org/W3033380042
https://openalex.org/W3033491963
https://openalex.org/W3033596205
https://openalex.org/W3033697752
https://openalex.org/W3034038180
https://openalex.org/W3034144821
https://openalex.org/W3034201986
https://openalex.org/W3034379245
https://openalex.org/W3035139255
https://openalex.org/W3035690527
https://openalex.org/W3041953210
https://openalex.org/W3046338433
https://openalex.org/W3081861090
https://openalex.org/W3083354818
https://openalex.org/W3083712166
https://openalex.org/W3089881193
https://openalex.org/W3093855392
https://openalex.org/W3096513579
https://openalex.org/W3097247453
https://openalex.org/W3097713152
https://openalex.org/W3097732607
https://openalex.org/W3099089447
https://openalex.org/W3099467227
https://openalex.org/W3107220527
https://openalex.org/W3107261577
https://openalex.org/W3107455237
https://openalex.org/W3107759861
https://openalex.org/W3107993459
https://openalex.org/W3108923193
https://openalex.org/W3110436841
https://openalex.org/W3112986953
https://openalex.org/W3113945309
https://openalex.org/W3117756289
https://openalex.org/W3117819812
https://openalex.org/W3119344735
https://openalex.org/W3124332669
https://openalex.org/W3127033912
https://openalex.org/W3129188706
https://openalex.org/W3153450934
https://openalex.org/W3154444285
https://openalex.org/W3162902805
https://openalex.org/W3173776018
https://openalex.org/W3177172734
https://openalex.org/W3181514750
https://openalex.org/W3182940810
https://openalex.org/W3192590635
https://openalex.org/W3194246847
https://openalex.org/W3197506693
https://openalex.org/W3209754161
https://openalex.org/W3210623159
https://openalex.org/W4205816417
https://openalex.org/W4210834552
https://openalex.org/W4234162179
https://openalex.org/W4237356233
https://openalex.org/W4237393429
https://openalex.org/W4247639185
https://openalex.org/W4254602075
https://openalex.org/W4290886411
https://openalex.org/W4293365185
https://openalex.org/W4293365188
https://openalex.org/W4296956860
https://openalex.org/W4298364268
https://openalex.org/W4299798871
https://openalex.org/W4300992294
https://openalex.org/W4301500147
https://openalex.org/W4327812010
https://openalex.org/W4394094767
https://openalex.org/W4394166258
https://openalex.org/W4394267002
https://openalex.org/W4394283141
https://openalex.org/W4394333960
https://openalex.org/W4394439559
https://openalex.org/W1998092424
https://openalex.org/W2127177438
https://openalex.org/W2271614186
https://openalex.org/W2272784021
https://openalex.org/W2409013490
https://openalex.org/W4298569201
https://openalex.org/W1966279229
https://openalex.org/W196754059
https://openalex.org/W1980801641
https://openalex.org/W1997750875
https://openalex.org/W2017345478
https://openalex.org/W2165344095
https://openalex.org/W2283238037
https://openalex.org/W2363069002
https://openalex.org/W2366885746
https://openalex.org/W2375134045
https://openalex.org/W2375593136
https://openalex.org/W2385712018
https://openalex.org/W2419733422
https://openalex.org/W2531928742
https://openalex.org/W2598873293
https://openalex.org/W2624322482
https://openalex.org/W3161142483
https://openalex.org/W3166924367
https://openalex.org/W4200088991
https://openalex.org/W4237075146
https://openalex.org/W4246167265
https://openalex.org/W4251569018
https://openalex.org/W4297816951
https://openalex.org/W635528332
https://openalex.org/W1966216787
https://openalex.org/W2006847713
https://openalex.org/W2035696528
https://openalex.org/W2072156317
https://openalex.org/W2316510622
https://openalex.org/W2361593391
https://openalex.org/W2374620174
https://openalex.org/W2376345009
https://openalex.org/W2377982157
https://openalex.org/W2383386814
https://openalex.org/W2727284898
https://openalex.org/W2984366934
https://openalex.org/W3026504956
https://openalex.org/W3030854216
https://openalex.org/W3093329252
https://openalex.org/W3103504401
https://openalex.org/W3115275519
https://openalex.org/W3119399706
https://openalex.org/W3120290214
https://openalex.org/W3126034531
https://openalex.org/W3129456660
https://openalex.org/W3131352033
https://openalex.org/W3154667375
https://openalex.org/W3159361414
https://openalex.org/W3161572702
https://openalex.org/W3162587920
https://openalex.org/W3162922613
https://openalex.org/W3166630871
https://openalex.org/W3167159595
https://openalex.org/W3167780704
https://openalex.org/W3168090192
https://openalex.org/W3168371545
https://openalex.org/W3171101018
https://openalex.org/W3171154509
https://openalex.org/W3172010036
https://openalex.org/W3172612034
https://openalex.org/W3175240972
https://openalex.org/W3177431865
https://openalex.org/W3179422063
https://openalex.org/W3179789294
https://openalex.org/W3184448455
https://openalex.org/W3184783632
https://openalex.org/W3186237681
https://openalex.org/W3192498675
https://openalex.org/W3196748765
https://openalex.org/W3199399173
https://openalex.org/W3199431300
https://openalex.org/W3205642625
https://openalex.org/W3206906042
https://openalex.org/W3208091001
https://openalex.org/W3212113639
https://openalex.org/W3213239480
https://openalex.org/W4200150229
https://openalex.org/W4200158709
https://openalex.org/W4200322296
https://openalex.org/W4205250733
https://openalex.org/W4206614926
https://openalex.org/W4210330269
https://openalex.org/W4214573589
https://openalex.org/W4226022906
https://openalex.org/W4226395599
https://openalex.org/W4238013959
https://openalex.org/W4240092892
https://openalex.org/W4245096257
https://openalex.org/W4247537928
https://openalex.org/W4253500762
https://openalex.org/W4310002211
https://openalex.org/W4386660904
https://openalex.org/W4394116423
https://openalex.org/W4394170249
https://openalex.org/W4394209596
https://openalex.org/W4394235113
https://openalex.org/W4394254679
https://openalex.org/W4394266952
https://openalex.org/W4394384225
https://openalex.org/W4394403410
https://openalex.org/W4394487071
https://openalex.org/W4394487329
https://openalex.org/W4394496347
https://openalex.org/W55154083
https://openalex.org/W1967517407
https://openalex.org/W1998457057
https://openalex.org/W2006344682
https://openalex.org/W2039940214
https://openalex.org/W2093911910
https://openalex.org/W2127627276
https://openalex.org/W2285517366
https://openalex.org/W232361529
https://openalex.org/W2328180627
https://openalex.org/W2330306999
https://openalex.org/W2331312120
https://openalex.org/W2333571169
https://openalex.org/W2334345147
https://openalex.org/W2346565793
https://openalex.org/W2412214426
https://openalex.org/W2413469668
https://openalex.org/W2415768252
https://openalex.org/W2418669952
https://openalex.org/W2422991251
https://openalex.org/W2426801707
https://openalex.org/W2443363789
https://openalex.org/W2598267852
https://openalex.org/W2603382082
https://openalex.org/W2616338767
https://openalex.org/W2622301470
https://openalex.org/W2782737336
https://openalex.org/W2945814184
https://openalex.org/W2951112430
https://openalex.org/W3096978221
https://openalex.org/W3169842731
https://openalex.org/W4232828123
https://openalex.org/W4235167758
https://openalex.org/W4302790385
https://openalex.org/W2395722990
https://openalex.org/W2401533377
https://openalex.org/W2410827636
https://openalex.org/W1490870204
https://openalex.org/W1495337249
https://openalex.org/W1555291245
https://openalex.org/W1585604134
https://openalex.org/W1608460760
https://openalex.org/W2000657629
https://openalex.org/W2274743721
https://openalex.org/W2395308698
https://openalex.org/W2400438295
https://openalex.org/W2404411094
https://openalex.org/W2410628605
https://openalex.org/W2410960690
https://openalex.org/W2413109058
https://openalex.org/W2414055162
https://openalex.org/W2415551419
https://openalex.org/W2417513481
https://openalex.org/W2419471657
https://openalex.org/W2421834871
https://openalex.org/W2444156150
https://openalex.org/W2461343487
https://openalex.org/W2466542091
https://openalex.org/W2472881765
https://openalex.org/W2474570200
https://openalex.org/W2599286154
https://openalex.org/W2738687205
https://openalex.org/W2744429114
https://openalex.org/W2782425625
https://openalex.org/W2952428325
https://openalex.org/W2954496216
https://openalex.org/W3004775814
https://openalex.org/W4205441874
https://openalex.org/W4236256312
https://openalex.org/W4238666462
https://openalex.org/W4252071129
https://openalex.org/W597625670
https://openalex.org/W108998677
https://openalex.org/W1526455938
https://openalex.org/W165711405
https://openalex.org/W1973838126
https://openalex.org/W1977138623
https://openalex.org/W1991359282
https://openalex.org/W2010574590
https://openalex.org/W2013156194
https://openalex.org/W2015801085
https://openalex.org/W2016190464
https://openalex.org/W2030576655
https://openalex.org/W2038784094
https://openalex.org/W2055600651
https://openalex.org/W2060119163
https://openalex.org/W2066917166
https://openalex.org/W2078890990
https://openalex.org/W2125976658
https://openalex.org/W2210448808
https://openalex.org/W2312568536
https://openalex.org/W2313436373
https://openalex.org/W2329941694
https://openalex.org/W2408828267
https://openalex.org/W2409576861
https://openalex.org/W2412370116
https://openalex.org/W2414524348
https://openalex.org/W2414638802
https://openalex.org/W2416227499
https://openalex.org/W2418245896
https://openalex.org/W2569960403
https://openalex.org/W2576151150
https://openalex.org/W2615751409
https://openalex.org/W2779001750
https://openalex.org/W2792014989
https://openalex.org/W2950033402
https://openalex.org/W2952214849
https://openalex.org/W2955841936
https://openalex.org/W2975342377
https://openalex.org/W2976032519
https://openalex.org/W2976205284
https://openalex.org/W2976333957
https://openalex.org/W2988190694
https://openalex.org/W4205114451
https://openalex.org/W4229983905
https://openalex.org/W4233063183
https://openalex.org/W4233602069
https://openalex.org/W4236652861
https://openalex.org/W4256192225
https://openalex.org/W604076605
https://openalex.org/W1129168374
https://openalex.org/W1991824366
https://openalex.org/W2026144639
https://openalex.org/W2037911873
https://openalex.org/W2038853416
https://openalex.org/W2077770677
https://openalex.org/W2078856105
https://openalex.org/W2088799160
https://openalex.org/W2209279188
https://openalex.org/W2395183572
https://openalex.org/W2405426931
https://openalex.org/W2412392328
https://openalex.org/W2428719832
https://openalex.org/W2461412101
https://openalex.org/W2462048215
https://openalex.org/W3102145453
https://openalex.org/W3117930488
https://openalex.org/W356957608
https://openalex.org/W378922279
https://openalex.org/W393809754
https://openalex.org/W4210507085
https://openalex.org/W4241874044
https://openalex.org/W4249814282
https://openalex.org/W60235854
https://openalex.org/W621485170
https://openalex.org/W137730730
https://openalex.org/W1529834407
https://openalex.org/W1907673984
https://openalex.org/W2021140859
https://openalex.org/W2030039459
https://openalex.org/W2049869761
https://openalex.org/W2116489768
https://openalex.org/W2185113257
https://openalex.org/W2186862139
https://openalex.org/W2255533206
https://openalex.org/W2267838250
https://openalex.org/W2316927995
https://openalex.org/W2329388572
https://openalex.org/W2394859887
https://openalex.org/W2396784339
https://openalex.org/W2397421061
https://openalex.org/W2398095153
https://openalex.org/W2399690059
https://openalex.org/W2403368764
https://openalex.org/W2404873727
https://openalex.org/W2405890879
https://openalex.org/W2407606570
https://openalex.org/W2411389120
https://openalex.org/W2411435187
https://openalex.org/W2414325215
https://openalex.org/W2414916448
https://openalex.org/W2415223575
https://openalex.org/W2417480370
https://openalex.org/W2419090748
https://openalex.org/W2492502346
https://openalex.org/W2498065071
https://openalex.org/W2566170342
https://openalex.org/W2597889330
https://openalex.org/W2618329357
https://openalex.org/W2694230011
https://openalex.org/W2783928578
https://openalex.org/W2795247309
https://openalex.org/W2800953957
https://openalex.org/W2887770989
https://openalex.org/W2951608913
https://openalex.org/W2951901902
https://openalex.org/W2952730832
https://openalex.org/W2953310287
https://openalex.org/W2979021343
https://openalex.org/W3181644093
https://openalex.org/W410666791
https://openalex.org/W572726593
