.
https://openalex.org/W1969762458
https://openalex.org/W2084710939
https://openalex.org/W2115395024
https://openalex.org/W328114118
https://openalex.org/W2126811655
https://openalex.org/W2073363331
https://openalex.org/W2148759119
https://openalex.org/W4249680347
https://openalex.org/W3081628759
https://openalex.org/W2113271768
https://openalex.org/W2092352405
https://openalex.org/W2046012377
https://openalex.org/W584649839
https://openalex.org/W2954751744
https://openalex.org/W60529302
https://openalex.org/W1895142762
https://openalex.org/W2083264197
https://openalex.org/W2025075621
https://openalex.org/W2139509734
https://openalex.org/W207590421
https://openalex.org/W166500613
https://openalex.org/W2404544125
https://openalex.org/W2004171639
https://openalex.org/W2006924987
https://openalex.org/W2074624810
https://openalex.org/W1998422278
https://openalex.org/W2145046023
https://openalex.org/W2161396647
https://openalex.org/W1605956253
https://openalex.org/W2010125266
https://openalex.org/W1768986764
https://openalex.org/W2622468178
https://openalex.org/W2124683090
https://openalex.org/W2200381911
https://openalex.org/W2484765416
https://openalex.org/W2137727711
https://openalex.org/W2402830370
https://openalex.org/W2987230846
https://openalex.org/W2091891742
https://openalex.org/W2583297407
https://openalex.org/W1983071058
https://openalex.org/W1428818293
https://openalex.org/W2238735565
https://openalex.org/W2467899599
https://openalex.org/W2902055841
https://openalex.org/W2772791962
https://openalex.org/W3171903461
https://openalex.org/W3090561426
https://openalex.org/W2971565693
https://openalex.org/W4200483690
https://openalex.org/W3124994868
https://openalex.org/W4200403610
https://openalex.org/W4302424787
https://openalex.org/W2135456217
https://openalex.org/W2040603499
https://openalex.org/W2150342404
https://openalex.org/W107825694
https://openalex.org/W40255386
https://openalex.org/W2089052124
https://openalex.org/W2140728228
https://openalex.org/W765620171
https://openalex.org/W2160952168
https://openalex.org/W2110022388
https://openalex.org/W2045245494
https://openalex.org/W2159325974
https://openalex.org/W2101291196
https://openalex.org/W2036124984
https://openalex.org/W2003125941
https://openalex.org/W2091621771
https://openalex.org/W1964655780
https://openalex.org/W1970413627
https://openalex.org/W2953110937
https://openalex.org/W2146925245
https://openalex.org/W2083740330
https://openalex.org/W2032568186
https://openalex.org/W2108616222
https://openalex.org/W2120160588
https://openalex.org/W1978801787
https://openalex.org/W2049433118
https://openalex.org/W2012334477
https://openalex.org/W2098795308
https://openalex.org/W2323376599
https://openalex.org/W1889698979
https://openalex.org/W2613436569
https://openalex.org/W52124849
https://openalex.org/W2273131246
https://openalex.org/W2557059615
https://openalex.org/W1441778221
https://openalex.org/W2109007620
https://openalex.org/W1546479459
https://openalex.org/W2170666587
https://openalex.org/W2097613201
https://openalex.org/W2788007580
https://openalex.org/W2405813518
https://openalex.org/W3014346673
https://openalex.org/W2906648397
https://openalex.org/W2919056551
https://openalex.org/W3026915425
https://openalex.org/W3011282394
https://openalex.org/W3041609621
https://openalex.org/W3190997979
https://openalex.org/W4394857670
https://openalex.org/W2070922860
https://openalex.org/W2032629294
https://openalex.org/W2061318078
https://openalex.org/W2111088706
https://openalex.org/W2090871959
https://openalex.org/W2035628396
https://openalex.org/W2051455054
https://openalex.org/W37882478
https://openalex.org/W2028861457
https://openalex.org/W2028239961
https://openalex.org/W2100503127
https://openalex.org/W2026137057
https://openalex.org/W2138421380
https://openalex.org/W2097156811
https://openalex.org/W1498233841
https://openalex.org/W2951761001
https://openalex.org/W575084704
https://openalex.org/W2282535718
https://openalex.org/W2950216868
https://openalex.org/W2146178363
https://openalex.org/W2038612629
https://openalex.org/W19777139
https://openalex.org/W2949530948
https://openalex.org/W1982556361
https://openalex.org/W2000113221
https://openalex.org/W2140171614
https://openalex.org/W2123608544
https://openalex.org/W2147492435
https://openalex.org/W2062835001
https://openalex.org/W2132851071
https://openalex.org/W1862523694
https://openalex.org/W2257520046
https://openalex.org/W2889844710
https://openalex.org/W2897824824
https://openalex.org/W2904672092
https://openalex.org/W2949429639
https://openalex.org/W2944682143
https://openalex.org/W3003945322
https://openalex.org/W3115435769
https://openalex.org/W3110411932
https://openalex.org/W3011603183
https://openalex.org/W3094014864
https://openalex.org/W3111284614
https://openalex.org/W3141180795
https://openalex.org/W3143805793
https://openalex.org/W3097226060
https://openalex.org/W4293425635
https://openalex.org/W4387807927
https://openalex.org/W2099834641
https://openalex.org/W2043392684
https://openalex.org/W2053997461
https://openalex.org/W2090125512
https://openalex.org/W49040972
https://openalex.org/W2075858344
https://openalex.org/W2078302145
https://openalex.org/W1996898273
https://openalex.org/W2047147087
https://openalex.org/W2016240186
https://openalex.org/W2059117859
https://openalex.org/W2087538072
https://openalex.org/W2084935809
https://openalex.org/W2054642242
https://openalex.org/W2049083798
https://openalex.org/W2086830767
https://openalex.org/W2170517326
https://openalex.org/W1984471096
https://openalex.org/W1988612012
https://openalex.org/W2023758763
https://openalex.org/W2031925443
https://openalex.org/W1965633326
https://openalex.org/W2007818395
https://openalex.org/W2050272098
https://openalex.org/W2125223277
https://openalex.org/W1968678156
https://openalex.org/W1976907392
https://openalex.org/W2154222677
https://openalex.org/W1983207791
https://openalex.org/W2163773013
https://openalex.org/W2256071709
https://openalex.org/W2296126229
https://openalex.org/W2767131627
https://openalex.org/W2624538165
https://openalex.org/W2016247998
https://openalex.org/W2804000700
https://openalex.org/W2228221883
https://openalex.org/W2602138954
https://openalex.org/W2508117965
https://openalex.org/W2763036476
https://openalex.org/W2508570681
https://openalex.org/W2588602984
https://openalex.org/W2964913546
https://openalex.org/W3015160254
https://openalex.org/W3213566229
https://openalex.org/W3117901864
https://openalex.org/W3189024202
https://openalex.org/W3117059627
https://openalex.org/W3174393765
https://openalex.org/W4283710574
https://openalex.org/W4283737775
https://openalex.org/W4294300881
https://openalex.org/W4305072454
https://openalex.org/W2046131571
https://openalex.org/W2000133610
https://openalex.org/W2089453478
https://openalex.org/W2141119164
https://openalex.org/W2144701442
https://openalex.org/W2062262194
https://openalex.org/W1861810585
https://openalex.org/W2139287933
https://openalex.org/W1992554073
https://openalex.org/W1977932912
https://openalex.org/W2093141474
https://openalex.org/W2145624621
https://openalex.org/W2079448716
https://openalex.org/W2011303769
https://openalex.org/W2128643471
https://openalex.org/W1993814601
https://openalex.org/W2000248977
https://openalex.org/W2015107785
https://openalex.org/W2125449911
https://openalex.org/W2130917924
https://openalex.org/W1983966309
https://openalex.org/W2084487052
https://openalex.org/W2155688186
https://openalex.org/W2528985529
https://openalex.org/W1100055660
https://openalex.org/W2589170327
https://openalex.org/W2756675762
https://openalex.org/W2782760158
https://openalex.org/W2200196188
https://openalex.org/W2788895478
https://openalex.org/W2801016587
https://openalex.org/W2906554332
https://openalex.org/W2514569305
https://openalex.org/W2921114469
https://openalex.org/W2921648533
https://openalex.org/W2913055804
https://openalex.org/W2922023117
https://openalex.org/W2956666825
https://openalex.org/W2911681041
https://openalex.org/W2929359284
https://openalex.org/W3037196214
https://openalex.org/W3038332328
https://openalex.org/W3105591024
https://openalex.org/W3091016460
https://openalex.org/W3190792868
https://openalex.org/W4220667000
https://openalex.org/W4283276311
https://openalex.org/W4285821770
https://openalex.org/W4323526998
https://openalex.org/W1988795393
https://openalex.org/W1975063068
https://openalex.org/W1976974554
https://openalex.org/W2038435919
https://openalex.org/W2011615694
https://openalex.org/W2037461711
https://openalex.org/W2951851274
https://openalex.org/W2062718132
https://openalex.org/W2952702925
https://openalex.org/W2092405637
https://openalex.org/W2178588529
https://openalex.org/W2042775006
https://openalex.org/W2060351894
https://openalex.org/W2066928427
https://openalex.org/W1983318420
https://openalex.org/W2073939712
https://openalex.org/W1982598160
https://openalex.org/W1997944267
https://openalex.org/W2024190651
https://openalex.org/W2044757630
https://openalex.org/W2091867209
https://openalex.org/W2152426965
https://openalex.org/W1566292542
https://openalex.org/W1971284055
https://openalex.org/W2125482533
https://openalex.org/W2129200482
https://openalex.org/W2081488419
https://openalex.org/W2059499160
https://openalex.org/W1997116896
https://openalex.org/W2103755422
https://openalex.org/W2147987768
https://openalex.org/W121653978
https://openalex.org/W1992246267
https://openalex.org/W2249758753
https://openalex.org/W2580455071
https://openalex.org/W2768382607
https://openalex.org/W2796427182
https://openalex.org/W2213754854
https://openalex.org/W2790017128
https://openalex.org/W2566615278
https://openalex.org/W2743839193
https://openalex.org/W2794354951
https://openalex.org/W2807487653
https://openalex.org/W2789435804
https://openalex.org/W2924186486
https://openalex.org/W3092571714
https://openalex.org/W3021328870
https://openalex.org/W4283701686
https://openalex.org/W4282981439
https://openalex.org/W4317743492
https://openalex.org/W4321434612
https://openalex.org/W4376871027
https://openalex.org/W4387873327
https://openalex.org/W615126970
https://openalex.org/W2166559942
https://openalex.org/W1555828974
https://openalex.org/W1977606416
https://openalex.org/W2050189838
https://openalex.org/W2092920460
https://openalex.org/W2094478775
https://openalex.org/W2030323419
https://openalex.org/W2068698588
https://openalex.org/W2069379014
https://openalex.org/W2316089376
https://openalex.org/W2952544369
https://openalex.org/W2033209252
https://openalex.org/W2000222673
https://openalex.org/W2019539564
https://openalex.org/W2174487470
https://openalex.org/W2952664546
https://openalex.org/W2142493562
https://openalex.org/W2219391852
https://openalex.org/W1978611138
https://openalex.org/W2042011049
https://openalex.org/W1589274307
https://openalex.org/W2023367223
https://openalex.org/W2064098317
https://openalex.org/W2073168548
https://openalex.org/W1964221185
https://openalex.org/W1990388040
https://openalex.org/W2115789044
https://openalex.org/W37311867
https://openalex.org/W1966602838
https://openalex.org/W2040194005
https://openalex.org/W2155636138
https://openalex.org/W1922927471
https://openalex.org/W2049716857
https://openalex.org/W1945992983
https://openalex.org/W2731860865
https://openalex.org/W2075446979
https://openalex.org/W2580742315
https://openalex.org/W2896024003
https://openalex.org/W2900674435
https://openalex.org/W2920498410
https://openalex.org/W2972356040
https://openalex.org/W2997637855
https://openalex.org/W3022470600
https://openalex.org/W3007389929
https://openalex.org/W3102900530
https://openalex.org/W3116873485
https://openalex.org/W3162413467
https://openalex.org/W3207368292
https://openalex.org/W2044127673
https://openalex.org/W4281621371
https://openalex.org/W4390838715
https://openalex.org/W4390906124
https://openalex.org/W4391017375
https://openalex.org/W4391018495
https://openalex.org/W4391162464
https://openalex.org/W4391168154
https://openalex.org/W4391239476
https://openalex.org/W4391256699
https://openalex.org/W4391339124
https://openalex.org/W4391402933
https://openalex.org/W4391445316
https://openalex.org/W4391469965
https://openalex.org/W4391490544
https://openalex.org/W4391644098
https://openalex.org/W4391887269
https://openalex.org/W4391979404
https://openalex.org/W4392635480
https://openalex.org/W4392862496
https://openalex.org/W4392961251
https://openalex.org/W4393040710
https://openalex.org/W4393042041
https://openalex.org/W4393135311
https://openalex.org/W4393188591
https://openalex.org/W4393218720
https://openalex.org/W4393338706
https://openalex.org/W4393850795
https://openalex.org/W4394680473
https://openalex.org/W4394709483
https://openalex.org/W4394810975
https://openalex.org/W4394907758
https://openalex.org/W4395055510
https://openalex.org/W4395664332
https://openalex.org/W4396523766
https://openalex.org/W2043347022
https://openalex.org/W2055797693
https://openalex.org/W2029747306
https://openalex.org/W2170466631
https://openalex.org/W279268627
https://openalex.org/W1998488576
https://openalex.org/W2049478098
https://openalex.org/W2124136539
https://openalex.org/W2134389413
https://openalex.org/W2018115150
https://openalex.org/W1761706241
https://openalex.org/W573913888
https://openalex.org/W2006828534
https://openalex.org/W1985036922
https://openalex.org/W2060452956
https://openalex.org/W2159513948
https://openalex.org/W2127314292
https://openalex.org/W2178878125
https://openalex.org/W2107469774
https://openalex.org/W2028984342
https://openalex.org/W2046240259
https://openalex.org/W2049928266
https://openalex.org/W2165088875
https://openalex.org/W1972866502
https://openalex.org/W2080891264
https://openalex.org/W3047676023
https://openalex.org/W2150973319
https://openalex.org/W1990830900
https://openalex.org/W2018859846
https://openalex.org/W2005402046
https://openalex.org/W2119330411
https://openalex.org/W2126149870
https://openalex.org/W2797053452
https://openalex.org/W2959510344
https://openalex.org/W2946210023
https://openalex.org/W2919586248
https://openalex.org/W2969449393
https://openalex.org/W3011979415
https://openalex.org/W3021959695
https://openalex.org/W3131281821
https://openalex.org/W4313379938
https://openalex.org/W4321224136
https://openalex.org/W4322581078
https://openalex.org/W4377861082
https://openalex.org/W4385412004
https://openalex.org/W4387896331
https://openalex.org/W1994359411
https://openalex.org/W2045350668
https://openalex.org/W2062315814
https://openalex.org/W4252657271
https://openalex.org/W2012472779
https://openalex.org/W2015756766
https://openalex.org/W1992426344
https://openalex.org/W2010181802
https://openalex.org/W2031777486
https://openalex.org/W1969747415
https://openalex.org/W1978169468
https://openalex.org/W2035207690
https://openalex.org/W2068096864
https://openalex.org/W1681199832
https://openalex.org/W1997739411
https://openalex.org/W2108395849
https://openalex.org/W2167572894
https://openalex.org/W2409966851
https://openalex.org/W4239436207
https://openalex.org/W301060220
https://openalex.org/W2092686541
https://openalex.org/W1999448931
https://openalex.org/W2097446857
https://openalex.org/W2054379648
https://openalex.org/W2100699055
https://openalex.org/W2169963101
https://openalex.org/W1973335555
https://openalex.org/W2071064830
https://openalex.org/W2078670314
https://openalex.org/W2082201635
https://openalex.org/W2122636115
https://openalex.org/W2122127841
https://openalex.org/W2108178802
https://openalex.org/W2122726580
https://openalex.org/W2334009623
https://openalex.org/W1482816947
https://openalex.org/W1965392481
https://openalex.org/W2766301394
https://openalex.org/W2790447423
https://openalex.org/W2592358302
https://openalex.org/W2985572347
https://openalex.org/W2995280742
https://openalex.org/W2986727350
https://openalex.org/W3170753901
https://openalex.org/W3185233340
https://openalex.org/W3202243457
https://openalex.org/W4205610365
https://openalex.org/W4283390688
https://openalex.org/W2073709114
https://openalex.org/W2043572534
https://openalex.org/W2097206410
https://openalex.org/W1988692779
https://openalex.org/W2031820342
https://openalex.org/W2118169692
https://openalex.org/W1438046815
https://openalex.org/W1900453281
https://openalex.org/W1964346195
https://openalex.org/W1990580884
https://openalex.org/W2144335940
https://openalex.org/W2028610143
https://openalex.org/W2091565229
https://openalex.org/W1980982594
https://openalex.org/W2023046241
https://openalex.org/W2089086113
https://openalex.org/W2071612976
https://openalex.org/W2334879168
https://openalex.org/W2039912700
https://openalex.org/W1984076336
https://openalex.org/W1997171383
https://openalex.org/W2077195342
https://openalex.org/W1967411274
https://openalex.org/W1970654503
https://openalex.org/W2739542332
https://openalex.org/W2751775580
https://openalex.org/W2887048847
https://openalex.org/W2128957273
https://openalex.org/W2506466277
https://openalex.org/W2607103983
https://openalex.org/W2800106920
https://openalex.org/W2913707307
https://openalex.org/W2995384627
https://openalex.org/W3088183222
https://openalex.org/W3108757675
https://openalex.org/W3196564294
https://openalex.org/W4205907324
https://openalex.org/W4213234867
https://openalex.org/W4213440461
https://openalex.org/W4220855315
https://openalex.org/W4229447181
https://openalex.org/W4283068612
https://openalex.org/W4283818474
https://openalex.org/W4293124635
https://openalex.org/W1512607793
https://openalex.org/W2018020722
https://openalex.org/W2061788175
https://openalex.org/W2062507005
https://openalex.org/W2084619681
https://openalex.org/W2085312525
https://openalex.org/W2033787082
https://openalex.org/W2037924335
https://openalex.org/W1977065914
https://openalex.org/W2143277254
https://openalex.org/W1525914342
https://openalex.org/W1948148903
https://openalex.org/W2000129489
https://openalex.org/W2115657472
https://openalex.org/W1963881644
https://openalex.org/W2153134358
https://openalex.org/W2153646105
https://openalex.org/W2160811404
https://openalex.org/W2436373386
https://openalex.org/W1997325017
https://openalex.org/W2125336431
https://openalex.org/W2783197736
https://openalex.org/W2149079508
https://openalex.org/W2308276842
https://openalex.org/W2336844741
https://openalex.org/W2463155949
https://openalex.org/W2479678854
https://openalex.org/W2536520948
https://openalex.org/W2564855113
https://openalex.org/W2739099639
https://openalex.org/W2765303221
https://openalex.org/W2769179735
https://openalex.org/W2774095320
https://openalex.org/W2247367441
https://openalex.org/W2514606662
https://openalex.org/W2531322079
https://openalex.org/W2548885929
https://openalex.org/W3045028976
https://openalex.org/W2990830079
https://openalex.org/W3007771132
https://openalex.org/W3018535199
https://openalex.org/W3036376147
https://openalex.org/W3092826620
https://openalex.org/W2410639013
https://openalex.org/W4301968434
https://openalex.org/W2013450075
https://openalex.org/W2014051589
https://openalex.org/W2158454555
https://openalex.org/W2170272285
https://openalex.org/W2084436336
https://openalex.org/W2226284845
https://openalex.org/W277118011
https://openalex.org/W1968622798
https://openalex.org/W1974692416
https://openalex.org/W1992034770
https://openalex.org/W2138858978
https://openalex.org/W3214792828
https://openalex.org/W109816867
https://openalex.org/W2134851051
https://openalex.org/W1958293371
https://openalex.org/W2068287275
https://openalex.org/W2153410095
https://openalex.org/W2065106066
https://openalex.org/W2095088935
https://openalex.org/W2430092844
https://openalex.org/W2072220699
https://openalex.org/W2001602237
https://openalex.org/W2123705263
https://openalex.org/W2791026733
https://openalex.org/W2963152569
https://openalex.org/W2134126586
https://openalex.org/W223942651
https://openalex.org/W2478303226
https://openalex.org/W2952978584
https://openalex.org/W3083081985
https://openalex.org/W3098660140
https://openalex.org/W3183958517
https://openalex.org/W4283209079
https://openalex.org/W4285077873
https://openalex.org/W4362553639
https://openalex.org/W4381274065
https://openalex.org/W4382798030
https://openalex.org/W4384823707
https://openalex.org/W4385170602
https://openalex.org/W4385265676
https://openalex.org/W4385448559
https://openalex.org/W4385749937
https://openalex.org/W4387721592
https://openalex.org/W4387729926
https://openalex.org/W4388015019
https://openalex.org/W4389397813
https://openalex.org/W4389981773
https://openalex.org/W2042133861
https://openalex.org/W2025672920
https://openalex.org/W207866489
https://openalex.org/W1980892076
https://openalex.org/W2072864458
https://openalex.org/W1493721125
https://openalex.org/W2036195857
https://openalex.org/W1577760887
https://openalex.org/W2178883885
https://openalex.org/W2083145212
https://openalex.org/W2088647856
https://openalex.org/W2138200952
https://openalex.org/W1529710176
https://openalex.org/W1965850499
https://openalex.org/W2047418603
https://openalex.org/W2078591622
https://openalex.org/W2089009612
https://openalex.org/W2608713078
https://openalex.org/W2623222311
https://openalex.org/W2773471535
https://openalex.org/W2803124740
https://openalex.org/W2805739601
https://openalex.org/W2048816808
https://openalex.org/W2591580487
https://openalex.org/W2941688402
https://openalex.org/W2978791726
https://openalex.org/W3136015237
https://openalex.org/W1998808318
https://openalex.org/W2055086154
https://openalex.org/W1976277136
https://openalex.org/W1977231110
https://openalex.org/W1994479278
https://openalex.org/W2030525763
https://openalex.org/W2057150214
https://openalex.org/W1998187462
https://openalex.org/W2043376769
https://openalex.org/W2093506939
https://openalex.org/W2171750141
https://openalex.org/W2413824075
https://openalex.org/W2421253523
https://openalex.org/W2034933567
https://openalex.org/W2021163949
https://openalex.org/W2095603709
https://openalex.org/W2950838524
https://openalex.org/W1983040440
https://openalex.org/W2087644710
https://openalex.org/W2952869212
https://openalex.org/W2137880768
https://openalex.org/W2893805513
https://openalex.org/W2902940037
https://openalex.org/W2330638954
https://openalex.org/W2740553092
https://openalex.org/W2768215534
https://openalex.org/W2981104628
https://openalex.org/W2988659692
https://openalex.org/W3019025448
https://openalex.org/W3028451699
https://openalex.org/W3028911292
https://openalex.org/W4394134342
https://openalex.org/W924190734
https://openalex.org/W2407863954
https://openalex.org/W2407937835
https://openalex.org/W2415867224
https://openalex.org/W1980300128
https://openalex.org/W1993720244
https://openalex.org/W2044963899
https://openalex.org/W2070453462
https://openalex.org/W2074630033
https://openalex.org/W2143480625
https://openalex.org/W1979540937
https://openalex.org/W2121418440
https://openalex.org/W2030883885
https://openalex.org/W35971954
https://openalex.org/W2119685180
https://openalex.org/W2404758134
https://openalex.org/W9964914
https://openalex.org/W1965030221
https://openalex.org/W2171227020
https://openalex.org/W2417930642
https://openalex.org/W2421813299
https://openalex.org/W2131785178
https://openalex.org/W2146212765
https://openalex.org/W2054757886
https://openalex.org/W2109807847
https://openalex.org/W2119124381
https://openalex.org/W2883429460
https://openalex.org/W2886379577
https://openalex.org/W1570600669
https://openalex.org/W2019445443
https://openalex.org/W2032199049
https://openalex.org/W2061294156
https://openalex.org/W2077232071
https://openalex.org/W2160102472
https://openalex.org/W2176751829
https://openalex.org/W2756539825
https://openalex.org/W2954784612
https://openalex.org/W3044594889
https://openalex.org/W3086702333
https://openalex.org/W3107263079
https://openalex.org/W3138738665
https://openalex.org/W3154183382
https://openalex.org/W3163798115
https://openalex.org/W4200624338
https://openalex.org/W4214538129
https://openalex.org/W2002537665
https://openalex.org/W2043265966
https://openalex.org/W2054441503
https://openalex.org/W2424322753
https://openalex.org/W1998022775
https://openalex.org/W2043481962
https://openalex.org/W2169285399
https://openalex.org/W2413657971
https://openalex.org/W3170949351
https://openalex.org/W651349040
https://openalex.org/W71412766
https://openalex.org/W2124555172
https://openalex.org/W2408303856
https://openalex.org/W4214766178
https://openalex.org/W4241429595
https://openalex.org/W2019461377
https://openalex.org/W2036747180
https://openalex.org/W1993007708
https://openalex.org/W2079439158
https://openalex.org/W2081720297
https://openalex.org/W2150174194
https://openalex.org/W2072663480
https://openalex.org/W2077330279
https://openalex.org/W2083516564
https://openalex.org/W2139722169
https://openalex.org/W2806590137
https://openalex.org/W2891901795
https://openalex.org/W2900516802
https://openalex.org/W2979094915
https://openalex.org/W2022613865
https://openalex.org/W2080363765
https://openalex.org/W2122189356
https://openalex.org/W2187375059
https://openalex.org/W2306962561
https://openalex.org/W2345335748
https://openalex.org/W2472397189
https://openalex.org/W2740446715
https://openalex.org/W2769864131
https://openalex.org/W3087653766
https://openalex.org/W3096486917
https://openalex.org/W2100673996
https://openalex.org/W1574556102
https://openalex.org/W2019665762
https://openalex.org/W2039149810
https://openalex.org/W2409299336
https://openalex.org/W1793040134
https://openalex.org/W2050587330
https://openalex.org/W2082801970
https://openalex.org/W2327906222
https://openalex.org/W1705685847
https://openalex.org/W2052858463
https://openalex.org/W161941855
https://openalex.org/W2060556547
https://openalex.org/W2067824863
https://openalex.org/W2101677642
https://openalex.org/W2409524642
https://openalex.org/W2034938571
https://openalex.org/W2065187020
https://openalex.org/W1543362020
https://openalex.org/W2083929914
https://openalex.org/W2742131462
https://openalex.org/W2900785451
https://openalex.org/W2901211871
https://openalex.org/W2913063266
https://openalex.org/W2957667292
https://openalex.org/W1566749303
https://openalex.org/W1987732987
https://openalex.org/W2144632305
https://openalex.org/W2545221188
https://openalex.org/W3130338821
https://openalex.org/W4242849406
https://openalex.org/W1981806124
https://openalex.org/W2060298784
https://openalex.org/W2071291183
https://openalex.org/W2078963006
https://openalex.org/W1765062375
https://openalex.org/W1645336800
https://openalex.org/W1998608556
https://openalex.org/W2069419713
https://openalex.org/W2404844398
https://openalex.org/W2125441571
https://openalex.org/W2596504579
https://openalex.org/W1972230763
https://openalex.org/W1991710280
https://openalex.org/W2032243280
https://openalex.org/W2042957012
https://openalex.org/W2078674873
https://openalex.org/W2111252115
https://openalex.org/W2130364401
https://openalex.org/W2151490078
https://openalex.org/W2181329119
https://openalex.org/W2736289869
https://openalex.org/W2753562656
https://openalex.org/W2809700799
https://openalex.org/W2890567635
https://openalex.org/W2898605374
https://openalex.org/W2937019926
https://openalex.org/W2970218620
https://openalex.org/W2989828145
https://openalex.org/W3048477336
https://openalex.org/W3087289929
https://openalex.org/W2107539737
https://openalex.org/W2251412739
https://openalex.org/W2336259832
https://openalex.org/W4214571517
https://openalex.org/W4283161196
https://openalex.org/W4283778271
https://openalex.org/W4303946444
https://openalex.org/W4309413234
https://openalex.org/W2032284557
https://openalex.org/W2002001127
https://openalex.org/W2013035634
https://openalex.org/W2414442130
https://openalex.org/W2951772385
https://openalex.org/W176502921
https://openalex.org/W2067258250
https://openalex.org/W2410342810
https://openalex.org/W186092303
https://openalex.org/W2052869514
https://openalex.org/W2127393799
https://openalex.org/W2410934002
https://openalex.org/W2137188487
https://openalex.org/W2618064049
https://openalex.org/W2744009117
https://openalex.org/W1972552472
https://openalex.org/W1975191702
https://openalex.org/W1986625454
https://openalex.org/W1996650006
https://openalex.org/W2042522697
https://openalex.org/W2045655649
https://openalex.org/W2196880727
https://openalex.org/W2200220518
https://openalex.org/W2317900989
https://openalex.org/W2331431145
https://openalex.org/W1229467714
https://openalex.org/W113506008
https://openalex.org/W1580958317
https://openalex.org/W2006090558
https://openalex.org/W4300405413
https://openalex.org/W1494368813
https://openalex.org/W2044781562
https://openalex.org/W2399418477
https://openalex.org/W2411103774
https://openalex.org/W1977952428
https://openalex.org/W2410079887
https://openalex.org/W2076440419
https://openalex.org/W2081811069
https://openalex.org/W2084806247
https://openalex.org/W2952563196
https://openalex.org/W2088585339
https://openalex.org/W2127812114
https://openalex.org/W1976536070
https://openalex.org/W2601056614
https://openalex.org/W2893773356
https://openalex.org/W2904398614
https://openalex.org/W2942614679
https://openalex.org/W2950778410
https://openalex.org/W2972318583
https://openalex.org/W2985955097
https://openalex.org/W3006123775
https://openalex.org/W3007820222
https://openalex.org/W3010622448
https://openalex.org/W3048374556
https://openalex.org/W3048847857
https://openalex.org/W3103189562
https://openalex.org/W3105376732
https://openalex.org/W3118996305
https://openalex.org/W3164352077
https://openalex.org/W3180576620
https://openalex.org/W2218296212
https://openalex.org/W2307696322
https://openalex.org/W2404208440
https://openalex.org/W2549587876
https://openalex.org/W2590333713
https://openalex.org/W1982358552
https://openalex.org/W2004396081
https://openalex.org/W2038326604
https://openalex.org/W2951173174
https://openalex.org/W2054087043
https://openalex.org/W2074127493
https://openalex.org/W2404027575
https://openalex.org/W2992770608
https://openalex.org/W336544887
https://openalex.org/W2164719275
https://openalex.org/W2737371671
https://openalex.org/W1995639051
https://openalex.org/W2099629208
https://openalex.org/W1999046561
https://openalex.org/W2012802364
https://openalex.org/W2083145344
https://openalex.org/W2117381308
https://openalex.org/W2127065094
https://openalex.org/W2145035037
https://openalex.org/W2181963244
https://openalex.org/W2216306374
https://openalex.org/W2330236449
https://openalex.org/W2337207993
https://openalex.org/W2588576435
https://openalex.org/W3007348146
https://openalex.org/W309889503
https://openalex.org/W1965763313
https://openalex.org/W4310797964
https://openalex.org/W4315436247
https://openalex.org/W4362671917
https://openalex.org/W4365601196
https://openalex.org/W4367626602
https://openalex.org/W4376117640
https://openalex.org/W4376650977
https://openalex.org/W4376871732
https://openalex.org/W4376872256
https://openalex.org/W4377089451
https://openalex.org/W4379251690
https://openalex.org/W4380869682
https://openalex.org/W4381251989
https://openalex.org/W4381620993
https://openalex.org/W4382294649
https://openalex.org/W4382318542
https://openalex.org/W4382722280
https://openalex.org/W4384570456
https://openalex.org/W4384695413
https://openalex.org/W4384832131
https://openalex.org/W4385190062
https://openalex.org/W4385222146
https://openalex.org/W4385474322
https://openalex.org/W4385753479
https://openalex.org/W4385783712
https://openalex.org/W4386346377
https://openalex.org/W4386784943
https://openalex.org/W4387146519
https://openalex.org/W4387489714
https://openalex.org/W4387521055
https://openalex.org/W4387808227
https://openalex.org/W4388487198
https://openalex.org/W4388764419
https://openalex.org/W4388947884
https://openalex.org/W4389060002
https://openalex.org/W4389222556
https://openalex.org/W4389956749
https://openalex.org/W4389956771
https://openalex.org/W4390677937
https://openalex.org/W4394261598
https://openalex.org/W4394382643
https://openalex.org/W4394459625
https://openalex.org/W4394542347
https://openalex.org/W1999145781
https://openalex.org/W2003702950
https://openalex.org/W2071595918
https://openalex.org/W2949944385
https://openalex.org/W2163994862
https://openalex.org/W2100899864
https://openalex.org/W2003630631
https://openalex.org/W2013916765
https://openalex.org/W2026707829
https://openalex.org/W2397390908
https://openalex.org/W1995297726
https://openalex.org/W2766811063
https://openalex.org/W2805581058
https://openalex.org/W3001343043
https://openalex.org/W2044660581
https://openalex.org/W2261007722
https://openalex.org/W131040146
https://openalex.org/W2133216239
https://openalex.org/W1993864193
https://openalex.org/W2075332555
https://openalex.org/W2344511403
https://openalex.org/W1997141400
https://openalex.org/W2011274350
https://openalex.org/W2127302799
https://openalex.org/W2309770625
https://openalex.org/W2509629464
https://openalex.org/W2769970043
https://openalex.org/W2891856681
https://openalex.org/W2904317551
https://openalex.org/W2906445478
https://openalex.org/W2941466379
https://openalex.org/W2958087941
https://openalex.org/W2990405203
https://openalex.org/W3015310827
https://openalex.org/W3030254006
https://openalex.org/W3094067106
https://openalex.org/W3133876154
https://openalex.org/W3134753584
https://openalex.org/W3160822796
https://openalex.org/W3163595075
https://openalex.org/W3181268665
https://openalex.org/W3186584970
https://openalex.org/W3202716702
https://openalex.org/W3215974432
https://openalex.org/W1888530694
https://openalex.org/W2291371283
https://openalex.org/W2328056010
https://openalex.org/W2463329166
https://openalex.org/W2463802786
https://openalex.org/W2512410800
https://openalex.org/W2515629981
https://openalex.org/W2572547425
https://openalex.org/W3013566783
https://openalex.org/W3013892009
https://openalex.org/W3174381897
https://openalex.org/W4213082231
https://openalex.org/W4223414259
https://openalex.org/W4224609716
https://openalex.org/W4226194802
https://openalex.org/W4312214229
https://openalex.org/W2029570968
https://openalex.org/W2062088466
https://openalex.org/W2949131829
https://openalex.org/W1866959893
https://openalex.org/W2016542968
https://openalex.org/W2025076814
https://openalex.org/W2035972275
https://openalex.org/W2321276266
https://openalex.org/W2952840064
https://openalex.org/W146634670
https://openalex.org/W2091436311
https://openalex.org/W2095356032
https://openalex.org/W2402041248
https://openalex.org/W2460147711
https://openalex.org/W52498832
https://openalex.org/W2166567181
https://openalex.org/W80554079
https://openalex.org/W1558826737
https://openalex.org/W1619303732
https://openalex.org/W1772387222
https://openalex.org/W1798767182
https://openalex.org/W1800809118
https://openalex.org/W194636151
https://openalex.org/W1965877952
https://openalex.org/W1980344231
https://openalex.org/W2030626932
https://openalex.org/W2050669162
https://openalex.org/W2056444042
https://openalex.org/W2059312171
https://openalex.org/W2089072411
https://openalex.org/W2152967471
https://openalex.org/W2154337144
https://openalex.org/W2155528289
https://openalex.org/W2215566184
https://openalex.org/W2344910775
https://openalex.org/W2472903146
https://openalex.org/W2590466076
https://openalex.org/W2610345690
https://openalex.org/W2900979654
https://openalex.org/W3025662082
https://openalex.org/W3035656903
https://openalex.org/W4214523168
https://openalex.org/W4220836212
https://openalex.org/W4255004183
https://openalex.org/W4281641493
https://openalex.org/W4285398033
https://openalex.org/W4293104287
https://openalex.org/W4307975134
https://openalex.org/W744958007
https://openalex.org/W91648832
https://openalex.org/W1966618135
https://openalex.org/W2008476546
https://openalex.org/W2409820563
https://openalex.org/W30725674
https://openalex.org/W2410522391
https://openalex.org/W1979412166
https://openalex.org/W1983278188
https://openalex.org/W2002720883
https://openalex.org/W1494761626
https://openalex.org/W1986594862
https://openalex.org/W2022330277
https://openalex.org/W2120517269
https://openalex.org/W2175671852
https://openalex.org/W1995343397
https://openalex.org/W2057342107
https://openalex.org/W2112684191
https://openalex.org/W2218573458
https://openalex.org/W2290458438
https://openalex.org/W2607610394
https://openalex.org/W2622012695
https://openalex.org/W2778004954
https://openalex.org/W4251243455
https://openalex.org/W1536975419
https://openalex.org/W1993736604
https://openalex.org/W2003697747
https://openalex.org/W2060824107
https://openalex.org/W2072104780
https://openalex.org/W2316730482
https://openalex.org/W2405414505
https://openalex.org/W379434424
https://openalex.org/W1990933924
https://openalex.org/W2003869380
https://openalex.org/W2035716486
https://openalex.org/W2398290085
https://openalex.org/W2417543174
https://openalex.org/W2072582647
https://openalex.org/W2419500634
https://openalex.org/W1990579876
https://openalex.org/W2025855622
https://openalex.org/W2038796728
https://openalex.org/W2096795182
https://openalex.org/W2789498483
https://openalex.org/W2792961195
https://openalex.org/W3119453099
https://openalex.org/W3199832720
https://openalex.org/W2414551289
https://openalex.org/W2160732170
https://openalex.org/W2161266012
https://openalex.org/W2481215189
https://openalex.org/W2587772829
https://openalex.org/W2955772968
https://openalex.org/W2997604940
https://openalex.org/W2999813763
https://openalex.org/W3007541730
https://openalex.org/W3008993481
https://openalex.org/W3092584217
https://openalex.org/W3111099456
https://openalex.org/W3124262697
https://openalex.org/W3179834159
https://openalex.org/W4245361245
https://openalex.org/W1972221226
https://openalex.org/W2082325362
https://openalex.org/W2097714313
https://openalex.org/W2143826233
https://openalex.org/W2412002282
https://openalex.org/W2470155965
https://openalex.org/W3196968324
https://openalex.org/W4298880034
https://openalex.org/W2091487640
https://openalex.org/W2465296697
https://openalex.org/W113696372
https://openalex.org/W2417934045
https://openalex.org/W2587139600
https://openalex.org/W2729326487
https://openalex.org/W3125259734
https://openalex.org/W3131430801
https://openalex.org/W3149110671
https://openalex.org/W3157992301
https://openalex.org/W3175841525
https://openalex.org/W3195085412
https://openalex.org/W127143349
https://openalex.org/W2031269575
https://openalex.org/W2081974280
https://openalex.org/W4256661077
https://openalex.org/W2418671722
https://openalex.org/W4205116610
https://openalex.org/W1995436926
https://openalex.org/W2031593594
https://openalex.org/W2035559887
https://openalex.org/W2075248780
https://openalex.org/W2112624503
https://openalex.org/W2322583551
https://openalex.org/W2540812147
https://openalex.org/W4300554457
https://openalex.org/W2087498798
https://openalex.org/W2127716660
https://openalex.org/W2397430853
https://openalex.org/W2409475169
https://openalex.org/W2061144738
https://openalex.org/W2412107278
https://openalex.org/W2416312556
https://openalex.org/W2994238610
https://openalex.org/W114969674
https://openalex.org/W1496563149
https://openalex.org/W1525499837
https://openalex.org/W152755518
https://openalex.org/W1550448470
https://openalex.org/W1550840151
https://openalex.org/W1580644739
https://openalex.org/W1841747954
https://openalex.org/W1878025856
https://openalex.org/W1912728932
https://openalex.org/W1966733116
https://openalex.org/W1991745155
https://openalex.org/W2018339861
https://openalex.org/W2037783016
https://openalex.org/W2050540469
https://openalex.org/W2105389230
https://openalex.org/W2125815182
https://openalex.org/W2163863583
https://openalex.org/W2168028182
https://openalex.org/W2198120916
https://openalex.org/W2204039788
https://openalex.org/W2206407588
https://openalex.org/W2229442457
https://openalex.org/W2294993464
https://openalex.org/W2305025077
https://openalex.org/W2314717902
https://openalex.org/W2316862401
https://openalex.org/W2319981147
https://openalex.org/W2332598968
https://openalex.org/W2335009161
https://openalex.org/W2340321543
https://openalex.org/W2340663723
https://openalex.org/W2343951401
https://openalex.org/W2413620031
https://openalex.org/W2431339781
https://openalex.org/W2432658398
https://openalex.org/W2433978252
https://openalex.org/W2435235241
https://openalex.org/W2435282539
https://openalex.org/W2440957752
https://openalex.org/W2441407851
https://openalex.org/W2441690040
https://openalex.org/W2463366748
https://openalex.org/W2473006618
https://openalex.org/W2473043360
https://openalex.org/W2475904524
https://openalex.org/W2492947746
https://openalex.org/W2504113400
https://openalex.org/W2508381589
https://openalex.org/W2509630083
https://openalex.org/W2511065404
https://openalex.org/W2514962008
https://openalex.org/W2517647259
https://openalex.org/W2539892718
https://openalex.org/W2562574273
https://openalex.org/W2565480120
https://openalex.org/W2581920921
https://openalex.org/W2590581009
https://openalex.org/W2599367429
https://openalex.org/W2612078200
https://openalex.org/W2617386701
https://openalex.org/W2620379526
https://openalex.org/W2623429834
https://openalex.org/W2626039509
https://openalex.org/W2738830641
https://openalex.org/W2746607247
https://openalex.org/W2763616566
https://openalex.org/W2787965512
https://openalex.org/W2900314644
https://openalex.org/W2949459717
https://openalex.org/W2949674924
https://openalex.org/W2952104880
https://openalex.org/W2952484184
https://openalex.org/W2978014827
https://openalex.org/W2999709954
https://openalex.org/W3008123580
https://openalex.org/W3013871996
https://openalex.org/W4235363356
https://openalex.org/W4235455344
https://openalex.org/W4236612870
https://openalex.org/W4237935830
https://openalex.org/W4246285428
https://openalex.org/W4250686066
https://openalex.org/W4251757439
https://openalex.org/W4255135856
https://openalex.org/W4300111624
https://openalex.org/W4327534046
https://openalex.org/W4394377399
https://openalex.org/W867477039
https://openalex.org/W1479778286
https://openalex.org/W1590785000
https://openalex.org/W2208192917
https://openalex.org/W2298970292
https://openalex.org/W2327524587
https://openalex.org/W2394638423
https://openalex.org/W2409411025
https://openalex.org/W2469699483
https://openalex.org/W1536816324
https://openalex.org/W1549023418
https://openalex.org/W2103731648
https://openalex.org/W127824663
https://openalex.org/W1572955814
https://openalex.org/W1945144386
https://openalex.org/W1968201950
https://openalex.org/W1973310805
https://openalex.org/W1989550463
https://openalex.org/W1993454107
https://openalex.org/W2005540571
https://openalex.org/W2009954607
https://openalex.org/W2032574891
https://openalex.org/W2032687115
https://openalex.org/W2048271456
https://openalex.org/W2051461419
https://openalex.org/W2057133688
https://openalex.org/W2082506606
https://openalex.org/W2098892548
https://openalex.org/W2182538938
https://openalex.org/W2189368359
https://openalex.org/W2226287822
https://openalex.org/W2252846262
https://openalex.org/W2289394106
https://openalex.org/W2317130003
https://openalex.org/W2322912942
https://openalex.org/W2324031231
https://openalex.org/W2325134881
https://openalex.org/W2330055587
https://openalex.org/W2497740615
https://openalex.org/W2599422015
https://openalex.org/W2613772833
https://openalex.org/W2773671220
https://openalex.org/W2912345196
https://openalex.org/W2949189008
https://openalex.org/W2950659470
https://openalex.org/W2951831940
https://openalex.org/W2952125002
https://openalex.org/W2952647902
https://openalex.org/W2953035335
https://openalex.org/W3033199425
https://openalex.org/W346533801
https://openalex.org/W4207011647
https://openalex.org/W4233785355
https://openalex.org/W4246677810
https://openalex.org/W4247193084
https://openalex.org/W4254967317
https://openalex.org/W4300138742
https://openalex.org/W4301285558
https://openalex.org/W57601949
https://openalex.org/W73583170
https://openalex.org/W828457407
https://openalex.org/W970564333
https://openalex.org/W2402379754
https://openalex.org/W2442015195
https://openalex.org/W1984981999
https://openalex.org/W2029292268
https://openalex.org/W2321854048
https://openalex.org/W2363549531
https://openalex.org/W2408836533
https://openalex.org/W2613234466
https://openalex.org/W293331882
https://openalex.org/W1973073006
https://openalex.org/W1973564403
https://openalex.org/W1993357851
https://openalex.org/W2020655247
https://openalex.org/W2044951903
https://openalex.org/W2055319526
https://openalex.org/W2217923304
https://openalex.org/W2333354276
https://openalex.org/W2519701710
https://openalex.org/W2568751900
https://openalex.org/W2595126715
https://openalex.org/W2620577237
https://openalex.org/W2624846760
https://openalex.org/W2740974015
https://openalex.org/W2740986779
https://openalex.org/W2743578462
https://openalex.org/W2755114920
https://openalex.org/W2756524980
https://openalex.org/W2768327306
https://openalex.org/W2768613017
https://openalex.org/W2770843267
https://openalex.org/W2795490970
https://openalex.org/W27976650
https://openalex.org/W2911256079
https://openalex.org/W2921877786
https://openalex.org/W2922504313
https://openalex.org/W2947491336
https://openalex.org/W2950243628
https://openalex.org/W2950360475
https://openalex.org/W2950414638
https://openalex.org/W2951654141
https://openalex.org/W2952777207
https://openalex.org/W3090587171
https://openalex.org/W4234237990
https://openalex.org/W4235191293
https://openalex.org/W4235514968
https://openalex.org/W4239342665
https://openalex.org/W4244855932
https://openalex.org/W4298010236
https://openalex.org/W4299642111
https://openalex.org/W4394318388
https://openalex.org/W2051941450
https://openalex.org/W2411538467
https://openalex.org/W2413850824
https://openalex.org/W1621666053
https://openalex.org/W1779868113
https://openalex.org/W180937081
https://openalex.org/W1975209904
https://openalex.org/W2002035509
https://openalex.org/W2018550674
https://openalex.org/W2068858800
https://openalex.org/W2074292072
https://openalex.org/W2080508685
https://openalex.org/W2086419153
https://openalex.org/W2351338290
https://openalex.org/W2398053622
https://openalex.org/W2528903409
https://openalex.org/W2535209623
https://openalex.org/W2571061515
https://openalex.org/W2600086639
https://openalex.org/W2949321597
https://openalex.org/W2950126403
https://openalex.org/W2950845484
https://openalex.org/W2952271145
https://openalex.org/W2953098684
https://openalex.org/W2953240790
https://openalex.org/W3216666419
https://openalex.org/W38603551
https://openalex.org/W4200207968
https://openalex.org/W4213344884
https://openalex.org/W4220657525
https://openalex.org/W4220872538
https://openalex.org/W4223551720
https://openalex.org/W4225273009
https://openalex.org/W4225303706
https://openalex.org/W4226073455
https://openalex.org/W4226113282
https://openalex.org/W4281636622
https://openalex.org/W4281636654
https://openalex.org/W4281665199
https://openalex.org/W4281675109
https://openalex.org/W4281689878
https://openalex.org/W4282980152
https://openalex.org/W4283011709
https://openalex.org/W4284990893
https://openalex.org/W4285153236
https://openalex.org/W4285398248
https://openalex.org/W4286312211
https://openalex.org/W4286313246
https://openalex.org/W4286314427
https://openalex.org/W4287832149
https://openalex.org/W4289335613
https://openalex.org/W4291134466
https://openalex.org/W4297890782
https://openalex.org/W4310592967
https://openalex.org/W4310743536
https://openalex.org/W4311791856
https://openalex.org/W4312500202
https://openalex.org/W4312826768
https://openalex.org/W4360986061
https://openalex.org/W4365792811
https://openalex.org/W4393556432
https://openalex.org/W4393621704
https://openalex.org/W4393688086
https://openalex.org/W4393705498
https://openalex.org/W4394053084
https://openalex.org/W4394181837
https://openalex.org/W581206404
https://openalex.org/W2042762018
https://openalex.org/W2116776333
https://openalex.org/W2121197691
https://openalex.org/W2329255980
https://openalex.org/W2421481329
https://openalex.org/W2484465890
https://openalex.org/W2492886936
https://openalex.org/W2607229613
https://openalex.org/W4233297334
https://openalex.org/W4251396455
https://openalex.org/W191143317
https://openalex.org/W1995033755
https://openalex.org/W2022662080
https://openalex.org/W2072345588
https://openalex.org/W2089630680
https://openalex.org/W2138494449
https://openalex.org/W2421100803
https://openalex.org/W2585606644
https://openalex.org/W2607265745
https://openalex.org/W2758333468
https://openalex.org/W2779226496
https://openalex.org/W2789057998
https://openalex.org/W2792393929
https://openalex.org/W2792810899
https://openalex.org/W2805049030
https://openalex.org/W2805997904
https://openalex.org/W2808810188
https://openalex.org/W2809606934
https://openalex.org/W2810839391
https://openalex.org/W2890393373
https://openalex.org/W2898287839
https://openalex.org/W2899265172
https://openalex.org/W2903663868
https://openalex.org/W2904391127
https://openalex.org/W2908604206
https://openalex.org/W2910506526
https://openalex.org/W2916229628
https://openalex.org/W2921826700
https://openalex.org/W2922087915
https://openalex.org/W2939165895
https://openalex.org/W2946007972
https://openalex.org/W2946784582
https://openalex.org/W2947981570
https://openalex.org/W2949309617
https://openalex.org/W2950267185
https://openalex.org/W2977110574
https://openalex.org/W2979221385
https://openalex.org/W2980874269
https://openalex.org/W2991461241
https://openalex.org/W2992583006
https://openalex.org/W2995935344
https://openalex.org/W3001089028
https://openalex.org/W3015376759
https://openalex.org/W3021992088
https://openalex.org/W3027051966
https://openalex.org/W3028646384
https://openalex.org/W3028646437
https://openalex.org/W3028666369
https://openalex.org/W3028683092
https://openalex.org/W3028873314
https://openalex.org/W3028875304
https://openalex.org/W3029035844
https://openalex.org/W3029055515
https://openalex.org/W3029171306
https://openalex.org/W3029221305
https://openalex.org/W3029252312
https://openalex.org/W3029340487
https://openalex.org/W3029378678
https://openalex.org/W3029503624
https://openalex.org/W3029535409
https://openalex.org/W3029538783
https://openalex.org/W3029551814
https://openalex.org/W3029640266
https://openalex.org/W3029818834
https://openalex.org/W3029935233
https://openalex.org/W3030097303
https://openalex.org/W3030283490
https://openalex.org/W3030283982
https://openalex.org/W3030360591
https://openalex.org/W3030453189
https://openalex.org/W3030457913
https://openalex.org/W3030476916
https://openalex.org/W3030525134
https://openalex.org/W3030576449
https://openalex.org/W3030646749
https://openalex.org/W3030671237
https://openalex.org/W3030680889
https://openalex.org/W3030741031
https://openalex.org/W3030852309
https://openalex.org/W3030853162
https://openalex.org/W3030857021
https://openalex.org/W3030871686
https://openalex.org/W3030958525
https://openalex.org/W3031356491
https://openalex.org/W3031414863
https://openalex.org/W3031430157
https://openalex.org/W3031506442
https://openalex.org/W3031545944
https://openalex.org/W3031926318
https://openalex.org/W3031942300
https://openalex.org/W3032109908
https://openalex.org/W3032212694
https://openalex.org/W3032229021
https://openalex.org/W3032279624
https://openalex.org/W3032392343
https://openalex.org/W3032451466
https://openalex.org/W3032452264
https://openalex.org/W3032517397
https://openalex.org/W3032594971
https://openalex.org/W3032756949
https://openalex.org/W3032774635
https://openalex.org/W3032806616
https://openalex.org/W3032807426
https://openalex.org/W3032844793
https://openalex.org/W3037367956
https://openalex.org/W3108271666
https://openalex.org/W3163683058
https://openalex.org/W3163736421
https://openalex.org/W3175239306
https://openalex.org/W3177440469
https://openalex.org/W4232205934
https://openalex.org/W4248478642
https://openalex.org/W4249820774
https://openalex.org/W4255947380
https://openalex.org/W4394076567
https://openalex.org/W4394123849
https://openalex.org/W4394267752
https://openalex.org/W4394290154
https://openalex.org/W4394406857
https://openalex.org/W4394524205
https://openalex.org/W1978888114
https://openalex.org/W1980541382
https://openalex.org/W2057043288
https://openalex.org/W2147474110
https://openalex.org/W2415412578
https://openalex.org/W2416448835
https://openalex.org/W2418145133
https://openalex.org/W4233186988
https://openalex.org/W789227541
https://openalex.org/W1963486191
https://openalex.org/W2005419786
https://openalex.org/W2023848515
https://openalex.org/W2046631040
https://openalex.org/W2063224683
https://openalex.org/W2064748196
https://openalex.org/W2132059760
https://openalex.org/W2174540180
https://openalex.org/W2331219630
https://openalex.org/W2461662331
https://openalex.org/W2504095241
https://openalex.org/W2587709698
https://openalex.org/W2604735754
https://openalex.org/W2622320005
https://openalex.org/W2763166497
https://openalex.org/W2950642262
https://openalex.org/W2950800226
https://openalex.org/W2951563076
https://openalex.org/W2953162850
https://openalex.org/W2997744667
https://openalex.org/W3005176015
https://openalex.org/W3008866094
https://openalex.org/W3015011151
https://openalex.org/W3017028636
https://openalex.org/W3019857774
https://openalex.org/W3022872712
https://openalex.org/W3047514537
https://openalex.org/W3047607793
https://openalex.org/W3081567068
https://openalex.org/W3082318872
https://openalex.org/W3084166013
https://openalex.org/W3097894508
https://openalex.org/W3119198262
https://openalex.org/W3126610354
https://openalex.org/W3143278218
https://openalex.org/W3167437263
https://openalex.org/W3176087894
https://openalex.org/W3179503876
https://openalex.org/W3186558156
https://openalex.org/W3190788061
https://openalex.org/W3193066394
https://openalex.org/W3204439464
https://openalex.org/W4211241034
https://openalex.org/W4231610825
https://openalex.org/W4240839719
https://openalex.org/W4244243264
https://openalex.org/W4253530488
https://openalex.org/W72298456
https://openalex.org/W2109969828
https://openalex.org/W2428244034
https://openalex.org/W2993408576
https://openalex.org/W1582396638
https://openalex.org/W2012218630
https://openalex.org/W2318917695
https://openalex.org/W2323354495
https://openalex.org/W2325539610
https://openalex.org/W2402840083
https://openalex.org/W2404689972
https://openalex.org/W2410527000
https://openalex.org/W2416719485
https://openalex.org/W2419924864
https://openalex.org/W2794764033
https://openalex.org/W2802903546
https://openalex.org/W3142223214
https://openalex.org/W628218779
https://openalex.org/W656827660
https://openalex.org/W1532582704
https://openalex.org/W2054468198
https://openalex.org/W2259309567
https://openalex.org/W2300931496
https://openalex.org/W2414944814
https://openalex.org/W3119114530
https://openalex.org/W3128904138
https://openalex.org/W3136685745
https://openalex.org/W3137276204
https://openalex.org/W3151563545
https://openalex.org/W3165386238
https://openalex.org/W3176563001
https://openalex.org/W3180239998
https://openalex.org/W3183260958
https://openalex.org/W3193404417
https://openalex.org/W3210415154
https://openalex.org/W4206993832
https://openalex.org/W4210544993
https://openalex.org/W4212975844
https://openalex.org/W4225637647
https://openalex.org/W4230285783
https://openalex.org/W4237380977
https://openalex.org/W4244096430
https://openalex.org/W4249535354
https://openalex.org/W4285528201
https://openalex.org/W4287117011
https://openalex.org/W4291233641
https://openalex.org/W4394447097
https://openalex.org/W4394543539
https://openalex.org/W126121301
https://openalex.org/W2029699074
https://openalex.org/W2288349492
https://openalex.org/W2394564472
https://openalex.org/W2402215131
https://openalex.org/W2416696503
https://openalex.org/W2510086045
https://openalex.org/W2515888501
https://openalex.org/W2520349987
https://openalex.org/W2528994380
https://openalex.org/W25623392
https://openalex.org/W2567666965
https://openalex.org/W2950004619
https://openalex.org/W2950890572
https://openalex.org/W2950955320
https://openalex.org/W3041487318
https://openalex.org/W3126121052
https://openalex.org/W1978149264
https://openalex.org/W2409963523
https://openalex.org/W2429867321
https://openalex.org/W2777950331
https://openalex.org/W1588343381
https://openalex.org/W1972237254
https://openalex.org/W2000927684
https://openalex.org/W2088557565
https://openalex.org/W2091238505
https://openalex.org/W2249398891
https://openalex.org/W2280628966
https://openalex.org/W2298008086
https://openalex.org/W2328224008
https://openalex.org/W2398482627
https://openalex.org/W2412685595
https://openalex.org/W2419056790
https://openalex.org/W2424489217
https://openalex.org/W2425255795
https://openalex.org/W2461832192
https://openalex.org/W2508375599
https://openalex.org/W2523277489
https://openalex.org/W272400204
https://openalex.org/W2951689128
https://openalex.org/W3017231622
https://openalex.org/W4241071331
https://openalex.org/W4241927588
https://openalex.org/W1987970976
https://openalex.org/W1990237190
https://openalex.org/W1993388031
https://openalex.org/W2002385097
https://openalex.org/W2019654802
https://openalex.org/W2024913315
https://openalex.org/W2027310134
https://openalex.org/W2032911862
https://openalex.org/W2036699537
https://openalex.org/W2039058151
https://openalex.org/W2044643525
https://openalex.org/W2048443502
https://openalex.org/W2067599190
https://openalex.org/W2087203670
https://openalex.org/W2091719397
https://openalex.org/W2161941669
https://openalex.org/W226730779
https://openalex.org/W2284394009
https://openalex.org/W2402280008
https://openalex.org/W2405451214
https://openalex.org/W2412210025
https://openalex.org/W2412354345
https://openalex.org/W2412724356
https://openalex.org/W2416596250
https://openalex.org/W2418422014
https://openalex.org/W2418775982
https://openalex.org/W2461990141
https://openalex.org/W2463851536
https://openalex.org/W2475735781
https://openalex.org/W2479479612
https://openalex.org/W2481454420
https://openalex.org/W2485404430
https://openalex.org/W2485405942
https://openalex.org/W2489097752
https://openalex.org/W2496153631
https://openalex.org/W2506369930
https://openalex.org/W2509766599
https://openalex.org/W2511394526
https://openalex.org/W2949775180
https://openalex.org/W2950093318
https://openalex.org/W2952204671
https://openalex.org/W2987897526
https://openalex.org/W3005255024
https://openalex.org/W3006309910
https://openalex.org/W304253406
https://openalex.org/W3184420782
https://openalex.org/W3192949527
https://openalex.org/W4234023719
https://openalex.org/W4238578528
https://openalex.org/W4241811804
https://openalex.org/W4248809576
https://openalex.org/W2132477966
https://openalex.org/W2212924625
https://openalex.org/W2396312327
https://openalex.org/W2413638357
https://openalex.org/W2414271278
https://openalex.org/W2417017660
https://openalex.org/W2419581569
https://openalex.org/W2469777490
https://openalex.org/W2508034899
https://openalex.org/W2568889523
https://openalex.org/W2610152801
https://openalex.org/W2762440931
https://openalex.org/W2902516150
https://openalex.org/W2914497767
https://openalex.org/W2936504513
https://openalex.org/W2938091633
https://openalex.org/W312066750
https://openalex.org/W3165318016
https://openalex.org/W3165603773
https://openalex.org/W3185956624
https://openalex.org/W4205778350
https://openalex.org/W4238052951
https://openalex.org/W4255225562
https://openalex.org/W151710911
https://openalex.org/W1965558297
https://openalex.org/W1969448132
https://openalex.org/W1976202467
https://openalex.org/W2035155195
https://openalex.org/W2057905657
https://openalex.org/W2058885624
https://openalex.org/W2064551976
https://openalex.org/W2117882968
https://openalex.org/W2125433892
https://openalex.org/W2182756037
https://openalex.org/W2320642134
https://openalex.org/W2322354848
https://openalex.org/W2401453345
https://openalex.org/W2404895820
https://openalex.org/W2413959047
https://openalex.org/W2415463150
https://openalex.org/W2416883581
https://openalex.org/W2417037844
https://openalex.org/W2417341921
https://openalex.org/W2418873520
https://openalex.org/W2437828696
https://openalex.org/W2461637863
https://openalex.org/W2463513006
https://openalex.org/W2473205650
https://openalex.org/W2474972420
https://openalex.org/W2518971797
https://openalex.org/W2521553032
https://openalex.org/W2531649849
https://openalex.org/W3004495471
https://openalex.org/W3026823737
https://openalex.org/W3145453154
https://openalex.org/W3161159832
https://openalex.org/W3174454021
https://openalex.org/W340629713
https://openalex.org/W400903321
https://openalex.org/W4240347270
https://openalex.org/W4241318514
https://openalex.org/W4247064325
https://openalex.org/W4290664884
https://openalex.org/W4377374613
https://openalex.org/W602042084
https://openalex.org/W87960243
https://openalex.org/W2066800448
https://openalex.org/W2111466276
https://openalex.org/W2004119413
https://openalex.org/W2026635928
https://openalex.org/W2006569015
https://openalex.org/W2126704964
https://openalex.org/W1512927496
https://openalex.org/W2745692607
https://openalex.org/W2026646521
https://openalex.org/W2018071147
https://openalex.org/W1971033359
https://openalex.org/W1969810569
https://openalex.org/W2496229579
https://openalex.org/W2862742070
https://openalex.org/W2064046464
https://openalex.org/W3042989521
https://openalex.org/W2487329590
https://openalex.org/W2212588799
https://openalex.org/W2068091349
https://openalex.org/W3099070704
https://openalex.org/W4251017414
https://openalex.org/W2034101077
https://openalex.org/W2800253352
https://openalex.org/W2775209166
https://openalex.org/W2020564195
https://openalex.org/W2553449527
https://openalex.org/W2946137280
https://openalex.org/W2000469497
https://openalex.org/W2202865321
https://openalex.org/W2970423612
https://openalex.org/W2324712250
https://openalex.org/W3155964117
https://openalex.org/W4226170144
https://openalex.org/W4386021905
https://openalex.org/W4318670724
https://openalex.org/W3164953876
https://openalex.org/W3063149423
https://openalex.org/W2998247564
https://openalex.org/W2008489203
https://openalex.org/W633910387
https://openalex.org/W2036638493
https://openalex.org/W2037861516
https://openalex.org/W2039644283
https://openalex.org/W1985370140
https://openalex.org/W2027165520
https://openalex.org/W1700409575
https://openalex.org/W1980280519
https://openalex.org/W1974791474
https://openalex.org/W2005889749
https://openalex.org/W1866587882
https://openalex.org/W1749136643
https://openalex.org/W2102713923
https://openalex.org/W1977580109
https://openalex.org/W2085422820
https://openalex.org/W2066552890
https://openalex.org/W1982759704
https://openalex.org/W2049040350
https://openalex.org/W2168500439
https://openalex.org/W2349287071
https://openalex.org/W2114930004
https://openalex.org/W2049449351
https://openalex.org/W2569220955
https://openalex.org/W1979821536
https://openalex.org/W2087674046
https://openalex.org/W2070839549
https://openalex.org/W2168888447
https://openalex.org/W652837009
https://openalex.org/W2474697091
https://openalex.org/W1985039790
https://openalex.org/W2946248791
https://openalex.org/W2943150747
https://openalex.org/W2795197952
https://openalex.org/W2161172528
https://openalex.org/W2748285143
https://openalex.org/W2480597918
https://openalex.org/W2979328224
https://openalex.org/W2776061193
https://openalex.org/W2966593132
https://openalex.org/W3040924555
https://openalex.org/W2256410766
https://openalex.org/W2566208085
https://openalex.org/W3100599519
https://openalex.org/W2226122803
https://openalex.org/W2909223067
https://openalex.org/W2982853101
https://openalex.org/W2605955773
https://openalex.org/W2947060322
https://openalex.org/W2955269384
https://openalex.org/W3003797627
https://openalex.org/W2968139630
https://openalex.org/W3138488905
https://openalex.org/W3042014810
https://openalex.org/W3098455941
https://openalex.org/W2793449289
https://openalex.org/W3128968925
https://openalex.org/W3108262350
https://openalex.org/W3134463296
https://openalex.org/W3212616106
https://openalex.org/W4284714151
https://openalex.org/W4286486942
https://openalex.org/W4206731237
https://openalex.org/W4382919498
https://openalex.org/W4318027231
https://openalex.org/W4311863294
https://openalex.org/W4316927994
https://openalex.org/W4317609015
https://openalex.org/W2037192388
https://openalex.org/W2007463735
https://openalex.org/W1982345914
https://openalex.org/W1973528305
https://openalex.org/W2114717945
https://openalex.org/W2143822361
https://openalex.org/W2145882151
https://openalex.org/W2150052261
https://openalex.org/W2037678183
https://openalex.org/W4250980088
https://openalex.org/W21868381
https://openalex.org/W2021916023
https://openalex.org/W2006909437
https://openalex.org/W2136399386
https://openalex.org/W2076910970
https://openalex.org/W1983565569
https://openalex.org/W1999596518
https://openalex.org/W2118168427
https://openalex.org/W1966357480
https://openalex.org/W2109118799
https://openalex.org/W1963567657
https://openalex.org/W2087096642
https://openalex.org/W2416896559
https://openalex.org/W2012882202
https://openalex.org/W2038876765
https://openalex.org/W2082057601
https://openalex.org/W2068875701
https://openalex.org/W1984744849
https://openalex.org/W2022510872
https://openalex.org/W2082143278
https://openalex.org/W2135856930
https://openalex.org/W1516897247
https://openalex.org/W2076736818
https://openalex.org/W2093929484
https://openalex.org/W2155805357
https://openalex.org/W2030685718
https://openalex.org/W2037004712
https://openalex.org/W2044908745
https://openalex.org/W2462473772
https://openalex.org/W2898154893
https://openalex.org/W2316977373
https://openalex.org/W2771919857
https://openalex.org/W1597886318
https://openalex.org/W2886805909
https://openalex.org/W2587368138
https://openalex.org/W2798040055
https://openalex.org/W2897498265
https://openalex.org/W2736337986
https://openalex.org/W2773908252
https://openalex.org/W2905160435
https://openalex.org/W2974000087
https://openalex.org/W2921951804
https://openalex.org/W571499041
https://openalex.org/W2018972315
https://openalex.org/W2013832351
https://openalex.org/W2177293095
https://openalex.org/W2343576828
https://openalex.org/W2766710074
https://openalex.org/W2995306801
https://openalex.org/W2587256151
https://openalex.org/W2801070601
https://openalex.org/W2944431295
https://openalex.org/W3005241669
https://openalex.org/W2916240837
https://openalex.org/W2913613997
https://openalex.org/W2982286144
https://openalex.org/W3005273089
https://openalex.org/W3108120617
https://openalex.org/W2996112597
https://openalex.org/W3034031476
https://openalex.org/W3010204604
https://openalex.org/W3195958764
https://openalex.org/W3037153044
https://openalex.org/W3158865467
https://openalex.org/W2971441574
https://openalex.org/W3165224300
https://openalex.org/W3120532272
https://openalex.org/W3135330784
https://openalex.org/W3184547159
https://openalex.org/W3193587655
https://openalex.org/W3200516169
https://openalex.org/W3127855885
https://openalex.org/W4211007577
https://openalex.org/W4200009637
https://openalex.org/W4283017125
https://openalex.org/W4283160468
https://openalex.org/W4226438837
https://openalex.org/W4313200292
https://openalex.org/W4313825792
https://openalex.org/W4364374702
https://openalex.org/W4310818403
https://openalex.org/W4366776708
https://openalex.org/W4389513717
https://openalex.org/W4390171886
https://openalex.org/W4390671098
https://openalex.org/W4391543441
https://openalex.org/W4391899067
https://openalex.org/W4392466789
https://openalex.org/W4230205158
https://openalex.org/W2005815463
https://openalex.org/W2024537875
https://openalex.org/W1981453050
https://openalex.org/W2046397974
https://openalex.org/W2019006678
https://openalex.org/W1662167897
https://openalex.org/W2060144973
https://openalex.org/W1978040921
https://openalex.org/W1998422735
https://openalex.org/W2072497008
https://openalex.org/W2207780173
https://openalex.org/W1993672704
https://openalex.org/W2060062205
https://openalex.org/W2142931707
https://openalex.org/W2008415057
https://openalex.org/W2070321646
https://openalex.org/W1996321482
https://openalex.org/W2058231030
https://openalex.org/W1985957918
https://openalex.org/W2086572464
https://openalex.org/W2073767069
https://openalex.org/W1982309485
https://openalex.org/W2056814521
https://openalex.org/W1984886867
https://openalex.org/W2149206704
https://openalex.org/W2050324123
https://openalex.org/W2078843849
https://openalex.org/W2029491958
https://openalex.org/W1666093095
https://openalex.org/W2516358828
https://openalex.org/W2605263327
https://openalex.org/W2625915921
https://openalex.org/W2058106763
https://openalex.org/W2606648280
https://openalex.org/W2810724223
https://openalex.org/W2004932936
https://openalex.org/W2339657537
https://openalex.org/W2595051624
https://openalex.org/W2080688621
https://openalex.org/W2261461739
https://openalex.org/W2585509352
https://openalex.org/W2546844615
https://openalex.org/W2587605688
https://openalex.org/W2770019460
https://openalex.org/W2890386003
https://openalex.org/W2800550866
https://openalex.org/W2903461873
https://openalex.org/W2996902095
https://openalex.org/W2899505897
https://openalex.org/W3024877170
https://openalex.org/W3100478489
https://openalex.org/W2921827279
https://openalex.org/W3001001971
https://openalex.org/W3048793519
https://openalex.org/W2808476692
https://openalex.org/W3008803569
https://openalex.org/W3032384973
https://openalex.org/W3106729860
https://openalex.org/W2476706987
https://openalex.org/W2793626472
https://openalex.org/W3022144901
https://openalex.org/W3030630874
https://openalex.org/W3087628997
https://openalex.org/W3156914346
https://openalex.org/W3172390983
https://openalex.org/W3174631117
https://openalex.org/W2929304285
https://openalex.org/W3119973393
https://openalex.org/W3157482990
https://openalex.org/W4210417541
https://openalex.org/W4286645020
https://openalex.org/W4210421004
https://openalex.org/W4220862803
https://openalex.org/W4309492238
https://openalex.org/W4214943322
https://openalex.org/W4313480489
https://openalex.org/W4320496326
https://openalex.org/W4362637474
https://openalex.org/W4372295163
https://openalex.org/W4384484727
https://openalex.org/W3019828530
https://openalex.org/W2085335702
https://openalex.org/W2134968854
https://openalex.org/W2089603209
https://openalex.org/W1986532632
https://openalex.org/W2042642198
https://openalex.org/W2076813104
https://openalex.org/W2002189595
https://openalex.org/W1975205251
https://openalex.org/W2061411892
https://openalex.org/W345677638
https://openalex.org/W2021829606
https://openalex.org/W2139913874
https://openalex.org/W2064642458
https://openalex.org/W2110422372
https://openalex.org/W2088486481
https://openalex.org/W2158594953
https://openalex.org/W1974281577
https://openalex.org/W2093340422
https://openalex.org/W2094657806
https://openalex.org/W2028189293
https://openalex.org/W2047950364
https://openalex.org/W2076332260
https://openalex.org/W1975964517
https://openalex.org/W2063192700
https://openalex.org/W1556820416
https://openalex.org/W2060316766
https://openalex.org/W2107228157
https://openalex.org/W2133285534
https://openalex.org/W1969911426
https://openalex.org/W2122502699
https://openalex.org/W2142757721
https://openalex.org/W1522746369
https://openalex.org/W4256643404
https://openalex.org/W2059223573
https://openalex.org/W2089792267
https://openalex.org/W2066268056
https://openalex.org/W2165942677
https://openalex.org/W2336030085
https://openalex.org/W2045462796
https://openalex.org/W2198939776
https://openalex.org/W2562609061
https://openalex.org/W2593825971
https://openalex.org/W2792180217
https://openalex.org/W2515800904
https://openalex.org/W2949012927
https://openalex.org/W2768729693
https://openalex.org/W2806379931
https://openalex.org/W2914962791
https://openalex.org/W2968184509
https://openalex.org/W2946388834
https://openalex.org/W2966033470
https://openalex.org/W3025094242
https://openalex.org/W3033606909
https://openalex.org/W3048504500
https://openalex.org/W3110970407
https://openalex.org/W3031129122
https://openalex.org/W3043746511
https://openalex.org/W3093843633
https://openalex.org/W3158439101
https://openalex.org/W3162465861
https://openalex.org/W3164711645
https://openalex.org/W3152589926
https://openalex.org/W4293724416
https://openalex.org/W4213326789
https://openalex.org/W4206931751
https://openalex.org/W4224311716
https://openalex.org/W4312126290
https://openalex.org/W4366997764
https://openalex.org/W4378373945
https://openalex.org/W4385981452
https://openalex.org/W2075605030
https://openalex.org/W2002098193
https://openalex.org/W2107894232
https://openalex.org/W1942317848
https://openalex.org/W2043680298
https://openalex.org/W2028739272
https://openalex.org/W2112929717
https://openalex.org/W2022811221
https://openalex.org/W1987863991
https://openalex.org/W2037950252
https://openalex.org/W2039019573
https://openalex.org/W2064847873
https://openalex.org/W2079173495
https://openalex.org/W2085894361
https://openalex.org/W2015631306
https://openalex.org/W1832852533
https://openalex.org/W1570759458
https://openalex.org/W2037059240
https://openalex.org/W2000768952
https://openalex.org/W2060419571
https://openalex.org/W2078934315
https://openalex.org/W1606755714
https://openalex.org/W2114527746
https://openalex.org/W2031308468
https://openalex.org/W2067893046
https://openalex.org/W2081649827
https://openalex.org/W2101431448
https://openalex.org/W2059810653
https://openalex.org/W2138093199
https://openalex.org/W1987675995
https://openalex.org/W2071302139
https://openalex.org/W1968404718
https://openalex.org/W2158599615
https://openalex.org/W1985042068
https://openalex.org/W2131331082
https://openalex.org/W2145456323
https://openalex.org/W1491954213
https://openalex.org/W2018881065
https://openalex.org/W2168923946
https://openalex.org/W1845026526
https://openalex.org/W2177037579
https://openalex.org/W2048746028
https://openalex.org/W2125275975
https://openalex.org/W2522233132
https://openalex.org/W2063383265
https://openalex.org/W2524513499
https://openalex.org/W2604285050
https://openalex.org/W2608941540
https://openalex.org/W2885430734
https://openalex.org/W2462585027
https://openalex.org/W2610055642
https://openalex.org/W2610786526
https://openalex.org/W2733684981
https://openalex.org/W2764231661
https://openalex.org/W2778454648
https://openalex.org/W2896905842
https://openalex.org/W2285568030
https://openalex.org/W2763672155
https://openalex.org/W2811394164
https://openalex.org/W2884229177
https://openalex.org/W2894270570
https://openalex.org/W2918912443
https://openalex.org/W2950827045
https://openalex.org/W2976265937
https://openalex.org/W2992531067
https://openalex.org/W2996243437
https://openalex.org/W3007164471
https://openalex.org/W3024276108
https://openalex.org/W3086700890
https://openalex.org/W2943630075
https://openalex.org/W3010003726
https://openalex.org/W3094405091
https://openalex.org/W3042550134
https://openalex.org/W3043776862
https://openalex.org/W3095451646
https://openalex.org/W3130137940
https://openalex.org/W3157260652
https://openalex.org/W3114654648
https://openalex.org/W3136377147
https://openalex.org/W3152611117
https://openalex.org/W3209583049
https://openalex.org/W4297994782
https://openalex.org/W4353032801
https://openalex.org/W2048267618
https://openalex.org/W1989477986
https://openalex.org/W2094652671
https://openalex.org/W2035262613
https://openalex.org/W2271615776
https://openalex.org/W1968285537
https://openalex.org/W2015070220
https://openalex.org/W263925136
https://openalex.org/W2417423475
https://openalex.org/W2045912268
https://openalex.org/W1991011186
https://openalex.org/W2084381371
https://openalex.org/W655801115
https://openalex.org/W1970809277
https://openalex.org/W2130758437
https://openalex.org/W1985531330
https://openalex.org/W2107691897
https://openalex.org/W2031232765
https://openalex.org/W2046426162
https://openalex.org/W2133762740
https://openalex.org/W1970160834
https://openalex.org/W2039039714
https://openalex.org/W2032048738
https://openalex.org/W2052406376
https://openalex.org/W1971664451
https://openalex.org/W2116382545
https://openalex.org/W2073773769
https://openalex.org/W2142321902
https://openalex.org/W2045784623
https://openalex.org/W2157638733
https://openalex.org/W1981666689
https://openalex.org/W1551534581
https://openalex.org/W1911841257
https://openalex.org/W1505052107
https://openalex.org/W2282597098
https://openalex.org/W2595117495
https://openalex.org/W2620387472
https://openalex.org/W2889320125
https://openalex.org/W2559170817
https://openalex.org/W2762180796
https://openalex.org/W2229260455
https://openalex.org/W2273988729
https://openalex.org/W2419489920
https://openalex.org/W2602927517
https://openalex.org/W2774653976
https://openalex.org/W2912104056
https://openalex.org/W2983054224
https://openalex.org/W2990456966
https://openalex.org/W2911492841
https://openalex.org/W3045957832
https://openalex.org/W3092883215
https://openalex.org/W2944949015
https://openalex.org/W2982394128
https://openalex.org/W3009286721
https://openalex.org/W3023821277
https://openalex.org/W3031603234
https://openalex.org/W3112542410
https://openalex.org/W3203471205
https://openalex.org/W3042602894
https://openalex.org/W3088079880
https://openalex.org/W3119698814
https://openalex.org/W4200331927
https://openalex.org/W4214532627
https://openalex.org/W4295242129
https://openalex.org/W4283071841
https://openalex.org/W4285731574
https://openalex.org/W4312140393
https://openalex.org/W4205985340
https://openalex.org/W4316805789
https://openalex.org/W4318775793
https://openalex.org/W4362482803
https://openalex.org/W4366598240
https://openalex.org/W4375862959
https://openalex.org/W4388630207
https://openalex.org/W2033045019
https://openalex.org/W2068648928
https://openalex.org/W2020479762
https://openalex.org/W2071033172
https://openalex.org/W1964666356
https://openalex.org/W1971107219
https://openalex.org/W2416204702
https://openalex.org/W1979560138
https://openalex.org/W2063724868
https://openalex.org/W1926556922
https://openalex.org/W2059247685
https://openalex.org/W2090776829
https://openalex.org/W2153436884
https://openalex.org/W1522592640
https://openalex.org/W1899390263
https://openalex.org/W1644846887
https://openalex.org/W2133941649
https://openalex.org/W2236912031
https://openalex.org/W1967832946
https://openalex.org/W1861506356
https://openalex.org/W2051107379
https://openalex.org/W2131380949
https://openalex.org/W1989065947
https://openalex.org/W1989101661
https://openalex.org/W1971719229
https://openalex.org/W2021009177
https://openalex.org/W2127348778
https://openalex.org/W1552306448
https://openalex.org/W2026313918
https://openalex.org/W2046844998
https://openalex.org/W2053652798
https://openalex.org/W2067458983
https://openalex.org/W2134831981
https://openalex.org/W2033708049
https://openalex.org/W2099958213
https://openalex.org/W2143513172
https://openalex.org/W2162148525
https://openalex.org/W2333453909
https://openalex.org/W2597375797
https://openalex.org/W2410545399
https://openalex.org/W2602593553
https://openalex.org/W2239241593
https://openalex.org/W2322397579
https://openalex.org/W2527503922
https://openalex.org/W2739881045
https://openalex.org/W2811496989
https://openalex.org/W2899628474
https://openalex.org/W2288097087
https://openalex.org/W2511339198
https://openalex.org/W2521455750
https://openalex.org/W2805687449
https://openalex.org/W2918465307
https://openalex.org/W2996637908
https://openalex.org/W3085366709
https://openalex.org/W2090721038
https://openalex.org/W2904575170
https://openalex.org/W2982462899
https://openalex.org/W2991622394
https://openalex.org/W3009401807
https://openalex.org/W3031358132
https://openalex.org/W3042992354
https://openalex.org/W2980841952
https://openalex.org/W3009792887
https://openalex.org/W3029190978
https://openalex.org/W3048621522
https://openalex.org/W2982376680
https://openalex.org/W3012586036
https://openalex.org/W3021564612
https://openalex.org/W3093670099
https://openalex.org/W3118371636
https://openalex.org/W3137456839
https://openalex.org/W3179413222
https://openalex.org/W3209753416
https://openalex.org/W3094880210
https://openalex.org/W3174719872
https://openalex.org/W3202737901
https://openalex.org/W3207531657
https://openalex.org/W4205292165
https://openalex.org/W4210512820
https://openalex.org/W4213342046
https://openalex.org/W4214835721
https://openalex.org/W4283021049
https://openalex.org/W4384944735
https://openalex.org/W4388406220
https://openalex.org/W4388979185
https://openalex.org/W4389503633
https://openalex.org/W4390448480
https://openalex.org/W4390618720
https://openalex.org/W4390911836
https://openalex.org/W4390955837
https://openalex.org/W4390968951
https://openalex.org/W4391246913
https://openalex.org/W4391281153
https://openalex.org/W4391430274
https://openalex.org/W4391471327
https://openalex.org/W4391504323
https://openalex.org/W4391575191
https://openalex.org/W4391605867
https://openalex.org/W4391716657
https://openalex.org/W4391749442
https://openalex.org/W4391786390
https://openalex.org/W4391926956
https://openalex.org/W4392130390
https://openalex.org/W4392202739
https://openalex.org/W4392296235
https://openalex.org/W4392467985
https://openalex.org/W4392509650
https://openalex.org/W4392703710
https://openalex.org/W4392714275
https://openalex.org/W4392785664
https://openalex.org/W4392970091
https://openalex.org/W4392984131
https://openalex.org/W4393039741
https://openalex.org/W4393227942
https://openalex.org/W4393318697
https://openalex.org/W4394611064
https://openalex.org/W4394623045
https://openalex.org/W4394719641
https://openalex.org/W4394742699
https://openalex.org/W4394758467
https://openalex.org/W4394954618
https://openalex.org/W4395466837
https://openalex.org/W4395957046
https://openalex.org/W4396212885
https://openalex.org/W4396224078
https://openalex.org/W4396560562
https://openalex.org/W284962553
https://openalex.org/W1985184266
https://openalex.org/W2083991765
https://openalex.org/W2090469116
https://openalex.org/W2108893670
https://openalex.org/W2150640376
https://openalex.org/W47620694
https://openalex.org/W1583121859
https://openalex.org/W2010197985
https://openalex.org/W2143279312
https://openalex.org/W2090081512
https://openalex.org/W1876761025
https://openalex.org/W2034371634
https://openalex.org/W2125116956
https://openalex.org/W2110088230
https://openalex.org/W2022365205
https://openalex.org/W2007790551
https://openalex.org/W2032613568
https://openalex.org/W2053911682
https://openalex.org/W1969621591
https://openalex.org/W2052761326
https://openalex.org/W2071073637
https://openalex.org/W2144144683
https://openalex.org/W181888959
https://openalex.org/W2053853443
https://openalex.org/W2091022821
https://openalex.org/W2013391610
https://openalex.org/W2029963129
https://openalex.org/W2149271795
https://openalex.org/W2040773565
https://openalex.org/W2041327837
https://openalex.org/W2109966818
https://openalex.org/W1991029393
https://openalex.org/W2010841546
https://openalex.org/W2034780675
https://openalex.org/W2078776914
https://openalex.org/W2033710774
https://openalex.org/W2051569578
https://openalex.org/W1964234189
https://openalex.org/W2049925660
https://openalex.org/W2156525446
https://openalex.org/W2585724598
https://openalex.org/W2006899747
https://openalex.org/W2019148154
https://openalex.org/W2043320072
https://openalex.org/W2089169209
https://openalex.org/W2588831012
https://openalex.org/W2604951400
https://openalex.org/W2758236225
https://openalex.org/W2767198158
https://openalex.org/W2900757128
https://openalex.org/W2983756707
https://openalex.org/W1659031623
https://openalex.org/W2322101669
https://openalex.org/W2515566487
https://openalex.org/W2607145792
https://openalex.org/W2807279788
https://openalex.org/W2965228163
https://openalex.org/W2509099004
https://openalex.org/W2542596532
https://openalex.org/W2804044241
https://openalex.org/W2904632745
https://openalex.org/W2990822934
https://openalex.org/W2891347592
https://openalex.org/W2905054568
https://openalex.org/W2907875147
https://openalex.org/W2907895877
https://openalex.org/W2909081459
https://openalex.org/W2912616546
https://openalex.org/W2983455382
https://openalex.org/W2993255638
https://openalex.org/W2963616753
https://openalex.org/W2974826503
https://openalex.org/W3000479202
https://openalex.org/W3002668384
https://openalex.org/W3118518479
https://openalex.org/W3120574894
https://openalex.org/W3130918374
https://openalex.org/W3136666543
https://openalex.org/W3203920464
https://openalex.org/W2065816717
https://openalex.org/W3004627340
https://openalex.org/W4319964288
https://openalex.org/W4321997071
https://openalex.org/W4367297264
https://openalex.org/W4378190422
https://openalex.org/W4380871005
https://openalex.org/W4382632634
https://openalex.org/W4382929710
https://openalex.org/W4385382665
https://openalex.org/W4385410307
https://openalex.org/W4386780224
https://openalex.org/W4388184238
https://openalex.org/W4388366280
https://openalex.org/W2094839887
https://openalex.org/W2142902482
https://openalex.org/W2116020592
https://openalex.org/W2080663433
https://openalex.org/W2516173147
https://openalex.org/W2058253593
https://openalex.org/W1529984049
https://openalex.org/W1756160119
https://openalex.org/W1971197972
https://openalex.org/W1978695639
https://openalex.org/W1987310277
https://openalex.org/W2043280443
https://openalex.org/W2093919704
https://openalex.org/W2523671860
https://openalex.org/W1992403528
https://openalex.org/W2064810298
https://openalex.org/W2093849801
https://openalex.org/W1898882187
https://openalex.org/W1749959138
https://openalex.org/W1991735350
https://openalex.org/W2003579933
https://openalex.org/W2049292874
https://openalex.org/W2279666983
https://openalex.org/W2067638892
https://openalex.org/W1768524221
https://openalex.org/W2039809615
https://openalex.org/W2048061024
https://openalex.org/W2073371309
https://openalex.org/W2091771774
https://openalex.org/W2109831301
https://openalex.org/W2071348044
https://openalex.org/W2078756752
https://openalex.org/W2080510176
https://openalex.org/W2124852430
https://openalex.org/W2768057249
https://openalex.org/W1976941583
https://openalex.org/W2059605393
https://openalex.org/W2508398868
https://openalex.org/W2735367755
https://openalex.org/W2771422739
https://openalex.org/W2805466009
https://openalex.org/W2888046080
https://openalex.org/W2894791933
https://openalex.org/W2344411828
https://openalex.org/W2468790965
https://openalex.org/W2562788847
https://openalex.org/W2907982356
https://openalex.org/W2936972376
https://openalex.org/W3014176098
https://openalex.org/W3022882676
https://openalex.org/W3023252907
https://openalex.org/W3027309346
https://openalex.org/W3080562590
https://openalex.org/W3087753821
https://openalex.org/W3115261752
https://openalex.org/W3145627887
https://openalex.org/W3179404149
https://openalex.org/W3203571891
https://openalex.org/W3136437821
https://openalex.org/W4207054566
https://openalex.org/W4224300452
https://openalex.org/W4226040109
https://openalex.org/W4280569212
https://openalex.org/W4281867480
https://openalex.org/W4283221285
https://openalex.org/W4283326281
https://openalex.org/W4294132544
https://openalex.org/W4294991020
https://openalex.org/W4311793115
https://openalex.org/W1964790075
https://openalex.org/W2027704979
https://openalex.org/W2092911662
https://openalex.org/W2027736109
https://openalex.org/W2163019253
https://openalex.org/W2949880932
https://openalex.org/W2059119111
https://openalex.org/W1543816980
https://openalex.org/W2079347245
https://openalex.org/W2145514545
https://openalex.org/W2942498213
https://openalex.org/W1991108933
https://openalex.org/W2106684149
https://openalex.org/W1989628801
https://openalex.org/W2049478903
https://openalex.org/W118615521
https://openalex.org/W1965405189
https://openalex.org/W2043700536
https://openalex.org/W247674492
https://openalex.org/W1947636523
https://openalex.org/W2055582141
https://openalex.org/W1995287027
https://openalex.org/W2020151974
https://openalex.org/W2152964694
https://openalex.org/W2167051104
https://openalex.org/W182627661
https://openalex.org/W1971558533
https://openalex.org/W1998643751
https://openalex.org/W2002781333
https://openalex.org/W2020203447
https://openalex.org/W2023520235
https://openalex.org/W2053681991
https://openalex.org/W2079964024
https://openalex.org/W1797406258
https://openalex.org/W1979608539
https://openalex.org/W1988823021
https://openalex.org/W2082891421
https://openalex.org/W2153341363
https://openalex.org/W2160827491
https://openalex.org/W2170836396
https://openalex.org/W2334591923
https://openalex.org/W2594493501
https://openalex.org/W2599219315
https://openalex.org/W2724571023
https://openalex.org/W2786647321
https://openalex.org/W2790745560
https://openalex.org/W2792839805
https://openalex.org/W2021063572
https://openalex.org/W2164203256
https://openalex.org/W2288686899
https://openalex.org/W2338265375
https://openalex.org/W2461235020
https://openalex.org/W2573264789
https://openalex.org/W2756503133
https://openalex.org/W2777531870
https://openalex.org/W2804951863
https://openalex.org/W2805696232
https://openalex.org/W2898026134
https://openalex.org/W2903940928
https://openalex.org/W2944774645
https://openalex.org/W2984684373
https://openalex.org/W2402628675
https://openalex.org/W2751174982
https://openalex.org/W2943428614
https://openalex.org/W2967434337
https://openalex.org/W2972058766
https://openalex.org/W2982760684
https://openalex.org/W2990322563
https://openalex.org/W3006572148
https://openalex.org/W3031646045
https://openalex.org/W3041487187
https://openalex.org/W3097010385
https://openalex.org/W3097406303
https://openalex.org/W3111606251
https://openalex.org/W3115062415
https://openalex.org/W3119267863
https://openalex.org/W3139253697
https://openalex.org/W3152211273
https://openalex.org/W3167122359
https://openalex.org/W3172337443
https://openalex.org/W3184286619
https://openalex.org/W3164899971
https://openalex.org/W3198283539
https://openalex.org/W4206736549
https://openalex.org/W4210310783
https://openalex.org/W4224216663
https://openalex.org/W4229027832
https://openalex.org/W4297386522
https://openalex.org/W2024538181
https://openalex.org/W2033483441
https://openalex.org/W2394492056
https://openalex.org/W1969888722
https://openalex.org/W1990659617
https://openalex.org/W2079184474
https://openalex.org/W1516027947
https://openalex.org/W1964018750
https://openalex.org/W1978203720
https://openalex.org/W1980560452
https://openalex.org/W1998412237
https://openalex.org/W2084028739
https://openalex.org/W50854304
https://openalex.org/W2153046188
https://openalex.org/W1975744559
https://openalex.org/W2006432710
https://openalex.org/W2153223858
https://openalex.org/W2040829134
https://openalex.org/W2065632634
https://openalex.org/W2172280810
https://openalex.org/W1991574638
https://openalex.org/W3080081144
https://openalex.org/W2035977626
https://openalex.org/W1510636664
https://openalex.org/W2073872108
https://openalex.org/W2120856785
https://openalex.org/W2255932989
https://openalex.org/W2495706673
https://openalex.org/W2054376768
https://openalex.org/W2061838147
https://openalex.org/W2077598028
https://openalex.org/W2158594250
https://openalex.org/W2313213968
https://openalex.org/W1892420803
https://openalex.org/W1975681345
https://openalex.org/W1980918572
https://openalex.org/W2010281454
https://openalex.org/W2027606311
https://openalex.org/W2051683674
https://openalex.org/W2091033275
https://openalex.org/W2119113706
https://openalex.org/W2124498509
https://openalex.org/W2155896608
https://openalex.org/W2593571956
https://openalex.org/W2767036166
https://openalex.org/W2792965830
https://openalex.org/W2794129379
https://openalex.org/W2795218213
https://openalex.org/W2797657617
https://openalex.org/W1973724103
https://openalex.org/W1974212253
https://openalex.org/W2010719385
https://openalex.org/W2191601131
https://openalex.org/W2200343171
https://openalex.org/W2254436837
https://openalex.org/W2560699267
https://openalex.org/W2586730878
https://openalex.org/W2772598079
https://openalex.org/W2793079391
https://openalex.org/W2884209327
https://openalex.org/W2884940296
https://openalex.org/W2901377499
https://openalex.org/W2901941607
https://openalex.org/W2911620587
https://openalex.org/W2942745228
https://openalex.org/W2983405350
https://openalex.org/W2992488439
https://openalex.org/W2998929319
https://openalex.org/W3004393117
https://openalex.org/W3010888224
https://openalex.org/W3033457278
https://openalex.org/W3048536894
https://openalex.org/W3088164678
https://openalex.org/W3091306549
https://openalex.org/W3075864477
https://openalex.org/W3117278494
https://openalex.org/W3127097794
https://openalex.org/W3156592448
https://openalex.org/W3165409880
https://openalex.org/W3204096791
https://openalex.org/W3210789848
https://openalex.org/W3212728798
https://openalex.org/W4200067088
https://openalex.org/W2016112817
https://openalex.org/W2082535221
https://openalex.org/W2056651650
https://openalex.org/W1970998968
https://openalex.org/W2037345621
https://openalex.org/W2078355796
https://openalex.org/W2161514484
https://openalex.org/W2085736759
https://openalex.org/W4251148224
https://openalex.org/W2072371098
https://openalex.org/W1723595455
https://openalex.org/W2011063027
https://openalex.org/W2011415301
https://openalex.org/W2031227123
https://openalex.org/W2155665618
https://openalex.org/W277608805
https://openalex.org/W4233243668
https://openalex.org/W2065582189
https://openalex.org/W2059766704
https://openalex.org/W2111785853
https://openalex.org/W2133990440
https://openalex.org/W1989121278
https://openalex.org/W2012695421
https://openalex.org/W2027874003
https://openalex.org/W2154995651
https://openalex.org/W1999757728
https://openalex.org/W2086191925
https://openalex.org/W2145455357
https://openalex.org/W2006586577
https://openalex.org/W2113113836
https://openalex.org/W2507173863
https://openalex.org/W2742824738
https://openalex.org/W2774472312
https://openalex.org/W2938982293
https://openalex.org/W2944716056
https://openalex.org/W2970051117
https://openalex.org/W2972876448
https://openalex.org/W2980050684
https://openalex.org/W2987295988
https://openalex.org/W2989729792
https://openalex.org/W1479731308
https://openalex.org/W2016273356
https://openalex.org/W2107375383
https://openalex.org/W2345171665
https://openalex.org/W2400703549
https://openalex.org/W2471986120
https://openalex.org/W2476772255
https://openalex.org/W2521693042
https://openalex.org/W2554404397
https://openalex.org/W2575509116
https://openalex.org/W2909664189
https://openalex.org/W2911566477
https://openalex.org/W2965768291
https://openalex.org/W3001800635
https://openalex.org/W754344563
https://openalex.org/W2974005005
https://openalex.org/W2979676019
https://openalex.org/W3000570577
https://openalex.org/W3016268901
https://openalex.org/W3044185005
https://openalex.org/W3080823922
https://openalex.org/W3092022632
https://openalex.org/W3092514502
https://openalex.org/W3094592668
https://openalex.org/W3098375211
https://openalex.org/W3118514182
https://openalex.org/W3130183293
https://openalex.org/W3160431183
https://openalex.org/W3163630682
https://openalex.org/W3172488906
https://openalex.org/W3184225607
https://openalex.org/W3211158218
https://openalex.org/W4200563211
https://openalex.org/W4210380860
https://openalex.org/W4221112033
https://openalex.org/W4293113540
https://openalex.org/W4294953504
https://openalex.org/W4296290376
https://openalex.org/W4311292193
https://openalex.org/W4320856707
https://openalex.org/W4297215865
https://openalex.org/W4304758077
https://openalex.org/W4306990636
https://openalex.org/W4313437251
https://openalex.org/W4313646914
https://openalex.org/W4313895106
https://openalex.org/W4318070770
https://openalex.org/W4319660102
https://openalex.org/W4323569314
https://openalex.org/W4327587642
https://openalex.org/W4361216766
https://openalex.org/W4362521873
https://openalex.org/W4365447975
https://openalex.org/W4367303206
https://openalex.org/W4367628076
https://openalex.org/W4375856614
https://openalex.org/W4376610698
https://openalex.org/W4378226865
https://openalex.org/W4380739556
https://openalex.org/W4381251668
https://openalex.org/W4381598465
https://openalex.org/W4383302754
https://openalex.org/W4384664710
https://openalex.org/W4385186148
https://openalex.org/W4385496088
https://openalex.org/W4385564444
https://openalex.org/W4385701745
https://openalex.org/W4386248123
https://openalex.org/W4386485115
https://openalex.org/W4386565915
https://openalex.org/W4386823126
https://openalex.org/W4387705705
https://openalex.org/W4387902607
https://openalex.org/W4389362769
https://openalex.org/W4389608040
https://openalex.org/W4390572291
https://openalex.org/W2139224887
https://openalex.org/W1923073818
https://openalex.org/W1969338092
https://openalex.org/W2018668758
https://openalex.org/W1997180217
https://openalex.org/W2056238391
https://openalex.org/W2042331838
https://openalex.org/W1959047421
https://openalex.org/W1964200673
https://openalex.org/W1978803161
https://openalex.org/W1979487174
https://openalex.org/W1993096095
https://openalex.org/W2092042146
https://openalex.org/W1527496708
https://openalex.org/W2012611661
https://openalex.org/W2013365340
https://openalex.org/W2013942909
https://openalex.org/W2092300498
https://openalex.org/W1979726031
https://openalex.org/W2034829450
https://openalex.org/W2213251868
https://openalex.org/W2006276968
https://openalex.org/W1557164009
https://openalex.org/W1678501060
https://openalex.org/W1985405451
https://openalex.org/W2055593700
https://openalex.org/W2004373618
https://openalex.org/W2039024481
https://openalex.org/W2067484412
https://openalex.org/W2113095428
https://openalex.org/W2026499349
https://openalex.org/W2043234635
https://openalex.org/W2062568133
https://openalex.org/W2326505262
https://openalex.org/W2767246768
https://openalex.org/W2785922757
https://openalex.org/W2788309923
https://openalex.org/W2792305623
https://openalex.org/W2792626845
https://openalex.org/W2810425836
https://openalex.org/W2885891727
https://openalex.org/W2900446199
https://openalex.org/W2905376367
https://openalex.org/W33095331
https://openalex.org/W2155397736
https://openalex.org/W2288956985
https://openalex.org/W2594483856
https://openalex.org/W2755219161
https://openalex.org/W2770727092
https://openalex.org/W2930697234
https://openalex.org/W3040810247
https://openalex.org/W624162284
https://openalex.org/W1967198568
https://openalex.org/W1994330640
https://openalex.org/W2000997161
https://openalex.org/W2093483032
https://openalex.org/W2415193345
https://openalex.org/W2084708661
https://openalex.org/W2443265205
https://openalex.org/W2073039687
https://openalex.org/W2519346101
https://openalex.org/W2002429165
https://openalex.org/W2048756275
https://openalex.org/W2507306523
https://openalex.org/W78772525
https://openalex.org/W12225031
https://openalex.org/W2017071701
https://openalex.org/W2039306771
https://openalex.org/W2015697573
https://openalex.org/W1964360078
https://openalex.org/W2023960825
https://openalex.org/W2069857125
https://openalex.org/W1870057556
https://openalex.org/W2004451073
https://openalex.org/W2024858674
https://openalex.org/W2137886492
https://openalex.org/W2057036231
https://openalex.org/W2400284544
https://openalex.org/W2789735631
https://openalex.org/W2800580290
https://openalex.org/W2808495927
https://openalex.org/W2898383593
https://openalex.org/W2900493123
https://openalex.org/W121620016
https://openalex.org/W1549852005
https://openalex.org/W1831208534
https://openalex.org/W1993909002
https://openalex.org/W2040180549
https://openalex.org/W2308536305
https://openalex.org/W2397822419
https://openalex.org/W2563045519
https://openalex.org/W2572369628
https://openalex.org/W2591633643
https://openalex.org/W2715371298
https://openalex.org/W2748981920
https://openalex.org/W2765315674
https://openalex.org/W2769207630
https://openalex.org/W2978417205
https://openalex.org/W2989734860
https://openalex.org/W2994350929
https://openalex.org/W3010896277
https://openalex.org/W3012101275
https://openalex.org/W3024231829
https://openalex.org/W3037898295
https://openalex.org/W3049231815
https://openalex.org/W3087741505
https://openalex.org/W3093258084
https://openalex.org/W3103476613
https://openalex.org/W3113367426
https://openalex.org/W312474320
https://openalex.org/W1414770194
https://openalex.org/W3093128197
https://openalex.org/W3103805317
https://openalex.org/W3206413907
https://openalex.org/W3210653409
https://openalex.org/W3212455433
https://openalex.org/W1989475151
https://openalex.org/W2024628104
https://openalex.org/W1978345371
https://openalex.org/W2162067251
https://openalex.org/W2322076937
https://openalex.org/W146734925
https://openalex.org/W1987627417
https://openalex.org/W2003304665
https://openalex.org/W2015115219
https://openalex.org/W2092866038
https://openalex.org/W2330818798
https://openalex.org/W3149161431
https://openalex.org/W1976048437
https://openalex.org/W1977528037
https://openalex.org/W1989183528
https://openalex.org/W2003344209
https://openalex.org/W2094430539
https://openalex.org/W2170847830
https://openalex.org/W2512772783
https://openalex.org/W2058725597
https://openalex.org/W2109591328
https://openalex.org/W2413787327
https://openalex.org/W1544034471
https://openalex.org/W2024362052
https://openalex.org/W2076659202
https://openalex.org/W2091208082
https://openalex.org/W1492817925
https://openalex.org/W2003622236
https://openalex.org/W2080144922
https://openalex.org/W2084604045
https://openalex.org/W2100283715
https://openalex.org/W1965881314
https://openalex.org/W1986026590
https://openalex.org/W2013520730
https://openalex.org/W2065194914
https://openalex.org/W2088620665
https://openalex.org/W2329248687
https://openalex.org/W2790405779
https://openalex.org/W2899000612
https://openalex.org/W2015135900
https://openalex.org/W2037865067
https://openalex.org/W2065021451
https://openalex.org/W2106780496
https://openalex.org/W2325239480
https://openalex.org/W2332018459
https://openalex.org/W2350140284
https://openalex.org/W2600614460
https://openalex.org/W2764274115
https://openalex.org/W2945128383
https://openalex.org/W2945869806
https://openalex.org/W2951671197
https://openalex.org/W2975657866
https://openalex.org/W2981766743
https://openalex.org/W2989912972
https://openalex.org/W2999180510
https://openalex.org/W3012296490
https://openalex.org/W3012941056
https://openalex.org/W3044657543
https://openalex.org/W3087127178
https://openalex.org/W3087274114
https://openalex.org/W3088325542
https://openalex.org/W3111356099
https://openalex.org/W4234701508
https://openalex.org/W2186993657
https://openalex.org/W2321097750
https://openalex.org/W3111957530
https://openalex.org/W3118863418
https://openalex.org/W3164537652
https://openalex.org/W3195751422
https://openalex.org/W3198437951
https://openalex.org/W4200153266
https://openalex.org/W4210281837
https://openalex.org/W4205602819
https://openalex.org/W4210577260
https://openalex.org/W4213001936
https://openalex.org/W4220743154
https://openalex.org/W4224001442
https://openalex.org/W4224132896
https://openalex.org/W4224229413
https://openalex.org/W4224312038
https://openalex.org/W4229001215
https://openalex.org/W4280602146
https://openalex.org/W4283379634
https://openalex.org/W4284885270
https://openalex.org/W4297516119
https://openalex.org/W4307499960
https://openalex.org/W4311689944
https://openalex.org/W4324028283
https://openalex.org/W1975892045
https://openalex.org/W1989006639
https://openalex.org/W1989737502
https://openalex.org/W147060480
https://openalex.org/W1963773832
https://openalex.org/W2070039269
https://openalex.org/W1983126799
https://openalex.org/W1996387268
https://openalex.org/W2091341577
https://openalex.org/W2028273497
https://openalex.org/W2073252016
https://openalex.org/W2403576301
https://openalex.org/W1587220040
https://openalex.org/W2012398530
https://openalex.org/W2132965748
https://openalex.org/W2419484737
https://openalex.org/W145578284
https://openalex.org/W1618986033
https://openalex.org/W2026460864
https://openalex.org/W2063590826
https://openalex.org/W2084785506
https://openalex.org/W2315065072
https://openalex.org/W2886902549
https://openalex.org/W2896198352
https://openalex.org/W1837634612
https://openalex.org/W1935659784
https://openalex.org/W1966852806
https://openalex.org/W1982888909
https://openalex.org/W2012896538
https://openalex.org/W2049100606
https://openalex.org/W2095298214
https://openalex.org/W2103018292
https://openalex.org/W2104783204
https://openalex.org/W2119489985
https://openalex.org/W2139553564
https://openalex.org/W2152976480
https://openalex.org/W223106187
https://openalex.org/W2313747955
https://openalex.org/W2752641858
https://openalex.org/W3002188346
https://openalex.org/W3014825746
https://openalex.org/W3022062896
https://openalex.org/W3023566448
https://openalex.org/W3046114592
https://openalex.org/W3091692601
https://openalex.org/W3098557126
https://openalex.org/W3110711719
https://openalex.org/W1607539538
https://openalex.org/W1965433298
https://openalex.org/W2028128952
https://openalex.org/W2042876997
https://openalex.org/W2029637531
https://openalex.org/W2325196136
https://openalex.org/W2099938995
https://openalex.org/W22280761
https://openalex.org/W2414607476
https://openalex.org/W2017932817
https://openalex.org/W2025140359
https://openalex.org/W2092980157
https://openalex.org/W1016804486
https://openalex.org/W196312700
https://openalex.org/W1990628628
https://openalex.org/W2016154432
https://openalex.org/W2087577007
https://openalex.org/W1996408615
https://openalex.org/W2034562349
https://openalex.org/W2051765052
https://openalex.org/W2055933849
https://openalex.org/W2076392133
https://openalex.org/W2102443428
https://openalex.org/W2170871123
https://openalex.org/W2184264755
https://openalex.org/W2351472905
https://openalex.org/W583214127
https://openalex.org/W2104529226
https://openalex.org/W2106614487
https://openalex.org/W1973841940
https://openalex.org/W2025383546
https://openalex.org/W2032931351
https://openalex.org/W2036736932
https://openalex.org/W2102952822
https://openalex.org/W2883866157
https://openalex.org/W2885683326
https://openalex.org/W2897509868
https://openalex.org/W2913227749
https://openalex.org/W2970662899
https://openalex.org/W2986361326
https://openalex.org/W2990212362
https://openalex.org/W1966972038
https://openalex.org/W2036628413
https://openalex.org/W2061784758
https://openalex.org/W2093062832
https://openalex.org/W2142782148
https://openalex.org/W2281875522
https://openalex.org/W2325585813
https://openalex.org/W2405070100
https://openalex.org/W2510170577
https://openalex.org/W2511985560
https://openalex.org/W2521079466
https://openalex.org/W2766357447
https://openalex.org/W2993092692
https://openalex.org/W3123803234
https://openalex.org/W3127629868
https://openalex.org/W3139217070
https://openalex.org/W3162687734
https://openalex.org/W3165581185
https://openalex.org/W3178295483
https://openalex.org/W3181433692
https://openalex.org/W3186740875
https://openalex.org/W3190233868
https://openalex.org/W3191010652
https://openalex.org/W3191487287
https://openalex.org/W3199399268
https://openalex.org/W3202400736
https://openalex.org/W3206308296
https://openalex.org/W3211933531
https://openalex.org/W3213777184
https://openalex.org/W4200314866
https://openalex.org/W634508775
https://openalex.org/W1975670765
https://openalex.org/W2155360592
https://openalex.org/W2470137039
https://openalex.org/W2092355725
https://openalex.org/W2092942699
https://openalex.org/W4231397647
https://openalex.org/W2036943378
https://openalex.org/W2587951466
https://openalex.org/W2023113384
https://openalex.org/W2044727967
https://openalex.org/W1990648404
https://openalex.org/W1999537661
https://openalex.org/W2053950441
https://openalex.org/W2608863091
https://openalex.org/W80105634
https://openalex.org/W1592192227
https://openalex.org/W2032571930
https://openalex.org/W2040449166
https://openalex.org/W2047470029
https://openalex.org/W2590320103
https://openalex.org/W1535713811
https://openalex.org/W1967985402
https://openalex.org/W1976502625
https://openalex.org/W1992117628
https://openalex.org/W2010949380
https://openalex.org/W2061509859
https://openalex.org/W2062408740
https://openalex.org/W2064894824
https://openalex.org/W2078577449
https://openalex.org/W2085437600
https://openalex.org/W2090406171
https://openalex.org/W2093537288
https://openalex.org/W2099738258
https://openalex.org/W2130449178
https://openalex.org/W2131215989
https://openalex.org/W2141634872
https://openalex.org/W2165812928
https://openalex.org/W2328137521
https://openalex.org/W2333943169
https://openalex.org/W2461371692
https://openalex.org/W2572805726
https://openalex.org/W2733478388
https://openalex.org/W2736673103
https://openalex.org/W2785801882
https://openalex.org/W2811098875
https://openalex.org/W2885218196
https://openalex.org/W2889595143
https://openalex.org/W2891408719
https://openalex.org/W2905069372
https://openalex.org/W2935801336
https://openalex.org/W2964677252
https://openalex.org/W2969648980
https://openalex.org/W2970433809
https://openalex.org/W2971199116
https://openalex.org/W2997353902
https://openalex.org/W3001642262
https://openalex.org/W3030923107
https://openalex.org/W1159623738
https://openalex.org/W2006157240
https://openalex.org/W2329403788
https://openalex.org/W2774837771
https://openalex.org/W3024109802
https://openalex.org/W3210926624
https://openalex.org/W4200383325
https://openalex.org/W4205634602
https://openalex.org/W4212980787
https://openalex.org/W4220759991
https://openalex.org/W4282576853
https://openalex.org/W4283206908
https://openalex.org/W4292295457
https://openalex.org/W4293566934
https://openalex.org/W4294316800
https://openalex.org/W4294903927
https://openalex.org/W4297235874
https://openalex.org/W4297973535
https://openalex.org/W4304693692
https://openalex.org/W4306149483
https://openalex.org/W4308327395
https://openalex.org/W4309410461
https://openalex.org/W1972424047
https://openalex.org/W2015047426
https://openalex.org/W2035796108
https://openalex.org/W2162506046
https://openalex.org/W2026450392
https://openalex.org/W2036770719
https://openalex.org/W2081624104
https://openalex.org/W2085997762
https://openalex.org/W2066266265
https://openalex.org/W2260345172
https://openalex.org/W2061608747
https://openalex.org/W2113773511
https://openalex.org/W306906932
https://openalex.org/W1486374556
https://openalex.org/W1993621061
https://openalex.org/W1993641979
https://openalex.org/W2030659069
https://openalex.org/W2316261010
https://openalex.org/W2043893342
https://openalex.org/W1530957795
https://openalex.org/W1607644227
https://openalex.org/W4247503839
https://openalex.org/W1511840329
https://openalex.org/W161544184
https://openalex.org/W2017400067
https://openalex.org/W2045941294
https://openalex.org/W2059279221
https://openalex.org/W2094323413
https://openalex.org/W2112161996
https://openalex.org/W2267643913
https://openalex.org/W2320863491
https://openalex.org/W2395147676
https://openalex.org/W2494399153
https://openalex.org/W2003578953
https://openalex.org/W2004002317
https://openalex.org/W2005028425
https://openalex.org/W2045388395
https://openalex.org/W2047765044
https://openalex.org/W2048897152
https://openalex.org/W2053671527
https://openalex.org/W2056270105
https://openalex.org/W2167438603
https://openalex.org/W2026671719
https://openalex.org/W2065427364
https://openalex.org/W2144471468
https://openalex.org/W2404263231
https://openalex.org/W2033515657
https://openalex.org/W76374986
https://openalex.org/W1983130579
https://openalex.org/W2132800734
https://openalex.org/W2508808299
https://openalex.org/W1993230289
https://openalex.org/W4256275290
https://openalex.org/W135514445
https://openalex.org/W2028625779
https://openalex.org/W2080213497
https://openalex.org/W2129970843
https://openalex.org/W2166390667
https://openalex.org/W2606936472
https://openalex.org/W2775831185
https://openalex.org/W2788578067
https://openalex.org/W2802334416
https://openalex.org/W2887979182
https://openalex.org/W2896315689
https://openalex.org/W2903457849
https://openalex.org/W2906683497
https://openalex.org/W2909187310
https://openalex.org/W2964747486
https://openalex.org/W2965019443
https://openalex.org/W2970744824
https://openalex.org/W2973513869
https://openalex.org/W2986298458
https://openalex.org/W2990897141
https://openalex.org/W2994621592
https://openalex.org/W3044737003
https://openalex.org/W3048897138
https://openalex.org/W3092549524
https://openalex.org/W3102149113
https://openalex.org/W3117140610
https://openalex.org/W3120712431
https://openalex.org/W3121441936
https://openalex.org/W3125173052
https://openalex.org/W3133871807
https://openalex.org/W3139108540
https://openalex.org/W3173670043
https://openalex.org/W3173782420
https://openalex.org/W3191141494
https://openalex.org/W3202912294
https://openalex.org/W3217268134
https://openalex.org/W1188799328
https://openalex.org/W2051215149
https://openalex.org/W2337834837
https://openalex.org/W2385347682
https://openalex.org/W2410331326
https://openalex.org/W2529872164
https://openalex.org/W2550824317
https://openalex.org/W2559025145
https://openalex.org/W4386046792
https://openalex.org/W1976926694
https://openalex.org/W2042877905
https://openalex.org/W2061249788
https://openalex.org/W2082098221
https://openalex.org/W4231290239
https://openalex.org/W2077747161
https://openalex.org/W2133747417
https://openalex.org/W2415634511
https://openalex.org/W2460473312
https://openalex.org/W2094638572
https://openalex.org/W2110023251
https://openalex.org/W1984872632
https://openalex.org/W2497632807
https://openalex.org/W3035841336
https://openalex.org/W2002775879
https://openalex.org/W2027183188
https://openalex.org/W2106501217
https://openalex.org/W2132967400
https://openalex.org/W2137148391
https://openalex.org/W2158344048
https://openalex.org/W2113117259
https://openalex.org/W2402392974
https://openalex.org/W131001205
https://openalex.org/W1455378017
https://openalex.org/W1482629442
https://openalex.org/W1537169726
https://openalex.org/W2006282918
https://openalex.org/W2006527035
https://openalex.org/W2019557417
https://openalex.org/W2031153780
https://openalex.org/W2045620895
https://openalex.org/W2056266850
https://openalex.org/W2056389683
https://openalex.org/W2109467281
https://openalex.org/W2158953942
https://openalex.org/W2171479738
https://openalex.org/W2183861264
https://openalex.org/W2195924776
https://openalex.org/W2268070841
https://openalex.org/W2278346860
https://openalex.org/W2323009875
https://openalex.org/W2350848397
https://openalex.org/W2372091377
https://openalex.org/W2401213689
https://openalex.org/W2410201556
https://openalex.org/W4665954
https://openalex.org/W956775278
https://openalex.org/W1971484874
https://openalex.org/W2084599116
https://openalex.org/W4309773751
https://openalex.org/W4313640588
https://openalex.org/W4318035659
https://openalex.org/W4319590978
https://openalex.org/W4319591011
https://openalex.org/W4319591172
https://openalex.org/W4319870810
https://openalex.org/W4319984211
https://openalex.org/W4321500908
https://openalex.org/W4323268812
https://openalex.org/W4323319368
https://openalex.org/W4360862210
https://openalex.org/W4360938228
https://openalex.org/W4361234496
https://openalex.org/W4361234540
https://openalex.org/W4361234693
https://openalex.org/W4361234703
https://openalex.org/W4361234963
https://openalex.org/W4361234965
https://openalex.org/W4361235016
https://openalex.org/W4361235022
https://openalex.org/W4361235152
https://openalex.org/W4361235167
https://openalex.org/W4361235175
https://openalex.org/W4361235255
https://openalex.org/W4361235261
https://openalex.org/W4361235263
https://openalex.org/W4361235270
https://openalex.org/W4361235310
https://openalex.org/W4361235396
https://openalex.org/W4361235520
https://openalex.org/W4361823215
https://openalex.org/W4361823708
https://openalex.org/W4361824862
https://openalex.org/W4361824947
https://openalex.org/W4362333578
https://openalex.org/W4362333598
https://openalex.org/W4362357109
https://openalex.org/W4362359454
https://openalex.org/W4362363154
https://openalex.org/W4362363166
https://openalex.org/W4362371288
https://openalex.org/W4362371303
https://openalex.org/W4362371310
https://openalex.org/W4362372522
https://openalex.org/W4362373804
https://openalex.org/W4362376614
https://openalex.org/W4362376626
https://openalex.org/W4362379284
https://openalex.org/W4362421565
https://openalex.org/W4362421658
https://openalex.org/W4362422976
https://openalex.org/W4362423031
https://openalex.org/W4362423053
https://openalex.org/W4362423138
https://openalex.org/W4362423139
https://openalex.org/W4362423568
https://openalex.org/W4362423609
https://openalex.org/W4362423633
https://openalex.org/W4362423651
https://openalex.org/W4362423728
https://openalex.org/W4362423732
https://openalex.org/W4362423736
https://openalex.org/W4362423817
https://openalex.org/W4362446435
https://openalex.org/W4362482103
https://openalex.org/W4362487111
https://openalex.org/W4362529562
https://openalex.org/W4362623236
https://openalex.org/W4362633376
https://openalex.org/W4362671375
https://openalex.org/W4362689668
https://openalex.org/W4364352328
https://openalex.org/W4365460218
https://openalex.org/W4367041678
https://openalex.org/W4367181677
https://openalex.org/W4376108345
https://openalex.org/W4376255658
https://openalex.org/W4377565884
https://openalex.org/W4377988029
https://openalex.org/W4379208179
https://openalex.org/W4379387611
https://openalex.org/W4380992444
https://openalex.org/W4381620657
https://openalex.org/W4382135429
https://openalex.org/W4382796747
https://openalex.org/W4383889827
https://openalex.org/W4384165059
https://openalex.org/W4385348575
https://openalex.org/W4385556095
https://openalex.org/W4385614978
https://openalex.org/W4385624026
https://openalex.org/W4385716254
https://openalex.org/W4385771720
https://openalex.org/W4385771769
https://openalex.org/W4385802910
https://openalex.org/W4385992592
https://openalex.org/W4386031560
https://openalex.org/W4386031604
https://openalex.org/W4386139162
https://openalex.org/W4386226846
https://openalex.org/W4386384256
https://openalex.org/W4386537646
https://openalex.org/W4386537656
https://openalex.org/W4386547019
https://openalex.org/W4386558828
https://openalex.org/W4386695834
https://openalex.org/W4386780468
https://openalex.org/W4386818450
https://openalex.org/W4386923290
https://openalex.org/W4386948059
https://openalex.org/W4387048055
https://openalex.org/W4387253305
https://openalex.org/W4387781753
https://openalex.org/W4387810648
https://openalex.org/W4387965810
https://openalex.org/W4388487765
https://openalex.org/W4389144293
https://openalex.org/W4389151520
https://openalex.org/W4389220517
https://openalex.org/W4389286370
https://openalex.org/W4389804312
https://openalex.org/W4389960404
https://openalex.org/W4390037440
https://openalex.org/W4390092452
https://openalex.org/W4390110214
https://openalex.org/W4390497837
https://openalex.org/W4390680492
https://openalex.org/W4391144954
https://openalex.org/W4391676825
https://openalex.org/W4392685692
https://openalex.org/W4392688228
https://openalex.org/W4392689355
https://openalex.org/W4392697732
https://openalex.org/W4392722076
https://openalex.org/W4392723315
https://openalex.org/W4393480578
https://openalex.org/W4393890112
https://openalex.org/W4394503423
https://openalex.org/W4396552904
https://openalex.org/W4396553294
https://openalex.org/W1986490066
https://openalex.org/W2035421934
https://openalex.org/W2085695045
https://openalex.org/W2088053474
https://openalex.org/W2140235001
https://openalex.org/W4232672295
https://openalex.org/W1993798410
https://openalex.org/W2070029665
https://openalex.org/W2074097304
https://openalex.org/W1992395802
https://openalex.org/W2410966404
https://openalex.org/W1996193628
https://openalex.org/W2418484035
https://openalex.org/W2400469885
https://openalex.org/W288956177
https://openalex.org/W1496622591
https://openalex.org/W1995731569
https://openalex.org/W1996224100
https://openalex.org/W2061867149
https://openalex.org/W2126734041
https://openalex.org/W2312577274
https://openalex.org/W2907994575
https://openalex.org/W3116077769
https://openalex.org/W2564545043
https://openalex.org/W1979579649
https://openalex.org/W1981431396
https://openalex.org/W2015011423
https://openalex.org/W2058234582
https://openalex.org/W2103983128
https://openalex.org/W2055109260
https://openalex.org/W2077968735
https://openalex.org/W2012120882
https://openalex.org/W2047116874
https://openalex.org/W2052446365
https://openalex.org/W2057061965
https://openalex.org/W2060045327
https://openalex.org/W2396184817
https://openalex.org/W1964695691
https://openalex.org/W1993789986
https://openalex.org/W203825796
https://openalex.org/W2084122725
https://openalex.org/W2160706439
https://openalex.org/W2272425626
https://openalex.org/W2462407792
https://openalex.org/W2790221683
https://openalex.org/W2806091668
https://openalex.org/W2891148379
https://openalex.org/W2908204193
https://openalex.org/W2921788534
https://openalex.org/W2950457014
https://openalex.org/W2951154448
https://openalex.org/W2976091567
https://openalex.org/W2980965389
https://openalex.org/W2997079236
https://openalex.org/W3014717716
https://openalex.org/W3029661481
https://openalex.org/W3042507428
https://openalex.org/W3045621761
https://openalex.org/W3068101825
https://openalex.org/W3088602116
https://openalex.org/W3093600250
https://openalex.org/W3120623960
https://openalex.org/W3138742446
https://openalex.org/W3139247403
https://openalex.org/W3140765333
https://openalex.org/W3159219392
https://openalex.org/W3164816413
https://openalex.org/W3168040516
https://openalex.org/W3171532656
https://openalex.org/W3171641451
https://openalex.org/W3172787151
https://openalex.org/W3182603846
https://openalex.org/W3200242108
https://openalex.org/W3210907834
https://openalex.org/W3211768843
https://openalex.org/W4200445553
https://openalex.org/W4235987219
https://openalex.org/W1876271080
https://openalex.org/W2278843991
https://openalex.org/W2313251514
https://openalex.org/W2469194055
https://openalex.org/W2509714158
https://openalex.org/W2539629177
https://openalex.org/W2581069189
https://openalex.org/W2594201868
https://openalex.org/W2808610669
https://openalex.org/W2985474303
https://openalex.org/W3015787810
https://openalex.org/W3094544377
https://openalex.org/W4210945398
https://openalex.org/W4220804797
https://openalex.org/W4255651322
https://openalex.org/W4283833784
https://openalex.org/W4285735591
https://openalex.org/W4289101279
https://openalex.org/W4304891535
https://openalex.org/W4304990763
https://openalex.org/W4309148987
https://openalex.org/W4311280472
https://openalex.org/W4312092989
https://openalex.org/W4378422404
https://openalex.org/W4393250576
https://openalex.org/W1967018178
https://openalex.org/W2041990215
https://openalex.org/W2073537662
https://openalex.org/W2073989650
https://openalex.org/W2589538017
https://openalex.org/W2002264343
https://openalex.org/W2017870480
https://openalex.org/W2018197063
https://openalex.org/W2020773886
https://openalex.org/W2013648596
https://openalex.org/W2050546647
https://openalex.org/W2067019040
https://openalex.org/W2074837877
https://openalex.org/W2076697169
https://openalex.org/W2128144809
https://openalex.org/W2279906510
https://openalex.org/W2324075292
https://openalex.org/W2516750194
https://openalex.org/W2026072395
https://openalex.org/W11226628
https://openalex.org/W2078036570
https://openalex.org/W159038708
https://openalex.org/W1596744884
https://openalex.org/W1597592853
https://openalex.org/W160383910
https://openalex.org/W1982770211
https://openalex.org/W2009190765
https://openalex.org/W2022687784
https://openalex.org/W2034671231
https://openalex.org/W2045648946
https://openalex.org/W2048828058
https://openalex.org/W2076879935
https://openalex.org/W2112867457
https://openalex.org/W2152336334
https://openalex.org/W2182640474
https://openalex.org/W2183028026
https://openalex.org/W2205061661
https://openalex.org/W2314241796
https://openalex.org/W2396604586
https://openalex.org/W2400412977
https://openalex.org/W2401087917
https://openalex.org/W2415232829
https://openalex.org/W2429950677
https://openalex.org/W2571054970
https://openalex.org/W4214774612
https://openalex.org/W4223435219
https://openalex.org/W4282927807
https://openalex.org/W4291950889
https://openalex.org/W4293241158
https://openalex.org/W4294591908
https://openalex.org/W4297504261
https://openalex.org/W431334821
https://openalex.org/W798439087
https://openalex.org/W2018259796
https://openalex.org/W2021249175
https://openalex.org/W2027474541
https://openalex.org/W2029429928
https://openalex.org/W2048052201
https://openalex.org/W2525871426
https://openalex.org/W2036436109
https://openalex.org/W2042773597
https://openalex.org/W2050625687
https://openalex.org/W2055049052
https://openalex.org/W2064834458
https://openalex.org/W2132776832
https://openalex.org/W2157260998
https://openalex.org/W2163145569
https://openalex.org/W2003893699
https://openalex.org/W2412797523
https://openalex.org/W1994334610
https://openalex.org/W2001177386
https://openalex.org/W2045192211
https://openalex.org/W2052783870
https://openalex.org/W2066327609
https://openalex.org/W2072512833
https://openalex.org/W2088982933
https://openalex.org/W1541709340
https://openalex.org/W1591650744
https://openalex.org/W1989305148
https://openalex.org/W2023668591
https://openalex.org/W2122644732
https://openalex.org/W2156379767
https://openalex.org/W2166705684
https://openalex.org/W2230717902
https://openalex.org/W2315005565
https://openalex.org/W2325447131
https://openalex.org/W2369412116
https://openalex.org/W2382182824
https://openalex.org/W2608892600
https://openalex.org/W2609837959
https://openalex.org/W2751507231
https://openalex.org/W2944428686
https://openalex.org/W7693143
https://openalex.org/W1892313878
https://openalex.org/W2025082181
https://openalex.org/W2026677349
https://openalex.org/W2041235065
https://openalex.org/W2044262952
https://openalex.org/W2057048815
https://openalex.org/W2058869799
https://openalex.org/W2064534759
https://openalex.org/W2065077471
https://openalex.org/W2076618229
https://openalex.org/W2150252905
https://openalex.org/W4233846574
https://openalex.org/W2010687475
https://openalex.org/W231511334
https://openalex.org/W2464747914
https://openalex.org/W2010334542
https://openalex.org/W2027686970
https://openalex.org/W2071392568
https://openalex.org/W2429853899
https://openalex.org/W2005926418
https://openalex.org/W2053578997
https://openalex.org/W2077128688
https://openalex.org/W2081514887
https://openalex.org/W2156956675
https://openalex.org/W2164283496
https://openalex.org/W2348620595
https://openalex.org/W2415791554
https://openalex.org/W2795815350
https://openalex.org/W2796137877
https://openalex.org/W2802894878
https://openalex.org/W2885783282
https://openalex.org/W2898881005
https://openalex.org/W3021228284
https://openalex.org/W3030740811
https://openalex.org/W3036039954
https://openalex.org/W3097769980
https://openalex.org/W2010451610
https://openalex.org/W2951178886
https://openalex.org/W2591362873
https://openalex.org/W2127596303
https://openalex.org/W977996467
https://openalex.org/W145817026
https://openalex.org/W1620932632
https://openalex.org/W1984122929
https://openalex.org/W2008265896
https://openalex.org/W2051573202
https://openalex.org/W2089935196
https://openalex.org/W2359583449
https://openalex.org/W2418392194
https://openalex.org/W2907321266
https://openalex.org/W2911445859
https://openalex.org/W2921957824
https://openalex.org/W2944630222
https://openalex.org/W2947057946
https://openalex.org/W2950378621
https://openalex.org/W2951551493
https://openalex.org/W2952974679
https://openalex.org/W2963020631
https://openalex.org/W2978658886
https://openalex.org/W2981852478
https://openalex.org/W3000354468
https://openalex.org/W3000839841
https://openalex.org/W3010458094
https://openalex.org/W3019364500
https://openalex.org/W3029979413
https://openalex.org/W3036536660
https://openalex.org/W3036883399
https://openalex.org/W3039891965
https://openalex.org/W3040866122
https://openalex.org/W3092320863
https://openalex.org/W3092936108
https://openalex.org/W3096988420
https://openalex.org/W3108478174
https://openalex.org/W3131896580
https://openalex.org/W3139506131
https://openalex.org/W3189708708
https://openalex.org/W3200848185
https://openalex.org/W4241078275
https://openalex.org/W4246296733
https://openalex.org/W4250376937
https://openalex.org/W4251587015
https://openalex.org/W4253789294
https://openalex.org/W4393729015
https://openalex.org/W1983735019
https://openalex.org/W2000911725
https://openalex.org/W2024181907
https://openalex.org/W2061746524
https://openalex.org/W2085641811
https://openalex.org/W2151439395
https://openalex.org/W2496627443
https://openalex.org/W4252444244
https://openalex.org/W1504732929
https://openalex.org/W1520159287
https://openalex.org/W1974715735
https://openalex.org/W1991550878
https://openalex.org/W2038509905
https://openalex.org/W2142186042
https://openalex.org/W2243890891
https://openalex.org/W2380824946
https://openalex.org/W2392915942
https://openalex.org/W2588697405
https://openalex.org/W34031318
https://openalex.org/W1983051202
https://openalex.org/W2043623709
https://openalex.org/W2044162526
https://openalex.org/W2168061997
https://openalex.org/W2384578505
https://openalex.org/W2417081032
https://openalex.org/W2422084300
https://openalex.org/W2609199506
https://openalex.org/W3016933604
https://openalex.org/W3119291306
https://openalex.org/W3139957229
https://openalex.org/W3147370225
https://openalex.org/W3153409594
https://openalex.org/W3156455904
https://openalex.org/W3157637685
https://openalex.org/W3159282224
https://openalex.org/W3166201731
https://openalex.org/W3171066773
https://openalex.org/W3171133748
https://openalex.org/W3172769626
https://openalex.org/W3179812605
https://openalex.org/W3194804099
https://openalex.org/W3194944456
https://openalex.org/W3197800107
https://openalex.org/W3198303060
https://openalex.org/W3201510561
https://openalex.org/W3202690242
https://openalex.org/W3207754507
https://openalex.org/W3216991183
https://openalex.org/W4200156147
https://openalex.org/W4238916378
https://openalex.org/W65496987
https://openalex.org/W3016140905
https://openalex.org/W2004692087
https://openalex.org/W2039719049
https://openalex.org/W2046531093
https://openalex.org/W2060449649
https://openalex.org/W1972956506
https://openalex.org/W1980487236
https://openalex.org/W2007978791
https://openalex.org/W1491824053
https://openalex.org/W2021512274
https://openalex.org/W2049088475
https://openalex.org/W2077090174
https://openalex.org/W2099338781
https://openalex.org/W2130825364
https://openalex.org/W2902593729
https://openalex.org/W1431639718
https://openalex.org/W1832439318
https://openalex.org/W2315895274
https://openalex.org/W2418503990
https://openalex.org/W1423038951
https://openalex.org/W1970365325
https://openalex.org/W2007554951
https://openalex.org/W2057569192
https://openalex.org/W2092934476
https://openalex.org/W2105795371
https://openalex.org/W2409462292
https://openalex.org/W54869041
https://openalex.org/W2000013092
https://openalex.org/W2006623395
https://openalex.org/W2021306241
https://openalex.org/W2434580166
https://openalex.org/W140178166
https://openalex.org/W1491197342
https://openalex.org/W1951321024
https://openalex.org/W1969359202
https://openalex.org/W2010833156
https://openalex.org/W2067936006
https://openalex.org/W2068174924
https://openalex.org/W2156052676
https://openalex.org/W2157512868
https://openalex.org/W2183082615
https://openalex.org/W2183918330
https://openalex.org/W2187700307
https://openalex.org/W2296934574
https://openalex.org/W2299866711
https://openalex.org/W2316762044
https://openalex.org/W2321689529
https://openalex.org/W2323413705
https://openalex.org/W2327329016
https://openalex.org/W2327901044
https://openalex.org/W2329160302
https://openalex.org/W2332029670
https://openalex.org/W2336589975
https://openalex.org/W2372053581
https://openalex.org/W2399775825
https://openalex.org/W2407311454
https://openalex.org/W2414483013
https://openalex.org/W2418892822
https://openalex.org/W2423347876
https://openalex.org/W2423687789
https://openalex.org/W2432857313
https://openalex.org/W2469420819
https://openalex.org/W2475756212
https://openalex.org/W2482807434
https://openalex.org/W2484959039
https://openalex.org/W2487478058
https://openalex.org/W2490181790
https://openalex.org/W2500053632
https://openalex.org/W2501546097
https://openalex.org/W2502617422
https://openalex.org/W2505981203
https://openalex.org/W2506297316
https://openalex.org/W2507561034
https://openalex.org/W2507607893
https://openalex.org/W2508450492
https://openalex.org/W2509047678
https://openalex.org/W2509431244
https://openalex.org/W2509995335
https://openalex.org/W2510662442
https://openalex.org/W2510895837
https://openalex.org/W2511938596
https://openalex.org/W2512989811
https://openalex.org/W2513257813
https://openalex.org/W2513511389
https://openalex.org/W2514393383
https://openalex.org/W2514411181
https://openalex.org/W2515204771
https://openalex.org/W2515266319
https://openalex.org/W2515750329
https://openalex.org/W2516901815
https://openalex.org/W2517568706
https://openalex.org/W2517768966
https://openalex.org/W2517794281
https://openalex.org/W2518316484
https://openalex.org/W2520368303
https://openalex.org/W2550650943
https://openalex.org/W2551688196
https://openalex.org/W2555006607
https://openalex.org/W2560229556
https://openalex.org/W2563131938
https://openalex.org/W2564149018
https://openalex.org/W2568446289
https://openalex.org/W2575130237
https://openalex.org/W2577435414
https://openalex.org/W2580080276
https://openalex.org/W2586154508
https://openalex.org/W2587342208
https://openalex.org/W2587858659
https://openalex.org/W2588055510
https://openalex.org/W2588314420
https://openalex.org/W2588596121
https://openalex.org/W2603366242
https://openalex.org/W2617909425
https://openalex.org/W2746363404
https://openalex.org/W2747300753
https://openalex.org/W2749867054
https://openalex.org/W2750441284
https://openalex.org/W2770630528
https://openalex.org/W2950420190
https://openalex.org/W2994075701
https://openalex.org/W3019748524
https://openalex.org/W3030908112
https://openalex.org/W3031099220
https://openalex.org/W3031720432
https://openalex.org/W3032076284
https://openalex.org/W3032335267
https://openalex.org/W3032474298
https://openalex.org/W3032480912
https://openalex.org/W3035331721
https://openalex.org/W3041925565
https://openalex.org/W3117126520
https://openalex.org/W3174242402
https://openalex.org/W3193241544
https://openalex.org/W3196559243
https://openalex.org/W3210162106
https://openalex.org/W4205614852
https://openalex.org/W4229746923
https://openalex.org/W4229842690
https://openalex.org/W4229863616
https://openalex.org/W4229929480
https://openalex.org/W4230635876
https://openalex.org/W4232533172
https://openalex.org/W4233082139
https://openalex.org/W4233118657
https://openalex.org/W4233502079
https://openalex.org/W4234336565
https://openalex.org/W4235175283
https://openalex.org/W4235587513
https://openalex.org/W4235799583
https://openalex.org/W4235831892
https://openalex.org/W4236819411
https://openalex.org/W4237036117
https://openalex.org/W4237508620
https://openalex.org/W4238475562
https://openalex.org/W4238497675
https://openalex.org/W4239792451
https://openalex.org/W4240651902
https://openalex.org/W4241254243
https://openalex.org/W4241269516
https://openalex.org/W4241715164
https://openalex.org/W4241750597
https://openalex.org/W4242093477
https://openalex.org/W4242648375
https://openalex.org/W4244239591
https://openalex.org/W4244914468
https://openalex.org/W4244949608
https://openalex.org/W4245146970
https://openalex.org/W4245655278
https://openalex.org/W4245945233
https://openalex.org/W4246603264
https://openalex.org/W4247195783
https://openalex.org/W4248084567
https://openalex.org/W4249669129
https://openalex.org/W4250755249
https://openalex.org/W4253030006
https://openalex.org/W4253224118
https://openalex.org/W4255062845
https://openalex.org/W4256248293
https://openalex.org/W4256420608
https://openalex.org/W4308627362
https://openalex.org/W4394442848
https://openalex.org/W565608521
https://openalex.org/W771253414
https://openalex.org/W127975291
https://openalex.org/W1979634709
https://openalex.org/W2084469892
https://openalex.org/W2116010875
https://openalex.org/W2159413235
https://openalex.org/W2586379690
https://openalex.org/W4239721172
https://openalex.org/W1996505479
https://openalex.org/W2071364757
https://openalex.org/W2073438338
https://openalex.org/W1518807908
https://openalex.org/W1551998491
https://openalex.org/W1568971882
https://openalex.org/W1971313992
https://openalex.org/W1975450309
https://openalex.org/W1983838630
https://openalex.org/W1991562067
https://openalex.org/W1994892177
https://openalex.org/W2001828933
https://openalex.org/W2003524981
https://openalex.org/W2014640993
https://openalex.org/W2018727997
https://openalex.org/W2043319445
https://openalex.org/W2044214458
https://openalex.org/W2048776360
https://openalex.org/W2049272881
https://openalex.org/W2067627864
https://openalex.org/W2076750612
https://openalex.org/W2101324670
https://openalex.org/W2116487990
https://openalex.org/W2117319651
https://openalex.org/W2147939198
https://openalex.org/W2172159981
https://openalex.org/W2188843561
https://openalex.org/W2209018536
https://openalex.org/W2276723747
https://openalex.org/W2289867999
https://openalex.org/W2295267449
https://openalex.org/W2313493622
https://openalex.org/W2316082820
https://openalex.org/W2320125589
https://openalex.org/W2321996543
https://openalex.org/W2325524667
https://openalex.org/W2326505493
https://openalex.org/W2327770161
https://openalex.org/W2329564803
https://openalex.org/W2330708029
https://openalex.org/W2332295633
https://openalex.org/W2334487963
https://openalex.org/W2344341270
https://openalex.org/W2350301226
https://openalex.org/W2353397575
https://openalex.org/W2358668181
https://openalex.org/W2384127175
https://openalex.org/W2385677735
https://openalex.org/W2389701537
https://openalex.org/W2399634649
https://openalex.org/W2401475677
https://openalex.org/W2407883312
https://openalex.org/W2408288210
https://openalex.org/W2412611741
https://openalex.org/W2413259357
https://openalex.org/W2416287549
https://openalex.org/W2420056610
https://openalex.org/W2492374112
https://openalex.org/W2565019027
https://openalex.org/W2565364918
https://openalex.org/W2566389879
https://openalex.org/W2750445343
https://openalex.org/W2921641815
https://openalex.org/W2926272858
https://openalex.org/W30127000
https://openalex.org/W3028703719
https://openalex.org/W3029832232
https://openalex.org/W3030667300
https://openalex.org/W3032555587
https://openalex.org/W3032783454
https://openalex.org/W3090341033
https://openalex.org/W3131312241
https://openalex.org/W3167176362
https://openalex.org/W4238978022
https://openalex.org/W4248158351
https://openalex.org/W1998436282
https://openalex.org/W562790676
https://openalex.org/W82849068
https://openalex.org/W1492846882
https://openalex.org/W1976426102
https://openalex.org/W1986595340
https://openalex.org/W2024683188
https://openalex.org/W2315673642
https://openalex.org/W2355782619
https://openalex.org/W2387400016
https://openalex.org/W2411815970
https://openalex.org/W2417882392
https://openalex.org/W2586959721
https://openalex.org/W2587941248
https://openalex.org/W3180253471
https://openalex.org/W900691822
https://openalex.org/W1502781077
https://openalex.org/W1988161361
https://openalex.org/W2000168246
https://openalex.org/W206031852
https://openalex.org/W2061149365
https://openalex.org/W2108273013
https://openalex.org/W2110315634
https://openalex.org/W2143561218
https://openalex.org/W2320350733
https://openalex.org/W2327983261
https://openalex.org/W2329501657
https://openalex.org/W2352955927
https://openalex.org/W2361544607
https://openalex.org/W2372774526
https://openalex.org/W2378238901
https://openalex.org/W2381053021
https://openalex.org/W2418704975
https://openalex.org/W2478474873
https://openalex.org/W2500602696
https://openalex.org/W2531843941
https://openalex.org/W2555706644
https://openalex.org/W2580764032
https://openalex.org/W2583459788
https://openalex.org/W2599864901
https://openalex.org/W2604042894
https://openalex.org/W2612907405
https://openalex.org/W2616036364
https://openalex.org/W2734458946
https://openalex.org/W2735133096
https://openalex.org/W2735520534
https://openalex.org/W2741064302
https://openalex.org/W2742216378
https://openalex.org/W2742367202
https://openalex.org/W2742816939
https://openalex.org/W2743223587
https://openalex.org/W2744382115
https://openalex.org/W2745393108
https://openalex.org/W2745668047
https://openalex.org/W2745718315
https://openalex.org/W2749967337
https://openalex.org/W2752860962
https://openalex.org/W2753214152
https://openalex.org/W2753360266
https://openalex.org/W2765102857
https://openalex.org/W2767032292
https://openalex.org/W2788209229
https://openalex.org/W2788938033
https://openalex.org/W2884479633
https://openalex.org/W2900998333
https://openalex.org/W2913964454
https://openalex.org/W2946415888
https://openalex.org/W2980076708
https://openalex.org/W3028780597
https://openalex.org/W3029812988
https://openalex.org/W3031935835
https://openalex.org/W4212817930
https://openalex.org/W4212954269
https://openalex.org/W4237474319
https://openalex.org/W4282972350
https://openalex.org/W4301895406
https://openalex.org/W4327494313
https://openalex.org/W2072915570
https://openalex.org/W2335432005
https://openalex.org/W2428317594
https://openalex.org/W68672498
https://openalex.org/W154837387
https://openalex.org/W1937917679
https://openalex.org/W1964181029
https://openalex.org/W1982074568
https://openalex.org/W1984492700
https://openalex.org/W1988240687
https://openalex.org/W1994756890
https://openalex.org/W1997597303
https://openalex.org/W2041010401
https://openalex.org/W2054655844
https://openalex.org/W2068676834
https://openalex.org/W2088442758
https://openalex.org/W2116268986
https://openalex.org/W2137141121
https://openalex.org/W2140901058
https://openalex.org/W2142791062
https://openalex.org/W2149796730
https://openalex.org/W2153462925
https://openalex.org/W2168307535
https://openalex.org/W2231004311
https://openalex.org/W2239814548
https://openalex.org/W2268069757
https://openalex.org/W2285135596
https://openalex.org/W2369523694
https://openalex.org/W2376855557
https://openalex.org/W2387400233
https://openalex.org/W2388911010
https://openalex.org/W2393987297
https://openalex.org/W2421125223
https://openalex.org/W245865244
https://openalex.org/W2789397895
https://openalex.org/W2801612989
https://openalex.org/W2875346139
https://openalex.org/W2949554254
https://openalex.org/W2951825788
https://openalex.org/W2989810023
https://openalex.org/W3000135328
https://openalex.org/W3029585010
https://openalex.org/W3030130238
https://openalex.org/W3030881020
https://openalex.org/W3183180246
https://openalex.org/W3215202851
https://openalex.org/W4200077913
https://openalex.org/W4206254454
https://openalex.org/W4206558423
https://openalex.org/W4210313069
https://openalex.org/W4210442606
https://openalex.org/W4210487578
https://openalex.org/W4210518484
https://openalex.org/W4210955483
https://openalex.org/W4214857887
https://openalex.org/W4220729910
https://openalex.org/W4221006923
https://openalex.org/W4221151687
https://openalex.org/W4223545442
https://openalex.org/W4223655809
https://openalex.org/W4224031858
https://openalex.org/W4224048480
https://openalex.org/W4225405834
https://openalex.org/W4226020842
https://openalex.org/W4281383109
https://openalex.org/W4281963650
https://openalex.org/W4282039685
https://openalex.org/W4282942333
https://openalex.org/W4282982076
https://openalex.org/W4283383816
https://openalex.org/W4283717403
https://openalex.org/W4284961516
https://openalex.org/W4285268503
https://openalex.org/W4285303135
https://openalex.org/W4286208228
https://openalex.org/W4287091863
https://openalex.org/W4290075413
https://openalex.org/W4292647857
https://openalex.org/W4293236350
https://openalex.org/W4294193025
https://openalex.org/W4294682403
https://openalex.org/W4297990670
https://openalex.org/W4298105312
https://openalex.org/W4300487544
https://openalex.org/W4300568075
https://openalex.org/W4300633557
https://openalex.org/W4303579804
https://openalex.org/W4306662332
https://openalex.org/W4307630833
https://openalex.org/W4308843779
https://openalex.org/W4308993233
https://openalex.org/W4309540746
https://openalex.org/W4310331739
https://openalex.org/W4310496972
https://openalex.org/W4310679735
https://openalex.org/W4313305164
https://openalex.org/W4316924591
https://openalex.org/W4318537792
https://openalex.org/W4392409370
https://openalex.org/W85176922
https://openalex.org/W970910585
https://openalex.org/W2007424035
https://openalex.org/W2067966881
https://openalex.org/W2086802255
https://openalex.org/W2325228460
https://openalex.org/W2347129873
https://openalex.org/W2355644520
https://openalex.org/W2398361799
https://openalex.org/W2403460232
https://openalex.org/W1125928624
https://openalex.org/W2000149739
https://openalex.org/W2016172812
https://openalex.org/W2039041970
https://openalex.org/W2115760677
https://openalex.org/W2127957624
https://openalex.org/W2237602970
https://openalex.org/W2258160677
https://openalex.org/W2294460117
https://openalex.org/W2354188451
https://openalex.org/W2356977660
https://openalex.org/W2390649912
https://openalex.org/W2391283700
https://openalex.org/W2413645166
https://openalex.org/W2414251537
https://openalex.org/W2436907360
https://openalex.org/W2472965039
https://openalex.org/W2799653971
https://openalex.org/W2799838791
https://openalex.org/W2806453513
https://openalex.org/W2809046748
https://openalex.org/W2811252668
https://openalex.org/W2838290192
https://openalex.org/W2885077345
https://openalex.org/W2888953381
https://openalex.org/W2889044583
https://openalex.org/W2890672061
https://openalex.org/W2891504464
https://openalex.org/W2892133562
https://openalex.org/W2892146607
https://openalex.org/W2895107443
https://openalex.org/W2895474932
https://openalex.org/W2895610069
https://openalex.org/W2898320618
https://openalex.org/W2899922996
https://openalex.org/W2902615818
https://openalex.org/W2908065229
https://openalex.org/W2912116351
https://openalex.org/W2913325093
https://openalex.org/W2919011053
https://openalex.org/W2924880694
https://openalex.org/W2941420430
https://openalex.org/W2942420676
https://openalex.org/W2948103688
https://openalex.org/W2950170286
https://openalex.org/W2951101089
https://openalex.org/W2954395816
https://openalex.org/W2955245471
https://openalex.org/W2955519176
https://openalex.org/W2965257740
https://openalex.org/W2966690808
https://openalex.org/W2971728952
https://openalex.org/W2971864826
https://openalex.org/W2974719726
https://openalex.org/W2974974406
https://openalex.org/W2975575730
https://openalex.org/W2975729239
https://openalex.org/W2975982962
https://openalex.org/W2976131835
https://openalex.org/W2976435227
https://openalex.org/W2977072698
https://openalex.org/W2981330340
https://openalex.org/W2987777109
https://openalex.org/W2988783313
https://openalex.org/W2990534495
https://openalex.org/W2998928582
https://openalex.org/W2999999821
https://openalex.org/W3008868287
https://openalex.org/W3013682488
https://openalex.org/W3023583077
https://openalex.org/W3028708648
https://openalex.org/W3028807079
https://openalex.org/W3029142330
https://openalex.org/W3031708396
https://openalex.org/W3046160971
https://openalex.org/W3107572584
https://openalex.org/W3111718238
https://openalex.org/W3146709673
https://openalex.org/W3161837297
https://openalex.org/W3162063364
https://openalex.org/W3173956480
https://openalex.org/W3208297702
https://openalex.org/W3209356188
https://openalex.org/W3209713763
https://openalex.org/W4231318995
https://openalex.org/W4231809017
https://openalex.org/W4232201265
https://openalex.org/W4234592689
https://openalex.org/W4241999638
https://openalex.org/W4248240493
https://openalex.org/W4248344484
https://openalex.org/W4249092436
https://openalex.org/W4249752143
https://openalex.org/W4251630624
https://openalex.org/W4301504755
https://openalex.org/W4310651825
https://openalex.org/W4393468052
https://openalex.org/W4394112118
https://openalex.org/W4394140139
https://openalex.org/W4394442383
https://openalex.org/W4394487126
https://openalex.org/W4394490916
https://openalex.org/W74218172
https://openalex.org/W2030440590
https://openalex.org/W2107232011
https://openalex.org/W2160113596
https://openalex.org/W2328384507
https://openalex.org/W2358682387
https://openalex.org/W2410923120
https://openalex.org/W2468602867
https://openalex.org/W2949502958
https://openalex.org/W2949622273
https://openalex.org/W2950241391
https://openalex.org/W4246025160
https://openalex.org/W13058865
https://openalex.org/W1595978413
https://openalex.org/W1979393273
https://openalex.org/W2003492960
https://openalex.org/W2020607071
https://openalex.org/W2022600899
https://openalex.org/W2041502949
https://openalex.org/W2056967880
https://openalex.org/W2101579066
https://openalex.org/W2160767584
https://openalex.org/W2187868369
https://openalex.org/W2273291354
https://openalex.org/W2350722666
https://openalex.org/W2357199172
https://openalex.org/W2361092162
https://openalex.org/W2371487633
https://openalex.org/W2376091028
https://openalex.org/W2540074754
https://openalex.org/W2568515286
https://openalex.org/W2570170791
https://openalex.org/W2612462788
https://openalex.org/W2971074129
https://openalex.org/W2995863372
https://openalex.org/W2998510090
https://openalex.org/W3005940561
https://openalex.org/W3006600944
https://openalex.org/W3008133972
https://openalex.org/W3012548858
https://openalex.org/W3014944756
https://openalex.org/W3017165195
https://openalex.org/W3017637612
https://openalex.org/W3019482470
https://openalex.org/W3020596770
https://openalex.org/W3022788206
https://openalex.org/W3023603541
https://openalex.org/W3033463727
https://openalex.org/W3036700719
https://openalex.org/W3047607857
https://openalex.org/W3082192673
https://openalex.org/W3090173910
https://openalex.org/W3093180208
https://openalex.org/W3093188359
https://openalex.org/W3093607555
https://openalex.org/W3093851822
https://openalex.org/W3095193408
https://openalex.org/W3096536881
https://openalex.org/W3097199613
https://openalex.org/W3111011172
https://openalex.org/W3112615415
https://openalex.org/W3113111787
https://openalex.org/W3116322337
https://openalex.org/W3117913954
https://openalex.org/W3125182011
https://openalex.org/W3126471770
https://openalex.org/W3128698523
https://openalex.org/W3134307188
https://openalex.org/W3152738179
https://openalex.org/W3158202928
https://openalex.org/W3158482726
https://openalex.org/W3159413249
https://openalex.org/W3159488499
https://openalex.org/W3183300256
https://openalex.org/W3187341302
https://openalex.org/W3195520175
https://openalex.org/W4232651821
https://openalex.org/W4236291283
https://openalex.org/W4237410314
https://openalex.org/W4241375306
https://openalex.org/W4243021003
https://openalex.org/W4245207989
https://openalex.org/W4246017629
https://openalex.org/W4251214946
https://openalex.org/W4252257052
https://openalex.org/W607533368
https://openalex.org/W844452477
https://openalex.org/W2411301302
https://openalex.org/W2588305798
https://openalex.org/W1978745609
https://openalex.org/W1994685134
https://openalex.org/W2027981533
https://openalex.org/W2366034774
https://openalex.org/W2368391528
https://openalex.org/W2390000440
https://openalex.org/W2401066357
https://openalex.org/W2401302663
https://openalex.org/W2510157316
https://openalex.org/W2606793853
https://openalex.org/W2913767058
https://openalex.org/W2943329312
https://openalex.org/W4230598540
https://openalex.org/W4302434046
https://openalex.org/W59242295
https://openalex.org/W1563346620
https://openalex.org/W176449921
https://openalex.org/W196044239
https://openalex.org/W1972179574
https://openalex.org/W1989762688
https://openalex.org/W1996809627
https://openalex.org/W2003580736
https://openalex.org/W2003662948
https://openalex.org/W2046592079
https://openalex.org/W2070740485
https://openalex.org/W2142473387
https://openalex.org/W2279451463
https://openalex.org/W2389452014
https://openalex.org/W2395916925
https://openalex.org/W2418638759
https://openalex.org/W271950463
https://openalex.org/W3034573229
https://openalex.org/W3112618759
https://openalex.org/W3121517550
https://openalex.org/W3126742800
https://openalex.org/W3127166225
https://openalex.org/W3129552752
https://openalex.org/W3136209078
https://openalex.org/W3136657705
https://openalex.org/W3150275553
https://openalex.org/W3153879169
https://openalex.org/W3155726908
https://openalex.org/W3158001780
https://openalex.org/W3158797271
https://openalex.org/W3158957245
https://openalex.org/W3161752139
https://openalex.org/W3165535423
https://openalex.org/W3169675981
https://openalex.org/W3177787651
https://openalex.org/W3179961891
https://openalex.org/W3179970273
https://openalex.org/W3185288422
https://openalex.org/W3190100273
https://openalex.org/W3190175899
https://openalex.org/W3193568752
https://openalex.org/W3193741625
https://openalex.org/W3195000944
https://openalex.org/W3195311412
https://openalex.org/W3195464626
https://openalex.org/W3195951697
https://openalex.org/W3196018040
https://openalex.org/W3196081265
https://openalex.org/W3196233063
https://openalex.org/W3196247197
https://openalex.org/W3197397050
https://openalex.org/W3198630997
https://openalex.org/W3198690452
https://openalex.org/W3199219326
https://openalex.org/W3202720525
https://openalex.org/W3206632017
https://openalex.org/W3206730508
https://openalex.org/W3207259969
https://openalex.org/W3207548714
https://openalex.org/W3211505296
https://openalex.org/W3213287464
https://openalex.org/W4200084532
https://openalex.org/W4200129444
https://openalex.org/W4200432109
https://openalex.org/W4200450259
https://openalex.org/W4200514663
https://openalex.org/W4211121318
https://openalex.org/W4213208026
https://openalex.org/W4235597530
https://openalex.org/W4290378317
https://openalex.org/W4319433749
https://openalex.org/W65515186
https://openalex.org/W118320818
https://openalex.org/W168241641
https://openalex.org/W2038459496
https://openalex.org/W2062781688
https://openalex.org/W2229831624
https://openalex.org/W2326995400
https://openalex.org/W2329855968
https://openalex.org/W2354267673
https://openalex.org/W2358062877
https://openalex.org/W2388082204
https://openalex.org/W2405336526
https://openalex.org/W2413476876
https://openalex.org/W2435182275
https://openalex.org/W2570213261
https://openalex.org/W2624750756
https://openalex.org/W2909786358
https://openalex.org/W4245475700
https://openalex.org/W4392530202
https://openalex.org/W584863358
https://openalex.org/W2324625285
https://openalex.org/W2404296935
https://openalex.org/W2407436436
https://openalex.org/W2411508035
https://openalex.org/W2417356555
https://openalex.org/W2464412910
https://openalex.org/W2470513747
https://openalex.org/W2471265512
https://openalex.org/W2605742864
https://openalex.org/W4238224132
https://openalex.org/W4254272061
https://openalex.org/W1983006602
https://openalex.org/W2037411827
https://openalex.org/W2043911459
https://openalex.org/W2260354397
https://openalex.org/W2303461913
https://openalex.org/W2316986316
https://openalex.org/W2329848575
https://openalex.org/W2339323294
https://openalex.org/W2376588423
https://openalex.org/W2383789891
https://openalex.org/W2410991191
https://openalex.org/W2413316521
https://openalex.org/W2414556736
https://openalex.org/W2418283970
https://openalex.org/W2424708269
https://openalex.org/W2475699958
https://openalex.org/W2497651846
https://openalex.org/W2895893335
https://openalex.org/W2953076764
https://openalex.org/W4234697401
https://openalex.org/W4236368017
https://openalex.org/W4236958434
https://openalex.org/W4248607803
https://openalex.org/W88420544
https://openalex.org/W1983140170
https://openalex.org/W1986724315
https://openalex.org/W1993078898
https://openalex.org/W1997402751
https://openalex.org/W2024960116
https://openalex.org/W2066861093
https://openalex.org/W2073366241
https://openalex.org/W2088768211
https://openalex.org/W2138795342
https://openalex.org/W2182246140
https://openalex.org/W2315070328
https://openalex.org/W2323542705
https://openalex.org/W2333957067
https://openalex.org/W2339278122
https://openalex.org/W2342158552
https://openalex.org/W2360438157
https://openalex.org/W2366866697
https://openalex.org/W2415327266
https://openalex.org/W2468495971
https://openalex.org/W2515361008
https://openalex.org/W2591886221
https://openalex.org/W2808492101
https://openalex.org/W2913670976
https://openalex.org/W2950556288
https://openalex.org/W2950556977
https://openalex.org/W2952620560
https://openalex.org/W4206811348
https://openalex.org/W4232858775
https://openalex.org/W13473855
https://openalex.org/W1967725834
https://openalex.org/W1993837693
https://openalex.org/W2002508596
https://openalex.org/W2003355636
https://openalex.org/W2052156165
https://openalex.org/W2105150787
https://openalex.org/W2277934466
https://openalex.org/W2291856497
https://openalex.org/W2316276482
https://openalex.org/W2329406124
https://openalex.org/W2344926908
https://openalex.org/W2345462154
https://openalex.org/W2375069340
https://openalex.org/W2408149618
https://openalex.org/W2413010248
https://openalex.org/W2420974665
https://openalex.org/W2474024676
https://openalex.org/W2507907022
https://openalex.org/W2569431723
https://openalex.org/W2604423522
https://openalex.org/W2615463271
https://openalex.org/W2919386027
https://openalex.org/W2950729889
https://openalex.org/W2950904405
https://openalex.org/W2952770273
https://openalex.org/W4232550898
https://openalex.org/W432080944
https://openalex.org/W584841332
https://openalex.org/W621298956
https://openalex.org/W100477553
https://openalex.org/W122932399
https://openalex.org/W1974180684
https://openalex.org/W1979620738
https://openalex.org/W1980836491
https://openalex.org/W2014414193
https://openalex.org/W2022175391
https://openalex.org/W2033416122
https://openalex.org/W2036965647
https://openalex.org/W2041620517
https://openalex.org/W2046305399
https://openalex.org/W2059344871
https://openalex.org/W2076557790
https://openalex.org/W2078779194
https://openalex.org/W2080651485
https://openalex.org/W2107178674
https://openalex.org/W2159406472
https://openalex.org/W2162928424
https://openalex.org/W2167174690
https://openalex.org/W2246357191
https://openalex.org/W225339065
https://openalex.org/W2285324453
https://openalex.org/W2286235908
https://openalex.org/W2313653901
https://openalex.org/W2393578180
https://openalex.org/W2400025573
https://openalex.org/W2403789406
https://openalex.org/W2404136880
https://openalex.org/W2405259036
https://openalex.org/W2405323994
https://openalex.org/W2415690779
https://openalex.org/W2419130941
https://openalex.org/W2507227879
https://openalex.org/W2571231746
https://openalex.org/W2585386228
https://openalex.org/W2586129821
https://openalex.org/W2586233083
https://openalex.org/W2588120173
https://openalex.org/W2589039107
https://openalex.org/W2590202706
https://openalex.org/W2949088783
https://openalex.org/W2949743830
https://openalex.org/W2950423431
https://openalex.org/W2950641581
https://openalex.org/W2952160356
https://openalex.org/W3023341688
https://openalex.org/W3042122351
https://openalex.org/W3155848349
https://openalex.org/W3155890752
https://openalex.org/W3177286137
https://openalex.org/W3195403544
https://openalex.org/W3211092676
https://openalex.org/W391069432
https://openalex.org/W4234638179
https://openalex.org/W4251478374
https://openalex.org/W4255727628
https://openalex.org/W426981775
https://openalex.org/W590141483
https://openalex.org/W605260293
https://openalex.org/W626031909
https://openalex.org/W634450218
https://openalex.org/W644363395
https://openalex.org/W648937559
https://openalex.org/W2770893462
https://openalex.org/W2161114756
https://openalex.org/W2325386765
https://openalex.org/W1562359402
https://openalex.org/W2032017768
https://openalex.org/W2127497673
https://openalex.org/W2787280455
https://openalex.org/W2052795297
https://openalex.org/W2070827176
https://openalex.org/W2116294985
https://openalex.org/W2138796020
https://openalex.org/W1983770985
https://openalex.org/W2061146362
https://openalex.org/W3036863755
https://openalex.org/W3165780670
https://openalex.org/W2084061862
https://openalex.org/W2784654265
https://openalex.org/W2795044371
https://openalex.org/W2902244724
https://openalex.org/W4280604231
https://openalex.org/W4306664324
https://openalex.org/W4284990838
https://openalex.org/W4311278226
https://openalex.org/W4285390636
https://openalex.org/W4362505854
https://openalex.org/W4295736419
https://openalex.org/W4361298481
https://openalex.org/W2055440347
https://openalex.org/W1495149107
https://openalex.org/W2029650406
https://openalex.org/W1493792841
https://openalex.org/W2168878865
https://openalex.org/W2095986441
https://openalex.org/W2075978622
https://openalex.org/W2020271938
https://openalex.org/W1966563441
https://openalex.org/W2067528910
https://openalex.org/W2096205070
https://openalex.org/W2104684814
https://openalex.org/W2403173049
https://openalex.org/W2128178406
https://openalex.org/W2153448631
https://openalex.org/W2060858779
https://openalex.org/W2335959123
https://openalex.org/W1529246925
https://openalex.org/W2143867203
https://openalex.org/W2084832643
https://openalex.org/W1970422755
https://openalex.org/W1978976303
https://openalex.org/W1987287378
https://openalex.org/W2012284547
https://openalex.org/W2105927350
https://openalex.org/W2093809554
https://openalex.org/W2101035519
https://openalex.org/W1622869407
https://openalex.org/W1979900185
https://openalex.org/W2055142708
https://openalex.org/W1993142710
https://openalex.org/W2002876456
https://openalex.org/W2113894340
https://openalex.org/W2082614063
https://openalex.org/W2006987287
https://openalex.org/W1981604658
https://openalex.org/W2146899219
https://openalex.org/W2152979067
https://openalex.org/W2095817939
https://openalex.org/W2134831659
https://openalex.org/W2144658618
https://openalex.org/W2593879388
https://openalex.org/W1980584881
https://openalex.org/W1965403226
https://openalex.org/W2780725426
https://openalex.org/W2946033191
https://openalex.org/W619866093
https://openalex.org/W1978043126
https://openalex.org/W2990310466
https://openalex.org/W2031704039
https://openalex.org/W2031050386
https://openalex.org/W2939164430
https://openalex.org/W2586934430
https://openalex.org/W2043551253
https://openalex.org/W2038088108
https://openalex.org/W2515272500
https://openalex.org/W2332250263
https://openalex.org/W2792731373
https://openalex.org/W3037090189
https://openalex.org/W3031634823
https://openalex.org/W2912619630
https://openalex.org/W3083599586
https://openalex.org/W3097393396
https://openalex.org/W127534507
https://openalex.org/W3049650463
https://openalex.org/W3135025280
https://openalex.org/W3159868125
https://openalex.org/W3209117390
https://openalex.org/W4206449342
https://openalex.org/W4210788347
https://openalex.org/W4213272903
https://openalex.org/W4323665003
https://openalex.org/W4387004736
https://openalex.org/W4315499036
https://openalex.org/W4322775123
https://openalex.org/W4322627019
https://openalex.org/W2146505032
https://openalex.org/W1601417206
https://openalex.org/W2171659837
https://openalex.org/W1985792696
https://openalex.org/W2124836770
https://openalex.org/W2044469921
https://openalex.org/W2035274828
https://openalex.org/W2013609605
https://openalex.org/W2395293793
https://openalex.org/W2023351664
https://openalex.org/W4254629716
https://openalex.org/W1996872278
https://openalex.org/W2032292661
https://openalex.org/W2035200428
https://openalex.org/W1640165957
https://openalex.org/W2078923581
https://openalex.org/W1997273913
https://openalex.org/W2064224904
https://openalex.org/W2126653029
https://openalex.org/W1983826981
https://openalex.org/W1998110717
https://openalex.org/W2011697750
https://openalex.org/W4251390755
https://openalex.org/W2113182862
https://openalex.org/W126000908
https://openalex.org/W2011423461
https://openalex.org/W2012460180
https://openalex.org/W2079513662
https://openalex.org/W2135285532
https://openalex.org/W2147055526
https://openalex.org/W2613066506
https://openalex.org/W2055879042
https://openalex.org/W2239106233
https://openalex.org/W2337828727
https://openalex.org/W2015696169
https://openalex.org/W2021936882
https://openalex.org/W2085733501
https://openalex.org/W2021263979
https://openalex.org/W2547477046
https://openalex.org/W2756121960
https://openalex.org/W2898297960
https://openalex.org/W3093569877
https://openalex.org/W2915146476
https://openalex.org/W194140505
https://openalex.org/W3093772500
https://openalex.org/W3010643403
https://openalex.org/W3087139162
https://openalex.org/W3192463937
https://openalex.org/W151625778
https://openalex.org/W1603329152
https://openalex.org/W3138597356
https://openalex.org/W3169252012
https://openalex.org/W4281550843
https://openalex.org/W4298215719
https://openalex.org/W4388451811
https://openalex.org/W4379527413
https://openalex.org/W4388491963
https://openalex.org/W4389505653
https://openalex.org/W4390725316
https://openalex.org/W4392100753
https://openalex.org/W4392388910
https://openalex.org/W4392922244
https://openalex.org/W2045415040
https://openalex.org/W240126311
https://openalex.org/W2040933944
https://openalex.org/W2011680294
https://openalex.org/W2168581014
https://openalex.org/W2287281867
https://openalex.org/W2049059929
https://openalex.org/W2037270402
https://openalex.org/W2399221568
https://openalex.org/W1547798144
https://openalex.org/W1975297440
https://openalex.org/W782857880
https://openalex.org/W2048563393
https://openalex.org/W1933284221
https://openalex.org/W2073785692
https://openalex.org/W2077397625
https://openalex.org/W2097437818
https://openalex.org/W2154312302
https://openalex.org/W1549920313
https://openalex.org/W2069145913
https://openalex.org/W2162938574
https://openalex.org/W2087825498
https://openalex.org/W2063928484
https://openalex.org/W1973405385
https://openalex.org/W2049726780
https://openalex.org/W2405088233
https://openalex.org/W2099058664
https://openalex.org/W1968306374
https://openalex.org/W2059014342
https://openalex.org/W2077422850
https://openalex.org/W2009224030
https://openalex.org/W2064433988
https://openalex.org/W2120078208
https://openalex.org/W2746213083
https://openalex.org/W2881219443
https://openalex.org/W2343252262
https://openalex.org/W2026648742
https://openalex.org/W2948140451
https://openalex.org/W2528419395
https://openalex.org/W2901778167
https://openalex.org/W3124879784
https://openalex.org/W2153430213
https://openalex.org/W2101454245
https://openalex.org/W2921802799
https://openalex.org/W2980624415
https://openalex.org/W2115781115
https://openalex.org/W2324163968
https://openalex.org/W3004476750
https://openalex.org/W1986064918
https://openalex.org/W3144471660
https://openalex.org/W4296935007
https://openalex.org/W4220712776
https://openalex.org/W4386885330
https://openalex.org/W4387563542
https://openalex.org/W4309425597
https://openalex.org/W4367156491
https://openalex.org/W4377102727
https://openalex.org/W4380354808
https://openalex.org/W2072546399
https://openalex.org/W2406315113
https://openalex.org/W2072129418
https://openalex.org/W2025084346
https://openalex.org/W1974487918
https://openalex.org/W1979980910
https://openalex.org/W2147078837
https://openalex.org/W2058127062
https://openalex.org/W2077815718
https://openalex.org/W2025918664
https://openalex.org/W1974938242
https://openalex.org/W2088795628
https://openalex.org/W139602266
https://openalex.org/W2089758580
https://openalex.org/W1963878137
https://openalex.org/W2005000501
https://openalex.org/W2042754807
https://openalex.org/W2160997085
https://openalex.org/W2084934772
https://openalex.org/W2127586287
https://openalex.org/W2009344270
https://openalex.org/W2047457152
https://openalex.org/W2047322770
https://openalex.org/W15590002
https://openalex.org/W2061568192
https://openalex.org/W1989947294
https://openalex.org/W2002581152
https://openalex.org/W1521498161
https://openalex.org/W1965868850
https://openalex.org/W2058238527
https://openalex.org/W1995283275
https://openalex.org/W2152896485
https://openalex.org/W1527025885
https://openalex.org/W1986063290
https://openalex.org/W2078614037
https://openalex.org/W2476022860
https://openalex.org/W2751328850
https://openalex.org/W2021034213
https://openalex.org/W2118645550
https://openalex.org/W2040337439
https://openalex.org/W2087366892
https://openalex.org/W2335212580
https://openalex.org/W2889655862
https://openalex.org/W2991410840
https://openalex.org/W3019134498
https://openalex.org/W3195839829
https://openalex.org/W4249400070
https://openalex.org/W4282964412
https://openalex.org/W3210137879
https://openalex.org/W4360976203
https://openalex.org/W4362523325
https://openalex.org/W4365137054
https://openalex.org/W1973241673
https://openalex.org/W2054807189
https://openalex.org/W2017493907
https://openalex.org/W1989322905
https://openalex.org/W2047569507
https://openalex.org/W2070561727
https://openalex.org/W1526223888
https://openalex.org/W1988920125
https://openalex.org/W2046267381
https://openalex.org/W1965159235
https://openalex.org/W2001986462
https://openalex.org/W1972225644
https://openalex.org/W2028774222
https://openalex.org/W2167117093
https://openalex.org/W1586941465
https://openalex.org/W1971505757
https://openalex.org/W1977258231
https://openalex.org/W2098405114
https://openalex.org/W2043854889
https://openalex.org/W2047118504
https://openalex.org/W2050528333
https://openalex.org/W1992479970
https://openalex.org/W2017464064
https://openalex.org/W2323878113
https://openalex.org/W1977427421
https://openalex.org/W2146476033
https://openalex.org/W4362077771
https://openalex.org/W2017488518
https://openalex.org/W2025060230
https://openalex.org/W1855829651
https://openalex.org/W2049873771
https://openalex.org/W2157909819
https://openalex.org/W2734698219
https://openalex.org/W2038972962
https://openalex.org/W2131715568
https://openalex.org/W1501990368
https://openalex.org/W2905294639
https://openalex.org/W2582780557
https://openalex.org/W2929129325
https://openalex.org/W2889304454
https://openalex.org/W2966037284
https://openalex.org/W2021019123
https://openalex.org/W2437596854
https://openalex.org/W2048745746
https://openalex.org/W3165014094
https://openalex.org/W4206916693
https://openalex.org/W4308834674
https://openalex.org/W4321444345
https://openalex.org/W2100045295
https://openalex.org/W2117166713
https://openalex.org/W1576383017
https://openalex.org/W1516608855
https://openalex.org/W1979134182
https://openalex.org/W2027696194
https://openalex.org/W2039649061
https://openalex.org/W1507179670
https://openalex.org/W1994383306
https://openalex.org/W2017573401
https://openalex.org/W1973292330
https://openalex.org/W2157117458
https://openalex.org/W2027759744
https://openalex.org/W2148832808
https://openalex.org/W1505988304
https://openalex.org/W2052138060
https://openalex.org/W2077894825
https://openalex.org/W2014342279
https://openalex.org/W2049621550
https://openalex.org/W1975835142
https://openalex.org/W2122545040
https://openalex.org/W2135971237
https://openalex.org/W2021593835
https://openalex.org/W2332901656
https://openalex.org/W1611366725
https://openalex.org/W1506017265
https://openalex.org/W1587566066
https://openalex.org/W2574781666
https://openalex.org/W2070367347
https://openalex.org/W2299755042
https://openalex.org/W2349849861
https://openalex.org/W2068088637
https://openalex.org/W2069517418
https://openalex.org/W2605227471
https://openalex.org/W2744842430
https://openalex.org/W2509352927
https://openalex.org/W2981277085
https://openalex.org/W2969338974
https://openalex.org/W3043202850
https://openalex.org/W3121464885
https://openalex.org/W3126533132
https://openalex.org/W135359056
https://openalex.org/W162429439
https://openalex.org/W193425317
https://openalex.org/W4212825813
https://openalex.org/W4285744167
https://openalex.org/W4283384492
https://openalex.org/W4283713955
https://openalex.org/W4317521221
https://openalex.org/W4322619023
https://openalex.org/W4385287532
https://openalex.org/W4389097916
https://openalex.org/W4391066225
https://openalex.org/W1989935522
https://openalex.org/W1858751043
https://openalex.org/W2118269130
https://openalex.org/W2045783587
https://openalex.org/W4229885349
https://openalex.org/W2059359822
https://openalex.org/W194494812
https://openalex.org/W2063946677
https://openalex.org/W2068666112
https://openalex.org/W2144360274
https://openalex.org/W2016395061
https://openalex.org/W2103242703
https://openalex.org/W2101207917
https://openalex.org/W2322407960
https://openalex.org/W120603383
https://openalex.org/W2018154805
https://openalex.org/W2084084982
https://openalex.org/W2066104498
https://openalex.org/W2153823016
https://openalex.org/W2050616512
https://openalex.org/W2081386087
https://openalex.org/W2105402295
https://openalex.org/W2163060910
https://openalex.org/W2002274810
https://openalex.org/W2022098969
https://openalex.org/W2002444648
https://openalex.org/W2005826981
https://openalex.org/W2060493359
https://openalex.org/W2396832898
https://openalex.org/W2167059652
https://openalex.org/W1992136836
https://openalex.org/W2023341965
https://openalex.org/W2034994467
https://openalex.org/W2102941699
https://openalex.org/W2316766306
https://openalex.org/W2321863386
https://openalex.org/W2343888056
https://openalex.org/W2134248006
https://openalex.org/W2203389846
https://openalex.org/W1643869162
https://openalex.org/W1974690390
https://openalex.org/W2070585500
https://openalex.org/W2075350398
https://openalex.org/W2158803118
https://openalex.org/W2749609256
https://openalex.org/W2777080676
https://openalex.org/W1964156312
https://openalex.org/W1973819941
https://openalex.org/W2022989617
https://openalex.org/W2106234245
https://openalex.org/W2290855836
https://openalex.org/W2417577301
https://openalex.org/W2568536550
https://openalex.org/W2591877740
https://openalex.org/W2781959500
https://openalex.org/W980929280
https://openalex.org/W2953017015
https://openalex.org/W2146441510
https://openalex.org/W2912225454
https://openalex.org/W2964703260
https://openalex.org/W2082688329
https://openalex.org/W3035045058
https://openalex.org/W2334592275
https://openalex.org/W3160381131
https://openalex.org/W3198074734
https://openalex.org/W4304757502
https://openalex.org/W4388282665
https://openalex.org/W4390547618
https://openalex.org/W4390584530
https://openalex.org/W4390823506
https://openalex.org/W4390884288
https://openalex.org/W4390904504
https://openalex.org/W4390904933
https://openalex.org/W4390910749
https://openalex.org/W4391054031
https://openalex.org/W4391134147
https://openalex.org/W4391364182
https://openalex.org/W4391402261
https://openalex.org/W4391529412
https://openalex.org/W4391721302
https://openalex.org/W4391913262
https://openalex.org/W4392452984
https://openalex.org/W4392729875
https://openalex.org/W4392896968
https://openalex.org/W4393002749
https://openalex.org/W4393202380
https://openalex.org/W4393258663
https://openalex.org/W4393977278
https://openalex.org/W4394962923
https://openalex.org/W4395006850
https://openalex.org/W4395013913
https://openalex.org/W4395695195
https://openalex.org/W2087383696
https://openalex.org/W2081053518
https://openalex.org/W2087743785
https://openalex.org/W2159414644
https://openalex.org/W1573636743
https://openalex.org/W2068375584
https://openalex.org/W2138011751
https://openalex.org/W1788904769
https://openalex.org/W1974130959
https://openalex.org/W2409438552
https://openalex.org/W1994057009
https://openalex.org/W2074508795
https://openalex.org/W1967219856
https://openalex.org/W2043103025
https://openalex.org/W2157555383
https://openalex.org/W2111498904
https://openalex.org/W2021907638
https://openalex.org/W2107681912
https://openalex.org/W2422294195
https://openalex.org/W2404640244
https://openalex.org/W2087203881
https://openalex.org/W2101606229
https://openalex.org/W2053200672
https://openalex.org/W2149163489
https://openalex.org/W2031526490
https://openalex.org/W2081437487
https://openalex.org/W1984458128
https://openalex.org/W2027136519
https://openalex.org/W2096444921
https://openalex.org/W2102204728
https://openalex.org/W2336300693
https://openalex.org/W1976845059
https://openalex.org/W2011141494
https://openalex.org/W2507313787
https://openalex.org/W2130922614
https://openalex.org/W2555294874
https://openalex.org/W2763970525
https://openalex.org/W2809246279
https://openalex.org/W1501822359
https://openalex.org/W2591595616
https://openalex.org/W2976005778
https://openalex.org/W2073508253
https://openalex.org/W2123401348
https://openalex.org/W2938394743
https://openalex.org/W2953760225
https://openalex.org/W3037495455
https://openalex.org/W2027593605
https://openalex.org/W3203183932
https://openalex.org/W3210733310
https://openalex.org/W1966410814
https://openalex.org/W27063890
https://openalex.org/W2058786251
https://openalex.org/W4312967071
https://openalex.org/W4313891878
https://openalex.org/W4317734464
https://openalex.org/W4324135676
https://openalex.org/W4366989103
https://openalex.org/W4380086498
https://openalex.org/W4389735618
https://openalex.org/W1985948241
https://openalex.org/W2043992896
https://openalex.org/W2068024109
https://openalex.org/W1967146231
https://openalex.org/W1968290245
https://openalex.org/W2015965799
https://openalex.org/W2154414477
https://openalex.org/W1964591074
https://openalex.org/W56967118
https://openalex.org/W1968297122
https://openalex.org/W1993742304
https://openalex.org/W1968138400
https://openalex.org/W2021039489
https://openalex.org/W169939396
https://openalex.org/W1968234424
https://openalex.org/W2070127568
https://openalex.org/W2142698505
https://openalex.org/W2797538995
https://openalex.org/W2800452348
https://openalex.org/W1941100755
https://openalex.org/W1996199135
https://openalex.org/W2045205506
https://openalex.org/W2529988193
https://openalex.org/W2239278898
https://openalex.org/W2313385315
https://openalex.org/W2021224715
https://openalex.org/W2124011985
https://openalex.org/W3089913575
https://openalex.org/W3157177124
https://openalex.org/W3161712819
https://openalex.org/W3177025059
https://openalex.org/W122028044
https://openalex.org/W201332400
https://openalex.org/W2314707982
https://openalex.org/W4210976130
https://openalex.org/W4221056067
https://openalex.org/W4224311727
https://openalex.org/W4285791994
https://openalex.org/W4308773881
https://openalex.org/W4308875523
https://openalex.org/W1934025460
https://openalex.org/W1986204507
https://openalex.org/W2404328035
https://openalex.org/W2327129389
https://openalex.org/W4300630435
https://openalex.org/W2003555668
https://openalex.org/W2070304580
https://openalex.org/W2107770203
https://openalex.org/W2062014618
https://openalex.org/W2092042108
https://openalex.org/W1546800059
https://openalex.org/W2058563806
https://openalex.org/W2074314438
https://openalex.org/W2413920021
https://openalex.org/W1565140097
https://openalex.org/W2026195296
https://openalex.org/W2774074136
https://openalex.org/W1994094268
https://openalex.org/W2053468079
https://openalex.org/W2064819862
https://openalex.org/W2077529358
https://openalex.org/W2047607729
https://openalex.org/W1505731156
https://openalex.org/W2131419863
https://openalex.org/W2138634842
https://openalex.org/W2415923549
https://openalex.org/W923737950
https://openalex.org/W2201970982
https://openalex.org/W2221606480
https://openalex.org/W2284052572
https://openalex.org/W2287735273
https://openalex.org/W2288100827
https://openalex.org/W2735325249
https://openalex.org/W2790477928
https://openalex.org/W2808221902
https://openalex.org/W2884284690
https://openalex.org/W2894056457
https://openalex.org/W2902323488
https://openalex.org/W2916253522
https://openalex.org/W2946715414
https://openalex.org/W2463579322
https://openalex.org/W2891783198
https://openalex.org/W2105228481
https://openalex.org/W3044656713
https://openalex.org/W3112465148
https://openalex.org/W2004651942
https://openalex.org/W2344306165
https://openalex.org/W2405675441
https://openalex.org/W3140196871
https://openalex.org/W3213564531
https://openalex.org/W3216881118
https://openalex.org/W67403022
https://openalex.org/W3139059274
https://openalex.org/W4213018580
https://openalex.org/W4292616199
https://openalex.org/W57549239
https://openalex.org/W2015054874
https://openalex.org/W1640796469
https://openalex.org/W2102295462
https://openalex.org/W2002266319
https://openalex.org/W2047371459
https://openalex.org/W2160021590
https://openalex.org/W2431112343
https://openalex.org/W2027423277
https://openalex.org/W2088768245
https://openalex.org/W1971878493
https://openalex.org/W2045726219
https://openalex.org/W1923312618
https://openalex.org/W2014377582
https://openalex.org/W2079646161
https://openalex.org/W2587364488
https://openalex.org/W1965452211
https://openalex.org/W2002529160
https://openalex.org/W2093692885
https://openalex.org/W2124333868
https://openalex.org/W1964401336
https://openalex.org/W1985111758
https://openalex.org/W2032387886
https://openalex.org/W2035369103
https://openalex.org/W2105326053
https://openalex.org/W2896749981
https://openalex.org/W1981993682
https://openalex.org/W2077677806
https://openalex.org/W2468502056
https://openalex.org/W2473323603
https://openalex.org/W2576879404
https://openalex.org/W2592426735
https://openalex.org/W2895781024
https://openalex.org/W2508081071
https://openalex.org/W3016695493
https://openalex.org/W2003659715
https://openalex.org/W3081000545
https://openalex.org/W3097061325
https://openalex.org/W4213308403
https://openalex.org/W3165381728
https://openalex.org/W3201216488
https://openalex.org/W2149504958
https://openalex.org/W2315325660
https://openalex.org/W2074615297
https://openalex.org/W2166150892
https://openalex.org/W2015822486
https://openalex.org/W2168217167
https://openalex.org/W563847786
https://openalex.org/W2059149498
https://openalex.org/W2112303597
https://openalex.org/W2040471811
https://openalex.org/W2078652280
https://openalex.org/W2150202695
https://openalex.org/W2022659778
https://openalex.org/W1502748081
https://openalex.org/W1976072319
https://openalex.org/W2409290372
https://openalex.org/W1756428114
https://openalex.org/W1994630840
https://openalex.org/W1758967660
https://openalex.org/W69687808
https://openalex.org/W1983167605
https://openalex.org/W2046002234
https://openalex.org/W2313648253
https://openalex.org/W1698056197
https://openalex.org/W2891633223
https://openalex.org/W2901994158
https://openalex.org/W2986539335
https://openalex.org/W1518384132
https://openalex.org/W2048502177
https://openalex.org/W2283100925
https://openalex.org/W2552606217
https://openalex.org/W2926120778
https://openalex.org/W2977390421
https://openalex.org/W4250125472
https://openalex.org/W2415400724
https://openalex.org/W3119590128
https://openalex.org/W3130609290
https://openalex.org/W2319966809
https://openalex.org/W4206428563
https://openalex.org/W4220974683
https://openalex.org/W4281700315
https://openalex.org/W4313892004
https://openalex.org/W4318818208
https://openalex.org/W4367395621
https://openalex.org/W4375950284
https://openalex.org/W4379387289
https://openalex.org/W4384700357
https://openalex.org/W4385651918
https://openalex.org/W4386481965
https://openalex.org/W4387576015
https://openalex.org/W4388569871
https://openalex.org/W4389303397
https://openalex.org/W4389880522
https://openalex.org/W2164629870
https://openalex.org/W1495201030
https://openalex.org/W145617339
https://openalex.org/W1995565253
https://openalex.org/W2006082685
https://openalex.org/W2029383745
https://openalex.org/W1992334758
https://openalex.org/W2146398123
https://openalex.org/W2050258191
https://openalex.org/W1963739341
https://openalex.org/W119088687
https://openalex.org/W1978207284
https://openalex.org/W2130102883
https://openalex.org/W1979997212
https://openalex.org/W2026504743
https://openalex.org/W2028567265
https://openalex.org/W2044789265
https://openalex.org/W2046358150
https://openalex.org/W2124002427
https://openalex.org/W2324055478
https://openalex.org/W2610640857
https://openalex.org/W2901667701
https://openalex.org/W1980218116
https://openalex.org/W1985010596
https://openalex.org/W2096053529
https://openalex.org/W2334057028
https://openalex.org/W2559817070
https://openalex.org/W2666667745
https://openalex.org/W2754055549
https://openalex.org/W2090891813
https://openalex.org/W1976025208
https://openalex.org/W2056956083
https://openalex.org/W2058936234
https://openalex.org/W2111779282
https://openalex.org/W2138902486
https://openalex.org/W4245964205
https://openalex.org/W2802737599
https://openalex.org/W2411027190
https://openalex.org/W2126371225
https://openalex.org/W4313309908
https://openalex.org/W2414699235
https://openalex.org/W138584053
https://openalex.org/W2402512303
https://openalex.org/W2410152653
https://openalex.org/W2033814528
https://openalex.org/W2059613316
https://openalex.org/W2124181104
https://openalex.org/W1617024260
https://openalex.org/W1992797156
https://openalex.org/W2267136027
https://openalex.org/W2343483872
https://openalex.org/W2474149976
https://openalex.org/W2591684899
https://openalex.org/W2603020217
https://openalex.org/W2746007003
https://openalex.org/W2947566891
https://openalex.org/W3015253446
https://openalex.org/W3033576702
https://openalex.org/W3082839525
https://openalex.org/W3084725866
https://openalex.org/W2395974530
https://openalex.org/W2511850141
https://openalex.org/W3174915293
https://openalex.org/W3186663598
https://openalex.org/W2081641052
https://openalex.org/W2038207199
https://openalex.org/W2415273279
https://openalex.org/W2098201680
https://openalex.org/W2022102374
https://openalex.org/W2079646797
https://openalex.org/W2047768815
https://openalex.org/W2028707161
https://openalex.org/W2137812345
https://openalex.org/W2155726092
https://openalex.org/W2062423463
https://openalex.org/W1982499998
https://openalex.org/W2055049546
https://openalex.org/W2071726000
https://openalex.org/W2326473022
https://openalex.org/W1566349612
https://openalex.org/W2035217552
https://openalex.org/W2042657224
https://openalex.org/W2196632372
https://openalex.org/W2266340019
https://openalex.org/W2342512565
https://openalex.org/W2592817296
https://openalex.org/W3092386605
https://openalex.org/W3118870411
https://openalex.org/W3154343695
https://openalex.org/W3158853178
https://openalex.org/W3215765989
https://openalex.org/W2002328926
https://openalex.org/W2325049319
https://openalex.org/W3204947622
https://openalex.org/W4220857818
https://openalex.org/W4221069640
https://openalex.org/W4281773314
https://openalex.org/W4282825559
https://openalex.org/W4292342692
https://openalex.org/W4292834787
https://openalex.org/W4308687483
https://openalex.org/W2031013626
https://openalex.org/W2170187277
https://openalex.org/W2410053978
https://openalex.org/W2416256814
https://openalex.org/W381406155
https://openalex.org/W2075855943
https://openalex.org/W2397283924
https://openalex.org/W1574615982
https://openalex.org/W1516956477
https://openalex.org/W2041259057
https://openalex.org/W2051978357
https://openalex.org/W2074176527
https://openalex.org/W4234177000
https://openalex.org/W1482692437
https://openalex.org/W2139911401
https://openalex.org/W2790425739
https://openalex.org/W2890748088
https://openalex.org/W1984081902
https://openalex.org/W2043385255
https://openalex.org/W2085432546
https://openalex.org/W2181574166
https://openalex.org/W2184938805
https://openalex.org/W2295081314
https://openalex.org/W2407728422
https://openalex.org/W2469986757
https://openalex.org/W2743478710
https://openalex.org/W2808580664
https://openalex.org/W3091913795
https://openalex.org/W4250431364
https://openalex.org/W2409506349
https://openalex.org/W103993344
https://openalex.org/W1974236535
https://openalex.org/W2047642835
https://openalex.org/W2077119385
https://openalex.org/W1991347196
https://openalex.org/W2015554759
https://openalex.org/W2120792553
https://openalex.org/W2083679284
https://openalex.org/W1569094690
https://openalex.org/W2014219292
https://openalex.org/W80220633
https://openalex.org/W2117903395
https://openalex.org/W1973979653
https://openalex.org/W1973355462
https://openalex.org/W1997034368
https://openalex.org/W2002837660
https://openalex.org/W2099618241
https://openalex.org/W2322688712
https://openalex.org/W2412374969
https://openalex.org/W2545625871
https://openalex.org/W146126051
https://openalex.org/W1985817491
https://openalex.org/W2620165391
https://openalex.org/W2733829896
https://openalex.org/W2791033177
https://openalex.org/W2795509716
https://openalex.org/W2899299177
https://openalex.org/W2914155969
https://openalex.org/W2989534466
https://openalex.org/W1522146991
https://openalex.org/W1694141768
https://openalex.org/W2005017308
https://openalex.org/W2325148130
https://openalex.org/W2401467293
https://openalex.org/W3122434919
https://openalex.org/W3137754555
https://openalex.org/W3137831806
https://openalex.org/W3161090485
https://openalex.org/W3177277338
https://openalex.org/W3197266759
https://openalex.org/W2023835567
https://openalex.org/W2078515377
https://openalex.org/W2014715291
https://openalex.org/W2034727596
https://openalex.org/W2051986011
https://openalex.org/W2166321261
https://openalex.org/W2335343065
https://openalex.org/W1480706567
https://openalex.org/W1970665650
https://openalex.org/W2046474618
https://openalex.org/W4239034564
https://openalex.org/W4302031766
https://openalex.org/W1546010889
https://openalex.org/W2081475278
https://openalex.org/W2146200854
https://openalex.org/W1553955305
https://openalex.org/W1864171991
https://openalex.org/W1969075691
https://openalex.org/W1998286571
https://openalex.org/W2018591286
https://openalex.org/W2051464279
https://openalex.org/W2117533389
https://openalex.org/W2169408642
https://openalex.org/W2538330277
https://openalex.org/W2588271543
https://openalex.org/W2801323136
https://openalex.org/W2896740505
https://openalex.org/W2898105676
https://openalex.org/W2921512577
https://openalex.org/W2976538216
https://openalex.org/W2978146849
https://openalex.org/W2988825289
https://openalex.org/W3001752014
https://openalex.org/W3037174855
https://openalex.org/W3037415367
https://openalex.org/W3091902091
https://openalex.org/W3105266807
https://openalex.org/W1554323822
https://openalex.org/W1592533114
https://openalex.org/W1826827042
https://openalex.org/W2398968852
https://openalex.org/W2418264905
https://openalex.org/W2511362813
https://openalex.org/W588042191
https://openalex.org/W177643143
https://openalex.org/W286452349
https://openalex.org/W3203737405
https://openalex.org/W4205224274
https://openalex.org/W4220878129
https://openalex.org/W4284962342
https://openalex.org/W4296822669
https://openalex.org/W2027354445
https://openalex.org/W2401073409
https://openalex.org/W16764256
https://openalex.org/W2045529513
https://openalex.org/W2063703215
https://openalex.org/W2160366738
https://openalex.org/W268381223
https://openalex.org/W1931770906
https://openalex.org/W1967485846
https://openalex.org/W2027139752
https://openalex.org/W2062019809
https://openalex.org/W2075170058
https://openalex.org/W1587662576
https://openalex.org/W1953317283
https://openalex.org/W2011006644
https://openalex.org/W2020314332
https://openalex.org/W2103538040
https://openalex.org/W2139929457
https://openalex.org/W2155941036
https://openalex.org/W2230417264
https://openalex.org/W2311503628
https://openalex.org/W2887718769
https://openalex.org/W2908927743
https://openalex.org/W2051815774
https://openalex.org/W1994687590
https://openalex.org/W2100354649
https://openalex.org/W2476591546
https://openalex.org/W1986274272
https://openalex.org/W2058705070
https://openalex.org/W2084561962
https://openalex.org/W2063312887
https://openalex.org/W2081692436
https://openalex.org/W2381231940
https://openalex.org/W1976001098
https://openalex.org/W1487150656
https://openalex.org/W1964304653
https://openalex.org/W1991225095
https://openalex.org/W2013410932
https://openalex.org/W2063718148
https://openalex.org/W2105567381
https://openalex.org/W2573521127
https://openalex.org/W2588328873
https://openalex.org/W2740718785
https://openalex.org/W2895980269
https://openalex.org/W2921458196
https://openalex.org/W2942495660
https://openalex.org/W2946876116
https://openalex.org/W2947779958
https://openalex.org/W2951061985
https://openalex.org/W2969639123
https://openalex.org/W2996038697
https://openalex.org/W3005832012
https://openalex.org/W3016873830
https://openalex.org/W3020949761
https://openalex.org/W3153545488
https://openalex.org/W3167278087
https://openalex.org/W3171197041
https://openalex.org/W3174276656
https://openalex.org/W4210751692
https://openalex.org/W4250428345
https://openalex.org/W4287186310
https://openalex.org/W2420089648
https://openalex.org/W2480552271
https://openalex.org/W2520507608
https://openalex.org/W2595135330
https://openalex.org/W2750964768
https://openalex.org/W4206791237
https://openalex.org/W2037836755
https://openalex.org/W4392883617
https://openalex.org/W1988319336
https://openalex.org/W2400753191
https://openalex.org/W4248290724
https://openalex.org/W2325057848
https://openalex.org/W2334944205
https://openalex.org/W1984772686
https://openalex.org/W2018803096
https://openalex.org/W2105260861
https://openalex.org/W1494700199
https://openalex.org/W2100430121
https://openalex.org/W84571454
https://openalex.org/W95259278
https://openalex.org/W2043961088
https://openalex.org/W2164339105
https://openalex.org/W1566676006
https://openalex.org/W2379981021
https://openalex.org/W2387689889
https://openalex.org/W1501607307
https://openalex.org/W1963747238
https://openalex.org/W2012392377
https://openalex.org/W2026922968
https://openalex.org/W2040059227
https://openalex.org/W2041409976
https://openalex.org/W2105634043
https://openalex.org/W2130408372
https://openalex.org/W2222029999
https://openalex.org/W2270022437
https://openalex.org/W2323270033
https://openalex.org/W2326594470
https://openalex.org/W2333903389
https://openalex.org/W3030946536
https://openalex.org/W66711411
https://openalex.org/W1991934120
https://openalex.org/W2091013530
https://openalex.org/W2764524146
https://openalex.org/W2764757441
https://openalex.org/W1974038944
https://openalex.org/W2026653919
https://openalex.org/W2532099372
https://openalex.org/W2549068548
https://openalex.org/W4317877805
https://openalex.org/W4318827554
https://openalex.org/W4361880589
https://openalex.org/W4361887969
https://openalex.org/W4361930611
https://openalex.org/W4361930642
https://openalex.org/W4361932575
https://openalex.org/W4361943685
https://openalex.org/W4361946141
https://openalex.org/W4361947764
https://openalex.org/W4361949598
https://openalex.org/W4361953834
https://openalex.org/W4361955249
https://openalex.org/W4361961799
https://openalex.org/W4361967817
https://openalex.org/W4361969619
https://openalex.org/W4361969654
https://openalex.org/W4361969960
https://openalex.org/W4362411425
https://openalex.org/W4362427030
https://openalex.org/W4362489109
https://openalex.org/W4362489118
https://openalex.org/W4362489139
https://openalex.org/W4362489142
https://openalex.org/W4362489147
https://openalex.org/W4362489149
https://openalex.org/W4362489225
https://openalex.org/W4362489231
https://openalex.org/W4362489234
https://openalex.org/W4362489235
https://openalex.org/W4362489242
https://openalex.org/W4362489258
https://openalex.org/W4362489262
https://openalex.org/W4362489263
https://openalex.org/W4362489274
https://openalex.org/W4362489290
https://openalex.org/W4362489357
https://openalex.org/W4362489362
https://openalex.org/W4362489438
https://openalex.org/W4362489459
https://openalex.org/W4362489464
https://openalex.org/W4362489467
https://openalex.org/W4362489468
https://openalex.org/W4362489470
https://openalex.org/W4362489476
https://openalex.org/W4362489477
https://openalex.org/W4362489478
https://openalex.org/W4362489534
https://openalex.org/W4362489537
https://openalex.org/W4362489539
https://openalex.org/W4362489548
https://openalex.org/W4362489572
https://openalex.org/W4362489642
https://openalex.org/W4362489651
https://openalex.org/W4362492938
https://openalex.org/W4362494369
https://openalex.org/W4362494406
https://openalex.org/W4362494786
https://openalex.org/W4365815631
https://openalex.org/W4367724503
https://openalex.org/W4376134498
https://openalex.org/W4376485913
https://openalex.org/W4378072050
https://openalex.org/W4379143155
https://openalex.org/W4379981204
https://openalex.org/W4379981744
https://openalex.org/W4381617122
https://openalex.org/W4382404271
https://openalex.org/W4382932306
https://openalex.org/W4382940391
https://openalex.org/W4383616401
https://openalex.org/W4384157040
https://openalex.org/W4384436260
https://openalex.org/W4384824368
https://openalex.org/W4385068071
https://openalex.org/W4385632432
https://openalex.org/W4385742622
https://openalex.org/W4385949948
https://openalex.org/W4386188469
https://openalex.org/W4386705424
https://openalex.org/W4386964667
https://openalex.org/W4386966873
https://openalex.org/W4387319543
https://openalex.org/W4387338303
https://openalex.org/W4387410861
https://openalex.org/W4387447255
https://openalex.org/W4387742037
https://openalex.org/W4388268254
https://openalex.org/W4388574178
https://openalex.org/W4388767616
https://openalex.org/W4389056321
https://openalex.org/W4389220167
https://openalex.org/W4389254324
https://openalex.org/W4389376432
https://openalex.org/W4389521405
https://openalex.org/W4390030110
https://openalex.org/W4390111219
https://openalex.org/W4390306122
https://openalex.org/W4390437043
https://openalex.org/W4390595863
https://openalex.org/W4391088313
https://openalex.org/W4393287556
https://openalex.org/W1491138502
https://openalex.org/W2042643623
https://openalex.org/W2076551846
https://openalex.org/W2094267057
https://openalex.org/W2149327773
https://openalex.org/W1554109916
https://openalex.org/W2092437176
https://openalex.org/W2125696020
https://openalex.org/W2410382425
https://openalex.org/W2011597439
https://openalex.org/W2404901657
https://openalex.org/W2201169963
https://openalex.org/W2332743985
https://openalex.org/W2578577936
https://openalex.org/W2589837778
https://openalex.org/W2742989138
https://openalex.org/W2981791104
https://openalex.org/W2414806302
https://openalex.org/W2410216007
https://openalex.org/W3142703135
https://openalex.org/W46765436
https://openalex.org/W641067276
https://openalex.org/W1688298227
https://openalex.org/W1969424264
https://openalex.org/W1985050025
https://openalex.org/W2090145366
https://openalex.org/W2410048055
https://openalex.org/W2887211773
https://openalex.org/W2889668599
https://openalex.org/W2889751788
https://openalex.org/W2907324428
https://openalex.org/W2918643545
https://openalex.org/W2942274567
https://openalex.org/W2944931926
https://openalex.org/W2947799252
https://openalex.org/W2984586952
https://openalex.org/W2991252428
https://openalex.org/W3039902821
https://openalex.org/W3087622379
https://openalex.org/W3092410846
https://openalex.org/W3100638053
https://openalex.org/W3101264866
https://openalex.org/W3102729536
https://openalex.org/W3103158718
https://openalex.org/W3126760590
https://openalex.org/W3129105128
https://openalex.org/W3200340260
https://openalex.org/W3200692903
https://openalex.org/W3206130739
https://openalex.org/W2337447988
https://openalex.org/W2375417383
https://openalex.org/W2534184914
https://openalex.org/W2547737416
https://openalex.org/W4225854442
https://openalex.org/W4226133880
https://openalex.org/W4310973911
https://openalex.org/W4311667992
https://openalex.org/W4313293614
https://openalex.org/W2312683220
https://openalex.org/W1636812366
https://openalex.org/W2011594288
https://openalex.org/W2175053066
https://openalex.org/W2394567995
https://openalex.org/W1963594299
https://openalex.org/W2061709413
https://openalex.org/W1983141955
https://openalex.org/W2371152029
https://openalex.org/W2969776784
https://openalex.org/W184023512
https://openalex.org/W2032987777
https://openalex.org/W2041745502
https://openalex.org/W2182013401
https://openalex.org/W2209295659
https://openalex.org/W2212176828
https://openalex.org/W2282105549
https://openalex.org/W2299493958
https://openalex.org/W2319038518
https://openalex.org/W2322094282
https://openalex.org/W2348488079
https://openalex.org/W2410467744
https://openalex.org/W2433986040
https://openalex.org/W2593405752
https://openalex.org/W2600846996
https://openalex.org/W2739889513
https://openalex.org/W2890703774
https://openalex.org/W3025603580
https://openalex.org/W3125525985
https://openalex.org/W4223956679
https://openalex.org/W4237308092
https://openalex.org/W4285085335
https://openalex.org/W4308588627
https://openalex.org/W2081439119
https://openalex.org/W2031559941
https://openalex.org/W3122462925
https://openalex.org/W1978310728
https://openalex.org/W2308630840
https://openalex.org/W4243242010
https://openalex.org/W2010082761
https://openalex.org/W2409846253
https://openalex.org/W4244014973
https://openalex.org/W1941513497
https://openalex.org/W1986541463
https://openalex.org/W2063040681
https://openalex.org/W2071096755
https://openalex.org/W2252853467
https://openalex.org/W2353232346
https://openalex.org/W2413930589
https://openalex.org/W2588908622
https://openalex.org/W2603133327
https://openalex.org/W2619923277
https://openalex.org/W2730522869
https://openalex.org/W2734646432
https://openalex.org/W2738362541
https://openalex.org/W2774455312
https://openalex.org/W2796103311
https://openalex.org/W3024544500
https://openalex.org/W3117109491
https://openalex.org/W3125171054
https://openalex.org/W4252770480
https://openalex.org/W747857820
https://openalex.org/W2081702613
https://openalex.org/W1542289731
https://openalex.org/W1593413893
https://openalex.org/W1979229491
https://openalex.org/W1997310824
https://openalex.org/W2060885993
https://openalex.org/W2312711582
https://openalex.org/W2399172311
https://openalex.org/W2414147729
https://openalex.org/W2030899677
https://openalex.org/W49592227
https://openalex.org/W2107461610
https://openalex.org/W2120381646
https://openalex.org/W2199605703
https://openalex.org/W2381033197
https://openalex.org/W2404593682
https://openalex.org/W2793450009
https://openalex.org/W2794529893
https://openalex.org/W2795114223
https://openalex.org/W2795311487
https://openalex.org/W2802909302
https://openalex.org/W2809619272
https://openalex.org/W2895882613
https://openalex.org/W2896808681
https://openalex.org/W2898375862
https://openalex.org/W2899189845
https://openalex.org/W2899430731
https://openalex.org/W2914344384
https://openalex.org/W2976221640
https://openalex.org/W3160626440
https://openalex.org/W2189740631
https://openalex.org/W2320543225
https://openalex.org/W2407259410
https://openalex.org/W746967215
https://openalex.org/W2400515190
https://openalex.org/W1525010298
https://openalex.org/W2947577213
https://openalex.org/W2947668930
https://openalex.org/W2980073387
https://openalex.org/W2985685502
https://openalex.org/W3005060195
https://openalex.org/W3005133916
https://openalex.org/W3029926294
https://openalex.org/W3036444972
https://openalex.org/W3081542801
https://openalex.org/W3087763417
https://openalex.org/W3093761394
https://openalex.org/W3094374520
https://openalex.org/W3113818330
https://openalex.org/W3119697804
https://openalex.org/W3163596752
https://openalex.org/W3195891012
https://openalex.org/W178296802
https://openalex.org/W2020642890
https://openalex.org/W2583583352
https://openalex.org/W1557270717
https://openalex.org/W2029815924
https://openalex.org/W2041295522
https://openalex.org/W3109206289
https://openalex.org/W3111517494
https://openalex.org/W3141990450
https://openalex.org/W3184248725
https://openalex.org/W3188277295
https://openalex.org/W3200879591
https://openalex.org/W3214538935
https://openalex.org/W3217469308
https://openalex.org/W4206806794
https://openalex.org/W4206807677
https://openalex.org/W4226210617
https://openalex.org/W4252717608
https://openalex.org/W2058175732
https://openalex.org/W2298451359
https://openalex.org/W1997708693
https://openalex.org/W2414655113
https://openalex.org/W2444506144
https://openalex.org/W12450165
https://openalex.org/W1974640677
https://openalex.org/W1979006509
https://openalex.org/W2102371167
https://openalex.org/W2216406294
https://openalex.org/W2293949645
https://openalex.org/W2470871626
https://openalex.org/W2548529698
https://openalex.org/W4291982404
https://openalex.org/W164861059
https://openalex.org/W1968380362
https://openalex.org/W2060066116
https://openalex.org/W2063930921
https://openalex.org/W2090788469
https://openalex.org/W2091409273
https://openalex.org/W2119841279
https://openalex.org/W2140841176
https://openalex.org/W2231154942
https://openalex.org/W2303504313
https://openalex.org/W2317315731
https://openalex.org/W2340406649
https://openalex.org/W2377125108
https://openalex.org/W3170562162
https://openalex.org/W3176934466
https://openalex.org/W3186083648
https://openalex.org/W4233465986
https://openalex.org/W4238919082
https://openalex.org/W4300753866
https://openalex.org/W1496367686
https://openalex.org/W1916067518
https://openalex.org/W2146495849
https://openalex.org/W2444483225
https://openalex.org/W2005873063
https://openalex.org/W2349276340
https://openalex.org/W2408461634
https://openalex.org/W110166813
https://openalex.org/W1493958428
https://openalex.org/W1579628692
https://openalex.org/W1600282234
https://openalex.org/W1832951799
https://openalex.org/W1984961566
https://openalex.org/W2027041526
https://openalex.org/W2029094166
https://openalex.org/W2053004091
https://openalex.org/W2053628480
https://openalex.org/W2054231243
https://openalex.org/W2146987452
https://openalex.org/W2154928074
https://openalex.org/W2192314761
https://openalex.org/W2199966009
https://openalex.org/W2208982078
https://openalex.org/W2231880547
https://openalex.org/W2258927874
https://openalex.org/W2264770323
https://openalex.org/W2269106436
https://openalex.org/W2269985918
https://openalex.org/W2307307626
https://openalex.org/W2312327262
https://openalex.org/W2314414148
https://openalex.org/W2318471566
https://openalex.org/W2324936032
https://openalex.org/W2332142543
https://openalex.org/W2410154771
https://openalex.org/W2413052701
https://openalex.org/W2416206932
https://openalex.org/W2430093583
https://openalex.org/W2473879890
https://openalex.org/W2502544470
https://openalex.org/W2512639219
https://openalex.org/W2514331107
https://openalex.org/W2515592687
https://openalex.org/W2518568766
https://openalex.org/W2530270396
https://openalex.org/W2530312578
https://openalex.org/W2560976647
https://openalex.org/W2582446041
https://openalex.org/W2596407021
https://openalex.org/W2600698949
https://openalex.org/W2605749608
https://openalex.org/W2611984525
https://openalex.org/W2613415121
https://openalex.org/W2615736252
https://openalex.org/W2742494660
https://openalex.org/W2745423351
https://openalex.org/W2745766044
https://openalex.org/W2746767025
https://openalex.org/W2746859530
https://openalex.org/W2746956790
https://openalex.org/W2747228740
https://openalex.org/W2748732429
https://openalex.org/W2749089333
https://openalex.org/W2749960727
https://openalex.org/W2757920070
https://openalex.org/W2786243094
https://openalex.org/W2804158031
https://openalex.org/W2805785086
https://openalex.org/W2944585910
https://openalex.org/W2980293812
https://openalex.org/W2982236490
https://openalex.org/W2992114720
https://openalex.org/W2992207747
https://openalex.org/W3013700461
https://openalex.org/W3018719310
https://openalex.org/W3024866938
https://openalex.org/W3034420118
https://openalex.org/W3122595488
https://openalex.org/W3161018348
https://openalex.org/W3173684012
https://openalex.org/W3176402093
https://openalex.org/W3177870175
https://openalex.org/W3189133951
https://openalex.org/W32903112
https://openalex.org/W4248964105
https://openalex.org/W4299810810
https://openalex.org/W4299885014
https://openalex.org/W839489809
https://openalex.org/W870613625
https://openalex.org/W1590286992
https://openalex.org/W1775754982
https://openalex.org/W2415182225
https://openalex.org/W2483103482
https://openalex.org/W4229554849
https://openalex.org/W4250187031
https://openalex.org/W4254350723
https://openalex.org/W2397636172
https://openalex.org/W1521017904
https://openalex.org/W1535268190
https://openalex.org/W154447625
https://openalex.org/W1559483758
https://openalex.org/W1578074756
https://openalex.org/W1592221737
https://openalex.org/W1948218199
https://openalex.org/W1967173018
https://openalex.org/W1974956114
https://openalex.org/W1978749884
https://openalex.org/W1985560908
https://openalex.org/W2016514956
https://openalex.org/W2017426668
https://openalex.org/W2019121637
https://openalex.org/W2028644313
https://openalex.org/W2035627006
https://openalex.org/W2054533392
https://openalex.org/W2067891535
https://openalex.org/W2109698322
https://openalex.org/W2165824627
https://openalex.org/W2207673867
https://openalex.org/W2229820308
https://openalex.org/W2268785833
https://openalex.org/W2285172290
https://openalex.org/W2301979983
https://openalex.org/W2313674717
https://openalex.org/W2318511497
https://openalex.org/W2322902157
https://openalex.org/W2323311446
https://openalex.org/W2330924192
https://openalex.org/W2332856315
https://openalex.org/W2355113628
https://openalex.org/W2361316202
https://openalex.org/W2364233344
https://openalex.org/W2372814963
https://openalex.org/W2375633125
https://openalex.org/W2380490028
https://openalex.org/W2403732215
https://openalex.org/W2429545407
https://openalex.org/W2488446248
https://openalex.org/W2516665755
https://openalex.org/W2590291877
https://openalex.org/W2592294757
https://openalex.org/W2742267011
https://openalex.org/W2789766085
https://openalex.org/W2798456076
https://openalex.org/W2798650759
https://openalex.org/W2890323492
https://openalex.org/W2891023816
https://openalex.org/W3044110749
https://openalex.org/W3175004466
https://openalex.org/W4238975733
https://openalex.org/W4242552394
https://openalex.org/W4246436399
https://openalex.org/W4313823638
https://openalex.org/W4393342776
https://openalex.org/W81657238
https://openalex.org/W1583892340
https://openalex.org/W2115020811
https://openalex.org/W2395522220
https://openalex.org/W2405859183
https://openalex.org/W2426024015
https://openalex.org/W4230904343
https://openalex.org/W1908566562
https://openalex.org/W1952163988
https://openalex.org/W1983171741
https://openalex.org/W2001829183
https://openalex.org/W2051162745
https://openalex.org/W2053352096
https://openalex.org/W2074432409
https://openalex.org/W2152015564
https://openalex.org/W2203438236
https://openalex.org/W2312230075
https://openalex.org/W2315525710
https://openalex.org/W2375004779
https://openalex.org/W2378760931
https://openalex.org/W2437695009
https://openalex.org/W2529689179
https://openalex.org/W2559749004
https://openalex.org/W2560829928
https://openalex.org/W2583015078
https://openalex.org/W2587228495
https://openalex.org/W2589536745
https://openalex.org/W2590755959
https://openalex.org/W2605120230
https://openalex.org/W2734417146
https://openalex.org/W2741581165
https://openalex.org/W2751420972
https://openalex.org/W2754480760
https://openalex.org/W2754819380
https://openalex.org/W2768579352
https://openalex.org/W2779814642
https://openalex.org/W2785141077
https://openalex.org/W2806030206
https://openalex.org/W2891362202
https://openalex.org/W2901076243
https://openalex.org/W2904842570
https://openalex.org/W2906262700
https://openalex.org/W2923726274
https://openalex.org/W3024185369
https://openalex.org/W3083701917
https://openalex.org/W3086387987
https://openalex.org/W3154586616
https://openalex.org/W3172379467
https://openalex.org/W3197145907
https://openalex.org/W3200008406
https://openalex.org/W4237133707
https://openalex.org/W83848254
https://openalex.org/W1949034334
https://openalex.org/W2394781841
https://openalex.org/W2414881021
https://openalex.org/W2976361201
https://openalex.org/W3155925149
https://openalex.org/W1972253292
https://openalex.org/W1986582928
https://openalex.org/W2023626417
https://openalex.org/W2093284098
https://openalex.org/W2104074046
https://openalex.org/W2247294788
https://openalex.org/W2262866244
https://openalex.org/W2321738996
https://openalex.org/W2324598780
https://openalex.org/W2383672075
https://openalex.org/W2417772536
https://openalex.org/W2418045325
https://openalex.org/W2549220651
https://openalex.org/W2729611282
https://openalex.org/W2974944756
https://openalex.org/W2974945609
https://openalex.org/W2975631696
https://openalex.org/W2975993816
https://openalex.org/W2976525778
https://openalex.org/W3011460555
https://openalex.org/W4213296178
https://openalex.org/W4213372370
https://openalex.org/W4226176415
https://openalex.org/W4280582168
https://openalex.org/W4281630735
https://openalex.org/W4281749578
https://openalex.org/W4283393229
https://openalex.org/W4285251498
https://openalex.org/W4285278396
https://openalex.org/W4285741157
https://openalex.org/W4289860707
https://openalex.org/W4291365194
https://openalex.org/W4295047683
https://openalex.org/W4296248420
https://openalex.org/W4297899781
https://openalex.org/W4308557166
https://openalex.org/W4311288587
https://openalex.org/W4312069349
https://openalex.org/W4312128922
https://openalex.org/W4312178960
https://openalex.org/W4312638013
https://openalex.org/W4312730492
https://openalex.org/W4313293601
https://openalex.org/W4313519138
https://openalex.org/W4319072187
https://openalex.org/W4380794589
https://openalex.org/W4381095110
https://openalex.org/W4384081572
https://openalex.org/W4389710331
https://openalex.org/W1896711311
https://openalex.org/W1986593395
https://openalex.org/W1995558171
https://openalex.org/W2015252599
https://openalex.org/W2070877219
https://openalex.org/W2406594603
https://openalex.org/W2409291845
https://openalex.org/W2412827231
https://openalex.org/W3025288341
https://openalex.org/W3025532576
https://openalex.org/W1563034824
https://openalex.org/W2035299814
https://openalex.org/W2250201522
https://openalex.org/W2282392003
https://openalex.org/W2366495874
https://openalex.org/W2376465296
https://openalex.org/W2385152447
https://openalex.org/W2388020989
https://openalex.org/W2406822078
https://openalex.org/W2416188276
https://openalex.org/W2768172520
https://openalex.org/W2778791422
https://openalex.org/W2795042193
https://openalex.org/W2797533718
https://openalex.org/W2797973321
https://openalex.org/W2801494147
https://openalex.org/W2804683046
https://openalex.org/W2885695582
https://openalex.org/W2886811131
https://openalex.org/W2890281589
https://openalex.org/W2890415144
https://openalex.org/W2890435779
https://openalex.org/W2891121075
https://openalex.org/W2891255750
https://openalex.org/W2892285119
https://openalex.org/W2892370987
https://openalex.org/W2892824567
https://openalex.org/W2897387309
https://openalex.org/W2897740212
https://openalex.org/W2898662545
https://openalex.org/W2912246633
https://openalex.org/W2913237284
https://openalex.org/W2913350385
https://openalex.org/W2913565452
https://openalex.org/W2914194547
https://openalex.org/W2914554672
https://openalex.org/W2917300096
https://openalex.org/W2942409160
https://openalex.org/W2944292750
https://openalex.org/W2947497303
https://openalex.org/W2955573139
https://openalex.org/W2957869166
https://openalex.org/W2973849310
https://openalex.org/W2976498589
https://openalex.org/W2976551748
https://openalex.org/W2979075927
https://openalex.org/W2984133182
https://openalex.org/W2984345016
https://openalex.org/W3024178005
https://openalex.org/W3029588069
https://openalex.org/W3032683727
https://openalex.org/W3080491499
https://openalex.org/W3080568954
https://openalex.org/W3080998750
https://openalex.org/W3081123447
https://openalex.org/W3081317954
https://openalex.org/W3081349591
https://openalex.org/W3087499915
https://openalex.org/W3101914681
https://openalex.org/W3122462806
https://openalex.org/W3164861143
https://openalex.org/W4244016938
https://openalex.org/W4252489625
https://openalex.org/W4255544389
https://openalex.org/W4256668061
https://openalex.org/W4288293850
https://openalex.org/W4394139286
https://openalex.org/W2029587218
https://openalex.org/W2168093089
https://openalex.org/W2411864256
https://openalex.org/W2412982547
https://openalex.org/W2413949552
https://openalex.org/W2427781862
https://openalex.org/W2428264021
https://openalex.org/W2435044583
https://openalex.org/W2983729795
https://openalex.org/W4239226599
https://openalex.org/W1562737058
https://openalex.org/W1699341130
https://openalex.org/W1981368878
https://openalex.org/W2104504431
https://openalex.org/W2244772854
https://openalex.org/W2262685992
https://openalex.org/W2291656965
https://openalex.org/W2333818188
https://openalex.org/W2349942804
https://openalex.org/W2374196007
https://openalex.org/W2384760250
https://openalex.org/W2394234631
https://openalex.org/W2913794975
https://openalex.org/W2934281860
https://openalex.org/W2945683113
https://openalex.org/W2948697005
https://openalex.org/W3005490918
https://openalex.org/W3010143474
https://openalex.org/W3010583732
https://openalex.org/W3011223639
https://openalex.org/W3015681690
https://openalex.org/W3016008762
https://openalex.org/W3032897691
https://openalex.org/W3033643252
https://openalex.org/W3034945535
https://openalex.org/W3036898403
https://openalex.org/W3041231708
https://openalex.org/W3042012498
https://openalex.org/W3046590052
https://openalex.org/W3047031804
https://openalex.org/W3048246060
https://openalex.org/W3080099592
https://openalex.org/W3082541717
https://openalex.org/W3089272438
https://openalex.org/W3092506202
https://openalex.org/W3096150443
https://openalex.org/W3097157902
https://openalex.org/W3098296023
https://openalex.org/W3109776858
https://openalex.org/W3120916288
https://openalex.org/W3121350414
https://openalex.org/W3121568323
https://openalex.org/W3134700032
https://openalex.org/W3161044015
https://openalex.org/W3162161866
https://openalex.org/W3162641818
https://openalex.org/W3178763059
https://openalex.org/W3188797912
https://openalex.org/W3199145177
https://openalex.org/W4214832841
https://openalex.org/W4235817207
https://openalex.org/W4246664825
https://openalex.org/W4247027476
https://openalex.org/W4248385242
https://openalex.org/W4251997540
https://openalex.org/W4253937848
https://openalex.org/W4254726341
https://openalex.org/W4256346357
https://openalex.org/W4285579248
https://openalex.org/W4285664186
https://openalex.org/W4287625189
https://openalex.org/W4287754256
https://openalex.org/W4287754389
https://openalex.org/W4378767275
https://openalex.org/W4394125355
https://openalex.org/W4394304115
https://openalex.org/W4394460929
https://openalex.org/W2086396481
https://openalex.org/W1965507848
https://openalex.org/W1978202180
https://openalex.org/W2034875685
https://openalex.org/W2104033843
https://openalex.org/W2144123716
https://openalex.org/W2363968754
https://openalex.org/W2372842570
https://openalex.org/W2408806643
https://openalex.org/W2413101095
https://openalex.org/W2414420029
https://openalex.org/W2544621331
https://openalex.org/W2884716683
https://openalex.org/W2975419509
https://openalex.org/W2976753488
https://openalex.org/W4240882642
https://openalex.org/W4377259949
https://openalex.org/W2021210408
https://openalex.org/W2024268152
https://openalex.org/W2417797419
https://openalex.org/W2474481749
https://openalex.org/W2612814737
https://openalex.org/W2799015762
https://openalex.org/W3098605873
https://openalex.org/W3122707847
https://openalex.org/W3125371963
https://openalex.org/W3135105736
https://openalex.org/W3137507038
https://openalex.org/W3153223890
https://openalex.org/W3154217236
https://openalex.org/W3157216205
https://openalex.org/W3157786515
https://openalex.org/W3159220178
https://openalex.org/W3166005434
https://openalex.org/W3176899678
https://openalex.org/W3177360530
https://openalex.org/W3186542696
https://openalex.org/W3192380945
https://openalex.org/W3198441703
https://openalex.org/W3204243770
https://openalex.org/W3209734590
https://openalex.org/W3211273807
https://openalex.org/W3214035152
https://openalex.org/W4200375827
https://openalex.org/W4210978660
https://openalex.org/W4214669432
https://openalex.org/W4225665251
https://openalex.org/W4239071349
https://openalex.org/W4247050652
https://openalex.org/W4255858762
https://openalex.org/W4286890970
https://openalex.org/W4287032441
https://openalex.org/W4287126320
https://openalex.org/W4287266195
https://openalex.org/W4288076864
https://openalex.org/W4291937136
https://openalex.org/W4319261435
https://openalex.org/W4327873164
https://openalex.org/W4361192886
https://openalex.org/W1996459270
https://openalex.org/W2052494928
https://openalex.org/W2128405505
https://openalex.org/W2400198808
https://openalex.org/W2407462371
https://openalex.org/W2416562711
https://openalex.org/W2419987671
https://openalex.org/W2423096463
https://openalex.org/W2992385166
https://openalex.org/W1965126314
https://openalex.org/W2067604474
https://openalex.org/W2474608056
https://openalex.org/W2562135749
https://openalex.org/W2764593471
https://openalex.org/W141084664
https://openalex.org/W1500090827
https://openalex.org/W1508857106
https://openalex.org/W171456446
https://openalex.org/W1970905676
https://openalex.org/W2063608927
https://openalex.org/W2117370621
https://openalex.org/W2259958450
https://openalex.org/W2348202587
https://openalex.org/W2351041914
https://openalex.org/W2398553435
https://openalex.org/W2400453643
https://openalex.org/W2410149681
https://openalex.org/W2419063429
https://openalex.org/W2424524583
https://openalex.org/W2993385338
https://openalex.org/W4239592610
https://openalex.org/W4252965377
https://openalex.org/W4298267538
https://openalex.org/W4302798681
https://openalex.org/W623181945
https://openalex.org/W1569946062
https://openalex.org/W1973480618
https://openalex.org/W2015303882
https://openalex.org/W2056899811
https://openalex.org/W2367457402
https://openalex.org/W2402134894
https://openalex.org/W2408902311
https://openalex.org/W2414379728
https://openalex.org/W2418761704
https://openalex.org/W2419519345
https://openalex.org/W2432742163
https://openalex.org/W2461651635
https://openalex.org/W2525125310
https://openalex.org/W2574057604
https://openalex.org/W2607367921
https://openalex.org/W307867251
https://openalex.org/W412951153
https://openalex.org/W41544237
https://openalex.org/W4241475567
https://openalex.org/W1968924748
https://openalex.org/W1981365102
https://openalex.org/W1982992876
https://openalex.org/W2025729155
https://openalex.org/W2056747028
https://openalex.org/W2329369739
https://openalex.org/W2395326936
https://openalex.org/W2411632915
https://openalex.org/W2417259348
https://openalex.org/W2435386557
https://openalex.org/W2463635507
https://openalex.org/W2472156380
https://openalex.org/W2790172251
https://openalex.org/W2950852802
https://openalex.org/W2993981419
https://openalex.org/W304781081
https://openalex.org/W4232292646
https://openalex.org/W4383459541
https://openalex.org/W4383460104
https://openalex.org/W1538743109
https://openalex.org/W1657142782
https://openalex.org/W1945662392
https://openalex.org/W1984629263
https://openalex.org/W2035996177
https://openalex.org/W2036309292
https://openalex.org/W2075397724
https://openalex.org/W2077920813
https://openalex.org/W2085682043
https://openalex.org/W2088201631
https://openalex.org/W2166374455
https://openalex.org/W2184368111
https://openalex.org/W2270128973
https://openalex.org/W2286348634
https://openalex.org/W2290231398
https://openalex.org/W2339104460
https://openalex.org/W2399338706
https://openalex.org/W2401774966
https://openalex.org/W2401940988
https://openalex.org/W2402708166
https://openalex.org/W2404374540
https://openalex.org/W2409548818
https://openalex.org/W2410320374
https://openalex.org/W2411540992
https://openalex.org/W2412707229
https://openalex.org/W2417090070
https://openalex.org/W2425514444
https://openalex.org/W2429146969
https://openalex.org/W2431569416
https://openalex.org/W2443760256
https://openalex.org/W2463230845
https://openalex.org/W2464612970
https://openalex.org/W2467089292
https://openalex.org/W2471239477
https://openalex.org/W2472398434
https://openalex.org/W2574945705
https://openalex.org/W4234110048
https://openalex.org/W4238400355
https://openalex.org/W4249641247
https://openalex.org/W4249954748
https://openalex.org/W4300630391
https://openalex.org/W44374540
https://openalex.org/W616860386
https://openalex.org/W646863726
https://openalex.org/W66641847
https://openalex.org/W2527824850
https://openalex.org/W2098082628
https://openalex.org/W2614986146
https://openalex.org/W2560322684
https://openalex.org/W2148287035
https://openalex.org/W1993320561
https://openalex.org/W3211488171
https://openalex.org/W2528385426
https://openalex.org/W2761031851
https://openalex.org/W2991564522
https://openalex.org/W2462340700
https://openalex.org/W2796615944
https://openalex.org/W2770287703
https://openalex.org/W2057427118
https://openalex.org/W3010268726
https://openalex.org/W2057345517
https://openalex.org/W2258831804
https://openalex.org/W2046217121
https://openalex.org/W2149853885
https://openalex.org/W1980267614
https://openalex.org/W2066163388
https://openalex.org/W2803679599
https://openalex.org/W1966824234
https://openalex.org/W2981618459
https://openalex.org/W4233651632
https://openalex.org/W2916892496
https://openalex.org/W2754850852
https://openalex.org/W1602737686
https://openalex.org/W2115289050
https://openalex.org/W3169193862
https://openalex.org/W2582242977
https://openalex.org/W2601468666
https://openalex.org/W2049665347
https://openalex.org/W4251343507
https://openalex.org/W2604620779
https://openalex.org/W1991174531
https://openalex.org/W2946259536
https://openalex.org/W2890133084
https://openalex.org/W4239017233
https://openalex.org/W3093693178
https://openalex.org/W1554379134
https://openalex.org/W2544128970
https://openalex.org/W1967555916
https://openalex.org/W2907108901
https://openalex.org/W2980624194
https://openalex.org/W2116502589
https://openalex.org/W2142624326
https://openalex.org/W3038241707
https://openalex.org/W2786389763
https://openalex.org/W2739458608
https://openalex.org/W1943507228
https://openalex.org/W2192618281
https://openalex.org/W2734271579
https://openalex.org/W3095621154
https://openalex.org/W3028897200
https://openalex.org/W3196396697
https://openalex.org/W2980678050
https://openalex.org/W3211929629
https://openalex.org/W3146763078
https://openalex.org/W4381743614
https://openalex.org/W2125867410
https://openalex.org/W2001406063
https://openalex.org/W2080284995
https://openalex.org/W2075649662
https://openalex.org/W2776644772
https://openalex.org/W4319293044
https://openalex.org/W2041151299
https://openalex.org/W2317835146
https://openalex.org/W2033464711
https://openalex.org/W2087414528
https://openalex.org/W2013545043
https://openalex.org/W1966296314
https://openalex.org/W1999979513
https://openalex.org/W4239696741
https://openalex.org/W2320316437
https://openalex.org/W4250114104
https://openalex.org/W2171240476
https://openalex.org/W2170798011
https://openalex.org/W1999982075
https://openalex.org/W2196379590
https://openalex.org/W2124266133
https://openalex.org/W2081889559
https://openalex.org/W2753188049
https://openalex.org/W2159853837
https://openalex.org/W2059785103
https://openalex.org/W2224230674
https://openalex.org/W1972308638
https://openalex.org/W2119885723
https://openalex.org/W2129504339
https://openalex.org/W1758825296
https://openalex.org/W1987769891
https://openalex.org/W2900007121
https://openalex.org/W3000512558
https://openalex.org/W2770347994
https://openalex.org/W2550723903
https://openalex.org/W2563413049
https://openalex.org/W2290447658
https://openalex.org/W2550790024
https://openalex.org/W2767765148
https://openalex.org/W2898124209
https://openalex.org/W2914983882
https://openalex.org/W2581873210
https://openalex.org/W2769990426
https://openalex.org/W2955879355
https://openalex.org/W3046370649
https://openalex.org/W3082048166
https://openalex.org/W2910465831
https://openalex.org/W3034977190
https://openalex.org/W3134592205
https://openalex.org/W3126261195
https://openalex.org/W4309556362
https://openalex.org/W4381743749
https://openalex.org/W4296551099
https://openalex.org/W4322709812
https://openalex.org/W4322723644
https://openalex.org/W4360806643
https://openalex.org/W4318616881
https://openalex.org/W4383671654
https://openalex.org/W4388689103
https://openalex.org/W4390502858
https://openalex.org/W2088033845
https://openalex.org/W1966276307
https://openalex.org/W2068170186
https://openalex.org/W2132662133
https://openalex.org/W2313270398
https://openalex.org/W1999517163
https://openalex.org/W2040494504
https://openalex.org/W2036325026
https://openalex.org/W2043117955
https://openalex.org/W2032433680
https://openalex.org/W4254478432
https://openalex.org/W2099462841
https://openalex.org/W2072031061
https://openalex.org/W2043271804
https://openalex.org/W2489458588
https://openalex.org/W1987073923
https://openalex.org/W1989570444
https://openalex.org/W2082700518
https://openalex.org/W2017180972
https://openalex.org/W2057371992
https://openalex.org/W2079977645
https://openalex.org/W2088949658
https://openalex.org/W2159790336
https://openalex.org/W2085232829
https://openalex.org/W2022418469
https://openalex.org/W2078424981
https://openalex.org/W2117344884
https://openalex.org/W2057982245
https://openalex.org/W2065803170
https://openalex.org/W2109979874
https://openalex.org/W2112966747
https://openalex.org/W2154764915
https://openalex.org/W2163948114
https://openalex.org/W2482354694
https://openalex.org/W2546767205
https://openalex.org/W2561196496
https://openalex.org/W2289875342
https://openalex.org/W2799893376
https://openalex.org/W2116249576
https://openalex.org/W2741409856
https://openalex.org/W2883677247
https://openalex.org/W1962099876
https://openalex.org/W2031720244
https://openalex.org/W4254609342
https://openalex.org/W2140590116
https://openalex.org/W2782101695
https://openalex.org/W1665706623
https://openalex.org/W2053861178
https://openalex.org/W2002479175
https://openalex.org/W2555636936
https://openalex.org/W2584862933
https://openalex.org/W2744842426
https://openalex.org/W2583282639
https://openalex.org/W2795029464
https://openalex.org/W2961022521
https://openalex.org/W2969772586
https://openalex.org/W2583833969
https://openalex.org/W2805908425
https://openalex.org/W2369267215
https://openalex.org/W2684018374
https://openalex.org/W2523123564
https://openalex.org/W2913429766
https://openalex.org/W2945762122
https://openalex.org/W2958991955
https://openalex.org/W3172877770
https://openalex.org/W2897810278
https://openalex.org/W2971610944
https://openalex.org/W3110514518
https://openalex.org/W3186601765
https://openalex.org/W3135396002
https://openalex.org/W3124489067
https://openalex.org/W3128387590
https://openalex.org/W3163345175
https://openalex.org/W4212850220
https://openalex.org/W4280574906
https://openalex.org/W4311665098
https://openalex.org/W3210656179
https://openalex.org/W4280488426
https://openalex.org/W4312754549
https://openalex.org/W4323846331
https://openalex.org/W4379335175
https://openalex.org/W4379797808
https://openalex.org/W4312065253
https://openalex.org/W4387767121
https://openalex.org/W4391105211
https://openalex.org/W2025681485
https://openalex.org/W1993799438
https://openalex.org/W2007948197
https://openalex.org/W1964165168
https://openalex.org/W2031464626
https://openalex.org/W2032078104
https://openalex.org/W2058029835
https://openalex.org/W2017921920
https://openalex.org/W2012047928
https://openalex.org/W2135966771
https://openalex.org/W2346383102
https://openalex.org/W2076934076
https://openalex.org/W2171343078
https://openalex.org/W2345098798
https://openalex.org/W1980807636
https://openalex.org/W2078936265
https://openalex.org/W1822731522
https://openalex.org/W1902714314
https://openalex.org/W2138954285
https://openalex.org/W2025143378
https://openalex.org/W2321912594
https://openalex.org/W1527633210
https://openalex.org/W2020206647
https://openalex.org/W1973366317
https://openalex.org/W2091514522
https://openalex.org/W2077303200
https://openalex.org/W2086753092
https://openalex.org/W2021050483
https://openalex.org/W1997331347
https://openalex.org/W2015149801
https://openalex.org/W2024356853
https://openalex.org/W2119434490
https://openalex.org/W2086589884
https://openalex.org/W2039530051
https://openalex.org/W2060348117
https://openalex.org/W2029856092
https://openalex.org/W2026785126
https://openalex.org/W4246369459
https://openalex.org/W2153422313
https://openalex.org/W2166366031
https://openalex.org/W2215449521
https://openalex.org/W2345830135
https://openalex.org/W2006452441
https://openalex.org/W2090029741
https://openalex.org/W2104490698
https://openalex.org/W2469713595
https://openalex.org/W2042173837
https://openalex.org/W2117133325
https://openalex.org/W2749600102
https://openalex.org/W2103670801
https://openalex.org/W2130204850
https://openalex.org/W2901531873
https://openalex.org/W2990083852
https://openalex.org/W2287802084
https://openalex.org/W2341340596
https://openalex.org/W2412936354
https://openalex.org/W2756417655
https://openalex.org/W2884449297
https://openalex.org/W2343514130
https://openalex.org/W2535503231
https://openalex.org/W2336845172
https://openalex.org/W2911095316
https://openalex.org/W2789250105
https://openalex.org/W2789646860
https://openalex.org/W2790774533
https://openalex.org/W2944788293
https://openalex.org/W2914266712
https://openalex.org/W2968238140
https://openalex.org/W2927296218
https://openalex.org/W2903288046
https://openalex.org/W2968308568
https://openalex.org/W2415029438
https://openalex.org/W3048517172
https://openalex.org/W3002319653
https://openalex.org/W3024937624
https://openalex.org/W3122628238
https://openalex.org/W2973017006
https://openalex.org/W3103016146
https://openalex.org/W3132894141
https://openalex.org/W3133972314
https://openalex.org/W3124709814
https://openalex.org/W3202103941
https://openalex.org/W4226199721
https://openalex.org/W4284884043
https://openalex.org/W4229068083
https://openalex.org/W4313857484
https://openalex.org/W4317209197
https://openalex.org/W4372405568
https://openalex.org/W4377021091
https://openalex.org/W2103308561
https://openalex.org/W1993604963
https://openalex.org/W2034312189
https://openalex.org/W2073968837
https://openalex.org/W2157034312
https://openalex.org/W2102549543
https://openalex.org/W2068546667
https://openalex.org/W2091151045
https://openalex.org/W2223408771
https://openalex.org/W2037065033
https://openalex.org/W1982192242
https://openalex.org/W1994827488
https://openalex.org/W2064267716
https://openalex.org/W2094849559
https://openalex.org/W1958879455
https://openalex.org/W2160929440
https://openalex.org/W1994718014
https://openalex.org/W2028502518
https://openalex.org/W2090851893
https://openalex.org/W2141954222
https://openalex.org/W2084454352
https://openalex.org/W2027488065
https://openalex.org/W1989545196
https://openalex.org/W2068999164
https://openalex.org/W2018666042
https://openalex.org/W29034952
https://openalex.org/W2031419265
https://openalex.org/W2094748640
https://openalex.org/W2099921226
https://openalex.org/W2003440832
https://openalex.org/W2019539436
https://openalex.org/W2125262311
https://openalex.org/W2144281895
https://openalex.org/W2146088771
https://openalex.org/W2062250386
https://openalex.org/W2133084986
https://openalex.org/W1925072096
https://openalex.org/W2087517387
https://openalex.org/W2020410120
https://openalex.org/W2075320728
https://openalex.org/W2087011701
https://openalex.org/W2087906885
https://openalex.org/W2333043028
https://openalex.org/W2070127885
https://openalex.org/W103680699
https://openalex.org/W2033456412
https://openalex.org/W2059549614
https://openalex.org/W2141626459
https://openalex.org/W2024158938
https://openalex.org/W2021722649
https://openalex.org/W2137155173
https://openalex.org/W2417444662
https://openalex.org/W2093631772
https://openalex.org/W2074766720
https://openalex.org/W2096145612
https://openalex.org/W1950161245
https://openalex.org/W2055652569
https://openalex.org/W2132987935
https://openalex.org/W1881850376
https://openalex.org/W2014267592
https://openalex.org/W2040460938
https://openalex.org/W2511687892
https://openalex.org/W1971415101
https://openalex.org/W1988386455
https://openalex.org/W2288254188
https://openalex.org/W2557883720
https://openalex.org/W2773467804
https://openalex.org/W2789861093
https://openalex.org/W2505736819
https://openalex.org/W2520055465
https://openalex.org/W2735497469
https://openalex.org/W2788380006
https://openalex.org/W2905123245
https://openalex.org/W2954887240
https://openalex.org/W2468686606
https://openalex.org/W2912498001
https://openalex.org/W2969578841
https://openalex.org/W57476629
https://openalex.org/W2914324501
https://openalex.org/W2963519196
https://openalex.org/W2996084528
https://openalex.org/W2964244843
https://openalex.org/W3049680642
https://openalex.org/W2992915795
https://openalex.org/W3022323014
https://openalex.org/W3033433272
https://openalex.org/W3193662153
https://openalex.org/W3181195632
https://openalex.org/W3156756633
https://openalex.org/W4206606617
https://openalex.org/W4280528824
https://openalex.org/W4283072475
https://openalex.org/W4308206074
https://openalex.org/W4205712453
https://openalex.org/W4220719541
https://openalex.org/W4220737054
https://openalex.org/W4229376361
https://openalex.org/W4281902563
https://openalex.org/W4308683911
https://openalex.org/W4323256973
https://openalex.org/W4378348283
https://openalex.org/W4378527940
https://openalex.org/W4378649505
https://openalex.org/W4379057701
https://openalex.org/W4386295852
https://openalex.org/W2138565694
https://openalex.org/W2001020136
https://openalex.org/W2144242580
https://openalex.org/W2079164337
https://openalex.org/W2022805241
https://openalex.org/W2062380100
https://openalex.org/W2038442189
https://openalex.org/W2148768853
https://openalex.org/W2046271125
https://openalex.org/W2056563765
https://openalex.org/W2074083646
https://openalex.org/W2015043138
https://openalex.org/W2073720281
https://openalex.org/W2022197854
https://openalex.org/W2023254420
https://openalex.org/W2010500972
https://openalex.org/W2047292940
https://openalex.org/W2153964710
https://openalex.org/W2155245264
https://openalex.org/W2080604513
https://openalex.org/W2021506940
https://openalex.org/W2056230950
https://openalex.org/W1975176483
https://openalex.org/W2000832930
https://openalex.org/W2087753844
https://openalex.org/W2027060944
https://openalex.org/W2052137651
https://openalex.org/W2088265244
https://openalex.org/W1993895525
https://openalex.org/W2014660132
https://openalex.org/W2113275609
https://openalex.org/W4241632699
https://openalex.org/W2025722997
https://openalex.org/W2043608167
https://openalex.org/W2075401811
https://openalex.org/W2099121661
https://openalex.org/W2147104202
https://openalex.org/W1952561155
https://openalex.org/W2293030315
https://openalex.org/W2765884900
https://openalex.org/W2799869001
https://openalex.org/W2888677225
https://openalex.org/W2518690821
https://openalex.org/W328759530
https://openalex.org/W2619560971
https://openalex.org/W2806007789
https://openalex.org/W2605944665
https://openalex.org/W2611908150
https://openalex.org/W2737166852
https://openalex.org/W2791671636
https://openalex.org/W2508486747
https://openalex.org/W2567064787
https://openalex.org/W2912767016
https://openalex.org/W2914832332
https://openalex.org/W2901850038
https://openalex.org/W2908782956
https://openalex.org/W2911734156
https://openalex.org/W2913995256
https://openalex.org/W2944774107
https://openalex.org/W2984512312
https://openalex.org/W2998676807
https://openalex.org/W3004742967
https://openalex.org/W3004765867
https://openalex.org/W3034480710
https://openalex.org/W3005520891
https://openalex.org/W3028530026
https://openalex.org/W3038671875
https://openalex.org/W3111928690
https://openalex.org/W3129379461
https://openalex.org/W3153800935
https://openalex.org/W3183023960
https://openalex.org/W131638370
https://openalex.org/W1991300223
https://openalex.org/W1979934584
https://openalex.org/W2049820445
https://openalex.org/W2017999873
https://openalex.org/W1993575900
https://openalex.org/W2078965903
https://openalex.org/W2017985528
https://openalex.org/W70768446
https://openalex.org/W1977393641
https://openalex.org/W2045784879
https://openalex.org/W2031042039
https://openalex.org/W2054131594
https://openalex.org/W2083084541
https://openalex.org/W2117501766
https://openalex.org/W1989160007
https://openalex.org/W4252199685
https://openalex.org/W2000529162
https://openalex.org/W2330421316
https://openalex.org/W2052473734
https://openalex.org/W2055691004
https://openalex.org/W2117183822
https://openalex.org/W1988786606
https://openalex.org/W2052769557
https://openalex.org/W2509506274
https://openalex.org/W1967865659
https://openalex.org/W2056089372
https://openalex.org/W2169378417
https://openalex.org/W2043992631
https://openalex.org/W2089870013
https://openalex.org/W2122681894
https://openalex.org/W2153667725
https://openalex.org/W2076942143
https://openalex.org/W1976612977
https://openalex.org/W1999571171
https://openalex.org/W2086159328
https://openalex.org/W2103823187
https://openalex.org/W1982223033
https://openalex.org/W2125707907
https://openalex.org/W2146847012
https://openalex.org/W1963970994
https://openalex.org/W1998065346
https://openalex.org/W2069180639
https://openalex.org/W2101381091
https://openalex.org/W4361968751
https://openalex.org/W2087198318
https://openalex.org/W2156441892
https://openalex.org/W2322865777
https://openalex.org/W2157094325
https://openalex.org/W1994301150
https://openalex.org/W2531398287
https://openalex.org/W2583351947
https://openalex.org/W2005581253
https://openalex.org/W2150973515
https://openalex.org/W2605974085
https://openalex.org/W2624093011
https://openalex.org/W2771234733
https://openalex.org/W2788261431
https://openalex.org/W1798247933
https://openalex.org/W1965917206
https://openalex.org/W2006990491
https://openalex.org/W2051588650
https://openalex.org/W2554918205
https://openalex.org/W2512453215
https://openalex.org/W2577927500
https://openalex.org/W2599283122
https://openalex.org/W2339378730
https://openalex.org/W2470349754
https://openalex.org/W2900428203
https://openalex.org/W2902827977
https://openalex.org/W2947108066
https://openalex.org/W2962516775
https://openalex.org/W3001361169
https://openalex.org/W3045244798
https://openalex.org/W3012307867
https://openalex.org/W2473661681
https://openalex.org/W2414123788
https://openalex.org/W3039397275
https://openalex.org/W3156272417
https://openalex.org/W3162167766
https://openalex.org/W4214480802
https://openalex.org/W4283012531
https://openalex.org/W4220743853
https://openalex.org/W4280497464
https://openalex.org/W4281769562
https://openalex.org/W4283769318
https://openalex.org/W4291908988
https://openalex.org/W4316814325
https://openalex.org/W4317788418
https://openalex.org/W4317829570
https://openalex.org/W4327967898
https://openalex.org/W4362667690
https://openalex.org/W4366829770
https://openalex.org/W4380323793
https://openalex.org/W4382461272
https://openalex.org/W4385226621
https://openalex.org/W4386849951
https://openalex.org/W2001672079
https://openalex.org/W24765939
https://openalex.org/W2036287442
https://openalex.org/W1969286266
https://openalex.org/W2048116629
https://openalex.org/W2082652706
https://openalex.org/W2155252010
https://openalex.org/W1990375925
https://openalex.org/W1991713749
https://openalex.org/W1999628634
https://openalex.org/W2014659098
https://openalex.org/W2097959355
https://openalex.org/W24067949
https://openalex.org/W1992472289
https://openalex.org/W2152619854
https://openalex.org/W2026649589
https://openalex.org/W2160320125
https://openalex.org/W198500837
https://openalex.org/W1998523130
https://openalex.org/W1980166239
https://openalex.org/W2044281538
https://openalex.org/W2106262571
https://openalex.org/W1967128380
https://openalex.org/W2009597050
https://openalex.org/W2050475061
https://openalex.org/W2074681233
https://openalex.org/W2029008009
https://openalex.org/W2137929776
https://openalex.org/W3140098228
https://openalex.org/W2025951863
https://openalex.org/W1902422314
https://openalex.org/W2004935169
https://openalex.org/W2118485711
https://openalex.org/W2498882399
https://openalex.org/W1986957434
https://openalex.org/W2073775635
https://openalex.org/W1986896443
https://openalex.org/W2068691423
https://openalex.org/W1934307177
https://openalex.org/W1970616205
https://openalex.org/W1979145911
https://openalex.org/W1998953901
https://openalex.org/W2030302166
https://openalex.org/W2081034676
https://openalex.org/W2094965328
https://openalex.org/W2112741656
https://openalex.org/W2147565916
https://openalex.org/W1955918126
https://openalex.org/W2026927265
https://openalex.org/W1985270707
https://openalex.org/W2119402336
https://openalex.org/W2147916103
https://openalex.org/W1983174776
https://openalex.org/W2035208647
https://openalex.org/W2092231896
https://openalex.org/W2314425340
https://openalex.org/W2340320944
https://openalex.org/W2514267991
https://openalex.org/W2517891960
https://openalex.org/W2565023086
https://openalex.org/W2591664245
https://openalex.org/W2760322046
https://openalex.org/W1612538852
https://openalex.org/W2157908813
https://openalex.org/W2289493078
https://openalex.org/W2547490655
https://openalex.org/W2571296683
https://openalex.org/W2620195678
https://openalex.org/W2554185292
https://openalex.org/W2560563404
https://openalex.org/W2807086973
https://openalex.org/W2891017842
https://openalex.org/W2910063091
https://openalex.org/W2913226136
https://openalex.org/W2950738412
https://openalex.org/W2965991826
https://openalex.org/W2971154292
https://openalex.org/W3008652268
https://openalex.org/W3022010256
https://openalex.org/W3045581963
https://openalex.org/W3106790111
https://openalex.org/W3004217564
https://openalex.org/W3022109197
https://openalex.org/W3089615633
https://openalex.org/W3136894162
https://openalex.org/W3126713293
https://openalex.org/W3158790896
https://openalex.org/W3192679399
https://openalex.org/W3197065798
https://openalex.org/W4200452648
https://openalex.org/W4200533577
https://openalex.org/W4224139972
https://openalex.org/W4226035938
https://openalex.org/W4283371268
https://openalex.org/W4285386933
https://openalex.org/W4288420559
https://openalex.org/W4291700707
https://openalex.org/W4386885505
https://openalex.org/W4389515248
https://openalex.org/W4389568537
https://openalex.org/W4390429521
https://openalex.org/W4390615684
https://openalex.org/W4390647001
https://openalex.org/W4390699705
https://openalex.org/W4390738888
https://openalex.org/W4390778864
https://openalex.org/W4390885706
https://openalex.org/W4390889596
https://openalex.org/W4390901952
https://openalex.org/W4390903995
https://openalex.org/W4390912947
https://openalex.org/W4391033566
https://openalex.org/W4391105360
https://openalex.org/W4391116044
https://openalex.org/W4391562358
https://openalex.org/W4391597437
https://openalex.org/W4391602038
https://openalex.org/W4391604001
https://openalex.org/W4391617130
https://openalex.org/W4391678912
https://openalex.org/W4391839562
https://openalex.org/W4392133270
https://openalex.org/W4392399122
https://openalex.org/W4392403220
https://openalex.org/W4392499790
https://openalex.org/W4392560840
https://openalex.org/W4392583953
https://openalex.org/W4392789082
https://openalex.org/W4392791658
https://openalex.org/W4392809615
https://openalex.org/W4392941329
https://openalex.org/W4392953365
https://openalex.org/W4393075493
https://openalex.org/W4393212128
https://openalex.org/W4393261894
https://openalex.org/W4393856306
https://openalex.org/W4394578440
https://openalex.org/W4394747800
https://openalex.org/W4394753624
https://openalex.org/W4394804210
https://openalex.org/W4394877790
https://openalex.org/W4394894357
https://openalex.org/W4394962583
https://openalex.org/W4395000250
https://openalex.org/W4395070715
https://openalex.org/W4395669753
https://openalex.org/W4396496149
https://openalex.org/W4396520332
https://openalex.org/W4396524161
https://openalex.org/W4396558087
https://openalex.org/W2106338976
https://openalex.org/W2137419917
https://openalex.org/W2064990540
https://openalex.org/W2064739776
https://openalex.org/W2093973467
https://openalex.org/W2150631208
https://openalex.org/W2006421830
https://openalex.org/W2163117358
https://openalex.org/W2169928434
https://openalex.org/W1978424661
https://openalex.org/W1979645421
https://openalex.org/W2035757023
https://openalex.org/W2038125912
https://openalex.org/W2040185697
https://openalex.org/W2050933222
https://openalex.org/W2061909906
https://openalex.org/W1854386915
https://openalex.org/W2106878988
https://openalex.org/W59983249
https://openalex.org/W1966098163
https://openalex.org/W2224130660
https://openalex.org/W2044721794
https://openalex.org/W2064827358
https://openalex.org/W2063685267
https://openalex.org/W2086970593
https://openalex.org/W2098314868
https://openalex.org/W2105120374
https://openalex.org/W2114392006
https://openalex.org/W4247397631
https://openalex.org/W1963701297
https://openalex.org/W1999903657
https://openalex.org/W2031455848
https://openalex.org/W2040141686
https://openalex.org/W2138137255
https://openalex.org/W1588842719
https://openalex.org/W2033484215
https://openalex.org/W2053723587
https://openalex.org/W1484285576
https://openalex.org/W2015381318
https://openalex.org/W2070446315
https://openalex.org/W2073370380
https://openalex.org/W2154727452
https://openalex.org/W1509579528
https://openalex.org/W1989354179
https://openalex.org/W2006070200
https://openalex.org/W2064570705
https://openalex.org/W2118537141
https://openalex.org/W2126580833
https://openalex.org/W2320134028
https://openalex.org/W2742179033
https://openalex.org/W2766179553
https://openalex.org/W1830505968
https://openalex.org/W1925930970
https://openalex.org/W1988628908
https://openalex.org/W2109836868
https://openalex.org/W2433315560
https://openalex.org/W2781151408
https://openalex.org/W2784533859
https://openalex.org/W2795140610
https://openalex.org/W1828144428
https://openalex.org/W2010977379
https://openalex.org/W2126692094
https://openalex.org/W2272935863
https://openalex.org/W2345931282
https://openalex.org/W2467005430
https://openalex.org/W2555966059
https://openalex.org/W2626816033
https://openalex.org/W2770521789
https://openalex.org/W2793952594
https://openalex.org/W2883093555
https://openalex.org/W2909844982
https://openalex.org/W2993438865
https://openalex.org/W2491090962
https://openalex.org/W2495071682
https://openalex.org/W2808038967
https://openalex.org/W2944214416
https://openalex.org/W2972083055
https://openalex.org/W2940417462
https://openalex.org/W2961151563
https://openalex.org/W2994423853
https://openalex.org/W2999292699
https://openalex.org/W3017734850
https://openalex.org/W3014121134
https://openalex.org/W1973532353
https://openalex.org/W3090949785
https://openalex.org/W3133472068
https://openalex.org/W3205618074
https://openalex.org/W4310647960
https://openalex.org/W4320491869
https://openalex.org/W4321767817
https://openalex.org/W4322486491
https://openalex.org/W4323314079
https://openalex.org/W4324311606
https://openalex.org/W4327703563
https://openalex.org/W4362722561
https://openalex.org/W4380319747
https://openalex.org/W4385650515
https://openalex.org/W4386592167
https://openalex.org/W4387265098
https://openalex.org/W4387873376
https://openalex.org/W4388035135
https://openalex.org/W4388035612
https://openalex.org/W4389001206
https://openalex.org/W2047193566
https://openalex.org/W2062946709
https://openalex.org/W2088195186
https://openalex.org/W2466611510
https://openalex.org/W1967757187
https://openalex.org/W2009370890
https://openalex.org/W2409199821
https://openalex.org/W2105456408
https://openalex.org/W2757066534
https://openalex.org/W1967918761
https://openalex.org/W2047640970
https://openalex.org/W1971978926
https://openalex.org/W2024899236
https://openalex.org/W1979968681
https://openalex.org/W2029996862
https://openalex.org/W2095729281
https://openalex.org/W1876472543
https://openalex.org/W2057660055
https://openalex.org/W1976316540
https://openalex.org/W2292511519
https://openalex.org/W2027982558
https://openalex.org/W2128704547
https://openalex.org/W1987718976
https://openalex.org/W2001628213
https://openalex.org/W2041991393
https://openalex.org/W1977805367
https://openalex.org/W2036685852
https://openalex.org/W1964295475
https://openalex.org/W2056423329
https://openalex.org/W2088663085
https://openalex.org/W2482789288
https://openalex.org/W1933889113
https://openalex.org/W2045105977
https://openalex.org/W2099660120
https://openalex.org/W2105295262
https://openalex.org/W2164541916
https://openalex.org/W2411548698
https://openalex.org/W1963812896
https://openalex.org/W1964614411
https://openalex.org/W1965112234
https://openalex.org/W1994232649
https://openalex.org/W2014175964
https://openalex.org/W2065910061
https://openalex.org/W2169059891
https://openalex.org/W1964364763
https://openalex.org/W1996966548
https://openalex.org/W2013082108
https://openalex.org/W2025036097
https://openalex.org/W2048108785
https://openalex.org/W2052843166
https://openalex.org/W2098286873
https://openalex.org/W2107496924
https://openalex.org/W2152201415
https://openalex.org/W2152753076
https://openalex.org/W2158522450
https://openalex.org/W2275826197
https://openalex.org/W2883418199
https://openalex.org/W2888109854
https://openalex.org/W2908254599
https://openalex.org/W2061163648
https://openalex.org/W2225270376
https://openalex.org/W2413678772
https://openalex.org/W2724782993
https://openalex.org/W2891346218
https://openalex.org/W2892326605
https://openalex.org/W2898094279
https://openalex.org/W2900641888
https://openalex.org/W2969393543
https://openalex.org/W2517043956
https://openalex.org/W2995604940
https://openalex.org/W3085739304
https://openalex.org/W2411688104
https://openalex.org/W3126419082
https://openalex.org/W3212335873
https://openalex.org/W4206965664
https://openalex.org/W4210399434
https://openalex.org/W4280599747
https://openalex.org/W4293773539
https://openalex.org/W4295095581
https://openalex.org/W4308255233
https://openalex.org/W2002856321
https://openalex.org/W4230182969
https://openalex.org/W1975724019
https://openalex.org/W2418317012
https://openalex.org/W2489753988
https://openalex.org/W1990166134
https://openalex.org/W2018294146
https://openalex.org/W2045112862
https://openalex.org/W2050459644
https://openalex.org/W2076872992
https://openalex.org/W2112535632
https://openalex.org/W2000996139
https://openalex.org/W2061055131
https://openalex.org/W2120899142
https://openalex.org/W1982938773
https://openalex.org/W2330248516
https://openalex.org/W1997799982
https://openalex.org/W1998883901
https://openalex.org/W2068608440
https://openalex.org/W2081430017
https://openalex.org/W2394822676
https://openalex.org/W1970276618
https://openalex.org/W2042482019
https://openalex.org/W2140552199
https://openalex.org/W2134360012
https://openalex.org/W2031231087
https://openalex.org/W2083040296
https://openalex.org/W2008910874
https://openalex.org/W2105831641
https://openalex.org/W1991566975
https://openalex.org/W2010146562
https://openalex.org/W2070686267
https://openalex.org/W2088422370
https://openalex.org/W2156831659
https://openalex.org/W433059961
https://openalex.org/W2003427240
https://openalex.org/W2079897245
https://openalex.org/W2149831309
https://openalex.org/W1565083937
https://openalex.org/W1759161252
https://openalex.org/W2037803416
https://openalex.org/W2049043480
https://openalex.org/W2104715316
https://openalex.org/W2120128559
https://openalex.org/W2123569234
https://openalex.org/W2152803620
https://openalex.org/W2171943675
https://openalex.org/W2737925023
https://openalex.org/W2017966675
https://openalex.org/W2027225425
https://openalex.org/W2156322059
https://openalex.org/W2511178847
https://openalex.org/W2596111179
https://openalex.org/W2799606660
https://openalex.org/W2800929920
https://openalex.org/W2803688488
https://openalex.org/W2889915883
https://openalex.org/W2890356081
https://openalex.org/W2944785783
https://openalex.org/W2962500701
https://openalex.org/W2982510980
https://openalex.org/W2232802485
https://openalex.org/W2278839253
https://openalex.org/W2470630368
https://openalex.org/W2587411896
https://openalex.org/W2986905214
https://openalex.org/W2971683257
https://openalex.org/W2989696477
https://openalex.org/W3045643228
https://openalex.org/W2404933761
https://openalex.org/W3095275711
https://openalex.org/W3134471214
https://openalex.org/W3161011974
https://openalex.org/W3217394670
https://openalex.org/W4226395025
https://openalex.org/W4293761278
https://openalex.org/W4312621538
https://openalex.org/W2163723468
https://openalex.org/W1985680646
https://openalex.org/W1989476168
https://openalex.org/W2095514195
https://openalex.org/W2041773122
https://openalex.org/W1508561562
https://openalex.org/W1992182893
https://openalex.org/W2082726267
https://openalex.org/W1993747786
https://openalex.org/W2041024948
https://openalex.org/W2127798554
https://openalex.org/W2032293362
https://openalex.org/W2040161897
https://openalex.org/W2090895502
https://openalex.org/W170504775
https://openalex.org/W2062700542
https://openalex.org/W1968612907
https://openalex.org/W2105020132
https://openalex.org/W1496436642
https://openalex.org/W2034939085
https://openalex.org/W1975165558
https://openalex.org/W3201298012
https://openalex.org/W2076428766
https://openalex.org/W2170663709
https://openalex.org/W2025614750
https://openalex.org/W2090705244
https://openalex.org/W2312725097
https://openalex.org/W1766926517
https://openalex.org/W1987293009
https://openalex.org/W1997592293
https://openalex.org/W2100303226
https://openalex.org/W2109786934
https://openalex.org/W2159208253
https://openalex.org/W2247980992
https://openalex.org/W2327197855
https://openalex.org/W2789934539
https://openalex.org/W2809859421
https://openalex.org/W2811271566
https://openalex.org/W2089983631
https://openalex.org/W2101880093
https://openalex.org/W2122688881
https://openalex.org/W2137857398
https://openalex.org/W2172520384
https://openalex.org/W2282247845
https://openalex.org/W2314418408
https://openalex.org/W2590696310
https://openalex.org/W2606372509
https://openalex.org/W2754616047
https://openalex.org/W2765364680
https://openalex.org/W2775671266
https://openalex.org/W2888695091
https://openalex.org/W2894901392
https://openalex.org/W2896439691
https://openalex.org/W2914963278
https://openalex.org/W2255391069
https://openalex.org/W2264434036
https://openalex.org/W2283189489
https://openalex.org/W2510248078
https://openalex.org/W3009748786
https://openalex.org/W3028953962
https://openalex.org/W3039018001
https://openalex.org/W3047595808
https://openalex.org/W3085567745
https://openalex.org/W3095815578
https://openalex.org/W2983058548
https://openalex.org/W3045324719
https://openalex.org/W3096872806
https://openalex.org/W3101723995
https://openalex.org/W3127348966
https://openalex.org/W3183222834
https://openalex.org/W2090206673
https://openalex.org/W1979494404
https://openalex.org/W1997209180
https://openalex.org/W2021481427
https://openalex.org/W2048564995
https://openalex.org/W2314482934
https://openalex.org/W2126668365
https://openalex.org/W2028292172
https://openalex.org/W2067774295
https://openalex.org/W1996111108
https://openalex.org/W2040911749
https://openalex.org/W1967484776
https://openalex.org/W2011414894
https://openalex.org/W2076698400
https://openalex.org/W2161736393
https://openalex.org/W2116508319
https://openalex.org/W2121266668
https://openalex.org/W2123126270
https://openalex.org/W2138508260
https://openalex.org/W2143594263
https://openalex.org/W2152829698
https://openalex.org/W2341392382
https://openalex.org/W1183127493
https://openalex.org/W1973592362
https://openalex.org/W2001211788
https://openalex.org/W24687451
https://openalex.org/W1887891333
https://openalex.org/W1996856916
https://openalex.org/W2001191314
https://openalex.org/W2102308725
https://openalex.org/W2112048672
https://openalex.org/W2115384609
https://openalex.org/W2143792848
https://openalex.org/W2157280204
https://openalex.org/W2315017379
https://openalex.org/W2323527342
https://openalex.org/W2415809271
https://openalex.org/W2591471910
https://openalex.org/W2808049687
https://openalex.org/W2917978126
https://openalex.org/W2922671334
https://openalex.org/W2938483264
https://openalex.org/W2946962072
https://openalex.org/W2979300596
https://openalex.org/W2031135859
https://openalex.org/W2043029440
https://openalex.org/W2192846543
https://openalex.org/W2336076911
https://openalex.org/W2483298694
https://openalex.org/W2932343250
https://openalex.org/W2953892483
https://openalex.org/W2990226983
https://openalex.org/W3117307872
https://openalex.org/W3140356611
https://openalex.org/W3171157255
https://openalex.org/W3185291790
https://openalex.org/W3202563148
https://openalex.org/W3197923348
https://openalex.org/W4206838279
https://openalex.org/W4213240537
https://openalex.org/W4220830228
https://openalex.org/W4224438215
https://openalex.org/W4229056163
https://openalex.org/W4280529910
https://openalex.org/W4281483822
https://openalex.org/W4281490032
https://openalex.org/W4286295209
https://openalex.org/W4296324471
https://openalex.org/W4310075811
https://openalex.org/W4313240848
https://openalex.org/W4307896058
https://openalex.org/W4320493164
https://openalex.org/W4320719878
https://openalex.org/W4321122017
https://openalex.org/W4321459353
https://openalex.org/W4322720339
https://openalex.org/W4362594148
https://openalex.org/W4367172772
https://openalex.org/W4372346308
https://openalex.org/W4376104346
https://openalex.org/W4377029863
https://openalex.org/W4378214695
https://openalex.org/W4378348991
https://openalex.org/W4381469258
https://openalex.org/W4385186325
https://openalex.org/W4385247503
https://openalex.org/W4385981717
https://openalex.org/W4386529884
https://openalex.org/W4387519878
https://openalex.org/W4389234193
https://openalex.org/W4389234711
https://openalex.org/W4390458973
https://openalex.org/W2024187211
https://openalex.org/W1993036369
https://openalex.org/W2024021924
https://openalex.org/W2019123506
https://openalex.org/W2058765054
https://openalex.org/W3022133767
https://openalex.org/W2074568498
https://openalex.org/W2135123344
https://openalex.org/W2068266897
https://openalex.org/W4255859038
https://openalex.org/W1971938677
https://openalex.org/W2017515849
https://openalex.org/W4247655731
https://openalex.org/W2038856850
https://openalex.org/W2088916120
https://openalex.org/W2092189074
https://openalex.org/W1973019149
https://openalex.org/W2015996846
https://openalex.org/W2028900478
https://openalex.org/W2307849961
https://openalex.org/W42167871
https://openalex.org/W1555242173
https://openalex.org/W2005871854
https://openalex.org/W2167672033
https://openalex.org/W1983029872
https://openalex.org/W2011185526
https://openalex.org/W2011903845
https://openalex.org/W2125248086
https://openalex.org/W2132042995
https://openalex.org/W1987068426
https://openalex.org/W1991199747
https://openalex.org/W2066054906
https://openalex.org/W2142195697
https://openalex.org/W2251958462
https://openalex.org/W1959404033
https://openalex.org/W1974599265
https://openalex.org/W2043511566
https://openalex.org/W2137563557
https://openalex.org/W2315515711
https://openalex.org/W2594651096
https://openalex.org/W2606544650
https://openalex.org/W2733846648
https://openalex.org/W2780320685
https://openalex.org/W2790296775
https://openalex.org/W2797306980
https://openalex.org/W2802753686
https://openalex.org/W2901218514
https://openalex.org/W2028229618
https://openalex.org/W2051997695
https://openalex.org/W2054761335
https://openalex.org/W2067717111
https://openalex.org/W2083872786
https://openalex.org/W2098957340
https://openalex.org/W2109535917
https://openalex.org/W2157455942
https://openalex.org/W2192272936
https://openalex.org/W2326394357
https://openalex.org/W2470737538
https://openalex.org/W2559983311
https://openalex.org/W2604458913
https://openalex.org/W2615292600
https://openalex.org/W2735365103
https://openalex.org/W2911924328
https://openalex.org/W2920860843
https://openalex.org/W2962921601
https://openalex.org/W2129506058
https://openalex.org/W2058178924
https://openalex.org/W2090983049
https://openalex.org/W2016153838
https://openalex.org/W1525039060
https://openalex.org/W1706002548
https://openalex.org/W2001213149
https://openalex.org/W2022308935
https://openalex.org/W2419420210
https://openalex.org/W1999428692
https://openalex.org/W2044866704
https://openalex.org/W2070734654
https://openalex.org/W2090012486
https://openalex.org/W2146168842
https://openalex.org/W2394853907
https://openalex.org/W1999243394
https://openalex.org/W2022499124
https://openalex.org/W2061774560
https://openalex.org/W2034711495
https://openalex.org/W1891475472
https://openalex.org/W1995656570
https://openalex.org/W2021064254
https://openalex.org/W2132637390
https://openalex.org/W2407980809
https://openalex.org/W1970406771
https://openalex.org/W1984439445
https://openalex.org/W1604527315
https://openalex.org/W178250209
https://openalex.org/W1968555346
https://openalex.org/W2031138010
https://openalex.org/W2038129423
https://openalex.org/W2053406651
https://openalex.org/W2055559072
https://openalex.org/W2057036479
https://openalex.org/W2086951206
https://openalex.org/W2087952292
https://openalex.org/W2109582332
https://openalex.org/W2788946949
https://openalex.org/W2793746632
https://openalex.org/W2806615767
https://openalex.org/W2001547974
https://openalex.org/W2044604652
https://openalex.org/W2052645770
https://openalex.org/W2105227131
https://openalex.org/W2125586796
https://openalex.org/W2125897333
https://openalex.org/W2144481980
https://openalex.org/W2302602316
https://openalex.org/W2430427289
https://openalex.org/W2569946794
https://openalex.org/W2730245160
https://openalex.org/W2754515336
https://openalex.org/W2769301806
https://openalex.org/W2917401714
https://openalex.org/W2965799516
https://openalex.org/W3017059585
https://openalex.org/W3097378971
https://openalex.org/W2000159512
https://openalex.org/W2334362595
https://openalex.org/W2341803164
https://openalex.org/W2514542189
https://openalex.org/W3093465415
https://openalex.org/W3120356038
https://openalex.org/W3121085906
https://openalex.org/W3126895974
https://openalex.org/W3128329476
https://openalex.org/W3131864801
https://openalex.org/W3145594865
https://openalex.org/W3149259697
https://openalex.org/W3176009568
https://openalex.org/W3201761224
https://openalex.org/W3213436746
https://openalex.org/W2008014254
https://openalex.org/W2049068209
https://openalex.org/W2006055395
https://openalex.org/W2020718652
https://openalex.org/W2045845371
https://openalex.org/W2073822425
https://openalex.org/W2127015312
https://openalex.org/W1495638250
https://openalex.org/W2026702695
https://openalex.org/W1572476277
https://openalex.org/W1967205818
https://openalex.org/W2399333514
https://openalex.org/W2505045216
https://openalex.org/W1968539795
https://openalex.org/W2096629136
https://openalex.org/W2083148280
https://openalex.org/W2282170408
https://openalex.org/W2055446214
https://openalex.org/W2095557744
https://openalex.org/W2170858569
https://openalex.org/W2042714249
https://openalex.org/W2085826933
https://openalex.org/W158758440
https://openalex.org/W2086033410
https://openalex.org/W2163663352
https://openalex.org/W1982304508
https://openalex.org/W2002065980
https://openalex.org/W2042197713
https://openalex.org/W2050047176
https://openalex.org/W2084480296
https://openalex.org/W2090557098
https://openalex.org/W2095365907
https://openalex.org/W2127279151
https://openalex.org/W2150442584
https://openalex.org/W2441552785
https://openalex.org/W2786200544
https://openalex.org/W2794452373
https://openalex.org/W2799481172
https://openalex.org/W2808601110
https://openalex.org/W2907251335
https://openalex.org/W69545184
https://openalex.org/W187751294
https://openalex.org/W1973888040
https://openalex.org/W1983137059
https://openalex.org/W2004855034
https://openalex.org/W2072559846
https://openalex.org/W2077503139
https://openalex.org/W2171402449
https://openalex.org/W2556566611
https://openalex.org/W2582026922
https://openalex.org/W2603331138
https://openalex.org/W2747241055
https://openalex.org/W2768807222
https://openalex.org/W2770324943
https://openalex.org/W2917544527
https://openalex.org/W2946176724
https://openalex.org/W2965665687
https://openalex.org/W2984096794
https://openalex.org/W2997824821
https://openalex.org/W3001043881
https://openalex.org/W3016308505
https://openalex.org/W3016906644
https://openalex.org/W3025121282
https://openalex.org/W3027907173
https://openalex.org/W3039090489
https://openalex.org/W3082445053
https://openalex.org/W3109249038
https://openalex.org/W3027125605
https://openalex.org/W3121780061
https://openalex.org/W3130051934
https://openalex.org/W3146279451
https://openalex.org/W3164882491
https://openalex.org/W3194202056
https://openalex.org/W3199309190
https://openalex.org/W3201270463
https://openalex.org/W3212830265
https://openalex.org/W2466268834
https://openalex.org/W4206111284
https://openalex.org/W4213086459
https://openalex.org/W4214943500
https://openalex.org/W4221103315
https://openalex.org/W4225655157
https://openalex.org/W4225937327
https://openalex.org/W4229027237
https://openalex.org/W4281742241
https://openalex.org/W4283017115
https://openalex.org/W4308122637
https://openalex.org/W4308346998
https://openalex.org/W4319777872
https://openalex.org/W2039465082
https://openalex.org/W2094229837
https://openalex.org/W2120886001
https://openalex.org/W4241648388
https://openalex.org/W1543644679
https://openalex.org/W2098627805
https://openalex.org/W4230212620
https://openalex.org/W2004744776
https://openalex.org/W2019102617
https://openalex.org/W2158608261
https://openalex.org/W4233746042
https://openalex.org/W1966162011
https://openalex.org/W1984078921
https://openalex.org/W2080557971
https://openalex.org/W2083820601
https://openalex.org/W909455296
https://openalex.org/W2027008532
https://openalex.org/W2084393180
https://openalex.org/W2796647254
https://openalex.org/W2802399456
https://openalex.org/W2808050319
https://openalex.org/W2903196460
https://openalex.org/W1641377897
https://openalex.org/W1917663041
https://openalex.org/W2077376101
https://openalex.org/W2133914971
https://openalex.org/W2157804905
https://openalex.org/W2312535155
https://openalex.org/W2314019733
https://openalex.org/W2319663974
https://openalex.org/W2328090829
https://openalex.org/W2721485474
https://openalex.org/W2999891160
https://openalex.org/W3006172149
https://openalex.org/W3008478749
https://openalex.org/W3010186658
https://openalex.org/W3025007515
https://openalex.org/W3035081663
https://openalex.org/W4303927903
https://openalex.org/W2126492932
https://openalex.org/W2035955442
https://openalex.org/W11967522
https://openalex.org/W1987087476
https://openalex.org/W2085874291
https://openalex.org/W1967549733
https://openalex.org/W2050916676
https://openalex.org/W2377657301
https://openalex.org/W1980596970
https://openalex.org/W2015207165
https://openalex.org/W2085283298
https://openalex.org/W33543576
https://openalex.org/W1999717160
https://openalex.org/W2122376237
https://openalex.org/W2414530187
https://openalex.org/W3188164960
https://openalex.org/W1969385219
https://openalex.org/W2133046295
https://openalex.org/W1995988556
https://openalex.org/W2035645778
https://openalex.org/W2170960106
https://openalex.org/W1873992505
https://openalex.org/W2085690892
https://openalex.org/W2091961907
https://openalex.org/W2137969385
https://openalex.org/W2187067871
https://openalex.org/W2425502842
https://openalex.org/W2612252329
https://openalex.org/W2742788712
https://openalex.org/W2760895113
https://openalex.org/W2789415843
https://openalex.org/W2802844256
https://openalex.org/W2810015768
https://openalex.org/W2883457477
https://openalex.org/W2893043373
https://openalex.org/W2977363080
https://openalex.org/W2986987681
https://openalex.org/W30103828
https://openalex.org/W3011718816
https://openalex.org/W4210973217
https://openalex.org/W1995510939
https://openalex.org/W1998850484
https://openalex.org/W2003432557
https://openalex.org/W2049388990
https://openalex.org/W2102921103
https://openalex.org/W2193581653
https://openalex.org/W2306425327
https://openalex.org/W2429830538
https://openalex.org/W3109665224
https://openalex.org/W3121040059
https://openalex.org/W3167912614
https://openalex.org/W3183538766
https://openalex.org/W3186136434
https://openalex.org/W3189738210
https://openalex.org/W3211605397
https://openalex.org/W4200140330
https://openalex.org/W2032002506
https://openalex.org/W2087123319
https://openalex.org/W1528065957
https://openalex.org/W1965066297
https://openalex.org/W2047925291
https://openalex.org/W172005896
https://openalex.org/W1985867661
https://openalex.org/W2021322861
https://openalex.org/W2052727474
https://openalex.org/W2409562786
https://openalex.org/W1995313976
https://openalex.org/W2164797442
https://openalex.org/W178775847
https://openalex.org/W2066444515
https://openalex.org/W2070374321
https://openalex.org/W1536226339
https://openalex.org/W2032625240
https://openalex.org/W1471579303
https://openalex.org/W1758927866
https://openalex.org/W1981803756
https://openalex.org/W1998068282
https://openalex.org/W2030225458
https://openalex.org/W2061054910
https://openalex.org/W2073406895
https://openalex.org/W2076106287
https://openalex.org/W2090215990
https://openalex.org/W2154206903
https://openalex.org/W2165958979
https://openalex.org/W2472559326
https://openalex.org/W2594011532
https://openalex.org/W2620883609
https://openalex.org/W2626468809
https://openalex.org/W2756531641
https://openalex.org/W2766104787
https://openalex.org/W2800022279
https://openalex.org/W2802921590
https://openalex.org/W2803199746
https://openalex.org/W2806954017
https://openalex.org/W2888343195
https://openalex.org/W2888756134
https://openalex.org/W2903391239
https://openalex.org/W2910292128
https://openalex.org/W2938746236
https://openalex.org/W2944546962
https://openalex.org/W2966518184
https://openalex.org/W2982733956
https://openalex.org/W2983695817
https://openalex.org/W3035482656
https://openalex.org/W3038343502
https://openalex.org/W3080730278
https://openalex.org/W3083853602
https://openalex.org/W40374753
https://openalex.org/W4249149479
https://openalex.org/W1960644921
https://openalex.org/W1994729408
https://openalex.org/W2127945783
https://openalex.org/W226854204
https://openalex.org/W2314458202
https://openalex.org/W2397928912
https://openalex.org/W2513632300
https://openalex.org/W2551327277
https://openalex.org/W3197013403
https://openalex.org/W3211770516
https://openalex.org/W4206297941
https://openalex.org/W4210256049
https://openalex.org/W4220760749
https://openalex.org/W4293659727
https://openalex.org/W4293707320
https://openalex.org/W4294763018
https://openalex.org/W4308372809
https://openalex.org/W1982259425
https://openalex.org/W1996670810
https://openalex.org/W2171266027
https://openalex.org/W1965485825
https://openalex.org/W2404800474
https://openalex.org/W1968529826
https://openalex.org/W2153428585
https://openalex.org/W2410214212
https://openalex.org/W1984881714
https://openalex.org/W1559295887
https://openalex.org/W2157366804
https://openalex.org/W3101808552
https://openalex.org/W1535924827
https://openalex.org/W1601086931
https://openalex.org/W182418767
https://openalex.org/W1985847424
https://openalex.org/W2041309653
https://openalex.org/W2050359766
https://openalex.org/W2328323388
https://openalex.org/W2405356317
https://openalex.org/W3037762117
https://openalex.org/W3095154642
https://openalex.org/W631646448
https://openalex.org/W1976656493
https://openalex.org/W1984906638
https://openalex.org/W1989579615
https://openalex.org/W1989717150
https://openalex.org/W2052483076
https://openalex.org/W2068279636
https://openalex.org/W2086917058
https://openalex.org/W2404630460
https://openalex.org/W2416095527
https://openalex.org/W2421245492
https://openalex.org/W1979056956
https://openalex.org/W2041976862
https://openalex.org/W1994591397
https://openalex.org/W2026431026
https://openalex.org/W2409348518
https://openalex.org/W1965609184
https://openalex.org/W2096766393
https://openalex.org/W2120838290
https://openalex.org/W41807827
https://openalex.org/W2054193298
https://openalex.org/W2124898222
https://openalex.org/W2011362269
https://openalex.org/W2019381289
https://openalex.org/W2035208373
https://openalex.org/W2035308758
https://openalex.org/W2050284503
https://openalex.org/W2059753655
https://openalex.org/W2067572418
https://openalex.org/W2109991056
https://openalex.org/W2133375238
https://openalex.org/W2161828692
https://openalex.org/W2165102936
https://openalex.org/W2622486027
https://openalex.org/W2738285010
https://openalex.org/W2748764823
https://openalex.org/W2776818263
https://openalex.org/W2783100115
https://openalex.org/W2790372280
https://openalex.org/W2795606171
https://openalex.org/W2795988818
https://openalex.org/W2810977076
https://openalex.org/W2883084051
https://openalex.org/W2908109798
https://openalex.org/W2926073396
https://openalex.org/W2979283174
https://openalex.org/W2987231742
https://openalex.org/W2998983158
https://openalex.org/W3014428887
https://openalex.org/W3015294245
https://openalex.org/W3049346496
https://openalex.org/W3049448479
https://openalex.org/W3081094573
https://openalex.org/W3082449198
https://openalex.org/W3155362607
https://openalex.org/W3160380103
https://openalex.org/W3163674974
https://openalex.org/W3164418226
https://openalex.org/W3171603725
https://openalex.org/W3177052289
https://openalex.org/W3186663274
https://openalex.org/W3196735670
https://openalex.org/W3196847679
https://openalex.org/W4226232595
https://openalex.org/W2197764038
https://openalex.org/W2257905306
https://openalex.org/W2290825091
https://openalex.org/W2419016837
https://openalex.org/W2562081178
https://openalex.org/W4231872132
https://openalex.org/W1470139422
https://openalex.org/W2042882314
https://openalex.org/W4233749382
https://openalex.org/W1980790005
https://openalex.org/W2472519679
https://openalex.org/W2008067589
https://openalex.org/W2111345849
https://openalex.org/W2116983741
https://openalex.org/W2418152705
https://openalex.org/W1974037473
https://openalex.org/W2039996221
https://openalex.org/W2465987412
https://openalex.org/W2097965995
https://openalex.org/W298369652
https://openalex.org/W2002256686
https://openalex.org/W2003343528
https://openalex.org/W2130078346
https://openalex.org/W2182683278
https://openalex.org/W2404774106
https://openalex.org/W4205198191
https://openalex.org/W1499430276
https://openalex.org/W1537446081
https://openalex.org/W1595155308
https://openalex.org/W1718319757
https://openalex.org/W1988728991
https://openalex.org/W1988877499
https://openalex.org/W2003636099
https://openalex.org/W2057806366
https://openalex.org/W2060701843
https://openalex.org/W2060742264
https://openalex.org/W2098867908
https://openalex.org/W2315488463
https://openalex.org/W2318938243
https://openalex.org/W2323044593
https://openalex.org/W2333981965
https://openalex.org/W2346865319
https://openalex.org/W2388515287
https://openalex.org/W2409352211
https://openalex.org/W2414760515
https://openalex.org/W2504559625
https://openalex.org/W2559927347
https://openalex.org/W2809404165
https://openalex.org/W3043846003
https://openalex.org/W4231431907
https://openalex.org/W2170301496
https://openalex.org/W4312160068
https://openalex.org/W4318764008
https://openalex.org/W4319262076
https://openalex.org/W4319263089
https://openalex.org/W4319263262
https://openalex.org/W4319263911
https://openalex.org/W4319915910
https://openalex.org/W4321481916
https://openalex.org/W4321997039
https://openalex.org/W4323908038
https://openalex.org/W4327606744
https://openalex.org/W4361916319
https://openalex.org/W4361945991
https://openalex.org/W4361951415
https://openalex.org/W4361970057
https://openalex.org/W4362491418
https://openalex.org/W4362491635
https://openalex.org/W4362491698
https://openalex.org/W4362491926
https://openalex.org/W4362525033
https://openalex.org/W4362529881
https://openalex.org/W4362532707
https://openalex.org/W4362545701
https://openalex.org/W4362546921
https://openalex.org/W4362618301
https://openalex.org/W4362618392
https://openalex.org/W4362619271
https://openalex.org/W4362619355
https://openalex.org/W4362624709
https://openalex.org/W4362628193
https://openalex.org/W4362628386
https://openalex.org/W4362629602
https://openalex.org/W4362629604
https://openalex.org/W4362629645
https://openalex.org/W4362658387
https://openalex.org/W4366290217
https://openalex.org/W4366351810
https://openalex.org/W4366427350
https://openalex.org/W4366998528
https://openalex.org/W4367153271
https://openalex.org/W4377230490
https://openalex.org/W4378172645
https://openalex.org/W4379335141
https://openalex.org/W4379364528
https://openalex.org/W4379527122
https://openalex.org/W4379527988
https://openalex.org/W4380837649
https://openalex.org/W4381300355
https://openalex.org/W4382119418
https://openalex.org/W4382119782
https://openalex.org/W4382119930
https://openalex.org/W4382359861
https://openalex.org/W4382582207
https://openalex.org/W4383745913
https://openalex.org/W4384156642
https://openalex.org/W4384832811
https://openalex.org/W4384924979
https://openalex.org/W4385195734
https://openalex.org/W4385195928
https://openalex.org/W4385235174
https://openalex.org/W4385378128
https://openalex.org/W4385431787
https://openalex.org/W4385470436
https://openalex.org/W4385521903
https://openalex.org/W4385545571
https://openalex.org/W4385547680
https://openalex.org/W4385651304
https://openalex.org/W4385667438
https://openalex.org/W4385689428
https://openalex.org/W4386009764
https://openalex.org/W4386070256
https://openalex.org/W4386410589
https://openalex.org/W4386474222
https://openalex.org/W4386593119
https://openalex.org/W4386730762
https://openalex.org/W4386730848
https://openalex.org/W4386731103
https://openalex.org/W4386824933
https://openalex.org/W4386830633
https://openalex.org/W4386972885
https://openalex.org/W4386997760
https://openalex.org/W4387028705
https://openalex.org/W4387261122
https://openalex.org/W4387297013
https://openalex.org/W4387392901
https://openalex.org/W4387464997
https://openalex.org/W4387895832
https://openalex.org/W4387951277
https://openalex.org/W4387981182
https://openalex.org/W4387981854
https://openalex.org/W4388362610
https://openalex.org/W4388464901
https://openalex.org/W4388569980
https://openalex.org/W4388600997
https://openalex.org/W4388616766
https://openalex.org/W4388628523
https://openalex.org/W4388655076
https://openalex.org/W4388726772
https://openalex.org/W4388734818
https://openalex.org/W4388771360
https://openalex.org/W4388835755
https://openalex.org/W4388879233
https://openalex.org/W4388938415
https://openalex.org/W4388982088
https://openalex.org/W4389081895
https://openalex.org/W4389114159
https://openalex.org/W4389150124
https://openalex.org/W4389229153
https://openalex.org/W4389229618
https://openalex.org/W4389233291
https://openalex.org/W4389235241
https://openalex.org/W4389235406
https://openalex.org/W4389242969
https://openalex.org/W4389243412
https://openalex.org/W4389243848
https://openalex.org/W4389246417
https://openalex.org/W4389247296
https://openalex.org/W4389583162
https://openalex.org/W4389609000
https://openalex.org/W4389900152
https://openalex.org/W4390030635
https://openalex.org/W4390410407
https://openalex.org/W4390421895
https://openalex.org/W4390782230
https://openalex.org/W4391509306
https://openalex.org/W4391744579
https://openalex.org/W4391777857
https://openalex.org/W4392689841
https://openalex.org/W4392691727
https://openalex.org/W4392700646
https://openalex.org/W4393587723
https://openalex.org/W4393834577
https://openalex.org/W2084611914
https://openalex.org/W2148327894
https://openalex.org/W280525956
https://openalex.org/W2039596432
https://openalex.org/W2116280245
https://openalex.org/W947119058
https://openalex.org/W2111667019
https://openalex.org/W191965781
https://openalex.org/W2090619694
https://openalex.org/W2594581114
https://openalex.org/W2608304235
https://openalex.org/W2616997978
https://openalex.org/W2729028006
https://openalex.org/W2737089788
https://openalex.org/W2740208628
https://openalex.org/W2753017497
https://openalex.org/W2801653467
https://openalex.org/W3130480282
https://openalex.org/W1514897011
https://openalex.org/W2016111786
https://openalex.org/W2020183084
https://openalex.org/W1968037749
https://openalex.org/W2403127162
https://openalex.org/W2470524522
https://openalex.org/W1494100248
https://openalex.org/W1769512051
https://openalex.org/W1964783681
https://openalex.org/W2077778232
https://openalex.org/W2132357128
https://openalex.org/W2141028902
https://openalex.org/W2256555555
https://openalex.org/W2492389351
https://openalex.org/W2521824043
https://openalex.org/W2792275492
https://openalex.org/W2889323050
https://openalex.org/W2908282190
https://openalex.org/W2909423288
https://openalex.org/W2911589641
https://openalex.org/W292316042
https://openalex.org/W2976278214
https://openalex.org/W2981822756
https://openalex.org/W2983176150
https://openalex.org/W2984747084
https://openalex.org/W2989420489
https://openalex.org/W2999279365
https://openalex.org/W3014194779
https://openalex.org/W3028005991
https://openalex.org/W3039409730
https://openalex.org/W3046571598
https://openalex.org/W3092765058
https://openalex.org/W3113074752
https://openalex.org/W3127150072
https://openalex.org/W3138874632
https://openalex.org/W3138895327
https://openalex.org/W3153625548
https://openalex.org/W3166367931
https://openalex.org/W3169557869
https://openalex.org/W3185553859
https://openalex.org/W3187390977
https://openalex.org/W3199255791
https://openalex.org/W3208599727
https://openalex.org/W3210602183
https://openalex.org/W3211089393
https://openalex.org/W3212410153
https://openalex.org/W4210621634
https://openalex.org/W4235792216
https://openalex.org/W60747740
https://openalex.org/W2289244230
https://openalex.org/W2402557962
https://openalex.org/W2514428912
https://openalex.org/W2552518049
https://openalex.org/W2594074801
https://openalex.org/W3145394499
https://openalex.org/W4205237124
https://openalex.org/W4224319520
https://openalex.org/W4280542650
https://openalex.org/W4285137739
https://openalex.org/W4288078165
https://openalex.org/W4290742652
https://openalex.org/W4293054951
https://openalex.org/W4298173054
https://openalex.org/W4307374486
https://openalex.org/W4307393799
https://openalex.org/W4308209699
https://openalex.org/W4309516330
https://openalex.org/W4310120271
https://openalex.org/W4310159208
https://openalex.org/W4311795616
https://openalex.org/W4312100720
https://openalex.org/W4319777772
https://openalex.org/W4319777912
https://openalex.org/W1015143290
https://openalex.org/W2030576651
https://openalex.org/W2055124107
https://openalex.org/W2074567491
https://openalex.org/W2405944196
https://openalex.org/W3124792012
https://openalex.org/W2077521376
https://openalex.org/W2265654430
https://openalex.org/W2434565704
https://openalex.org/W1588469933
https://openalex.org/W1602179327
https://openalex.org/W104723051
https://openalex.org/W105112085
https://openalex.org/W1507708862
https://openalex.org/W1972518773
https://openalex.org/W1987796373
https://openalex.org/W2016046794
https://openalex.org/W2044633923
https://openalex.org/W2047186504
https://openalex.org/W2051648070
https://openalex.org/W2126688039
https://openalex.org/W2156280595
https://openalex.org/W2197405497
https://openalex.org/W2316355735
https://openalex.org/W2435602018
https://openalex.org/W2555901549
https://openalex.org/W2560026523
https://openalex.org/W2747960736
https://openalex.org/W2790416019
https://openalex.org/W4210264164
https://openalex.org/W4250996457
https://openalex.org/W4286366951
https://openalex.org/W4304816544
https://openalex.org/W4312075474
https://openalex.org/W77123323
https://openalex.org/W2068364842
https://openalex.org/W2080244453
https://openalex.org/W2088776063
https://openalex.org/W997994731
https://openalex.org/W2211095384
https://openalex.org/W2236133174
https://openalex.org/W1026492164
https://openalex.org/W1786841647
https://openalex.org/W2088078308
https://openalex.org/W2007742268
https://openalex.org/W2049550364
https://openalex.org/W2075035023
https://openalex.org/W2075042486
https://openalex.org/W2094333859
https://openalex.org/W2165906228
https://openalex.org/W2326602399
https://openalex.org/W2590525957
https://openalex.org/W1579572566
https://openalex.org/W1967467006
https://openalex.org/W1969569532
https://openalex.org/W1982680624
https://openalex.org/W2070262057
https://openalex.org/W2115345546
https://openalex.org/W2145817153
https://openalex.org/W2261608055
https://openalex.org/W2438228650
https://openalex.org/W2542053557
https://openalex.org/W2587177009
https://openalex.org/W2621135618
https://openalex.org/W2730500431
https://openalex.org/W2765993362
https://openalex.org/W2766547208
https://openalex.org/W2799958077
https://openalex.org/W2883717458
https://openalex.org/W2979593428
https://openalex.org/W3042654422
https://openalex.org/W3168032573
https://openalex.org/W941323881
https://openalex.org/W1987900706
https://openalex.org/W2054331438
https://openalex.org/W2328301166
https://openalex.org/W2416108987
https://openalex.org/W2616346728
https://openalex.org/W4242228283
https://openalex.org/W4301465280
https://openalex.org/W1965878671
https://openalex.org/W2299948919
https://openalex.org/W2418042337
https://openalex.org/W2487071979
https://openalex.org/W1987493214
https://openalex.org/W2412484807
https://openalex.org/W1588107716
https://openalex.org/W1989376473
https://openalex.org/W2128774043
https://openalex.org/W2787874829
https://openalex.org/W2887639693
https://openalex.org/W2887761547
https://openalex.org/W2890761549
https://openalex.org/W2890846181
https://openalex.org/W2903379133
https://openalex.org/W2908317068
https://openalex.org/W2951692545
https://openalex.org/W3083392973
https://openalex.org/W3146445612
https://openalex.org/W791536918
https://openalex.org/W2046808601
https://openalex.org/W2092584689
https://openalex.org/W2102049563
https://openalex.org/W1978521801
https://openalex.org/W1845303028
https://openalex.org/W1494057511
https://openalex.org/W1988743580
https://openalex.org/W2090281136
https://openalex.org/W2150017475
https://openalex.org/W2404018742
https://openalex.org/W2911794407
https://openalex.org/W2943446379
https://openalex.org/W2950102998
https://openalex.org/W2969427435
https://openalex.org/W2970078324
https://openalex.org/W2982429049
https://openalex.org/W2999569043
https://openalex.org/W3015959142
https://openalex.org/W3041913625
https://openalex.org/W3101597606
https://openalex.org/W3110141798
https://openalex.org/W3114303886
https://openalex.org/W3127579537
https://openalex.org/W4233099938
https://openalex.org/W2023385277
https://openalex.org/W2028085678
https://openalex.org/W2041504539
https://openalex.org/W2112782114
https://openalex.org/W2324398188
https://openalex.org/W2406818125
https://openalex.org/W2407829230
https://openalex.org/W2408493046
https://openalex.org/W2418582477
https://openalex.org/W2468037314
https://openalex.org/W2526058827
https://openalex.org/W1968941247
https://openalex.org/W2030480490
https://openalex.org/W218089381
https://openalex.org/W2396768468
https://openalex.org/W1484130247
https://openalex.org/W2068571282
https://openalex.org/W2073119778
https://openalex.org/W2114676240
https://openalex.org/W2274705405
https://openalex.org/W2295730688
https://openalex.org/W2443276517
https://openalex.org/W3126981622
https://openalex.org/W3134758904
https://openalex.org/W3148902976
https://openalex.org/W3154830694
https://openalex.org/W3162353153
https://openalex.org/W3173102681
https://openalex.org/W3189664529
https://openalex.org/W3191458736
https://openalex.org/W3195276720
https://openalex.org/W3195673037
https://openalex.org/W3201064899
https://openalex.org/W3203172282
https://openalex.org/W3211804292
https://openalex.org/W3215154329
https://openalex.org/W3216688387
https://openalex.org/W4200342517
https://openalex.org/W2064374760
https://openalex.org/W2060509673
https://openalex.org/W2255580962
https://openalex.org/W2082623863
https://openalex.org/W2369317545
https://openalex.org/W244640025
https://openalex.org/W2476879684
https://openalex.org/W339648093
https://openalex.org/W860172623
https://openalex.org/W886058641
https://openalex.org/W2014758688
https://openalex.org/W2437617526
https://openalex.org/W162194074
https://openalex.org/W2030606823
https://openalex.org/W2052029597
https://openalex.org/W2319455384
https://openalex.org/W2027113198
https://openalex.org/W2069281788
https://openalex.org/W1011701993
https://openalex.org/W115041904
https://openalex.org/W1530500512
https://openalex.org/W1546676401
https://openalex.org/W1565691024
https://openalex.org/W1772460765
https://openalex.org/W1973153837
https://openalex.org/W2000221230
https://openalex.org/W2018372027
https://openalex.org/W2043400884
https://openalex.org/W2108578007
https://openalex.org/W2120201903
https://openalex.org/W2152431808
https://openalex.org/W2162152477
https://openalex.org/W2214041547
https://openalex.org/W2246930659
https://openalex.org/W2261689807
https://openalex.org/W2285889436
https://openalex.org/W2288903682
https://openalex.org/W2289029321
https://openalex.org/W2299185389
https://openalex.org/W2302481215
https://openalex.org/W2317825648
https://openalex.org/W2318095191
https://openalex.org/W2331251216
https://openalex.org/W2344480736
https://openalex.org/W2398424270
https://openalex.org/W2401105050
https://openalex.org/W2409598118
https://openalex.org/W2410610705
https://openalex.org/W2412401951
https://openalex.org/W2414625438
https://openalex.org/W2417457146
https://openalex.org/W2419231324
https://openalex.org/W2497471702
https://openalex.org/W2513013222
https://openalex.org/W2518518854
https://openalex.org/W2526539951
https://openalex.org/W2530111407
https://openalex.org/W2536129254
https://openalex.org/W2541723171
https://openalex.org/W2551270213
https://openalex.org/W2554276474
https://openalex.org/W2559894587
https://openalex.org/W2562940633
https://openalex.org/W2564747359
https://openalex.org/W2566643979
https://openalex.org/W2567742779
https://openalex.org/W2573743580
https://openalex.org/W2587308170
https://openalex.org/W2591927827
https://openalex.org/W2592430134
https://openalex.org/W2595150214
https://openalex.org/W2610424369
https://openalex.org/W2620495981
https://openalex.org/W2621509300
https://openalex.org/W2742970491
https://openalex.org/W2747748844
https://openalex.org/W2750777227
https://openalex.org/W2752594755
https://openalex.org/W2769358730
https://openalex.org/W2805688720
https://openalex.org/W2897463153
https://openalex.org/W2903772052
https://openalex.org/W2918113378
https://openalex.org/W2979441151
https://openalex.org/W3015371020
https://openalex.org/W3042410936
https://openalex.org/W3048880981
https://openalex.org/W3119543113
https://openalex.org/W3179356891
https://openalex.org/W3187093186
https://openalex.org/W3189659712
https://openalex.org/W3194891798
https://openalex.org/W4229570633
https://openalex.org/W4232129381
https://openalex.org/W4241595419
https://openalex.org/W4244338466
https://openalex.org/W4248696093
https://openalex.org/W4251948829
https://openalex.org/W4394404813
https://openalex.org/W788873267
https://openalex.org/W814093134
https://openalex.org/W1994165626
https://openalex.org/W2052096543
https://openalex.org/W2403878619
https://openalex.org/W1489657857
https://openalex.org/W153974364
https://openalex.org/W1545803736
https://openalex.org/W1590004624
https://openalex.org/W1743200618
https://openalex.org/W1786973137
https://openalex.org/W1886674814
https://openalex.org/W1887913342
https://openalex.org/W1921292334
https://openalex.org/W1930847685
https://openalex.org/W1941610251
https://openalex.org/W1964798677
https://openalex.org/W1967337462
https://openalex.org/W1969939275
https://openalex.org/W1991304762
https://openalex.org/W1995309522
https://openalex.org/W2005115235
https://openalex.org/W2005796334
https://openalex.org/W2010640545
https://openalex.org/W2012731333
https://openalex.org/W2023888678
https://openalex.org/W2026613311
https://openalex.org/W2027453264
https://openalex.org/W2040191458
https://openalex.org/W2044884680
https://openalex.org/W2046235689
https://openalex.org/W2053796036
https://openalex.org/W2062580554
https://openalex.org/W2086286784
https://openalex.org/W2096836769
https://openalex.org/W2098871071
https://openalex.org/W2103906052
https://openalex.org/W2109153130
https://openalex.org/W2122902840
https://openalex.org/W2157877150
https://openalex.org/W2172128496
https://openalex.org/W2213731823
https://openalex.org/W2216245066
https://openalex.org/W2236583507
https://openalex.org/W2240931156
https://openalex.org/W2243131710
https://openalex.org/W2247666024
https://openalex.org/W2249001791
https://openalex.org/W2259616668
https://openalex.org/W2259777754
https://openalex.org/W2260547994
https://openalex.org/W2310641436
https://openalex.org/W2317171499
https://openalex.org/W2320199611
https://openalex.org/W2345073216
https://openalex.org/W2346832159
https://openalex.org/W2403724397
https://openalex.org/W2405726031
https://openalex.org/W2438910460
https://openalex.org/W2462196727
https://openalex.org/W2463675753
https://openalex.org/W2476535453
https://openalex.org/W2476968798
https://openalex.org/W2478230305
https://openalex.org/W2478372241
https://openalex.org/W2479345378
https://openalex.org/W2479841849
https://openalex.org/W2480803535
https://openalex.org/W2481119435
https://openalex.org/W2482542299
https://openalex.org/W2482647692
https://openalex.org/W2483071419
https://openalex.org/W2483696712
https://openalex.org/W2484740908
https://openalex.org/W2485605588
https://openalex.org/W2486639987
https://openalex.org/W2489032543
https://openalex.org/W2489397264
https://openalex.org/W2489931682
https://openalex.org/W2490320104
https://openalex.org/W2491907089
https://openalex.org/W2492612871
https://openalex.org/W2494276950
https://openalex.org/W2494287404
https://openalex.org/W2494617603
https://openalex.org/W2495359184
https://openalex.org/W2497378013
https://openalex.org/W2500210106
https://openalex.org/W2500688751
https://openalex.org/W2502020007
https://openalex.org/W2503102691
https://openalex.org/W2503192603
https://openalex.org/W2503497286
https://openalex.org/W2503958273
https://openalex.org/W2504529000
https://openalex.org/W2504757047
https://openalex.org/W2504987879
https://openalex.org/W2505062744
https://openalex.org/W2506571226
https://openalex.org/W2506960099
https://openalex.org/W2518179263
https://openalex.org/W2555462412
https://openalex.org/W2560628678
https://openalex.org/W2596965884
https://openalex.org/W2625388100
https://openalex.org/W3000021205
https://openalex.org/W3166333268
https://openalex.org/W3184469028
https://openalex.org/W3186361539
https://openalex.org/W3194878012
https://openalex.org/W361567408
https://openalex.org/W4210981848
https://openalex.org/W4232449010
https://openalex.org/W4250503613
https://openalex.org/W4298554872
https://openalex.org/W4300631638
https://openalex.org/W46818439
https://openalex.org/W569116012
https://openalex.org/W955281273
https://openalex.org/W1996346920
https://openalex.org/W1972905213
https://openalex.org/W2062392653
https://openalex.org/W2095496648
https://openalex.org/W2371706005
https://openalex.org/W2588221035
https://openalex.org/W4231338082
https://openalex.org/W4254582971
https://openalex.org/W1966569836
https://openalex.org/W1988426635
https://openalex.org/W2017637806
https://openalex.org/W203430595
https://openalex.org/W2139020760
https://openalex.org/W2141690927
https://openalex.org/W2148195449
https://openalex.org/W217262638
https://openalex.org/W2228156374
https://openalex.org/W2240253159
https://openalex.org/W2351620279
https://openalex.org/W2403082993
https://openalex.org/W2409588889
https://openalex.org/W2409698930
https://openalex.org/W2410103682
https://openalex.org/W2411131747
https://openalex.org/W2412172659
https://openalex.org/W2412193749
https://openalex.org/W2412246468
https://openalex.org/W2412601944
https://openalex.org/W2412959327
https://openalex.org/W2414783152
https://openalex.org/W2416211886
https://openalex.org/W2416941031
https://openalex.org/W2418593283
https://openalex.org/W2419233985
https://openalex.org/W2419453990
https://openalex.org/W2419546663
https://openalex.org/W2423057684
https://openalex.org/W2423111787
https://openalex.org/W2423407529
https://openalex.org/W2424056713
https://openalex.org/W2425120735
https://openalex.org/W2426600585
https://openalex.org/W2426846781
https://openalex.org/W2427706558
https://openalex.org/W2429770849
https://openalex.org/W2431511937
https://openalex.org/W2432058060
https://openalex.org/W2434689011
https://openalex.org/W2435880130
https://openalex.org/W2436643879
https://openalex.org/W2437382442
https://openalex.org/W2437563152
https://openalex.org/W2438103411
https://openalex.org/W2440872465
https://openalex.org/W2441963623
https://openalex.org/W2443996083
https://openalex.org/W2460232128
https://openalex.org/W2460343961
https://openalex.org/W2460475117
https://openalex.org/W2460747515
https://openalex.org/W2460773791
https://openalex.org/W2461173040
https://openalex.org/W2461300507
https://openalex.org/W2461396385
https://openalex.org/W2461514303
https://openalex.org/W2461581240
https://openalex.org/W2462129575
https://openalex.org/W2462601087
https://openalex.org/W2462853781
https://openalex.org/W2463172283
https://openalex.org/W2463719769
https://openalex.org/W2464055632
https://openalex.org/W2464855505
https://openalex.org/W2465079121
https://openalex.org/W2465502611
https://openalex.org/W2465798744
https://openalex.org/W2466113769
https://openalex.org/W2466384731
https://openalex.org/W2466409473
https://openalex.org/W2466420277
https://openalex.org/W2466493326
https://openalex.org/W2466848840
https://openalex.org/W2467212572
https://openalex.org/W2467769828
https://openalex.org/W2468034633
https://openalex.org/W2468331025
https://openalex.org/W2468351376
https://openalex.org/W2468752237
https://openalex.org/W2468763833
https://openalex.org/W2468824410
https://openalex.org/W2469695391
https://openalex.org/W2470703498
https://openalex.org/W2470759839
https://openalex.org/W2470761867
https://openalex.org/W2470928768
https://openalex.org/W2471425449
https://openalex.org/W2471680775
https://openalex.org/W2471804864
https://openalex.org/W2471923732
https://openalex.org/W2471988241
https://openalex.org/W2472117583
https://openalex.org/W2472520380
https://openalex.org/W2472581217
https://openalex.org/W2474057990
https://openalex.org/W2474441627
https://openalex.org/W2475052796
https://openalex.org/W2475308920
https://openalex.org/W2478677549
https://openalex.org/W2480473369
https://openalex.org/W2481883551
https://openalex.org/W2483425904
https://openalex.org/W2484518984
https://openalex.org/W2488392990
https://openalex.org/W2492191490
https://openalex.org/W2496085115
https://openalex.org/W2498529311
https://openalex.org/W2499997238
https://openalex.org/W2501006427
https://openalex.org/W2502137420
https://openalex.org/W2505896540
https://openalex.org/W2507928689
https://openalex.org/W2509929997
https://openalex.org/W2512659212
https://openalex.org/W2512864042
https://openalex.org/W2512876412
https://openalex.org/W2516526927
https://openalex.org/W2544871947
https://openalex.org/W2571644056
https://openalex.org/W2575030951
https://openalex.org/W2617514097
https://openalex.org/W2618422755
https://openalex.org/W2618524821
https://openalex.org/W2621135292
https://openalex.org/W2650253320
https://openalex.org/W2687361822
https://openalex.org/W2726502569
https://openalex.org/W2743639514
https://openalex.org/W2754228778
https://openalex.org/W2760488410
https://openalex.org/W2763358422
https://openalex.org/W2765246977
https://openalex.org/W2766375395
https://openalex.org/W2767421576
https://openalex.org/W2771552185
https://openalex.org/W2776070428
https://openalex.org/W2776111452
https://openalex.org/W2777288669
https://openalex.org/W2777793522
https://openalex.org/W2781607430
https://openalex.org/W2781636284
https://openalex.org/W2806409527
https://openalex.org/W2892053009
https://openalex.org/W2915158634
https://openalex.org/W2918029557
https://openalex.org/W2939305873
https://openalex.org/W2971750107
https://openalex.org/W2972470719
https://openalex.org/W2978294712
https://openalex.org/W2978401331
https://openalex.org/W2988828984
https://openalex.org/W2993453910
https://openalex.org/W2994182988
https://openalex.org/W3000942724
https://openalex.org/W3015223807
https://openalex.org/W308567604
https://openalex.org/W3093368163
https://openalex.org/W3134146744
https://openalex.org/W3159940497
https://openalex.org/W3163056431
https://openalex.org/W3168080089
https://openalex.org/W3169844869
https://openalex.org/W3184850545
https://openalex.org/W3187857380
https://openalex.org/W3199444059
https://openalex.org/W333790292
https://openalex.org/W4234086192
https://openalex.org/W4247818751
https://openalex.org/W4249068142
https://openalex.org/W4300511254
https://openalex.org/W4394405319
https://openalex.org/W627421830
https://openalex.org/W71090229
https://openalex.org/W862374701
https://openalex.org/W88224847
https://openalex.org/W2412738252
https://openalex.org/W4239703580
https://openalex.org/W1003380770
https://openalex.org/W106750442
https://openalex.org/W1969905327
https://openalex.org/W1971260134
https://openalex.org/W1973956443
https://openalex.org/W1994329552
https://openalex.org/W1997427150
https://openalex.org/W2028019047
https://openalex.org/W2041794761
https://openalex.org/W2061509455
https://openalex.org/W2095281702
https://openalex.org/W2098016026
https://openalex.org/W2156122693
https://openalex.org/W2192975823
https://openalex.org/W2203952744
https://openalex.org/W2208284837
https://openalex.org/W2218493651
https://openalex.org/W2230813873
https://openalex.org/W2257186864
https://openalex.org/W2268821426
https://openalex.org/W2274457614
https://openalex.org/W2278639273
https://openalex.org/W2314427710
https://openalex.org/W2317230616
https://openalex.org/W2395199436
https://openalex.org/W2397465138
https://openalex.org/W2557392973
https://openalex.org/W2562846926
https://openalex.org/W2566891377
https://openalex.org/W2590632253
https://openalex.org/W2604366375
https://openalex.org/W2626207224
https://openalex.org/W2743843080
https://openalex.org/W2791402442
https://openalex.org/W2923861624
https://openalex.org/W3046670922
https://openalex.org/W3080378024
https://openalex.org/W3186500098
https://openalex.org/W324800865
https://openalex.org/W340970770
https://openalex.org/W354983263
https://openalex.org/W4206933640
https://openalex.org/W4213110185
https://openalex.org/W4213302909
https://openalex.org/W4214690655
https://openalex.org/W4214694998
https://openalex.org/W4220923605
https://openalex.org/W4220991673
https://openalex.org/W4224659723
https://openalex.org/W4225726240
https://openalex.org/W4226097850
https://openalex.org/W4226338845
https://openalex.org/W4229041287
https://openalex.org/W4239035574
https://openalex.org/W4244736622
https://openalex.org/W4249183316
https://openalex.org/W4280495536
https://openalex.org/W4281626754
https://openalex.org/W4282932604
https://openalex.org/W4282977484
https://openalex.org/W4283317286
https://openalex.org/W4285608594
https://openalex.org/W4286436704
https://openalex.org/W4299664005
https://openalex.org/W4307413774
https://openalex.org/W4308256588
https://openalex.org/W4308261120
https://openalex.org/W4310107089
https://openalex.org/W4310107711
https://openalex.org/W4310109058
https://openalex.org/W4311069235
https://openalex.org/W4312306089
https://openalex.org/W4312524641
https://openalex.org/W4313320579
https://openalex.org/W4377862648
https://openalex.org/W4394142558
https://openalex.org/W783976517
https://openalex.org/W1995199506
https://openalex.org/W2005428592
https://openalex.org/W2023486877
https://openalex.org/W2406461986
https://openalex.org/W2619548056
https://openalex.org/W1537742559
https://openalex.org/W2035923862
https://openalex.org/W2078421373
https://openalex.org/W2364398693
https://openalex.org/W2398743889
https://openalex.org/W2400020523
https://openalex.org/W2437986513
https://openalex.org/W2462647688
https://openalex.org/W2591282855
https://openalex.org/W2607361863
https://openalex.org/W2772349402
https://openalex.org/W2793317985
https://openalex.org/W2809265270
https://openalex.org/W2884434515
https://openalex.org/W2896984270
https://openalex.org/W2899035375
https://openalex.org/W2900021094
https://openalex.org/W2901296101
https://openalex.org/W2903564580
https://openalex.org/W2905659770
https://openalex.org/W2906872065
https://openalex.org/W2921976331
https://openalex.org/W2940944111
https://openalex.org/W2946256998
https://openalex.org/W2946448118
https://openalex.org/W2946565274
https://openalex.org/W2947032885
https://openalex.org/W2952130638
https://openalex.org/W2953682004
https://openalex.org/W2953763088
https://openalex.org/W2958004232
https://openalex.org/W2964227480
https://openalex.org/W2967173939
https://openalex.org/W2984609947
https://openalex.org/W2984948911
https://openalex.org/W2986078909
https://openalex.org/W2989767028
https://openalex.org/W2993941066
https://openalex.org/W2998548875
https://openalex.org/W3002636265
https://openalex.org/W3006184192
https://openalex.org/W3011923556
https://openalex.org/W3013904297
https://openalex.org/W3017767530
https://openalex.org/W3027982266
https://openalex.org/W3044624705
https://openalex.org/W3091515187
https://openalex.org/W3093451167
https://openalex.org/W3097860847
https://openalex.org/W3109929812
https://openalex.org/W3164059364
https://openalex.org/W3164964041
https://openalex.org/W3165269267
https://openalex.org/W3165282310
https://openalex.org/W3165444551
https://openalex.org/W3165759238
https://openalex.org/W3166136918
https://openalex.org/W3169115677
https://openalex.org/W3169172703
https://openalex.org/W3170991412
https://openalex.org/W3171141232
https://openalex.org/W3177592746
https://openalex.org/W3178174349
https://openalex.org/W3183947496
https://openalex.org/W3184565264
https://openalex.org/W3190454789
https://openalex.org/W3194180638
https://openalex.org/W37310490
https://openalex.org/W4230925437
https://openalex.org/W4236566302
https://openalex.org/W4237510863
https://openalex.org/W4238829459
https://openalex.org/W4238940307
https://openalex.org/W4240017311
https://openalex.org/W4240497958
https://openalex.org/W4242554178
https://openalex.org/W4246563747
https://openalex.org/W4246819907
https://openalex.org/W4251539037
https://openalex.org/W4252448327
https://openalex.org/W4253277338
https://openalex.org/W4254617910
https://openalex.org/W4394140756
https://openalex.org/W4394151049
https://openalex.org/W4394225059
https://openalex.org/W4394239123
https://openalex.org/W4394333197
https://openalex.org/W4394341406
https://openalex.org/W4394351564
https://openalex.org/W4394473386
https://openalex.org/W4394541741
https://openalex.org/W1970716802
https://openalex.org/W1982409697
https://openalex.org/W1987923106
https://openalex.org/W1999685898
https://openalex.org/W2015300566
https://openalex.org/W2025851104
https://openalex.org/W2085466135
https://openalex.org/W2094215374
https://openalex.org/W219536602
https://openalex.org/W2331444747
https://openalex.org/W2334971793
https://openalex.org/W2390560497
https://openalex.org/W2396755448
https://openalex.org/W2400315027
https://openalex.org/W2977759546
https://openalex.org/W39374116
https://openalex.org/W1482118324
https://openalex.org/W1545367826
https://openalex.org/W1961282105
https://openalex.org/W2017024077
https://openalex.org/W2067614302
https://openalex.org/W2069605083
https://openalex.org/W2147359976
https://openalex.org/W2215757427
https://openalex.org/W2218832116
https://openalex.org/W2241831572
https://openalex.org/W2253394050
https://openalex.org/W2288674565
https://openalex.org/W2294182513
https://openalex.org/W2297206650
https://openalex.org/W2377647957
https://openalex.org/W2412874879
https://openalex.org/W2428493550
https://openalex.org/W2592404502
https://openalex.org/W2754856359
https://openalex.org/W2917827151
https://openalex.org/W2975213775
https://openalex.org/W3005134777
https://openalex.org/W3005282117
https://openalex.org/W3013160554
https://openalex.org/W3015284798
https://openalex.org/W3015402206
https://openalex.org/W3015863443
https://openalex.org/W3018278567
https://openalex.org/W3034732690
https://openalex.org/W3037288558
https://openalex.org/W3037378997
https://openalex.org/W3039652672
https://openalex.org/W3041188880
https://openalex.org/W3047367588
https://openalex.org/W3088130271
https://openalex.org/W3089140290
https://openalex.org/W3093973591
https://openalex.org/W3095314266
https://openalex.org/W3097504784
https://openalex.org/W3112034220
https://openalex.org/W3127189847
https://openalex.org/W3136249413
https://openalex.org/W3138240892
https://openalex.org/W3161546449
https://openalex.org/W3162526780
https://openalex.org/W3165114804
https://openalex.org/W3169942809
https://openalex.org/W3170465537
https://openalex.org/W3189257093
https://openalex.org/W3190012185
https://openalex.org/W3191651202
https://openalex.org/W3192350279
https://openalex.org/W3193167582
https://openalex.org/W3193262275
https://openalex.org/W3209404014
https://openalex.org/W3212212115
https://openalex.org/W3217325693
https://openalex.org/W4214573685
https://openalex.org/W4246148918
https://openalex.org/W4250801861
https://openalex.org/W4251102607
https://openalex.org/W4253048206
https://openalex.org/W4254886698
https://openalex.org/W4256178960
https://openalex.org/W4256707758
https://openalex.org/W4386228374
https://openalex.org/W4394083862
https://openalex.org/W4394106510
https://openalex.org/W4394162948
https://openalex.org/W4394219348
https://openalex.org/W4394366169
https://openalex.org/W4394393250
https://openalex.org/W4394422663
https://openalex.org/W4394471093
https://openalex.org/W959375684
https://openalex.org/W1994441663
https://openalex.org/W2021159059
https://openalex.org/W2160721266
https://openalex.org/W2397259460
https://openalex.org/W2410386799
https://openalex.org/W4229925115
https://openalex.org/W4250542169
https://openalex.org/W810911155
https://openalex.org/W1541871817
https://openalex.org/W1557378976
https://openalex.org/W1612740214
https://openalex.org/W1676390734
https://openalex.org/W2013923570
https://openalex.org/W2025857544
https://openalex.org/W2064441491
https://openalex.org/W2084046208
https://openalex.org/W2211312047
https://openalex.org/W2271107110
https://openalex.org/W2383492174
https://openalex.org/W2396124577
https://openalex.org/W2397332011
https://openalex.org/W2408861780
https://openalex.org/W2411079287
https://openalex.org/W2461099587
https://openalex.org/W2489405402
https://openalex.org/W260485060
https://openalex.org/W2737806360
https://openalex.org/W277265877
https://openalex.org/W2808887119
https://openalex.org/W2921482839
https://openalex.org/W3099864163
https://openalex.org/W3202340806
https://openalex.org/W148939412
https://openalex.org/W1558473298
https://openalex.org/W1572792775
https://openalex.org/W1847636
https://openalex.org/W2401118437
https://openalex.org/W2475214171
https://openalex.org/W2977360609
https://openalex.org/W3118791270
https://openalex.org/W3119805888
https://openalex.org/W3125513207
https://openalex.org/W3127094575
https://openalex.org/W3128027451
https://openalex.org/W3134093012
https://openalex.org/W3139411874
https://openalex.org/W3156027818
https://openalex.org/W3158003849
https://openalex.org/W3160042961
https://openalex.org/W3160906105
https://openalex.org/W3163458862
https://openalex.org/W3168400178
https://openalex.org/W3169890825
https://openalex.org/W3170121990
https://openalex.org/W3171170219
https://openalex.org/W3172392352
https://openalex.org/W3172404906
https://openalex.org/W3172810794
https://openalex.org/W3174948260
https://openalex.org/W3177085515
https://openalex.org/W3189943519
https://openalex.org/W3193105946
https://openalex.org/W3194882982
https://openalex.org/W3196661402
https://openalex.org/W3198274656
https://openalex.org/W3207009828
https://openalex.org/W3207943837
https://openalex.org/W3214536190
https://openalex.org/W3215582626
https://openalex.org/W4200045245
https://openalex.org/W4200611997
https://openalex.org/W4206395652
https://openalex.org/W4230533243
https://openalex.org/W4231573127
https://openalex.org/W4240832885
https://openalex.org/W4287330126
https://openalex.org/W4308364543
https://openalex.org/W4372058295
https://openalex.org/W1592619912
https://openalex.org/W1996525918
https://openalex.org/W1998106292
https://openalex.org/W2296256108
https://openalex.org/W2297942981
https://openalex.org/W2406180205
https://openalex.org/W2408724685
https://openalex.org/W2425698986
https://openalex.org/W2588443986
https://openalex.org/W2594836476
https://openalex.org/W2603794003
https://openalex.org/W2988292302
https://openalex.org/W4242804946
https://openalex.org/W4256585451
https://openalex.org/W817620904
https://openalex.org/W905405609
https://openalex.org/W909857441
https://openalex.org/W1982204190
https://openalex.org/W2044860619
https://openalex.org/W2401169422
https://openalex.org/W2423989649
https://openalex.org/W2471666327
https://openalex.org/W2473334038
https://openalex.org/W2993350286
https://openalex.org/W3179051494
https://openalex.org/W1599222387
https://openalex.org/W2088235057
https://openalex.org/W2089537219
https://openalex.org/W2398848405
https://openalex.org/W2400133626
https://openalex.org/W2401378654
https://openalex.org/W2413508574
https://openalex.org/W2425627374
https://openalex.org/W3204126831
https://openalex.org/W335631315
https://openalex.org/W4206118006
https://openalex.org/W4229615622
https://openalex.org/W1578893908
https://openalex.org/W1763231729
https://openalex.org/W1974963830
https://openalex.org/W2045427244
https://openalex.org/W2050201566
https://openalex.org/W2243720457
https://openalex.org/W2407969874
https://openalex.org/W2413420956
https://openalex.org/W2417425463
https://openalex.org/W2419378864
https://openalex.org/W2429663357
https://openalex.org/W2430340669
https://openalex.org/W2475235856
https://openalex.org/W2483566717
https://openalex.org/W2533802659
https://openalex.org/W2580590227
https://openalex.org/W2586231215
https://openalex.org/W2587977140
https://openalex.org/W2588339442
https://openalex.org/W2590031632
https://openalex.org/W2591104578
https://openalex.org/W2591257703
https://openalex.org/W2594875488
https://openalex.org/W2597925900
https://openalex.org/W2601149625
https://openalex.org/W2602830346
https://openalex.org/W2605529620
https://openalex.org/W2752836085
https://openalex.org/W2785134924
https://openalex.org/W2786975437
https://openalex.org/W2914839889
https://openalex.org/W4229500599
https://openalex.org/W4236193981
https://openalex.org/W4237718098
https://openalex.org/W4243560351
https://openalex.org/W4245175668
https://openalex.org/W4246281421
https://openalex.org/W818737450
https://openalex.org/W823571817
https://openalex.org/W913816040
https://openalex.org/W920923023
https://openalex.org/W93322683
https://openalex.org/W1969591445
https://openalex.org/W1974248630
https://openalex.org/W2011452692
https://openalex.org/W2016457168
https://openalex.org/W2042705670
https://openalex.org/W2065913744
https://openalex.org/W2108485908
https://openalex.org/W2256792838
https://openalex.org/W2265633284
https://openalex.org/W2276985987
https://openalex.org/W2301375101
https://openalex.org/W2318058089
https://openalex.org/W2322931816
https://openalex.org/W2398680902
https://openalex.org/W2415961539
https://openalex.org/W2425264315
https://openalex.org/W2427752115
https://openalex.org/W2587227313
https://openalex.org/W2725611429
https://openalex.org/W2783398360
https://openalex.org/W2912504756
https://openalex.org/W2950252307
https://openalex.org/W420319595
https://openalex.org/W4229607788
https://openalex.org/W4230862595
https://openalex.org/W4231362796
https://openalex.org/W4232782955
https://openalex.org/W4237991551
https://openalex.org/W4239028259
https://openalex.org/W4239747614
https://openalex.org/W4239896896
https://openalex.org/W4241333069
https://openalex.org/W4243699093
https://openalex.org/W4245045693
https://openalex.org/W4245314266
https://openalex.org/W4245527496
https://openalex.org/W4246512614
https://openalex.org/W4250709451
https://openalex.org/W4251611644
https://openalex.org/W4251883985
https://openalex.org/W4390076430
https://openalex.org/W445365832
https://openalex.org/W73200892
https://openalex.org/W12191300
https://openalex.org/W153698378
https://openalex.org/W1548601479
https://openalex.org/W1768109282
https://openalex.org/W1975422249
https://openalex.org/W1983439376
https://openalex.org/W1986510812
https://openalex.org/W1992961173
https://openalex.org/W1995916648
https://openalex.org/W1997521476
https://openalex.org/W1999150760
https://openalex.org/W2001941827
https://openalex.org/W2016265892
https://openalex.org/W2023660976
https://openalex.org/W2030065995
https://openalex.org/W2035767446
https://openalex.org/W2036850978
https://openalex.org/W2038971607
https://openalex.org/W2043809998
https://openalex.org/W2043821635
https://openalex.org/W2056324057
https://openalex.org/W2081948425
https://openalex.org/W2086109871
https://openalex.org/W2259318155
https://openalex.org/W2278306605
https://openalex.org/W2278547936
https://openalex.org/W229033793
https://openalex.org/W2315708680
https://openalex.org/W2322185756
https://openalex.org/W2340800695
https://openalex.org/W2396860533
https://openalex.org/W2400185145
https://openalex.org/W2400380958
https://openalex.org/W2404449919
https://openalex.org/W2405773547
https://openalex.org/W2410618167
https://openalex.org/W2412621742
https://openalex.org/W2416821837
https://openalex.org/W2416947596
https://openalex.org/W2443521343
https://openalex.org/W2471658071
https://openalex.org/W2475322615
https://openalex.org/W2495085445
https://openalex.org/W2496541282
https://openalex.org/W2506353371
https://openalex.org/W2517603226
https://openalex.org/W2559875161
https://openalex.org/W2589722781
https://openalex.org/W2781393152
https://openalex.org/W2790946312
https://openalex.org/W28805724
https://openalex.org/W292990690
https://openalex.org/W2949669456
https://openalex.org/W2953251754
https://openalex.org/W2982191559
https://openalex.org/W2995401053
https://openalex.org/W2999719394
https://openalex.org/W3026469734
https://openalex.org/W3027400375
https://openalex.org/W3208777096
https://openalex.org/W3212786037
https://openalex.org/W3213970373
https://openalex.org/W376324365
https://openalex.org/W4205134191
https://openalex.org/W4206473215
https://openalex.org/W4232474756
https://openalex.org/W4233122944
https://openalex.org/W4233969884
https://openalex.org/W4234095253
https://openalex.org/W4234477367
https://openalex.org/W4235563823
https://openalex.org/W4235692453
https://openalex.org/W4236124352
https://openalex.org/W4236287805
https://openalex.org/W4236994364
https://openalex.org/W4237129606
https://openalex.org/W4237760406
https://openalex.org/W4238237379
https://openalex.org/W4240185266
https://openalex.org/W4241206459
https://openalex.org/W4241462772
https://openalex.org/W4241623071
https://openalex.org/W4243586762
https://openalex.org/W4244852536
https://openalex.org/W4245858918
https://openalex.org/W4246219519
https://openalex.org/W4246645156
https://openalex.org/W4246998195
https://openalex.org/W4247030493
https://openalex.org/W4247091128
https://openalex.org/W4247141378
https://openalex.org/W4247444640
https://openalex.org/W4247517698
https://openalex.org/W4248492148
https://openalex.org/W4249029802
https://openalex.org/W4249556509
https://openalex.org/W4250142912
https://openalex.org/W4250522482
https://openalex.org/W4252975395
https://openalex.org/W4254339736
https://openalex.org/W4255934665
https://openalex.org/W4256448984
https://openalex.org/W4256562336
https://openalex.org/W4302361029
https://openalex.org/W472540923
https://openalex.org/W51658883
https://openalex.org/W80100579
https://openalex.org/W853892922
https://openalex.org/W97938456
https://openalex.org/W1985987855
https://openalex.org/W2942610007
https://openalex.org/W1107917109
https://openalex.org/W2788142646
https://openalex.org/W1983466841
https://openalex.org/W4245552230
https://openalex.org/W1892595029
https://openalex.org/W2797197823
https://openalex.org/W2329906190
https://openalex.org/W2789525724
https://openalex.org/W2754606968
https://openalex.org/W3002770500
https://openalex.org/W2416111151
https://openalex.org/W1942602300
https://openalex.org/W2126925922
https://openalex.org/W2136856533
https://openalex.org/W2070040136
https://openalex.org/W2506421807
https://openalex.org/W2160258470
https://openalex.org/W2981596557
https://openalex.org/W2119306020
https://openalex.org/W1991359419
https://openalex.org/W2019656577
https://openalex.org/W1992303528
https://openalex.org/W2611533960
https://openalex.org/W2551589138
https://openalex.org/W2056336160
https://openalex.org/W2888203943
https://openalex.org/W2074702732
https://openalex.org/W590066897
https://openalex.org/W2781484625
https://openalex.org/W2136017933
https://openalex.org/W3001363353
https://openalex.org/W2054395645
https://openalex.org/W2521343068
https://openalex.org/W2131310754
https://openalex.org/W2027140244
https://openalex.org/W2129000805
https://openalex.org/W3022835607
https://openalex.org/W2599601523
https://openalex.org/W1965031576
https://openalex.org/W2149471901
https://openalex.org/W2291873430
https://openalex.org/W3091425478
https://openalex.org/W2107211326
https://openalex.org/W2064862709
https://openalex.org/W2081605360
https://openalex.org/W1532262338
https://openalex.org/W2518504487
https://openalex.org/W2935726879
https://openalex.org/W2800979787
https://openalex.org/W2985165646
https://openalex.org/W2755606742
https://openalex.org/W2890602507
https://openalex.org/W2956087440
https://openalex.org/W4206697524
https://openalex.org/W2915966197
https://openalex.org/W3202521679
https://openalex.org/W3030038268
https://openalex.org/W3144773245
https://openalex.org/W3204930657
https://openalex.org/W3186480472
https://openalex.org/W3202226602
https://openalex.org/W4220957715
https://openalex.org/W4300002838
https://openalex.org/W4323320361
https://openalex.org/W4285493903
https://openalex.org/W4375866038
https://openalex.org/W2081579636
https://openalex.org/W2031247327
https://openalex.org/W2113861132
https://openalex.org/W2102882750
https://openalex.org/W1984792991
https://openalex.org/W1971926359
https://openalex.org/W2002691808
https://openalex.org/W2040484509
https://openalex.org/W2023382101
https://openalex.org/W2049744571
https://openalex.org/W2084865454
https://openalex.org/W2011787586
https://openalex.org/W1969611022
https://openalex.org/W1981345617
https://openalex.org/W1999165328
https://openalex.org/W2085497505
https://openalex.org/W2128744437
https://openalex.org/W2020073243
https://openalex.org/W2068564557
https://openalex.org/W2986312945
https://openalex.org/W1973124471
https://openalex.org/W1985342798
https://openalex.org/W1975552934
https://openalex.org/W1969696756
https://openalex.org/W2139060117
https://openalex.org/W2004945550
https://openalex.org/W2065305121
https://openalex.org/W1997195014
https://openalex.org/W1909768921
https://openalex.org/W1991731239
https://openalex.org/W1899501281
https://openalex.org/W2087692196
https://openalex.org/W2058970953
https://openalex.org/W2153661308
https://openalex.org/W2048365745
https://openalex.org/W2089294608
https://openalex.org/W1997741175
https://openalex.org/W2313727390
https://openalex.org/W2005198117
https://openalex.org/W3008086693
https://openalex.org/W2275919127
https://openalex.org/W2042134610
https://openalex.org/W2757054764
https://openalex.org/W1970602104
https://openalex.org/W2924452423
https://openalex.org/W2231576311
https://openalex.org/W2093302389
https://openalex.org/W2909129516
https://openalex.org/W2791850957
https://openalex.org/W2995606876
https://openalex.org/W2890074591
https://openalex.org/W2963862187
https://openalex.org/W2973167612
https://openalex.org/W2130720854
https://openalex.org/W2040387984
https://openalex.org/W1671380251
https://openalex.org/W1971804680
https://openalex.org/W4237787363
https://openalex.org/W2560250070
https://openalex.org/W1591170291
https://openalex.org/W2583489764
https://openalex.org/W2902078892
https://openalex.org/W2783604805
https://openalex.org/W2321034019
https://openalex.org/W2563032279
https://openalex.org/W2963404804
https://openalex.org/W3109712651
https://openalex.org/W3149057462
https://openalex.org/W3179318157
https://openalex.org/W3088543130
https://openalex.org/W4286255972
https://openalex.org/W4210390337
https://openalex.org/W4361225833
https://openalex.org/W4384820114
https://openalex.org/W4309962789
https://openalex.org/W4391643557
https://openalex.org/W2084761575
https://openalex.org/W1997967042
https://openalex.org/W2133970329
https://openalex.org/W2060815067
https://openalex.org/W2101615512
https://openalex.org/W2045664545
https://openalex.org/W2026171294
https://openalex.org/W2146666228
https://openalex.org/W2036877142
https://openalex.org/W2145286178
https://openalex.org/W2028287415
https://openalex.org/W2037553560
https://openalex.org/W2131752045
https://openalex.org/W1975926472
https://openalex.org/W2146696997
https://openalex.org/W1993084426
https://openalex.org/W2039771500
https://openalex.org/W2050434570
https://openalex.org/W2099079080
https://openalex.org/W2013607848
https://openalex.org/W2104223798
https://openalex.org/W1999338295
https://openalex.org/W2026777828
https://openalex.org/W2040181384
https://openalex.org/W2083607308
https://openalex.org/W2072630807
https://openalex.org/W2078270477
https://openalex.org/W2011593158
https://openalex.org/W2061239067
https://openalex.org/W2158344567
https://openalex.org/W1544448106
https://openalex.org/W2086645400
https://openalex.org/W2005215696
https://openalex.org/W2104327418
https://openalex.org/W2049936354
https://openalex.org/W4237284439
https://openalex.org/W2002376394
https://openalex.org/W1707044792
https://openalex.org/W2161296120
https://openalex.org/W1985998794
https://openalex.org/W2020676477
https://openalex.org/W2082262420
https://openalex.org/W1937548928
https://openalex.org/W2128260717
https://openalex.org/W2075132251
https://openalex.org/W2435507289
https://openalex.org/W1520975359
https://openalex.org/W2117325759
https://openalex.org/W927377512
https://openalex.org/W1964206928
https://openalex.org/W2160834075
https://openalex.org/W2046810374
https://openalex.org/W4297913873
https://openalex.org/W2284024525
https://openalex.org/W2072808025
https://openalex.org/W2029442595
https://openalex.org/W2291151921
https://openalex.org/W2624367631
https://openalex.org/W1968005192
https://openalex.org/W2075298228
https://openalex.org/W2086888396
https://openalex.org/W2169514022
https://openalex.org/W2064582173
https://openalex.org/W2135682943
https://openalex.org/W1990541692
https://openalex.org/W2537903918
https://openalex.org/W1987025912
https://openalex.org/W2486635298
https://openalex.org/W2143728695
https://openalex.org/W1487186901
https://openalex.org/W2094917641
https://openalex.org/W2135595364
https://openalex.org/W2314181860
https://openalex.org/W2052715670
https://openalex.org/W2782397703
https://openalex.org/W2107531659
https://openalex.org/W2896765157
https://openalex.org/W2096967952
https://openalex.org/W2116745306
https://openalex.org/W2810872317
https://openalex.org/W2928075595
https://openalex.org/W2793878992
https://openalex.org/W2900501296
https://openalex.org/W2400388390
https://openalex.org/W2619526664
https://openalex.org/W2337603947
https://openalex.org/W2883152280
https://openalex.org/W3089197684
https://openalex.org/W2909008157
https://openalex.org/W2921980535
https://openalex.org/W2987475510
https://openalex.org/W2911813338
https://openalex.org/W2954434176
https://openalex.org/W3042420417
https://openalex.org/W3000553525
https://openalex.org/W4214648237
https://openalex.org/W4226218975
https://openalex.org/W2066049240
https://openalex.org/W4225335693
https://openalex.org/W4310214789
https://openalex.org/W4310731608
https://openalex.org/W4322487658
https://openalex.org/W4391037790
https://openalex.org/W4394567966
https://openalex.org/W1893088152
https://openalex.org/W2015768468
https://openalex.org/W2136224332
https://openalex.org/W2083280171
https://openalex.org/W2065535290
https://openalex.org/W2157637069
https://openalex.org/W2122056825
https://openalex.org/W2147798584
https://openalex.org/W2142098409
https://openalex.org/W2144456462
https://openalex.org/W1983939666
https://openalex.org/W2159786644
https://openalex.org/W2409080429
https://openalex.org/W2159200241
https://openalex.org/W2264873785
https://openalex.org/W2124158951
https://openalex.org/W1977582099
https://openalex.org/W2096164842
https://openalex.org/W2060979618
https://openalex.org/W2086501906
https://openalex.org/W2885526314
https://openalex.org/W2157353050
https://openalex.org/W1973577382
https://openalex.org/W2024255959
https://openalex.org/W2047562069
https://openalex.org/W1976972862
https://openalex.org/W1870225791
https://openalex.org/W2120840558
https://openalex.org/W2133406201
https://openalex.org/W2119287580
https://openalex.org/W2414970752
https://openalex.org/W1712035397
https://openalex.org/W1926934497
https://openalex.org/W2005864829
https://openalex.org/W2006492455
https://openalex.org/W2165479029
https://openalex.org/W2011186269
https://openalex.org/W2128508670
https://openalex.org/W4236250701
https://openalex.org/W145755714
https://openalex.org/W2166056814
https://openalex.org/W1878277203
https://openalex.org/W2089494615
https://openalex.org/W2134390196
https://openalex.org/W2060325544
https://openalex.org/W2140040700
https://openalex.org/W2326188967
https://openalex.org/W2411030952
https://openalex.org/W2339219797
https://openalex.org/W2569797875
https://openalex.org/W2125442761
https://openalex.org/W1970239430
https://openalex.org/W2135227769
https://openalex.org/W2791859308
https://openalex.org/W2077637155
https://openalex.org/W2129273366
https://openalex.org/W2308286876
https://openalex.org/W2800764235
https://openalex.org/W2574485237
https://openalex.org/W237787849
https://openalex.org/W2751581169
https://openalex.org/W2464319238
https://openalex.org/W2894224796
https://openalex.org/W2626721499
https://openalex.org/W2559157571
https://openalex.org/W2920032459
https://openalex.org/W2149075840
https://openalex.org/W2970371695
https://openalex.org/W3023837958
https://openalex.org/W2999633468
https://openalex.org/W3042366213
https://openalex.org/W3001475912
https://openalex.org/W3107670015
https://openalex.org/W3128806527
https://openalex.org/W4200230966
https://openalex.org/W3133979856
https://openalex.org/W3174208727
https://openalex.org/W4220963189
https://openalex.org/W2003833217
https://openalex.org/W4220841260
https://openalex.org/W4307650152
https://openalex.org/W4319072887
https://openalex.org/W4385462174
https://openalex.org/W4386761224
https://openalex.org/W4389386289
https://openalex.org/W2024067082
https://openalex.org/W2055395938
https://openalex.org/W2139966418
https://openalex.org/W1968316304
https://openalex.org/W2029893376
https://openalex.org/W2072593620
https://openalex.org/W2016880832
https://openalex.org/W2256545592
https://openalex.org/W2084159685
https://openalex.org/W2145218316
https://openalex.org/W2070602138
https://openalex.org/W2041041970
https://openalex.org/W2089163821
https://openalex.org/W2163970114
https://openalex.org/W2043041807
https://openalex.org/W2167106169
https://openalex.org/W2062659776
https://openalex.org/W1533573067
https://openalex.org/W2060137414
https://openalex.org/W2003677844
https://openalex.org/W2016245963
https://openalex.org/W2107905699
https://openalex.org/W2119586829
https://openalex.org/W2011561777
https://openalex.org/W2014191142
https://openalex.org/W2061379586
https://openalex.org/W1994239976
https://openalex.org/W2010136597
https://openalex.org/W2031091007
https://openalex.org/W2085380998
https://openalex.org/W2089506288
https://openalex.org/W1513125948
https://openalex.org/W2070441962
https://openalex.org/W2048228298
https://openalex.org/W2068519964
https://openalex.org/W1979320999
https://openalex.org/W1980975135
https://openalex.org/W2077201056
https://openalex.org/W2154987758
https://openalex.org/W2060439042
https://openalex.org/W2062717567
https://openalex.org/W2084146555
https://openalex.org/W2155515879
https://openalex.org/W1980034652
https://openalex.org/W1985471687
https://openalex.org/W2017782250
https://openalex.org/W2082878779
https://openalex.org/W2040923676
https://openalex.org/W2063798166
https://openalex.org/W2093702260
https://openalex.org/W1519732108
https://openalex.org/W2103593743
https://openalex.org/W2012450410
https://openalex.org/W2035570105
https://openalex.org/W2037919085
https://openalex.org/W2080422776
https://openalex.org/W2137587199
https://openalex.org/W2530931927
https://openalex.org/W2561314875
https://openalex.org/W2581796897
https://openalex.org/W2590236540
https://openalex.org/W2059931610
https://openalex.org/W2414687563
https://openalex.org/W2554420549
https://openalex.org/W2021772685
https://openalex.org/W2800704673
https://openalex.org/W2897492029
https://openalex.org/W2214521127
https://openalex.org/W2517200902
https://openalex.org/W2593448013
https://openalex.org/W2752118617
https://openalex.org/W2963446671
https://openalex.org/W1917421186
https://openalex.org/W2112030114
https://openalex.org/W2607764244
https://openalex.org/W2782401420
https://openalex.org/W2955806535
https://openalex.org/W2965261827
https://openalex.org/W2752199555
https://openalex.org/W2789420307
https://openalex.org/W2894276525
https://openalex.org/W2913509940
https://openalex.org/W2922246267
https://openalex.org/W2965129462
https://openalex.org/W2995651451
https://openalex.org/W2899375223
https://openalex.org/W2901651213
https://openalex.org/W2991996055
https://openalex.org/W3012627856
https://openalex.org/W3134801111
https://openalex.org/W3130801566
https://openalex.org/W4284976689
https://openalex.org/W4200147543
https://openalex.org/W4280641199
https://openalex.org/W4280569576
https://openalex.org/W4377103563
https://openalex.org/W4385064800
https://openalex.org/W4387369030
https://openalex.org/W4387522478
https://openalex.org/W2071312429
https://openalex.org/W2143682660
https://openalex.org/W2022066415
https://openalex.org/W2060227764
https://openalex.org/W2073936674
https://openalex.org/W613333033
https://openalex.org/W1983172165
https://openalex.org/W2004364826
https://openalex.org/W1983800557
https://openalex.org/W1994097918
https://openalex.org/W2085354563
https://openalex.org/W2170044433
https://openalex.org/W76244384
https://openalex.org/W2018280938
https://openalex.org/W2113533161
https://openalex.org/W2172668192
https://openalex.org/W2158921412
https://openalex.org/W2029180962
https://openalex.org/W2033888832
https://openalex.org/W2080054230
https://openalex.org/W1969510085
https://openalex.org/W1995583913
https://openalex.org/W1501758436
https://openalex.org/W1964465477
https://openalex.org/W2084037713
https://openalex.org/W2036560422
https://openalex.org/W1981580763
https://openalex.org/W2042756081
https://openalex.org/W2151603591
https://openalex.org/W2025934279
https://openalex.org/W2067212220
https://openalex.org/W2039716754
https://openalex.org/W2143786290
https://openalex.org/W2014635265
https://openalex.org/W2087410314
https://openalex.org/W4313376976
https://openalex.org/W2025060981
https://openalex.org/W2094440916
https://openalex.org/W1976873780
https://openalex.org/W1983329336
https://openalex.org/W2033167603
https://openalex.org/W2119637533
https://openalex.org/W2086776925
https://openalex.org/W2086869372
https://openalex.org/W2159645978
https://openalex.org/W2159701932
https://openalex.org/W2317731662
https://openalex.org/W1517719864
https://openalex.org/W2005488000
https://openalex.org/W2044829195
https://openalex.org/W1237419768
https://openalex.org/W2332775909
https://openalex.org/W2338700508
https://openalex.org/W2729238669
https://openalex.org/W2515098111
https://openalex.org/W2483875397
https://openalex.org/W2811447860
https://openalex.org/W2980536109
https://openalex.org/W2991289774
https://openalex.org/W2061288366
https://openalex.org/W2185926718
https://openalex.org/W2293110263
https://openalex.org/W2809776227
https://openalex.org/W2811505319
https://openalex.org/W2738779878
https://openalex.org/W2788221289
https://openalex.org/W2913996232
https://openalex.org/W2963968308
https://openalex.org/W2986269488
https://openalex.org/W2930489772
https://openalex.org/W2979310315
https://openalex.org/W2986676960
https://openalex.org/W3015176924
https://openalex.org/W3024855783
https://openalex.org/W2997912034
https://openalex.org/W2954802146
https://openalex.org/W3097016150
https://openalex.org/W3110235012
https://openalex.org/W3158796153
https://openalex.org/W3124072015
https://openalex.org/W3133138366
https://openalex.org/W3134469453
https://openalex.org/W4224987849
https://openalex.org/W4306404589
https://openalex.org/W4367320006
https://openalex.org/W2025383032
https://openalex.org/W2038033831
https://openalex.org/W2090068943
https://openalex.org/W1985715010
https://openalex.org/W2013163555
https://openalex.org/W2091455745
https://openalex.org/W2008566814
https://openalex.org/W2087346097
https://openalex.org/W2027213465
https://openalex.org/W2012091357
https://openalex.org/W2018394477
https://openalex.org/W1992080822
https://openalex.org/W2060575197
https://openalex.org/W2113052784
https://openalex.org/W2123334658
https://openalex.org/W1986357983
https://openalex.org/W2088355749
https://openalex.org/W2168073773
https://openalex.org/W2332747622
https://openalex.org/W2007480848
https://openalex.org/W1999712162
https://openalex.org/W2071220268
https://openalex.org/W2174912752
https://openalex.org/W2025990330
https://openalex.org/W2044063639
https://openalex.org/W1985071736
https://openalex.org/W1972229851
https://openalex.org/W2067689887
https://openalex.org/W2071434991
https://openalex.org/W2308597410
https://openalex.org/W2328732138
https://openalex.org/W598527906
https://openalex.org/W1965153801
https://openalex.org/W2131561377
https://openalex.org/W2159853864
https://openalex.org/W1999447485
https://openalex.org/W2120039067
https://openalex.org/W1995019120
https://openalex.org/W2047054568
https://openalex.org/W2068602659
https://openalex.org/W1972379321
https://openalex.org/W1974201585
https://openalex.org/W2054111528
https://openalex.org/W1994136271
https://openalex.org/W2000217949
https://openalex.org/W2006259198
https://openalex.org/W1506805851
https://openalex.org/W2135241855
https://openalex.org/W2527972208
https://openalex.org/W2056492700
https://openalex.org/W2604897989
https://openalex.org/W2620948987
https://openalex.org/W1989124812
https://openalex.org/W2257602906
https://openalex.org/W2313523738
https://openalex.org/W2605790989
https://openalex.org/W2724915309
https://openalex.org/W2769849839
https://openalex.org/W2896452242
https://openalex.org/W2199983014
https://openalex.org/W2407710406
https://openalex.org/W2559426582
https://openalex.org/W2905299046
https://openalex.org/W2915772093
https://openalex.org/W2343234774
https://openalex.org/W2806362065
https://openalex.org/W2809532806
https://openalex.org/W2912652791
https://openalex.org/W2913382349
https://openalex.org/W2996023464
https://openalex.org/W3202565144
https://openalex.org/W4297539444
https://openalex.org/W3141907748
https://openalex.org/W4205497891
https://openalex.org/W4206614200
https://openalex.org/W4206908780
https://openalex.org/W4213345442
https://openalex.org/W4221162708
https://openalex.org/W4226024800
https://openalex.org/W4291473386
https://openalex.org/W4311572976
https://openalex.org/W4381987538
https://openalex.org/W4385264187
https://openalex.org/W4385371060
https://openalex.org/W4386810856
https://openalex.org/W17113979
https://openalex.org/W1995499057
https://openalex.org/W2022728055
https://openalex.org/W2091045017
https://openalex.org/W1999474155
https://openalex.org/W1990746275
https://openalex.org/W2121890134
https://openalex.org/W2309447572
https://openalex.org/W2064968890
https://openalex.org/W2311561164
https://openalex.org/W2090952180
https://openalex.org/W2165969718
https://openalex.org/W1975120528
https://openalex.org/W2033520422
https://openalex.org/W2062055332
https://openalex.org/W1976447897
https://openalex.org/W634541359
https://openalex.org/W2269769359
https://openalex.org/W2886161586
https://openalex.org/W2053868901
https://openalex.org/W2440495020
https://openalex.org/W1638528863
https://openalex.org/W2060158282
https://openalex.org/W2018350300
https://openalex.org/W2031922215
https://openalex.org/W2123912621
https://openalex.org/W269290398
https://openalex.org/W2002895605
https://openalex.org/W1982184874
https://openalex.org/W1573996992
https://openalex.org/W2038716315
https://openalex.org/W2165894056
https://openalex.org/W1973557000
https://openalex.org/W2084283356
https://openalex.org/W2091648255
https://openalex.org/W2099248875
https://openalex.org/W1553106931
https://openalex.org/W1969939676
https://openalex.org/W1974346138
https://openalex.org/W2037608718
https://openalex.org/W2083421496
https://openalex.org/W2108029025
https://openalex.org/W2145404448
https://openalex.org/W99313404
https://openalex.org/W1975303618
https://openalex.org/W2019154521
https://openalex.org/W2069746467
https://openalex.org/W2127611819
https://openalex.org/W2470347876
https://openalex.org/W2017910068
https://openalex.org/W2023023779
https://openalex.org/W2601334638
https://openalex.org/W2743520443
https://openalex.org/W188165044
https://openalex.org/W2402920255
https://openalex.org/W2793025086
https://openalex.org/W2065791480
https://openalex.org/W2211503338
https://openalex.org/W2257456590
https://openalex.org/W2302531399
https://openalex.org/W2900760037
https://openalex.org/W2560662852
https://openalex.org/W2782906912
https://openalex.org/W2932831817
https://openalex.org/W2944356716
https://openalex.org/W2944923227
https://openalex.org/W2984582683
https://openalex.org/W3021150532
https://openalex.org/W2999866054
https://openalex.org/W3081639434
https://openalex.org/W2973056710
https://openalex.org/W3004708847
https://openalex.org/W3108219631
https://openalex.org/W3201634989
https://openalex.org/W3035985016
https://openalex.org/W4382752290
https://openalex.org/W4387447894
https://openalex.org/W4387745707
https://openalex.org/W4388267525
https://openalex.org/W4388571784
https://openalex.org/W4389357052
https://openalex.org/W4390377664
https://openalex.org/W4390639119
https://openalex.org/W4390667031
https://openalex.org/W4390675304
https://openalex.org/W4390743660
https://openalex.org/W4390748686
https://openalex.org/W4390953019
https://openalex.org/W4391259912
https://openalex.org/W4391390535
https://openalex.org/W4391394109
https://openalex.org/W4391786079
https://openalex.org/W4391933749
https://openalex.org/W4391996676
https://openalex.org/W4392101856
https://openalex.org/W4392198900
https://openalex.org/W4392356289
https://openalex.org/W4392372976
https://openalex.org/W4392543698
https://openalex.org/W4392709666
https://openalex.org/W4392764175
https://openalex.org/W4392795436
https://openalex.org/W4392872867
https://openalex.org/W4392907871
https://openalex.org/W4392920153
https://openalex.org/W4392921197
https://openalex.org/W4392981178
https://openalex.org/W4393035132
https://openalex.org/W4393156620
https://openalex.org/W4393238239
https://openalex.org/W4393276002
https://openalex.org/W4393305607
https://openalex.org/W4393344659
https://openalex.org/W4393850089
https://openalex.org/W4393989109
https://openalex.org/W4393989208
https://openalex.org/W4394414930
https://openalex.org/W4394442687
https://openalex.org/W4394600023
https://openalex.org/W4394769328
https://openalex.org/W4394893312
https://openalex.org/W4394920971
https://openalex.org/W4394960390
https://openalex.org/W4394991428
https://openalex.org/W4395068095
https://openalex.org/W4395109765
https://openalex.org/W4395448796
https://openalex.org/W4395471177
https://openalex.org/W4395675346
https://openalex.org/W4395699743
https://openalex.org/W4396229441
https://openalex.org/W2094350697
https://openalex.org/W2171702365
https://openalex.org/W2067016095
https://openalex.org/W1998488617
https://openalex.org/W2055915671
https://openalex.org/W2011365520
https://openalex.org/W1986151824
https://openalex.org/W2057988158
https://openalex.org/W1991413098
https://openalex.org/W2049316902
https://openalex.org/W2171827649
https://openalex.org/W2042759696
https://openalex.org/W1976713904
https://openalex.org/W1992323207
https://openalex.org/W2060452551
https://openalex.org/W2153298866
https://openalex.org/W2163647701
https://openalex.org/W2144406727
https://openalex.org/W2059503690
https://openalex.org/W2060007848
https://openalex.org/W116306688
https://openalex.org/W1991568053
https://openalex.org/W2023513917
https://openalex.org/W2024255411
https://openalex.org/W2035274255
https://openalex.org/W2055705850
https://openalex.org/W2147568529
https://openalex.org/W2006955773
https://openalex.org/W2035586482
https://openalex.org/W2051372076
https://openalex.org/W2072738456
https://openalex.org/W197459469
https://openalex.org/W2046421098
https://openalex.org/W2054479030
https://openalex.org/W2077665153
https://openalex.org/W2037938007
https://openalex.org/W2161012509
https://openalex.org/W2015752424
https://openalex.org/W2052657476
https://openalex.org/W1611134337
https://openalex.org/W1980444916
https://openalex.org/W2043145077
https://openalex.org/W2070111695
https://openalex.org/W2074336332
https://openalex.org/W2107861221
https://openalex.org/W2462942162
https://openalex.org/W1968176242
https://openalex.org/W2088677435
https://openalex.org/W2580920950
https://openalex.org/W2736412435
https://openalex.org/W2769479907
https://openalex.org/W1537183443
https://openalex.org/W1984064968
https://openalex.org/W2094558976
https://openalex.org/W2101448827
https://openalex.org/W2126703946
https://openalex.org/W2287334029
https://openalex.org/W2483145582
https://openalex.org/W2669440220
https://openalex.org/W2767999356
https://openalex.org/W1964249956
https://openalex.org/W2179893676
https://openalex.org/W2278307797
https://openalex.org/W2465604702
https://openalex.org/W2754261531
https://openalex.org/W2883867772
https://openalex.org/W2911363877
https://openalex.org/W2925406366
https://openalex.org/W2990861258
https://openalex.org/W2943851708
https://openalex.org/W2946230493
https://openalex.org/W2988994119
https://openalex.org/W3004462129
https://openalex.org/W3015736364
https://openalex.org/W3026402295
https://openalex.org/W3048610016
https://openalex.org/W3048621575
https://openalex.org/W3049600440
https://openalex.org/W3108891353
https://openalex.org/W3126968057
https://openalex.org/W3153911029
https://openalex.org/W3202596793
https://openalex.org/W4307502933
https://openalex.org/W4314948699
https://openalex.org/W4372194025
https://openalex.org/W4379881862
https://openalex.org/W4382775439
https://openalex.org/W4385431632
https://openalex.org/W4386714150
https://openalex.org/W4387266598
https://openalex.org/W4389394202
https://openalex.org/W1966573068
https://openalex.org/W1974088167
https://openalex.org/W1982985174
https://openalex.org/W2029057918
https://openalex.org/W2050580993
https://openalex.org/W2152959603
https://openalex.org/W2001832910
https://openalex.org/W1561508744
https://openalex.org/W2014385560
https://openalex.org/W2163987474
https://openalex.org/W2314571347
https://openalex.org/W2063788773
https://openalex.org/W2064045922
https://openalex.org/W2083982132
https://openalex.org/W2185723918
https://openalex.org/W1975600043
https://openalex.org/W2138492960
https://openalex.org/W2164634056
https://openalex.org/W2187421506
https://openalex.org/W2938001263
https://openalex.org/W573833407
https://openalex.org/W2407471809
https://openalex.org/W2952565029
https://openalex.org/W1977154587
https://openalex.org/W1978150223
https://openalex.org/W1987288229
https://openalex.org/W1991060063
https://openalex.org/W2018366821
https://openalex.org/W1986919559
https://openalex.org/W2012493338
https://openalex.org/W2138719824
https://openalex.org/W2086100031
https://openalex.org/W1990371002
https://openalex.org/W2137691456
https://openalex.org/W2108745978
https://openalex.org/W2087088514
https://openalex.org/W1980003744
https://openalex.org/W1985856890
https://openalex.org/W2035739430
https://openalex.org/W1775497374
https://openalex.org/W2041240459
https://openalex.org/W2153687357
https://openalex.org/W183454183
https://openalex.org/W1981240955
https://openalex.org/W2033655260
https://openalex.org/W2137082976
https://openalex.org/W2158852656
https://openalex.org/W3792823
https://openalex.org/W2023628144
https://openalex.org/W2047596360
https://openalex.org/W2062881600
https://openalex.org/W2128034410
https://openalex.org/W2129742247
https://openalex.org/W1986347023
https://openalex.org/W2030118674
https://openalex.org/W2047074194
https://openalex.org/W2059568196
https://openalex.org/W2146496230
https://openalex.org/W2368817202
https://openalex.org/W2606567988
https://openalex.org/W2738159806
https://openalex.org/W2759262670
https://openalex.org/W2802600581
https://openalex.org/W2895757553
https://openalex.org/W2019118126
https://openalex.org/W2113916040
https://openalex.org/W2138584875
https://openalex.org/W2315859435
https://openalex.org/W2511426899
https://openalex.org/W2541727215
https://openalex.org/W2620712865
https://openalex.org/W2714667246
https://openalex.org/W2888518521
https://openalex.org/W2212792179
https://openalex.org/W2272086324
https://openalex.org/W2900805008
https://openalex.org/W2942420879
https://openalex.org/W3037076770
https://openalex.org/W3043736101
https://openalex.org/W3045294161
https://openalex.org/W3073456849
https://openalex.org/W3002261887
https://openalex.org/W3047643652
https://openalex.org/W3089472539
https://openalex.org/W2430804960
https://openalex.org/W3121294152
https://openalex.org/W3133761231
https://openalex.org/W3216786509
https://openalex.org/W4200091770
https://openalex.org/W4310540498
https://openalex.org/W4310588992
https://openalex.org/W2005371433
https://openalex.org/W2010723906
https://openalex.org/W1982414705
https://openalex.org/W2041138142
https://openalex.org/W2082954086
https://openalex.org/W2084402643
https://openalex.org/W2170781787
https://openalex.org/W2176714033
https://openalex.org/W1984805412
https://openalex.org/W2093036767
https://openalex.org/W2006635741
https://openalex.org/W2037855132
https://openalex.org/W2083124073
https://openalex.org/W2139115048
https://openalex.org/W1994137683
https://openalex.org/W2003985588
https://openalex.org/W2072365596
https://openalex.org/W2082985645
https://openalex.org/W2106793870
https://openalex.org/W2951560430
https://openalex.org/W4248655683
https://openalex.org/W1987438116
https://openalex.org/W1995408419
https://openalex.org/W2012887303
https://openalex.org/W2030785856
https://openalex.org/W2041030949
https://openalex.org/W2112992011
https://openalex.org/W2063593307
https://openalex.org/W2066697977
https://openalex.org/W2167611225
https://openalex.org/W1557289391
https://openalex.org/W1979174991
https://openalex.org/W2076838800
https://openalex.org/W2089550858
https://openalex.org/W2009072812
https://openalex.org/W2077719154
https://openalex.org/W2080754423
https://openalex.org/W166495243
https://openalex.org/W1974281104
https://openalex.org/W2115567710
https://openalex.org/W2025379706
https://openalex.org/W2087877488
https://openalex.org/W1888468639
https://openalex.org/W1964436848
https://openalex.org/W1993168270
https://openalex.org/W2001751403
https://openalex.org/W2027831652
https://openalex.org/W2054664940
https://openalex.org/W2136824011
https://openalex.org/W2144424149
https://openalex.org/W1690993508
https://openalex.org/W2004600690
https://openalex.org/W2006040696
https://openalex.org/W2006827181
https://openalex.org/W2062570757
https://openalex.org/W2079869601
https://openalex.org/W1844583141
https://openalex.org/W2026093797
https://openalex.org/W2039148955
https://openalex.org/W2074701805
https://openalex.org/W2135586289
https://openalex.org/W2317723924
https://openalex.org/W2399255106
https://openalex.org/W2598580348
https://openalex.org/W2804744330
https://openalex.org/W2905713124
https://openalex.org/W2907766243
https://openalex.org/W2986708865
https://openalex.org/W1848074881
https://openalex.org/W1969633605
https://openalex.org/W2111533254
https://openalex.org/W2340788316
https://openalex.org/W2585632537
https://openalex.org/W2592781427
https://openalex.org/W2604551668
https://openalex.org/W2922479803
https://openalex.org/W2281685333
https://openalex.org/W2345286962
https://openalex.org/W2511894196
https://openalex.org/W2552025215
https://openalex.org/W2910188474
https://openalex.org/W2962112182
https://openalex.org/W3004767509
https://openalex.org/W3045814257
https://openalex.org/W3046467847
https://openalex.org/W3119373777
https://openalex.org/W3122874061
https://openalex.org/W3130496566
https://openalex.org/W3135706482
https://openalex.org/W3208531327
https://openalex.org/W3213228850
https://openalex.org/W3177514389
https://openalex.org/W4206648720
https://openalex.org/W4210431981
https://openalex.org/W4212771933
https://openalex.org/W4212857113
https://openalex.org/W4214533573
https://openalex.org/W4223587433
https://openalex.org/W4226185821
https://openalex.org/W4281613179
https://openalex.org/W4285292965
https://openalex.org/W4297537267
https://openalex.org/W4304688527
https://openalex.org/W2037740627
https://openalex.org/W1967489471
https://openalex.org/W1969943219
https://openalex.org/W2007081747
https://openalex.org/W2049380415
https://openalex.org/W2006329761
https://openalex.org/W2039163337
https://openalex.org/W2040956646
https://openalex.org/W142691684
https://openalex.org/W1975429386
https://openalex.org/W2003456975
https://openalex.org/W2025521551
https://openalex.org/W2041409783
https://openalex.org/W2139640448
https://openalex.org/W1977399274
https://openalex.org/W2015110290
https://openalex.org/W2026647164
https://openalex.org/W2067351899
https://openalex.org/W581945075
https://openalex.org/W2078484774
https://openalex.org/W2152489630
https://openalex.org/W1564485251
https://openalex.org/W2013445888
https://openalex.org/W2065330393
https://openalex.org/W2076017703
https://openalex.org/W2086071216
https://openalex.org/W4232368322
https://openalex.org/W2054864421
https://openalex.org/W2092460569
https://openalex.org/W2160714824
https://openalex.org/W2076600634
https://openalex.org/W71164281
https://openalex.org/W2009277504
https://openalex.org/W2088526120
https://openalex.org/W2114247166
https://openalex.org/W2010203086
https://openalex.org/W2042011202
https://openalex.org/W2106540612
https://openalex.org/W2044631761
https://openalex.org/W1986939043
https://openalex.org/W2312493001
https://openalex.org/W16501004
https://openalex.org/W1803549127
https://openalex.org/W1980586286
https://openalex.org/W2007180452
https://openalex.org/W2030453542
https://openalex.org/W2064352436
https://openalex.org/W2078163124
https://openalex.org/W1967700623
https://openalex.org/W1976972376
https://openalex.org/W1979601848
https://openalex.org/W1986574617
https://openalex.org/W2002850183
https://openalex.org/W2006182386
https://openalex.org/W2013326968
https://openalex.org/W2030246598
https://openalex.org/W2088097531
https://openalex.org/W2097376412
https://openalex.org/W2135868845
https://openalex.org/W2141616846
https://openalex.org/W2190776879
https://openalex.org/W2334307105
https://openalex.org/W2607569340
https://openalex.org/W2766983446
https://openalex.org/W2808744109
https://openalex.org/W2006210719
https://openalex.org/W2126303875
https://openalex.org/W2173535418
https://openalex.org/W2564161262
https://openalex.org/W2601272205
https://openalex.org/W2732161269
https://openalex.org/W2736794838
https://openalex.org/W2763689328
https://openalex.org/W2814028772
https://openalex.org/W2884400617
https://openalex.org/W2944492974
https://openalex.org/W2972536232
https://openalex.org/W2982599774
https://openalex.org/W2988629065
https://openalex.org/W4236536318
https://openalex.org/W2389291929
https://openalex.org/W2495513313
https://openalex.org/W2956121165
https://openalex.org/W3035348331
https://openalex.org/W3039516190
https://openalex.org/W3001092477
https://openalex.org/W3035623738
https://openalex.org/W3047414019
https://openalex.org/W3086284550
https://openalex.org/W3091927239
https://openalex.org/W3047014695
https://openalex.org/W3135400112
https://openalex.org/W3167128323
https://openalex.org/W3183075561
https://openalex.org/W3197001762
https://openalex.org/W3198405605
https://openalex.org/W3200003458
https://openalex.org/W3214934572
https://openalex.org/W2987247658
https://openalex.org/W1979691464
https://openalex.org/W1974441885
https://openalex.org/W1493955832
https://openalex.org/W2029706470
https://openalex.org/W1965894378
https://openalex.org/W2000792231
https://openalex.org/W2044802239
https://openalex.org/W2067924669
https://openalex.org/W2086031514
https://openalex.org/W1990782620
https://openalex.org/W2020442706
https://openalex.org/W2077606220
https://openalex.org/W2082770857
https://openalex.org/W2176157096
https://openalex.org/W2093355295
https://openalex.org/W1832922891
https://openalex.org/W1996069926
https://openalex.org/W2076145711
https://openalex.org/W2176038757
https://openalex.org/W1542038530
https://openalex.org/W2093316479
https://openalex.org/W1976146787
https://openalex.org/W1983446204
https://openalex.org/W2034742225
https://openalex.org/W2045595771
https://openalex.org/W4236396488
https://openalex.org/W2014442030
https://openalex.org/W2030617941
https://openalex.org/W2112598543
https://openalex.org/W2068354617
https://openalex.org/W2316105610
https://openalex.org/W1907732096
https://openalex.org/W1979152128
https://openalex.org/W1993514995
https://openalex.org/W2022679283
https://openalex.org/W2045128433
https://openalex.org/W2071199966
https://openalex.org/W2108627471
https://openalex.org/W2121961729
https://openalex.org/W2159465600
https://openalex.org/W2209075631
https://openalex.org/W2312224732
https://openalex.org/W2418375369
https://openalex.org/W401265200
https://openalex.org/W1573848519
https://openalex.org/W1990414008
https://openalex.org/W1997591040
https://openalex.org/W2070874266
https://openalex.org/W2084151280
https://openalex.org/W2108381215
https://openalex.org/W2111239293
https://openalex.org/W2276026886
https://openalex.org/W2327730121
https://openalex.org/W2540769357
https://openalex.org/W2563349436
https://openalex.org/W2572329320
https://openalex.org/W2730809702
https://openalex.org/W2747075316
https://openalex.org/W2807398773
https://openalex.org/W2889934658
https://openalex.org/W2897510472
https://openalex.org/W2901902352
https://openalex.org/W2902360105
https://openalex.org/W2915847935
https://openalex.org/W2984934286
https://openalex.org/W3025742950
https://openalex.org/W1978659740
https://openalex.org/W1992787797
https://openalex.org/W2026408284
https://openalex.org/W2062335536
https://openalex.org/W2089852444
https://openalex.org/W2090720946
https://openalex.org/W2092607670
https://openalex.org/W2267389222
https://openalex.org/W2273296022
https://openalex.org/W2284031913
https://openalex.org/W2338471058
https://openalex.org/W2472837954
https://openalex.org/W2941520879
https://openalex.org/W3033096713
https://openalex.org/W2092491599
https://openalex.org/W4200625119
https://openalex.org/W4210330522
https://openalex.org/W4224084874
https://openalex.org/W4280536034
https://openalex.org/W4281285678
https://openalex.org/W4283332240
https://openalex.org/W4283821864
https://openalex.org/W4286488928
https://openalex.org/W4308128261
https://openalex.org/W4313290093
https://openalex.org/W4283274965
https://openalex.org/W4308207287
https://openalex.org/W4315762347
https://openalex.org/W4321248189
https://openalex.org/W4361287020
https://openalex.org/W4361801470
https://openalex.org/W4361854996
https://openalex.org/W4362498814
https://openalex.org/W4362734531
https://openalex.org/W4366310801
https://openalex.org/W4372295399
https://openalex.org/W4379389739
https://openalex.org/W4379799850
https://openalex.org/W4380048169
https://openalex.org/W4380302544
https://openalex.org/W4381429743
https://openalex.org/W4384199930
https://openalex.org/W4384406561
https://openalex.org/W4385357632
https://openalex.org/W4385441664
https://openalex.org/W4386377531
https://openalex.org/W4387115967
https://openalex.org/W4387372786
https://openalex.org/W2329374034
https://openalex.org/W1968023158
https://openalex.org/W1981464197
https://openalex.org/W2068289959
https://openalex.org/W2949310068
https://openalex.org/W1971114611
https://openalex.org/W2008450543
https://openalex.org/W62335180
https://openalex.org/W2003218170
https://openalex.org/W2014654911
https://openalex.org/W2021551718
https://openalex.org/W2029705816
https://openalex.org/W1980705957
https://openalex.org/W1996984419
https://openalex.org/W2025593063
https://openalex.org/W2097222922
https://openalex.org/W2018604276
https://openalex.org/W4253590224
https://openalex.org/W1971845174
https://openalex.org/W2411488639
https://openalex.org/W2061833862
https://openalex.org/W2020137659
https://openalex.org/W2065434896
https://openalex.org/W2094279814
https://openalex.org/W2131750075
https://openalex.org/W4380449938
https://openalex.org/W1487679013
https://openalex.org/W1586991248
https://openalex.org/W1972656667
https://openalex.org/W1992809107
https://openalex.org/W1997035649
https://openalex.org/W2002602417
https://openalex.org/W2010305288
https://openalex.org/W2068351719
https://openalex.org/W2145352599
https://openalex.org/W2159848223
https://openalex.org/W2528073769
https://openalex.org/W2587955965
https://openalex.org/W2756908421
https://openalex.org/W2151002675
https://openalex.org/W2317002714
https://openalex.org/W2330094743
https://openalex.org/W2513376181
https://openalex.org/W2518831578
https://openalex.org/W2763257217
https://openalex.org/W2980326206
https://openalex.org/W2143533770
https://openalex.org/W2003445799
https://openalex.org/W2413940429
https://openalex.org/W1903870809
https://openalex.org/W2032407756
https://openalex.org/W2125666407
https://openalex.org/W2953238666
https://openalex.org/W583064015
https://openalex.org/W1974710898
https://openalex.org/W2042568917
https://openalex.org/W2036118154
https://openalex.org/W1993261872
https://openalex.org/W2008108348
https://openalex.org/W2171897519
https://openalex.org/W2123937303
https://openalex.org/W2026248093
https://openalex.org/W2095021762
https://openalex.org/W2032831378
https://openalex.org/W2110707281
https://openalex.org/W4235612003
https://openalex.org/W172401847
https://openalex.org/W2285588328
https://openalex.org/W1989556404
https://openalex.org/W1567530913
https://openalex.org/W1867937012
https://openalex.org/W1983510011
https://openalex.org/W1990347897
https://openalex.org/W2000683665
https://openalex.org/W2001427329
https://openalex.org/W2097592208
https://openalex.org/W2110668383
https://openalex.org/W2429448568
https://openalex.org/W1984141971
https://openalex.org/W2006738036
https://openalex.org/W2028038613
https://openalex.org/W2044730941
https://openalex.org/W2067489807
https://openalex.org/W2317548516
https://openalex.org/W2323113450
https://openalex.org/W2394925493
https://openalex.org/W2795796580
https://openalex.org/W2898004905
https://openalex.org/W2905460268
https://openalex.org/W1978024528
https://openalex.org/W1984454848
https://openalex.org/W2021896237
https://openalex.org/W2104942569
https://openalex.org/W2122044824
https://openalex.org/W2127916431
https://openalex.org/W2227387291
https://openalex.org/W2395978201
https://openalex.org/W2498652696
https://openalex.org/W2502632795
https://openalex.org/W2575060713
https://openalex.org/W2582170539
https://openalex.org/W2768687334
https://openalex.org/W2890433318
https://openalex.org/W2929110293
https://openalex.org/W2930537672
https://openalex.org/W2972021005
https://openalex.org/W3000977802
https://openalex.org/W3008567492
https://openalex.org/W3028213565
https://openalex.org/W3033038900
https://openalex.org/W3041241257
https://openalex.org/W3042725891
https://openalex.org/W3091268718
https://openalex.org/W3092069512
https://openalex.org/W3102319904
https://openalex.org/W3119375013
https://openalex.org/W4296986447
https://openalex.org/W2394939476
https://openalex.org/W2487672305
https://openalex.org/W2509114451
https://openalex.org/W3132841751
https://openalex.org/W3157487453
https://openalex.org/W3168784615
https://openalex.org/W3200702300
https://openalex.org/W2068514852
https://openalex.org/W2129871849
https://openalex.org/W2322305202
https://openalex.org/W2405607466
https://openalex.org/W1571569284
https://openalex.org/W1997387746
https://openalex.org/W2007669519
https://openalex.org/W2055025399
https://openalex.org/W2076329364
https://openalex.org/W2132008718
https://openalex.org/W2140322986
https://openalex.org/W2950171700
https://openalex.org/W2119167434
https://openalex.org/W2471364225
https://openalex.org/W2949790395
https://openalex.org/W2950871283
https://openalex.org/W2001617255
https://openalex.org/W2949088454
https://openalex.org/W1019969707
https://openalex.org/W2077638777
https://openalex.org/W119479504
https://openalex.org/W1974250477
https://openalex.org/W1998561361
https://openalex.org/W2017375299
https://openalex.org/W2040863844
https://openalex.org/W2078027635
https://openalex.org/W4237182861
https://openalex.org/W2005228547
https://openalex.org/W2037492382
https://openalex.org/W1521994059
https://openalex.org/W1622488486
https://openalex.org/W1998276089
https://openalex.org/W2011393032
https://openalex.org/W2023971618
https://openalex.org/W2054747491
https://openalex.org/W2076789691
https://openalex.org/W287463649
https://openalex.org/W160123140
https://openalex.org/W2007544112
https://openalex.org/W2052879122
https://openalex.org/W2068759858
https://openalex.org/W2119505948
https://openalex.org/W2417512740
https://openalex.org/W2782121625
https://openalex.org/W2910155840
https://openalex.org/W1063447022
https://openalex.org/W1194470929
https://openalex.org/W1499368586
https://openalex.org/W1564090878
https://openalex.org/W18466314
https://openalex.org/W1986779188
https://openalex.org/W2017534516
https://openalex.org/W2046750443
https://openalex.org/W2048998213
https://openalex.org/W2055931105
https://openalex.org/W2077922912
https://openalex.org/W2114619549
https://openalex.org/W2130758817
https://openalex.org/W2165885745
https://openalex.org/W2169446897
https://openalex.org/W2324305874
https://openalex.org/W2395078389
https://openalex.org/W2424869214
https://openalex.org/W2605867002
https://openalex.org/W2918124960
https://openalex.org/W2950607595
https://openalex.org/W2951926302
https://openalex.org/W2963305025
https://openalex.org/W2987474283
https://openalex.org/W2990469437
https://openalex.org/W3004104263
https://openalex.org/W3047555810
https://openalex.org/W3097807494
https://openalex.org/W4232324865
https://openalex.org/W3133615713
https://openalex.org/W3133716969
https://openalex.org/W3190604561
https://openalex.org/W3210836366
https://openalex.org/W4200203158
https://openalex.org/W3213958315
https://openalex.org/W4221051024
https://openalex.org/W4221055255
https://openalex.org/W4229451236
https://openalex.org/W4283522475
https://openalex.org/W4285740814
https://openalex.org/W4296632353
https://openalex.org/W4308694194
https://openalex.org/W4309746926
https://openalex.org/W4318025142
https://openalex.org/W1553491592
https://openalex.org/W2019714856
https://openalex.org/W2049478611
https://openalex.org/W1986966028
https://openalex.org/W2147800832
https://openalex.org/W2949861043
https://openalex.org/W2040606973
https://openalex.org/W2053827714
https://openalex.org/W2159731162
https://openalex.org/W2951461832
https://openalex.org/W68877331
https://openalex.org/W2006954126
https://openalex.org/W2007957130
https://openalex.org/W2048464352
https://openalex.org/W2176897032
https://openalex.org/W1987944462
https://openalex.org/W1996147091
https://openalex.org/W2171932266
https://openalex.org/W2003742065
https://openalex.org/W2045539202
https://openalex.org/W2074856985
https://openalex.org/W2952586003
https://openalex.org/W2018919002
https://openalex.org/W2019783169
https://openalex.org/W2145377412
https://openalex.org/W2071191137
https://openalex.org/W2755021965
https://openalex.org/W2792415726
https://openalex.org/W2805731773
https://openalex.org/W2891958479
https://openalex.org/W1542341513
https://openalex.org/W193339093
https://openalex.org/W1969330433
https://openalex.org/W1979403151
https://openalex.org/W1999917493
https://openalex.org/W2008672449
https://openalex.org/W2022421382
https://openalex.org/W2032280205
https://openalex.org/W2045846011
https://openalex.org/W2063788137
https://openalex.org/W2081613471
https://openalex.org/W2083381196
https://openalex.org/W2093556579
https://openalex.org/W2288078198
https://openalex.org/W2345859693
https://openalex.org/W2571458813
https://openalex.org/W2761936224
https://openalex.org/W2764184227
https://openalex.org/W2993039677
https://openalex.org/W3028230029
https://openalex.org/W3032943996
https://openalex.org/W3034042145
https://openalex.org/W3116224685
https://openalex.org/W2128118721
https://openalex.org/W2334709679
https://openalex.org/W143114340
https://openalex.org/W1859018853
https://openalex.org/W2000547775
https://openalex.org/W2039307748
https://openalex.org/W2097557345
https://openalex.org/W2413817463
https://openalex.org/W2023026175
https://openalex.org/W2484219502
https://openalex.org/W2013409477
https://openalex.org/W2041048303
https://openalex.org/W2058362465
https://openalex.org/W2081245760
https://openalex.org/W1998517044
https://openalex.org/W2018560060
https://openalex.org/W2085880010
https://openalex.org/W88216318
https://openalex.org/W191133659
https://openalex.org/W2001569477
https://openalex.org/W2160339261
https://openalex.org/W1563222191
https://openalex.org/W2038074380
https://openalex.org/W2057597527
https://openalex.org/W2103107269
https://openalex.org/W2113022460
https://openalex.org/W2132326457
https://openalex.org/W2398875596
https://openalex.org/W1273295938
https://openalex.org/W1975199776
https://openalex.org/W2019114627
https://openalex.org/W2086372978
https://openalex.org/W2316292892
https://openalex.org/W2587125855
https://openalex.org/W2797979076
https://openalex.org/W2883160429
https://openalex.org/W2892036907
https://openalex.org/W2900021747
https://openalex.org/W2919469559
https://openalex.org/W2923686016
https://openalex.org/W2925089926
https://openalex.org/W2969678266
https://openalex.org/W1499694222
https://openalex.org/W2050334714
https://openalex.org/W2064700625
https://openalex.org/W2111335645
https://openalex.org/W2165061084
https://openalex.org/W2208516631
https://openalex.org/W2344357090
https://openalex.org/W2411073714
https://openalex.org/W2411897611
https://openalex.org/W2467284950
https://openalex.org/W2528481518
https://openalex.org/W2537042364
https://openalex.org/W2559657132
https://openalex.org/W2563259174
https://openalex.org/W3097617119
https://openalex.org/W3126908855
https://openalex.org/W3127697104
https://openalex.org/W3151282833
https://openalex.org/W3162018342
https://openalex.org/W3187095569
https://openalex.org/W3210152735
https://openalex.org/W3210671818
https://openalex.org/W4200121632
https://openalex.org/W4200178152
https://openalex.org/W2026888155
https://openalex.org/W2053910953
https://openalex.org/W2167221800
https://openalex.org/W1974631056
https://openalex.org/W29513202
https://openalex.org/W1508936608
https://openalex.org/W1573700972
https://openalex.org/W2054080041
https://openalex.org/W2267716583
https://openalex.org/W1964138987
https://openalex.org/W2149433401
https://openalex.org/W4254241248
https://openalex.org/W80518398
https://openalex.org/W1989703684
https://openalex.org/W2032683885
https://openalex.org/W2253847902
https://openalex.org/W290474809
https://openalex.org/W1523906562
https://openalex.org/W1547114540
https://openalex.org/W1984384469
https://openalex.org/W2028896686
https://openalex.org/W2051771190
https://openalex.org/W2064492839
https://openalex.org/W2116836442
https://openalex.org/W2131018680
https://openalex.org/W2242134946
https://openalex.org/W2316117376
https://openalex.org/W2327691759
https://openalex.org/W2582689904
https://openalex.org/W2767847339
https://openalex.org/W2769021561
https://openalex.org/W2771891895
https://openalex.org/W2773176281
https://openalex.org/W2886328957
https://openalex.org/W2891329481
https://openalex.org/W2899220159
https://openalex.org/W2906911545
https://openalex.org/W2918590282
https://openalex.org/W2933412451
https://openalex.org/W2997177253
https://openalex.org/W3016587257
https://openalex.org/W42327038
https://openalex.org/W869992
https://openalex.org/W2125727821
https://openalex.org/W2155643278
https://openalex.org/W2286029437
https://openalex.org/W3007845970
https://openalex.org/W974581372
https://openalex.org/W4200495861
https://openalex.org/W4207034159
https://openalex.org/W4225164136
https://openalex.org/W4225277930
https://openalex.org/W4281724600
https://openalex.org/W4285086178
https://openalex.org/W4289544444
https://openalex.org/W4292357493
https://openalex.org/W4292432094
https://openalex.org/W4292481424
https://openalex.org/W4295074336
https://openalex.org/W4296823232
https://openalex.org/W4302283467
https://openalex.org/W4309307341
https://openalex.org/W4312014657
https://openalex.org/W4313468544
https://openalex.org/W4318917535
https://openalex.org/W2409318997
https://openalex.org/W196281125
https://openalex.org/W2014166184
https://openalex.org/W2066094505
https://openalex.org/W2085811863
https://openalex.org/W2951093198
https://openalex.org/W572610697
https://openalex.org/W2062708882
https://openalex.org/W2415992956
https://openalex.org/W2949185159
https://openalex.org/W305144964
https://openalex.org/W2058237725
https://openalex.org/W2082650551
https://openalex.org/W2084412627
https://openalex.org/W2146458398
https://openalex.org/W2408969972
https://openalex.org/W2410830187
https://openalex.org/W1568705246
https://openalex.org/W1990260885
https://openalex.org/W2071594051
https://openalex.org/W4229509781
https://openalex.org/W1127027154
https://openalex.org/W143881618
https://openalex.org/W1485259012
https://openalex.org/W1985026023
https://openalex.org/W1987812441
https://openalex.org/W2015080471
https://openalex.org/W2067902053
https://openalex.org/W2076934325
https://openalex.org/W2077024641
https://openalex.org/W2082127038
https://openalex.org/W2102199952
https://openalex.org/W2109458727
https://openalex.org/W2399637495
https://openalex.org/W2416494752
https://openalex.org/W4239332173
https://openalex.org/W2010105751
https://openalex.org/W2078425228
https://openalex.org/W2522090071
https://openalex.org/W68072997
https://openalex.org/W2086669066
https://openalex.org/W2093149875
https://openalex.org/W1998774589
https://openalex.org/W2198945197
https://openalex.org/W2287643387
https://openalex.org/W1973611827
https://openalex.org/W1978670647
https://openalex.org/W2075923071
https://openalex.org/W2399245587
https://openalex.org/W1605115375
https://openalex.org/W2054747958
https://openalex.org/W808261564
https://openalex.org/W1523601741
https://openalex.org/W2040764005
https://openalex.org/W2406277106
https://openalex.org/W1543848469
https://openalex.org/W1967576510
https://openalex.org/W1987660444
https://openalex.org/W2031187607
https://openalex.org/W2361732298
https://openalex.org/W2395833361
https://openalex.org/W2460469517
https://openalex.org/W2586848166
https://openalex.org/W2760916800
https://openalex.org/W2771310515
https://openalex.org/W2782453466
https://openalex.org/W2793585206
https://openalex.org/W2799839782
https://openalex.org/W2887366274
https://openalex.org/W2889498877
https://openalex.org/W2890292027
https://openalex.org/W2891018457
https://openalex.org/W2915269867
https://openalex.org/W2943509220
https://openalex.org/W2969463035
https://openalex.org/W2972230511
https://openalex.org/W2996775660
https://openalex.org/W3024927913
https://openalex.org/W3034030329
https://openalex.org/W3038610185
https://openalex.org/W3041931378
https://openalex.org/W3043153329
https://openalex.org/W3046765209
https://openalex.org/W3094573075
https://openalex.org/W3120746167
https://openalex.org/W3137277903
https://openalex.org/W3138815144
https://openalex.org/W3139703535
https://openalex.org/W3167761799
https://openalex.org/W3170231212
https://openalex.org/W3184189035
https://openalex.org/W3204789731
https://openalex.org/W3212455867
https://openalex.org/W4287024905
https://openalex.org/W4294491234
https://openalex.org/W2266192629
https://openalex.org/W2321021269
https://openalex.org/W2462330724
https://openalex.org/W2525893540
https://openalex.org/W2538626169
https://openalex.org/W2553355934
https://openalex.org/W2078269227
https://openalex.org/W2095080671
https://openalex.org/W2120298468
https://openalex.org/W2133451601
https://openalex.org/W2337634086
https://openalex.org/W1970224856
https://openalex.org/W1994233975
https://openalex.org/W2063732913
https://openalex.org/W2203913515
https://openalex.org/W2317439764
https://openalex.org/W2416306915
https://openalex.org/W181556822
https://openalex.org/W2051269675
https://openalex.org/W2132388328
https://openalex.org/W2130525440
https://openalex.org/W2312399393
https://openalex.org/W2011183308
https://openalex.org/W2087292647
https://openalex.org/W2324648362
https://openalex.org/W4249240241
https://openalex.org/W1989442724
https://openalex.org/W2107346939
https://openalex.org/W2377031627
https://openalex.org/W2397631469
https://openalex.org/W2435433545
https://openalex.org/W4230346972
https://openalex.org/W84611493
https://openalex.org/W1010600
https://openalex.org/W1192661950
https://openalex.org/W1546331716
https://openalex.org/W1692013293
https://openalex.org/W1964858496
https://openalex.org/W1978163345
https://openalex.org/W2008477038
https://openalex.org/W2013480002
https://openalex.org/W2018256065
https://openalex.org/W2023018362
https://openalex.org/W2026195341
https://openalex.org/W2028563798
https://openalex.org/W2045387211
https://openalex.org/W2061187495
https://openalex.org/W2062015371
https://openalex.org/W2121189109
https://openalex.org/W2123605659
https://openalex.org/W2124000511
https://openalex.org/W2128412810
https://openalex.org/W2135459522
https://openalex.org/W2137096320
https://openalex.org/W2187801336
https://openalex.org/W2202513651
https://openalex.org/W22199617
https://openalex.org/W2268974355
https://openalex.org/W2300076279
https://openalex.org/W2314257050
https://openalex.org/W2333339842
https://openalex.org/W2404349556
https://openalex.org/W2412613448
https://openalex.org/W2576720073
https://openalex.org/W4230240212
https://openalex.org/W4234379352
https://openalex.org/W72464133
https://openalex.org/W829662195
https://openalex.org/W99932248
https://openalex.org/W4311282614
https://openalex.org/W4313682197
https://openalex.org/W4313855368
https://openalex.org/W4315574077
https://openalex.org/W4316194050
https://openalex.org/W4317514616
https://openalex.org/W4318481134
https://openalex.org/W4321162531
https://openalex.org/W4321480340
https://openalex.org/W4321593950
https://openalex.org/W4321770581
https://openalex.org/W4322719834
https://openalex.org/W4323666861
https://openalex.org/W4362614114
https://openalex.org/W4362624550
https://openalex.org/W4366343083
https://openalex.org/W4366957370
https://openalex.org/W4367320526
https://openalex.org/W4368371450
https://openalex.org/W4375827238
https://openalex.org/W4376272488
https://openalex.org/W4376875963
https://openalex.org/W4377694255
https://openalex.org/W4378085307
https://openalex.org/W4378782726
https://openalex.org/W4378904330
https://openalex.org/W4379508256
https://openalex.org/W4379618874
https://openalex.org/W4379800935
https://openalex.org/W4380448348
https://openalex.org/W4380592288
https://openalex.org/W4380625928
https://openalex.org/W4380906332
https://openalex.org/W4381094009
https://openalex.org/W4381795773
https://openalex.org/W4384160708
https://openalex.org/W4384297349
https://openalex.org/W4385142991
https://openalex.org/W4385349105
https://openalex.org/W4385415546
https://openalex.org/W4385567164
https://openalex.org/W4385569006
https://openalex.org/W4385680732
https://openalex.org/W4385798104
https://openalex.org/W4385814246
https://openalex.org/W4385988847
https://openalex.org/W4385997232
https://openalex.org/W4386016671
https://openalex.org/W4386160116
https://openalex.org/W4386199468
https://openalex.org/W4386205064
https://openalex.org/W4386228516
https://openalex.org/W4386337207
https://openalex.org/W4386624289
https://openalex.org/W4386813677
https://openalex.org/W4386838455
https://openalex.org/W4386929165
https://openalex.org/W4387332230
https://openalex.org/W4387371853
https://openalex.org/W4387442542
https://openalex.org/W4387592048
https://openalex.org/W4387758247
https://openalex.org/W4387949085
https://openalex.org/W4387956028
https://openalex.org/W4387973879
https://openalex.org/W4388107979
https://openalex.org/W4388108926
https://openalex.org/W4388128926
https://openalex.org/W4388340767
https://openalex.org/W4388489780
https://openalex.org/W4388563178
https://openalex.org/W4388669139
https://openalex.org/W4388769439
https://openalex.org/W4388869737
https://openalex.org/W4389065311
https://openalex.org/W4389241845
https://openalex.org/W4389266381
https://openalex.org/W4389325285
https://openalex.org/W4389491921
https://openalex.org/W4389506682
https://openalex.org/W4389544070
https://openalex.org/W4389608802
https://openalex.org/W4389731502
https://openalex.org/W4389735683
https://openalex.org/W4390174974
https://openalex.org/W4390188464
https://openalex.org/W4390236292
https://openalex.org/W4390271579
https://openalex.org/W4390872160
https://openalex.org/W4391558113
https://openalex.org/W4391639414
https://openalex.org/W4391699431
https://openalex.org/W4392175511
https://openalex.org/W4392315581
https://openalex.org/W4392689419
https://openalex.org/W4392700476
https://openalex.org/W4393630769
https://openalex.org/W4393838256
https://openalex.org/W4394260365
https://openalex.org/W4394282301
https://openalex.org/W4394307973
https://openalex.org/W4394345134
https://openalex.org/W4394408378
https://openalex.org/W1965632281
https://openalex.org/W1974273062
https://openalex.org/W2033861350
https://openalex.org/W2047191756
https://openalex.org/W2066808674
https://openalex.org/W2076572779
https://openalex.org/W2085310328
https://openalex.org/W2474801379
https://openalex.org/W2026938862
https://openalex.org/W2076164565
https://openalex.org/W4243324219
https://openalex.org/W2024223208
https://openalex.org/W2059932139
https://openalex.org/W378856564
https://openalex.org/W1510017321
https://openalex.org/W1578845146
https://openalex.org/W189535741
https://openalex.org/W1983914137
https://openalex.org/W2049626432
https://openalex.org/W2115564393
https://openalex.org/W2604136069
https://openalex.org/W2725510322
https://openalex.org/W2740015898
https://openalex.org/W2747766045
https://openalex.org/W2751819164
https://openalex.org/W2770410101
https://openalex.org/W1594203507
https://openalex.org/W2048577971
https://openalex.org/W2070122343
https://openalex.org/W2075099526
https://openalex.org/W2110511815
https://openalex.org/W2620687802
https://openalex.org/W2065550685
https://openalex.org/W2089968233
https://openalex.org/W263064590
https://openalex.org/W4255322906
https://openalex.org/W110031808
https://openalex.org/W2116318017
https://openalex.org/W1973842079
https://openalex.org/W2055005760
https://openalex.org/W2092243483
https://openalex.org/W2399863319
https://openalex.org/W2415447281
https://openalex.org/W2419492509
https://openalex.org/W2469108299
https://openalex.org/W2475036153
https://openalex.org/W2757591063
https://openalex.org/W2791593168
https://openalex.org/W2810169368
https://openalex.org/W2885073735
https://openalex.org/W2895092061
https://openalex.org/W2903161423
https://openalex.org/W2904169010
https://openalex.org/W2908046953
https://openalex.org/W2910437210
https://openalex.org/W2913355953
https://openalex.org/W2946272121
https://openalex.org/W2947882618
https://openalex.org/W2952567457
https://openalex.org/W2969387449
https://openalex.org/W2970039507
https://openalex.org/W2982496149
https://openalex.org/W2983630915
https://openalex.org/W2999513624
https://openalex.org/W3009442275
https://openalex.org/W3010692951
https://openalex.org/W3012025589
https://openalex.org/W3022726452
https://openalex.org/W3030924486
https://openalex.org/W3031443702
https://openalex.org/W3042115175
https://openalex.org/W3084310878
https://openalex.org/W3095392753
https://openalex.org/W3120509893
https://openalex.org/W3122042801
https://openalex.org/W3135785533
https://openalex.org/W3149688470
https://openalex.org/W3168027291
https://openalex.org/W3180407679
https://openalex.org/W3196659211
https://openalex.org/W3210064810
https://openalex.org/W3215328317
https://openalex.org/W4200258671
https://openalex.org/W4230168549
https://openalex.org/W4237021532
https://openalex.org/W4238394938
https://openalex.org/W4243728273
https://openalex.org/W4301056370
https://openalex.org/W2214388940
https://openalex.org/W2274512748
https://openalex.org/W2482513587
https://openalex.org/W2507858922
https://openalex.org/W2517785912
https://openalex.org/W2531674890
https://openalex.org/W2554735732
https://openalex.org/W3176972223
https://openalex.org/W3194119721
https://openalex.org/W4214526492
https://openalex.org/W4220760938
https://openalex.org/W4220817820
https://openalex.org/W4220988574
https://openalex.org/W4229454842
https://openalex.org/W4281641899
https://openalex.org/W4283030453
https://openalex.org/W4283204699
https://openalex.org/W4285076880
https://openalex.org/W4289597982
https://openalex.org/W4292255688
https://openalex.org/W4292511124
https://openalex.org/W4292867186
https://openalex.org/W4294094035
https://openalex.org/W4297435512
https://openalex.org/W4297994652
https://openalex.org/W4306722645
https://openalex.org/W4308625495
https://openalex.org/W4309284826
https://openalex.org/W4309512914
https://openalex.org/W4309667342
https://openalex.org/W4311025043
https://openalex.org/W4311684390
https://openalex.org/W4312018309
https://openalex.org/W4312379465
https://openalex.org/W4313174067
https://openalex.org/W4313231557
https://openalex.org/W2079962915
https://openalex.org/W38455029
https://openalex.org/W2006058477
https://openalex.org/W2158027034
https://openalex.org/W2407717482
https://openalex.org/W2479045912
https://openalex.org/W142206970
https://openalex.org/W2014832972
https://openalex.org/W2042623475
https://openalex.org/W2052242419
https://openalex.org/W2058250505
https://openalex.org/W2143400263
https://openalex.org/W2162728301
https://openalex.org/W52694415
https://openalex.org/W1183296457
https://openalex.org/W2225161739
https://openalex.org/W2462724248
https://openalex.org/W2571335889
https://openalex.org/W1136757268
https://openalex.org/W1453912282
https://openalex.org/W1600893449
https://openalex.org/W166521164
https://openalex.org/W1691291970
https://openalex.org/W1789546682
https://openalex.org/W186423219
https://openalex.org/W1914887402
https://openalex.org/W1992696072
https://openalex.org/W2037500593
https://openalex.org/W2051560055
https://openalex.org/W2101525417
https://openalex.org/W2121145302
https://openalex.org/W2128998661
https://openalex.org/W2149575213
https://openalex.org/W2149960788
https://openalex.org/W2191601390
https://openalex.org/W2197361274
https://openalex.org/W2218244964
https://openalex.org/W2275549410
https://openalex.org/W2315190517
https://openalex.org/W2321175610
https://openalex.org/W2324385132
https://openalex.org/W2325643944
https://openalex.org/W2328957837
https://openalex.org/W2413749025
https://openalex.org/W2414778606
https://openalex.org/W2471272786
https://openalex.org/W2509820965
https://openalex.org/W2510415845
https://openalex.org/W2953003228
https://openalex.org/W3208964302
https://openalex.org/W4241007042
https://openalex.org/W4249130355
https://openalex.org/W4295837592
https://openalex.org/W4306790139
https://openalex.org/W1968992212
https://openalex.org/W2016766498
https://openalex.org/W2022970054
https://openalex.org/W2029737165
https://openalex.org/W2335302609
https://openalex.org/W2411121511
https://openalex.org/W2417120172
https://openalex.org/W2017649472
https://openalex.org/W2041936229
https://openalex.org/W2399124724
https://openalex.org/W2412431641
https://openalex.org/W2417309010
https://openalex.org/W2479094834
https://openalex.org/W1817000144
https://openalex.org/W2020019065
https://openalex.org/W2039974235
https://openalex.org/W2055350265
https://openalex.org/W2063642994
https://openalex.org/W2324483084
https://openalex.org/W2327726292
https://openalex.org/W2953353178
https://openalex.org/W1191343946
https://openalex.org/W1980511081
https://openalex.org/W1991409221
https://openalex.org/W1998335677
https://openalex.org/W2003454177
https://openalex.org/W2014745728
https://openalex.org/W2031352346
https://openalex.org/W2052594296
https://openalex.org/W2318876676
https://openalex.org/W2327849088
https://openalex.org/W2401831758
https://openalex.org/W2402388657
https://openalex.org/W2432660842
https://openalex.org/W2618000059
https://openalex.org/W2623144061
https://openalex.org/W2741888288
https://openalex.org/W2765936951
https://openalex.org/W2768508287
https://openalex.org/W2991031514
https://openalex.org/W4247546706
https://openalex.org/W4255529962
https://openalex.org/W4321151814
https://openalex.org/W150929964
https://openalex.org/W2061068759
https://openalex.org/W2073487900
https://openalex.org/W2075756642
https://openalex.org/W2398987831
https://openalex.org/W2408871928
https://openalex.org/W2463316668
https://openalex.org/W2014549059
https://openalex.org/W2131657839
https://openalex.org/W2137076568
https://openalex.org/W2180215814
https://openalex.org/W2325516963
https://openalex.org/W2503552241
https://openalex.org/W2562297753
https://openalex.org/W2599859778
https://openalex.org/W2005204340
https://openalex.org/W2048027430
https://openalex.org/W2015211302
https://openalex.org/W2187075417
https://openalex.org/W2403358646
https://openalex.org/W2413909598
https://openalex.org/W2625262101
https://openalex.org/W2767356122
https://openalex.org/W2792121069
https://openalex.org/W2793287148
https://openalex.org/W2794049230
https://openalex.org/W2806617613
https://openalex.org/W2887142488
https://openalex.org/W2887370319
https://openalex.org/W2889916837
https://openalex.org/W2890625241
https://openalex.org/W2898764573
https://openalex.org/W2903820399
https://openalex.org/W2907457987
https://openalex.org/W2935991823
https://openalex.org/W2948821049
https://openalex.org/W3211841680
https://openalex.org/W4229910346
https://openalex.org/W4241356199
https://openalex.org/W4248888164
https://openalex.org/W647434547
https://openalex.org/W1445890799
https://openalex.org/W2809728080
https://openalex.org/W2044667117
https://openalex.org/W2416789449
https://openalex.org/W2474884695
https://openalex.org/W623780530
https://openalex.org/W2404500078
https://openalex.org/W131128205
https://openalex.org/W1526919054
https://openalex.org/W1965712040
https://openalex.org/W2069658556
https://openalex.org/W2354891259
https://openalex.org/W2519626896
https://openalex.org/W2935071115
https://openalex.org/W2947714630
https://openalex.org/W2949831363
https://openalex.org/W2953117050
https://openalex.org/W2955925471
https://openalex.org/W2970382356
https://openalex.org/W2984351213
https://openalex.org/W2990613306
https://openalex.org/W2990886063
https://openalex.org/W2990899404
https://openalex.org/W2996123683
https://openalex.org/W3003877526
https://openalex.org/W3009314126
https://openalex.org/W3011000333
https://openalex.org/W3015185447
https://openalex.org/W3039732950
https://openalex.org/W3082425158
https://openalex.org/W3112630223
https://openalex.org/W3160033584
https://openalex.org/W3197320845
https://openalex.org/W4236699603
https://openalex.org/W1511987539
https://openalex.org/W1916011816
https://openalex.org/W1964029483
https://openalex.org/W1982660901
https://openalex.org/W2114708874
https://openalex.org/W2312507737
https://openalex.org/W2413233706
https://openalex.org/W2419172568
https://openalex.org/W2469625727
https://openalex.org/W280106803
https://openalex.org/W1232956238
https://openalex.org/W1970335550
https://openalex.org/W2063433542
https://openalex.org/W2080692521
https://openalex.org/W2092887106
https://openalex.org/W2124714005
https://openalex.org/W2407582721
https://openalex.org/W2411777335
https://openalex.org/W1009099071
https://openalex.org/W1992227379
https://openalex.org/W2530134833
https://openalex.org/W3081358307
https://openalex.org/W3091545729
https://openalex.org/W3122851013
https://openalex.org/W3127315303
https://openalex.org/W3127917317
https://openalex.org/W3128721215
https://openalex.org/W3133737443
https://openalex.org/W3165595798
https://openalex.org/W3174548906
https://openalex.org/W3174623591
https://openalex.org/W3177308623
https://openalex.org/W3179389987
https://openalex.org/W3182904011
https://openalex.org/W3184487412
https://openalex.org/W3186257423
https://openalex.org/W3198075786
https://openalex.org/W3199076316
https://openalex.org/W3199797873
https://openalex.org/W3201262860
https://openalex.org/W3202737749
https://openalex.org/W3205238027
https://openalex.org/W3216454053
https://openalex.org/W4237264623
https://openalex.org/W4247068860
https://openalex.org/W4252733177
https://openalex.org/W4286973458
https://openalex.org/W2043145820
https://openalex.org/W3047554835
https://openalex.org/W2021213520
https://openalex.org/W2029488394
https://openalex.org/W2039927834
https://openalex.org/W2040216521
https://openalex.org/W2329311657
https://openalex.org/W2407239310
https://openalex.org/W2416635505
https://openalex.org/W1438893962
https://openalex.org/W1972057135
https://openalex.org/W1978984584
https://openalex.org/W2010053256
https://openalex.org/W2049967016
https://openalex.org/W2080554450
https://openalex.org/W2222019326
https://openalex.org/W2264923236
https://openalex.org/W1990913544
https://openalex.org/W2008843424
https://openalex.org/W2111332876
https://openalex.org/W2214964033
https://openalex.org/W2410956600
https://openalex.org/W2413546598
https://openalex.org/W260842037
https://openalex.org/W2795780692
https://openalex.org/W787363211
https://openalex.org/W795352087
https://openalex.org/W796289945
https://openalex.org/W2335747529
https://openalex.org/W2424979874
https://openalex.org/W3090056278
https://openalex.org/W3090460744
https://openalex.org/W3090581177
https://openalex.org/W3090686102
https://openalex.org/W180489574
https://openalex.org/W2032811243
https://openalex.org/W2043248965
https://openalex.org/W2046938398
https://openalex.org/W2091259454
https://openalex.org/W2112134508
https://openalex.org/W2135769975
https://openalex.org/W2325541371
https://openalex.org/W2409690071
https://openalex.org/W2433439133
https://openalex.org/W249389131
https://openalex.org/W2594515056
https://openalex.org/W2811055736
https://openalex.org/W1601211124
https://openalex.org/W2004878966
https://openalex.org/W2075523992
https://openalex.org/W2089899683
https://openalex.org/W2128869920
https://openalex.org/W2163879457
https://openalex.org/W2355984410
https://openalex.org/W2463101455
https://openalex.org/W2471753423
https://openalex.org/W1008842212
https://openalex.org/W1098979989
https://openalex.org/W1170242819
https://openalex.org/W138401450
https://openalex.org/W1772725425
https://openalex.org/W1803390585
https://openalex.org/W1934621411
https://openalex.org/W1958611015
https://openalex.org/W1983921826
https://openalex.org/W1990014331
https://openalex.org/W2005333708
https://openalex.org/W2017301992
https://openalex.org/W2045265283
https://openalex.org/W2047768190
https://openalex.org/W2054033269
https://openalex.org/W2078872946
https://openalex.org/W2092701265
https://openalex.org/W2127854157
https://openalex.org/W2135959480
https://openalex.org/W2139568680
https://openalex.org/W2148043389
https://openalex.org/W2164105637
https://openalex.org/W2165469354
https://openalex.org/W2169184475
https://openalex.org/W2181552076
https://openalex.org/W2206945752
https://openalex.org/W2211071131
https://openalex.org/W2219854584
https://openalex.org/W2225454782
https://openalex.org/W2229495774
https://openalex.org/W2245865701
https://openalex.org/W2253406986
https://openalex.org/W2262743531
https://openalex.org/W2316313019
https://openalex.org/W2319799218
https://openalex.org/W2322813068
https://openalex.org/W2323097632
https://openalex.org/W2324013957
https://openalex.org/W2325947128
https://openalex.org/W2328215226
https://openalex.org/W2329636872
https://openalex.org/W2331333196
https://openalex.org/W2332433422
https://openalex.org/W2334655358
https://openalex.org/W2334817920
https://openalex.org/W2335597078
https://openalex.org/W2338792452
https://openalex.org/W2341015920
https://openalex.org/W2380725037
https://openalex.org/W2407467888
https://openalex.org/W2411398681
https://openalex.org/W2413275988
https://openalex.org/W2414274526
https://openalex.org/W2414856237
https://openalex.org/W2418545589
https://openalex.org/W2424617133
https://openalex.org/W2426406195
https://openalex.org/W2471748697
https://openalex.org/W2474324805
https://openalex.org/W2479157953
https://openalex.org/W2480132298
https://openalex.org/W2480479870
https://openalex.org/W2481161524
https://openalex.org/W2487089082
https://openalex.org/W2489060533
https://openalex.org/W2489203647
https://openalex.org/W2489471785
https://openalex.org/W2495481932
https://openalex.org/W2496362599
https://openalex.org/W2496797606
https://openalex.org/W2501024109
https://openalex.org/W2504660805
https://openalex.org/W2518015183
https://openalex.org/W2520949895
https://openalex.org/W2527051373
https://openalex.org/W2527732261
https://openalex.org/W2530042678
https://openalex.org/W2530217314
https://openalex.org/W2530295527
https://openalex.org/W2531140344
https://openalex.org/W2531192787
https://openalex.org/W2531303238
https://openalex.org/W2531654146
https://openalex.org/W2559038526
https://openalex.org/W2566179444
https://openalex.org/W2567214231
https://openalex.org/W2581181022
https://openalex.org/W2588596781
https://openalex.org/W2588866392
https://openalex.org/W2589568756
https://openalex.org/W2591965239
https://openalex.org/W2595444075
https://openalex.org/W2611374300
https://openalex.org/W2611404472
https://openalex.org/W2612161508
https://openalex.org/W2612273104
https://openalex.org/W2653416610
https://openalex.org/W2667454949
https://openalex.org/W2667543978
https://openalex.org/W2676458945
https://openalex.org/W2734383242
https://openalex.org/W2742179730
https://openalex.org/W2743235110
https://openalex.org/W2743264593
https://openalex.org/W2744489153
https://openalex.org/W2745597090
https://openalex.org/W2747995041
https://openalex.org/W2748033132
https://openalex.org/W2748192198
https://openalex.org/W2749118857
https://openalex.org/W2749195288
https://openalex.org/W2749383449
https://openalex.org/W2750441755
https://openalex.org/W2751622051
https://openalex.org/W2753594902
https://openalex.org/W2771802004
https://openalex.org/W2783456253
https://openalex.org/W2794773182
https://openalex.org/W2802857598
https://openalex.org/W2805060716
https://openalex.org/W2899705073
https://openalex.org/W2901351173
https://openalex.org/W2945078905
https://openalex.org/W2949724030
https://openalex.org/W2950684891
https://openalex.org/W2952530720
https://openalex.org/W2953012356
https://openalex.org/W2961850654
https://openalex.org/W2979901017
https://openalex.org/W2991532427
https://openalex.org/W2995580404
https://openalex.org/W3023748487
https://openalex.org/W3028805612
https://openalex.org/W3029984911
https://openalex.org/W3035349824
https://openalex.org/W3037439759
https://openalex.org/W3037543095
https://openalex.org/W3037766940
https://openalex.org/W3046368124
https://openalex.org/W3047380091
https://openalex.org/W3048586501
https://openalex.org/W3080549022
https://openalex.org/W3176401409
https://openalex.org/W3177707772
https://openalex.org/W3182426185
https://openalex.org/W3193314738
https://openalex.org/W3206832956
https://openalex.org/W3214873767
https://openalex.org/W3216581104
https://openalex.org/W4239005560
https://openalex.org/W4240488251
https://openalex.org/W4243534737
https://openalex.org/W4246611418
https://openalex.org/W4246750924
https://openalex.org/W4247410169
https://openalex.org/W4249845372
https://openalex.org/W4251742528
https://openalex.org/W4252473238
https://openalex.org/W4253201979
https://openalex.org/W4292658910
https://openalex.org/W4297455929
https://openalex.org/W4299867999
https://openalex.org/W4394199673
https://openalex.org/W4394269357
https://openalex.org/W793201029
https://openalex.org/W931156161
https://openalex.org/W1972470866
https://openalex.org/W2019664244
https://openalex.org/W2095042917
https://openalex.org/W2325728455
https://openalex.org/W2409419823
https://openalex.org/W2413072088
https://openalex.org/W2473216366
https://openalex.org/W4236585265
https://openalex.org/W1990501952
https://openalex.org/W2261245579
https://openalex.org/W2380224020
https://openalex.org/W2401205623
https://openalex.org/W1250690115
https://openalex.org/W1486706291
https://openalex.org/W1520354529
https://openalex.org/W1524294883
https://openalex.org/W1566801646
https://openalex.org/W1625182558
https://openalex.org/W167867050
https://openalex.org/W16831837
https://openalex.org/W1734491474
https://openalex.org/W182144306
https://openalex.org/W1821624370
https://openalex.org/W1841582526
https://openalex.org/W1964699045
https://openalex.org/W1991965726
https://openalex.org/W2001441675
https://openalex.org/W2024058163
https://openalex.org/W2031545273
https://openalex.org/W2045674793
https://openalex.org/W2056223202
https://openalex.org/W2057712017
https://openalex.org/W2075693445
https://openalex.org/W2079983480
https://openalex.org/W2083662838
https://openalex.org/W2091813539
https://openalex.org/W2101693908
https://openalex.org/W2108339042
https://openalex.org/W2128507092
https://openalex.org/W2137527188
https://openalex.org/W2147670742
https://openalex.org/W2149115162
https://openalex.org/W2168995040
https://openalex.org/W2171865939
https://openalex.org/W2232661483
https://openalex.org/W2235216455
https://openalex.org/W2261443989
https://openalex.org/W2282720871
https://openalex.org/W2285074247
https://openalex.org/W2314383678
https://openalex.org/W2315999790
https://openalex.org/W2320452921
https://openalex.org/W2320903858
https://openalex.org/W2321047392
https://openalex.org/W2324782991
https://openalex.org/W2326265205
https://openalex.org/W2326668320
https://openalex.org/W2330055112
https://openalex.org/W2333697905
https://openalex.org/W2334262964
https://openalex.org/W2335127250
https://openalex.org/W2335862584
https://openalex.org/W2352413517
https://openalex.org/W2352696344
https://openalex.org/W2353951425
https://openalex.org/W2355225949
https://openalex.org/W2368066339
https://openalex.org/W2374140952
https://openalex.org/W2374326314
https://openalex.org/W2380820893
https://openalex.org/W2385993554
https://openalex.org/W2387630143
https://openalex.org/W2387767516
https://openalex.org/W2387961642
https://openalex.org/W2391524501
https://openalex.org/W2399709412
https://openalex.org/W2409741800
https://openalex.org/W2410651459
https://openalex.org/W2415363715
https://openalex.org/W2437235617
https://openalex.org/W2443086582
https://openalex.org/W2460044401
https://openalex.org/W2475974204
https://openalex.org/W2598291050
https://openalex.org/W2621110865
https://openalex.org/W2621161901
https://openalex.org/W2621367608
https://openalex.org/W2637154965
https://openalex.org/W2709219018
https://openalex.org/W2741406030
https://openalex.org/W2750955663
https://openalex.org/W2781905707
https://openalex.org/W2787166539
https://openalex.org/W28133878
https://openalex.org/W2939472650
https://openalex.org/W2939514405
https://openalex.org/W2951470040
https://openalex.org/W2953585784
https://openalex.org/W2955075507
https://openalex.org/W2967434960
https://openalex.org/W2979036013
https://openalex.org/W2988225895
https://openalex.org/W2989841548
https://openalex.org/W3007320169
https://openalex.org/W3029694313
https://openalex.org/W3031101907
https://openalex.org/W3031838266
https://openalex.org/W3119929261
https://openalex.org/W3158879504
https://openalex.org/W3163132271
https://openalex.org/W3179042143
https://openalex.org/W320292105
https://openalex.org/W4235293467
https://openalex.org/W4246799273
https://openalex.org/W4251218775
https://openalex.org/W4251350633
https://openalex.org/W4299419830
https://openalex.org/W4394088303
https://openalex.org/W613205979
https://openalex.org/W2016297523
https://openalex.org/W2326223341
https://openalex.org/W2400306453
https://openalex.org/W2950234064
https://openalex.org/W868111961
https://openalex.org/W108673578
https://openalex.org/W1447124076
https://openalex.org/W1771764227
https://openalex.org/W2008866751
https://openalex.org/W2044579626
https://openalex.org/W2059984951
https://openalex.org/W2116753030
https://openalex.org/W2323132846
https://openalex.org/W2324692498
https://openalex.org/W23315789
https://openalex.org/W2407116608
https://openalex.org/W2409096204
https://openalex.org/W2417559343
https://openalex.org/W2423856860
https://openalex.org/W2429823640
https://openalex.org/W2567468416
https://openalex.org/W2925108235
https://openalex.org/W764144338
https://openalex.org/W103582104
https://openalex.org/W1438560189
https://openalex.org/W1994005552
https://openalex.org/W2016364068
https://openalex.org/W2023308580
https://openalex.org/W2057182226
https://openalex.org/W2061152964
https://openalex.org/W2081381432
https://openalex.org/W2184939710
https://openalex.org/W2240306366
https://openalex.org/W2317324369
https://openalex.org/W2332626279
https://openalex.org/W2333622185
https://openalex.org/W2339392286
https://openalex.org/W2348687874
https://openalex.org/W2353921104
https://openalex.org/W2373408729
https://openalex.org/W2376154132
https://openalex.org/W2381406593
https://openalex.org/W2396432462
https://openalex.org/W2402422988
https://openalex.org/W2405709773
https://openalex.org/W2406149618
https://openalex.org/W2407515878
https://openalex.org/W2410726769
https://openalex.org/W2411913094
https://openalex.org/W2412346064
https://openalex.org/W2428076141
https://openalex.org/W2460263952
https://openalex.org/W2463965885
https://openalex.org/W2576385023
https://openalex.org/W2583692271
https://openalex.org/W2586203849
https://openalex.org/W2587955179
https://openalex.org/W2595973683
https://openalex.org/W2602177355
https://openalex.org/W2602595270
https://openalex.org/W2606674954
https://openalex.org/W2608576018
https://openalex.org/W2612961126
https://openalex.org/W2617206300
https://openalex.org/W2619960303
https://openalex.org/W2625001677
https://openalex.org/W2628495087
https://openalex.org/W2706817971
https://openalex.org/W2739158454
https://openalex.org/W2741452013
https://openalex.org/W2742361149
https://openalex.org/W2744346900
https://openalex.org/W2744425292
https://openalex.org/W2745204611
https://openalex.org/W2747643165
https://openalex.org/W2752424406
https://openalex.org/W2759070758
https://openalex.org/W2766181685
https://openalex.org/W2769484972
https://openalex.org/W2773686937
https://openalex.org/W2784662530
https://openalex.org/W2822865455
https://openalex.org/W3029582799
https://openalex.org/W3033529111
https://openalex.org/W3042239126
https://openalex.org/W3043786544
https://openalex.org/W3109842333
https://openalex.org/W3117770601
https://openalex.org/W3157133525
https://openalex.org/W3165922749
https://openalex.org/W4210485926
https://openalex.org/W4240170446
https://openalex.org/W4241979116
https://openalex.org/W4255732596
https://openalex.org/W4299548697
https://openalex.org/W4302382615
https://openalex.org/W4389499450
https://openalex.org/W48055094
https://openalex.org/W1562554599
https://openalex.org/W1999828453
https://openalex.org/W2323028929
https://openalex.org/W2566176550
https://openalex.org/W2992749949
https://openalex.org/W80751185
https://openalex.org/W92583246
https://openalex.org/W1027057129
https://openalex.org/W121090795
https://openalex.org/W1278438397
https://openalex.org/W134685917
https://openalex.org/W1536866395
https://openalex.org/W1819863171
https://openalex.org/W191811232
https://openalex.org/W1975175603
https://openalex.org/W1993926710
https://openalex.org/W2006139047
https://openalex.org/W2006638215
https://openalex.org/W2012043725
https://openalex.org/W2025409155
https://openalex.org/W2031158817
https://openalex.org/W2038932669
https://openalex.org/W2040411927
https://openalex.org/W2045545497
https://openalex.org/W2051473538
https://openalex.org/W2070547006
https://openalex.org/W2076685772
https://openalex.org/W2081027107
https://openalex.org/W2103020274
https://openalex.org/W2112563393
https://openalex.org/W2132375998
https://openalex.org/W2207082089
https://openalex.org/W2219830328
https://openalex.org/W2221112886
https://openalex.org/W2223922833
https://openalex.org/W2231992897
https://openalex.org/W2237229660
https://openalex.org/W2254640973
https://openalex.org/W2279594959
https://openalex.org/W2287361026
https://openalex.org/W2292963986
https://openalex.org/W2314165364
https://openalex.org/W2333970748
https://openalex.org/W2347815073
https://openalex.org/W2348962755
https://openalex.org/W2360356264
https://openalex.org/W2360357828
https://openalex.org/W2362364233
https://openalex.org/W2365873270
https://openalex.org/W2366495600
https://openalex.org/W2377589792
https://openalex.org/W2380020033
https://openalex.org/W2383132990
https://openalex.org/W2396796681
https://openalex.org/W2397001388
https://openalex.org/W2397302031
https://openalex.org/W2403004867
https://openalex.org/W2410459366
https://openalex.org/W2411986530
https://openalex.org/W2417245060
https://openalex.org/W2417962073
https://openalex.org/W2421841085
https://openalex.org/W2429249669
https://openalex.org/W2439355782
https://openalex.org/W2465555140
https://openalex.org/W2469251859
https://openalex.org/W2530761440
https://openalex.org/W2531642880
https://openalex.org/W2588546439
https://openalex.org/W2590933432
https://openalex.org/W2600221482
https://openalex.org/W2603190760
https://openalex.org/W2616674971
https://openalex.org/W2742931769
https://openalex.org/W2749365846
https://openalex.org/W2749549615
https://openalex.org/W2755099513
https://openalex.org/W2755664701
https://openalex.org/W2791751463
https://openalex.org/W2889673989
https://openalex.org/W2894145933
https://openalex.org/W2903318227
https://openalex.org/W2921314774
https://openalex.org/W3026972397
https://openalex.org/W3027339704
https://openalex.org/W3112436074
https://openalex.org/W3161213905
https://openalex.org/W3212183801
https://openalex.org/W4200253421
https://openalex.org/W4205343213
https://openalex.org/W4206207450
https://openalex.org/W4210606053
https://openalex.org/W4220717297
https://openalex.org/W4220771283
https://openalex.org/W4223959267
https://openalex.org/W4224078520
https://openalex.org/W4225247483
https://openalex.org/W4225261451
https://openalex.org/W4225930624
https://openalex.org/W4226156324
https://openalex.org/W4229057546
https://openalex.org/W4280635153
https://openalex.org/W4281630831
https://openalex.org/W4281653546
https://openalex.org/W4282975438
https://openalex.org/W4283020711
https://openalex.org/W4283022283
https://openalex.org/W4283066227
https://openalex.org/W4283793916
https://openalex.org/W4284884661
https://openalex.org/W4285044361
https://openalex.org/W4285295636
https://openalex.org/W4285811906
https://openalex.org/W4286588244
https://openalex.org/W4289519924
https://openalex.org/W4290802354
https://openalex.org/W4291003346
https://openalex.org/W4291003377
https://openalex.org/W4291006685
https://openalex.org/W4293207571
https://openalex.org/W4293902061
https://openalex.org/W4294750766
https://openalex.org/W4295278890
https://openalex.org/W4295981996
https://openalex.org/W4296092785
https://openalex.org/W4297229346
https://openalex.org/W4298369909
https://openalex.org/W4301520621
https://openalex.org/W4302284152
https://openalex.org/W4306787365
https://openalex.org/W4306788118
https://openalex.org/W4307743987
https://openalex.org/W4309132191
https://openalex.org/W4309498849
https://openalex.org/W4309498850
https://openalex.org/W4309530209
https://openalex.org/W4309759751
https://openalex.org/W4311218654
https://openalex.org/W4312297235
https://openalex.org/W4312363159
https://openalex.org/W4312427215
https://openalex.org/W4312853191
https://openalex.org/W4312945677
https://openalex.org/W4313293505
https://openalex.org/W4313296285
https://openalex.org/W4313353076
https://openalex.org/W4313428890
https://openalex.org/W4320025256
https://openalex.org/W4323021564
https://openalex.org/W4367148702
https://openalex.org/W4376465572
https://openalex.org/W4385300643
https://openalex.org/W4392844544
https://openalex.org/W4394481300
https://openalex.org/W48082208
https://openalex.org/W608776716
https://openalex.org/W196290039
https://openalex.org/W1969336182
https://openalex.org/W2008074802
https://openalex.org/W2322776646
https://openalex.org/W2323396083
https://openalex.org/W2331891839
https://openalex.org/W2406742252
https://openalex.org/W4241274277
https://openalex.org/W4249082138
https://openalex.org/W982599408
https://openalex.org/W1157779965
https://openalex.org/W1516861168
https://openalex.org/W1811226359
https://openalex.org/W1975227115
https://openalex.org/W2002190016
https://openalex.org/W2002429433
https://openalex.org/W2004003772
https://openalex.org/W2025534463
https://openalex.org/W2117628681
https://openalex.org/W2119226833
https://openalex.org/W2177845356
https://openalex.org/W2354096444
https://openalex.org/W2363458812
https://openalex.org/W2364776719
https://openalex.org/W2370606209
https://openalex.org/W2371903718
https://openalex.org/W2391802291
https://openalex.org/W2395423163
https://openalex.org/W2400477655
https://openalex.org/W2401449230
https://openalex.org/W2405176880
https://openalex.org/W2406411865
https://openalex.org/W2409668775
https://openalex.org/W2409729231
https://openalex.org/W2411406540
https://openalex.org/W2411677200
https://openalex.org/W2411904353
https://openalex.org/W2414913473
https://openalex.org/W2417802778
https://openalex.org/W2493289792
https://openalex.org/W2604780012
https://openalex.org/W2620753821
https://openalex.org/W2791575932
https://openalex.org/W2792509486
https://openalex.org/W2793844456
https://openalex.org/W2795391214
https://openalex.org/W2795524197
https://openalex.org/W2795747813
https://openalex.org/W2796451333
https://openalex.org/W2799636223
https://openalex.org/W2804187774
https://openalex.org/W2804919036
https://openalex.org/W2805565721
https://openalex.org/W2805858702
https://openalex.org/W2806090686
https://openalex.org/W2806407753
https://openalex.org/W2808895221
https://openalex.org/W2810294173
https://openalex.org/W2863294010
https://openalex.org/W2883505413
https://openalex.org/W2887956427
https://openalex.org/W2891007340
https://openalex.org/W2891550941
https://openalex.org/W2892523311
https://openalex.org/W2892990417
https://openalex.org/W2897803708
https://openalex.org/W2898569214
https://openalex.org/W2900798417
https://openalex.org/W2900973565
https://openalex.org/W2903410303
https://openalex.org/W2908214591
https://openalex.org/W2931254596
https://openalex.org/W2942455465
https://openalex.org/W2947033935
https://openalex.org/W2962436570
https://openalex.org/W2976368447
https://openalex.org/W2981847137
https://openalex.org/W2991222715
https://openalex.org/W2998336063
https://openalex.org/W3006580041
https://openalex.org/W3021208324
https://openalex.org/W3031163306
https://openalex.org/W3034653438
https://openalex.org/W3045129746
https://openalex.org/W3089243242
https://openalex.org/W3161148392
https://openalex.org/W3166348516
https://openalex.org/W3171313328
https://openalex.org/W3180362014
https://openalex.org/W3184512035
https://openalex.org/W3184829570
https://openalex.org/W3188289053
https://openalex.org/W3210389949
https://openalex.org/W367604699
https://openalex.org/W4206705314
https://openalex.org/W4229913505
https://openalex.org/W4229964820
https://openalex.org/W4230300521
https://openalex.org/W4230587977
https://openalex.org/W4231954621
https://openalex.org/W4232908570
https://openalex.org/W4233994840
https://openalex.org/W4234984247
https://openalex.org/W4236688801
https://openalex.org/W4241002137
https://openalex.org/W4241860054
https://openalex.org/W4245452638
https://openalex.org/W4247595794
https://openalex.org/W4249795185
https://openalex.org/W4251678719
https://openalex.org/W4287977031
https://openalex.org/W4288298362
https://openalex.org/W4289236688
https://openalex.org/W4297849511
https://openalex.org/W4298022065
https://openalex.org/W4298491262
https://openalex.org/W4300445999
https://openalex.org/W4302386886
https://openalex.org/W4322706512
https://openalex.org/W4394068533
https://openalex.org/W4394390775
https://openalex.org/W4394419411
https://openalex.org/W4394435865
https://openalex.org/W4394455249
https://openalex.org/W4394537480
https://openalex.org/W1498732548
https://openalex.org/W1972440151
https://openalex.org/W1979519418
https://openalex.org/W1991080916
https://openalex.org/W1991355367
https://openalex.org/W2014025614
https://openalex.org/W2017990433
https://openalex.org/W204546146
https://openalex.org/W2063944865
https://openalex.org/W2078381061
https://openalex.org/W2154925601
https://openalex.org/W2160526088
https://openalex.org/W2287504567
https://openalex.org/W2323202595
https://openalex.org/W2408375616
https://openalex.org/W2409292875
https://openalex.org/W2410802856
https://openalex.org/W2412015233
https://openalex.org/W2413434357
https://openalex.org/W2414951870
https://openalex.org/W2417438729
https://openalex.org/W2417666341
https://openalex.org/W2460805243
https://openalex.org/W2466245146
https://openalex.org/W2472637437
https://openalex.org/W2474705775
https://openalex.org/W2499095763
https://openalex.org/W2565034464
https://openalex.org/W2782980261
https://openalex.org/W2921465717
https://openalex.org/W315823313
https://openalex.org/W4241092049
https://openalex.org/W99582762
https://openalex.org/W10370764
https://openalex.org/W1514970292
https://openalex.org/W1540420300
https://openalex.org/W1628750644
https://openalex.org/W1998994746
https://openalex.org/W2016540639
https://openalex.org/W2041984499
https://openalex.org/W2051817336
https://openalex.org/W2091809761
https://openalex.org/W2092147607
https://openalex.org/W2093080032
https://openalex.org/W2129261414
https://openalex.org/W2254799901
https://openalex.org/W2259584227
https://openalex.org/W2266280243
https://openalex.org/W2329732076
https://openalex.org/W2331093721
https://openalex.org/W2334464274
https://openalex.org/W2351047614
https://openalex.org/W2352706512
https://openalex.org/W2358213017
https://openalex.org/W2374349776
https://openalex.org/W2385041625
https://openalex.org/W2395853045
https://openalex.org/W2409913552
https://openalex.org/W2420643634
https://openalex.org/W2423181410
https://openalex.org/W2433825089
https://openalex.org/W2551559921
https://openalex.org/W2566975194
https://openalex.org/W2589935074
https://openalex.org/W2599730599
https://openalex.org/W2605117757
https://openalex.org/W2621118195
https://openalex.org/W2626013943
https://openalex.org/W2744519810
https://openalex.org/W2745720454
https://openalex.org/W2950074875
https://openalex.org/W2950285891
https://openalex.org/W2952435537
https://openalex.org/W2991177107
https://openalex.org/W2999776371
https://openalex.org/W3003449429
https://openalex.org/W3006921550
https://openalex.org/W3011956892
https://openalex.org/W3013143600
https://openalex.org/W3017915094
https://openalex.org/W3017976522
https://openalex.org/W3018342424
https://openalex.org/W3018557156
https://openalex.org/W3020697076
https://openalex.org/W3021990767
https://openalex.org/W3023887544
https://openalex.org/W3024248246
https://openalex.org/W3025780080
https://openalex.org/W3026296425
https://openalex.org/W3026762490
https://openalex.org/W3027979107
https://openalex.org/W3028435093
https://openalex.org/W3033800091
https://openalex.org/W3034823447
https://openalex.org/W3039962345
https://openalex.org/W3041081991
https://openalex.org/W3041163015
https://openalex.org/W3087526299
https://openalex.org/W3090925327
https://openalex.org/W3092243939
https://openalex.org/W3094094879
https://openalex.org/W3107495880
https://openalex.org/W3109529964
https://openalex.org/W3128232649
https://openalex.org/W3166458852
https://openalex.org/W3183420726
https://openalex.org/W3184003326
https://openalex.org/W3184858285
https://openalex.org/W3198271547
https://openalex.org/W3199171288
https://openalex.org/W3199410906
https://openalex.org/W3215235926
https://openalex.org/W3217013527
https://openalex.org/W345232794
https://openalex.org/W4229903555
https://openalex.org/W4232024661
https://openalex.org/W4232666075
https://openalex.org/W4235321827
https://openalex.org/W4237570294
https://openalex.org/W4240677128
https://openalex.org/W4243835093
https://openalex.org/W4249922274
https://openalex.org/W4251817552
https://openalex.org/W4252967986
https://openalex.org/W4255793117
https://openalex.org/W4286610306
https://openalex.org/W4287775772
https://openalex.org/W4287778096
https://openalex.org/W4297916856
https://openalex.org/W4389830876
https://openalex.org/W4394207901
https://openalex.org/W141332997
https://openalex.org/W1976947078
https://openalex.org/W2058903777
https://openalex.org/W2321159092
https://openalex.org/W2329207388
https://openalex.org/W2399423261
https://openalex.org/W2400584077
https://openalex.org/W2620576708
https://openalex.org/W296814995
https://openalex.org/W577942974
https://openalex.org/W129870706
https://openalex.org/W1477615987
https://openalex.org/W1679777730
https://openalex.org/W169431868
https://openalex.org/W1800676759
https://openalex.org/W1823665486
https://openalex.org/W1915034613
https://openalex.org/W2015706544
https://openalex.org/W2040732687
https://openalex.org/W2086487244
https://openalex.org/W2167720598
https://openalex.org/W2273604297
https://openalex.org/W2320396485
https://openalex.org/W2322252030
https://openalex.org/W2335126381
https://openalex.org/W2348382735
https://openalex.org/W2356952159
https://openalex.org/W2372674277
https://openalex.org/W2379809511
https://openalex.org/W2397265370
https://openalex.org/W2397972017
https://openalex.org/W2398590668
https://openalex.org/W2403293805
https://openalex.org/W2407366102
https://openalex.org/W2407698164
https://openalex.org/W2410090674
https://openalex.org/W2410784898
https://openalex.org/W2413660049
https://openalex.org/W2415132416
https://openalex.org/W2416746512
https://openalex.org/W2440470445
https://openalex.org/W2465399845
https://openalex.org/W248775541
https://openalex.org/W2528790868
https://openalex.org/W2588621555
https://openalex.org/W2593756327
https://openalex.org/W2608364189
https://openalex.org/W2769934082
https://openalex.org/W2796209989
https://openalex.org/W2951797118
https://openalex.org/W2952150271
https://openalex.org/W2989725628
https://openalex.org/W2989971366
https://openalex.org/W2992120289
https://openalex.org/W309346885
https://openalex.org/W3157752355
https://openalex.org/W57490662
https://openalex.org/W757849730
https://openalex.org/W1163040899
https://openalex.org/W1186756658
https://openalex.org/W1416927108
https://openalex.org/W1972174299
https://openalex.org/W1983752057
https://openalex.org/W2016109265
https://openalex.org/W2031571057
https://openalex.org/W2046796538
https://openalex.org/W2074417106
https://openalex.org/W2146542005
https://openalex.org/W2313199211
https://openalex.org/W2313569088
https://openalex.org/W2315129941
https://openalex.org/W2315242290
https://openalex.org/W2315737264
https://openalex.org/W2320641778
https://openalex.org/W2320963251
https://openalex.org/W2322444973
https://openalex.org/W2324772607
https://openalex.org/W2330449230
https://openalex.org/W2332188993
https://openalex.org/W2332538187
https://openalex.org/W2334934201
https://openalex.org/W2351680586
https://openalex.org/W2384166987
https://openalex.org/W2396921676
https://openalex.org/W2412585206
https://openalex.org/W2413012255
https://openalex.org/W2428224140
https://openalex.org/W2461723725
https://openalex.org/W2621024110
https://openalex.org/W26391840
https://openalex.org/W2795559872
https://openalex.org/W2885416865
https://openalex.org/W2975496084
https://openalex.org/W2992722441
https://openalex.org/W3120397613
https://openalex.org/W3127267666
https://openalex.org/W3135425536
https://openalex.org/W3143321766
https://openalex.org/W3144304235
https://openalex.org/W3162801846
https://openalex.org/W3164060116
https://openalex.org/W3165883564
https://openalex.org/W3167850500
https://openalex.org/W3171696086
https://openalex.org/W3174245413
https://openalex.org/W3184265283
https://openalex.org/W3185626026
https://openalex.org/W3186099885
https://openalex.org/W3186552613
https://openalex.org/W3186793552
https://openalex.org/W3188200116
https://openalex.org/W3193586403
https://openalex.org/W3194103121
https://openalex.org/W3195546898
https://openalex.org/W3195896754
https://openalex.org/W3196278855
https://openalex.org/W3203803607
https://openalex.org/W3214174750
https://openalex.org/W3215822504
https://openalex.org/W4200015085
https://openalex.org/W4200026674
https://openalex.org/W4200041407
https://openalex.org/W4200067634
https://openalex.org/W4200078535
https://openalex.org/W4200300339
https://openalex.org/W4200509591
https://openalex.org/W4200557969
https://openalex.org/W4206024245
https://openalex.org/W4206350363
https://openalex.org/W4210750649
https://openalex.org/W4229569422
https://openalex.org/W4234551855
https://openalex.org/W4240566619
https://openalex.org/W4245666985
https://openalex.org/W4245832054
https://openalex.org/W4285332213
https://openalex.org/W4285332398
https://openalex.org/W4286850769
https://openalex.org/W4290802006
https://openalex.org/W4293054594
https://openalex.org/W4299286324
https://openalex.org/W4310486392
https://openalex.org/W4320801141
https://openalex.org/W4321258732
https://openalex.org/W4367159071
https://openalex.org/W799014133
https://openalex.org/W1528193236
https://openalex.org/W1617760400
https://openalex.org/W1991976337
https://openalex.org/W1994155094
https://openalex.org/W2048425312
https://openalex.org/W2070189936
https://openalex.org/W2079592521
https://openalex.org/W2087445961
https://openalex.org/W213110554
https://openalex.org/W2150584814
https://openalex.org/W2197882455
https://openalex.org/W2312468660
https://openalex.org/W2313959650
https://openalex.org/W2320775353
https://openalex.org/W2324661949
https://openalex.org/W2326476254
https://openalex.org/W2334848648
https://openalex.org/W2351067815
https://openalex.org/W2369053306
https://openalex.org/W2410683574
https://openalex.org/W2415925677
https://openalex.org/W2416511685
https://openalex.org/W2417047407
https://openalex.org/W2420274321
https://openalex.org/W2439875219
https://openalex.org/W2465016381
https://openalex.org/W2580072569
https://openalex.org/W2596904992
https://openalex.org/W2598181983
https://openalex.org/W2615262446
https://openalex.org/W2951472067
https://openalex.org/W2952290232
https://openalex.org/W2953338881
https://openalex.org/W2977287687
https://openalex.org/W3095747303
https://openalex.org/W310347381
https://openalex.org/W3144045842
https://openalex.org/W3182453755
https://openalex.org/W363312203
https://openalex.org/W4247957679
https://openalex.org/W637768602
https://openalex.org/W764244430
https://openalex.org/W782434693
https://openalex.org/W1891661036
https://openalex.org/W208192506
https://openalex.org/W2313512918
https://openalex.org/W2323298670
https://openalex.org/W2324756577
https://openalex.org/W2400595753
https://openalex.org/W2402399306
https://openalex.org/W2403960628
https://openalex.org/W2409321341
https://openalex.org/W2411459477
https://openalex.org/W2411940420
https://openalex.org/W2412970863
https://openalex.org/W2414088061
https://openalex.org/W2414770694
https://openalex.org/W2415157263
https://openalex.org/W2415872577
https://openalex.org/W2418477127
https://openalex.org/W246652726
https://openalex.org/W2560872534
https://openalex.org/W2562410562
https://openalex.org/W264603774
https://openalex.org/W2993184332
https://openalex.org/W4249253574
https://openalex.org/W4253452695
https://openalex.org/W75917670
https://openalex.org/W1171275386
https://openalex.org/W1273059196
https://openalex.org/W1419540997
https://openalex.org/W1444023698
https://openalex.org/W144855036
https://openalex.org/W1496803323
https://openalex.org/W1496903224
https://openalex.org/W1515695647
https://openalex.org/W1515809775
https://openalex.org/W1547508378
https://openalex.org/W1552222576
https://openalex.org/W1580955731
https://openalex.org/W1581577571
https://openalex.org/W1582048972
https://openalex.org/W159375204
https://openalex.org/W1598077167
https://openalex.org/W166253452
https://openalex.org/W168565135
https://openalex.org/W168869618
https://openalex.org/W179311511
https://openalex.org/W1821621914
https://openalex.org/W18505737
https://openalex.org/W1870685391
https://openalex.org/W1923681609
https://openalex.org/W1987527024
https://openalex.org/W2002981084
https://openalex.org/W2032800598
https://openalex.org/W2091507578
https://openalex.org/W2103079750
https://openalex.org/W2112205859
https://openalex.org/W2112698557
https://openalex.org/W2129614466
https://openalex.org/W2133685668
https://openalex.org/W2172580579
https://openalex.org/W2183036226
https://openalex.org/W2205675715
https://openalex.org/W2244607070
https://openalex.org/W2314331854
https://openalex.org/W2317988791
https://openalex.org/W2318960198
https://openalex.org/W2319090479
https://openalex.org/W2322430474
https://openalex.org/W2327707932
https://openalex.org/W2331024458
https://openalex.org/W2332047296
https://openalex.org/W2361421394
https://openalex.org/W2396496959
https://openalex.org/W2403082737
https://openalex.org/W2405204657
https://openalex.org/W2407063554
https://openalex.org/W2407872271
https://openalex.org/W2409973097
https://openalex.org/W2411709486
https://openalex.org/W2413997442
https://openalex.org/W2414280273
https://openalex.org/W2415440064
https://openalex.org/W2415627621
https://openalex.org/W2416164872
https://openalex.org/W2416537317
https://openalex.org/W2417022930
https://openalex.org/W2417037736
https://openalex.org/W2418226483
https://openalex.org/W2426228971
https://openalex.org/W2427272498
https://openalex.org/W2433180292
https://openalex.org/W2434547240
https://openalex.org/W2437277965
https://openalex.org/W2463362610
https://openalex.org/W2463366032
https://openalex.org/W2465729784
https://openalex.org/W2466352817
https://openalex.org/W2469802852
https://openalex.org/W2470755962
https://openalex.org/W2483840054
https://openalex.org/W2562669704
https://openalex.org/W2589363619
https://openalex.org/W2592421928
https://openalex.org/W2593159407
https://openalex.org/W2593485914
https://openalex.org/W2737585229
https://openalex.org/W2802833227
https://openalex.org/W2951713559
https://openalex.org/W2991709024
https://openalex.org/W2992328007
https://openalex.org/W2994106395
https://openalex.org/W303583895
https://openalex.org/W3120903009
https://openalex.org/W3167753748
https://openalex.org/W4235314224
https://openalex.org/W4237220000
https://openalex.org/W4238476536
https://openalex.org/W4242261675
https://openalex.org/W4242351609
https://openalex.org/W4242711331
https://openalex.org/W4242728822
https://openalex.org/W4246422294
https://openalex.org/W4246936271
https://openalex.org/W4250346410
https://openalex.org/W4252346830
https://openalex.org/W4253865881
https://openalex.org/W43866392
https://openalex.org/W62183509
https://openalex.org/W656080661
https://openalex.org/W777624694
https://openalex.org/W801279517
https://openalex.org/W850150021
https://openalex.org/W86246388
https://openalex.org/W973204564
https://openalex.org/W1613267983
https://openalex.org/W1971692182
https://openalex.org/W1991142960
https://openalex.org/W199612519
https://openalex.org/W2019282466
https://openalex.org/W203776484
https://openalex.org/W2047114980
https://openalex.org/W2066366234
https://openalex.org/W2066679087
https://openalex.org/W2070555873
https://openalex.org/W2242787023
https://openalex.org/W2254789158
https://openalex.org/W2273693257
https://openalex.org/W2301155124
https://openalex.org/W231391111
https://openalex.org/W2316407213
https://openalex.org/W2316912169
https://openalex.org/W2317129470
https://openalex.org/W2317571379
https://openalex.org/W2318374481
https://openalex.org/W2321311451
https://openalex.org/W2322335542
https://openalex.org/W2325525613
https://openalex.org/W2335389764
https://openalex.org/W2395130055
https://openalex.org/W2398366643
https://openalex.org/W2399692699
https://openalex.org/W2405258606
https://openalex.org/W2405747494
https://openalex.org/W2408449070
https://openalex.org/W2418215057
https://openalex.org/W2418502427
https://openalex.org/W241855263
https://openalex.org/W2419012392
https://openalex.org/W2429968547
https://openalex.org/W2465172988
https://openalex.org/W2469748243
https://openalex.org/W2482850924
https://openalex.org/W2511099859
https://openalex.org/W2514125455
https://openalex.org/W2530308639
https://openalex.org/W2561888977
https://openalex.org/W2564067447
https://openalex.org/W2580020465
https://openalex.org/W2589705378
https://openalex.org/W2592209574
https://openalex.org/W2594810398
https://openalex.org/W2595715040
https://openalex.org/W2596658578
https://openalex.org/W2600678978
https://openalex.org/W2613138981
https://openalex.org/W2620669766
https://openalex.org/W2728983050
https://openalex.org/W2734995850
https://openalex.org/W2781513305
https://openalex.org/W2908435030
https://openalex.org/W2949109527
https://openalex.org/W2949175582
https://openalex.org/W2949690087
https://openalex.org/W2951800429
https://openalex.org/W2992788399
https://openalex.org/W2993658281
https://openalex.org/W3146566434
https://openalex.org/W338706354
https://openalex.org/W4205957028
https://openalex.org/W4211118946
https://openalex.org/W4229719297
https://openalex.org/W4231595476
https://openalex.org/W4233190818
https://openalex.org/W4233633564
https://openalex.org/W4234443600
https://openalex.org/W4234772915
https://openalex.org/W4236703768
https://openalex.org/W4236858196
https://openalex.org/W4237038383
https://openalex.org/W4238290580
https://openalex.org/W4242365552
https://openalex.org/W4243067300
https://openalex.org/W4243687346
https://openalex.org/W4249507467
https://openalex.org/W4250193217
https://openalex.org/W4252264713
https://openalex.org/W587379300
https://openalex.org/W588492442
https://openalex.org/W625214379
https://openalex.org/W117058721
https://openalex.org/W118192894
https://openalex.org/W141263289
https://openalex.org/W1491858012
https://openalex.org/W1862368016
https://openalex.org/W1980585846
https://openalex.org/W2003365746
https://openalex.org/W2006962664
https://openalex.org/W2012312449
https://openalex.org/W2052335643
https://openalex.org/W2059108901
https://openalex.org/W2088699108
https://openalex.org/W2119961632
https://openalex.org/W2130902308
https://openalex.org/W2254066486
https://openalex.org/W2256959518
https://openalex.org/W2280948859
https://openalex.org/W2291256438
https://openalex.org/W2314875897
https://openalex.org/W2319032236
https://openalex.org/W2319620854
https://openalex.org/W2325711178
https://openalex.org/W2401771800
https://openalex.org/W2403097575
https://openalex.org/W2405589070
https://openalex.org/W2408417394
https://openalex.org/W2410761184
https://openalex.org/W2413263618
https://openalex.org/W2413608363
https://openalex.org/W2414334690
https://openalex.org/W2415691430
https://openalex.org/W2429219056
https://openalex.org/W2432611624
https://openalex.org/W2462450304
https://openalex.org/W2465001486
https://openalex.org/W2491774804
https://openalex.org/W2508972867
https://openalex.org/W2574686870
https://openalex.org/W2604739790
https://openalex.org/W263299712
https://openalex.org/W2738539815
https://openalex.org/W2743315753
https://openalex.org/W2782601860
https://openalex.org/W2905658216
https://openalex.org/W292067193
https://openalex.org/W2921212179
https://openalex.org/W2921295517
https://openalex.org/W2949416887
https://openalex.org/W2949752354
https://openalex.org/W2950504046
https://openalex.org/W2952132812
https://openalex.org/W2952387301
https://openalex.org/W2953121182
https://openalex.org/W2993384592
https://openalex.org/W3167167419
https://openalex.org/W342176749
https://openalex.org/W4205759424
https://openalex.org/W4212819977
https://openalex.org/W4214534334
https://openalex.org/W4230927993
https://openalex.org/W4231032697
https://openalex.org/W4231251011
https://openalex.org/W4233045129
https://openalex.org/W4234310525
https://openalex.org/W4234924007
https://openalex.org/W4235772737
https://openalex.org/W4237873045
https://openalex.org/W4238064696
https://openalex.org/W4238413212
https://openalex.org/W4242802569
https://openalex.org/W4244335019
https://openalex.org/W4244383796
https://openalex.org/W4245138991
https://openalex.org/W4246778673
https://openalex.org/W4247326812
https://openalex.org/W4247393671
https://openalex.org/W4249827228
https://openalex.org/W4251964655
https://openalex.org/W42604137
https://openalex.org/W45748419
https://openalex.org/W48817343
https://openalex.org/W52220114
https://openalex.org/W612948729
https://openalex.org/W622317644
https://openalex.org/W10618778
https://openalex.org/W115918175
https://openalex.org/W122105284
https://openalex.org/W137383882
https://openalex.org/W152629257
https://openalex.org/W1981669724
https://openalex.org/W2004561791
https://openalex.org/W200658551
https://openalex.org/W2018831344
https://openalex.org/W2027310341
https://openalex.org/W2038243429
https://openalex.org/W2058368024
https://openalex.org/W2065761860
https://openalex.org/W2068922430
https://openalex.org/W2073173991
https://openalex.org/W2077170446
https://openalex.org/W2083066279
https://openalex.org/W2084442755
https://openalex.org/W2086042483
https://openalex.org/W2101705077
https://openalex.org/W2108397156
https://openalex.org/W2133246100
https://openalex.org/W2142225752
https://openalex.org/W2163666288
https://openalex.org/W2205674882
https://openalex.org/W2258160079
https://openalex.org/W2262601326
https://openalex.org/W2270768894
https://openalex.org/W2276113909
https://openalex.org/W230060003
https://openalex.org/W2315175428
https://openalex.org/W2319676429
https://openalex.org/W2326229703
https://openalex.org/W2329134148
https://openalex.org/W2329775706
https://openalex.org/W2363988403
https://openalex.org/W2396065958
https://openalex.org/W2396224959
https://openalex.org/W2397264009
https://openalex.org/W2397572045
https://openalex.org/W2399053779
https://openalex.org/W2400515214
https://openalex.org/W2402130120
https://openalex.org/W2403168090
https://openalex.org/W2413491667
https://openalex.org/W2414007126
https://openalex.org/W2414750597
https://openalex.org/W2415678653
https://openalex.org/W2415745446
https://openalex.org/W2417674386
https://openalex.org/W2417679787
https://openalex.org/W2419146108
https://openalex.org/W2424570197
https://openalex.org/W2430735544
https://openalex.org/W2436838451
https://openalex.org/W2436938352
https://openalex.org/W2437118955
https://openalex.org/W2439553773
https://openalex.org/W2461722762
https://openalex.org/W2463071150
https://openalex.org/W2465587499
https://openalex.org/W2465680236
https://openalex.org/W2467127414
https://openalex.org/W2469509053
https://openalex.org/W2469756292
https://openalex.org/W2474272877
https://openalex.org/W2481526504
https://openalex.org/W2490843428
https://openalex.org/W2568999568
https://openalex.org/W2577134751
https://openalex.org/W2595155573
https://openalex.org/W2620731018
https://openalex.org/W2739398483
https://openalex.org/W2783379352
https://openalex.org/W2922448755
https://openalex.org/W2938586974
https://openalex.org/W2949091943
https://openalex.org/W2949211187
https://openalex.org/W2949425754
https://openalex.org/W2950490304
https://openalex.org/W2951920150
https://openalex.org/W2952172012
https://openalex.org/W2952902144
https://openalex.org/W2953074446
https://openalex.org/W2953370028
https://openalex.org/W2971294330
https://openalex.org/W2999636613
https://openalex.org/W3193666257
https://openalex.org/W3193974560
https://openalex.org/W3194896047
https://openalex.org/W3196226480
https://openalex.org/W3245171
https://openalex.org/W34830323
https://openalex.org/W3767992
https://openalex.org/W405287896
https://openalex.org/W4230654272
https://openalex.org/W4231353451
https://openalex.org/W4236547552
https://openalex.org/W4237452290
https://openalex.org/W4237763568
https://openalex.org/W4238716216
https://openalex.org/W4239244835
https://openalex.org/W4241443424
https://openalex.org/W4246243077
https://openalex.org/W4254890832
https://openalex.org/W4256652946
https://openalex.org/W4292873088
https://openalex.org/W50996535
https://openalex.org/W566063734
https://openalex.org/W790307829
https://openalex.org/W848624582
https://openalex.org/W2011923115
https://openalex.org/W2028272916
https://openalex.org/W2119226590
https://openalex.org/W2033260397
https://openalex.org/W2169150729
https://openalex.org/W2013009465
https://openalex.org/W2129377335
https://openalex.org/W151371462
https://openalex.org/W1489298252
https://openalex.org/W2039670227
https://openalex.org/W2101259585
https://openalex.org/W2154389444
https://openalex.org/W2170640948
https://openalex.org/W2086452331
https://openalex.org/W2126864090
https://openalex.org/W1996404373
https://openalex.org/W2009999251
https://openalex.org/W2046131550
https://openalex.org/W2607299967
https://openalex.org/W73627471
https://openalex.org/W1908482268
https://openalex.org/W2011116516
https://openalex.org/W2066081697
https://openalex.org/W4211141680
https://openalex.org/W2593626839
https://openalex.org/W2733135832
https://openalex.org/W2795355021
https://openalex.org/W2911729136
https://openalex.org/W2043194953
https://openalex.org/W2059057459
https://openalex.org/W3085589905
https://openalex.org/W3164519882
https://openalex.org/W2737176193
https://openalex.org/W1599859822
https://openalex.org/W2900334515
https://openalex.org/W4233850084
https://openalex.org/W2989930103
https://openalex.org/W3074351644
https://openalex.org/W3161146206
https://openalex.org/W4200619051
https://openalex.org/W3211147706
https://openalex.org/W3124317686
https://openalex.org/W3183182400
https://openalex.org/W3187657167
https://openalex.org/W4200467626
https://openalex.org/W4311689778
https://openalex.org/W3117941406
https://openalex.org/W4321488362
https://openalex.org/W2088215178
https://openalex.org/W1986308750
https://openalex.org/W2120789358
https://openalex.org/W4249769808
https://openalex.org/W2022200703
https://openalex.org/W1972934993
https://openalex.org/W2038931392
https://openalex.org/W2112362471
https://openalex.org/W1976287166
https://openalex.org/W2081083184
https://openalex.org/W2064556006
https://openalex.org/W1251740150
https://openalex.org/W2020058660
https://openalex.org/W2082985735
https://openalex.org/W2171597870
https://openalex.org/W1979836028
https://openalex.org/W2060869021
https://openalex.org/W2134964659
https://openalex.org/W1976689059
https://openalex.org/W2126813424
https://openalex.org/W1540897124
https://openalex.org/W4230643062
https://openalex.org/W1567361457
https://openalex.org/W2134548902
https://openalex.org/W2143429143
https://openalex.org/W2041449349
https://openalex.org/W1990765611
https://openalex.org/W2317283176
https://openalex.org/W2120344759
https://openalex.org/W2054463936
https://openalex.org/W2114783994
https://openalex.org/W2050896488
https://openalex.org/W2138878315
https://openalex.org/W2006752058
https://openalex.org/W2093878343
https://openalex.org/W2073886406
https://openalex.org/W2040990792
https://openalex.org/W2084413357
https://openalex.org/W1984531812
https://openalex.org/W1597726107
https://openalex.org/W2033835940
https://openalex.org/W2075989689
https://openalex.org/W2091188643
https://openalex.org/W2016436979
https://openalex.org/W206399404
https://openalex.org/W1528957443
https://openalex.org/W1597819980
https://openalex.org/W2144418615
https://openalex.org/W2075302847
https://openalex.org/W2127874307
https://openalex.org/W2114563672
https://openalex.org/W2132633327
https://openalex.org/W2028608804
https://openalex.org/W1956829323
https://openalex.org/W1982101081
https://openalex.org/W2077873220
https://openalex.org/W1958967907
https://openalex.org/W2083000346
https://openalex.org/W2783221687
https://openalex.org/W2151962131
https://openalex.org/W2178101846
https://openalex.org/W1564840154
https://openalex.org/W1844527188
https://openalex.org/W283676655
https://openalex.org/W2118415193
https://openalex.org/W2956204245
https://openalex.org/W2530662609
https://openalex.org/W1996526487
https://openalex.org/W2904121863
https://openalex.org/W2883420106
https://openalex.org/W2548192545
https://openalex.org/W2108816757
https://openalex.org/W2032431348
https://openalex.org/W2731025988
https://openalex.org/W2921891364
https://openalex.org/W2768230481
https://openalex.org/W2346821582
https://openalex.org/W2892980924
https://openalex.org/W1752851673
https://openalex.org/W2736728716
https://openalex.org/W2382597738
https://openalex.org/W3004065795
https://openalex.org/W2059067897
https://openalex.org/W325665826
https://openalex.org/W2507544441
https://openalex.org/W1988172720
https://openalex.org/W2808901337
https://openalex.org/W266736769
https://openalex.org/W1997259916
https://openalex.org/W2179144616
https://openalex.org/W2890135745
https://openalex.org/W2566945003
https://openalex.org/W2782995823
https://openalex.org/W2809032519
https://openalex.org/W2966548540
https://openalex.org/W2902989624
https://openalex.org/W2972891424
https://openalex.org/W2989800892
https://openalex.org/W3134693372
https://openalex.org/W3203347277
https://openalex.org/W3006693289
https://openalex.org/W3096682557
https://openalex.org/W3180574559
https://openalex.org/W3209575266
https://openalex.org/W2950009354
https://openalex.org/W2996527624
https://openalex.org/W2978632224
https://openalex.org/W3001393109
https://openalex.org/W3034037613
https://openalex.org/W3114197689
https://openalex.org/W3102155370
https://openalex.org/W3175000297
https://openalex.org/W3119685211
https://openalex.org/W3159891009
https://openalex.org/W3126916403
https://openalex.org/W3118297589
https://openalex.org/W4304620086
https://openalex.org/W4205696365
https://openalex.org/W4205378637
https://openalex.org/W4285404584
https://openalex.org/W3119737001
https://openalex.org/W4220724280
https://openalex.org/W4220829500
https://openalex.org/W4313399441
https://openalex.org/W4320484169
https://openalex.org/W4308032502
https://openalex.org/W4313530689
https://openalex.org/W4321485344
https://openalex.org/W4385257175
https://openalex.org/W4308157576
https://openalex.org/W4309773412
https://openalex.org/W4311086872
https://openalex.org/W4313255488
https://openalex.org/W4384156425
https://openalex.org/W4385782776
https://openalex.org/W2155334925
https://openalex.org/W2024514129
https://openalex.org/W2026641087
https://openalex.org/W2077013031
https://openalex.org/W2112092468
https://openalex.org/W2025660630
https://openalex.org/W1978698182
https://openalex.org/W2016940072
https://openalex.org/W2128841415
https://openalex.org/W2079614274
https://openalex.org/W2026614330
https://openalex.org/W1520229019
https://openalex.org/W2071661560
https://openalex.org/W2007810949
https://openalex.org/W2070002280
https://openalex.org/W2144075705
https://openalex.org/W2024082369
https://openalex.org/W2035951469
https://openalex.org/W1191988858
https://openalex.org/W1969552935
https://openalex.org/W2093788725
https://openalex.org/W2117944558
https://openalex.org/W2015266666
https://openalex.org/W2036892203
https://openalex.org/W2145133153
https://openalex.org/W2053203104
https://openalex.org/W1978550471
https://openalex.org/W2031070117
https://openalex.org/W2117314881
https://openalex.org/W2085912144
https://openalex.org/W1961126430
https://openalex.org/W2053555758
https://openalex.org/W2042816036
https://openalex.org/W2008860247
https://openalex.org/W2116278876
https://openalex.org/W1998717083
https://openalex.org/W3125946714
https://openalex.org/W2062228749
https://openalex.org/W2080343819
https://openalex.org/W2089786929
https://openalex.org/W1557023384
https://openalex.org/W1970208709
https://openalex.org/W1974674625
https://openalex.org/W2003435018
https://openalex.org/W2033340733
https://openalex.org/W2069347672
https://openalex.org/W2085679770
https://openalex.org/W2160239792
https://openalex.org/W2074803170
https://openalex.org/W2082525623
https://openalex.org/W2167648072
https://openalex.org/W2052298746
https://openalex.org/W366748094
https://openalex.org/W2112136577
https://openalex.org/W2566427216
https://openalex.org/W2048603478
https://openalex.org/W2151254481
https://openalex.org/W2292517782
https://openalex.org/W2620706121
https://openalex.org/W2083563896
https://openalex.org/W2558710894
https://openalex.org/W2406537246
https://openalex.org/W2012072482
https://openalex.org/W2621023978
https://openalex.org/W2774122290
https://openalex.org/W1243643443
https://openalex.org/W1908417346
https://openalex.org/W1967184349
https://openalex.org/W2946391323
https://openalex.org/W2309163713
https://openalex.org/W2337460381
https://openalex.org/W2420742965
https://openalex.org/W2463081131
https://openalex.org/W2541868888
https://openalex.org/W2790692132
https://openalex.org/W2804502446
https://openalex.org/W2616213403
https://openalex.org/W2593956181
https://openalex.org/W2600286780
https://openalex.org/W2087338966
https://openalex.org/W2521562864
https://openalex.org/W2792199558
https://openalex.org/W2304923927
https://openalex.org/W2599498669
https://openalex.org/W2791022394
https://openalex.org/W2912148503
https://openalex.org/W2945611283
https://openalex.org/W2883086777
https://openalex.org/W2969795820
https://openalex.org/W2899128047
https://openalex.org/W3008276581
https://openalex.org/W2915037808
https://openalex.org/W2996930069
https://openalex.org/W3021166336
https://openalex.org/W2974397402
https://openalex.org/W3089306344
https://openalex.org/W2053000218
https://openalex.org/W3033493106
https://openalex.org/W3164241000
https://openalex.org/W2972350112
https://openalex.org/W2981018855
https://openalex.org/W3014335946
https://openalex.org/W3031222062
https://openalex.org/W3106456411
https://openalex.org/W4232759670
https://openalex.org/W3029109229
https://openalex.org/W3111243840
https://openalex.org/W3194319823
https://openalex.org/W3138917719
https://openalex.org/W3211832361
https://openalex.org/W3170494937
https://openalex.org/W3196868449
https://openalex.org/W3157921714
https://openalex.org/W3113692994
https://openalex.org/W4211056616
https://openalex.org/W4283274578
https://openalex.org/W4295921485
https://openalex.org/W3201477350
https://openalex.org/W3207601979
https://openalex.org/W4206148515
https://openalex.org/W4308019508
https://openalex.org/W4312093167
https://openalex.org/W4362731710
https://openalex.org/W4296640227
https://openalex.org/W4317938621
https://openalex.org/W4320004519
https://openalex.org/W4322626780
https://openalex.org/W4319065661
https://openalex.org/W4328053074
https://openalex.org/W4390151678
https://openalex.org/W4391126912
https://openalex.org/W4391174259
https://openalex.org/W4391217482
https://openalex.org/W4392161708
https://openalex.org/W1972821205
https://openalex.org/W2125101586
https://openalex.org/W2127997109
https://openalex.org/W1986893415
https://openalex.org/W2003073603
https://openalex.org/W2171928848
https://openalex.org/W2121970519
https://openalex.org/W2101195273
https://openalex.org/W2034385594
https://openalex.org/W2053432537
https://openalex.org/W1982458946
https://openalex.org/W2021158571
https://openalex.org/W1543297372
https://openalex.org/W2007335004
https://openalex.org/W2051606144
https://openalex.org/W2136455486
https://openalex.org/W1590031600
https://openalex.org/W2074779122
https://openalex.org/W2011953489
https://openalex.org/W2080300295
https://openalex.org/W2138663838
https://openalex.org/W2153180054
https://openalex.org/W2089150909
https://openalex.org/W1555616833
https://openalex.org/W1561405046
https://openalex.org/W1564575603
https://openalex.org/W1964654431
https://openalex.org/W2012944610
https://openalex.org/W2096826728
https://openalex.org/W2105727917
https://openalex.org/W1988147477
https://openalex.org/W2056151566
https://openalex.org/W2168669493
https://openalex.org/W2035272905
https://openalex.org/W1894318670
https://openalex.org/W2030819108
https://openalex.org/W2006331199
https://openalex.org/W2491322289
https://openalex.org/W2056698072
https://openalex.org/W2058691531
https://openalex.org/W2147989321
https://openalex.org/W1972528060
https://openalex.org/W2029559080
https://openalex.org/W2133740664
https://openalex.org/W2006247700
https://openalex.org/W2011614803
https://openalex.org/W2034361227
https://openalex.org/W2007356643
https://openalex.org/W2028407051
https://openalex.org/W2122209466
https://openalex.org/W1969591956
https://openalex.org/W1970342267
https://openalex.org/W1972227458
https://openalex.org/W2004976965
https://openalex.org/W2015995510
https://openalex.org/W1999707279
https://openalex.org/W2039845917
https://openalex.org/W2094095102
https://openalex.org/W2099170407
https://openalex.org/W2014185824
https://openalex.org/W2014937384
https://openalex.org/W2100598250
https://openalex.org/W2064327144
https://openalex.org/W1547658291
https://openalex.org/W1559894467
https://openalex.org/W1694959295
https://openalex.org/W2142493264
https://openalex.org/W2160483545
https://openalex.org/W1993147908
https://openalex.org/W2057687482
https://openalex.org/W2073661450
https://openalex.org/W2116163556
https://openalex.org/W1971311211
https://openalex.org/W2065525191
https://openalex.org/W2135173228
https://openalex.org/W2607579015
https://openalex.org/W2195595432
https://openalex.org/W2328535296
https://openalex.org/W2401904009
https://openalex.org/W2615310430
https://openalex.org/W2049209526
https://openalex.org/W2286474464
https://openalex.org/W1981887823
https://openalex.org/W2050358474
https://openalex.org/W2322216374
https://openalex.org/W2435732974
https://openalex.org/W2055148552
https://openalex.org/W2064595571
https://openalex.org/W2298950328
https://openalex.org/W2081069520
https://openalex.org/W2088891049
https://openalex.org/W2336908202
https://openalex.org/W2770380494
https://openalex.org/W2159770845
https://openalex.org/W2625207103
https://openalex.org/W2894245906
https://openalex.org/W1811393148
https://openalex.org/W2604558301
https://openalex.org/W2225893042
https://openalex.org/W2764046154
https://openalex.org/W2991233623
https://openalex.org/W2408268883
https://openalex.org/W2751069005
https://openalex.org/W2929617806
https://openalex.org/W2981055129
https://openalex.org/W2803167393
https://openalex.org/W2830504944
https://openalex.org/W2968501024
https://openalex.org/W2990651847
https://openalex.org/W2992305997
https://openalex.org/W2931456928
https://openalex.org/W2947274010
https://openalex.org/W2970247883
https://openalex.org/W3081751776
https://openalex.org/W3004730656
https://openalex.org/W3094972677
https://openalex.org/W3105422656
https://openalex.org/W4252401579
https://openalex.org/W3017760221
https://openalex.org/W3082003525
https://openalex.org/W3038038603
https://openalex.org/W3092022449
https://openalex.org/W2979607929
https://openalex.org/W2999618194
https://openalex.org/W3001203429
https://openalex.org/W3041146778
https://openalex.org/W3138558010
https://openalex.org/W3183894575
https://openalex.org/W3117772877
https://openalex.org/W3175719712
https://openalex.org/W3126337773
https://openalex.org/W3096393464
https://openalex.org/W3209078195
https://openalex.org/W4210855427
https://openalex.org/W4283208414
https://openalex.org/W4289528544
https://openalex.org/W3217217549
https://openalex.org/W4292940999
https://openalex.org/W4318615251
https://openalex.org/W4322123812
https://openalex.org/W4324145179
https://openalex.org/W4362678443
https://openalex.org/W4363675414
https://openalex.org/W4365813597
https://openalex.org/W4379012273
https://openalex.org/W4311549045
https://openalex.org/W4311987596
https://openalex.org/W4313350194
https://openalex.org/W4319300985
https://openalex.org/W4323543151
https://openalex.org/W4372233839
https://openalex.org/W4372328798
https://openalex.org/W4382518039
https://openalex.org/W4386402106
https://openalex.org/W1971664488
https://openalex.org/W1218351564
https://openalex.org/W1996349572
https://openalex.org/W2078826866
https://openalex.org/W2135327597
https://openalex.org/W2075639377
https://openalex.org/W2091506786
https://openalex.org/W1986965567
https://openalex.org/W2016871438
https://openalex.org/W2156551153
https://openalex.org/W4233347948
https://openalex.org/W2003008643
https://openalex.org/W2018530452
https://openalex.org/W2172192779
https://openalex.org/W2027126829
https://openalex.org/W2047007084
https://openalex.org/W2089767548
https://openalex.org/W2158754814
https://openalex.org/W1978399741
https://openalex.org/W1524243997
https://openalex.org/W2053320238
https://openalex.org/W1983556635
https://openalex.org/W2115609278
https://openalex.org/W1986243503
https://openalex.org/W2111587429
https://openalex.org/W2169280767
https://openalex.org/W1976887912
https://openalex.org/W1981584184
https://openalex.org/W1997831277
https://openalex.org/W2059834362
https://openalex.org/W1969456917
https://openalex.org/W2001852020
https://openalex.org/W2014628220
https://openalex.org/W2070661833
https://openalex.org/W1514994753
https://openalex.org/W2143796272
https://openalex.org/W1987371674
https://openalex.org/W2119206639
https://openalex.org/W1980224065
https://openalex.org/W2009367857
https://openalex.org/W2014779288
https://openalex.org/W2054186497
https://openalex.org/W1970417992
https://openalex.org/W1996838466
https://openalex.org/W2082756994
https://openalex.org/W2006637111
https://openalex.org/W2007489591
https://openalex.org/W1978510899
https://openalex.org/W2167369808
https://openalex.org/W1992091021
https://openalex.org/W2007408888
https://openalex.org/W2039567299
https://openalex.org/W2057516715
https://openalex.org/W1546710001
https://openalex.org/W2136008874
https://openalex.org/W2139143322
https://openalex.org/W2022241226
https://openalex.org/W2087196853
https://openalex.org/W2158725913
https://openalex.org/W1982124869
https://openalex.org/W2012116818
https://openalex.org/W2083664910
https://openalex.org/W2086451209
https://openalex.org/W2115509273
https://openalex.org/W2123319121
https://openalex.org/W2474527401
https://openalex.org/W1981251836
https://openalex.org/W1991455527
https://openalex.org/W2059980618
https://openalex.org/W2070270206
https://openalex.org/W2047700942
https://openalex.org/W2062782335
https://openalex.org/W1970684582
https://openalex.org/W2070814229
https://openalex.org/W2338296161
https://openalex.org/W2179936460
https://openalex.org/W2527428285
https://openalex.org/W2751004740
https://openalex.org/W2883370502
https://openalex.org/W1758366021
https://openalex.org/W1804425206
https://openalex.org/W1983402898
https://openalex.org/W2049877574
https://openalex.org/W1970165285
https://openalex.org/W2279319596
https://openalex.org/W2338029619
https://openalex.org/W2548664728
https://openalex.org/W2582528293
https://openalex.org/W2597221803
https://openalex.org/W2726926154
https://openalex.org/W2525528708
https://openalex.org/W2336768617
https://openalex.org/W2876557865
https://openalex.org/W2917678507
https://openalex.org/W2943119590
https://openalex.org/W2975692296
https://openalex.org/W2793722678
https://openalex.org/W2807029056
https://openalex.org/W2919479907
https://openalex.org/W2952479574
https://openalex.org/W2964048607
https://openalex.org/W2976891229
https://openalex.org/W2916385294
https://openalex.org/W2949652947
https://openalex.org/W2990552505
https://openalex.org/W3034895797
https://openalex.org/W2995810738
https://openalex.org/W3049734205
https://openalex.org/W3004932941
https://openalex.org/W3033420153
https://openalex.org/W3039941734
https://openalex.org/W3093404910
https://openalex.org/W3160061520
https://openalex.org/W3045544525
https://openalex.org/W3135587238
https://openalex.org/W3169098499
https://openalex.org/W1979807860
https://openalex.org/W3098021293
https://openalex.org/W3130763637
https://openalex.org/W3182270508
https://openalex.org/W3206629023
https://openalex.org/W3200545218
https://openalex.org/W3209353982
https://openalex.org/W4283159637
https://openalex.org/W4224245285
https://openalex.org/W4283162883
https://openalex.org/W4213387798
https://openalex.org/W4295193264
https://openalex.org/W4306738508
https://openalex.org/W4311320507
https://openalex.org/W4318562222
https://openalex.org/W4321019964
https://openalex.org/W4365453240
https://openalex.org/W4372228004
https://openalex.org/W4377031049
https://openalex.org/W4379194011
https://openalex.org/W4382601835
https://openalex.org/W4387517894
https://openalex.org/W2003523702
https://openalex.org/W2001755415
https://openalex.org/W2052177287
https://openalex.org/W1989031677
https://openalex.org/W2080608291
https://openalex.org/W2052053087
https://openalex.org/W2149297013
https://openalex.org/W2157042595
https://openalex.org/W2093689486
https://openalex.org/W2019887614
https://openalex.org/W66784854
https://openalex.org/W1982194579
https://openalex.org/W2041661237
https://openalex.org/W2056090801
https://openalex.org/W2067915381
https://openalex.org/W2080672377
https://openalex.org/W2320624044
https://openalex.org/W2051575080
https://openalex.org/W1988930188
https://openalex.org/W2076750266
https://openalex.org/W3143809231
https://openalex.org/W2133500958
https://openalex.org/W1584756575
https://openalex.org/W2330416789
https://openalex.org/W1976873612
https://openalex.org/W1998671026
https://openalex.org/W2059141677
https://openalex.org/W2151262728
https://openalex.org/W1540832344
https://openalex.org/W1990220146
https://openalex.org/W2086436540
https://openalex.org/W2006486402
https://openalex.org/W2018780857
https://openalex.org/W2042547125
https://openalex.org/W1650014329
https://openalex.org/W1983929919
https://openalex.org/W2097180081
https://openalex.org/W1921208916
https://openalex.org/W602273355
https://openalex.org/W2052571615
https://openalex.org/W2064523941
https://openalex.org/W2162417949
https://openalex.org/W1989956272
https://openalex.org/W2080756747
https://openalex.org/W2109417134
https://openalex.org/W2404044892
https://openalex.org/W2054233558
https://openalex.org/W2060338337
https://openalex.org/W2108761175
https://openalex.org/W87157722
https://openalex.org/W1973885136
https://openalex.org/W1979052227
https://openalex.org/W2009523069
https://openalex.org/W2050880288
https://openalex.org/W1888460614
https://openalex.org/W2000619062
https://openalex.org/W2032492804
https://openalex.org/W2060591291
https://openalex.org/W2092478538
https://openalex.org/W216405035
https://openalex.org/W2011590833
https://openalex.org/W2070362762
https://openalex.org/W2077410318
https://openalex.org/W2136698262
https://openalex.org/W2040958865
https://openalex.org/W2050195043
https://openalex.org/W2154452143
https://openalex.org/W2066453082
https://openalex.org/W2069969239
https://openalex.org/W2078847570
https://openalex.org/W1989830612
https://openalex.org/W1997798094
https://openalex.org/W2046333939
https://openalex.org/W1967363580
https://openalex.org/W2128538897
https://openalex.org/W2289657204
https://openalex.org/W2324623837
https://openalex.org/W2409632296
https://openalex.org/W2410760478
https://openalex.org/W2730478139
https://openalex.org/W2769379315
https://openalex.org/W2002347431
https://openalex.org/W2564372331
https://openalex.org/W2410894379
https://openalex.org/W2576169474
https://openalex.org/W2601895106
https://openalex.org/W2622158269
https://openalex.org/W1923636926
https://openalex.org/W2536233704
https://openalex.org/W2746875537
https://openalex.org/W2786384724
https://openalex.org/W2887609452
https://openalex.org/W2919716660
https://openalex.org/W2990607414
https://openalex.org/W2784407950
https://openalex.org/W2802578524
https://openalex.org/W2802766643
https://openalex.org/W2900381308
https://openalex.org/W2905086710
https://openalex.org/W2935152672
https://openalex.org/W2945616241
https://openalex.org/W2949102281
https://openalex.org/W2970128773
https://openalex.org/W2995839050
https://openalex.org/W3020571278
https://openalex.org/W3015789123
https://openalex.org/W3095537323
https://openalex.org/W3137102198
https://openalex.org/W3157776275
https://openalex.org/W3177907002
https://openalex.org/W3120272621
https://openalex.org/W3204071222
https://openalex.org/W2989660548
https://openalex.org/W3126447180
https://openalex.org/W3126561118
https://openalex.org/W3129372643
https://openalex.org/W3155714156
https://openalex.org/W4213069790
https://openalex.org/W4291755192
https://openalex.org/W4304588885
https://openalex.org/W4386072721
https://openalex.org/W2342676081
https://openalex.org/W2062191526
https://openalex.org/W2087427182
https://openalex.org/W2317319369
https://openalex.org/W2061326367
https://openalex.org/W2044162958
https://openalex.org/W2069418933
https://openalex.org/W125901892
https://openalex.org/W2043331931
https://openalex.org/W2055349500
https://openalex.org/W2076229213
https://openalex.org/W1552037696
https://openalex.org/W4366064220
https://openalex.org/W2110666633
https://openalex.org/W2118509054
https://openalex.org/W2148211753
https://openalex.org/W1990390135
https://openalex.org/W2023576480
https://openalex.org/W2056593884
https://openalex.org/W1994395316
https://openalex.org/W2060772343
https://openalex.org/W1558402642
https://openalex.org/W1586196206
https://openalex.org/W2018161639
https://openalex.org/W2071337560
https://openalex.org/W2078477493
https://openalex.org/W2004144420
https://openalex.org/W2028984739
https://openalex.org/W2051209828
https://openalex.org/W2145876508
https://openalex.org/W2019561304
https://openalex.org/W2074146452
https://openalex.org/W2075987821
https://openalex.org/W2112550921
https://openalex.org/W2143180232
https://openalex.org/W2469780305
https://openalex.org/W34803841
https://openalex.org/W1541486956
https://openalex.org/W1979685564
https://openalex.org/W1984073968
https://openalex.org/W1988248749
https://openalex.org/W2053292539
https://openalex.org/W2085394526
https://openalex.org/W2097454806
https://openalex.org/W1965526877
https://openalex.org/W2010693326
https://openalex.org/W2026688963
https://openalex.org/W2050915256
https://openalex.org/W2136809406
https://openalex.org/W2049711020
https://openalex.org/W2053959512
https://openalex.org/W2061595400
https://openalex.org/W2066216993
https://openalex.org/W2104443429
https://openalex.org/W2122834641
https://openalex.org/W4243588803
https://openalex.org/W1981753338
https://openalex.org/W2005650134
https://openalex.org/W2051155158
https://openalex.org/W2130987314
https://openalex.org/W1995726047
https://openalex.org/W2021588094
https://openalex.org/W2035333455
https://openalex.org/W2068709933
https://openalex.org/W2165772514
https://openalex.org/W1970389605
https://openalex.org/W1983721276
https://openalex.org/W2073388618
https://openalex.org/W2103799443
https://openalex.org/W1912051673
https://openalex.org/W2008540659
https://openalex.org/W2015920146
https://openalex.org/W2026056041
https://openalex.org/W2038186122
https://openalex.org/W2064691313
https://openalex.org/W2112180558
https://openalex.org/W2145369962
https://openalex.org/W2147736577
https://openalex.org/W2010698003
https://openalex.org/W2032796904
https://openalex.org/W2040115298
https://openalex.org/W2057871862
https://openalex.org/W2163820931
https://openalex.org/W1835335674
https://openalex.org/W1562711070
https://openalex.org/W1997424956
https://openalex.org/W2023041211
https://openalex.org/W2044058916
https://openalex.org/W2071039404
https://openalex.org/W2085965011
https://openalex.org/W2089085903
https://openalex.org/W2118830088
https://openalex.org/W2175889177
https://openalex.org/W1126000508
https://openalex.org/W1884912605
https://openalex.org/W2158555502
https://openalex.org/W2347117859
https://openalex.org/W2514195642
https://openalex.org/W2761971922
https://openalex.org/W2903515937
https://openalex.org/W1889447790
https://openalex.org/W2047808642
https://openalex.org/W2140413396
https://openalex.org/W2303199800
https://openalex.org/W2343907019
https://openalex.org/W2502702084
https://openalex.org/W2526915871
https://openalex.org/W2802557542
https://openalex.org/W2870502026
https://openalex.org/W2891449764
https://openalex.org/W2790308986
https://openalex.org/W2192481925
https://openalex.org/W2292652559
https://openalex.org/W2769404738
https://openalex.org/W2782325505
https://openalex.org/W2940251483
https://openalex.org/W2951960584
https://openalex.org/W2908374803
https://openalex.org/W2954318446
https://openalex.org/W2966475823
https://openalex.org/W2995979365
https://openalex.org/W2979434768
https://openalex.org/W3013437695
https://openalex.org/W3028679927
https://openalex.org/W3037091050
https://openalex.org/W3042412620
https://openalex.org/W3107656162
https://openalex.org/W2999185068
https://openalex.org/W3011832050
https://openalex.org/W3011957509
https://openalex.org/W3037934402
https://openalex.org/W3047901380
https://openalex.org/W3083166419
https://openalex.org/W3154609207
https://openalex.org/W3158944391
https://openalex.org/W3173085083
https://openalex.org/W3186606443
https://openalex.org/W3192801131
https://openalex.org/W3119672475
https://openalex.org/W3168897446
https://openalex.org/W3206941164
https://openalex.org/W3084215752
https://openalex.org/W4220689496
https://openalex.org/W4224923024
https://openalex.org/W4285490706
https://openalex.org/W4292478883
https://openalex.org/W4221078930
https://openalex.org/W4224303777
https://openalex.org/W4283525448
https://openalex.org/W4284890162
https://openalex.org/W4285032222
https://openalex.org/W4289783466
https://openalex.org/W4292546428
https://openalex.org/W4295560194
https://openalex.org/W4313472319
https://openalex.org/W4310346616
https://openalex.org/W4310425007
https://openalex.org/W4311397099
https://openalex.org/W4315487958
https://openalex.org/W4362515131
https://openalex.org/W4365136159
https://openalex.org/W4385981617
https://openalex.org/W4387472348
https://openalex.org/W2052064548
https://openalex.org/W2049110174
https://openalex.org/W2050108904
https://openalex.org/W2139118873
https://openalex.org/W1499783085
https://openalex.org/W1976223023
https://openalex.org/W2013543123
https://openalex.org/W2036986283
https://openalex.org/W2339867635
https://openalex.org/W1989404198
https://openalex.org/W2078113594
https://openalex.org/W2079097381
https://openalex.org/W2085923268
https://openalex.org/W2021841372
https://openalex.org/W2032262239
https://openalex.org/W2138298238
https://openalex.org/W2009434462
https://openalex.org/W2117819330
https://openalex.org/W2065007869
https://openalex.org/W1607980833
https://openalex.org/W1994697518
https://openalex.org/W2025840991
https://openalex.org/W2033621374
https://openalex.org/W2064476350
https://openalex.org/W2164387348
https://openalex.org/W2169389438
https://openalex.org/W2022826891
https://openalex.org/W2151466314
https://openalex.org/W1904019193
https://openalex.org/W1986255064
https://openalex.org/W2053706674
https://openalex.org/W2146482169
https://openalex.org/W2100499420
https://openalex.org/W2145558343
https://openalex.org/W2066669017
https://openalex.org/W1987185091
https://openalex.org/W1994334418
https://openalex.org/W2015152791
https://openalex.org/W2044262492
https://openalex.org/W2067803137
https://openalex.org/W2069267981
https://openalex.org/W2229818228
https://openalex.org/W1969769668
https://openalex.org/W2058461252
https://openalex.org/W2078741315
https://openalex.org/W2122022772
https://openalex.org/W1971045531
https://openalex.org/W2018600788
https://openalex.org/W2034585817
https://openalex.org/W2098773627
https://openalex.org/W2112701352
https://openalex.org/W1975279686
https://openalex.org/W1988455675
https://openalex.org/W1996096142
https://openalex.org/W2092348354
https://openalex.org/W2121607166
https://openalex.org/W1995517654
https://openalex.org/W1999207517
https://openalex.org/W2031560369
https://openalex.org/W2031687038
https://openalex.org/W2044331717
https://openalex.org/W2105097049
https://openalex.org/W2131063698
https://openalex.org/W2137068000
https://openalex.org/W2142105302
https://openalex.org/W2208557659
https://openalex.org/W2407202144
https://openalex.org/W1838013382
https://openalex.org/W2105036621
https://openalex.org/W2130258014
https://openalex.org/W2162419401
https://openalex.org/W2341568590
https://openalex.org/W2613255669
https://openalex.org/W2758314636
https://openalex.org/W1921132293
https://openalex.org/W1995173131
https://openalex.org/W2013839666
https://openalex.org/W2518293421
https://openalex.org/W2526630800
https://openalex.org/W2621957735
https://openalex.org/W2761662890
https://openalex.org/W2791855729
https://openalex.org/W2026723693
https://openalex.org/W2137303377
https://openalex.org/W2250692067
https://openalex.org/W2292769011
https://openalex.org/W2574118376
https://openalex.org/W2597974013
https://openalex.org/W2603851658
https://openalex.org/W2783174400
https://openalex.org/W2790468895
https://openalex.org/W2763173917
https://openalex.org/W2796899231
https://openalex.org/W2798197621
https://openalex.org/W2904993598
https://openalex.org/W2949642415
https://openalex.org/W2948539928
https://openalex.org/W3027309725
https://openalex.org/W3039522173
https://openalex.org/W3022282917
https://openalex.org/W3043773374
https://openalex.org/W3089621970
https://openalex.org/W2993734455
https://openalex.org/W3014515697
https://openalex.org/W3096703082
https://openalex.org/W3138118787
https://openalex.org/W3159499056
https://openalex.org/W3110435915
https://openalex.org/W3133424577
https://openalex.org/W3146784558
https://openalex.org/W3153015892
https://openalex.org/W3162565716
https://openalex.org/W3168963668
https://openalex.org/W3195156057
https://openalex.org/W4205980524
https://openalex.org/W4206828598
https://openalex.org/W4210392825
https://openalex.org/W4214935073
https://openalex.org/W4220910616
https://openalex.org/W4224046419
https://openalex.org/W4283080686
https://openalex.org/W4283722396
https://openalex.org/W4296569650
https://openalex.org/W4298000232
https://openalex.org/W4308065902
https://openalex.org/W4312095028
https://openalex.org/W4383070194
https://openalex.org/W4313219815
https://openalex.org/W4385546032
https://openalex.org/W4388694822
https://openalex.org/W4390155011
https://openalex.org/W4390496206
https://openalex.org/W4390609524
https://openalex.org/W4390662409
https://openalex.org/W4390706335
https://openalex.org/W4390804563
https://openalex.org/W4390810851
https://openalex.org/W4390832303
https://openalex.org/W4390843294
https://openalex.org/W4391016576
https://openalex.org/W4391041829
https://openalex.org/W4391042374
https://openalex.org/W4391152185
https://openalex.org/W4391154873
https://openalex.org/W4391302347
https://openalex.org/W4391311623
https://openalex.org/W4391321104
https://openalex.org/W4391431796
https://openalex.org/W4391483971
https://openalex.org/W4391543327
https://openalex.org/W4391640723
https://openalex.org/W4391649188
https://openalex.org/W4391749158
https://openalex.org/W4391755779
https://openalex.org/W4391849424
https://openalex.org/W4391874693
https://openalex.org/W4391963848
https://openalex.org/W4392123900
https://openalex.org/W4392128613
https://openalex.org/W4392152111
https://openalex.org/W4392154072
https://openalex.org/W4392164968
https://openalex.org/W4392170663
https://openalex.org/W4392192625
https://openalex.org/W4392231623
https://openalex.org/W4392245342
https://openalex.org/W4392368169
https://openalex.org/W4392406414
https://openalex.org/W4392554383
https://openalex.org/W4392596608
https://openalex.org/W4392603267
https://openalex.org/W4392714827
https://openalex.org/W4392717346
https://openalex.org/W4392838970
https://openalex.org/W4392841357
https://openalex.org/W4392858027
https://openalex.org/W4392861574
https://openalex.org/W4392865149
https://openalex.org/W4392923548
https://openalex.org/W4393225312
https://openalex.org/W4393306229
https://openalex.org/W4393371169
https://openalex.org/W4393470523
https://openalex.org/W4393490843
https://openalex.org/W4393490865
https://openalex.org/W4393514715
https://openalex.org/W4393855587
https://openalex.org/W4393871302
https://openalex.org/W4393979411
https://openalex.org/W4393981447
https://openalex.org/W4394062253
https://openalex.org/W4394062883
https://openalex.org/W4394607689
https://openalex.org/W4394682686
https://openalex.org/W4394725048
https://openalex.org/W4394768287
https://openalex.org/W4394769345
https://openalex.org/W4394787056
https://openalex.org/W4394821871
https://openalex.org/W4394873834
https://openalex.org/W4394894211
https://openalex.org/W4394929884
https://openalex.org/W4394930556
https://openalex.org/W4394930902
https://openalex.org/W4394950086
https://openalex.org/W4395002357
https://openalex.org/W4395013942
https://openalex.org/W4395041629
https://openalex.org/W4395071059
https://openalex.org/W4395449974
https://openalex.org/W4395475670
https://openalex.org/W4395480717
https://openalex.org/W4395481740
https://openalex.org/W4395671196
https://openalex.org/W4396555543
https://openalex.org/W2078673107
https://openalex.org/W2020605702
https://openalex.org/W2042776070
https://openalex.org/W2122175571
https://openalex.org/W2063415645
https://openalex.org/W2021642772
https://openalex.org/W2078448515
https://openalex.org/W1975564337
https://openalex.org/W2014141184
https://openalex.org/W2143942715
https://openalex.org/W1992742972
https://openalex.org/W2131713471
https://openalex.org/W2329470351
https://openalex.org/W1517805154
https://openalex.org/W2057462672
https://openalex.org/W2105587092
https://openalex.org/W2318817462
https://openalex.org/W2079215118
https://openalex.org/W1967779687
https://openalex.org/W2018016735
https://openalex.org/W1591958125
https://openalex.org/W1977350540
https://openalex.org/W2004971321
https://openalex.org/W1990057120
https://openalex.org/W2012537607
https://openalex.org/W2052280647
https://openalex.org/W2075097138
https://openalex.org/W2091882242
https://openalex.org/W2010193395
https://openalex.org/W2010711430
https://openalex.org/W2088517150
https://openalex.org/W1996698288
https://openalex.org/W2153560918
https://openalex.org/W117481681
https://openalex.org/W2085531972
https://openalex.org/W2163645714
https://openalex.org/W1528905160
https://openalex.org/W1966497893
https://openalex.org/W2117972868
https://openalex.org/W2151144416
https://openalex.org/W2166232473
https://openalex.org/W1977416210
https://openalex.org/W2013226759
https://openalex.org/W2089602397
https://openalex.org/W2089740976
https://openalex.org/W2134376990
https://openalex.org/W1967500637
https://openalex.org/W1997696094
https://openalex.org/W2009213969
https://openalex.org/W2062997707
https://openalex.org/W2140983776
https://openalex.org/W177366887
https://openalex.org/W2020926498
https://openalex.org/W2041963603
https://openalex.org/W2047147220
https://openalex.org/W2100480914
https://openalex.org/W2137769556
https://openalex.org/W2146801903
https://openalex.org/W2082590646
https://openalex.org/W2088198790
https://openalex.org/W2089618969
https://openalex.org/W2116962418
https://openalex.org/W2134949078
https://openalex.org/W2166680362
https://openalex.org/W1985169250
https://openalex.org/W2008193440
https://openalex.org/W2032497109
https://openalex.org/W2048830310
https://openalex.org/W2052638365
https://openalex.org/W2068942139
https://openalex.org/W2090518425
https://openalex.org/W2111803052
https://openalex.org/W2787087445
https://openalex.org/W2039659404
https://openalex.org/W2464706539
https://openalex.org/W2743823764
https://openalex.org/W2748715253
https://openalex.org/W2859832022
https://openalex.org/W2902785666
https://openalex.org/W317211437
https://openalex.org/W2133420565
https://openalex.org/W2278487930
https://openalex.org/W2490056432
https://openalex.org/W2586437956
https://openalex.org/W2614189488
https://openalex.org/W2737120226
https://openalex.org/W2782341440
https://openalex.org/W2790544247
https://openalex.org/W2792884986
https://openalex.org/W2792933787
https://openalex.org/W2885642468
https://openalex.org/W2893889473
https://openalex.org/W2917455802
https://openalex.org/W2920208274
https://openalex.org/W2968753777
https://openalex.org/W2981300021
https://openalex.org/W2989667928
https://openalex.org/W2996898085
https://openalex.org/W3002664791
https://openalex.org/W642982694
https://openalex.org/W2465736230
https://openalex.org/W2518723582
https://openalex.org/W2904623082
https://openalex.org/W2912315794
https://openalex.org/W2918899836
https://openalex.org/W2948133619
https://openalex.org/W2971284820
https://openalex.org/W2900940096
https://openalex.org/W2955968854
https://openalex.org/W2969399774
https://openalex.org/W2969968816
https://openalex.org/W3015305327
https://openalex.org/W3064083440
https://openalex.org/W3109539780
https://openalex.org/W3154993235
https://openalex.org/W3175500462
https://openalex.org/W4224944629
https://openalex.org/W4312095124
https://openalex.org/W4312140534
https://openalex.org/W4313499678
https://openalex.org/W4316506461
https://openalex.org/W4321446804
https://openalex.org/W4321463827
https://openalex.org/W4324117999
https://openalex.org/W4379376822
https://openalex.org/W4379470419
https://openalex.org/W4380879142
https://openalex.org/W4384037754
https://openalex.org/W4385480028
https://openalex.org/W4385655226
https://openalex.org/W4386533105
https://openalex.org/W4386633823
https://openalex.org/W4386703302
https://openalex.org/W4387965279
https://openalex.org/W4388230702
https://openalex.org/W4388499230
https://openalex.org/W2166193445
https://openalex.org/W2171306913
https://openalex.org/W1998565035
https://openalex.org/W2000760541
https://openalex.org/W2033895006
https://openalex.org/W1886698813
https://openalex.org/W1989307265
https://openalex.org/W1992504903
https://openalex.org/W2096454804
https://openalex.org/W2034553125
https://openalex.org/W2040108221
https://openalex.org/W2059172467
https://openalex.org/W2067234283
https://openalex.org/W2074292579
https://openalex.org/W2089715698
https://openalex.org/W4242278517
https://openalex.org/W2054993610
https://openalex.org/W1970144108
https://openalex.org/W2064429990
https://openalex.org/W2069112468
https://openalex.org/W2075227327
https://openalex.org/W2142897390
https://openalex.org/W1611366525
https://openalex.org/W1999480270
https://openalex.org/W2044551530
https://openalex.org/W2045424967
https://openalex.org/W2065973646
https://openalex.org/W2091111867
https://openalex.org/W2095593834
https://openalex.org/W2070210344
https://openalex.org/W2169202483
https://openalex.org/W1976391075
https://openalex.org/W2020730151
https://openalex.org/W2060397521
https://openalex.org/W2101251098
https://openalex.org/W1985544262
https://openalex.org/W1986365656
https://openalex.org/W2087165411
https://openalex.org/W2157640351
https://openalex.org/W2160915814
https://openalex.org/W1984101466
https://openalex.org/W2118214532
https://openalex.org/W1965335771
https://openalex.org/W2025100003
https://openalex.org/W2047484420
https://openalex.org/W1488531298
https://openalex.org/W1509535605
https://openalex.org/W2020433229
https://openalex.org/W2026641821
https://openalex.org/W2029981503
https://openalex.org/W2033227767
https://openalex.org/W2045545294
https://openalex.org/W1488907973
https://openalex.org/W1967024789
https://openalex.org/W1998088088
https://openalex.org/W2012747759
https://openalex.org/W2048194527
https://openalex.org/W2061038191
https://openalex.org/W2076326275
https://openalex.org/W2082998224
https://openalex.org/W2094406774
https://openalex.org/W2102240528
https://openalex.org/W2160888092
https://openalex.org/W2328705360
https://openalex.org/W1584461097
https://openalex.org/W1993744983
https://openalex.org/W1994872659
https://openalex.org/W2011654407
https://openalex.org/W2042840105
https://openalex.org/W2045090662
https://openalex.org/W2059068927
https://openalex.org/W2102934930
https://openalex.org/W2113136813
https://openalex.org/W2166463438
https://openalex.org/W2317211099
https://openalex.org/W1995314163
https://openalex.org/W2024825844
https://openalex.org/W2056853575
https://openalex.org/W2065249976
https://openalex.org/W2117189567
https://openalex.org/W2129223430
https://openalex.org/W2133531393
https://openalex.org/W2140383342
https://openalex.org/W346030584
https://openalex.org/W1530487633
https://openalex.org/W1985259016
https://openalex.org/W1986356639
https://openalex.org/W2010699911
https://openalex.org/W2049629368
https://openalex.org/W2061894038
https://openalex.org/W2074540845
https://openalex.org/W2174715268
https://openalex.org/W2886795760
https://openalex.org/W2891196110
https://openalex.org/W2980299867
https://openalex.org/W144590132
https://openalex.org/W1986299052
https://openalex.org/W2034170601
https://openalex.org/W2161127360
https://openalex.org/W2193205833
https://openalex.org/W2280471248
https://openalex.org/W2561897714
https://openalex.org/W2564248586
https://openalex.org/W2808578153
https://openalex.org/W2981183128
https://openalex.org/W2066845258
https://openalex.org/W2287610227
https://openalex.org/W2303550071
https://openalex.org/W2477861876
https://openalex.org/W2517584599
https://openalex.org/W2557026413
https://openalex.org/W2559292890
https://openalex.org/W2907772236
https://openalex.org/W2974738805
https://openalex.org/W2996477183
https://openalex.org/W2516208467
https://openalex.org/W2521241754
https://openalex.org/W2995117773
https://openalex.org/W3005827022
https://openalex.org/W3085782081
https://openalex.org/W3089380886
https://openalex.org/W3090080032
https://openalex.org/W2984471565
https://openalex.org/W2996952103
https://openalex.org/W3000641257
https://openalex.org/W3014721882
https://openalex.org/W3022163309
https://openalex.org/W3048235664
https://openalex.org/W3049651907
https://openalex.org/W3092873217
https://openalex.org/W3172380050
https://openalex.org/W3202276055
https://openalex.org/W2797180937
https://openalex.org/W4205900211
https://openalex.org/W4206175868
https://openalex.org/W4210541416
https://openalex.org/W4224224711
https://openalex.org/W4224228946
https://openalex.org/W4283009090
https://openalex.org/W4285009751
https://openalex.org/W4286253374
https://openalex.org/W4287921657
https://openalex.org/W4289890575
https://openalex.org/W4292177991
https://openalex.org/W4308952517
https://openalex.org/W1977309338
https://openalex.org/W2009597493
https://openalex.org/W1954206909
https://openalex.org/W1272050527
https://openalex.org/W1874468630
https://openalex.org/W1970074207
https://openalex.org/W1979084136
https://openalex.org/W2044746068
https://openalex.org/W2095289648
https://openalex.org/W1926273441
https://openalex.org/W2005216376
https://openalex.org/W2008827565
https://openalex.org/W2025600761
https://openalex.org/W2329117925
https://openalex.org/W2007906724
https://openalex.org/W2826896
https://openalex.org/W2017646656
https://openalex.org/W2161354984
https://openalex.org/W2026883503
https://openalex.org/W2027832686
https://openalex.org/W2053875005
https://openalex.org/W2159756113
https://openalex.org/W2406023065
https://openalex.org/W2000777402
https://openalex.org/W2070319404
https://openalex.org/W126977844
https://openalex.org/W2006311158
https://openalex.org/W2035226109
https://openalex.org/W2164401152
https://openalex.org/W2009533675
https://openalex.org/W2007410394
https://openalex.org/W2080402604
https://openalex.org/W2082482895
https://openalex.org/W1535197914
https://openalex.org/W2038773641
https://openalex.org/W2080432423
https://openalex.org/W1963528524
https://openalex.org/W2011930359
https://openalex.org/W2018762810
https://openalex.org/W2046131841
https://openalex.org/W2002925573
https://openalex.org/W2005469582
https://openalex.org/W2069763726
https://openalex.org/W2146896522
https://openalex.org/W2017043466
https://openalex.org/W2069227820
https://openalex.org/W2069830854
https://openalex.org/W2070831863
https://openalex.org/W2086848664
https://openalex.org/W2096835935
https://openalex.org/W2161311502
https://openalex.org/W2002231914
https://openalex.org/W2018636637
https://openalex.org/W2078341385
https://openalex.org/W2113883690
https://openalex.org/W2125189288
https://openalex.org/W2147199738
https://openalex.org/W2395952901
https://openalex.org/W2546548472
https://openalex.org/W1755468985
https://openalex.org/W1972475829
https://openalex.org/W1981405641
https://openalex.org/W1995368582
https://openalex.org/W2007260981
https://openalex.org/W2037128147
https://openalex.org/W2044267199
https://openalex.org/W2061893844
https://openalex.org/W2072847211
https://openalex.org/W2124170822
https://openalex.org/W2215090415
https://openalex.org/W2589562263
https://openalex.org/W2733524428
https://openalex.org/W2758274923
https://openalex.org/W186566121
https://openalex.org/W2017353699
https://openalex.org/W2104277433
https://openalex.org/W2278873644
https://openalex.org/W2292174392
https://openalex.org/W2444627778
https://openalex.org/W2472093852
https://openalex.org/W2523873094
https://openalex.org/W2536689737
https://openalex.org/W2556372460
https://openalex.org/W2742791921
https://openalex.org/W2763359285
https://openalex.org/W2765638708
https://openalex.org/W2884034843
https://openalex.org/W2888591156
https://openalex.org/W2901109222
https://openalex.org/W2903431616
https://openalex.org/W2908452826
https://openalex.org/W2913544479
https://openalex.org/W2913816073
https://openalex.org/W2919582720
https://openalex.org/W2924050501
https://openalex.org/W2925105310
https://openalex.org/W2946415268
https://openalex.org/W2990081511
https://openalex.org/W2996987127
https://openalex.org/W2425189697
https://openalex.org/W2508074936
https://openalex.org/W2909106156
https://openalex.org/W2938233462
https://openalex.org/W2970306695
https://openalex.org/W2981072234
https://openalex.org/W2887324108
https://openalex.org/W2978625228
https://openalex.org/W3001909884
https://openalex.org/W3014897221
https://openalex.org/W3015699826
https://openalex.org/W3035381914
https://openalex.org/W3150163978
https://openalex.org/W3155303379
https://openalex.org/W3158536705
https://openalex.org/W3174656907
https://openalex.org/W3182875815
https://openalex.org/W3185556318
https://openalex.org/W3187486683
https://openalex.org/W3192475187
https://openalex.org/W3203830547
https://openalex.org/W4200444550
https://openalex.org/W4220865324
https://openalex.org/W4220940767
https://openalex.org/W4281692057
https://openalex.org/W4283460246
https://openalex.org/W4283777196
https://openalex.org/W4285489695
https://openalex.org/W4286836161
https://openalex.org/W4296095952
https://openalex.org/W4304810992
https://openalex.org/W4308652127
https://openalex.org/W1989412812
https://openalex.org/W2062041045
https://openalex.org/W2083578293
https://openalex.org/W2489451359
https://openalex.org/W2077595033
https://openalex.org/W14582263
https://openalex.org/W1524223371
https://openalex.org/W1964647571
https://openalex.org/W1983374820
https://openalex.org/W2012244391
https://openalex.org/W2165898752
https://openalex.org/W1896127315
https://openalex.org/W2066959407
https://openalex.org/W2094452355
https://openalex.org/W2114132974
https://openalex.org/W37902579
https://openalex.org/W2042994161
https://openalex.org/W2061720707
https://openalex.org/W1522893471
https://openalex.org/W1990183457
https://openalex.org/W2007786367
https://openalex.org/W2030144115
https://openalex.org/W2102254697
https://openalex.org/W2137570846
https://openalex.org/W1966947815
https://openalex.org/W2104105195
https://openalex.org/W1993646588
https://openalex.org/W1972641747
https://openalex.org/W1990996801
https://openalex.org/W2073129084
https://openalex.org/W2305890538
https://openalex.org/W2000930515
https://openalex.org/W2074274058
https://openalex.org/W2092124059
https://openalex.org/W2166517748
https://openalex.org/W1966930919
https://openalex.org/W1992118446
https://openalex.org/W4231840622
https://openalex.org/W1968446907
https://openalex.org/W1968719732
https://openalex.org/W2033685391
https://openalex.org/W2034986501
https://openalex.org/W2066173921
https://openalex.org/W2315268212
https://openalex.org/W2332408995
https://openalex.org/W1582294472
https://openalex.org/W1899089001
https://openalex.org/W1976831195
https://openalex.org/W1977560011
https://openalex.org/W2007639361
https://openalex.org/W2040213030
https://openalex.org/W2057895946
https://openalex.org/W2070632187
https://openalex.org/W2078718847
https://openalex.org/W2119074378
https://openalex.org/W2313171759
https://openalex.org/W3103827942
https://openalex.org/W1599380888
https://openalex.org/W1748803160
https://openalex.org/W1773704789
https://openalex.org/W1890404290
https://openalex.org/W1970910372
https://openalex.org/W1977817485
https://openalex.org/W1995489121
https://openalex.org/W2004874257
https://openalex.org/W2031072384
https://openalex.org/W2060741718
https://openalex.org/W2069778136
https://openalex.org/W2069864748
https://openalex.org/W2075993772
https://openalex.org/W2090848315
https://openalex.org/W2115482063
https://openalex.org/W2588293747
https://openalex.org/W2594418620
https://openalex.org/W2606576634
https://openalex.org/W2621598250
https://openalex.org/W2736004237
https://openalex.org/W2761665163
https://openalex.org/W2765945089
https://openalex.org/W2778553815
https://openalex.org/W3003687592
https://openalex.org/W1202479999
https://openalex.org/W1544023999
https://openalex.org/W1939571747
https://openalex.org/W2064996049
https://openalex.org/W2148096522
https://openalex.org/W2156051911
https://openalex.org/W2205737835
https://openalex.org/W2275345030
https://openalex.org/W2467568047
https://openalex.org/W2468389415
https://openalex.org/W2487523146
https://openalex.org/W2769227119
https://openalex.org/W2778629752
https://openalex.org/W2792606009
https://openalex.org/W2805148178
https://openalex.org/W2888144146
https://openalex.org/W2900930911
https://openalex.org/W2906545368
https://openalex.org/W2924558613
https://openalex.org/W2965978280
https://openalex.org/W2969920478
https://openalex.org/W1774720243
https://openalex.org/W2108174905
https://openalex.org/W2341605860
https://openalex.org/W2412980353
https://openalex.org/W2414489225
https://openalex.org/W2414815396
https://openalex.org/W2427101912
https://openalex.org/W2461721849
https://openalex.org/W2984766064
https://openalex.org/W2992275841
https://openalex.org/W2997155367
https://openalex.org/W2999306271
https://openalex.org/W3003450440
https://openalex.org/W3008510314
https://openalex.org/W2988441831
https://openalex.org/W3003632670
https://openalex.org/W3010239950
https://openalex.org/W3021408148
https://openalex.org/W3035403125
https://openalex.org/W3039771853
https://openalex.org/W3048761349
https://openalex.org/W3133455401
https://openalex.org/W3126097513
https://openalex.org/W3142189273
https://openalex.org/W3158390521
https://openalex.org/W3166896785
https://openalex.org/W3194085395
https://openalex.org/W3195517319
https://openalex.org/W3203288134
https://openalex.org/W2038526144
https://openalex.org/W1983993808
https://openalex.org/W1976833260
https://openalex.org/W1979867380
https://openalex.org/W2071907008
https://openalex.org/W2086324347
https://openalex.org/W2133342941
https://openalex.org/W2145039494
https://openalex.org/W2528107639
https://openalex.org/W49900292
https://openalex.org/W1581749368
https://openalex.org/W1968476121
https://openalex.org/W2063070367
https://openalex.org/W2081421623
https://openalex.org/W1497072049
https://openalex.org/W2017630621
https://openalex.org/W2072214491
https://openalex.org/W2170167557
https://openalex.org/W1995095704
https://openalex.org/W2026975284
https://openalex.org/W2071478731
https://openalex.org/W2085690515
https://openalex.org/W1559411331
https://openalex.org/W1982693107
https://openalex.org/W2032817380
https://openalex.org/W2055612029
https://openalex.org/W2061128714
https://openalex.org/W2130149979
https://openalex.org/W2028689137
https://openalex.org/W2040078785
https://openalex.org/W2062502662
https://openalex.org/W2081718834
https://openalex.org/W2094245657
https://openalex.org/W2095274949
https://openalex.org/W1975661703
https://openalex.org/W2027531410
https://openalex.org/W2036402963
https://openalex.org/W127199097
https://openalex.org/W1617853853
https://openalex.org/W2015353749
https://openalex.org/W2048960753
https://openalex.org/W2087394830
https://openalex.org/W2125386576
https://openalex.org/W1973717040
https://openalex.org/W2051575917
https://openalex.org/W2062124848
https://openalex.org/W2089718274
https://openalex.org/W1532218746
https://openalex.org/W1964162607
https://openalex.org/W1970497036
https://openalex.org/W2030926861
https://openalex.org/W2031107765
https://openalex.org/W2074725094
https://openalex.org/W2117338039
https://openalex.org/W2125240897
https://openalex.org/W2331958202
https://openalex.org/W2110998314
https://openalex.org/W1522655533
https://openalex.org/W1991575470
https://openalex.org/W1993017557
https://openalex.org/W2064799506
https://openalex.org/W2078639695
https://openalex.org/W2091499853
https://openalex.org/W2126740605
https://openalex.org/W2129815043
https://openalex.org/W2132252250
https://openalex.org/W2168968003
https://openalex.org/W1481130657
https://openalex.org/W1823657533
https://openalex.org/W1943932655
https://openalex.org/W1970237140
https://openalex.org/W1996355462
https://openalex.org/W2003230441
https://openalex.org/W2006829100
https://openalex.org/W2023850430
https://openalex.org/W2033072461
https://openalex.org/W2035563047
https://openalex.org/W2047759468
https://openalex.org/W2107667089
https://openalex.org/W2135480621
https://openalex.org/W2148505008
https://openalex.org/W2317181082
https://openalex.org/W2331372709
https://openalex.org/W2582885014
https://openalex.org/W2726975717
https://openalex.org/W2744425837
https://openalex.org/W2751567042
https://openalex.org/W2761720481
https://openalex.org/W2761729144
https://openalex.org/W2761937903
https://openalex.org/W2766503258
https://openalex.org/W2886337190
https://openalex.org/W2991139647
https://openalex.org/W2995184820
https://openalex.org/W2996594939
https://openalex.org/W1532954167
https://openalex.org/W1540788974
https://openalex.org/W1617986175
https://openalex.org/W1680640258
https://openalex.org/W2022858782
https://openalex.org/W2039300992
https://openalex.org/W2134115864
https://openalex.org/W2271050905
https://openalex.org/W2295920082
https://openalex.org/W2329652907
https://openalex.org/W2550617652
https://openalex.org/W2572349955
https://openalex.org/W2901815287
https://openalex.org/W2912410823
https://openalex.org/W2938189743
https://openalex.org/W2946826194
https://openalex.org/W2947612775
https://openalex.org/W2980305902
https://openalex.org/W2982269872
https://openalex.org/W2990055042
https://openalex.org/W2997863462
https://openalex.org/W937874026
https://openalex.org/W2951126741
https://openalex.org/W2989739896
https://openalex.org/W3008107245
https://openalex.org/W3010266962
https://openalex.org/W3020093888
https://openalex.org/W3045427645
https://openalex.org/W3132058843
https://openalex.org/W3115274819
https://openalex.org/W3123911414
https://openalex.org/W3157809558
https://openalex.org/W3158731930
https://openalex.org/W3210478604
https://openalex.org/W4206197958
https://openalex.org/W4207035928
https://openalex.org/W4213054398
https://openalex.org/W4220723072
https://openalex.org/W4224086922
https://openalex.org/W4224213920
https://openalex.org/W4225153153
https://openalex.org/W4280524090
https://openalex.org/W4283708309
https://openalex.org/W4289260678
https://openalex.org/W4289745394
https://openalex.org/W4290079497
https://openalex.org/W4296466110
https://openalex.org/W4297200865
https://openalex.org/W4304113707
https://openalex.org/W4307763973
https://openalex.org/W3157742232
https://openalex.org/W4296632348
https://openalex.org/W4309422427
https://openalex.org/W4321478401
https://openalex.org/W4323295186
https://openalex.org/W4328054003
https://openalex.org/W4365448820
https://openalex.org/W4366524808
https://openalex.org/W4366748324
https://openalex.org/W4372258188
https://openalex.org/W4376866302
https://openalex.org/W4377031103
https://openalex.org/W4379057478
https://openalex.org/W4379197542
https://openalex.org/W4379381899
https://openalex.org/W4382314355
https://openalex.org/W4384277216
https://openalex.org/W4384820002
https://openalex.org/W4384829770
https://openalex.org/W4385429291
https://openalex.org/W4385785892
https://openalex.org/W4386346727
https://openalex.org/W4386484148
https://openalex.org/W4386737062
https://openalex.org/W4386748256
https://openalex.org/W4386916764
https://openalex.org/W4386965142
https://openalex.org/W4387595126
https://openalex.org/W4387782780
https://openalex.org/W4387889582
https://openalex.org/W4388302430
https://openalex.org/W4388471772
https://openalex.org/W4388538846
https://openalex.org/W4389060168
https://openalex.org/W4389086146
https://openalex.org/W4389888866
https://openalex.org/W4389914360
https://openalex.org/W4390795800
https://openalex.org/W2016306826
https://openalex.org/W2090370493
https://openalex.org/W1592755914
https://openalex.org/W1982671229
https://openalex.org/W1995888748
https://openalex.org/W2090453704
https://openalex.org/W1993286208
https://openalex.org/W2023421763
https://openalex.org/W2047429306
https://openalex.org/W2051499265
https://openalex.org/W2079718825
https://openalex.org/W2011018782
https://openalex.org/W147079005
https://openalex.org/W1984038343
https://openalex.org/W2012687677
https://openalex.org/W2051861587
https://openalex.org/W2053199992
https://openalex.org/W2057826908
https://openalex.org/W2048574058
https://openalex.org/W2006032232
https://openalex.org/W2069528623
https://openalex.org/W2089728176
https://openalex.org/W2113338774
https://openalex.org/W2022770149
https://openalex.org/W2035041296
https://openalex.org/W2012551934
https://openalex.org/W2061546874
https://openalex.org/W2068507756
https://openalex.org/W2112346024
https://openalex.org/W2150813245
https://openalex.org/W2015217146
https://openalex.org/W2045055937
https://openalex.org/W2081984400
https://openalex.org/W1236067536
https://openalex.org/W168617272
https://openalex.org/W1974581369
https://openalex.org/W2036865136
https://openalex.org/W2040853365
https://openalex.org/W2047354562
https://openalex.org/W2069979945
https://openalex.org/W2092200289
https://openalex.org/W2593011081
https://openalex.org/W2735473709
https://openalex.org/W2763499735
https://openalex.org/W2772493324
https://openalex.org/W2787739670
https://openalex.org/W2887029889
https://openalex.org/W2895765370
https://openalex.org/W2900663222
https://openalex.org/W1667847497
https://openalex.org/W1990187725
https://openalex.org/W2020172867
https://openalex.org/W2045522767
https://openalex.org/W2086227364
https://openalex.org/W2126532727
https://openalex.org/W2128890723
https://openalex.org/W2138353528
https://openalex.org/W2177385352
https://openalex.org/W2223019789
https://openalex.org/W2312853473
https://openalex.org/W2342798958
https://openalex.org/W2545805951
https://openalex.org/W2593566198
https://openalex.org/W2613372885
https://openalex.org/W2753072628
https://openalex.org/W2767634349
https://openalex.org/W2891855630
https://openalex.org/W2933380164
https://openalex.org/W2946174333
https://openalex.org/W2954625322
https://openalex.org/W2965451410
https://openalex.org/W2199359445
https://openalex.org/W2319452004
https://openalex.org/W1538596737
https://openalex.org/W118144691
https://openalex.org/W2079392811
https://openalex.org/W2091261382
https://openalex.org/W2114189566
https://openalex.org/W1968805878
https://openalex.org/W2038651898
https://openalex.org/W2041206967
https://openalex.org/W2044075187
https://openalex.org/W2050185618
https://openalex.org/W2051668316
https://openalex.org/W2160200682
https://openalex.org/W2169257843
https://openalex.org/W93095092
https://openalex.org/W1964558956
https://openalex.org/W5768453
https://openalex.org/W2018039085
https://openalex.org/W2054213181
https://openalex.org/W2074755551
https://openalex.org/W1511277442
https://openalex.org/W1967709636
https://openalex.org/W1994563840
https://openalex.org/W2107063760
https://openalex.org/W1481727919
https://openalex.org/W2033937453
https://openalex.org/W2609149874
https://openalex.org/W2014858657
https://openalex.org/W2022748237
https://openalex.org/W2069627727
https://openalex.org/W2080639398
https://openalex.org/W1963497776
https://openalex.org/W1982395194
https://openalex.org/W2017876456
https://openalex.org/W2059381978
https://openalex.org/W2149083227
https://openalex.org/W2330978499
https://openalex.org/W1968285336
https://openalex.org/W2018278396
https://openalex.org/W2038052565
https://openalex.org/W2161556139
https://openalex.org/W2163120768
https://openalex.org/W1717766312
https://openalex.org/W1779972075
https://openalex.org/W184655904
https://openalex.org/W1973462878
https://openalex.org/W2010464911
https://openalex.org/W2016528011
https://openalex.org/W2019630618
https://openalex.org/W2086763568
https://openalex.org/W2105226377
https://openalex.org/W2112612909
https://openalex.org/W2150703432
https://openalex.org/W2150746548
https://openalex.org/W2309434251
https://openalex.org/W2513867337
https://openalex.org/W2900019363
https://openalex.org/W3158324054
https://openalex.org/W1901863899
https://openalex.org/W1964543372
https://openalex.org/W1974708233
https://openalex.org/W1975481655
https://openalex.org/W1978104712
https://openalex.org/W2008048369
https://openalex.org/W2010631603
https://openalex.org/W2046234249
https://openalex.org/W2055585282
https://openalex.org/W2078165461
https://openalex.org/W2083729388
https://openalex.org/W2084429199
https://openalex.org/W2123856236
https://openalex.org/W2227937689
https://openalex.org/W2260070824
https://openalex.org/W2297274231
https://openalex.org/W2320168291
https://openalex.org/W2399395932
https://openalex.org/W2427360727
https://openalex.org/W2580906249
https://openalex.org/W2591997156
https://openalex.org/W2725766372
https://openalex.org/W2785328089
https://openalex.org/W2906316934
https://openalex.org/W2910965184
https://openalex.org/W2915586456
https://openalex.org/W2921675621
https://openalex.org/W2924959604
https://openalex.org/W2941121631
https://openalex.org/W2942183826
https://openalex.org/W2947940450
https://openalex.org/W2972401367
https://openalex.org/W2993471157
https://openalex.org/W2998643368
https://openalex.org/W3007867082
https://openalex.org/W3008144398
https://openalex.org/W3015950749
https://openalex.org/W3026694632
https://openalex.org/W3027138028
https://openalex.org/W3090957549
https://openalex.org/W3097173140
https://openalex.org/W3161585207
https://openalex.org/W2232187965
https://openalex.org/W2337628202
https://openalex.org/W2342455719
https://openalex.org/W2411535112
https://openalex.org/W2419659915
https://openalex.org/W2512725830
https://openalex.org/W2585681473
https://openalex.org/W3013116614
https://openalex.org/W3025657495
https://openalex.org/W3094041237
https://openalex.org/W3127673819
https://openalex.org/W3132724205
https://openalex.org/W3135796894
https://openalex.org/W3152254673
https://openalex.org/W3153240618
https://openalex.org/W3154127581
https://openalex.org/W3162443273
https://openalex.org/W3177072389
https://openalex.org/W3198377441
https://openalex.org/W3207595021
https://openalex.org/W3210784772
https://openalex.org/W3212085462
https://openalex.org/W4229025232
https://openalex.org/W2067792897
https://openalex.org/W2321105498
https://openalex.org/W2407029050
https://openalex.org/W1973897078
https://openalex.org/W2052873656
https://openalex.org/W2064306618
https://openalex.org/W2090672472
https://openalex.org/W2091523980
https://openalex.org/W2097752218
https://openalex.org/W1504906650
https://openalex.org/W2606054398
https://openalex.org/W2054906596
https://openalex.org/W2087452058
https://openalex.org/W2089594568
https://openalex.org/W2156859961
https://openalex.org/W2608428021
https://openalex.org/W35762391
https://openalex.org/W2002698968
https://openalex.org/W1987729889
https://openalex.org/W1966959055
https://openalex.org/W2186392389
https://openalex.org/W1528242384
https://openalex.org/W1986357215
https://openalex.org/W1993014953
https://openalex.org/W2067787110
https://openalex.org/W2149742253
https://openalex.org/W2156895282
https://openalex.org/W2328586908
https://openalex.org/W2413820055
https://openalex.org/W1973104561
https://openalex.org/W2172270149
https://openalex.org/W40268033
https://openalex.org/W2008489839
https://openalex.org/W2010320976
https://openalex.org/W2036628647
https://openalex.org/W2063434657
https://openalex.org/W108221389
https://openalex.org/W1835254447
https://openalex.org/W1891055667
https://openalex.org/W2008987860
https://openalex.org/W2091513527
https://openalex.org/W2093674602
https://openalex.org/W2319310355
https://openalex.org/W2463904601
https://openalex.org/W2796706710
https://openalex.org/W2890441028
https://openalex.org/W2890893611
https://openalex.org/W2895791058
https://openalex.org/W2896156364
https://openalex.org/W2904646808
https://openalex.org/W379984276
https://openalex.org/W1965661133
https://openalex.org/W1966019233
https://openalex.org/W1982027162
https://openalex.org/W1999189204
https://openalex.org/W2007625676
https://openalex.org/W2011049673
https://openalex.org/W2052590574
https://openalex.org/W2084376384
https://openalex.org/W2086932997
https://openalex.org/W2164683050
https://openalex.org/W2176185933
https://openalex.org/W2211413534
https://openalex.org/W2576167067
https://openalex.org/W2749830692
https://openalex.org/W2759738032
https://openalex.org/W2763804524
https://openalex.org/W2797831716
https://openalex.org/W2903696773
https://openalex.org/W2910812735
https://openalex.org/W2914862518
https://openalex.org/W2935679839
https://openalex.org/W2959888405
https://openalex.org/W2966327134
https://openalex.org/W2968271803
https://openalex.org/W2971624240
https://openalex.org/W3009807532
https://openalex.org/W3010630372
https://openalex.org/W3012320552
https://openalex.org/W3016652998
https://openalex.org/W3018874614
https://openalex.org/W3026486866
https://openalex.org/W3029954454
https://openalex.org/W3035932732
https://openalex.org/W3047796935
https://openalex.org/W3092033117
https://openalex.org/W3097095403
https://openalex.org/W3177005641
https://openalex.org/W3110907178
https://openalex.org/W3115630172
https://openalex.org/W3126421589
https://openalex.org/W3129318334
https://openalex.org/W3135882697
https://openalex.org/W3168900437
https://openalex.org/W3180088827
https://openalex.org/W3181896090
https://openalex.org/W3191818928
https://openalex.org/W3194875338
https://openalex.org/W3200014489
https://openalex.org/W3206451030
https://openalex.org/W3207855973
https://openalex.org/W3210445033
https://openalex.org/W3212916507
https://openalex.org/W4200276341
https://openalex.org/W3202452334
https://openalex.org/W3215080709
https://openalex.org/W4200076993
https://openalex.org/W4206707901
https://openalex.org/W4213322391
https://openalex.org/W4214555896
https://openalex.org/W4220968955
https://openalex.org/W4225830041
https://openalex.org/W4225888882
https://openalex.org/W4280621648
https://openalex.org/W4283013657
https://openalex.org/W4283365052
https://openalex.org/W4289443466
https://openalex.org/W4296526810
https://openalex.org/W4303578961
https://openalex.org/W4304689587
https://openalex.org/W4309269400
https://openalex.org/W4311568687
https://openalex.org/W2069784587
https://openalex.org/W2080843991
https://openalex.org/W1986979527
https://openalex.org/W2076862629
https://openalex.org/W2080937697
https://openalex.org/W2314318559
https://openalex.org/W1998228023
https://openalex.org/W1483716153
https://openalex.org/W1588150658
https://openalex.org/W1979379404
https://openalex.org/W2013053583
https://openalex.org/W2015886796
https://openalex.org/W2063481597
https://openalex.org/W2086272346
https://openalex.org/W2095692043
https://openalex.org/W315323339
https://openalex.org/W1664246066
https://openalex.org/W2075160555
https://openalex.org/W1976460533
https://openalex.org/W2008667677
https://openalex.org/W130614513
https://openalex.org/W2798494090
https://openalex.org/W1994530048
https://openalex.org/W2023791979
https://openalex.org/W2079287935
https://openalex.org/W2109212137
https://openalex.org/W2170766004
https://openalex.org/W2328948721
https://openalex.org/W2736679304
https://openalex.org/W2765233070
https://openalex.org/W2770789780
https://openalex.org/W2776613374
https://openalex.org/W2789460898
https://openalex.org/W2794396697
https://openalex.org/W2794756377
https://openalex.org/W2795034059
https://openalex.org/W2797240053
https://openalex.org/W2886229044
https://openalex.org/W2910919025
https://openalex.org/W1781095547
https://openalex.org/W1968436128
https://openalex.org/W1989659843
https://openalex.org/W2001595681
https://openalex.org/W2021774462
https://openalex.org/W2025162692
https://openalex.org/W2040535956
https://openalex.org/W2044414230
https://openalex.org/W2080361738
https://openalex.org/W2097491405
https://openalex.org/W2163489155
https://openalex.org/W2288484926
https://openalex.org/W2308898575
https://openalex.org/W2336530765
https://openalex.org/W2357030137
https://openalex.org/W2407079902
https://openalex.org/W2415400750
https://openalex.org/W2416468194
https://openalex.org/W2424831502
https://openalex.org/W2495100194
https://openalex.org/W2526081267
https://openalex.org/W2548929097
https://openalex.org/W2566842861
https://openalex.org/W2738488084
https://openalex.org/W2744663485
https://openalex.org/W2753061898
https://openalex.org/W2758843728
https://openalex.org/W2793688451
https://openalex.org/W2978736959
https://openalex.org/W2979478834
https://openalex.org/W3016096262
https://openalex.org/W3016686181
https://openalex.org/W3018139912
https://openalex.org/W3083579035
https://openalex.org/W3096721906
https://openalex.org/W4237865480
https://openalex.org/W4244141050
https://openalex.org/W1410345129
https://openalex.org/W1986702013
https://openalex.org/W1987377547
https://openalex.org/W1978539355
https://openalex.org/W2097584464
https://openalex.org/W2132691522
https://openalex.org/W1956718955
https://openalex.org/W1575376210
https://openalex.org/W1632963374
https://openalex.org/W1966454407
https://openalex.org/W2007830122
https://openalex.org/W2010579385
https://openalex.org/W2030755412
https://openalex.org/W2038324722
https://openalex.org/W2114000036
https://openalex.org/W2316183768
https://openalex.org/W1870750606
https://openalex.org/W2047963349
https://openalex.org/W2284262179
https://openalex.org/W2004756093
https://openalex.org/W2044150320
https://openalex.org/W2141681911
https://openalex.org/W2404903093
https://openalex.org/W1578992630
https://openalex.org/W1629912222
https://openalex.org/W2029388983
https://openalex.org/W2048510850
https://openalex.org/W2129304660
https://openalex.org/W2148861731
https://openalex.org/W1964579767
https://openalex.org/W1988006469
https://openalex.org/W2086758900
https://openalex.org/W1485423510
https://openalex.org/W1652978343
https://openalex.org/W1980643352
https://openalex.org/W2006984327
https://openalex.org/W2011461574
https://openalex.org/W2014606127
https://openalex.org/W2061051917
https://openalex.org/W2062481447
https://openalex.org/W2062516581
https://openalex.org/W2087103259
https://openalex.org/W1486049038
https://openalex.org/W1564475432
https://openalex.org/W1979354614
https://openalex.org/W1995146894
https://openalex.org/W2056898180
https://openalex.org/W2070189678
https://openalex.org/W2081946652
https://openalex.org/W2086882336
https://openalex.org/W2107219057
https://openalex.org/W2127168775
https://openalex.org/W2152033615
https://openalex.org/W2160898141
https://openalex.org/W2260869006
https://openalex.org/W2592197999
https://openalex.org/W2783192825
https://openalex.org/W2791012444
https://openalex.org/W2792089642
https://openalex.org/W2809400735
https://openalex.org/W2883130916
https://openalex.org/W2883944962
https://openalex.org/W2894051195
https://openalex.org/W2973140399
https://openalex.org/W2980405107
https://openalex.org/W2980986659
https://openalex.org/W2982324616
https://openalex.org/W3014811821
https://openalex.org/W4254581155
https://openalex.org/W4300775562
https://openalex.org/W1120443351
https://openalex.org/W1971982899
https://openalex.org/W1975363951
https://openalex.org/W1976354133
https://openalex.org/W2034423541
https://openalex.org/W2036841142
https://openalex.org/W2072193193
https://openalex.org/W2119555539
https://openalex.org/W2159227667
https://openalex.org/W2185875902
https://openalex.org/W2220977225
https://openalex.org/W2294666130
https://openalex.org/W2322860475
https://openalex.org/W234462291
https://openalex.org/W2397991918
https://openalex.org/W2401121363
https://openalex.org/W2409166333
https://openalex.org/W2474377454
https://openalex.org/W2521675848
https://openalex.org/W2524821672
https://openalex.org/W2535746533
https://openalex.org/W2554344863
https://openalex.org/W2574043400
https://openalex.org/W2752585984
https://openalex.org/W2951516130
https://openalex.org/W3087247703
https://openalex.org/W3092451297
https://openalex.org/W3116334425
https://openalex.org/W3125962506
https://openalex.org/W3130808092
https://openalex.org/W3135529074
https://openalex.org/W3136775161
https://openalex.org/W3136968958
https://openalex.org/W3138507411
https://openalex.org/W3152592608
https://openalex.org/W3156972482
https://openalex.org/W3167368923
https://openalex.org/W3167897299
https://openalex.org/W3184983806
https://openalex.org/W3196908669
https://openalex.org/W3215996260
https://openalex.org/W4200603538
https://openalex.org/W4240315649
https://openalex.org/W1487887227
https://openalex.org/W2003779348
https://openalex.org/W2114712258
https://openalex.org/W2161441318
https://openalex.org/W2257053949
https://openalex.org/W193076579
https://openalex.org/W2039752917
https://openalex.org/W2065896092
https://openalex.org/W2329923218
https://openalex.org/W1989653684
https://openalex.org/W2026855112
https://openalex.org/W2034077479
https://openalex.org/W2115470815
https://openalex.org/W2062486265
https://openalex.org/W2105902446
https://openalex.org/W102586330
https://openalex.org/W2020888012
https://openalex.org/W2051877327
https://openalex.org/W1969755539
https://openalex.org/W2044979635
https://openalex.org/W2084504373
https://openalex.org/W2179213669
https://openalex.org/W2410395411
https://openalex.org/W1780378246
https://openalex.org/W1975125790
https://openalex.org/W1997306672
https://openalex.org/W1964241008
https://openalex.org/W2012391351
https://openalex.org/W2027067714
https://openalex.org/W2067430809
https://openalex.org/W279591256
https://openalex.org/W1965496183
https://openalex.org/W1976937298
https://openalex.org/W1992348292
https://openalex.org/W2000268784
https://openalex.org/W2002767289
https://openalex.org/W2003436304
https://openalex.org/W2025069222
https://openalex.org/W2026291581
https://openalex.org/W2035376143
https://openalex.org/W2041412631
https://openalex.org/W2057192392
https://openalex.org/W2070997310
https://openalex.org/W2075607145
https://openalex.org/W2109781247
https://openalex.org/W2156568986
https://openalex.org/W2323648551
https://openalex.org/W2328811286
https://openalex.org/W2399029110
https://openalex.org/W2418931625
https://openalex.org/W2577376165
https://openalex.org/W2587229440
https://openalex.org/W2613598770
https://openalex.org/W2613971972
https://openalex.org/W2726102739
https://openalex.org/W2749338755
https://openalex.org/W2765261053
https://openalex.org/W2773662846
https://openalex.org/W2779325957
https://openalex.org/W2793584888
https://openalex.org/W2809196523
https://openalex.org/W2887225929
https://openalex.org/W2892182961
https://openalex.org/W2897121008
https://openalex.org/W2916739074
https://openalex.org/W2936282253
https://openalex.org/W2955687827
https://openalex.org/W2960144225
https://openalex.org/W2965433625
https://openalex.org/W2966589272
https://openalex.org/W2966838226
https://openalex.org/W2992685507
https://openalex.org/W2996937814
https://openalex.org/W3009339182
https://openalex.org/W3010067520
https://openalex.org/W3017206141
https://openalex.org/W3047939073
https://openalex.org/W3047974180
https://openalex.org/W3048217296
https://openalex.org/W3049383432
https://openalex.org/W3080326460
https://openalex.org/W3081198885
https://openalex.org/W3082828840
https://openalex.org/W3091277107
https://openalex.org/W3110984369
https://openalex.org/W3114777220
https://openalex.org/W1965733856
https://openalex.org/W2170527921
https://openalex.org/W2173097912
https://openalex.org/W2233727191
https://openalex.org/W2291244074
https://openalex.org/W2431620402
https://openalex.org/W2493329483
https://openalex.org/W2551548864
https://openalex.org/W2564822223
https://openalex.org/W4230805080
https://openalex.org/W2048911021
https://openalex.org/W4200169322
https://openalex.org/W4200321265
https://openalex.org/W4205884177
https://openalex.org/W4214490028
https://openalex.org/W4214942049
https://openalex.org/W4220704093
https://openalex.org/W4220937229
https://openalex.org/W4220968185
https://openalex.org/W4221010809
https://openalex.org/W4221026034
https://openalex.org/W4223501219
https://openalex.org/W4224142263
https://openalex.org/W4224228385
https://openalex.org/W4225486154
https://openalex.org/W4280637440
https://openalex.org/W4280653936
https://openalex.org/W4281757978
https://openalex.org/W4282966058
https://openalex.org/W4284674840
https://openalex.org/W4289878897
https://openalex.org/W4295334025
https://openalex.org/W4295885254
https://openalex.org/W4296045259
https://openalex.org/W4296110688
https://openalex.org/W4296378959
https://openalex.org/W4300773164
https://openalex.org/W4304114022
https://openalex.org/W4307884995
https://openalex.org/W4309310271
https://openalex.org/W4309409786
https://openalex.org/W4311681671
https://openalex.org/W4318966688
https://openalex.org/W2461537509
https://openalex.org/W1945747425
https://openalex.org/W1968110085
https://openalex.org/W2002377919
https://openalex.org/W2013388665
https://openalex.org/W2028089414
https://openalex.org/W2060429626
https://openalex.org/W2068466082
https://openalex.org/W2080528356
https://openalex.org/W2099214652
https://openalex.org/W2115549004
https://openalex.org/W102486970
https://openalex.org/W1981752548
https://openalex.org/W2058365734
https://openalex.org/W2066134271
https://openalex.org/W2074362448
https://openalex.org/W2094164241
https://openalex.org/W2107342833
https://openalex.org/W2055189098
https://openalex.org/W2060884321
https://openalex.org/W2074230613
https://openalex.org/W2072564050
https://openalex.org/W2095516018
https://openalex.org/W2400614457
https://openalex.org/W1482889557
https://openalex.org/W1974039590
https://openalex.org/W1987095992
https://openalex.org/W2086636423
https://openalex.org/W1555761526
https://openalex.org/W1977160547
https://openalex.org/W2043705172
https://openalex.org/W2083719230
https://openalex.org/W134610234
https://openalex.org/W1946830145
https://openalex.org/W1968173439
https://openalex.org/W1968373258
https://openalex.org/W1981639892
https://openalex.org/W1994413105
https://openalex.org/W2005064524
https://openalex.org/W2021177363
https://openalex.org/W2040521879
https://openalex.org/W2092420259
https://openalex.org/W2094915483
https://openalex.org/W2117163407
https://openalex.org/W2125619546
https://openalex.org/W2145391383
https://openalex.org/W218598682
https://openalex.org/W2270695548
https://openalex.org/W2315527891
https://openalex.org/W2357410715
https://openalex.org/W2368379644
https://openalex.org/W2461267935
https://openalex.org/W2617862317
https://openalex.org/W26874598
https://openalex.org/W2689906868
https://openalex.org/W2951568077
https://openalex.org/W3023356816
https://openalex.org/W4233409545
https://openalex.org/W4248411118
https://openalex.org/W44803896
https://openalex.org/W62652440
https://openalex.org/W2417248246
https://openalex.org/W184946692
https://openalex.org/W1969357477
https://openalex.org/W2013490200
https://openalex.org/W2035790454
https://openalex.org/W2037744209
https://openalex.org/W2038786954
https://openalex.org/W2040726319
https://openalex.org/W2067473816
https://openalex.org/W2070849572
https://openalex.org/W2344750326
https://openalex.org/W2398603029
https://openalex.org/W334695838
https://openalex.org/W1539350266
https://openalex.org/W1976744332
https://openalex.org/W2028057776
https://openalex.org/W2033012889
https://openalex.org/W2054920111
https://openalex.org/W2096764779
https://openalex.org/W2174651583
https://openalex.org/W1973977290
https://openalex.org/W2028225376
https://openalex.org/W2116527254
https://openalex.org/W2402914338
https://openalex.org/W2037440836
https://openalex.org/W2121168451
https://openalex.org/W2195927677
https://openalex.org/W1556254471
https://openalex.org/W1968367232
https://openalex.org/W1973747303
https://openalex.org/W2028869250
https://openalex.org/W2030068219
https://openalex.org/W2056546057
https://openalex.org/W2062448823
https://openalex.org/W2087607824
https://openalex.org/W2091726731
https://openalex.org/W2094155029
https://openalex.org/W2153930451
https://openalex.org/W2157338941
https://openalex.org/W2329277890
https://openalex.org/W2055221150
https://openalex.org/W2120709574
https://openalex.org/W2138556037
https://openalex.org/W617923631
https://openalex.org/W1968382889
https://openalex.org/W1981526757
https://openalex.org/W1986027957
https://openalex.org/W1987295491
https://openalex.org/W2010822629
https://openalex.org/W2028269278
https://openalex.org/W2040774126
https://openalex.org/W2138507106
https://openalex.org/W2148525294
https://openalex.org/W2323202311
https://openalex.org/W2412818241
https://openalex.org/W2460396484
https://openalex.org/W2466130836
https://openalex.org/W2490308580
https://openalex.org/W2579667817
https://openalex.org/W2580363835
https://openalex.org/W2741738816
https://openalex.org/W2741919482
https://openalex.org/W2751350562
https://openalex.org/W2774278447
https://openalex.org/W2775713911
https://openalex.org/W2788632345
https://openalex.org/W2789671013
https://openalex.org/W2798239926
https://openalex.org/W2804347846
https://openalex.org/W2806025468
https://openalex.org/W2883990464
https://openalex.org/W2891496672
https://openalex.org/W2892805416
https://openalex.org/W2901577615
https://openalex.org/W2915254727
https://openalex.org/W2963052110
https://openalex.org/W2972761137
https://openalex.org/W2981918811
https://openalex.org/W2982894123
https://openalex.org/W2990917546
https://openalex.org/W3009840087
https://openalex.org/W3014826251
https://openalex.org/W3015481053
https://openalex.org/W3024286923
https://openalex.org/W3027533723
https://openalex.org/W3087129310
https://openalex.org/W3088261055
https://openalex.org/W3089182530
https://openalex.org/W3092974619
https://openalex.org/W3094347409
https://openalex.org/W3110345698
https://openalex.org/W3111936463
https://openalex.org/W3133876509
https://openalex.org/W3157657569
https://openalex.org/W3161136821
https://openalex.org/W3167637715
https://openalex.org/W3176926761
https://openalex.org/W3181514894
https://openalex.org/W3184753018
https://openalex.org/W3189399269
https://openalex.org/W3195144544
https://openalex.org/W4200419674
https://openalex.org/W4205864345
https://openalex.org/W4237894060
https://openalex.org/W2274484235
https://openalex.org/W2337812087
https://openalex.org/W2412554370
https://openalex.org/W2434847910
https://openalex.org/W2576797538
https://openalex.org/W2753907381
https://openalex.org/W2016106693
https://openalex.org/W2049230755
https://openalex.org/W2146916082
https://openalex.org/W2169953382
https://openalex.org/W905804
https://openalex.org/W1593365147
https://openalex.org/W2088128950
https://openalex.org/W1966722806
https://openalex.org/W2049179897
https://openalex.org/W2090912744
https://openalex.org/W2412658363
https://openalex.org/W2425193678
https://openalex.org/W2405212909
https://openalex.org/W59417549
https://openalex.org/W2021885675
https://openalex.org/W2046117233
https://openalex.org/W2059332412
https://openalex.org/W2079373485
https://openalex.org/W2132438971
https://openalex.org/W2134297091
https://openalex.org/W2163254553
https://openalex.org/W2364409664
https://openalex.org/W2407879988
https://openalex.org/W4249257607
https://openalex.org/W1971383474
https://openalex.org/W2092691913
https://openalex.org/W3113565362
https://openalex.org/W1489264190
https://openalex.org/W1522952676
https://openalex.org/W178475793
https://openalex.org/W1905170092
https://openalex.org/W1984187672
https://openalex.org/W1993615839
https://openalex.org/W1996837696
https://openalex.org/W2004970198
https://openalex.org/W2010874498
https://openalex.org/W2022333828
https://openalex.org/W203532051
https://openalex.org/W2035480758
https://openalex.org/W2056914405
https://openalex.org/W2062373571
https://openalex.org/W2066116783
https://openalex.org/W2067832408
https://openalex.org/W2077790392
https://openalex.org/W2084779238
https://openalex.org/W2090710281
https://openalex.org/W2109115745
https://openalex.org/W2109883756
https://openalex.org/W211539264
https://openalex.org/W2127844115
https://openalex.org/W2135013707
https://openalex.org/W2146070069
https://openalex.org/W2157800078
https://openalex.org/W2170494433
https://openalex.org/W2180652747
https://openalex.org/W2182479884
https://openalex.org/W2186260475
https://openalex.org/W2259941091
https://openalex.org/W2263885151
https://openalex.org/W2280587343
https://openalex.org/W2288433125
https://openalex.org/W2320269780
https://openalex.org/W2321563931
https://openalex.org/W2331713887
https://openalex.org/W2333479840
https://openalex.org/W2352760603
https://openalex.org/W2362931293
https://openalex.org/W2416033450
https://openalex.org/W2460714830
https://openalex.org/W2589910786
https://openalex.org/W2590175711
https://openalex.org/W2591000114
https://openalex.org/W2950324529
https://openalex.org/W2964330606
https://openalex.org/W3111172006
https://openalex.org/W3140018353
https://openalex.org/W4235829010
https://openalex.org/W4246644348
https://openalex.org/W7636587
https://openalex.org/W2020914837
https://openalex.org/W2910437296
https://openalex.org/W4283376346
https://openalex.org/W4310851746
https://openalex.org/W4313488095
https://openalex.org/W4313589973
https://openalex.org/W4315797270
https://openalex.org/W4315927038
https://openalex.org/W4316467242
https://openalex.org/W4316672971
https://openalex.org/W4320014400
https://openalex.org/W4321104191
https://openalex.org/W4321476795
https://openalex.org/W4321500073
https://openalex.org/W4321796582
https://openalex.org/W4323032509
https://openalex.org/W4323033567
https://openalex.org/W4323350730
https://openalex.org/W4323767408
https://openalex.org/W4323858814
https://openalex.org/W4324082960
https://openalex.org/W4327601952
https://openalex.org/W4327706016
https://openalex.org/W4328054053
https://openalex.org/W4328054073
https://openalex.org/W4361293765
https://openalex.org/W4362596156
https://openalex.org/W4365515017
https://openalex.org/W4366085449
https://openalex.org/W4366601900
https://openalex.org/W4366810865
https://openalex.org/W4367022713
https://openalex.org/W4367333426
https://openalex.org/W4367725038
https://openalex.org/W4368341561
https://openalex.org/W4372332827
https://openalex.org/W4375844077
https://openalex.org/W4375853653
https://openalex.org/W4376056737
https://openalex.org/W4376603252
https://openalex.org/W4377565666
https://openalex.org/W4378230510
https://openalex.org/W4378528680
https://openalex.org/W4378529987
https://openalex.org/W4378879117
https://openalex.org/W4379117298
https://openalex.org/W4379513275
https://openalex.org/W4379523094
https://openalex.org/W4379523819
https://openalex.org/W4379650231
https://openalex.org/W4379981110
https://openalex.org/W4379985045
https://openalex.org/W4380358959
https://openalex.org/W4381188640
https://openalex.org/W4381296236
https://openalex.org/W4381301818
https://openalex.org/W4381998803
https://openalex.org/W4382049247
https://openalex.org/W4382051390
https://openalex.org/W4382519305
https://openalex.org/W4382987811
https://openalex.org/W4383314952
https://openalex.org/W4383873183
https://openalex.org/W4384526391
https://openalex.org/W4384929759
https://openalex.org/W4385060147
https://openalex.org/W4385065618
https://openalex.org/W4385065801
https://openalex.org/W4385067214
https://openalex.org/W4385145697
https://openalex.org/W4385193233
https://openalex.org/W4385193242
https://openalex.org/W4385219797
https://openalex.org/W4385223158
https://openalex.org/W4385238124
https://openalex.org/W4385256186
https://openalex.org/W4385462170
https://openalex.org/W4385469135
https://openalex.org/W4385580763
https://openalex.org/W4385589235
https://openalex.org/W4385653907
https://openalex.org/W4385781944
https://openalex.org/W4385992081
https://openalex.org/W4386087014
https://openalex.org/W4386170146
https://openalex.org/W4386226090
https://openalex.org/W4386241321
https://openalex.org/W4386345726
https://openalex.org/W4386382763
https://openalex.org/W4386398106
https://openalex.org/W4386504337
https://openalex.org/W4386568094
https://openalex.org/W4386697995
https://openalex.org/W4386826084
https://openalex.org/W4386894003
https://openalex.org/W4386909882
https://openalex.org/W4386926320
https://openalex.org/W4386955867
https://openalex.org/W4386981627
https://openalex.org/W4387042917
https://openalex.org/W4387246717
https://openalex.org/W4387432488
https://openalex.org/W4387444446
https://openalex.org/W4387710211
https://openalex.org/W4387710449
https://openalex.org/W4387910778
https://openalex.org/W4388031573
https://openalex.org/W4388117479
https://openalex.org/W4388302113
https://openalex.org/W4388425257
https://openalex.org/W4388440786
https://openalex.org/W4388522842
https://openalex.org/W4388533860
https://openalex.org/W4388539941
https://openalex.org/W4388595328
https://openalex.org/W4388595888
https://openalex.org/W4388595979
https://openalex.org/W4388596208
https://openalex.org/W4388836672
https://openalex.org/W4389046775
https://openalex.org/W4389099994
https://openalex.org/W4389134336
https://openalex.org/W4389144764
https://openalex.org/W4389299183
https://openalex.org/W4389395650
https://openalex.org/W4389437816
https://openalex.org/W4389725655
https://openalex.org/W4389816760
https://openalex.org/W4389919895
https://openalex.org/W4389938555
https://openalex.org/W4389958740
https://openalex.org/W4389979927
https://openalex.org/W4390267022
https://openalex.org/W4390280384
https://openalex.org/W4390418453
https://openalex.org/W4392063007
https://openalex.org/W4392941821
https://openalex.org/W4392942444
https://openalex.org/W4393519693
https://openalex.org/W4393644419
https://openalex.org/W4394083719
https://openalex.org/W4394363204
https://openalex.org/W4394491102
https://openalex.org/W4394628265
https://openalex.org/W652058019
https://openalex.org/W1963515170
https://openalex.org/W1979310091
https://openalex.org/W2043745286
https://openalex.org/W2084956899
https://openalex.org/W2099010931
https://openalex.org/W2322581524
https://openalex.org/W1995781114
https://openalex.org/W2412930828
https://openalex.org/W2047108763
https://openalex.org/W4256518068
https://openalex.org/W62747224
https://openalex.org/W1981391064
https://openalex.org/W2059266597
https://openalex.org/W2090756465
https://openalex.org/W2407198247
https://openalex.org/W2418161935
https://openalex.org/W92081739
https://openalex.org/W2319850172
https://openalex.org/W1051599367
https://openalex.org/W1513854709
https://openalex.org/W1519217826
https://openalex.org/W1521848285
https://openalex.org/W2027022059
https://openalex.org/W2062623429
https://openalex.org/W2155256989
https://openalex.org/W2395282442
https://openalex.org/W2416636017
https://openalex.org/W2718584818
https://openalex.org/W2740327519
https://openalex.org/W2766917915
https://openalex.org/W2778555831
https://openalex.org/W4251083592
https://openalex.org/W1486653660
https://openalex.org/W2309443413
https://openalex.org/W2504241946
https://openalex.org/W1489457330
https://openalex.org/W188036157
https://openalex.org/W1982906633
https://openalex.org/W2094490579
https://openalex.org/W2424084891
https://openalex.org/W2461749585
https://openalex.org/W301970937
https://openalex.org/W4240832709
https://openalex.org/W1764470068
https://openalex.org/W2046505550
https://openalex.org/W2079013115
https://openalex.org/W2082222060
https://openalex.org/W2087299142
https://openalex.org/W1615746931
https://openalex.org/W1986813057
https://openalex.org/W2011921967
https://openalex.org/W2031383219
https://openalex.org/W2033385828
https://openalex.org/W2067733256
https://openalex.org/W2083461609
https://openalex.org/W2118172056
https://openalex.org/W2120727410
https://openalex.org/W63210107
https://openalex.org/W1514089372
https://openalex.org/W1521525001
https://openalex.org/W1988670547
https://openalex.org/W1997835488
https://openalex.org/W2023437500
https://openalex.org/W2048257440
https://openalex.org/W2049895994
https://openalex.org/W2063335050
https://openalex.org/W2075043435
https://openalex.org/W2147663372
https://openalex.org/W2151363253
https://openalex.org/W2161021830
https://openalex.org/W2408948548
https://openalex.org/W2416966937
https://openalex.org/W272294660
https://openalex.org/W2760648308
https://openalex.org/W2767634004
https://openalex.org/W2774573979
https://openalex.org/W2788026758
https://openalex.org/W2789405764
https://openalex.org/W2799684517
https://openalex.org/W2810533114
https://openalex.org/W2888453146
https://openalex.org/W2895892716
https://openalex.org/W2896593873
https://openalex.org/W2903604922
https://openalex.org/W2915789215
https://openalex.org/W2923147288
https://openalex.org/W2929920951
https://openalex.org/W2955007611
https://openalex.org/W2960391237
https://openalex.org/W2964411040
https://openalex.org/W2983885933
https://openalex.org/W2989945548
https://openalex.org/W2990792495
https://openalex.org/W2995974820
https://openalex.org/W3006668790
https://openalex.org/W3015317088
https://openalex.org/W3019777335
https://openalex.org/W3036374617
https://openalex.org/W3045932661
https://openalex.org/W3082287874
https://openalex.org/W3092112464
https://openalex.org/W3092429033
https://openalex.org/W3096393175
https://openalex.org/W3104231501
https://openalex.org/W3111950629
https://openalex.org/W3125284574
https://openalex.org/W3158381970
https://openalex.org/W3158828570
https://openalex.org/W3163623872
https://openalex.org/W3170690210
https://openalex.org/W3185345399
https://openalex.org/W3186173712
https://openalex.org/W3199941533
https://openalex.org/W3202378859
https://openalex.org/W3205276054
https://openalex.org/W3205812218
https://openalex.org/W3207624599
https://openalex.org/W3213822786
https://openalex.org/W4200225731
https://openalex.org/W4200517205
https://openalex.org/W4248247220
https://openalex.org/W4287263899
https://openalex.org/W81140676
https://openalex.org/W1270547424
https://openalex.org/W1978690274
https://openalex.org/W2050635890
https://openalex.org/W2316359867
https://openalex.org/W2377678559
https://openalex.org/W2411706060
https://openalex.org/W2467164428
https://openalex.org/W2472041987
https://openalex.org/W2510261958
https://openalex.org/W2513269018
https://openalex.org/W2514255830
https://openalex.org/W2517989612
https://openalex.org/W2519251603
https://openalex.org/W2536694151
https://openalex.org/W2977600456
https://openalex.org/W4205355590
https://openalex.org/W4205696842
https://openalex.org/W4210683846
https://openalex.org/W4211126387
https://openalex.org/W4213058286
https://openalex.org/W4220859432
https://openalex.org/W4224920309
https://openalex.org/W4224950648
https://openalex.org/W4229441857
https://openalex.org/W4283710561
https://openalex.org/W4285215697
https://openalex.org/W4295564379
https://openalex.org/W4296178114
https://openalex.org/W4297477528
https://openalex.org/W4309928777
https://openalex.org/W4311626657
https://openalex.org/W4313262325
https://openalex.org/W2027946162
https://openalex.org/W2030980572
https://openalex.org/W1988828061
https://openalex.org/W2031226365
https://openalex.org/W2032861949
https://openalex.org/W2043584001
https://openalex.org/W2053033498
https://openalex.org/W2055427615
https://openalex.org/W2057768405
https://openalex.org/W2110859292
https://openalex.org/W2149858192
https://openalex.org/W2221969241
https://openalex.org/W2469518412
https://openalex.org/W1965999710
https://openalex.org/W2045538208
https://openalex.org/W4229626130
https://openalex.org/W2335472987
https://openalex.org/W1986597068
https://openalex.org/W2005241293
https://openalex.org/W2041204823
https://openalex.org/W2052380056
https://openalex.org/W2074619422
https://openalex.org/W3161452428
https://openalex.org/W1532434962
https://openalex.org/W1532471920
https://openalex.org/W1590926117
https://openalex.org/W1592637897
https://openalex.org/W1607459785
https://openalex.org/W1788308359
https://openalex.org/W1967025079
https://openalex.org/W1968200022
https://openalex.org/W1972849674
https://openalex.org/W1986066629
https://openalex.org/W1987002342
https://openalex.org/W1999989802
https://openalex.org/W2018698571
https://openalex.org/W2019094855
https://openalex.org/W2022409874
https://openalex.org/W2027681082
https://openalex.org/W2030524181
https://openalex.org/W2051441113
https://openalex.org/W2052513094
https://openalex.org/W2063523053
https://openalex.org/W2089433715
https://openalex.org/W2093824048
https://openalex.org/W2106068751
https://openalex.org/W2172453883
https://openalex.org/W2187319666
https://openalex.org/W2199297118
https://openalex.org/W2217040794
https://openalex.org/W2293065772
https://openalex.org/W2312378885
https://openalex.org/W2317209381
https://openalex.org/W2317936852
https://openalex.org/W2320393506
https://openalex.org/W2323267651
https://openalex.org/W2327000958
https://openalex.org/W2331492218
https://openalex.org/W2331602336
https://openalex.org/W2334445336
https://openalex.org/W2335346734
https://openalex.org/W2344166157
https://openalex.org/W2363514536
https://openalex.org/W2373810390
https://openalex.org/W2394254020
https://openalex.org/W2419574347
https://openalex.org/W2443657931
https://openalex.org/W2485995994
https://openalex.org/W250229375
https://openalex.org/W2513805873
https://openalex.org/W2530665627
https://openalex.org/W2589727879
https://openalex.org/W2590715055
https://openalex.org/W3115825553
https://openalex.org/W4206501099
https://openalex.org/W4213224746
https://openalex.org/W4224861351
https://openalex.org/W4283816232
https://openalex.org/W4286576869
https://openalex.org/W4304113736
https://openalex.org/W4317929313
https://openalex.org/W4367060493
https://openalex.org/W1968438854
https://openalex.org/W1977955785
https://openalex.org/W1979169098
https://openalex.org/W2030045805
https://openalex.org/W2057691327
https://openalex.org/W2085926051
https://openalex.org/W2346773550
https://openalex.org/W2523401247
https://openalex.org/W1989098682
https://openalex.org/W1976449921
https://openalex.org/W2608967862
https://openalex.org/W183131766
https://openalex.org/W1993288642
https://openalex.org/W2007597645
https://openalex.org/W2080527570
https://openalex.org/W2144831181
https://openalex.org/W2366780550
https://openalex.org/W2388072792
https://openalex.org/W2410304564
https://openalex.org/W2417320905
https://openalex.org/W145780308
https://openalex.org/W1509710149
https://openalex.org/W1605823268
https://openalex.org/W1967611530
https://openalex.org/W1971653261
https://openalex.org/W2000223264
https://openalex.org/W2025144085
https://openalex.org/W2041352595
https://openalex.org/W2059391168
https://openalex.org/W2060380962
https://openalex.org/W2062126081
https://openalex.org/W2066146407
https://openalex.org/W2066857323
https://openalex.org/W2071067805
https://openalex.org/W2071546777
https://openalex.org/W2121289766
https://openalex.org/W2151111599
https://openalex.org/W2162984661
https://openalex.org/W2242910090
https://openalex.org/W2314411690
https://openalex.org/W2318652220
https://openalex.org/W2335778681
https://openalex.org/W2349553087
https://openalex.org/W2363788903
https://openalex.org/W2417094210
https://openalex.org/W2438645483
https://openalex.org/W2461462191
https://openalex.org/W2560189003
https://openalex.org/W2560701516
https://openalex.org/W2572775505
https://openalex.org/W2595416733
https://openalex.org/W2604925247
https://openalex.org/W2736279387
https://openalex.org/W2740889462
https://openalex.org/W2760604576
https://openalex.org/W2768334761
https://openalex.org/W2904931971
https://openalex.org/W2955185177
https://openalex.org/W3010271458
https://openalex.org/W3176631809
https://openalex.org/W4237721377
https://openalex.org/W4240263306
https://openalex.org/W4255258666
https://openalex.org/W4300643861
https://openalex.org/W46991272
https://openalex.org/W1976083328
https://openalex.org/W2041632153
https://openalex.org/W2070796884
https://openalex.org/W2072965037
https://openalex.org/W2083815472
https://openalex.org/W2177848333
https://openalex.org/W2314114520
https://openalex.org/W2400445774
https://openalex.org/W2410057095
https://openalex.org/W29010932
https://openalex.org/W8501965
https://openalex.org/W1638546900
https://openalex.org/W1976955774
https://openalex.org/W2035008950
https://openalex.org/W2094435617
https://openalex.org/W2255883709
https://openalex.org/W2496326483
https://openalex.org/W17094014
https://openalex.org/W172639241
https://openalex.org/W1969703181
https://openalex.org/W2005651831
https://openalex.org/W2037807628
https://openalex.org/W2055060433
https://openalex.org/W2077243352
https://openalex.org/W2139743058
https://openalex.org/W2397320416
https://openalex.org/W2411415738
https://openalex.org/W2415359477
https://openalex.org/W2495327204
https://openalex.org/W2495410531
https://openalex.org/W2788290869
https://openalex.org/W2790586310
https://openalex.org/W2791401542
https://openalex.org/W2795460806
https://openalex.org/W2807831447
https://openalex.org/W2890559156
https://openalex.org/W2894422515
https://openalex.org/W2901363653
https://openalex.org/W2918769409
https://openalex.org/W2947180969
https://openalex.org/W2976463282
https://openalex.org/W4243435540
https://openalex.org/W1987326539
https://openalex.org/W2335309939
https://openalex.org/W1969852939
https://openalex.org/W2051694985
https://openalex.org/W2399754125
https://openalex.org/W2626613352
https://openalex.org/W2796003122
https://openalex.org/W4253056702
https://openalex.org/W2024091583
https://openalex.org/W2348035660
https://openalex.org/W2388081061
https://openalex.org/W2418903806
https://openalex.org/W2899436421
https://openalex.org/W2909730553
https://openalex.org/W2910056884
https://openalex.org/W2921399067
https://openalex.org/W2922365767
https://openalex.org/W2923330805
https://openalex.org/W2935324815
https://openalex.org/W2951648687
https://openalex.org/W2968093866
https://openalex.org/W2969497412
https://openalex.org/W2979724799
https://openalex.org/W2981361098
https://openalex.org/W2985422686
https://openalex.org/W3002466592
https://openalex.org/W3005424603
https://openalex.org/W3010200124
https://openalex.org/W3011789522
https://openalex.org/W3021410672
https://openalex.org/W3047368630
https://openalex.org/W3083147751
https://openalex.org/W3094037286
https://openalex.org/W3096890487
https://openalex.org/W3106905286
https://openalex.org/W3159755878
https://openalex.org/W4206830213
https://openalex.org/W4230753862
https://openalex.org/W4239174987
https://openalex.org/W4250714620
https://openalex.org/W1500330807
https://openalex.org/W2005996155
https://openalex.org/W2010084382
https://openalex.org/W201141280
https://openalex.org/W2017968373
https://openalex.org/W2018777235
https://openalex.org/W2029732199
https://openalex.org/W2032497719
https://openalex.org/W2035265118
https://openalex.org/W2036457282
https://openalex.org/W2049843428
https://openalex.org/W2054660659
https://openalex.org/W2059897713
https://openalex.org/W2084356718
https://openalex.org/W2396733961
https://openalex.org/W2412597600
https://openalex.org/W2417659199
https://openalex.org/W2465869977
https://openalex.org/W40828608
https://openalex.org/W1989132182
https://openalex.org/W2035886993
https://openalex.org/W2083606073
https://openalex.org/W233817134
https://openalex.org/W2414877259
https://openalex.org/W2417478753
https://openalex.org/W2461838216
https://openalex.org/W2554528059
https://openalex.org/W2774314791
https://openalex.org/W2800169317
https://openalex.org/W1903688710
https://openalex.org/W1971336842
https://openalex.org/W1983193487
https://openalex.org/W2327813415
https://openalex.org/W3026785725
https://openalex.org/W3127513311
https://openalex.org/W3135932296
https://openalex.org/W3136898346
https://openalex.org/W3139339737
https://openalex.org/W3159500099
https://openalex.org/W3160782612
https://openalex.org/W3165539233
https://openalex.org/W3193669267
https://openalex.org/W3193818408
https://openalex.org/W3197832094
https://openalex.org/W3199637293
https://openalex.org/W3202743328
https://openalex.org/W3202772882
https://openalex.org/W3209270955
https://openalex.org/W3209947246
https://openalex.org/W3217380739
https://openalex.org/W4242288388
https://openalex.org/W4285331824
https://openalex.org/W1606497754
https://openalex.org/W2017302366
https://openalex.org/W2072303676
https://openalex.org/W2316732584
https://openalex.org/W2329070417
https://openalex.org/W2438492958
https://openalex.org/W2528718171
https://openalex.org/W2776233931
https://openalex.org/W2804700726
https://openalex.org/W2807501535
https://openalex.org/W3113268836
https://openalex.org/W4242124825
https://openalex.org/W1974924492
https://openalex.org/W1991634889
https://openalex.org/W2020736105
https://openalex.org/W2038198826
https://openalex.org/W2051532868
https://openalex.org/W2058637476
https://openalex.org/W2331453318
https://openalex.org/W78587764
https://openalex.org/W1979884350
https://openalex.org/W1982722160
https://openalex.org/W133557095
https://openalex.org/W173180534
https://openalex.org/W2059356695
https://openalex.org/W2074900851
https://openalex.org/W2136992408
https://openalex.org/W2160200630
https://openalex.org/W2315796728
https://openalex.org/W2326495485
https://openalex.org/W2372275067
https://openalex.org/W2378425799
https://openalex.org/W2603979055
https://openalex.org/W1546422732
https://openalex.org/W2291323436
https://openalex.org/W2425877619
https://openalex.org/W2440296572
https://openalex.org/W287757166
https://openalex.org/W4236118587
https://openalex.org/W1503651391
https://openalex.org/W1985365650
https://openalex.org/W1999122422
https://openalex.org/W2011112511
https://openalex.org/W2033906879
https://openalex.org/W2117120832
https://openalex.org/W2168078144
https://openalex.org/W2206767373
https://openalex.org/W2321873899
https://openalex.org/W2334390853
https://openalex.org/W2399670305
https://openalex.org/W2406815827
https://openalex.org/W2415461875
https://openalex.org/W4240999680
https://openalex.org/W4256292276
https://openalex.org/W4290297723
https://openalex.org/W1822003616
https://openalex.org/W1976581598
https://openalex.org/W2017912616
https://openalex.org/W2110696553
https://openalex.org/W2413185296
https://openalex.org/W2609531104
https://openalex.org/W1520392047
https://openalex.org/W1528089667
https://openalex.org/W1597484939
https://openalex.org/W1601479876
https://openalex.org/W1853757441
https://openalex.org/W1963493446
https://openalex.org/W1989677336
https://openalex.org/W1995639561
https://openalex.org/W2002186009
https://openalex.org/W2003115315
https://openalex.org/W2040989860
https://openalex.org/W2044567930
https://openalex.org/W2050849959
https://openalex.org/W2083089819
https://openalex.org/W2085461903
https://openalex.org/W2091205210
https://openalex.org/W2102612896
https://openalex.org/W2115292205
https://openalex.org/W2122003519
https://openalex.org/W2130546968
https://openalex.org/W2142190341
https://openalex.org/W2144502172
https://openalex.org/W2151149299
https://openalex.org/W2160340512
https://openalex.org/W2195387676
https://openalex.org/W2209108288
https://openalex.org/W2213288547
https://openalex.org/W2231296252
https://openalex.org/W2232152436
https://openalex.org/W2233242536
https://openalex.org/W2255587683
https://openalex.org/W2272812681
https://openalex.org/W2304754468
https://openalex.org/W2308898507
https://openalex.org/W2314123068
https://openalex.org/W2320230278
https://openalex.org/W2321367302
https://openalex.org/W2331159294
https://openalex.org/W2335945050
https://openalex.org/W2337096313
https://openalex.org/W2340572067
https://openalex.org/W2351236930
https://openalex.org/W2356715852
https://openalex.org/W2373830662
https://openalex.org/W2377078212
https://openalex.org/W2396119665
https://openalex.org/W2412248129
https://openalex.org/W2510756923
https://openalex.org/W2528480713
https://openalex.org/W2530933299
https://openalex.org/W2540369066
https://openalex.org/W2557505821
https://openalex.org/W2560758046
https://openalex.org/W2564714066
https://openalex.org/W2565310650
https://openalex.org/W2566877199
https://openalex.org/W2581509078
https://openalex.org/W2587605825
https://openalex.org/W2587994690
https://openalex.org/W2588025088
https://openalex.org/W2589403599
https://openalex.org/W2589851477
https://openalex.org/W2591396981
https://openalex.org/W2591489579
https://openalex.org/W2591689581
https://openalex.org/W2597032866
https://openalex.org/W2616055438
https://openalex.org/W2632770225
https://openalex.org/W2705353780
https://openalex.org/W2740578090
https://openalex.org/W2742676711
https://openalex.org/W2742908973
https://openalex.org/W2743796384
https://openalex.org/W2743892381
https://openalex.org/W2743936321
https://openalex.org/W2743954864
https://openalex.org/W2744630282
https://openalex.org/W2744828787
https://openalex.org/W2745001033
https://openalex.org/W2745136395
https://openalex.org/W2745357432
https://openalex.org/W2746943227
https://openalex.org/W2747306684
https://openalex.org/W2747587640
https://openalex.org/W2747633455
https://openalex.org/W2747737919
https://openalex.org/W2748128369
https://openalex.org/W2748149195
https://openalex.org/W2748228572
https://openalex.org/W2748638607
https://openalex.org/W2748953945
https://openalex.org/W2749333880
https://openalex.org/W2749376171
https://openalex.org/W2750248410
https://openalex.org/W2752335732
https://openalex.org/W2752472861
https://openalex.org/W2752801308
https://openalex.org/W2753189314
https://openalex.org/W2753892886
https://openalex.org/W2777842958
https://openalex.org/W2778546784
https://openalex.org/W2786140084
https://openalex.org/W2803337509
https://openalex.org/W2804558875
https://openalex.org/W2805732102
https://openalex.org/W2807359364
https://openalex.org/W2807514389
https://openalex.org/W2807675465
https://openalex.org/W2808469945
https://openalex.org/W2950265060
https://openalex.org/W2953015749
https://openalex.org/W2953074126
https://openalex.org/W2969169421
https://openalex.org/W2973598798
https://openalex.org/W2974664198
https://openalex.org/W2984583975
https://openalex.org/W2990196606
https://openalex.org/W2990947412
https://openalex.org/W2994100620
https://openalex.org/W2995255251
https://openalex.org/W2998017390
https://openalex.org/W2998144515
https://openalex.org/W3009708002
https://openalex.org/W3027889372
https://openalex.org/W3028952021
https://openalex.org/W3029964474
https://openalex.org/W3141881064
https://openalex.org/W3142474505
https://openalex.org/W3144102391
https://openalex.org/W3146350054
https://openalex.org/W3150057992
https://openalex.org/W3162723202
https://openalex.org/W3163565079
https://openalex.org/W3193672305
https://openalex.org/W3199411947
https://openalex.org/W3204915866
https://openalex.org/W4206557432
https://openalex.org/W4206875851
https://openalex.org/W4243238666
https://openalex.org/W4245395246
https://openalex.org/W4245923425
https://openalex.org/W4246966808
https://openalex.org/W4287779094
https://openalex.org/W4297823613
https://openalex.org/W4299723489
https://openalex.org/W4300476758
https://openalex.org/W4302176966
https://openalex.org/W4360752321
https://openalex.org/W4385965630
https://openalex.org/W4388957054
https://openalex.org/W4394241761
https://openalex.org/W4394392476
https://openalex.org/W50321532
https://openalex.org/W612334101
https://openalex.org/W1963634395
https://openalex.org/W1978324791
https://openalex.org/W2005477151
https://openalex.org/W2010356202
https://openalex.org/W2072580638
https://openalex.org/W2075901427
https://openalex.org/W2086136779
https://openalex.org/W2245892055
https://openalex.org/W2323105120
https://openalex.org/W348029015
https://openalex.org/W2107047430
https://openalex.org/W2399786388
https://openalex.org/W3168800929
https://openalex.org/W4251762138
https://openalex.org/W1006059796
https://openalex.org/W1008686136
https://openalex.org/W122627045
https://openalex.org/W12406649
https://openalex.org/W1494368656
https://openalex.org/W1504184933
https://openalex.org/W1509808560
https://openalex.org/W1511377458
https://openalex.org/W1525431981
https://openalex.org/W1551799942
https://openalex.org/W1568295992
https://openalex.org/W1589668713
https://openalex.org/W1605845252
https://openalex.org/W16809620
https://openalex.org/W1762183298
https://openalex.org/W1823519187
https://openalex.org/W1826874612
https://openalex.org/W1959251555
https://openalex.org/W1963797864
https://openalex.org/W1967981031
https://openalex.org/W1968661548
https://openalex.org/W1969740133
https://openalex.org/W1972180863
https://openalex.org/W1972319770
https://openalex.org/W1975308716
https://openalex.org/W1979653621
https://openalex.org/W1983002285
https://openalex.org/W1983885856
https://openalex.org/W1984257754
https://openalex.org/W1985491650
https://openalex.org/W1989524071
https://openalex.org/W1990041431
https://openalex.org/W1991087734
https://openalex.org/W1992137112
https://openalex.org/W1993178758
https://openalex.org/W1993312354
https://openalex.org/W1998181407
https://openalex.org/W1999129233
https://openalex.org/W2003584739
https://openalex.org/W201031530
https://openalex.org/W2011078690
https://openalex.org/W2015313932
https://openalex.org/W2016511040
https://openalex.org/W2018903664
https://openalex.org/W2026936402
https://openalex.org/W2027085450
https://openalex.org/W2031822103
https://openalex.org/W2032039539
https://openalex.org/W2034941955
https://openalex.org/W2040386248
https://openalex.org/W2041488320
https://openalex.org/W2051990398
https://openalex.org/W2054536251
https://openalex.org/W2055381158
https://openalex.org/W2064124089
https://openalex.org/W2066511474
https://openalex.org/W2066619285
https://openalex.org/W2069005716
https://openalex.org/W2071219751
https://openalex.org/W2082565581
https://openalex.org/W2084971682
https://openalex.org/W2086836350
https://openalex.org/W2091955139
https://openalex.org/W2093575146
https://openalex.org/W2093820381
https://openalex.org/W2094687828
https://openalex.org/W2106427419
https://openalex.org/W2107486576
https://openalex.org/W2108190230
https://openalex.org/W2120504471
https://openalex.org/W2135444779
https://openalex.org/W2165790716
https://openalex.org/W2166776095
https://openalex.org/W2169758246
https://openalex.org/W2172390465
https://openalex.org/W2205515424
https://openalex.org/W2259580444
https://openalex.org/W2290577293
https://openalex.org/W2312619842
https://openalex.org/W2313060425
https://openalex.org/W2314029410
https://openalex.org/W2314327802
https://openalex.org/W2315712813
https://openalex.org/W2317211783
https://openalex.org/W23195628
https://openalex.org/W2320529401
https://openalex.org/W2322935935
https://openalex.org/W2323814191
https://openalex.org/W2323961926
https://openalex.org/W2324305682
https://openalex.org/W2327743950
https://openalex.org/W2327831590
https://openalex.org/W2328285498
https://openalex.org/W2328333805
https://openalex.org/W2329881503
https://openalex.org/W2330373072
https://openalex.org/W2331376271
https://openalex.org/W2333057026
https://openalex.org/W2333323416
https://openalex.org/W2333446904
https://openalex.org/W2333747644
https://openalex.org/W2335123298
https://openalex.org/W2335652898
https://openalex.org/W2345968915
https://openalex.org/W2347237372
https://openalex.org/W2348950404
https://openalex.org/W2352893193
https://openalex.org/W2356127116
https://openalex.org/W2356558111
https://openalex.org/W2360049277
https://openalex.org/W2365857811
https://openalex.org/W2367169207
https://openalex.org/W2368039985
https://openalex.org/W2369210343
https://openalex.org/W2369645037
https://openalex.org/W2370648647
https://openalex.org/W2377943621
https://openalex.org/W2384120659
https://openalex.org/W2384430464
https://openalex.org/W2387785877
https://openalex.org/W2390465000
https://openalex.org/W2391040481
https://openalex.org/W2395444843
https://openalex.org/W2408141141
https://openalex.org/W2412247443
https://openalex.org/W2413113784
https://openalex.org/W2415051656
https://openalex.org/W2426531078
https://openalex.org/W2480840740
https://openalex.org/W2485943221
https://openalex.org/W2501573248
https://openalex.org/W2509833712
https://openalex.org/W2516201798
https://openalex.org/W2541116144
https://openalex.org/W2552372248
https://openalex.org/W2560450002
https://openalex.org/W2560454644
https://openalex.org/W2580498347
https://openalex.org/W2588806678
https://openalex.org/W2590297899
https://openalex.org/W2595613441
https://openalex.org/W2596385308
https://openalex.org/W2607089957
https://openalex.org/W2625874623
https://openalex.org/W2765495822
https://openalex.org/W2765605776
https://openalex.org/W2783538994
https://openalex.org/W284825112
https://openalex.org/W2902992014
https://openalex.org/W2914720933
https://openalex.org/W2929527829
https://openalex.org/W2950023647
https://openalex.org/W2950055799
https://openalex.org/W2951352106
https://openalex.org/W2952513166
https://openalex.org/W2952905299
https://openalex.org/W2994489126
https://openalex.org/W2995652696
https://openalex.org/W3000350019
https://openalex.org/W3012483996
https://openalex.org/W3016204338
https://openalex.org/W3029597598
https://openalex.org/W3128010579
https://openalex.org/W3140041137
https://openalex.org/W3143043778
https://openalex.org/W3143175516
https://openalex.org/W3144774608
https://openalex.org/W3145437167
https://openalex.org/W3146532365
https://openalex.org/W3148077626
https://openalex.org/W3160217522
https://openalex.org/W3163309137
https://openalex.org/W3165821082
https://openalex.org/W3185988056
https://openalex.org/W3204463631
https://openalex.org/W3208658179
https://openalex.org/W3217630739
https://openalex.org/W37659864
https://openalex.org/W4210882232
https://openalex.org/W4230411416
https://openalex.org/W4235861262
https://openalex.org/W4250739330
https://openalex.org/W4255544524
https://openalex.org/W4256699890
https://openalex.org/W4296463976
https://openalex.org/W4300850550
https://openalex.org/W4301321349
https://openalex.org/W4311880101
https://openalex.org/W4380533148
https://openalex.org/W4388940804
https://openalex.org/W4395040483
https://openalex.org/W46708667
https://openalex.org/W633117859
https://openalex.org/W92595167
https://openalex.org/W953454462
https://openalex.org/W965519334
https://openalex.org/W987160592
https://openalex.org/W989727475
https://openalex.org/W1972572506
https://openalex.org/W2011803508
https://openalex.org/W2016596547
https://openalex.org/W2016762941
https://openalex.org/W2021436535
https://openalex.org/W2037391840
https://openalex.org/W2047759762
https://openalex.org/W2052762919
https://openalex.org/W2152122254
https://openalex.org/W2426640912
https://openalex.org/W1987979086
https://openalex.org/W2088750495
https://openalex.org/W2330881082
https://openalex.org/W2412726208
https://openalex.org/W2594004037
https://openalex.org/W2609326945
https://openalex.org/W2610312795
https://openalex.org/W1486081144
https://openalex.org/W1509791278
https://openalex.org/W1663287125
https://openalex.org/W1821627512
https://openalex.org/W1971645206
https://openalex.org/W1972139844
https://openalex.org/W1972555929
https://openalex.org/W1974814657
https://openalex.org/W1977404349
https://openalex.org/W2006871160
https://openalex.org/W2025301874
https://openalex.org/W20479774
https://openalex.org/W2085502356
https://openalex.org/W2093285982
https://openalex.org/W2118049538
https://openalex.org/W2157071507
https://openalex.org/W2230235376
https://openalex.org/W2265521411
https://openalex.org/W229673417
https://openalex.org/W2316770486
https://openalex.org/W2318637159
https://openalex.org/W2324603819
https://openalex.org/W2330457741
https://openalex.org/W2332044698
https://openalex.org/W2335063972
https://openalex.org/W2347515279
https://openalex.org/W2353366137
https://openalex.org/W2361650976
https://openalex.org/W2365356763
https://openalex.org/W2379722015
https://openalex.org/W2387354193
https://openalex.org/W2387381978
https://openalex.org/W2391580280
https://openalex.org/W2393924236
https://openalex.org/W2414637353
https://openalex.org/W2466230492
https://openalex.org/W2468481348
https://openalex.org/W2544379176
https://openalex.org/W2565904145
https://openalex.org/W2588472259
https://openalex.org/W2589281272
https://openalex.org/W2612428729
https://openalex.org/W2613901058
https://openalex.org/W2620182597
https://openalex.org/W2733051445
https://openalex.org/W2742109371
https://openalex.org/W2742712271
https://openalex.org/W2744749521
https://openalex.org/W2747950836
https://openalex.org/W2750031652
https://openalex.org/W2751347986
https://openalex.org/W2752482834
https://openalex.org/W2753501685
https://openalex.org/W2753816832
https://openalex.org/W2754906759
https://openalex.org/W2756977659
https://openalex.org/W2761391224
https://openalex.org/W2766710042
https://openalex.org/W2772286418
https://openalex.org/W2772862762
https://openalex.org/W2773790428
https://openalex.org/W2774822936
https://openalex.org/W2775866929
https://openalex.org/W2777303443
https://openalex.org/W2779139450
https://openalex.org/W2780055048
https://openalex.org/W2781959242
https://openalex.org/W2785219671
https://openalex.org/W2785693663
https://openalex.org/W2787181022
https://openalex.org/W2790845776
https://openalex.org/W2791595389
https://openalex.org/W2793849400
https://openalex.org/W2901531563
https://openalex.org/W2916508225
https://openalex.org/W2922176598
https://openalex.org/W2940511536
https://openalex.org/W2949263968
https://openalex.org/W2949974894
https://openalex.org/W2950019416
https://openalex.org/W2952508654
https://openalex.org/W2952809529
https://openalex.org/W2969662165
https://openalex.org/W2981871246
https://openalex.org/W2991126406
https://openalex.org/W2991279073
https://openalex.org/W3009416276
https://openalex.org/W3010480162
https://openalex.org/W3025148229
https://openalex.org/W3029599182
https://openalex.org/W3030389206
https://openalex.org/W3031785833
https://openalex.org/W3031879022
https://openalex.org/W3032628711
https://openalex.org/W3105367565
https://openalex.org/W3108245189
https://openalex.org/W3118763173
https://openalex.org/W3150209954
https://openalex.org/W3158004087
https://openalex.org/W3160516755
https://openalex.org/W3161205639
https://openalex.org/W3167372740
https://openalex.org/W3168802272
https://openalex.org/W3191003088
https://openalex.org/W3206963250
https://openalex.org/W331648597
https://openalex.org/W4206670274
https://openalex.org/W4231162134
https://openalex.org/W4234413417
https://openalex.org/W4235748217
https://openalex.org/W4235871031
https://openalex.org/W4246753463
https://openalex.org/W4246885318
https://openalex.org/W4251889684
https://openalex.org/W4252753166
https://openalex.org/W4292002237
https://openalex.org/W4297818094
https://openalex.org/W4300171212
https://openalex.org/W4302346412
https://openalex.org/W4394645350
https://openalex.org/W4659988
https://openalex.org/W96170159
https://openalex.org/W355323568
https://openalex.org/W1039337570
https://openalex.org/W129198879
https://openalex.org/W135025575
https://openalex.org/W1581961829
https://openalex.org/W1631734877
https://openalex.org/W1643783897
https://openalex.org/W1822014712
https://openalex.org/W1967985201
https://openalex.org/W1969109553
https://openalex.org/W1971387808
https://openalex.org/W1984332636
https://openalex.org/W1986472359
https://openalex.org/W1990608958
https://openalex.org/W2004806447
https://openalex.org/W2012004290
https://openalex.org/W2019276000
https://openalex.org/W2028207135
https://openalex.org/W202904392
https://openalex.org/W2057292356
https://openalex.org/W2061772848
https://openalex.org/W2069883620
https://openalex.org/W2072950812
https://openalex.org/W2089313509
https://openalex.org/W2091764621
https://openalex.org/W2092936519
https://openalex.org/W2115787665
https://openalex.org/W2137840139
https://openalex.org/W2158222684
https://openalex.org/W2160927535
https://openalex.org/W2171082125
https://openalex.org/W225809456
https://openalex.org/W2313195609
https://openalex.org/W2315407327
https://openalex.org/W2325023774
https://openalex.org/W2330588060
https://openalex.org/W2341736751
https://openalex.org/W2347745139
https://openalex.org/W2361475222
https://openalex.org/W2361529048
https://openalex.org/W2362273962
https://openalex.org/W2383695046
https://openalex.org/W2384036446
https://openalex.org/W2384917842
https://openalex.org/W2392300540
https://openalex.org/W2410149984
https://openalex.org/W2410841529
https://openalex.org/W2415808865
https://openalex.org/W2471919955
https://openalex.org/W2495128130
https://openalex.org/W2563761092
https://openalex.org/W2588844035
https://openalex.org/W2592865543
https://openalex.org/W2600733228
https://openalex.org/W2621332730
https://openalex.org/W2624290263
https://openalex.org/W2713126388
https://openalex.org/W2743493218
https://openalex.org/W2744165051
https://openalex.org/W2745686645
https://openalex.org/W2746565891
https://openalex.org/W2754922621
https://openalex.org/W2755356655
https://openalex.org/W2804087
https://openalex.org/W2948397753
https://openalex.org/W2969051650
https://openalex.org/W2971145679
https://openalex.org/W2974381558
https://openalex.org/W2974669235
https://openalex.org/W2977664725
https://openalex.org/W2977721651
https://openalex.org/W2978029858
https://openalex.org/W2978892573
https://openalex.org/W2984939290
https://openalex.org/W2985782220
https://openalex.org/W3029856639
https://openalex.org/W3034492622
https://openalex.org/W3056671044
https://openalex.org/W3143683484
https://openalex.org/W3161111282
https://openalex.org/W3171262969
https://openalex.org/W3177602331
https://openalex.org/W3179267418
https://openalex.org/W3207120981
https://openalex.org/W3208112664
https://openalex.org/W343601604
https://openalex.org/W378073708
https://openalex.org/W4200306471
https://openalex.org/W4200449270
https://openalex.org/W4206833404
https://openalex.org/W4210478533
https://openalex.org/W4210669165
https://openalex.org/W4211140823
https://openalex.org/W4220652462
https://openalex.org/W4220834951
https://openalex.org/W4220841154
https://openalex.org/W4220951848
https://openalex.org/W4221105025
https://openalex.org/W4224037109
https://openalex.org/W4225531944
https://openalex.org/W4226194434
https://openalex.org/W4226242644
https://openalex.org/W4226308750
https://openalex.org/W4226476530
https://openalex.org/W4231370882
https://openalex.org/W4232530009
https://openalex.org/W4238650971
https://openalex.org/W4247548632
https://openalex.org/W4247548703
https://openalex.org/W4255494760
https://openalex.org/W4255886058
https://openalex.org/W4255994935
https://openalex.org/W4280575635
https://openalex.org/W4281479441
https://openalex.org/W4281788531
https://openalex.org/W4282823680
https://openalex.org/W4283023619
https://openalex.org/W4283445925
https://openalex.org/W4283813496
https://openalex.org/W4285059429
https://openalex.org/W4285164078
https://openalex.org/W4285217545
https://openalex.org/W4285261429
https://openalex.org/W4285297542
https://openalex.org/W4285685009
https://openalex.org/W4285685384
https://openalex.org/W4289110738
https://openalex.org/W4290995689
https://openalex.org/W4292166419
https://openalex.org/W4293192355
https://openalex.org/W4294707227
https://openalex.org/W4294707254
https://openalex.org/W4296143950
https://openalex.org/W4296989078
https://openalex.org/W4297243638
https://openalex.org/W4298395791
https://openalex.org/W4301654547
https://openalex.org/W4306710916
https://openalex.org/W4306714113
https://openalex.org/W4306717007
https://openalex.org/W4306717413
https://openalex.org/W4308194661
https://openalex.org/W4308554027
https://openalex.org/W4308597108
https://openalex.org/W4309047456
https://openalex.org/W4309167486
https://openalex.org/W4309350391
https://openalex.org/W4309779549
https://openalex.org/W4311611942
https://openalex.org/W4312051000
https://openalex.org/W4312379562
https://openalex.org/W4312550684
https://openalex.org/W4313218820
https://openalex.org/W4321130257
https://openalex.org/W4327501324
https://openalex.org/W4360994265
https://openalex.org/W4360996464
https://openalex.org/W4380787288
https://openalex.org/W4393483661
https://openalex.org/W4393518644
https://openalex.org/W4393521618
https://openalex.org/W4393595935
https://openalex.org/W4393611247
https://openalex.org/W4393620074
https://openalex.org/W4393640993
https://openalex.org/W4393749023
https://openalex.org/W4393780481
https://openalex.org/W4394042330
https://openalex.org/W4394076105
https://openalex.org/W564461634
https://openalex.org/W593671955
https://openalex.org/W631364513
https://openalex.org/W637228827
https://openalex.org/W74110848
https://openalex.org/W83513265
https://openalex.org/W895705278
https://openalex.org/W908032751
https://openalex.org/W950033794
https://openalex.org/W971403498
https://openalex.org/W1550092032
https://openalex.org/W1979973571
https://openalex.org/W1988289240
https://openalex.org/W2004144489
https://openalex.org/W2022906139
https://openalex.org/W2074009134
https://openalex.org/W2091257402
https://openalex.org/W2397833694
https://openalex.org/W2402988330
https://openalex.org/W2403267806
https://openalex.org/W2403893584
https://openalex.org/W2408794163
https://openalex.org/W2409245514
https://openalex.org/W2410797759
https://openalex.org/W2416457078
https://openalex.org/W2465912362
https://openalex.org/W24722566
https://openalex.org/W2543501139
https://openalex.org/W75625099
https://openalex.org/W980397834
https://openalex.org/W1479996018
https://openalex.org/W1488482577
https://openalex.org/W1490800200
https://openalex.org/W1997976618
https://openalex.org/W2008886727
https://openalex.org/W2018815984
https://openalex.org/W2022720828
https://openalex.org/W2048817806
https://openalex.org/W2112690375
https://openalex.org/W2156616914
https://openalex.org/W2169734366
https://openalex.org/W2358508296
https://openalex.org/W2365286822
https://openalex.org/W2381915236
https://openalex.org/W2390883394
https://openalex.org/W2392862892
https://openalex.org/W2436256908
https://openalex.org/W2479562318
https://openalex.org/W2499992906
https://openalex.org/W2540645808
https://openalex.org/W2547483376
https://openalex.org/W2595699856
https://openalex.org/W2603639365
https://openalex.org/W2611468988
https://openalex.org/W2791661483
https://openalex.org/W2793880937
https://openalex.org/W2796806892
https://openalex.org/W2796921160
https://openalex.org/W2796963975
https://openalex.org/W2797638463
https://openalex.org/W2797842601
https://openalex.org/W2798168456
https://openalex.org/W2800105299
https://openalex.org/W2801988784
https://openalex.org/W2806733397
https://openalex.org/W2808929520
https://openalex.org/W2809626454
https://openalex.org/W2888939128
https://openalex.org/W2888970188
https://openalex.org/W2889093063
https://openalex.org/W2894906894
https://openalex.org/W2901243549
https://openalex.org/W2903348952
https://openalex.org/W2904009878
https://openalex.org/W2904035243
https://openalex.org/W2904402727
https://openalex.org/W2904727683
https://openalex.org/W2905171491
https://openalex.org/W2910094495
https://openalex.org/W2912201930
https://openalex.org/W2913041783
https://openalex.org/W2917772200
https://openalex.org/W2922104431
https://openalex.org/W2930023403
https://openalex.org/W2943343613
https://openalex.org/W2944518762
https://openalex.org/W2948933266
https://openalex.org/W2949278871
https://openalex.org/W2953052905
https://openalex.org/W2957435334
https://openalex.org/W2958772023
https://openalex.org/W2961113073
https://openalex.org/W2963790620
https://openalex.org/W2964495400
https://openalex.org/W2965282063
https://openalex.org/W2971670411
https://openalex.org/W2971714020
https://openalex.org/W2972929302
https://openalex.org/W2980726051
https://openalex.org/W2981076579
https://openalex.org/W2981463986
https://openalex.org/W2981572293
https://openalex.org/W2981719298
https://openalex.org/W2983861424
https://openalex.org/W2986154004
https://openalex.org/W2987499451
https://openalex.org/W2988694527
https://openalex.org/W2990288336
https://openalex.org/W2995710454
https://openalex.org/W2996437024
https://openalex.org/W2997762299
https://openalex.org/W3001319865
https://openalex.org/W3005688930
https://openalex.org/W3009839761
https://openalex.org/W3009943232
https://openalex.org/W3012443761
https://openalex.org/W3025556685
https://openalex.org/W3029040067
https://openalex.org/W3029800568
https://openalex.org/W3030417827
https://openalex.org/W3038064267
https://openalex.org/W3042483045
https://openalex.org/W3042883496
https://openalex.org/W3043808104
https://openalex.org/W3045281133
https://openalex.org/W3080106453
https://openalex.org/W3083523821
https://openalex.org/W3084310459
https://openalex.org/W3085244718
https://openalex.org/W3086461503
https://openalex.org/W3128533987
https://openalex.org/W3129163589
https://openalex.org/W3132926822
https://openalex.org/W3135241301
https://openalex.org/W3135424538
https://openalex.org/W3139486764
https://openalex.org/W3143716977
https://openalex.org/W3153660089
https://openalex.org/W3157573532
https://openalex.org/W3159762399
https://openalex.org/W3162429363
https://openalex.org/W3176421621
https://openalex.org/W3177068069
https://openalex.org/W3177702636
https://openalex.org/W3178112773
https://openalex.org/W3179506587
https://openalex.org/W3187561409
https://openalex.org/W3210158408
https://openalex.org/W3210637039
https://openalex.org/W3212349435
https://openalex.org/W4206886524
https://openalex.org/W4229521778
https://openalex.org/W4231221948
https://openalex.org/W4234096632
https://openalex.org/W4235294032
https://openalex.org/W4237050589
https://openalex.org/W4243143491
https://openalex.org/W4244905759
https://openalex.org/W4246570354
https://openalex.org/W4250108833
https://openalex.org/W4251967981
https://openalex.org/W4255088582
https://openalex.org/W4298234717
https://openalex.org/W4301452611
https://openalex.org/W4313359158
https://openalex.org/W4391334800
https://openalex.org/W4393490181
https://openalex.org/W4393605928
https://openalex.org/W4394371801
https://openalex.org/W75463162
https://openalex.org/W1575281661
https://openalex.org/W1976089583
https://openalex.org/W1978414463
https://openalex.org/W2021207569
https://openalex.org/W2024178724
https://openalex.org/W2031212292
https://openalex.org/W2042798305
https://openalex.org/W2055186257
https://openalex.org/W2095163274
https://openalex.org/W2129900022
https://openalex.org/W2170970090
https://openalex.org/W2313137472
https://openalex.org/W2321643682
https://openalex.org/W2323255892
https://openalex.org/W2324707930
https://openalex.org/W2330369541
https://openalex.org/W2335202511
https://openalex.org/W2397063358
https://openalex.org/W2398482110
https://openalex.org/W2404848388
https://openalex.org/W2408183759
https://openalex.org/W2408751773
https://openalex.org/W2410490077
https://openalex.org/W2410493984
https://openalex.org/W2411243717
https://openalex.org/W2411937346
https://openalex.org/W2415077789
https://openalex.org/W2416542121
https://openalex.org/W2423096200
https://openalex.org/W2464818862
https://openalex.org/W24924984
https://openalex.org/W2508539538
https://openalex.org/W2889074814
https://openalex.org/W2916151556
https://openalex.org/W2951811844
https://openalex.org/W614854881
https://openalex.org/W112293154
https://openalex.org/W1493852292
https://openalex.org/W1506370701
https://openalex.org/W1511776315
https://openalex.org/W1598181081
https://openalex.org/W1608298146
https://openalex.org/W1968621183
https://openalex.org/W1980543938
https://openalex.org/W1983351107
https://openalex.org/W1996956044
https://openalex.org/W2005024764
https://openalex.org/W2021063234
https://openalex.org/W2040186794
https://openalex.org/W2059246542
https://openalex.org/W2067742105
https://openalex.org/W2078269402
https://openalex.org/W2084524731
https://openalex.org/W2092926844
https://openalex.org/W2132811963
https://openalex.org/W2141001608
https://openalex.org/W2145815718
https://openalex.org/W2150325083
https://openalex.org/W2322394165
https://openalex.org/W2324662311
https://openalex.org/W2325495039
https://openalex.org/W2334163943
https://openalex.org/W2334506149
https://openalex.org/W2355693132
https://openalex.org/W2356650832
https://openalex.org/W2359640507
https://openalex.org/W2359730165
https://openalex.org/W2360837243
https://openalex.org/W2362070719
https://openalex.org/W2363447609
https://openalex.org/W2368728246
https://openalex.org/W2370232906
https://openalex.org/W2370717570
https://openalex.org/W2371241451
https://openalex.org/W2377290812
https://openalex.org/W2389508306
https://openalex.org/W2394088531
https://openalex.org/W2394131526
https://openalex.org/W2396323359
https://openalex.org/W2407214243
https://openalex.org/W2408469444
https://openalex.org/W2409550226
https://openalex.org/W2412028309
https://openalex.org/W2427169185
https://openalex.org/W2429610893
https://openalex.org/W2443307131
https://openalex.org/W2470200548
https://openalex.org/W2473047289
https://openalex.org/W2539134275
https://openalex.org/W2604290082
https://openalex.org/W2787733772
https://openalex.org/W2917963807
https://openalex.org/W2950628320
https://openalex.org/W2951304167
https://openalex.org/W2966269070
https://openalex.org/W2968242701
https://openalex.org/W29761012
https://openalex.org/W2991940391
https://openalex.org/W2998454024
https://openalex.org/W2999609279
https://openalex.org/W3002910430
https://openalex.org/W3003562931
https://openalex.org/W3003953534
https://openalex.org/W3009416768
https://openalex.org/W3009548949
https://openalex.org/W3012292051
https://openalex.org/W3016139229
https://openalex.org/W3016790240
https://openalex.org/W3018884929
https://openalex.org/W3019927233
https://openalex.org/W3021647134
https://openalex.org/W3021930323
https://openalex.org/W3023361273
https://openalex.org/W3026689079
https://openalex.org/W3028052576
https://openalex.org/W3029446968
https://openalex.org/W3033369786
https://openalex.org/W3033467169
https://openalex.org/W3034311101
https://openalex.org/W3038526558
https://openalex.org/W3040725783
https://openalex.org/W3041194962
https://openalex.org/W3043433466
https://openalex.org/W3082908840
https://openalex.org/W3083104112
https://openalex.org/W3084006308
https://openalex.org/W3087140171
https://openalex.org/W3089203064
https://openalex.org/W3090139677
https://openalex.org/W3092633547
https://openalex.org/W3095313814
https://openalex.org/W3096279481
https://openalex.org/W3096307437
https://openalex.org/W3096637185
https://openalex.org/W3096671682
https://openalex.org/W3096808239
https://openalex.org/W3097400407
https://openalex.org/W3097429134
https://openalex.org/W3099308560
https://openalex.org/W3104416078
https://openalex.org/W3106780487
https://openalex.org/W3106944399
https://openalex.org/W3106995989
https://openalex.org/W3107234778
https://openalex.org/W3107325792
https://openalex.org/W3107474316
https://openalex.org/W3112002798
https://openalex.org/W3112649796
https://openalex.org/W3123715727
https://openalex.org/W3148295383
https://openalex.org/W3148952827
https://openalex.org/W3157258875
https://openalex.org/W3158020431
https://openalex.org/W3162815742
https://openalex.org/W3168388807
https://openalex.org/W3168656375
https://openalex.org/W3171611810
https://openalex.org/W3174712934
https://openalex.org/W3181808502
https://openalex.org/W3186931471
https://openalex.org/W3201640177
https://openalex.org/W3202270827
https://openalex.org/W3206123204
https://openalex.org/W3209673354
https://openalex.org/W3217421155
https://openalex.org/W4206276763
https://openalex.org/W4210387144
https://openalex.org/W4229884403
https://openalex.org/W4231301795
https://openalex.org/W4232693866
https://openalex.org/W4233341922
https://openalex.org/W4235546469
https://openalex.org/W4236584736
https://openalex.org/W4240762660
https://openalex.org/W4240898369
https://openalex.org/W4246912720
https://openalex.org/W4248217246
https://openalex.org/W4248220277
https://openalex.org/W4248849589
https://openalex.org/W4251899228
https://openalex.org/W4255793865
https://openalex.org/W4285716821
https://openalex.org/W4287558756
https://openalex.org/W4391832475
https://openalex.org/W4392160552
https://openalex.org/W4393498091
https://openalex.org/W4393529106
https://openalex.org/W4393539180
https://openalex.org/W4393582971
https://openalex.org/W4393584160
https://openalex.org/W4393701044
https://openalex.org/W4393810263
https://openalex.org/W4393847984
https://openalex.org/W4393873868
https://openalex.org/W4393885740
https://openalex.org/W4394443550
https://openalex.org/W586454709
https://openalex.org/W97407200
https://openalex.org/W2047120164
https://openalex.org/W2049640308
https://openalex.org/W2054871342
https://openalex.org/W2055506590
https://openalex.org/W2209985167
https://openalex.org/W2244910116
https://openalex.org/W2332058541
https://openalex.org/W2332129842
https://openalex.org/W2433763889
https://openalex.org/W4299866165
https://openalex.org/W99881307
https://openalex.org/W129030070
https://openalex.org/W1504606257
https://openalex.org/W1573176814
https://openalex.org/W1703664236
https://openalex.org/W1964226363
https://openalex.org/W1967108016
https://openalex.org/W1999810834
https://openalex.org/W2017457036
https://openalex.org/W2057653472
https://openalex.org/W2064932192
https://openalex.org/W2104382984
https://openalex.org/W2109070878
https://openalex.org/W2115487310
https://openalex.org/W2170373722
https://openalex.org/W2276675512
https://openalex.org/W2319063315
https://openalex.org/W2334516948
https://openalex.org/W2334808610
https://openalex.org/W2349763873
https://openalex.org/W2350776101
https://openalex.org/W2352116168
https://openalex.org/W2368128423
https://openalex.org/W2385446210
https://openalex.org/W2432005985
https://openalex.org/W2472299338
https://openalex.org/W2612995624
https://openalex.org/W2627089993
https://openalex.org/W2739954074
https://openalex.org/W2972263960
https://openalex.org/W3144294945
https://openalex.org/W3145786563
https://openalex.org/W4232008020
https://openalex.org/W4249704988
https://openalex.org/W4256491007
https://openalex.org/W590205479
https://openalex.org/W1579712165
https://openalex.org/W1976289441
https://openalex.org/W2003555377
https://openalex.org/W2049107369
https://openalex.org/W2225856717
https://openalex.org/W2230623245
https://openalex.org/W2262993483
https://openalex.org/W2288668629
https://openalex.org/W2328909053
https://openalex.org/W2350859162
https://openalex.org/W2360518660
https://openalex.org/W2364459823
https://openalex.org/W2463166105
https://openalex.org/W2507582167
https://openalex.org/W2598585699
https://openalex.org/W2610093895
https://openalex.org/W2991700319
https://openalex.org/W3011086497
https://openalex.org/W3126885350
https://openalex.org/W3127460728
https://openalex.org/W3133499519
https://openalex.org/W3146269427
https://openalex.org/W3146322216
https://openalex.org/W3148326399
https://openalex.org/W3161738421
https://openalex.org/W3164511743
https://openalex.org/W3164589388
https://openalex.org/W3164644223
https://openalex.org/W3165049347
https://openalex.org/W3165166882
https://openalex.org/W3165424920
https://openalex.org/W3165820081
https://openalex.org/W3168018592
https://openalex.org/W3168501615
https://openalex.org/W3177564563
https://openalex.org/W3180131272
https://openalex.org/W3182394750
https://openalex.org/W3183834901
https://openalex.org/W3187559963
https://openalex.org/W3188883627
https://openalex.org/W3189930334
https://openalex.org/W3193788414
https://openalex.org/W3194064283
https://openalex.org/W3194989150
https://openalex.org/W3196574765
https://openalex.org/W3197942608
https://openalex.org/W3198296922
https://openalex.org/W3202362373
https://openalex.org/W3203192147
https://openalex.org/W3204456494
https://openalex.org/W3204782384
https://openalex.org/W3206406058
https://openalex.org/W3207249767
https://openalex.org/W3207446340
https://openalex.org/W3208783486
https://openalex.org/W3208977021
https://openalex.org/W3213257088
https://openalex.org/W3214423660
https://openalex.org/W3216629529
https://openalex.org/W352596803
https://openalex.org/W4200364223
https://openalex.org/W4200424112
https://openalex.org/W4200444722
https://openalex.org/W4205283419
https://openalex.org/W4206714679
https://openalex.org/W4206826166
https://openalex.org/W4248289167
https://openalex.org/W4250798292
https://openalex.org/W4256449190
https://openalex.org/W1599498788
https://openalex.org/W1772691618
https://openalex.org/W2038559461
https://openalex.org/W2070345394
https://openalex.org/W208528530
https://openalex.org/W2244731709
https://openalex.org/W2328494420
https://openalex.org/W2330899576
https://openalex.org/W2333337379
https://openalex.org/W2353262708
https://openalex.org/W2360491905
https://openalex.org/W2367844292
https://openalex.org/W2370267945
https://openalex.org/W2377803517
https://openalex.org/W2389143930
https://openalex.org/W2398204000
https://openalex.org/W2497135745
https://openalex.org/W2512724877
https://openalex.org/W255756055
https://openalex.org/W2582590742
https://openalex.org/W2594948102
https://openalex.org/W2625249211
https://openalex.org/W2626029253
https://openalex.org/W2635050557
https://openalex.org/W2979824001
https://openalex.org/W3139642808
https://openalex.org/W3161726409
https://openalex.org/W3195074948
https://openalex.org/W3199951938
https://openalex.org/W3208417991
https://openalex.org/W384480391
https://openalex.org/W4245647309
https://openalex.org/W4252777764
https://openalex.org/W57862817
https://openalex.org/W63052278
https://openalex.org/W65507039
https://openalex.org/W84783471
https://openalex.org/W1489219474
https://openalex.org/W1597148659
https://openalex.org/W2411767864
https://openalex.org/W2594921982
https://openalex.org/W2599604396
https://openalex.org/W2798882540
https://openalex.org/W4249021756
https://openalex.org/W4299373098
https://openalex.org/W579809563
https://openalex.org/W1492004367
https://openalex.org/W1516495689
https://openalex.org/W1535337732
https://openalex.org/W1545602141
https://openalex.org/W1595952100
https://openalex.org/W1606658827
https://openalex.org/W1716668421
https://openalex.org/W178921170
https://openalex.org/W1968090469
https://openalex.org/W2019059828
https://openalex.org/W2038446081
https://openalex.org/W2083002227
https://openalex.org/W2098804790
https://openalex.org/W2104948753
https://openalex.org/W2146569102
https://openalex.org/W2158848640
https://openalex.org/W2165920151
https://openalex.org/W2243443227
https://openalex.org/W2299196837
https://openalex.org/W2312843844
https://openalex.org/W2323436431
https://openalex.org/W2383697439
https://openalex.org/W2397285168
https://openalex.org/W2416922334
https://openalex.org/W2423587559
https://openalex.org/W2425224951
https://openalex.org/W2470552341
https://openalex.org/W2473598399
https://openalex.org/W2513431288
https://openalex.org/W2560150670
https://openalex.org/W2598922692
https://openalex.org/W2609175882
https://openalex.org/W2610164435
https://openalex.org/W273992064
https://openalex.org/W2742288484
https://openalex.org/W2742724879
https://openalex.org/W2918640110
https://openalex.org/W302404705
https://openalex.org/W4239503913
https://openalex.org/W4249264261
https://openalex.org/W4253665469
https://openalex.org/W610667917
https://openalex.org/W1025361720
https://openalex.org/W1162681494
https://openalex.org/W153080937
https://openalex.org/W1553429220
https://openalex.org/W1580407625
https://openalex.org/W166288321
https://openalex.org/W1670025232
https://openalex.org/W1982919774
https://openalex.org/W1984035930
https://openalex.org/W1998182505
https://openalex.org/W2029633947
https://openalex.org/W2034171729
https://openalex.org/W2039430480
https://openalex.org/W2039734335
https://openalex.org/W2049991071
https://openalex.org/W2075563321
https://openalex.org/W2076471262
https://openalex.org/W2201427696
https://openalex.org/W2260086456
https://openalex.org/W2320011058
https://openalex.org/W2331960468
https://openalex.org/W2354054716
https://openalex.org/W2371435609
https://openalex.org/W2401877924
https://openalex.org/W2402228931
https://openalex.org/W2404938498
https://openalex.org/W2406089354
https://openalex.org/W2407358412
https://openalex.org/W2408326719
https://openalex.org/W2409221438
https://openalex.org/W2411379658
https://openalex.org/W2411878432
https://openalex.org/W2412328482
https://openalex.org/W2415988617
https://openalex.org/W2425234720
https://openalex.org/W2428175292
https://openalex.org/W2431779991
https://openalex.org/W2435512940
https://openalex.org/W2440992231
https://openalex.org/W2444548872
https://openalex.org/W2468376782
https://openalex.org/W2496127850
https://openalex.org/W2545707592
https://openalex.org/W2608059177
https://openalex.org/W2608629737
https://openalex.org/W2609000701
https://openalex.org/W2611313298
https://openalex.org/W2614385768
https://openalex.org/W2615615057
https://openalex.org/W2618817816
https://openalex.org/W2981152951
https://openalex.org/W2995130147
https://openalex.org/W2996622339
https://openalex.org/W3003835583
https://openalex.org/W3119006004
https://openalex.org/W3131275795
https://openalex.org/W3170048480
https://openalex.org/W3192634937
https://openalex.org/W362196818
https://openalex.org/W4229520990
https://openalex.org/W4241109457
https://openalex.org/W4254274375
https://openalex.org/W89214593
https://openalex.org/W10147055
https://openalex.org/W103710071
https://openalex.org/W1134612344
https://openalex.org/W1463180948
https://openalex.org/W1582596140
https://openalex.org/W196716503
https://openalex.org/W1971988423
https://openalex.org/W1991455830
https://openalex.org/W2037317302
https://openalex.org/W2052635019
https://openalex.org/W2284056792
https://openalex.org/W2329927621
https://openalex.org/W2332229751
https://openalex.org/W2400425825
https://openalex.org/W2400474287
https://openalex.org/W2409854858
https://openalex.org/W2410253569
https://openalex.org/W2412089509
https://openalex.org/W2415038010
https://openalex.org/W2415049473
https://openalex.org/W2416490569
https://openalex.org/W2417184162
https://openalex.org/W2418942257
https://openalex.org/W2435827144
https://openalex.org/W2443233774
https://openalex.org/W2471955641
https://openalex.org/W2507782050
https://openalex.org/W2518331300
https://openalex.org/W2608171707
https://openalex.org/W2611188683
https://openalex.org/W2611692778
https://openalex.org/W2613476921
https://openalex.org/W2616452899
https://openalex.org/W2624231095
https://openalex.org/W2735661425
https://openalex.org/W2741079221
https://openalex.org/W2951708791
https://openalex.org/W3127667140
https://openalex.org/W3159881982
https://openalex.org/W3178412300
https://openalex.org/W3178513921
https://openalex.org/W3194650928
https://openalex.org/W379471735
https://openalex.org/W4240248328
https://openalex.org/W427626300
https://openalex.org/W4299533632
https://openalex.org/W55035608
https://openalex.org/W631356956
https://openalex.org/W816821598
https://openalex.org/W1034709857
https://openalex.org/W104974409
https://openalex.org/W119330121
https://openalex.org/W1473832193
https://openalex.org/W1554004863
https://openalex.org/W1572761407
https://openalex.org/W176798883
https://openalex.org/W1836019273
https://openalex.org/W1836971184
https://openalex.org/W191802463
https://openalex.org/W1973250946
https://openalex.org/W2016327994
https://openalex.org/W2037882689
https://openalex.org/W2042081917
https://openalex.org/W2056902353
https://openalex.org/W2062016882
https://openalex.org/W2062442069
https://openalex.org/W2101583808
https://openalex.org/W2117582188
https://openalex.org/W2132659186
https://openalex.org/W213656079
https://openalex.org/W2158227799
https://openalex.org/W2244238274
https://openalex.org/W2272557794
https://openalex.org/W228020452
https://openalex.org/W22876836
https://openalex.org/W2305490715
https://openalex.org/W2313460370
https://openalex.org/W2314250472
https://openalex.org/W2318214873
https://openalex.org/W2318778038
https://openalex.org/W2319358305
https://openalex.org/W2320120416
https://openalex.org/W2323797619
https://openalex.org/W2323849830
https://openalex.org/W2324960023
https://openalex.org/W2325711661
https://openalex.org/W2327025445
https://openalex.org/W2328311587
https://openalex.org/W2328627535
https://openalex.org/W2329505422
https://openalex.org/W2330956545
https://openalex.org/W2333603210
https://openalex.org/W2333758579
https://openalex.org/W2334917662
https://openalex.org/W2355055666
https://openalex.org/W2358666479
https://openalex.org/W2362428579
https://openalex.org/W2364031691
https://openalex.org/W2369247974
https://openalex.org/W2398326016
https://openalex.org/W2399162061
https://openalex.org/W2399947164
https://openalex.org/W2402106243
https://openalex.org/W2404146579
https://openalex.org/W2405135097
https://openalex.org/W2405669584
https://openalex.org/W2406627886
https://openalex.org/W2409321873
https://openalex.org/W2409732562
https://openalex.org/W2410316999
https://openalex.org/W2410769456
https://openalex.org/W2412135983
https://openalex.org/W2415060639
https://openalex.org/W2415258904
https://openalex.org/W2416888536
https://openalex.org/W2418307102
https://openalex.org/W2419223191
https://openalex.org/W2419240752
https://openalex.org/W2430091952
https://openalex.org/W2435536270
https://openalex.org/W2467355878
https://openalex.org/W2467781306
https://openalex.org/W2468359267
https://openalex.org/W2469797228
https://openalex.org/W2474285261
https://openalex.org/W2483480378
https://openalex.org/W2504519481
https://openalex.org/W2518547931
https://openalex.org/W2557286425
https://openalex.org/W2559799160
https://openalex.org/W2592358559
https://openalex.org/W2606386454
https://openalex.org/W2607063095
https://openalex.org/W2627100373
https://openalex.org/W2728958642
https://openalex.org/W2741391454
https://openalex.org/W2742625216
https://openalex.org/W2769534649
https://openalex.org/W2771090683
https://openalex.org/W2785056778
https://openalex.org/W288792998
https://openalex.org/W2918083274
https://openalex.org/W2976055906
https://openalex.org/W2980301755
https://openalex.org/W3027212431
https://openalex.org/W30523298
https://openalex.org/W3141606520
https://openalex.org/W3148498421
https://openalex.org/W3152181556
https://openalex.org/W3167094387
https://openalex.org/W3178254591
https://openalex.org/W3208768375
https://openalex.org/W3210691055
https://openalex.org/W3210959358
https://openalex.org/W322273427
https://openalex.org/W338343546
https://openalex.org/W366378171
https://openalex.org/W385193054
https://openalex.org/W4206977535
https://openalex.org/W4230639431
https://openalex.org/W4231896580
https://openalex.org/W4233267181
https://openalex.org/W4298218950
https://openalex.org/W4300855841
https://openalex.org/W68940030
https://openalex.org/W78337133
https://openalex.org/W818296528
https://openalex.org/W81952410
https://openalex.org/W88925945
https://openalex.org/W934905864
https://openalex.org/W9682296
https://openalex.org/W2028291957
https://openalex.org/W1795671969
https://openalex.org/W2032093172
https://openalex.org/W2142057879
https://openalex.org/W1518507977
https://openalex.org/W2111123535
https://openalex.org/W2157514094
https://openalex.org/W1963746649
https://openalex.org/W2147272168
https://openalex.org/W1576164390
https://openalex.org/W2064858323
https://openalex.org/W2165155571
https://openalex.org/W2013018787
https://openalex.org/W1586153994
https://openalex.org/W2002443106
https://openalex.org/W1974621279
https://openalex.org/W2080057752
https://openalex.org/W2096636937
https://openalex.org/W2011014042
https://openalex.org/W2061253660
https://openalex.org/W2136228149
https://openalex.org/W2152499424
https://openalex.org/W2288139789
https://openalex.org/W2132259357
https://openalex.org/W2166832560
https://openalex.org/W1984236954
https://openalex.org/W2131092692
https://openalex.org/W2127408360
https://openalex.org/W1977754384
https://openalex.org/W2131541514
https://openalex.org/W2056952692
https://openalex.org/W2073155183
https://openalex.org/W2142259554
https://openalex.org/W2235300070
https://openalex.org/W2991229469
https://openalex.org/W2177707862
https://openalex.org/W2037694680
https://openalex.org/W2061576204
https://openalex.org/W2005216533
https://openalex.org/W2144909109
https://openalex.org/W2110410811
https://openalex.org/W2033622610
https://openalex.org/W2045098036
https://openalex.org/W2775958664
https://openalex.org/W2974612830
https://openalex.org/W1482953865
https://openalex.org/W1506631985
https://openalex.org/W2984032218
https://openalex.org/W2005934486
https://openalex.org/W2012021839
https://openalex.org/W2113584032
https://openalex.org/W2125086093
https://openalex.org/W1975829694
https://openalex.org/W2017336366
https://openalex.org/W2164987598
https://openalex.org/W3119726792
https://openalex.org/W2365862230
https://openalex.org/W2808402517
https://openalex.org/W2757278824
https://openalex.org/W3095251182
https://openalex.org/W2993198898
https://openalex.org/W4210289312
https://openalex.org/W3161622382
https://openalex.org/W3024889886
https://openalex.org/W4315487575
https://openalex.org/W1999116405
https://openalex.org/W2058513790
https://openalex.org/W4248368690
https://openalex.org/W1590834754
https://openalex.org/W2022909316
https://openalex.org/W2139432583
https://openalex.org/W2071530361
https://openalex.org/W1987950952
https://openalex.org/W2038202133
https://openalex.org/W1613293799
https://openalex.org/W2058346833
https://openalex.org/W2007412027
https://openalex.org/W2081567173
https://openalex.org/W1979188170
https://openalex.org/W2328529643
https://openalex.org/W2101223341
https://openalex.org/W2159579442
https://openalex.org/W2338504507
https://openalex.org/W2000653530
https://openalex.org/W2021924521
https://openalex.org/W2143746087
https://openalex.org/W2075908462
https://openalex.org/W2005837445
https://openalex.org/W1963666817
https://openalex.org/W2099002036
https://openalex.org/W2074170925
https://openalex.org/W2132527715
https://openalex.org/W1669401619
https://openalex.org/W2126967551
https://openalex.org/W1976129653
https://openalex.org/W2013729447
https://openalex.org/W2156507221
https://openalex.org/W2137532039
https://openalex.org/W2009065508
https://openalex.org/W2013356645
https://openalex.org/W2048250688
https://openalex.org/W1991585331
https://openalex.org/W1965552468
https://openalex.org/W1970953348
https://openalex.org/W2057370966
https://openalex.org/W2142647898
https://openalex.org/W2031315720
https://openalex.org/W2155022127
https://openalex.org/W1814428891
https://openalex.org/W2040870318
https://openalex.org/W1966907929
https://openalex.org/W2102959367
https://openalex.org/W2161901450
https://openalex.org/W2171419534
https://openalex.org/W2161722533
https://openalex.org/W2127887933
https://openalex.org/W2144106582
https://openalex.org/W1991099598
https://openalex.org/W2130517208
https://openalex.org/W2155178435
https://openalex.org/W1985128353
https://openalex.org/W2123698449
https://openalex.org/W2135852222
https://openalex.org/W2109032652
https://openalex.org/W2156120690
https://openalex.org/W2008291797
https://openalex.org/W2488568364
https://openalex.org/W1998945186
https://openalex.org/W2134042326
https://openalex.org/W1971803560
https://openalex.org/W2139409085
https://openalex.org/W2150305334
https://openalex.org/W2007592276
https://openalex.org/W2135446913
https://openalex.org/W1992455269
https://openalex.org/W2327682225
https://openalex.org/W145645167
https://openalex.org/W2038562691
https://openalex.org/W2172249613
https://openalex.org/W1539227464
https://openalex.org/W2140752169
https://openalex.org/W2186344531
https://openalex.org/W2038615945
https://openalex.org/W2149474628
https://openalex.org/W1947834533
https://openalex.org/W2166703487
https://openalex.org/W2028047168
https://openalex.org/W1973288698
https://openalex.org/W2145213528
https://openalex.org/W2126405504
https://openalex.org/W1585594991
https://openalex.org/W1980745547
https://openalex.org/W1986189206
https://openalex.org/W2119547356
https://openalex.org/W2046620795
https://openalex.org/W2070813015
https://openalex.org/W2109940150
https://openalex.org/W2130806342
https://openalex.org/W2143245037
https://openalex.org/W2083129477
https://openalex.org/W635679735
https://openalex.org/W2160193763
https://openalex.org/W1983040260
https://openalex.org/W2127714370
https://openalex.org/W2130824343
https://openalex.org/W2170776548
https://openalex.org/W2946219110
https://openalex.org/W2081619242
https://openalex.org/W2092455934
https://openalex.org/W2093122912
https://openalex.org/W2230254662
https://openalex.org/W2110467170
https://openalex.org/W2761910001
https://openalex.org/W2429215548
https://openalex.org/W1849859012
https://openalex.org/W2120215326
https://openalex.org/W2159399682
https://openalex.org/W2114338847
https://openalex.org/W2095463906
https://openalex.org/W2339937074
https://openalex.org/W2599464159
https://openalex.org/W2894943710
https://openalex.org/W1156555848
https://openalex.org/W2197530069
https://openalex.org/W2617627411
https://openalex.org/W2205530962
https://openalex.org/W2769477662
https://openalex.org/W2775392416
https://openalex.org/W2914640321
https://openalex.org/W3036791163
https://openalex.org/W1984115582
https://openalex.org/W2127958413
https://openalex.org/W951635187
https://openalex.org/W3094116377
https://openalex.org/W3150768399
https://openalex.org/W2900381836
https://openalex.org/W2988547350
https://openalex.org/W3178930625
https://openalex.org/W3134423717
https://openalex.org/W3100271497
https://openalex.org/W3081723929
https://openalex.org/W3151458712
https://openalex.org/W3168138641
https://openalex.org/W4200401206
https://openalex.org/W4206577729
https://openalex.org/W4281889565
https://openalex.org/W4224104754
https://openalex.org/W4220740517
https://openalex.org/W4220948863
https://openalex.org/W4310064568
https://openalex.org/W4283726490
https://openalex.org/W4307038730
https://openalex.org/W4319985497
https://openalex.org/W4319795415
https://openalex.org/W4320040242
https://openalex.org/W252494090
https://openalex.org/W620498812
https://openalex.org/W2018405351
https://openalex.org/W2157393027
https://openalex.org/W2094270473
https://openalex.org/W2072406500
https://openalex.org/W1649079303
https://openalex.org/W2029210607
https://openalex.org/W2039068422
https://openalex.org/W2139154909
https://openalex.org/W2068170811
https://openalex.org/W2110210037
https://openalex.org/W2041541352
https://openalex.org/W2085606439
https://openalex.org/W1993387193
https://openalex.org/W4238585397
https://openalex.org/W2145977002
https://openalex.org/W2000953793
https://openalex.org/W2109597614
https://openalex.org/W2119991678
https://openalex.org/W1982816693
https://openalex.org/W1968094799
https://openalex.org/W1974391542
https://openalex.org/W2132389690
https://openalex.org/W2061137017
https://openalex.org/W2106285967
https://openalex.org/W1967290373
https://openalex.org/W2023416704
https://openalex.org/W2082387603
https://openalex.org/W2008865977
https://openalex.org/W2075154373
https://openalex.org/W2063401784
https://openalex.org/W2004852244
https://openalex.org/W2118699779
https://openalex.org/W2121001715
https://openalex.org/W655655306
https://openalex.org/W2060794266
https://openalex.org/W2140171592
https://openalex.org/W2084572042
https://openalex.org/W1604821991
https://openalex.org/W189413392
https://openalex.org/W2003837973
https://openalex.org/W1994150267
https://openalex.org/W2123702390
https://openalex.org/W2131374456
https://openalex.org/W2165160570
https://openalex.org/W2051474110
https://openalex.org/W2101843864
https://openalex.org/W2042403516
https://openalex.org/W2077910968
https://openalex.org/W2122890549
https://openalex.org/W2140200764
https://openalex.org/W2165122305
https://openalex.org/W2435507717
https://openalex.org/W1987862439
https://openalex.org/W2092284522
https://openalex.org/W2129730375
https://openalex.org/W2121091203
https://openalex.org/W2134320419
https://openalex.org/W2054717769
https://openalex.org/W2107287843
https://openalex.org/W1208303706
https://openalex.org/W2530242651
https://openalex.org/W1968959904
https://openalex.org/W2009469041
https://openalex.org/W2044769457
https://openalex.org/W2500897438
https://openalex.org/W2343706406
https://openalex.org/W1496087517
https://openalex.org/W1911507480
https://openalex.org/W2783964030
https://openalex.org/W1780250628
https://openalex.org/W2108549689
https://openalex.org/W2131283387
https://openalex.org/W2785984259
https://openalex.org/W1944629388
https://openalex.org/W2726874112
https://openalex.org/W2829895505
https://openalex.org/W2518231500
https://openalex.org/W2607620597
https://openalex.org/W2964997421
https://openalex.org/W2406835446
https://openalex.org/W2400762549
https://openalex.org/W2750244446
https://openalex.org/W2994756824
https://openalex.org/W4211161128
https://openalex.org/W3004345592
https://openalex.org/W2951478664
https://openalex.org/W2964183379
https://openalex.org/W3013139947
https://openalex.org/W3081315638
https://openalex.org/W3109374922
https://openalex.org/W3164823129
https://openalex.org/W4210704626
https://openalex.org/W4225852835
https://openalex.org/W4288455551
https://openalex.org/W3211447944
https://openalex.org/W4283208402
https://openalex.org/W4322769129
https://openalex.org/W4313478646
https://openalex.org/W4385620089
https://openalex.org/W4317436224
https://openalex.org/W4386753198
https://openalex.org/W4387967865
https://openalex.org/W4389328435
https://openalex.org/W4391064382
https://openalex.org/W4391643386
https://openalex.org/W1575487276
https://openalex.org/W2020221988
https://openalex.org/W2125551095
https://openalex.org/W2095252151
https://openalex.org/W2154841693
https://openalex.org/W2403304637
https://openalex.org/W37663457
https://openalex.org/W2046278199
https://openalex.org/W1968250665
https://openalex.org/W4248937460
https://openalex.org/W1996437147
https://openalex.org/W2029610070
https://openalex.org/W4232361916
https://openalex.org/W2145940656
https://openalex.org/W2275028876
https://openalex.org/W2014644906
https://openalex.org/W1985970349
https://openalex.org/W2050456481
https://openalex.org/W1575696419
https://openalex.org/W1827693470
https://openalex.org/W1970693618
https://openalex.org/W2146734178
https://openalex.org/W2074681803
https://openalex.org/W2137007692
https://openalex.org/W2149922318
https://openalex.org/W2032456555
https://openalex.org/W2073834258
https://openalex.org/W2129030600
https://openalex.org/W2138077279
https://openalex.org/W2019143696
https://openalex.org/W2169019992
https://openalex.org/W153559937
https://openalex.org/W2017008724
https://openalex.org/W2053413461
https://openalex.org/W2039480352
https://openalex.org/W2032107555
https://openalex.org/W2000823223
https://openalex.org/W1973770186
https://openalex.org/W1981050979
https://openalex.org/W2154582710
https://openalex.org/W2000728678
https://openalex.org/W2106644943
https://openalex.org/W2171041070
https://openalex.org/W2487977651
https://openalex.org/W2136806889
https://openalex.org/W2058847866
https://openalex.org/W2159151514
https://openalex.org/W2141741844
https://openalex.org/W2030922163
https://openalex.org/W2011991505
https://openalex.org/W2089330958
https://openalex.org/W1990524666
https://openalex.org/W2131559081
https://openalex.org/W2120825169
https://openalex.org/W2148936706
https://openalex.org/W2126122559
https://openalex.org/W2161238660
https://openalex.org/W2270231851
https://openalex.org/W2552642908
https://openalex.org/W2760059194
https://openalex.org/W2017883346
https://openalex.org/W1979577212
https://openalex.org/W2079281423
https://openalex.org/W2789673416
https://openalex.org/W2057366818
https://openalex.org/W2565843273
https://openalex.org/W2804221298
https://openalex.org/W2043593208
https://openalex.org/W2287357803
https://openalex.org/W2522274739
https://openalex.org/W2952209682
https://openalex.org/W2070209856
https://openalex.org/W2143811344
https://openalex.org/W2407670863
https://openalex.org/W2467756444
https://openalex.org/W2562238960
https://openalex.org/W2591171709
https://openalex.org/W2955187888
https://openalex.org/W3024075488
https://openalex.org/W2277450095
https://openalex.org/W2551962603
https://openalex.org/W2590211062
https://openalex.org/W2732235409
https://openalex.org/W2292640940
https://openalex.org/W2920942685
https://openalex.org/W126500993
https://openalex.org/W2800557011
https://openalex.org/W2910726680
https://openalex.org/W2910786776
https://openalex.org/W3007648883
https://openalex.org/W2946170276
https://openalex.org/W3011781646
https://openalex.org/W3032387589
https://openalex.org/W3096784863
https://openalex.org/W3139413607
https://openalex.org/W3198467192
https://openalex.org/W3113335726
https://openalex.org/W3211633808
https://openalex.org/W4225949779
https://openalex.org/W4312179322
https://openalex.org/W4292260481
https://openalex.org/W4296282607
https://openalex.org/W4281742795
https://openalex.org/W4294868274
https://openalex.org/W4377938905
https://openalex.org/W4327961623
https://openalex.org/W4362458014
https://openalex.org/W4381741989
https://openalex.org/W4387640078
https://openalex.org/W2053812189
https://openalex.org/W1638340079
https://openalex.org/W2077144147
https://openalex.org/W2120221636
https://openalex.org/W2099589497
https://openalex.org/W2004208126
https://openalex.org/W2122502828
https://openalex.org/W2145797508
https://openalex.org/W2270250131
https://openalex.org/W2060580758
https://openalex.org/W2075696398
https://openalex.org/W2001395685
https://openalex.org/W1581378827
https://openalex.org/W2001826371
https://openalex.org/W42330504
https://openalex.org/W1979039446
https://openalex.org/W2259379690
https://openalex.org/W2021820522
https://openalex.org/W2249868999
https://openalex.org/W2436832826
https://openalex.org/W4300355192
https://openalex.org/W1985464082
https://openalex.org/W2022622445
https://openalex.org/W2116801751
https://openalex.org/W2047017715
https://openalex.org/W2052996184
https://openalex.org/W2159205219
https://openalex.org/W1721311185
https://openalex.org/W1977999098
https://openalex.org/W2094581669
https://openalex.org/W2098939744
https://openalex.org/W2415453053
https://openalex.org/W1972448617
https://openalex.org/W2135596648
https://openalex.org/W2315456378
https://openalex.org/W2763804473
https://openalex.org/W2009693550
https://openalex.org/W2067465754
https://openalex.org/W2141273616
https://openalex.org/W1975547044
https://openalex.org/W2068194769
https://openalex.org/W2033367593
https://openalex.org/W1978437166
https://openalex.org/W2915443674
https://openalex.org/W2097941176
https://openalex.org/W2147454024
https://openalex.org/W2057869456
https://openalex.org/W2087552716
https://openalex.org/W2033558083
https://openalex.org/W2031857223
https://openalex.org/W2147734210
https://openalex.org/W1980018795
https://openalex.org/W1997658590
https://openalex.org/W2027251716
https://openalex.org/W2076844786
https://openalex.org/W2089807802
https://openalex.org/W2330559194
https://openalex.org/W1967359060
https://openalex.org/W2047428165
https://openalex.org/W2154469550
https://openalex.org/W2160321267
https://openalex.org/W2057103935
https://openalex.org/W221806439
https://openalex.org/W2739337262
https://openalex.org/W2399409513
https://openalex.org/W2196192124
https://openalex.org/W221807493
https://openalex.org/W2891823264
https://openalex.org/W2601095563
https://openalex.org/W2624545573
https://openalex.org/W2991436508
https://openalex.org/W2767110199
https://openalex.org/W2888702071
https://openalex.org/W2959246410
https://openalex.org/W2912874422
https://openalex.org/W3037000515
https://openalex.org/W4206377024
https://openalex.org/W3133978685
https://openalex.org/W3178910293
https://openalex.org/W3209582190
https://openalex.org/W4213274610
https://openalex.org/W4291396229
https://openalex.org/W4205199627
https://openalex.org/W4286423752
https://openalex.org/W4310863239
https://openalex.org/W4313490476
https://openalex.org/W4315641449
https://openalex.org/W4318669780
https://openalex.org/W4321612491
https://openalex.org/W4387581476
https://openalex.org/W4389333938
https://openalex.org/W2020270106
https://openalex.org/W1976349154
https://openalex.org/W2094146905
https://openalex.org/W1991159606
https://openalex.org/W2073577985
https://openalex.org/W2067556564
https://openalex.org/W1491033866
https://openalex.org/W2084679764
https://openalex.org/W2086379087
https://openalex.org/W2339696386
https://openalex.org/W2028687955
https://openalex.org/W1984368204
https://openalex.org/W2006165862
https://openalex.org/W2416859834
https://openalex.org/W1988307059
https://openalex.org/W2000828391
https://openalex.org/W2026789903
https://openalex.org/W2088156578
https://openalex.org/W4245016286
https://openalex.org/W1601586027
https://openalex.org/W2053656508
https://openalex.org/W2098535546
https://openalex.org/W2139744230
https://openalex.org/W2016794081
https://openalex.org/W2022471453
https://openalex.org/W2022645503
https://openalex.org/W2028979451
https://openalex.org/W2030308976
https://openalex.org/W2031116054
https://openalex.org/W1994101925
https://openalex.org/W2056446567
https://openalex.org/W2069785760
https://openalex.org/W2125918157
https://openalex.org/W2413516914
https://openalex.org/W2000400372
https://openalex.org/W49044230
https://openalex.org/W2170418327
https://openalex.org/W2085028628
https://openalex.org/W2151429972
https://openalex.org/W2002815640
https://openalex.org/W2086520954
https://openalex.org/W1518820299
https://openalex.org/W2095471048
https://openalex.org/W2137899628
https://openalex.org/W2140361630
https://openalex.org/W1976195158
https://openalex.org/W1979238231
https://openalex.org/W2062039500
https://openalex.org/W2170266398
https://openalex.org/W1987846532
https://openalex.org/W2172244344
https://openalex.org/W2056042504
https://openalex.org/W2076020630
https://openalex.org/W1558881891
https://openalex.org/W1966388392
https://openalex.org/W2064140014
https://openalex.org/W2073128218
https://openalex.org/W2293474310
https://openalex.org/W2419500874
https://openalex.org/W1997435908
https://openalex.org/W2093093173
https://openalex.org/W2275698664
https://openalex.org/W2292688082
https://openalex.org/W2338664265
https://openalex.org/W2597922412
https://openalex.org/W2142842749
https://openalex.org/W2588072686
https://openalex.org/W2300808181
https://openalex.org/W2530482874
https://openalex.org/W2894025695
https://openalex.org/W2073625723
https://openalex.org/W2295591233
https://openalex.org/W2758683043
https://openalex.org/W2484517713
https://openalex.org/W2585491807
https://openalex.org/W2767734603
https://openalex.org/W2789417597
https://openalex.org/W2790173294
https://openalex.org/W2890203184
https://openalex.org/W2984556569
https://openalex.org/W3005605504
https://openalex.org/W3087573603
https://openalex.org/W3088857634
https://openalex.org/W3101848073
https://openalex.org/W3081442610
https://openalex.org/W3027889876
https://openalex.org/W3024073740
https://openalex.org/W3033031597
https://openalex.org/W3085130314
https://openalex.org/W3087587293
https://openalex.org/W3137132054
https://openalex.org/W4200168240
https://openalex.org/W3098346995
https://openalex.org/W3183165876
https://openalex.org/W3094103259
https://openalex.org/W3113628104
https://openalex.org/W3120157155
https://openalex.org/W3120600822
https://openalex.org/W4211008633
https://openalex.org/W4285299995
https://openalex.org/W4288691932
https://openalex.org/W4309495338
https://openalex.org/W4319730036
https://openalex.org/W4365448000
https://openalex.org/W4248023320
https://openalex.org/W2066355142
https://openalex.org/W2114925581
https://openalex.org/W2116810280
https://openalex.org/W2077558523
https://openalex.org/W2098839815
https://openalex.org/W2426907678
https://openalex.org/W2115305263
https://openalex.org/W2103781560
https://openalex.org/W2171690984
https://openalex.org/W2090513446
https://openalex.org/W1990737080
https://openalex.org/W2112115909
https://openalex.org/W2952052382
https://openalex.org/W1965653801
https://openalex.org/W2098576078
https://openalex.org/W1534027352
https://openalex.org/W2004388475
https://openalex.org/W2017398863
https://openalex.org/W2054912214
https://openalex.org/W1995391116
https://openalex.org/W2030726722
https://openalex.org/W2161547770
https://openalex.org/W2051165112
https://openalex.org/W2116488681
https://openalex.org/W2084731764
https://openalex.org/W1966961506
https://openalex.org/W2019798452
https://openalex.org/W2124251682
https://openalex.org/W1981070050
https://openalex.org/W1485945733
https://openalex.org/W2160831733
https://openalex.org/W1550780658
https://openalex.org/W2013719726
https://openalex.org/W2128530168
https://openalex.org/W1965142340
https://openalex.org/W2017120473
https://openalex.org/W2093072661
https://openalex.org/W2134044361
https://openalex.org/W2143729477
https://openalex.org/W2004741566
https://openalex.org/W2008101999
https://openalex.org/W4312922649
https://openalex.org/W2030506873
https://openalex.org/W2046298241
https://openalex.org/W2055178705
https://openalex.org/W2148381415
https://openalex.org/W196470127
https://openalex.org/W1978931301
https://openalex.org/W2043614283
https://openalex.org/W2014136455
https://openalex.org/W2121669501
https://openalex.org/W2337155871
https://openalex.org/W1966760512
https://openalex.org/W2090375673
https://openalex.org/W2168103261
https://openalex.org/W2230842557
https://openalex.org/W2021263151
https://openalex.org/W2030744905
https://openalex.org/W2055317045
https://openalex.org/W2073180873
https://openalex.org/W2143568437
https://openalex.org/W2164011186
https://openalex.org/W2739505366
https://openalex.org/W2267902904
https://openalex.org/W2324316737
https://openalex.org/W2745869448
https://openalex.org/W2757556819
https://openalex.org/W2518750705
https://openalex.org/W2530319447
https://openalex.org/W2579797286
https://openalex.org/W2795346947
https://openalex.org/W2969275436
https://openalex.org/W2562905597
https://openalex.org/W2791471142
https://openalex.org/W2794553261
https://openalex.org/W2956801253
https://openalex.org/W4237411391
https://openalex.org/W2962383654
https://openalex.org/W3109176845
https://openalex.org/W4247748606
https://openalex.org/W3011764498
https://openalex.org/W1987594636
https://openalex.org/W3118544683
https://openalex.org/W4200549965
https://openalex.org/W3084190893
https://openalex.org/W3209954021
https://openalex.org/W4223981247
https://openalex.org/W4292382124
https://openalex.org/W4206614069
https://openalex.org/W4213213249
https://openalex.org/W4313332966
https://openalex.org/W4319786798
https://openalex.org/W4353038838
https://openalex.org/W4388591465
https://openalex.org/W2058768032
https://openalex.org/W2068655977
https://openalex.org/W1964827727
https://openalex.org/W2008104984
https://openalex.org/W1603569298
https://openalex.org/W2035979315
https://openalex.org/W2016750734
https://openalex.org/W2042034057
https://openalex.org/W1981217017
https://openalex.org/W1970787886
https://openalex.org/W2147764020
https://openalex.org/W1972092929
https://openalex.org/W2135941455
https://openalex.org/W2170997483
https://openalex.org/W2146367064
https://openalex.org/W1991986626
https://openalex.org/W2072147752
https://openalex.org/W1983425323
https://openalex.org/W2005856077
https://openalex.org/W2021521402
https://openalex.org/W2073235194
https://openalex.org/W2076004066
https://openalex.org/W1899619833
https://openalex.org/W1979292172
https://openalex.org/W2063139816
https://openalex.org/W2031711133
https://openalex.org/W1975597665
https://openalex.org/W2096589861
https://openalex.org/W2152730987
https://openalex.org/W2140370242
https://openalex.org/W2088358183
https://openalex.org/W2094073762
https://openalex.org/W2124177504
https://openalex.org/W2157476765
https://openalex.org/W1993983615
https://openalex.org/W2012196903
https://openalex.org/W2028184386
https://openalex.org/W2038392028
https://openalex.org/W2330924021
https://openalex.org/W2345996302
https://openalex.org/W2014640210
https://openalex.org/W2045119780
https://openalex.org/W2077502208
https://openalex.org/W2593919191
https://openalex.org/W2133557910
https://openalex.org/W2475670355
https://openalex.org/W2530096957
https://openalex.org/W2805313681
https://openalex.org/W2987726691
https://openalex.org/W2466200059
https://openalex.org/W2791083058
https://openalex.org/W2897436326
https://openalex.org/W2922223019
https://openalex.org/W2946893275
https://openalex.org/W2974708494
https://openalex.org/W2988815563
https://openalex.org/W2992466090
https://openalex.org/W3004359465
https://openalex.org/W3087164413
https://openalex.org/W3087130615
https://openalex.org/W3173480200
https://openalex.org/W3185665006
https://openalex.org/W4206742830
https://openalex.org/W3041555939
https://openalex.org/W3124770402
https://openalex.org/W3134204480
https://openalex.org/W3139304443
https://openalex.org/W3163782401
https://openalex.org/W4226060203
https://openalex.org/W4220947131
https://openalex.org/W4281648676
https://openalex.org/W4295204409
https://openalex.org/W4310119562
https://openalex.org/W4386286881
https://openalex.org/W4389395950
https://openalex.org/W4390441499
https://openalex.org/W4390512587
https://openalex.org/W4390523378
https://openalex.org/W4390789028
https://openalex.org/W4390889556
https://openalex.org/W4391263631
https://openalex.org/W4391293027
https://openalex.org/W4391538719
https://openalex.org/W4391669264
https://openalex.org/W4391722266
https://openalex.org/W4391747881
https://openalex.org/W4391757044
https://openalex.org/W4391771569
https://openalex.org/W4392003643
https://openalex.org/W4392094533
https://openalex.org/W4392163919
https://openalex.org/W4392261094
https://openalex.org/W4392291538
https://openalex.org/W4392355179
https://openalex.org/W4392358056
https://openalex.org/W4392358307
https://openalex.org/W4392364709
https://openalex.org/W4392429881
https://openalex.org/W4392548311
https://openalex.org/W4392648279
https://openalex.org/W4392761682
https://openalex.org/W4392801877
https://openalex.org/W4392844553
https://openalex.org/W4392886226
https://openalex.org/W4392904631
https://openalex.org/W4393045668
https://openalex.org/W4393055875
https://openalex.org/W4393079205
https://openalex.org/W4393412148
https://openalex.org/W4393955226
https://openalex.org/W4394698192
https://openalex.org/W4394738720
https://openalex.org/W4394740759
https://openalex.org/W4394761101
https://openalex.org/W4394903758
https://openalex.org/W4395096953
https://openalex.org/W4395667037
https://openalex.org/W4395675989
https://openalex.org/W4396240656
https://openalex.org/W4396242709
https://openalex.org/W4396632458
https://openalex.org/W4396643117
https://openalex.org/W4396644905
https://openalex.org/W2069010701
https://openalex.org/W2001865423
https://openalex.org/W2159188035
https://openalex.org/W2027044049
https://openalex.org/W2058070340
https://openalex.org/W2058406087
https://openalex.org/W2067410717
https://openalex.org/W1982902518
https://openalex.org/W26951717
https://openalex.org/W2030381617
https://openalex.org/W4388300498
https://openalex.org/W1537301344
https://openalex.org/W2116216115
https://openalex.org/W2950484194
https://openalex.org/W1862751752
https://openalex.org/W2005301192
https://openalex.org/W2084478146
https://openalex.org/W2138183086
https://openalex.org/W634158107
https://openalex.org/W2040548300
https://openalex.org/W2054605404
https://openalex.org/W2126566050
https://openalex.org/W1979195741
https://openalex.org/W2043013208
https://openalex.org/W1492613009
https://openalex.org/W2012751848
https://openalex.org/W2067681807
https://openalex.org/W2132417420
https://openalex.org/W2163301118
https://openalex.org/W2087809163
https://openalex.org/W2001060636
https://openalex.org/W2009480625
https://openalex.org/W2054740050
https://openalex.org/W2122073409
https://openalex.org/W1481115348
https://openalex.org/W1991715706
https://openalex.org/W1999499709
https://openalex.org/W2058996445
https://openalex.org/W2325888485
https://openalex.org/W1965945750
https://openalex.org/W1981229894
https://openalex.org/W1988876062
https://openalex.org/W1995781834
https://openalex.org/W2038727667
https://openalex.org/W2104706198
https://openalex.org/W1573713846
https://openalex.org/W1973562395
https://openalex.org/W2102282066
https://openalex.org/W2197223281
https://openalex.org/W2010399893
https://openalex.org/W2338517598
https://openalex.org/W2465510757
https://openalex.org/W2796002678
https://openalex.org/W333271189
https://openalex.org/W1625131653
https://openalex.org/W2115284323
https://openalex.org/W2263653223
https://openalex.org/W2535908805
https://openalex.org/W2900541681
https://openalex.org/W4301093710
https://openalex.org/W2275022298
https://openalex.org/W2351103387
https://openalex.org/W2521536654
https://openalex.org/W1998463811
https://openalex.org/W2887041404
https://openalex.org/W3084232838
https://openalex.org/W3131263770
https://openalex.org/W3154303601
https://openalex.org/W3179019500
https://openalex.org/W3179287184
https://openalex.org/W3180597578
https://openalex.org/W3201437566
https://openalex.org/W4235100300
https://openalex.org/W2327016439
https://openalex.org/W4296518718
https://openalex.org/W4307502815
https://openalex.org/W4310714245
https://openalex.org/W4317436426
https://openalex.org/W4320482605
https://openalex.org/W4321185950
https://openalex.org/W4324139067
https://openalex.org/W4360599504
https://openalex.org/W4372284232
https://openalex.org/W4385743455
https://openalex.org/W4385827162
https://openalex.org/W4386251142
https://openalex.org/W4388024036
https://openalex.org/W2025883507
https://openalex.org/W1994996481
https://openalex.org/W2080521489
https://openalex.org/W2155244811
https://openalex.org/W2099444157
https://openalex.org/W2275161092
https://openalex.org/W1967167619
https://openalex.org/W1995265883
https://openalex.org/W4231262887
https://openalex.org/W2055162096
https://openalex.org/W4245395553
https://openalex.org/W2141525591
https://openalex.org/W1980756487
https://openalex.org/W2121696496
https://openalex.org/W2025580190
https://openalex.org/W2018092354
https://openalex.org/W1987498745
https://openalex.org/W2001059300
https://openalex.org/W2121182717
https://openalex.org/W1992567637
https://openalex.org/W2107696976
https://openalex.org/W2333932964
https://openalex.org/W2112884758
https://openalex.org/W1884540304
https://openalex.org/W2038391235
https://openalex.org/W2056196958
https://openalex.org/W2101523670
https://openalex.org/W1988247148
https://openalex.org/W2002922026
https://openalex.org/W2036056636
https://openalex.org/W1975988748
https://openalex.org/W1980270768
https://openalex.org/W1992939358
https://openalex.org/W2018816682
https://openalex.org/W2023192386
https://openalex.org/W2014966326
https://openalex.org/W2065436570
https://openalex.org/W2216323573
https://openalex.org/W2588124145
https://openalex.org/W2599626206
https://openalex.org/W2727496056
https://openalex.org/W2753173752
https://openalex.org/W2038860405
https://openalex.org/W2155467026
https://openalex.org/W2156484761
https://openalex.org/W2422427745
https://openalex.org/W2666385620
https://openalex.org/W2847826188
https://openalex.org/W2527857389
https://openalex.org/W2949756248
https://openalex.org/W2953790663
https://openalex.org/W2979511281
https://openalex.org/W2989585659
https://openalex.org/W3089042995
https://openalex.org/W3108415475
https://openalex.org/W3130034549
https://openalex.org/W3134401249
https://openalex.org/W3137222652
https://openalex.org/W3163452103
https://openalex.org/W3186045097
https://openalex.org/W3194302588
https://openalex.org/W3198703795
https://openalex.org/W3199028233
https://openalex.org/W3212903065
https://openalex.org/W4205826740
https://openalex.org/W4212807985
https://openalex.org/W4214603451
https://openalex.org/W4281745709
https://openalex.org/W4289111521
https://openalex.org/W4307503888
https://openalex.org/W4308785449
https://openalex.org/W4310214197
https://openalex.org/W4311471789
https://openalex.org/W1985041021
https://openalex.org/W2953191035
https://openalex.org/W2116379145
https://openalex.org/W2063659378
https://openalex.org/W597898398
https://openalex.org/W1983568395
https://openalex.org/W2404598581
https://openalex.org/W1993749374
https://openalex.org/W2027899199
https://openalex.org/W2049943813
https://openalex.org/W2057994347
https://openalex.org/W2128089525
https://openalex.org/W2031007950
https://openalex.org/W2080937717
https://openalex.org/W1971221712
https://openalex.org/W2026565463
https://openalex.org/W2112140701
https://openalex.org/W1970913032
https://openalex.org/W1979589272
https://openalex.org/W2013107569
https://openalex.org/W4299556706
https://openalex.org/W404264118
https://openalex.org/W2121354127
https://openalex.org/W2148573530
https://openalex.org/W2012992522
https://openalex.org/W2139047355
https://openalex.org/W2483425472
https://openalex.org/W2034247397
https://openalex.org/W2018616874
https://openalex.org/W2080439732
https://openalex.org/W2100154337
https://openalex.org/W2037013289
https://openalex.org/W1993790622
https://openalex.org/W2003368252
https://openalex.org/W2061027856
https://openalex.org/W2076728586
https://openalex.org/W2086307650
https://openalex.org/W1776083586
https://openalex.org/W1923631904
https://openalex.org/W1986574224
https://openalex.org/W2601259790
https://openalex.org/W2891319725
https://openalex.org/W4230119504
https://openalex.org/W2308053742
https://openalex.org/W2995118638
https://openalex.org/W4237243214
https://openalex.org/W3000060209
https://openalex.org/W3145334144
https://openalex.org/W3162788640
https://openalex.org/W3206184503
https://openalex.org/W4224263989
https://openalex.org/W4281263369
https://openalex.org/W4283377195
https://openalex.org/W4283721878
https://openalex.org/W4294591587
https://openalex.org/W4297984387
https://openalex.org/W4310271801
https://openalex.org/W4312211485
https://openalex.org/W1484414756
https://openalex.org/W1986562678
https://openalex.org/W2091522375
https://openalex.org/W1985250752
https://openalex.org/W1998035970
https://openalex.org/W2052161927
https://openalex.org/W99249641
https://openalex.org/W2023107307
https://openalex.org/W1987079841
https://openalex.org/W2059117697
https://openalex.org/W2069360076
https://openalex.org/W2135505680
https://openalex.org/W125548441
https://openalex.org/W2094276558
https://openalex.org/W2112924167
https://openalex.org/W1963909355
https://openalex.org/W2010643888
https://openalex.org/W2113170096
https://openalex.org/W2128825107
https://openalex.org/W1493221320
https://openalex.org/W1973325862
https://openalex.org/W203824872
https://openalex.org/W2061729817
https://openalex.org/W2084404677
https://openalex.org/W2112554427
https://openalex.org/W645625812
https://openalex.org/W1498272026
https://openalex.org/W188057331
https://openalex.org/W1974379438
https://openalex.org/W1990742220
https://openalex.org/W2016400414
https://openalex.org/W2072670103
https://openalex.org/W2129911711
https://openalex.org/W2149352515
https://openalex.org/W2164840397
https://openalex.org/W2592790386
https://openalex.org/W2690651302
https://openalex.org/W2889593927
https://openalex.org/W2893887704
https://openalex.org/W1507922054
https://openalex.org/W1990390110
https://openalex.org/W1990765837
https://openalex.org/W2232305092
https://openalex.org/W2256598424
https://openalex.org/W2590079466
https://openalex.org/W2777937995
https://openalex.org/W2788380647
https://openalex.org/W2802627374
https://openalex.org/W2887849539
https://openalex.org/W2951663090
https://openalex.org/W2275365780
https://openalex.org/W2557878468
https://openalex.org/W2793963279
https://openalex.org/W2979736744
https://openalex.org/W3005668942
https://openalex.org/W3007571240
https://openalex.org/W3016052535
https://openalex.org/W3092608409
https://openalex.org/W3194169770
https://openalex.org/W2064477631
https://openalex.org/W2152249000
https://openalex.org/W1988342375
https://openalex.org/W2029636906
https://openalex.org/W2158720937
https://openalex.org/W2074336152
https://openalex.org/W2099603354
https://openalex.org/W1964918221
https://openalex.org/W2028847396
https://openalex.org/W2064354622
https://openalex.org/W2081547325
https://openalex.org/W2082336151
https://openalex.org/W2142121812
https://openalex.org/W2329491120
https://openalex.org/W2409353181
https://openalex.org/W2483500394
https://openalex.org/W4236423166
https://openalex.org/W2018819945
https://openalex.org/W2024545225
https://openalex.org/W2149135274
https://openalex.org/W2122288469
https://openalex.org/W2038860285
https://openalex.org/W2086422708
https://openalex.org/W1972120145
https://openalex.org/W2061973969
https://openalex.org/W2107613608
https://openalex.org/W1996263539
https://openalex.org/W2021608115
https://openalex.org/W1973220756
https://openalex.org/W1978112972
https://openalex.org/W1927036827
https://openalex.org/W1989947398
https://openalex.org/W2036117673
https://openalex.org/W2128157946
https://openalex.org/W2752651707
https://openalex.org/W2793565472
https://openalex.org/W2809676512
https://openalex.org/W2892257831
https://openalex.org/W2899660717
https://openalex.org/W2911668358
https://openalex.org/W2942868626
https://openalex.org/W2946732136
https://openalex.org/W2990160919
https://openalex.org/W4244121579
https://openalex.org/W1991153133
https://openalex.org/W1997328388
https://openalex.org/W2018870667
https://openalex.org/W2032407381
https://openalex.org/W2400187794
https://openalex.org/W2980794733
https://openalex.org/W3003540326
https://openalex.org/W3003816282
https://openalex.org/W3004777349
https://openalex.org/W3021512994
https://openalex.org/W3049126036
https://openalex.org/W3052114600
https://openalex.org/W3116544402
https://openalex.org/W3111883919
https://openalex.org/W3134410343
https://openalex.org/W3183050911
https://openalex.org/W3201316389
https://openalex.org/W3204865200
https://openalex.org/W3216371955
https://openalex.org/W4224230788
https://openalex.org/W4281648136
https://openalex.org/W4283366871
https://openalex.org/W4288050907
https://openalex.org/W4291169686
https://openalex.org/W4296198343
https://openalex.org/W4296793607
https://openalex.org/W4309934902
https://openalex.org/W4313251107
https://openalex.org/W4310068999
https://openalex.org/W4310894418
https://openalex.org/W4311433195
https://openalex.org/W4313324796
https://openalex.org/W4313890265
https://openalex.org/W4320167780
https://openalex.org/W4321441952
https://openalex.org/W4322500559
https://openalex.org/W4322617281
https://openalex.org/W4322622117
https://openalex.org/W4324032747
https://openalex.org/W4324056860
https://openalex.org/W4360600329
https://openalex.org/W4360980235
https://openalex.org/W4367835219
https://openalex.org/W4377023928
https://openalex.org/W4378640106
https://openalex.org/W4380489258
https://openalex.org/W4381192959
https://openalex.org/W4381480424
https://openalex.org/W4381486926
https://openalex.org/W4381714942
https://openalex.org/W4381838963
https://openalex.org/W4381950239
https://openalex.org/W4384626437
https://openalex.org/W4386231191
https://openalex.org/W4386686671
https://openalex.org/W4387033657
https://openalex.org/W4387226836
https://openalex.org/W4387638168
https://openalex.org/W4387899363
https://openalex.org/W4387959148
https://openalex.org/W4388774688
https://openalex.org/W4388973216
https://openalex.org/W1973603908
https://openalex.org/W2008044119
https://openalex.org/W2047173039
https://openalex.org/W2012365392
https://openalex.org/W2049035515
https://openalex.org/W2157376401
https://openalex.org/W2340574951
https://openalex.org/W191179741
https://openalex.org/W1980334351
https://openalex.org/W2039470671
https://openalex.org/W2398120660
https://openalex.org/W2004302596
https://openalex.org/W2060158266
https://openalex.org/W2098074427
https://openalex.org/W1848586181
https://openalex.org/W1964438298
https://openalex.org/W1985761741
https://openalex.org/W2161046722
https://openalex.org/W1749531299
https://openalex.org/W2013179694
https://openalex.org/W2079372438
https://openalex.org/W1967924300
https://openalex.org/W1973800261
https://openalex.org/W1979403176
https://openalex.org/W2072851538
https://openalex.org/W2080687314
https://openalex.org/W2088419773
https://openalex.org/W2110996792
https://openalex.org/W2028681412
https://openalex.org/W2168141568
https://openalex.org/W2325567773
https://openalex.org/W2398508042
https://openalex.org/W2604637231
https://openalex.org/W2755950893
https://openalex.org/W2890742620
https://openalex.org/W2904907879
https://openalex.org/W1823914872
https://openalex.org/W2193405847
https://openalex.org/W2250097543
https://openalex.org/W2340438830
https://openalex.org/W2466555449
https://openalex.org/W2905766756
https://openalex.org/W2992520034
https://openalex.org/W2994926357
https://openalex.org/W756072844
https://openalex.org/W1983395337
https://openalex.org/W2023062757
https://openalex.org/W2101201744
https://openalex.org/W2567833785
https://openalex.org/W2123423043
https://openalex.org/W2128975207
https://openalex.org/W1996744342
https://openalex.org/W2056074790
https://openalex.org/W2121708775
https://openalex.org/W1902606154
https://openalex.org/W2000524328
https://openalex.org/W2163915273
https://openalex.org/W2110527631
https://openalex.org/W2059519288
https://openalex.org/W2063557434
https://openalex.org/W124142327
https://openalex.org/W1946765944
https://openalex.org/W1984065114
https://openalex.org/W108506146
https://openalex.org/W2042109833
https://openalex.org/W2047077182
https://openalex.org/W2121989141
https://openalex.org/W2472539332
https://openalex.org/W2799491042
https://openalex.org/W2803339871
https://openalex.org/W2886290235
https://openalex.org/W4211070419
https://openalex.org/W1494585806
https://openalex.org/W2024726553
https://openalex.org/W2033474241
https://openalex.org/W2069972429
https://openalex.org/W2088053536
https://openalex.org/W2105103626
https://openalex.org/W2188671745
https://openalex.org/W2251773299
https://openalex.org/W2312528459
https://openalex.org/W2465973529
https://openalex.org/W2483867832
https://openalex.org/W2494350012
https://openalex.org/W2587506883
https://openalex.org/W2629519076
https://openalex.org/W2923539199
https://openalex.org/W2947191000
https://openalex.org/W2977533120
https://openalex.org/W2998458173
https://openalex.org/W3012190198
https://openalex.org/W3086620859
https://openalex.org/W3103101317
https://openalex.org/W2526859399
https://openalex.org/W3046583984
https://openalex.org/W3156762488
https://openalex.org/W4211200349
https://openalex.org/W4235718886
https://openalex.org/W1992414354
https://openalex.org/W2026076258
https://openalex.org/W2094174608
https://openalex.org/W2064883685
https://openalex.org/W640603891
https://openalex.org/W1988120658
https://openalex.org/W1993185637
https://openalex.org/W2038783189
https://openalex.org/W2065823142
https://openalex.org/W2162602424
https://openalex.org/W2017739761
https://openalex.org/W2116353708
https://openalex.org/W2349626546
https://openalex.org/W2010359117
https://openalex.org/W1976946128
https://openalex.org/W2006551022
https://openalex.org/W2034869252
https://openalex.org/W2104291647
https://openalex.org/W2015270224
https://openalex.org/W2091864543
https://openalex.org/W2104912078
https://openalex.org/W2146071982
https://openalex.org/W2007697224
https://openalex.org/W2142551292
https://openalex.org/W2167038362
https://openalex.org/W2782688546
https://openalex.org/W2792424729
https://openalex.org/W2805703736
https://openalex.org/W2989133791
https://openalex.org/W1531446209
https://openalex.org/W1630426042
https://openalex.org/W1852378234
https://openalex.org/W194949314
https://openalex.org/W1966662684
https://openalex.org/W2061267214
https://openalex.org/W2085940797
https://openalex.org/W2146110738
https://openalex.org/W2185894794
https://openalex.org/W2230344084
https://openalex.org/W2394679830
https://openalex.org/W2485303526
https://openalex.org/W2587775643
https://openalex.org/W2621173317
https://openalex.org/W2728446909
https://openalex.org/W2761208779
https://openalex.org/W2790747968
https://openalex.org/W2942251619
https://openalex.org/W3014471427
https://openalex.org/W3024378607
https://openalex.org/W3082501912
https://openalex.org/W99449809
https://openalex.org/W3093013580
https://openalex.org/W3157234133
https://openalex.org/W3175849272
https://openalex.org/W3179476457
https://openalex.org/W3194689425
https://openalex.org/W3214129759
https://openalex.org/W4200361907
https://openalex.org/W3199187538
https://openalex.org/W4205098128
https://openalex.org/W4220731559
https://openalex.org/W4220780260
https://openalex.org/W4220953379
https://openalex.org/W4225281061
https://openalex.org/W4225533669
https://openalex.org/W4226062592
https://openalex.org/W4297384310
https://openalex.org/W4303614305
https://openalex.org/W4311653227
https://openalex.org/W1974382083
https://openalex.org/W2062235559
https://openalex.org/W2171184038
https://openalex.org/W2410101889
https://openalex.org/W2477211176
https://openalex.org/W133480289
https://openalex.org/W1698604781
https://openalex.org/W2017148633
https://openalex.org/W2083029781
https://openalex.org/W4300036415
https://openalex.org/W2081901288
https://openalex.org/W2123282327
https://openalex.org/W1973243564
https://openalex.org/W1976939833
https://openalex.org/W2036063571
https://openalex.org/W2069358100
https://openalex.org/W2098295536
https://openalex.org/W2324346997
https://openalex.org/W3166542080
https://openalex.org/W2091220878
https://openalex.org/W1966446320
https://openalex.org/W2093093723
https://openalex.org/W2122319850
https://openalex.org/W2414495195
https://openalex.org/W1774846608
https://openalex.org/W2038561302
https://openalex.org/W1677228315
https://openalex.org/W1970049218
https://openalex.org/W1989569543
https://openalex.org/W175977078
https://openalex.org/W1875488506
https://openalex.org/W2036661968
https://openalex.org/W2627025918
https://openalex.org/W2793293875
https://openalex.org/W2800654378
https://openalex.org/W1969458978
https://openalex.org/W1997147421
https://openalex.org/W2010773647
https://openalex.org/W2036296816
https://openalex.org/W2058312234
https://openalex.org/W2089392301
https://openalex.org/W2130120536
https://openalex.org/W2314858042
https://openalex.org/W2511521032
https://openalex.org/W2521031220
https://openalex.org/W2625718444
https://openalex.org/W2644830339
https://openalex.org/W3003842685
https://openalex.org/W3019990177
https://openalex.org/W3031812408
https://openalex.org/W3085523889
https://openalex.org/W3092989451
https://openalex.org/W3139930671
https://openalex.org/W1984030159
https://openalex.org/W1976629717
https://openalex.org/W2016160906
https://openalex.org/W2026757577
https://openalex.org/W1990254773
https://openalex.org/W2396142410
https://openalex.org/W146520913
https://openalex.org/W166871180
https://openalex.org/W2007426940
https://openalex.org/W2051437371
https://openalex.org/W67571938
https://openalex.org/W2047552549
https://openalex.org/W2407193840
https://openalex.org/W4231525163
https://openalex.org/W1626770294
https://openalex.org/W2399175424
https://openalex.org/W1963598694
https://openalex.org/W2414404579
https://openalex.org/W4233407755
https://openalex.org/W1183193376
https://openalex.org/W1561097649
https://openalex.org/W2007657017
https://openalex.org/W2048659985
https://openalex.org/W2092357468
https://openalex.org/W2800977872
https://openalex.org/W2810297002
https://openalex.org/W935170849
https://openalex.org/W1998398269
https://openalex.org/W2002144021
https://openalex.org/W2056060218
https://openalex.org/W2132977311
https://openalex.org/W2294635370
https://openalex.org/W2329706318
https://openalex.org/W2499553950
https://openalex.org/W2516949218
https://openalex.org/W3161545822
https://openalex.org/W3167551677
https://openalex.org/W3177500623
https://openalex.org/W3197466513
https://openalex.org/W3198834716
https://openalex.org/W3200907418
https://openalex.org/W4200617379
https://openalex.org/W4297583094
https://openalex.org/W2076926767
https://openalex.org/W2092603774
https://openalex.org/W1514221293
https://openalex.org/W1965516055
https://openalex.org/W1990864144
https://openalex.org/W2024658894
https://openalex.org/W2046104019
https://openalex.org/W2122511155
https://openalex.org/W197807917
https://openalex.org/W2039529266
https://openalex.org/W2060029936
https://openalex.org/W2331214440
https://openalex.org/W2419262279
https://openalex.org/W4240374271
https://openalex.org/W1561646047
https://openalex.org/W1835728948
https://openalex.org/W1997130057
https://openalex.org/W2055933929
https://openalex.org/W2112123365
https://openalex.org/W2062251556
https://openalex.org/W2107465589
https://openalex.org/W2030735683
https://openalex.org/W207782397
https://openalex.org/W2010289311
https://openalex.org/W1610522336
https://openalex.org/W191871954
https://openalex.org/W2000919511
https://openalex.org/W2031956355
https://openalex.org/W2076892797
https://openalex.org/W2090351007
https://openalex.org/W2246929383
https://openalex.org/W2605054106
https://openalex.org/W2614000883
https://openalex.org/W2625661044
https://openalex.org/W2727795877
https://openalex.org/W2761294822
https://openalex.org/W2761356056
https://openalex.org/W2767218350
https://openalex.org/W2768249046
https://openalex.org/W2790932452
https://openalex.org/W2791864411
https://openalex.org/W2795972115
https://openalex.org/W2796166051
https://openalex.org/W2796395294
https://openalex.org/W2805918164
https://openalex.org/W2892210249
https://openalex.org/W2900632333
https://openalex.org/W2965233764
https://openalex.org/W3005850337
https://openalex.org/W3095171448
https://openalex.org/W3110439904
https://openalex.org/W3111331364
https://openalex.org/W3112799786
https://openalex.org/W3135032295
https://openalex.org/W1134681464
https://openalex.org/W1977309492
https://openalex.org/W2080519615
https://openalex.org/W2517776201
https://openalex.org/W2526814140
https://openalex.org/W2560487853
https://openalex.org/W4281388081
https://openalex.org/W4282964510
https://openalex.org/W4283758434
https://openalex.org/W4285397300
https://openalex.org/W4286499394
https://openalex.org/W4295929146
https://openalex.org/W4296992906
https://openalex.org/W4304140531
https://openalex.org/W4307380795
https://openalex.org/W4310812617
https://openalex.org/W4313185474
https://openalex.org/W2045849996
https://openalex.org/W2045950745
https://openalex.org/W2048989135
https://openalex.org/W2412874472
https://openalex.org/W273451975
https://openalex.org/W1973119930
https://openalex.org/W1973505587
https://openalex.org/W1988572951
https://openalex.org/W1993737556
https://openalex.org/W2220818913
https://openalex.org/W2323034529
https://openalex.org/W2498453865
https://openalex.org/W2020568995
https://openalex.org/W1993097210
https://openalex.org/W2128352558
https://openalex.org/W2141061768
https://openalex.org/W1821452063
https://openalex.org/W1995497103
https://openalex.org/W3021176098
https://openalex.org/W139027782
https://openalex.org/W177468150
https://openalex.org/W1908893716
https://openalex.org/W192161519
https://openalex.org/W1967782832
https://openalex.org/W1976965098
https://openalex.org/W1981935766
https://openalex.org/W1986951135
https://openalex.org/W2006354086
https://openalex.org/W2007771039
https://openalex.org/W2055023510
https://openalex.org/W2058812164
https://openalex.org/W2089177637
https://openalex.org/W2143348087
https://openalex.org/W2161029691
https://openalex.org/W2205865416
https://openalex.org/W2296091074
https://openalex.org/W2896609843
https://openalex.org/W2026216815
https://openalex.org/W2081882577
https://openalex.org/W2092843508
https://openalex.org/W2312704249
https://openalex.org/W1935684511
https://openalex.org/W2075212415
https://openalex.org/W1972337494
https://openalex.org/W1982548298
https://openalex.org/W2060225701
https://openalex.org/W2402441852
https://openalex.org/W1994104988
https://openalex.org/W2139192024
https://openalex.org/W2412638705
https://openalex.org/W1980097511
https://openalex.org/W655433280
https://openalex.org/W192001634
https://openalex.org/W2025058252
https://openalex.org/W2084990792
https://openalex.org/W2159988930
https://openalex.org/W2477780478
https://openalex.org/W2564392887
https://openalex.org/W2601390675
https://openalex.org/W2730515612
https://openalex.org/W2752054921
https://openalex.org/W2773170895
https://openalex.org/W2793296875
https://openalex.org/W2919317859
https://openalex.org/W2977440392
https://openalex.org/W2986274861
https://openalex.org/W2986936895
https://openalex.org/W2991298995
https://openalex.org/W3009061940
https://openalex.org/W3012289239
https://openalex.org/W3031602417
https://openalex.org/W3093361912
https://openalex.org/W3113144651
https://openalex.org/W3139280929
https://openalex.org/W3156260849
https://openalex.org/W3156267228
https://openalex.org/W3170822300
https://openalex.org/W3201068914
https://openalex.org/W4200598002
https://openalex.org/W4251658474
https://openalex.org/W751244615
https://openalex.org/W1997437898
https://openalex.org/W2211271820
https://openalex.org/W4247989047
https://openalex.org/W4386431923
https://openalex.org/W1996842681
https://openalex.org/W2094146087
https://openalex.org/W1626548373
https://openalex.org/W2074828559
https://openalex.org/W133115672
https://openalex.org/W165925299
https://openalex.org/W1970477608
https://openalex.org/W2085139414
https://openalex.org/W2127902570
https://openalex.org/W2191732704
https://openalex.org/W2407771479
https://openalex.org/W2024926589
https://openalex.org/W15997964
https://openalex.org/W2158465053
https://openalex.org/W1493606939
https://openalex.org/W1519358693
https://openalex.org/W157645546
https://openalex.org/W1582253098
https://openalex.org/W1977830769
https://openalex.org/W199993965
https://openalex.org/W2014051675
https://openalex.org/W2025037268
https://openalex.org/W2027084582
https://openalex.org/W2045082912
https://openalex.org/W2061025150
https://openalex.org/W2074820183
https://openalex.org/W2075545236
https://openalex.org/W2094783092
https://openalex.org/W2137664168
https://openalex.org/W2197148038
https://openalex.org/W2260542733
https://openalex.org/W2330638996
https://openalex.org/W2335329172
https://openalex.org/W2359413243
https://openalex.org/W2466047309
https://openalex.org/W2482419906
https://openalex.org/W313356965
https://openalex.org/W588206044
https://openalex.org/W792481705
https://openalex.org/W1994450144
https://openalex.org/W4308266860
https://openalex.org/W4308266865
https://openalex.org/W4315631072
https://openalex.org/W4317866899
https://openalex.org/W4319832895
https://openalex.org/W4320036533
https://openalex.org/W4321455799
https://openalex.org/W4321607954
https://openalex.org/W4323323015
https://openalex.org/W4323355551
https://openalex.org/W4323812069
https://openalex.org/W4323925756
https://openalex.org/W4323927103
https://openalex.org/W4324297056
https://openalex.org/W4327685870
https://openalex.org/W4360607616
https://openalex.org/W4361214213
https://openalex.org/W4367053726
https://openalex.org/W4367187705
https://openalex.org/W4367393603
https://openalex.org/W4375860848
https://openalex.org/W4378619474
https://openalex.org/W4378677054
https://openalex.org/W4381165404
https://openalex.org/W4383066580
https://openalex.org/W4383373559
https://openalex.org/W4383384056
https://openalex.org/W4383384464
https://openalex.org/W4383384686
https://openalex.org/W4383388634
https://openalex.org/W4383420373
https://openalex.org/W4383420432
https://openalex.org/W4383420483
https://openalex.org/W4383420614
https://openalex.org/W4383466270
https://openalex.org/W4384282178
https://openalex.org/W4384661609
https://openalex.org/W4385258127
https://openalex.org/W4385467553
https://openalex.org/W4385606817
https://openalex.org/W4386068047
https://openalex.org/W4386098671
https://openalex.org/W4386439131
https://openalex.org/W4386698629
https://openalex.org/W4386700676
https://openalex.org/W4386716062
https://openalex.org/W4386822062
https://openalex.org/W4387161113
https://openalex.org/W4387326602
https://openalex.org/W4387345786
https://openalex.org/W4387420844
https://openalex.org/W4387530060
https://openalex.org/W4387581916
https://openalex.org/W4387620910
https://openalex.org/W4387893983
https://openalex.org/W4387902875
https://openalex.org/W4387980622
https://openalex.org/W4388125228
https://openalex.org/W4388190608
https://openalex.org/W4388522009
https://openalex.org/W4388684672
https://openalex.org/W4388773220
https://openalex.org/W4388913453
https://openalex.org/W4388927909
https://openalex.org/W4389057155
https://openalex.org/W4389072856
https://openalex.org/W4389459202
https://openalex.org/W4389462657
https://openalex.org/W4389462704
https://openalex.org/W4389519743
https://openalex.org/W4389574713
https://openalex.org/W4389751676
https://openalex.org/W4389944940
https://openalex.org/W4389984380
https://openalex.org/W4389991469
https://openalex.org/W4390298741
https://openalex.org/W4390447763
https://openalex.org/W4390939698
https://openalex.org/W4391316869
https://openalex.org/W4394076706
https://openalex.org/W4394227117
https://openalex.org/W4394296300
https://openalex.org/W4394304847
https://openalex.org/W4394396392
https://openalex.org/W4394510804
https://openalex.org/W4394739015
https://openalex.org/W2065503586
https://openalex.org/W2153995420
https://openalex.org/W2246057113
https://openalex.org/W2417901705
https://openalex.org/W2030872996
https://openalex.org/W2233856352
https://openalex.org/W2318922364
https://openalex.org/W2417323669
https://openalex.org/W2443409964
https://openalex.org/W129736670
https://openalex.org/W2020442901
https://openalex.org/W2080955496
https://openalex.org/W2104891964
https://openalex.org/W2140544921
https://openalex.org/W2329861968
https://openalex.org/W2417663008
https://openalex.org/W2122912845
https://openalex.org/W2323469331
https://openalex.org/W2616045394
https://openalex.org/W4235439348
https://openalex.org/W2082875874
https://openalex.org/W2133148668
https://openalex.org/W2168319783
https://openalex.org/W2476922175
https://openalex.org/W2575907761
https://openalex.org/W2604498891
https://openalex.org/W2616889568
https://openalex.org/W2620565616
https://openalex.org/W2745138783
https://openalex.org/W4285717547
https://openalex.org/W2095312435
https://openalex.org/W2080528620
https://openalex.org/W2081936805
https://openalex.org/W4240162270
https://openalex.org/W2277478118
https://openalex.org/W2093916543
https://openalex.org/W1514163267
https://openalex.org/W1538244264
https://openalex.org/W2015801894
https://openalex.org/W2050560672
https://openalex.org/W2384844840
https://openalex.org/W4232102595
https://openalex.org/W1639637455
https://openalex.org/W2409921790
https://openalex.org/W2794838164
https://openalex.org/W2800920727
https://openalex.org/W2889610919
https://openalex.org/W2890722438
https://openalex.org/W2896817620
https://openalex.org/W2903248836
https://openalex.org/W2918533404
https://openalex.org/W2931392539
https://openalex.org/W2943475422
https://openalex.org/W2944644955
https://openalex.org/W2973383709
https://openalex.org/W2974405558
https://openalex.org/W2978932314
https://openalex.org/W2990484794
https://openalex.org/W3015397344
https://openalex.org/W3017369166
https://openalex.org/W3027355972
https://openalex.org/W3045907976
https://openalex.org/W3047695203
https://openalex.org/W3083765384
https://openalex.org/W3092675913
https://openalex.org/W3094610959
https://openalex.org/W3125577431
https://openalex.org/W3133509785
https://openalex.org/W3139626244
https://openalex.org/W3150393907
https://openalex.org/W3153936720
https://openalex.org/W3183381433
https://openalex.org/W3212561125
https://openalex.org/W4315820768
https://openalex.org/W2525948499
https://openalex.org/W2534109554
https://openalex.org/W2544061321
https://openalex.org/W2563926292
https://openalex.org/W2567505683
https://openalex.org/W2995618843
https://openalex.org/W4200497404
https://openalex.org/W4220846146
https://openalex.org/W4226069327
https://openalex.org/W4240832368
https://openalex.org/W4242882388
https://openalex.org/W4283071484
https://openalex.org/W4288914008
https://openalex.org/W4293378895
https://openalex.org/W4293731239
https://openalex.org/W4299129344
https://openalex.org/W4306858772
https://openalex.org/W4307227107
https://openalex.org/W4307349230
https://openalex.org/W2053101729
https://openalex.org/W2433660335
https://openalex.org/W2016314248
https://openalex.org/W2051873974
https://openalex.org/W2085360421
https://openalex.org/W2331865563
https://openalex.org/W2408934615
https://openalex.org/W2410753487
https://openalex.org/W2415498317
https://openalex.org/W2034990964
https://openalex.org/W2139402239
https://openalex.org/W2397154212
https://openalex.org/W2427905025
https://openalex.org/W2016334393
https://openalex.org/W2027007345
https://openalex.org/W2036968526
https://openalex.org/W16241495
https://openalex.org/W2034898054
https://openalex.org/W2136920287
https://openalex.org/W2144187481
https://openalex.org/W149423639
https://openalex.org/W1608106867
https://openalex.org/W1981016706
https://openalex.org/W1989060632
https://openalex.org/W1989132059
https://openalex.org/W2024695420
https://openalex.org/W2030977075
https://openalex.org/W2048928117
https://openalex.org/W2048981610
https://openalex.org/W2064416766
https://openalex.org/W2134812528
https://openalex.org/W2148446608
https://openalex.org/W2152702914
https://openalex.org/W2173528427
https://openalex.org/W2229833245
https://openalex.org/W2287044118
https://openalex.org/W2309010210
https://openalex.org/W2329269511
https://openalex.org/W2509270564
https://openalex.org/W2512029400
https://openalex.org/W2518256901
https://openalex.org/W2611759974
https://openalex.org/W2724718724
https://openalex.org/W2772321987
https://openalex.org/W298114348
https://openalex.org/W302143658
https://openalex.org/W3042620747
https://openalex.org/W4224929221
https://openalex.org/W4298859724
https://openalex.org/W4303986467
https://openalex.org/W4304184237
https://openalex.org/W4310701651
https://openalex.org/W2078535304
https://openalex.org/W4235061646
https://openalex.org/W167925076
https://openalex.org/W2047291494
https://openalex.org/W2049456953
https://openalex.org/W2153759223
https://openalex.org/W92125767
https://openalex.org/W1977249691
https://openalex.org/W2040533173
https://openalex.org/W1982105347
https://openalex.org/W1995337503
https://openalex.org/W2028824555
https://openalex.org/W2055218784
https://openalex.org/W2124380364
https://openalex.org/W2136946056
https://openalex.org/W2470659301
https://openalex.org/W2613064884
https://openalex.org/W2023443391
https://openalex.org/W2076095100
https://openalex.org/W2088944227
https://openalex.org/W2257713079
https://openalex.org/W2594086124
https://openalex.org/W2608280443
https://openalex.org/W2612610565
https://openalex.org/W2650303351
https://openalex.org/W2728191442
https://openalex.org/W2735063186
https://openalex.org/W2763296538
https://openalex.org/W2795886668
https://openalex.org/W2942152920
https://openalex.org/W601997095
https://openalex.org/W2033742102
https://openalex.org/W233192896
https://openalex.org/W2439212285
https://openalex.org/W86249228
https://openalex.org/W2016443900
https://openalex.org/W2052996771
https://openalex.org/W2067184361
https://openalex.org/W2136864949
https://openalex.org/W2158149623
https://openalex.org/W1545312404
https://openalex.org/W2352609365
https://openalex.org/W2489413689
https://openalex.org/W1964143879
https://openalex.org/W1971954699
https://openalex.org/W1991516678
https://openalex.org/W2048203430
https://openalex.org/W2154624456
https://openalex.org/W2155187215
https://openalex.org/W2155774409
https://openalex.org/W2156797800
https://openalex.org/W2366953514
https://openalex.org/W2592228647
https://openalex.org/W2794337781
https://openalex.org/W2794483773
https://openalex.org/W2801737764
https://openalex.org/W2884129811
https://openalex.org/W2896453300
https://openalex.org/W2993110846
https://openalex.org/W3024720348
https://openalex.org/W3031968352
https://openalex.org/W4238700325
https://openalex.org/W1965384557
https://openalex.org/W1973288541
https://openalex.org/W2005676825
https://openalex.org/W1978368953
https://openalex.org/W1981636865
https://openalex.org/W2051323524
https://openalex.org/W2398695066
https://openalex.org/W2414701107
https://openalex.org/W2011401108
https://openalex.org/W143648384
https://openalex.org/W2083156252
https://openalex.org/W2289532806
https://openalex.org/W2359783560
https://openalex.org/W2804114927
https://openalex.org/W2928155387
https://openalex.org/W2938920977
https://openalex.org/W2940724157
https://openalex.org/W2944089483
https://openalex.org/W2944386689
https://openalex.org/W2944659819
https://openalex.org/W2970315767
https://openalex.org/W2973841617
https://openalex.org/W3014783815
https://openalex.org/W3026588663
https://openalex.org/W3026964079
https://openalex.org/W3028220326
https://openalex.org/W3042814783
https://openalex.org/W3106685458
https://openalex.org/W3108710357
https://openalex.org/W3110299515
https://openalex.org/W4247374141
https://openalex.org/W178786700
https://openalex.org/W2018118011
https://openalex.org/W2072523542
https://openalex.org/W2081257279
https://openalex.org/W2419071319
https://openalex.org/W2511220223
https://openalex.org/W4232348947
https://openalex.org/W1569641344
https://openalex.org/W2058814925
https://openalex.org/W2403382779
https://openalex.org/W2412206273
https://openalex.org/W4211162108
https://openalex.org/W4236722449
https://openalex.org/W82270333
https://openalex.org/W1595139335
https://openalex.org/W1597253180
https://openalex.org/W1985902175
https://openalex.org/W1994637248
https://openalex.org/W2135327065
https://openalex.org/W2409758651
https://openalex.org/W2492233988
https://openalex.org/W2784788745
https://openalex.org/W3119747790
https://openalex.org/W3126778868
https://openalex.org/W3149808572
https://openalex.org/W3152495359
https://openalex.org/W3161222083
https://openalex.org/W3174787660
https://openalex.org/W3175569162
https://openalex.org/W3184449094
https://openalex.org/W3196678298
https://openalex.org/W3201738454
https://openalex.org/W3204093316
https://openalex.org/W3205786324
https://openalex.org/W3206113526
https://openalex.org/W4200337102
https://openalex.org/W4232884052
https://openalex.org/W4243932954
https://openalex.org/W1972770994
https://openalex.org/W2323268941
https://openalex.org/W2011945923
https://openalex.org/W2024429149
https://openalex.org/W2110290568
https://openalex.org/W2114991856
https://openalex.org/W2120407468
https://openalex.org/W4242718226
https://openalex.org/W4249282729
https://openalex.org/W1964665784
https://openalex.org/W2082765042
https://openalex.org/W2418508288
https://openalex.org/W146322309
https://openalex.org/W1554517303
https://openalex.org/W2077847464
https://openalex.org/W2090106271
https://openalex.org/W2375261396
https://openalex.org/W2418349514
https://openalex.org/W2793871539
https://openalex.org/W2978058093
https://openalex.org/W4249602421
https://openalex.org/W2467571837
https://openalex.org/W1579455783
https://openalex.org/W1581089361
https://openalex.org/W176775166
https://openalex.org/W1969369817
https://openalex.org/W1994257031
https://openalex.org/W2015217410
https://openalex.org/W2122033433
https://openalex.org/W2321377957
https://openalex.org/W2329312756
https://openalex.org/W2398715799
https://openalex.org/W2413423692
https://openalex.org/W2430187011
https://openalex.org/W3029578913
https://openalex.org/W4214613607
https://openalex.org/W1994843157
https://openalex.org/W2066161030
https://openalex.org/W2068311258
https://openalex.org/W2473977284
https://openalex.org/W332443001
https://openalex.org/W1417807182
https://openalex.org/W1491264735
https://openalex.org/W1493904474
https://openalex.org/W1514350381
https://openalex.org/W1518598589
https://openalex.org/W1526010830
https://openalex.org/W1529260651
https://openalex.org/W1535946064
https://openalex.org/W1541416060
https://openalex.org/W1542522221
https://openalex.org/W1826083594
https://openalex.org/W1970112378
https://openalex.org/W1977417379
https://openalex.org/W2006275856
https://openalex.org/W2025475829
https://openalex.org/W2052201476
https://openalex.org/W2060110947
https://openalex.org/W2162639725
https://openalex.org/W2168046333
https://openalex.org/W2169324223
https://openalex.org/W2183226242
https://openalex.org/W2186480978
https://openalex.org/W2206455474
https://openalex.org/W2217593704
https://openalex.org/W2222948669
https://openalex.org/W2228456881
https://openalex.org/W2232052746
https://openalex.org/W2232246898
https://openalex.org/W2232347033
https://openalex.org/W2254532891
https://openalex.org/W2266434778
https://openalex.org/W2280914075
https://openalex.org/W2285850516
https://openalex.org/W2290750725
https://openalex.org/W2293032365
https://openalex.org/W2293821988
https://openalex.org/W2301447336
https://openalex.org/W2302684113
https://openalex.org/W2302756631
https://openalex.org/W2315848899
https://openalex.org/W2317602276
https://openalex.org/W2318709717
https://openalex.org/W2319520309
https://openalex.org/W2320705701
https://openalex.org/W2321300458
https://openalex.org/W2321303296
https://openalex.org/W2324011239
https://openalex.org/W2325893231
https://openalex.org/W2326360038
https://openalex.org/W2330989924
https://openalex.org/W2336211927
https://openalex.org/W2339334459
https://openalex.org/W2341231114
https://openalex.org/W2341243755
https://openalex.org/W2342126116
https://openalex.org/W2342811572
https://openalex.org/W2386015237
https://openalex.org/W2394130978
https://openalex.org/W2394825207
https://openalex.org/W2397760014
https://openalex.org/W2403620546
https://openalex.org/W2409790278
https://openalex.org/W2412597674
https://openalex.org/W2418540384
https://openalex.org/W2428085050
https://openalex.org/W2437207644
https://openalex.org/W2460156386
https://openalex.org/W2460729758
https://openalex.org/W2464398308
https://openalex.org/W2470351899
https://openalex.org/W2477360692
https://openalex.org/W2478587996
https://openalex.org/W2482411994
https://openalex.org/W2485193597
https://openalex.org/W2509608572
https://openalex.org/W2510190540
https://openalex.org/W2511765055
https://openalex.org/W2512485673
https://openalex.org/W2516170746
https://openalex.org/W2517220526
https://openalex.org/W2517256849
https://openalex.org/W2519308424
https://openalex.org/W2521208191
https://openalex.org/W2521236152
https://openalex.org/W2521544397
https://openalex.org/W2521639506
https://openalex.org/W2521875828
https://openalex.org/W2523044529
https://openalex.org/W2524672169
https://openalex.org/W2524942943
https://openalex.org/W2525513657
https://openalex.org/W2527017930
https://openalex.org/W2550236526
https://openalex.org/W2552379244
https://openalex.org/W2552938577
https://openalex.org/W2555601590
https://openalex.org/W2559444142
https://openalex.org/W2560867936
https://openalex.org/W2566865906
https://openalex.org/W25813411
https://openalex.org/W2582756179
https://openalex.org/W2585025439
https://openalex.org/W2597030690
https://openalex.org/W2598386254
https://openalex.org/W2600010699
https://openalex.org/W2605627832
https://openalex.org/W2606915112
https://openalex.org/W2623208333
https://openalex.org/W2707667884
https://openalex.org/W2724214874
https://openalex.org/W2735138504
https://openalex.org/W2739237711
https://openalex.org/W2742582885
https://openalex.org/W2742879292
https://openalex.org/W2743166023
https://openalex.org/W2743310153
https://openalex.org/W2743460594
https://openalex.org/W2744161622
https://openalex.org/W2744794955
https://openalex.org/W2745155262
https://openalex.org/W2745651888
https://openalex.org/W2749119023
https://openalex.org/W2749673465
https://openalex.org/W2750690945
https://openalex.org/W2751332915
https://openalex.org/W2751590320
https://openalex.org/W2751952400
https://openalex.org/W2752539383
https://openalex.org/W2759618117
https://openalex.org/W2810799876
https://openalex.org/W2883735863
https://openalex.org/W2885873174
https://openalex.org/W2892464538
https://openalex.org/W2893738235
https://openalex.org/W2907277838
https://openalex.org/W2951922012
https://openalex.org/W3031606432
https://openalex.org/W3031773588
https://openalex.org/W30337578
https://openalex.org/W3034500044
https://openalex.org/W3042174627
https://openalex.org/W3044636486
https://openalex.org/W3108783114
https://openalex.org/W3137996209
https://openalex.org/W3147376392
https://openalex.org/W3174280129
https://openalex.org/W3174394472
https://openalex.org/W3176155502
https://openalex.org/W3176473465
https://openalex.org/W3177236757
https://openalex.org/W3193200910
https://openalex.org/W3204334305
https://openalex.org/W357094370
https://openalex.org/W364881937
https://openalex.org/W4230693412
https://openalex.org/W4232637128
https://openalex.org/W4237882927
https://openalex.org/W4239782605
https://openalex.org/W4243584438
https://openalex.org/W4244470937
https://openalex.org/W4251427803
https://openalex.org/W4256232819
https://openalex.org/W4293585065
https://openalex.org/W4301099231
https://openalex.org/W4301109313
https://openalex.org/W43846113
https://openalex.org/W4394218606
https://openalex.org/W4394367822
https://openalex.org/W586211091
https://openalex.org/W91267813
https://openalex.org/W2044974948
https://openalex.org/W2085231907
https://openalex.org/W2088201445
https://openalex.org/W2127040248
https://openalex.org/W2396060133
https://openalex.org/W2411790276
https://openalex.org/W2467908894
https://openalex.org/W2565667712
https://openalex.org/W1517330005
https://openalex.org/W4255414708
https://openalex.org/W654145819
https://openalex.org/W1073259059
https://openalex.org/W123160336
https://openalex.org/W14499525
https://openalex.org/W1517353626
https://openalex.org/W1517966281
https://openalex.org/W1531459407
https://openalex.org/W1559567509
https://openalex.org/W1584418289
https://openalex.org/W1589208789
https://openalex.org/W1600636224
https://openalex.org/W1602124847
https://openalex.org/W1635132075
https://openalex.org/W1663524099
https://openalex.org/W1677876903
https://openalex.org/W171598678
https://openalex.org/W1716013234
https://openalex.org/W1726019627
https://openalex.org/W1761909772
https://openalex.org/W1819653302
https://openalex.org/W1829466249
https://openalex.org/W1965828497
https://openalex.org/W1971814198
https://openalex.org/W1984860372
https://openalex.org/W1985062860
https://openalex.org/W1996253031
https://openalex.org/W2000467165
https://openalex.org/W2006968501
https://openalex.org/W2019064319
https://openalex.org/W2022946185
https://openalex.org/W2027251510
https://openalex.org/W2039962958
https://openalex.org/W2052331365
https://openalex.org/W2060978476
https://openalex.org/W2065690927
https://openalex.org/W2067270317
https://openalex.org/W2072601962
https://openalex.org/W2072949140
https://openalex.org/W2090139001
https://openalex.org/W2114967776
https://openalex.org/W21360562
https://openalex.org/W2171785316
https://openalex.org/W2172673735
https://openalex.org/W2178766280
https://openalex.org/W2180670013
https://openalex.org/W2222687631
https://openalex.org/W2320032952
https://openalex.org/W2321620846
https://openalex.org/W2325059600
https://openalex.org/W2327998873
https://openalex.org/W2330176503
https://openalex.org/W2352634719
https://openalex.org/W2368780822
https://openalex.org/W2370512807
https://openalex.org/W2372063341
https://openalex.org/W2373178541
https://openalex.org/W2379008987
https://openalex.org/W2381550849
https://openalex.org/W2382974484
https://openalex.org/W2385882669
https://openalex.org/W2385993096
https://openalex.org/W2388816245
https://openalex.org/W2396112799
https://openalex.org/W2418558190
https://openalex.org/W2486240354
https://openalex.org/W2494711297
https://openalex.org/W2520247424
https://openalex.org/W2522925853
https://openalex.org/W2523770335
https://openalex.org/W2524065795
https://openalex.org/W2525540023
https://openalex.org/W2525680512
https://openalex.org/W2527481479
https://openalex.org/W2587213827
https://openalex.org/W2608591770
https://openalex.org/W2613076639
https://openalex.org/W2642487492
https://openalex.org/W2738100093
https://openalex.org/W274050093
https://openalex.org/W274203242
https://openalex.org/W2747808207
https://openalex.org/W2752765576
https://openalex.org/W2755381917
https://openalex.org/W2784641008
https://openalex.org/W2789470827
https://openalex.org/W2791314563
https://openalex.org/W2977636674
https://openalex.org/W2978893667
https://openalex.org/W2979147187
https://openalex.org/W3016268772
https://openalex.org/W3029740007
https://openalex.org/W303045790
https://openalex.org/W3161249092
https://openalex.org/W400318186
https://openalex.org/W421870855
https://openalex.org/W4251533625
https://openalex.org/W4252183227
https://openalex.org/W4394124379
https://openalex.org/W4394482944
https://openalex.org/W4865711
https://openalex.org/W609194661
https://openalex.org/W744580311
https://openalex.org/W753840819
https://openalex.org/W791143186
https://openalex.org/W795362617
https://openalex.org/W801745752
https://openalex.org/W831464018
https://openalex.org/W844269120
https://openalex.org/W848743745
https://openalex.org/W91149406
https://openalex.org/W957541047
https://openalex.org/W1972331732
https://openalex.org/W2046978428
https://openalex.org/W2467356489
https://openalex.org/W2915173244
https://openalex.org/W4293791567
https://openalex.org/W1588949290
https://openalex.org/W1984804890
https://openalex.org/W2006470621
https://openalex.org/W2060891921
https://openalex.org/W2061363681
https://openalex.org/W2079773631
https://openalex.org/W2123853740
https://openalex.org/W2313638188
https://openalex.org/W2324721135
https://openalex.org/W2403443332
https://openalex.org/W2409061358
https://openalex.org/W2413592294
https://openalex.org/W2436060171
https://openalex.org/W4206582943
https://openalex.org/W4239196407
https://openalex.org/W4246588919
https://openalex.org/W118879316
https://openalex.org/W121426481
https://openalex.org/W1514876169
https://openalex.org/W1560078746
https://openalex.org/W1617869192
https://openalex.org/W1649018692
https://openalex.org/W1975572208
https://openalex.org/W1987229006
https://openalex.org/W2010101880
https://openalex.org/W2013925599
https://openalex.org/W2024320655
https://openalex.org/W2026345443
https://openalex.org/W2059969550
https://openalex.org/W2066691469
https://openalex.org/W2075986321
https://openalex.org/W2084744166
https://openalex.org/W2170187053
https://openalex.org/W2248758513
https://openalex.org/W2328444446
https://openalex.org/W2331982164
https://openalex.org/W2346627066
https://openalex.org/W2352777528
https://openalex.org/W2355066561
https://openalex.org/W2368086245
https://openalex.org/W2379194084
https://openalex.org/W2383264360
https://openalex.org/W2387136028
https://openalex.org/W2388195499
https://openalex.org/W2413883452
https://openalex.org/W244998707
https://openalex.org/W2520177046
https://openalex.org/W2521458702
https://openalex.org/W2523795881
https://openalex.org/W2524618472
https://openalex.org/W2525582983
https://openalex.org/W2558498916
https://openalex.org/W2585223683
https://openalex.org/W2598972329
https://openalex.org/W2600524374
https://openalex.org/W2605067063
https://openalex.org/W2605271925
https://openalex.org/W2605594615
https://openalex.org/W2607023910
https://openalex.org/W2607212543
https://openalex.org/W2607384662
https://openalex.org/W2607498178
https://openalex.org/W2610139608
https://openalex.org/W2616974293
https://openalex.org/W2617243551
https://openalex.org/W2621204586
https://openalex.org/W2623654384
https://openalex.org/W2730584093
https://openalex.org/W2735182910
https://openalex.org/W2735996756
https://openalex.org/W2738957298
https://openalex.org/W2739879860
https://openalex.org/W2748809475
https://openalex.org/W2749068027
https://openalex.org/W2749103630
https://openalex.org/W2749104721
https://openalex.org/W2757491618
https://openalex.org/W2757880285
https://openalex.org/W2761964430
https://openalex.org/W2766208116
https://openalex.org/W2767286327
https://openalex.org/W2771036876
https://openalex.org/W2791127116
https://openalex.org/W2889668279
https://openalex.org/W2903636052
https://openalex.org/W2921211916
https://openalex.org/W2921216454
https://openalex.org/W2922072633
https://openalex.org/W2922397549
https://openalex.org/W2940289667
https://openalex.org/W2949702865
https://openalex.org/W2952448831
https://openalex.org/W2977468364
https://openalex.org/W2991001879
https://openalex.org/W2994542505
https://openalex.org/W3032125482
https://openalex.org/W3160832903
https://openalex.org/W3167499852
https://openalex.org/W3169849893
https://openalex.org/W3175323024
https://openalex.org/W3177457628
https://openalex.org/W3192019591
https://openalex.org/W3192756892
https://openalex.org/W3196287871
https://openalex.org/W3210698824
https://openalex.org/W4205728724
https://openalex.org/W4206128417
https://openalex.org/W4231003932
https://openalex.org/W4233900726
https://openalex.org/W4249465030
https://openalex.org/W4298350227
https://openalex.org/W4394319747
https://openalex.org/W799896816
https://openalex.org/W842169019
https://openalex.org/W842702883
https://openalex.org/W1520874998
https://openalex.org/W2024926105
https://openalex.org/W2313447806
https://openalex.org/W2327105104
https://openalex.org/W2330168622
https://openalex.org/W2397645936
https://openalex.org/W2414687444
https://openalex.org/W4210254796
https://openalex.org/W4243013896
https://openalex.org/W88309544
https://openalex.org/W1032919900
https://openalex.org/W1522898937
https://openalex.org/W1582364900
https://openalex.org/W1591986110
https://openalex.org/W1652916135
https://openalex.org/W178130997
https://openalex.org/W1853196245
https://openalex.org/W1891232753
https://openalex.org/W1964656005
https://openalex.org/W1973801132
https://openalex.org/W1974718427
https://openalex.org/W1987528245
https://openalex.org/W1989188620
https://openalex.org/W1993391546
https://openalex.org/W1999640100
https://openalex.org/W2003687344
https://openalex.org/W2030901727
https://openalex.org/W2046906267
https://openalex.org/W2051011757
https://openalex.org/W2051880102
https://openalex.org/W2055731572
https://openalex.org/W2070235571
https://openalex.org/W2079274585
https://openalex.org/W2124104114
https://openalex.org/W2142320303
https://openalex.org/W2162374766
https://openalex.org/W2163913094
https://openalex.org/W2171178079
https://openalex.org/W2189070526
https://openalex.org/W2256146501
https://openalex.org/W2340999444
https://openalex.org/W2363188038
https://openalex.org/W2365334711
https://openalex.org/W2366070025
https://openalex.org/W2372728432
https://openalex.org/W2374773214
https://openalex.org/W2380597361
https://openalex.org/W2381084779
https://openalex.org/W2415452768
https://openalex.org/W2498477889
https://openalex.org/W2524819854
https://openalex.org/W2744127346
https://openalex.org/W2747726689
https://openalex.org/W2884344831
https://openalex.org/W2944727279
https://openalex.org/W2965095681
https://openalex.org/W2977771753
https://openalex.org/W2978555442
https://openalex.org/W2978926063
https://openalex.org/W2979158462
https://openalex.org/W2979168882
https://openalex.org/W2979168984
https://openalex.org/W2996080341
https://openalex.org/W2998507236
https://openalex.org/W2999412823
https://openalex.org/W3020953118
https://openalex.org/W3028625259
https://openalex.org/W3030271249
https://openalex.org/W3082427331
https://openalex.org/W344925729
https://openalex.org/W4210302936
https://openalex.org/W4210476838
https://openalex.org/W4210865421
https://openalex.org/W4221068226
https://openalex.org/W4221138212
https://openalex.org/W4221140952
https://openalex.org/W4221151609
https://openalex.org/W4223646297
https://openalex.org/W4224122814
https://openalex.org/W4225513990
https://openalex.org/W4225773304
https://openalex.org/W4225828081
https://openalex.org/W4226143733
https://openalex.org/W4226254574
https://openalex.org/W4229450050
https://openalex.org/W4241382874
https://openalex.org/W4245211710
https://openalex.org/W4280524732
https://openalex.org/W4280579536
https://openalex.org/W4282822049
https://openalex.org/W4282960067
https://openalex.org/W4282964815
https://openalex.org/W4282969923
https://openalex.org/W4282978144
https://openalex.org/W4282982632
https://openalex.org/W4282983569
https://openalex.org/W4283009906
https://openalex.org/W4283015744
https://openalex.org/W4283027674
https://openalex.org/W4283030051
https://openalex.org/W4283163405
https://openalex.org/W4285202586
https://openalex.org/W4286492124
https://openalex.org/W4286744483
https://openalex.org/W4287226124
https://openalex.org/W4288804799
https://openalex.org/W4290062229
https://openalex.org/W4291722171
https://openalex.org/W4292472378
https://openalex.org/W4292472392
https://openalex.org/W4292589001
https://openalex.org/W4293147521
https://openalex.org/W4293578779
https://openalex.org/W4294368760
https://openalex.org/W4296946124
https://openalex.org/W4306398739
https://openalex.org/W4307734617
https://openalex.org/W4308621396
https://openalex.org/W4309044954
https://openalex.org/W4309654369
https://openalex.org/W4311241607
https://openalex.org/W4312258148
https://openalex.org/W4312276556
https://openalex.org/W4312375839
https://openalex.org/W4312422817
https://openalex.org/W4312429367
https://openalex.org/W4312626726
https://openalex.org/W4312906003
https://openalex.org/W4313197587
https://openalex.org/W4313303581
https://openalex.org/W4313397345
https://openalex.org/W4315432172
https://openalex.org/W4315779188
https://openalex.org/W4322578124
https://openalex.org/W4392178044
https://openalex.org/W582593073
https://openalex.org/W629472828
https://openalex.org/W633370778
https://openalex.org/W652740370
https://openalex.org/W747998153
https://openalex.org/W771652059
https://openalex.org/W822408363
https://openalex.org/W1963978533
https://openalex.org/W1970148318
https://openalex.org/W1975239477
https://openalex.org/W2009250163
https://openalex.org/W2066840557
https://openalex.org/W2087375537
https://openalex.org/W2087448984
https://openalex.org/W2320809661
https://openalex.org/W2329171122
https://openalex.org/W2333301196
https://openalex.org/W2333892651
https://openalex.org/W2395757100
https://openalex.org/W2409769793
https://openalex.org/W2418013010
https://openalex.org/W2436004822
https://openalex.org/W2482659665
https://openalex.org/W26113033
https://openalex.org/W3140356570
https://openalex.org/W319458635
https://openalex.org/W4236029478
https://openalex.org/W4236401766
https://openalex.org/W4238585006
https://openalex.org/W4239662826
https://openalex.org/W4240823638
https://openalex.org/W4244733532
https://openalex.org/W4252886311
https://openalex.org/W4385288731
https://openalex.org/W1492062778
https://openalex.org/W1605240329
https://openalex.org/W167524458
https://openalex.org/W1873876565
https://openalex.org/W1882221221
https://openalex.org/W1930153233
https://openalex.org/W199217077
https://openalex.org/W2000672096
https://openalex.org/W2020554745
https://openalex.org/W2055852742
https://openalex.org/W2088617166
https://openalex.org/W2185953326
https://openalex.org/W2187405741
https://openalex.org/W2348729959
https://openalex.org/W2350594113
https://openalex.org/W2359168970
https://openalex.org/W2359576273
https://openalex.org/W2369221850
https://openalex.org/W2371042946
https://openalex.org/W2383915397
https://openalex.org/W2393054961
https://openalex.org/W2441988947
https://openalex.org/W2500066462
https://openalex.org/W2741237566
https://openalex.org/W2785604832
https://openalex.org/W2794841862
https://openalex.org/W2795991556
https://openalex.org/W2796408764
https://openalex.org/W2797145837
https://openalex.org/W2801094523
https://openalex.org/W2801195081
https://openalex.org/W2801619508
https://openalex.org/W2801663714
https://openalex.org/W2804134436
https://openalex.org/W2883489160
https://openalex.org/W2883770505
https://openalex.org/W2884746064
https://openalex.org/W2884760476
https://openalex.org/W2886317894
https://openalex.org/W2887966048
https://openalex.org/W2889001564
https://openalex.org/W2889286493
https://openalex.org/W2890372259
https://openalex.org/W2892039907
https://openalex.org/W2893596116
https://openalex.org/W2894466823
https://openalex.org/W2896648348
https://openalex.org/W2897302499
https://openalex.org/W2897991732
https://openalex.org/W2900639363
https://openalex.org/W2901484617
https://openalex.org/W2907196253
https://openalex.org/W2911624493
https://openalex.org/W2911659027
https://openalex.org/W2911991195
https://openalex.org/W2913391024
https://openalex.org/W2914432074
https://openalex.org/W2916377818
https://openalex.org/W2917422760
https://openalex.org/W2918202300
https://openalex.org/W2918322659
https://openalex.org/W2919208271
https://openalex.org/W2919818703
https://openalex.org/W2920015645
https://openalex.org/W2920056526
https://openalex.org/W2920141565
https://openalex.org/W2920335912
https://openalex.org/W2923565628
https://openalex.org/W2939699263
https://openalex.org/W2941689328
https://openalex.org/W2942200674
https://openalex.org/W2943528846
https://openalex.org/W2943865918
https://openalex.org/W2943988640
https://openalex.org/W2944002116
https://openalex.org/W2944030473
https://openalex.org/W2944333354
https://openalex.org/W2945885641
https://openalex.org/W2946973706
https://openalex.org/W2947307945
https://openalex.org/W2947436342
https://openalex.org/W2947804219
https://openalex.org/W2950688711
https://openalex.org/W2955407072
https://openalex.org/W2966015734
https://openalex.org/W2969574530
https://openalex.org/W2970511131
https://openalex.org/W2974006764
https://openalex.org/W2974792693
https://openalex.org/W2979291389
https://openalex.org/W2979619544
https://openalex.org/W2979757178
https://openalex.org/W2979997432
https://openalex.org/W2980200687
https://openalex.org/W2980570510
https://openalex.org/W2980624946
https://openalex.org/W2981213597
https://openalex.org/W2981884394
https://openalex.org/W2986866734
https://openalex.org/W2999881999
https://openalex.org/W3009655891
https://openalex.org/W3014027166
https://openalex.org/W3021850973
https://openalex.org/W3024862873
https://openalex.org/W3030308891
https://openalex.org/W3033266516
https://openalex.org/W3041583777
https://openalex.org/W3081791424
https://openalex.org/W3082405145
https://openalex.org/W3082709759
https://openalex.org/W3088585610
https://openalex.org/W3128005123
https://openalex.org/W3157871794
https://openalex.org/W3159229464
https://openalex.org/W3161411581
https://openalex.org/W3164590041
https://openalex.org/W3181983098
https://openalex.org/W3187871805
https://openalex.org/W3211691462
https://openalex.org/W3215211033
https://openalex.org/W360826225
https://openalex.org/W4210410984
https://openalex.org/W4230040303
https://openalex.org/W4231178451
https://openalex.org/W4232865904
https://openalex.org/W4240643542
https://openalex.org/W4242219238
https://openalex.org/W4247471663
https://openalex.org/W4250668412
https://openalex.org/W4251237334
https://openalex.org/W4253484430
https://openalex.org/W4255727641
https://openalex.org/W4288348995
https://openalex.org/W4288349117
https://openalex.org/W4298840030
https://openalex.org/W4389439260
https://openalex.org/W4391916258
https://openalex.org/W4394085912
https://openalex.org/W4394086783
https://openalex.org/W4394114664
https://openalex.org/W4394320904
https://openalex.org/W4394436604
https://openalex.org/W4394490518
https://openalex.org/W647239239
https://openalex.org/W1980965051
https://openalex.org/W2012340084
https://openalex.org/W2092049914
https://openalex.org/W2092645271
https://openalex.org/W2121211433
https://openalex.org/W2323442402
https://openalex.org/W2327462732
https://openalex.org/W2412358383
https://openalex.org/W2412368593
https://openalex.org/W2430139743
https://openalex.org/W2469213841
https://openalex.org/W2477889849
https://openalex.org/W268071736
https://openalex.org/W284821494
https://openalex.org/W3033121521
https://openalex.org/W4236024474
https://openalex.org/W4247040829
https://openalex.org/W4251639673
https://openalex.org/W81609930
https://openalex.org/W1154627454
https://openalex.org/W1486468858
https://openalex.org/W1490615949
https://openalex.org/W1519726667
https://openalex.org/W1529433037
https://openalex.org/W1534818952
https://openalex.org/W1538319674
https://openalex.org/W1542868335
https://openalex.org/W1560267467
https://openalex.org/W1585774005
https://openalex.org/W1612042185
https://openalex.org/W1662185877
https://openalex.org/W1662804739
https://openalex.org/W1679431370
https://openalex.org/W1975181700
https://openalex.org/W2011549164
https://openalex.org/W2052400128
https://openalex.org/W2055736610
https://openalex.org/W2079195239
https://openalex.org/W2115786512
https://openalex.org/W2163241718
https://openalex.org/W2183565532
https://openalex.org/W2199707988
https://openalex.org/W2237880017
https://openalex.org/W2270136703
https://openalex.org/W2335318795
https://openalex.org/W2348330795
https://openalex.org/W2350062298
https://openalex.org/W2353296307
https://openalex.org/W2354147450
https://openalex.org/W2363806147
https://openalex.org/W2381530716
https://openalex.org/W2416196886
https://openalex.org/W2463562857
https://openalex.org/W2769907308
https://openalex.org/W2793945234
https://openalex.org/W297223166
https://openalex.org/W3005331162
https://openalex.org/W3006597555
https://openalex.org/W3007829412
https://openalex.org/W3014741594
https://openalex.org/W3021720493
https://openalex.org/W3021835345
https://openalex.org/W3022329662
https://openalex.org/W3022674476
https://openalex.org/W3025035200
https://openalex.org/W3026221756
https://openalex.org/W3026931260
https://openalex.org/W3027054557
https://openalex.org/W3027254428
https://openalex.org/W3027572946
https://openalex.org/W3027686548
https://openalex.org/W3027944357
https://openalex.org/W3027949184
https://openalex.org/W3034507158
https://openalex.org/W3080192920
https://openalex.org/W3086999414
https://openalex.org/W3097201454
https://openalex.org/W3098001093
https://openalex.org/W3102480381
https://openalex.org/W3116376910
https://openalex.org/W3116968961
https://openalex.org/W3134068754
https://openalex.org/W3139431561
https://openalex.org/W3145958229
https://openalex.org/W3150912024
https://openalex.org/W3156177342
https://openalex.org/W3159476630
https://openalex.org/W3161186246
https://openalex.org/W3162501516
https://openalex.org/W3162800008
https://openalex.org/W3170749398
https://openalex.org/W3183905115
https://openalex.org/W3207144609
https://openalex.org/W4206854683
https://openalex.org/W4233593507
https://openalex.org/W4234120578
https://openalex.org/W4235658101
https://openalex.org/W4238673709
https://openalex.org/W4241633082
https://openalex.org/W4245726109
https://openalex.org/W4246146787
https://openalex.org/W4247598901
https://openalex.org/W4253210027
https://openalex.org/W4255637138
https://openalex.org/W4285675836
https://openalex.org/W4292446474
https://openalex.org/W4388334887
https://openalex.org/W4393126452
https://openalex.org/W4394201549
https://openalex.org/W4394292521
https://openalex.org/W4394436400
https://openalex.org/W4394470315
https://openalex.org/W600403733
https://openalex.org/W636097611
https://openalex.org/W640366933
https://openalex.org/W759245784
https://openalex.org/W776925064
https://openalex.org/W850517760
https://openalex.org/W2149422222
https://openalex.org/W2263865655
https://openalex.org/W2410778418
https://openalex.org/W2411232712
https://openalex.org/W44782951
https://openalex.org/W151564112
https://openalex.org/W1969676676
https://openalex.org/W2017518881
https://openalex.org/W2148037977
https://openalex.org/W2328999280
https://openalex.org/W2334293911
https://openalex.org/W2353723785
https://openalex.org/W2378311588
https://openalex.org/W2382152174
https://openalex.org/W2401719517
https://openalex.org/W2407058581
https://openalex.org/W2409441925
https://openalex.org/W2413528866
https://openalex.org/W2425568311
https://openalex.org/W2790159615
https://openalex.org/W2790957854
https://openalex.org/W2791938769
https://openalex.org/W4251892815
https://openalex.org/W4254814284
https://openalex.org/W4391125905
https://openalex.org/W48592938
https://openalex.org/W78152045
https://openalex.org/W789474118
https://openalex.org/W115788668
https://openalex.org/W173275073
https://openalex.org/W1967077703
https://openalex.org/W1974012761
https://openalex.org/W1974755218
https://openalex.org/W1989123805
https://openalex.org/W1990233400
https://openalex.org/W2016397463
https://openalex.org/W2019809467
https://openalex.org/W2023742876
https://openalex.org/W2045192039
https://openalex.org/W2075426292
https://openalex.org/W2124285066
https://openalex.org/W2125514143
https://openalex.org/W2363412094
https://openalex.org/W2367389381
https://openalex.org/W2369202145
https://openalex.org/W2409281301
https://openalex.org/W2415950827
https://openalex.org/W241939129
https://openalex.org/W2429934428
https://openalex.org/W2473375782
https://openalex.org/W277014069
https://openalex.org/W3123680157
https://openalex.org/W3130576324
https://openalex.org/W3132392562
https://openalex.org/W3135221704
https://openalex.org/W3151811619
https://openalex.org/W3160200822
https://openalex.org/W3161119091
https://openalex.org/W3161411181
https://openalex.org/W3162320893
https://openalex.org/W3162576330
https://openalex.org/W3162660386
https://openalex.org/W3163753517
https://openalex.org/W3173392148
https://openalex.org/W3174264655
https://openalex.org/W3175547579
https://openalex.org/W3177442796
https://openalex.org/W3179795057
https://openalex.org/W3197988060
https://openalex.org/W3201380668
https://openalex.org/W3212458191
https://openalex.org/W3214455790
https://openalex.org/W3215051473
https://openalex.org/W3215656264
https://openalex.org/W3215877917
https://openalex.org/W4200403816
https://openalex.org/W4200467008
https://openalex.org/W4205180899
https://openalex.org/W4205975881
https://openalex.org/W4207051127
https://openalex.org/W4226403677
https://openalex.org/W4230333407
https://openalex.org/W4232100437
https://openalex.org/W4237256387
https://openalex.org/W4238895579
https://openalex.org/W4240515952
https://openalex.org/W4241525915
https://openalex.org/W4241779025
https://openalex.org/W4242376894
https://openalex.org/W4242629527
https://openalex.org/W4249570269
https://openalex.org/W4255391691
https://openalex.org/W4256545525
https://openalex.org/W4287239688
https://openalex.org/W4287254554
https://openalex.org/W4307780273
https://openalex.org/W4315843532
https://openalex.org/W4315843603
https://openalex.org/W4382317424
https://openalex.org/W4387561009
https://openalex.org/W4394288651
https://openalex.org/W4394355977
https://openalex.org/W4394357936
https://openalex.org/W4394424791
https://openalex.org/W4394494230
https://openalex.org/W1599233286
https://openalex.org/W1631371037
https://openalex.org/W1663538624
https://openalex.org/W1966772879
https://openalex.org/W1968676756
https://openalex.org/W2018706543
https://openalex.org/W2024167598
https://openalex.org/W2041789524
https://openalex.org/W2142910248
https://openalex.org/W2242747578
https://openalex.org/W2245061675
https://openalex.org/W2315332253
https://openalex.org/W2358514210
https://openalex.org/W2381700206
https://openalex.org/W2395550080
https://openalex.org/W2412963912
https://openalex.org/W2417523183
https://openalex.org/W2418494419
https://openalex.org/W2444214957
https://openalex.org/W2471544953
https://openalex.org/W2511322992
https://openalex.org/W2514473332
https://openalex.org/W286818555
https://openalex.org/W2976648983
https://openalex.org/W3022303736
https://openalex.org/W313011484
https://openalex.org/W4241440786
https://openalex.org/W4241893706
https://openalex.org/W4244813002
https://openalex.org/W4253847451
https://openalex.org/W436797859
https://openalex.org/W77153683
https://openalex.org/W839310174
https://openalex.org/W889761918
https://openalex.org/W1830628436
https://openalex.org/W1988972331
https://openalex.org/W2011406224
https://openalex.org/W2024781497
https://openalex.org/W2025421428
https://openalex.org/W2316493221
https://openalex.org/W2325756662
https://openalex.org/W2328937097
https://openalex.org/W2402044107
https://openalex.org/W2406890090
https://openalex.org/W2413110966
https://openalex.org/W2416970212
https://openalex.org/W2425612294
https://openalex.org/W2470443162
https://openalex.org/W4206328189
https://openalex.org/W1535772836
https://openalex.org/W1554494873
https://openalex.org/W1657109376
https://openalex.org/W1751387006
https://openalex.org/W1886692827
https://openalex.org/W1968618125
https://openalex.org/W1972742746
https://openalex.org/W1977599311
https://openalex.org/W1995534885
https://openalex.org/W2040403262
https://openalex.org/W2045588302
https://openalex.org/W2048966894
https://openalex.org/W2052502105
https://openalex.org/W2053004404
https://openalex.org/W2136971502
https://openalex.org/W2164598824
https://openalex.org/W2313014100
https://openalex.org/W2314815215
https://openalex.org/W2316312076
https://openalex.org/W2318728303
https://openalex.org/W2319900097
https://openalex.org/W2324831222
https://openalex.org/W2326684133
https://openalex.org/W2330640239
https://openalex.org/W2332485647
https://openalex.org/W2333448545
https://openalex.org/W2334212452
https://openalex.org/W2335580301
https://openalex.org/W2344201007
https://openalex.org/W2365939782
https://openalex.org/W2366645919
https://openalex.org/W2368679077
https://openalex.org/W2374150774
https://openalex.org/W2387939015
https://openalex.org/W2393013373
https://openalex.org/W2397250752
https://openalex.org/W2399796058
https://openalex.org/W2404965052
https://openalex.org/W2411289391
https://openalex.org/W2413665052
https://openalex.org/W2413777868
https://openalex.org/W2414397524
https://openalex.org/W2415173416
https://openalex.org/W2417665500
https://openalex.org/W2420294927
https://openalex.org/W2465492138
https://openalex.org/W285850136
https://openalex.org/W28592415
https://openalex.org/W2913708047
https://openalex.org/W3090881269
https://openalex.org/W3195666785
https://openalex.org/W4205261335
https://openalex.org/W4213416187
https://openalex.org/W4230700017
https://openalex.org/W4242514111
https://openalex.org/W4243917144
https://openalex.org/W4251560392
https://openalex.org/W567905994
https://openalex.org/W135188747
https://openalex.org/W144442193
https://openalex.org/W1508531740
https://openalex.org/W1522784983
https://openalex.org/W1557293098
https://openalex.org/W1574709714
https://openalex.org/W1603095620
https://openalex.org/W1603181562
https://openalex.org/W16448627
https://openalex.org/W1682270964
https://openalex.org/W170523058
https://openalex.org/W174560066
https://openalex.org/W182511007
https://openalex.org/W190094848
https://openalex.org/W1932402065
https://openalex.org/W1963754492
https://openalex.org/W198829283
https://openalex.org/W2044762772
https://openalex.org/W2053460138
https://openalex.org/W2061924459
https://openalex.org/W211092981
https://openalex.org/W215867328
https://openalex.org/W2177160961
https://openalex.org/W2182619749
https://openalex.org/W219947043
https://openalex.org/W2311986816
https://openalex.org/W2312463288
https://openalex.org/W2312892037
https://openalex.org/W2313530307
https://openalex.org/W2314639756
https://openalex.org/W2316982668
https://openalex.org/W2317963709
https://openalex.org/W2318562305
https://openalex.org/W2319030560
https://openalex.org/W2319313007
https://openalex.org/W2319905671
https://openalex.org/W232162981
https://openalex.org/W2322549443
https://openalex.org/W2322929563
https://openalex.org/W2324746537
https://openalex.org/W2324870260
https://openalex.org/W2325112609
https://openalex.org/W2325426733
https://openalex.org/W2326513103
https://openalex.org/W2327054463
https://openalex.org/W2328766434
https://openalex.org/W2329108127
https://openalex.org/W2330051613
https://openalex.org/W2332202991
https://openalex.org/W2333542526
https://openalex.org/W2333945653
https://openalex.org/W2335010914
https://openalex.org/W2361156388
https://openalex.org/W2364949896
https://openalex.org/W2376869507
https://openalex.org/W2383084872
https://openalex.org/W2411255801
https://openalex.org/W2412562467
https://openalex.org/W2413339699
https://openalex.org/W2414361257
https://openalex.org/W2507393008
https://openalex.org/W271689908
https://openalex.org/W2732615178
https://openalex.org/W2768115844
https://openalex.org/W2794280620
https://openalex.org/W2889185755
https://openalex.org/W289312422
https://openalex.org/W2950665926
https://openalex.org/W2951357830
https://openalex.org/W3024836843
https://openalex.org/W309903908
https://openalex.org/W310207079
https://openalex.org/W3165682368
https://openalex.org/W316648136
https://openalex.org/W319911506
https://openalex.org/W3210580541
https://openalex.org/W349043095
https://openalex.org/W34966812
https://openalex.org/W4210626004
https://openalex.org/W4236893923
https://openalex.org/W4238492546
https://openalex.org/W4240738357
https://openalex.org/W4241212458
https://openalex.org/W4242097705
https://openalex.org/W4247134885
https://openalex.org/W4247889008
https://openalex.org/W4255952210
https://openalex.org/W4302399637
https://openalex.org/W648723473
https://openalex.org/W67681831
https://openalex.org/W761331968
https://openalex.org/W794568572
https://openalex.org/W796044185
https://openalex.org/W840396099
https://openalex.org/W87188719
https://openalex.org/W1488372684
https://openalex.org/W1559319056
https://openalex.org/W175683368
https://openalex.org/W2021093198
https://openalex.org/W2026440732
https://openalex.org/W2030071421
https://openalex.org/W2062889379
https://openalex.org/W2078044653
https://openalex.org/W2152863612
https://openalex.org/W2313958971
https://openalex.org/W2314744761
https://openalex.org/W2319803765
https://openalex.org/W2320780527
https://openalex.org/W2322114576
https://openalex.org/W2328525530
https://openalex.org/W2330712893
https://openalex.org/W2333603483
https://openalex.org/W2340272612
https://openalex.org/W2357443131
https://openalex.org/W2383635967
https://openalex.org/W2385197872
https://openalex.org/W2395452803
https://openalex.org/W2396742348
https://openalex.org/W2397572134
https://openalex.org/W2406473655
https://openalex.org/W2409690174
https://openalex.org/W2410230389
https://openalex.org/W2416506481
https://openalex.org/W2444207188
https://openalex.org/W2520680424
https://openalex.org/W2573339462
https://openalex.org/W2612984285
https://openalex.org/W2726175915
https://openalex.org/W2736062785
https://openalex.org/W2753613156
https://openalex.org/W3126797962
https://openalex.org/W3169060695
https://openalex.org/W3185047535
https://openalex.org/W4206452827
https://openalex.org/W4233226166
https://openalex.org/W4235148600
https://openalex.org/W4238266911
https://openalex.org/W4244892508
https://openalex.org/W4245323438
https://openalex.org/W4253203589
https://openalex.org/W4298134794
https://openalex.org/W4385562406
https://openalex.org/W63514106
https://openalex.org/W80903295
https://openalex.org/W852004639
https://openalex.org/W1575434563
https://openalex.org/W1605384668
https://openalex.org/W173304448
https://openalex.org/W196865217
https://openalex.org/W1972563387
https://openalex.org/W1997012200
https://openalex.org/W2005563426
https://openalex.org/W2011252416
https://openalex.org/W2025564095
https://openalex.org/W2032630028
https://openalex.org/W2048382354
https://openalex.org/W2061928439
https://openalex.org/W2072575149
https://openalex.org/W2089899167
https://openalex.org/W2313495862
https://openalex.org/W2321256768
https://openalex.org/W2327251704
https://openalex.org/W2328379211
https://openalex.org/W2333859325
https://openalex.org/W2398655902
https://openalex.org/W2401847216
https://openalex.org/W2402407881
https://openalex.org/W2405293179
https://openalex.org/W2406002473
https://openalex.org/W2414702277
https://openalex.org/W2418015362
https://openalex.org/W2418201998
https://openalex.org/W2419649789
https://openalex.org/W2466487347
https://openalex.org/W2492066058
https://openalex.org/W2500014505
https://openalex.org/W2524140920
https://openalex.org/W2527731369
https://openalex.org/W2529641832
https://openalex.org/W2566353288
https://openalex.org/W2593063191
https://openalex.org/W2593453366
https://openalex.org/W2600050852
https://openalex.org/W2725399933
https://openalex.org/W2754063758
https://openalex.org/W284916594
https://openalex.org/W2883648218
https://openalex.org/W2915561841
https://openalex.org/W2951929448
https://openalex.org/W3144097395
https://openalex.org/W3210244287
https://openalex.org/W4293791551
https://openalex.org/W4299568846
https://openalex.org/W4301942668
https://openalex.org/W4302764956
https://openalex.org/W790834830
https://openalex.org/W85331545
https://openalex.org/W2225937646
https://openalex.org/W2131099415
https://openalex.org/W2091451666
https://openalex.org/W2170419612
https://openalex.org/W2167728254
https://openalex.org/W2133619004
https://openalex.org/W2097117811
https://openalex.org/W2614575602
https://openalex.org/W2150121055
https://openalex.org/W2083737302
https://openalex.org/W2789869568
https://openalex.org/W2043776488
https://openalex.org/W2156687558
https://openalex.org/W2331935930
https://openalex.org/W2163723714
https://openalex.org/W2167532631
https://openalex.org/W2064070223
https://openalex.org/W2009013630
https://openalex.org/W2187341651
https://openalex.org/W2028785929
https://openalex.org/W2716699759
https://openalex.org/W2902078827
https://openalex.org/W2021334430
https://openalex.org/W2595086780
https://openalex.org/W2553059833
https://openalex.org/W2116205803
https://openalex.org/W2126867710
https://openalex.org/W3106763294
https://openalex.org/W2043900297
https://openalex.org/W3045413314
https://openalex.org/W2161185495
https://openalex.org/W2053858732
https://openalex.org/W2167872020
https://openalex.org/W2113530759
https://openalex.org/W2055771484
https://openalex.org/W2117662968
https://openalex.org/W2135498185
https://openalex.org/W2951517287
https://openalex.org/W2059694609
https://openalex.org/W2019095425
https://openalex.org/W2104841305
https://openalex.org/W2912413992
https://openalex.org/W2015854329
https://openalex.org/W3193235957
https://openalex.org/W2040640949
https://openalex.org/W1995865724
https://openalex.org/W2285979304
https://openalex.org/W1978346502
https://openalex.org/W1528812090
https://openalex.org/W2154309821
https://openalex.org/W2767197417
https://openalex.org/W1983022446
https://openalex.org/W2169158245
https://openalex.org/W2788601536
https://openalex.org/W2008634893
https://openalex.org/W1994624777
https://openalex.org/W2113953182
https://openalex.org/W2586712356
https://openalex.org/W3205765004
https://openalex.org/W2135936995
https://openalex.org/W2897158139
https://openalex.org/W2253736303
https://openalex.org/W2070840302
https://openalex.org/W2973552995
https://openalex.org/W3189638887
https://openalex.org/W2415407748
https://openalex.org/W2058091416
https://openalex.org/W1594596002
https://openalex.org/W2207612359
https://openalex.org/W2559913225
https://openalex.org/W2215798291
https://openalex.org/W2109524995
https://openalex.org/W2130604051
https://openalex.org/W1964483658
https://openalex.org/W2037747002
https://openalex.org/W2096081710
https://openalex.org/W3035004775
https://openalex.org/W3094104365
https://openalex.org/W2205757214
https://openalex.org/W2580989945
https://openalex.org/W2804868427
https://openalex.org/W2979456640
https://openalex.org/W2750083495
https://openalex.org/W2557060963
https://openalex.org/W2939129484
https://openalex.org/W2891912571
https://openalex.org/W2947317633
https://openalex.org/W3121912712
https://openalex.org/W2914165558
https://openalex.org/W3092856724
https://openalex.org/W3108222170
https://openalex.org/W3010311971
https://openalex.org/W3012251289
https://openalex.org/W4319663675
https://openalex.org/W4210989196
https://openalex.org/W3215762649
https://openalex.org/W4213096651
https://openalex.org/W4280501229
https://openalex.org/W4321611584
https://openalex.org/W4315487927
https://openalex.org/W4316926883
https://openalex.org/W2078035232
https://openalex.org/W171737858
https://openalex.org/W2115399372
https://openalex.org/W2127086872
https://openalex.org/W2171602968
https://openalex.org/W2117040540
https://openalex.org/W1513237697
https://openalex.org/W2097400398
https://openalex.org/W2130045641
https://openalex.org/W2096101262
https://openalex.org/W2165902002
https://openalex.org/W1996795473
https://openalex.org/W2058490849
https://openalex.org/W1981337553
https://openalex.org/W2113424612
https://openalex.org/W2166809797
https://openalex.org/W1746736423
https://openalex.org/W2167310802
https://openalex.org/W2170326618
https://openalex.org/W2019067204
https://openalex.org/W2096849748
https://openalex.org/W2156523657
https://openalex.org/W2030138838
https://openalex.org/W1481859140
https://openalex.org/W2166060998
https://openalex.org/W2004336593
https://openalex.org/W2155538350
https://openalex.org/W2136226622
https://openalex.org/W1551336557
https://openalex.org/W2157308798
https://openalex.org/W2118863212
https://openalex.org/W2132632471
https://openalex.org/W1981830415
https://openalex.org/W2129436100
https://openalex.org/W2162398328
https://openalex.org/W1975577170
https://openalex.org/W2143130433
https://openalex.org/W2164539942
https://openalex.org/W2124375853
https://openalex.org/W4376044127
https://openalex.org/W2109652305
https://openalex.org/W2137730697
https://openalex.org/W2113694345
https://openalex.org/W1580289363
https://openalex.org/W2007680892
https://openalex.org/W162720999
https://openalex.org/W2398455818
https://openalex.org/W2143859750
https://openalex.org/W2080628365
https://openalex.org/W1966028491
https://openalex.org/W2144862584
https://openalex.org/W2149120102
https://openalex.org/W2117752747
https://openalex.org/W2029165436
https://openalex.org/W1923256605
https://openalex.org/W2086323500
https://openalex.org/W1976272474
https://openalex.org/W1965390881
https://openalex.org/W2047959503
https://openalex.org/W2005601457
https://openalex.org/W2127813400
https://openalex.org/W1968214033
https://openalex.org/W2604872822
https://openalex.org/W1998598808
https://openalex.org/W2531777177
https://openalex.org/W2111452124
https://openalex.org/W1924958570
https://openalex.org/W2066434171
https://openalex.org/W2142115615
https://openalex.org/W2003830113
https://openalex.org/W2049062627
https://openalex.org/W2110973144
https://openalex.org/W2735469522
https://openalex.org/W2300330529
https://openalex.org/W2119499483
https://openalex.org/W1932917387
https://openalex.org/W1994899118
https://openalex.org/W2165912500
https://openalex.org/W2009126661
https://openalex.org/W2113726911
https://openalex.org/W2594333543
https://openalex.org/W1986336593
https://openalex.org/W2133765759
https://openalex.org/W2397252908
https://openalex.org/W2401688307
https://openalex.org/W1977978748
https://openalex.org/W2952680231
https://openalex.org/W2066605813
https://openalex.org/W2137729136
https://openalex.org/W2264701027
https://openalex.org/W2604261501
https://openalex.org/W2091282180
https://openalex.org/W2407449780
https://openalex.org/W2912191120
https://openalex.org/W2335124613
https://openalex.org/W2913629940
https://openalex.org/W2809833064
https://openalex.org/W2123034349
https://openalex.org/W2125565292
https://openalex.org/W2093568756
https://openalex.org/W2132295896
https://openalex.org/W2803475077
https://openalex.org/W2960274205
https://openalex.org/W2003479746
https://openalex.org/W2336852913
https://openalex.org/W2016907231
https://openalex.org/W2796689110
https://openalex.org/W2946745534
https://openalex.org/W1904975951
https://openalex.org/W2042204087
https://openalex.org/W2887149555
https://openalex.org/W3038961253
https://openalex.org/W2923806293
https://openalex.org/W2920959276
https://openalex.org/W2959218594
https://openalex.org/W2550724994
https://openalex.org/W2595592144
https://openalex.org/W2360972905
https://openalex.org/W3008666156
https://openalex.org/W3090705437
https://openalex.org/W2462663184
https://openalex.org/W2335286148
https://openalex.org/W2589128497
https://openalex.org/W2275573645
https://openalex.org/W2704642493
https://openalex.org/W3033121103
https://openalex.org/W2798072661
https://openalex.org/W2930037263
https://openalex.org/W2965722473
https://openalex.org/W2944411244
https://openalex.org/W2963772184
https://openalex.org/W3177063095
https://openalex.org/W3005899044
https://openalex.org/W3111557069
https://openalex.org/W3119555328
https://openalex.org/W3172115124
https://openalex.org/W3082878869
https://openalex.org/W3210559983
https://openalex.org/W3189005037
https://openalex.org/W3182880719
https://openalex.org/W4206614061
https://openalex.org/W4214823714
https://openalex.org/W3215829905
https://openalex.org/W4281663598
https://openalex.org/W3195709555
https://openalex.org/W4281744739
https://openalex.org/W4212923069
https://openalex.org/W4280490328
https://openalex.org/W4200548061
https://openalex.org/W4223906420
https://openalex.org/W4317777316
https://openalex.org/W4353096218
https://openalex.org/W4309920160
https://openalex.org/W4367848947
https://openalex.org/W4321793999
https://openalex.org/W4300970308
https://openalex.org/W4304127845
https://openalex.org/W4378348755
https://openalex.org/W4379016579
https://openalex.org/W4311025083
https://openalex.org/W4315796548
https://openalex.org/W4317423127
https://openalex.org/W4375850397
https://openalex.org/W4385878277
https://openalex.org/W4313201670
https://openalex.org/W4386969621
https://openalex.org/W4387340711
https://openalex.org/W4388742460
https://openalex.org/W4385285896
https://openalex.org/W4388773974
https://openalex.org/W4389010923
https://openalex.org/W4390822007
https://openalex.org/W4393411172
https://openalex.org/W2103900688
https://openalex.org/W2058352743
https://openalex.org/W2009094983
https://openalex.org/W2007150229
https://openalex.org/W2106983444
https://openalex.org/W2138752972
https://openalex.org/W2150639096
https://openalex.org/W1830213551
https://openalex.org/W1978727828
https://openalex.org/W2009283817
https://openalex.org/W2029716099
https://openalex.org/W2064890719
https://openalex.org/W2118345547
https://openalex.org/W2013094638
https://openalex.org/W2166097422
https://openalex.org/W2045370774
https://openalex.org/W2075400389
https://openalex.org/W2112956151
https://openalex.org/W2072032642
https://openalex.org/W2011585638
https://openalex.org/W2025647410
https://openalex.org/W2017591945
https://openalex.org/W2122735072
https://openalex.org/W1553177492
https://openalex.org/W1978415828
https://openalex.org/W2140300967
https://openalex.org/W2087468929
https://openalex.org/W2145578574
https://openalex.org/W2000024046
https://openalex.org/W2106959446
https://openalex.org/W1979425737
https://openalex.org/W20490012
https://openalex.org/W2096842762
https://openalex.org/W2013340805
https://openalex.org/W2004156444
https://openalex.org/W2100752127
https://openalex.org/W2037062060
https://openalex.org/W2138751822
https://openalex.org/W2141125657
https://openalex.org/W2090992674
https://openalex.org/W2093717906
https://openalex.org/W2137092236
https://openalex.org/W1579303074
https://openalex.org/W2058988939
https://openalex.org/W1975945099
https://openalex.org/W1978378245
https://openalex.org/W2115330666
https://openalex.org/W1998871718
https://openalex.org/W2136853275
https://openalex.org/W2112285082
https://openalex.org/W2030161884
https://openalex.org/W2018954315
https://openalex.org/W2153803982
https://openalex.org/W2046765669
https://openalex.org/W2127909686
https://openalex.org/W2064680690
https://openalex.org/W2146182271
https://openalex.org/W2094740961
https://openalex.org/W2144714162
https://openalex.org/W2133967216
https://openalex.org/W2142335982
https://openalex.org/W2160410866
https://openalex.org/W1966881539
https://openalex.org/W2121915606
https://openalex.org/W2763991005
https://openalex.org/W2005240193
https://openalex.org/W2095791582
https://openalex.org/W2102665700
https://openalex.org/W2047881145
https://openalex.org/W2117822951
https://openalex.org/W2101231456
https://openalex.org/W2582255275
https://openalex.org/W2604540065
https://openalex.org/W2801685789
https://openalex.org/W1894466017
https://openalex.org/W2076081827
https://openalex.org/W1601484140
https://openalex.org/W2071784013
https://openalex.org/W2129290984
https://openalex.org/W1864528171
https://openalex.org/W2803769883
https://openalex.org/W2003172552
https://openalex.org/W2313775193
https://openalex.org/W1597187402
https://openalex.org/W1972066252
https://openalex.org/W2755455242
https://openalex.org/W2296525683
https://openalex.org/W2766900083
https://openalex.org/W2899768023
https://openalex.org/W2901526026
https://openalex.org/W1989413517
https://openalex.org/W2466850436
https://openalex.org/W2082955340
https://openalex.org/W2468143940
https://openalex.org/W2743973366
https://openalex.org/W2413443807
https://openalex.org/W2285561481
https://openalex.org/W2817795568
https://openalex.org/W2307552230
https://openalex.org/W2803666456
https://openalex.org/W2522029527
https://openalex.org/W2514950920
https://openalex.org/W2921160646
https://openalex.org/W2463280417
https://openalex.org/W2569474151
https://openalex.org/W2765717831
https://openalex.org/W2888917829
https://openalex.org/W2997050025
https://openalex.org/W3110389231
https://openalex.org/W2955996460
https://openalex.org/W3032920185
https://openalex.org/W3100209041
https://openalex.org/W2915040626
https://openalex.org/W2968482725
https://openalex.org/W3005884664
https://openalex.org/W3030501700
https://openalex.org/W3017735462
https://openalex.org/W3027479633
https://openalex.org/W3004424169
https://openalex.org/W3031646205
https://openalex.org/W3034326350
https://openalex.org/W3179331955
https://openalex.org/W3120848446
https://openalex.org/W3169583693
https://openalex.org/W3202349472
https://openalex.org/W3086247457
https://openalex.org/W3191012379
https://openalex.org/W3217417396
https://openalex.org/W3124154166
https://openalex.org/W4210960297
https://openalex.org/W3203683891
https://openalex.org/W4295279962
https://openalex.org/W4205654551
https://openalex.org/W4210419994
https://openalex.org/W4224244720
https://openalex.org/W4293428194
https://openalex.org/W4200005200
https://openalex.org/W4313420423
https://openalex.org/W4379259603
https://openalex.org/W4318986827
https://openalex.org/W4320480779
https://openalex.org/W4382680795
https://openalex.org/W4384207023
https://openalex.org/W4386918930
https://openalex.org/W4390480627
https://openalex.org/W4390544220
https://openalex.org/W4391392282
https://openalex.org/W4392001736
https://openalex.org/W4392660414
https://openalex.org/W4392755989
https://openalex.org/W2137468466
https://openalex.org/W2120329951
https://openalex.org/W2116845980
https://openalex.org/W2103209698
https://openalex.org/W1977265345
https://openalex.org/W1892715918
https://openalex.org/W2003325407
https://openalex.org/W2105529372
https://openalex.org/W2051978864
https://openalex.org/W2060654250
https://openalex.org/W2048268537
https://openalex.org/W4324114154
https://openalex.org/W1928520489
https://openalex.org/W1970068473
https://openalex.org/W2005561301
https://openalex.org/W2057802602
https://openalex.org/W2091834956
https://openalex.org/W1998210391
https://openalex.org/W2009760086
https://openalex.org/W2023119807
https://openalex.org/W2090543988
https://openalex.org/W2103499577
https://openalex.org/W1999584844
https://openalex.org/W2018296836
https://openalex.org/W2172203581
https://openalex.org/W2041814234
https://openalex.org/W2110752774
https://openalex.org/W100277804
https://openalex.org/W2061573322
https://openalex.org/W2097105739
https://openalex.org/W2008815158
https://openalex.org/W2053597356
https://openalex.org/W2096599872
https://openalex.org/W1982909607
https://openalex.org/W2003766674
https://openalex.org/W2013842692
https://openalex.org/W2081704195
https://openalex.org/W2094257363
https://openalex.org/W2062454271
https://openalex.org/W1966848337
https://openalex.org/W1967830168
https://openalex.org/W2068702327
https://openalex.org/W2326017610
https://openalex.org/W2111571703
https://openalex.org/W1996117530
https://openalex.org/W1973122367
https://openalex.org/W2066969166
https://openalex.org/W1972144871
https://openalex.org/W1977447433
https://openalex.org/W2009244574
https://openalex.org/W2139160931
https://openalex.org/W2153415075
https://openalex.org/W2319444861
https://openalex.org/W1608934565
https://openalex.org/W2043213668
https://openalex.org/W2060491674
https://openalex.org/W2162309694
https://openalex.org/W2007141075
https://openalex.org/W2082240068
https://openalex.org/W2093886800
https://openalex.org/W800367005
https://openalex.org/W2132343579
https://openalex.org/W2084768658
https://openalex.org/W2088065781
https://openalex.org/W2563013569
https://openalex.org/W1835499392
https://openalex.org/W1975920230
https://openalex.org/W2088965479
https://openalex.org/W2234474667
https://openalex.org/W1946166391
https://openalex.org/W2325090437
https://openalex.org/W2291925731
https://openalex.org/W2021208403
https://openalex.org/W2739588385
https://openalex.org/W2745621965
https://openalex.org/W2784219648
https://openalex.org/W1438664810
https://openalex.org/W2574265438
https://openalex.org/W1945824632
https://openalex.org/W2146031286
https://openalex.org/W2599902928
https://openalex.org/W2884738399
https://openalex.org/W2888039969
https://openalex.org/W2891427243
https://openalex.org/W2190219955
https://openalex.org/W2523558040
https://openalex.org/W2592786018
https://openalex.org/W2794187766
https://openalex.org/W2807758969
https://openalex.org/W2808143491
https://openalex.org/W2977124056
https://openalex.org/W4235466572
https://openalex.org/W2803458587
https://openalex.org/W2891611807
https://openalex.org/W2972637473
https://openalex.org/W2983424634
https://openalex.org/W3023862917
https://openalex.org/W4245987482
https://openalex.org/W4366230604
https://openalex.org/W3033414899
https://openalex.org/W3007024060
https://openalex.org/W3017108443
https://openalex.org/W3042798446
https://openalex.org/W3086987940
https://openalex.org/W3088004607
https://openalex.org/W3096658415
https://openalex.org/W3047904436
https://openalex.org/W3176889573
https://openalex.org/W3163952453
https://openalex.org/W3197893526
https://openalex.org/W3118965502
https://openalex.org/W3209002743
https://openalex.org/W3120584130
https://openalex.org/W3195492823
https://openalex.org/W4213126638
https://openalex.org/W4226094248
https://openalex.org/W4311677680
https://openalex.org/W3205972718
https://openalex.org/W4205672898
https://openalex.org/W4306411918
https://openalex.org/W4306412217
https://openalex.org/W4321366282
https://openalex.org/W4362456023
https://openalex.org/W4379615845
https://openalex.org/W4383533119
https://openalex.org/W4385627740
https://openalex.org/W4311262411
https://openalex.org/W4318819874
https://openalex.org/W4322201908
https://openalex.org/W4322770855
https://openalex.org/W4366277385
https://openalex.org/W4367853891
https://openalex.org/W4385741861
https://openalex.org/W2092698158
https://openalex.org/W2098491101
https://openalex.org/W1999361503
https://openalex.org/W2005789074
https://openalex.org/W2041507191
https://openalex.org/W2048866222
https://openalex.org/W2063950208
https://openalex.org/W2050577806
https://openalex.org/W1517803719
https://openalex.org/W1991725975
https://openalex.org/W2023320322
https://openalex.org/W2167335757
https://openalex.org/W1973163020
https://openalex.org/W1671992173
https://openalex.org/W2092078437
https://openalex.org/W2160189055
https://openalex.org/W1477893589
https://openalex.org/W2135881023
https://openalex.org/W2141213208
https://openalex.org/W2169526645
https://openalex.org/W2119165605
https://openalex.org/W2405047845
https://openalex.org/W2041241051
https://openalex.org/W2127071379
https://openalex.org/W2026570466
https://openalex.org/W2026598059
https://openalex.org/W2064707166
https://openalex.org/W2159339416
https://openalex.org/W2131072050
https://openalex.org/W1970116371
https://openalex.org/W2048576224
https://openalex.org/W2023818334
https://openalex.org/W2065767586
https://openalex.org/W2069939793
https://openalex.org/W1974179976
https://openalex.org/W2047085800
https://openalex.org/W2050232662
https://openalex.org/W2129122576
https://openalex.org/W1563147694
https://openalex.org/W2058065080
https://openalex.org/W2155578309
https://openalex.org/W2017834115
https://openalex.org/W2149921847
https://openalex.org/W1579138527
https://openalex.org/W1921909547
https://openalex.org/W1999288562
https://openalex.org/W2025089133
https://openalex.org/W2078462351
https://openalex.org/W1969296807
https://openalex.org/W1979929775
https://openalex.org/W2040819427
https://openalex.org/W2044889650
https://openalex.org/W2090124585
https://openalex.org/W2079181731
https://openalex.org/W2096544612
https://openalex.org/W2064391541
https://openalex.org/W2118045910
https://openalex.org/W1970784751
https://openalex.org/W2015784654
https://openalex.org/W1939133980
https://openalex.org/W2006659064
https://openalex.org/W2125400069
https://openalex.org/W2046093243
https://openalex.org/W374123025
https://openalex.org/W1990055766
https://openalex.org/W2088114023
https://openalex.org/W2579583038
https://openalex.org/W2794024860
https://openalex.org/W2606987052
https://openalex.org/W2775169685
https://openalex.org/W2783487808
https://openalex.org/W2099535799
https://openalex.org/W2263720116
https://openalex.org/W2335036459
https://openalex.org/W2606476371
https://openalex.org/W2743830434
https://openalex.org/W2740383895
https://openalex.org/W2885143183
https://openalex.org/W2911246040
https://openalex.org/W2472391811
https://openalex.org/W2516293802
https://openalex.org/W2581769640
https://openalex.org/W2751811196
https://openalex.org/W2769643547
https://openalex.org/W2940481514
https://openalex.org/W2793878916
https://openalex.org/W2924605813
https://openalex.org/W2954687440
https://openalex.org/W2949129288
https://openalex.org/W2982052991
https://openalex.org/W2973074652
https://openalex.org/W3001646965
https://openalex.org/W3179400249
https://openalex.org/W3188668922
https://openalex.org/W3210822983
https://openalex.org/W3125503123
https://openalex.org/W3158073719
https://openalex.org/W3178733483
https://openalex.org/W3189919222
https://openalex.org/W3209796862
https://openalex.org/W4220904599
https://openalex.org/W4281974950
https://openalex.org/W4295485966
https://openalex.org/W4213072213
https://openalex.org/W4220714086
https://openalex.org/W4226285423
https://openalex.org/W4280502675
https://openalex.org/W4296177562
https://openalex.org/W4223940348
https://openalex.org/W4281946746
https://openalex.org/W4287448777
https://openalex.org/W4288039303
https://openalex.org/W4296381445
https://openalex.org/W4309571588
https://openalex.org/W4312084966
https://openalex.org/W4313198084
https://openalex.org/W4317725743
https://openalex.org/W4361205314
https://openalex.org/W4382722718
https://openalex.org/W4385336403
https://openalex.org/W4385387165
https://openalex.org/W4385783455
https://openalex.org/W2041729816
https://openalex.org/W1996797718
https://openalex.org/W2166313680
https://openalex.org/W2112894585
https://openalex.org/W2009514719
https://openalex.org/W2134769659
https://openalex.org/W2066111639
https://openalex.org/W2065665685
https://openalex.org/W2133766236
https://openalex.org/W1982971009
https://openalex.org/W2085405170
https://openalex.org/W2067360055
https://openalex.org/W2015801929
https://openalex.org/W2170425397
https://openalex.org/W2015216354
https://openalex.org/W2088276999
https://openalex.org/W2007183030
https://openalex.org/W2029576387
https://openalex.org/W1596066464
https://openalex.org/W2045276302
https://openalex.org/W2087419479
https://openalex.org/W2097667176
https://openalex.org/W2150226897
https://openalex.org/W2011936860
https://openalex.org/W2013608653
https://openalex.org/W1977534572
https://openalex.org/W1996334556
https://openalex.org/W2118591160
https://openalex.org/W2165386716
https://openalex.org/W2086125192
https://openalex.org/W2086208557
https://openalex.org/W2089118523
https://openalex.org/W2067012739
https://openalex.org/W2090238532
https://openalex.org/W2056024451
https://openalex.org/W2073499472
https://openalex.org/W2090413614
https://openalex.org/W1490506907
https://openalex.org/W2036053839
https://openalex.org/W2016671902
https://openalex.org/W1583716179
https://openalex.org/W2041602951
https://openalex.org/W1780962327
https://openalex.org/W1994390632
https://openalex.org/W2009070853
https://openalex.org/W1822680210
https://openalex.org/W2079400376
https://openalex.org/W2130104282
https://openalex.org/W1967369572
https://openalex.org/W2107477065
https://openalex.org/W2313715102
https://openalex.org/W1996292751
https://openalex.org/W2062565980
https://openalex.org/W2015847678
https://openalex.org/W2037037238
https://openalex.org/W2504793326
https://openalex.org/W1514075314
https://openalex.org/W2286201656
https://openalex.org/W2346559763
https://openalex.org/W2793644459
https://openalex.org/W1423490105
https://openalex.org/W1789797015
https://openalex.org/W2025801569
https://openalex.org/W2086581412
https://openalex.org/W2386815549
https://openalex.org/W2622995533
https://openalex.org/W2771459284
https://openalex.org/W2800689473
https://openalex.org/W2907002026
https://openalex.org/W2123074215
https://openalex.org/W2143402703
https://openalex.org/W2166215966
https://openalex.org/W2508264892
https://openalex.org/W2510857252
https://openalex.org/W2587170962
https://openalex.org/W2478803093
https://openalex.org/W2612426333
https://openalex.org/W2791275274
https://openalex.org/W2530502777
https://openalex.org/W2929424512
https://openalex.org/W2991637444
https://openalex.org/W2991361455
https://openalex.org/W2966826654
https://openalex.org/W2947326468
https://openalex.org/W2954881683
https://openalex.org/W2998314473
https://openalex.org/W3005942354
https://openalex.org/W3001420463
https://openalex.org/W3028528520
https://openalex.org/W3038053297
https://openalex.org/W3154440021
https://openalex.org/W3161594081
https://openalex.org/W3173930942
https://openalex.org/W3164592829
https://openalex.org/W3214936300
https://openalex.org/W2948030204
https://openalex.org/W3175070972
https://openalex.org/W3208612004
https://openalex.org/W4210597297
https://openalex.org/W4214870197
https://openalex.org/W4229042774
https://openalex.org/W4281550711
https://openalex.org/W4283124208
https://openalex.org/W4289745017
https://openalex.org/W4297384344
https://openalex.org/W4313534865
https://openalex.org/W4317940561
https://openalex.org/W4322770941
https://openalex.org/W4367316016
https://openalex.org/W4385484430
https://openalex.org/W4390175105
https://openalex.org/W1997634093
https://openalex.org/W2094437995
https://openalex.org/W2061127487
https://openalex.org/W2056569363
https://openalex.org/W1985528885
https://openalex.org/W2088833806
https://openalex.org/W2111499876
https://openalex.org/W2143451567
https://openalex.org/W2993920532
https://openalex.org/W2007748371
https://openalex.org/W2028051513
https://openalex.org/W2029983841
https://openalex.org/W2041474554
https://openalex.org/W2154303945
https://openalex.org/W2098991728
https://openalex.org/W1966750574
https://openalex.org/W2057954037
https://openalex.org/W2091244381
https://openalex.org/W1968605111
https://openalex.org/W2058748137
https://openalex.org/W2949604015
https://openalex.org/W2020769348
https://openalex.org/W2042926631
https://openalex.org/W2043018632
https://openalex.org/W2093658044
https://openalex.org/W1991876780
https://openalex.org/W2014435131
https://openalex.org/W2046521027
https://openalex.org/W2073401855
https://openalex.org/W2154343358
https://openalex.org/W2399639811
https://openalex.org/W2085953475
https://openalex.org/W1964896769
https://openalex.org/W2018031355
https://openalex.org/W2112964278
https://openalex.org/W2081788129
https://openalex.org/W2114063842
https://openalex.org/W1746221504
https://openalex.org/W2042500888
https://openalex.org/W2074278584
https://openalex.org/W2117706127
https://openalex.org/W2135388772
https://openalex.org/W2834352632
https://openalex.org/W1596061393
https://openalex.org/W2075946855
https://openalex.org/W1910553382
https://openalex.org/W1529630040
https://openalex.org/W1857320680
https://openalex.org/W1977096529
https://openalex.org/W2041249363
https://openalex.org/W2108919944
https://openalex.org/W2021167531
https://openalex.org/W2170956688
https://openalex.org/W2064759039
https://openalex.org/W2128544970
https://openalex.org/W2022536375
https://openalex.org/W2059712364
https://openalex.org/W2059925220
https://openalex.org/W1993575440
https://openalex.org/W1973957881
https://openalex.org/W1978383801
https://openalex.org/W1992278854
https://openalex.org/W1960333596
https://openalex.org/W2011189834
https://openalex.org/W2016971063
https://openalex.org/W2019738733
https://openalex.org/W2075214938
https://openalex.org/W2123629119
https://openalex.org/W2137511457
https://openalex.org/W2153485290
https://openalex.org/W2324462346
https://openalex.org/W2039202420
https://openalex.org/W2107256540
https://openalex.org/W2194410336
https://openalex.org/W2593936536
https://openalex.org/W2620792230
https://openalex.org/W4245625135
https://openalex.org/W2045977354
https://openalex.org/W2234029494
https://openalex.org/W2579640893
https://openalex.org/W2588668602
https://openalex.org/W2802603396
https://openalex.org/W2809307457
https://openalex.org/W2890092380
https://openalex.org/W4244129634
https://openalex.org/W2031136262
https://openalex.org/W2318561249
https://openalex.org/W2411435976
https://openalex.org/W2528377031
https://openalex.org/W2560859116
https://openalex.org/W2588761022
https://openalex.org/W2589183455
https://openalex.org/W2789964792
https://openalex.org/W2281485452
https://openalex.org/W2554196877
https://openalex.org/W2620311701
https://openalex.org/W2746649528
https://openalex.org/W2771980073
https://openalex.org/W2917070532
https://openalex.org/W2224688293
https://openalex.org/W2386141321
https://openalex.org/W2793941254
https://openalex.org/W2912156371
https://openalex.org/W2918841731
https://openalex.org/W2951575372
https://openalex.org/W4236659730
https://openalex.org/W4319053092
https://openalex.org/W2919379676
https://openalex.org/W2944517987
https://openalex.org/W2961337205
https://openalex.org/W2982680384
https://openalex.org/W3005230875
https://openalex.org/W3090141362
https://openalex.org/W3095539672
https://openalex.org/W3110984215
https://openalex.org/W3115129626
https://openalex.org/W3124639674
https://openalex.org/W3157249746
https://openalex.org/W3168459374
https://openalex.org/W3170336601
https://openalex.org/W3202220457
https://openalex.org/W3118248742
https://openalex.org/W3159007580
https://openalex.org/W4200170882
https://openalex.org/W4223639663
https://openalex.org/W4224440250
https://openalex.org/W4281398986
https://openalex.org/W4285732506
https://openalex.org/W4304182973
https://openalex.org/W4220715588
https://openalex.org/W4224270474
https://openalex.org/W4303453602
https://openalex.org/W4310013587
https://openalex.org/W4310191906
https://openalex.org/W4313477678
https://openalex.org/W4319791822
https://openalex.org/W4320483968
https://openalex.org/W4320920182
https://openalex.org/W4381332075
https://openalex.org/W4383554981
https://openalex.org/W4386269388
https://openalex.org/W4386309070
https://openalex.org/W4386704684
https://openalex.org/W4390340340
https://openalex.org/W4391610234
https://openalex.org/W2035492316
https://openalex.org/W2015051992
https://openalex.org/W2061478907
https://openalex.org/W1989077639
https://openalex.org/W1834322544
https://openalex.org/W1975884590
https://openalex.org/W2003672975
https://openalex.org/W2084922679
https://openalex.org/W2324481049
https://openalex.org/W1874665223
https://openalex.org/W2002052151
https://openalex.org/W2092946683
https://openalex.org/W2233033826
https://openalex.org/W2031324765
https://openalex.org/W2163741747
https://openalex.org/W1987338460
https://openalex.org/W2023102088
https://openalex.org/W2056206916
https://openalex.org/W2019118997
https://openalex.org/W2025302776
https://openalex.org/W2131749235
https://openalex.org/W1587869085
https://openalex.org/W1965569582
https://openalex.org/W2071572048
https://openalex.org/W2001614234
https://openalex.org/W2004432764
https://openalex.org/W2065175417
https://openalex.org/W2079711415
https://openalex.org/W2080223494
https://openalex.org/W2067634801
https://openalex.org/W2088083775
https://openalex.org/W2123818091
https://openalex.org/W2153501121
https://openalex.org/W1979220703
https://openalex.org/W1987005369
https://openalex.org/W2027808148
https://openalex.org/W2066723276
https://openalex.org/W2068147081
https://openalex.org/W2011151503
https://openalex.org/W1694986373
https://openalex.org/W1969388944
https://openalex.org/W2128206122
https://openalex.org/W2399864468
https://openalex.org/W1970435908
https://openalex.org/W1974802156
https://openalex.org/W2035010044
https://openalex.org/W2062624899
https://openalex.org/W2314802246
https://openalex.org/W2330464450
https://openalex.org/W2095819558
https://openalex.org/W2098540640
https://openalex.org/W2124065437
https://openalex.org/W1963654054
https://openalex.org/W2009289948
https://openalex.org/W2071170408
https://openalex.org/W2128103577
https://openalex.org/W1574769768
https://openalex.org/W1895322904
https://openalex.org/W917304385
https://openalex.org/W1972134340
https://openalex.org/W1974141578
https://openalex.org/W2009418576
https://openalex.org/W2063717932
https://openalex.org/W2074447421
https://openalex.org/W2755858907
https://openalex.org/W2950069776
https://openalex.org/W1062800190
https://openalex.org/W1967783898
https://openalex.org/W1980443372
https://openalex.org/W2152191103
https://openalex.org/W2227492337
https://openalex.org/W2283648003
https://openalex.org/W2417052982
https://openalex.org/W2726639772
https://openalex.org/W2772633502
https://openalex.org/W2784842179
https://openalex.org/W2795280912
https://openalex.org/W2896221133
https://openalex.org/W1527135244
https://openalex.org/W1983026664
https://openalex.org/W2599293614
https://openalex.org/W2362721637
https://openalex.org/W2423017743
https://openalex.org/W2426103265
https://openalex.org/W2460389594
https://openalex.org/W2800087231
https://openalex.org/W2885718364
https://openalex.org/W2898572216
https://openalex.org/W2916464263
https://openalex.org/W2962613195
https://openalex.org/W2900004155
https://openalex.org/W3044297349
https://openalex.org/W3106792472
https://openalex.org/W3011494154
https://openalex.org/W3015560606
https://openalex.org/W3016188132
https://openalex.org/W3041206148
https://openalex.org/W4225727368
https://openalex.org/W2971592116
https://openalex.org/W3013839954
https://openalex.org/W3024606427
https://openalex.org/W3090429473
https://openalex.org/W3094000960
https://openalex.org/W3127726409
https://openalex.org/W3133716063
https://openalex.org/W3147065452
https://openalex.org/W3199214981
https://openalex.org/W3126240048
https://openalex.org/W3135027951
https://openalex.org/W3136349026
https://openalex.org/W3139307320
https://openalex.org/W3144270981
https://openalex.org/W3176702526
https://openalex.org/W4200034262
https://openalex.org/W4205939716
https://openalex.org/W4220774597
https://openalex.org/W4220826283
https://openalex.org/W4220847032
https://openalex.org/W4223426434
https://openalex.org/W4224224249
https://openalex.org/W4224326839
https://openalex.org/W4225422108
https://openalex.org/W4280624017
https://openalex.org/W4283033638
https://openalex.org/W4309614219
https://openalex.org/W4312426327
https://openalex.org/W4387189886
https://openalex.org/W4388478933
https://openalex.org/W4388792741
https://openalex.org/W4389097382
https://openalex.org/W4389612821
https://openalex.org/W4389753019
https://openalex.org/W4390497569
https://openalex.org/W4390503265
https://openalex.org/W4390538113
https://openalex.org/W4390543012
https://openalex.org/W4390603606
https://openalex.org/W4390639608
https://openalex.org/W4390639858
https://openalex.org/W4390700128
https://openalex.org/W4390700181
https://openalex.org/W4390827380
https://openalex.org/W4391188481
https://openalex.org/W4391218728
https://openalex.org/W4391232112
https://openalex.org/W4391238469
https://openalex.org/W4391263877
https://openalex.org/W4391360259
https://openalex.org/W4391365162
https://openalex.org/W4391388622
https://openalex.org/W4391395206
https://openalex.org/W4391476233
https://openalex.org/W4391482779
https://openalex.org/W4391577792
https://openalex.org/W4391577926
https://openalex.org/W4391578064
https://openalex.org/W4391581574
https://openalex.org/W4391598028
https://openalex.org/W4391598158
https://openalex.org/W4391619911
https://openalex.org/W4391697137
https://openalex.org/W4391947750
https://openalex.org/W4392046845
https://openalex.org/W4392093992
https://openalex.org/W4392154155
https://openalex.org/W4392156573
https://openalex.org/W4392185735
https://openalex.org/W4392232065
https://openalex.org/W4392245145
https://openalex.org/W4392300994
https://openalex.org/W4392361019
https://openalex.org/W4392361398
https://openalex.org/W4392459935
https://openalex.org/W4392465001
https://openalex.org/W4392621819
https://openalex.org/W4392659376
https://openalex.org/W4392843082
https://openalex.org/W4392849890
https://openalex.org/W4392885120
https://openalex.org/W4392923226
https://openalex.org/W4392948967
https://openalex.org/W4392965549
https://openalex.org/W4393068706
https://openalex.org/W4393078812
https://openalex.org/W4393139436
https://openalex.org/W4393184946
https://openalex.org/W4393230490
https://openalex.org/W4393250623
https://openalex.org/W4393385843
https://openalex.org/W4393446059
https://openalex.org/W4393814070
https://openalex.org/W4393899738
https://openalex.org/W4393984219
https://openalex.org/W4394008820
https://openalex.org/W4394016338
https://openalex.org/W4394573954
https://openalex.org/W4394601792
https://openalex.org/W4394604022
https://openalex.org/W4394742190
https://openalex.org/W4394816500
https://openalex.org/W4394858643
https://openalex.org/W4394869587
https://openalex.org/W4394963767
https://openalex.org/W4395009358
https://openalex.org/W4395013855
https://openalex.org/W4395453403
https://openalex.org/W4396517951
https://openalex.org/W4396532287
https://openalex.org/W4396545558
https://openalex.org/W4396651533
https://openalex.org/W4396651647
https://openalex.org/W4396652116
https://openalex.org/W2071881710
https://openalex.org/W2083657176
https://openalex.org/W2090155049
https://openalex.org/W2329105219
https://openalex.org/W2080634535
https://openalex.org/W2125187809
https://openalex.org/W1975424108
https://openalex.org/W2120589942
https://openalex.org/W1998233368
https://openalex.org/W1983810894
https://openalex.org/W2042228519
https://openalex.org/W2089585082
https://openalex.org/W2113546504
https://openalex.org/W2226018796
https://openalex.org/W1978472569
https://openalex.org/W1986935258
https://openalex.org/W2006483084
https://openalex.org/W2074176483
https://openalex.org/W1992960119
https://openalex.org/W2168688666
https://openalex.org/W2170852434
https://openalex.org/W4252241623
https://openalex.org/W2053474597
https://openalex.org/W2007035557
https://openalex.org/W2010698605
https://openalex.org/W2070159081
https://openalex.org/W2025401255
https://openalex.org/W2040623466
https://openalex.org/W2041883785
https://openalex.org/W2129429289
https://openalex.org/W2081991816
https://openalex.org/W1994056363
https://openalex.org/W1979266610
https://openalex.org/W2149064616
https://openalex.org/W2033572092
https://openalex.org/W2050076989
https://openalex.org/W2171819381
https://openalex.org/W2189012162
https://openalex.org/W2316234701
https://openalex.org/W1979687498
https://openalex.org/W2002571725
https://openalex.org/W2071819927
https://openalex.org/W2078814084
https://openalex.org/W2089808029
https://openalex.org/W2117296003
https://openalex.org/W2154413403
https://openalex.org/W2162687757
https://openalex.org/W4251044073
https://openalex.org/W1994954891
https://openalex.org/W2009750665
https://openalex.org/W2079430994
https://openalex.org/W2104227859
https://openalex.org/W2151610400
https://openalex.org/W2122102365
https://openalex.org/W2136054396
https://openalex.org/W2164676854
https://openalex.org/W2886700251
https://openalex.org/W2887419562
https://openalex.org/W2004915808
https://openalex.org/W2056046858
https://openalex.org/W2283770653
https://openalex.org/W2460931454
https://openalex.org/W2470392027
https://openalex.org/W2588456760
https://openalex.org/W2765843528
https://openalex.org/W2783437917
https://openalex.org/W2792592222
https://openalex.org/W2907902854
https://openalex.org/W2948686041
https://openalex.org/W858044542
https://openalex.org/W2509428713
https://openalex.org/W2555759135
https://openalex.org/W2910127832
https://openalex.org/W2934009565
https://openalex.org/W2962681858
https://openalex.org/W2989767591
https://openalex.org/W2947524667
https://openalex.org/W2955816689
https://openalex.org/W2997581162
https://openalex.org/W3036173019
https://openalex.org/W3043764173
https://openalex.org/W2980645067
https://openalex.org/W3170319748
https://openalex.org/W3186512332
https://openalex.org/W4200104427
https://openalex.org/W4200321857
https://openalex.org/W4311635478
https://openalex.org/W4312030483
https://openalex.org/W4317940592
https://openalex.org/W4317951593
https://openalex.org/W4318483925
https://openalex.org/W4320498877
https://openalex.org/W4322008748
https://openalex.org/W4323567215
https://openalex.org/W4327795393
https://openalex.org/W4352999449
https://openalex.org/W4361216797
https://openalex.org/W4362699735
https://openalex.org/W4362703219
https://openalex.org/W4362704242
https://openalex.org/W4365146752
https://openalex.org/W4366776532
https://openalex.org/W4367857144
https://openalex.org/W4368359960
https://openalex.org/W4377081394
https://openalex.org/W4378832455
https://openalex.org/W4380423214
https://openalex.org/W4381333121
https://openalex.org/W4385969588
https://openalex.org/W4386256066
https://openalex.org/W4386267871
https://openalex.org/W4387762994
https://openalex.org/W4389192929
https://openalex.org/W4389673134
https://openalex.org/W2165590508
https://openalex.org/W2072465942
https://openalex.org/W2148352924
https://openalex.org/W2335148105
https://openalex.org/W2038378662
https://openalex.org/W2355746918
https://openalex.org/W2075630414
https://openalex.org/W2125036495
https://openalex.org/W2140751974
https://openalex.org/W1974948224
https://openalex.org/W1999715033
https://openalex.org/W2044412184
https://openalex.org/W1968962823
https://openalex.org/W2060888547
https://openalex.org/W2107000361
https://openalex.org/W2079512912
https://openalex.org/W2100079696
https://openalex.org/W2120138238
https://openalex.org/W2177596393
https://openalex.org/W2061774122
https://openalex.org/W2076533444
https://openalex.org/W1569028465
https://openalex.org/W2011538274
https://openalex.org/W119011441
https://openalex.org/W1483647252
https://openalex.org/W2055394121
https://openalex.org/W2080657325
https://openalex.org/W2015584996
https://openalex.org/W2111506338
https://openalex.org/W2000041117
https://openalex.org/W2011576174
https://openalex.org/W2076583139
https://openalex.org/W2094172422
https://openalex.org/W2992782709
https://openalex.org/W4301140086
https://openalex.org/W1982664385
https://openalex.org/W2044332798
https://openalex.org/W2069448888
https://openalex.org/W1994259431
https://openalex.org/W2009529120
https://openalex.org/W2020348658
https://openalex.org/W2011730162
https://openalex.org/W2069973392
https://openalex.org/W2169946959
https://openalex.org/W1963674579
https://openalex.org/W2012522100
https://openalex.org/W2367873956
https://openalex.org/W2090945451
https://openalex.org/W2100644489
https://openalex.org/W4206426750
https://openalex.org/W1982740710
https://openalex.org/W2080560632
https://openalex.org/W2315327563
https://openalex.org/W2017254852
https://openalex.org/W2050024008
https://openalex.org/W2164111029
https://openalex.org/W2528175154
https://openalex.org/W2545046891
https://openalex.org/W2556140266
https://openalex.org/W2556543956
https://openalex.org/W2794702512
https://openalex.org/W2908805410
https://openalex.org/W849040031
https://openalex.org/W1990045928
https://openalex.org/W2092360006
https://openalex.org/W2157479612
https://openalex.org/W2262688048
https://openalex.org/W2515216667
https://openalex.org/W2565437179
https://openalex.org/W2799259735
https://openalex.org/W2905240625
https://openalex.org/W3023863403
https://openalex.org/W2267029006
https://openalex.org/W2474739126
https://openalex.org/W2552903439
https://openalex.org/W2975989900
https://openalex.org/W1968004876
https://openalex.org/W2996268024
https://openalex.org/W3016083633
https://openalex.org/W3018520632
https://openalex.org/W3087956368
https://openalex.org/W2999683817
https://openalex.org/W3033289689
https://openalex.org/W3035196718
https://openalex.org/W3042008188
https://openalex.org/W3067077816
https://openalex.org/W3083641448
https://openalex.org/W3092685443
https://openalex.org/W3096361672
https://openalex.org/W3164078851
https://openalex.org/W4205837360
https://openalex.org/W4200458294
https://openalex.org/W4220715345
https://openalex.org/W4221048506
https://openalex.org/W4284899901
https://openalex.org/W4292458116
https://openalex.org/W2278094260
https://openalex.org/W1560446659
https://openalex.org/W1857964805
https://openalex.org/W2046783221
https://openalex.org/W2473773894
https://openalex.org/W55817151
https://openalex.org/W1990187755
https://openalex.org/W2086517545
https://openalex.org/W2126580792
https://openalex.org/W2127003607
https://openalex.org/W2083356694
https://openalex.org/W1988589673
https://openalex.org/W2010267644
https://openalex.org/W2076463525
https://openalex.org/W2216362924
https://openalex.org/W68491267
https://openalex.org/W1968646463
https://openalex.org/W2046793745
https://openalex.org/W2084816622
https://openalex.org/W2111108049
https://openalex.org/W1978050745
https://openalex.org/W2035021378
https://openalex.org/W2046678052
https://openalex.org/W1916307594
https://openalex.org/W2020473013
https://openalex.org/W2084285643
https://openalex.org/W2153307160
https://openalex.org/W2952450749
https://openalex.org/W1967485151
https://openalex.org/W1980699653
https://openalex.org/W2042037507
https://openalex.org/W2091955462
https://openalex.org/W2011447737
https://openalex.org/W2029311950
https://openalex.org/W2087236174
https://openalex.org/W1964009311
https://openalex.org/W2295516246
https://openalex.org/W2320575089
https://openalex.org/W2043657276
https://openalex.org/W2101465858
https://openalex.org/W2141293375
https://openalex.org/W2161857749
https://openalex.org/W2774408897
https://openalex.org/W2896273028
https://openalex.org/W2904993114
https://openalex.org/W2151130787
https://openalex.org/W2534359728
https://openalex.org/W2735636295
https://openalex.org/W2794087221
https://openalex.org/W2804359916
https://openalex.org/W2810506539
https://openalex.org/W2946113182
https://openalex.org/W2947324234
https://openalex.org/W2295805579
https://openalex.org/W2317682010
https://openalex.org/W2339291534
https://openalex.org/W2489373475
https://openalex.org/W2523060449
https://openalex.org/W2904652202
https://openalex.org/W2909816183
https://openalex.org/W2912454755
https://openalex.org/W2912490271
https://openalex.org/W2945323683
https://openalex.org/W2947598064
https://openalex.org/W2995464565
https://openalex.org/W3043988365
https://openalex.org/W3044782256
https://openalex.org/W3046090230
https://openalex.org/W3088260985
https://openalex.org/W3095794257
https://openalex.org/W3118189121
https://openalex.org/W3124485272
https://openalex.org/W3136194140
https://openalex.org/W3156224998
https://openalex.org/W3165910711
https://openalex.org/W3165945009
https://openalex.org/W3205972730
https://openalex.org/W3206602682
https://openalex.org/W2074214761
https://openalex.org/W3216636914
https://openalex.org/W4200412331
https://openalex.org/W4206822756
https://openalex.org/W4214480918
https://openalex.org/W4220830347
https://openalex.org/W4221109634
https://openalex.org/W4229063454
https://openalex.org/W4285010519
https://openalex.org/W4291018709
https://openalex.org/W4293098166
https://openalex.org/W4294123216
https://openalex.org/W4307717109
https://openalex.org/W4307775631
https://openalex.org/W4308179249
https://openalex.org/W4310052578
https://openalex.org/W4310107798
https://openalex.org/W1968065326
https://openalex.org/W1984659761
https://openalex.org/W2088113311
https://openalex.org/W2322329123
https://openalex.org/W1995658925
https://openalex.org/W2093995618
https://openalex.org/W91945548
https://openalex.org/W2165707656
https://openalex.org/W1987594074
https://openalex.org/W2002373698
https://openalex.org/W2014310809
https://openalex.org/W2042142238
https://openalex.org/W2160362541
https://openalex.org/W2243661069
https://openalex.org/W52379153
https://openalex.org/W2020233252
https://openalex.org/W1988746289
https://openalex.org/W2013200880
https://openalex.org/W2028052334
https://openalex.org/W2040525013
https://openalex.org/W2145986910
https://openalex.org/W2154142722
https://openalex.org/W1741223541
https://openalex.org/W2010922850
https://openalex.org/W2079955731
https://openalex.org/W2139775281
https://openalex.org/W1986784802
https://openalex.org/W2080378745
https://openalex.org/W2335048747
https://openalex.org/W1900297361
https://openalex.org/W1968498374
https://openalex.org/W1979379513
https://openalex.org/W1996705235
https://openalex.org/W2087642717
https://openalex.org/W2180512916
https://openalex.org/W2307129937
https://openalex.org/W2317061942
https://openalex.org/W2321443636
https://openalex.org/W2328060731
https://openalex.org/W2790198483
https://openalex.org/W2804542270
https://openalex.org/W2805292435
https://openalex.org/W2888022036
https://openalex.org/W3025612471
https://openalex.org/W1802054496
https://openalex.org/W2000581355
https://openalex.org/W2013236381
https://openalex.org/W2315290715
https://openalex.org/W2325577936
https://openalex.org/W2328783714
https://openalex.org/W2502496344
https://openalex.org/W2515397288
https://openalex.org/W2587174569
https://openalex.org/W2783256134
https://openalex.org/W2790600321
https://openalex.org/W2791851683
https://openalex.org/W2888307716
https://openalex.org/W2232168893
https://openalex.org/W2305361888
https://openalex.org/W2341895921
https://openalex.org/W2410125970
https://openalex.org/W3007750525
https://openalex.org/W3014136634
https://openalex.org/W3083765497
https://openalex.org/W3086709664
https://openalex.org/W3006417172
https://openalex.org/W3091691140
https://openalex.org/W3114318112
https://openalex.org/W3095655536
https://openalex.org/W3124172215
https://openalex.org/W3130800801
https://openalex.org/W3197035592
https://openalex.org/W133157175
https://openalex.org/W1755361914
https://openalex.org/W1978543837
https://openalex.org/W2082614013
https://openalex.org/W1965217644
https://openalex.org/W1971189044
https://openalex.org/W1986104844
https://openalex.org/W2060458404
https://openalex.org/W2088818198
https://openalex.org/W1703476009
https://openalex.org/W2165776351
https://openalex.org/W1999751579
https://openalex.org/W2011434536
https://openalex.org/W1968285594
https://openalex.org/W2010074434
https://openalex.org/W2041161178
https://openalex.org/W2063709162
https://openalex.org/W1983065772
https://openalex.org/W1993472110
https://openalex.org/W54487843
https://openalex.org/W2035487689
https://openalex.org/W2011261807
https://openalex.org/W2044127335
https://openalex.org/W2082636874
https://openalex.org/W2006745836
https://openalex.org/W2022592033
https://openalex.org/W2037407678
https://openalex.org/W2075178312
https://openalex.org/W2107630184
https://openalex.org/W1845471273
https://openalex.org/W1975706149
https://openalex.org/W2006497119
https://openalex.org/W2035411066
https://openalex.org/W2110551653
https://openalex.org/W2111781373
https://openalex.org/W2004091097
https://openalex.org/W2006269932
https://openalex.org/W2072694211
https://openalex.org/W1972542510
https://openalex.org/W1980974023
https://openalex.org/W2000723927
https://openalex.org/W2001384486
https://openalex.org/W2082925966
https://openalex.org/W2142035320
https://openalex.org/W2415903478
https://openalex.org/W2732002549
https://openalex.org/W2800288272
https://openalex.org/W2805779633
https://openalex.org/W2809157531
https://openalex.org/W2858803194
https://openalex.org/W2885570060
https://openalex.org/W2885743297
https://openalex.org/W2886679917
https://openalex.org/W2892549804
https://openalex.org/W2897027473
https://openalex.org/W2903655880
https://openalex.org/W2905295990
https://openalex.org/W2916584285
https://openalex.org/W2932544834
https://openalex.org/W2939304453
https://openalex.org/W2966191303
https://openalex.org/W2980121369
https://openalex.org/W2994954025
https://openalex.org/W1485088054
https://openalex.org/W1674445580
https://openalex.org/W2013995651
https://openalex.org/W2094559043
https://openalex.org/W2182377747
https://openalex.org/W2322406214
https://openalex.org/W2410346076
https://openalex.org/W2480620078
https://openalex.org/W2528215429
https://openalex.org/W2765286077
https://openalex.org/W2913448440
https://openalex.org/W2414064522
https://openalex.org/W3020257772
https://openalex.org/W3037164526
https://openalex.org/W3037454767
https://openalex.org/W3041975060
https://openalex.org/W3088642101
https://openalex.org/W3118604426
https://openalex.org/W3155736070
https://openalex.org/W3159952803
https://openalex.org/W3183622498
https://openalex.org/W3217019998
https://openalex.org/W4214479643
https://openalex.org/W4214839563
https://openalex.org/W4214903153
https://openalex.org/W4221019690
https://openalex.org/W4280494040
https://openalex.org/W4283710926
https://openalex.org/W4285078474
https://openalex.org/W4286449165
https://openalex.org/W4289534002
https://openalex.org/W4290771533
https://openalex.org/W4292845832
https://openalex.org/W4295512910
https://openalex.org/W4307680820
https://openalex.org/W4308150904
https://openalex.org/W4296128854
https://openalex.org/W4311693960
https://openalex.org/W4313477997
https://openalex.org/W4318478487
https://openalex.org/W4321241810
https://openalex.org/W4321437874
https://openalex.org/W4322213564
https://openalex.org/W4322502646
https://openalex.org/W4366679241
https://openalex.org/W4366782897
https://openalex.org/W4376226140
https://openalex.org/W4378745818
https://openalex.org/W4379058549
https://openalex.org/W4379615704
https://openalex.org/W4380304576
https://openalex.org/W4381435135
https://openalex.org/W4382202730
https://openalex.org/W4385728886
https://openalex.org/W4386221933
https://openalex.org/W4386494160
https://openalex.org/W4386964868
https://openalex.org/W4387645265
https://openalex.org/W4389028809
https://openalex.org/W2166949432
https://openalex.org/W1788996589
https://openalex.org/W1994436500
https://openalex.org/W2079400831
https://openalex.org/W2586506530
https://openalex.org/W1967652226
https://openalex.org/W2017580888
https://openalex.org/W2071476347
https://openalex.org/W2000846478
https://openalex.org/W4302034628
https://openalex.org/W2049961425
https://openalex.org/W2035375987
https://openalex.org/W2060120946
https://openalex.org/W2091999626
https://openalex.org/W2569281637
https://openalex.org/W1979215557
https://openalex.org/W1979364454
https://openalex.org/W2055677699
https://openalex.org/W2068855763
https://openalex.org/W1490296864
https://openalex.org/W1995429194
https://openalex.org/W2048816599
https://openalex.org/W2092370020
https://openalex.org/W2022992751
https://openalex.org/W2046539257
https://openalex.org/W1547644631
https://openalex.org/W2004636754
https://openalex.org/W2084152321
https://openalex.org/W200011535
https://openalex.org/W1989309145
https://openalex.org/W2060328331
https://openalex.org/W2065979134
https://openalex.org/W2070111983
https://openalex.org/W2567654293
https://openalex.org/W2583066612
https://openalex.org/W2766228996
https://openalex.org/W2795107790
https://openalex.org/W2805897740
https://openalex.org/W1219535998
https://openalex.org/W1481175257
https://openalex.org/W1547704422
https://openalex.org/W2056429043
https://openalex.org/W2338329959
https://openalex.org/W2417481946
https://openalex.org/W2443146972
https://openalex.org/W2579558569
https://openalex.org/W2775698349
https://openalex.org/W2917277267
https://openalex.org/W2958275159
https://openalex.org/W2981413811
https://openalex.org/W2001949989
https://openalex.org/W2047820581
https://openalex.org/W2079045454
https://openalex.org/W2087829785
https://openalex.org/W2023531697
https://openalex.org/W2081495549
https://openalex.org/W2084397179
https://openalex.org/W2128680582
https://openalex.org/W2416353481
https://openalex.org/W574887962
https://openalex.org/W2060181822
https://openalex.org/W1978411769
https://openalex.org/W2323970592
https://openalex.org/W2093798029
https://openalex.org/W2134344909
https://openalex.org/W2136998269
https://openalex.org/W73766550
https://openalex.org/W1555219115
https://openalex.org/W2090390240
https://openalex.org/W1974805063
https://openalex.org/W1991760992
https://openalex.org/W2006329092
https://openalex.org/W2129223391
https://openalex.org/W2012785727
https://openalex.org/W1123533833
https://openalex.org/W1997155387
https://openalex.org/W2045087425
https://openalex.org/W2164447433
https://openalex.org/W1974783414
https://openalex.org/W2068489378
https://openalex.org/W1972099027
https://openalex.org/W2004047017
https://openalex.org/W2017122099
https://openalex.org/W2017171415
https://openalex.org/W2023165348
https://openalex.org/W2087167792
https://openalex.org/W2171320239
https://openalex.org/W2805943411
https://openalex.org/W2912877565
https://openalex.org/W4253599359
https://openalex.org/W1488627510
https://openalex.org/W1896912224
https://openalex.org/W1902351747
https://openalex.org/W2071871516
https://openalex.org/W2120804228
https://openalex.org/W2563726270
https://openalex.org/W2735448903
https://openalex.org/W2908822601
https://openalex.org/W2962905155
https://openalex.org/W2995973864
https://openalex.org/W3004068151
https://openalex.org/W3011522549
https://openalex.org/W3017115152
https://openalex.org/W3041620355
https://openalex.org/W4256202677
https://openalex.org/W3048072825
https://openalex.org/W3117349553
https://openalex.org/W3118539068
https://openalex.org/W3170155723
https://openalex.org/W3176518481
https://openalex.org/W3178116801
https://openalex.org/W3180425709
https://openalex.org/W3196343499
https://openalex.org/W3198671945
https://openalex.org/W3203128213
https://openalex.org/W3214642797
https://openalex.org/W3215768872
https://openalex.org/W4255217901
https://openalex.org/W158562309
https://openalex.org/W1984111050
https://openalex.org/W1995106770
https://openalex.org/W1551505605
https://openalex.org/W2012505008
https://openalex.org/W2135908286
https://openalex.org/W2157599953
https://openalex.org/W2249474327
https://openalex.org/W126085645
https://openalex.org/W1965256979
https://openalex.org/W2041205484
https://openalex.org/W2431492658
https://openalex.org/W1978023066
https://openalex.org/W2018270345
https://openalex.org/W2026501288
https://openalex.org/W2032996539
https://openalex.org/W2409124006
https://openalex.org/W2075238267
https://openalex.org/W2090001302
https://openalex.org/W1982525533
https://openalex.org/W2017414527
https://openalex.org/W887839032
https://openalex.org/W1510692993
https://openalex.org/W2030287041
https://openalex.org/W2208268412
https://openalex.org/W2052306661
https://openalex.org/W2586556162
https://openalex.org/W1539599996
https://openalex.org/W2016051396
https://openalex.org/W2028185920
https://openalex.org/W2053891401
https://openalex.org/W2160542405
https://openalex.org/W4239798408
https://openalex.org/W135449354
https://openalex.org/W1987692567
https://openalex.org/W1994744582
https://openalex.org/W1995984283
https://openalex.org/W2088538647
https://openalex.org/W2123329404
https://openalex.org/W2167604348
https://openalex.org/W2399109451
https://openalex.org/W2802940566
https://openalex.org/W2803899788
https://openalex.org/W2806302551
https://openalex.org/W123712918
https://openalex.org/W1679650282
https://openalex.org/W1985619231
https://openalex.org/W2044409862
https://openalex.org/W2086167883
https://openalex.org/W2148505214
https://openalex.org/W2158923219
https://openalex.org/W2160900742
https://openalex.org/W2170042360
https://openalex.org/W2191676055
https://openalex.org/W2330849401
https://openalex.org/W2475089777
https://openalex.org/W2638761751
https://openalex.org/W2753355913
https://openalex.org/W2914354329
https://openalex.org/W2915777770
https://openalex.org/W2960409920
https://openalex.org/W2964685538
https://openalex.org/W2965473169
https://openalex.org/W2966806078
https://openalex.org/W2976466812
https://openalex.org/W2996609515
https://openalex.org/W3012184279
https://openalex.org/W3016060785
https://openalex.org/W3019973035
https://openalex.org/W3025769153
https://openalex.org/W3036254970
https://openalex.org/W3037912442
https://openalex.org/W3042696673
https://openalex.org/W3109449177
https://openalex.org/W4236929637
https://openalex.org/W3120433863
https://openalex.org/W3128548086
https://openalex.org/W3155548929
https://openalex.org/W3175785182
https://openalex.org/W3184951983
https://openalex.org/W3208536355
https://openalex.org/W4210346101
https://openalex.org/W4213096169
https://openalex.org/W4220683168
https://openalex.org/W4220704977
https://openalex.org/W4224072302
https://openalex.org/W4225765054
https://openalex.org/W4281698309
https://openalex.org/W4284695008
https://openalex.org/W4285200345
https://openalex.org/W4286111055
https://openalex.org/W4288040793
https://openalex.org/W4291329415
https://openalex.org/W4293220961
https://openalex.org/W4303438165
https://openalex.org/W4307711607
https://openalex.org/W4311702718
https://openalex.org/W4313260383
https://openalex.org/W4321511639
https://openalex.org/W1974846617
https://openalex.org/W2063885073
https://openalex.org/W2115868798
https://openalex.org/W2007019945
https://openalex.org/W2076544748
https://openalex.org/W173867456
https://openalex.org/W1957470022
https://openalex.org/W2005564277
https://openalex.org/W2022749252
https://openalex.org/W2416219459
https://openalex.org/W1964626160
https://openalex.org/W2000783678
https://openalex.org/W2003653142
https://openalex.org/W2012917619
https://openalex.org/W2020546345
https://openalex.org/W2039963987
https://openalex.org/W1965411530
https://openalex.org/W1995050018
https://openalex.org/W2004967506
https://openalex.org/W2103255710
https://openalex.org/W2019052231
https://openalex.org/W2326930656
https://openalex.org/W181983657
https://openalex.org/W1990618639
https://openalex.org/W2060946975
https://openalex.org/W1997459315
https://openalex.org/W2021286677
https://openalex.org/W2112521086
https://openalex.org/W2437046131
https://openalex.org/W2886257657
https://openalex.org/W1511890986
https://openalex.org/W1559360333
https://openalex.org/W1591764760
https://openalex.org/W1820588035
https://openalex.org/W1973980092
https://openalex.org/W2015436059
https://openalex.org/W2096744621
https://openalex.org/W2110446866
https://openalex.org/W2123827484
https://openalex.org/W2135029781
https://openalex.org/W2175708482
https://openalex.org/W2179186814
https://openalex.org/W2329039494
https://openalex.org/W2331181915
https://openalex.org/W2467307871
https://openalex.org/W2553669033
https://openalex.org/W2571290631
https://openalex.org/W2751476518
https://openalex.org/W2760310980
https://openalex.org/W2783025743
https://openalex.org/W3026169178
https://openalex.org/W3029252187
https://openalex.org/W3045245020
https://openalex.org/W3080439654
https://openalex.org/W3106453052
https://openalex.org/W2014119332
https://openalex.org/W2015494282
https://openalex.org/W2549349045
https://openalex.org/W2017758461
https://openalex.org/W2079579008
https://openalex.org/W2083437660
https://openalex.org/W2063142219
https://openalex.org/W1989647351
https://openalex.org/W2063209989
https://openalex.org/W2404482133
https://openalex.org/W1972614433
https://openalex.org/W1999916880
https://openalex.org/W2009040491
https://openalex.org/W2051074955
https://openalex.org/W2079595749
https://openalex.org/W1971354581
https://openalex.org/W1979439982
https://openalex.org/W2000641624
https://openalex.org/W2412645726
https://openalex.org/W2593273089
https://openalex.org/W2734387515
https://openalex.org/W2759459686
https://openalex.org/W2782752191
https://openalex.org/W2883240565
https://openalex.org/W2905341416
https://openalex.org/W2980325747
https://openalex.org/W4394363070
https://openalex.org/W2071331060
https://openalex.org/W2218091064
https://openalex.org/W2237542678
https://openalex.org/W2421031319
https://openalex.org/W2423266853
https://openalex.org/W2519483370
https://openalex.org/W2520457855
https://openalex.org/W2521684777
https://openalex.org/W2553800278
https://openalex.org/W258261285
https://openalex.org/W3106848746
https://openalex.org/W3132212105
https://openalex.org/W3157136587
https://openalex.org/W3164385659
https://openalex.org/W3193516349
https://openalex.org/W3195110848
https://openalex.org/W3197830214
https://openalex.org/W3202384346
https://openalex.org/W3209289204
https://openalex.org/W3215911476
https://openalex.org/W3217684437
https://openalex.org/W2017875384
https://openalex.org/W2401301842
https://openalex.org/W2078913040
https://openalex.org/W1999668500
https://openalex.org/W2020519162
https://openalex.org/W2418266343
https://openalex.org/W4241815080
https://openalex.org/W2061175356
https://openalex.org/W2070370136
https://openalex.org/W1974848744
https://openalex.org/W1975405607
https://openalex.org/W2080360398
https://openalex.org/W2088473079
https://openalex.org/W2157004194
https://openalex.org/W10769057
https://openalex.org/W115021312
https://openalex.org/W1973464816
https://openalex.org/W1980828218
https://openalex.org/W2063681586
https://openalex.org/W100561508
https://openalex.org/W1976953928
https://openalex.org/W1982958150
https://openalex.org/W2004156816
https://openalex.org/W2019160894
https://openalex.org/W2060591865
https://openalex.org/W2087348201
https://openalex.org/W2094401418
https://openalex.org/W2153175607
https://openalex.org/W2323228403
https://openalex.org/W2326668291
https://openalex.org/W2331249707
https://openalex.org/W2735132795
https://openalex.org/W2783652962
https://openalex.org/W2802042729
https://openalex.org/W2809156456
https://openalex.org/W2890849113
https://openalex.org/W2906562175
https://openalex.org/W2920653160
https://openalex.org/W2921127904
https://openalex.org/W2980556513
https://openalex.org/W2994900241
https://openalex.org/W2996012833
https://openalex.org/W3021670442
https://openalex.org/W3042473149
https://openalex.org/W3045834693
https://openalex.org/W3084417763
https://openalex.org/W3093057320
https://openalex.org/W3094514564
https://openalex.org/W3107935666
https://openalex.org/W3108542251
https://openalex.org/W3109072335
https://openalex.org/W3113037296
https://openalex.org/W4250169869
https://openalex.org/W46820845
https://openalex.org/W1196171410
https://openalex.org/W1546024690
https://openalex.org/W179947361
https://openalex.org/W1975682171
https://openalex.org/W2410194753
https://openalex.org/W2411210975
https://openalex.org/W2460760441
https://openalex.org/W2466206094
https://openalex.org/W2474389745
https://openalex.org/W2518823129
https://openalex.org/W2548356246
https://openalex.org/W2560023939
https://openalex.org/W2596445459
https://openalex.org/W4247647928
https://openalex.org/W1987767462
https://openalex.org/W4210649000
https://openalex.org/W4220703387
https://openalex.org/W4225277453
https://openalex.org/W4225301679
https://openalex.org/W4226157472
https://openalex.org/W4281888092
https://openalex.org/W4282961126
https://openalex.org/W4282980212
https://openalex.org/W4283013755
https://openalex.org/W4285808946
https://openalex.org/W4294903801
https://openalex.org/W4303981469
https://openalex.org/W4307457702
https://openalex.org/W4307566350
https://openalex.org/W4307878875
https://openalex.org/W4310003279
https://openalex.org/W4310096014
https://openalex.org/W4311619525
https://openalex.org/W4311686136
https://openalex.org/W4311947636
https://openalex.org/W4311948842
https://openalex.org/W4312101250
https://openalex.org/W4312137327
https://openalex.org/W4312155899
https://openalex.org/W2146152798
https://openalex.org/W1994146972
https://openalex.org/W1998472461
https://openalex.org/W2000206948
https://openalex.org/W2038740222
https://openalex.org/W2079191376
https://openalex.org/W2083212363
https://openalex.org/W2009565355
https://openalex.org/W2167294074
https://openalex.org/W130849530
https://openalex.org/W147877985
https://openalex.org/W1994940211
https://openalex.org/W2128830280
https://openalex.org/W2140038575
https://openalex.org/W2135257183
https://openalex.org/W2315577540
https://openalex.org/W1968127517
https://openalex.org/W2048878331
https://openalex.org/W2106617513
https://openalex.org/W4230835507
https://openalex.org/W1986515210
https://openalex.org/W2039932063
https://openalex.org/W2051781143
https://openalex.org/W2060691586
https://openalex.org/W2332053977
https://openalex.org/W2344711836
https://openalex.org/W2394683838
https://openalex.org/W95434865
https://openalex.org/W1987503690
https://openalex.org/W2117520033
https://openalex.org/W2046390166
https://openalex.org/W2014159743
https://openalex.org/W2061151644
https://openalex.org/W2010906571
https://openalex.org/W2067724626
https://openalex.org/W2549572931
https://openalex.org/W2553456942
https://openalex.org/W3035869209
https://openalex.org/W2047107006
https://openalex.org/W2124234156
https://openalex.org/W2000720205
https://openalex.org/W2074795696
https://openalex.org/W2099108639
https://openalex.org/W2417431871
https://openalex.org/W2587515113
https://openalex.org/W2592911201
https://openalex.org/W2593021153
https://openalex.org/W2611185422
https://openalex.org/W2741957556
https://openalex.org/W2791249933
https://openalex.org/W2797970341
https://openalex.org/W2834242764
https://openalex.org/W2894214220
https://openalex.org/W2907141265
https://openalex.org/W2954765035
https://openalex.org/W2957976358
https://openalex.org/W2974357078
https://openalex.org/W2978153272
https://openalex.org/W3005102504
https://openalex.org/W3023143386
https://openalex.org/W3025448568
https://openalex.org/W3036243882
https://openalex.org/W3084425262
https://openalex.org/W3092481350
https://openalex.org/W3095504126
https://openalex.org/W3133581301
https://openalex.org/W3135212014
https://openalex.org/W3138201507
https://openalex.org/W3172796818
https://openalex.org/W3192248129
https://openalex.org/W3194404929
https://openalex.org/W3200040558
https://openalex.org/W3206268363
https://openalex.org/W3214311054
https://openalex.org/W3215747443
https://openalex.org/W3215938418
https://openalex.org/W3216552927
https://openalex.org/W4239039705
https://openalex.org/W2214120128
https://openalex.org/W2257036931
https://openalex.org/W2435115326
https://openalex.org/W2489967739
https://openalex.org/W2506638152
https://openalex.org/W2686022823
https://openalex.org/W4388273935
https://openalex.org/W103151154
https://openalex.org/W2034652612
https://openalex.org/W2054461954
https://openalex.org/W2083598033
https://openalex.org/W2087695330
https://openalex.org/W4321428470
https://openalex.org/W1967691419
https://openalex.org/W1986798847
https://openalex.org/W2113900691
https://openalex.org/W4299094788
https://openalex.org/W1536736863
https://openalex.org/W1965642589
https://openalex.org/W1970529862
https://openalex.org/W1989740258
https://openalex.org/W1992633139
https://openalex.org/W2022001341
https://openalex.org/W1172410998
https://openalex.org/W2048462922
https://openalex.org/W2387428365
https://openalex.org/W2553384650
https://openalex.org/W1994530959
https://openalex.org/W2028798186
https://openalex.org/W1543103946
https://openalex.org/W1841534470
https://openalex.org/W1997685625
https://openalex.org/W2001723370
https://openalex.org/W2016491327
https://openalex.org/W2027382496
https://openalex.org/W2048820671
https://openalex.org/W2065624971
https://openalex.org/W2068304800
https://openalex.org/W2108519255
https://openalex.org/W2235408790
https://openalex.org/W2308331745
https://openalex.org/W2314657560
https://openalex.org/W2347090139
https://openalex.org/W2370328572
https://openalex.org/W2479938257
https://openalex.org/W2549234217
https://openalex.org/W2590720970
https://openalex.org/W2743457598
https://openalex.org/W2980644984
https://openalex.org/W2981294154
https://openalex.org/W324294259
https://openalex.org/W956127058
https://openalex.org/W3173272213
https://openalex.org/W4313481617
https://openalex.org/W4316661422
https://openalex.org/W4318188453
https://openalex.org/W4318618054
https://openalex.org/W4318705677
https://openalex.org/W4319601512
https://openalex.org/W4319994197
https://openalex.org/W4320002815
https://openalex.org/W4320007823
https://openalex.org/W4320507728
https://openalex.org/W4321200845
https://openalex.org/W4321328661
https://openalex.org/W4323924693
https://openalex.org/W4324097566
https://openalex.org/W4324099126
https://openalex.org/W4328094579
https://openalex.org/W4360609336
https://openalex.org/W4360835220
https://openalex.org/W4360895535
https://openalex.org/W4361823288
https://openalex.org/W4361823727
https://openalex.org/W4361831597
https://openalex.org/W4361831629
https://openalex.org/W4361836286
https://openalex.org/W4361836319
https://openalex.org/W4361836356
https://openalex.org/W4361836411
https://openalex.org/W4361897254
https://openalex.org/W4361897270
https://openalex.org/W4361897310
https://openalex.org/W4361897387
https://openalex.org/W4361897514
https://openalex.org/W4361897531
https://openalex.org/W4361897536
https://openalex.org/W4361899314
https://openalex.org/W4361899530
https://openalex.org/W4361899961
https://openalex.org/W4361900801
https://openalex.org/W4361969094
https://openalex.org/W4362329932
https://openalex.org/W4362333584
https://openalex.org/W4362333602
https://openalex.org/W4362333615
https://openalex.org/W4362333616
https://openalex.org/W4362334102
https://openalex.org/W4362335700
https://openalex.org/W4362335737
https://openalex.org/W4362382277
https://openalex.org/W4362382308
https://openalex.org/W4362385222
https://openalex.org/W4362388057
https://openalex.org/W4362388081
https://openalex.org/W4362415871
https://openalex.org/W4362415886
https://openalex.org/W4362415978
https://openalex.org/W4362415993
https://openalex.org/W4362415998
https://openalex.org/W4362416062
https://openalex.org/W4362421641
https://openalex.org/W4362523104
https://openalex.org/W4362530332
https://openalex.org/W4362568305
https://openalex.org/W4362579483
https://openalex.org/W4362609483
https://openalex.org/W4362609488
https://openalex.org/W4362609527
https://openalex.org/W4362622121
https://openalex.org/W4362622212
https://openalex.org/W4362622230
https://openalex.org/W4362625801
https://openalex.org/W4365460750
https://openalex.org/W4365484951
https://openalex.org/W4365519039
https://openalex.org/W4366702331
https://openalex.org/W4366991646
https://openalex.org/W4366997476
https://openalex.org/W4367060660
https://openalex.org/W4367145557
https://openalex.org/W4367303693
https://openalex.org/W4367358362
https://openalex.org/W4367459687
https://openalex.org/W4367608162
https://openalex.org/W4367624417
https://openalex.org/W4372259980
https://openalex.org/W4375864294
https://openalex.org/W4376135297
https://openalex.org/W4376526914
https://openalex.org/W4376869142
https://openalex.org/W4376955830
https://openalex.org/W4377086787
https://openalex.org/W4378218546
https://openalex.org/W4378907543
https://openalex.org/W4379744185
https://openalex.org/W4379911861
https://openalex.org/W4380185989
https://openalex.org/W4380186454
https://openalex.org/W4380355735
https://openalex.org/W4380483530
https://openalex.org/W4381186546
https://openalex.org/W4381331620
https://openalex.org/W4381334809
https://openalex.org/W4381737027
https://openalex.org/W4381804600
https://openalex.org/W4382025090
https://openalex.org/W4382058251
https://openalex.org/W4382240032
https://openalex.org/W4382318689
https://openalex.org/W4382538863
https://openalex.org/W4382940567
https://openalex.org/W4383373017
https://openalex.org/W4383604833
https://openalex.org/W4383820863
https://openalex.org/W4383875357
https://openalex.org/W4384153413
https://openalex.org/W4384397888
https://openalex.org/W4384663069
https://openalex.org/W4385198464
https://openalex.org/W4385259312
https://openalex.org/W4385269698
https://openalex.org/W4385320809
https://openalex.org/W4385331576
https://openalex.org/W4385343431
https://openalex.org/W4385422218
https://openalex.org/W4385459711
https://openalex.org/W4385607190
https://openalex.org/W4385669405
https://openalex.org/W4385832292
https://openalex.org/W4385973253
https://openalex.org/W4385985265
https://openalex.org/W4386066817
https://openalex.org/W4386213607
https://openalex.org/W4386270497
https://openalex.org/W4386292963
https://openalex.org/W4386392570
https://openalex.org/W4386524161
https://openalex.org/W4386629855
https://openalex.org/W4386727855
https://openalex.org/W4386822119
https://openalex.org/W4386835354
https://openalex.org/W4386930002
https://openalex.org/W4387003868
https://openalex.org/W4387026187
https://openalex.org/W4387063457
https://openalex.org/W4387171241
https://openalex.org/W4387338203
https://openalex.org/W4387415428
https://openalex.org/W4387432882
https://openalex.org/W4387499864
https://openalex.org/W4387538738
https://openalex.org/W4387546871
https://openalex.org/W4387737905
https://openalex.org/W4387843481
https://openalex.org/W4387933910
https://openalex.org/W4387954440
https://openalex.org/W4387976086
https://openalex.org/W4387999521
https://openalex.org/W4387999542
https://openalex.org/W4387999606
https://openalex.org/W4387999639
https://openalex.org/W4387999689
https://openalex.org/W4387999713
https://openalex.org/W4387999780
https://openalex.org/W4388013528
https://openalex.org/W4388016536
https://openalex.org/W4388178782
https://openalex.org/W4388179135
https://openalex.org/W4388181055
https://openalex.org/W4388275273
https://openalex.org/W4388495238
https://openalex.org/W4388594595
https://openalex.org/W4388597026
https://openalex.org/W4388598428
https://openalex.org/W4388598970
https://openalex.org/W4388682431
https://openalex.org/W4388722826
https://openalex.org/W4388831615
https://openalex.org/W4388872608
https://openalex.org/W4389055238
https://openalex.org/W4389055726
https://openalex.org/W4389220209
https://openalex.org/W4389231566
https://openalex.org/W4389258305
https://openalex.org/W4389292398
https://openalex.org/W4389305490
https://openalex.org/W4389312520
https://openalex.org/W4389317139
https://openalex.org/W4389500779
https://openalex.org/W4389540617
https://openalex.org/W4389566212
https://openalex.org/W4389569775
https://openalex.org/W4389753198
https://openalex.org/W4389796554
https://openalex.org/W4389801434
https://openalex.org/W4390004771
https://openalex.org/W4390128518
https://openalex.org/W4390280399
https://openalex.org/W4390553190
https://openalex.org/W4390553917
https://openalex.org/W4390935947
https://openalex.org/W4391622660
https://openalex.org/W4391624167
https://openalex.org/W4392681400
https://openalex.org/W4392684077
https://openalex.org/W4392685534
https://openalex.org/W4392692877
https://openalex.org/W4392699907
https://openalex.org/W4392723279
https://openalex.org/W4392723525
https://openalex.org/W4393061124
https://openalex.org/W4394118330
https://openalex.org/W4394364618
https://openalex.org/W4394550576
https://openalex.org/W4394760776
https://openalex.org/W4396525308
https://openalex.org/W1982760252
https://openalex.org/W2414171147
https://openalex.org/W1973256883
https://openalex.org/W2072619934
https://openalex.org/W2157278775
https://openalex.org/W299904225
https://openalex.org/W1964492158
https://openalex.org/W2020861458
https://openalex.org/W2291286201
https://openalex.org/W4250362163
https://openalex.org/W2280320836
https://openalex.org/W2503091459
https://openalex.org/W2515531150
https://openalex.org/W2017983550
https://openalex.org/W1763027536
https://openalex.org/W1840732938
https://openalex.org/W1963625311
https://openalex.org/W2032871109
https://openalex.org/W2575303210
https://openalex.org/W2588735254
https://openalex.org/W2594111643
https://openalex.org/W2728612428
https://openalex.org/W2752457693
https://openalex.org/W2911440987
https://openalex.org/W2603133372
https://openalex.org/W1984590980
https://openalex.org/W2031791341
https://openalex.org/W2034115668
https://openalex.org/W2142722127
https://openalex.org/W2404047917
https://openalex.org/W3148178702
https://openalex.org/W4300108549
https://openalex.org/W2031867670
https://openalex.org/W2054687821
https://openalex.org/W2070362689
https://openalex.org/W1970202900
https://openalex.org/W2036887455
https://openalex.org/W2069819623
https://openalex.org/W2337465290
https://openalex.org/W2363235364
https://openalex.org/W2524172386
https://openalex.org/W2615411316
https://openalex.org/W2951245588
https://openalex.org/W4232623405
https://openalex.org/W1540207005
https://openalex.org/W1973017947
https://openalex.org/W2151134134
https://openalex.org/W2159681853
https://openalex.org/W2401305447
https://openalex.org/W2548468823
https://openalex.org/W2585403279
https://openalex.org/W2784569481
https://openalex.org/W2792697714
https://openalex.org/W2800931784
https://openalex.org/W2885503602
https://openalex.org/W2896034028
https://openalex.org/W2898373954
https://openalex.org/W2903987086
https://openalex.org/W2929630234
https://openalex.org/W2936314152
https://openalex.org/W2941995601
https://openalex.org/W2943045300
https://openalex.org/W2954576919
https://openalex.org/W2968922138
https://openalex.org/W2969229950
https://openalex.org/W2970826659
https://openalex.org/W2981130431
https://openalex.org/W2988113737
https://openalex.org/W2988863151
https://openalex.org/W2995096342
https://openalex.org/W2999107720
https://openalex.org/W3011707294
https://openalex.org/W3018036238
https://openalex.org/W3044296531
https://openalex.org/W3122549039
https://openalex.org/W3130597012
https://openalex.org/W3137421797
https://openalex.org/W3165183194
https://openalex.org/W3180894958
https://openalex.org/W3184823204
https://openalex.org/W3197797294
https://openalex.org/W3201208251
https://openalex.org/W3202803795
https://openalex.org/W3204435797
https://openalex.org/W3212493797
https://openalex.org/W3212891945
https://openalex.org/W4206225955
https://openalex.org/W4233338797
https://openalex.org/W4238903888
https://openalex.org/W4241342508
https://openalex.org/W4241983834
https://openalex.org/W4244648594
https://openalex.org/W4250508159
https://openalex.org/W4387690984
https://openalex.org/W2316707932
https://openalex.org/W2329492694
https://openalex.org/W2344760519
https://openalex.org/W2400102030
https://openalex.org/W2507583882
https://openalex.org/W2536991658
https://openalex.org/W2592651496
https://openalex.org/W2890906153
https://openalex.org/W4205983353
https://openalex.org/W4206617024
https://openalex.org/W4211066901
https://openalex.org/W4211118508
https://openalex.org/W4226025746
https://openalex.org/W4280542953
https://openalex.org/W4283723290
https://openalex.org/W4293192925
https://openalex.org/W4300477453
https://openalex.org/W4306653046
https://openalex.org/W4307778797
https://openalex.org/W4309214769
https://openalex.org/W4309693011
https://openalex.org/W4310699118
https://openalex.org/W4311518616
https://openalex.org/W4313331254
https://openalex.org/W2001511989
https://openalex.org/W1988927317
https://openalex.org/W2004374193
https://openalex.org/W2056125696
https://openalex.org/W2413333183
https://openalex.org/W2444375190
https://openalex.org/W44664271
https://openalex.org/W2021440333
https://openalex.org/W2416128793
https://openalex.org/W2029708809
https://openalex.org/W2431337885
https://openalex.org/W1963894446
https://openalex.org/W2039838709
https://openalex.org/W2382841526
https://openalex.org/W1553792227
https://openalex.org/W1953772765
https://openalex.org/W1973788486
https://openalex.org/W1986559472
https://openalex.org/W2081649220
https://openalex.org/W2117895783
https://openalex.org/W2121816075
https://openalex.org/W2138250151
https://openalex.org/W2201048846
https://openalex.org/W2269897337
https://openalex.org/W2294972805
https://openalex.org/W2327077386
https://openalex.org/W2333870764
https://openalex.org/W2337516571
https://openalex.org/W2397156703
https://openalex.org/W2494936849
https://openalex.org/W2807598330
https://openalex.org/W3028961387
https://openalex.org/W31690326
https://openalex.org/W3216521353
https://openalex.org/W4231553203
https://openalex.org/W4242480911
https://openalex.org/W4281555985
https://openalex.org/W4291512627
https://openalex.org/W4311792076
https://openalex.org/W4327644558
https://openalex.org/W4394232666
https://openalex.org/W54302492
https://openalex.org/W1968851102
https://openalex.org/W1997787414
https://openalex.org/W2019643468
https://openalex.org/W2003197232
https://openalex.org/W2056882156
https://openalex.org/W2066800816
https://openalex.org/W2070352535
https://openalex.org/W4236298559
https://openalex.org/W1565531449
https://openalex.org/W1972074165
https://openalex.org/W2016984756
https://openalex.org/W2026667227
https://openalex.org/W2070181111
https://openalex.org/W2370880749
https://openalex.org/W2597404181
https://openalex.org/W3012928714
https://openalex.org/W1972410767
https://openalex.org/W2004953476
https://openalex.org/W2029691606
https://openalex.org/W2032008194
https://openalex.org/W2054125696
https://openalex.org/W2569062101
https://openalex.org/W2570871450
https://openalex.org/W2571339430
https://openalex.org/W2612752177
https://openalex.org/W2615761321
https://openalex.org/W2617690047
https://openalex.org/W2625555059
https://openalex.org/W2742553301
https://openalex.org/W2743672673
https://openalex.org/W2745203115
https://openalex.org/W2752103284
https://openalex.org/W2755821583
https://openalex.org/W2763120895
https://openalex.org/W2962806256
https://openalex.org/W2979974108
https://openalex.org/W362329037
https://openalex.org/W4291462978
https://openalex.org/W4389022475
https://openalex.org/W127829183
https://openalex.org/W2048400610
https://openalex.org/W2053793011
https://openalex.org/W2060424687
https://openalex.org/W2167651215
https://openalex.org/W1979390699
https://openalex.org/W2014912273
https://openalex.org/W2053788737
https://openalex.org/W2394693631
https://openalex.org/W1974265555
https://openalex.org/W1980118629
https://openalex.org/W2095656218
https://openalex.org/W2096034135
https://openalex.org/W2167752501
https://openalex.org/W2500295103
https://openalex.org/W2548198175
https://openalex.org/W2586681626
https://openalex.org/W2788593150
https://openalex.org/W2794029381
https://openalex.org/W2800922944
https://openalex.org/W2801821056
https://openalex.org/W2889015146
https://openalex.org/W2889935602
https://openalex.org/W2890374516
https://openalex.org/W2904835377
https://openalex.org/W2913858282
https://openalex.org/W2919355753
https://openalex.org/W2949468558
https://openalex.org/W2987664017
https://openalex.org/W4206472071
https://openalex.org/W4232105552
https://openalex.org/W4233443963
https://openalex.org/W4247557691
https://openalex.org/W4249771107
https://openalex.org/W4251176469
https://openalex.org/W4252725384
https://openalex.org/W1964399173
https://openalex.org/W1991456272
https://openalex.org/W106693274
https://openalex.org/W1978479273
https://openalex.org/W2011713232
https://openalex.org/W2422063697
https://openalex.org/W2915753349
https://openalex.org/W2920993541
https://openalex.org/W2922443156
https://openalex.org/W2943919727
https://openalex.org/W2948962730
https://openalex.org/W2953107326
https://openalex.org/W2956360444
https://openalex.org/W2956493343
https://openalex.org/W2964529908
https://openalex.org/W2964987568
https://openalex.org/W2967929476
https://openalex.org/W2980149003
https://openalex.org/W2981673120
https://openalex.org/W2981790915
https://openalex.org/W2983691620
https://openalex.org/W2988036010
https://openalex.org/W2989709719
https://openalex.org/W2989757872
https://openalex.org/W3000005298
https://openalex.org/W3002443431
https://openalex.org/W3003859348
https://openalex.org/W3006277513
https://openalex.org/W3010572339
https://openalex.org/W3013823486
https://openalex.org/W3026224965
https://openalex.org/W3032717620
https://openalex.org/W3038730344
https://openalex.org/W3087259656
https://openalex.org/W3092380154
https://openalex.org/W3116237502
https://openalex.org/W4232971399
https://openalex.org/W4235875192
https://openalex.org/W4241548860
https://openalex.org/W4250008177
https://openalex.org/W170875713
https://openalex.org/W1997745281
https://openalex.org/W2003855933
https://openalex.org/W2041449463
https://openalex.org/W2063357140
https://openalex.org/W2133171635
https://openalex.org/W389571009
https://openalex.org/W1484619643
https://openalex.org/W1976589778
https://openalex.org/W2025846511
https://openalex.org/W2093258667
https://openalex.org/W2412403201
https://openalex.org/W2519691663
https://openalex.org/W4253061110
https://openalex.org/W2083748756
https://openalex.org/W2560367418
https://openalex.org/W2582935536
https://openalex.org/W2601574279
https://openalex.org/W2980512717
https://openalex.org/W3102040297
https://openalex.org/W3118933316
https://openalex.org/W3119125258
https://openalex.org/W3121992619
https://openalex.org/W3127757314
https://openalex.org/W3134411906
https://openalex.org/W3157526410
https://openalex.org/W3160708216
https://openalex.org/W3165638653
https://openalex.org/W3166978968
https://openalex.org/W3171543148
https://openalex.org/W3183492991
https://openalex.org/W3199355470
https://openalex.org/W3203131426
https://openalex.org/W3204065514
https://openalex.org/W3207246450
https://openalex.org/W3208937063
https://openalex.org/W3213903705
https://openalex.org/W3217276147
https://openalex.org/W4212782586
https://openalex.org/W4226086404
https://openalex.org/W4251915312
https://openalex.org/W2295605811
https://openalex.org/W2310832191
https://openalex.org/W2020034227
https://openalex.org/W2082797649
https://openalex.org/W2398269592
https://openalex.org/W8975057
https://openalex.org/W2016559885
https://openalex.org/W4247420182
https://openalex.org/W2006769363
https://openalex.org/W2101973077
https://openalex.org/W2114505425
https://openalex.org/W2137647296
https://openalex.org/W2184391912
https://openalex.org/W2367002605
https://openalex.org/W4243860032
https://openalex.org/W2083738955
https://openalex.org/W2587751614
https://openalex.org/W3084567485
https://openalex.org/W1882506103
https://openalex.org/W1979820885
https://openalex.org/W2008023463
https://openalex.org/W2028029615
https://openalex.org/W2030277146
https://openalex.org/W2052498558
https://openalex.org/W2081981447
https://openalex.org/W2166064661
https://openalex.org/W2392181282
https://openalex.org/W2415705286
https://openalex.org/W1595195447
https://openalex.org/W2137102125
https://openalex.org/W2163918687
https://openalex.org/W2395091643
https://openalex.org/W2414128550
https://openalex.org/W2417959628
https://openalex.org/W2635408660
https://openalex.org/W1128762485
https://openalex.org/W1139008542
https://openalex.org/W1201696066
https://openalex.org/W1818341913
https://openalex.org/W1982311756
https://openalex.org/W2002461955
https://openalex.org/W2029893048
https://openalex.org/W2054087884
https://openalex.org/W2081916823
https://openalex.org/W2082273645
https://openalex.org/W2083076781
https://openalex.org/W2156384067
https://openalex.org/W2158896058
https://openalex.org/W2185229775
https://openalex.org/W2186122632
https://openalex.org/W2187332113
https://openalex.org/W2187680017
https://openalex.org/W2199290539
https://openalex.org/W2199774960
https://openalex.org/W2213799613
https://openalex.org/W2215655489
https://openalex.org/W2217878594
https://openalex.org/W2265554152
https://openalex.org/W2292638828
https://openalex.org/W2301177353
https://openalex.org/W2312875914
https://openalex.org/W2313958743
https://openalex.org/W2321810952
https://openalex.org/W2323863417
https://openalex.org/W2328435671
https://openalex.org/W2335439673
https://openalex.org/W2339875018
https://openalex.org/W2340487493
https://openalex.org/W2342572643
https://openalex.org/W2342966925
https://openalex.org/W2344182883
https://openalex.org/W2345084387
https://openalex.org/W2398367907
https://openalex.org/W2406329442
https://openalex.org/W2408521232
https://openalex.org/W2409551797
https://openalex.org/W2409705659
https://openalex.org/W2411095308
https://openalex.org/W2416333994
https://openalex.org/W2418906929
https://openalex.org/W2433171148
https://openalex.org/W2471805769
https://openalex.org/W2476681600
https://openalex.org/W2486081848
https://openalex.org/W2486371469
https://openalex.org/W2499447894
https://openalex.org/W2504549327
https://openalex.org/W2507623172
https://openalex.org/W2520042694
https://openalex.org/W2520586476
https://openalex.org/W2529379896
https://openalex.org/W2535260768
https://openalex.org/W2550526505
https://openalex.org/W2551551885
https://openalex.org/W2553153843
https://openalex.org/W2553769136
https://openalex.org/W2574261368
https://openalex.org/W2586654794
https://openalex.org/W2589743588
https://openalex.org/W2600058517
https://openalex.org/W2605036955
https://openalex.org/W2605123311
https://openalex.org/W2605891245
https://openalex.org/W2607328493
https://openalex.org/W2620473143
https://openalex.org/W2624123884
https://openalex.org/W2624792524
https://openalex.org/W2726841796
https://openalex.org/W2741863295
https://openalex.org/W2742676492
https://openalex.org/W2742754497
https://openalex.org/W2743100645
https://openalex.org/W2743150157
https://openalex.org/W2743752985
https://openalex.org/W2745842336
https://openalex.org/W2748083157
https://openalex.org/W2750429883
https://openalex.org/W2751629197
https://openalex.org/W2752151695
https://openalex.org/W2757771175
https://openalex.org/W2768263480
https://openalex.org/W2778965433
https://openalex.org/W2912740702
https://openalex.org/W2913260257
https://openalex.org/W2919075157
https://openalex.org/W294892283
https://openalex.org/W2949796752
https://openalex.org/W2950952814
https://openalex.org/W2955709033
https://openalex.org/W2968650149
https://openalex.org/W2973857198
https://openalex.org/W2979375622
https://openalex.org/W2979642431
https://openalex.org/W2980288837
https://openalex.org/W2993008568
https://openalex.org/W3029315751
https://openalex.org/W3029853575
https://openalex.org/W3042397158
https://openalex.org/W3209535270
https://openalex.org/W4229743052
https://openalex.org/W4237437253
https://openalex.org/W4238430699
https://openalex.org/W4240115895
https://openalex.org/W4244740965
https://openalex.org/W4249044592
https://openalex.org/W4250440236
https://openalex.org/W4252610911
https://openalex.org/W4254560969
https://openalex.org/W4256014634
https://openalex.org/W4299389897
https://openalex.org/W4310826170
https://openalex.org/W4394088411
https://openalex.org/W4394465696
https://openalex.org/W860363868
https://openalex.org/W1972672194
https://openalex.org/W1976088088
https://openalex.org/W1998995784
https://openalex.org/W2048656707
https://openalex.org/W2087117460
https://openalex.org/W2232978591
https://openalex.org/W2620931224
https://openalex.org/W3150448363
https://openalex.org/W112314891
https://openalex.org/W2043705047
https://openalex.org/W2363345103
https://openalex.org/W2439864370
https://openalex.org/W994868970
https://openalex.org/W117408107
https://openalex.org/W1516687460
https://openalex.org/W1533600713
https://openalex.org/W1590472620
https://openalex.org/W1590852290
https://openalex.org/W1829393814
https://openalex.org/W1893221516
https://openalex.org/W1965236967
https://openalex.org/W1967439821
https://openalex.org/W1970475960
https://openalex.org/W1972306459
https://openalex.org/W1977160597
https://openalex.org/W2000833640
https://openalex.org/W2002867798
https://openalex.org/W2015557326
https://openalex.org/W2020251951
https://openalex.org/W2024634898
https://openalex.org/W2031911124
https://openalex.org/W2043316059
https://openalex.org/W206122600
https://openalex.org/W2073655367
https://openalex.org/W2088823129
https://openalex.org/W2109795713
https://openalex.org/W2118465105
https://openalex.org/W2138738489
https://openalex.org/W2149489219
https://openalex.org/W2156241913
https://openalex.org/W2157012047
https://openalex.org/W2185598972
https://openalex.org/W2210219139
https://openalex.org/W2233462377
https://openalex.org/W2243565480
https://openalex.org/W2246256303
https://openalex.org/W2250110130
https://openalex.org/W2267253431
https://openalex.org/W2284592811
https://openalex.org/W2295340797
https://openalex.org/W2300137967
https://openalex.org/W2315197171
https://openalex.org/W2315335754
https://openalex.org/W2319839256
https://openalex.org/W2319842160
https://openalex.org/W2320022695
https://openalex.org/W2334687774
https://openalex.org/W2335396890
https://openalex.org/W2338905381
https://openalex.org/W2354828439
https://openalex.org/W2363749391
https://openalex.org/W2371864194
https://openalex.org/W2381518445
https://openalex.org/W2384538556
https://openalex.org/W2389147984
https://openalex.org/W2389697794
https://openalex.org/W2390762060
https://openalex.org/W2393538972
https://openalex.org/W2463734059
https://openalex.org/W2464919814
https://openalex.org/W2478989469
https://openalex.org/W2524022772
https://openalex.org/W2528355029
https://openalex.org/W2534323972
https://openalex.org/W2563106019
https://openalex.org/W2579114106
https://openalex.org/W2618724102
https://openalex.org/W2777594216
https://openalex.org/W2787654507
https://openalex.org/W2906039339
https://openalex.org/W2907231165
https://openalex.org/W3032237825
https://openalex.org/W4246818302
https://openalex.org/W4249342471
https://openalex.org/W4252383259
https://openalex.org/W4390361006
https://openalex.org/W89061137
https://openalex.org/W966185508
https://openalex.org/W1987917137
https://openalex.org/W2074452414
https://openalex.org/W2082523940
https://openalex.org/W2077124977
https://openalex.org/W2562707401
https://openalex.org/W2768724210
https://openalex.org/W2950643662
https://openalex.org/W1507830436
https://openalex.org/W175439810
https://openalex.org/W2030161677
https://openalex.org/W2035197962
https://openalex.org/W2045084390
https://openalex.org/W2123272808
https://openalex.org/W2130554956
https://openalex.org/W2150714155
https://openalex.org/W2181918648
https://openalex.org/W2185001674
https://openalex.org/W2189467309
https://openalex.org/W2307352936
https://openalex.org/W2324430365
https://openalex.org/W2327071235
https://openalex.org/W2370387548
https://openalex.org/W2370698101
https://openalex.org/W2376516114
https://openalex.org/W2379704054
https://openalex.org/W2381404724
https://openalex.org/W2442285066
https://openalex.org/W2475343729
https://openalex.org/W2590193750
https://openalex.org/W2596271021
https://openalex.org/W2597283088
https://openalex.org/W2603544904
https://openalex.org/W2606673600
https://openalex.org/W2609813475
https://openalex.org/W2610124586
https://openalex.org/W2611047757
https://openalex.org/W2612776693
https://openalex.org/W2613212936
https://openalex.org/W2617936830
https://openalex.org/W2620841968
https://openalex.org/W2626176967
https://openalex.org/W2735870532
https://openalex.org/W2736036363
https://openalex.org/W2742575752
https://openalex.org/W2742945587
https://openalex.org/W2743103147
https://openalex.org/W2743905244
https://openalex.org/W2744011328
https://openalex.org/W2744467365
https://openalex.org/W2744833171
https://openalex.org/W2753133938
https://openalex.org/W2762394949
https://openalex.org/W2765134443
https://openalex.org/W2765402039
https://openalex.org/W2766232538
https://openalex.org/W2767713824
https://openalex.org/W2769643952
https://openalex.org/W2771070816
https://openalex.org/W2775534945
https://openalex.org/W2780552225
https://openalex.org/W2782740693
https://openalex.org/W2783495571
https://openalex.org/W2883946153
https://openalex.org/W2901953881
https://openalex.org/W2906361251
https://openalex.org/W2942936670
https://openalex.org/W2948440368
https://openalex.org/W2971426133
https://openalex.org/W2975808599
https://openalex.org/W2978390320
https://openalex.org/W2979756100
https://openalex.org/W2979766680
https://openalex.org/W2982338864
https://openalex.org/W2993781183
https://openalex.org/W3036643388
https://openalex.org/W3048991701
https://openalex.org/W3049549992
https://openalex.org/W3063931616
https://openalex.org/W3082179125
https://openalex.org/W3082974283
https://openalex.org/W3113205133
https://openalex.org/W3121599490
https://openalex.org/W3127403752
https://openalex.org/W3133448827
https://openalex.org/W3135518581
https://openalex.org/W3153655287
https://openalex.org/W3171253661
https://openalex.org/W3174349654
https://openalex.org/W3193658313
https://openalex.org/W4230111785
https://openalex.org/W4231400293
https://openalex.org/W4238579203
https://openalex.org/W4241161210
https://openalex.org/W4246213774
https://openalex.org/W4247088831
https://openalex.org/W4249423959
https://openalex.org/W4253134135
https://openalex.org/W4255276448
https://openalex.org/W4297994167
https://openalex.org/W4307618052
https://openalex.org/W4313382128
https://openalex.org/W4389022133
https://openalex.org/W4394069951
https://openalex.org/W4394142515
https://openalex.org/W4394153643
https://openalex.org/W4394353246
https://openalex.org/W4394389798
https://openalex.org/W4394409880
https://openalex.org/W4394456043
https://openalex.org/W4394466901
https://openalex.org/W1996669843
https://openalex.org/W2011637267
https://openalex.org/W2048142310
https://openalex.org/W2094788690
https://openalex.org/W2428769857
https://openalex.org/W1486456858
https://openalex.org/W1492499420
https://openalex.org/W1494844648
https://openalex.org/W1518733155
https://openalex.org/W1976196553
https://openalex.org/W1984701713
https://openalex.org/W2042614827
https://openalex.org/W2048571255
https://openalex.org/W2071506926
https://openalex.org/W2071795389
https://openalex.org/W2087899062
https://openalex.org/W2113522560
https://openalex.org/W2252496324
https://openalex.org/W2285200227
https://openalex.org/W2349759028
https://openalex.org/W2353906414
https://openalex.org/W2365360117
https://openalex.org/W2367014150
https://openalex.org/W2368962285
https://openalex.org/W2371731617
https://openalex.org/W2376761628
https://openalex.org/W2379854179
https://openalex.org/W2388006786
https://openalex.org/W2402680329
https://openalex.org/W2407300934
https://openalex.org/W2417577746
https://openalex.org/W2556986934
https://openalex.org/W2558604525
https://openalex.org/W2574858943
https://openalex.org/W2754031541
https://openalex.org/W2933502011
https://openalex.org/W2952949361
https://openalex.org/W2977559279
https://openalex.org/W3016996446
https://openalex.org/W3030415834
https://openalex.org/W3191850153
https://openalex.org/W4200023081
https://openalex.org/W4205119635
https://openalex.org/W4205398171
https://openalex.org/W4205406052
https://openalex.org/W4205703425
https://openalex.org/W4205742835
https://openalex.org/W4206017691
https://openalex.org/W4206124967
https://openalex.org/W4206239714
https://openalex.org/W4206572420
https://openalex.org/W4206673887
https://openalex.org/W4206691646
https://openalex.org/W4210247985
https://openalex.org/W4210696639
https://openalex.org/W4210723760
https://openalex.org/W4211062434
https://openalex.org/W4213057895
https://openalex.org/W4214725410
https://openalex.org/W4214872313
https://openalex.org/W4220698563
https://openalex.org/W4220706890
https://openalex.org/W4220810494
https://openalex.org/W4220869877
https://openalex.org/W4220983854
https://openalex.org/W4221166582
https://openalex.org/W4223453075
https://openalex.org/W4223457287
https://openalex.org/W4223485301
https://openalex.org/W4223498680
https://openalex.org/W4223506319
https://openalex.org/W4223538203
https://openalex.org/W4223571154
https://openalex.org/W4223574622
https://openalex.org/W4223580394
https://openalex.org/W4223610338
https://openalex.org/W4223631351
https://openalex.org/W4224097790
https://openalex.org/W4224771909
https://openalex.org/W4225316806
https://openalex.org/W4225404344
https://openalex.org/W4225825932
https://openalex.org/W4226198653
https://openalex.org/W4226390204
https://openalex.org/W4229442284
https://openalex.org/W4229490918
https://openalex.org/W4229517513
https://openalex.org/W4229525286
https://openalex.org/W4229533210
https://openalex.org/W4229635959
https://openalex.org/W4229652783
https://openalex.org/W4229829596
https://openalex.org/W4229926569
https://openalex.org/W4229971652
https://openalex.org/W4230014457
https://openalex.org/W4230112611
https://openalex.org/W4230139838
https://openalex.org/W4230388230
https://openalex.org/W4230419856
https://openalex.org/W4230604463
https://openalex.org/W4230651724
https://openalex.org/W4230724801
https://openalex.org/W4230734654
https://openalex.org/W4230768925
https://openalex.org/W4231005849
https://openalex.org/W4231043382
https://openalex.org/W4231121556
https://openalex.org/W4231165111
https://openalex.org/W4231241057
https://openalex.org/W4231434210
https://openalex.org/W4232338687
https://openalex.org/W4232347120
https://openalex.org/W4232366142
https://openalex.org/W4232424547
https://openalex.org/W4232633091
https://openalex.org/W4232715164
https://openalex.org/W4232813344
https://openalex.org/W4232827207
https://openalex.org/W4233180505
https://openalex.org/W4233526950
https://openalex.org/W4233599600
https://openalex.org/W4233806799
https://openalex.org/W4233840147
https://openalex.org/W4234107850
https://openalex.org/W4234112504
https://openalex.org/W4234133140
https://openalex.org/W4234176133
https://openalex.org/W4234226608
https://openalex.org/W4234271184
https://openalex.org/W4234309855
https://openalex.org/W4234406788
https://openalex.org/W4234675450
https://openalex.org/W4234697335
https://openalex.org/W4234701116
https://openalex.org/W4234753217
https://openalex.org/W4234978147
https://openalex.org/W4234983777
https://openalex.org/W4235083318
https://openalex.org/W4235162609
https://openalex.org/W4235185454
https://openalex.org/W4235210978
https://openalex.org/W4235494409
https://openalex.org/W4235520604
https://openalex.org/W4235729563
https://openalex.org/W4235997583
https://openalex.org/W4236039340
https://openalex.org/W4236126967
https://openalex.org/W4236139940
https://openalex.org/W4236151931
https://openalex.org/W4236186896
https://openalex.org/W4236203171
https://openalex.org/W4236300348
https://openalex.org/W4236475941
https://openalex.org/W4236829751
https://openalex.org/W4236855075
https://openalex.org/W4236867436
https://openalex.org/W4236938890
https://openalex.org/W4237013987
https://openalex.org/W4237332120
https://openalex.org/W4237344138
https://openalex.org/W4237452419
https://openalex.org/W4237514228
https://openalex.org/W4237570752
https://openalex.org/W4237649428
https://openalex.org/W4237668877
https://openalex.org/W4237706842
https://openalex.org/W4237732899
https://openalex.org/W4237740195
https://openalex.org/W4237808500
https://openalex.org/W4237955403
https://openalex.org/W4237970964
https://openalex.org/W4238289058
https://openalex.org/W4238383915
https://openalex.org/W4238497553
https://openalex.org/W4238557350
https://openalex.org/W4238557619
https://openalex.org/W4238612174
https://openalex.org/W4238838551
https://openalex.org/W4238842605
https://openalex.org/W4238865754
https://openalex.org/W4239104923
https://openalex.org/W4239473791
https://openalex.org/W4239490459
https://openalex.org/W4239537857
https://openalex.org/W4239580473
https://openalex.org/W4239595716
https://openalex.org/W4239625382
https://openalex.org/W4239705955
https://openalex.org/W4239797845
https://openalex.org/W4239869734
https://openalex.org/W4240182431
https://openalex.org/W4240188989
https://openalex.org/W4240329048
https://openalex.org/W4240397971
https://openalex.org/W4240486937
https://openalex.org/W4240512454
https://openalex.org/W4240595670
https://openalex.org/W4240635343
https://openalex.org/W4241073369
https://openalex.org/W4241132003
https://openalex.org/W4241223130
https://openalex.org/W4241227713
https://openalex.org/W4241278143
https://openalex.org/W4241546060
https://openalex.org/W4241562968
https://openalex.org/W4241578385
https://openalex.org/W4241604689
https://openalex.org/W4241724251
https://openalex.org/W4241923492
https://openalex.org/W4241955210
https://openalex.org/W4242112399
https://openalex.org/W4242185014
https://openalex.org/W4242366615
https://openalex.org/W4242473626
https://openalex.org/W4242546127
https://openalex.org/W4242563298
https://openalex.org/W4242619770
https://openalex.org/W4242648909
https://openalex.org/W4242670117
https://openalex.org/W4242802533
https://openalex.org/W4242938927
https://openalex.org/W4243081821
https://openalex.org/W4243161416
https://openalex.org/W4243288494
https://openalex.org/W4243686225
https://openalex.org/W4243711049
https://openalex.org/W4243718719
https://openalex.org/W4243728782
https://openalex.org/W4243825241
https://openalex.org/W4243974775
https://openalex.org/W4244060076
https://openalex.org/W4244343245
https://openalex.org/W4244355698
https://openalex.org/W4244451107
https://openalex.org/W4244471324
https://openalex.org/W4244586748
https://openalex.org/W4244630575
https://openalex.org/W4244636134
https://openalex.org/W4244707357
https://openalex.org/W4244755173
https://openalex.org/W4245249444
https://openalex.org/W4245636949
https://openalex.org/W4245684362
https://openalex.org/W4245839524
https://openalex.org/W4245845851
https://openalex.org/W4246341334
https://openalex.org/W4246355584
https://openalex.org/W4246448225
https://openalex.org/W4247031765
https://openalex.org/W4247223701
https://openalex.org/W4247421803
https://openalex.org/W4247427433
https://openalex.org/W4247498665
https://openalex.org/W4247563300
https://openalex.org/W4247573141
https://openalex.org/W4247678856
https://openalex.org/W4247765198
https://openalex.org/W4247930764
https://openalex.org/W4247955840
https://openalex.org/W4248136793
https://openalex.org/W4248239092
https://openalex.org/W4248345151
https://openalex.org/W4248486795
https://openalex.org/W4248491871
https://openalex.org/W4248552166
https://openalex.org/W4248593907
https://openalex.org/W4248648534
https://openalex.org/W4248693077
https://openalex.org/W4248745639
https://openalex.org/W4248843013
https://openalex.org/W4249066980
https://openalex.org/W4249167029
https://openalex.org/W4249219185
https://openalex.org/W4249241003
https://openalex.org/W4249421614
https://openalex.org/W4249540933
https://openalex.org/W4249568230
https://openalex.org/W4249580241
https://openalex.org/W4249622593
https://openalex.org/W4249632720
https://openalex.org/W4249671442
https://openalex.org/W4249829471
https://openalex.org/W4249905918
https://openalex.org/W4250025629
https://openalex.org/W4250073869
https://openalex.org/W4250107062
https://openalex.org/W4250238695
https://openalex.org/W4250324714
https://openalex.org/W4250380029
https://openalex.org/W4250394640
https://openalex.org/W4250425957
https://openalex.org/W4250449407
https://openalex.org/W4250678034
https://openalex.org/W4250732724
https://openalex.org/W4250741033
https://openalex.org/W4250777244
https://openalex.org/W4251161051
https://openalex.org/W4251191000
https://openalex.org/W4251274523
https://openalex.org/W4251471972
https://openalex.org/W4251478679
https://openalex.org/W4251652910
https://openalex.org/W4251738722
https://openalex.org/W4251742827
https://openalex.org/W4251796906
https://openalex.org/W4251800952
https://openalex.org/W4251825359
https://openalex.org/W4251846696
https://openalex.org/W4251853510
https://openalex.org/W4252032385
https://openalex.org/W4252034409
https://openalex.org/W4252233995
https://openalex.org/W4252264610
https://openalex.org/W4252550721
https://openalex.org/W4252612024
https://openalex.org/W4252700992
https://openalex.org/W4252893229
https://openalex.org/W4252987823
https://openalex.org/W4253120742
https://openalex.org/W4253193299
https://openalex.org/W4253229009
https://openalex.org/W4253267717
https://openalex.org/W4253394269
https://openalex.org/W4253421452
https://openalex.org/W4253488125
https://openalex.org/W4253802100
https://openalex.org/W4253816350
https://openalex.org/W4253822313
https://openalex.org/W4253888495
https://openalex.org/W4254156473
https://openalex.org/W4254261763
https://openalex.org/W4254262914
https://openalex.org/W4254266148
https://openalex.org/W4254280716
https://openalex.org/W4254442339
https://openalex.org/W4254607211
https://openalex.org/W4254635714
https://openalex.org/W4254859111
https://openalex.org/W4255036037
https://openalex.org/W4255360772
https://openalex.org/W4255428873
https://openalex.org/W4255530894
https://openalex.org/W4255551268
https://openalex.org/W4255576778
https://openalex.org/W4255674265
https://openalex.org/W4255803943
https://openalex.org/W4256025397
https://openalex.org/W4256044727
https://openalex.org/W4256177657
https://openalex.org/W4256384928
https://openalex.org/W4256430685
https://openalex.org/W4256433473
https://openalex.org/W4256591447
https://openalex.org/W4280595111
https://openalex.org/W4281289140
https://openalex.org/W4281395158
https://openalex.org/W4281486696
https://openalex.org/W4281486758
https://openalex.org/W4281491961
https://openalex.org/W4281555942
https://openalex.org/W4281671003
https://openalex.org/W4281702639
https://openalex.org/W4283580449
https://openalex.org/W4283820874
https://openalex.org/W4283824997
https://openalex.org/W4285175612
https://openalex.org/W4285178836
https://openalex.org/W4285227509
https://openalex.org/W4289655521
https://openalex.org/W4293153569
https://openalex.org/W4293700720
https://openalex.org/W4294192817
https://openalex.org/W4294202693
https://openalex.org/W4294218750
https://openalex.org/W4294866203
https://openalex.org/W4294892909
https://openalex.org/W4295038303
https://openalex.org/W4295077783
https://openalex.org/W4296618931
https://openalex.org/W4296619461
https://openalex.org/W4296619770
https://openalex.org/W4296637096
https://openalex.org/W4296907958
https://openalex.org/W4297014819
https://openalex.org/W4297348294
https://openalex.org/W4297348872
https://openalex.org/W4297894313
https://openalex.org/W4300395036
https://openalex.org/W4300487372
https://openalex.org/W4306906820
https://openalex.org/W4307181647
https://openalex.org/W4307563716
https://openalex.org/W4308269535
https://openalex.org/W4308982553
https://openalex.org/W4309149111
https://openalex.org/W4309481686
https://openalex.org/W4309603724
https://openalex.org/W4310102790
https://openalex.org/W4310107144
https://openalex.org/W4310112196
https://openalex.org/W4310348311
https://openalex.org/W4310563601
https://openalex.org/W4310584054
https://openalex.org/W4310732160
https://openalex.org/W4311185341
https://openalex.org/W4311346045
https://openalex.org/W4311732013
https://openalex.org/W4311955098
https://openalex.org/W4312010722
https://openalex.org/W4312091032
https://openalex.org/W4312300580
https://openalex.org/W4312463964
https://openalex.org/W4312674904
https://openalex.org/W4312852287
https://openalex.org/W4313131702
https://openalex.org/W4313184074
https://openalex.org/W4313199972
https://openalex.org/W4313325117
https://openalex.org/W4317565633
https://openalex.org/W4319986117
https://openalex.org/W4320156310
https://openalex.org/W4323644751
https://openalex.org/W4361734247
https://openalex.org/W4380795254
https://openalex.org/W4382001696
https://openalex.org/W4386769635
https://openalex.org/W4393753868
https://openalex.org/W4393894611
https://openalex.org/W992466674
https://openalex.org/W17069420
https://openalex.org/W1973916048
https://openalex.org/W1978825689
https://openalex.org/W2010019019
https://openalex.org/W2017137575
https://openalex.org/W2022466643
https://openalex.org/W2245532664
https://openalex.org/W2409705575
https://openalex.org/W305028856
https://openalex.org/W309363301
https://openalex.org/W431614256
https://openalex.org/W57704179
https://openalex.org/W1972790403
https://openalex.org/W1975062300
https://openalex.org/W2348851859
https://openalex.org/W2397119074
https://openalex.org/W2410717024
https://openalex.org/W2412523822
https://openalex.org/W2527373390
https://openalex.org/W2578015983
https://openalex.org/W2789268739
https://openalex.org/W2789544803
https://openalex.org/W2791729088
https://openalex.org/W2792168395
https://openalex.org/W2792173474
https://openalex.org/W2794246852
https://openalex.org/W2795119655
https://openalex.org/W2797771944
https://openalex.org/W2798265236
https://openalex.org/W2799675277
https://openalex.org/W2799758204
https://openalex.org/W2800805717
https://openalex.org/W2803213808
https://openalex.org/W2803368231
https://openalex.org/W2806629378
https://openalex.org/W2883040774
https://openalex.org/W2883352049
https://openalex.org/W2884407858
https://openalex.org/W2884547652
https://openalex.org/W2890939604
https://openalex.org/W2892078839
https://openalex.org/W2893970688
https://openalex.org/W2898451311
https://openalex.org/W2903157264
https://openalex.org/W2904718501
https://openalex.org/W2904906911
https://openalex.org/W2907722217
https://openalex.org/W2908597689
https://openalex.org/W2911046140
https://openalex.org/W2911627635
https://openalex.org/W2912403258
https://openalex.org/W2912698563
https://openalex.org/W2912993329
https://openalex.org/W2913085934
https://openalex.org/W2915717164
https://openalex.org/W2920953154
https://openalex.org/W2920966938
https://openalex.org/W2922370560
https://openalex.org/W2938775786
https://openalex.org/W2943152374
https://openalex.org/W2944193921
https://openalex.org/W2944924653
https://openalex.org/W2945914487
https://openalex.org/W2949188796
https://openalex.org/W2949353832
https://openalex.org/W2949930101
https://openalex.org/W2951411039
https://openalex.org/W2951726960
https://openalex.org/W2952405219
https://openalex.org/W2961487869
https://openalex.org/W2964601170
https://openalex.org/W2964753031
https://openalex.org/W2964926957
https://openalex.org/W2965897045
https://openalex.org/W2966441305
https://openalex.org/W2966472563
https://openalex.org/W2966542066
https://openalex.org/W2969770761
https://openalex.org/W2971617580
https://openalex.org/W2972321869
https://openalex.org/W2977740954
https://openalex.org/W2979381833
https://openalex.org/W2980793257
https://openalex.org/W2980829176
https://openalex.org/W2981550396
https://openalex.org/W2984984641
https://openalex.org/W2986107271
https://openalex.org/W2990271604
https://openalex.org/W2990384780
https://openalex.org/W2990606453
https://openalex.org/W2990799623
https://openalex.org/W2991011602
https://openalex.org/W2991168207
https://openalex.org/W2991721818
https://openalex.org/W2994518229
https://openalex.org/W2994530190
https://openalex.org/W2995855860
https://openalex.org/W2997792821
https://openalex.org/W2998651475
https://openalex.org/W3008478062
https://openalex.org/W3021269517
https://openalex.org/W3024756004
https://openalex.org/W3029205049
https://openalex.org/W3029887737
https://openalex.org/W3031614039
https://openalex.org/W3035603031
https://openalex.org/W3096238379
https://openalex.org/W3125742112
https://openalex.org/W3129903731
https://openalex.org/W3131623195
https://openalex.org/W3174841849
https://openalex.org/W3208085420
https://openalex.org/W3208943560
https://openalex.org/W3217179103
https://openalex.org/W375399168
https://openalex.org/W4205502068
https://openalex.org/W4242630253
https://openalex.org/W4243811739
https://openalex.org/W4245194611
https://openalex.org/W4250490428
https://openalex.org/W4250689112
https://openalex.org/W4254767349
https://openalex.org/W4298160578
https://openalex.org/W432667108
https://openalex.org/W4394077966
https://openalex.org/W4394109337
https://openalex.org/W4394182847
https://openalex.org/W4394231244
https://openalex.org/W4394313365
https://openalex.org/W4394346651
https://openalex.org/W4394350978
https://openalex.org/W4394389189
https://openalex.org/W4394440887
https://openalex.org/W4394539850
https://openalex.org/W4394545420
https://openalex.org/W961995737
https://openalex.org/W1972920494
https://openalex.org/W1985896205
https://openalex.org/W2002636325
https://openalex.org/W2004328802
https://openalex.org/W2063882272
https://openalex.org/W2411335531
https://openalex.org/W2419585073
https://openalex.org/W2748924100
https://openalex.org/W1008065599
https://openalex.org/W118563285
https://openalex.org/W1679299973
https://openalex.org/W180129988
https://openalex.org/W189898680
https://openalex.org/W1990247846
https://openalex.org/W2012948225
https://openalex.org/W2022547220
https://openalex.org/W2091097502
https://openalex.org/W2141132153
https://openalex.org/W2289750028
https://openalex.org/W2294798672
https://openalex.org/W2320894719
https://openalex.org/W2352370791
https://openalex.org/W2369386896
https://openalex.org/W2416594530
https://openalex.org/W2433436289
https://openalex.org/W2467732212
https://openalex.org/W2527965132
https://openalex.org/W2555600028
https://openalex.org/W2557709293
https://openalex.org/W2577667369
https://openalex.org/W2610905650
https://openalex.org/W2939317145
https://openalex.org/W2953172349
https://openalex.org/W3001585212
https://openalex.org/W3006225442
https://openalex.org/W3006821037
https://openalex.org/W3012296396
https://openalex.org/W3014164403
https://openalex.org/W3014705935
https://openalex.org/W3016871615
https://openalex.org/W3022916469
https://openalex.org/W3036141847
https://openalex.org/W3039292756
https://openalex.org/W3043352926
https://openalex.org/W3043617908
https://openalex.org/W3047222269
https://openalex.org/W3087468199
https://openalex.org/W3087495633
https://openalex.org/W3089012498
https://openalex.org/W3089360842
https://openalex.org/W3093585765
https://openalex.org/W3095614975
https://openalex.org/W3095709893
https://openalex.org/W3095995668
https://openalex.org/W3106607349
https://openalex.org/W3107205906
https://openalex.org/W3107279379
https://openalex.org/W3107656243
https://openalex.org/W3107834023
https://openalex.org/W3108540882
https://openalex.org/W3109191167
https://openalex.org/W3109493797
https://openalex.org/W3109592048
https://openalex.org/W3110003171
https://openalex.org/W3110145520
https://openalex.org/W3110399586
https://openalex.org/W3110537545
https://openalex.org/W3110660451
https://openalex.org/W3112020012
https://openalex.org/W3112640731
https://openalex.org/W3113072662
https://openalex.org/W3114289863
https://openalex.org/W3114867566
https://openalex.org/W3120420739
https://openalex.org/W3121789753
https://openalex.org/W3130637092
https://openalex.org/W3134974199
https://openalex.org/W3152385083
https://openalex.org/W3154424684
https://openalex.org/W3159141498
https://openalex.org/W3160426008
https://openalex.org/W3163220892
https://openalex.org/W3177436270
https://openalex.org/W3204881602
https://openalex.org/W4234630696
https://openalex.org/W4235002524
https://openalex.org/W4246631183
https://openalex.org/W4246759735
https://openalex.org/W4247437818
https://openalex.org/W4251833184
https://openalex.org/W4294439543
https://openalex.org/W4312894133
https://openalex.org/W4394207464
https://openalex.org/W4394389348
https://openalex.org/W4394532731
https://openalex.org/W1990761505
https://openalex.org/W2409510693
https://openalex.org/W2467131609
https://openalex.org/W2473565079
https://openalex.org/W2950263582
https://openalex.org/W322512990
https://openalex.org/W14236309
https://openalex.org/W1984228458
https://openalex.org/W1996567234
https://openalex.org/W2015015913
https://openalex.org/W2037420402
https://openalex.org/W2062378679
https://openalex.org/W2071325767
https://openalex.org/W2082522626
https://openalex.org/W2103331849
https://openalex.org/W2291244697
https://openalex.org/W2402946387
https://openalex.org/W2418263861
https://openalex.org/W2540150838
https://openalex.org/W2558755097
https://openalex.org/W2569824063
https://openalex.org/W2978961071
https://openalex.org/W2993800134
https://openalex.org/W2994534464
https://openalex.org/W352176354
https://openalex.org/W47344853
https://openalex.org/W54902259
https://openalex.org/W111811106
https://openalex.org/W1993039483
https://openalex.org/W2023475353
https://openalex.org/W2094831870
https://openalex.org/W2167305816
https://openalex.org/W2328154355
https://openalex.org/W2354783780
https://openalex.org/W2360057769
https://openalex.org/W2376317471
https://openalex.org/W2380822863
https://openalex.org/W2386392885
https://openalex.org/W2415494478
https://openalex.org/W278126671
https://openalex.org/W2885560332
https://openalex.org/W2980123428
https://openalex.org/W3124003264
https://openalex.org/W3124235096
https://openalex.org/W3127189053
https://openalex.org/W3127531872
https://openalex.org/W3130644058
https://openalex.org/W3132827009
https://openalex.org/W3136098019
https://openalex.org/W3136738300
https://openalex.org/W3139777966
https://openalex.org/W3159069375
https://openalex.org/W3159159240
https://openalex.org/W3160093384
https://openalex.org/W3160163293
https://openalex.org/W3160798781
https://openalex.org/W3161539026
https://openalex.org/W3161898346
https://openalex.org/W3162237767
https://openalex.org/W3162561525
https://openalex.org/W3163496658
https://openalex.org/W3163861353
https://openalex.org/W3166494108
https://openalex.org/W3168382011
https://openalex.org/W3171951435
https://openalex.org/W3175681847
https://openalex.org/W3176152339
https://openalex.org/W3177352355
https://openalex.org/W3180887830
https://openalex.org/W3181622991
https://openalex.org/W3181907984
https://openalex.org/W3184803712
https://openalex.org/W3189886167
https://openalex.org/W3190443778
https://openalex.org/W3193443824
https://openalex.org/W3197724341
https://openalex.org/W3197937797
https://openalex.org/W3199048125
https://openalex.org/W3202082568
https://openalex.org/W3204684441
https://openalex.org/W3207646030
https://openalex.org/W3208021009
https://openalex.org/W3208421306
https://openalex.org/W3210862584
https://openalex.org/W3213207497
https://openalex.org/W3213462446
https://openalex.org/W3213733148
https://openalex.org/W3214221676
https://openalex.org/W3214888702
https://openalex.org/W3216764290
https://openalex.org/W3217275759
https://openalex.org/W3217756449
https://openalex.org/W339264926
https://openalex.org/W4200203019
https://openalex.org/W4200292429
https://openalex.org/W4200621519
https://openalex.org/W4205217993
https://openalex.org/W4213258810
https://openalex.org/W4213346121
https://openalex.org/W4226401344
https://openalex.org/W4230772010
https://openalex.org/W4233410331
https://openalex.org/W4240282725
https://openalex.org/W4240898733
https://openalex.org/W4242242320
https://openalex.org/W4249166112
https://openalex.org/W4255379380
https://openalex.org/W4255572373
https://openalex.org/W4287445136
https://openalex.org/W4291234348
https://openalex.org/W4394109438
https://openalex.org/W4394151456
https://openalex.org/W4394213984
https://openalex.org/W4394224913
https://openalex.org/W4394245533
https://openalex.org/W4394252540
https://openalex.org/W4394266618
https://openalex.org/W4394320666
https://openalex.org/W4394333410
https://openalex.org/W4394354163
https://openalex.org/W4394407547
https://openalex.org/W4394465743
https://openalex.org/W4394477739
https://openalex.org/W4394496823
https://openalex.org/W4394499353
https://openalex.org/W602968472
https://openalex.org/W617275067
https://openalex.org/W641634010
https://openalex.org/W646848378
https://openalex.org/W136260027
https://openalex.org/W2003028043
https://openalex.org/W2017932792
https://openalex.org/W2026957343
https://openalex.org/W2096416195
https://openalex.org/W229147767
https://openalex.org/W2348068383
https://openalex.org/W2350837977
https://openalex.org/W2362312693
https://openalex.org/W2363996231
https://openalex.org/W2366049409
https://openalex.org/W2388380241
https://openalex.org/W2389587065
https://openalex.org/W2390609595
https://openalex.org/W2413488677
https://openalex.org/W2417991890
https://openalex.org/W2423527014
https://openalex.org/W2516027145
https://openalex.org/W2561635494
https://openalex.org/W270175303
https://openalex.org/W2779358196
https://openalex.org/W2797742168
https://openalex.org/W2800449646
https://openalex.org/W331470192
https://openalex.org/W4213070433
https://openalex.org/W4233111435
https://openalex.org/W4239565588
https://openalex.org/W4241995452
https://openalex.org/W2189078509
https://openalex.org/W2409665539
https://openalex.org/W2423625896
https://openalex.org/W4214869943
https://openalex.org/W1414072878
https://openalex.org/W2029984547
https://openalex.org/W2069621060
https://openalex.org/W2088361864
https://openalex.org/W2125310104
https://openalex.org/W2132340584
https://openalex.org/W2302556461
https://openalex.org/W2351037165
https://openalex.org/W2353060934
https://openalex.org/W2354261405
https://openalex.org/W2382975328
https://openalex.org/W2394321520
https://openalex.org/W2398314256
https://openalex.org/W2405149252
https://openalex.org/W2408973395
https://openalex.org/W2488327386
https://openalex.org/W2489430242
https://openalex.org/W2504409781
https://openalex.org/W2949178185
https://openalex.org/W2949205133
https://openalex.org/W3021714406
https://openalex.org/W3118975809
https://openalex.org/W3128212988
https://openalex.org/W4235113286
https://openalex.org/W4237627298
https://openalex.org/W4254350621
https://openalex.org/W4298362441
https://openalex.org/W96576931
https://openalex.org/W113576534
https://openalex.org/W120733604
https://openalex.org/W1534809805
https://openalex.org/W1549533143
https://openalex.org/W184469528
https://openalex.org/W191844099
https://openalex.org/W1964851307
https://openalex.org/W2026759189
https://openalex.org/W2054912429
https://openalex.org/W2150400660
https://openalex.org/W2160956510
https://openalex.org/W2179401251
https://openalex.org/W2202273544
https://openalex.org/W2278040809
https://openalex.org/W2328746749
https://openalex.org/W2333126681
https://openalex.org/W2345087617
https://openalex.org/W2367672089
https://openalex.org/W2384249360
https://openalex.org/W2397638628
https://openalex.org/W2409701833
https://openalex.org/W2411232364
https://openalex.org/W2417338202
https://openalex.org/W2618870426
https://openalex.org/W264460162
https://openalex.org/W2883094241
https://openalex.org/W3199922970
https://openalex.org/W4230093665
https://openalex.org/W4239202557
https://openalex.org/W4240331101
https://openalex.org/W4241124938
https://openalex.org/W53758898
https://openalex.org/W12846080
https://openalex.org/W2085218147
https://openalex.org/W2226136595
https://openalex.org/W2282330497
https://openalex.org/W2315701733
https://openalex.org/W2343064397
https://openalex.org/W2412941708
https://openalex.org/W2419442128
https://openalex.org/W2435761317
https://openalex.org/W2561749880
https://openalex.org/W25716173
https://openalex.org/W277218111
https://openalex.org/W278898434
https://openalex.org/W2800747714
https://openalex.org/W3025502845
https://openalex.org/W4238866539
https://openalex.org/W4245219298
https://openalex.org/W4251344315
https://openalex.org/W4300953799
https://openalex.org/W48210629
https://openalex.org/W108739530
https://openalex.org/W115355618
https://openalex.org/W122841974
https://openalex.org/W128759149
https://openalex.org/W1518680737
https://openalex.org/W1529677301
https://openalex.org/W179502434
https://openalex.org/W1997673040
https://openalex.org/W2026282345
https://openalex.org/W2028072137
https://openalex.org/W2031311024
https://openalex.org/W2034075452
https://openalex.org/W2057664965
https://openalex.org/W2073941590
https://openalex.org/W2074478522
https://openalex.org/W2099213771
https://openalex.org/W2121313034
https://openalex.org/W2243467696
https://openalex.org/W227385564
https://openalex.org/W2315419407
https://openalex.org/W2394883333
https://openalex.org/W2404357315
https://openalex.org/W2411521049
https://openalex.org/W2412457424
https://openalex.org/W2463713870
https://openalex.org/W2486326899
https://openalex.org/W2508448009
https://openalex.org/W2570937825
https://openalex.org/W2656972103
https://openalex.org/W2778208740
https://openalex.org/W2781875586
https://openalex.org/W2945882144
https://openalex.org/W2993852424
https://openalex.org/W3022265976
https://openalex.org/W3143238419
https://openalex.org/W3155018867
https://openalex.org/W3192599918
https://openalex.org/W3197343797
https://openalex.org/W3204885659
https://openalex.org/W339630883
https://openalex.org/W351260022
https://openalex.org/W4206141160
https://openalex.org/W4212902114
https://openalex.org/W4214702533
https://openalex.org/W4235581771
https://openalex.org/W4253877632
https://openalex.org/W4254704054
https://openalex.org/W4254808436
https://openalex.org/W4298459606
https://openalex.org/W45689671
https://openalex.org/W574435466
https://openalex.org/W59853440
https://openalex.org/W75780008
https://openalex.org/W77711808
https://openalex.org/W843818744
https://openalex.org/W89160529
https://openalex.org/W96247096
https://openalex.org/W2131222241
https://openalex.org/W2155530804
https://openalex.org/W2106381149
https://openalex.org/W2056621404
https://openalex.org/W2068290015
https://openalex.org/W3121168123
https://openalex.org/W2804231581
https://openalex.org/W2039164708
https://openalex.org/W3097304691
https://openalex.org/W2165348349
https://openalex.org/W2050335144
https://openalex.org/W2143338249
https://openalex.org/W1994061059
https://openalex.org/W1917173555
https://openalex.org/W2117974455
https://openalex.org/W2043068743
https://openalex.org/W2099341021
https://openalex.org/W2043188635
https://openalex.org/W2006001375
https://openalex.org/W2444422412
https://openalex.org/W2022326327
https://openalex.org/W2112813244
https://openalex.org/W2125522014
https://openalex.org/W1971990975
https://openalex.org/W1993624611
https://openalex.org/W2139481981
https://openalex.org/W3022747103
https://openalex.org/W2155212834
https://openalex.org/W2164000228
https://openalex.org/W2102977341
https://openalex.org/W2124398468
https://openalex.org/W2463235957
https://openalex.org/W2039150777
https://openalex.org/W1850664963
https://openalex.org/W2058839428
https://openalex.org/W3108799736
https://openalex.org/W2114909008
https://openalex.org/W3033920919
https://openalex.org/W2095284457
https://openalex.org/W2774213581
https://openalex.org/W2132907880
https://openalex.org/W2302752368
https://openalex.org/W2895076946
https://openalex.org/W2539973327
https://openalex.org/W2464938060
https://openalex.org/W2900752862
https://openalex.org/W2946137257
https://openalex.org/W3130754450
https://openalex.org/W4280514719
https://openalex.org/W3194756050
https://openalex.org/W4317548875
https://openalex.org/W4316126735
https://openalex.org/W4367040821
https://openalex.org/W4312221498
https://openalex.org/W4386474527
https://openalex.org/W1609508426
https://openalex.org/W2066396162
https://openalex.org/W2124892192
https://openalex.org/W2142910727
https://openalex.org/W2044321635
https://openalex.org/W2141070863
https://openalex.org/W1816774827
https://openalex.org/W1595443856
https://openalex.org/W1981614516
https://openalex.org/W2112678957
https://openalex.org/W2146805637
https://openalex.org/W2060479260
https://openalex.org/W2110811742
https://openalex.org/W2115306377
https://openalex.org/W2025204456
https://openalex.org/W1674557579
https://openalex.org/W1718389736
https://openalex.org/W2044060078
https://openalex.org/W2148703808
https://openalex.org/W1492336771
https://openalex.org/W61614134
https://openalex.org/W2155505568
https://openalex.org/W1270261677
https://openalex.org/W2048279628
https://openalex.org/W1980605472
https://openalex.org/W1975695039
https://openalex.org/W2194247224
https://openalex.org/W2133762037
https://openalex.org/W2096704002
https://openalex.org/W2025687917
https://openalex.org/W1548885773
https://openalex.org/W1996748400
https://openalex.org/W1969913129
https://openalex.org/W1976837127
https://openalex.org/W2059117906
https://openalex.org/W2002669454
https://openalex.org/W2166268582
https://openalex.org/W2012356934
https://openalex.org/W2089735843
https://openalex.org/W2067643934
https://openalex.org/W2144028248
https://openalex.org/W2097563200
https://openalex.org/W1767798659
https://openalex.org/W2039580924
https://openalex.org/W2140834964
https://openalex.org/W2072118579
https://openalex.org/W1990073097
https://openalex.org/W2126833097
https://openalex.org/W1982094574
https://openalex.org/W2106556127
https://openalex.org/W2012239868
https://openalex.org/W1578182196
https://openalex.org/W2155929686
https://openalex.org/W2038315117
https://openalex.org/W2079817373
https://openalex.org/W2599812325
https://openalex.org/W1791934768
https://openalex.org/W2004641449
https://openalex.org/W2251793585
https://openalex.org/W2795271687
https://openalex.org/W1866327060
https://openalex.org/W2066937933
https://openalex.org/W2516226399
https://openalex.org/W2921090392
https://openalex.org/W2085304224
https://openalex.org/W2082961743
https://openalex.org/W2892205465
https://openalex.org/W2886858101
https://openalex.org/W2040564571
https://openalex.org/W2886972375
https://openalex.org/W2508720286
https://openalex.org/W1512308415
https://openalex.org/W2512909584
https://openalex.org/W2312789857
https://openalex.org/W2155653089
https://openalex.org/W1956993305
https://openalex.org/W1967774964
https://openalex.org/W2495491024
https://openalex.org/W2035257134
https://openalex.org/W2472069494
https://openalex.org/W2070262092
https://openalex.org/W2034826218
https://openalex.org/W2886842272
https://openalex.org/W2943483025
https://openalex.org/W2885201351
https://openalex.org/W2884677760
https://openalex.org/W3104144381
https://openalex.org/W2987961364
https://openalex.org/W2790146951
https://openalex.org/W2900990652
https://openalex.org/W2965380295
https://openalex.org/W3049409207
https://openalex.org/W2994895686
https://openalex.org/W3011622579
https://openalex.org/W3165325429
https://openalex.org/W3045182317
https://openalex.org/W3008777526
https://openalex.org/W3112661335
https://openalex.org/W3158621224
https://openalex.org/W3108951342
https://openalex.org/W3195997577
https://openalex.org/W4220850985
https://openalex.org/W1973461560
https://openalex.org/W4308783150
https://openalex.org/W4379260328
https://openalex.org/W4318070809
https://openalex.org/W4390523552
https://openalex.org/W4385779336
https://openalex.org/W4390064515
https://openalex.org/W2139010326
https://openalex.org/W1997304990
https://openalex.org/W2166824762
https://openalex.org/W2103183364
https://openalex.org/W2151584690
https://openalex.org/W2104297703
https://openalex.org/W2015466314
https://openalex.org/W2073955747
https://openalex.org/W2103029879
https://openalex.org/W2139954018
https://openalex.org/W2068648030
https://openalex.org/W2048358667
https://openalex.org/W2008099291
https://openalex.org/W2085634797
https://openalex.org/W2020678429
https://openalex.org/W1819922922
https://openalex.org/W1987659923
https://openalex.org/W2088740850
https://openalex.org/W2041327527
https://openalex.org/W2015902171
https://openalex.org/W2038581981
https://openalex.org/W2096594321
https://openalex.org/W2096756834
https://openalex.org/W2108074664
https://openalex.org/W2099286533
https://openalex.org/W2005498969
https://openalex.org/W2150657876
https://openalex.org/W2109201263
https://openalex.org/W2002533263
https://openalex.org/W2058539289
https://openalex.org/W1989543011
https://openalex.org/W2106063884
https://openalex.org/W2101425299
https://openalex.org/W93204923
https://openalex.org/W2081251618
https://openalex.org/W2098879002
https://openalex.org/W2104422240
https://openalex.org/W2137011899
https://openalex.org/W2110955703
https://openalex.org/W2016798908
https://openalex.org/W1585556320
https://openalex.org/W2012278948
https://openalex.org/W2127585938
https://openalex.org/W2331561264
https://openalex.org/W2027611776
https://openalex.org/W2096144945
https://openalex.org/W2120015832
https://openalex.org/W2161804775
https://openalex.org/W2337177613
https://openalex.org/W2035462622
https://openalex.org/W2056138285
https://openalex.org/W1581284341
https://openalex.org/W2092230916
https://openalex.org/W2117785737
https://openalex.org/W1997189773
https://openalex.org/W2087518910
https://openalex.org/W2010706634
https://openalex.org/W2063385560
https://openalex.org/W1989952181
https://openalex.org/W199397831
https://openalex.org/W2110860120
https://openalex.org/W2030774002
https://openalex.org/W2086079289
https://openalex.org/W2138925237
https://openalex.org/W2346791303
https://openalex.org/W2952432726
https://openalex.org/W2026790581
https://openalex.org/W2750758564
https://openalex.org/W2023397502
https://openalex.org/W2045397590
https://openalex.org/W2050271408
https://openalex.org/W2318357623
https://openalex.org/W1804735377
https://openalex.org/W2017344626
https://openalex.org/W1789208348
https://openalex.org/W2084646256
https://openalex.org/W2747591836
https://openalex.org/W2069834689
https://openalex.org/W1739925079
https://openalex.org/W2559832357
https://openalex.org/W2139855987
https://openalex.org/W2151050931
https://openalex.org/W2262083583
https://openalex.org/W2620008350
https://openalex.org/W1498026065
https://openalex.org/W2900491285
https://openalex.org/W2328340114
https://openalex.org/W2753736490
https://openalex.org/W2559034794
https://openalex.org/W2576494027
https://openalex.org/W2884208074
https://openalex.org/W2767921590
https://openalex.org/W3108793570
https://openalex.org/W3110704131
https://openalex.org/W2967195199
https://openalex.org/W2944198657
https://openalex.org/W2970533447
https://openalex.org/W3024491273
https://openalex.org/W2967985664
https://openalex.org/W3022433185
https://openalex.org/W3178002061
https://openalex.org/W3155032836
https://openalex.org/W3117465415
https://openalex.org/W3129895577
https://openalex.org/W3038515427
https://openalex.org/W4200417823
https://openalex.org/W4280543166
https://openalex.org/W4220782844
https://openalex.org/W4214821740
https://openalex.org/W4225665673
https://openalex.org/W4321092574
https://openalex.org/W4296479261
https://openalex.org/W4310012012
https://openalex.org/W4315482720
https://openalex.org/W4386812555
https://openalex.org/W4387977675
https://openalex.org/W4389946816
https://openalex.org/W4390983854
https://openalex.org/W4391426559
https://openalex.org/W4392372046
https://openalex.org/W1967359786
https://openalex.org/W2153412942
https://openalex.org/W2166755165
https://openalex.org/W2045148061
https://openalex.org/W2055572487
https://openalex.org/W2104723919
https://openalex.org/W2006175047
https://openalex.org/W2031917000
https://openalex.org/W2418474507
https://openalex.org/W2056211408
https://openalex.org/W2155394376
https://openalex.org/W2399984187
https://openalex.org/W2007462750
https://openalex.org/W2084472122
https://openalex.org/W2089570679
https://openalex.org/W2212811184
https://openalex.org/W2154148975
https://openalex.org/W2120136262
https://openalex.org/W2064308078
https://openalex.org/W2046890382
https://openalex.org/W2042314670
https://openalex.org/W2041949728
https://openalex.org/W2073986874
https://openalex.org/W2001280030
https://openalex.org/W2120994778
https://openalex.org/W2017868990
https://openalex.org/W2055153265
https://openalex.org/W2145548823
https://openalex.org/W2171663434
https://openalex.org/W1987052978
https://openalex.org/W2061520823
https://openalex.org/W1991530182
https://openalex.org/W2087634367
https://openalex.org/W2148514581
https://openalex.org/W1998280194
https://openalex.org/W2050868766
https://openalex.org/W1923943522
https://openalex.org/W2103851943
https://openalex.org/W4256687443
https://openalex.org/W1976973369
https://openalex.org/W2010454481
https://openalex.org/W1925033047
https://openalex.org/W2056125312
https://openalex.org/W2136571368
https://openalex.org/W2081217308
https://openalex.org/W2111905385
https://openalex.org/W1971814922
https://openalex.org/W2323089654
https://openalex.org/W2163710028
https://openalex.org/W2200981753
https://openalex.org/W2096693293
https://openalex.org/W2622971713
https://openalex.org/W2725900963
https://openalex.org/W2069305978
https://openalex.org/W2318320763
https://openalex.org/W2594491070
https://openalex.org/W2794166468
https://openalex.org/W2003726399
https://openalex.org/W2372245829
https://openalex.org/W2896030904
https://openalex.org/W1554725394
https://openalex.org/W2152883637
https://openalex.org/W2408127133
https://openalex.org/W4231044292
https://openalex.org/W2593453675
https://openalex.org/W2521778884
https://openalex.org/W2996746845
https://openalex.org/W2294012977
https://openalex.org/W2807581044
https://openalex.org/W2900185100
https://openalex.org/W3028493720
https://openalex.org/W3009751878
https://openalex.org/W2916148703
https://openalex.org/W2937540110
https://openalex.org/W2981873878
https://openalex.org/W3027489975
https://openalex.org/W3091180579
https://openalex.org/W3168553143
https://openalex.org/W3184476153
https://openalex.org/W3047261909
https://openalex.org/W3123037731
https://openalex.org/W3087485153
https://openalex.org/W3199556670
https://openalex.org/W4214865758
https://openalex.org/W4286498150
https://openalex.org/W4214612342
https://openalex.org/W4224255375
https://openalex.org/W200945303
https://openalex.org/W2050844114
https://openalex.org/W4225979406
https://openalex.org/W4280565215
https://openalex.org/W4285292589
https://openalex.org/W2317561348
https://openalex.org/W4385520439
https://openalex.org/W4322488067
https://openalex.org/W4385988772
https://openalex.org/W2137681236
https://openalex.org/W64742242
https://openalex.org/W1980725180
https://openalex.org/W2144388659
https://openalex.org/W2053861052
https://openalex.org/W2111217714
https://openalex.org/W2148961804
https://openalex.org/W2147530910
https://openalex.org/W1920446910
https://openalex.org/W1994474466
https://openalex.org/W2133324352
https://openalex.org/W2107752890
https://openalex.org/W4319720707
https://openalex.org/W1964030217
https://openalex.org/W1999633698
https://openalex.org/W2062101978
https://openalex.org/W2129746898
https://openalex.org/W2166083856
https://openalex.org/W2124053059
https://openalex.org/W2000573331
https://openalex.org/W2057479340
https://openalex.org/W2170599934
https://openalex.org/W2105354718
https://openalex.org/W2062195508
https://openalex.org/W1910491400
https://openalex.org/W1980195778
https://openalex.org/W2012506695
https://openalex.org/W2080379243
https://openalex.org/W2035064424
https://openalex.org/W2040480830
https://openalex.org/W1986661081
https://openalex.org/W1997138984
https://openalex.org/W2098456916
https://openalex.org/W1992027190
https://openalex.org/W2239223351
https://openalex.org/W1985012578
https://openalex.org/W2145500655
https://openalex.org/W1998253373
https://openalex.org/W2115410072
https://openalex.org/W1599696774
https://openalex.org/W2081763626
https://openalex.org/W2100183746
https://openalex.org/W2116372022
https://openalex.org/W1187652597
https://openalex.org/W2078005677
https://openalex.org/W2166816242
https://openalex.org/W4298884287
https://openalex.org/W2123782727
https://openalex.org/W2201855886
https://openalex.org/W1993281299
https://openalex.org/W2610746818
https://openalex.org/W2396612550
https://openalex.org/W2766837307
https://openalex.org/W2176305910
https://openalex.org/W2772948365
https://openalex.org/W2004320421
https://openalex.org/W1517707520
https://openalex.org/W2411998436
https://openalex.org/W2889412335
https://openalex.org/W2927222614
https://openalex.org/W2508782022
https://openalex.org/W2889539534
https://openalex.org/W2901662761
https://openalex.org/W2988688765
https://openalex.org/W2953047328
https://openalex.org/W3011882609
https://openalex.org/W3041719575
https://openalex.org/W3020811472
https://openalex.org/W2996953771
https://openalex.org/W3046425272
https://openalex.org/W3081697850
https://openalex.org/W3083995893
https://openalex.org/W3137909038
https://openalex.org/W3129575296
https://openalex.org/W3196143456
https://openalex.org/W4281663706
https://openalex.org/W4206962942
https://openalex.org/W4210862595
https://openalex.org/W4225472040
https://openalex.org/W4280644170
https://openalex.org/W3215200648
https://openalex.org/W4211123674
https://openalex.org/W4281295986
https://openalex.org/W4317212837
https://openalex.org/W4323031776
https://openalex.org/W4376255587
https://openalex.org/W4381085632
https://openalex.org/W4383817858
https://openalex.org/W2137298388
https://openalex.org/W1541666340
https://openalex.org/W2080356067
https://openalex.org/W2123644036
https://openalex.org/W2064347783
https://openalex.org/W1974601783
https://openalex.org/W2136204271
https://openalex.org/W2162993307
https://openalex.org/W2092702407
https://openalex.org/W2052492794
https://openalex.org/W1563868672
https://openalex.org/W2045659599
https://openalex.org/W2117761100
https://openalex.org/W2016765724
https://openalex.org/W2031674105
https://openalex.org/W2057606830
https://openalex.org/W2012662402
https://openalex.org/W2025422261
https://openalex.org/W2015175450
https://openalex.org/W2002749742
https://openalex.org/W2106198852
https://openalex.org/W2210168738
https://openalex.org/W131662603
https://openalex.org/W2063760196
https://openalex.org/W2128295995
https://openalex.org/W1974313786
https://openalex.org/W2097911708
https://openalex.org/W2101673512
https://openalex.org/W2170260500
https://openalex.org/W1997905388
https://openalex.org/W2098208235
https://openalex.org/W2153677161
https://openalex.org/W2104309252
https://openalex.org/W2155537093
https://openalex.org/W2099611144
https://openalex.org/W2051876028
https://openalex.org/W2032641975
https://openalex.org/W1995272742
https://openalex.org/W2041834285
https://openalex.org/W2085668934
https://openalex.org/W2097463643
https://openalex.org/W2152523276
https://openalex.org/W2017997170
https://openalex.org/W2097887392
https://openalex.org/W1988025754
https://openalex.org/W2018213620
https://openalex.org/W2065442503
https://openalex.org/W2089923130
https://openalex.org/W1865730583
https://openalex.org/W2002426780
https://openalex.org/W2155956605
https://openalex.org/W2386961963
https://openalex.org/W2087876114
https://openalex.org/W2197033418
https://openalex.org/W2295669653
https://openalex.org/W2614319998
https://openalex.org/W2617227331
https://openalex.org/W1926017612
https://openalex.org/W2304354553
https://openalex.org/W2535831837
https://openalex.org/W2784043974
https://openalex.org/W2398523284
https://openalex.org/W2607334581
https://openalex.org/W2739340122
https://openalex.org/W2883353135
https://openalex.org/W2891335288
https://openalex.org/W2315817371
https://openalex.org/W2524244837
https://openalex.org/W2526571932
https://openalex.org/W2753470284
https://openalex.org/W2944416677
https://openalex.org/W2806697564
https://openalex.org/W2888287549
https://openalex.org/W2903794919
https://openalex.org/W3055792740
https://openalex.org/W3086976388
https://openalex.org/W3008565314
https://openalex.org/W3019519693
https://openalex.org/W3088518011
https://openalex.org/W3158340897
https://openalex.org/W3198560188
https://openalex.org/W3115408634
https://openalex.org/W3203673145
https://openalex.org/W2415683912
https://openalex.org/W4210911151
https://openalex.org/W4283276607
https://openalex.org/W4294242233
https://openalex.org/W4308782102
https://openalex.org/W4311900843
https://openalex.org/W4316468210
https://openalex.org/W2028109787
https://openalex.org/W2055316648
https://openalex.org/W2102520780
https://openalex.org/W2034226327
https://openalex.org/W2129036351
https://openalex.org/W2014379440
https://openalex.org/W2015691153
https://openalex.org/W2135911332
https://openalex.org/W1968834463
https://openalex.org/W2168061556
https://openalex.org/W1979861205
https://openalex.org/W2094073841
https://openalex.org/W1848046338
https://openalex.org/W1980947208
https://openalex.org/W2000727007
https://openalex.org/W2152705444
https://openalex.org/W2011507251
https://openalex.org/W2076462594
https://openalex.org/W2138679060
https://openalex.org/W1899282161
https://openalex.org/W2098660106
https://openalex.org/W2157049678
https://openalex.org/W1984199148
https://openalex.org/W1995236917
https://openalex.org/W2022365724
https://openalex.org/W2024746783
https://openalex.org/W2079476559
https://openalex.org/W2101873045
https://openalex.org/W2008571149
https://openalex.org/W2043921074
https://openalex.org/W2078577712
https://openalex.org/W2026345797
https://openalex.org/W2108457513
https://openalex.org/W2001421218
https://openalex.org/W2338198623
https://openalex.org/W2019033245
https://openalex.org/W2075561464
https://openalex.org/W2098468526
https://openalex.org/W2105511722
https://openalex.org/W2146962751
https://openalex.org/W2148516870
https://openalex.org/W2010652204
https://openalex.org/W2044076042
https://openalex.org/W2171958878
https://openalex.org/W2134726826
https://openalex.org/W1986748287
https://openalex.org/W2118069987
https://openalex.org/W1975025301
https://openalex.org/W2145207978
https://openalex.org/W2588642794
https://openalex.org/W2606998714
https://openalex.org/W1761389602
https://openalex.org/W1871200520
https://openalex.org/W2396280219
https://openalex.org/W2759877698
https://openalex.org/W2792089360
https://openalex.org/W2898405366
https://openalex.org/W2192551925
https://openalex.org/W2298993405
https://openalex.org/W2533321917
https://openalex.org/W2897008669
https://openalex.org/W2264333554
https://openalex.org/W2518933333
https://openalex.org/W2587249221
https://openalex.org/W2883862478
https://openalex.org/W2891293117
https://openalex.org/W2955856035
https://openalex.org/W2977264148
https://openalex.org/W2305755811
https://openalex.org/W2345560358
https://openalex.org/W2554758348
https://openalex.org/W2937052621
https://openalex.org/W2964616301
https://openalex.org/W2940825678
https://openalex.org/W2950047478
https://openalex.org/W2960222712
https://openalex.org/W2966792163
https://openalex.org/W3080100134
https://openalex.org/W3127698304
https://openalex.org/W3194151004
https://openalex.org/W3199046896
https://openalex.org/W3211705866
https://openalex.org/W3128483724
https://openalex.org/W3168543578
https://openalex.org/W3169739654
https://openalex.org/W4213320764
https://openalex.org/W4295048882
https://openalex.org/W4200516072
https://openalex.org/W4281750119
https://openalex.org/W4289333742
https://openalex.org/W4313514055
https://openalex.org/W4318042614
https://openalex.org/W4323569469
https://openalex.org/W4361293142
https://openalex.org/W4366748095
https://openalex.org/W4377028662
https://openalex.org/W4385715971
https://openalex.org/W4387600305
https://openalex.org/W2130422617
https://openalex.org/W1993537854
https://openalex.org/W1936048663
https://openalex.org/W2097636769
https://openalex.org/W2156282427
https://openalex.org/W2094382824
https://openalex.org/W2149584384
https://openalex.org/W1966721434
https://openalex.org/W2159909619
https://openalex.org/W2154727123
https://openalex.org/W2103649849
https://openalex.org/W2045175432
https://openalex.org/W2410793444
https://openalex.org/W2057914996
https://openalex.org/W2076679324
https://openalex.org/W1997201390
https://openalex.org/W2008735759
https://openalex.org/W2032556726
https://openalex.org/W2129213528
https://openalex.org/W1969079432
https://openalex.org/W2045117429
https://openalex.org/W2885298878
https://openalex.org/W1977157236
https://openalex.org/W2104583517
https://openalex.org/W2036746106
https://openalex.org/W2088378413
https://openalex.org/W1986740701
https://openalex.org/W2009139349
https://openalex.org/W2058661898
https://openalex.org/W2012223202
https://openalex.org/W2057974622
https://openalex.org/W2092869196
https://openalex.org/W2319363572
https://openalex.org/W1985321729
https://openalex.org/W2007100811
https://openalex.org/W2419628989
https://openalex.org/W2114251471
https://openalex.org/W3141681684
https://openalex.org/W1580458257
https://openalex.org/W2017428956
https://openalex.org/W2040767374
https://openalex.org/W2065819898
https://openalex.org/W2416664718
https://openalex.org/W1973859314
https://openalex.org/W1982500363
https://openalex.org/W2038520202
https://openalex.org/W1968639238
https://openalex.org/W2051496998
https://openalex.org/W2087795951
https://openalex.org/W2106364888
https://openalex.org/W2165438881
https://openalex.org/W2342357171
https://openalex.org/W2620592609
https://openalex.org/W2014659288
https://openalex.org/W2029046512
https://openalex.org/W2059847171
https://openalex.org/W2100378148
https://openalex.org/W2347129057
https://openalex.org/W2414935154
https://openalex.org/W1982724525
https://openalex.org/W2742213145
https://openalex.org/W770320534
https://openalex.org/W1966379013
https://openalex.org/W2000177485
https://openalex.org/W2090715263
https://openalex.org/W2106940460
https://openalex.org/W2129799427
https://openalex.org/W2539293568
https://openalex.org/W2749248072
https://openalex.org/W2784082043
https://openalex.org/W2981649455
https://openalex.org/W2288546320
https://openalex.org/W2375466721
https://openalex.org/W2395377289
https://openalex.org/W2773534596
https://openalex.org/W2774460189
https://openalex.org/W2784856259
https://openalex.org/W2788672744
https://openalex.org/W2791362379
https://openalex.org/W2794699987
https://openalex.org/W2900163688
https://openalex.org/W2971355441
https://openalex.org/W2996786562
https://openalex.org/W3022416546
https://openalex.org/W3084537380
https://openalex.org/W2955416528
https://openalex.org/W3081553738
https://openalex.org/W3112245276
https://openalex.org/W3162969019
https://openalex.org/W3199843139
https://openalex.org/W3116172947
https://openalex.org/W3193626987
https://openalex.org/W3194812669
https://openalex.org/W3200594879
https://openalex.org/W3216946600
https://openalex.org/W3217230625
https://openalex.org/W3217615888
https://openalex.org/W4213178219
https://openalex.org/W4220788684
https://openalex.org/W4223936361
https://openalex.org/W4223967702
https://openalex.org/W4226361679
https://openalex.org/W4285606708
https://openalex.org/W4293103274
https://openalex.org/W4296641339
https://openalex.org/W3187591122
https://openalex.org/W3189084225
https://openalex.org/W3190430298
https://openalex.org/W3216598924
https://openalex.org/W4389138658
https://openalex.org/W4389764953
https://openalex.org/W4389775244
https://openalex.org/W4390155038
https://openalex.org/W4390779345
https://openalex.org/W4390843032
https://openalex.org/W4390980399
https://openalex.org/W4391094587
https://openalex.org/W4391111798
https://openalex.org/W4391163493
https://openalex.org/W4391338568
https://openalex.org/W4391339332
https://openalex.org/W4391560806
https://openalex.org/W4391560977
https://openalex.org/W4391562501
https://openalex.org/W4391562750
https://openalex.org/W4391562780
https://openalex.org/W4391601113
https://openalex.org/W4391606964
https://openalex.org/W4391615583
https://openalex.org/W4391653092
https://openalex.org/W4391730930
https://openalex.org/W4391846807
https://openalex.org/W4391956872
https://openalex.org/W4392170553
https://openalex.org/W4392186197
https://openalex.org/W4392368795
https://openalex.org/W4392454859
https://openalex.org/W4392459028
https://openalex.org/W4392542864
https://openalex.org/W4392624392
https://openalex.org/W4392816870
https://openalex.org/W4392841811
https://openalex.org/W4392912135
https://openalex.org/W4392922079
https://openalex.org/W4392936160
https://openalex.org/W4393090490
https://openalex.org/W4393123774
https://openalex.org/W4393148319
https://openalex.org/W4393851853
https://openalex.org/W4393924958
https://openalex.org/W4394598489
https://openalex.org/W4394692945
https://openalex.org/W4394768355
https://openalex.org/W4394803249
https://openalex.org/W4394814492
https://openalex.org/W4394917628
https://openalex.org/W4394984480
https://openalex.org/W4394991686
https://openalex.org/W4395001876
https://openalex.org/W4395012595
https://openalex.org/W4395053152
https://openalex.org/W4395468743
https://openalex.org/W4395672805
https://openalex.org/W4395692873
https://openalex.org/W96323440
https://openalex.org/W1978807761
https://openalex.org/W2076422112
https://openalex.org/W1969283325
https://openalex.org/W1987425741
https://openalex.org/W1983364384
https://openalex.org/W2126907380
https://openalex.org/W1997007038
https://openalex.org/W2128533677
https://openalex.org/W2181446882
https://openalex.org/W2028765004
https://openalex.org/W2100980071
https://openalex.org/W2101851769
https://openalex.org/W1981691393
https://openalex.org/W2059020768
https://openalex.org/W2078800421
https://openalex.org/W2023392368
https://openalex.org/W2069880950
https://openalex.org/W2045816916
https://openalex.org/W2034786890
https://openalex.org/W2176515309
https://openalex.org/W2321936314
https://openalex.org/W2793353408
https://openalex.org/W2415958069
https://openalex.org/W2032330302
https://openalex.org/W2096785075
https://openalex.org/W2887285624
https://openalex.org/W1554563453
https://openalex.org/W1986442875
https://openalex.org/W2022540534
https://openalex.org/W2167462578
https://openalex.org/W1580306922
https://openalex.org/W2073127025
https://openalex.org/W2088837764
https://openalex.org/W2402735918
https://openalex.org/W1527366061
https://openalex.org/W2001882147
https://openalex.org/W2408964460
https://openalex.org/W2469091433
https://openalex.org/W2031634569
https://openalex.org/W2053760196
https://openalex.org/W2082463634
https://openalex.org/W1969123524
https://openalex.org/W2082422127
https://openalex.org/W1493024213
https://openalex.org/W1948369445
https://openalex.org/W1999153910
https://openalex.org/W2079769483
https://openalex.org/W2125922334
https://openalex.org/W2150125378
https://openalex.org/W2399806230
https://openalex.org/W2412489324
https://openalex.org/W2767659123
https://openalex.org/W2775270208
https://openalex.org/W777655800
https://openalex.org/W2152968140
https://openalex.org/W2170807153
https://openalex.org/W2479519903
https://openalex.org/W2757303535
https://openalex.org/W2793875410
https://openalex.org/W2888251577
https://openalex.org/W2906429210
https://openalex.org/W1992689836
https://openalex.org/W2058054193
https://openalex.org/W2524215038
https://openalex.org/W2889364712
https://openalex.org/W2899577347
https://openalex.org/W2954782375
https://openalex.org/W2967264381
https://openalex.org/W3009499068
https://openalex.org/W2395907205
https://openalex.org/W2515915054
https://openalex.org/W2970100105
https://openalex.org/W2981128977
https://openalex.org/W3010395642
https://openalex.org/W3011378642
https://openalex.org/W3046974286
https://openalex.org/W2889136760
https://openalex.org/W3133907393
https://openalex.org/W3159425916
https://openalex.org/W3186763350
https://openalex.org/W3193686319
https://openalex.org/W4307816514
https://openalex.org/W4312019949
https://openalex.org/W4313648326
https://openalex.org/W4316928612
https://openalex.org/W4319460776
https://openalex.org/W4319601425
https://openalex.org/W4321003482
https://openalex.org/W4321610329
https://openalex.org/W4362633785
https://openalex.org/W4372185405
https://openalex.org/W4376471355
https://openalex.org/W4380760635
https://openalex.org/W4381664322
https://openalex.org/W4382981522
https://openalex.org/W4387440359
https://openalex.org/W4388199415
https://openalex.org/W4389565713
https://openalex.org/W2047361166
https://openalex.org/W2336738868
https://openalex.org/W2023313199
https://openalex.org/W1969259948
https://openalex.org/W2118595974
https://openalex.org/W2414244717
https://openalex.org/W1892143409
https://openalex.org/W2297124431
https://openalex.org/W2161632202
https://openalex.org/W75281861
https://openalex.org/W1998158521
https://openalex.org/W2142555803
https://openalex.org/W360016549
https://openalex.org/W2004471288
https://openalex.org/W2019843970
https://openalex.org/W2043548160
https://openalex.org/W2046763125
https://openalex.org/W2140727236
https://openalex.org/W2154977429
https://openalex.org/W2412496111
https://openalex.org/W1992979660
https://openalex.org/W2029173873
https://openalex.org/W2002361702
https://openalex.org/W2033158531
https://openalex.org/W2069565148
https://openalex.org/W2107477901
https://openalex.org/W2162384945
https://openalex.org/W2007704437
https://openalex.org/W2010823360
https://openalex.org/W2081968046
https://openalex.org/W4247842263
https://openalex.org/W2086462435
https://openalex.org/W1560898400
https://openalex.org/W2016300745
https://openalex.org/W2092081274
https://openalex.org/W2412030421
https://openalex.org/W2020974794
https://openalex.org/W2033344301
https://openalex.org/W2049533855
https://openalex.org/W2077080716
https://openalex.org/W2415231647
https://openalex.org/W2156215610
https://openalex.org/W2428544778
https://openalex.org/W1701444545
https://openalex.org/W1970823764
https://openalex.org/W2471147255
https://openalex.org/W2501573943
https://openalex.org/W1622649409
https://openalex.org/W2029030711
https://openalex.org/W2041409336
https://openalex.org/W2076088413
https://openalex.org/W2139245753
https://openalex.org/W2031590868
https://openalex.org/W2056680747
https://openalex.org/W2071701022
https://openalex.org/W2117863845
https://openalex.org/W2129784908
https://openalex.org/W1966321794
https://openalex.org/W2002292103
https://openalex.org/W2042884875
https://openalex.org/W2076873368
https://openalex.org/W2088012440
https://openalex.org/W2597742735
https://openalex.org/W2776037428
https://openalex.org/W2949626501
https://openalex.org/W2065528006
https://openalex.org/W2409550527
https://openalex.org/W2415107559
https://openalex.org/W2512600448
https://openalex.org/W2587500274
https://openalex.org/W2765945536
https://openalex.org/W2898917374
https://openalex.org/W2899482561
https://openalex.org/W2508036339
https://openalex.org/W2532337268
https://openalex.org/W2549743524
https://openalex.org/W2552194016
https://openalex.org/W2911356651
https://openalex.org/W2915885988
https://openalex.org/W2923893467
https://openalex.org/W3007466609
https://openalex.org/W3011509410
https://openalex.org/W3014961069
https://openalex.org/W3049729039
https://openalex.org/W3084942723
https://openalex.org/W3157079413
https://openalex.org/W3187569188
https://openalex.org/W3187786391
https://openalex.org/W3188778457
https://openalex.org/W4213222760
https://openalex.org/W4224243131
https://openalex.org/W4224283063
https://openalex.org/W4280502972
https://openalex.org/W4281713422
https://openalex.org/W4289745710
https://openalex.org/W4295681620
https://openalex.org/W4296367944
https://openalex.org/W4297320239
https://openalex.org/W2322665535
https://openalex.org/W1965700828
https://openalex.org/W2112496192
https://openalex.org/W2276634164
https://openalex.org/W2026476158
https://openalex.org/W2056550604
https://openalex.org/W2126747284
https://openalex.org/W2231830874
https://openalex.org/W1987197802
https://openalex.org/W2013135108
https://openalex.org/W2143010680
https://openalex.org/W2025307517
https://openalex.org/W2081007126
https://openalex.org/W2086753939
https://openalex.org/W2087519333
https://openalex.org/W2008286114
https://openalex.org/W2077024845
https://openalex.org/W1976486155
https://openalex.org/W1979452289
https://openalex.org/W2016764253
https://openalex.org/W2017958849
https://openalex.org/W2041501791
https://openalex.org/W2083871148
https://openalex.org/W2095632729
https://openalex.org/W1993789792
https://openalex.org/W2028056960
https://openalex.org/W2046838521
https://openalex.org/W2126267641
https://openalex.org/W2596907267
https://openalex.org/W3147068570
https://openalex.org/W2051229524
https://openalex.org/W2074091582
https://openalex.org/W2096093067
https://openalex.org/W2411588863
https://openalex.org/W191309474
https://openalex.org/W2061482436
https://openalex.org/W2070238671
https://openalex.org/W2082578714
https://openalex.org/W2171031271
https://openalex.org/W2336831840
https://openalex.org/W2049120916
https://openalex.org/W2110409615
https://openalex.org/W2054818665
https://openalex.org/W2090611383
https://openalex.org/W2342625835
https://openalex.org/W1968445856
https://openalex.org/W2112235957
https://openalex.org/W2119381690
https://openalex.org/W2419301329
https://openalex.org/W2032695193
https://openalex.org/W2081568879
https://openalex.org/W2133654558
https://openalex.org/W2117974719
https://openalex.org/W2123458609
https://openalex.org/W1994629351
https://openalex.org/W2034557655
https://openalex.org/W2134362190
https://openalex.org/W2315249680
https://openalex.org/W1992250766
https://openalex.org/W2001786105
https://openalex.org/W2027292598
https://openalex.org/W2030172654
https://openalex.org/W2047568376
https://openalex.org/W2049306329
https://openalex.org/W1564603310
https://openalex.org/W1971509496
https://openalex.org/W2005088285
https://openalex.org/W2602055674
https://openalex.org/W2753518590
https://openalex.org/W2766559649
https://openalex.org/W2771457130
https://openalex.org/W2793025896
https://openalex.org/W2793714527
https://openalex.org/W2884236132
https://openalex.org/W3024274130
https://openalex.org/W1516564495
https://openalex.org/W1648644107
https://openalex.org/W2111964574
https://openalex.org/W2472886385
https://openalex.org/W2528386452
https://openalex.org/W2533563827
https://openalex.org/W2560242676
https://openalex.org/W2616869111
https://openalex.org/W2674662279
https://openalex.org/W2789533319
https://openalex.org/W2898757214
https://openalex.org/W2899337409
https://openalex.org/W2962790394
https://openalex.org/W2486470779
https://openalex.org/W2890268676
https://openalex.org/W2949816271
https://openalex.org/W2959268805
https://openalex.org/W2966427539
https://openalex.org/W2983866008
https://openalex.org/W2602469066
https://openalex.org/W3083937278
https://openalex.org/W3084648893
https://openalex.org/W3107502971
https://openalex.org/W3128476619
https://openalex.org/W3161581934
https://openalex.org/W3203647108
https://openalex.org/W2234395164
https://openalex.org/W4225001793
https://openalex.org/W4226369580
https://openalex.org/W4281779493
https://openalex.org/W4282982807
https://openalex.org/W4289526490
https://openalex.org/W4293366712
https://openalex.org/W4296260941
https://openalex.org/W4306668289
https://openalex.org/W4320010780
https://openalex.org/W640934805
https://openalex.org/W2037934639
https://openalex.org/W2323440876
https://openalex.org/W2001151395
https://openalex.org/W2003136220
https://openalex.org/W2072613697
https://openalex.org/W2103682427
https://openalex.org/W2114024228
https://openalex.org/W2145218882
https://openalex.org/W2428861015
https://openalex.org/W154411084
https://openalex.org/W1983285473
https://openalex.org/W2208627475
https://openalex.org/W2067731872
https://openalex.org/W2112211430
https://openalex.org/W2285124032
https://openalex.org/W1970114653
https://openalex.org/W2404459128
https://openalex.org/W2418577172
https://openalex.org/W2473406076
https://openalex.org/W268049558
https://openalex.org/W295091320
https://openalex.org/W2055519121
https://openalex.org/W2077202725
https://openalex.org/W2111891739
https://openalex.org/W1968599685
https://openalex.org/W1971788237
https://openalex.org/W2070093899
https://openalex.org/W173148034
https://openalex.org/W1972963731
https://openalex.org/W2049372198
https://openalex.org/W2338298624
https://openalex.org/W2343659042
https://openalex.org/W2051559242
https://openalex.org/W99695262
https://openalex.org/W1965814280
https://openalex.org/W2051616087
https://openalex.org/W2106947079
https://openalex.org/W1577653384
https://openalex.org/W1980960203
https://openalex.org/W2009648040
https://openalex.org/W1606648030
https://openalex.org/W1986139847
https://openalex.org/W1989098231
https://openalex.org/W1991162001
https://openalex.org/W2060488554
https://openalex.org/W2157559496
https://openalex.org/W2169704988
https://openalex.org/W2212822226
https://openalex.org/W2418345836
https://openalex.org/W2744633645
https://openalex.org/W2791497409
https://openalex.org/W2794382761
https://openalex.org/W2953098951
https://openalex.org/W4233221569
https://openalex.org/W1887635328
https://openalex.org/W1967132185
https://openalex.org/W1996574665
https://openalex.org/W2130730122
https://openalex.org/W2164028409
https://openalex.org/W2275032217
https://openalex.org/W2315122441
https://openalex.org/W2606315787
https://openalex.org/W2618819640
https://openalex.org/W2766267572
https://openalex.org/W2780450491
https://openalex.org/W2791148919
https://openalex.org/W2941073866
https://openalex.org/W2983129167
https://openalex.org/W2992532223
https://openalex.org/W2523449285
https://openalex.org/W2546606780
https://openalex.org/W3002114029
https://openalex.org/W3008394635
https://openalex.org/W3035311318
https://openalex.org/W3106149572
https://openalex.org/W3103153595
https://openalex.org/W3185068449
https://openalex.org/W3185410819
https://openalex.org/W3204619270
https://openalex.org/W1996429152
https://openalex.org/W2133797780
https://openalex.org/W2054196846
https://openalex.org/W1884363820
https://openalex.org/W1979092481
https://openalex.org/W2023201121
https://openalex.org/W2035025341
https://openalex.org/W2417070097
https://openalex.org/W4236513507
https://openalex.org/W2463964964
https://openalex.org/W2037071336
https://openalex.org/W2171874635
https://openalex.org/W2008112394
https://openalex.org/W1975521532
https://openalex.org/W2023856400
https://openalex.org/W2026838403
https://openalex.org/W2043624907
https://openalex.org/W1581644263
https://openalex.org/W1969814301
https://openalex.org/W1972493659
https://openalex.org/W1984098557
https://openalex.org/W2042728094
https://openalex.org/W2051311116
https://openalex.org/W2063543618
https://openalex.org/W2178983037
https://openalex.org/W1964416455
https://openalex.org/W2137759983
https://openalex.org/W1962950247
https://openalex.org/W1967232569
https://openalex.org/W2074782366
https://openalex.org/W2137654084
https://openalex.org/W2161648651
https://openalex.org/W2163387631
https://openalex.org/W2079453166
https://openalex.org/W2080193930
https://openalex.org/W2397803467
https://openalex.org/W2461447906
https://openalex.org/W2184130291
https://openalex.org/W1497935843
https://openalex.org/W1985523997
https://openalex.org/W2000015231
https://openalex.org/W2038164106
https://openalex.org/W4246892979
https://openalex.org/W2043757102
https://openalex.org/W2055830293
https://openalex.org/W2069929268
https://openalex.org/W2071886494
https://openalex.org/W2095799887
https://openalex.org/W2120348768
https://openalex.org/W2164262884
https://openalex.org/W2167881828
https://openalex.org/W2399866183
https://openalex.org/W2618747174
https://openalex.org/W2774721948
https://openalex.org/W2789807711
https://openalex.org/W2792684800
https://openalex.org/W2901570508
https://openalex.org/W2904050054
https://openalex.org/W1957009871
https://openalex.org/W2018848281
https://openalex.org/W2110690170
https://openalex.org/W2176863788
https://openalex.org/W2896851586
https://openalex.org/W2953439396
https://openalex.org/W2965513442
https://openalex.org/W3028376846
https://openalex.org/W3081563294
https://openalex.org/W3108474115
https://openalex.org/W3114905795
https://openalex.org/W2471308167
https://openalex.org/W3134871397
https://openalex.org/W3147538807
https://openalex.org/W3157356812
https://openalex.org/W3194299493
https://openalex.org/W3197473440
https://openalex.org/W2955966503
https://openalex.org/W4210665954
https://openalex.org/W4213448865
https://openalex.org/W4214813128
https://openalex.org/W4214940667
https://openalex.org/W4220820932
https://openalex.org/W4282825795
https://openalex.org/W4283837234
https://openalex.org/W4285035401
https://openalex.org/W4285800310
https://openalex.org/W4286423341
https://openalex.org/W4291165427
https://openalex.org/W4309653312
https://openalex.org/W4312059968
https://openalex.org/W4313472876
https://openalex.org/W2329226120
https://openalex.org/W4200019563
https://openalex.org/W4294878225
https://openalex.org/W4313682910
https://openalex.org/W4319346307
https://openalex.org/W4319660376
https://openalex.org/W4321369328
https://openalex.org/W4322775122
https://openalex.org/W4324136444
https://openalex.org/W4328052311
https://openalex.org/W4361000125
https://openalex.org/W4362554916
https://openalex.org/W4366989078
https://openalex.org/W4367302503
https://openalex.org/W4377940451
https://openalex.org/W4383226517
https://openalex.org/W4383315963
https://openalex.org/W4384664572
https://openalex.org/W4385264049
https://openalex.org/W4385607210
https://openalex.org/W4385782284
https://openalex.org/W4386053832
https://openalex.org/W4386753000
https://openalex.org/W4387023543
https://openalex.org/W4387164988
https://openalex.org/W4387819315
https://openalex.org/W4388631074
https://openalex.org/W4388837317
https://openalex.org/W4389966163
https://openalex.org/W2113724876
https://openalex.org/W1964811914
https://openalex.org/W2065779153
https://openalex.org/W2093465867
https://openalex.org/W2116400839
https://openalex.org/W4252183276
https://openalex.org/W1521901933
https://openalex.org/W2022937187
https://openalex.org/W2040596801
https://openalex.org/W2061872703
https://openalex.org/W1968593499
https://openalex.org/W2277167024
https://openalex.org/W1966413071
https://openalex.org/W2049140758
https://openalex.org/W2162052786
https://openalex.org/W2073342178
https://openalex.org/W2413161110
https://openalex.org/W3020972883
https://openalex.org/W2094914035
https://openalex.org/W3125707525
https://openalex.org/W2093852582
https://openalex.org/W2099261092
https://openalex.org/W2104295705
https://openalex.org/W2013301667
https://openalex.org/W2050648797
https://openalex.org/W2400649701
https://openalex.org/W2401675599
https://openalex.org/W1502204677
https://openalex.org/W1979218095
https://openalex.org/W1992899442
https://openalex.org/W2472442195
https://openalex.org/W1525055452
https://openalex.org/W1661999914
https://openalex.org/W1980038938
https://openalex.org/W2005244965
https://openalex.org/W2101873345
https://openalex.org/W1846224912
https://openalex.org/W1968428604
https://openalex.org/W2005767654
https://openalex.org/W2047890785
https://openalex.org/W2126193473
https://openalex.org/W2132038643
https://openalex.org/W2133511392
https://openalex.org/W2244100718
https://openalex.org/W2333910426
https://openalex.org/W2415603186
https://openalex.org/W2575759548
https://openalex.org/W2589303085
https://openalex.org/W2742476997
https://openalex.org/W2771601403
https://openalex.org/W2771812558
https://openalex.org/W2786181934
https://openalex.org/W2796543623
https://openalex.org/W2798131525
https://openalex.org/W2883654445
https://openalex.org/W2077804437
https://openalex.org/W2342198354
https://openalex.org/W2487817854
https://openalex.org/W2587089582
https://openalex.org/W2754265061
https://openalex.org/W2769496568
https://openalex.org/W2971518684
https://openalex.org/W2974552557
https://openalex.org/W2993958696
https://openalex.org/W1838847527
https://openalex.org/W2124926616
https://openalex.org/W2417414056
https://openalex.org/W134541407
https://openalex.org/W1978367941
https://openalex.org/W1995016311
https://openalex.org/W2034078752
https://openalex.org/W2119245748
https://openalex.org/W1508817529
https://openalex.org/W1990431646
https://openalex.org/W2030219852
https://openalex.org/W2095226510
https://openalex.org/W2171553500
https://openalex.org/W9287358
https://openalex.org/W1993842046
https://openalex.org/W1998828037
https://openalex.org/W2058427733
https://openalex.org/W2060259271
https://openalex.org/W1968688747
https://openalex.org/W1995126397
https://openalex.org/W2081750715
https://openalex.org/W2107086185
https://openalex.org/W1556362275
https://openalex.org/W2034547893
https://openalex.org/W2060136333
https://openalex.org/W2072916826
https://openalex.org/W1988058788
https://openalex.org/W2083229742
https://openalex.org/W2083354048
https://openalex.org/W2466572624
https://openalex.org/W2793399826
https://openalex.org/W2033530314
https://openalex.org/W2165862212
https://openalex.org/W2403026910
https://openalex.org/W2023313237
https://openalex.org/W1976075687
https://openalex.org/W2416393073
https://openalex.org/W2040365628
https://openalex.org/W2076754289
https://openalex.org/W2104917403
https://openalex.org/W2589198120
https://openalex.org/W2889405952
https://openalex.org/W4245395403
https://openalex.org/W1538031483
https://openalex.org/W1974088888
https://openalex.org/W2050446203
https://openalex.org/W2067947070
https://openalex.org/W2069571285
https://openalex.org/W2117762298
https://openalex.org/W2127996418
https://openalex.org/W2176538332
https://openalex.org/W2287112444
https://openalex.org/W2304982037
https://openalex.org/W2319896116
https://openalex.org/W2418550190
https://openalex.org/W2477621731
https://openalex.org/W2565899814
https://openalex.org/W2575984490
https://openalex.org/W2605636084
https://openalex.org/W2914191300
https://openalex.org/W2921611590
https://openalex.org/W2946632030
https://openalex.org/W2964314322
https://openalex.org/W3012673439
https://openalex.org/W3028845505
https://openalex.org/W3033950260
https://openalex.org/W3100610036
https://openalex.org/W891143516
https://openalex.org/W2331913905
https://openalex.org/W2556657202
https://openalex.org/W3033912914
https://openalex.org/W3088314632
https://openalex.org/W3119721466
https://openalex.org/W3192429100
https://openalex.org/W3198735114
https://openalex.org/W3208754963
https://openalex.org/W2042959757
https://openalex.org/W2043235752
https://openalex.org/W2078861557
https://openalex.org/W2122080140
https://openalex.org/W2122461047
https://openalex.org/W2014799642
https://openalex.org/W2031077873
https://openalex.org/W2084941395
https://openalex.org/W2099499981
https://openalex.org/W2134058339
https://openalex.org/W2054462414
https://openalex.org/W1996071718
https://openalex.org/W2039388418
https://openalex.org/W2068739603
https://openalex.org/W2278562003
https://openalex.org/W2404098418
https://openalex.org/W2413024481
https://openalex.org/W1993267119
https://openalex.org/W2007289660
https://openalex.org/W2021114700
https://openalex.org/W2043115898
https://openalex.org/W2154451336
https://openalex.org/W338423230
https://openalex.org/W2015137680
https://openalex.org/W2166295582
https://openalex.org/W2405455947
https://openalex.org/W2416463226
https://openalex.org/W2412703003
https://openalex.org/W2077598697
https://openalex.org/W2088081707
https://openalex.org/W2408231793
https://openalex.org/W2412771031
https://openalex.org/W174598520
https://openalex.org/W1990988859
https://openalex.org/W2804856730
https://openalex.org/W2806699529
https://openalex.org/W305410705
https://openalex.org/W50156468
https://openalex.org/W1517681206
https://openalex.org/W1654935836
https://openalex.org/W1997536903
https://openalex.org/W2009107601
https://openalex.org/W2020859160
https://openalex.org/W2035773223
https://openalex.org/W2042627375
https://openalex.org/W2064127166
https://openalex.org/W2064481580
https://openalex.org/W2079298964
https://openalex.org/W2095828044
https://openalex.org/W2125088542
https://openalex.org/W2139723008
https://openalex.org/W2217756073
https://openalex.org/W2394313059
https://openalex.org/W2413285510
https://openalex.org/W2591405622
https://openalex.org/W2600722562
https://openalex.org/W2911804429
https://openalex.org/W2943522148
https://openalex.org/W2971305959
https://openalex.org/W2980634284
https://openalex.org/W2988373285
https://openalex.org/W2990619205
https://openalex.org/W3013089340
https://openalex.org/W3028612511
https://openalex.org/W3040746674
https://openalex.org/W3088528782
https://openalex.org/W3094966166
https://openalex.org/W81509782
https://openalex.org/W934935151
https://openalex.org/W2030681373
https://openalex.org/W3155371024
https://openalex.org/W3159167107
https://openalex.org/W3162366524
https://openalex.org/W3170165907
https://openalex.org/W3214579660
https://openalex.org/W2261266816
https://openalex.org/W4210408268
https://openalex.org/W4220868319
https://openalex.org/W4288097548
https://openalex.org/W4293456356
https://openalex.org/W4309678029
https://openalex.org/W4310467315
https://openalex.org/W4311419239
https://openalex.org/W2005064721
https://openalex.org/W2054241287
https://openalex.org/W2077238578
https://openalex.org/W1975697869
https://openalex.org/W2039619359
https://openalex.org/W2053230733
https://openalex.org/W2073413013
https://openalex.org/W1529354487
https://openalex.org/W197252139
https://openalex.org/W2043845849
https://openalex.org/W2084982566
https://openalex.org/W2412210006
https://openalex.org/W96314120
https://openalex.org/W1975018656
https://openalex.org/W2046769417
https://openalex.org/W2051448844
https://openalex.org/W2119201766
https://openalex.org/W2144510039
https://openalex.org/W2137653494
https://openalex.org/W179600832
https://openalex.org/W197132886
https://openalex.org/W2100033655
https://openalex.org/W1523469978
https://openalex.org/W1987641432
https://openalex.org/W2037677588
https://openalex.org/W2286318237
https://openalex.org/W2785792215
https://openalex.org/W2791202120
https://openalex.org/W2805912643
https://openalex.org/W4293092998
https://openalex.org/W1482367683
https://openalex.org/W1753900165
https://openalex.org/W2008323848
https://openalex.org/W2029913362
https://openalex.org/W2078769673
https://openalex.org/W2104985044
https://openalex.org/W2131709687
https://openalex.org/W2312983712
https://openalex.org/W2313378008
https://openalex.org/W2357130578
https://openalex.org/W2469391552
https://openalex.org/W2487591637
https://openalex.org/W2577926210
https://openalex.org/W2601949039
https://openalex.org/W2610302650
https://openalex.org/W3002229598
https://openalex.org/W3005787733
https://openalex.org/W3092447962
https://openalex.org/W3102128876
https://openalex.org/W3113269468
https://openalex.org/W100080955
https://openalex.org/W2090207401
https://openalex.org/W2154858612
https://openalex.org/W2030673060
https://openalex.org/W580318989
https://openalex.org/W2021802152
https://openalex.org/W2051125922
https://openalex.org/W1973552888
https://openalex.org/W2002568823
https://openalex.org/W2018017284
https://openalex.org/W2412664833
https://openalex.org/W2153074954
https://openalex.org/W2054482931
https://openalex.org/W150723297
https://openalex.org/W1998735650
https://openalex.org/W2078866116
https://openalex.org/W21071763
https://openalex.org/W1517354291
https://openalex.org/W2051986519
https://openalex.org/W2109906531
https://openalex.org/W2323751313
https://openalex.org/W2413614050
https://openalex.org/W2743311172
https://openalex.org/W2884174667
https://openalex.org/W2885067578
https://openalex.org/W2895736208
https://openalex.org/W2898102257
https://openalex.org/W2922412502
https://openalex.org/W2931472242
https://openalex.org/W2948130825
https://openalex.org/W2980583557
https://openalex.org/W3025347480
https://openalex.org/W3039550675
https://openalex.org/W2202326211
https://openalex.org/W2412283139
https://openalex.org/W2416395867
https://openalex.org/W2478617280
https://openalex.org/W2556911419
https://openalex.org/W2586570750
https://openalex.org/W3008984202
https://openalex.org/W3087196943
https://openalex.org/W3129508680
https://openalex.org/W3165341275
https://openalex.org/W3175197228
https://openalex.org/W3177517180
https://openalex.org/W3192146499
https://openalex.org/W4200359381
https://openalex.org/W1999924817
https://openalex.org/W2004309653
https://openalex.org/W2006256041
https://openalex.org/W2015295442
https://openalex.org/W2065460692
https://openalex.org/W2183586081
https://openalex.org/W2408070663
https://openalex.org/W241751354
https://openalex.org/W2921420273
https://openalex.org/W1998655875
https://openalex.org/W2077265853
https://openalex.org/W2080329038
https://openalex.org/W2083029179
https://openalex.org/W2127659222
https://openalex.org/W2143201290
https://openalex.org/W39122459
https://openalex.org/W3124912956
https://openalex.org/W1003881179
https://openalex.org/W2031076149
https://openalex.org/W2057995579
https://openalex.org/W2228470700
https://openalex.org/W2414373240
https://openalex.org/W2466525927
https://openalex.org/W1480534312
https://openalex.org/W2021898802
https://openalex.org/W1994902247
https://openalex.org/W202199883
https://openalex.org/W2046610091
https://openalex.org/W2172532982
https://openalex.org/W2522473730
https://openalex.org/W1964088161
https://openalex.org/W2043569413
https://openalex.org/W2057145739
https://openalex.org/W2133936122
https://openalex.org/W2317880052
https://openalex.org/W2402444381
https://openalex.org/W2578577691
https://openalex.org/W2589158688
https://openalex.org/W2589380466
https://openalex.org/W2593588936
https://openalex.org/W2742689963
https://openalex.org/W2744483117
https://openalex.org/W2762246994
https://openalex.org/W2802713872
https://openalex.org/W2894465179
https://openalex.org/W2916174696
https://openalex.org/W2917520090
https://openalex.org/W2923947088
https://openalex.org/W2936044274
https://openalex.org/W2954277308
https://openalex.org/W2964014180
https://openalex.org/W2993047621
https://openalex.org/W3010679725
https://openalex.org/W3043049286
https://openalex.org/W3082434240
https://openalex.org/W3107930302
https://openalex.org/W3116531336
https://openalex.org/W4249464814
https://openalex.org/W1489060172
https://openalex.org/W1913518238
https://openalex.org/W1968332246
https://openalex.org/W2175986096
https://openalex.org/W2396328729
https://openalex.org/W2414744907
https://openalex.org/W2463473534
https://openalex.org/W2489795887
https://openalex.org/W2560441282
https://openalex.org/W2574380159
https://openalex.org/W2604292997
https://openalex.org/W274589317
https://openalex.org/W2749281262
https://openalex.org/W4200254190
https://openalex.org/W4212789898
https://openalex.org/W4220654142
https://openalex.org/W4224945122
https://openalex.org/W4226179598
https://openalex.org/W4229050449
https://openalex.org/W4281719204
https://openalex.org/W4281731055
https://openalex.org/W4292583803
https://openalex.org/W4293765541
https://openalex.org/W4300716122
https://openalex.org/W4304991928
https://openalex.org/W4306405630
https://openalex.org/W4309162487
https://openalex.org/W4310009686
https://openalex.org/W4311419507
https://openalex.org/W4313261960
https://openalex.org/W2026909672
https://openalex.org/W198288119
https://openalex.org/W2017118156
https://openalex.org/W2048260532
https://openalex.org/W2091352162
https://openalex.org/W4230814575
https://openalex.org/W1974697892
https://openalex.org/W2019256479
https://openalex.org/W2021466455
https://openalex.org/W2030655824
https://openalex.org/W2086081353
https://openalex.org/W2254904983
https://openalex.org/W2401290741
https://openalex.org/W4252642919
https://openalex.org/W2067961830
https://openalex.org/W2080046499
https://openalex.org/W2474070332
https://openalex.org/W5722102
https://openalex.org/W2074085629
https://openalex.org/W2272743703
https://openalex.org/W2292391789
https://openalex.org/W2079807514
https://openalex.org/W2790580357
https://openalex.org/W2141357216
https://openalex.org/W2406575185
https://openalex.org/W2963129569
https://openalex.org/W1671332087
https://openalex.org/W2069221020
https://openalex.org/W2381397627
https://openalex.org/W314147081
https://openalex.org/W4388367587
https://openalex.org/W1994651816
https://openalex.org/W2020476886
https://openalex.org/W2142542635
https://openalex.org/W2334298817
https://openalex.org/W2355351622
https://openalex.org/W238936678
https://openalex.org/W2469851504
https://openalex.org/W2965541506
https://openalex.org/W4235578671
https://openalex.org/W94821674
https://openalex.org/W2085421963
https://openalex.org/W2090092297
https://openalex.org/W2175789850
https://openalex.org/W2418143369
https://openalex.org/W2001929104
https://openalex.org/W2312541864
https://openalex.org/W2414819670
https://openalex.org/W2462957252
https://openalex.org/W2464974897
https://openalex.org/W2499922246
https://openalex.org/W2412197601
https://openalex.org/W2430654242
https://openalex.org/W4213083981
https://openalex.org/W4235214998
https://openalex.org/W1604254428
https://openalex.org/W2049867249
https://openalex.org/W2061675374
https://openalex.org/W2062090335
https://openalex.org/W2115418977
https://openalex.org/W2413191992
https://openalex.org/W1968877027
https://openalex.org/W2275451520
https://openalex.org/W2416244773
https://openalex.org/W111442102
https://openalex.org/W1987108858
https://openalex.org/W2161505359
https://openalex.org/W2400264479
https://openalex.org/W2576718117
https://openalex.org/W2751831921
https://openalex.org/W2774698555
https://openalex.org/W2783807756
https://openalex.org/W2806951882
https://openalex.org/W2892043249
https://openalex.org/W2921795768
https://openalex.org/W2945136769
https://openalex.org/W2963332862
https://openalex.org/W2981250530
https://openalex.org/W3007770277
https://openalex.org/W3011263049
https://openalex.org/W3011935061
https://openalex.org/W3036651740
https://openalex.org/W3043664066
https://openalex.org/W3044905837
https://openalex.org/W3092287179
https://openalex.org/W3109813485
https://openalex.org/W3110642974
https://openalex.org/W3119065498
https://openalex.org/W3158083850
https://openalex.org/W3163794182
https://openalex.org/W3178560577
https://openalex.org/W3204475240
https://openalex.org/W3206373488
https://openalex.org/W340707232
https://openalex.org/W4234312831
https://openalex.org/W50611194
https://openalex.org/W872008929
https://openalex.org/W1751462820
https://openalex.org/W2410245817
https://openalex.org/W2460952615
https://openalex.org/W2510403531
https://openalex.org/W4361958560
https://openalex.org/W2003456189
https://openalex.org/W2073439434
https://openalex.org/W2136478815
https://openalex.org/W2141883317
https://openalex.org/W1972742681
https://openalex.org/W2128993998
https://openalex.org/W2396653029
https://openalex.org/W597231471
https://openalex.org/W2050206429
https://openalex.org/W2053102661
https://openalex.org/W2058087827
https://openalex.org/W2409380652
https://openalex.org/W2412206214
https://openalex.org/W2415585535
https://openalex.org/W2425844691
https://openalex.org/W2461382753
https://openalex.org/W1981747251
https://openalex.org/W4247393257
https://openalex.org/W1969132289
https://openalex.org/W2034480081
https://openalex.org/W2105538927
https://openalex.org/W2355469954
https://openalex.org/W2424768188
https://openalex.org/W2470140506
https://openalex.org/W2527751297
https://openalex.org/W1500985455
https://openalex.org/W1565394065
https://openalex.org/W1985697363
https://openalex.org/W1996966390
https://openalex.org/W2034119386
https://openalex.org/W2045622261
https://openalex.org/W2050433902
https://openalex.org/W2052004348
https://openalex.org/W2056932043
https://openalex.org/W2083320480
https://openalex.org/W2085922810
https://openalex.org/W2129215470
https://openalex.org/W2311612417
https://openalex.org/W2409569223
https://openalex.org/W2409992543
https://openalex.org/W2562286543
https://openalex.org/W2773174676
https://openalex.org/W4235331036
https://openalex.org/W4249894342
https://openalex.org/W70208082
https://openalex.org/W2915399909
https://openalex.org/W2916804882
https://openalex.org/W4256236898
https://openalex.org/W4313410377
https://openalex.org/W4315707085
https://openalex.org/W4315779784
https://openalex.org/W4315780821
https://openalex.org/W4315784435
https://openalex.org/W4315784451
https://openalex.org/W4315785457
https://openalex.org/W4317863066
https://openalex.org/W4317863209
https://openalex.org/W4317877779
https://openalex.org/W4321017732
https://openalex.org/W4321175733
https://openalex.org/W4322484113
https://openalex.org/W4322756627
https://openalex.org/W4324136582
https://openalex.org/W4324136800
https://openalex.org/W4324136927
https://openalex.org/W4327894623
https://openalex.org/W4360605987
https://openalex.org/W4360608127
https://openalex.org/W4360746298
https://openalex.org/W4361266024
https://openalex.org/W4361817004
https://openalex.org/W4361817010
https://openalex.org/W4361817139
https://openalex.org/W4361817145
https://openalex.org/W4361817212
https://openalex.org/W4361817213
https://openalex.org/W4361823718
https://openalex.org/W4361875443
https://openalex.org/W4361876500
https://openalex.org/W4361876626
https://openalex.org/W4361884468
https://openalex.org/W4361884487
https://openalex.org/W4361884550
https://openalex.org/W4361884591
https://openalex.org/W4361884600
https://openalex.org/W4361884933
https://openalex.org/W4361890834
https://openalex.org/W4361890841
https://openalex.org/W4361890979
https://openalex.org/W4361891001
https://openalex.org/W4361891027
https://openalex.org/W4361891073
https://openalex.org/W4361891099
https://openalex.org/W4361891185
https://openalex.org/W4361891207
https://openalex.org/W4361897163
https://openalex.org/W4361897243
https://openalex.org/W4361897300
https://openalex.org/W4361901877
https://openalex.org/W4361906000
https://openalex.org/W4361918263
https://openalex.org/W4361918264
https://openalex.org/W4361918450
https://openalex.org/W4361918469
https://openalex.org/W4361918476
https://openalex.org/W4361918505
https://openalex.org/W4361918529
https://openalex.org/W4361918561
https://openalex.org/W4361940281
https://openalex.org/W4361940348
https://openalex.org/W4361940356
https://openalex.org/W4361940370
https://openalex.org/W4361940388
https://openalex.org/W4361940524
https://openalex.org/W4361940616
https://openalex.org/W4361943016
https://openalex.org/W4361943040
https://openalex.org/W4361944763
https://openalex.org/W4361948849
https://openalex.org/W4361950730
https://openalex.org/W4361958266
https://openalex.org/W4361958865
https://openalex.org/W4361959775
https://openalex.org/W4361961923
https://openalex.org/W4361969998
https://openalex.org/W4361970502
https://openalex.org/W4362392046
https://openalex.org/W4362394921
https://openalex.org/W4362526493
https://openalex.org/W4362526534
https://openalex.org/W4362526535
https://openalex.org/W4362526556
https://openalex.org/W4362526558
https://openalex.org/W4362526561
https://openalex.org/W4362534371
https://openalex.org/W4362534380
https://openalex.org/W4362534481
https://openalex.org/W4362534494
https://openalex.org/W4362542981
https://openalex.org/W4362542995
https://openalex.org/W4362545791
https://openalex.org/W4362550645
https://openalex.org/W4362550728
https://openalex.org/W4362551918
https://openalex.org/W4362621735
https://openalex.org/W4362621751
https://openalex.org/W4362628585
https://openalex.org/W4363646337
https://openalex.org/W4366351431
https://openalex.org/W4366830631
https://openalex.org/W4367601940
https://openalex.org/W4367846134
https://openalex.org/W4377031102
https://openalex.org/W4377082162
https://openalex.org/W4377565339
https://openalex.org/W4378450933
https://openalex.org/W4378745956
https://openalex.org/W4379145189
https://openalex.org/W4379281160
https://openalex.org/W4379282080
https://openalex.org/W4379332743
https://openalex.org/W4379335056
https://openalex.org/W4379335725
https://openalex.org/W4379335885
https://openalex.org/W4379341619
https://openalex.org/W4379346805
https://openalex.org/W4379528145
https://openalex.org/W4379651207
https://openalex.org/W4380730493
https://openalex.org/W4381166098
https://openalex.org/W4381597788
https://openalex.org/W4381599087
https://openalex.org/W4381798988
https://openalex.org/W4383550983
https://openalex.org/W4383619288
https://openalex.org/W4384201170
https://openalex.org/W4384941364
https://openalex.org/W4385066396
https://openalex.org/W4385196857
https://openalex.org/W4385226334
https://openalex.org/W4385332946
https://openalex.org/W4385379639
https://openalex.org/W4385460736
https://openalex.org/W4385547581
https://openalex.org/W4385569934
https://openalex.org/W4386033833
https://openalex.org/W4386093294
https://openalex.org/W4386120866
https://openalex.org/W4386201131
https://openalex.org/W4386351487
https://openalex.org/W4386398952
https://openalex.org/W4386472271
https://openalex.org/W4386795217
https://openalex.org/W4386957506
https://openalex.org/W4387044594
https://openalex.org/W4387123484
https://openalex.org/W4387151871
https://openalex.org/W4387195112
https://openalex.org/W4387539125
https://openalex.org/W4387586202
https://openalex.org/W4387614155
https://openalex.org/W4387644425
https://openalex.org/W4387661425
https://openalex.org/W4387661684
https://openalex.org/W4387710052
https://openalex.org/W4387811261
https://openalex.org/W4388328949
https://openalex.org/W4388487155
https://openalex.org/W4388612857
https://openalex.org/W4388616202
https://openalex.org/W4388648133
https://openalex.org/W4388653176
https://openalex.org/W4388834410
https://openalex.org/W4388933607
https://openalex.org/W4389122032
https://openalex.org/W4389302004
https://openalex.org/W4389352839
https://openalex.org/W4389370392
https://openalex.org/W4389487991
https://openalex.org/W4389565077
https://openalex.org/W4389669150
https://openalex.org/W4389678265
https://openalex.org/W4389775607
https://openalex.org/W4389900083
https://openalex.org/W4389962704
https://openalex.org/W4389980024
https://openalex.org/W4390016293
https://openalex.org/W4390048788
https://openalex.org/W4390117008
https://openalex.org/W4390265656
https://openalex.org/W4390274766
https://openalex.org/W4390299883
https://openalex.org/W4390511309
https://openalex.org/W4390550074
https://openalex.org/W4390552148
https://openalex.org/W4390970504
https://openalex.org/W4391725995
https://openalex.org/W4392681850
https://openalex.org/W4392685283
https://openalex.org/W4392690366
https://openalex.org/W4392696714
https://openalex.org/W4392701947
https://openalex.org/W4392722776
https://openalex.org/W4394346854
https://openalex.org/W1964625976
https://openalex.org/W2020166589
https://openalex.org/W2035833320
https://openalex.org/W2059286625
https://openalex.org/W2069147960
https://openalex.org/W2083872702
https://openalex.org/W2134389658
https://openalex.org/W2173480422
https://openalex.org/W2399715614
https://openalex.org/W4237829167
https://openalex.org/W1975243226
https://openalex.org/W2081536612
https://openalex.org/W2299667051
https://openalex.org/W3207032599
https://openalex.org/W2077141647
https://openalex.org/W2078822389
https://openalex.org/W2418471224
https://openalex.org/W4252801428
https://openalex.org/W1986252831
https://openalex.org/W659531130
https://openalex.org/W784890613
https://openalex.org/W2073207791
https://openalex.org/W2148331451
https://openalex.org/W2066118673
https://openalex.org/W2349657250
https://openalex.org/W2398508264
https://openalex.org/W2582404980
https://openalex.org/W2594062644
https://openalex.org/W2746899559
https://openalex.org/W2766371330
https://openalex.org/W2891641043
https://openalex.org/W4253685438
https://openalex.org/W2318090827
https://openalex.org/W2411477820
https://openalex.org/W2983746128
https://openalex.org/W1826012418
https://openalex.org/W1978387735
https://openalex.org/W2411520890
https://openalex.org/W2415145570
https://openalex.org/W1985130253
https://openalex.org/W2009757051
https://openalex.org/W2054284842
https://openalex.org/W1977890033
https://openalex.org/W2189459287
https://openalex.org/W2400959353
https://openalex.org/W2410893478
https://openalex.org/W2417576319
https://openalex.org/W3208294350
https://openalex.org/W2416409119
https://openalex.org/W51009565
https://openalex.org/W635414552
https://openalex.org/W1196152308
https://openalex.org/W2043276427
https://openalex.org/W2071076832
https://openalex.org/W2124931225
https://openalex.org/W2252093689
https://openalex.org/W2325560836
https://openalex.org/W2460421487
https://openalex.org/W2602693879
https://openalex.org/W2635573930
https://openalex.org/W2792018311
https://openalex.org/W2803619929
https://openalex.org/W2892232673
https://openalex.org/W2892452698
https://openalex.org/W2898908079
https://openalex.org/W2899118844
https://openalex.org/W2899351034
https://openalex.org/W2909063041
https://openalex.org/W2912320113
https://openalex.org/W2917333991
https://openalex.org/W2920930384
https://openalex.org/W2936054194
https://openalex.org/W2946303916
https://openalex.org/W2955748299
https://openalex.org/W2956869323
https://openalex.org/W2966199077
https://openalex.org/W2981342812
https://openalex.org/W2983059142
https://openalex.org/W2983468062
https://openalex.org/W2990815242
https://openalex.org/W2996432534
https://openalex.org/W3001889930
https://openalex.org/W3013405636
https://openalex.org/W3017838284
https://openalex.org/W3025249366
https://openalex.org/W3034813865
https://openalex.org/W3043047936
https://openalex.org/W3043647558
https://openalex.org/W3081055816
https://openalex.org/W3109931648
https://openalex.org/W3112463006
https://openalex.org/W3114076600
https://openalex.org/W3118879785
https://openalex.org/W3119957406
https://openalex.org/W3124926478
https://openalex.org/W3125413689
https://openalex.org/W3143416500
https://openalex.org/W3179255158
https://openalex.org/W3185004321
https://openalex.org/W3186583359
https://openalex.org/W3190112993
https://openalex.org/W3192110750
https://openalex.org/W3193353445
https://openalex.org/W3193641753
https://openalex.org/W3202401399
https://openalex.org/W3207223880
https://openalex.org/W3212713962
https://openalex.org/W3217697053
https://openalex.org/W4200084996
https://openalex.org/W4200087950
https://openalex.org/W4200159121
https://openalex.org/W4230615855
https://openalex.org/W4242090825
https://openalex.org/W4388367523
https://openalex.org/W185259951
https://openalex.org/W2239868078
https://openalex.org/W2263467773
https://openalex.org/W2335202569
https://openalex.org/W2394847640
https://openalex.org/W2468198173
https://openalex.org/W2470047951
https://openalex.org/W2472160062
https://openalex.org/W2474196191
https://openalex.org/W2474961889
https://openalex.org/W2514175120
https://openalex.org/W2518730024
https://openalex.org/W2526589030
https://openalex.org/W2586261621
https://openalex.org/W2739583519
https://openalex.org/W2890190600
https://openalex.org/W3021861761
https://openalex.org/W4213371824
https://openalex.org/W4220921365
https://openalex.org/W4220928600
https://openalex.org/W4221063464
https://openalex.org/W4281478141
https://openalex.org/W4281681018
https://openalex.org/W4284879435
https://openalex.org/W4292838349
https://openalex.org/W4293079673
https://openalex.org/W4295453165
https://openalex.org/W4307504127
https://openalex.org/W4307549186
https://openalex.org/W4308206237
https://openalex.org/W4311121499
https://openalex.org/W2035799328
https://openalex.org/W2069491318
https://openalex.org/W2084877509
https://openalex.org/W2095097791
https://openalex.org/W2111667493
https://openalex.org/W2114193528
https://openalex.org/W2141748952
https://openalex.org/W2182897215
https://openalex.org/W4230964038
https://openalex.org/W157394617
https://openalex.org/W2135204566
https://openalex.org/W2412435713
https://openalex.org/W2600688389
https://openalex.org/W2463282563
https://openalex.org/W173647920
https://openalex.org/W4254035981
https://openalex.org/W1493469895
https://openalex.org/W1561454218
https://openalex.org/W1965288448
https://openalex.org/W1996825855
https://openalex.org/W2000264508
https://openalex.org/W2027431664
https://openalex.org/W2056008855
https://openalex.org/W2070706651
https://openalex.org/W2154813827
https://openalex.org/W2187976158
https://openalex.org/W2295750884
https://openalex.org/W2300533175
https://openalex.org/W2314364895
https://openalex.org/W2327213710
https://openalex.org/W2403254919
https://openalex.org/W2411544625
https://openalex.org/W2415319301
https://openalex.org/W2415536792
https://openalex.org/W2416788381
https://openalex.org/W2419499545
https://openalex.org/W2467104468
https://openalex.org/W2560125121
https://openalex.org/W2560500500
https://openalex.org/W2591098873
https://openalex.org/W2595859858
https://openalex.org/W2612070379
https://openalex.org/W2619167822
https://openalex.org/W2998772549
https://openalex.org/W3193526649
https://openalex.org/W4212909149
https://openalex.org/W4229459136
https://openalex.org/W4248336429
https://openalex.org/W4250630327
https://openalex.org/W4281676919
https://openalex.org/W4306669979
https://openalex.org/W75397701
https://openalex.org/W2049097966
https://openalex.org/W2077211954
https://openalex.org/W2087991808
https://openalex.org/W2158031179
https://openalex.org/W2198188853
https://openalex.org/W2329511821
https://openalex.org/W1974882497
https://openalex.org/W2095551277
https://openalex.org/W2207418432
https://openalex.org/W2418810175
https://openalex.org/W91012916
https://openalex.org/W2073790506
https://openalex.org/W2079874579
https://openalex.org/W2081256757
https://openalex.org/W2141420731
https://openalex.org/W2396257998
https://openalex.org/W2417491380
https://openalex.org/W2791439894
https://openalex.org/W811599306
https://openalex.org/W171000175
https://openalex.org/W1996797727
https://openalex.org/W2021939269
https://openalex.org/W205315615
https://openalex.org/W2097401481
https://openalex.org/W2169564105
https://openalex.org/W2171984735
https://openalex.org/W2388633973
https://openalex.org/W2402608818
https://openalex.org/W2560003418
https://openalex.org/W2592112138
https://openalex.org/W2614348253
https://openalex.org/W2754158673
https://openalex.org/W2936532307
https://openalex.org/W3100800661
https://openalex.org/W3122593958
https://openalex.org/W98776979
https://openalex.org/W1972966742
https://openalex.org/W1981258485
https://openalex.org/W1991733815
https://openalex.org/W2001180350
https://openalex.org/W2041492331
https://openalex.org/W2074641288
https://openalex.org/W2185268513
https://openalex.org/W2287485833
https://openalex.org/W2955192081
https://openalex.org/W78811545
https://openalex.org/W1973119140
https://openalex.org/W22435145
https://openalex.org/W2413982281
https://openalex.org/W2414482301
https://openalex.org/W2604013974
https://openalex.org/W4236166056
https://openalex.org/W1182902832
https://openalex.org/W1990526773
https://openalex.org/W2026769019
https://openalex.org/W2402513436
https://openalex.org/W1976953649
https://openalex.org/W1991039418
https://openalex.org/W2040421596
https://openalex.org/W2049681039
https://openalex.org/W2077927447
https://openalex.org/W2515897663
https://openalex.org/W25191570
https://openalex.org/W2597886936
https://openalex.org/W2795205780
https://openalex.org/W2888586886
https://openalex.org/W2889563828
https://openalex.org/W2905240476
https://openalex.org/W2908731799
https://openalex.org/W2971705492
https://openalex.org/W2981152336
https://openalex.org/W2991470752
https://openalex.org/W3007545942
https://openalex.org/W3044809745
https://openalex.org/W3120007034
https://openalex.org/W3162992063
https://openalex.org/W4236281480
https://openalex.org/W1540138791
https://openalex.org/W1964752684
https://openalex.org/W1967532799
https://openalex.org/W2057933477
https://openalex.org/W2087648654
https://openalex.org/W1985521246
https://openalex.org/W2033352043
https://openalex.org/W2046846945
https://openalex.org/W2051512338
https://openalex.org/W2052696846
https://openalex.org/W2433497319
https://openalex.org/W2790441364
https://openalex.org/W2271262379
https://openalex.org/W2386410579
https://openalex.org/W2410517365
https://openalex.org/W2410852572
https://openalex.org/W2411404609
https://openalex.org/W2414299829
https://openalex.org/W2415062452
https://openalex.org/W2803346955
https://openalex.org/W2909581472
https://openalex.org/W2921756846
https://openalex.org/W2937156118
https://openalex.org/W2944385355
https://openalex.org/W2964745493
https://openalex.org/W2966957165
https://openalex.org/W2968242237
https://openalex.org/W2972159965
https://openalex.org/W2980989046
https://openalex.org/W2991594581
https://openalex.org/W3005195957
https://openalex.org/W3008184384
https://openalex.org/W3010210008
https://openalex.org/W3021554945
https://openalex.org/W3022297249
https://openalex.org/W3024750897
https://openalex.org/W3026631618
https://openalex.org/W3034508902
https://openalex.org/W3037856277
https://openalex.org/W3046363980
https://openalex.org/W3049531585
https://openalex.org/W3086953776
https://openalex.org/W3087315194
https://openalex.org/W3092282392
https://openalex.org/W3107401239
https://openalex.org/W3111515143
https://openalex.org/W3129277729
https://openalex.org/W3129753162
https://openalex.org/W3150003819
https://openalex.org/W1981780284
https://openalex.org/W2035971479
https://openalex.org/W2151769792
https://openalex.org/W2975695829
https://openalex.org/W4256186585
https://openalex.org/W844657639
https://openalex.org/W2026655980
https://openalex.org/W2087127434
https://openalex.org/W2141636982
https://openalex.org/W2410123818
https://openalex.org/W2439083988
https://openalex.org/W4245576007
https://openalex.org/W4254618528
https://openalex.org/W969622163
https://openalex.org/W1996017897
https://openalex.org/W2045619927
https://openalex.org/W2075287150
https://openalex.org/W2792568162
https://openalex.org/W3126702019
https://openalex.org/W3133056153
https://openalex.org/W3135291302
https://openalex.org/W3141484290
https://openalex.org/W3149777744
https://openalex.org/W3152626905
https://openalex.org/W3158565566
https://openalex.org/W3163255335
https://openalex.org/W3170839594
https://openalex.org/W3172239031
https://openalex.org/W3173414885
https://openalex.org/W3176061021
https://openalex.org/W3180984759
https://openalex.org/W3193585296
https://openalex.org/W3194227213
https://openalex.org/W3198142928
https://openalex.org/W3202298125
https://openalex.org/W3202422731
https://openalex.org/W3206820775
https://openalex.org/W3210552644
https://openalex.org/W4200203992
https://openalex.org/W4231145241
https://openalex.org/W942600571
https://openalex.org/W1519631426
https://openalex.org/W1519715009
https://openalex.org/W1662414441
https://openalex.org/W2766709594
https://openalex.org/W2025398748
https://openalex.org/W2407196652
https://openalex.org/W2028964772
https://openalex.org/W2059722970
https://openalex.org/W2075393019
https://openalex.org/W1647137731
https://openalex.org/W1998330238
https://openalex.org/W2004958995
https://openalex.org/W2025877614
https://openalex.org/W2084177076
https://openalex.org/W224651263
https://openalex.org/W2363581776
https://openalex.org/W2402127144
https://openalex.org/W2402623326
https://openalex.org/W2508516004
https://openalex.org/W2792245981
https://openalex.org/W2797081234
https://openalex.org/W3085557319
https://openalex.org/W2275550949
https://openalex.org/W2289608035
https://openalex.org/W2318243913
https://openalex.org/W2324107214
https://openalex.org/W2404455238
https://openalex.org/W1999462342
https://openalex.org/W2080048053
https://openalex.org/W2190158871
https://openalex.org/W2195323974
https://openalex.org/W2400979754
https://openalex.org/W300011200
https://openalex.org/W344371585
https://openalex.org/W4232384158
https://openalex.org/W4243604480
https://openalex.org/W4253437765
https://openalex.org/W2001837986
https://openalex.org/W2077382133
https://openalex.org/W2301762651
https://openalex.org/W2337084816
https://openalex.org/W3121419407
https://openalex.org/W6105096
https://openalex.org/W1520292384
https://openalex.org/W157558297
https://openalex.org/W1619526192
https://openalex.org/W1887546001
https://openalex.org/W1992518511
https://openalex.org/W2002278694
https://openalex.org/W2004111923
https://openalex.org/W2032101006
https://openalex.org/W2046758116
https://openalex.org/W2058009813
https://openalex.org/W2058757322
https://openalex.org/W2075927344
https://openalex.org/W2094499648
https://openalex.org/W2095995047
https://openalex.org/W2116350180
https://openalex.org/W2120659972
https://openalex.org/W2155523477
https://openalex.org/W2157914685
https://openalex.org/W2171639794
https://openalex.org/W2188732098
https://openalex.org/W2201812760
https://openalex.org/W2230257374
https://openalex.org/W2240998307
https://openalex.org/W2258554619
https://openalex.org/W2272885439
https://openalex.org/W2273725414
https://openalex.org/W2287208101
https://openalex.org/W2290466309
https://openalex.org/W2290548672
https://openalex.org/W2292614814
https://openalex.org/W2310227373
https://openalex.org/W2313462072
https://openalex.org/W2315327574
https://openalex.org/W2316065879
https://openalex.org/W2316406424
https://openalex.org/W2319000696
https://openalex.org/W2321335079
https://openalex.org/W2324838149
https://openalex.org/W2325009154
https://openalex.org/W2325664729
https://openalex.org/W2331645371
https://openalex.org/W2333820472
https://openalex.org/W2334266190
https://openalex.org/W2334671004
https://openalex.org/W2339348582
https://openalex.org/W2339773212
https://openalex.org/W2342999494
https://openalex.org/W2343604435
https://openalex.org/W2372667988
https://openalex.org/W2380381885
https://openalex.org/W2399876031
https://openalex.org/W2400845183
https://openalex.org/W2402709381
https://openalex.org/W2408807635
https://openalex.org/W2411381865
https://openalex.org/W2412293888
https://openalex.org/W2412454074
https://openalex.org/W2412703917
https://openalex.org/W2412757666
https://openalex.org/W2413886529
https://openalex.org/W2414170381
https://openalex.org/W2415542303
https://openalex.org/W2417119418
https://openalex.org/W2436569397
https://openalex.org/W2441332596
https://openalex.org/W2462142791
https://openalex.org/W2467828117
https://openalex.org/W2467914782
https://openalex.org/W2468238781
https://openalex.org/W2468471628
https://openalex.org/W2471874466
https://openalex.org/W2474347124
https://openalex.org/W2485038800
https://openalex.org/W2486450281
https://openalex.org/W2493081848
https://openalex.org/W2499848508
https://openalex.org/W2504705167
https://openalex.org/W2509083708
https://openalex.org/W2519693833
https://openalex.org/W2522994965
https://openalex.org/W2528747356
https://openalex.org/W2529715437
https://openalex.org/W2533987946
https://openalex.org/W2539422892
https://openalex.org/W2553409842
https://openalex.org/W2554290852
https://openalex.org/W2557593812
https://openalex.org/W2562277626
https://openalex.org/W2564503724
https://openalex.org/W2566416876
https://openalex.org/W2567527755
https://openalex.org/W2571041175
https://openalex.org/W2579587345
https://openalex.org/W2579742862
https://openalex.org/W2589092139
https://openalex.org/W2589349926
https://openalex.org/W2589475321
https://openalex.org/W2589767348
https://openalex.org/W2593435788
https://openalex.org/W2599305837
https://openalex.org/W2605132715
https://openalex.org/W2610333231
https://openalex.org/W2611909309
https://openalex.org/W2612901466
https://openalex.org/W263754464
https://openalex.org/W2727560861
https://openalex.org/W2756128671
https://openalex.org/W2769438415
https://openalex.org/W2784857788
https://openalex.org/W2801410742
https://openalex.org/W2870238814
https://openalex.org/W2890224043
https://openalex.org/W2901056757
https://openalex.org/W2911966609
https://openalex.org/W2915532506
https://openalex.org/W2917891833
https://openalex.org/W2922356173
https://openalex.org/W2952934151
https://openalex.org/W2968085321
https://openalex.org/W3020935853
https://openalex.org/W3021853943
https://openalex.org/W3029938684
https://openalex.org/W3036977773
https://openalex.org/W3041994887
https://openalex.org/W3109761693
https://openalex.org/W3124840056
https://openalex.org/W3185075753
https://openalex.org/W3204353385
https://openalex.org/W3212630325
https://openalex.org/W3212852733
https://openalex.org/W3214240554
https://openalex.org/W334441958
https://openalex.org/W4234917833
https://openalex.org/W4235199091
https://openalex.org/W4238492729
https://openalex.org/W4239470650
https://openalex.org/W4243598153
https://openalex.org/W4245018639
https://openalex.org/W4245084924
https://openalex.org/W4246317800
https://openalex.org/W4246820757
https://openalex.org/W4246857796
https://openalex.org/W4247167366
https://openalex.org/W4249176337
https://openalex.org/W4249524346
https://openalex.org/W4251144077
https://openalex.org/W4251266546
https://openalex.org/W4253541251
https://openalex.org/W4299310626
https://openalex.org/W4299812120
https://openalex.org/W4301135220
https://openalex.org/W4394074934
https://openalex.org/W4394089264
https://openalex.org/W4394133789
https://openalex.org/W4394143723
https://openalex.org/W4394161135
https://openalex.org/W4394294254
https://openalex.org/W4394296057
https://openalex.org/W4394297229
https://openalex.org/W4394314436
https://openalex.org/W4394332844
https://openalex.org/W4394346948
https://openalex.org/W4394363068
https://openalex.org/W4394383828
https://openalex.org/W4394388849
https://openalex.org/W4394410183
https://openalex.org/W4394426668
https://openalex.org/W4394433750
https://openalex.org/W4394457455
https://openalex.org/W4394478913
https://openalex.org/W4394502052
https://openalex.org/W4394518803
https://openalex.org/W4394531226
https://openalex.org/W4394562543
https://openalex.org/W605321734
https://openalex.org/W644223451
https://openalex.org/W1478412234
https://openalex.org/W1977140868
https://openalex.org/W2034127326
https://openalex.org/W2045598355
https://openalex.org/W2047901503
https://openalex.org/W2088682629
https://openalex.org/W2258532953
https://openalex.org/W2401066985
https://openalex.org/W2409127819
https://openalex.org/W2434116743
https://openalex.org/W2484171068
https://openalex.org/W2802618531
https://openalex.org/W2897653396
https://openalex.org/W2083037823
https://openalex.org/W2410599081
https://openalex.org/W2410989884
https://openalex.org/W2417078505
https://openalex.org/W2418913964
https://openalex.org/W305785903
https://openalex.org/W1415191815
https://openalex.org/W1452979972
https://openalex.org/W1589450600
https://openalex.org/W1672403069
https://openalex.org/W1970939163
https://openalex.org/W1973465659
https://openalex.org/W1976209990
https://openalex.org/W1991780366
https://openalex.org/W1994794832
https://openalex.org/W1998105972
https://openalex.org/W2001203576
https://openalex.org/W2007696671
https://openalex.org/W2016048167
https://openalex.org/W2027073333
https://openalex.org/W2040367650
https://openalex.org/W2041255467
https://openalex.org/W2048685247
https://openalex.org/W2056593588
https://openalex.org/W2061988933
https://openalex.org/W2077012083
https://openalex.org/W2084426681
https://openalex.org/W2085832228
https://openalex.org/W2099339265
https://openalex.org/W2131946154
https://openalex.org/W2153655577
https://openalex.org/W2184529367
https://openalex.org/W2200879995
https://openalex.org/W2237248890
https://openalex.org/W2240509981
https://openalex.org/W2240548792
https://openalex.org/W2246807627
https://openalex.org/W2254652745
https://openalex.org/W2271656329
https://openalex.org/W2291264143
https://openalex.org/W2303793003
https://openalex.org/W2316869764
https://openalex.org/W2320562261
https://openalex.org/W2321247042
https://openalex.org/W2321809547
https://openalex.org/W2322154375
https://openalex.org/W2325287080
https://openalex.org/W2326288586
https://openalex.org/W2326980417
https://openalex.org/W2329946850
https://openalex.org/W2332385208
https://openalex.org/W2334830892
https://openalex.org/W2335218919
https://openalex.org/W2338595931
https://openalex.org/W2341797610
https://openalex.org/W2358456979
https://openalex.org/W2364808645
https://openalex.org/W2384907354
https://openalex.org/W2395751093
https://openalex.org/W2398401530
https://openalex.org/W2398645815
https://openalex.org/W2400870579
https://openalex.org/W2402400063
https://openalex.org/W2409705643
https://openalex.org/W2409808588
https://openalex.org/W2411721328
https://openalex.org/W2413372711
https://openalex.org/W2414047273
https://openalex.org/W2416042409
https://openalex.org/W2417667099
https://openalex.org/W2424210140
https://openalex.org/W2460762399
https://openalex.org/W2461994169
https://openalex.org/W2474957192
https://openalex.org/W2475321099
https://openalex.org/W2527893572
https://openalex.org/W2529196251
https://openalex.org/W2530243451
https://openalex.org/W2551521335
https://openalex.org/W2559188340
https://openalex.org/W2559890190
https://openalex.org/W2559986252
https://openalex.org/W2560381390
https://openalex.org/W2589642456
https://openalex.org/W2591075823
https://openalex.org/W2591182963
https://openalex.org/W2591989223
https://openalex.org/W2597179327
https://openalex.org/W2601996068
https://openalex.org/W2602658142
https://openalex.org/W2603668768
https://openalex.org/W2613445186
https://openalex.org/W2623485980
https://openalex.org/W2625740980
https://openalex.org/W2658083555
https://openalex.org/W2747712786
https://openalex.org/W2787220958
https://openalex.org/W2793523523
https://openalex.org/W2907273093
https://openalex.org/W2912669869
https://openalex.org/W2917109755
https://openalex.org/W2950693564
https://openalex.org/W2965251677
https://openalex.org/W2999206225
https://openalex.org/W3000721298
https://openalex.org/W3134979491
https://openalex.org/W3204824021
https://openalex.org/W346183284
https://openalex.org/W387686017
https://openalex.org/W4233097222
https://openalex.org/W4238792355
https://openalex.org/W4251699410
https://openalex.org/W4255332496
https://openalex.org/W4300892181
https://openalex.org/W4301375236
https://openalex.org/W4313353943
https://openalex.org/W43145877
https://openalex.org/W629802038
https://openalex.org/W66729068
https://openalex.org/W810754997
https://openalex.org/W1988383243
https://openalex.org/W2015207720
https://openalex.org/W2034218429
https://openalex.org/W2086554250
https://openalex.org/W2128133677
https://openalex.org/W2428142237
https://openalex.org/W56109691
https://openalex.org/W167795090
https://openalex.org/W1703586896
https://openalex.org/W2054595256
https://openalex.org/W2092588349
https://openalex.org/W2104437401
https://openalex.org/W2414617680
https://openalex.org/W2780643434
https://openalex.org/W4235649468
https://openalex.org/W99675063
https://openalex.org/W1945863624
https://openalex.org/W1966463167
https://openalex.org/W1969407661
https://openalex.org/W1970338689
https://openalex.org/W2014288091
https://openalex.org/W2041126716
https://openalex.org/W2063984172
https://openalex.org/W2065491957
https://openalex.org/W2074357677
https://openalex.org/W2077741587
https://openalex.org/W2086603422
https://openalex.org/W2087379187
https://openalex.org/W2090622965
https://openalex.org/W2090770534
https://openalex.org/W2124102978
https://openalex.org/W2130201483
https://openalex.org/W2240642146
https://openalex.org/W2258020810
https://openalex.org/W2275141276
https://openalex.org/W2276663105
https://openalex.org/W2279119199
https://openalex.org/W2303517977
https://openalex.org/W2318302310
https://openalex.org/W2344962086
https://openalex.org/W2345184679
https://openalex.org/W2367546621
https://openalex.org/W2396525820
https://openalex.org/W2403269926
https://openalex.org/W2413749913
https://openalex.org/W2416158876
https://openalex.org/W2416775359
https://openalex.org/W2417552874
https://openalex.org/W2462235461
https://openalex.org/W2463870200
https://openalex.org/W2467549021
https://openalex.org/W2469172496
https://openalex.org/W2563513201
https://openalex.org/W2576695704
https://openalex.org/W2583620767
https://openalex.org/W2599067582
https://openalex.org/W2604395271
https://openalex.org/W2614139620
https://openalex.org/W2615457758
https://openalex.org/W2622440426
https://openalex.org/W2625743153
https://openalex.org/W2665599702
https://openalex.org/W2691988650
https://openalex.org/W2733056190
https://openalex.org/W2741421468
https://openalex.org/W2741621129
https://openalex.org/W2742102492
https://openalex.org/W2744491995
https://openalex.org/W2761509998
https://openalex.org/W2765208640
https://openalex.org/W2766093742
https://openalex.org/W2766555640
https://openalex.org/W2776554478
https://openalex.org/W2778123177
https://openalex.org/W2780374285
https://openalex.org/W2785044669
https://openalex.org/W2787630728
https://openalex.org/W2789804684
https://openalex.org/W2789857435
https://openalex.org/W2803571262
https://openalex.org/W2903021928
https://openalex.org/W2905357723
https://openalex.org/W2917554147
https://openalex.org/W2933914608
https://openalex.org/W2977766976
https://openalex.org/W2978951267
https://openalex.org/W2985452743
https://openalex.org/W2987838386
https://openalex.org/W2999159418
https://openalex.org/W3006181972
https://openalex.org/W3020973496
https://openalex.org/W3024862301
https://openalex.org/W3031020367
https://openalex.org/W3154833234
https://openalex.org/W4213142690
https://openalex.org/W4232125706
https://openalex.org/W4240124117
https://openalex.org/W4241972277
https://openalex.org/W4245756393
https://openalex.org/W4247249751
https://openalex.org/W4249189730
https://openalex.org/W4300016506
https://openalex.org/W4301865589
https://openalex.org/W4321339620
https://openalex.org/W4394110477
https://openalex.org/W4394216295
https://openalex.org/W4394277781
https://openalex.org/W4394351313
https://openalex.org/W4394471984
https://openalex.org/W4394552664
https://openalex.org/W2408508704
https://openalex.org/W1044555686
https://openalex.org/W1156664335
https://openalex.org/W1165918293
https://openalex.org/W1421496798
https://openalex.org/W1967463043
https://openalex.org/W1969942387
https://openalex.org/W1976065150
https://openalex.org/W1977063485
https://openalex.org/W1985335760
https://openalex.org/W1988196333
https://openalex.org/W1995792661
https://openalex.org/W1999112673
https://openalex.org/W2003369137
https://openalex.org/W2029489559
https://openalex.org/W2035917427
https://openalex.org/W2060939377
https://openalex.org/W2061682628
https://openalex.org/W2066686704
https://openalex.org/W2070818624
https://openalex.org/W2071730158
https://openalex.org/W2080459977
https://openalex.org/W2083546433
https://openalex.org/W2104094615
https://openalex.org/W2131251004
https://openalex.org/W2163460043
https://openalex.org/W2206556741
https://openalex.org/W2271679976
https://openalex.org/W2275023818
https://openalex.org/W2342976003
https://openalex.org/W2352164689
https://openalex.org/W2352635499
https://openalex.org/W2357123376
https://openalex.org/W2365905389
https://openalex.org/W2383898096
https://openalex.org/W2416468520
https://openalex.org/W2416654168
https://openalex.org/W2475988013
https://openalex.org/W2478939803
https://openalex.org/W2588767921
https://openalex.org/W2590468736
https://openalex.org/W2595142854
https://openalex.org/W2609263137
https://openalex.org/W2747254102
https://openalex.org/W2757478251
https://openalex.org/W2759569563
https://openalex.org/W2925599786
https://openalex.org/W2938024935
https://openalex.org/W2964977083
https://openalex.org/W2992027041
https://openalex.org/W2993097169
https://openalex.org/W332433156
https://openalex.org/W4205128149
https://openalex.org/W4205158401
https://openalex.org/W4205223907
https://openalex.org/W4205549405
https://openalex.org/W4205817265
https://openalex.org/W4206312434
https://openalex.org/W4206493186
https://openalex.org/W4206792189
https://openalex.org/W4210335449
https://openalex.org/W4210363847
https://openalex.org/W4210489542
https://openalex.org/W4210549056
https://openalex.org/W4210624719
https://openalex.org/W4210707282
https://openalex.org/W4210809328
https://openalex.org/W4211112361
https://openalex.org/W4212764788
https://openalex.org/W4213191622
https://openalex.org/W4213270005
https://openalex.org/W4213275234
https://openalex.org/W4214657354
https://openalex.org/W4214852976
https://openalex.org/W4214879317
https://openalex.org/W4220666114
https://openalex.org/W4220685256
https://openalex.org/W4220714528
https://openalex.org/W4221007136
https://openalex.org/W4223493478
https://openalex.org/W4225256603
https://openalex.org/W4225680499
https://openalex.org/W4225727285
https://openalex.org/W4226457982
https://openalex.org/W4229017866
https://openalex.org/W4231879867
https://openalex.org/W4281391529
https://openalex.org/W4281660473
https://openalex.org/W4281895737
https://openalex.org/W4281978419
https://openalex.org/W4282929839
https://openalex.org/W4283814924
https://openalex.org/W4284671930
https://openalex.org/W4285077112
https://openalex.org/W4285103454
https://openalex.org/W4285796047
https://openalex.org/W4288055952
https://openalex.org/W4292023894
https://openalex.org/W4292810840
https://openalex.org/W4294130712
https://openalex.org/W4295979608
https://openalex.org/W4304807397
https://openalex.org/W4306405533
https://openalex.org/W4307621453
https://openalex.org/W4308512251
https://openalex.org/W4309620688
https://openalex.org/W4311180474
https://openalex.org/W4311282117
https://openalex.org/W4311622242
https://openalex.org/W4311928864
https://openalex.org/W4311930262
https://openalex.org/W4312885888
https://openalex.org/W4313339221
https://openalex.org/W4388367649
https://openalex.org/W4389409993
https://openalex.org/W4394510423
https://openalex.org/W833087444
https://openalex.org/W1976324303
https://openalex.org/W1978380301
https://openalex.org/W2114971696
https://openalex.org/W2121055689
https://openalex.org/W2150020708
https://openalex.org/W2222180696
https://openalex.org/W2410254333
https://openalex.org/W2415697959
https://openalex.org/W2417731851
https://openalex.org/W2433592874
https://openalex.org/W2527247849
https://openalex.org/W2571315196
https://openalex.org/W4205870697
https://openalex.org/W4230244691
https://openalex.org/W4232927697
https://openalex.org/W4239490265
https://openalex.org/W4242024891
https://openalex.org/W4245074186
https://openalex.org/W4253484335
https://openalex.org/W827310646
https://openalex.org/W1973788069
https://openalex.org/W1993051885
https://openalex.org/W2037418863
https://openalex.org/W2057032923
https://openalex.org/W2259887160
https://openalex.org/W2353731674
https://openalex.org/W2363041790
https://openalex.org/W2375425036
https://openalex.org/W2415834468
https://openalex.org/W2465977528
https://openalex.org/W2476781671
https://openalex.org/W2570837005
https://openalex.org/W2743163192
https://openalex.org/W2782784909
https://openalex.org/W2788242056
https://openalex.org/W2789153047
https://openalex.org/W2790634707
https://openalex.org/W2791559885
https://openalex.org/W2792346623
https://openalex.org/W2794088161
https://openalex.org/W2794865071
https://openalex.org/W2795237568
https://openalex.org/W2795819468
https://openalex.org/W2795832423
https://openalex.org/W2799585155
https://openalex.org/W2800277896
https://openalex.org/W2803964480
https://openalex.org/W2805623442
https://openalex.org/W2806318833
https://openalex.org/W2807025536
https://openalex.org/W2808425626
https://openalex.org/W2883789585
https://openalex.org/W2888094395
https://openalex.org/W2888144712
https://openalex.org/W2889932102
https://openalex.org/W2894878887
https://openalex.org/W2896851173
https://openalex.org/W2897164844
https://openalex.org/W2898021123
https://openalex.org/W2908646336
https://openalex.org/W2911800256
https://openalex.org/W2913714648
https://openalex.org/W2916720026
https://openalex.org/W2919231457
https://openalex.org/W2920803365
https://openalex.org/W2920931689
https://openalex.org/W2920968194
https://openalex.org/W2921576690
https://openalex.org/W2922242420
https://openalex.org/W2924183659
https://openalex.org/W2936297828
https://openalex.org/W2938165137
https://openalex.org/W2940847506
https://openalex.org/W2941891153
https://openalex.org/W2941981759
https://openalex.org/W2947183290
https://openalex.org/W2949672429
https://openalex.org/W2950760641
https://openalex.org/W2950875132
https://openalex.org/W2953672239
https://openalex.org/W2953735988
https://openalex.org/W2954024207
https://openalex.org/W2958533830
https://openalex.org/W2967482665
https://openalex.org/W2970489986
https://openalex.org/W2971326123
https://openalex.org/W2973014466
https://openalex.org/W2974147353
https://openalex.org/W2977494295
https://openalex.org/W2980360620
https://openalex.org/W2980749543
https://openalex.org/W2982104632
https://openalex.org/W2985659529
https://openalex.org/W2987817099
https://openalex.org/W2990165259
https://openalex.org/W2992106437
https://openalex.org/W2993097472
https://openalex.org/W3024186266
https://openalex.org/W3024443031
https://openalex.org/W3024731245
https://openalex.org/W3087421463
https://openalex.org/W3088945126
https://openalex.org/W3094057617
https://openalex.org/W3109725919
https://openalex.org/W3115634370
https://openalex.org/W3155017357
https://openalex.org/W3156192400
https://openalex.org/W3180636796
https://openalex.org/W4211077863
https://openalex.org/W4233445089
https://openalex.org/W4235742183
https://openalex.org/W4235889175
https://openalex.org/W4237366532
https://openalex.org/W4242250057
https://openalex.org/W4246057241
https://openalex.org/W4249780511
https://openalex.org/W4254384811
https://openalex.org/W4256251990
https://openalex.org/W4256735911
https://openalex.org/W4319003094
https://openalex.org/W4389437884
https://openalex.org/W4394074584
https://openalex.org/W4394297760
https://openalex.org/W4394337090
https://openalex.org/W1539787790
https://openalex.org/W167246160
https://openalex.org/W1972035582
https://openalex.org/W1977622761
https://openalex.org/W2019616077
https://openalex.org/W2076652880
https://openalex.org/W2082038082
https://openalex.org/W2083557702
https://openalex.org/W2093614338
https://openalex.org/W2107581315
https://openalex.org/W2194383508
https://openalex.org/W2408843292
https://openalex.org/W2409536779
https://openalex.org/W2410668843
https://openalex.org/W2410769481
https://openalex.org/W2413284071
https://openalex.org/W2417509950
https://openalex.org/W2430303933
https://openalex.org/W2465097028
https://openalex.org/W2483398749
https://openalex.org/W2581071324
https://openalex.org/W287427870
https://openalex.org/W2993695480
https://openalex.org/W307136063
https://openalex.org/W4205334174
https://openalex.org/W4235961143
https://openalex.org/W624180812
https://openalex.org/W99442323
https://openalex.org/W1150942059
https://openalex.org/W151655164
https://openalex.org/W1535762774
https://openalex.org/W1674554446
https://openalex.org/W1985693266
https://openalex.org/W1989751375
https://openalex.org/W2015215249
https://openalex.org/W2022820744
https://openalex.org/W2028819877
https://openalex.org/W2048579258
https://openalex.org/W2050725874
https://openalex.org/W2056261603
https://openalex.org/W2078316950
https://openalex.org/W2078943015
https://openalex.org/W2079880020
https://openalex.org/W2101080754
https://openalex.org/W2112501200
https://openalex.org/W2131779729
https://openalex.org/W2183946367
https://openalex.org/W2228809788
https://openalex.org/W2253872878
https://openalex.org/W2277085606
https://openalex.org/W2291235438
https://openalex.org/W2298691125
https://openalex.org/W230307422
https://openalex.org/W2319271898
https://openalex.org/W2327755605
https://openalex.org/W2364850917
https://openalex.org/W2391138548
https://openalex.org/W2410978332
https://openalex.org/W2411941400
https://openalex.org/W2466187956
https://openalex.org/W2593559673
https://openalex.org/W2694819145
https://openalex.org/W2715779258
https://openalex.org/W2791052833
https://openalex.org/W2791132223
https://openalex.org/W2793416160
https://openalex.org/W2793639254
https://openalex.org/W2807794602
https://openalex.org/W2913231016
https://openalex.org/W2975116473
https://openalex.org/W2975135891
https://openalex.org/W2981352852
https://openalex.org/W3003211573
https://openalex.org/W3007207741
https://openalex.org/W3008212806
https://openalex.org/W3008602415
https://openalex.org/W3012227772
https://openalex.org/W3012611444
https://openalex.org/W3015502390
https://openalex.org/W3016993971
https://openalex.org/W3017211081
https://openalex.org/W3017334115
https://openalex.org/W3021434931
https://openalex.org/W3023575839
https://openalex.org/W3023967850
https://openalex.org/W3027306047
https://openalex.org/W3031351285
https://openalex.org/W3032403610
https://openalex.org/W3038368041
https://openalex.org/W3042304646
https://openalex.org/W3043535140
https://openalex.org/W3044528656
https://openalex.org/W3082957156
https://openalex.org/W3083781616
https://openalex.org/W3084236967
https://openalex.org/W3084356435
https://openalex.org/W3088062649
https://openalex.org/W3089763949
https://openalex.org/W3091285583
https://openalex.org/W3092643815
https://openalex.org/W3093622031
https://openalex.org/W3093645786
https://openalex.org/W3094232647
https://openalex.org/W3097161517
https://openalex.org/W3107643198
https://openalex.org/W3107855556
https://openalex.org/W3108481961
https://openalex.org/W3111018469
https://openalex.org/W3112512473
https://openalex.org/W3112931168
https://openalex.org/W3116832015
https://openalex.org/W3117980078
https://openalex.org/W3119194506
https://openalex.org/W3120217256
https://openalex.org/W3120277021
https://openalex.org/W3126709627
https://openalex.org/W3129028525
https://openalex.org/W3132199227
https://openalex.org/W3143977605
https://openalex.org/W3165906261
https://openalex.org/W3193844542
https://openalex.org/W3209900903
https://openalex.org/W381653631
https://openalex.org/W4213379509
https://openalex.org/W4237898164
https://openalex.org/W4239676185
https://openalex.org/W4240215820
https://openalex.org/W4244384127
https://openalex.org/W4248371903
https://openalex.org/W4252375634
https://openalex.org/W4253008785
https://openalex.org/W4287823371
https://openalex.org/W4389448668
https://openalex.org/W85566059
https://openalex.org/W864936782
https://openalex.org/W1484235035
https://openalex.org/W1509644224
https://openalex.org/W2001748332
https://openalex.org/W2334142782
https://openalex.org/W2423461193
https://openalex.org/W48636977
https://openalex.org/W1615626803
https://openalex.org/W1970399789
https://openalex.org/W1977581187
https://openalex.org/W2055098393
https://openalex.org/W2113818048
https://openalex.org/W2403708106
https://openalex.org/W2408890876
https://openalex.org/W2412277839
https://openalex.org/W2419306636
https://openalex.org/W2471292235
https://openalex.org/W2495378412
https://openalex.org/W2500233361
https://openalex.org/W2567491546
https://openalex.org/W2590965406
https://openalex.org/W2790013297
https://openalex.org/W2790464209
https://openalex.org/W2790919050
https://openalex.org/W2791395308
https://openalex.org/W2792878555
https://openalex.org/W2925296373
https://openalex.org/W2992096179
https://openalex.org/W2992303190
https://openalex.org/W3122470086
https://openalex.org/W3125682073
https://openalex.org/W3127597043
https://openalex.org/W3202254267
https://openalex.org/W3205485357
https://openalex.org/W3207264255
https://openalex.org/W3215132354
https://openalex.org/W4212810928
https://openalex.org/W4236443312
https://openalex.org/W4239108242
https://openalex.org/W4241835185
https://openalex.org/W4246074941
https://openalex.org/W4255054418
https://openalex.org/W75412107
https://openalex.org/W1530214279
https://openalex.org/W1536799897
https://openalex.org/W2030685300
https://openalex.org/W2054855102
https://openalex.org/W2067000693
https://openalex.org/W2076328059
https://openalex.org/W2341851826
https://openalex.org/W2417528319
https://openalex.org/W2485496179
https://openalex.org/W2627486423
https://openalex.org/W2633654895
https://openalex.org/W2675396485
https://openalex.org/W2936217499
https://openalex.org/W3117183630
https://openalex.org/W3118900677
https://openalex.org/W3126453364
https://openalex.org/W3127676143
https://openalex.org/W3133097231
https://openalex.org/W3133730909
https://openalex.org/W3134384591
https://openalex.org/W3134737219
https://openalex.org/W3134739733
https://openalex.org/W3135337022
https://openalex.org/W3141715083
https://openalex.org/W3142483836
https://openalex.org/W3151592920
https://openalex.org/W3156021460
https://openalex.org/W3156035529
https://openalex.org/W3163478515
https://openalex.org/W3168124742
https://openalex.org/W3168876039
https://openalex.org/W3171566640
https://openalex.org/W3171674707
https://openalex.org/W3173960492
https://openalex.org/W3175389716
https://openalex.org/W3186422879
https://openalex.org/W3188593738
https://openalex.org/W3188711955
https://openalex.org/W3190600623
https://openalex.org/W3190949264
https://openalex.org/W3191197545
https://openalex.org/W3191895603
https://openalex.org/W3192300214
https://openalex.org/W3195736343
https://openalex.org/W3196614716
https://openalex.org/W3198469561
https://openalex.org/W3199440512
https://openalex.org/W3201302449
https://openalex.org/W3202180994
https://openalex.org/W3205552727
https://openalex.org/W3205887589
https://openalex.org/W3207596310
https://openalex.org/W3209058239
https://openalex.org/W3211729773
https://openalex.org/W3212036204
https://openalex.org/W3212462651
https://openalex.org/W3213990720
https://openalex.org/W3214730598
https://openalex.org/W3216825244
https://openalex.org/W3217333692
https://openalex.org/W4200370028
https://openalex.org/W4200628638
https://openalex.org/W4206699421
https://openalex.org/W4206700391
https://openalex.org/W4210312098
https://openalex.org/W4212811793
https://openalex.org/W4214728113
https://openalex.org/W4231954900
https://openalex.org/W4234401742
https://openalex.org/W4237114453
https://openalex.org/W4239091527
https://openalex.org/W4243595342
https://openalex.org/W4246039795
https://openalex.org/W4246257026
https://openalex.org/W4252403696
https://openalex.org/W4252410786
https://openalex.org/W4285419250
https://openalex.org/W4287030500
https://openalex.org/W4287127646
https://openalex.org/W4287144204
https://openalex.org/W4394174806
https://openalex.org/W4394178101
https://openalex.org/W4394210225
https://openalex.org/W4394258175
https://openalex.org/W4394285894
https://openalex.org/W4394293143
https://openalex.org/W4394336805
https://openalex.org/W4394336864
https://openalex.org/W4394350844
https://openalex.org/W4394384991
https://openalex.org/W4394464679
https://openalex.org/W4394487454
https://openalex.org/W4394522558
https://openalex.org/W573519042
https://openalex.org/W591094766
https://openalex.org/W2016630936
https://openalex.org/W2033685973
https://openalex.org/W2294415555
https://openalex.org/W2328636897
https://openalex.org/W2347291842
https://openalex.org/W2395779224
https://openalex.org/W2417849182
https://openalex.org/W2419253143
https://openalex.org/W2428593869
https://openalex.org/W2475779477
https://openalex.org/W2586320731
https://openalex.org/W2592186559
https://openalex.org/W2594568190
https://openalex.org/W2604679977
https://openalex.org/W2622893809
https://openalex.org/W2975091286
https://openalex.org/W2977018417
https://openalex.org/W404466652
https://openalex.org/W4299963638
https://openalex.org/W637885340
https://openalex.org/W1942107064
https://openalex.org/W2261819062
https://openalex.org/W2314802130
https://openalex.org/W2397530678
https://openalex.org/W2401215735
https://openalex.org/W2403881441
https://openalex.org/W2410606054
https://openalex.org/W2442306598
https://openalex.org/W260044294
https://openalex.org/W19074421
https://openalex.org/W1916058547
https://openalex.org/W1927458165
https://openalex.org/W1939090215
https://openalex.org/W2007175966
https://openalex.org/W2353243126
https://openalex.org/W2402537212
https://openalex.org/W2407747109
https://openalex.org/W2409866890
https://openalex.org/W24147798
https://openalex.org/W2416984886
https://openalex.org/W2466364792
https://openalex.org/W2466374123
https://openalex.org/W2556667764
https://openalex.org/W2743672096
https://openalex.org/W2889393913
https://openalex.org/W2926463377
https://openalex.org/W4244763544
https://openalex.org/W4246923738
https://openalex.org/W4249933739
https://openalex.org/W92317147
https://openalex.org/W1038552899
https://openalex.org/W150911242
https://openalex.org/W1527772840
https://openalex.org/W1975964899
https://openalex.org/W1984589817
https://openalex.org/W1997773439
https://openalex.org/W2007385389
https://openalex.org/W2008477315
https://openalex.org/W2011930652
https://openalex.org/W2016526062
https://openalex.org/W2020240817
https://openalex.org/W2026726273
https://openalex.org/W2030811769
https://openalex.org/W2033299978
https://openalex.org/W2047667690
https://openalex.org/W2053946477
https://openalex.org/W2055078699
https://openalex.org/W2084446873
https://openalex.org/W2084982782
https://openalex.org/W2087403848
https://openalex.org/W2146249356
https://openalex.org/W2161799323
https://openalex.org/W2324765037
https://openalex.org/W2394876272
https://openalex.org/W2395372069
https://openalex.org/W2397565875
https://openalex.org/W2398168886
https://openalex.org/W2403302877
https://openalex.org/W2404465220
https://openalex.org/W2409515712
https://openalex.org/W2411978520
https://openalex.org/W2414902665
https://openalex.org/W2416006578
https://openalex.org/W2418944910
https://openalex.org/W2432032547
https://openalex.org/W2432825007
https://openalex.org/W2434589850
https://openalex.org/W2583661053
https://openalex.org/W2595013180
https://openalex.org/W2599157903
https://openalex.org/W2599702846
https://openalex.org/W2600288578
https://openalex.org/W2602382561
https://openalex.org/W2605127685
https://openalex.org/W2605893773
https://openalex.org/W2607939218
https://openalex.org/W269186117
https://openalex.org/W2782652504
https://openalex.org/W2950733735
https://openalex.org/W297158183
https://openalex.org/W3152433337
https://openalex.org/W3154334184
https://openalex.org/W3197166314
https://openalex.org/W3207866706
https://openalex.org/W3214354120
https://openalex.org/W4205707293
https://openalex.org/W4210460963
https://openalex.org/W4210497481
https://openalex.org/W4231139763
https://openalex.org/W4235523155
https://openalex.org/W4239717802
https://openalex.org/W4240331104
https://openalex.org/W4241068301
https://openalex.org/W4241685362
https://openalex.org/W4242194176
https://openalex.org/W4243936654
https://openalex.org/W4244265556
https://openalex.org/W4247768466
https://openalex.org/W4248527867
https://openalex.org/W4254820703
https://openalex.org/W4254867904
https://openalex.org/W4390076459
https://openalex.org/W4392118161
https://openalex.org/W56117934
https://openalex.org/W88058490
https://openalex.org/W1724194195
https://openalex.org/W1977771657
https://openalex.org/W1986857950
https://openalex.org/W1987226830
https://openalex.org/W1998384755
https://openalex.org/W2040989071
https://openalex.org/W2050553871
https://openalex.org/W2058543386
https://openalex.org/W2062253750
https://openalex.org/W2067998074
https://openalex.org/W2073511617
https://openalex.org/W2087354501
https://openalex.org/W2088404936
https://openalex.org/W2208741540
https://openalex.org/W2240511729
https://openalex.org/W2260988677
https://openalex.org/W2321248363
https://openalex.org/W234787939
https://openalex.org/W2397933515
https://openalex.org/W2398783524
https://openalex.org/W2410285092
https://openalex.org/W2411293126
https://openalex.org/W2413156409
https://openalex.org/W2413798457
https://openalex.org/W2416642319
https://openalex.org/W2417292696
https://openalex.org/W2433092922
https://openalex.org/W2468316696
https://openalex.org/W24905436
https://openalex.org/W2503205230
https://openalex.org/W2524133081
https://openalex.org/W2566266883
https://openalex.org/W2625399004
https://openalex.org/W2771915517
https://openalex.org/W2911253990
https://openalex.org/W2914538671
https://openalex.org/W2916157343
https://openalex.org/W2993692160
https://openalex.org/W2994381569
https://openalex.org/W299930724
https://openalex.org/W3036936060
https://openalex.org/W3085353760
https://openalex.org/W4205239447
https://openalex.org/W4205965843
https://openalex.org/W4206005144
https://openalex.org/W4206360695
https://openalex.org/W4206461320
https://openalex.org/W4206604914
https://openalex.org/W4211199690
https://openalex.org/W4212802723
https://openalex.org/W4213012848
https://openalex.org/W4214516682
https://openalex.org/W4229490748
https://openalex.org/W4229495226
https://openalex.org/W4229665806
https://openalex.org/W4229720497
https://openalex.org/W4230773672
https://openalex.org/W4230777967
https://openalex.org/W4230871156
https://openalex.org/W4231155756
https://openalex.org/W4231371951
https://openalex.org/W4231869052
https://openalex.org/W4232241373
https://openalex.org/W4233146728
https://openalex.org/W4233471045
https://openalex.org/W4233488597
https://openalex.org/W4233577543
https://openalex.org/W4233714061
https://openalex.org/W4234224626
https://openalex.org/W4235039575
https://openalex.org/W4235138716
https://openalex.org/W4235179318
https://openalex.org/W4235358607
https://openalex.org/W4235442857
https://openalex.org/W4235857863
https://openalex.org/W4235978781
https://openalex.org/W4236204874
https://openalex.org/W4236761126
https://openalex.org/W4236801814
https://openalex.org/W4236860798
https://openalex.org/W4237058652
https://openalex.org/W4238054469
https://openalex.org/W4238604719
https://openalex.org/W4238790549
https://openalex.org/W4238820720
https://openalex.org/W4239186221
https://openalex.org/W4239492709
https://openalex.org/W4239615317
https://openalex.org/W4239752127
https://openalex.org/W4239921200
https://openalex.org/W4240009566
https://openalex.org/W4240939406
https://openalex.org/W4241262854
https://openalex.org/W4241518037
https://openalex.org/W4241769878
https://openalex.org/W4241864304
https://openalex.org/W4242340231
https://openalex.org/W4242517794
https://openalex.org/W4242658411
https://openalex.org/W4242666898
https://openalex.org/W4242743544
https://openalex.org/W4244102602
https://openalex.org/W4244178320
https://openalex.org/W4244307788
https://openalex.org/W4245476053
https://openalex.org/W4245580917
https://openalex.org/W4246061469
https://openalex.org/W4246069823
https://openalex.org/W4246143577
https://openalex.org/W4246659818
https://openalex.org/W4246922929
https://openalex.org/W4247266900
https://openalex.org/W4247303234
https://openalex.org/W4247463412
https://openalex.org/W4247715537
https://openalex.org/W4247816859
https://openalex.org/W4248096575
https://openalex.org/W4248318321
https://openalex.org/W4248487619
https://openalex.org/W4248542098
https://openalex.org/W4249441011
https://openalex.org/W4249551556
https://openalex.org/W4249625197
https://openalex.org/W4250216718
https://openalex.org/W4250228611
https://openalex.org/W4250383328
https://openalex.org/W4250499629
https://openalex.org/W4250605557
https://openalex.org/W4250645211
https://openalex.org/W4251176794
https://openalex.org/W4251818498
https://openalex.org/W4252239608
https://openalex.org/W4252257144
https://openalex.org/W4252264129
https://openalex.org/W4252387586
https://openalex.org/W4252632251
https://openalex.org/W4252744141
https://openalex.org/W4252854560
https://openalex.org/W4252942467
https://openalex.org/W4252975836
https://openalex.org/W4253039463
https://openalex.org/W4253086130
https://openalex.org/W4253260334
https://openalex.org/W4253769351
https://openalex.org/W4254152489
https://openalex.org/W4254254900
https://openalex.org/W4254766142
https://openalex.org/W4255088199
https://openalex.org/W4255118211
https://openalex.org/W4255201831
https://openalex.org/W4255284721
https://openalex.org/W4255674884
https://openalex.org/W4256369897
https://openalex.org/W4256585507
https://openalex.org/W136664337
https://openalex.org/W145564645
https://openalex.org/W1534671113
https://openalex.org/W153884999
https://openalex.org/W1621551775
https://openalex.org/W1975929117
https://openalex.org/W1977290678
https://openalex.org/W1991575750
https://openalex.org/W1996228982
https://openalex.org/W1996274980
https://openalex.org/W1998173899
https://openalex.org/W2017574174
https://openalex.org/W2030467061
https://openalex.org/W2031166834
https://openalex.org/W2035207644
https://openalex.org/W2043416995
https://openalex.org/W2068223003
https://openalex.org/W2073851654
https://openalex.org/W2074045626
https://openalex.org/W2074234460
https://openalex.org/W2075158968
https://openalex.org/W2081175287
https://openalex.org/W2089268720
https://openalex.org/W2097691559
https://openalex.org/W2130260018
https://openalex.org/W2174480305
https://openalex.org/W2222968841
https://openalex.org/W224762827
https://openalex.org/W2261647132
https://openalex.org/W2277240182
https://openalex.org/W2321126214
https://openalex.org/W239087361
https://openalex.org/W2394959161
https://openalex.org/W2403932844
https://openalex.org/W2406209943
https://openalex.org/W2409000080
https://openalex.org/W2410875143
https://openalex.org/W2411120304
https://openalex.org/W2414305841
https://openalex.org/W2414722629
https://openalex.org/W2415539972
https://openalex.org/W2417152353
https://openalex.org/W2418175090
https://openalex.org/W2423629455
https://openalex.org/W2432805580
https://openalex.org/W2437667949
https://openalex.org/W2438987339
https://openalex.org/W2443906007
https://openalex.org/W2464515818
https://openalex.org/W2467440653
https://openalex.org/W2478648128
https://openalex.org/W2479988767
https://openalex.org/W249965503
https://openalex.org/W252952724
https://openalex.org/W253521978
https://openalex.org/W256871080
https://openalex.org/W2594977305
https://openalex.org/W2596953883
https://openalex.org/W2598109669
https://openalex.org/W2604656210
https://openalex.org/W2610139898
https://openalex.org/W272493704
https://openalex.org/W273912755
https://openalex.org/W277674026
https://openalex.org/W290423997
https://openalex.org/W293570265
https://openalex.org/W305131165
https://openalex.org/W307253159
https://openalex.org/W310436446
https://openalex.org/W3143200872
https://openalex.org/W3203799459
https://openalex.org/W322829179
https://openalex.org/W327796321
https://openalex.org/W329036085
https://openalex.org/W338258046
https://openalex.org/W348611852
https://openalex.org/W4205441647
https://openalex.org/W4205602282
https://openalex.org/W4206071175
https://openalex.org/W4210262798
https://openalex.org/W4210550978
https://openalex.org/W4212933143
https://openalex.org/W4213026077
https://openalex.org/W4230606321
https://openalex.org/W4230877216
https://openalex.org/W4231509888
https://openalex.org/W4231513849
https://openalex.org/W4231638530
https://openalex.org/W4231986639
https://openalex.org/W4231997323
https://openalex.org/W4232781881
https://openalex.org/W4232978130
https://openalex.org/W4234393735
https://openalex.org/W4234937670
https://openalex.org/W4235802168
https://openalex.org/W4236509333
https://openalex.org/W4236576847
https://openalex.org/W4237329822
https://openalex.org/W4237510734
https://openalex.org/W4237543244
https://openalex.org/W4237658438
https://openalex.org/W4237866351
https://openalex.org/W4238977003
https://openalex.org/W4239223524
https://openalex.org/W4239253894
https://openalex.org/W4239775498
https://openalex.org/W4240978226
https://openalex.org/W4241242731
https://openalex.org/W4241892224
https://openalex.org/W4242253029
https://openalex.org/W4242295734
https://openalex.org/W4242404476
https://openalex.org/W4243401580
https://openalex.org/W4243614704
https://openalex.org/W4243756556
https://openalex.org/W4244314036
https://openalex.org/W4244448754
https://openalex.org/W4244467402
https://openalex.org/W4244556625
https://openalex.org/W4244714961
https://openalex.org/W4245044046
https://openalex.org/W4245492041
https://openalex.org/W4245748007
https://openalex.org/W4246302276
https://openalex.org/W4247183016
https://openalex.org/W4247567747
https://openalex.org/W4248144550
https://openalex.org/W4248479778
https://openalex.org/W4248638273
https://openalex.org/W4248685973
https://openalex.org/W4250097328
https://openalex.org/W4250517971
https://openalex.org/W4251957095
https://openalex.org/W4252301007
https://openalex.org/W4253048893
https://openalex.org/W4253227394
https://openalex.org/W4253414563
https://openalex.org/W4254772756
https://openalex.org/W4254793001
https://openalex.org/W4255483511
https://openalex.org/W4255957716
https://openalex.org/W4256386824
https://openalex.org/W4256562826
https://openalex.org/W4290381812
https://openalex.org/W4391625675
https://openalex.org/W99572822
https://openalex.org/W2045439285
https://openalex.org/W2051894667
https://openalex.org/W1965925478
https://openalex.org/W2112234428
https://openalex.org/W2006612611
https://openalex.org/W2047190819
https://openalex.org/W2023097049
https://openalex.org/W2004776804
https://openalex.org/W1977987792
https://openalex.org/W2045006950
https://openalex.org/W2131746860
https://openalex.org/W2587386871
https://openalex.org/W2903380895
https://openalex.org/W267809647
https://openalex.org/W3004491736
https://openalex.org/W2059966430
https://openalex.org/W2144176808
https://openalex.org/W1965387026
https://openalex.org/W2952892698
https://openalex.org/W2951963925
https://openalex.org/W2207714503
https://openalex.org/W1986345950
https://openalex.org/W2108616869
https://openalex.org/W2890909153
https://openalex.org/W2766059416
https://openalex.org/W2979736100
https://openalex.org/W3105124514
https://openalex.org/W2970404044
https://openalex.org/W4312083951
https://openalex.org/W4367599107
https://openalex.org/W2172246398
https://openalex.org/W2159633079
https://openalex.org/W2157315698
https://openalex.org/W1989923521
https://openalex.org/W2024453557
https://openalex.org/W2039909144
https://openalex.org/W2096068783
https://openalex.org/W1971890885
https://openalex.org/W2062309573
https://openalex.org/W2080830389
https://openalex.org/W1541959210
https://openalex.org/W2019647078
https://openalex.org/W2064449492
https://openalex.org/W1991359408
https://openalex.org/W2173008810
https://openalex.org/W2108466738
https://openalex.org/W588741669
https://openalex.org/W1976097804
https://openalex.org/W2023641306
https://openalex.org/W2043599291
https://openalex.org/W1608541529
https://openalex.org/W2088351946
https://openalex.org/W4232126274
https://openalex.org/W2023248977
https://openalex.org/W4248947069
https://openalex.org/W2109164508
https://openalex.org/W2016926265
https://openalex.org/W2045006048
https://openalex.org/W2083153083
https://openalex.org/W2123171443
https://openalex.org/W2126554990
https://openalex.org/W2065859367
https://openalex.org/W2086429299
https://openalex.org/W2156324898
https://openalex.org/W2130779718
https://openalex.org/W2137161651
https://openalex.org/W2176043983
https://openalex.org/W2008660163
https://openalex.org/W2566913469
https://openalex.org/W2116604420
https://openalex.org/W2067843090
https://openalex.org/W2789930262
https://openalex.org/W2302186992
https://openalex.org/W1982147179
https://openalex.org/W1984190531
https://openalex.org/W2239706731
https://openalex.org/W2141800763
https://openalex.org/W1977754216
https://openalex.org/W3017650118
https://openalex.org/W2950992973
https://openalex.org/W2005709974
https://openalex.org/W2109821196
https://openalex.org/W2953862034
https://openalex.org/W2283749176
https://openalex.org/W2771018545
https://openalex.org/W1892287579
https://openalex.org/W2953081157
https://openalex.org/W2085348498
https://openalex.org/W3034264256
https://openalex.org/W2738532682
https://openalex.org/W2400463450
https://openalex.org/W2884426126
https://openalex.org/W2925497389
https://openalex.org/W3025275836
https://openalex.org/W2979375423
https://openalex.org/W2981998526
https://openalex.org/W2988700488
https://openalex.org/W3119786698
https://openalex.org/W3106873793
https://openalex.org/W3009954431
https://openalex.org/W3008524393
https://openalex.org/W3118878597
https://openalex.org/W3113714346
https://openalex.org/W3111765116
https://openalex.org/W4293066026
https://openalex.org/W4224480762
https://openalex.org/W4283771290
https://openalex.org/W4294578133
https://openalex.org/W4290964169
https://openalex.org/W4280616014
https://openalex.org/W4313442998
https://openalex.org/W4323533812
https://openalex.org/W4313891039
https://openalex.org/W4360831044
https://openalex.org/W4391102063
https://openalex.org/W4391986066
https://openalex.org/W2120950173
https://openalex.org/W1998578518
https://openalex.org/W2068617136
https://openalex.org/W1989194279
https://openalex.org/W2154858732
https://openalex.org/W2055366778
https://openalex.org/W1965428631
https://openalex.org/W2160533952
https://openalex.org/W2036939096
https://openalex.org/W2099326296
https://openalex.org/W2065933427
https://openalex.org/W2077888656
https://openalex.org/W2159809862
https://openalex.org/W2060138719
https://openalex.org/W2121832325
https://openalex.org/W2002064053
https://openalex.org/W1929105441
https://openalex.org/W348514121
https://openalex.org/W2060347307
https://openalex.org/W2030780155
https://openalex.org/W24174317
https://openalex.org/W1970138482
https://openalex.org/W2094476397
https://openalex.org/W2150473717
https://openalex.org/W2007178295
https://openalex.org/W2163779721
https://openalex.org/W2072530880
https://openalex.org/W2101092355
https://openalex.org/W2052216327
https://openalex.org/W2031731414
https://openalex.org/W2004398138
https://openalex.org/W2036683217
https://openalex.org/W2104060572
https://openalex.org/W2089062942
https://openalex.org/W2146451135
https://openalex.org/W1990063775
https://openalex.org/W2032701454
https://openalex.org/W2145936572
https://openalex.org/W1973769848
https://openalex.org/W2124825860
https://openalex.org/W2053183920
https://openalex.org/W2048683276
https://openalex.org/W2037293905
https://openalex.org/W2058724374
https://openalex.org/W2028610788
https://openalex.org/W1973775181
https://openalex.org/W1657670864
https://openalex.org/W2032053261
https://openalex.org/W2049056665
https://openalex.org/W2056689240
https://openalex.org/W1988159066
https://openalex.org/W2005429271
https://openalex.org/W1986847329
https://openalex.org/W2009309540
https://openalex.org/W2036475825
https://openalex.org/W2316408871
https://openalex.org/W2072939492
https://openalex.org/W2142497161
https://openalex.org/W1695139953
https://openalex.org/W2112341436
https://openalex.org/W2076915274
https://openalex.org/W2081575127
https://openalex.org/W2794767941
https://openalex.org/W1805154234
https://openalex.org/W2321477642
https://openalex.org/W2898891076
https://openalex.org/W2750198857
https://openalex.org/W2774334814
https://openalex.org/W2572534587
https://openalex.org/W2137353457
https://openalex.org/W2757719058
https://openalex.org/W2800384987
https://openalex.org/W2290101205
https://openalex.org/W2615027591
https://openalex.org/W1534947693
https://openalex.org/W2767512443
https://openalex.org/W2791320840
https://openalex.org/W2904042263
https://openalex.org/W2793252115
https://openalex.org/W3005022668
https://openalex.org/W3003393377
https://openalex.org/W3036706284
https://openalex.org/W3007637688
https://openalex.org/W3011448036
https://openalex.org/W3043035763
https://openalex.org/W3132678056
https://openalex.org/W3148483139
https://openalex.org/W4200144305
https://openalex.org/W4224214625
https://openalex.org/W4288886092
https://openalex.org/W4295981989
https://openalex.org/W4294191256
https://openalex.org/W4200195991
https://openalex.org/W4308152295
https://openalex.org/W4313453705
https://openalex.org/W4312420021
https://openalex.org/W4316171021
https://openalex.org/W4319440619
https://openalex.org/W4381854165
https://openalex.org/W4385241576
https://openalex.org/W4385297775
https://openalex.org/W4382601030
https://openalex.org/W4387142718
https://openalex.org/W4388680351
https://openalex.org/W4389235872
https://openalex.org/W4389640293
https://openalex.org/W4392746919
https://openalex.org/W2055803989
https://openalex.org/W1970314167
https://openalex.org/W2048339074
https://openalex.org/W1967166836
https://openalex.org/W2178863266
https://openalex.org/W2019012204
https://openalex.org/W2007559212
https://openalex.org/W2035972342
https://openalex.org/W2095472344
https://openalex.org/W2000882323
https://openalex.org/W2050519822
https://openalex.org/W1528749840
https://openalex.org/W2041012341
https://openalex.org/W1993948687
https://openalex.org/W2045465096
https://openalex.org/W604859064
https://openalex.org/W2097060123
https://openalex.org/W2082658017
https://openalex.org/W2078274199
https://openalex.org/W1986080552
https://openalex.org/W2048684671
https://openalex.org/W2114493610
https://openalex.org/W2032801363
https://openalex.org/W1986209471
https://openalex.org/W2054561361
https://openalex.org/W2065217271
https://openalex.org/W1580530098
https://openalex.org/W1968007289
https://openalex.org/W2156597639
https://openalex.org/W2778761346
https://openalex.org/W2136189316
https://openalex.org/W4249402785
https://openalex.org/W1598523246
https://openalex.org/W2053784038
https://openalex.org/W2065490526
https://openalex.org/W2148245497
https://openalex.org/W2003941392
https://openalex.org/W2069360236
https://openalex.org/W2323680505
https://openalex.org/W1497872009
https://openalex.org/W2025538924
https://openalex.org/W2029138387
https://openalex.org/W2096495551
https://openalex.org/W1980143127
https://openalex.org/W2046574687
https://openalex.org/W2046854793
https://openalex.org/W2079890133
https://openalex.org/W2164790052
https://openalex.org/W2333391534
https://openalex.org/W1918915114
https://openalex.org/W2169373818
https://openalex.org/W2130856740
https://openalex.org/W2046025673
https://openalex.org/W2151953994
https://openalex.org/W2460311891
https://openalex.org/W1987915030
https://openalex.org/W2028108152
https://openalex.org/W2037890691
https://openalex.org/W328696533
https://openalex.org/W2276368633
https://openalex.org/W2511945421
https://openalex.org/W2814120513
https://openalex.org/W2887292186
https://openalex.org/W2890099397
https://openalex.org/W2921201798
https://openalex.org/W3024103869
https://openalex.org/W2984950090
https://openalex.org/W3000566802
https://openalex.org/W3108417747
https://openalex.org/W3214047937
https://openalex.org/W3096313975
https://openalex.org/W3213812474
https://openalex.org/W1989575926
https://openalex.org/W3192928480
https://openalex.org/W2026902056
https://openalex.org/W3205174046
https://openalex.org/W3210906234
https://openalex.org/W4205517753
https://openalex.org/W4280593438
https://openalex.org/W3213425680
https://openalex.org/W4200376803
https://openalex.org/W4307458014
https://openalex.org/W4376619383
https://openalex.org/W4318478229
https://openalex.org/W4385400700
https://openalex.org/W4385791960
https://openalex.org/W2024408736
https://openalex.org/W2091025306
https://openalex.org/W1487192837
https://openalex.org/W2042259245
https://openalex.org/W1993819900
https://openalex.org/W207232023
https://openalex.org/W1527104036
https://openalex.org/W2076771656
https://openalex.org/W2074119519
https://openalex.org/W2125215802
https://openalex.org/W1971053267
https://openalex.org/W1628396016
https://openalex.org/W2013790681
https://openalex.org/W2080896449
https://openalex.org/W2314359712
https://openalex.org/W1973470713
https://openalex.org/W2019875438
https://openalex.org/W1970202979
https://openalex.org/W2088288664
https://openalex.org/W1575299344
https://openalex.org/W2065497028
https://openalex.org/W2107956913
https://openalex.org/W2084986007
https://openalex.org/W1998639306
https://openalex.org/W2024780368
https://openalex.org/W2109791163
https://openalex.org/W2042545295
https://openalex.org/W1803744688
https://openalex.org/W2023776358
https://openalex.org/W2088362149
https://openalex.org/W4246935949
https://openalex.org/W2105137428
https://openalex.org/W2088883019
https://openalex.org/W2077731212
https://openalex.org/W2081732388
https://openalex.org/W2160802460
https://openalex.org/W2035633448
https://openalex.org/W2049460725
https://openalex.org/W2043819670
https://openalex.org/W2107824237
https://openalex.org/W2313011831
https://openalex.org/W4251341305
https://openalex.org/W2011047972
https://openalex.org/W2081362713
https://openalex.org/W2120550580
https://openalex.org/W2146082280
https://openalex.org/W2073861400
https://openalex.org/W1985296916
https://openalex.org/W2002967273
https://openalex.org/W1996269791
https://openalex.org/W2105733356
https://openalex.org/W2130324841
https://openalex.org/W2590334473
https://openalex.org/W2158739822
https://openalex.org/W2152828676
https://openalex.org/W2284040942
https://openalex.org/W2805166720
https://openalex.org/W2602543987
https://openalex.org/W2515981967
https://openalex.org/W2790864263
https://openalex.org/W2275354489
https://openalex.org/W2789510159
https://openalex.org/W2973177496
https://openalex.org/W2896742599
https://openalex.org/W2938850969
https://openalex.org/W2953525023
https://openalex.org/W3010418926
https://openalex.org/W2054971939
https://openalex.org/W3027258749
https://openalex.org/W3034617235
https://openalex.org/W3157225481
https://openalex.org/W3152441409
https://openalex.org/W3157062973
https://openalex.org/W3173431464
https://openalex.org/W3186337735
https://openalex.org/W3214516766
https://openalex.org/W4214943316
https://openalex.org/W4206929838
https://openalex.org/W4280499342
https://openalex.org/W3215334775
https://openalex.org/W4313646589
https://openalex.org/W4321164953
https://openalex.org/W4383059064
https://openalex.org/W2029864375
https://openalex.org/W2007907158
https://openalex.org/W1987470414
https://openalex.org/W2159359535
https://openalex.org/W2008564412
https://openalex.org/W2037020270
https://openalex.org/W2068123402
https://openalex.org/W2068726926
https://openalex.org/W2078689346
https://openalex.org/W1983990860
https://openalex.org/W1989886965
https://openalex.org/W1550375105
https://openalex.org/W2046493821
https://openalex.org/W2916175389
https://openalex.org/W1968566089
https://openalex.org/W2032010565
https://openalex.org/W2082451158
https://openalex.org/W1998345146
https://openalex.org/W2049734945
https://openalex.org/W1967885615
https://openalex.org/W1977978464
https://openalex.org/W1980920192
https://openalex.org/W2038399586
https://openalex.org/W1966486313
https://openalex.org/W2072666407
https://openalex.org/W1989728314
https://openalex.org/W2000018921
https://openalex.org/W2038754571
https://openalex.org/W2119832545
https://openalex.org/W2992337504
https://openalex.org/W2055849842
https://openalex.org/W1968606010
https://openalex.org/W1852963281
https://openalex.org/W1979792572
https://openalex.org/W2043379632
https://openalex.org/W2058663692
https://openalex.org/W2029928870
https://openalex.org/W2058092669
https://openalex.org/W2092191521
https://openalex.org/W1604396082
https://openalex.org/W1988634593
https://openalex.org/W2075088173
https://openalex.org/W2323880148
https://openalex.org/W1971851144
https://openalex.org/W2133746079
https://openalex.org/W2492143424
https://openalex.org/W2113464001
https://openalex.org/W2060489630
https://openalex.org/W2328807524
https://openalex.org/W1550228796
https://openalex.org/W1897958896
https://openalex.org/W1982692529
https://openalex.org/W2155058964
https://openalex.org/W2165903517
https://openalex.org/W2573877117
https://openalex.org/W2029312876
https://openalex.org/W2109396216
https://openalex.org/W1998859546
https://openalex.org/W2069842499
https://openalex.org/W2412182458
https://openalex.org/W2891928030
https://openalex.org/W2215651243
https://openalex.org/W2772738659
https://openalex.org/W2767259763
https://openalex.org/W2611222781
https://openalex.org/W2894224001
https://openalex.org/W2903917255
https://openalex.org/W2952599059
https://openalex.org/W3112464285
https://openalex.org/W3032881098
https://openalex.org/W3096116753
https://openalex.org/W3033267782
https://openalex.org/W3094139202
https://openalex.org/W3092969461
https://openalex.org/W3122469705
https://openalex.org/W3197923486
https://openalex.org/W3167537251
https://openalex.org/W2022812645
https://openalex.org/W3158059653
https://openalex.org/W2021843711
https://openalex.org/W2075180899
https://openalex.org/W4387597332
https://openalex.org/W2125898425
https://openalex.org/W4238909928
https://openalex.org/W2052249033
https://openalex.org/W1508659878
https://openalex.org/W2047027627
https://openalex.org/W2098716725
https://openalex.org/W2104967165
https://openalex.org/W2007476603
https://openalex.org/W2049650340
https://openalex.org/W2051979020
https://openalex.org/W1993932109
https://openalex.org/W2002196167
https://openalex.org/W2036617467
https://openalex.org/W1971901814
https://openalex.org/W1977702257
https://openalex.org/W2016244765
https://openalex.org/W2069907458
https://openalex.org/W2129241887
https://openalex.org/W2144512121
https://openalex.org/W2030421686
https://openalex.org/W2073696014
https://openalex.org/W1984214882
https://openalex.org/W2057545690
https://openalex.org/W4239511280
https://openalex.org/W1490606760
https://openalex.org/W1965541115
https://openalex.org/W2009345366
https://openalex.org/W2085329980
https://openalex.org/W2158527013
https://openalex.org/W1969624606
https://openalex.org/W2088290474
https://openalex.org/W1968629706
https://openalex.org/W2040724629
https://openalex.org/W2060724658
https://openalex.org/W1483683260
https://openalex.org/W2073779405
https://openalex.org/W2011845171
https://openalex.org/W1973556282
https://openalex.org/W2012649861
https://openalex.org/W2072026295
https://openalex.org/W1988931223
https://openalex.org/W2063993137
https://openalex.org/W2043261643
https://openalex.org/W2078289403
https://openalex.org/W2004457264
https://openalex.org/W1985136161
https://openalex.org/W2124290853
https://openalex.org/W1969646656
https://openalex.org/W2075635137
https://openalex.org/W2134626194
https://openalex.org/W2062111727
https://openalex.org/W2084326413
https://openalex.org/W1989928820
https://openalex.org/W2009879449
https://openalex.org/W2118765999
https://openalex.org/W2139548660
https://openalex.org/W1983293774
https://openalex.org/W2067541494
https://openalex.org/W2154141689
https://openalex.org/W2024755394
https://openalex.org/W2046778023
https://openalex.org/W2068467389
https://openalex.org/W1988626060
https://openalex.org/W2123471333
https://openalex.org/W2184347484
https://openalex.org/W1910078593
https://openalex.org/W1972434313
https://openalex.org/W2012872383
https://openalex.org/W2015974753
https://openalex.org/W2045663353
https://openalex.org/W2097109083
https://openalex.org/W2617487400
https://openalex.org/W2763750244
https://openalex.org/W84703585
https://openalex.org/W2070536295
https://openalex.org/W2091773713
https://openalex.org/W2312026273
https://openalex.org/W2623400202
https://openalex.org/W2792461263
https://openalex.org/W1561196439
https://openalex.org/W2586184051
https://openalex.org/W2776640358
https://openalex.org/W2302889015
https://openalex.org/W2562377577
https://openalex.org/W2799364234
https://openalex.org/W2900382113
https://openalex.org/W4232313037
https://openalex.org/W2460851782
https://openalex.org/W2900347987
https://openalex.org/W2956046358
https://openalex.org/W2420634844
https://openalex.org/W3020154205
https://openalex.org/W3005034440
https://openalex.org/W3112739539
https://openalex.org/W3198933778
https://openalex.org/W3200526218
https://openalex.org/W1968315685
https://openalex.org/W4213330583
https://openalex.org/W4309874695
https://openalex.org/W4206410353
https://openalex.org/W4206842661
https://openalex.org/W4213314759
https://openalex.org/W4288081269
https://openalex.org/W4298088636
https://openalex.org/W4311932296
https://openalex.org/W4297997794
https://openalex.org/W4313231499
https://openalex.org/W4313453554
https://openalex.org/W4313825734
https://openalex.org/W4316496276
https://openalex.org/W4317632518
https://openalex.org/W4319460533
https://openalex.org/W4353055761
https://openalex.org/W4372227601
https://openalex.org/W4378175663
https://openalex.org/W4380686608
https://openalex.org/W4385896648
https://openalex.org/W2112076495
https://openalex.org/W2080643714
https://openalex.org/W2131570620
https://openalex.org/W1989395122
https://openalex.org/W2016199270
https://openalex.org/W2013344833
https://openalex.org/W2048540418
https://openalex.org/W2005057928
https://openalex.org/W2083795404
https://openalex.org/W1504735667
https://openalex.org/W2098375377
https://openalex.org/W2145056919
https://openalex.org/W1492242643
https://openalex.org/W2071170215
https://openalex.org/W2131351427
https://openalex.org/W2965516314
https://openalex.org/W1970768606
https://openalex.org/W2044943383
https://openalex.org/W2049351111
https://openalex.org/W2038494052
https://openalex.org/W4230787984
https://openalex.org/W2141219150
https://openalex.org/W1990695838
https://openalex.org/W2154298860
https://openalex.org/W2006685712
https://openalex.org/W2033817753
https://openalex.org/W2091993106
https://openalex.org/W1979147299
https://openalex.org/W2055653717
https://openalex.org/W1984167788
https://openalex.org/W2049289639
https://openalex.org/W2062472638
https://openalex.org/W2072548979
https://openalex.org/W2125467752
https://openalex.org/W2128936066
https://openalex.org/W77809345
https://openalex.org/W1991458333
https://openalex.org/W2078411623
https://openalex.org/W1965701172
https://openalex.org/W2066020863
https://openalex.org/W2319201199
https://openalex.org/W2087456562
https://openalex.org/W2134047986
https://openalex.org/W1981537565
https://openalex.org/W2075978859
https://openalex.org/W2098786624
https://openalex.org/W2144668214
https://openalex.org/W1966222124
https://openalex.org/W1996762261
https://openalex.org/W2022729488
https://openalex.org/W2084380458
https://openalex.org/W2095153335
https://openalex.org/W1966692031
https://openalex.org/W1994078060
https://openalex.org/W2019151151
https://openalex.org/W2020490459
https://openalex.org/W2043490218
https://openalex.org/W2150626098
https://openalex.org/W2074316585
https://openalex.org/W2075999382
https://openalex.org/W2084632577
https://openalex.org/W1976315310
https://openalex.org/W2019325939
https://openalex.org/W2023006235
https://openalex.org/W2119703383
https://openalex.org/W2284601799
https://openalex.org/W2537248583
https://openalex.org/W2591515032
https://openalex.org/W2605266993
https://openalex.org/W2766754671
https://openalex.org/W2807827426
https://openalex.org/W652252989
https://openalex.org/W1550857746
https://openalex.org/W2040553588
https://openalex.org/W2412337727
https://openalex.org/W2806173513
https://openalex.org/W2884585825
https://openalex.org/W2890987907
https://openalex.org/W2294765974
https://openalex.org/W2768183455
https://openalex.org/W2789712493
https://openalex.org/W2793449914
https://openalex.org/W2888967095
https://openalex.org/W2897091578
https://openalex.org/W2898656407
https://openalex.org/W2992813086
https://openalex.org/W2898682170
https://openalex.org/W2907511733
https://openalex.org/W2911013443
https://openalex.org/W2963197172
https://openalex.org/W2997578880
https://openalex.org/W3012981208
https://openalex.org/W3017864497
https://openalex.org/W2989840581
https://openalex.org/W3106593916
https://openalex.org/W3114955523
https://openalex.org/W2995780560
https://openalex.org/W3006079932
https://openalex.org/W3007017974
https://openalex.org/W3017099478
https://openalex.org/W3119729161
https://openalex.org/W3165546883
https://openalex.org/W3172108499
https://openalex.org/W3178777133
https://openalex.org/W3213976245
https://openalex.org/W4200475175
https://openalex.org/W3204369058
https://openalex.org/W4205816236
https://openalex.org/W4283741842
https://openalex.org/W4284892816
https://openalex.org/W4387400147
https://openalex.org/W4389195907
https://openalex.org/W4389352980
https://openalex.org/W4389748913
https://openalex.org/W4390496296
https://openalex.org/W4390547202
https://openalex.org/W4390674182
https://openalex.org/W4390770798
https://openalex.org/W4390933446
https://openalex.org/W4391103415
https://openalex.org/W4391401365
https://openalex.org/W4391536108
https://openalex.org/W4391679437
https://openalex.org/W4391778268
https://openalex.org/W4391846419
https://openalex.org/W4391934221
https://openalex.org/W4392002410
https://openalex.org/W4392137930
https://openalex.org/W4392340425
https://openalex.org/W4392343953
https://openalex.org/W4392543116
https://openalex.org/W4392558933
https://openalex.org/W4392739921
https://openalex.org/W4392845885
https://openalex.org/W4393029067
https://openalex.org/W4393440933
https://openalex.org/W4393571934
https://openalex.org/W4393602178
https://openalex.org/W4393823633
https://openalex.org/W4393858489
https://openalex.org/W4394695226
https://openalex.org/W4394834109
https://openalex.org/W4394871009
https://openalex.org/W4394930185
https://openalex.org/W4395034612
https://openalex.org/W4395053682
https://openalex.org/W4395692284
https://openalex.org/W4396215333
https://openalex.org/W4396222538
https://openalex.org/W2403682639
https://openalex.org/W2128471971
https://openalex.org/W1999190840
https://openalex.org/W2038308509
https://openalex.org/W2046376400
https://openalex.org/W2169763697
https://openalex.org/W1525448487
https://openalex.org/W2021804879
https://openalex.org/W2169570339
https://openalex.org/W2018000814
https://openalex.org/W2074136150
https://openalex.org/W2081380609
https://openalex.org/W2092228398
https://openalex.org/W2184032070
https://openalex.org/W2000842681
https://openalex.org/W2171077806
https://openalex.org/W2091010982
https://openalex.org/W1603912200
https://openalex.org/W2146156422
https://openalex.org/W1979394672
https://openalex.org/W2008852375
https://openalex.org/W2025892418
https://openalex.org/W2033389042
https://openalex.org/W2006655451
https://openalex.org/W2008041971
https://openalex.org/W2035858178
https://openalex.org/W2134733980
https://openalex.org/W2067388466
https://openalex.org/W2068890971
https://openalex.org/W2082748508
https://openalex.org/W1991755179
https://openalex.org/W2019410991
https://openalex.org/W2126367812
https://openalex.org/W342930560
https://openalex.org/W2003176939
https://openalex.org/W2082782477
https://openalex.org/W2086385294
https://openalex.org/W2001031803
https://openalex.org/W2029096410
https://openalex.org/W2123223036
https://openalex.org/W2316797345
https://openalex.org/W1994315372
https://openalex.org/W2058360435
https://openalex.org/W2151037604
https://openalex.org/W1978894307
https://openalex.org/W1966793308
https://openalex.org/W2104463582
https://openalex.org/W1576244252
https://openalex.org/W1979201206
https://openalex.org/W2094258029
https://openalex.org/W2004417348
https://openalex.org/W2138463209
https://openalex.org/W2183828637
https://openalex.org/W2026979706
https://openalex.org/W2102799159
https://openalex.org/W2515513839
https://openalex.org/W2560357247
https://openalex.org/W2593384935
https://openalex.org/W2028328718
https://openalex.org/W2101055099
https://openalex.org/W2209389069
https://openalex.org/W2275356725
https://openalex.org/W2334806323
https://openalex.org/W2520349655
https://openalex.org/W2558692761
https://openalex.org/W2561613850
https://openalex.org/W2765215354
https://openalex.org/W2895416943
https://openalex.org/W2296424647
https://openalex.org/W2888459818
https://openalex.org/W2888605544
https://openalex.org/W2903805772
https://openalex.org/W2933728644
https://openalex.org/W2942486791
https://openalex.org/W2910089581
https://openalex.org/W2940736617
https://openalex.org/W2994696538
https://openalex.org/W853396962
https://openalex.org/W3010733092
https://openalex.org/W3134794443
https://openalex.org/W3164185509
https://openalex.org/W3178195948
https://openalex.org/W4296513500
https://openalex.org/W4315435935
https://openalex.org/W4317743334
https://openalex.org/W4324135461
https://openalex.org/W4324145294
https://openalex.org/W4381486925
https://openalex.org/W4381948487
https://openalex.org/W4382786417
https://openalex.org/W4383535397
https://openalex.org/W4384025532
https://openalex.org/W4385603211
https://openalex.org/W4386762932
https://openalex.org/W4388694204
https://openalex.org/W2067907585
https://openalex.org/W2148172531
https://openalex.org/W2037174714
https://openalex.org/W2039431470
https://openalex.org/W2137430403
https://openalex.org/W2197256328
https://openalex.org/W2093703646
https://openalex.org/W2136267970
https://openalex.org/W2050969283
https://openalex.org/W2058180677
https://openalex.org/W2028070919
https://openalex.org/W2089292458
https://openalex.org/W2333274503
https://openalex.org/W636852724
https://openalex.org/W1986803904
https://openalex.org/W1989021307
https://openalex.org/W2069324791
https://openalex.org/W650997418
https://openalex.org/W2046405702
https://openalex.org/W2074474576
https://openalex.org/W1993241237
https://openalex.org/W2073722880
https://openalex.org/W2086628949
https://openalex.org/W2095422922
https://openalex.org/W1491076358
https://openalex.org/W2032473997
https://openalex.org/W1983709730
https://openalex.org/W1999737053
https://openalex.org/W2021589602
https://openalex.org/W2406415316
https://openalex.org/W2033591978
https://openalex.org/W2041849112
https://openalex.org/W1986991073
https://openalex.org/W2051083844
https://openalex.org/W1978721114
https://openalex.org/W2013279382
https://openalex.org/W2045500503
https://openalex.org/W2073800598
https://openalex.org/W2088735669
https://openalex.org/W1837711940
https://openalex.org/W2000547599
https://openalex.org/W2050832943
https://openalex.org/W2108120333
https://openalex.org/W2136778804
https://openalex.org/W2148386350
https://openalex.org/W2172102009
https://openalex.org/W1966251929
https://openalex.org/W2097716435
https://openalex.org/W2789747253
https://openalex.org/W2888095744
https://openalex.org/W2963052761
https://openalex.org/W1587420590
https://openalex.org/W1838763254
https://openalex.org/W1959572216
https://openalex.org/W2014127816
https://openalex.org/W2193540986
https://openalex.org/W2319803280
https://openalex.org/W2344630734
https://openalex.org/W2496060322
https://openalex.org/W2519914429
https://openalex.org/W2550571725
https://openalex.org/W2336655827
https://openalex.org/W2515654412
https://openalex.org/W2932888552
https://openalex.org/W4245169410
https://openalex.org/W3003847669
https://openalex.org/W3004833477
https://openalex.org/W3043534382
https://openalex.org/W3015452871
https://openalex.org/W3024030992
https://openalex.org/W3109854992
https://openalex.org/W3133757216
https://openalex.org/W3150144728
https://openalex.org/W3198518790
https://openalex.org/W4205136171
https://openalex.org/W3210790694
https://openalex.org/W4211084409
https://openalex.org/W4226078383
https://openalex.org/W4281390426
https://openalex.org/W4281660862
https://openalex.org/W4285593545
https://openalex.org/W2073818314
https://openalex.org/W574523863
https://openalex.org/W2340179047
https://openalex.org/W176776145
https://openalex.org/W1997327838
https://openalex.org/W2046161052
https://openalex.org/W2138612599
https://openalex.org/W2150337774
https://openalex.org/W2021649208
https://openalex.org/W2062986009
https://openalex.org/W638760428
https://openalex.org/W1988354352
https://openalex.org/W2006395446
https://openalex.org/W2074104772
https://openalex.org/W2089266402
https://openalex.org/W2342238954
https://openalex.org/W1571609701
https://openalex.org/W2032935802
https://openalex.org/W2063274590
https://openalex.org/W2085182687
https://openalex.org/W1597682472
https://openalex.org/W1972205891
https://openalex.org/W2015055984
https://openalex.org/W2052607733
https://openalex.org/W1965101335
https://openalex.org/W2080956049
https://openalex.org/W2143228794
https://openalex.org/W2144952022
https://openalex.org/W2011469920
https://openalex.org/W2039544270
https://openalex.org/W2053894844
https://openalex.org/W2054813406
https://openalex.org/W2056762423
https://openalex.org/W2116275886
https://openalex.org/W1984057747
https://openalex.org/W1984542243
https://openalex.org/W2004825724
https://openalex.org/W2050110981
https://openalex.org/W2085874689
https://openalex.org/W2095496463
https://openalex.org/W1991812087
https://openalex.org/W2031539460
https://openalex.org/W2046542947
https://openalex.org/W2028358704
https://openalex.org/W2083798476
https://openalex.org/W2058007135
https://openalex.org/W1963566168
https://openalex.org/W1987405912
https://openalex.org/W2171042519
https://openalex.org/W2402958472
https://openalex.org/W2015395020
https://openalex.org/W2034123152
https://openalex.org/W2087199252
https://openalex.org/W2119329184
https://openalex.org/W2157160838
https://openalex.org/W3021400268
https://openalex.org/W169462678
https://openalex.org/W2018827187
https://openalex.org/W2053398544
https://openalex.org/W2081048113
https://openalex.org/W2090653967
https://openalex.org/W2147232208
https://openalex.org/W2466260173
https://openalex.org/W2620245481
https://openalex.org/W2907956204
https://openalex.org/W1786461939
https://openalex.org/W1832307404
https://openalex.org/W1913879846
https://openalex.org/W2515062942
https://openalex.org/W2546531807
https://openalex.org/W2553067321
https://openalex.org/W2590614589
https://openalex.org/W2624384861
https://openalex.org/W2778893414
https://openalex.org/W2802803105
https://openalex.org/W2898217039
https://openalex.org/W2953048986
https://openalex.org/W2970555534
https://openalex.org/W2982017217
https://openalex.org/W4252511764
https://openalex.org/W2921198527
https://openalex.org/W2967298062
https://openalex.org/W2977218388
https://openalex.org/W2992258675
https://openalex.org/W3043410658
https://openalex.org/W3081242279
https://openalex.org/W3164531010
https://openalex.org/W3167788265
https://openalex.org/W2038823635
https://openalex.org/W1995735455
https://openalex.org/W3208218604
https://openalex.org/W4211074847
https://openalex.org/W4220822647
https://openalex.org/W4221062709
https://openalex.org/W4223627571
https://openalex.org/W4229005952
https://openalex.org/W4309713911
https://openalex.org/W1982280723
https://openalex.org/W2007692690
https://openalex.org/W2040062932
https://openalex.org/W2143032721
https://openalex.org/W2158051272
https://openalex.org/W1978054171
https://openalex.org/W2171261934
https://openalex.org/W2324171364
https://openalex.org/W2000953586
https://openalex.org/W2074595964
https://openalex.org/W4232822521
https://openalex.org/W2110526127
https://openalex.org/W1967051475
https://openalex.org/W1981267380
https://openalex.org/W1990082774
https://openalex.org/W2003597768
https://openalex.org/W2028677473
https://openalex.org/W2134792352
https://openalex.org/W1972655335
https://openalex.org/W2033692612
https://openalex.org/W2078612202
https://openalex.org/W4241245231
https://openalex.org/W1997756264
https://openalex.org/W1964980551
https://openalex.org/W2084414887
https://openalex.org/W1986702552
https://openalex.org/W1987507664
https://openalex.org/W2257573611
https://openalex.org/W72721951
https://openalex.org/W119104796
https://openalex.org/W2010389608
https://openalex.org/W2047694745
https://openalex.org/W2332915280
https://openalex.org/W2402907037
https://openalex.org/W2051950170
https://openalex.org/W2083891378
https://openalex.org/W2106105705
https://openalex.org/W2148104062
https://openalex.org/W2395493248
https://openalex.org/W1891845427
https://openalex.org/W1970153377
https://openalex.org/W2009282136
https://openalex.org/W2028886757
https://openalex.org/W2030337216
https://openalex.org/W2036217578
https://openalex.org/W2062709878
https://openalex.org/W2732016269
https://openalex.org/W2791614211
https://openalex.org/W2046239042
https://openalex.org/W2053402815
https://openalex.org/W2263951470
https://openalex.org/W2603967212
https://openalex.org/W2611289992
https://openalex.org/W2623097877
https://openalex.org/W2911155459
https://openalex.org/W2970219154
https://openalex.org/W2088757687
https://openalex.org/W2555482800
https://openalex.org/W2979139335
https://openalex.org/W3017879269
https://openalex.org/W3081169596
https://openalex.org/W3093395722
https://openalex.org/W2042450561
https://openalex.org/W3036955396
https://openalex.org/W3100445952
https://openalex.org/W2045495958
https://openalex.org/W3127216274
https://openalex.org/W3127987703
https://openalex.org/W3129743943
https://openalex.org/W3139686530
https://openalex.org/W3158528330
https://openalex.org/W3195156984
https://openalex.org/W4200251461
https://openalex.org/W1967953584
https://openalex.org/W2006968004
https://openalex.org/W2024383108
https://openalex.org/W2082863821
https://openalex.org/W2035322416
https://openalex.org/W2075053633
https://openalex.org/W1971778622
https://openalex.org/W2130849688
https://openalex.org/W1998824380
https://openalex.org/W2059565343
https://openalex.org/W156032516
https://openalex.org/W2071909901
https://openalex.org/W1965585706
https://openalex.org/W2042941975
https://openalex.org/W2108412431
https://openalex.org/W1972498397
https://openalex.org/W2036308103
https://openalex.org/W2057113666
https://openalex.org/W2127025351
https://openalex.org/W2418612280
https://openalex.org/W1551286798
https://openalex.org/W1967629485
https://openalex.org/W2022076137
https://openalex.org/W2079001778
https://openalex.org/W2092456611
https://openalex.org/W2144405440
https://openalex.org/W2888971714
https://openalex.org/W2027082202
https://openalex.org/W151168361
https://openalex.org/W2024080232
https://openalex.org/W140573730
https://openalex.org/W1828518791
https://openalex.org/W1976993979
https://openalex.org/W2003642790
https://openalex.org/W2011803593
https://openalex.org/W2016715908
https://openalex.org/W2034107286
https://openalex.org/W2036791385
https://openalex.org/W2040798976
https://openalex.org/W2069913907
https://openalex.org/W2085073686
https://openalex.org/W2149659162
https://openalex.org/W2217087523
https://openalex.org/W2593132982
https://openalex.org/W2617620391
https://openalex.org/W2704299108
https://openalex.org/W2757312737
https://openalex.org/W2770555160
https://openalex.org/W2788091828
https://openalex.org/W2793292480
https://openalex.org/W2804463010
https://openalex.org/W2884648501
https://openalex.org/W2886020261
https://openalex.org/W2895162069
https://openalex.org/W2952328100
https://openalex.org/W2131007932
https://openalex.org/W2153235243
https://openalex.org/W2289669972
https://openalex.org/W2414023598
https://openalex.org/W2570938405
https://openalex.org/W2914720424
https://openalex.org/W2917774586
https://openalex.org/W2996881612
https://openalex.org/W3098567135
https://openalex.org/W2994668274
https://openalex.org/W3001730276
https://openalex.org/W3015048558
https://openalex.org/W3105358686
https://openalex.org/W3095777082
https://openalex.org/W3120482091
https://openalex.org/W3129441307
https://openalex.org/W3146066418
https://openalex.org/W3167282195
https://openalex.org/W3180398394
https://openalex.org/W2009417502
https://openalex.org/W2022678776
https://openalex.org/W4210677607
https://openalex.org/W4285682239
https://openalex.org/W4289793443
https://openalex.org/W4293680825
https://openalex.org/W4302027415
https://openalex.org/W2320060211
https://openalex.org/W4317938540
https://openalex.org/W4321496009
https://openalex.org/W4321498035
https://openalex.org/W4323041115
https://openalex.org/W4323322739
https://openalex.org/W4360812344
https://openalex.org/W4361216168
https://openalex.org/W4361297992
https://openalex.org/W4362507089
https://openalex.org/W4365443977
https://openalex.org/W4366699536
https://openalex.org/W4366774955
https://openalex.org/W4378677878
https://openalex.org/W4379406033
https://openalex.org/W4385441951
https://openalex.org/W4385872149
https://openalex.org/W4386227695
https://openalex.org/W4386609223
https://openalex.org/W4386811882
https://openalex.org/W4387563597
https://openalex.org/W4387601397
https://openalex.org/W4387939119
https://openalex.org/W4388942341
https://openalex.org/W4389084877
https://openalex.org/W4389665634
https://openalex.org/W4389785735
https://openalex.org/W4390024638
https://openalex.org/W1969543071
https://openalex.org/W2026063627
https://openalex.org/W2109137261
https://openalex.org/W1968078710
https://openalex.org/W1993110228
https://openalex.org/W2012247373
https://openalex.org/W2014112356
https://openalex.org/W1984354077
https://openalex.org/W1991117063
https://openalex.org/W1995797937
https://openalex.org/W2002233813
https://openalex.org/W2049049108
https://openalex.org/W2166796486
https://openalex.org/W1974912874
https://openalex.org/W2075988468
https://openalex.org/W2170402781
https://openalex.org/W1964494926
https://openalex.org/W1972253196
https://openalex.org/W2028482841
https://openalex.org/W1968206069
https://openalex.org/W1968342314
https://openalex.org/W1993743668
https://openalex.org/W2325786704
https://openalex.org/W1984591925
https://openalex.org/W2065070751
https://openalex.org/W2075096214
https://openalex.org/W2088102243
https://openalex.org/W2057891308
https://openalex.org/W2017172765
https://openalex.org/W1989533435
https://openalex.org/W202816897
https://openalex.org/W2057996955
https://openalex.org/W2117203453
https://openalex.org/W2006265899
https://openalex.org/W2414621474
https://openalex.org/W1985701785
https://openalex.org/W2326547001
https://openalex.org/W2568751483
https://openalex.org/W2639683854
https://openalex.org/W2770070600
https://openalex.org/W2334883624
https://openalex.org/W2399537165
https://openalex.org/W2415862926
https://openalex.org/W2557014846
https://openalex.org/W260600188
https://openalex.org/W2743422909
https://openalex.org/W2887177383
https://openalex.org/W2907357843
https://openalex.org/W2952757239
https://openalex.org/W2953800265
https://openalex.org/W2972965227
https://openalex.org/W748804388
https://openalex.org/W2069007721
https://openalex.org/W2018523005
https://openalex.org/W1496824504
https://openalex.org/W2020731731
https://openalex.org/W4251266441
https://openalex.org/W1969524521
https://openalex.org/W1976729957
https://openalex.org/W1982458206
https://openalex.org/W2011516755
https://openalex.org/W2019266813
https://openalex.org/W2061442701
https://openalex.org/W2087360993
https://openalex.org/W2018065741
https://openalex.org/W2126404535
https://openalex.org/W2460910719
https://openalex.org/W2475650932
https://openalex.org/W2011258459
https://openalex.org/W2025843256
https://openalex.org/W2080800525
https://openalex.org/W1969723490
https://openalex.org/W1977003916
https://openalex.org/W2021227417
https://openalex.org/W116107580
https://openalex.org/W2013655307
https://openalex.org/W2046192155
https://openalex.org/W2082787618
https://openalex.org/W2094025899
https://openalex.org/W2021831722
https://openalex.org/W178147906
https://openalex.org/W1996967004
https://openalex.org/W2064255882
https://openalex.org/W2066993787
https://openalex.org/W2090975934
https://openalex.org/W2092992395
https://openalex.org/W2113556290
https://openalex.org/W2169172109
https://openalex.org/W2328946477
https://openalex.org/W2807858615
https://openalex.org/W2888141533
https://openalex.org/W1971592843
https://openalex.org/W1972619076
https://openalex.org/W1972930370
https://openalex.org/W2032383277
https://openalex.org/W2054928747
https://openalex.org/W2096332686
https://openalex.org/W2130932064
https://openalex.org/W2313998893
https://openalex.org/W2593249088
https://openalex.org/W2626118808
https://openalex.org/W2758099458
https://openalex.org/W2898697307
https://openalex.org/W2940572919
https://openalex.org/W2958894881
https://openalex.org/W2985748558
https://openalex.org/W2996678039
https://openalex.org/W3038231369
https://openalex.org/W3040113619
https://openalex.org/W3059052741
https://openalex.org/W3081942394
https://openalex.org/W3120990360
https://openalex.org/W4256110229
https://openalex.org/W757559953
https://openalex.org/W2291176589
https://openalex.org/W2340119731
https://openalex.org/W2411194275
https://openalex.org/W3120550135
https://openalex.org/W3130620806
https://openalex.org/W2075304899
https://openalex.org/W1993300984
https://openalex.org/W2020587558
https://openalex.org/W2041098523
https://openalex.org/W2053394185
https://openalex.org/W2060845849
https://openalex.org/W2489696888
https://openalex.org/W1975167052
https://openalex.org/W1977897333
https://openalex.org/W1983439718
https://openalex.org/W1994959127
https://openalex.org/W2007847850
https://openalex.org/W2012544934
https://openalex.org/W2016894664
https://openalex.org/W2059384746
https://openalex.org/W2113904094
https://openalex.org/W2984911884
https://openalex.org/W1755117599
https://openalex.org/W1963701791
https://openalex.org/W1992146519
https://openalex.org/W2068043267
https://openalex.org/W1968484437
https://openalex.org/W1989595654
https://openalex.org/W2044967651
https://openalex.org/W2051012254
https://openalex.org/W2060164729
https://openalex.org/W2076477030
https://openalex.org/W2031956787
https://openalex.org/W2777211684
https://openalex.org/W1972645364
https://openalex.org/W2010830453
https://openalex.org/W2131982553
https://openalex.org/W2043106068
https://openalex.org/W2123390890
https://openalex.org/W1655566794
https://openalex.org/W2079377976
https://openalex.org/W2000317867
https://openalex.org/W2003720652
https://openalex.org/W2087753752
https://openalex.org/W2326446754
https://openalex.org/W2800675261
https://openalex.org/W1974819743
https://openalex.org/W1980812267
https://openalex.org/W2010242222
https://openalex.org/W2047732431
https://openalex.org/W2079583275
https://openalex.org/W2105139950
https://openalex.org/W2118179791
https://openalex.org/W2280623042
https://openalex.org/W2315720892
https://openalex.org/W2316199892
https://openalex.org/W2408788286
https://openalex.org/W2418271183
https://openalex.org/W2467180029
https://openalex.org/W2500379507
https://openalex.org/W3021218717
https://openalex.org/W3083936736
https://openalex.org/W3136995789
https://openalex.org/W4244260290
https://openalex.org/W4253281493
https://openalex.org/W3093323884
https://openalex.org/W3094355305
https://openalex.org/W3107856800
https://openalex.org/W3120374842
https://openalex.org/W3133640864
https://openalex.org/W3136300038
https://openalex.org/W3138234066
https://openalex.org/W3154475665
https://openalex.org/W3209568772
https://openalex.org/W4200044061
https://openalex.org/W4214902524
https://openalex.org/W4226373047
https://openalex.org/W4282923518
https://openalex.org/W4286636693
https://openalex.org/W4293117326
https://openalex.org/W4294904303
https://openalex.org/W4296164023
https://openalex.org/W4296894088
https://openalex.org/W1566121279
https://openalex.org/W1974014871
https://openalex.org/W1987248071
https://openalex.org/W1987598698
https://openalex.org/W2010862958
https://openalex.org/W2085864004
https://openalex.org/W2605781746
https://openalex.org/W1964747892
https://openalex.org/W1986698475
https://openalex.org/W1989127954
https://openalex.org/W2052972142
https://openalex.org/W2056313582
https://openalex.org/W2111737797
https://openalex.org/W4244058533
https://openalex.org/W2056295072
https://openalex.org/W2059160456
https://openalex.org/W2093602331
https://openalex.org/W2008355840
https://openalex.org/W2008427419
https://openalex.org/W2023928444
https://openalex.org/W2106719949
https://openalex.org/W2148432352
https://openalex.org/W2149449734
https://openalex.org/W2131893670
https://openalex.org/W2001948007
https://openalex.org/W1528446921
https://openalex.org/W2028882079
https://openalex.org/W2167707512
https://openalex.org/W2801340496
https://openalex.org/W2949972929
https://openalex.org/W4230120411
https://openalex.org/W2134438626
https://openalex.org/W2790438351
https://openalex.org/W2810473052
https://openalex.org/W2893514009
https://openalex.org/W2990598007
https://openalex.org/W1482283837
https://openalex.org/W1829273922
https://openalex.org/W1948106750
https://openalex.org/W2041603432
https://openalex.org/W2076749372
https://openalex.org/W2109933769
https://openalex.org/W2199103522
https://openalex.org/W2316255991
https://openalex.org/W2326228123
https://openalex.org/W2407581186
https://openalex.org/W2466261603
https://openalex.org/W2525910041
https://openalex.org/W2603209107
https://openalex.org/W2621620743
https://openalex.org/W2753574487
https://openalex.org/W2796888959
https://openalex.org/W3025026913
https://openalex.org/W3044324679
https://openalex.org/W3080812373
https://openalex.org/W3088207862
https://openalex.org/W3094703810
https://openalex.org/W40638343
https://openalex.org/W4236293445
https://openalex.org/W906849047
https://openalex.org/W2125906001
https://openalex.org/W2312228075
https://openalex.org/W1976481697
https://openalex.org/W2075867486
https://openalex.org/W1906291731
https://openalex.org/W2006681900
https://openalex.org/W2048148234
https://openalex.org/W2048775104
https://openalex.org/W2076918902
https://openalex.org/W2086157405
https://openalex.org/W3679703
https://openalex.org/W2064060192
https://openalex.org/W2043905860
https://openalex.org/W2065120749
https://openalex.org/W4255813535
https://openalex.org/W2025424360
https://openalex.org/W2025550815
https://openalex.org/W2062688144
https://openalex.org/W2493090861
https://openalex.org/W2011956628
https://openalex.org/W1965942303
https://openalex.org/W2031176030
https://openalex.org/W2063922012
https://openalex.org/W2111948938
https://openalex.org/W2126190948
https://openalex.org/W2155467712
https://openalex.org/W2330212116
https://openalex.org/W2334390235
https://openalex.org/W2571467526
https://openalex.org/W2728018944
https://openalex.org/W2774284634
https://openalex.org/W2804597883
https://openalex.org/W2808062849
https://openalex.org/W2914816374
https://openalex.org/W2924512474
https://openalex.org/W2950463914
https://openalex.org/W2980033112
https://openalex.org/W1479811907
https://openalex.org/W151239553
https://openalex.org/W1964397909
https://openalex.org/W2000836468
https://openalex.org/W2125733937
https://openalex.org/W2198465862
https://openalex.org/W2204402027
https://openalex.org/W2235865618
https://openalex.org/W2333085757
https://openalex.org/W2346784657
https://openalex.org/W2404839664
https://openalex.org/W2520073392
https://openalex.org/W2521723225
https://openalex.org/W2747545955
https://openalex.org/W3091954403
https://openalex.org/W3120735191
https://openalex.org/W3176681830
https://openalex.org/W3183007875
https://openalex.org/W3183845780
https://openalex.org/W3198776213
https://openalex.org/W3200542012
https://openalex.org/W3203509103
https://openalex.org/W626864921
https://openalex.org/W1651575429
https://openalex.org/W2007481130
https://openalex.org/W2010761257
https://openalex.org/W2012381623
https://openalex.org/W2077164525
https://openalex.org/W2086833195
https://openalex.org/W2127156215
https://openalex.org/W2131132156
https://openalex.org/W2144816373
https://openalex.org/W1997379955
https://openalex.org/W2002449519
https://openalex.org/W2039463029
https://openalex.org/W2099060102
https://openalex.org/W2591654668
https://openalex.org/W1997400460
https://openalex.org/W2068212303
https://openalex.org/W1976098465
https://openalex.org/W2014311969
https://openalex.org/W2048655197
https://openalex.org/W2072962570
https://openalex.org/W2089378913
https://openalex.org/W2205194575
https://openalex.org/W2018201296
https://openalex.org/W2084466619
https://openalex.org/W2257070732
https://openalex.org/W2026835869
https://openalex.org/W2136556797
https://openalex.org/W1973915242
https://openalex.org/W1990280734
https://openalex.org/W1568442170
https://openalex.org/W1579321941
https://openalex.org/W2006589685
https://openalex.org/W2023312935
https://openalex.org/W2038751085
https://openalex.org/W2075635436
https://openalex.org/W2132843975
https://openalex.org/W2272518949
https://openalex.org/W2322958328
https://openalex.org/W2326684158
https://openalex.org/W2390453291
https://openalex.org/W2403388479
https://openalex.org/W2460577543
https://openalex.org/W2461460686
https://openalex.org/W2618346341
https://openalex.org/W2619916141
https://openalex.org/W2763743738
https://openalex.org/W2768459028
https://openalex.org/W2800585043
https://openalex.org/W2891334253
https://openalex.org/W2898831879
https://openalex.org/W2914152198
https://openalex.org/W2925741851
https://openalex.org/W2955848349
https://openalex.org/W2963646662
https://openalex.org/W2967888962
https://openalex.org/W2979892966
https://openalex.org/W2992419526
https://openalex.org/W3034598858
https://openalex.org/W3035838863
https://openalex.org/W3039257714
https://openalex.org/W3043002050
https://openalex.org/W3089426955
https://openalex.org/W3113849224
https://openalex.org/W3197829700
https://openalex.org/W1248263984
https://openalex.org/W1778534407
https://openalex.org/W2001189656
https://openalex.org/W2009663861
https://openalex.org/W2119255257
https://openalex.org/W2222262762
https://openalex.org/W2294302576
https://openalex.org/W4247791131
https://openalex.org/W2020088050
https://openalex.org/W2589071919
https://openalex.org/W3217360102
https://openalex.org/W3217446445
https://openalex.org/W4210880193
https://openalex.org/W4220792837
https://openalex.org/W4220899549
https://openalex.org/W4224223481
https://openalex.org/W4280503463
https://openalex.org/W4281642468
https://openalex.org/W4293472954
https://openalex.org/W4295063310
https://openalex.org/W4297237835
https://openalex.org/W4297941794
https://openalex.org/W4297948368
https://openalex.org/W4308410236
https://openalex.org/W4309960309
https://openalex.org/W4310944043
https://openalex.org/W1982518952
https://openalex.org/W2026481388
https://openalex.org/W2063962113
https://openalex.org/W2131508739
https://openalex.org/W2328190751
https://openalex.org/W2056906189
https://openalex.org/W1977724583
https://openalex.org/W1990708335
https://openalex.org/W2065466617
https://openalex.org/W2079023371
https://openalex.org/W2402558306
https://openalex.org/W2410569928
https://openalex.org/W2439818233
https://openalex.org/W1969148473
https://openalex.org/W2156024926
https://openalex.org/W1991898484
https://openalex.org/W2036408238
https://openalex.org/W2403383476
https://openalex.org/W90977129
https://openalex.org/W1972810687
https://openalex.org/W4244348400
https://openalex.org/W1497860436
https://openalex.org/W1575428816
https://openalex.org/W1949543356
https://openalex.org/W2086269131
https://openalex.org/W2094048041
https://openalex.org/W2317614844
https://openalex.org/W2399957216
https://openalex.org/W2403843412
https://openalex.org/W3023880361
https://openalex.org/W4214582393
https://openalex.org/W59859242
https://openalex.org/W1982445652
https://openalex.org/W1993578897
https://openalex.org/W2014235038
https://openalex.org/W2033739483
https://openalex.org/W2037549790
https://openalex.org/W2055836381
https://openalex.org/W2062627498
https://openalex.org/W2083165551
https://openalex.org/W2503267938
https://openalex.org/W2052105706
https://openalex.org/W624105203
https://openalex.org/W2070363024
https://openalex.org/W2090038883
https://openalex.org/W1828777998
https://openalex.org/W1990536636
https://openalex.org/W2766126366
https://openalex.org/W1574235150
https://openalex.org/W2012427105
https://openalex.org/W2015587633
https://openalex.org/W2091140947
https://openalex.org/W2121552861
https://openalex.org/W2550119452
https://openalex.org/W2592216328
https://openalex.org/W2597560980
https://openalex.org/W2626214764
https://openalex.org/W2782504019
https://openalex.org/W2805643236
https://openalex.org/W2878727697
https://openalex.org/W2886828332
https://openalex.org/W2912525226
https://openalex.org/W2913635633
https://openalex.org/W2935881610
https://openalex.org/W2954051593
https://openalex.org/W2974561859
https://openalex.org/W2975112219
https://openalex.org/W3005636680
https://openalex.org/W3013639352
https://openalex.org/W3035448714
https://openalex.org/W3160313493
https://openalex.org/W3166876256
https://openalex.org/W3199605373
https://openalex.org/W3205982907
https://openalex.org/W38243734
https://openalex.org/W4200090124
https://openalex.org/W2192660546
https://openalex.org/W2338076992
https://openalex.org/W2400341934
https://openalex.org/W2558760142
https://openalex.org/W2616642572
https://openalex.org/W3021300613
https://openalex.org/W4389801797
https://openalex.org/W4361875435
https://openalex.org/W1562415999
https://openalex.org/W1991546161
https://openalex.org/W2057913799
https://openalex.org/W2086022289
https://openalex.org/W2427818818
https://openalex.org/W174925801
https://openalex.org/W2017072837
https://openalex.org/W2070717497
https://openalex.org/W428459443
https://openalex.org/W2044121089
https://openalex.org/W2410370627
https://openalex.org/W2766013946
https://openalex.org/W2061133514
https://openalex.org/W2098181405
https://openalex.org/W1204453319
https://openalex.org/W1514355419
https://openalex.org/W1591190141
https://openalex.org/W189280277
https://openalex.org/W1992950991
https://openalex.org/W2005542016
https://openalex.org/W2009498641
https://openalex.org/W2030466083
https://openalex.org/W2052988222
https://openalex.org/W2055954071
https://openalex.org/W2057212023
https://openalex.org/W2082257294
https://openalex.org/W2088121209
https://openalex.org/W2153080874
https://openalex.org/W2217747742
https://openalex.org/W2306230882
https://openalex.org/W2313663369
https://openalex.org/W2335597964
https://openalex.org/W2750821134
https://openalex.org/W399287570
https://openalex.org/W4214871703
https://openalex.org/W4230025205
https://openalex.org/W4239194592
https://openalex.org/W1973394914
https://openalex.org/W1979187139
https://openalex.org/W2407646405
https://openalex.org/W4313591684
https://openalex.org/W4318451195
https://openalex.org/W4322620397
https://openalex.org/W4322758906
https://openalex.org/W4323519187
https://openalex.org/W4323825041
https://openalex.org/W4327565203
https://openalex.org/W4360802450
https://openalex.org/W4360981674
https://openalex.org/W4361825231
https://openalex.org/W4361876021
https://openalex.org/W4361896845
https://openalex.org/W4361896946
https://openalex.org/W4366082932
https://openalex.org/W4376632791
https://openalex.org/W4376874395
https://openalex.org/W4376874479
https://openalex.org/W4377011824
https://openalex.org/W4377108126
https://openalex.org/W4378977580
https://openalex.org/W4379056808
https://openalex.org/W4381190245
https://openalex.org/W4381895397
https://openalex.org/W4382047892
https://openalex.org/W4382057958
https://openalex.org/W4382197530
https://openalex.org/W4383302688
https://openalex.org/W4383311602
https://openalex.org/W4383345485
https://openalex.org/W4383372355
https://openalex.org/W4383499968
https://openalex.org/W4385276985
https://openalex.org/W4385336020
https://openalex.org/W4385542922
https://openalex.org/W4385544308
https://openalex.org/W4385544356
https://openalex.org/W4385545863
https://openalex.org/W4385546258
https://openalex.org/W4385550738
https://openalex.org/W4385554905
https://openalex.org/W4385555592
https://openalex.org/W4385556865
https://openalex.org/W4385556938
https://openalex.org/W4385778664
https://openalex.org/W4386122025
https://openalex.org/W4386243007
https://openalex.org/W4386278174
https://openalex.org/W4386376717
https://openalex.org/W4386386396
https://openalex.org/W4386448803
https://openalex.org/W4386512826
https://openalex.org/W4386616268
https://openalex.org/W4386811750
https://openalex.org/W4386886359
https://openalex.org/W4387530551
https://openalex.org/W4387585749
https://openalex.org/W4387651970
https://openalex.org/W4387820158
https://openalex.org/W4387935721
https://openalex.org/W4387956980
https://openalex.org/W4387974414
https://openalex.org/W4388343738
https://openalex.org/W4388598145
https://openalex.org/W4389056122
https://openalex.org/W4389128585
https://openalex.org/W4389228227
https://openalex.org/W4389325734
https://openalex.org/W4389736446
https://openalex.org/W4389804554
https://openalex.org/W4391349519
https://openalex.org/W4391815939
https://openalex.org/W4392685240
https://openalex.org/W4395453449
https://openalex.org/W4395453581
https://openalex.org/W4395453699
https://openalex.org/W2039690758
https://openalex.org/W2070896577
https://openalex.org/W2078306679
https://openalex.org/W2400269967
https://openalex.org/W2418597214
https://openalex.org/W1986046779
https://openalex.org/W1990557215
https://openalex.org/W2024340246
https://openalex.org/W2063531729
https://openalex.org/W2333213307
https://openalex.org/W2037645145
https://openalex.org/W2087669583
https://openalex.org/W2275285319
https://openalex.org/W2277301149
https://openalex.org/W1482343919
https://openalex.org/W1978046680
https://openalex.org/W2013665506
https://openalex.org/W2040632106
https://openalex.org/W2047587082
https://openalex.org/W2086777297
https://openalex.org/W2128365603
https://openalex.org/W2165348431
https://openalex.org/W2417091477
https://openalex.org/W2186404243
https://openalex.org/W2553721812
https://openalex.org/W2570454954
https://openalex.org/W2588194238
https://openalex.org/W2604950125
https://openalex.org/W2739007141
https://openalex.org/W2759888387
https://openalex.org/W2767918834
https://openalex.org/W2776832027
https://openalex.org/W2784518227
https://openalex.org/W2791089142
https://openalex.org/W2801569239
https://openalex.org/W3160199179
https://openalex.org/W928694910
https://openalex.org/W2409072961
https://openalex.org/W2005258445
https://openalex.org/W2060212997
https://openalex.org/W2404067146
https://openalex.org/W4249032590
https://openalex.org/W1969710723
https://openalex.org/W2143540331
https://openalex.org/W2412269301
https://openalex.org/W2419746904
https://openalex.org/W1995297859
https://openalex.org/W2023409183
https://openalex.org/W2058864653
https://openalex.org/W2071723345
https://openalex.org/W2183839392
https://openalex.org/W2482233201
https://openalex.org/W2024825987
https://openalex.org/W2089164635
https://openalex.org/W2123036910
https://openalex.org/W2908199723
https://openalex.org/W2916160028
https://openalex.org/W2965156148
https://openalex.org/W2979531153
https://openalex.org/W3113084939
https://openalex.org/W3114699664
https://openalex.org/W3123939370
https://openalex.org/W3134066054
https://openalex.org/W3169385449
https://openalex.org/W3188778633
https://openalex.org/W3190591559
https://openalex.org/W3192565417
https://openalex.org/W4200515514
https://openalex.org/W4230325079
https://openalex.org/W2188745580
https://openalex.org/W2287304486
https://openalex.org/W2312811335
https://openalex.org/W2424837294
https://openalex.org/W2510886367
https://openalex.org/W2557814400
https://openalex.org/W2570940507
https://openalex.org/W2587657415
https://openalex.org/W3048596320
https://openalex.org/W4205159406
https://openalex.org/W4210487445
https://openalex.org/W4210936733
https://openalex.org/W4221025760
https://openalex.org/W4225287897
https://openalex.org/W4246514517
https://openalex.org/W4280488754
https://openalex.org/W4280502235
https://openalex.org/W4282941840
https://openalex.org/W4288886241
https://openalex.org/W4290803645
https://openalex.org/W4291298215
https://openalex.org/W4294598668
https://openalex.org/W4303437745
https://openalex.org/W4313305811
https://openalex.org/W1587178100
https://openalex.org/W4245861757
https://openalex.org/W1988032209
https://openalex.org/W2012923928
https://openalex.org/W2046839052
https://openalex.org/W2079536415
https://openalex.org/W2082051686
https://openalex.org/W2105305427
https://openalex.org/W2131447580
https://openalex.org/W2212992073
https://openalex.org/W1970499171
https://openalex.org/W2026481804
https://openalex.org/W2029099886
https://openalex.org/W2051990816
https://openalex.org/W2493159026
https://openalex.org/W564037860
https://openalex.org/W1972054011
https://openalex.org/W1173057724
https://openalex.org/W2143483664
https://openalex.org/W2312640245
https://openalex.org/W2500520758
https://openalex.org/W1483509532
https://openalex.org/W1748944166
https://openalex.org/W1971520073
https://openalex.org/W1971752115
https://openalex.org/W1971754112
https://openalex.org/W1981096969
https://openalex.org/W2017414341
https://openalex.org/W2042020001
https://openalex.org/W2045911575
https://openalex.org/W2056059565
https://openalex.org/W2064232500
https://openalex.org/W2092877853
https://openalex.org/W2184243264
https://openalex.org/W2222589362
https://openalex.org/W2269681364
https://openalex.org/W2298266004
https://openalex.org/W2328211500
https://openalex.org/W2392672201
https://openalex.org/W240876517
https://openalex.org/W2621505645
https://openalex.org/W2917753140
https://openalex.org/W3156292818
https://openalex.org/W4224247811
https://openalex.org/W4283817255
https://openalex.org/W4313488902
https://openalex.org/W624056594
https://openalex.org/W1552887525
https://openalex.org/W163854469
https://openalex.org/W1974314144
https://openalex.org/W2034961323
https://openalex.org/W2087041337
https://openalex.org/W3003535435
https://openalex.org/W2168222118
https://openalex.org/W2024240460
https://openalex.org/W2026204089
https://openalex.org/W2055815816
https://openalex.org/W2061369708
https://openalex.org/W2095090536
https://openalex.org/W1970109612
https://openalex.org/W2131311057
https://openalex.org/W2315247555
https://openalex.org/W2329059520
https://openalex.org/W2410007941
https://openalex.org/W2410225803
https://openalex.org/W2415871608
https://openalex.org/W2420479337
https://openalex.org/W2573384767
https://openalex.org/W2585149906
https://openalex.org/W2768028873
https://openalex.org/W2782148115
https://openalex.org/W2993952884
https://openalex.org/W4230567530
https://openalex.org/W4231212230
https://openalex.org/W4253597227
https://openalex.org/W657303098
https://openalex.org/W153525916
https://openalex.org/W2067429072
https://openalex.org/W2082137438
https://openalex.org/W4247830237
https://openalex.org/W4256589850
https://openalex.org/W1985946942
https://openalex.org/W2048924323
https://openalex.org/W2462498565
https://openalex.org/W4229720799
https://openalex.org/W744382371
https://openalex.org/W1956210874
https://openalex.org/W1982601969
https://openalex.org/W1996913459
https://openalex.org/W2011610610
https://openalex.org/W2417654814
https://openalex.org/W1979376873
https://openalex.org/W2022170917
https://openalex.org/W2024578461
https://openalex.org/W2046028714
https://openalex.org/W2125970678
https://openalex.org/W2245044744
https://openalex.org/W2791566709
https://openalex.org/W2805128970
https://openalex.org/W2889418176
https://openalex.org/W2890247909
https://openalex.org/W2901925955
https://openalex.org/W2981949211
https://openalex.org/W3037396626
https://openalex.org/W3170821032
https://openalex.org/W3195313744
https://openalex.org/W4200163721
https://openalex.org/W4295312758
https://openalex.org/W333688922
https://openalex.org/W164983419
https://openalex.org/W2014342353
https://openalex.org/W2911814783
https://openalex.org/W2946812980
https://openalex.org/W2965656288
https://openalex.org/W2979809907
https://openalex.org/W2981833664
https://openalex.org/W3011922966
https://openalex.org/W3027933591
https://openalex.org/W3032122124
https://openalex.org/W3039423405
https://openalex.org/W3049137730
https://openalex.org/W3087026795
https://openalex.org/W3090868587
https://openalex.org/W3111715664
https://openalex.org/W3126041525
https://openalex.org/W3128037640
https://openalex.org/W3160321899
https://openalex.org/W4232191231
https://openalex.org/W4238832605
https://openalex.org/W4251035054
https://openalex.org/W4287622457
https://openalex.org/W4234325911
https://openalex.org/W190333744
https://openalex.org/W2025126345
https://openalex.org/W2068846786
https://openalex.org/W2075060319
https://openalex.org/W2084540247
https://openalex.org/W2330904540
https://openalex.org/W2331504403
https://openalex.org/W2009943356
https://openalex.org/W2014203544
https://openalex.org/W2020155459
https://openalex.org/W2071971752
https://openalex.org/W2409641426
https://openalex.org/W2418763356
https://openalex.org/W3122860811
https://openalex.org/W2064310440
https://openalex.org/W3130597868
https://openalex.org/W3152544743
https://openalex.org/W3164384231
https://openalex.org/W3188048868
https://openalex.org/W3209735370
https://openalex.org/W2145019157
https://openalex.org/W2949822647
https://openalex.org/W181723682
https://openalex.org/W1977585792
https://openalex.org/W1988602651
https://openalex.org/W1996896463
https://openalex.org/W2159605273
https://openalex.org/W2463689237
https://openalex.org/W81027
https://openalex.org/W89090073
https://openalex.org/W2062087320
https://openalex.org/W2084545714
https://openalex.org/W1966809306
https://openalex.org/W2417046880
https://openalex.org/W2757259801
https://openalex.org/W1993932219
https://openalex.org/W2473522457
https://openalex.org/W4250942556
https://openalex.org/W1972916100
https://openalex.org/W2057403268
https://openalex.org/W2061622117
https://openalex.org/W2081009216
https://openalex.org/W2151799000
https://openalex.org/W2331799355
https://openalex.org/W2425419309
https://openalex.org/W4230836430
https://openalex.org/W4238944875
https://openalex.org/W4242886073
https://openalex.org/W1611034086
https://openalex.org/W1501701797
https://openalex.org/W1539986763
https://openalex.org/W1583206692
https://openalex.org/W189831876
https://openalex.org/W1969401722
https://openalex.org/W2013482530
https://openalex.org/W2039695652
https://openalex.org/W2042430160
https://openalex.org/W2053469667
https://openalex.org/W2065661952
https://openalex.org/W2081945321
https://openalex.org/W2090185582
https://openalex.org/W212495655
https://openalex.org/W2134662842
https://openalex.org/W2183793725
https://openalex.org/W2186464219
https://openalex.org/W2248180048
https://openalex.org/W2274595536
https://openalex.org/W2278993944
https://openalex.org/W2280831715
https://openalex.org/W2282291854
https://openalex.org/W2282964028
https://openalex.org/W2284688586
https://openalex.org/W2313709775
https://openalex.org/W2321970222
https://openalex.org/W2325227027
https://openalex.org/W2331948925
https://openalex.org/W2332747457
https://openalex.org/W2334249261
https://openalex.org/W2335237788
https://openalex.org/W2337619647
https://openalex.org/W2341572637
https://openalex.org/W2402393125
https://openalex.org/W2418096995
https://openalex.org/W2418561544
https://openalex.org/W2419022995
https://openalex.org/W2443338505
https://openalex.org/W2464357706
https://openalex.org/W2465581473
https://openalex.org/W2483825913
https://openalex.org/W2492708745
https://openalex.org/W2497771035
https://openalex.org/W2504462172
https://openalex.org/W2509361239
https://openalex.org/W2513628079
https://openalex.org/W2518629910
https://openalex.org/W2522850105
https://openalex.org/W2548333701
https://openalex.org/W2550057961
https://openalex.org/W2589782701
https://openalex.org/W2592066033
https://openalex.org/W2594710899
https://openalex.org/W2728394989
https://openalex.org/W2744981779
https://openalex.org/W2748718582
https://openalex.org/W2751410352
https://openalex.org/W2774689195
https://openalex.org/W2888659789
https://openalex.org/W2912352093
https://openalex.org/W2918369162
https://openalex.org/W2921573977
https://openalex.org/W2934304462
https://openalex.org/W2980905568
https://openalex.org/W3020715119
https://openalex.org/W3021986296
https://openalex.org/W3030028105
https://openalex.org/W3096563977
https://openalex.org/W3099283228
https://openalex.org/W3120039490
https://openalex.org/W316514569
https://openalex.org/W3185898521
https://openalex.org/W348787366
https://openalex.org/W4229805098
https://openalex.org/W4229814169
https://openalex.org/W4229960351
https://openalex.org/W4232811663
https://openalex.org/W4235250860
https://openalex.org/W4236786255
https://openalex.org/W4237098374
https://openalex.org/W4237631074
https://openalex.org/W4239197608
https://openalex.org/W4240977912
https://openalex.org/W4241010677
https://openalex.org/W4241213109
https://openalex.org/W4244494154
https://openalex.org/W4245747073
https://openalex.org/W4246787504
https://openalex.org/W4247072965
https://openalex.org/W4248044053
https://openalex.org/W4249648406
https://openalex.org/W4249743106
https://openalex.org/W4250085544
https://openalex.org/W4250456773
https://openalex.org/W4250590969
https://openalex.org/W4251956177
https://openalex.org/W4253146803
https://openalex.org/W4254190087
https://openalex.org/W4254523487
https://openalex.org/W4255550663
https://openalex.org/W4255976076
https://openalex.org/W4256023959
https://openalex.org/W4256486664
https://openalex.org/W4300504084
https://openalex.org/W4306719381
https://openalex.org/W4392437469
https://openalex.org/W4392438726
https://openalex.org/W4392438771
https://openalex.org/W4392438861
https://openalex.org/W4394071651
https://openalex.org/W4394101894
https://openalex.org/W4394145937
https://openalex.org/W4394155935
https://openalex.org/W4394178807
https://openalex.org/W4394190568
https://openalex.org/W4394204104
https://openalex.org/W4394272492
https://openalex.org/W4394283055
https://openalex.org/W4394378234
https://openalex.org/W4394420360
https://openalex.org/W46863641
https://openalex.org/W55713455
https://openalex.org/W1973373665
https://openalex.org/W2086136648
https://openalex.org/W2260041887
https://openalex.org/W2485180100
https://openalex.org/W53726728
https://openalex.org/W1964067116
https://openalex.org/W1982347512
https://openalex.org/W2045766830
https://openalex.org/W937709022
https://openalex.org/W1012319599
https://openalex.org/W1488781087
https://openalex.org/W1513961194
https://openalex.org/W1545898057
https://openalex.org/W1595168330
https://openalex.org/W1639374979
https://openalex.org/W1643213134
https://openalex.org/W164434622
https://openalex.org/W1672821037
https://openalex.org/W168857698
https://openalex.org/W1701915005
https://openalex.org/W1939783218
https://openalex.org/W1967612987
https://openalex.org/W1983927216
https://openalex.org/W1985892672
https://openalex.org/W1992233959
https://openalex.org/W1992279865
https://openalex.org/W2016677047
https://openalex.org/W2036348161
https://openalex.org/W2041366438
https://openalex.org/W2055368231
https://openalex.org/W2055417082
https://openalex.org/W2062952144
https://openalex.org/W2064127701
https://openalex.org/W2066619916
https://openalex.org/W2077731561
https://openalex.org/W2081701403
https://openalex.org/W2088528543
https://openalex.org/W2090504237
https://openalex.org/W2100047853
https://openalex.org/W2115396414
https://openalex.org/W2131504270
https://openalex.org/W2164253378
https://openalex.org/W2183288831
https://openalex.org/W2185690851
https://openalex.org/W2221113346
https://openalex.org/W2277032165
https://openalex.org/W2281706504
https://openalex.org/W2283140128
https://openalex.org/W2299888107
https://openalex.org/W2302113519
https://openalex.org/W2314472565
https://openalex.org/W2315469312
https://openalex.org/W2320000706
https://openalex.org/W2320087227
https://openalex.org/W2324924544
https://openalex.org/W2325573856
https://openalex.org/W2326498143
https://openalex.org/W2327289763
https://openalex.org/W2332952020
https://openalex.org/W2341070347
https://openalex.org/W2360927440
https://openalex.org/W2367351250
https://openalex.org/W2370090891
https://openalex.org/W2381710433
https://openalex.org/W2393775873
https://openalex.org/W2402321683
https://openalex.org/W2405341681
https://openalex.org/W2410690516
https://openalex.org/W2410986221
https://openalex.org/W2412847728
https://openalex.org/W2415864432
https://openalex.org/W2417801747
https://openalex.org/W2423843649
https://openalex.org/W2463742251
https://openalex.org/W2475617424
https://openalex.org/W2493510691
https://openalex.org/W2626346451
https://openalex.org/W2747898635
https://openalex.org/W2783351432
https://openalex.org/W2810930416
https://openalex.org/W28350392
https://openalex.org/W2901689211
https://openalex.org/W2908612087
https://openalex.org/W2910955705
https://openalex.org/W2945956553
https://openalex.org/W2951769112
https://openalex.org/W2995501487
https://openalex.org/W3015287112
https://openalex.org/W3021011470
https://openalex.org/W3095933988
https://openalex.org/W3110008596
https://openalex.org/W3171174119
https://openalex.org/W3172048614
https://openalex.org/W3178476193
https://openalex.org/W3203082029
https://openalex.org/W350606914
https://openalex.org/W37086177
https://openalex.org/W4205618963
https://openalex.org/W4232322492
https://openalex.org/W4250646433
https://openalex.org/W4256407737
https://openalex.org/W4306247076
https://openalex.org/W57545307
https://openalex.org/W1964294467
https://openalex.org/W1977611973
https://openalex.org/W2073389873
https://openalex.org/W2394503092
https://openalex.org/W2402785361
https://openalex.org/W2474564569
https://openalex.org/W297114195
https://openalex.org/W367566168
https://openalex.org/W4230150113
https://openalex.org/W1879748661
https://openalex.org/W2015887563
https://openalex.org/W27297054
https://openalex.org/W1735332749
https://openalex.org/W1784835704
https://openalex.org/W1803240880
https://openalex.org/W1985034638
https://openalex.org/W2102876103
https://openalex.org/W2145927884
https://openalex.org/W2150701512
https://openalex.org/W2189520216
https://openalex.org/W2256579540
https://openalex.org/W2313933536
https://openalex.org/W2350471875
https://openalex.org/W2362315551
https://openalex.org/W2397663326
https://openalex.org/W2401390048
https://openalex.org/W2419526848
https://openalex.org/W2423734613
https://openalex.org/W2467093756
https://openalex.org/W2531571702
https://openalex.org/W2568597934
https://openalex.org/W2583303062
https://openalex.org/W2583911549
https://openalex.org/W2585978564
https://openalex.org/W2587898482
https://openalex.org/W2591130575
https://openalex.org/W2596108500
https://openalex.org/W2602295511
https://openalex.org/W2606785122
https://openalex.org/W2608144397
https://openalex.org/W2624518496
https://openalex.org/W2654422352
https://openalex.org/W2676999981
https://openalex.org/W2684438480
https://openalex.org/W2731241996
https://openalex.org/W2750512296
https://openalex.org/W2762842369
https://openalex.org/W2765476287
https://openalex.org/W2786067535
https://openalex.org/W2787032777
https://openalex.org/W2787443417
https://openalex.org/W2801072533
https://openalex.org/W2900717304
https://openalex.org/W2900837394
https://openalex.org/W2906442033
https://openalex.org/W2915127310
https://openalex.org/W2923222755
https://openalex.org/W2924849132
https://openalex.org/W2939963627
https://openalex.org/W2941178710
https://openalex.org/W2949729632
https://openalex.org/W2951020897
https://openalex.org/W2989647805
https://openalex.org/W3000808302
https://openalex.org/W3001533827
https://openalex.org/W3008946686
https://openalex.org/W3159320531
https://openalex.org/W4212788028
https://openalex.org/W4232656539
https://openalex.org/W4236436188
https://openalex.org/W4244658553
https://openalex.org/W4248540002
https://openalex.org/W4249870941
https://openalex.org/W4251984120
https://openalex.org/W4297914256
https://openalex.org/W4300500884
https://openalex.org/W4302396684
https://openalex.org/W4307750539
https://openalex.org/W4309823662
https://openalex.org/W4387609682
https://openalex.org/W4392437404
https://openalex.org/W4392437452
https://openalex.org/W4392437485
https://openalex.org/W4392438719
https://openalex.org/W4392438758
https://openalex.org/W4392438789
https://openalex.org/W4394457538
https://openalex.org/W4394704097
https://openalex.org/W2094872934
https://openalex.org/W2397426429
https://openalex.org/W2406961273
https://openalex.org/W2460394719
https://openalex.org/W1021647011
https://openalex.org/W133975225
https://openalex.org/W1421378498
https://openalex.org/W149326277
https://openalex.org/W1552205571
https://openalex.org/W1568006149
https://openalex.org/W1972589053
https://openalex.org/W2016693001
https://openalex.org/W2031828978
https://openalex.org/W2032366183
https://openalex.org/W2044370445
https://openalex.org/W2047442942
https://openalex.org/W2056118557
https://openalex.org/W2059781915
https://openalex.org/W2088098696
https://openalex.org/W2094420841
https://openalex.org/W2188797610
https://openalex.org/W2290152398
https://openalex.org/W2349362912
https://openalex.org/W2365001445
https://openalex.org/W2411071888
https://openalex.org/W2416077943
https://openalex.org/W2417736093
https://openalex.org/W2419555717
https://openalex.org/W2436407288
https://openalex.org/W2586958734
https://openalex.org/W2741890017
https://openalex.org/W2950586667
https://openalex.org/W2971262588
https://openalex.org/W3029764796
https://openalex.org/W3032088591
https://openalex.org/W3159135769
https://openalex.org/W411090208
https://openalex.org/W4200308491
https://openalex.org/W4205298924
https://openalex.org/W4206556166
https://openalex.org/W4213133685
https://openalex.org/W4214599020
https://openalex.org/W4220763734
https://openalex.org/W4220893823
https://openalex.org/W4224079323
https://openalex.org/W4224250866
https://openalex.org/W4224273148
https://openalex.org/W4225506145
https://openalex.org/W4226110351
https://openalex.org/W4226317197
https://openalex.org/W4242932982
https://openalex.org/W4250742340
https://openalex.org/W4280557566
https://openalex.org/W4282980798
https://openalex.org/W4283359446
https://openalex.org/W4285122906
https://openalex.org/W4285483705
https://openalex.org/W4285599887
https://openalex.org/W4295886531
https://openalex.org/W4296252626
https://openalex.org/W4296538816
https://openalex.org/W4298622597
https://openalex.org/W4304142217
https://openalex.org/W4307094095
https://openalex.org/W4308774077
https://openalex.org/W4308942071
https://openalex.org/W4309331098
https://openalex.org/W4309479474
https://openalex.org/W4309563496
https://openalex.org/W4309888812
https://openalex.org/W4309926029
https://openalex.org/W4310706735
https://openalex.org/W4311835995
https://openalex.org/W4313655416
https://openalex.org/W4319999063
https://openalex.org/W4320083647
https://openalex.org/W4379034770
https://openalex.org/W4387943859
https://openalex.org/W4387943862
https://openalex.org/W4393586125
https://openalex.org/W4393666466
https://openalex.org/W4393719921
https://openalex.org/W4393813528
https://openalex.org/W50907939
https://openalex.org/W71991880
https://openalex.org/W994963589
https://openalex.org/W181693734
https://openalex.org/W2030654922
https://openalex.org/W2054893406
https://openalex.org/W2080143912
https://openalex.org/W2152932057
https://openalex.org/W2235898331
https://openalex.org/W2285936366
https://openalex.org/W2323279699
https://openalex.org/W2414952157
https://openalex.org/W2421436289
https://openalex.org/W4231467633
https://openalex.org/W55900056
https://openalex.org/W71388539
https://openalex.org/W1960417093
https://openalex.org/W1990666726
https://openalex.org/W2043568625
https://openalex.org/W2057684368
https://openalex.org/W2266939051
https://openalex.org/W2320316002
https://openalex.org/W2326876803
https://openalex.org/W2329637225
https://openalex.org/W2394377121
https://openalex.org/W2411210947
https://openalex.org/W2412457324
https://openalex.org/W2461213022
https://openalex.org/W2486794678
https://openalex.org/W2783396756
https://openalex.org/W2792355973
https://openalex.org/W2801720810
https://openalex.org/W2805502126
https://openalex.org/W2808197714
https://openalex.org/W2808380555
https://openalex.org/W2810322423
https://openalex.org/W2886928269
https://openalex.org/W2890348888
https://openalex.org/W2892850647
https://openalex.org/W2895109746
https://openalex.org/W2895443485
https://openalex.org/W2898323950
https://openalex.org/W2900445298
https://openalex.org/W2901968539
https://openalex.org/W2904882980
https://openalex.org/W2908359415
https://openalex.org/W2911234136
https://openalex.org/W2911595754
https://openalex.org/W2911888706
https://openalex.org/W2911950841
https://openalex.org/W2912177840
https://openalex.org/W2913067328
https://openalex.org/W2913335483
https://openalex.org/W2914097743
https://openalex.org/W2914420591
https://openalex.org/W2917363805
https://openalex.org/W2918346370
https://openalex.org/W2920526194
https://openalex.org/W2921211246
https://openalex.org/W2921582350
https://openalex.org/W2921585803
https://openalex.org/W2921945597
https://openalex.org/W2922521187
https://openalex.org/W2937186670
https://openalex.org/W2940861444
https://openalex.org/W2941458694
https://openalex.org/W2942122087
https://openalex.org/W2945028504
https://openalex.org/W2945042722
https://openalex.org/W2947216945
https://openalex.org/W2948738894
https://openalex.org/W2949693712
https://openalex.org/W2954020695
https://openalex.org/W2959708709
https://openalex.org/W2962227121
https://openalex.org/W2969364639
https://openalex.org/W2969970480
https://openalex.org/W2971399248
https://openalex.org/W2971634469
https://openalex.org/W2972231223
https://openalex.org/W2972240257
https://openalex.org/W2976702525
https://openalex.org/W2979619138
https://openalex.org/W2981571681
https://openalex.org/W2990571845
https://openalex.org/W2990651959
https://openalex.org/W2991090747
https://openalex.org/W2996215816
https://openalex.org/W2996801311
https://openalex.org/W2996938323
https://openalex.org/W2998902560
https://openalex.org/W2999727315
https://openalex.org/W3006891801
https://openalex.org/W3007208603
https://openalex.org/W3009281777
https://openalex.org/W3013248668
https://openalex.org/W3019574418
https://openalex.org/W3024543119
https://openalex.org/W3029897278
https://openalex.org/W3047989619
https://openalex.org/W3084512949
https://openalex.org/W3091647465
https://openalex.org/W3093252048
https://openalex.org/W3097327265
https://openalex.org/W3151257802
https://openalex.org/W3161618941
https://openalex.org/W3162552837
https://openalex.org/W4232643202
https://openalex.org/W4236438316
https://openalex.org/W4237377700
https://openalex.org/W4237924851
https://openalex.org/W4240064671
https://openalex.org/W4241235331
https://openalex.org/W4248212835
https://openalex.org/W4248716552
https://openalex.org/W4392426098
https://openalex.org/W4392426100
https://openalex.org/W4394380628
https://openalex.org/W103106775
https://openalex.org/W1971134492
https://openalex.org/W2044054205
https://openalex.org/W2059903185
https://openalex.org/W2082579295
https://openalex.org/W2150416089
https://openalex.org/W2287688134
https://openalex.org/W2327698755
https://openalex.org/W2420429319
https://openalex.org/W2476021978
https://openalex.org/W2481991988
https://openalex.org/W2503310197
https://openalex.org/W3014761617
https://openalex.org/W3200255
https://openalex.org/W4241060176
https://openalex.org/W60473023
https://openalex.org/W81280210
https://openalex.org/W1520440625
https://openalex.org/W1529971582
https://openalex.org/W167310899
https://openalex.org/W1711499264
https://openalex.org/W1922749917
https://openalex.org/W1941761884
https://openalex.org/W1967603916
https://openalex.org/W2018859653
https://openalex.org/W2029689577
https://openalex.org/W2045992993
https://openalex.org/W2049261564
https://openalex.org/W2074654058
https://openalex.org/W2089156066
https://openalex.org/W2166733894
https://openalex.org/W2276487116
https://openalex.org/W2296630881
https://openalex.org/W2332790324
https://openalex.org/W2349905725
https://openalex.org/W2381099859
https://openalex.org/W2405173541
https://openalex.org/W2462048036
https://openalex.org/W251935349
https://openalex.org/W2792089398
https://openalex.org/W2941747722
https://openalex.org/W2943548351
https://openalex.org/W3007996277
https://openalex.org/W3008049738
https://openalex.org/W3017458373
https://openalex.org/W3031647144
https://openalex.org/W3036122063
https://openalex.org/W3036223949
https://openalex.org/W3040713561
https://openalex.org/W3040969935
https://openalex.org/W3041087904
https://openalex.org/W3044963459
https://openalex.org/W3047552516
https://openalex.org/W3080146900
https://openalex.org/W3090991851
https://openalex.org/W3093539082
https://openalex.org/W3094108624
https://openalex.org/W3113624820
https://openalex.org/W3115611078
https://openalex.org/W3117924428
https://openalex.org/W3119669884
https://openalex.org/W3122304663
https://openalex.org/W3152305080
https://openalex.org/W3158977614
https://openalex.org/W3164173206
https://openalex.org/W3168268647
https://openalex.org/W3209919289
https://openalex.org/W4212927702
https://openalex.org/W4231797840
https://openalex.org/W4234231791
https://openalex.org/W4236902832
https://openalex.org/W4237113960
https://openalex.org/W4240475208
https://openalex.org/W4240628645
https://openalex.org/W4240913183
https://openalex.org/W4240971418
https://openalex.org/W4241613137
https://openalex.org/W4242023879
https://openalex.org/W4242386704
https://openalex.org/W4249286513
https://openalex.org/W4249332173
https://openalex.org/W4253026590
https://openalex.org/W4253054913
https://openalex.org/W4254480203
https://openalex.org/W4255872756
https://openalex.org/W4287811583
https://openalex.org/W4390856441
https://openalex.org/W4393622890
https://openalex.org/W4393966979
https://openalex.org/W990009534
https://openalex.org/W2000916347
https://openalex.org/W2258492566
https://openalex.org/W2261958187
https://openalex.org/W2281337811
https://openalex.org/W2394763519
https://openalex.org/W2417887543
https://openalex.org/W2430947969
https://openalex.org/W2469905995
https://openalex.org/W824159982
https://openalex.org/W997222610
https://openalex.org/W1218961648
https://openalex.org/W1485422861
https://openalex.org/W1916205310
https://openalex.org/W1954319837
https://openalex.org/W1994216487
https://openalex.org/W2017584289
https://openalex.org/W2047537375
https://openalex.org/W2064064476
https://openalex.org/W2151031454
https://openalex.org/W21790362
https://openalex.org/W2279973911
https://openalex.org/W2390443800
https://openalex.org/W2413337455
https://openalex.org/W2461005994
https://openalex.org/W2751700750
https://openalex.org/W2769745616
https://openalex.org/W3141341651
https://openalex.org/W3152054830
https://openalex.org/W3205130782
https://openalex.org/W4206177515
https://openalex.org/W4239198900
https://openalex.org/W4244431235
https://openalex.org/W4247672319
https://openalex.org/W4251827498
https://openalex.org/W4255627300
https://openalex.org/W568357656
https://openalex.org/W1607695874
https://openalex.org/W19452989
https://openalex.org/W206696538
https://openalex.org/W2090155369
https://openalex.org/W2145858512
https://openalex.org/W2169783898
https://openalex.org/W2324601620
https://openalex.org/W2351251723
https://openalex.org/W2424558361
https://openalex.org/W2431424504
https://openalex.org/W2781642625
https://openalex.org/W2992855529
https://openalex.org/W2992934060
https://openalex.org/W2993778364
https://openalex.org/W3091522224
https://openalex.org/W3101961231
https://openalex.org/W3118378236
https://openalex.org/W3123198970
https://openalex.org/W3128161244
https://openalex.org/W3129826669
https://openalex.org/W3132979458
https://openalex.org/W3135481112
https://openalex.org/W3139178145
https://openalex.org/W3149945019
https://openalex.org/W3153239659
https://openalex.org/W3160137774
https://openalex.org/W3160472212
https://openalex.org/W3169450824
https://openalex.org/W3171160489
https://openalex.org/W3175635526
https://openalex.org/W3180302476
https://openalex.org/W3185772496
https://openalex.org/W3194938673
https://openalex.org/W3196119193
https://openalex.org/W3197216889
https://openalex.org/W3199731771
https://openalex.org/W3201855181
https://openalex.org/W3205072078
https://openalex.org/W3214927051
https://openalex.org/W4200102548
https://openalex.org/W4200265944
https://openalex.org/W4213432338
https://openalex.org/W4236857033
https://openalex.org/W4236945121
https://openalex.org/W4236960656
https://openalex.org/W4246168759
https://openalex.org/W4247236571
https://openalex.org/W4251300722
https://openalex.org/W4254564371
https://openalex.org/W4256449991
https://openalex.org/W4287486309
https://openalex.org/W4293166189
https://openalex.org/W4392424462
https://openalex.org/W4393738504
https://openalex.org/W4394033067
https://openalex.org/W1033865707
https://openalex.org/W113570452
https://openalex.org/W1969426444
https://openalex.org/W2003392052
https://openalex.org/W2026412333
https://openalex.org/W2029715881
https://openalex.org/W2183772611
https://openalex.org/W2274302950
https://openalex.org/W2369858560
https://openalex.org/W2383063097
https://openalex.org/W2409445900
https://openalex.org/W2418367479
https://openalex.org/W2575035297
https://openalex.org/W2768385607
https://openalex.org/W2769899497
https://openalex.org/W2949769459
https://openalex.org/W2952753108
https://openalex.org/W2953196345
https://openalex.org/W3119496592
https://openalex.org/W4252596110
https://openalex.org/W46962430
https://openalex.org/W2045600596
https://openalex.org/W2299411661
https://openalex.org/W2418940302
https://openalex.org/W409672647
https://openalex.org/W99589147
https://openalex.org/W1021338565
https://openalex.org/W106853074
https://openalex.org/W124813328
https://openalex.org/W1497596858
https://openalex.org/W1786546130
https://openalex.org/W1970838363
https://openalex.org/W1989559348
https://openalex.org/W2016389767
https://openalex.org/W2120671726
https://openalex.org/W2215783069
https://openalex.org/W2285093859
https://openalex.org/W2412635803
https://openalex.org/W2413174053
https://openalex.org/W2413821366
https://openalex.org/W2413994454
https://openalex.org/W2414290930
https://openalex.org/W2414913322
https://openalex.org/W2421266207
https://openalex.org/W3159584423
https://openalex.org/W3191426723
https://openalex.org/W406615788
https://openalex.org/W4235594848
https://openalex.org/W4252282580
https://openalex.org/W4255228572
https://openalex.org/W77880997
https://openalex.org/W95452308
https://openalex.org/W95978793
https://openalex.org/W1016235465
https://openalex.org/W133971667
https://openalex.org/W134706118
https://openalex.org/W162547392
https://openalex.org/W164460536
https://openalex.org/W1669370543
https://openalex.org/W187278740
https://openalex.org/W1890806926
https://openalex.org/W1967892735
https://openalex.org/W1987001130
https://openalex.org/W1988199226
https://openalex.org/W1996897965
https://openalex.org/W2024072788
https://openalex.org/W2027470114
https://openalex.org/W2028939617
https://openalex.org/W2043349895
https://openalex.org/W20629950
https://openalex.org/W2064788905
https://openalex.org/W2089591539
https://openalex.org/W2093270324
https://openalex.org/W2096168676
https://openalex.org/W2108639030
https://openalex.org/W2109446157
https://openalex.org/W2127801611
https://openalex.org/W2139963005
https://openalex.org/W2260962125
https://openalex.org/W2307745136
https://openalex.org/W2338052734
https://openalex.org/W2365832386
https://openalex.org/W2397966920
https://openalex.org/W2414424919
https://openalex.org/W2462195765
https://openalex.org/W2466980462
https://openalex.org/W2473677020
https://openalex.org/W2476824479
https://openalex.org/W2479981361
https://openalex.org/W2494678295
https://openalex.org/W2506678169
https://openalex.org/W2528396022
https://openalex.org/W257991412
https://openalex.org/W2589124955
https://openalex.org/W2992188486
https://openalex.org/W2995088692
https://openalex.org/W3023068690
https://openalex.org/W3133041066
https://openalex.org/W3136272750
https://openalex.org/W32388776
https://openalex.org/W4239044206
https://openalex.org/W4243419366
https://openalex.org/W4244227922
https://openalex.org/W4300600897
https://openalex.org/W47940970
https://openalex.org/W623591860
https://openalex.org/W69046133
https://openalex.org/W70901809
https://openalex.org/W8046105
https://openalex.org/W93319742
https://openalex.org/W988504235
https://openalex.org/W1045028073
https://openalex.org/W112713051
https://openalex.org/W1128978697
https://openalex.org/W141715308
https://openalex.org/W1543654263
https://openalex.org/W167723192
https://openalex.org/W1679686944
https://openalex.org/W178411208
https://openalex.org/W1978426082
https://openalex.org/W198140152
https://openalex.org/W2021582629
https://openalex.org/W2055060423
https://openalex.org/W2096075847
https://openalex.org/W2098801717
https://openalex.org/W2126574991
https://openalex.org/W2165796647
https://openalex.org/W2283564595
https://openalex.org/W2319360439
https://openalex.org/W2321231310
https://openalex.org/W2326958946
https://openalex.org/W2342851703
https://openalex.org/W2409517932
https://openalex.org/W2410010010
https://openalex.org/W2410794031
https://openalex.org/W2413123741
https://openalex.org/W2413417942
https://openalex.org/W2415656090
https://openalex.org/W2415921193
https://openalex.org/W2419261520
https://openalex.org/W2421310007
https://openalex.org/W2475413995
https://openalex.org/W2576944077
https://openalex.org/W2579989602
https://openalex.org/W2753620233
https://openalex.org/W2791290435
https://openalex.org/W2916649319
https://openalex.org/W2952132962
https://openalex.org/W2953864310
https://openalex.org/W3046600267
https://openalex.org/W4041133
https://openalex.org/W4210677496
https://openalex.org/W4241304620
https://openalex.org/W4246043962
https://openalex.org/W43547463
https://openalex.org/W50968219
https://openalex.org/W55947900
https://openalex.org/W62536775
https://openalex.org/W627777213
https://openalex.org/W67962701
https://openalex.org/W69268314
https://openalex.org/W825660
https://openalex.org/W829914544
https://openalex.org/W105513613
https://openalex.org/W123991865
https://openalex.org/W140446129
https://openalex.org/W1598689385
https://openalex.org/W162964779
https://openalex.org/W192044310
https://openalex.org/W199191697
https://openalex.org/W1993815211
https://openalex.org/W20085420
https://openalex.org/W2034356591
https://openalex.org/W204879977
https://openalex.org/W2055665957
https://openalex.org/W2068149771
https://openalex.org/W2070016856
https://openalex.org/W2092053082
https://openalex.org/W2127781105
https://openalex.org/W2172216789
https://openalex.org/W2185485060
https://openalex.org/W2189434631
https://openalex.org/W2230302464
https://openalex.org/W2244224018
https://openalex.org/W2257877175
https://openalex.org/W2271891007
https://openalex.org/W2288556353
https://openalex.org/W2297927384
https://openalex.org/W2310954201
https://openalex.org/W2311563928
https://openalex.org/W2326451172
https://openalex.org/W2327265815
https://openalex.org/W23393824
https://openalex.org/W2397639816
https://openalex.org/W2402106482
https://openalex.org/W2404474897
https://openalex.org/W2404562409
https://openalex.org/W2409954608
https://openalex.org/W2410363290
https://openalex.org/W2410811203
https://openalex.org/W2411059103
https://openalex.org/W2411357616
https://openalex.org/W2412907823
https://openalex.org/W2414643041
https://openalex.org/W2414778474
https://openalex.org/W2417793924
https://openalex.org/W2419455422
https://openalex.org/W2423618056
https://openalex.org/W2441693949
https://openalex.org/W2442516118
https://openalex.org/W2465446539
https://openalex.org/W2476001117
https://openalex.org/W2480478022
https://openalex.org/W2485070887
https://openalex.org/W2495939773
https://openalex.org/W2495939948
https://openalex.org/W2496997818
https://openalex.org/W2498160814
https://openalex.org/W250257910
https://openalex.org/W2502822788
https://openalex.org/W2502823318
https://openalex.org/W2503243855
https://openalex.org/W2514571467
https://openalex.org/W2537714975
https://openalex.org/W2570678759
https://openalex.org/W2886973348
https://openalex.org/W2894672166
https://openalex.org/W2993024661
https://openalex.org/W3034849019
https://openalex.org/W30409548
https://openalex.org/W386681732
https://openalex.org/W4212897775
https://openalex.org/W4231356510
https://openalex.org/W4237537422
https://openalex.org/W4238811431
https://openalex.org/W4242190582
https://openalex.org/W4243624025
https://openalex.org/W4246734373
https://openalex.org/W4248194006
https://openalex.org/W4249803079
https://openalex.org/W4255798477
https://openalex.org/W426483439
https://openalex.org/W4390567113
https://openalex.org/W47836267
https://openalex.org/W602802432
https://openalex.org/W67252569
https://openalex.org/W77266457
https://openalex.org/W83369793
https://openalex.org/W84933167
https://openalex.org/W88034976
https://openalex.org/W90360105
https://openalex.org/W953246775
